SubmitTime,StartTime,EndTime,QueuedTime,RunTime,NodesRequested,walltime,bslowdown
5,436,983,431,547,2,7200,1.78793418647
7,441,1010,434,569,2,7200,1.76274165202
21,446,993,425,547,2,7200,1.77696526508
36,463,1003,427,540,2,7200,1.79074074074
54,491,1018,437,527,2,7200,1.82922201139
68,498,1058,430,560,2,7200,1.76785714286
70,503,1040,433,537,2,7200,1.80633147114
71,515,1043,444,528,2,7200,1.84090909091
86,524,1074,438,550,2,7200,1.79636363636
87,531,1092,444,561,2,7200,1.79144385027
89,564,1113,475,549,2,7200,1.86520947177
231,571,1126,340,555,2,7200,1.61261261261
279,579,1131,300,552,2,7200,1.54347826087
387,586,1121,199,535,2,7200,1.37196261682
423,614,1148,191,534,2,7200,1.35767790262
425,622,1148,197,526,2,7200,1.37452471483
439,627,1155,188,528,2,7200,1.35606060606
454,637,1161,183,524,2,7200,1.34923664122
481,644,1200,163,556,2,7200,1.29316546763
483,652,1203,169,551,2,7200,1.30671506352
486,508,784,22,276,1,7200,1.07971014493
498,661,1192,163,531,2,7200,1.30696798493
499,668,1245,169,577,2,7200,1.29289428076
514,675,1229,161,554,2,7200,1.29061371841
528,810,1369,282,559,2,7200,1.50447227191
556,859,1386,303,527,2,7200,1.57495256167
557,962,1519,405,557,2,7200,1.72710951526
572,995,1527,423,532,2,7200,1.79511278195
586,1005,1541,419,536,2,7200,1.78171641791
604,1015,1579,411,564,2,7200,1.72872340426
619,1022,1548,403,526,2,7200,1.76615969582
621,1029,1570,408,541,2,7200,1.75415896488
635,1051,1585,416,534,2,7200,1.77902621723
637,1059,1626,422,567,2,7200,1.7442680776
652,1069,1651,417,582,2,7200,1.71649484536
653,1086,1643,433,557,2,7200,1.77737881508
655,1104,1654,449,550,2,7200,1.81636363636
670,1125,1705,455,580,2,7200,1.78448275862
799,1134,1704,335,570,2,7200,1.58771929825
851,1140,1712,289,572,2,7200,1.50524475524
900,906,1174,6,268,1,7200,1.0223880597
953,1148,1695,195,547,2,7200,1.35648994516
986,1160,1709,174,549,2,7200,1.31693989071
1001,1165,1711,164,546,2,7200,1.30036630037
1016,1171,1714,155,543,2,7200,1.28545119705
1017,1179,1744,162,565,2,7200,1.28672566372
1032,1204,1753,172,549,2,7200,1.31329690346
1047,1211,1778,164,567,2,7200,1.28924162257
1048,1219,1771,171,552,2,7200,1.3097826087
1063,1242,1809,179,567,2,7200,1.31569664903
1078,1257,1808,179,551,2,7200,1.32486388385
1093,1380,1906,287,526,2,7200,1.54562737643
1114,1398,1925,284,527,2,7200,1.53889943074
1129,1531,2096,402,565,2,7200,1.71150442478
1130,1540,2079,410,539,2,7200,1.76066790353
1145,1552,2098,407,546,2,7200,1.74542124542
1160,1559,2072,399,513,2,7200,1.77777777778
1162,1581,2118,419,537,2,7200,1.78026070764
1163,1592,2166,429,574,2,7200,1.74738675958
1178,1598,2143,420,545,2,7200,1.77064220183
1193,1637,2185,444,548,2,7200,1.8102189781
1208,1656,2229,448,573,2,7200,1.78184991274
1209,1662,2209,453,547,2,7200,1.8281535649
1230,1670,2213,440,543,2,7200,1.81031307551
1248,1707,2240,459,533,2,7200,1.86116322702
1372,1716,2260,344,544,2,7200,1.63235294118
1386,1722,2276,336,554,2,7200,1.60649819495
1522,1728,2294,206,566,2,7200,1.36395759717
1537,1733,2274,196,541,2,7200,1.36229205176
1552,1740,2255,188,515,2,7200,1.36504854369
1553,1745,2326,192,581,2,7200,1.33046471601
1571,1755,2290,184,535,2,7200,1.34392523364
1586,1765,2319,179,554,2,7200,1.32310469314
1587,1784,2357,197,573,2,7200,1.34380453752
1626,1791,2343,165,552,2,7200,1.29891304348
1644,1820,2369,176,549,2,7200,1.32058287796
1659,1827,2370,168,543,2,7200,1.30939226519
1660,1918,2456,258,538,2,7200,1.47955390335
1696,1938,2476,242,538,2,7200,1.44981412639
1712,2084,2632,372,548,2,7200,1.67883211679
1713,2092,2644,379,552,2,7200,1.6865942029
1715,2108,2650,393,542,2,7200,1.72509225092
1716,2115,2657,399,542,2,7200,1.73616236162
1718,2130,2677,412,547,2,7200,1.75319926874
1732,2155,2725,423,570,2,7200,1.74210526316
1747,2178,2694,431,516,2,7200,1.83527131783
1762,2197,2707,435,510,2,7200,1.85294117647
1777,2221,2763,444,542,2,7200,1.81918819188
1792,2228,2789,436,561,2,7200,1.77718360071
1810,2241,2789,431,548,2,7200,1.78649635036
1812,2252,2790,440,538,2,7200,1.81784386617
1908,2267,2818,359,551,2,7200,1.65154264973
1926,2274,2810,348,536,2,7200,1.64925373134
2074,2285,2819,211,534,2,7200,1.39513108614
2089,2292,2844,203,552,2,7200,1.36775362319
2103,2302,2850,199,548,2,7200,1.36313868613
2105,2308,2831,203,523,2,7200,1.38814531549
2120,2331,2888,211,557,2,7200,1.37881508079
2144,2338,2895,194,557,2,7200,1.34829443447
2168,2355,2902,187,547,2,7200,1.34186471664
2189,2369,2931,180,562,2,7200,1.32028469751
2209,2380,2932,171,552,2,7200,1.3097826087
2224,2387,2935,163,548,2,7200,1.29744525547
2239,2468,3003,229,535,2,7200,1.42803738318
2254,2488,3046,234,558,2,7200,1.41935483871
2269,2644,3164,375,520,2,7200,1.72115384615
2271,2655,3198,384,543,2,7200,1.70718232044
2286,2662,3205,376,543,2,7200,1.69244935543
2287,2668,3234,381,566,2,7200,1.67314487633
2302,2688,3259,386,571,2,7200,1.67600700525
2304,2706,3266,402,560,2,7200,1.71785714286
2321,2718,3261,397,543,2,7200,1.73112338858
2336,2736,3274,400,538,2,7200,1.74349442379
2351,2775,3313,424,538,2,7200,1.78810408922
2366,2801,3336,435,535,2,7200,1.81308411215
2381,2806,3386,425,580,2,7200,1.73275862069
2382,2812,3354,430,542,2,7200,1.79335793358
2418,2425,3288,7,863,1,7200,1.00811123986
2458,2822,3366,364,544,2,7200,1.66911764706
2479,2830,3376,351,546,2,7200,1.64285714286
2632,2836,3405,204,569,2,7200,1.35852372583
2647,2844,3382,197,538,2,7200,1.36617100372
2662,2856,3420,194,564,2,7200,1.34397163121
2663,2864,3377,201,513,2,7200,1.3918128655
2678,2900,3454,222,554,2,7200,1.40072202166
2696,2907,3476,211,569,2,7200,1.37082601054
2711,2915,3454,204,539,2,7200,1.37847866419
2726,2943,3496,217,553,2,7200,1.39240506329
2765,2950,3475,185,525,2,7200,1.35238095238
2792,2955,3500,163,545,2,7200,1.29908256881
2793,3015,3583,222,568,2,7200,1.39084507042
2795,3058,3620,263,562,2,7200,1.46797153025
2812,3176,3715,364,539,2,7200,1.67532467532
2827,3210,3777,383,567,2,7200,1.67548500882
2829,3216,3778,387,562,2,7200,1.68861209964
2844,3245,3789,401,544,2,7200,1.73713235294
2859,3271,3831,412,560,2,7200,1.73571428571
2860,3277,3831,417,554,2,7200,1.75270758123
2890,3283,3812,393,529,2,7200,1.74291115312
2905,3290,3855,385,565,2,7200,1.6814159292
2907,3325,3877,418,552,2,7200,1.75724637681
2934,3348,3895,414,547,2,7200,1.75685557587
2935,3365,3928,430,563,2,7200,1.76376554174
2950,3378,3941,428,563,2,7200,1.76021314387
3004,3388,3955,384,567,2,7200,1.67724867725
3046,3393,3962,347,569,2,7200,1.60984182777
3164,3400,3942,236,542,2,7200,1.43542435424
3200,3405,3947,205,542,2,7200,1.37822878229
3215,3418,3974,203,556,2,7200,1.36510791367
3235,3433,3967,198,534,2,7200,1.37078651685
3259,3466,4013,207,547,2,7200,1.37842778793
3275,3471,4017,196,546,2,7200,1.35897435897
3276,3487,4027,211,540,2,7200,1.39074074074
3277,3494,4046,217,552,2,7200,1.39311594203
3313,3507,4047,194,540,2,7200,1.35925925926
3337,3514,4064,177,550,2,7200,1.32181818182
3355,3595,4138,240,543,2,7200,1.44198895028
3370,3631,4197,261,566,2,7200,1.46113074205
3385,3644,4211,259,567,2,7200,1.45679012346
3386,3727,4279,341,552,2,7200,1.61775362319
3388,3788,4348,400,560,2,7200,1.71428571429
3403,3795,4343,392,548,2,7200,1.71532846715
3417,3802,4357,385,555,2,7200,1.69369369369
3432,3824,4391,392,567,2,7200,1.69135802469
3456,3843,4395,387,552,2,7200,1.70108695652
3458,3848,4415,390,567,2,7200,1.68783068783
3464,3478,4278,14,800,1,7200,1.0175
3476,3866,4405,390,539,2,7200,1.72356215213
3477,3889,4433,412,544,2,7200,1.75735294118
3498,3907,4443,409,536,2,7200,1.76305970149
3513,3940,4499,427,559,2,7200,1.76386404293
3585,3953,4442,368,489,2,7200,1.75255623722
3621,3959,4511,338,552,2,7200,1.61231884058
3718,3965,4505,247,540,2,7200,1.45740740741
3778,3972,4517,194,545,2,7200,1.35596330275
3779,3978,4526,199,548,2,7200,1.36313868613
3794,3983,4548,189,565,2,7200,1.33451327434
3815,3989,4558,174,569,2,7200,1.30579964851
3833,4025,4558,192,533,2,7200,1.36022514071
3835,4032,4570,197,538,2,7200,1.36617100372
3856,4038,4598,182,560,2,7200,1.325
3879,4058,4612,179,554,2,7200,1.32310469314
3897,4064,4606,167,542,2,7200,1.30811808118
3930,4076,4644,146,568,2,7200,1.25704225352
3945,4150,4707,205,557,2,7200,1.36804308797
3947,4209,4753,262,544,2,7200,1.48161764706
3962,4222,4765,260,543,2,7200,1.4788213628
3963,4290,4836,327,546,2,7200,1.5989010989
3965,4355,4900,390,545,2,7200,1.71559633028
3980,4363,4911,383,548,2,7200,1.69890510949
3981,4369,4932,388,563,2,7200,1.6891651865
4015,4403,4967,388,564,2,7200,1.68794326241
4030,4410,4964,380,554,2,7200,1.68592057762
4031,4417,4968,386,551,2,7200,1.70054446461
4049,4428,4971,379,543,2,7200,1.69797421731
4050,4445,5021,395,576,2,7200,1.68576388889
4065,4454,5000,389,546,2,7200,1.71245421245
4140,4461,5000,321,539,2,7200,1.59554730983
4198,4511,5057,313,546,2,7200,1.57326007326
4212,4518,5059,306,541,2,7200,1.56561922366
4282,4525,5091,243,566,2,7200,1.42932862191
4345,4531,5075,186,544,2,7200,1.34191176471
4360,4538,5092,178,554,2,7200,1.32129963899
4361,4559,5134,198,575,2,7200,1.34434782609
4391,4569,5130,178,561,2,7200,1.31729055258
4406,4575,5141,169,566,2,7200,1.29858657244
4407,4581,5107,174,526,2,7200,1.33079847909
4422,4609,5136,187,527,2,7200,1.35483870968
4437,4619,5163,182,544,2,7200,1.33455882353
4452,4625,5192,173,567,2,7200,1.30511463845
4453,4655,5219,202,564,2,7200,1.35815602837
4498,4720,5288,222,568,2,7200,1.39084507042
4513,4764,5326,251,562,2,7200,1.44661921708
4515,4776,5327,261,551,2,7200,1.47368421053
4529,4848,5398,319,550,2,7200,1.58
4531,4913,5474,382,561,2,7200,1.68092691622
4549,4923,5438,374,515,2,7200,1.72621359223
4564,4943,5467,379,524,2,7200,1.72328244275
4565,4975,5537,410,562,2,7200,1.72953736655
4580,4983,5553,403,570,2,7200,1.70701754386
4601,4988,5534,387,546,2,7200,1.70879120879
4616,4993,5532,377,539,2,7200,1.69944341373
4617,5011,5558,394,547,2,7200,1.72029250457
4644,5016,5579,372,563,2,7200,1.66074600355
4710,5032,5602,322,570,2,7200,1.5649122807
4755,5069,5581,314,512,2,7200,1.61328125
4770,5075,5607,305,532,2,7200,1.57330827068
4836,5087,5659,251,572,2,7200,1.43881118881
4902,5102,5669,200,567,2,7200,1.35273368607
4917,5109,5683,192,574,2,7200,1.33449477352
4935,5119,5676,184,557,2,7200,1.33034111311
4965,5143,5681,178,538,2,7200,1.33085501859
4980,5150,5709,170,559,2,7200,1.30411449016
4981,5155,5701,174,546,2,7200,1.31868131868
4983,5161,5726,178,565,2,7200,1.31504424779
5001,5175,5711,174,536,2,7200,1.32462686567
5002,5203,5784,201,581,2,7200,1.34595524957
5023,5231,5766,208,535,2,7200,1.38878504673
5059,5299,5849,240,550,2,7200,1.43636363636
5060,5337,5905,277,568,2,7200,1.48767605634
5078,5345,5904,267,559,2,7200,1.47763864043
5093,5410,5949,317,539,2,7200,1.58812615955
5095,5450,5975,355,525,2,7200,1.67619047619
5109,5479,6013,370,534,2,7200,1.69288389513
5127,5487,6030,360,543,2,7200,1.66298342541
5142,5545,6111,403,566,2,7200,1.71201413428
5144,5552,6102,408,550,2,7200,1.74181818182
5145,5557,6121,412,564,2,7200,1.7304964539
5163,5565,6109,402,544,2,7200,1.73897058824
5193,5572,6137,379,565,2,7200,1.67079646018
5220,5591,6122,371,531,2,7200,1.69868173258
5289,5598,6164,309,566,2,7200,1.54593639576
5328,5614,6173,286,559,2,7200,1.51162790698
5330,5621,6177,291,556,2,7200,1.52338129496
5399,5671,6206,272,535,2,7200,1.50841121495
5438,5681,6226,243,545,2,7200,1.44587155963
5468,5687,6223,219,536,2,7200,1.40858208955
5483,5694,6259,211,565,2,7200,1.37345132743
5535,5701,6209,166,508,2,7200,1.32677165354
5536,5713,6288,177,575,2,7200,1.30782608696
5551,5722,6275,171,553,2,7200,1.30922242315
5566,5729,6241,163,512,2,7200,1.318359375
5568,5738,6296,170,558,2,7200,1.30465949821
5582,5779,6350,197,571,2,7200,1.34500875657
5584,5796,6343,212,547,2,7200,1.38756855576
5605,5861,6413,256,552,2,7200,1.46376811594
5619,5917,6482,298,565,2,7200,1.52743362832
5662,5922,6469,260,547,2,7200,1.47531992687
5677,5961,6484,284,523,2,7200,1.5430210325
5678,5988,6557,310,569,2,7200,1.54481546573
5693,6025,6573,332,548,2,7200,1.60583941606
5694,6042,6604,348,562,2,7200,1.61921708185
5709,6114,6645,405,531,2,7200,1.76271186441
5724,6121,6640,397,519,2,7200,1.76493256262
5726,6128,6683,402,555,2,7200,1.72432432432
5741,6135,6677,394,542,2,7200,1.72693726937
5768,6140,6698,372,558,2,7200,1.66666666667
5785,6149,6707,364,558,2,7200,1.6523297491
5852,6176,6709,324,533,2,7200,1.60787992495
5906,6186,6698,280,512,2,7200,1.546875
5908,6193,6730,285,537,2,7200,1.53072625698
5950,6218,6757,268,539,2,7200,1.49721706865
5977,6225,6780,248,555,2,7200,1.44684684685
6016,6235,6775,219,540,2,7200,1.40555555556
6034,6242,6803,208,561,2,7200,1.37076648841
6103,6253,6769,150,516,2,7200,1.29069767442
6118,6271,6818,153,547,2,7200,1.27970749543
6119,6287,6842,168,555,2,7200,1.3027027027
6134,6300,6835,166,535,2,7200,1.31028037383
6135,6353,6916,218,563,2,7200,1.38721136767
6150,6360,6935,210,575,2,7200,1.3652173913
6165,6367,6927,202,560,2,7200,1.36071428571
6180,6426,6971,246,545,2,7200,1.45137614679
6182,6481,7022,299,541,2,7200,1.55268022181
6209,6494,7060,285,566,2,7200,1.5035335689
6224,6500,7052,276,552,2,7200,1.5
6225,6568,7109,343,541,2,7200,1.63401109057
6240,6586,7132,346,546,2,7200,1.6336996337
6255,6616,7177,361,561,2,7200,1.64349376114
6270,6652,7202,382,550,2,7200,1.69454545455
6284,6658,7227,374,569,2,7200,1.65729349736
6299,6689,7242,390,553,2,7200,1.70524412297
6301,6696,7268,395,572,2,7200,1.69055944056
6346,6709,7271,363,562,2,7200,1.64590747331
6361,6714,7265,353,551,2,7200,1.64065335753
6415,6721,7255,306,534,2,7200,1.57303370787
6469,6726,7281,257,555,2,7200,1.46306306306
6484,6741,7295,257,554,2,7200,1.46389891697
6486,6768,7347,282,579,2,7200,1.48704663212
6558,6781,7328,223,547,2,7200,1.40767824497
6576,6789,7359,213,570,2,7200,1.37368421053
6606,6795,7361,189,566,2,7200,1.33392226148
6642,6814,7398,172,584,2,7200,1.29452054795
6657,6830,7377,173,547,2,7200,1.31627056673
6677,6847,7414,170,567,2,7200,1.29982363316
6692,6854,7391,162,537,2,7200,1.30167597765
6707,6928,7476,221,548,2,7200,1.40328467153
6708,6938,7497,230,559,2,7200,1.4114490161
6710,6947,7502,237,555,2,7200,1.42702702703
6725,6983,7523,258,540,2,7200,1.47777777778
6740,7034,7585,294,551,2,7200,1.5335753176
6757,7065,7627,308,562,2,7200,1.54804270463
6772,7072,7629,300,557,2,7200,1.53859964093
6787,7122,7687,335,565,2,7200,1.59292035398
6788,7144,7691,356,547,2,7200,1.6508226691
6803,7189,7773,386,584,2,7200,1.66095890411
6818,7214,7762,396,548,2,7200,1.72262773723
6836,7238,7787,402,549,2,7200,1.73224043716
6851,7255,7821,404,566,2,7200,1.71378091873
6917,7268,7792,351,524,2,7200,1.66984732824
6932,7277,7840,345,563,2,7200,1.61278863233
6947,7283,7813,336,530,2,7200,1.63396226415
6974,7289,7807,315,518,2,7200,1.60810810811
7025,7295,7849,270,554,2,7200,1.48736462094
7055,7308,7867,253,559,2,7200,1.45259391771
7069,7340,7891,271,551,2,7200,1.49183303085
7111,7360,7902,249,542,2,7200,1.4594095941
7135,7371,7890,236,519,2,7200,1.45472061657
7177,7378,7918,201,540,2,7200,1.37222222222
7204,7389,7941,185,552,2,7200,1.33514492754
7231,7402,7878,171,476,2,7200,1.35924369748
7246,7409,7963,163,554,2,7200,1.29422382671
7262,7425,7995,163,570,2,7200,1.28596491228
7277,7487,8039,210,552,2,7200,1.38043478261
7279,7509,8066,230,557,2,7200,1.41292639138
7280,7515,8063,235,548,2,7200,1.42883211679
7295,7534,8096,239,562,2,7200,1.42526690391
7310,7597,8150,287,553,2,7200,1.51898734177
7331,7638,8190,307,552,2,7200,1.55615942029
7349,7644,8157,295,513,2,7200,1.57504873294
7364,7699,8242,335,543,2,7200,1.61694290976
7365,7706,8242,341,536,2,7200,1.63619402985
7380,7773,8326,393,553,2,7200,1.71066907776
7397,7785,8348,388,563,2,7200,1.6891651865
7411,7799,8358,388,559,2,7200,1.69409660107
7426,7806,8353,380,547,2,7200,1.69469835466
7477,7819,8366,342,547,2,7200,1.6252285192
7498,7826,8388,328,562,2,7200,1.58362989324
7513,7833,8391,320,558,2,7200,1.57347670251
7528,7852,8395,324,543,2,7200,1.59668508287
7585,7861,8403,276,542,2,7200,1.50922509225
7630,7878,8390,248,512,2,7200,1.484375
7632,7890,8440,258,550,2,7200,1.46909090909
7689,7905,8447,216,542,2,7200,1.39852398524
7704,7910,8486,206,576,2,7200,1.35763888889
7764,7917,8457,153,540,2,7200,1.28333333333
7779,7930,8498,151,568,2,7200,1.26584507042
7795,7953,8523,158,570,2,7200,1.27719298246
7796,7975,8545,179,570,2,7200,1.31403508772
7811,8006,8576,195,570,2,7200,1.34210526316
7826,8050,8587,224,537,2,7200,1.41713221601
7827,8074,8625,247,551,2,7200,1.44827586207
7842,8081,8609,239,528,2,7200,1.45265151515
7857,8109,8675,252,566,2,7200,1.44522968198
7872,8162,8744,290,582,2,7200,1.49828178694
7887,8169,8715,282,546,2,7200,1.51648351648
7892,7898,7905,6,7,1,3600,1.3
7902,8202,8740,300,538,2,7200,1.55762081784
7903,8254,8830,351,576,2,7200,1.609375
7905,8259,8813,354,554,2,7200,1.63898916968
7919,8338,8879,419,541,2,7200,1.77449168207
7943,8359,8859,416,500,2,7200,1.832
7964,8366,8934,402,568,2,7200,1.70774647887
7997,8372,8914,375,542,2,7200,1.69188191882
8011,8017,8133,6,116,1,3600,1.05172413793
8039,8380,8949,341,569,2,7200,1.5992970123
8066,8400,8966,334,566,2,7200,1.59010600707
8068,8406,8962,338,556,2,7200,1.60791366906
8098,8412,8981,314,569,2,7200,1.55184534271
8154,8417,8979,263,562,2,7200,1.46797153025
8168,8424,8991,256,567,2,7200,1.45149911817
8192,8452,9018,260,566,2,7200,1.4593639576
8244,8459,9007,215,548,2,7200,1.39233576642
8245,8470,9031,225,561,2,7200,1.40106951872
8269,8275,8683,6,408,1,3600,1.01470588235
8331,8497,9063,166,566,2,7200,1.29328621908
8349,8510,9055,161,545,2,7200,1.29541284404
8364,8535,9097,171,562,2,7200,1.30427046263
8365,8557,9120,192,563,2,7200,1.34103019538
8380,8588,9161,208,573,2,7200,1.3630017452
8396,8598,9133,202,535,2,7200,1.37757009346
8397,8622,9188,225,566,2,7200,1.39752650177
8399,8637,9186,238,549,2,7200,1.4335154827
8400,8688,9220,288,532,2,7200,1.54135338346
8415,8728,9304,313,576,2,7200,1.54340277778
8442,8752,9303,310,551,2,7200,1.56261343013
8457,8758,9321,301,563,2,7200,1.53463587922
8472,8824,9351,352,527,2,7200,1.6679316888
8487,8842,9383,355,541,2,7200,1.6561922366
8502,8870,9406,368,536,2,7200,1.68656716418
8526,8891,9441,365,550,2,7200,1.66363636364
8547,8925,9483,378,558,2,7200,1.67741935484
8576,8945,9504,369,559,2,7200,1.66010733453
8591,8960,9488,369,528,2,7200,1.69886363636
8612,8974,9486,362,512,2,7200,1.70703125
8627,8981,9530,354,549,2,7200,1.64480874317
8678,8990,9550,312,560,2,7200,1.55714285714
8719,8997,9546,278,549,2,7200,1.50637522769
8743,9004,9532,261,528,2,7200,1.49431818182
8758,9018,9580,260,562,2,7200,1.46263345196
8816,9030,9601,214,571,2,7200,1.37478108581
8831,9043,9589,212,546,2,7200,1.38827838828
8861,9067,9630,206,563,2,7200,1.36589698046
8882,9076,9599,194,523,2,7200,1.37093690249
8885,8896,8903,11,7,1,1800,1.8
8915,9109,9657,194,548,2,7200,1.35401459854
8936,9132,9672,196,540,2,7200,1.36296296296
8950,9146,9685,196,539,2,7200,1.36363636364
8954,8966,9627,12,661,1,3600,1.01815431165
8965,9173,9709,208,536,2,7200,1.38805970149
8980,9198,9758,218,560,2,7200,1.38928571429
8981,9205,9773,224,568,2,7200,1.39436619718
8996,9232,9792,236,560,2,7200,1.42142857143
8997,9315,9859,318,544,2,7200,1.58455882353
9012,9322,9877,310,555,2,7200,1.55855855856
9027,9333,9908,306,575,2,7200,1.53217391304
9042,9363,9904,321,541,2,7200,1.59334565619
9057,9395,9942,338,547,2,7200,1.61791590494
9062,9637,9716,575,79,1,1800,8.27848101266
9071,9418,9988,347,570,2,7200,1.60877192982
9098,9453,10023,355,570,2,7200,1.62280701754
9123,9495,10055,372,560,2,7200,1.66428571429
9137,9502,10067,365,565,2,7200,1.64601769912
9161,9507,10067,346,560,2,7200,1.61785714286
9188,9516,10021,328,505,2,7200,1.6495049505
9190,9542,10102,352,560,2,7200,1.62857142857
9223,9549,10101,326,552,2,7200,1.59057971014
9305,9558,10137,253,579,2,7200,1.43696027634
9306,9565,10099,259,534,2,7200,1.48501872659
9321,9592,10158,271,566,2,7200,1.47879858657
9354,9600,10162,246,562,2,7200,1.43772241993
9384,9612,10165,228,553,2,7200,1.4122965642
9408,9619,10174,211,555,2,7200,1.38018018018
9441,9644,10186,203,542,2,7200,1.37453874539
9483,9669,10226,186,557,2,7200,1.33393177738
9498,9684,10245,186,561,2,7200,1.33155080214
9500,9697,10256,197,559,2,7200,1.35241502683
9515,9721,10271,206,550,2,7200,1.37454545455
9533,9771,10322,238,551,2,7200,1.43194192377
9534,9786,10354,252,568,2,7200,1.44366197183
9549,9805,10377,256,572,2,7200,1.44755244755
9564,9871,10434,307,563,2,7200,1.54529307282
9582,9889,10459,307,570,2,7200,1.53859649123
9597,9916,10478,319,562,2,7200,1.56761565836
9612,9923,10493,311,570,2,7200,1.54561403509
9613,9954,10521,341,567,2,7200,1.60141093474
9631,10000,10511,369,511,2,7200,1.72211350294
9659,10032,10554,373,522,2,7200,1.71455938697
9673,10040,10600,367,560,2,7200,1.65535714286
9688,10067,10609,379,542,2,7200,1.69926199262
9710,10079,10630,369,551,2,7200,1.66969147005
9762,10084,10633,322,549,2,7200,1.58652094718
9777,10112,10650,335,538,2,7200,1.62267657993
9795,10118,10684,323,566,2,7200,1.57067137809
9861,10124,10683,263,559,2,7200,1.47048300537
9879,10150,10707,271,557,2,7200,1.48653500898
9906,10169,10734,263,565,2,7200,1.46548672566
9921,10176,10746,255,570,2,7200,1.44736842105
9945,10181,10731,236,550,2,7200,1.42909090909
9947,9959,10050,12,91,1,1800,1.13186813187
9990,10187,10734,197,547,2,7200,1.36014625229
10023,10198,10760,175,562,2,7200,1.31138790036
10024,10237,10718,213,481,2,7200,1.44282744283
10058,10257,10814,199,557,2,7200,1.35727109515
10073,10268,10828,195,560,2,7200,1.34821428571
10075,10282,10819,207,537,2,7200,1.38547486034
10102,10334,10880,232,546,2,7200,1.42490842491
10103,10365,10926,262,561,2,7200,1.46702317291
10118,10390,10940,272,550,2,7200,1.49454545455
10139,10447,11009,308,562,2,7200,1.54804270463
10160,10472,11011,312,539,2,7200,1.57884972171
10175,10489,11027,314,538,2,7200,1.58364312268
10176,10505,11029,329,524,2,7200,1.62786259542
10177,10523,11087,346,564,2,7200,1.6134751773
10193,10533,11087,340,554,2,7200,1.61371841155
10224,10230,10236,6,6,1,3600,1.2
10226,10566,11086,340,520,2,7200,1.65384615385
10247,10612,11188,365,576,2,7200,1.63368055556
10261,10621,11188,360,567,2,7200,1.63492063492
10276,10643,11194,367,551,2,7200,1.66606170599
10324,10650,11212,326,562,2,7200,1.58007117438
10345,10352,10531,7,179,1,3600,1.03910614525
10357,10662,11225,305,563,2,7200,1.54174067496
10378,10694,11263,316,569,2,7200,1.5553602812
10435,10700,11263,265,563,2,7200,1.47069271758
10462,10718,11284,256,566,2,7200,1.45229681979
10480,10729,11304,249,575,2,7200,1.43304347826
10495,10743,11293,248,550,2,7200,1.45090909091
10513,10750,11311,237,561,2,7200,1.42245989305
10527,10755,11310,228,555,2,7200,1.41081081081
10558,10761,11263,203,502,2,7200,1.40438247012
10603,10772,11330,169,558,2,7200,1.30286738351
10618,10826,11335,208,509,2,7200,1.40864440079
10618,10628,11021,10,393,1,1800,1.02544529262
10632,10833,11393,201,560,2,7200,1.35892857143
10647,10839,11395,192,556,2,7200,1.34532374101
10662,10892,11438,230,546,2,7200,1.42124542125
10666,11032,11526,366,494,1,3600,1.74089068826
10686,10937,11478,251,541,2,7200,1.46395563771
10687,10951,11498,264,547,2,7200,1.48263254113
10708,11021,11559,313,538,2,7200,1.58178438662
10723,11027,11532,304,505,2,7200,1.60198019802
10738,11040,11602,302,562,2,7200,1.53736654804
10740,11046,11612,306,566,2,7200,1.5406360424
10741,11098,11636,357,538,2,7200,1.66356877323
10756,11105,11669,349,564,2,7200,1.61879432624
10771,11110,11672,339,562,2,7200,1.60320284698
10816,11197,11761,381,564,2,7200,1.67553191489
10831,11202,11761,371,559,2,7200,1.66368515206
10832,11208,11779,376,571,2,7200,1.6584938704
10880,11213,11786,333,573,2,7200,1.58115183246
10929,11220,11785,291,565,2,7200,1.51504424779
10944,11225,11756,281,531,2,7200,1.52919020716
11010,11231,11777,221,546,2,7200,1.40476190476
11025,11237,11719,212,482,2,7200,1.4398340249
11041,11243,11791,202,548,2,7200,1.36861313869
11042,11275,11825,233,550,2,7200,1.42363636364
11088,11280,11821,192,541,2,7200,1.35489833641
11090,11285,11853,195,568,2,7200,1.34330985915
11091,11295,11849,204,554,2,7200,1.36823104693
11188,11305,11870,117,565,2,7200,1.20707964602
11203,11316,11854,113,538,2,7200,1.21003717472
11204,11322,11868,118,546,2,7200,1.21611721612
11220,11328,11864,108,536,2,7200,1.20149253731
11234,11341,11896,107,555,2,7200,1.19279279279
11265,11349,11886,84,537,2,7200,1.15642458101
11266,11404,11945,138,541,2,7200,1.2550831793
11267,11412,11954,145,542,2,7200,1.26752767528
11285,11450,12005,165,555,2,7200,1.2972972973
11300,11490,12048,190,558,2,7200,1.34050179211
11315,11510,12054,195,544,2,7200,1.35845588235
11316,11544,12099,228,555,2,7200,1.41081081081
11318,11571,12144,253,573,2,7200,1.44153577661
11332,11614,12170,282,556,2,7200,1.5071942446
11347,11623,12168,276,545,2,7200,1.50642201835
11395,11647,12186,252,539,2,7200,1.46753246753
11397,11681,12240,284,559,2,7200,1.50805008945
11439,11688,12239,249,551,2,7200,1.45190562613
11478,11732,12303,254,571,2,7200,1.44483362522
11499,11769,12347,270,578,2,7200,1.46712802768
11536,11776,12322,240,546,2,7200,1.43956043956
11560,11781,12351,221,570,2,7200,1.38771929825
11605,11788,12330,183,542,2,7200,1.33763837638
11619,11796,12349,177,553,2,7200,1.32007233273
11637,11802,12370,165,568,2,7200,1.29049295775
11671,11807,12381,136,574,2,7200,1.23693379791
11686,11813,12391,127,578,2,7200,1.21972318339
11722,11833,12381,111,548,2,7200,1.20255474453
11755,11762,11768,7,6,1,1800,1.3
11758,11839,12372,81,533,2,7200,1.15196998124
11773,11860,12398,87,538,2,7200,1.16171003717
11774,11868,12396,94,528,2,7200,1.17803030303
11789,11873,12391,84,518,2,7200,1.16216216216
11791,11880,12440,89,560,2,7200,1.15892857143
11792,11885,12442,93,557,2,7200,1.16696588869
11793,11892,12452,99,560,2,7200,1.17678571429
11808,11899,12420,91,521,2,7200,1.17466410749
11817,11824,12299,7,475,1,3600,1.01473684211
11823,11908,12468,85,560,2,7200,1.15178571429
11829,12309,12446,480,137,1,3600,4.50364963504
11838,11957,12523,119,566,2,7200,1.21024734982
11852,11967,12513,115,546,2,7200,1.21062271062
11854,12017,12570,163,553,2,7200,1.29475587703
11870,12061,12617,191,556,2,7200,1.34352517986
11871,12067,12607,196,540,2,7200,1.36296296296
11872,12111,12668,239,557,2,7200,1.42908438061
11874,12156,12704,282,548,2,7200,1.51459854015
11889,12179,12706,290,527,2,7200,1.55028462998
11903,12186,12754,283,568,2,7200,1.49823943662
11923,12464,12524,541,60,1,1800,10.0166666667
11945,12197,12719,252,522,2,7200,1.48275862069
11960,12251,12788,291,537,2,7200,1.54189944134
12006,12257,12781,251,524,2,7200,1.47900763359
12051,12315,12856,264,541,2,7200,1.48798521257
12066,12333,12901,267,568,2,7200,1.47007042254
12102,12342,12885,240,543,2,7200,1.44198895028
12147,12360,12881,213,521,2,7200,1.40882917466
12171,12367,12925,196,558,2,7200,1.35125448029
12172,12372,12922,200,550,2,7200,1.36363636364
12187,12382,12932,195,550,2,7200,1.35454545455
12241,12389,12934,148,545,2,7200,1.27155963303
12243,12396,12953,153,557,2,7200,1.27468581688
12306,12401,12966,95,565,2,7200,1.16814159292
12324,12408,12971,84,563,2,7200,1.14920071048
12339,12413,12953,74,540,2,7200,1.13703703704
12355,12418,12970,63,552,2,7200,1.11413043478
12356,12426,12989,70,563,2,7200,1.1243339254
12358,12432,13015,74,583,2,7200,1.1269296741
12373,12452,12991,79,539,2,7200,1.146567718
12374,12459,13011,85,552,2,7200,1.15398550725
12390,12471,13023,81,552,2,7200,1.14673913043
12391,12480,12972,89,492,2,7200,1.18089430894
12407,12525,13079,118,554,2,7200,1.21299638989
12408,12534,13086,126,552,2,7200,1.22826086957
12410,12582,13125,172,543,2,7200,1.3167587477
12411,12619,13154,208,535,2,7200,1.38878504673
12426,12629,13189,203,560,2,7200,1.3625
12441,12679,13231,238,552,2,7200,1.43115942029
12456,12716,13270,260,554,2,7200,1.46931407942
12457,12723,13268,266,545,2,7200,1.4880733945
12472,12730,13255,258,525,2,7200,1.49142857143
12514,12766,13317,252,551,2,7200,1.45735027223
12530,12794,13342,264,548,2,7200,1.48175182482
12572,12801,13363,229,562,2,7200,1.40747330961
12601,12608,12876,7,268,1,3600,1.02611940299
12608,12868,13419,260,551,2,7200,1.47186932849
12623,12892,13461,269,569,2,7200,1.47275922671
12671,12900,13425,229,525,2,7200,1.43619047619
12708,12913,13462,205,549,2,7200,1.37340619308
12709,12935,13465,226,530,2,7200,1.42641509434
12724,12942,13487,218,545,2,7200,1.4
12757,12949,13502,192,553,2,7200,1.34719710669
12776,12886,12998,110,112,1,1800,1.98214285714
12784,12954,13508,170,554,2,7200,1.30685920578
12799,12965,13528,166,563,2,7200,1.29484902309
12856,12970,13517,114,547,2,7200,1.2084095064
12884,12978,13555,94,577,2,7200,1.16291161179
12899,12985,13548,86,563,2,7200,1.15275310835
12913,12990,13543,77,553,2,7200,1.13924050633
12929,12996,13569,67,573,2,7200,1.11692844677
12930,13002,13546,72,544,2,7200,1.13235294118
12945,13008,13578,63,570,2,7200,1.11052631579
12947,13023,13560,76,537,2,7200,1.14152700186
12961,13030,13595,69,565,2,7200,1.12212389381
12963,13037,13581,74,544,2,7200,1.13602941176
12978,13091,13678,113,587,2,7200,1.19250425894
12980,13097,13626,117,529,2,7200,1.22117202268
12981,13137,13696,156,559,2,7200,1.27906976744
12983,13167,13706,184,539,2,7200,1.3413729128
12998,13201,13749,203,548,2,7200,1.3704379562
12999,13243,13788,244,545,2,7200,1.44770642202
13016,13267,13800,251,533,2,7200,1.47091932458
13018,13280,13797,262,517,2,7200,1.50676982592
13033,13287,13847,254,560,2,7200,1.45357142857
13081,13329,13849,248,520,2,7200,1.47692307692
13096,13354,13911,258,557,2,7200,1.4631956912
13126,13375,13930,249,555,2,7200,1.44864864865
13132,13143,13724,11,581,1,3600,1.01893287435
13157,13431,14001,274,570,2,7200,1.48070175439
13190,13438,14000,248,562,2,7200,1.44128113879
13232,13473,14040,241,567,2,7200,1.42504409171
13256,13480,14050,224,570,2,7200,1.39298245614
13272,13485,14055,213,570,2,7200,1.37368421053
13273,13499,14048,226,549,2,7200,1.4116575592
13318,13514,14082,196,568,2,7200,1.34507042254
13342,13521,14076,179,555,2,7200,1.32252252252
13366,13529,14090,163,561,2,7200,1.29055258467
13420,13540,14082,120,542,2,7200,1.22140221402
13435,13555,14114,120,559,2,7200,1.21466905188
13463,13562,14108,99,546,2,7200,1.18131868132
13464,13567,14108,103,541,2,7200,1.19038817006
13479,13574,14133,95,559,2,7200,1.16994633274
13494,13579,14137,85,558,2,7200,1.1523297491
13500,235383,311298,221883,75915,24,86400,3.92278205888
13509,13586,14114,77,528,2,7200,1.14583333333
13511,13592,14146,81,554,2,7200,1.14620938628
13525,13598,14175,73,577,2,7200,1.12651646447
13540,13608,14164,68,556,2,7200,1.12230215827
13556,13639,14209,83,570,2,7200,1.14561403509
13557,13690,14254,133,564,2,7200,1.23581560284
13559,13708,14244,149,536,2,7200,1.27798507463
13560,13718,14247,158,529,2,7200,1.29867674858
13576,13761,14308,185,547,2,7200,1.33820840951
13577,13799,14331,222,532,2,7200,1.41729323308
13578,13810,14316,232,506,2,7200,1.45849802372
13593,13817,14368,224,551,2,7200,1.40653357532
13608,13859,14380,251,521,2,7200,1.48176583493
13629,13865,14410,236,545,2,7200,1.43302752294
13657,13734,13998,77,264,1,1800,1.29166666667
13680,13923,14451,243,528,2,7200,1.46022727273
13695,13942,14502,247,560,2,7200,1.44107142857
13710,14012,14564,302,552,2,7200,1.54710144928
13751,14018,14581,267,563,2,7200,1.47424511545
13789,14052,14632,263,580,2,7200,1.45344827586
13804,14060,14574,256,514,2,7200,1.49805447471
13805,14066,14614,261,548,2,7200,1.47627737226
13848,14071,14629,223,558,2,7200,1.39964157706
13863,14088,14639,225,551,2,7200,1.40834845735
13914,14095,14643,181,548,2,7200,1.3302919708
13932,14100,14661,168,561,2,7200,1.29946524064
14001,14107,14654,106,547,2,7200,1.19378427788
14003,14120,14672,117,552,2,7200,1.21195652174
14044,14125,14694,81,569,2,7200,1.14235500879
14059,14132,14671,73,539,2,7200,1.13543599258
14061,14137,14701,76,564,2,7200,1.13475177305
14062,14144,14687,82,543,2,7200,1.15101289134
14077,14152,14694,75,542,2,7200,1.13837638376
14092,14159,14722,67,563,2,7200,1.1190053286
14093,14175,14741,82,566,2,7200,1.14487632509
14094,14186,14744,92,558,2,7200,1.16487455197
14110,14221,14783,111,562,2,7200,1.1975088968
14111,14256,14799,145,543,2,7200,1.26703499079
14126,14263,14833,137,570,2,7200,1.24035087719
14127,14270,14819,143,549,2,7200,1.26047358834
14142,14319,14858,177,539,2,7200,1.32838589981
14144,14328,14889,184,561,2,7200,1.32798573975
14158,14342,14901,184,559,2,7200,1.32915921288
14173,14380,14950,207,570,2,7200,1.36315789474
14188,14392,14931,204,539,2,7200,1.37847866419
14209,14422,14969,213,547,2,7200,1.38939670932
14245,14462,15000,217,538,2,7200,1.40334572491
14260,14514,15052,254,538,2,7200,1.47211895911
14261,14576,15127,315,551,2,7200,1.57168784029
14310,14585,15152,275,567,2,7200,1.48500881834
14325,14592,15155,267,563,2,7200,1.47424511545
14339,14625,15195,286,570,2,7200,1.50175438596
14369,14641,15210,272,569,2,7200,1.47803163445
14384,14648,15226,264,578,2,7200,1.45674740484
14411,14654,15201,243,547,2,7200,1.44424131627
14453,14660,15203,207,543,2,7200,1.38121546961
14505,14667,15223,162,556,2,7200,1.29136690647
14565,14678,15221,113,543,2,7200,1.20810313076
14580,14685,15242,105,557,2,7200,1.18850987433
14594,14691,15246,97,555,2,7200,1.17477477477
14615,14699,15209,84,510,2,7200,1.16470588235
14630,14706,15252,76,546,2,7200,1.13919413919
14645,14712,15273,67,561,2,7200,1.11942959002
14647,14719,15290,72,571,2,7200,1.12609457093
14648,14735,15269,87,534,2,7200,1.16292134831
14651,14672,14771,21,99,1,3600,1.21212121212
14663,14753,15322,90,569,2,7200,1.15817223199
14664,14759,15278,95,519,2,7200,1.18304431599
14680,14795,15331,115,536,2,7200,1.21455223881
14681,14812,15354,131,542,2,7200,1.24169741697
14696,14831,15368,135,537,2,7200,1.25139664804
14698,14846,15384,148,538,2,7200,1.2750929368
14699,14870,15425,171,555,2,7200,1.30810810811
14714,14901,15445,187,544,2,7200,1.34375
14729,14913,15480,184,567,2,7200,1.32451499118
14744,14942,15509,198,567,2,7200,1.34920634921
14745,14962,15535,217,573,2,7200,1.37870855148
14785,14980,15492,195,512,2,7200,1.380859375
14800,15012,15574,212,562,2,7200,1.37722419929
14821,15064,15607,243,543,2,7200,1.44751381215
14836,15138,15704,302,566,2,7200,1.53356890459
14860,15164,15728,304,564,2,7200,1.5390070922
14893,15171,15708,278,537,2,7200,1.51769087523
14907,14919,15160,12,241,1,3600,1.04979253112
14907,15206,15782,299,576,2,7200,1.51909722222
14931,15214,15745,283,531,2,7200,1.5329566855
14952,15220,15748,268,528,2,7200,1.50757575758
14970,15228,15776,258,548,2,7200,1.47080291971
15000,15233,15746,233,513,2,7200,1.45419103314
15054,15240,15782,186,542,2,7200,1.34317343173
15130,15245,15804,115,559,2,7200,1.20572450805
15154,15251,15816,97,565,2,7200,1.17168141593
15169,15257,15805,88,548,2,7200,1.16058394161
15196,15263,15797,67,534,2,7200,1.12546816479
15211,15270,15834,59,564,2,7200,1.10460992908
15213,15281,15810,68,529,2,7200,1.12854442344
15214,15288,15827,74,539,2,7200,1.13729128015
15216,15295,15858,79,563,2,7200,1.14031971581
15231,15303,15863,72,560,2,7200,1.12857142857
15232,15330,15875,98,545,2,7200,1.17981651376
15234,15335,15882,101,547,2,7200,1.18464351005
15249,15340,15898,91,558,2,7200,1.16308243728
15250,15346,15892,96,546,2,7200,1.17582417582
15265,15351,15914,86,563,2,7200,1.15275310835
15280,15356,15923,76,567,2,7200,1.13403880071
15281,15363,15857,82,494,2,7200,1.16599190283
15283,15368,15898,85,530,2,7200,1.16037735849
15298,15375,15914,77,539,2,7200,1.14285714286
15325,15382,15925,57,543,2,7200,1.10497237569
15340,15396,15954,56,558,2,7200,1.10035842294
15355,15437,16029,82,592,2,7200,1.13851351351
15370,15457,15998,87,541,2,7200,1.16081330869
15385,15492,16040,107,548,2,7200,1.19525547445
15427,15503,16051,76,548,2,7200,1.13868613139
15444,15450,16120,6,670,1,3600,1.00895522388
15445,15521,16086,76,565,2,7200,1.13451327434
15482,15546,16083,64,537,2,7200,1.11918063315
15496,15586,16165,90,579,2,7200,1.15544041451
15511,15620,16201,109,581,2,7200,1.18760757315
15535,15716,16281,181,565,2,7200,1.3203539823
15577,15722,16258,145,536,2,7200,1.27052238806
15611,15740,16305,129,565,2,7200,1.22831858407
15704,15756,16229,52,473,2,7200,1.10993657505
15719,15763,16305,44,542,2,7200,1.08118081181
15734,15768,16305,34,537,2,7200,1.06331471136
15749,15788,16336,39,548,2,7200,1.07116788321
15751,15795,16328,44,533,2,7200,1.08255159475
15752,15800,16374,48,574,2,7200,1.08362369338
15780,15808,16366,28,558,2,7200,1.05017921147
15794,15816,16358,22,542,2,7200,1.0405904059
15796,15822,16382,26,560,2,7200,1.04642857143
15812,15827,16358,15,531,2,7200,1.02824858757
15813,15834,16377,21,543,2,7200,1.03867403315
15814,15840,16396,26,556,2,7200,1.04676258993
15816,15847,16422,31,575,2,7200,1.05391304348
15831,15869,16413,38,544,2,7200,1.06985294118
15832,15876,16425,44,549,2,7200,1.08014571949
15847,15881,16443,34,562,2,7200,1.06049822064
15862,15888,16435,26,547,2,7200,1.04753199269
15863,15895,16417,32,522,2,7200,1.06130268199
15878,15904,16456,26,552,2,7200,1.04710144928
15880,15911,16473,31,562,2,7200,1.05516014235
15895,15916,16450,21,534,2,7200,1.0393258427
15896,15926,16411,30,485,2,7200,1.0618556701
15911,15931,16492,20,561,2,7200,1.03565062389
15913,15938,16497,25,559,2,7200,1.04472271914
15928,15943,16501,15,558,2,7200,1.02688172043
15930,15966,16492,36,526,2,7200,1.06844106464
15931,16010,16581,79,571,2,7200,1.13835376532
15932,16041,16619,109,578,2,7200,1.18858131488
15956,16052,16597,96,545,2,7200,1.17614678899
15998,16063,16616,65,553,2,7200,1.11754068716
16032,16095,16637,63,542,2,7200,1.11623616236
16046,16102,16607,56,505,2,7200,1.11089108911
16061,16177,16741,116,564,2,7200,1.20567375887
16085,16214,16760,129,546,2,7200,1.23626373626
16100,16241,16805,141,564,2,7200,1.25
16168,16270,16786,102,516,2,7200,1.1976744186
16205,16294,16838,89,544,2,7200,1.16360294118
16232,16318,16789,86,471,2,7200,1.18259023355
16259,16323,16883,64,560,2,7200,1.11428571429
16283,16329,16872,46,543,2,7200,1.0847145488
16308,16340,16894,32,554,2,7200,1.05776173285
16309,16348,16877,39,529,2,7200,1.07372400756
16310,16370,16921,60,551,2,7200,1.10889292196
16328,16375,16899,47,524,2,7200,1.08969465649
16343,16382,16910,39,528,2,7200,1.07386363636
16362,16389,16940,27,551,2,7200,1.04900181488
16363,16394,16938,31,544,2,7200,1.05698529412
16378,16401,16890,23,489,2,7200,1.04703476483
16380,16407,16982,27,575,2,7200,1.04695652174
16381,16423,16978,42,555,2,7200,1.07567567568
16397,16430,16991,33,561,2,7200,1.05882352941
16398,16435,16995,37,560,2,7200,1.06607142857
16413,16441,16991,28,550,2,7200,1.05090909091
16414,16447,17009,33,562,2,7200,1.05871886121
16430,16454,16959,24,505,2,7200,1.04752475248
16431,16461,16990,30,529,2,7200,1.05671077505
16433,16467,17033,34,566,2,7200,1.06007067138
16448,16473,17017,25,544,2,7200,1.04595588235
16449,16485,17039,36,554,2,7200,1.06498194946
16464,16504,17061,40,557,2,7200,1.07181328546
16466,16509,17034,43,525,2,7200,1.0819047619
16481,16516,17070,35,554,2,7200,1.06317689531
16496,16521,16968,25,447,2,7200,1.05592841163
16497,16593,17104,96,511,2,7200,1.18786692759
16512,16609,17158,97,549,2,7200,1.1766848816
16513,16619,17135,106,516,2,7200,1.20542635659
16572,16579,16665,7,86,1,1800,1.08139534884
16583,16628,17160,45,532,2,7200,1.08458646617
16598,16635,17181,37,546,2,7200,1.06776556777
16613,16649,17212,36,563,2,7200,1.06394316163
16628,16754,17322,126,568,2,7200,1.22183098592
16629,16772,17326,143,554,2,7200,1.25812274368
16644,16798,17344,154,546,2,7200,1.28205128205
16744,16805,17315,61,510,2,7200,1.11960784314
16762,16817,17352,55,535,2,7200,1.10280373832
16786,16850,17405,64,555,2,7200,1.11531531532
16801,16884,17404,83,520,2,7200,1.15961538462
16816,16891,17392,75,501,2,7200,1.1497005988
16840,16898,17455,58,557,2,7200,1.10412926391
16873,16905,17462,32,557,2,7200,1.05745062837
16888,16911,17469,23,558,2,7200,1.04121863799
16889,16917,17468,28,551,2,7200,1.05081669691
16905,16924,17466,19,542,2,7200,1.03505535055
16906,16936,17504,30,568,2,7200,1.05281690141
16908,16950,17511,42,561,2,7200,1.07486631016
16912,16929,17020,17,91,1,1800,1.18681318681
16923,16957,17513,34,556,2,7200,1.06115107914
16924,16971,17518,47,547,2,7200,1.08592321755
16939,16980,17551,41,571,2,7200,1.07180385289
16954,16991,17540,37,549,2,7200,1.06739526412
16969,16998,17538,29,540,2,7200,1.0537037037
16971,17005,17546,34,541,2,7200,1.06284658041
16986,17010,17579,24,569,2,7200,1.04217926186
16987,17016,17548,29,532,2,7200,1.0545112782
17003,17023,17589,20,566,2,7200,1.03533568905
17004,17028,17570,24,542,2,7200,1.0442804428
17006,17035,17551,29,516,2,7200,1.05620155039
17007,17045,17613,38,568,2,7200,1.06690140845
17022,17052,17581,30,529,2,7200,1.05671077505
17024,17057,17621,33,564,2,7200,1.0585106383
17039,17073,17591,34,518,2,7200,1.06563706564
17040,17082,17650,42,568,2,7200,1.07394366197
17042,17116,17651,74,535,2,7200,1.13831775701
17063,17146,17675,83,529,2,7200,1.15689981096
17078,17170,17717,92,547,2,7200,1.16819012797
17105,17177,17748,72,571,2,7200,1.12609457093
17138,17193,17753,55,560,2,7200,1.09821428571
17159,17224,17760,65,536,2,7200,1.12126865672
17174,17328,17885,154,557,2,7200,1.27648114901
17189,17335,17870,146,535,2,7200,1.27289719626
17213,17342,17819,129,477,2,7200,1.27044025157
17319,17356,17905,37,549,2,7200,1.06739526412
17334,17363,17925,29,562,2,7200,1.05160142349
17335,17404,17970,69,566,2,7200,1.12190812721
17350,17416,17969,66,553,2,7200,1.11934900542
17366,17423,17962,57,539,2,7200,1.10575139147
17393,17467,18023,74,556,2,7200,1.13309352518
17408,17473,18052,65,579,2,7200,1.11226252159
17409,17480,18010,71,530,2,7200,1.13396226415
17457,17485,18033,28,548,2,7200,1.05109489051
17472,17491,18054,19,563,2,7200,1.03374777975
17474,17516,18102,42,586,2,7200,1.07167235495
17475,17522,18085,47,563,2,7200,1.08348134991
17476,17529,18097,53,568,2,7200,1.09330985915
17506,17535,18077,29,542,2,7200,1.05350553506
17522,17550,18091,28,541,2,7200,1.05175600739
17523,17557,18081,34,524,2,7200,1.06488549618
17524,17564,18042,40,478,2,7200,1.08368200837
17535,17541,17900,6,359,1,1800,1.01671309192
17539,17569,18105,30,536,2,7200,1.05597014925
17555,17575,18103,20,528,2,7200,1.03787878788
17556,17580,18114,24,534,2,7200,1.04494382022
17558,17587,18153,29,566,2,7200,1.05123674912
17559,17594,18157,35,563,2,7200,1.0621669627
17560,17599,18167,39,568,2,7200,1.06866197183
17575,17606,18142,31,536,2,7200,1.0578358209
17591,17611,18176,20,565,2,7200,1.03539823009
17592,17625,18175,33,550,2,7200,1.06
17593,17633,18206,40,573,2,7200,1.06980802792
17608,17661,18209,53,548,2,7200,1.09671532847
17623,17669,18227,46,558,2,7200,1.08243727599
17625,17688,18234,63,546,2,7200,1.11538461538
17652,17729,18276,77,547,2,7200,1.1407678245
17653,17760,18308,107,548,2,7200,1.19525547445
17677,17766,18297,89,531,2,7200,1.16760828625
17719,17774,18326,55,552,2,7200,1.09963768116
17749,17831,18397,82,566,2,7200,1.14487632509
17764,17882,18433,118,551,2,7200,1.21415607985
17766,17897,18248,131,351,2,7200,1.37321937322
17820,17916,18477,96,561,2,7200,1.17112299465
17871,17937,18481,66,544,2,7200,1.12132352941
17886,17974,18537,88,563,2,7200,1.15630550622
17908,17981,18521,73,540,2,7200,1.13518518519
17926,17988,18538,62,550,2,7200,1.11272727273
17965,18022,18589,57,567,2,7200,1.10052910053
17980,18035,18593,55,558,2,7200,1.09856630824
17981,18045,18616,64,571,2,7200,1.11208406305
18012,18054,18618,42,564,2,7200,1.07446808511
18027,18064,18606,37,542,2,7200,1.06826568266
18042,18071,18646,29,575,2,7200,1.05043478261
18043,18090,18635,47,545,2,7200,1.08623853211
18059,18097,18656,38,559,2,7200,1.06797853309
18060,18102,18688,42,586,2,7200,1.07167235495
18078,18109,18632,31,523,2,7200,1.05927342256
18093,18114,18642,21,528,2,7200,1.03977272727
18095,18121,18697,26,576,2,7200,1.04513888889
18096,18126,18679,30,553,2,7200,1.05424954792
18112,18131,18679,19,548,2,7200,1.03467153285
18113,18153,18703,40,550,2,7200,1.07272727273
18115,18137,18678,22,541,2,7200,1.04066543438
18116,18165,18730,49,565,2,7200,1.08672566372
18131,18172,18732,41,560,2,7200,1.07321428571
18146,18180,18709,34,529,2,7200,1.06427221172
18160,18186,18738,26,552,2,7200,1.04710144928
18162,18193,18739,31,546,2,7200,1.05677655678
18177,18217,18745,40,528,2,7200,1.07575757576
18178,18225,18791,47,566,2,7200,1.08303886926
18179,18239,18809,60,570,2,7200,1.10526315789
18206,18247,18776,41,529,2,7200,1.0775047259
18221,18260,18828,39,568,2,7200,1.06866197183
18236,18288,18839,52,551,2,7200,1.0943738657
18237,18308,18878,71,570,2,7200,1.12456140351
18252,18319,18871,67,552,2,7200,1.12137681159
18279,18337,18905,58,568,2,7200,1.10211267606
18297,18409,18976,112,567,2,7200,1.1975308642
18312,18445,19013,133,568,2,7200,1.23415492958
18327,18489,19028,162,539,2,7200,1.30055658627
18400,18495,19039,95,544,2,7200,1.17463235294
18436,18534,19048,98,514,2,7200,1.1906614786
18478,18549,19098,71,549,2,7200,1.12932604736
18492,18555,19102,63,547,2,7200,1.11517367459
18522,18601,19160,79,559,2,7200,1.14132379249
18537,18607,19147,70,540,2,7200,1.12962962963
18552,18619,19180,67,561,2,7200,1.11942959002
18591,18627,19093,36,466,2,7200,1.07725321888
18606,18634,19174,28,540,2,7200,1.05185185185
18621,18643,19180,22,537,2,7200,1.04096834264
18623,18651,19199,28,548,2,7200,1.05109489051
18624,18657,19225,33,568,2,7200,1.05809859155
18639,18663,19237,24,574,2,7200,1.04181184669
18641,18670,19192,29,522,2,7200,1.05555555556
18656,18690,19237,34,547,2,7200,1.06215722121
18657,18696,19249,39,553,2,7200,1.0705244123
18672,18701,19263,29,562,2,7200,1.05160142349
18687,18709,19259,22,550,2,7200,1.04
18689,18714,19260,25,546,2,7200,1.04578754579
18690,18721,19273,31,552,2,7200,1.05615942029
18705,18726,19271,21,545,2,7200,1.03853211009
18707,18742,19272,35,530,2,7200,1.06603773585
18708,18749,19303,41,554,2,7200,1.07400722022
18723,18756,19307,33,551,2,7200,1.05989110708
18738,18761,19338,23,577,2,7200,1.03986135182
18740,18768,19316,28,548,2,7200,1.05109489051
18741,18788,19280,47,492,2,7200,1.09552845528
18756,18803,19378,47,575,2,7200,1.08173913043
18758,18820,19408,62,588,2,7200,1.10544217687
18779,18840,19380,61,540,2,7200,1.11296296296
18793,18851,19416,58,565,2,7200,1.10265486726
18811,18883,19393,72,510,2,7200,1.14117647059
18829,18891,19436,62,545,2,7200,1.11376146789
18844,18917,19450,73,533,2,7200,1.13696060038
18874,18987,19550,113,563,2,7200,1.20071047957
18889,19025,19593,136,568,2,7200,1.23943661972
18907,19040,19541,133,501,2,7200,1.26546906188
18977,19051,19629,74,578,2,7200,1.12802768166
19016,19061,19631,45,570,2,7200,1.07894736842
19031,19105,19663,74,558,2,7200,1.13261648746
19045,19112,19676,67,564,2,7200,1.11879432624
19060,19124,19686,64,562,2,7200,1.11387900356
19093,19159,19669,66,510,2,7200,1.12941176471
19102,19117,19155,15,38,1,1800,1.39473684211
19108,19172,19672,64,500,2,7200,1.128
19110,19186,19740,76,554,2,7200,1.13718411552
19149,19193,19728,44,535,2,7200,1.08224299065
19164,19198,19715,34,517,2,7200,1.06576402321
19179,19205,19696,26,491,2,7200,1.05295315682
19194,19212,19772,18,560,2,7200,1.03214285714
19196,19237,19749,41,512,2,7200,1.080078125
19197,19248,19792,51,544,2,7200,1.09375
19212,19254,19805,42,551,2,7200,1.07622504537
19227,19260,19803,33,543,2,7200,1.06077348066
19242,19271,19817,29,546,2,7200,1.05311355311
19243,19278,19819,35,541,2,7200,1.06469500924
19258,19283,19843,25,560,2,7200,1.04464285714
19259,19290,19818,31,528,2,7200,1.05871212121
19275,19295,19837,20,542,2,7200,1.036900369
19276,19301,19816,25,515,2,7200,1.04854368932
19278,19308,19871,30,563,2,7200,1.05328596803
19279,19315,19865,36,550,2,7200,1.06545454545
19280,19321,19881,41,560,2,7200,1.07321428571
19295,19329,19871,34,542,2,7200,1.06273062731
19310,19350,19886,40,536,2,7200,1.07462686567
19312,19388,19854,76,466,2,7200,1.16309012876
19326,19394,19901,68,507,2,7200,1.13412228797
19341,19399,19965,58,566,2,7200,1.10247349823
19380,19404,19966,24,562,2,7200,1.04270462633
19382,19410,19976,28,566,2,7200,1.04946996466
19396,19417,19964,21,547,2,7200,1.03839122486
19406,19422,19514,16,92,1,1800,1.17391304348
19412,19429,19967,17,538,2,7200,1.03159851301
19427,19435,19999,8,564,2,7200,1.01418439716
19441,19448,19945,7,497,2,7200,1.01408450704
19456,19463,19999,7,536,2,7200,1.01305970149
19542,19549,20064,7,515,2,7200,1.01359223301
19557,19564,20101,7,537,2,7200,1.01303538175
19596,19602,20164,6,562,2,7200,1.01067615658
19633,19640,20176,7,536,2,7200,1.01305970149
19634,19647,20179,13,532,2,7200,1.02443609023
19664,19671,20230,7,559,2,7200,1.01252236136
19679,19686,20232,7,546,2,7200,1.01282051282
19681,19694,20222,13,528,2,7200,1.02462121212
19682,19699,20253,17,554,2,7200,1.03068592058
19697,19706,20229,9,523,2,7200,1.017208413
19698,19711,20264,13,553,2,7200,1.02350813743
19718,19725,20294,7,569,2,7200,1.01230228471
19733,19739,20312,6,573,2,7200,1.01047120419
19748,19754,20320,6,566,2,7200,1.01060070671
19762,19769,20327,7,558,2,7200,1.01254480287
19777,19784,20356,7,572,2,7200,1.01223776224
19795,19801,20323,6,522,2,7200,1.01149425287
19810,19817,20350,7,533,2,7200,1.01313320826
19812,19824,20396,12,572,2,7200,1.02097902098
19827,19834,20374,7,540,2,7200,1.01296296296
19829,19842,20400,13,558,2,7200,1.02329749104
19830,19847,20354,17,507,2,7200,1.03353057199
19832,19852,20400,20,548,2,7200,1.03649635036
19847,19859,20413,12,554,2,7200,1.02166064982
19848,19864,20398,16,534,2,7200,1.02996254682
19863,19871,20428,8,557,2,7200,1.01436265709
19879,19885,20450,6,565,2,7200,1.01061946903
19880,19892,20446,12,554,2,7200,1.02166064982
19881,19898,20440,17,542,2,7200,1.03136531365
19896,19904,20446,8,542,2,7200,1.0147601476
19898,19909,20482,11,573,2,7200,1.01919720768
19913,19919,20457,6,538,2,7200,1.01115241636
19946,19953,20468,7,515,2,7200,1.01359223301
19964,19970,20533,6,563,2,7200,1.01065719361
19980,19986,20490,6,504,2,7200,1.0119047619
19981,19994,20551,13,557,2,7200,1.02333931777
19983,19999,20564,16,565,2,7200,1.02831858407
19984,20004,20557,20,553,2,7200,1.03616636528
19999,20012,20559,13,547,2,7200,1.02376599634
20014,20021,20543,7,522,2,7200,1.01340996169
20066,20073,20618,7,545,2,7200,1.0128440367
20102,20108,20668,6,560,2,7200,1.01071428571
20159,20166,20426,7,260,1,1800,1.02692307692
20165,20172,20711,7,539,2,7200,1.01298701299
20181,20187,20707,6,520,2,7200,1.01153846154
20182,20194,20738,12,544,2,7200,1.02205882353
20225,20232,20765,7,533,2,7200,1.01313320826
20240,20246,20791,6,545,2,7200,1.01100917431
20241,20252,20741,11,489,2,7200,1.02249488753
20243,20258,20818,15,560,2,7200,1.02678571429
20258,20265,20842,7,577,2,7200,1.01213171577
20273,20280,20818,7,538,2,7200,1.01301115242
20297,20303,20850,6,547,2,7200,1.01096892139
20315,20321,20856,6,535,2,7200,1.01121495327
20330,20336,20887,6,551,2,7200,1.0108892922
20332,20343,20844,11,501,2,7200,1.02195608782
20333,20348,20850,15,502,2,7200,1.02988047809
20351,20357,20874,6,517,2,7200,1.01160541586
20366,20373,20906,7,533,2,7200,1.01313320826
20367,20379,20909,12,530,2,7200,1.02264150943
20382,20388,20967,6,579,2,7200,1.0103626943
20397,20403,20952,6,549,2,7200,1.01092896175
20413,20420,20976,7,556,2,7200,1.01258992806
20414,20427,20935,13,508,2,7200,1.02559055118
20416,20432,20992,16,560,2,7200,1.02857142857
20417,20437,20913,20,476,2,7200,1.04201680672
20433,20445,21005,12,560,2,7200,1.02142857143
20448,20455,21006,7,551,2,7200,1.01270417423
20450,20462,20988,12,526,2,7200,1.02281368821
20451,20467,21026,16,559,2,7200,1.02862254025
20466,20474,20997,8,523,2,7200,1.01529636711
20468,20481,21046,13,565,2,7200,1.02300884956
20483,20490,21051,7,561,2,7200,1.01247771836
20485,20497,21049,12,552,2,7200,1.02173913043
20500,20507,21064,7,557,2,7200,1.01256732496
20536,20543,21071,7,528,2,7200,1.01325757576
20551,20557,21099,6,542,2,7200,1.0110701107
20553,20564,21063,11,499,2,7200,1.02204408818
20568,20574,21115,6,541,2,7200,1.01109057301
20569,20581,21141,12,560,2,7200,1.02142857143
20571,20586,21123,15,537,2,7200,1.02793296089
20620,20627,21179,7,552,2,7200,1.01268115942
20671,20678,21245,7,567,2,7200,1.01234567901
20710,20717,21249,7,532,2,7200,1.01315789474
20725,20731,21292,6,561,2,7200,1.01069518717
20740,20747,21292,7,545,2,7200,1.0128440367
20755,20761,21335,6,574,2,7200,1.01045296167
20770,20777,21321,7,544,2,7200,1.01286764706
20794,20801,21181,7,380,2,7200,1.01842105263
20821,20828,21389,7,561,2,7200,1.01247771836
20823,20835,21397,12,562,2,7200,1.02135231317
20844,20851,21416,7,565,2,7200,1.01238938053
20846,20858,21427,12,569,2,7200,1.02108963093
20861,20868,21409,7,541,2,7200,1.01293900185
20863,20874,21432,11,558,2,7200,1.01971326165
20865,20880,21437,15,557,2,7200,1.02692998205
20879,20887,21389,8,502,2,7200,1.01593625498
20894,20902,21465,8,563,2,7200,1.01420959147
20910,20917,21495,7,578,2,7200,1.01211072664
20911,20924,21458,13,534,2,7200,1.02434456929
20926,20932,21501,6,569,2,7200,1.01054481547
20941,20948,21517,7,569,2,7200,1.01230228471
20956,20962,21523,6,561,2,7200,1.01069518717
20971,20978,21559,7,581,2,7200,1.01204819277
20986,20992,21531,6,539,2,7200,1.01113172542
21001,21007,21509,6,502,2,7200,1.01195219124
21002,21014,21568,12,554,2,7200,1.02166064982
21004,21019,21577,15,558,2,7200,1.02688172043
21019,21026,21588,7,562,2,7200,1.01245551601
21020,21032,21601,12,569,2,7200,1.02108963093
21035,21041,21610,6,569,2,7200,1.01054481547
21051,21057,21580,6,523,2,7200,1.01147227533
21052,21065,21588,13,523,2,7200,1.02485659656
21068,21075,21620,7,545,2,7200,1.0128440367
21069,21082,21620,13,538,2,7200,1.02416356877
21071,21087,21627,16,540,2,7200,1.02962962963
21086,21094,21594,8,500,2,7200,1.016
21100,21108,21680,8,572,2,7200,1.01398601399
21115,21123,21679,8,556,2,7200,1.01438848921
21130,21136,21701,6,565,2,7200,1.01061946903
21145,21152,21657,7,505,2,7200,1.01386138614
21183,21189,21719,6,530,2,7200,1.01132075472
21184,21196,21768,12,572,2,7200,1.02097902098
21248,21255,21772,7,517,2,7200,1.01353965184
21263,21269,21848,6,579,2,7200,1.0103626943
21294,21301,21863,7,562,2,7200,1.01245551601
21295,21308,21851,13,543,2,7200,1.02394106814
21322,21328,21867,6,539,2,7200,1.01113172542
21337,21343,21923,6,580,2,7200,1.01034482759
21392,21398,21883,6,485,2,7200,1.01237113402
21393,21406,21924,13,518,2,7200,1.0250965251
21408,21414,21973,6,559,2,7200,1.01073345259
21423,21429,21999,6,570,2,7200,1.01052631579
21424,21435,22002,11,567,2,7200,1.01940035273
21439,21446,22016,7,570,2,7200,1.01228070175
21441,21453,22030,12,577,2,7200,1.02079722704
21442,21458,21984,16,526,2,7200,1.03041825095
21460,21468,22015,8,547,2,7200,1.01462522852
21475,21482,22039,7,557,2,7200,1.01256732496
21496,21502,22059,6,557,2,7200,1.01077199282
21511,21518,22058,7,540,2,7200,1.01296296296
21513,21525,21988,12,463,2,7200,1.02591792657
21528,21534,22075,6,541,2,7200,1.01109057301
21529,21540,22009,11,469,2,7200,1.02345415778
21544,21550,22091,6,541,2,7200,1.01109057301
21562,21568,22127,6,559,2,7200,1.01073345259
21577,21584,22094,7,510,2,7200,1.0137254902
21579,21591,22137,12,546,2,7200,1.02197802198
21595,21601,22166,6,565,2,7200,1.01061946903
21596,21609,22129,13,520,2,7200,1.025
21597,21614,22115,17,501,2,7200,1.03393213573
21599,21619,22177,20,558,2,7200,1.03584229391
21614,21626,22185,12,559,2,7200,1.02146690519
21615,21631,22133,16,502,2,7200,1.03187250996
21630,21638,22144,8,506,2,7200,1.01581027668
21632,21645,22142,13,497,2,7200,1.02615694165
21633,21650,22216,17,566,2,7200,1.03003533569
21660,21666,22247,6,581,2,7200,1.01032702238
21682,21688,22246,6,558,2,7200,1.01075268817
21683,21695,22272,12,577,2,7200,1.02079722704
21704,21711,22282,7,571,2,7200,1.0122591944
21722,21729,22251,7,522,2,7200,1.01340996169
21770,21776,22319,6,543,2,7200,1.01104972376
21785,21792,22354,7,562,2,7200,1.01245551601
21852,21858,22405,6,547,2,7200,1.01096892139
21853,21865,22392,12,527,2,7200,1.02277039848
21868,21875,22433,7,558,2,7200,1.01254480287
21870,21882,22381,12,499,2,7200,1.02404809619
21885,21891,22455,6,564,2,7200,1.01063829787
21924,21931,22496,7,565,2,7200,1.01238938053
21939,21946,22483,7,537,2,7200,1.01303538175
21975,21982,22525,7,543,2,7200,1.01289134438
21990,21996,22558,6,562,2,7200,1.01067615658
21991,22003,22541,12,538,2,7200,1.02230483271
22007,22013,22561,6,548,2,7200,1.01094890511
22008,22019,22535,11,516,2,7200,1.02131782946
22023,22029,22544,6,515,2,7200,1.01165048544
22025,22035,22611,10,576,2,7200,1.01736111111
22026,22041,22595,15,554,2,7200,1.02707581227
22041,22047,22594,6,547,2,7200,1.01096892139
22043,22053,22602,10,549,2,7200,1.01821493625
22061,22067,22597,6,530,2,7200,1.01132075472
22062,22074,22598,12,524,2,7200,1.02290076336
22077,22084,22647,7,563,2,7200,1.01243339254
22092,22098,22658,6,560,2,7200,1.01071428571
22107,22113,22677,6,564,2,7200,1.01063829787
22121,22129,22674,8,545,2,7200,1.01467889908
22137,22143,22708,6,565,2,7200,1.01061946903
22139,22151,22696,12,545,2,7200,1.02201834862
22140,22156,22721,16,565,2,7200,1.02831858407
22141,22161,22726,20,565,2,7200,1.03539823009
22156,22168,22696,12,528,2,7200,1.02272727273
22158,22173,22725,15,552,2,7200,1.02717391304
22173,22179,22737,6,558,2,7200,1.01075268817
22188,22195,22733,7,538,2,7200,1.01301115242
22189,22202,22748,13,546,2,7200,1.02380952381
22216,22222,22754,6,532,2,7200,1.01127819549
22246,22252,22762,6,510,2,7200,1.01176470588
22261,22268,22800,7,532,2,7200,1.01315789474
22262,22275,22838,13,563,2,7200,1.02309058615
22277,22283,22838,6,555,2,7200,1.01081081081
22292,22298,22862,6,564,2,7200,1.01063829787
22322,22330,22868,8,538,2,7200,1.01486988848
22356,22362,22915,6,553,2,7200,1.01084990958
22383,22389,22947,6,558,2,7200,1.01075268817
22398,22403,22958,5,555,2,7200,1.00900900901
22412,22420,22974,8,554,2,7200,1.01444043321
22436,22442,22973,6,531,2,7200,1.01129943503
22457,22464,23032,7,568,2,7200,1.01232394366
22484,22491,23013,7,522,2,7200,1.01340996169
22499,22506,23080,7,574,2,7200,1.01219512195
22527,22534,23101,7,567,2,7200,1.01234567901
22542,22548,23030,6,482,2,7200,1.01244813278
22543,22555,23026,12,471,2,7200,1.02547770701
22558,22565,23118,7,553,2,7200,1.01265822785
22573,22580,23082,7,502,2,7200,1.01394422311
22575,22586,23118,11,532,2,7200,1.02067669173
22596,22602,23139,6,537,2,7200,1.01117318436
22598,22609,23144,11,535,2,7200,1.02056074766
22613,22619,23126,6,507,2,7200,1.01183431953
22614,22627,23207,13,580,2,7200,1.0224137931
22615,22632,23191,17,559,2,7200,1.03041144902
22617,22637,23195,20,558,2,7200,1.03584229391
22650,22657,23226,7,569,2,7200,1.01230228471
22665,22671,23225,6,554,2,7200,1.01083032491
22680,22687,23255,7,568,2,7200,1.01232394366
22682,22694,23242,12,548,2,7200,1.02189781022
22697,22703,23243,6,540,2,7200,1.01111111111
22698,22710,23274,12,564,2,7200,1.02127659574
22713,22719,23272,6,553,2,7200,1.01084990958
22729,22735,23290,6,555,2,7200,1.01081081081
22730,22742,23290,12,548,2,7200,1.02189781022
22731,22747,23281,16,534,2,7200,1.02996254682
22746,22754,23322,8,568,2,7200,1.01408450704
22748,22761,23262,13,501,2,7200,1.02594810379
22763,22769,23251,6,482,2,7200,1.01244813278
22764,22776,23312,12,536,2,7200,1.0223880597
22766,22781,23299,15,518,2,7200,1.02895752896
22802,22808,23286,6,478,2,7200,1.01255230126
22839,22845,23371,6,526,2,7200,1.01140684411
22840,22853,23396,13,543,2,7200,1.02394106814
22864,22871,23415,7,544,2,7200,1.01286764706
22879,22885,23311,6,426,2,7200,1.01408450704
22918,22924,23496,6,572,2,7200,1.01048951049
22949,22956,23461,7,505,2,7200,1.01386138614
22963,22969,23528,6,559,2,7200,1.01073345259
22978,22984,23520,6,536,2,7200,1.01119402985
22980,22991,23549,11,558,2,7200,1.01971326165
23016,23023,23583,7,560,2,7200,1.0125
23031,23038,23484,7,446,2,7200,1.01569506726
23032,23045,23531,13,486,2,7200,1.02674897119
23047,23054,23621,7,567,2,7200,1.01234567901
23084,23090,23662,6,572,2,7200,1.01048951049
23085,23097,23658,12,561,2,7200,1.02139037433
23103,23110,23652,7,542,2,7200,1.01291512915
23121,23128,23693,7,565,2,7200,1.01238938053
23122,23135,23664,13,529,2,7200,1.02457466919
23137,23143,23698,6,555,2,7200,1.01081081081
23152,23159,23707,7,548,2,7200,1.01277372263
23154,23165,23721,11,556,2,7200,1.01978417266
23193,23199,23750,6,551,2,7200,1.0108892922
23208,23215,23763,7,548,2,7200,1.01277372263
23209,23222,23786,13,564,2,7200,1.02304964539
23228,23235,23673,7,438,2,7200,1.01598173516
23229,23242,23778,13,536,2,7200,1.02425373134
23244,23252,23795,8,543,2,7200,1.01473296501
23246,23259,23825,13,566,2,7200,1.02296819788
23261,23267,23805,6,538,2,7200,1.01115241636
23263,23274,23803,11,529,2,7200,1.02079395085
23278,23285,23808,7,523,2,7200,1.01338432122
23279,23292,23854,13,562,2,7200,1.0231316726
23281,23297,23861,16,564,2,7200,1.02836879433
23296,23303,23859,7,556,2,7200,1.01258992806
23297,23309,23866,12,557,2,7200,1.02154398564
23299,23316,23876,17,560,2,7200,1.03035714286
23300,23321,23851,21,530,2,7200,1.03962264151
23315,23328,23876,13,548,2,7200,1.02372262774
23317,23333,23859,16,526,2,7200,1.03041825095
23318,23338,23854,20,516,2,7200,1.03875968992
23333,23346,23913,13,567,2,7200,1.02292768959
23372,23378,23930,6,552,2,7200,1.01086956522
23399,23405,23979,6,574,2,7200,1.01045296167
23417,23425,23886,8,461,2,7200,1.01735357918
23463,23469,24001,6,532,2,7200,1.01127819549
23487,23493,24059,6,566,2,7200,1.01060070671
23502,23509,24008,7,499,2,7200,1.01402805611
23523,23530,24077,7,547,2,7200,1.01279707495
23538,23545,24070,7,525,2,7200,1.01333333333
23540,23552,24102,12,550,2,7200,1.02181818182
23555,23562,24128,7,566,2,7200,1.01236749117
23585,23591,24169,6,578,2,7200,1.01038062284
23624,23631,24198,7,567,2,7200,1.01234567901
23654,23662,24220,8,558,2,7200,1.01433691756
23670,23676,24228,6,552,2,7200,1.01086956522
23671,23683,24242,12,559,2,7200,1.02146690519
23673,23688,24231,15,543,2,7200,1.02762430939
23688,23695,24244,7,549,2,7200,1.01275045537
23703,23710,24210,7,500,2,7200,1.014
23704,23717,24252,13,535,2,7200,1.02429906542
23719,23725,24261,6,536,2,7200,1.01119402985
23734,23740,24302,6,562,2,7200,1.01067615658
23752,23759,24316,7,557,2,7200,1.01256732496
23767,23773,24316,6,543,2,7200,1.01104972376
23782,23789,24329,7,540,2,7200,1.01296296296
23797,23803,24369,6,566,2,7200,1.01060070671
23799,23810,24370,11,560,2,7200,1.01964285714
23814,23820,24383,6,563,2,7200,1.01065719361
23815,23827,24388,12,561,2,7200,1.02139037433
23817,23832,24394,15,562,2,7200,1.02669039146
23832,23839,24386,7,547,2,7200,1.01279707495
23853,23859,24426,6,567,2,7200,1.01058201058
23868,23874,24374,6,500,2,7200,1.012
23870,23881,24440,11,559,2,7200,1.01967799642
23871,23886,24313,15,427,2,7200,1.03512880562
23873,23891,24440,18,549,2,7200,1.03278688525
23874,23897,24477,23,580,2,7200,1.03965517241
23875,23904,24418,29,514,2,7200,1.05642023346
23891,23909,24412,18,503,2,7200,1.03578528827
23892,23915,24491,23,576,2,7200,1.03993055556
23893,23920,24447,27,527,2,7200,1.05123339658
23915,23927,24446,12,519,2,7200,1.02312138728
23933,23939,24485,6,546,2,7200,1.01098901099
23979,23985,24510,6,525,2,7200,1.01142857143
24003,24010,24553,7,543,2,7200,1.01289134438
24018,24025,24553,7,528,2,7200,1.01325757576
24061,24067,24603,6,536,2,7200,1.01119402985
24076,24082,24617,6,535,2,7200,1.01121495327
24090,24098,24643,8,545,2,7200,1.01467889908
24105,24113,24638,8,525,2,7200,1.01523809524
24130,24136,24703,6,567,2,7200,1.01058201058
24172,24179,24722,7,543,2,7200,1.01289134438
24199,24206,24759,7,553,2,7200,1.01265822785
24214,24221,24786,7,565,2,7200,1.01238938053
24229,24236,24797,7,561,2,7200,1.01247771836
24230,24243,24812,13,569,2,7200,1.02284710018
24246,24253,24803,7,550,2,7200,1.01272727273
24248,24260,24756,12,496,2,7200,1.02419354839
24249,24265,24771,16,506,2,7200,1.03162055336
24264,24272,24813,8,541,2,7200,1.01478743068
24265,24277,24843,12,566,2,7200,1.02120141343
24305,24311,24824,6,513,2,7200,1.01169590643
24320,24327,24858,7,531,2,7200,1.0131826742
24322,24334,24898,12,564,2,7200,1.02127659574
24323,24339,24858,16,519,2,7200,1.03082851638
24338,24346,24857,8,511,2,7200,1.0156555773
24371,24378,24904,7,526,2,7200,1.01330798479
24373,24385,24938,12,553,2,7200,1.02169981917
24388,24395,24923,7,528,2,7200,1.01325757576
24390,24402,24937,12,535,2,7200,1.02242990654
24391,24407,24960,16,553,2,7200,1.02893309222
24393,24412,24939,19,527,2,7200,1.03605313093
24408,24420,24996,12,576,2,7200,1.02083333333
24423,24430,24973,7,543,2,7200,1.01289134438
24424,24436,25017,12,581,2,7200,1.02065404475
24440,24446,25005,6,559,2,7200,1.01073345259
24441,24454,25000,13,546,2,7200,1.02380952381
24457,24463,24962,6,499,2,7200,1.0120240481
24458,24470,24923,12,453,2,7200,1.02649006623
24460,24475,25002,15,527,2,7200,1.0284629981
24481,24487,25056,6,569,2,7200,1.01054481547
24496,24503,25051,7,548,2,7200,1.01277372263
24497,24510,25064,13,554,2,7200,1.02346570397
24512,24519,25073,7,554,2,7200,1.01263537906
24555,24561,25123,6,562,2,7200,1.01067615658
24556,24569,25118,13,549,2,7200,1.02367941712
24605,24612,25096,7,484,2,7200,1.01446280992
24619,24625,25174,6,549,2,7200,1.01092896175
24640,24648,25196,8,548,2,7200,1.01459854015
24655,24662,25166,7,504,2,7200,1.01388888889
24704,24711,25229,7,518,2,7200,1.01351351351
24725,24732,25260,7,528,2,7200,1.01325757576
24758,24765,25276,7,511,2,7200,1.01369863014
24773,24780,25302,7,522,2,7200,1.01340996169
24775,24786,25353,11,567,2,7200,1.01940035273
24790,24797,25329,7,532,2,7200,1.01315789474
24805,24812,25383,7,571,2,7200,1.0122591944
24806,24818,25325,12,507,2,7200,1.02366863905
24821,24827,25396,6,569,2,7200,1.01054481547
24822,24833,25393,11,560,2,7200,1.01964285714
24837,24844,25406,7,562,2,7200,1.01245551601
24852,24858,25417,6,559,2,7200,1.01073345259
24867,24873,25441,6,568,2,7200,1.01056338028
24869,24880,25455,11,575,2,7200,1.01913043478
24870,24885,25427,15,542,2,7200,1.02767527675
24900,24906,25469,6,563,2,7200,1.01065719361
24915,24921,25472,6,551,2,7200,1.0108892922
24930,24936,25444,6,508,2,7200,1.01181102362
24931,24943,25459,12,516,2,7200,1.02325581395
24947,24954,25501,7,547,2,7200,1.01279707495
24948,24960,25477,12,517,2,7200,1.02321083172
24949,24966,25511,17,545,2,7200,1.03119266055
24964,24972,25532,8,560,2,7200,1.01428571429
24966,24978,25489,12,511,2,7200,1.02348336595
24980,24988,25519,8,531,2,7200,1.01506591337
25000,25006,25569,6,563,2,7200,1.01065719361
25015,25021,25532,6,511,2,7200,1.01174168297
25017,25027,25569,10,542,2,7200,1.0184501845
25018,25032,25554,14,522,2,7200,1.02681992337
25033,25039,25599,6,560,2,7200,1.01071428571
25054,25060,25625,6,565,2,7200,1.01061946903
25069,25075,25631,6,556,2,7200,1.01079136691
25070,25081,25620,11,539,2,7200,1.02040816327
25085,25092,25652,7,560,2,7200,1.0125
25100,25107,25662,7,555,2,7200,1.01261261261
25121,25127,25703,6,576,2,7200,1.01041666667
25136,25143,25714,7,571,2,7200,1.0122591944
25169,25176,25720,7,544,2,7200,1.01286764706
25184,25191,25759,7,568,2,7200,1.01232394366
25199,25205,25790,6,585,2,7200,1.01025641026
25229,25236,25780,7,544,2,7200,1.01286764706
25262,25268,25832,6,564,2,7200,1.01063829787
25277,25283,25790,6,507,2,7200,1.01183431953
25304,25311,25848,7,537,2,7200,1.01303538175
25328,25334,25857,6,523,2,7200,1.01147227533
25343,25350,25890,7,540,2,7200,1.01296296296
25358,25364,25930,6,566,2,7200,1.01060070671
25385,25391,25955,6,564,2,7200,1.01063829787
25400,25406,25972,6,566,2,7200,1.01060070671
25402,25413,25977,11,564,2,7200,1.0195035461
25416,25424,26005,8,581,2,7200,1.01376936317
25431,25438,25996,7,558,2,7200,1.01254480287
25433,25446,25961,13,515,2,7200,1.02524271845
25448,25456,25999,8,543,2,7200,1.01473296501
25450,25461,26003,11,542,2,7200,1.02029520295
25465,25472,26008,7,536,2,7200,1.01305970149
25466,25479,26010,13,531,2,7200,1.02448210923
25482,25488,26026,6,538,2,7200,1.01115241636
25483,25494,26041,11,547,2,7200,1.02010968921
25485,25500,26047,15,547,2,7200,1.02742230347
25499,25507,26027,8,520,2,7200,1.01538461538
25515,25522,26080,7,558,2,7200,1.01254480287
25516,25529,26034,13,505,2,7200,1.02574257426
25531,25537,26095,6,558,2,7200,1.01075268817
25546,25553,26030,7,477,2,7200,1.01467505241
25548,25559,26123,11,564,2,7200,1.0195035461
25563,25570,26075,7,505,2,7200,1.01386138614
25578,25585,26145,7,560,2,7200,1.0125
25579,25591,26129,12,538,2,7200,1.02230483271
25600,25606,26138,6,532,2,7200,1.01127819549
25621,25627,26191,6,564,2,7200,1.01063829787
25636,25643,26175,7,532,2,7200,1.01315789474
25638,25650,26211,12,561,2,7200,1.02139037433
25656,25662,26199,6,537,2,7200,1.01117318436
25671,25677,26243,6,566,2,7200,1.01060070671
25704,25710,26264,6,554,2,7200,1.01083032491
25719,25726,26256,7,530,2,7200,1.01320754717
25734,25740,26199,6,459,2,7200,1.01307189542
25761,25767,26305,6,538,2,7200,1.01115241636
25782,25789,26359,7,570,2,7200,1.01228070175
25797,25803,26363,6,560,2,7200,1.01071428571
25799,25810,26335,11,525,2,7200,1.02095238095
25835,25842,26375,7,533,2,7200,1.01313320826
25850,25857,26428,7,571,2,7200,1.0122591944
25865,25872,26414,7,542,2,7200,1.01291512915
25892,25898,26410,6,512,2,7200,1.01171875
25931,25937,26495,6,558,2,7200,1.01075268817
25955,25962,26463,7,501,2,7200,1.01397205589
25970,25977,26534,7,557,2,7200,1.01256732496
25985,25991,26552,6,561,2,7200,1.01069518717
25987,25998,26539,11,541,2,7200,1.02033271719
26002,26009,26556,7,547,2,7200,1.01279707495
26003,26016,26511,13,495,2,7200,1.02626262626
26019,26025,26569,6,544,2,7200,1.01102941176
26021,26033,26582,12,549,2,7200,1.0218579235
26022,26038,26574,16,536,2,7200,1.02985074627
26023,26043,26605,20,562,2,7200,1.03558718861
26039,26051,26611,12,560,2,7200,1.02142857143
26040,26056,26602,16,546,2,7200,1.0293040293
26041,26061,26611,20,550,2,7200,1.03636363636
26043,26067,26621,24,554,2,7200,1.04332129964
26058,26074,26611,16,537,2,7200,1.02979515829
26060,26079,26645,19,566,2,7200,1.03356890459
26077,26085,26611,8,526,2,7200,1.01520912548
26092,26100,26597,8,497,2,7200,1.01609657948
26107,26113,26599,6,486,2,7200,1.01234567901
26125,26132,26649,7,517,2,7200,1.01353965184
26140,26146,26710,6,564,2,7200,1.01063829787
26142,26153,26681,11,528,2,7200,1.02083333333
26156,26164,26682,8,518,2,7200,1.01544401544
26178,26185,26726,7,541,2,7200,1.01293900185
26192,26199,26761,7,562,2,7200,1.01245551601
26207,26214,26678,7,464,2,7200,1.0150862069
26209,26220,26760,11,540,2,7200,1.02037037037
26224,26231,26726,7,495,2,7200,1.01414141414
26245,26251,26796,6,545,2,7200,1.01100917431
26260,26266,26837,6,571,2,7200,1.01050788091
26275,26281,26837,6,556,2,7200,1.01079136691
26308,26315,26878,7,563,2,7200,1.01243339254
26338,26344,26909,6,565,2,7200,1.01061946903
26362,26368,26875,6,507,2,7200,1.01183431953
26377,26384,26934,7,550,2,7200,1.01272727273
26379,26391,26931,12,540,2,7200,1.02222222222
26412,26418,26922,6,504,2,7200,1.0119047619
26427,26433,26982,6,549,2,7200,1.01092896175
26442,26448,27019,6,571,2,7200,1.01050788091
26463,26469,26996,6,527,2,7200,1.01138519924
26496,26502,27073,6,571,2,7200,1.01050788091
26511,26518,27055,7,537,2,7200,1.01303538175
26535,26541,27061,6,520,2,7200,1.01153846154
26550,26556,27117,6,561,2,7200,1.01069518717
26565,26571,27066,6,495,2,7200,1.01212121212
26567,26579,27117,12,538,2,7200,1.02230483271
26582,26589,27095,7,506,2,7200,1.01383399209
26583,26596,27105,13,509,2,7200,1.02554027505
26598,26606,27105,8,499,2,7200,1.01603206413
26600,26613,27175,13,562,2,7200,1.0231316726
26616,26623,27200,7,577,2,7200,1.01213171577
26617,26629,27151,12,522,2,7200,1.02298850575
26619,26634,27196,15,562,2,7200,1.02669039146
26620,26640,27126,20,486,2,7200,1.04115226337
26622,26645,27197,23,552,2,7200,1.04166666667
26623,26650,27025,27,375,2,7200,1.072
26624,26657,27222,33,565,2,7200,1.05840707965
26639,26662,27214,23,552,2,7200,1.04166666667
26654,26669,27210,15,541,2,7200,1.02772643253
26656,26674,27236,18,562,2,7200,1.03202846975
26680,26686,27220,6,534,2,7200,1.01123595506
26695,26701,27232,6,531,2,7200,1.01129943503
26697,26708,27241,11,533,2,7200,1.02063789869
26711,26718,27247,7,529,2,7200,1.01323251418
26730,26737,27299,7,562,2,7200,1.01245551601
26731,26744,27314,13,570,2,7200,1.02280701754
26761,26767,27205,6,438,2,7200,1.01369863014
26776,26783,27317,7,534,2,7200,1.01310861423
26797,26804,27347,7,543,2,7200,1.01289134438
26840,26847,27430,7,583,2,7200,1.01200686106
26841,26854,27408,13,554,2,7200,1.02346570397
26878,26885,27412,7,527,2,7200,1.01328273245
26892,26898,27437,6,539,2,7200,1.01113172542
26910,26918,27465,8,547,2,7200,1.01462522852
26925,26932,27462,7,530,2,7200,1.01320754717
26940,26947,27479,7,532,2,7200,1.01315789474
26942,26954,27442,12,488,2,7200,1.02459016393
26984,26991,27492,7,501,2,7200,1.01397205589
26999,27005,27572,6,567,2,7200,1.01058201058
27020,27026,27583,6,557,2,7200,1.01077199282
27035,27041,27556,6,515,2,7200,1.01165048544
27056,27063,27564,7,501,2,7200,1.01397205589
27071,27078,27595,7,517,2,7200,1.01353965184
27073,27084,27642,11,558,2,7200,1.01971326165
27088,27095,27633,7,538,2,7200,1.01301115242
27103,27110,27639,7,529,2,7200,1.01323251418
27118,27126,27676,8,550,2,7200,1.01454545455
27120,27133,27700,13,567,2,7200,1.02292768959
27121,27138,27692,17,554,2,7200,1.03068592058
27123,27144,27702,21,558,2,7200,1.0376344086
27138,27151,27676,13,525,2,7200,1.02476190476
27153,27160,27672,7,512,2,7200,1.013671875
27177,27184,27527,7,343,2,7200,1.02040816327
27198,27205,27748,7,543,2,7200,1.01289134438
27199,27212,27697,13,485,2,7200,1.02680412371
27215,27222,27757,7,535,2,7200,1.01308411215
27217,27229,27767,12,538,2,7200,1.02230483271
27218,27234,27745,16,511,2,7200,1.0313111546
27219,27239,27801,20,562,2,7200,1.03558718861
27235,27246,27806,11,560,2,7200,1.01964285714
27236,27251,27821,15,570,2,7200,1.02631578947
27237,27256,27769,19,513,2,7200,1.03703703704
27253,27264,27759,11,495,2,7200,1.02222222222
27255,27269,27791,14,522,2,7200,1.02681992337
27256,27275,27802,19,527,2,7200,1.03605313093
27302,27309,27873,7,564,2,7200,1.01241134752
27317,27324,27873,7,549,2,7200,1.01275045537
27318,27331,27901,13,570,2,7200,1.02280701754
27349,27355,27899,6,544,2,7200,1.01102941176
27410,27417,27947,7,530,2,7200,1.01320754717
27425,27432,27969,7,537,2,7200,1.01303538175
27440,27447,27967,7,520,2,7200,1.01346153846
27441,27454,27982,13,528,2,7200,1.02462121212
27456,27463,28009,7,546,2,7200,1.01282051282
27471,27478,28050,7,572,2,7200,1.01223776224
27473,27484,28048,11,564,2,7200,1.0195035461
27488,27495,28051,7,556,2,7200,1.01258992806
27503,27510,27996,7,486,2,7200,1.01440329218
27530,27536,28099,6,563,2,7200,1.01065719361
27560,27566,28128,6,562,2,7200,1.01067615658
27575,27582,28099,7,517,2,7200,1.01353965184
27576,27589,28158,13,569,2,7200,1.02284710018
27591,27597,28162,6,565,2,7200,1.01061946903
27606,27612,28153,6,541,2,7200,1.01109057301
27636,27644,28186,8,542,2,7200,1.0147601476
27651,27659,28174,8,515,2,7200,1.01553398058
27653,27665,28196,12,531,2,7200,1.02259887006
27674,27681,28234,7,553,2,7200,1.01265822785
27689,27696,28190,7,494,2,7200,1.01417004049
27691,27703,28259,12,556,2,7200,1.02158273381
27706,27713,28279,7,566,2,7200,1.01236749117
27708,27720,28237,12,517,2,7200,1.02321083172
27709,27725,28287,16,562,2,7200,1.02846975089
27711,27730,28273,19,543,2,7200,1.0349907919
27747,27754,28293,7,539,2,7200,1.01298701299
27762,27768,28337,6,569,2,7200,1.01054481547
27764,27776,28335,12,559,2,7200,1.02146690519
27765,27781,28312,16,531,2,7200,1.03013182674
27780,27788,28310,8,522,2,7200,1.0153256705
27781,27793,28311,12,518,2,7200,1.02316602317
27797,27803,28327,6,524,2,7200,1.01145038168
27812,27818,28384,6,566,2,7200,1.01060070671
27813,27825,28340,12,515,2,7200,1.02330097087
27815,27830,28343,15,513,2,7200,1.02923976608
27830,27837,28399,7,562,2,7200,1.01245551601
27875,27882,28440,7,558,2,7200,1.01254480287
27877,27889,28455,12,566,2,7200,1.02120141343
27901,27908,28401,7,493,2,7200,1.01419878296
27903,27915,28463,12,548,2,7200,1.02189781022
27948,27955,28494,7,539,2,7200,1.01298701299
27969,27976,28535,7,559,2,7200,1.01252236136
27971,27982,28524,11,542,2,7200,1.02029520295
27986,27993,28549,7,556,2,7200,1.01258992806
28001,28007,28516,6,509,2,7200,1.01178781925
28016,28022,28574,6,552,2,7200,1.01086956522
28052,28059,28554,7,495,2,7200,1.01414141414
28054,28067,28628,13,561,2,7200,1.02317290553
28055,28072,28624,17,552,2,7200,1.03079710145
28101,28107,28676,6,569,2,7200,1.01054481547
28102,28114,28631,12,517,2,7200,1.02321083172
28130,28136,28658,6,522,2,7200,1.01149425287
28154,28160,28679,6,519,2,7200,1.01156069364
28169,28175,28709,6,534,2,7200,1.01123595506
28170,28181,28748,11,567,2,7200,1.01940035273
28185,28192,28763,7,571,2,7200,1.0122591944
28201,28207,28782,6,575,2,7200,1.01043478261
28202,28215,28782,13,567,2,7200,1.02292768959
28203,28220,28757,17,537,2,7200,1.03165735568
28237,28244,28764,7,520,2,7200,1.01346153846
28238,28251,28781,13,530,2,7200,1.02452830189
28263,28270,28847,7,577,2,7200,1.01213171577
28278,28284,28818,6,534,2,7200,1.01123595506
28293,28299,28815,6,516,2,7200,1.01162790698
28294,28306,28873,12,567,2,7200,1.02116402116
28309,28316,28815,7,499,2,7200,1.01402805611
28325,28332,28894,7,562,2,7200,1.01245551601
28326,28338,28882,12,544,2,7200,1.02205882353
28327,28344,28889,17,545,2,7200,1.03119266055
28343,28351,28890,8,539,2,7200,1.01484230056
28345,28356,28905,11,549,2,7200,1.02003642987
28346,28363,28906,17,543,2,7200,1.03130755064
28347,28368,28902,21,534,2,7200,1.0393258427
28362,28374,28808,12,434,2,7200,1.02764976959
28387,28393,28946,6,553,2,7200,1.01084990958
28402,28408,28973,6,565,2,7200,1.01061946903
28403,28416,28977,13,561,2,7200,1.02317290553
28443,28449,29004,6,555,2,7200,1.01081081081
28458,28465,29029,7,564,2,7200,1.01241134752
28473,28480,29046,7,566,2,7200,1.01236749117
28497,28504,29046,7,542,2,7200,1.01291512915
28518,28524,29075,6,551,2,7200,1.0108892922
28533,28539,29074,6,535,2,7200,1.01121495327
28548,28555,29088,7,533,2,7200,1.01313320826
28563,28569,29135,6,566,2,7200,1.01060070671
28564,28575,29114,11,539,2,7200,1.02040816327
28582,28589,29118,7,529,2,7200,1.01323251418
28627,28634,29180,7,546,2,7200,1.01282051282
28642,28648,29192,6,544,2,7200,1.01102941176
28643,28654,29201,11,547,2,7200,1.02010968921
28658,28665,29202,7,537,2,7200,1.01303538175
28680,28686,29234,6,548,2,7200,1.01094890511
28681,28693,29269,12,576,2,7200,1.02083333333
28711,28717,29225,6,508,2,7200,1.01181102362
28751,28757,29318,6,561,2,7200,1.01069518717
28766,28773,29345,7,572,2,7200,1.01223776224
28767,28780,29286,13,506,2,7200,1.0256916996
28769,28785,29342,16,557,2,7200,1.02872531418
28784,28791,29361,7,570,2,7200,1.01228070175
28786,28797,29355,11,558,2,7200,1.01971326165
28787,28804,29364,17,560,2,7200,1.03035714286
28811,28818,29255,7,437,2,7200,1.01601830664
28826,28832,29327,6,495,2,7200,1.01212121212
28828,28839,29386,11,547,2,7200,1.02010968921
28829,28844,29380,15,536,2,7200,1.02798507463
28850,28857,29404,7,547,2,7200,1.01279707495
28874,28882,29428,8,546,2,7200,1.01465201465
28889,28896,29415,7,519,2,7200,1.01348747592
28891,28903,29459,12,556,2,7200,1.02158273381
28907,28914,29470,7,556,2,7200,1.01258992806
28908,28920,29484,12,564,2,7200,1.02127659574
28909,28926,29433,17,507,2,7200,1.03353057199
28911,28931,29484,20,553,2,7200,1.03616636528
28912,28937,29476,25,539,2,7200,1.04638218924
28949,28956,29508,7,552,2,7200,1.01268115942
28976,28982,29520,6,538,2,7200,1.01115241636
28991,28997,29561,6,564,2,7200,1.01063829787
29006,29013,29551,7,538,2,7200,1.01301115242
29030,29037,29561,7,524,2,7200,1.01335877863
29048,29054,29588,6,534,2,7200,1.01123595506
29050,29061,29631,11,570,2,7200,1.01929824561
29077,29084,29594,7,510,2,7200,1.0137254902
29078,29091,29604,13,513,2,7200,1.0253411306
29093,29099,29615,6,516,2,7200,1.01162790698
29114,29121,29686,7,565,2,7200,1.01238938053
29129,29136,29675,7,539,2,7200,1.01298701299
29144,29150,29711,6,561,2,7200,1.01069518717
29183,29190,29725,7,535,2,7200,1.01308411215
29198,29205,29772,7,567,2,7200,1.01234567901
29213,29219,29731,6,512,2,7200,1.01171875
29215,29227,29766,12,539,2,7200,1.02226345083
29230,29236,29646,6,410,2,7200,1.01463414634
29244,29251,29764,7,513,2,7200,1.01364522417
29259,29265,29733,6,468,2,7200,1.01282051282
29274,29281,29831,7,550,2,7200,1.01272727273
29289,29296,29682,7,386,2,7200,1.01813471503
29320,29326,29846,6,520,2,7200,1.01153846154
29334,29341,29872,7,531,2,7200,1.0131826742
29349,29356,29877,7,521,2,7200,1.01343570058
29351,29362,29919,11,557,2,7200,1.0197486535
29366,29373,29939,7,566,2,7200,1.01236749117
29368,29379,29922,11,543,2,7200,1.02025782689
29369,29385,29907,16,522,2,7200,1.030651341
29384,29391,29958,7,567,2,7200,1.01234567901
29399,29405,29886,6,481,2,7200,1.01247401247
29414,29421,29979,7,558,2,7200,1.01254480287
29430,29437,29976,7,539,2,7200,1.01298701299
29432,29444,29996,12,552,2,7200,1.02173913043
29447,29453,30030,6,577,2,7200,1.01039861352
29462,29469,29903,7,434,2,7200,1.01612903226
29477,29483,30037,6,554,2,7200,1.01083032491
29478,29490,30049,12,559,2,7200,1.02146690519
29493,29500,30063,7,563,2,7200,1.01243339254
29495,29507,30070,12,563,2,7200,1.02131438721
29510,29516,30077,6,561,2,7200,1.01069518717
29525,29531,30051,6,520,2,7200,1.01153846154
29552,29559,29906,7,347,2,7200,1.02017291066
29567,29573,30128,6,555,2,7200,1.01081081081
29569,29580,29985,11,405,2,7200,1.02716049383
29590,29597,30153,7,556,2,7200,1.01258992806
29605,29611,30089,6,478,2,7200,1.01255230126
29606,29618,30154,12,536,2,7200,1.0223880597
29621,29627,30145,6,518,2,7200,1.01158301158
29636,29642,30200,6,558,2,7200,1.01075268817
29651,29658,30181,7,523,2,7200,1.01338432122
29678,29685,30208,7,523,2,7200,1.01338432122
29680,29692,30259,12,567,2,7200,1.02116402116
29695,29701,30252,6,551,2,7200,1.0108892922
29713,29720,30272,7,552,2,7200,1.01268115942
29728,29734,30281,6,547,2,7200,1.01096892139
29743,29750,30301,7,551,2,7200,1.01270417423
29744,29756,30300,12,544,2,7200,1.02205882353
29763,29769,30304,6,535,2,7200,1.01121495327
29778,29784,30287,6,503,2,7200,1.01192842942
29779,29790,30190,11,400,2,7200,1.0275
29834,29841,30405,7,564,2,7200,1.01241134752
29849,29856,30394,7,538,2,7200,1.01301115242
29873,29880,30393,7,513,2,7200,1.01364522417
29888,29894,30396,6,502,2,7200,1.01195219124
29890,29901,30467,11,566,2,7200,1.01943462898
29905,29912,30424,7,512,2,7200,1.013671875
29920,29927,30474,7,547,2,7200,1.01279707495
29921,29934,30502,13,568,2,7200,1.02288732394
29923,29939,30490,16,551,2,7200,1.02903811252
29938,29946,30522,8,576,2,7200,1.01388888889
29952,29960,30458,8,498,2,7200,1.01606425703
29967,29975,30526,8,551,2,7200,1.01451905626
29982,29989,30537,7,548,2,7200,1.01277372263
29984,29996,30518,12,522,2,7200,1.02298850575
30000,30006,30566,6,560,2,7200,1.01071428571
30001,30014,30543,13,529,2,7200,1.02457466919
30031,30037,30573,6,536,2,7200,1.01119402985
30046,30052,30613,6,561,2,7200,1.01069518717
30061,30067,30647,6,580,2,7200,1.01034482759
30063,30074,30636,11,562,2,7200,1.01957295374
30078,30085,30558,7,473,2,7200,1.01479915433
30079,30092,30628,13,536,2,7200,1.02425373134
30081,30097,30629,16,532,2,7200,1.03007518797
30096,30104,30666,8,562,2,7200,1.01423487544
30129,30136,30678,7,542,2,7200,1.01291512915
30147,30154,30701,7,547,2,7200,1.01279707495
30162,30168,30681,6,513,2,7200,1.01169590643
30164,30176,30711,12,535,2,7200,1.02242990654
30185,30191,30770,6,579,2,7200,1.0103626943
30200,30206,30668,6,462,2,7200,1.01298701299
30215,30222,30754,7,532,2,7200,1.01315789474
30216,30229,30790,13,561,2,7200,1.02317290553
30255,30262,30834,7,572,2,7200,1.01223776224
30270,30278,30842,8,564,2,7200,1.01418439716
30285,30292,30843,7,551,2,7200,1.01270417423
30287,30299,30833,12,534,2,7200,1.02247191011
30302,30309,30883,7,574,2,7200,1.01219512195
30304,30316,30851,12,535,2,7200,1.02242990654
30305,30321,30901,16,580,2,7200,1.0275862069
30320,30327,30886,7,559,2,7200,1.01252236136
30397,30403,30940,6,537,2,7200,1.01117318436
30398,30410,30955,12,545,2,7200,1.02201834862
30399,30415,30984,16,569,2,7200,1.02811950791
30414,30421,30976,7,555,2,7200,1.01261261261
30429,30436,30947,7,511,2,7200,1.01369863014
30459,30465,31028,6,563,2,7200,1.01065719361
30474,30481,31044,7,563,2,7200,1.01243339254
30476,30487,31030,11,543,2,7200,1.02025782689
30494,30501,30975,7,474,2,7200,1.01476793249
30509,30516,31065,7,549,2,7200,1.01275045537
30524,30530,31083,6,553,2,7200,1.01084990958
30526,30537,31109,11,572,2,7200,1.01923076923
30541,30548,31110,7,562,2,7200,1.01245551601
30542,30555,31062,13,507,2,7200,1.02564102564
30557,30564,31128,7,564,2,7200,1.01241134752
30573,30579,31112,6,533,2,7200,1.01125703565
30574,30587,31121,13,534,2,7200,1.02434456929
30589,30596,31126,7,530,2,7200,1.01320754717
30613,30619,31183,6,564,2,7200,1.01063829787
30632,30638,31205,6,567,2,7200,1.01058201058
30633,30645,31186,12,541,2,7200,1.02218114603
30648,30654,31215,6,561,2,7200,1.01069518717
30650,30661,31225,11,564,2,7200,1.0195035461
30668,30675,31180,7,505,2,7200,1.01386138614
30669,30682,31245,13,563,2,7200,1.02309058615
30685,30692,31259,7,567,2,7200,1.01234567901
30686,30699,31258,13,559,2,7200,1.02325581395
30704,30712,31205,8,493,2,7200,1.01622718053
30719,30725,31267,6,542,2,7200,1.0110701107
30756,30763,31309,7,546,2,7200,1.01282051282
30771,30778,31264,7,486,2,7200,1.01440329218
30792,30798,31343,6,545,2,7200,1.01100917431
30835,30842,31409,7,567,2,7200,1.01234567901
30836,30849,31405,13,556,2,7200,1.02338129496
30852,30859,31423,7,564,2,7200,1.01241134752
30853,30866,31428,13,562,2,7200,1.0231316726
30854,30871,31405,17,534,2,7200,1.03183520599
30885,30892,31450,7,558,2,7200,1.01254480287
30900,30906,31440,6,534,2,7200,1.01123595506
30914,30920,31458,6,538,2,7200,1.01115241636
30942,30949,31511,7,562,2,7200,1.01245551601
30957,30964,31418,7,454,2,7200,1.0154185022
30958,30971,31492,13,521,2,7200,1.02495201536
30976,30983,31548,7,565,2,7200,1.01238938053
30978,30990,31543,12,553,2,7200,1.02169981917
30993,31000,31515,7,515,2,7200,1.01359223301
31030,31037,31614,7,577,2,7200,1.01213171577
31045,31052,31611,7,559,2,7200,1.01252236136
31046,31059,31628,13,569,2,7200,1.02284710018
31064,31072,31583,8,511,2,7200,1.0156555773
31079,31086,31639,7,553,2,7200,1.01265822785
31094,31101,31645,7,544,2,7200,1.01286764706
31113,31120,31668,7,548,2,7200,1.01277372263
31114,31127,31672,13,545,2,7200,1.02385321101
31115,31132,31680,17,548,2,7200,1.03102189781
31131,31139,31672,8,533,2,7200,1.01500938086
31132,31144,31711,12,567,2,7200,1.02116402116
31134,31151,31696,17,545,2,7200,1.03119266055
31183,31189,31756,6,567,2,7200,1.01058201058
31198,31204,31746,6,542,2,7200,1.0110701107
31199,31210,31773,11,563,2,7200,1.01953818828
31215,31221,31788,6,567,2,7200,1.01058201058
31217,31228,31726,11,498,2,7200,1.02208835341
31232,31238,31776,6,538,2,7200,1.01115241636
31233,31245,31818,12,573,2,7200,1.02094240838
31248,31254,31784,6,530,2,7200,1.01132075472
31264,31271,31844,7,573,2,7200,1.01221640489
31265,31277,31845,12,568,2,7200,1.02112676056
31267,31284,31835,17,551,2,7200,1.03085299456
31282,31291,31830,9,539,2,7200,1.01669758813
31312,31319,31890,7,571,2,7200,1.0122591944
31346,31353,31898,7,545,2,7200,1.0128440367
31407,31414,31979,7,565,2,7200,1.01238938053
31408,31421,31988,13,567,2,7200,1.02292768959
31424,31431,32001,7,570,2,7200,1.01228070175
31425,31438,31949,13,511,2,7200,1.02544031311
31427,31443,31976,16,533,2,7200,1.03001876173
31442,31450,31982,8,532,2,7200,1.01503759398
31443,31455,32025,12,570,2,7200,1.02105263158
31458,31464,32011,6,547,2,7200,1.01096892139
31473,31480,32042,7,562,2,7200,1.01245551601
31495,31501,31989,6,488,2,7200,1.01229508197
31513,31519,32046,6,527,2,7200,1.01138519924
31527,31535,32064,8,529,2,7200,1.01512287335
31546,31553,32119,7,566,2,7200,1.01236749117
31560,31568,32082,8,514,2,7200,1.01556420233
31585,31591,32156,6,565,2,7200,1.01061946903
31612,31619,32171,7,552,2,7200,1.01268115942
31627,31634,32060,7,426,2,7200,1.01643192488
31642,31648,32161,6,513,2,7200,1.01169590643
31643,31655,32231,12,576,2,7200,1.02083333333
31658,31666,32227,8,561,2,7200,1.01426024955
31674,31681,32240,7,559,2,7200,1.01252236136
31675,31688,32254,13,566,2,7200,1.02296819788
31676,31693,32269,17,576,2,7200,1.02951388889
31691,31700,32232,9,532,2,7200,1.01691729323
31706,31712,32216,6,504,2,7200,1.0119047619
31721,31728,32261,7,533,2,7200,1.01313320826
31736,31742,32279,6,537,2,7200,1.01117318436
31751,31757,32254,6,497,2,7200,1.01207243461
31766,31773,32348,7,575,2,7200,1.01217391304
31781,31787,32328,6,541,2,7200,1.01109057301
31783,31794,32336,11,542,2,7200,1.02029520295
31798,31804,32378,6,574,2,7200,1.01045296167
31799,31812,32355,13,543,2,7200,1.02394106814
31820,31827,32358,7,531,2,7200,1.0131826742
31835,31842,32421,7,579,2,7200,1.01208981002
31837,31849,32401,12,552,2,7200,1.02173913043
31852,31860,32390,8,530,2,7200,1.01509433962
31854,31865,32398,11,533,2,7200,1.02063789869
31893,31899,32427,6,528,2,7200,1.01136363636
31908,31915,32412,7,497,2,7200,1.01408450704
31950,31958,32508,8,550,2,7200,1.01454545455
31978,31985,32531,7,546,2,7200,1.01282051282
31993,32000,32539,7,539,2,7200,1.01298701299
31995,32007,32574,12,567,2,7200,1.02116402116
31996,32012,32556,16,544,2,7200,1.02941176471
31998,32018,32536,20,518,2,7200,1.03861003861
32013,32025,32418,12,393,2,7200,1.03053435115
32014,32030,32533,16,503,2,7200,1.03180914513
32029,32037,32547,8,510,2,7200,1.01568627451
32044,32051,32574,7,523,2,7200,1.01338432122
32059,32066,32628,7,562,2,7200,1.01245551601
32074,32080,32645,6,565,2,7200,1.01061946903
32075,32087,32624,12,537,2,7200,1.02234636872
32090,32097,32665,7,568,2,7200,1.01232394366
32120,32127,32678,7,551,2,7200,1.01270417423
32157,32163,32701,6,538,2,7200,1.01115241636
32172,32178,32739,6,561,2,7200,1.01069518717
32173,32184,32749,11,565,2,7200,1.01946902655
32219,32225,32734,6,509,2,7200,1.01178781925
32234,32241,32754,7,513,2,7200,1.01364522417
32236,32248,32787,12,539,2,7200,1.02226345083
32237,32253,32799,16,546,2,7200,1.0293040293
32252,32260,32825,8,565,2,7200,1.01415929204
32267,32273,32830,6,557,2,7200,1.01077199282
32269,32280,32818,11,538,2,7200,1.02044609665
32270,32286,32851,16,565,2,7200,1.02831858407
32285,32293,32791,8,498,2,7200,1.01606425703
32287,32298,32871,11,573,2,7200,1.01919720768
32329,32335,32880,6,545,2,7200,1.01100917431
32344,32350,32881,6,531,2,7200,1.01129943503
32359,32366,32903,7,537,2,7200,1.01303538175
32361,32372,32925,11,553,2,7200,1.0198915009
32362,32378,32948,16,570,2,7200,1.02807017544
32380,32386,32955,6,569,2,7200,1.01054481547
32395,32401,32892,6,491,2,7200,1.01221995927
32410,32417,32787,7,370,2,7200,1.01891891892
32412,32424,32916,12,492,2,7200,1.0243902439
32427,32433,32979,6,546,2,7200,1.01098901099
32429,32440,32990,11,550,2,7200,1.02
32430,32445,32995,15,550,2,7200,1.02727272727
32431,32450,33017,19,567,2,7200,1.03350970018
32510,32516,33100,6,584,2,7200,1.0102739726
32531,32538,33085,7,547,2,7200,1.01279707495
32547,32554,33008,7,454,2,7200,1.0154185022
32548,32561,33033,13,472,2,7200,1.02754237288
32550,32566,33108,16,542,2,7200,1.0295202952
32565,32572,33142,7,570,2,7200,1.01228070175
32566,32578,33093,12,515,2,7200,1.02330097087
32581,32588,33150,7,562,2,7200,1.01245551601
32582,32595,33129,13,534,2,7200,1.02434456929
32625,32631,33198,6,567,2,7200,1.01058201058
32640,32646,33164,6,518,2,7200,1.01158301158
32654,32661,33200,7,539,2,7200,1.01298701299
32669,32676,33234,7,558,2,7200,1.01254480287
32684,32691,33241,7,550,2,7200,1.01272727273
32702,32708,33261,6,553,2,7200,1.01084990958
32735,32743,33320,8,577,2,7200,1.01386481802
32751,32758,33307,7,549,2,7200,1.01275045537
32752,32765,33172,13,407,2,7200,1.03194103194
32767,32773,33317,6,544,2,7200,1.01102941176
32788,32795,33356,7,561,2,7200,1.01247771836
32790,32802,33369,12,567,2,7200,1.02116402116
32805,32812,33390,7,578,2,7200,1.01211072664
32807,32819,33284,12,465,2,7200,1.02580645161
32822,32828,33387,6,559,2,7200,1.01073345259
32837,32844,33383,7,539,2,7200,1.01298701299
32839,32850,33397,11,547,2,7200,1.02010968921
32854,32861,33375,7,514,2,7200,1.01361867704
32872,32878,33414,6,536,2,7200,1.01119402985
32887,32894,33443,7,549,2,7200,1.01275045537
32888,32899,33405,11,506,2,7200,1.02173913043
32903,32910,33465,7,555,2,7200,1.01261261261
32905,32917,33471,12,554,2,7200,1.02166064982
32920,32926,33460,6,534,2,7200,1.01123595506
32935,32942,33449,7,507,2,7200,1.01380670611
32949,32956,33443,7,487,2,7200,1.01437371663
32964,32970,33494,6,524,2,7200,1.01145038168
32979,32985,33545,6,560,2,7200,1.01071428571
32994,33000,33552,6,552,2,7200,1.01086956522
33009,33015,33537,6,522,2,7200,1.01149425287
33010,33022,33516,12,494,2,7200,1.02429149798
33025,33032,33590,7,558,2,7200,1.01254480287
33040,33046,33574,6,528,2,7200,1.01136363636
33086,33093,33598,7,505,2,7200,1.01386138614
33101,33107,33672,6,565,2,7200,1.01061946903
33102,33113,33644,11,531,2,7200,1.02071563089
33117,33124,33693,7,569,2,7200,1.01230228471
33132,33138,33709,6,571,2,7200,1.01050788091
33147,33154,33703,7,549,2,7200,1.01275045537
33162,33168,33709,6,541,2,7200,1.01109057301
33177,33183,33752,6,569,2,7200,1.01054481547
33178,33190,33738,12,548,2,7200,1.02189781022
33200,33207,33754,7,547,2,7200,1.01279707495
33201,33214,33752,13,538,2,7200,1.02416356877
33235,33241,33785,6,544,2,7200,1.01102941176
33249,33256,33794,7,538,2,7200,1.01301115242
33264,33270,33800,6,530,2,7200,1.01132075472
33285,33292,33835,7,543,2,7200,1.01289134438
33309,33315,33880,6,565,2,7200,1.01061946903
33324,33332,33851,8,519,2,7200,1.01541425819
33326,33338,33892,12,554,2,7200,1.02166064982
33359,33366,33916,7,550,2,7200,1.01272727273
33374,33380,33905,6,525,2,7200,1.01142857143
33390,33396,33933,6,537,2,7200,1.01117318436
33391,33403,33951,12,548,2,7200,1.02189781022
33392,33408,33975,16,567,2,7200,1.02821869489
33407,33415,33934,8,519,2,7200,1.01541425819
33409,33420,33961,11,541,2,7200,1.02033271719
33410,33427,33965,17,538,2,7200,1.03159851301
33425,33434,33994,9,560,2,7200,1.01607142857
33446,33452,33933,6,481,2,7200,1.01247401247
33448,33460,34007,12,547,2,7200,1.02193784278
33463,33469,34019,6,550,2,7200,1.01090909091
33464,33476,34042,12,566,2,7200,1.02120141343
33479,33486,34056,7,570,2,7200,1.01228070175
33481,33493,33984,12,491,2,7200,1.02443991853
33496,33502,34035,6,533,2,7200,1.01125703565
33517,33524,34046,7,522,2,7200,1.01340996169
33538,33545,34101,7,556,2,7200,1.01258992806
33553,33559,34115,6,556,2,7200,1.01079136691
33554,33565,34113,11,548,2,7200,1.0200729927
33575,33582,34133,7,551,2,7200,1.01270417423
33590,33598,34141,8,543,2,7200,1.01473296501
33605,33611,34169,6,558,2,7200,1.01075268817
33645,33651,34192,6,541,2,7200,1.01109057301
33675,33681,34250,6,569,2,7200,1.01054481547
33696,33703,34238,7,535,2,7200,1.01308411215
33711,33717,34275,6,558,2,7200,1.01075268817
33712,33724,34274,12,550,2,7200,1.02181818182
33714,33729,34276,15,547,2,7200,1.02742230347
33741,33747,34310,6,563,2,7200,1.01065719361
33756,33762,34317,6,555,2,7200,1.01081081081
33758,33769,34312,11,543,2,7200,1.02025782689
33759,33774,34327,15,553,2,7200,1.02712477396
33786,33792,34336,6,544,2,7200,1.01102941176
33801,33808,34380,7,572,2,7200,1.01223776224
33803,33815,34373,12,558,2,7200,1.02150537634
33836,33843,34401,7,558,2,7200,1.01254480287
33854,33860,34383,6,523,2,7200,1.01147227533
33881,33888,34428,7,540,2,7200,1.01296296296
33896,33903,34426,7,523,2,7200,1.01338432122
33911,33917,34463,6,546,2,7200,1.01098901099
33926,33932,34462,6,530,2,7200,1.01132075472
33941,33947,34452,6,505,2,7200,1.01188118812
33942,33954,34498,12,544,2,7200,1.02205882353
33944,33959,34522,15,563,2,7200,1.02664298401
33959,33965,34526,6,561,2,7200,1.01069518717
33974,33981,34543,7,562,2,7200,1.01245551601
33975,33988,34556,13,568,2,7200,1.02288732394
33990,33997,34536,7,539,2,7200,1.01298701299
33992,34004,34382,12,378,2,7200,1.03174603175
34007,34014,34582,7,568,2,7200,1.01232394366
34008,34021,34568,13,547,2,7200,1.02376599634
34023,34030,34529,7,499,2,7200,1.01402805611
34038,34045,34544,7,499,2,7200,1.01402805611
34053,34059,34615,6,556,2,7200,1.01079136691
34055,34067,34630,12,563,2,7200,1.02131438721
34070,34076,34617,6,541,2,7200,1.01109057301
34103,34110,34661,7,551,2,7200,1.01270417423
34118,34124,34671,6,547,2,7200,1.01096892139
34119,34131,34671,12,540,2,7200,1.02222222222
34134,34141,34661,7,520,2,7200,1.01346153846
34149,34156,34656,7,500,2,7200,1.014
34170,34177,34713,7,536,2,7200,1.01305970149
34194,34200,34765,6,565,2,7200,1.01061946903
34240,34247,34790,7,543,2,7200,1.01289134438
34255,34261,34811,6,550,2,7200,1.01090909091
34276,34282,34842,6,560,2,7200,1.01071428571
34277,34289,34834,12,545,2,7200,1.02201834862
34279,34294,34836,15,542,2,7200,1.02767527675
34312,34320,34857,8,537,2,7200,1.01489757914
34314,34327,34908,13,581,2,7200,1.02237521515
34329,34336,34891,7,555,2,7200,1.01261261261
34331,34343,34895,12,552,2,7200,1.02173913043
34346,34353,34877,7,524,2,7200,1.01335877863
34376,34383,34899,7,516,2,7200,1.01356589147
34391,34397,34949,6,552,2,7200,1.01086956522
34393,34403,34974,10,571,2,7200,1.01751313485
34394,34409,34929,15,520,2,7200,1.02884615385
34409,34415,34984,6,569,2,7200,1.01054481547
34427,34434,34911,7,477,2,7200,1.01467505241
34442,34449,34992,7,543,2,7200,1.01289134438
34457,34463,35008,6,545,2,7200,1.01100917431
34472,34478,35041,6,563,2,7200,1.01065719361
34474,34486,35033,12,547,2,7200,1.02193784278
34501,34508,35077,7,569,2,7200,1.01230228471
34525,34531,35097,6,566,2,7200,1.01060070671
34541,34547,35029,6,482,2,7200,1.01244813278
34542,34554,35086,12,532,2,7200,1.02255639098
34544,34559,35086,15,527,2,7200,1.0284629981
34559,34566,35110,7,544,2,7200,1.01286764706
34560,34573,35090,13,517,2,7200,1.0251450677
34562,34578,35143,16,565,2,7200,1.02831858407
34577,34585,35126,8,541,2,7200,1.01478743068
34592,34598,35166,6,568,2,7200,1.01056338028
34616,34622,35164,6,542,2,7200,1.0110701107
34631,34637,35191,6,554,2,7200,1.01083032491
34632,34644,35174,12,530,2,7200,1.02264150943
34660,34667,35150,7,483,2,7200,1.01449275362
34675,34682,35249,7,567,2,7200,1.01234567901
34677,34689,35231,12,542,2,7200,1.0221402214
34678,34694,35219,16,525,2,7200,1.03047619048
34680,34700,35257,20,557,2,7200,1.03590664273
34716,34723,35280,7,557,2,7200,1.01256732496
34767,34775,35349,8,574,2,7200,1.01393728223
34792,34799,35357,7,558,2,7200,1.01254480287
34813,34820,35333,7,513,2,7200,1.01364522417
34837,34843,35407,6,564,2,7200,1.01063829787
34838,34850,35407,12,557,2,7200,1.02154398564
34853,34859,35429,6,570,2,7200,1.01052631579
34868,34874,35417,6,543,2,7200,1.01104972376
34883,34890,35442,7,552,2,7200,1.01268115942
34898,34904,35388,6,484,2,7200,1.01239669421
34900,34911,35462,11,551,2,7200,1.01996370236
34915,34922,35421,7,499,2,7200,1.01402805611
34917,34929,35480,12,551,2,7200,1.02177858439
34918,34934,35450,16,516,2,7200,1.03100775194
34933,34940,35492,7,552,2,7200,1.01268115942
34951,34958,35531,7,573,2,7200,1.01221640489
34975,34981,35512,6,531,2,7200,1.01129943503
34990,34997,35533,7,536,2,7200,1.01305970149
35005,35011,35430,6,419,2,7200,1.01431980907
35020,35026,35531,6,505,2,7200,1.01188118812
35035,35041,35571,6,530,2,7200,1.01132075472
35037,35048,35562,11,514,2,7200,1.02140077821
35051,35059,35627,8,568,2,7200,1.01408450704
35079,35086,35656,7,570,2,7200,1.01228070175
35094,35101,35638,7,537,2,7200,1.01303538175
35096,35108,35625,12,517,2,7200,1.02321083172
35097,35113,35639,16,526,2,7200,1.03041825095
35112,35119,35679,7,560,2,7200,1.0125
35114,35126,35707,12,581,2,7200,1.02065404475
35129,35135,35670,6,535,2,7200,1.01121495327
35144,35151,35691,7,540,2,7200,1.01296296296
35158,35165,35728,7,563,2,7200,1.01243339254
35174,35180,35747,6,567,2,7200,1.01058201058
35175,35187,35738,12,551,2,7200,1.02177858439
35191,35197,35734,6,537,2,7200,1.01117318436
35206,35212,35718,6,506,2,7200,1.01185770751
35221,35228,35670,7,442,2,7200,1.01583710407
35235,35242,35799,7,557,2,7200,1.01256732496
35250,35258,35802,8,544,2,7200,1.01470588235
35265,35272,35799,7,527,2,7200,1.01328273245
35283,35289,35837,6,548,2,7200,1.01094890511
35335,35341,35906,6,565,2,7200,1.01061946903
35350,35357,35891,7,534,2,7200,1.01310861423
35365,35371,35922,6,551,2,7200,1.0108892922
35389,35395,35950,6,555,2,7200,1.01081081081
35410,35416,35960,6,544,2,7200,1.01102941176
35412,35423,35922,11,499,2,7200,1.02204408818
35427,35434,35982,7,548,2,7200,1.01277372263
35428,35440,35999,12,559,2,7200,1.02146690519
35444,35450,36021,6,571,2,7200,1.01050788091
35445,35458,36014,13,556,2,7200,1.02338129496
35447,35463,36012,16,549,2,7200,1.029143898
35462,35470,36018,8,548,2,7200,1.01459854015
35476,35483,36026,7,543,2,7200,1.01289134438
35491,35498,36052,7,554,2,7200,1.01263537906
35506,35513,36036,7,523,2,7200,1.01338432122
35521,35527,36054,6,527,2,7200,1.01138519924
35537,35543,36070,6,527,2,7200,1.01138519924
35538,35550,36111,12,561,2,7200,1.02139037433
35539,35555,36114,16,559,2,7200,1.02862254025
35564,35571,36148,7,577,2,7200,1.01213171577
35579,35585,36147,6,562,2,7200,1.01067615658
35627,35634,36177,7,543,2,7200,1.01289134438
35629,35641,36203,12,562,2,7200,1.02135231317
35644,35652,36221,8,569,2,7200,1.01405975395
35646,35657,36218,11,561,2,7200,1.01960784314
35661,35668,36241,7,573,2,7200,1.01221640489
35676,35683,36248,7,565,2,7200,1.01238938053
35677,35689,36232,12,543,2,7200,1.02209944751
35692,35698,36233,6,535,2,7200,1.01121495327
35693,35704,36256,11,552,2,7200,1.01992753623
35708,35715,36282,7,567,2,7200,1.01234567901
35723,35730,36205,7,475,2,7200,1.01473684211
35739,35745,36285,6,540,2,7200,1.01111111111
35740,35753,36314,13,561,2,7200,1.02317290553
35741,35758,36323,17,565,2,7200,1.03008849558
35756,35765,36303,9,538,2,7200,1.01672862454
35802,35809,36350,7,541,2,7200,1.01293900185
35803,35816,36365,13,549,2,7200,1.02367941712
35818,35824,36380,6,556,2,7200,1.01079136691
35839,35847,36425,8,578,2,7200,1.01384083045
35894,35900,36446,6,546,2,7200,1.01098901099
35909,35915,36451,6,536,2,7200,1.01119402985
35924,35931,36443,7,512,2,7200,1.013671875
35926,35938,36477,12,539,2,7200,1.02226345083
35950,35956,36459,6,503,2,7200,1.01192842942
35965,35971,36484,6,513,2,7200,1.01169590643
35983,35989,36560,6,571,2,7200,1.01050788091
36001,36007,36529,6,522,2,7200,1.01149425287
36016,36023,36558,7,535,2,7200,1.01308411215
36018,36029,36568,11,539,2,7200,1.02040816327
36033,36040,36576,7,536,2,7200,1.01305970149
36035,36047,36581,12,534,2,7200,1.02247191011
36036,36052,36580,16,528,2,7200,1.0303030303
36051,36059,36627,8,568,2,7200,1.01408450704
36066,36072,36618,6,546,2,7200,1.01098901099
36067,36079,36628,12,549,2,7200,1.0218579235
36082,36089,36628,7,539,2,7200,1.01298701299
36112,36119,36669,7,550,2,7200,1.01272727273
36127,36134,36698,7,564,2,7200,1.01241134752
36149,36155,36695,6,540,2,7200,1.01111111111
36150,36162,36713,12,551,2,7200,1.02177858439
36180,36186,36684,6,498,2,7200,1.01204819277
36203,36209,36214,6,5,4,54000,1.1
36205,36216,36790,11,574,2,7200,1.01916376307
36220,36225,36794,5,569,2,7200,1.00878734622
36221,36232,36751,11,519,2,7200,1.02119460501
36228,36239,70097,11,33858,8,54000,1.00032488629
36236,36245,36811,9,566,2,7200,1.01590106007
36238,36251,36816,13,565,2,7200,1.02300884956
36239,36256,36758,17,502,2,7200,1.03386454183
36254,36263,36814,9,551,2,7200,1.01633393829
36255,36268,36792,13,524,2,7200,1.02480916031
36271,36277,36823,6,546,2,7200,1.01098901099
36286,36293,36859,7,566,2,7200,1.01236749117
36287,36300,36856,13,556,2,7200,1.02338129496
36305,36312,36861,7,549,2,7200,1.01275045537
36320,36328,36877,8,549,2,7200,1.014571949
36335,36342,36901,7,559,2,7200,1.01252236136
36353,36359,36883,6,524,2,7200,1.01145038168
36368,36375,36937,7,562,2,7200,1.01245551601
36383,36390,36904,7,514,2,7200,1.01361867704
36428,36434,36999,6,565,2,7200,1.01061946903
36443,36449,36951,6,502,2,7200,1.01195219124
36448,36782,66535,334,29753,8,54060,1.01122575875
36459,36466,37002,7,536,2,7200,1.01305970149
36460,36473,37039,13,566,2,7200,1.02296819788
36475,36481,37036,6,555,2,7200,1.01081081081
36490,36497,37049,7,552,2,7200,1.01268115942
36492,36504,37043,12,539,2,7200,1.02226345083
36531,36537,37102,6,565,2,7200,1.01061946903
36562,36568,37099,6,531,2,7200,1.01129943503
36563,36575,37121,12,546,2,7200,1.02197802198
36578,36585,37107,7,522,2,7200,1.01340996169
36580,36591,37019,11,428,2,7200,1.02570093458
36595,36601,37147,6,546,2,7200,1.01098901099
36596,36608,37148,12,540,2,7200,1.02222222222
36621,36628,37160,7,532,2,7200,1.01315789474
36636,36643,37205,7,562,2,7200,1.01245551601
36637,36650,37204,13,554,2,7200,1.02346570397
36638,36655,37193,17,538,2,7200,1.03159851301
36672,36678,37222,6,544,2,7200,1.01102941176
36687,36693,37248,6,555,2,7200,1.01081081081
36702,36708,37266,6,558,2,7200,1.01075268817
36703,36714,37263,11,549,2,7200,1.02003642987
36718,36725,37253,7,528,2,7200,1.01325757576
36751,36758,37322,7,564,2,7200,1.01241134752
36766,36773,37354,7,581,2,7200,1.01204819277
36790,36796,37336,6,540,2,7200,1.01111111111
36805,36811,37321,6,510,2,7200,1.01176470588
36807,36818,37374,11,556,2,7200,1.01978417266
36822,36829,37373,7,544,2,7200,1.01286764706
36824,36835,37378,11,543,2,7200,1.02025782689
36825,36841,37406,16,565,2,7200,1.02831858407
36840,36848,37377,8,529,2,7200,1.01512287335
36858,36865,37390,7,525,2,7200,1.01333333333
36874,36881,37435,7,554,2,7200,1.01263537906
36876,36888,37348,12,460,2,7200,1.02608695652
36891,36898,37446,7,548,2,7200,1.01277372263
36892,36905,37430,13,525,2,7200,1.02476190476
36907,36913,37489,6,576,2,7200,1.01041666667
36909,36920,37456,11,536,2,7200,1.02052238806
36939,36945,37492,6,547,2,7200,1.01096892139
36954,36960,37504,6,544,2,7200,1.01102941176
37002,37008,37569,6,561,2,7200,1.01069518717
37004,37015,37529,11,514,2,7200,1.02140077821
37022,37029,37597,7,568,2,7200,1.01232394366
37037,37113,64501,76,27388,8,54120,1.00277493793
37037,37043,37594,6,551,2,7200,1.0108892922
37052,37058,37536,6,478,2,7200,1.01255230126
37053,37065,37611,12,546,2,7200,1.02197802198
37055,37070,37642,15,572,2,7200,1.02622377622
37100,37107,37559,7,452,2,7200,1.01548672566
37115,37121,37674,6,553,2,7200,1.01084990958
37117,37128,37607,11,479,2,7200,1.02296450939
37132,37139,37706,7,567,2,7200,1.01234567901
37150,37156,37708,6,552,2,7200,1.01086956522
37151,37163,37669,12,506,2,7200,1.02371541502
37166,37174,37710,8,536,2,7200,1.01492537313
37197,37204,37771,7,567,2,7200,1.01234567901
37212,37218,37791,6,573,2,7200,1.01047120419
37213,37225,37772,12,547,2,7200,1.02193784278
37228,37234,37775,6,541,2,7200,1.01109057301
37249,37255,37816,6,561,2,7200,1.01069518717
37264,37271,37788,7,517,2,7200,1.01353965184
37266,37277,37804,11,527,2,7200,1.02087286528
37281,37288,37836,7,548,2,7200,1.01277372263
37323,37329,37835,6,506,2,7200,1.01185770751
37325,37337,37846,12,509,2,7200,1.02357563851
37340,37346,37916,6,570,2,7200,1.01052631579
37355,37361,37933,6,572,2,7200,1.01048951049
37356,37369,37925,13,556,2,7200,1.02338129496
37374,37381,37937,7,556,2,7200,1.01258992806
37376,37388,37932,12,544,2,7200,1.02205882353
37391,37398,37960,7,562,2,7200,1.01245551601
37393,37404,37962,11,558,2,7200,1.01971326165
37394,37410,37926,16,516,2,7200,1.03100775194
37409,37417,37993,8,576,2,7200,1.01388888889
37433,37440,37957,7,517,2,7200,1.01353965184
37448,37454,38004,6,550,2,7200,1.01090909091
37449,37461,38027,12,566,2,7200,1.02120141343
37464,37470,38049,6,579,2,7200,1.0103626943
37491,37497,38034,6,537,2,7200,1.01117318436
37493,37504,38039,11,535,2,7200,1.02056074766
37508,37515,38047,7,532,2,7200,1.01315789474
37532,37539,38107,7,568,2,7200,1.01232394366
37547,37554,38090,7,536,2,7200,1.01305970149
37562,37568,38104,6,536,2,7200,1.01119402985
37577,37584,38114,7,530,2,7200,1.01320754717
37594,37601,38169,7,568,2,7200,1.01232394366
37610,37616,38164,6,548,2,7200,1.01094890511
37611,37623,38135,12,512,2,7200,1.0234375
37626,37633,38199,7,566,2,7200,1.01236749117
37644,37650,38146,6,496,2,7200,1.01209677419
37671,37679,38229,8,550,2,7200,1.01454545455
37686,37693,38270,7,577,2,7200,1.01213171577
37707,37714,38254,7,540,2,7200,1.01296296296
37722,37729,38254,7,525,2,7200,1.01333333333
37724,37736,38269,12,533,2,7200,1.02251407129
37772,37779,38333,7,554,2,7200,1.01263537906
37774,37786,38325,12,539,2,7200,1.02226345083
37789,37796,38325,7,529,2,7200,1.01323251418
37791,37802,38323,11,521,2,7200,1.02111324376
37806,37813,38375,7,562,2,7200,1.01245551601
37807,37820,38384,13,564,2,7200,1.02304964539
37822,37830,38374,8,544,2,7200,1.01470588235
37838,37845,38407,7,562,2,7200,1.01245551601
37839,37852,38423,13,571,2,7200,1.02276707531
37854,37861,38391,7,530,2,7200,1.01320754717
37915,37921,38457,6,536,2,7200,1.01119402985
37930,37936,38460,6,524,2,7200,1.01145038168
37932,37943,38479,11,536,2,7200,1.02052238806
37947,37954,38515,7,561,2,7200,1.01247771836
37948,37960,38508,12,548,2,7200,1.02189781022
37950,37966,38524,16,558,2,7200,1.02867383513
37965,37973,38525,8,552,2,7200,1.01449275362
37966,37978,38504,12,526,2,7200,1.02281368821
37968,37985,38508,17,523,2,7200,1.03250478011
37995,38002,38524,7,522,2,7200,1.01340996169
38010,38017,38552,7,535,2,7200,1.01308411215
38028,38034,38606,6,572,2,7200,1.01048951049
38043,38050,38618,7,568,2,7200,1.01232394366
38045,38057,38596,12,539,2,7200,1.02226345083
38060,38067,38592,7,525,2,7200,1.01333333333
38062,38073,38630,11,557,2,7200,1.0197486535
38092,38099,38591,7,492,2,7200,1.01422764228
38107,38114,38591,7,477,2,7200,1.01467505241
38122,38129,38690,7,561,2,7200,1.01247771836
38123,38135,38698,12,563,2,7200,1.02131438721
38139,38146,38685,7,539,2,7200,1.01298701299
38153,38161,38721,8,560,2,7200,1.01428571429
38169,38175,38701,6,526,2,7200,1.01140684411
38184,38190,38741,6,551,2,7200,1.0108892922
38202,38209,38758,7,549,2,7200,1.01275045537
38232,38239,38724,7,485,2,7200,1.01443298969
38256,38262,38797,6,535,2,7200,1.01121495327
38258,38269,38818,11,549,2,7200,1.02003642987
38273,38280,38842,7,562,2,7200,1.01245551601
38274,38287,38829,13,542,2,7200,1.02398523985
38326,38334,38860,8,526,2,7200,1.01520912548
38328,38341,38906,13,565,2,7200,1.02300884956
38329,38346,38896,17,550,2,7200,1.03090909091
38344,38353,38906,9,553,2,7200,1.01627486438
38375,38382,38914,7,532,2,7200,1.01315789474
38390,38397,38953,7,556,2,7200,1.01258992806
38392,38404,38954,12,550,2,7200,1.02181818182
38407,38414,38936,7,522,2,7200,1.01340996169
38422,38429,38958,7,529,2,7200,1.01323251418
38437,38444,38996,7,552,2,7200,1.01268115942
38458,38464,39029,6,565,2,7200,1.01061946903
38473,38480,38942,7,462,2,7200,1.01515151515
38488,38494,39059,6,565,2,7200,1.01061946903
38506,38512,39029,6,517,2,7200,1.01160541586
38521,38527,39047,6,520,2,7200,1.01153846154
38523,38534,39086,11,552,2,7200,1.01992753623
38524,38539,39090,15,551,2,7200,1.02722323049
38539,38546,39062,7,516,2,7200,1.01356589147
38541,38552,39110,11,558,2,7200,1.01971326165
38542,38558,39101,16,543,2,7200,1.02946593002
38557,38565,39113,8,548,2,7200,1.01459854015
38594,38600,39149,6,549,2,7200,1.01092896175
38596,38607,39159,11,552,2,7200,1.01992753623
38597,38613,39172,16,559,2,7200,1.02862254025
38612,38620,39167,8,547,2,7200,1.01462522852
38614,38625,39061,11,436,2,7200,1.0252293578
38629,38635,39196,6,561,2,7200,1.01069518717
38644,38650,39173,6,523,2,7200,1.01147227533
38686,38693,39251,7,558,2,7200,1.01254480287
38701,38707,39239,6,532,2,7200,1.01127819549
38703,38714,39258,11,544,2,7200,1.02022058824
38704,38719,39261,15,542,2,7200,1.02767527675
38722,38728,39254,6,526,2,7200,1.01140684411
38737,38744,39287,7,543,2,7200,1.01289134438
38752,38758,39330,6,572,2,7200,1.01048951049
38767,38774,39318,7,544,2,7200,1.01286764706
38800,38808,39361,8,553,2,7200,1.01446654611
38822,38829,39298,7,469,2,7200,1.01492537313
38837,38844,39407,7,563,2,7200,1.01243339254
38851,38859,39387,8,528,2,7200,1.01515151515
38866,38873,39428,7,555,2,7200,1.01261261261
38896,38904,39475,8,571,2,7200,1.01401050788
38912,38918,39461,6,543,2,7200,1.01104972376
38913,38926,39478,13,552,2,7200,1.02355072464
38928,38935,39459,7,524,2,7200,1.01335877863
38943,38950,39501,7,551,2,7200,1.01270417423
38945,38957,39505,12,548,2,7200,1.02189781022
38960,38967,39494,7,527,2,7200,1.01328273245
38962,38974,39490,12,516,2,7200,1.02325581395
38963,38979,39544,16,565,2,7200,1.02831858407
39000,39006,39566,6,560,2,7200,1.01071428571
39030,39036,39595,6,559,2,7200,1.01073345259
39031,39043,39577,12,534,2,7200,1.02247191011
39050,39057,39609,7,552,2,7200,1.01268115942
39065,39073,39621,8,548,2,7200,1.01459854015
39066,39078,39598,12,520,2,7200,1.02307692308
39068,39085,39618,17,533,2,7200,1.03189493433
39089,39096,39627,7,531,2,7200,1.0131826742
39104,39110,39651,6,541,2,7200,1.01109057301
39105,39117,39668,12,551,2,7200,1.02177858439
39121,39128,39677,7,549,2,7200,1.01275045537
39122,39135,39668,13,533,2,7200,1.0243902439
39152,39159,39702,7,543,2,7200,1.01289134438
39168,39175,39709,7,534,2,7200,1.01310861423
39169,39182,39732,13,550,2,7200,1.02363636364
39184,39190,39774,6,584,2,7200,1.0102739726
39186,39196,39695,10,499,2,7200,1.02004008016
39201,39208,39768,7,560,2,7200,1.0125
39240,39246,39796,6,550,2,7200,1.01090909091
39255,39262,39843,7,581,2,7200,1.01204819277
39257,39268,39833,11,565,2,7200,1.01946902655
39272,39278,39843,6,565,2,7200,1.01061946903
39273,39285,39828,12,543,2,7200,1.02209944751
39288,39294,39871,6,577,2,7200,1.01039861352
39303,39310,39851,7,541,2,7200,1.01293900185
39321,39328,39859,7,531,2,7200,1.0131826742
39336,39343,39903,7,560,2,7200,1.0125
39363,39369,39912,6,543,2,7200,1.01104972376
39387,39395,39964,8,569,2,7200,1.01405975395
39408,39416,39920,8,504,2,7200,1.01587301587
39430,39436,39971,6,535,2,7200,1.01121495327
39463,39470,40054,7,584,2,7200,1.01198630137
39465,39477,39963,12,486,2,7200,1.02469135802
39480,39486,39990,6,504,2,7200,1.0119047619
39481,39493,39997,12,504,2,7200,1.02380952381
39496,39504,40071,8,567,2,7200,1.01410934744
39498,39509,40007,11,498,2,7200,1.02208835341
39513,39520,40072,7,552,2,7200,1.01268115942
39514,39527,40083,13,556,2,7200,1.02338129496
39548,39554,40088,6,534,2,7200,1.01123595506
39569,39575,40083,6,508,2,7200,1.01181102362
39583,39590,40141,7,551,2,7200,1.01270417423
39599,39605,40157,6,552,2,7200,1.01086956522
39600,39612,40075,12,463,2,7200,1.02591792657
39615,39621,40161,6,540,2,7200,1.01111111111
39630,39638,40198,8,560,2,7200,1.01428571429
39632,39645,40210,13,565,2,7200,1.02300884956
39633,39650,40210,17,560,2,7200,1.03035714286
39654,39660,40144,6,484,2,7200,1.01239669421
39669,39676,40218,7,542,2,7200,1.01291512915
39671,39683,40257,12,574,2,7200,1.02090592334
39686,39692,40247,6,555,2,7200,1.01081081081
39701,39707,40242,6,535,2,7200,1.01121495327
39716,39722,40253,6,531,2,7200,1.01129943503
39717,39729,40228,12,499,2,7200,1.02404809619
39735,39742,40303,7,561,2,7200,1.01247771836
39771,39779,40270,8,491,2,7200,1.01629327902
39786,39793,40344,7,551,2,7200,1.01270417423
39801,39807,40318,6,511,2,7200,1.01174168297
39831,39838,40376,7,538,2,7200,1.01301115242
39846,39854,40358,8,504,2,7200,1.01587301587
39848,39859,40359,11,500,2,7200,1.022
39849,39866,40408,17,542,2,7200,1.03136531365
39864,39873,40446,9,573,2,7200,1.01570680628
39865,39878,40394,13,516,2,7200,1.02519379845
39880,39888,40420,8,532,2,7200,1.01503759398
39904,39912,40459,8,547,2,7200,1.01462522852
39919,39925,40488,6,563,2,7200,1.01065719361
39934,39940,40466,6,526,2,7200,1.01140684411
39964,39971,40514,7,543,2,7200,1.01289134438
39966,39978,40506,12,528,2,7200,1.02272727273
39981,39988,40539,7,551,2,7200,1.01270417423
39996,40002,40572,6,570,2,7200,1.01052631579
40011,40017,40575,6,558,2,7200,1.01075268817
40013,40024,40543,11,519,2,7200,1.02119460501
40055,40061,40618,6,557,2,7200,1.01077199282
40073,40080,40584,7,504,2,7200,1.01388888889
40075,40086,40631,11,545,2,7200,1.02018348624
40090,40096,40660,6,564,2,7200,1.01063829787
40092,40103,40671,11,568,2,7200,1.01936619718
40093,40108,40654,15,546,2,7200,1.02747252747
40094,40113,40666,19,553,2,7200,1.03435804702
40143,40149,40666,6,517,2,7200,1.01160541586
40158,40164,40698,6,534,2,7200,1.01123595506
40159,40170,40678,11,508,2,7200,1.02165354331
40174,40180,40749,6,569,2,7200,1.01054481547
40201,40207,40763,6,556,2,7200,1.01079136691
40217,40222,40756,5,534,2,7200,1.00936329588
40218,40230,40714,12,484,2,7200,1.02479338843
40233,40240,40718,7,478,2,7200,1.01464435146
40235,40246,40758,11,512,2,7200,1.021484375
40250,40256,40794,6,538,2,7200,1.01115241636
40251,40262,40613,11,351,2,7200,1.03133903134
40266,40273,40826,7,553,2,7200,1.01265822785
40268,40281,40807,13,526,2,7200,1.0247148289
40283,40289,40797,6,508,2,7200,1.01181102362
40304,40311,40852,7,541,2,7200,1.01293900185
40319,40325,40808,6,483,2,7200,1.01242236025
40346,40353,40807,7,454,2,7200,1.0154185022
40361,40368,40915,7,547,2,7200,1.01279707495
40363,40375,40941,12,566,2,7200,1.02120141343
40378,40385,40917,7,532,2,7200,1.01315789474
40396,40403,40966,7,563,2,7200,1.01243339254
40411,40417,40973,6,556,2,7200,1.01079136691
40426,40432,41012,6,580,2,7200,1.01034482759
40447,40454,40997,7,543,2,7200,1.01289134438
40462,40468,41018,6,550,2,7200,1.01090909091
40464,40475,40979,11,504,2,7200,1.02182539683
40491,40497,41041,6,544,2,7200,1.01102941176
40509,40516,41079,7,563,2,7200,1.01243339254
40524,40531,41078,7,547,2,7200,1.01279707495
40542,40548,41126,6,578,2,7200,1.01038062284
40556,40563,41105,7,542,2,7200,1.01291512915
40575,40582,41127,7,545,2,7200,1.0128440367
40590,40596,41146,6,550,2,7200,1.01090909091
40591,40602,41171,11,569,2,7200,1.01933216169
40615,40622,41144,7,522,2,7200,1.01340996169
40630,40636,41155,6,519,2,7200,1.01156069364
40645,40651,41186,6,535,2,7200,1.01121495327
40660,40666,41208,6,542,2,7200,1.0110701107
40662,40673,41215,11,542,2,7200,1.02029520295
40677,40683,41225,6,542,2,7200,1.0110701107
40679,40690,41248,11,558,2,7200,1.01971326165
40680,40695,41230,15,535,2,7200,1.02803738318
40695,40701,41231,6,530,2,7200,1.01132075472
40710,40716,41294,6,578,2,7200,1.01038062284
40725,40732,41287,7,555,2,7200,1.01261261261
40726,40739,41312,13,573,2,7200,1.02268760908
40750,40756,41232,6,476,2,7200,1.01260504202
40766,40773,41290,7,517,2,7200,1.01353965184
40768,40780,41344,12,564,2,7200,1.02127659574
40769,40785,41334,16,549,2,7200,1.029143898
40797,40803,41366,6,563,2,7200,1.01065719361
40798,40811,41347,13,536,2,7200,1.02425373134
40814,40820,41372,6,552,2,7200,1.01086956522
40815,40827,41353,12,526,2,7200,1.02281368821
40817,40832,41384,15,552,2,7200,1.02717391304
40832,40839,41299,7,460,2,7200,1.0152173913
40853,40859,41417,6,558,2,7200,1.01075268817
40917,40923,41466,6,543,2,7200,1.01104972376
40932,40938,41483,6,545,2,7200,1.01100917431
40947,40954,41444,7,490,2,7200,1.01428571429
40968,40975,41519,7,544,2,7200,1.01286764706
40983,40989,41551,6,562,2,7200,1.01067615658
40984,40996,41535,12,539,2,7200,1.02226345083
40999,41007,41549,8,542,2,7200,1.0147601476
41013,41019,43594,6,2575,1,7200,1.00233009709
41014,41026,41566,12,540,2,7200,1.02222222222
41029,41036,41615,7,579,2,7200,1.01208981002
41044,41051,41589,7,538,2,7200,1.01301115242
41081,41088,41645,7,557,2,7200,1.01256732496
41082,41095,41631,13,536,2,7200,1.02425373134
41106,41114,41670,8,556,2,7200,1.01438848921
41128,41135,41682,7,547,2,7200,1.01279707495
41129,41142,41708,13,566,2,7200,1.02296819788
41144,41151,41704,7,553,2,7200,1.01265822785
41159,41166,41678,7,512,2,7200,1.013671875
41161,41173,41714,12,541,2,7200,1.02218114603
41176,41182,41719,6,537,2,7200,1.01117318436
41191,41197,41740,6,543,2,7200,1.01104972376
41209,41215,41735,6,520,2,7200,1.01153846154
41224,41230,41760,6,530,2,7200,1.01132075472
41239,41246,41767,7,521,2,7200,1.01343570058
41241,41253,41781,12,528,2,7200,1.02272727273
41242,41258,41821,16,563,2,7200,1.02841918295
41244,41263,41778,19,515,2,7200,1.03689320388
41258,41270,41835,12,565,2,7200,1.02123893805
41289,41296,41737,7,441,2,7200,1.01587301587
41304,41310,41814,6,504,2,7200,1.0119047619
41306,41318,41836,12,518,2,7200,1.02316602317
41307,41323,41885,16,562,2,7200,1.02846975089
41322,41330,41907,8,577,2,7200,1.01386481802
41337,41343,41901,6,558,2,7200,1.01075268817
41352,41358,41929,6,571,2,7200,1.01050788091
41353,41365,41932,12,567,2,7200,1.02116402116
41368,41375,41952,7,577,2,7200,1.01213171577
41370,41381,41924,11,543,2,7200,1.02025782689
41385,41392,41905,7,513,2,7200,1.01364522417
41386,41399,41934,13,535,2,7200,1.02429906542
41420,41426,41939,6,513,2,7200,1.01169590643
41447,41454,42020,7,566,2,7200,1.01236749117
41468,41475,42013,7,538,2,7200,1.01301115242
41486,41492,42041,6,549,2,7200,1.01092896175
41519,41526,42076,7,550,2,7200,1.01272727273
41537,41544,42088,7,544,2,7200,1.01286764706
41553,41559,42146,6,587,2,7200,1.01022146508
41554,41567,42115,13,548,2,7200,1.02372262774
41569,41576,42138,7,562,2,7200,1.01245551601
41590,41596,42124,6,528,2,7200,1.01136363636
41618,41624,42173,6,549,2,7200,1.01092896175
41633,41640,42188,7,548,2,7200,1.01277372263
41648,41654,42220,6,566,2,7200,1.01060070671
41672,41678,42198,6,520,2,7200,1.01153846154
41687,41693,42128,6,435,2,7200,1.01379310345
41688,41699,42259,11,560,2,7200,1.01964285714
41706,41714,42247,8,533,2,7200,1.01500938086
41722,41728,42259,6,531,2,7200,1.01129943503
41724,41735,42284,11,549,2,7200,1.02003642987
41725,41740,42287,15,547,2,7200,1.02742230347
41740,41747,42263,7,516,2,7200,1.01356589147
41742,41754,42301,12,547,2,7200,1.02193784278
41743,41759,42309,16,550,2,7200,1.02909090909
41762,41769,42313,7,544,2,7200,1.01286764706
41777,41783,42349,6,566,2,7200,1.01060070671
41792,41799,42281,7,482,2,7200,1.01452282158
41793,41806,42360,13,554,2,7200,1.02346570397
41817,41825,42220,8,395,2,7200,1.02025316456
41832,41839,42381,7,542,2,7200,1.01291512915
41847,41854,42391,7,537,2,7200,1.01303538175
41849,41861,42401,12,540,2,7200,1.02222222222
41885,41892,42429,7,537,2,7200,1.01303538175
41903,41911,42455,8,544,2,7200,1.01470588235
41919,41925,42468,6,543,2,7200,1.01104972376
41920,41932,42473,12,541,2,7200,1.02218114603
41936,41942,42494,6,552,2,7200,1.01086956522
41937,41949,42480,12,531,2,7200,1.02259887006
41938,41954,42450,16,496,2,7200,1.03225806452
41940,41960,42507,20,547,2,7200,1.0365630713
41955,41967,42516,12,549,2,7200,1.0218579235
41957,41972,42539,15,567,2,7200,1.02645502646
42011,42017,42584,6,567,2,7200,1.01058201058
42026,42033,42583,7,550,2,7200,1.01272727273
42041,42048,42576,7,528,2,7200,1.01325757576
42078,42084,42625,6,541,2,7200,1.01109057301
42093,42099,42660,6,561,2,7200,1.01069518717
42117,42123,42674,6,551,2,7200,1.0108892922
42132,42138,42685,6,547,2,7200,1.01096892139
42134,42145,42610,11,465,2,7200,1.02365591398
42149,42155,42718,6,563,2,7200,1.01065719361
42151,42162,42675,11,513,2,7200,1.02144249513
42175,42181,42749,6,568,2,7200,1.01056338028
42190,42197,42739,7,542,2,7200,1.01291512915
42205,42211,42759,6,548,2,7200,1.01094890511
42220,42226,42765,6,539,2,7200,1.01113172542
42221,42233,42767,12,534,2,7200,1.02247191011
42249,42256,42771,7,515,2,7200,1.01359223301
42264,42271,42775,7,504,2,7200,1.01388888889
42266,42278,42805,12,527,2,7200,1.02277039848
42267,42283,42829,16,546,2,7200,1.0293040293
42283,42290,42851,7,561,2,7200,1.01247771836
42298,42304,42868,6,564,2,7200,1.01063829787
42299,42311,42824,12,513,2,7200,1.02339181287
42315,42321,42830,6,509,2,7200,1.01178781925
42317,42329,42888,12,559,2,7200,1.02146690519
42318,42334,42903,16,569,2,7200,1.02811950791
42351,42358,42893,7,535,2,7200,1.01308411215
42366,42373,42906,7,533,2,7200,1.01313320826
42381,42388,42927,7,539,2,7200,1.01298701299
42396,42402,42946,6,544,2,7200,1.01102941176
42411,42418,42928,7,510,2,7200,1.0137254902
42432,42440,42986,8,546,2,7200,1.01465201465
42454,42460,43008,6,548,2,7200,1.01094890511
42469,42476,43039,7,563,2,7200,1.01243339254
42470,42483,43003,13,520,2,7200,1.025
42486,42493,43033,7,540,2,7200,1.01296296296
42487,42499,43064,12,565,2,7200,1.02123893805
42502,42508,43049,6,541,2,7200,1.01109057301
42518,42525,43075,7,550,2,7200,1.01272727273
42519,42532,43033,13,501,2,7200,1.02594810379
42540,42547,43076,7,529,2,7200,1.01323251418
42576,42583,43144,7,561,2,7200,1.01247771836
42592,42598,43129,6,531,2,7200,1.01129943503
42593,42604,43137,11,533,2,7200,1.02063789869
42611,42618,43182,7,564,2,7200,1.01241134752
42626,42632,43182,6,550,2,7200,1.01090909091
42662,42669,43215,7,546,2,7200,1.01282051282
42678,42685,43249,7,564,2,7200,1.01241134752
42679,42692,43238,13,546,2,7200,1.02380952381
42694,42701,43234,7,533,2,7200,1.01313320826
42721,42728,43276,7,548,2,7200,1.01277372263
42743,42750,43289,7,539,2,7200,1.01298701299
42757,42764,43328,7,564,2,7200,1.01241134752
42773,42780,43313,7,533,2,7200,1.01313320826
42775,42786,43325,11,539,2,7200,1.02040816327
42776,42792,43357,16,565,2,7200,1.02831858407
42778,42797,43370,19,573,2,7200,1.03315881326
42792,42804,43319,12,515,2,7200,1.02330097087
42807,42815,43374,8,559,2,7200,1.01431127013
42825,42833,43351,8,518,2,7200,1.01544401544
42840,42847,43401,7,554,2,7200,1.01263537906
42842,42854,43375,12,521,2,7200,1.02303262956
42857,42864,43409,7,545,2,7200,1.0128440367
42872,42878,43430,6,552,2,7200,1.01086956522
42890,42897,43463,7,566,2,7200,1.01236749117
42905,42911,43467,6,556,2,7200,1.01079136691
42907,42918,43479,11,561,2,7200,1.01960784314
42921,42929,43493,8,564,2,7200,1.01418439716
42937,42943,43502,6,559,2,7200,1.01073345259
42938,42950,43525,12,575,2,7200,1.02086956522
42953,42959,43483,6,524,2,7200,1.01145038168
42989,42996,43524,7,528,2,7200,1.01325757576
43004,43011,43579,7,568,2,7200,1.01232394366
43019,43025,43603,6,578,2,7200,1.01038062284
43034,43041,43585,7,544,2,7200,1.01286764706
43036,43048,43607,12,559,2,7200,1.02146690519
43051,43057,43606,6,549,2,7200,1.01092896175
43052,43064,43585,12,521,2,7200,1.02303262956
43067,43073,43633,6,560,2,7200,1.01071428571
43082,43089,43624,7,535,2,7200,1.01308411215
43084,43096,43643,12,547,2,7200,1.02193784278
43132,43139,43670,7,531,2,7200,1.0131826742
43147,43153,43689,6,536,2,7200,1.01119402985
43149,43160,43707,11,547,2,7200,1.02010968921
43179,43186,43702,7,516,2,7200,1.01356589147
43194,43201,43753,7,552,2,7200,1.01268115942
43218,43224,43741,6,517,2,7200,1.01160541586
43236,43243,43785,7,542,2,7200,1.01291512915
43251,43258,43822,7,564,2,7200,1.01241134752
43253,43265,43822,12,557,2,7200,1.02154398564
43277,43284,43848,7,564,2,7200,1.01241134752
43292,43299,43859,7,560,2,7200,1.0125
43316,43322,43884,6,562,2,7200,1.01067615658
43331,43338,43857,7,519,2,7200,1.01348747592
43333,43345,43905,12,560,2,7200,1.02142857143
43334,43350,43871,16,521,2,7200,1.03071017274
43352,43359,43905,7,546,2,7200,1.01282051282
43367,43373,43903,6,530,2,7200,1.01132075472
43383,43389,43961,6,572,2,7200,1.01048951049
43384,43396,43952,12,556,2,7200,1.02158273381
43385,43401,43953,16,552,2,7200,1.02898550725
43403,43411,43959,8,548,2,7200,1.01459854015
43418,43425,43967,7,542,2,7200,1.01291512915
43433,43440,43969,7,529,2,7200,1.01323251418
43467,43474,44032,7,558,2,7200,1.01254480287
43482,43488,43994,6,506,2,7200,1.01185770751
43483,43495,44032,12,537,2,7200,1.02234636872
43499,43505,44048,6,543,2,7200,1.01104972376
43500,43511,44059,11,548,2,7200,1.0200729927
43515,43521,44103,6,582,2,7200,1.01030927835
43530,43536,44057,6,521,2,7200,1.01151631478
43531,43543,44124,12,581,2,7200,1.02065404475
43580,43586,44139,6,553,2,7200,1.01084990958
43595,43601,44146,6,545,2,7200,1.01100917431
43597,43609,44037,12,428,2,7200,1.02803738318
43612,43618,44168,6,550,2,7200,1.01090909091
43614,43625,44151,11,526,2,7200,1.02091254753
43615,43631,44148,16,517,2,7200,1.03094777563
43630,43638,44190,8,552,2,7200,1.01449275362
43645,43651,44199,6,548,2,7200,1.01094890511
43646,43657,44185,11,528,2,7200,1.02083333333
43673,43679,44248,6,569,2,7200,1.01054481547
43691,43697,44261,6,564,2,7200,1.01063829787
43706,43712,44224,6,512,2,7200,1.01171875
43721,43727,44283,6,556,2,7200,1.01079136691
43742,43749,44311,7,562,2,7200,1.01245551601
43752,43758,44781,6,1023,1,7200,1.00586510264
43757,43764,44281,7,517,2,7200,1.01353965184
43787,43793,44353,6,560,2,7200,1.01071428571
43824,43830,44326,6,496,2,7200,1.01209677419
43825,43837,44384,12,547,2,7200,1.02193784278
43849,43855,44417,6,562,2,7200,1.01067615658
43864,43870,44427,6,557,2,7200,1.01077199282
43865,43877,44442,12,565,2,7200,1.02123893805
43880,43888,44448,8,560,2,7200,1.01428571429
43895,43902,44444,7,542,2,7200,1.01291512915
43911,43917,44485,6,568,2,7200,1.01056338028
43912,43923,44457,11,534,2,7200,1.02059925094
43914,43929,44484,15,555,2,7200,1.02702702703
43953,43960,44413,7,453,2,7200,1.01545253863
43955,43967,44464,12,497,2,7200,1.02414486922
43970,43978,44543,8,565,2,7200,1.01415929204
43972,43985,44531,13,546,2,7200,1.02380952381
43973,43990,44538,17,548,2,7200,1.03102189781
43975,43995,44555,20,560,2,7200,1.03571428571
43996,44002,44565,6,563,2,7200,1.01065719361
44036,44042,44557,6,515,2,7200,1.01165048544
44037,44050,44612,13,562,2,7200,1.0231316726
44052,44058,44621,6,563,2,7200,1.01065719361
44054,44066,44614,12,548,2,7200,1.02189781022
44069,44076,44619,7,543,2,7200,1.01289134438
44070,44082,44644,12,562,2,7200,1.02135231317
44104,44110,44683,6,573,2,7200,1.01047120419
44128,44134,44685,6,551,2,7200,1.0108892922
44143,44150,44715,7,565,2,7200,1.01238938053
44158,44165,44681,7,516,2,7200,1.01356589147
44159,44172,44744,13,572,2,7200,1.02272727273
44161,44177,44714,16,537,2,7200,1.02979515829
44176,44183,44719,7,536,2,7200,1.01305970149
44190,44198,44759,8,561,2,7200,1.01426024955
44192,44205,44699,13,494,2,7200,1.02631578947
44207,44214,44783,7,569,2,7200,1.01230228471
44225,44233,44684,8,451,2,7200,1.0177383592
44249,44257,44778,8,521,2,7200,1.01535508637
44264,44271,44808,7,537,2,7200,1.01303538175
44283,44289,44824,6,535,2,7200,1.01121495327
44284,44297,44842,13,545,2,7200,1.02385321101
44314,44321,44865,7,544,2,7200,1.01286764706
44329,44336,44890,7,554,2,7200,1.01263537906
44357,44363,44881,6,518,2,7200,1.01158301158
44387,44393,44956,6,563,2,7200,1.01065719361
44414,44420,44939,6,519,2,7200,1.01156069364
44429,44436,44980,7,544,2,7200,1.01286764706
44430,44443,45008,13,565,2,7200,1.02300884956
44446,44452,45018,6,566,2,7200,1.01060070671
44447,44458,45024,11,566,2,7200,1.01943462898
44463,44468,45022,5,554,2,7200,1.00902527076
44464,44475,45028,11,553,2,7200,1.0198915009
44479,44485,45027,6,542,2,7200,1.0110701107
44494,44500,45047,6,547,2,7200,1.01096892139
44495,44506,45032,11,526,2,7200,1.02091254753
44532,44538,45067,6,529,2,7200,1.01134215501
44547,44554,45051,7,497,2,7200,1.01408450704
44548,44561,45109,13,548,2,7200,1.02372262774
44564,44570,45120,6,550,2,7200,1.01090909091
44565,44577,45144,12,567,2,7200,1.02116402116
44580,44587,45143,7,556,2,7200,1.01258992806
44613,44621,45149,8,528,2,7200,1.01515151515
44629,44636,45205,7,569,2,7200,1.01230228471
44630,44643,45169,13,526,2,7200,1.0247148289
44631,44648,45162,17,514,2,7200,1.03307392996
44646,44654,45208,8,554,2,7200,1.01444043321
44683,44689,45108,6,419,2,7200,1.01431980907
44698,44705,45233,7,528,2,7200,1.01325757576
44699,44711,45190,12,479,2,7200,1.02505219207
44701,44717,45240,16,523,2,7200,1.03059273423
44716,44723,45118,7,395,2,7200,1.01772151899
44717,44729,45236,12,507,2,7200,1.02366863905
44719,44736,45273,17,537,2,7200,1.03165735568
44734,44743,45278,9,535,2,7200,1.01682242991
44748,44755,45257,7,502,2,7200,1.01394422311
44763,44769,45323,6,554,2,7200,1.01083032491
44778,44786,45359,8,573,2,7200,1.01396160558
44793,44799,45339,6,540,2,7200,1.01111111111
44811,44817,45376,6,559,2,7200,1.01073345259
44826,44833,45402,7,569,2,7200,1.01230228471
44844,44852,45419,8,567,2,7200,1.01410934744
44865,44872,45426,7,554,2,7200,1.01263537906
44881,44887,45429,6,542,2,7200,1.0110701107
44896,44902,45455,6,553,2,7200,1.01084990958
44941,44948,45484,7,536,2,7200,1.01305970149
44946,44955,52180,9,7225,1,7200,1.00124567474
44956,44962,45530,6,568,2,7200,1.01056338028
44980,44988,45564,8,576,2,7200,1.01388888889
45011,45018,45547,7,529,2,7200,1.01323251418
45027,45034,45597,7,563,2,7200,1.01243339254
45028,45041,45551,13,510,2,7200,1.02549019608
45030,45046,45573,16,527,2,7200,1.03036053131
45045,45053,45587,8,534,2,7200,1.01498127341
45047,45058,45608,11,550,2,7200,1.02
45048,45065,45607,17,542,2,7200,1.03136531365
45063,45072,45619,9,547,2,7200,1.01645338208
45065,45077,45644,12,567,2,7200,1.02116402116
45080,45086,45646,6,560,2,7200,1.01071428571
45110,45116,45667,6,551,2,7200,1.0108892922
45111,45123,45672,12,549,2,7200,1.0218579235
45127,45133,45681,6,548,2,7200,1.01094890511
45129,45140,45674,11,534,2,7200,1.02059925094
45144,45151,45668,7,517,2,7200,1.01353965184
45145,45158,45738,13,580,2,7200,1.0224137931
45160,45167,45717,7,550,2,7200,1.01272727273
45175,45182,45714,7,532,2,7200,1.01315789474
45177,45188,45726,11,538,2,7200,1.02044609665
45192,45198,45742,6,544,2,7200,1.01102941176
45207,45213,45779,6,566,2,7200,1.01060070671
45222,45228,45776,6,548,2,7200,1.01094890511
45237,45244,45796,7,552,2,7200,1.01268115942
45238,45251,45816,13,565,2,7200,1.02300884956
45254,45260,45813,6,553,2,7200,1.01084990958
45269,45275,45820,6,545,2,7200,1.01100917431
45284,45291,45854,7,563,2,7200,1.01243339254
45285,45298,45865,13,567,2,7200,1.02292768959
45325,45331,45837,6,506,2,7200,1.01185770751
45343,45349,45906,6,557,2,7200,1.01077199282
45361,45368,45925,7,557,2,7200,1.01256732496
45379,45386,45941,7,555,2,7200,1.01261261261
45403,45411,45944,8,533,2,7200,1.01500938086
45422,45429,45992,7,563,2,7200,1.01243339254
45437,45444,45991,7,547,2,7200,1.01279707495
45438,45450,45979,12,529,2,7200,1.02268431002
45456,45464,46005,8,541,2,7200,1.01478743068
45487,45494,46041,7,547,2,7200,1.01279707495
45532,45539,46056,7,517,2,7200,1.01353965184
45550,45557,46122,7,565,2,7200,1.01238938053
45566,45572,46070,6,498,2,7200,1.01204819277
45567,45580,46123,13,543,2,7200,1.02394106814
45582,45589,46155,7,566,2,7200,1.01236749117
45598,45604,46006,6,402,2,7200,1.01492537313
45599,45612,46192,13,580,2,7200,1.0224137931
45614,45621,46172,7,551,2,7200,1.01270417423
45616,45627,46190,11,563,2,7200,1.01953818828
45631,45637,46152,6,515,2,7200,1.01165048544
45646,45653,46181,7,528,2,7200,1.01325757576
45648,45660,46223,12,563,2,7200,1.02131438721
45669,45675,46188,6,513,2,7200,1.01169590643
45671,45682,46236,11,554,2,7200,1.01985559567
45686,45693,46253,7,560,2,7200,1.0125
45687,45699,46247,12,548,2,7200,1.02189781022
45689,45705,46231,16,526,2,7200,1.03041825095
45716,45722,46289,6,567,2,7200,1.01058201058
45731,45738,46285,7,547,2,7200,1.01279707495
45733,45745,46291,12,546,2,7200,1.02197802198
45748,45755,46319,7,564,2,7200,1.01241134752
45750,45762,46315,12,553,2,7200,1.02169981917
45777,45783,46291,6,508,2,7200,1.01181102362
45792,45799,46323,7,524,2,7200,1.01335877863
45807,45813,46358,6,545,2,7200,1.01100917431
45822,45828,46374,6,546,2,7200,1.01098901099
45824,45835,46368,11,533,2,7200,1.02063789869
45825,45840,46328,15,488,2,7200,1.03073770492
45840,45846,46310,6,464,2,7200,1.01293103448
45858,45865,46429,7,564,2,7200,1.01241134752
45873,45880,46428,7,548,2,7200,1.01277372263
45909,45916,46443,7,527,2,7200,1.01328273245
45928,45934,46462,6,528,2,7200,1.01136363636
45943,45949,46497,6,548,2,7200,1.01094890511
45958,45964,46495,6,531,2,7200,1.01129943503
45982,45989,46530,7,541,2,7200,1.01293900185
45997,46003,46542,6,539,2,7200,1.01113172542
45999,46011,46557,12,546,2,7200,1.02197802198
46014,46021,46568,7,547,2,7200,1.01279707495
46015,46028,46554,13,526,2,7200,1.0247148289
46043,46049,46622,6,573,2,7200,1.01047120419
46058,46064,46636,6,572,2,7200,1.01048951049
46073,46080,46641,7,561,2,7200,1.01247771836
46124,46130,46643,6,513,2,7200,1.01169590643
46126,46138,46683,12,545,2,7200,1.02201834862
46153,46160,46714,7,554,2,7200,1.01263537906
46168,46175,46735,7,560,2,7200,1.0125
46183,46190,46754,7,564,2,7200,1.01241134752
46183,46195,47033,12,838,1,7200,1.01431980907
46185,46202,46756,17,554,2,7200,1.03068592058
46200,46209,46753,9,544,2,7200,1.01654411765
46202,46214,46753,12,539,2,7200,1.02226345083
46203,46220,46777,17,557,2,7200,1.03052064632
46224,46231,46759,7,528,2,7200,1.01325757576
46239,46247,46793,8,546,2,7200,1.01465201465
46241,46253,46814,12,561,2,7200,1.02139037433
46256,46263,46694,7,431,2,7200,1.0162412993
46257,46270,46838,13,568,2,7200,1.02288732394
46285,46292,46817,7,525,2,7200,1.01333333333
46300,46306,46829,6,523,2,7200,1.01147227533
46302,46313,46871,11,558,2,7200,1.01971326165
46303,46318,46801,15,483,2,7200,1.03105590062
46318,46324,46858,6,534,2,7200,1.01123595506
46320,46331,46862,11,531,2,7200,1.02071563089
46329,46338,49395,9,3057,1,7200,1.00294406281
46335,46345,46905,10,560,2,7200,1.01785714286
46336,46350,46907,14,557,2,7200,1.02513464991
46338,46356,46933,18,577,2,7200,1.03119584055
46359,46366,46914,7,548,2,7200,1.01277372263
46374,46381,46931,7,550,2,7200,1.01272727273
46376,46387,46937,11,550,2,7200,1.02
46431,46437,46960,6,523,2,7200,1.01147227533
46432,46445,46977,13,532,2,7200,1.02443609023
46447,46455,46905,8,450,2,7200,1.01777777778
46462,46469,47032,7,563,2,7200,1.01243339254
46499,46505,47065,6,560,2,7200,1.01071428571
46500,46513,47062,13,549,2,7200,1.02367941712
46533,46540,47064,7,524,2,7200,1.01335877863
46548,46555,47105,7,550,2,7200,1.01272727273
46564,46571,47086,7,515,2,7200,1.01359223301
46565,46578,47131,13,553,2,7200,1.02350813743
46580,46586,47136,6,550,2,7200,1.01090909091
46625,46631,47206,6,575,2,7200,1.01043478261
46640,46647,47189,7,542,2,7200,1.01291512915
46655,46663,47227,8,564,2,7200,1.01418439716
46657,46670,47213,13,543,2,7200,1.02394106814
46684,46690,47241,6,551,2,7200,1.0108892922
46699,46705,47255,6,550,2,7200,1.01090909091
46717,46723,47307,6,584,2,7200,1.0102739726
46738,46745,47298,7,553,2,7200,1.01265822785
46756,46763,47316,7,553,2,7200,1.01265822785
46758,46770,47302,12,532,2,7200,1.02255639098
46759,46775,47351,16,576,2,7200,1.02777777778
46761,46780,47322,19,542,2,7200,1.03505535055
46776,46786,47352,10,566,2,7200,1.01766784452
46791,46798,47331,7,533,2,7200,1.01313320826
46806,46813,47386,7,573,2,7200,1.01221640489
46807,46820,47333,13,513,2,7200,1.0253411306
46822,46828,47330,6,502,2,7200,1.01195219124
46824,46836,47412,12,576,2,7200,1.02083333333
46839,46846,47395,7,549,2,7200,1.01275045537
46841,46853,47412,12,559,2,7200,1.02146690519
46859,46866,47412,7,546,2,7200,1.01282051282
46874,46881,47381,7,500,2,7200,1.014
46875,46888,47415,13,527,2,7200,1.02466793169
46906,46912,47444,6,532,2,7200,1.01127819549
46907,46919,47461,12,542,2,7200,1.0221402214
46922,46929,47493,7,564,2,7200,1.01241134752
46924,46936,47511,12,575,2,7200,1.02086956522
46939,46945,47446,6,501,2,7200,1.0119760479
46941,46953,47501,12,548,2,7200,1.02189781022
46942,46958,47525,16,567,2,7200,1.02821869489
46961,46968,47498,7,530,2,7200,1.01320754717
46978,46985,47533,7,548,2,7200,1.01277372263
47033,47040,47607,7,567,2,7200,1.01234567901
47063,47070,47611,7,541,2,7200,1.01293900185
47079,47086,47672,7,586,2,7200,1.01194539249
47080,47092,47665,12,573,2,7200,1.02094240838
47095,47101,47641,6,540,2,7200,1.01111111111
47110,47116,47656,6,540,2,7200,1.01111111111
47134,47140,47624,6,484,2,7200,1.01239669421
47149,47156,47746,7,590,2,7200,1.01186440678
47191,47197,47718,6,521,2,7200,1.01151631478
47209,47215,47759,6,544,2,7200,1.01102941176
47224,47230,47799,6,569,2,7200,1.01054481547
47239,47246,47785,7,539,2,7200,1.01298701299
47254,47260,47805,6,545,2,7200,1.01100917431
47269,47275,47832,6,557,2,7200,1.01077199282
47299,47306,47859,7,553,2,7200,1.01265822785
47314,47320,47892,6,572,2,7200,1.01048951049
47316,47328,47855,12,527,2,7200,1.02277039848
47331,47338,47845,7,507,2,7200,1.01380670611
47333,47345,47883,12,538,2,7200,1.02230483271
47334,47350,47890,16,540,2,7200,1.02962962963
47349,47356,47866,7,510,2,7200,1.0137254902
47351,47363,47879,12,516,2,7200,1.02325581395
47366,47373,47936,7,563,2,7200,1.01243339254
47367,47380,47917,13,537,2,7200,1.02420856611
47382,47389,47954,7,565,2,7200,1.01238938053
47397,47404,47905,7,501,2,7200,1.01397205589
47399,47411,47917,12,506,2,7200,1.02371541502
47415,47421,47985,6,564,2,7200,1.01063829787
47416,47429,47933,13,504,2,7200,1.02579365079
47417,47434,47971,17,537,2,7200,1.03165735568
47432,47440,47985,8,545,2,7200,1.01467889908
47447,47455,48001,8,546,2,7200,1.01465201465
47449,47460,48018,11,558,2,7200,1.01971326165
47464,47471,47997,7,526,2,7200,1.01330798479
47494,47500,48024,6,524,2,7200,1.01145038168
47509,47516,48044,7,528,2,7200,1.01325757576
47510,47522,48079,12,557,2,7200,1.02154398564
47525,47533,48077,8,544,2,7200,1.01470588235
47527,47538,48080,11,542,2,7200,1.02029520295
47542,47548,48106,6,558,2,7200,1.01075268817
47609,47615,48139,6,524,2,7200,1.01145038168
47624,47630,48150,6,520,2,7200,1.01153846154
47639,47646,48209,7,563,2,7200,1.01243339254
47654,47660,48194,6,534,2,7200,1.01123595506
47669,47675,48175,6,500,2,7200,1.012
47670,47681,48249,11,568,2,7200,1.01936619718
47685,47692,48233,7,541,2,7200,1.01293900185
47722,47728,48287,6,559,2,7200,1.01073345259
47749,47755,48255,6,500,2,7200,1.012
47764,47770,48315,6,545,2,7200,1.01100917431
47788,47794,48319,6,525,2,7200,1.01142857143
47803,47809,48317,6,508,2,7200,1.01181102362
47818,47825,48367,7,542,2,7200,1.01291512915
47836,47843,48379,7,536,2,7200,1.01305970149
47851,47858,48399,7,541,2,7200,1.01293900185
47866,47874,48436,8,562,2,7200,1.01423487544
47868,47881,48466,13,585,2,7200,1.02222222222
47869,47886,48383,17,497,2,7200,1.03420523139
47885,47892,48402,7,510,2,7200,1.0137254902
47886,47897,48415,11,518,2,7200,1.02123552124
47901,47908,48430,7,522,2,7200,1.01340996169
47902,47915,48473,13,558,2,7200,1.02329749104
47918,47924,48475,6,551,2,7200,1.0108892922
47919,47931,48425,12,494,2,7200,1.02429149798
47921,47936,48495,15,559,2,7200,1.02683363148
47936,47942,48498,6,556,2,7200,1.01079136691
47938,47949,48507,11,558,2,7200,1.01971326165
47956,47962,48459,6,497,2,7200,1.01207243461
47974,47981,48534,7,553,2,7200,1.01265822785
47989,47996,48515,7,519,2,7200,1.01348747592
47990,48003,48544,13,541,2,7200,1.02402957486
48005,48012,48394,7,382,2,7200,1.01832460733
48007,48018,48600,11,582,2,7200,1.01890034364
48022,48028,48556,6,528,2,7200,1.01136363636
48037,48043,48574,6,531,2,7200,1.01129943503
48052,48059,48614,7,555,2,7200,1.01261261261
48079,48085,48654,6,569,2,7200,1.01054481547
48081,48092,48628,11,536,2,7200,1.02052238806
48096,48103,48648,7,545,2,7200,1.0128440367
48111,48117,48648,6,531,2,7200,1.01129943503
48141,48148,48631,7,483,2,7200,1.01449275362
48156,48162,48695,6,533,2,7200,1.01125703565
48177,48183,48729,6,546,2,7200,1.01098901099
48195,48201,48740,6,539,2,7200,1.01113172542
48210,48216,48806,6,590,2,7200,1.01016949153
48234,48240,48769,6,529,2,7200,1.01134215501
48249,48256,48812,7,556,2,7200,1.01258992806
48264,48271,48844,7,573,2,7200,1.01221640489
48289,48295,48834,6,539,2,7200,1.01113172542
48316,48322,48880,6,558,2,7200,1.01075268817
48331,48338,48888,7,550,2,7200,1.01272727273
48332,48344,48893,12,549,2,7200,1.0218579235
48368,48375,48952,7,577,2,7200,1.01213171577
48383,48390,48917,7,527,2,7200,1.01328273245
48385,48398,48935,13,537,2,7200,1.02420856611
48401,48408,48952,7,544,2,7200,1.01286764706
48402,48415,48963,13,548,2,7200,1.02372262774
48417,48424,48982,7,558,2,7200,1.01254480287
48419,48431,48923,12,492,2,7200,1.0243902439
48434,48441,48995,7,554,2,7200,1.01263537906
48435,48448,48982,13,534,2,7200,1.02434456929
48450,48456,48999,6,543,2,7200,1.01104972376
48465,48472,49037,7,565,2,7200,1.01238938053
48481,48487,49039,6,552,2,7200,1.01086956522
48482,48494,49036,12,542,2,7200,1.0221402214
48483,48499,49029,16,530,2,7200,1.03018867925
48499,48506,49054,7,548,2,7200,1.01277372263
48500,48512,49007,12,495,2,7200,1.02424242424
48515,48523,49059,8,536,2,7200,1.01492537313
48517,48530,49084,13,554,2,7200,1.02346570397
48535,48541,49096,6,555,2,7200,1.01081081081
48550,48556,49114,6,558,2,7200,1.01075268817
48565,48571,49117,6,546,2,7200,1.01098901099
48580,48586,49111,6,525,2,7200,1.01142857143
48601,48607,49167,6,560,2,7200,1.01071428571
48616,48622,49189,6,567,2,7200,1.01058201058
48631,48638,49191,7,553,2,7200,1.01265822785
48633,48645,49182,12,537,2,7200,1.02234636872
48651,48658,49224,7,566,2,7200,1.01236749117
48653,48665,49217,12,552,2,7200,1.02173913043
48668,48674,49170,6,496,2,7200,1.01209677419
48695,48701,49226,6,525,2,7200,1.01142857143
48732,48739,49298,7,559,2,7200,1.01252236136
48747,48753,49324,6,571,2,7200,1.01050788091
48771,48778,49323,7,545,2,7200,1.0128440367
48808,48814,49373,6,559,2,7200,1.01073345259
48823,48830,49332,7,502,2,7200,1.01394422311
48838,48844,49402,6,558,2,7200,1.01075268817
48853,48859,49432,6,573,2,7200,1.01047120419
48883,48890,49451,7,561,2,7200,1.01247771836
48898,48904,49435,6,531,2,7200,1.01129943503
48899,48911,49477,12,566,2,7200,1.02120141343
48918,48925,49488,7,563,2,7200,1.01243339254
48933,48940,49485,7,545,2,7200,1.0128440367
48948,48955,49508,7,553,2,7200,1.01265822785
48963,48970,49534,7,564,2,7200,1.01241134752
48964,48976,49512,12,536,2,7200,1.0223880597
48966,48982,49544,16,562,2,7200,1.02846975089
48985,48991,49456,6,465,2,7200,1.01290322581
48986,48999,49517,13,518,2,7200,1.0250965251
49001,49008,49527,7,519,2,7200,1.01348747592
49003,49015,49563,12,548,2,7200,1.02189781022
49004,234540,580155,185536,345615,4,345600,1.536828552
49018,49025,49584,7,559,2,7200,1.01252236136
49033,49039,49585,6,546,2,7200,1.01098901099
49048,49054,49615,6,561,2,7200,1.01069518717
49050,49060,49621,10,561,2,7200,1.01782531194
49051,49066,49633,15,567,2,7200,1.02645502646
49066,49072,49559,6,487,2,7200,1.01232032854
49068,49079,49623,11,544,2,7200,1.02022058824
49086,49093,49633,7,540,2,7200,1.01296296296
49101,49107,49614,6,507,2,7200,1.01183431953
49116,49123,49664,7,541,2,7200,1.01293900185
49117,49130,49577,13,447,2,7200,1.02908277405
49132,49140,49653,8,513,2,7200,1.01559454191
49145,234545,580163,185400,345618,4,345600,1.53643039425
49169,49176,49733,7,557,2,7200,1.01256732496
49184,49191,49738,7,547,2,7200,1.01279707495
49186,49198,49735,12,537,2,7200,1.02234636872
49201,49207,49766,6,559,2,7200,1.01073345259
49203,49214,49775,11,561,2,7200,1.01960784314
49221,49228,49729,7,501,2,7200,1.01397205589
49236,49243,49728,7,485,2,7200,1.01443298969
49237,49250,49786,13,536,2,7200,1.02425373134
49301,49309,49850,8,541,2,7200,1.01478743068
49326,49332,49866,6,534,2,7200,1.01123595506
49327,49339,49904,12,565,2,7200,1.02123893805
49342,49349,49902,7,553,2,7200,1.01265822785
49376,49383,49942,7,559,2,7200,1.01252236136
49403,49410,49923,7,513,2,7200,1.01364522417
49434,49441,49927,7,486,2,7200,1.01440329218
49437,49448,56656,11,7208,1,7200,1.00152608213
49449,49456,49901,7,445,2,7200,1.01573033708
49464,49470,50026,6,556,2,7200,1.01079136691
49465,49477,49999,12,522,2,7200,1.02298850575
49480,49486,50039,6,553,2,7200,1.01084990958
49495,49503,50056,8,553,2,7200,1.01446654611
49497,49508,50011,11,503,2,7200,1.02186878728
49512,49519,50086,7,567,2,7200,1.01234567901
49513,49526,50069,13,543,2,7200,1.02394106814
49529,49535,50066,6,531,2,7200,1.01129943503
49531,49542,50059,11,517,2,7200,1.02127659574
49546,49553,50107,7,554,2,7200,1.01263537906
49547,49560,50111,13,551,2,7200,1.02359346642
49562,49568,50114,6,546,2,7200,1.01098901099
49577,49585,50159,8,574,2,7200,1.01393728223
49579,49592,50129,13,537,2,7200,1.02420856611
49595,49602,50155,7,553,2,7200,1.01265822785
49596,49609,50122,13,513,2,7200,1.0253411306
49614,49622,50184,8,562,2,7200,1.01423487544
49630,49636,50081,6,445,2,7200,1.01348314607
49632,49643,50211,11,568,2,7200,1.01936619718
49633,49648,50214,15,566,2,7200,1.02650176678
49648,49654,50166,6,512,2,7200,1.01171875
49650,49661,50155,11,494,2,7200,1.02226720648
49665,49671,50239,6,568,2,7200,1.01056338028
49666,49678,50238,12,560,2,7200,1.02142857143
49731,49738,50303,7,565,2,7200,1.01238938053
49732,49744,50277,12,533,2,7200,1.02251407129
49747,49755,50324,8,569,2,7200,1.01405975395
49749,49761,50325,12,564,2,7200,1.02127659574
49750,49767,50334,17,567,2,7200,1.02998236332
49768,49775,50285,7,510,2,7200,1.0137254902
49783,49790,50336,7,546,2,7200,1.01282051282
49798,49804,50328,6,524,2,7200,1.01145038168
49853,49859,50422,6,563,2,7200,1.01065719361
49868,49875,50415,7,540,2,7200,1.01296296296
49898,49906,50451,8,545,2,7200,1.01467889908
49913,49920,50457,7,537,2,7200,1.01303538175
49915,49927,50469,12,542,2,7200,1.0221402214
49930,49937,50473,7,536,2,7200,1.01305970149
49932,49944,50497,12,553,2,7200,1.02169981917
49947,49954,50501,7,547,2,7200,1.01279707495
49958,49965,66320,7,16355,6,57600,1.00042800367
50001,50008,50544,7,536,2,7200,1.01305970149
50016,50023,50526,7,503,2,7200,1.01391650099
50031,50039,50490,8,451,2,7200,1.0177383592
50046,50054,50555,8,501,2,7200,1.01596806387
50062,50068,50619,6,551,2,7200,1.0108892922
50063,50075,50629,12,554,2,7200,1.02166064982
50078,50084,50646,6,562,2,7200,1.01067615658
50080,50090,50640,10,550,2,7200,1.01818181818
50095,50101,50651,6,550,2,7200,1.01090909091
50096,50108,50661,12,553,2,7200,1.02169981917
50111,50118,50652,7,534,2,7200,1.01310861423
50126,50133,50635,7,502,2,7200,1.01394422311
50128,50139,50674,11,535,2,7200,1.02056074766
50129,50145,50716,16,571,2,7200,1.02802101576
50144,50152,50723,8,571,2,7200,1.01401050788
50160,50166,50723,6,557,2,7200,1.01077199282
50161,50173,50683,12,510,2,7200,1.02352941176
50162,50178,50682,16,504,2,7200,1.03174603175
50177,50185,50702,8,517,2,7200,1.01547388781
50192,50199,50777,7,578,2,7200,1.01211072664
50214,50221,50772,7,551,2,7200,1.01270417423
50229,50235,50803,6,568,2,7200,1.01056338028
50244,50250,50761,6,511,2,7200,1.01174168297
50245,50257,50822,12,565,2,7200,1.02123893805
50279,50286,50844,7,558,2,7200,1.01254480287
50294,50300,50796,6,496,2,7200,1.01209677419
50308,50315,50856,7,541,2,7200,1.01293900185
50327,50333,50882,6,549,2,7200,1.01092896175
50328,50340,50900,12,560,2,7200,1.02142857143
50344,50350,50831,6,481,2,7200,1.01247401247
50345,50356,50898,11,542,2,7200,1.02029520295
50347,50362,50893,15,531,2,7200,1.02824858757
50417,50424,50991,7,567,2,7200,1.01234567901
50432,50438,50973,6,535,2,7200,1.01121495327
50453,50460,51030,7,570,2,7200,1.01228070175
50468,50475,51047,7,572,2,7200,1.01223776224
50483,50490,51010,7,520,2,7200,1.01346153846
50484,50496,51046,12,550,2,7200,1.02181818182
50499,50505,51031,6,526,2,7200,1.01140684411
50501,50512,51057,11,545,2,7200,1.02018348624
50516,50522,51082,6,560,2,7200,1.01071428571
50531,50537,51097,6,560,2,7200,1.01071428571
50545,50553,51097,8,544,2,7200,1.01470588235
50560,50567,51114,7,547,2,7200,1.01279707495
50621,50628,51191,7,563,2,7200,1.01243339254
50636,50642,51160,6,518,2,7200,1.01158301158
50637,50650,51049,13,399,2,7200,1.03258145363
50653,50660,51208,7,548,2,7200,1.01277372263
50655,50668,51179,13,511,2,7200,1.02544031311
50656,50673,51202,17,529,2,7200,1.03213610586
50658,50678,51241,20,563,2,7200,1.03552397869
50673,50685,51223,12,538,2,7200,1.02230483271
50688,50694,51250,6,556,2,7200,1.01079136691
50690,50701,51235,11,534,2,7200,1.02059925094
50691,50706,51256,15,550,2,7200,1.02727272727
50706,50712,51277,6,565,2,7200,1.01061946903
50721,50727,51296,6,569,2,7200,1.01054481547
50736,50742,51297,6,555,2,7200,1.01081081081
50738,50750,51196,12,446,2,7200,1.0269058296
50762,50769,51182,7,413,2,7200,1.01694915254
50777,50783,51343,6,560,2,7200,1.01071428571
50778,50790,51313,12,523,2,7200,1.02294455067
50799,50806,51335,7,529,2,7200,1.01323251418
50814,50821,51358,7,537,2,7200,1.01303538175
50829,50835,51383,6,548,2,7200,1.01094890511
50844,50851,51385,7,534,2,7200,1.01310861423
50846,50857,51388,11,531,2,7200,1.02071563089
50861,50867,51387,6,520,2,7200,1.01153846154
50885,50891,51443,6,552,2,7200,1.01086956522
50900,50906,51474,6,568,2,7200,1.01056338028
50902,50914,51419,12,505,2,7200,1.02376237624
50903,50919,51467,16,548,2,7200,1.02919708029
50976,50983,51552,7,569,2,7200,1.01230228471
50991,50997,51449,6,452,2,7200,1.01327433628
51012,51018,51564,6,546,2,7200,1.01098901099
51031,51037,51599,6,562,2,7200,1.01067615658
51042,51048,52018,6,970,1,7200,1.00618556701
51046,51055,51562,9,507,2,7200,1.01775147929
51047,51060,51573,13,513,2,7200,1.0253411306
51063,51069,51603,6,534,2,7200,1.01123595506
51064,51076,51610,12,534,2,7200,1.02247191011
51066,51081,51632,15,551,2,7200,1.02722323049
51084,51091,51565,7,474,2,7200,1.01476793249
51099,51106,51623,7,517,2,7200,1.01353965184
51100,51113,51619,13,506,2,7200,1.0256916996
51115,51121,51684,6,563,2,7200,1.01065719361
51161,51168,51734,7,566,2,7200,1.01236749117
51182,51188,51715,6,527,2,7200,1.01138519924
51197,51204,51652,7,448,2,7200,1.015625
51199,51211,51732,12,521,2,7200,1.02303262956
51200,51216,51792,16,576,2,7200,1.02777777778
51215,51222,51792,7,570,2,7200,1.01228070175
51217,51230,51735,13,505,2,7200,1.02574257426
51232,51238,51777,6,539,2,7200,1.01113172542
51247,51254,51776,7,522,2,7200,1.01340996169
51249,51261,51834,12,573,2,7200,1.02094240838
51264,51270,51828,6,558,2,7200,1.01075268817
51265,51277,51812,12,535,2,7200,1.02242990654
51280,51286,51845,6,559,2,7200,1.01073345259
51299,51306,51858,7,552,2,7200,1.01268115942
51300,51313,51775,13,462,2,7200,1.02813852814
51315,51321,51873,6,552,2,7200,1.01086956522
51336,51342,51894,6,552,2,7200,1.01086956522
51351,51357,51916,6,559,2,7200,1.01073345259
51366,51372,51913,6,541,2,7200,1.01109057301
51384,51390,51935,6,545,2,7200,1.01100917431
51400,51406,51881,6,475,2,7200,1.01263157895
51401,51412,51998,11,586,2,7200,1.01877133106
51402,51418,51992,16,574,2,7200,1.02787456446
51420,51426,51987,6,561,2,7200,1.01069518717
51444,51451,52017,7,566,2,7200,1.01236749117
51459,51466,51875,7,409,2,7200,1.01711491443
51475,51481,51925,6,444,2,7200,1.01351351351
51476,51489,52038,13,549,2,7200,1.02367941712
51555,51561,52089,6,528,2,7200,1.01136363636
51571,51580,52128,9,548,2,7200,1.01642335766
51572,51586,52136,14,550,2,7200,1.02545454545
51573,51591,52124,18,533,2,7200,1.03377110694
51588,51598,52088,10,490,2,7200,1.02040816327
51604,51611,52156,7,545,2,7200,1.0128440367
51605,51618,52135,13,517,2,7200,1.0251450677
51620,51628,52187,8,559,2,7200,1.01431127013
51622,51633,52170,11,537,2,7200,1.02048417132
51637,51643,52185,6,542,2,7200,1.0110701107
51638,51649,52195,11,546,2,7200,1.02014652015
51656,51662,52217,6,555,2,7200,1.01081081081
51686,51693,52227,7,534,2,7200,1.01310861423
51717,51724,52260,7,536,2,7200,1.01305970149
51735,51742,52282,7,540,2,7200,1.01296296296
51736,51749,52301,13,552,2,7200,1.02355072464
51751,51758,52312,7,554,2,7200,1.01263537906
51779,51786,52360,7,574,2,7200,1.01219512195
51781,51793,52355,12,562,2,7200,1.02135231317
51782,51798,52355,16,557,2,7200,1.02872531418
51797,51805,52355,8,550,2,7200,1.01454545455
51799,51810,52347,11,537,2,7200,1.02048417132
51814,51820,52364,6,544,2,7200,1.01102941176
51829,51835,52386,6,551,2,7200,1.0108892922
51838,51844,54351,6,2507,8,3600,1.00239329876
51844,51851,52361,7,510,2,7200,1.0137254902
51859,51866,52418,7,552,2,7200,1.01268115942
51860,51872,52399,12,527,2,7200,1.02277039848
51875,51882,52449,7,567,2,7200,1.01234567901
51877,51889,52453,12,564,2,7200,1.02127659574
51892,51898,52453,6,555,2,7200,1.01081081081
51907,51913,52447,6,534,2,7200,1.01123595506
51922,51929,52458,7,529,2,7200,1.01323251418
51924,51936,52459,12,523,2,7200,1.02294455067
51939,51945,52163,6,218,4,3600,1.02752293578
51939,51951,52485,12,534,2,7200,1.02247191011
51940,51958,52496,18,538,2,7200,1.03345724907
51989,51996,52545,7,549,2,7200,1.01275045537
52004,52010,52562,6,552,2,7200,1.01086956522
52005,52016,52552,11,536,2,7200,1.02052238806
52020,52027,52572,7,545,2,7200,1.0128440367
52042,52048,52565,6,517,2,7200,1.01160541586
52091,52098,52661,7,563,2,7200,1.01243339254
52092,52105,52625,13,520,2,7200,1.025
52125,52131,52690,6,559,2,7200,1.01073345259
52141,52147,52714,6,567,2,7200,1.01058201058
52142,52153,52714,11,561,2,7200,1.01960784314
52143,52159,52693,16,534,2,7200,1.02996254682
52158,52166,52728,8,562,2,7200,1.01423487544
52173,52179,52688,6,509,2,7200,1.01178781925
52189,52196,52713,7,517,2,7200,1.01353965184
52190,52203,52757,13,554,2,7200,1.02346570397
52205,52211,52758,6,547,2,7200,1.01096892139
52220,52226,52790,6,564,2,7200,1.01063829787
52235,52241,52800,6,559,2,7200,1.01073345259
52262,52268,52828,6,560,2,7200,1.01071428571
52283,52289,52816,6,527,2,7200,1.01138519924
52301,52308,52859,7,551,2,7200,1.01270417423
52316,52322,52889,6,567,2,7200,1.01058201058
52350,52357,52879,7,522,2,7200,1.01340996169
52366,52372,52945,6,573,2,7200,1.01047120419
52367,52379,52854,12,475,2,7200,1.02526315789
52368,52384,52795,16,411,2,7200,1.03892944039
52370,52389,52931,19,542,2,7200,1.03505535055
52371,52395,52946,24,551,2,7200,1.04355716878
52373,52400,52881,27,481,2,7200,1.05613305613
52388,52407,52965,19,558,2,7200,1.03405017921
52403,52414,52956,11,542,2,7200,1.02029520295
52421,52428,52984,7,556,2,7200,1.01258992806
52448,52456,53006,8,550,2,7200,1.01454545455
52464,52471,53044,7,573,2,7200,1.01221640489
52466,52478,53056,12,578,2,7200,1.02076124567
52467,52483,52885,16,402,2,7200,1.03980099502
52469,52488,53004,19,516,2,7200,1.03682170543
52470,52494,53044,24,550,2,7200,1.04363636364
52488,52501,52993,13,492,2,7200,1.02642276423
52503,52509,53044,6,535,2,7200,1.01121495327
52545,52553,53081,8,528,2,7200,1.01515151515
52550,52560,52792,10,232,4,3600,1.04310344828
52560,52567,53092,7,525,2,7200,1.01333333333
52576,52582,53097,6,515,2,7200,1.01165048544
52577,52590,53122,13,532,2,7200,1.02443609023
52579,52595,53142,16,547,2,7200,1.02925045704
52627,52633,53173,6,540,2,7200,1.01111111111
52664,52671,53206,7,535,2,7200,1.01308411215
52691,52697,53262,6,565,2,7200,1.01061946903
52692,52704,53261,12,557,2,7200,1.02154398564
52708,52714,53218,6,504,2,7200,1.0119047619
52723,52730,53261,7,531,2,7200,1.0131826742
52724,52737,53265,13,528,2,7200,1.02462121212
52726,52742,53250,16,508,2,7200,1.03149606299
52741,52749,53285,8,536,2,7200,1.01492537313
52759,52766,53338,7,572,2,7200,1.01223776224
52760,52772,53300,12,528,2,7200,1.02272727273
52794,52800,53327,6,527,2,7200,1.01138519924
52809,52815,53382,6,567,2,7200,1.01058201058
52810,52822,53351,12,529,2,7200,1.02268431002
52825,52832,53368,7,536,2,7200,1.01305970149
52840,52847,53401,7,554,2,7200,1.01263537906
52855,52861,53429,6,568,2,7200,1.01056338028
52870,52876,53441,6,565,2,7200,1.01061946903
52886,52893,53437,7,544,2,7200,1.01286764706
52887,52900,53461,13,561,2,7200,1.02317290553
52888,52905,53441,17,536,2,7200,1.03171641791
52904,52911,53386,7,475,2,7200,1.01473684211
52934,52941,53490,7,549,2,7200,1.01275045537
52949,52956,53521,7,565,2,7200,1.01238938053
52951,52963,53513,12,550,2,7200,1.02181818182
52966,52972,53481,6,509,2,7200,1.01178781925
52968,52980,53549,12,569,2,7200,1.02108963093
52986,52993,53549,7,556,2,7200,1.01258992806
53000,53008,53518,8,510,2,7200,1.01568627451
53015,53022,53585,7,563,2,7200,1.01243339254
53017,53030,53569,13,539,2,7200,1.0241187384
53047,53055,53616,8,561,2,7200,1.01426024955
53049,53062,53607,13,545,2,7200,1.02385321101
53050,53067,53644,17,577,2,7200,1.0294627383
53065,53074,53639,9,565,2,7200,1.01592920354
53083,53089,53654,6,565,2,7200,1.01061946903
53098,53106,53602,8,496,2,7200,1.01612903226
53100,53112,53673,12,561,2,7200,1.02139037433
53124,53131,53643,7,512,2,7200,1.013671875
53142,53149,53627,7,478,2,7200,1.01464435146
53176,53182,53705,6,523,2,7200,1.01147227533
53209,53216,53781,7,565,2,7200,1.01238938053
53224,53232,53696,8,464,2,7200,1.01724137931
53251,53258,53831,7,573,2,7200,1.01221640489
53267,53274,53799,7,525,2,7200,1.01333333333
53268,53280,53823,12,543,2,7200,1.02209944751
53270,53286,53824,16,538,2,7200,1.02973977695
53271,53291,53804,20,513,2,7200,1.03898635478
53286,53299,53856,13,557,2,7200,1.02333931777
53301,53307,53836,6,529,2,7200,1.01134215501
53328,53334,53836,6,502,2,7200,1.01195219124
53343,53350,53897,7,547,2,7200,1.01279707495
53358,53366,53889,8,523,2,7200,1.01529636711
53373,53379,53943,6,564,2,7200,1.01063829787
53388,53395,53933,7,538,2,7200,1.01301115242
53390,53402,53857,12,455,2,7200,1.02637362637
53405,53411,53960,6,549,2,7200,1.01092896175
53432,53439,53983,7,544,2,7200,1.01286764706
53448,53455,53993,7,538,2,7200,1.01301115242
53449,53462,54015,13,553,2,7200,1.02350813743
53450,53467,53965,17,498,2,7200,1.03413654618
53465,53474,54029,9,555,2,7200,1.01621621622
53483,53491,54035,8,544,2,7200,1.01470588235
53498,53504,54037,6,533,2,7200,1.01125703565
53516,53523,54060,7,537,2,7200,1.01303538175
53532,53538,54096,6,558,2,7200,1.01075268817
53533,53545,54101,12,556,2,7200,1.02158273381
53551,53558,54087,7,529,2,7200,1.01323251418
53553,53565,54085,12,520,2,7200,1.02307692308
53571,53577,54035,6,458,2,7200,1.01310043668
53586,53593,54140,7,547,2,7200,1.01279707495
53604,53611,54124,7,513,2,7200,1.01364522417
53619,53626,54176,7,550,2,7200,1.01272727273
53621,53633,54182,12,549,2,7200,1.0218579235
53636,53643,54182,7,539,2,7200,1.01298701299
53651,53658,54201,7,543,2,7200,1.01289134438
53653,53664,54233,11,569,2,7200,1.01933216169
53654,53670,54209,16,539,2,7200,1.02968460111
53669,53677,54240,8,563,2,7200,1.01420959147
53684,53691,54250,7,559,2,7200,1.01252236136
53699,53706,54272,7,566,2,7200,1.01236749117
53714,53720,54253,6,533,2,7200,1.01125703565
53784,53790,54316,6,526,2,7200,1.01140684411
53802,53809,54362,7,553,2,7200,1.01265822785
53817,53825,54312,8,487,2,7200,1.01642710472
53833,53840,54368,7,528,2,7200,1.01325757576
53834,53847,54412,13,565,2,7200,1.02300884956
53835,53852,54397,17,545,2,7200,1.03119266055
53851,53859,54382,8,523,2,7200,1.01529636711
53852,53864,54414,12,550,2,7200,1.02181818182
53867,53873,54351,6,478,2,7200,1.01255230126
53869,53880,54425,11,545,2,7200,1.02018348624
53893,53899,54421,6,522,2,7200,1.01149425287
53907,53914,54484,7,570,2,7200,1.01228070175
53935,53941,54498,6,557,2,7200,1.01077199282
53950,53957,54476,7,519,2,7200,1.01348747592
53965,53971,54540,6,569,2,7200,1.01054481547
53979,53986,54516,7,530,2,7200,1.01320754717
53995,54001,54565,6,564,2,7200,1.01063829787
53996,54009,54552,13,543,2,7200,1.02394106814
54017,54024,54584,7,560,2,7200,1.0125
54032,54039,54590,7,551,2,7200,1.01270417423
54047,54054,54578,7,524,2,7200,1.01335877863
54049,54060,54627,11,567,2,7200,1.01940035273
54050,54066,54536,16,470,2,7200,1.03404255319
54065,54073,54650,8,577,2,7200,1.01386481802
54086,54093,54664,7,571,2,7200,1.0122591944
54102,54108,54644,6,536,2,7200,1.01119402985
54103,54115,54635,12,520,2,7200,1.02307692308
54104,54120,54680,16,560,2,7200,1.02857142857
54126,54133,54673,7,540,2,7200,1.01296296296
54141,54148,54678,7,530,2,7200,1.01320754717
54180,54186,54752,6,566,2,7200,1.01060070671
54195,54201,54736,6,535,2,7200,1.01121495327
54196,54208,54786,12,578,2,7200,1.02076124567
54211,54219,54762,8,543,2,7200,1.01473296501
54213,54226,54785,13,559,2,7200,1.02325581395
54234,54242,54778,8,536,2,7200,1.01492537313
54250,54256,54777,6,521,2,7200,1.01151631478
54265,54271,54763,6,492,2,7200,1.01219512195
54266,54278,54828,12,550,2,7200,1.02181818182
54281,54287,54801,6,514,2,7200,1.01167315175
54314,54321,54867,7,546,2,7200,1.01282051282
54329,54336,54900,7,564,2,7200,1.01241134752
54351,54358,54907,7,549,2,7200,1.01275045537
54366,54372,54920,6,548,2,7200,1.01094890511
54381,54387,54959,6,572,2,7200,1.01048951049
54396,54402,54968,6,566,2,7200,1.01060070671
54411,54418,54948,7,530,2,7200,1.01320754717
54427,54432,54995,5,563,2,7200,1.00888099467
54428,54440,54996,12,556,2,7200,1.02158273381
54429,54445,55021,16,576,2,7200,1.02777777778
54431,54450,54998,19,548,2,7200,1.03467153285
54450,54457,56975,7,2518,8,3600,1.00277998411
54479,54486,55030,7,544,2,7200,1.01286764706
54494,54502,55051,8,549,2,7200,1.014571949
54509,54516,55057,7,541,2,7200,1.01293900185
54524,54530,55072,6,542,2,7200,1.0110701107
54539,54545,55085,6,540,2,7200,1.01111111111
54554,54562,55121,8,559,2,7200,1.01431127013
54556,54568,55115,12,547,2,7200,1.02193784278
54571,54578,55099,7,521,2,7200,1.01343570058
54586,54593,55143,7,550,2,7200,1.01272727273
54588,54600,55137,12,537,2,7200,1.02234636872
54603,54610,55165,7,555,2,7200,1.01261261261
54630,54636,55182,6,546,2,7200,1.01098901099
54645,54652,55181,7,529,2,7200,1.01323251418
54647,54659,55203,12,544,2,7200,1.02205882353
54662,54669,55188,7,519,2,7200,1.01348747592
54677,54683,55163,6,480,2,7200,1.0125
54679,54690,55182,11,492,2,7200,1.02235772358
54694,54700,55262,6,562,2,7200,1.01067615658
54695,54706,55276,11,570,2,7200,1.01929824561
54737,54743,55250,6,507,2,7200,1.01183431953
54755,54763,55281,8,518,2,7200,1.01544401544
54771,54777,55336,6,559,2,7200,1.01073345259
54772,54785,55287,13,502,2,7200,1.02589641434
54788,54794,55317,6,523,2,7200,1.01147227533
54789,54801,55334,12,533,2,7200,1.02251407129
54790,54806,55385,16,579,2,7200,1.02763385147
54792,54811,55379,19,568,2,7200,1.03345070423
54807,54817,55369,10,552,2,7200,1.01811594203
54831,54838,55364,7,526,2,7200,1.01330798479
54870,54876,55446,6,570,2,7200,1.01052631579
54904,54910,55417,6,507,2,7200,1.01183431953
54919,54926,55462,7,536,2,7200,1.01305970149
54933,54940,55480,7,540,2,7200,1.01296296296
54952,54958,55524,6,566,2,7200,1.01060070671
54966,54974,55527,8,553,2,7200,1.01446654611
54981,54989,55541,8,552,2,7200,1.01449275362
54997,55004,55570,7,566,2,7200,1.01236749117
54998,55011,55590,13,579,2,7200,1.02245250432
55013,55020,55602,7,582,2,7200,1.01202749141
55028,55035,55569,7,534,2,7200,1.01310861423
55043,55050,55568,7,518,2,7200,1.01351351351
55058,55065,55562,7,497,2,7200,1.01408450704
55060,55072,55645,12,573,2,7200,1.02094240838
55075,55082,55558,7,476,2,7200,1.01470588235
55090,55096,55667,6,571,2,7200,1.01050788091
55105,55113,55669,8,556,2,7200,1.01438848921
55120,55127,55660,7,533,2,7200,1.01313320826
55135,55142,55638,7,496,2,7200,1.01411290323
55150,55158,55724,8,566,2,7200,1.01413427562
55152,55163,55713,11,550,2,7200,1.02
55167,55173,55728,6,555,2,7200,1.01081081081
55168,55180,55714,12,534,2,7200,1.02247191011
55184,55191,55682,7,491,2,7200,1.01425661914
55185,55198,55750,13,552,2,7200,1.02355072464
55187,55203,55771,16,568,2,7200,1.02816901408
55202,55210,55736,8,526,2,7200,1.01520912548
55217,55224,55777,7,553,2,7200,1.01265822785
55253,55259,55822,6,563,2,7200,1.01065719361
55268,55275,55845,7,570,2,7200,1.01228070175
55283,55289,55821,6,532,2,7200,1.01127819549
55284,55296,55795,12,499,2,7200,1.02404809619
55299,55305,55830,6,525,2,7200,1.01142857143
55320,55327,55830,7,503,2,7200,1.01391650099
55335,55342,55882,7,540,2,7200,1.01296296296
55350,55356,55911,6,555,2,7200,1.01081081081
55365,55373,55938,8,565,2,7200,1.01415929204
55380,55388,55911,8,523,2,7200,1.01529636711
55382,55395,55957,13,562,2,7200,1.0231316726
55397,55403,55905,6,502,2,7200,1.01195219124
55418,55425,55994,7,569,2,7200,1.01230228471
55448,55455,55985,7,530,2,7200,1.01320754717
55463,55469,56030,6,561,2,7200,1.01069518717
55481,55488,56025,7,537,2,7200,1.01303538175
55527,55534,55999,7,465,2,7200,1.01505376344
55542,55550,56116,8,566,2,7200,1.01413427562
55544,55555,56078,11,523,2,7200,1.02103250478
55562,55569,56103,7,534,2,7200,1.01310861423
55577,55585,56129,8,544,2,7200,1.01470588235
55579,55590,56148,11,558,2,7200,1.01971326165
55580,55596,56139,16,543,2,7200,1.02946593002
55581,55602,56113,21,511,2,7200,1.04109589041
55596,55609,56168,13,559,2,7200,1.02325581395
55611,55617,56164,6,547,2,7200,1.01096892139
55638,55646,56209,8,563,2,7200,1.01420959147
55653,55661,56196,8,535,2,7200,1.01495327103
55669,55675,56242,6,567,2,7200,1.01058201058
55670,55682,56248,12,566,2,7200,1.02120141343
55685,55692,56243,7,551,2,7200,1.01270417423
55687,55699,56268,12,569,2,7200,1.02108963093
55714,55720,56271,6,551,2,7200,1.0108892922
55729,55736,56245,7,509,2,7200,1.0137524558
55731,55743,56309,12,566,2,7200,1.02120141343
55732,55748,56205,16,457,2,7200,1.03501094092
55747,55755,56292,8,537,2,7200,1.01489757914
55762,55768,56282,6,514,2,7200,1.01167315175
55777,55785,56322,8,537,2,7200,1.01489757914
55778,55790,56339,12,549,2,7200,1.0218579235
55797,55803,56370,6,567,2,7200,1.01058201058
55821,55828,56375,7,547,2,7200,1.01279707495
55836,55842,56403,6,561,2,7200,1.01069518717
55838,55849,56394,11,545,2,7200,1.02018348624
55839,55854,56385,15,531,2,7200,1.02824858757
55854,55861,56437,7,576,2,7200,1.01215277778
55884,55891,56418,7,527,2,7200,1.01328273245
55909,55915,56408,6,493,2,7200,1.0121703854
55924,55930,56472,6,542,2,7200,1.0110701107
55925,55936,56490,11,554,2,7200,1.01985559567
55940,55947,56509,7,562,2,7200,1.01245551601
55958,55964,56492,6,528,2,7200,1.01136363636
55988,55996,56541,8,545,2,7200,1.01467889908
56003,56010,56560,7,550,2,7200,1.01272727273
56005,56016,56564,11,548,2,7200,1.0200729927
56026,56032,56590,6,558,2,7200,1.01075268817
56041,56048,56602,7,554,2,7200,1.01263537906
56080,56087,56653,7,566,2,7200,1.01236749117
56105,56111,56627,6,516,2,7200,1.01162790698
56120,56127,56674,7,547,2,7200,1.01279707495
56121,56134,56665,13,531,2,7200,1.02448210923
56136,56142,56692,6,550,2,7200,1.01090909091
56151,56157,56722,6,565,2,7200,1.01061946903
56153,56164,56684,11,520,2,7200,1.02115384615
56168,56175,56740,7,565,2,7200,1.01238938053
56183,56190,56754,7,564,2,7200,1.01241134752
56198,56205,56759,7,554,2,7200,1.01263537906
56213,56220,56789,7,569,2,7200,1.01230228471
56214,56227,56736,13,509,2,7200,1.02554027505
56245,56253,56810,8,557,2,7200,1.01436265709
56247,56260,56815,13,555,2,7200,1.02342342342
56262,56269,56826,7,557,2,7200,1.01256732496
56264,56276,56858,12,582,2,7200,1.0206185567
56279,56286,56826,7,540,2,7200,1.01296296296
56281,56293,56799,12,506,2,7200,1.02371541502
56296,56303,56858,7,555,2,7200,1.01261261261
56298,56310,56876,12,566,2,7200,1.02120141343
56313,56320,56888,7,568,2,7200,1.01232394366
56328,56334,56888,6,554,2,7200,1.01083032491
56343,56350,56913,7,563,2,7200,1.01243339254
56373,56379,56926,6,547,2,7200,1.01096892139
56388,56395,56939,7,544,2,7200,1.01286764706
56390,56401,56888,11,487,2,7200,1.02258726899
56405,56411,56918,6,507,2,7200,1.01183431953
56406,56418,56974,12,556,2,7200,1.02158273381
56422,56429,56896,7,467,2,7200,1.01498929336
56423,56436,57006,13,570,2,7200,1.02280701754
56438,56446,57003,8,557,2,7200,1.01436265709
56475,56482,57031,7,549,2,7200,1.01275045537
56493,56501,57052,8,551,2,7200,1.01451905626
56495,56508,57067,13,559,2,7200,1.02325581395
56513,56520,57040,7,520,2,7200,1.01346153846
56543,56549,57085,6,536,2,7200,1.01119402985
56561,56569,57117,8,548,2,7200,1.01459854015
56576,56582,57138,6,556,2,7200,1.01079136691
56591,56598,57113,7,515,2,7200,1.01359223301
56606,56612,57148,6,536,2,7200,1.01119402985
56627,56634,57146,7,512,2,7200,1.013671875
56655,56662,57222,7,560,2,7200,1.0125
56670,56676,57238,6,562,2,7200,1.01067615658
56685,56692,57263,7,571,2,7200,1.0122591944
56686,56699,57199,13,500,2,7200,1.026
56701,56707,57270,6,563,2,7200,1.01065719361
56726,56733,57300,7,567,2,7200,1.01234567901
56741,56747,57285,6,538,2,7200,1.01115241636
56742,56754,57276,12,522,2,7200,1.02298850575
56757,56764,57325,7,561,2,7200,1.01247771836
56772,56779,57304,7,525,2,7200,1.01333333333
56791,56797,57327,6,530,2,7200,1.01132075472
56806,56813,57382,7,569,2,7200,1.01230228471
56821,56827,57388,6,561,2,7200,1.01069518717
56822,56834,57371,12,537,2,7200,1.02234636872
56838,56845,57395,7,550,2,7200,1.01272727273
56839,56851,57416,12,565,2,7200,1.02123893805
56860,56866,57430,6,564,2,7200,1.01063829787
56862,56873,57441,11,568,2,7200,1.01936619718
56879,56886,57336,7,450,2,7200,1.01555555556
56894,56900,57400,6,500,2,7200,1.012
56896,56907,57377,11,470,2,7200,1.02340425532
56897,56912,57466,15,554,2,7200,1.02707581227
56912,56918,57464,6,546,2,7200,1.01098901099
56927,56934,57468,7,534,2,7200,1.01310861423
56929,56941,57442,12,501,2,7200,1.02395209581
56930,56946,57515,16,569,2,7200,1.02811950791
56945,56953,57455,8,502,2,7200,1.01593625498
56977,56984,57539,7,555,2,7200,1.01261261261
57001,57008,57548,7,540,2,7200,1.01296296296
57016,57023,57584,7,561,2,7200,1.01247771836
57031,57039,57600,8,561,2,7200,1.01426024955
57046,57053,57600,7,547,2,7200,1.01279707495
57061,57068,57644,7,576,2,7200,1.01215277778
57076,57082,57654,6,572,2,7200,1.01048951049
57091,57098,57602,7,504,2,7200,1.01388888889
57115,57122,57647,7,525,2,7200,1.01333333333
57130,57138,57709,8,571,2,7200,1.01401050788
57145,57152,57653,7,501,2,7200,1.01397205589
57160,57168,57699,8,531,2,7200,1.01506591337
57162,57175,57678,13,503,2,7200,1.02584493042
57201,57208,57735,7,527,2,7200,1.01328273245
57226,57233,57796,7,563,2,7200,1.01243339254
57241,57247,57778,6,531,2,7200,1.01129943503
57265,57271,57766,6,495,2,7200,1.01212121212
57280,57287,57732,7,445,2,7200,1.01573033708
57282,57294,57836,12,542,2,7200,1.0221402214
57297,57304,57853,7,549,2,7200,1.01275045537
57312,57318,57892,6,574,2,7200,1.01045296167
57313,57324,57868,11,544,2,7200,1.02022058824
57328,57336,57901,8,565,2,7200,1.01415929204
57330,57343,57916,13,573,2,7200,1.02268760908
57345,57351,57890,6,539,2,7200,1.01113172542
57372,57378,57931,6,553,2,7200,1.01084990958
57387,57394,57927,7,533,2,7200,1.01313320826
57389,57401,57953,12,552,2,7200,1.02173913043
57404,57411,57967,7,556,2,7200,1.01258992806
57406,57417,57964,11,547,2,7200,1.02010968921
57407,57423,58008,16,585,2,7200,1.02735042735
57422,57429,57947,7,518,2,7200,1.01351351351
57437,57444,57985,7,541,2,7200,1.01293900185
57452,57459,58000,7,541,2,7200,1.01293900185
57454,57465,58022,11,557,2,7200,1.0197486535
57469,57477,58046,8,569,2,7200,1.01405975395
57471,57483,58035,12,552,2,7200,1.02173913043
57472,57489,58045,17,556,2,7200,1.03057553957
57474,57494,58035,20,541,2,7200,1.03696857671
57516,57522,58050,6,528,2,7200,1.01136363636
57540,57547,58101,7,554,2,7200,1.01263537906
57555,57561,58117,6,556,2,7200,1.01079136691
57586,57593,58173,7,580,2,7200,1.01206896552
57604,57611,58170,7,559,2,7200,1.01252236136
57606,57618,58123,12,505,2,7200,1.02376237624
57607,57623,58190,16,567,2,7200,1.02821869489
57647,57653,58133,6,480,2,7200,1.0125
57649,57661,58206,12,545,2,7200,1.02201834862
57664,57671,58246,7,575,2,7200,1.01217391304
57666,57678,58244,12,566,2,7200,1.02120141343
57681,57688,58228,7,540,2,7200,1.01296296296
57702,57709,58225,7,516,2,7200,1.01356589147
57717,57724,58275,7,551,2,7200,1.01270417423
57735,57741,58294,6,553,2,7200,1.01084990958
57750,57756,58327,6,571,2,7200,1.01050788091
57768,57775,58352,7,577,2,7200,1.01213171577
57783,57790,58308,7,518,2,7200,1.01351351351
57798,57804,58317,6,513,2,7200,1.01169590643
57837,57844,58405,7,561,2,7200,1.01247771836
57856,57862,58381,6,519,2,7200,1.01156069364
57870,57876,58455,6,579,2,7200,1.0103626943
57889,57895,58311,6,416,1,7200,1.01442307692
57892,57902,58466,10,564,2,7200,1.01773049645
57907,57914,58464,7,550,2,7200,1.01272727273
57908,57920,58400,12,480,2,7200,1.025
57923,57930,58499,7,569,2,7200,1.01230228471
57939,57945,58478,6,533,2,7200,1.01125703565
57940,57952,58508,12,556,2,7200,1.02158273381
57955,57961,58548,6,587,2,7200,1.01022146508
57956,57968,58473,12,505,2,7200,1.02376237624
57971,57978,58515,7,537,2,7200,1.01303538175
57973,57986,58509,13,523,2,7200,1.02485659656
57988,57994,58506,6,512,2,7200,1.01171875
58003,58010,58573,7,563,2,7200,1.01243339254
58018,58024,58525,6,501,2,7200,1.0119760479
58033,58039,58572,6,533,2,7200,1.01125703565
58049,58055,58573,6,518,2,7200,1.01158301158
58050,58062,58598,12,536,2,7200,1.0223880597
58051,58067,58609,16,542,2,7200,1.0295202952
58053,58072,58577,19,505,2,7200,1.03762376238
58068,58078,58629,10,551,2,7200,1.01814882033
58104,58110,58611,6,501,2,7200,1.0119760479
58119,58125,58682,6,557,2,7200,1.01077199282
58134,58141,58721,7,580,2,7200,1.01206896552
58136,58147,58703,11,556,2,7200,1.01978417266
58172,58178,58719,6,541,2,7200,1.01109057301
58187,58193,58727,6,534,2,7200,1.01123595506
58202,58209,58772,7,563,2,7200,1.01243339254
58217,58223,58775,6,552,2,7200,1.01086956522
58232,58239,58778,7,539,2,7200,1.01298701299
58233,58245,58795,12,550,2,7200,1.02181818182
58248,58255,58801,7,546,2,7200,1.01282051282
58250,58262,58785,12,523,2,7200,1.02294455067
58277,58284,58847,7,563,2,7200,1.01243339254
58295,58301,58859,6,558,2,7200,1.01075268817
58310,58317,58751,7,434,2,7200,1.01612903226
58325,58331,58896,6,565,2,7200,1.01061946903
58340,58346,58892,6,546,2,7200,1.01098901099
58355,58361,58903,6,542,2,7200,1.0110701107
58376,58382,58899,6,517,2,7200,1.01160541586
58377,58388,61355,11,2967,1,7200,1.0037074486
58403,58410,58949,7,539,2,7200,1.01298701299
58418,58424,58984,6,560,2,7200,1.01071428571
58458,58464,59025,6,561,2,7200,1.01069518717
58473,58479,59032,6,553,2,7200,1.01084990958
58474,58485,59048,11,563,2,7200,1.01953818828
58476,58491,59062,15,571,2,7200,1.02626970228
58491,58498,59047,7,549,2,7200,1.01275045537
58506,58512,59077,6,565,2,7200,1.01061946903
58507,58519,59079,12,560,2,7200,1.02142857143
58523,58529,59027,6,498,2,7200,1.01204819277
58524,58536,59051,12,515,2,7200,1.02330097087
58526,58541,59087,15,546,2,7200,1.02747252747
58541,58548,59129,7,581,2,7200,1.01204819277
58556,58562,59131,6,569,2,7200,1.01054481547
58574,58580,59126,6,546,2,7200,1.01098901099
58576,58588,59135,12,547,2,7200,1.02193784278
58577,58593,59157,16,564,2,7200,1.02836879433
58592,58600,59161,8,561,2,7200,1.01426024955
58607,58613,59183,6,570,2,7200,1.01052631579
58622,58628,59085,6,457,2,7200,1.01312910284
58623,58635,59170,12,535,2,7200,1.02242990654
58638,58644,59184,6,540,2,7200,1.01111111111
58684,58691,59243,7,552,2,7200,1.01268115942
58705,58711,59264,6,553,2,7200,1.01084990958
58720,58726,59277,6,551,2,7200,1.0108892922
58735,58741,59300,6,559,2,7200,1.01073345259
58737,58748,59322,11,574,2,7200,1.01916376307
58752,58759,59325,7,566,2,7200,1.01236749117
58773,58780,59282,7,502,2,7200,1.01394422311
58788,58794,59315,6,521,2,7200,1.01151631478
58789,58801,59345,12,544,2,7200,1.02205882353
58791,58806,59372,15,566,2,7200,1.02650176678
58806,58812,59316,6,504,2,7200,1.0119047619
58807,58819,59346,12,527,2,7200,1.02277039848
58850,58856,59421,6,565,2,7200,1.01061946903
58865,58871,59424,6,553,2,7200,1.01084990958
58895,58902,59409,7,507,2,7200,1.01380670611
58897,58909,59451,12,542,2,7200,1.0221402214
58912,58918,59457,6,539,2,7200,1.01113172542
58914,58925,59458,11,533,2,7200,1.02063789869
58950,58957,59508,7,551,2,7200,1.01270417423
58986,58992,59515,6,523,2,7200,1.01147227533
59026,59033,59398,7,365,2,7200,1.01917808219
59041,59047,59583,6,536,2,7200,1.01119402985
59042,59054,59570,12,516,2,7200,1.02325581395
59057,59064,59611,7,547,2,7200,1.01279707495
59059,59070,59480,11,410,2,7200,1.02682926829
59060,59076,59611,16,535,2,7200,1.02990654206
59075,59083,59565,8,482,2,7200,1.01659751037
59091,59096,59602,5,506,2,7200,1.00988142292
59092,59104,59645,12,541,2,7200,1.02218114603
59093,59109,59650,16,541,2,7200,1.02957486137
59095,59114,59573,19,459,2,7200,1.04139433551
59128,59135,59697,7,562,2,7200,1.01245551601
59143,59150,59728,7,578,2,7200,1.01211072664
59145,59156,59724,11,568,2,7200,1.01936619718
59146,59162,59690,16,528,2,7200,1.0303030303
59161,59168,59710,7,542,2,7200,1.01291512915
59162,59174,59682,12,508,2,7200,1.02362204724
59178,59185,59708,7,523,2,7200,1.01338432122
59193,59199,59768,6,569,2,7200,1.01054481547
59194,59206,59759,12,553,2,7200,1.02169981917
59246,59252,59816,6,564,2,7200,1.01063829787
59267,59273,59818,6,545,2,7200,1.01100917431
59282,59288,59827,6,539,2,7200,1.01113172542
59297,59304,59846,7,542,2,7200,1.01291512915
59312,59319,59840,7,521,2,7200,1.01343570058
59328,59334,59882,6,548,2,7200,1.01094890511
59329,59341,59904,12,563,2,7200,1.02131438721
59331,59346,59886,15,540,2,7200,1.02777777778
59332,59351,59888,19,537,2,7200,1.03538175047
59347,59358,59831,11,473,2,7200,1.02325581395
59349,59363,59906,14,543,2,7200,1.02578268877
59373,59379,59855,6,476,2,7200,1.01260504202
59400,59408,59930,8,522,2,7200,1.0153256705
59415,59423,59972,8,549,2,7200,1.014571949
59431,59437,59985,6,548,2,7200,1.01094890511
59432,59445,59991,13,546,2,7200,1.02380952381
59453,59460,60026,7,566,2,7200,1.01236749117
59469,59475,60034,6,559,2,7200,1.01073345259
59470,59481,60024,11,543,2,7200,1.02025782689
59485,59491,60052,6,561,2,7200,1.01069518717
59509,59516,60011,7,495,2,7200,1.01414141414
59524,59530,60066,6,536,2,7200,1.01119402985
59567,59573,60123,6,550,2,7200,1.01090909091
59582,59588,60129,6,541,2,7200,1.01109057301
59584,59595,60099,11,504,2,7200,1.02182539683
59599,59605,60170,6,565,2,7200,1.01061946903
59614,59620,60186,6,566,2,7200,1.01060070671
59615,59627,60174,12,547,2,7200,1.02193784278
59617,59632,60203,15,571,2,7200,1.02626970228
59647,59655,60222,8,567,2,7200,1.01410934744
59662,59668,60198,6,530,2,7200,1.01132075472
59684,59691,60224,7,533,2,7200,1.01313320826
59699,59706,60241,7,535,2,7200,1.01308411215
59700,59713,60279,13,566,2,7200,1.02296819788
59716,59722,60254,6,532,2,7200,1.01127819549
59717,59729,60301,12,572,2,7200,1.02097902098
59733,59740,60255,7,515,2,7200,1.01359223301
59734,59746,60304,12,558,2,7200,1.02150537634
59761,59768,60300,7,532,2,7200,1.01315789474
59776,59784,60347,8,563,2,7200,1.01420959147
59819,59825,60339,6,514,2,7200,1.01167315175
59821,59832,60391,11,559,2,7200,1.01967799642
59836,59843,60387,7,544,2,7200,1.01286764706
59837,59850,60410,13,560,2,7200,1.02321428571
59853,59859,60413,6,554,2,7200,1.01083032491
59854,59865,60400,11,535,2,7200,1.02056074766
59869,59875,60328,6,453,2,7200,1.01324503311
59885,59891,60361,6,470,2,7200,1.01276595745
59886,59898,60434,12,536,2,7200,1.0223880597
59902,59908,60418,6,510,2,7200,1.01176470588
59917,59924,60483,7,559,2,7200,1.01252236136
59918,59931,60444,13,513,2,7200,1.0253411306
59933,59939,60499,6,560,2,7200,1.01071428571
59976,59982,60523,6,541,2,7200,1.01109057301
59991,59998,60550,7,552,2,7200,1.01268115942
59992,60004,60550,12,546,2,7200,1.02197802198
60014,60021,60595,7,574,2,7200,1.01219512195
60029,60035,60584,6,549,2,7200,1.01092896175
60030,60042,60620,12,578,2,7200,1.02076124567
60045,60053,60612,8,559,2,7200,1.01431127013
60061,60068,60568,7,500,2,7200,1.014
60076,60083,60625,7,542,2,7200,1.01291512915
60100,60106,60659,6,553,2,7200,1.01084990958
60124,60131,60656,7,525,2,7200,1.01333333333
60139,60146,60659,7,513,2,7200,1.01364522417
60172,60179,60723,7,544,2,7200,1.01286764706
60188,60194,60720,6,526,2,7200,1.01140684411
60189,60201,60771,12,570,2,7200,1.02105263158
60204,60211,60761,7,550,2,7200,1.01272727273
60206,60218,60771,12,553,2,7200,1.02169981917
60224,60231,60799,7,568,2,7200,1.01232394366
60225,60238,60781,13,543,2,7200,1.02394106814
60244,60251,60801,7,550,2,7200,1.01272727273
60259,60265,60839,6,574,2,7200,1.01045296167
60261,60273,60798,12,525,2,7200,1.02285714286
60282,60289,60831,7,542,2,7200,1.01291512915
60303,60311,60861,8,550,2,7200,1.01454545455
60305,60318,60859,13,541,2,7200,1.02402957486
60320,60327,60883,7,556,2,7200,1.01258992806
60335,60342,60888,7,546,2,7200,1.01282051282
60350,60357,60927,7,570,2,7200,1.01228070175
60352,60364,60925,12,561,2,7200,1.02139037433
60367,60374,60928,7,554,2,7200,1.01263537906
60388,60394,60959,6,565,2,7200,1.01061946903
60404,60411,60909,7,498,2,7200,1.0140562249
60405,60418,60964,13,546,2,7200,1.02380952381
60420,60428,60979,8,551,2,7200,1.01451905626
60422,60435,60970,13,535,2,7200,1.02429906542
60423,60440,60982,17,542,2,7200,1.03136531365
60438,60446,61003,8,557,2,7200,1.01436265709
60453,60459,60906,6,447,2,7200,1.01342281879
60487,60494,61061,7,567,2,7200,1.01234567901
60502,60508,61081,6,573,2,7200,1.01047120419
60526,60532,61102,6,570,2,7200,1.01052631579
60553,60561,61126,8,565,2,7200,1.01415929204
60555,60568,61106,13,538,2,7200,1.02416356877
60570,60577,61100,7,523,2,7200,1.01338432122
60585,60592,61147,7,555,2,7200,1.01261261261
60600,60607,61171,7,564,2,7200,1.01241134752
60616,60623,61165,7,542,2,7200,1.01291512915
60631,60638,61185,7,547,2,7200,1.01279707495
60632,60645,61167,13,522,2,7200,1.02490421456
60657,60663,61199,6,536,2,7200,1.01119402985
60672,60679,61245,7,566,2,7200,1.01236749117
60673,60686,61247,13,561,2,7200,1.02317290553
60722,60728,61300,6,572,2,7200,1.01048951049
60737,60744,61288,7,544,2,7200,1.01286764706
60764,60770,61340,6,570,2,7200,1.01052631579
60779,60787,61324,8,537,2,7200,1.01489757914
60781,60794,61359,13,565,2,7200,1.02300884956
60796,60802,61367,6,565,2,7200,1.01061946903
60798,60809,61374,11,565,2,7200,1.01946902655
60813,60820,61372,7,552,2,7200,1.01268115942
60814,60826,61402,12,576,2,7200,1.02083333333
60833,60840,61369,7,529,2,7200,1.01323251418
60848,60855,61411,7,556,2,7200,1.01258992806
60863,60869,61435,6,566,2,7200,1.01060070671
60864,60876,61426,12,550,2,7200,1.02181818182
60886,60892,61437,6,545,2,7200,1.01100917431
60901,60908,61456,7,548,2,7200,1.01277372263
60916,60922,61411,6,489,2,7200,1.01226993865
60917,60929,61481,12,552,2,7200,1.02173913043
60933,60939,61487,6,548,2,7200,1.01094890511
60934,60945,61505,11,560,2,7200,1.01964285714
60935,60951,61500,16,549,2,7200,1.029143898
60960,60966,61517,6,551,2,7200,1.0108892922
60975,60981,61524,6,543,2,7200,1.01104972376
60976,60988,61553,12,565,2,7200,1.02123893805
60991,60998,61526,7,528,2,7200,1.01325757576
60993,61005,61514,12,509,2,7200,1.02357563851
61008,61014,61534,6,520,2,7200,1.01153846154
61062,61069,61635,7,566,2,7200,1.01236749117
61084,61090,61651,6,561,2,7200,1.01069518717
61102,61109,61612,7,503,2,7200,1.01391650099
61117,61124,61614,7,490,2,7200,1.01428571429
61118,61131,61637,13,506,2,7200,1.0256916996
61133,61139,61647,6,508,2,7200,1.01181102362
61148,61155,61694,7,539,2,7200,1.01298701299
61167,61174,61682,7,508,2,7200,1.01377952756
61182,61188,61734,6,546,2,7200,1.01098901099
61183,61195,61725,12,530,2,7200,1.02264150943
61199,61205,61754,6,549,2,7200,1.01092896175
61213,61225,61781,12,556,2,7200,1.02158273381
61247,61253,61667,6,414,2,7200,1.01449275362
61249,61261,61804,12,543,2,7200,1.02209944751
61291,61297,61802,6,505,2,7200,1.01188118812
61306,61314,61848,8,534,2,7200,1.01498127341
61324,61331,61876,7,545,2,7200,1.0128440367
61342,61349,61893,7,544,2,7200,1.01286764706
61361,61366,61925,5,559,2,7200,1.00894454383
61376,61382,61938,6,556,2,7200,1.01079136691
61377,61389,61914,12,525,2,7200,1.02285714286
61379,61394,61939,15,545,2,7200,1.02752293578
61380,61399,61963,19,564,2,7200,1.03368794326
61404,61411,61990,7,579,2,7200,1.01208981002
61419,61426,61968,7,542,2,7200,1.01291512915
61421,61433,61981,12,548,2,7200,1.02189781022
61436,61443,61969,7,526,2,7200,1.01330798479
61438,61450,62003,12,553,2,7200,1.02169981917
61453,61459,62017,6,558,2,7200,1.01075268817
61468,61474,62056,6,582,2,7200,1.01030927835
61483,61489,62012,6,523,2,7200,1.01147227533
61498,61504,62040,6,536,2,7200,1.01119402985
61513,61520,62068,7,548,2,7200,1.01277372263
61514,61527,62086,13,559,2,7200,1.02325581395
61530,61537,62068,7,531,2,7200,1.0131826742
61531,61544,62056,13,512,2,7200,1.025390625
61533,61549,62081,16,532,2,7200,1.03007518797
61534,61554,62113,20,559,2,7200,1.03577817531
61549,61562,62129,13,567,2,7200,1.02292768959
61564,61570,62100,6,530,2,7200,1.01132075472
61616,61623,62171,7,548,2,7200,1.01277372263
61617,61630,62168,13,538,2,7200,1.02416356877
61639,61646,62163,7,517,2,7200,1.01353965184
61640,61653,62205,13,552,2,7200,1.02355072464
61655,61661,62114,6,453,2,7200,1.01324503311
61657,61668,62215,11,547,2,7200,1.02010968921
61672,61678,62198,6,520,2,7200,1.01153846154
61687,61693,62250,6,557,2,7200,1.01077199282
61702,61709,62261,7,552,2,7200,1.01268115942
61726,61732,62283,6,551,2,7200,1.0108892922
61741,61748,62285,7,537,2,7200,1.01303538175
61756,61762,62252,6,490,2,7200,1.01224489796
61783,61790,62346,7,556,2,7200,1.01258992806
61804,61810,62338,6,528,2,7200,1.01136363636
61806,61818,62372,12,554,2,7200,1.02166064982
61851,61859,62380,8,521,2,7200,1.01535508637
61879,61886,62406,7,520,2,7200,1.01346153846
61894,61900,62466,6,566,2,7200,1.01060070671
61915,61922,62477,7,555,2,7200,1.01261261261
61930,61936,62481,6,545,2,7200,1.01100917431
61945,61951,62474,6,523,2,7200,1.01147227533
61946,61957,62502,11,545,2,7200,1.02018348624
61964,61971,62525,7,554,2,7200,1.01263537906
61980,61986,62567,6,581,2,7200,1.01032702238
61981,61993,62551,12,558,2,7200,1.02150537634
61996,62002,62555,6,553,2,7200,1.01084990958
61998,62010,62546,12,536,2,7200,1.0223880597
62013,62020,62579,7,559,2,7200,1.01252236136
62014,62027,62556,13,529,2,7200,1.02457466919
62029,62036,62583,7,547,2,7200,1.01279707495
62044,62051,62621,7,570,2,7200,1.01228070175
62060,62067,62594,7,527,2,7200,1.01328273245
62061,62073,62630,12,557,2,7200,1.02154398564
62076,62082,62622,6,540,2,7200,1.01111111111
62077,62089,62597,12,508,2,7200,1.02362204724
62093,62098,62655,5,557,2,7200,1.00897666068
62094,62105,62651,11,546,2,7200,1.02014652015
62109,62115,62677,6,562,2,7200,1.01067615658
62124,62130,62701,6,571,2,7200,1.01050788091
62125,62136,62690,11,554,2,7200,1.01985559567
62140,62147,62707,7,560,2,7200,1.0125
62165,62172,62709,7,537,2,7200,1.01303538175
62180,62186,62707,6,521,2,7200,1.01151631478
62181,62193,62695,12,502,2,7200,1.02390438247
62199,62206,62772,7,566,2,7200,1.01236749117
62214,62221,62788,7,567,2,7200,1.01234567901
62216,62229,62763,13,534,2,7200,1.02434456929
62252,62259,62785,7,526,2,7200,1.01330798479
62254,62266,62761,12,495,2,7200,1.02424242424
62269,62276,62835,7,559,2,7200,1.01252236136
62284,62290,62851,6,561,2,7200,1.01069518717
62299,62306,62816,7,510,2,7200,1.0137254902
62342,62349,62916,7,567,2,7200,1.01234567901
62357,62363,62940,6,577,2,7200,1.01039861352
62375,62382,62905,7,523,2,7200,1.01338432122
62390,62397,62933,7,536,2,7200,1.01305970149
62408,62415,62939,7,524,2,7200,1.01335877863
62468,62475,62989,7,514,2,7200,1.01361867704
62484,62490,63005,6,515,2,7200,1.01165048544
62485,62496,63043,11,547,2,7200,1.02010968921
62486,62502,63032,16,530,2,7200,1.03018867925
62504,62512,63024,8,512,2,7200,1.015625
62526,62532,63077,6,545,2,7200,1.01100917431
62547,62553,63106,6,553,2,7200,1.01084990958
62562,62568,63124,6,556,2,7200,1.01079136691
62563,62575,63101,12,526,2,7200,1.02281368821
62565,62580,63131,15,551,2,7200,1.02722323049
62580,62586,63114,6,528,2,7200,1.01136363636
62581,62592,63141,11,549,2,7200,1.02003642987
62597,62603,63174,6,571,2,7200,1.01050788091
62598,62610,63185,12,575,2,7200,1.02086956522
62613,62620,63177,7,557,2,7200,1.01256732496
62629,62635,63203,6,568,2,7200,1.01056338028
62630,62641,63197,11,556,2,7200,1.01978417266
62645,62651,63203,6,552,2,7200,1.01086956522
62660,62666,63199,6,533,2,7200,1.01125703565
62661,62673,63232,12,559,2,7200,1.02146690519
62679,62686,63242,7,556,2,7200,1.01258992806
62695,62701,63237,6,536,2,7200,1.01119402985
62696,62707,63253,11,546,2,7200,1.02014652015
62712,62719,63268,7,549,2,7200,1.01275045537
62713,62726,63287,13,561,2,7200,1.02317290553
62714,62731,63279,17,548,2,7200,1.03102189781
62716,62736,63254,20,518,2,7200,1.03861003861
62764,62771,63320,7,549,2,7200,1.01275045537
62766,62779,63346,13,567,2,7200,1.02292768959
62781,62788,63301,7,513,2,7200,1.01364522417
62796,62803,63361,7,558,2,7200,1.01254480287
62798,62810,63319,12,509,2,7200,1.02357563851
62819,62826,63365,7,539,2,7200,1.01298701299
62837,62844,63361,7,517,2,7200,1.01353965184
62852,62859,63428,7,569,2,7200,1.01230228471
62907,62913,63480,6,567,2,7200,1.01058201058
62922,62928,63502,6,574,2,7200,1.01045296167
62937,62944,63507,7,563,2,7200,1.01243339254
62952,62958,63468,6,510,2,7200,1.01176470588
62954,62965,63507,11,542,2,7200,1.02029520295
62990,62996,63516,6,520,2,7200,1.01153846154
63008,63016,63561,8,545,2,7200,1.01467889908
63027,63033,63570,6,537,2,7200,1.01117318436
63042,63048,63579,6,531,2,7200,1.01129943503
63057,63063,63593,6,530,2,7200,1.01132075472
63078,63085,63561,7,476,2,7200,1.01470588235
63102,63108,63630,6,522,2,7200,1.01149425287
63117,63125,63680,8,555,2,7200,1.01441441441
63119,63132,63680,13,548,2,7200,1.02372262774
63134,63140,63692,6,552,2,7200,1.01086956522
63136,63148,63626,12,478,2,7200,1.02510460251
63151,63157,63704,6,547,2,7200,1.01096892139
63175,63182,63742,7,560,2,7200,1.0125
63191,63197,63756,6,559,2,7200,1.01073345259
63192,63204,63595,12,391,2,7200,1.03069053708
63208,63214,63778,6,564,2,7200,1.01063829787
63209,63221,63763,12,542,2,7200,1.0221402214
63211,63226,63706,15,480,2,7200,1.03125
63212,63231,63777,19,546,2,7200,1.0347985348
63234,63240,63781,6,541,2,7200,1.01109057301
63249,63255,63791,6,536,2,7200,1.01119402985
63250,63263,63780,13,517,2,7200,1.0251450677
63265,63272,63822,7,550,2,7200,1.01272727273
63267,63279,63810,12,531,2,7200,1.02259887006
63282,63288,63755,6,467,2,7200,1.01284796574
63284,63295,63809,11,514,2,7200,1.02140077821
63299,63306,63871,7,565,2,7200,1.01238938053
63314,63321,63856,7,535,2,7200,1.01308411215
63329,63336,63878,7,542,2,7200,1.01291512915
63330,63342,63889,12,547,2,7200,1.02193784278
63346,63353,63867,7,514,2,7200,1.01361867704
63364,63371,63932,7,561,2,7200,1.01247771836
63365,63378,63921,13,543,2,7200,1.02394106814
63380,63388,63935,8,547,2,7200,1.01462522852
63429,63436,63967,7,531,2,7200,1.0131826742
63469,63475,63873,6,398,2,7200,1.01507537688
63484,63490,64048,6,558,2,7200,1.01075268817
63505,63511,64058,6,547,2,7200,1.01096892139
63521,63527,64071,6,544,2,7200,1.01102941176
63522,63534,64075,12,541,2,7200,1.02218114603
63523,63540,64074,17,534,2,7200,1.03183520599
63563,63570,64128,7,558,2,7200,1.01254480287
63565,63577,64137,12,560,2,7200,1.02142857143
63580,63587,64152,7,565,2,7200,1.01238938053
63582,63594,64140,12,546,2,7200,1.02197802198
63597,63604,64151,7,547,2,7200,1.01279707495
63598,63611,64140,13,529,2,7200,1.02457466919
63629,63636,64176,7,540,2,7200,1.01296296296
63644,63651,64214,7,563,2,7200,1.01243339254
63684,63690,64248,6,558,2,7200,1.01075268817
63685,63697,64239,12,542,2,7200,1.0221402214
63700,63706,64258,6,552,2,7200,1.01086956522
63715,63721,64251,6,530,2,7200,1.01132075472
63717,63729,64224,12,495,2,7200,1.02424242424
63744,63750,64295,6,545,2,7200,1.01100917431
63759,63766,64331,7,565,2,7200,1.01238938053
63761,63773,64350,12,577,2,7200,1.02079722704
63776,63782,64350,6,568,2,7200,1.01056338028
63791,63798,64298,7,500,2,7200,1.014
63793,63805,64366,12,561,2,7200,1.02139037433
63794,63810,64337,16,527,2,7200,1.03036053131
63796,63815,64361,19,546,2,7200,1.0347985348
63797,63821,64368,24,547,2,7200,1.04387568556
63813,63828,64395,15,567,2,7200,1.02645502646
63814,63833,64379,19,546,2,7200,1.0347985348
63830,63840,64391,10,551,2,7200,1.01814882033
63857,63864,64346,7,482,2,7200,1.01452282158
63872,63879,64434,7,555,2,7200,1.01261261261
63874,63886,64443,12,557,2,7200,1.02154398564
63875,63891,64448,16,557,2,7200,1.02872531418
63890,63898,64474,8,576,2,7200,1.01388888889
63892,63905,64434,13,529,2,7200,1.02457466919
63922,63929,64439,7,510,2,7200,1.0137254902
63938,63944,64464,6,520,2,7200,1.01153846154
63939,63951,64485,12,534,2,7200,1.02247191011
63969,63976,64535,7,559,2,7200,1.01252236136
64049,64056,64623,7,567,2,7200,1.01234567901
64064,64071,64499,7,428,2,7200,1.01635514019
64079,64086,64622,7,536,2,7200,1.01305970149
64081,64093,64638,12,545,2,7200,1.02201834862
64082,64098,64645,16,547,2,7200,1.02925045704
64131,64138,64680,7,542,2,7200,1.01291512915
64147,64153,64735,6,582,2,7200,1.01030927835
64148,64160,64736,12,576,2,7200,1.02083333333
64149,64165,64705,16,540,2,7200,1.02962962963
64164,64172,64734,8,562,2,7200,1.01423487544
64166,64178,64699,12,521,2,7200,1.02303262956
64181,64187,64751,6,564,2,7200,1.01063829787
64218,64225,64782,7,557,2,7200,1.01256732496
64232,64240,64767,8,527,2,7200,1.01518026565
64248,64255,64830,7,575,2,7200,1.01217391304
64263,64270,64833,7,563,2,7200,1.01243339254
64265,64277,64838,12,561,2,7200,1.02139037433
64266,64282,64847,16,565,2,7200,1.02831858407
64297,64303,64833,6,530,2,7200,1.01132075472
64312,64319,64878,7,559,2,7200,1.01252236136
64333,64339,64890,6,551,2,7200,1.0108892922
64348,64355,64890,7,535,2,7200,1.01308411215
64350,64361,64891,11,530,2,7200,1.02075471698
64366,64372,64924,6,552,2,7200,1.01086956522
64368,64379,64899,11,520,2,7200,1.02115384615
64369,64384,64924,15,540,2,7200,1.02777777778
64384,64391,64906,7,515,2,7200,1.01359223301
64386,64398,64965,12,567,2,7200,1.02116402116
64387,64403,64919,16,516,2,7200,1.03100775194
64403,64410,64959,7,549,2,7200,1.01275045537
64404,64417,64978,13,561,2,7200,1.02317290553
64435,64441,64989,6,548,2,7200,1.01094890511
64436,64449,64944,13,495,2,7200,1.02626262626
64452,64458,64962,6,504,2,7200,1.0119047619
64453,64465,65025,12,560,2,7200,1.02142857143
64455,64470,64912,15,442,2,7200,1.03393665158
64470,64476,65041,6,565,2,7200,1.01061946903
64485,64491,65021,6,530,2,7200,1.01132075472
64500,64506,65062,6,556,2,7200,1.01079136691
64502,64514,65097,12,583,2,7200,1.02058319039
64538,64545,65070,7,525,2,7200,1.01333333333
64624,64631,65177,7,546,2,7200,1.01282051282
64625,64638,65187,13,549,2,7200,1.02367941712
64640,64646,65168,6,522,2,7200,1.01149425287
64655,64661,65228,6,567,2,7200,1.01058201058
64682,64689,65239,7,550,2,7200,1.01272727273
64700,64708,65239,8,531,2,7200,1.01506591337
64715,64722,65275,7,553,2,7200,1.01265822785
64737,64743,65285,6,542,2,7200,1.0110701107
64739,64751,65239,12,488,2,7200,1.02459016393
64740,64756,65267,16,511,2,7200,1.0313111546
64755,64762,65329,7,567,2,7200,1.01234567901
64770,64776,65269,6,493,2,7200,1.0121703854
64785,64791,65348,6,557,2,7200,1.01077199282
64831,64838,65239,7,401,2,7200,1.0174563591
64846,64853,65294,7,441,2,7200,1.01587301587
64848,64860,65395,12,535,2,7200,1.02242990654
64849,64865,65407,16,542,2,7200,1.0295202952
64851,64871,65398,20,527,2,7200,1.03795066414
64881,64887,65426,6,539,2,7200,1.01113172542
64897,64903,65363,6,460,2,7200,1.01304347826
64898,64910,65453,12,543,2,7200,1.02209944751
64899,64915,65437,16,522,2,7200,1.030651341
64915,64922,65477,7,555,2,7200,1.01261261261
64916,64929,65483,13,554,2,7200,1.02346570397
64917,64934,65477,17,543,2,7200,1.03130755064
64933,64941,65484,8,543,2,7200,1.01473296501
64934,64946,65499,12,553,2,7200,1.02169981917
64936,64952,65431,16,479,2,7200,1.03340292276
64951,64959,65530,8,571,2,7200,1.01401050788
64966,64972,65482,6,510,2,7200,1.01176470588
64967,64979,65483,12,504,2,7200,1.02380952381
64969,64984,65518,15,534,2,7200,1.02808988764
64984,64991,65485,7,494,2,7200,1.01417004049
64999,65006,65576,7,570,2,7200,1.01228070175
65023,65030,65577,7,547,2,7200,1.01279707495
65038,65045,65558,7,513,2,7200,1.01364522417
65053,65060,65634,7,574,2,7200,1.01219512195
65068,65075,65617,7,542,2,7200,1.01291512915
65069,65080,65630,11,550,2,7200,1.02
65100,65107,65650,7,543,2,7200,1.01289134438
65170,65176,65725,6,549,2,7200,1.01092896175
65185,65191,65745,6,554,2,7200,1.01083032491
65200,65206,65772,6,566,2,7200,1.01060070671
65230,65236,65815,6,579,2,7200,1.0103626943
65246,65253,65822,7,569,2,7200,1.01230228471
65247,65259,65815,12,556,2,7200,1.02158273381
65249,65265,65804,16,539,2,7200,1.02968460111
65250,65270,65791,20,521,2,7200,1.03838771593
65268,65276,65815,8,539,2,7200,1.01484230056
65283,65289,65810,6,521,2,7200,1.01151631478
65285,65296,65848,11,552,2,7200,1.01992753623
65300,65307,65865,7,558,2,7200,1.01254480287
65301,65314,65864,13,550,2,7200,1.02363636364
65320,65326,65917,6,591,4,3540,1.01015228426
65332,65338,65889,6,551,2,7200,1.0108892922
65350,65356,65837,6,481,2,7200,1.01247401247
65365,65371,65899,6,528,2,7200,1.01136363636
65398,65404,65950,6,546,2,7200,1.01098901099
65400,65411,65970,11,559,2,7200,1.01967799642
65415,65421,65941,6,520,2,7200,1.01153846154
65430,65436,65976,6,540,2,7200,1.01111111111
65445,65452,66017,7,565,2,7200,1.01238938053
65446,65459,65989,13,530,2,7200,1.02452830189
65461,65467,66047,6,580,2,7200,1.01034482759
65480,65487,66004,7,517,2,7200,1.01353965184
65481,65494,66013,13,519,2,7200,1.02504816956
65497,65503,66050,6,547,2,7200,1.01096892139
65499,65510,66072,11,562,2,7200,1.01957295374
65500,65515,66035,15,520,2,7200,1.02884615385
65501,65520,66059,19,539,2,7200,1.03525046382
65503,65526,66093,23,567,2,7200,1.0405643739
65518,65532,66059,14,527,2,7200,1.0265654649
65533,65540,66072,7,532,2,7200,1.01315789474
65534,65547,66101,13,554,2,7200,1.02346570397
65559,65566,66122,7,556,2,7200,1.01258992806
65577,65584,66129,7,545,2,7200,1.0128440367
65592,65598,66173,6,575,2,7200,1.01043478261
65619,65625,66174,6,549,2,7200,1.01092896175
65634,65640,66195,6,555,2,7200,1.01081081081
65636,65646,66201,10,555,2,7200,1.01801801802
65654,65660,66190,6,530,2,7200,1.01132075472
65727,65734,66291,7,557,2,7200,1.01256732496
65749,65756,66283,7,527,2,7200,1.01328273245
65773,65780,66306,7,526,2,7200,1.01330798479
65794,65801,66298,7,497,2,7200,1.01408450704
65809,65815,66363,6,548,2,7200,1.01094890511
65825,65832,66398,7,566,2,7200,1.01236749117
65826,65839,66375,13,536,2,7200,1.02425373134
65827,65844,66345,17,501,2,7200,1.03393213573
65829,65849,66415,20,566,2,7200,1.03533568905
65830,65854,66409,24,555,2,7200,1.04324324324
65846,65862,66405,16,543,2,7200,1.02946593002
65861,65868,66382,7,514,2,7200,1.01361867704
65876,65882,66427,6,545,2,7200,1.01100917431
65877,65888,66434,11,546,2,7200,1.02014652015
65892,65898,66374,6,476,2,7200,1.01260504202
65907,65914,66481,7,567,2,7200,1.01234567901
65943,65949,66371,6,422,2,7200,1.01421800948
65958,65964,66453,6,489,2,7200,1.01226993865
65973,65979,66497,6,518,2,7200,1.01158301158
65988,65994,66526,6,532,2,7200,1.01127819549
66004,66011,66519,7,508,2,7200,1.01377952756
66019,66025,66536,6,511,2,7200,1.01174168297
66021,66033,66587,12,554,2,7200,1.02166064982
66022,66038,66609,16,571,2,7200,1.02802101576
66037,66045,66600,8,555,2,7200,1.01441441441
66052,66058,66616,6,558,2,7200,1.01075268817
66054,66066,66624,12,558,2,7200,1.02150537634
66069,66076,66558,7,482,2,7200,1.01452282158
66070,66082,66612,12,530,2,7200,1.02264150943
66085,66092,66645,7,553,2,7200,1.01265822785
66087,66099,66653,12,554,2,7200,1.02166064982
66102,66109,66639,7,530,2,7200,1.01320754717
66104,66116,66653,12,537,2,7200,1.02234636872
66125,66132,66688,7,556,2,7200,1.01258992806
66140,66147,66702,7,555,2,7200,1.01261261261
66176,66183,66717,7,534,2,7200,1.01310861423
66178,66190,66742,12,552,2,7200,1.02173913043
66193,66200,66640,7,440,2,7200,1.01590909091
66208,66214,66740,6,526,2,7200,1.01140684411
66209,66220,66741,11,521,2,7200,1.02111324376
66286,66293,66757,7,464,2,7200,1.0150862069
66301,66307,66819,6,512,2,7200,1.01171875
66302,66314,66861,12,547,2,7200,1.02193784278
66317,66323,66872,6,549,2,7200,1.01092896175
66348,66355,66908,7,553,2,7200,1.01265822785
66366,66372,66942,6,570,2,7200,1.01052631579
66382,66388,66938,6,550,2,7200,1.01090909091
66383,66395,66937,12,542,2,7200,1.0221402214
66384,66400,66919,16,519,2,7200,1.03082851638
66400,66406,66972,6,566,2,7200,1.01060070671
66401,66413,66955,12,542,2,7200,1.0221402214
66417,66424,66972,7,548,2,7200,1.01277372263
66418,66431,66975,13,544,2,7200,1.02389705882
66419,66436,66953,17,517,2,7200,1.03288201161
66435,66442,67001,7,559,2,7200,1.01252236136
66436,66447,67014,11,567,2,7200,1.01940035273
66454,66461,66931,7,470,2,7200,1.01489361702
66485,66491,67071,6,580,2,7200,1.01034482759
66500,66506,67022,6,516,2,7200,1.01162790698
66521,66527,66998,6,471,2,7200,1.0127388535
66536,66543,67080,7,537,2,7200,1.01303538175
66538,66550,67119,12,569,2,7200,1.02108963093
66559,66565,67095,6,530,2,7200,1.01132075472
66589,66596,67141,7,545,2,7200,1.0128440367
66605,66611,67147,6,536,2,7200,1.01119402985
66620,66627,67178,7,551,2,7200,1.01270417423
66622,66634,67192,12,558,2,7200,1.02150537634
66623,66639,67178,16,539,2,7200,1.02968460111
66638,66646,67228,8,582,2,7200,1.01374570447
66654,66661,67228,7,567,2,7200,1.01234567901
66656,66668,67203,12,535,2,7200,1.02242990654
66657,66673,67244,16,571,2,7200,1.02802101576
66659,66679,67233,20,554,2,7200,1.03610108303
66660,66684,67198,24,514,2,7200,1.046692607
66691,66698,67270,7,572,2,7200,1.01223776224
66706,66713,67250,7,537,2,7200,1.01303538175
66721,66727,67295,6,568,2,7200,1.01056338028
66743,66749,67261,6,512,2,7200,1.01171875
66745,66757,67315,12,558,2,7200,1.02150537634
66746,66762,67237,16,475,2,7200,1.03368421053
66761,66769,67314,8,545,2,7200,1.01467889908
66822,66829,67364,7,535,2,7200,1.01308411215
66862,66869,67421,7,552,2,7200,1.01268115942
66877,66883,67456,6,573,2,7200,1.01047120419
66910,66917,67456,7,539,2,7200,1.01298701299
66925,66932,67501,7,569,2,7200,1.01230228471
66941,66947,67500,6,553,2,7200,1.01084990958
66942,66954,67500,12,546,2,7200,1.02197802198
66944,66959,67463,15,504,2,7200,1.02976190476
66959,66966,67514,7,548,2,7200,1.01277372263
66961,66973,67539,12,566,2,7200,1.02120141343
66962,66978,67499,16,521,2,7200,1.03071017274
66978,66985,67544,7,559,2,7200,1.01252236136
66979,66992,67540,13,548,2,7200,1.02372262774
66981,66997,67544,16,547,2,7200,1.02925045704
66999,67006,67504,7,498,2,7200,1.0140562249
67014,67021,67555,7,534,2,7200,1.01310861423
67016,67028,67594,12,566,2,7200,1.02120141343
67031,67037,67600,6,563,2,7200,1.01065719361
67074,67080,67633,6,553,2,7200,1.01084990958
67089,67095,67648,6,553,2,7200,1.01084990958
67104,67110,67669,6,559,2,7200,1.01073345259
67122,67129,67710,7,581,2,7200,1.01204819277
67144,67150,67724,6,574,2,7200,1.01045296167
67159,67165,67716,6,551,2,7200,1.0108892922
67180,67186,67744,6,558,2,7200,1.01075268817
67182,67193,67718,11,525,2,7200,1.02095238095
67197,67204,67781,7,577,2,7200,1.01213171577
67212,67219,67710,7,491,2,7200,1.01425661914
67213,67226,67730,13,504,2,7200,1.02579365079
67232,67238,67772,6,534,2,7200,1.01123595506
67234,67245,67789,11,544,2,7200,1.02022058824
67249,67255,67788,6,533,2,7200,1.01125703565
67250,67262,67799,12,537,2,7200,1.02234636872
67252,67267,67816,15,549,2,7200,1.02732240437
67267,67274,67848,7,574,2,7200,1.01219512195
67269,67281,67801,12,520,2,7200,1.02307692308
67284,67291,67864,7,573,2,7200,1.01221640489
67299,67306,67842,7,536,2,7200,1.01305970149
67317,67325,67872,8,547,2,7200,1.01462522852
67319,67332,67879,13,547,2,7200,1.02376599634
67367,67374,67929,7,555,2,7200,1.01261261261
67422,67428,67985,6,557,2,7200,1.01077199282
67456,67463,67993,7,530,2,7200,1.01320754717
67457,67475,68008,18,533,2,7200,1.03377110694
67472,67482,68046,10,564,2,7200,1.01773049645
67500,67510,67982,10,472,2,7200,1.02118644068
67502,67517,68085,15,568,2,7200,1.0264084507
67517,67524,67924,7,400,2,7200,1.0175
67519,67531,68098,12,567,2,7200,1.02116402116
67520,67536,68063,16,527,2,7200,1.03036053131
67522,67542,68043,20,501,2,7200,1.03992015968
67540,67548,68118,8,570,2,7200,1.01403508772
67542,67554,68072,12,518,2,7200,1.02316602317
67558,67565,68096,7,531,2,7200,1.0131826742
67559,67572,68117,13,545,2,7200,1.02385321101
67560,67577,68134,17,557,2,7200,1.03052064632
67597,67604,68125,7,521,2,7200,1.01343570058
67612,67618,68166,6,548,2,7200,1.01094890511
67633,67640,68181,7,541,2,7200,1.01293900185
67649,67655,68202,6,547,2,7200,1.01096892139
67670,67677,68249,7,572,2,7200,1.01223776224
67713,67720,68192,7,472,2,7200,1.01483050847
67714,67727,68297,13,570,2,7200,1.02280701754
67730,67736,68302,6,566,2,7200,1.01060070671
67732,67744,68312,12,568,2,7200,1.02112676056
67733,67749,68303,16,554,2,7200,1.02888086643
67734,67754,68306,20,552,2,7200,1.03623188406
67750,67761,68326,11,565,2,7200,1.01946902655
67774,67781,68337,7,556,2,7200,1.01258992806
67789,67796,68339,7,543,2,7200,1.01289134438
67791,67803,68364,12,561,2,7200,1.02139037433
67792,67808,68324,16,516,2,7200,1.03100775194
67808,67815,68376,7,561,2,7200,1.01247771836
67809,67821,68410,12,589,2,7200,1.02037351443
67824,67830,68394,6,564,2,7200,1.01063829787
67846,67853,68408,7,555,2,7200,1.01261261261
67861,67868,68413,7,545,2,7200,1.0128440367
67876,67883,68430,7,547,2,7200,1.01279707495
67878,67890,68447,12,557,2,7200,1.02154398564
67893,67900,68355,7,455,2,7200,1.01538461538
67926,67933,68460,7,527,2,7200,1.01328273245
67942,67948,68439,6,491,2,7200,1.01221995927
67984,67991,68489,7,498,2,7200,1.0140562249
68000,68006,68551,6,545,2,7200,1.01100917431
68001,68013,68588,12,575,2,7200,1.02086956522
68016,68026,68572,10,546,2,7200,1.01831501832
68047,68054,68618,7,564,2,7200,1.01241134752
68048,68060,68609,12,549,2,7200,1.0218579235
68066,68073,68613,7,540,2,7200,1.01296296296
68081,68087,68612,6,525,2,7200,1.01142857143
68096,68103,68675,7,572,2,7200,1.01223776224
68098,68110,68618,12,508,2,7200,1.02362204724
68113,68120,68661,7,541,2,7200,1.01293900185
68128,68134,68687,6,553,2,7200,1.01084990958
68130,68141,68683,11,542,2,7200,1.02029520295
68131,68146,68715,15,569,2,7200,1.02636203866
68146,68152,68696,6,544,2,7200,1.01102941176
68167,68174,68729,7,555,2,7200,1.01261261261
68182,68188,68723,6,535,2,7200,1.01121495327
68197,68203,68756,6,553,2,7200,1.01084990958
68212,68219,68786,7,567,2,7200,1.01234567901
68252,68259,68802,7,543,2,7200,1.01289134438
68300,68307,68829,7,522,2,7200,1.01340996169
68316,68323,68839,7,516,2,7200,1.01356589147
68317,68329,68866,12,537,2,7200,1.02234636872
68319,68334,68870,15,536,2,7200,1.02798507463
68320,68340,68889,20,549,2,7200,1.0364298725
68335,68347,68867,12,520,2,7200,1.02307692308
68337,68352,68876,15,524,2,7200,1.0286259542
68352,68358,68907,6,549,2,7200,1.01092896175
68353,68365,68929,12,564,2,7200,1.02127659574
68368,68375,68922,7,547,2,7200,1.01279707495
68370,68382,68933,12,551,2,7200,1.02177858439
68385,68391,68957,6,566,2,7200,1.01060070671
68400,68406,68974,6,568,2,7200,1.01056338028
68415,68421,68922,6,501,2,7200,1.0119760479
68417,68429,68995,12,566,2,7200,1.02120141343
68418,68434,68916,16,482,2,7200,1.03319502075
68433,68441,68980,8,539,2,7200,1.01484230056
68448,68455,68995,7,540,2,7200,1.01296296296
68450,68461,69025,11,564,2,7200,1.0195035461
68465,68471,69007,6,536,2,7200,1.01119402985
68492,68499,69052,7,553,2,7200,1.01265822785
68553,68559,69084,6,525,2,7200,1.01142857143
68574,68581,69130,7,549,2,7200,1.01275045537
68589,68595,69147,6,552,2,7200,1.01086956522
68611,68617,69168,6,551,2,7200,1.0108892922
68626,68633,69164,7,531,2,7200,1.0131826742
68628,68639,69200,11,561,2,7200,1.01960784314
68629,68645,69177,16,532,2,7200,1.03007518797
68630,68650,69204,20,554,2,7200,1.03610108303
68664,68671,69218,7,547,2,7200,1.01279707495
68679,68686,69248,7,562,2,7200,1.01245551601
68694,68700,69265,6,565,2,7200,1.01061946903
68696,68707,69226,11,519,2,7200,1.02119460501
68711,68718,69258,7,540,2,7200,1.01296296296
68726,68733,69296,7,563,2,7200,1.01243339254
68727,68740,69296,13,556,2,7200,1.02338129496
68742,68749,69221,7,472,2,7200,1.01483050847
68757,68764,69313,7,549,2,7200,1.01275045537
68788,68794,69345,6,551,2,7200,1.0108892922
68803,68809,69323,6,514,2,7200,1.01167315175
68830,68836,69368,6,532,2,7200,1.01127819549
68845,68852,69387,7,535,2,7200,1.01308411215
68866,68874,69439,8,565,2,7200,1.01415929204
68882,68888,69427,6,539,2,7200,1.01113172542
68883,68894,69454,11,560,2,7200,1.01964285714
68885,68900,69463,15,563,2,7200,1.02664298401
68900,68906,69361,6,455,2,7200,1.01318681319
68915,68921,69468,6,547,2,7200,1.01096892139
68931,68937,69482,6,545,2,7200,1.01100917431
68932,68945,69493,13,548,2,7200,1.02372262774
68933,68950,69518,17,568,2,7200,1.02992957746
68935,68955,69509,20,554,2,7200,1.03610108303
68950,68961,69364,11,403,2,7200,1.02729528536
68965,68971,69482,6,511,2,7200,1.01174168297
68980,68986,69526,6,540,2,7200,1.01111111111
68981,68994,69548,13,554,2,7200,1.02346570397
68997,69004,69566,7,562,2,7200,1.01245551601
68998,69011,69572,13,561,2,7200,1.02317290553
69013,69020,69561,7,541,2,7200,1.01293900185
69028,69036,69576,8,540,2,7200,1.01481481481
69053,69060,69590,7,530,2,7200,1.01320754717
69086,69092,69631,6,539,2,7200,1.01113172542
69131,69138,69690,7,552,2,7200,1.01268115942
69150,69156,69716,6,560,2,7200,1.01071428571
69165,69171,69700,6,529,2,7200,1.01134215501
69180,69187,69732,7,545,2,7200,1.0128440367
69181,69194,69750,13,556,2,7200,1.02338129496
69202,69209,69744,7,535,2,7200,1.01308411215
69217,69223,69753,6,530,2,7200,1.01132075472
69233,69239,69714,6,475,2,7200,1.01263157895
69234,69246,69767,12,521,2,7200,1.02303262956
69235,69251,69774,16,523,2,7200,1.03059273423
69250,69257,69807,7,550,2,7200,1.01272727273
69266,69272,69799,6,527,2,7200,1.01138519924
69267,69279,69731,12,452,2,7200,1.02654867257
69294,69301,69850,7,549,2,7200,1.01275045537
69296,69307,69859,11,552,2,7200,1.01992753623
69314,69320,69876,6,556,2,7200,1.01079136691
69329,69335,69899,6,564,2,7200,1.01063829787
69347,69353,69859,6,506,2,7200,1.01185770751
69362,69368,69885,6,517,2,7200,1.01160541586
69377,69383,69946,6,563,2,7200,1.01065719361
69378,69390,69949,12,559,2,7200,1.02146690519
69394,69400,69971,6,571,2,7200,1.01050788091
69430,69436,69999,6,563,2,7200,1.01065719361
69445,69452,69984,7,532,2,7200,1.01315789474
69460,69466,69994,6,528,2,7200,1.01136363636
69475,69481,70024,6,543,2,7200,1.01104972376
69476,69487,70022,11,535,2,7200,1.02056074766
69492,69498,70039,6,541,2,7200,1.01109057301
69493,69505,70057,12,552,2,7200,1.02173913043
69508,69514,70082,6,568,2,7200,1.01056338028
69523,69529,70071,6,542,2,7200,1.0110701107
69525,69536,70015,11,479,2,7200,1.02296450939
69540,69546,70098,6,552,2,7200,1.01086956522
69554,69561,70103,7,542,2,7200,1.01291512915
69564,69571,69572,7,1,2,3540,1.0
69570,69577,70143,7,566,2,7200,1.01236749117
69571,69582,70056,11,474,2,7200,1.02320675105
69586,69592,70119,6,527,2,7200,1.01138519924
69588,69598,70165,10,567,2,7200,1.0176366843
69602,69610,70143,8,533,2,7200,1.01500938086
69633,69640,70209,7,569,2,7200,1.01230228471
69694,69700,70238,6,538,2,7200,1.01115241636
69708,69716,70273,8,557,2,7200,1.01436265709
69724,69731,70199,7,468,2,7200,1.01495726496
69725,69737,70304,12,567,2,7200,1.02116402116
69741,69747,70309,6,562,2,7200,1.01067615658
69742,69754,70305,12,551,2,7200,1.02177858439
69757,69764,70316,7,552,2,7200,1.01268115942
69759,69772,70303,13,531,2,7200,1.02448210923
69760,69777,70320,17,543,2,7200,1.03130755064
69776,69784,70362,8,578,2,7200,1.01384083045
69778,69789,70341,11,552,2,7200,1.01992753623
69802,69808,70351,6,543,2,7200,1.01104972376
69817,69824,70384,7,560,2,7200,1.0125
69853,69859,70388,6,529,2,7200,1.01134215501
69868,69876,70349,8,473,2,7200,1.01691331924
69870,69881,70460,11,579,2,7200,1.01899827288
69885,69891,70442,6,551,2,7200,1.0108892922
69886,69898,70463,12,565,2,7200,1.02123893805
69901,69907,70461,6,554,2,7200,1.01083032491
69939,69946,114695,7,44749,8,54000,1.00015642808
69947,69953,70485,6,532,2,7200,1.01127819549
69962,69968,70536,6,568,2,7200,1.01056338028
69977,69983,70546,6,563,2,7200,1.01065719361
69992,69998,70556,6,558,2,7200,1.01075268817
69996,70005,72024,9,2019,6,54000,1.0044576523
70007,70014,70531,7,517,2,7200,1.01353965184
70009,70020,70579,11,559,2,7200,1.01967799642
70024,70031,70584,7,553,2,7200,1.01265822785
70026,70037,70585,11,548,2,7200,1.0200729927
70027,70043,70512,16,469,2,7200,1.03411513859
70042,70050,70615,8,565,2,7200,1.01415929204
70057,70064,70627,7,563,2,7200,1.01243339254
70073,70080,70634,7,554,2,7200,1.01263537906
70074,70087,70646,13,559,2,7200,1.02325581395
70089,70095,70613,6,518,2,7200,1.01158301158
70104,70110,70598,6,488,2,7200,1.01229508197
70106,70116,70652,10,536,2,7200,1.01865671642
70121,70128,70628,7,500,2,7200,1.014
70145,70151,70721,6,570,2,7200,1.01052631579
70146,70158,70723,12,565,2,7200,1.02123893805
70168,70174,70721,6,547,2,7200,1.01096892139
70201,70208,70701,7,493,2,7200,1.01419878296
70216,70222,70772,6,550,2,7200,1.01090909091
70241,70247,70723,6,476,2,7200,1.01260504202
70274,70281,70818,7,537,2,7200,1.01303538175
70305,70311,70868,6,557,2,7200,1.01077199282
70306,70319,70860,13,541,2,7200,1.02402957486
70322,70329,70842,7,513,2,7200,1.01364522417
70323,70336,70885,13,549,2,7200,1.02367941712
70325,70341,70885,16,544,2,7200,1.02941176471
70326,70347,70857,21,510,2,7200,1.04117647059
70341,70354,70897,13,543,2,7200,1.02394106814
70357,70363,70891,6,528,2,7200,1.01136363636
70358,70370,70933,12,563,2,7200,1.02131438721
70373,70380,70926,7,546,2,7200,1.01282051282
70388,70395,70974,7,579,2,7200,1.01208981002
70390,70402,70938,12,536,2,7200,1.0223880597
70445,70451,71008,6,557,2,7200,1.01077199282
70463,70469,71015,6,546,2,7200,1.01098901099
70465,70476,70939,11,463,2,7200,1.02375809935
70466,70481,71028,15,547,2,7200,1.02742230347
70488,70495,71009,7,514,2,7200,1.01361867704
70515,70522,71047,7,525,2,7200,1.01333333333
70533,70539,71086,6,547,2,7200,1.01096892139
70551,70557,71127,6,570,2,7200,1.01052631579
70552,70564,71130,12,566,2,7200,1.02120141343
70567,70573,71121,6,548,2,7200,1.01094890511
70582,70590,71128,8,538,2,7200,1.01486988848
70598,70605,71132,7,527,2,7200,1.01328273245
70599,70612,71149,13,537,2,7200,1.02420856611
70601,70617,71149,16,532,2,7200,1.03007518797
70616,70624,71188,8,564,2,7200,1.01418439716
70617,70629,71187,12,558,2,7200,1.02150537634
70633,70640,71094,7,454,2,7200,1.0154185022
70635,70647,71222,12,575,2,7200,1.02086956522
70650,70657,71206,7,549,2,7200,1.01275045537
70652,70663,71203,11,540,2,7200,1.02037037037
70664,70671,125286,7,54615,1,104400,1.00012816992
70667,70677,71243,10,566,2,7200,1.01766784452
70703,70710,71205,7,495,2,7200,1.01414141414
70722,70728,71296,6,568,2,7200,1.01056338028
70724,70736,71290,12,554,2,7200,1.02166064982
70739,70745,71279,6,534,2,7200,1.01123595506
70741,70751,71265,10,514,2,7200,1.01945525292
70774,70780,71331,6,551,2,7200,1.0108892922
70819,70827,71353,8,526,2,7200,1.01520912548
70844,70850,71389,6,539,2,7200,1.01113172542
70859,70866,71413,7,547,2,7200,1.01279707495
70874,70881,71438,7,557,2,7200,1.01256732496
70876,70888,71433,12,545,2,7200,1.02201834862
70892,70899,71460,7,561,2,7200,1.01247771836
70893,70906,71430,13,524,2,7200,1.02480916031
70894,70911,71485,17,574,2,7200,1.02961672474
70909,70918,71434,9,516,2,7200,1.01744186047
70928,70935,71508,7,573,2,7200,1.01221640489
70943,70950,71508,7,558,2,7200,1.01254480287
70945,70957,71538,12,581,2,7200,1.02065404475
70946,70962,71487,16,525,2,7200,1.03047619048
70976,70983,71535,7,552,2,7200,1.01268115942
71010,71017,71534,7,517,2,7200,1.01353965184
71011,71024,71562,13,538,2,7200,1.02416356877
71026,71033,71573,7,540,2,7200,1.01296296296
71041,71048,71531,7,483,2,7200,1.01449275362
71056,71063,71637,7,574,2,7200,1.01219512195
71087,71094,71649,7,555,2,7200,1.01261261261
71102,71109,71546,7,437,2,7200,1.01601830664
71123,71130,71686,7,556,2,7200,1.01258992806
71139,71146,71712,7,566,2,7200,1.01236749117
71140,71153,71725,13,572,2,7200,1.02272727273
71142,71158,71687,16,529,2,7200,1.03024574669
71143,71164,71710,21,546,2,7200,1.03846153846
71158,71171,71705,13,534,2,7200,1.02434456929
71160,71176,71723,16,547,2,7200,1.02925045704
71190,71198,71739,8,541,2,7200,1.01478743068
71192,71203,71754,11,551,2,7200,1.01996370236
71207,71214,71779,7,565,2,7200,1.01238938053
71209,71221,71673,12,452,2,7200,1.02654867257
71210,71226,71758,16,532,2,7200,1.03007518797
71225,71233,71770,8,537,2,7200,1.01489757914
71243,71250,71782,7,532,2,7200,1.01315789474
71268,71274,71801,6,527,2,7200,1.01138519924
71283,71289,71860,6,571,2,7200,1.01050788091
71298,71304,71839,6,535,2,7200,1.01121495327
71299,71310,71838,11,528,2,7200,1.02083333333
71333,71340,71876,7,536,2,7200,1.01305970149
71354,71360,71898,6,538,2,7200,1.01115241636
71391,71398,71956,7,558,2,7200,1.01254480287
71415,71421,71989,6,568,2,7200,1.01056338028
71433,71440,71953,7,513,2,7200,1.01364522417
71435,71447,71988,12,541,2,7200,1.02218114603
71450,71457,72017,7,560,2,7200,1.0125
71452,71464,72038,12,574,2,7200,1.02090592334
71467,71474,72011,7,537,2,7200,1.01303538175
71485,71491,72067,6,576,2,7200,1.01041666667
71500,71506,72072,6,566,2,7200,1.01060070671
71515,71523,72072,8,549,2,7200,1.014571949
71517,71529,72078,12,549,2,7200,1.0218579235
71532,71539,72077,7,538,2,7200,1.01301115242
71548,71555,72092,7,537,2,7200,1.01303538175
71549,71561,72077,12,516,2,7200,1.02325581395
71550,71567,72128,17,561,2,7200,1.0303030303
71552,71572,72096,20,524,2,7200,1.03816793893
71567,71579,72126,12,547,2,7200,1.02193784278
71582,71589,72124,7,535,2,7200,1.01308411215
71640,71646,72202,6,556,2,7200,1.01079136691
71655,71661,72206,6,545,2,7200,1.01100917431
71676,71683,72216,7,533,2,7200,1.01313320826
71692,71698,72238,6,540,2,7200,1.01111111111
71693,71704,72272,11,568,2,7200,1.01936619718
71708,71715,72253,7,538,2,7200,1.01301115242
71724,71730,72296,6,566,2,7200,1.01060070671
71725,71737,72287,12,550,2,7200,1.02181818182
71726,71742,72194,16,452,2,7200,1.03539823009
71742,71749,72312,7,563,2,7200,1.01243339254
71743,71756,72220,13,464,2,7200,1.02801724138
71759,71765,72292,6,527,2,7200,1.01138519924
71760,71772,72327,12,555,2,7200,1.02162162162
71775,71781,72322,6,541,2,7200,1.01109057301
71790,71797,72359,7,562,2,7200,1.01245551601
71792,71804,72352,12,548,2,7200,1.02189781022
71807,71813,72360,6,547,2,7200,1.01096892139
71841,71847,72392,6,545,2,7200,1.01100917431
71842,71854,72415,12,561,2,7200,1.02139037433
71860,71867,72389,7,522,2,7200,1.01340996169
71879,71886,72389,7,503,2,7200,1.01391650099
71900,71906,72472,6,566,2,7200,1.01060070671
71955,71961,72482,6,521,2,7200,1.01151631478
71970,71976,72527,6,551,2,7200,1.0108892922
71989,71995,72527,6,532,2,7200,1.01127819549
72004,72010,72559,6,549,2,7200,1.01092896175
72019,72025,72591,6,566,2,7200,1.01060070671
72020,72032,72532,12,500,2,7200,1.024
72038,72045,72585,7,540,2,7200,1.01296296296
72069,72076,72630,7,554,2,7200,1.01263537906
72084,72092,72629,8,537,2,7200,1.01489757914
72086,72098,72650,12,552,2,7200,1.02173913043
72087,72104,72625,17,521,2,7200,1.03262955854
72089,72109,72670,20,561,2,7200,1.03565062389
72090,72114,72660,24,546,2,7200,1.04395604396
72105,72121,72701,16,580,2,7200,1.0275862069
72107,72126,72661,19,535,2,7200,1.03551401869
72125,72133,72687,8,554,2,7200,1.01444043321
72140,72147,72659,7,512,2,7200,1.013671875
72142,72154,72721,12,567,2,7200,1.02116402116
72196,72204,72737,8,533,2,7200,1.01500938086
72212,72219,72738,7,519,2,7200,1.01348747592
72213,72225,72793,12,568,2,7200,1.02112676056
72229,72235,72769,6,534,2,7200,1.01123595506
72230,72241,72754,11,513,2,7200,1.02144249513
72247,72254,72812,7,558,2,7200,1.01254480287
72262,72268,72782,6,514,2,7200,1.01167315175
72277,72283,72794,6,511,2,7200,1.01174168297
72292,72298,72808,6,510,2,7200,1.01176470588
72307,72313,72858,6,545,2,7200,1.01100917431
72309,72320,72874,11,554,2,7200,1.01985559567
72324,72331,72875,7,544,2,7200,1.01286764706
72326,72338,72879,12,541,2,7200,1.02218114603
72341,72347,72907,6,560,2,7200,1.01071428571
72356,72362,72926,6,564,2,7200,1.01063829787
72371,72378,72916,7,538,2,7200,1.01301115242
72372,72384,72959,12,575,2,7200,1.02086956522
72391,72397,72944,6,547,2,7200,1.01096892139
72392,72404,72965,12,561,2,7200,1.02139037433
72407,72413,72959,6,546,2,7200,1.01098901099
72422,72428,72947,6,519,2,7200,1.01156069364
72474,72480,72938,6,458,2,7200,1.01310043668
72489,72495,73022,6,527,2,7200,1.01138519924
72529,72535,73022,6,487,2,7200,1.01232032854
72530,72543,73107,13,564,2,7200,1.02304964539
72545,72551,73080,6,529,2,7200,1.01134215501
72560,72566,73094,6,528,2,7200,1.01136363636
72587,72595,73121,8,526,2,7200,1.01520912548
72602,72608,73157,6,549,2,7200,1.01092896175
72627,72633,73162,6,529,2,7200,1.01134215501
72642,72648,73203,6,555,2,7200,1.01081081081
72643,72655,73209,12,554,2,7200,1.02166064982
72658,72664,73048,6,384,2,7200,1.015625
72674,72680,73132,6,452,2,7200,1.01327433628
72675,72687,73254,12,567,2,7200,1.02116402116
72677,72692,73209,15,517,2,7200,1.02901353965
72678,72697,73224,19,527,2,7200,1.03605313093
72693,72704,73251,11,547,2,7200,1.02010968921
72708,72715,73242,7,527,2,7200,1.01328273245
72724,72731,73289,7,558,2,7200,1.01254480287
72739,72745,73307,6,562,2,7200,1.01067615658
72740,72753,73280,13,527,2,7200,1.02466793169
72755,72761,73281,6,520,2,7200,1.01153846154
72770,72777,73344,7,567,2,7200,1.01234567901
72785,72793,73330,8,537,2,7200,1.01489757914
72801,72807,73364,6,557,2,7200,1.01077199282
72802,72815,73329,13,514,2,7200,1.02529182879
72817,72824,73380,7,556,2,7200,1.01258992806
72819,72830,73350,11,520,2,7200,1.02115384615
72861,72868,73409,7,541,2,7200,1.01293900185
72878,72885,73438,7,553,2,7200,1.01265822785
72879,72892,73426,13,534,2,7200,1.02434456929
72894,72900,73440,6,540,2,7200,1.01111111111
72909,72915,73451,6,536,2,7200,1.01119402985
72924,72930,73479,6,549,2,7200,1.01092896175
72940,72946,73510,6,564,2,7200,1.01063829787
72941,72954,73495,13,541,2,7200,1.02402957486
72956,72962,73498,6,536,2,7200,1.01119402985
72958,72969,73472,11,503,2,7200,1.02186878728
72973,72979,73542,6,563,2,7200,1.01065719361
72974,72986,73510,12,524,2,7200,1.02290076336
72976,72991,73549,15,558,2,7200,1.02688172043
73022,73029,73586,7,557,2,7200,1.01256732496
73023,73036,73600,13,564,2,7200,1.02304964539
73051,73057,73519,6,462,2,7200,1.01298701299
73081,73088,73596,7,508,2,7200,1.01377952756
73096,73103,73672,7,569,2,7200,1.01230228471
73111,73119,73636,8,517,2,7200,1.01547388781
73126,73132,73645,6,513,2,7200,1.01169590643
73141,73147,73717,6,570,2,7200,1.01052631579
73159,73167,73718,8,551,2,7200,1.01451905626
73174,73181,73739,7,558,2,7200,1.01254480287
73205,73212,73776,7,564,2,7200,1.01241134752
73220,73227,73794,7,567,2,7200,1.01234567901
73221,73233,73809,12,576,2,7200,1.02083333333
73236,73244,73758,8,514,2,7200,1.01556420233
73252,73259,73830,7,571,2,7200,1.0122591944
73253,73265,73784,12,519,2,7200,1.02312138728
73268,73276,73847,8,571,2,7200,1.01401050788
73284,73291,73842,7,551,2,7200,1.01270417423
73285,73298,73847,13,549,2,7200,1.02367941712
73300,73307,73867,7,560,2,7200,1.0125
73315,73323,73893,8,570,2,7200,1.01403508772
73331,73337,73888,6,551,2,7200,1.0108892922
73332,73344,73887,12,543,2,7200,1.02209944751
73348,73355,73920,7,565,2,7200,1.01238938053
73363,73370,73887,7,517,2,7200,1.01353965184
73378,73385,73901,7,516,2,7200,1.01356589147
73393,73400,73957,7,557,2,7200,1.01256732496
73411,73417,73966,6,549,2,7200,1.01092896175
73429,73435,73966,6,531,2,7200,1.01129943503
73444,73450,73999,6,549,2,7200,1.01092896175
73446,73456,73990,10,534,2,7200,1.01872659176
73461,73467,74032,6,565,2,7200,1.01061946903
73476,73483,74026,7,543,2,7200,1.01289134438
73491,73498,74047,7,549,2,7200,1.01275045537
73506,73513,74076,7,563,2,7200,1.01243339254
73508,73520,74058,12,538,2,7200,1.02230483271
73509,73525,74035,16,510,2,7200,1.03137254902
73510,73530,74076,20,546,2,7200,1.03663003663
73526,73537,74026,11,489,2,7200,1.02249488753
73544,73551,74098,7,547,2,7200,1.01279707495
73559,73565,74078,6,513,2,7200,1.01169590643
73586,73593,74131,7,538,2,7200,1.01301115242
73602,73608,74118,6,510,2,7200,1.01176470588
73603,73615,74013,12,398,2,7200,1.03015075377
73640,73647,74053,7,406,2,7200,1.01724137931
73657,73663,74235,6,572,2,7200,1.01048951049
73672,73679,74214,7,535,2,7200,1.01308411215
73721,73727,74233,6,506,2,7200,1.01185770751
73722,73734,74297,12,563,2,7200,1.02131438721
73741,73747,74306,6,559,2,7200,1.01073345259
73762,73768,74335,6,567,2,7200,1.01058201058
73777,73784,74333,7,549,2,7200,1.01275045537
73792,73798,74365,6,567,2,7200,1.01058201058
73807,73814,74340,7,526,2,7200,1.01330798479
73822,73829,74375,7,546,2,7200,1.01282051282
73837,73845,74407,8,562,2,7200,1.01423487544
73853,73861,74418,8,557,2,7200,1.01436265709
73854,73866,74447,12,581,2,7200,1.02065404475
73856,73873,74367,17,494,2,7200,1.03441295547
73871,73880,74444,9,564,2,7200,1.01595744681
73890,73897,74440,7,543,2,7200,1.01289134438
73891,73904,74408,13,504,2,7200,1.02579365079
73892,73909,74393,17,484,2,7200,1.03512396694
73908,73916,74442,8,526,2,7200,1.01520912548
73909,73921,74422,12,501,2,7200,1.02395209581
73924,73931,74503,7,572,2,7200,1.01223776224
73958,73965,74517,7,552,2,7200,1.01268115942
73973,73979,74538,6,559,2,7200,1.01073345259
73975,73986,74519,11,533,2,7200,1.02063789869
73993,74000,74549,7,549,2,7200,1.01275045537
74008,74015,74579,7,564,2,7200,1.01241134752
74023,74030,74584,7,554,2,7200,1.01263537906
74039,74046,74591,7,545,2,7200,1.0128440367
74041,74053,74614,12,561,2,7200,1.02139037433
74042,74058,74579,16,521,2,7200,1.03071017274
74044,74063,74627,19,564,2,7200,1.03368794326
74060,74070,74603,10,533,2,7200,1.01876172608
74061,74075,74570,14,495,2,7200,1.02828282828
74062,74081,74640,19,559,2,7200,1.03398926655
74078,74087,74648,9,561,2,7200,1.01604278075
74079,74093,74639,14,546,2,7200,1.02564102564
74095,74102,74657,7,555,2,7200,1.01261261261
74110,74116,74663,6,547,2,7200,1.01096892139
74116,74123,76110,7,1987,6,50400,1.00352289884
74125,74132,74671,7,539,2,7200,1.01298701299
74140,74146,74676,6,530,2,7200,1.01132075472
74216,74223,74790,7,567,2,7200,1.01234567901
74234,74240,74807,6,567,2,7200,1.01058201058
74249,74255,74775,6,520,2,7200,1.01153846154
74298,74304,74779,6,475,2,7200,1.01263157895
74313,74320,74878,7,558,2,7200,1.01254480287
74335,74341,74896,6,555,2,7200,1.01081081081
74350,74356,74885,6,529,2,7200,1.01134215501
74352,74363,74910,11,547,2,7200,1.02010968921
74367,74373,74941,6,568,2,7200,1.01056338028
74368,74380,74919,12,539,2,7200,1.02226345083
74384,74390,74953,6,563,2,7200,1.01065719361
74399,74405,74944,6,539,2,7200,1.01113172542
74414,74422,74976,8,554,2,7200,1.01444043321
74416,74429,75004,13,575,2,7200,1.02260869565
74431,74437,74989,6,552,2,7200,1.01086956522
74433,74443,74999,10,556,2,7200,1.01798561151
74449,74455,74999,6,544,2,7200,1.01102941176
74450,74462,74991,12,529,2,7200,1.02268431002
74451,74467,75015,16,548,2,7200,1.02919708029
74453,74473,74968,20,495,2,7200,1.0404040404
74505,74511,74993,6,482,2,7200,1.01244813278
74520,74527,75031,7,504,2,7200,1.01388888889
74521,74534,75076,13,542,2,7200,1.02398523985
74540,74546,75027,6,481,2,7200,1.01247401247
74555,74561,75089,6,528,2,7200,1.01136363636
74573,74579,75150,6,571,2,7200,1.01050788091
74589,74595,75168,6,573,2,7200,1.01047120419
74590,74601,75147,11,546,2,7200,1.02014652015
74592,74607,75153,15,546,2,7200,1.02747252747
74607,74613,75165,6,552,2,7200,1.01086956522
74609,74621,75186,12,565,2,7200,1.02123893805
74624,74630,75180,6,550,2,7200,1.01090909091
74639,74646,75206,7,560,2,7200,1.0125
74641,74654,75206,13,552,2,7200,1.02355072464
74657,74663,75237,6,574,2,7200,1.01045296167
74658,74670,75175,12,505,2,7200,1.02376237624
74660,74675,75231,15,556,2,7200,1.02697841727
74676,74683,75159,7,476,2,7200,1.01470588235
74678,74690,75274,12,584,2,7200,1.02054794521
74679,74695,75234,16,539,2,7200,1.02968460111
74777,74784,75290,7,506,2,7200,1.01383399209
74792,74799,75334,7,535,2,7200,1.01308411215
74794,74806,75365,12,559,2,7200,1.02146690519
74809,74815,75359,6,544,2,7200,1.01102941176
74879,74886,75433,7,547,2,7200,1.01279707495
74894,74901,75472,7,571,2,7200,1.0122591944
74910,74916,75460,6,544,2,7200,1.01102941176
74911,74923,75438,12,515,2,7200,1.02330097087
74927,74933,75465,6,532,2,7200,1.01127819549
74942,74949,75469,7,520,2,7200,1.01346153846
74957,74963,75512,6,549,2,7200,1.01092896175
74959,74971,75512,12,541,2,7200,1.02218114603
74974,74981,75483,7,502,2,7200,1.01394422311
74989,74995,75548,6,553,2,7200,1.01084990958
75005,75011,75572,6,561,2,7200,1.01069518717
75006,75018,75559,12,541,2,7200,1.02218114603
75008,75023,75583,15,560,2,7200,1.02678571429
75009,75028,75583,19,555,2,7200,1.03423423423
75011,75034,75582,23,548,2,7200,1.04197080292
75012,75041,75582,29,541,2,7200,1.05360443623
75027,75046,75574,19,528,2,7200,1.03598484848
75029,75051,75559,22,508,2,7200,1.04330708661
75044,75059,75610,15,551,2,7200,1.02722323049
75078,75085,75565,7,480,2,7200,1.01458333333
75093,75099,75481,6,382,2,7200,1.01570680628
75148,75155,75662,7,507,2,7200,1.01380670611
75163,75169,75710,6,541,2,7200,1.01109057301
75165,75176,75753,11,577,2,7200,1.01906412478
75166,75181,75703,15,522,2,7200,1.02873563218
75167,75186,75697,19,511,2,7200,1.03718199609
75183,75194,75735,11,541,2,7200,1.02033271719
75185,75199,75763,14,564,2,7200,1.02482269504
75186,75205,75729,19,524,2,7200,1.03625954198
75201,75212,75772,11,560,2,7200,1.01964285714
75217,75223,75762,6,539,2,7200,1.01113172542
75218,75231,75785,13,554,2,7200,1.02346570397
75233,75240,75795,7,555,2,7200,1.01261261261
75248,75255,75808,7,553,2,7200,1.01265822785
75250,75261,75745,11,484,2,7200,1.02272727273
75277,75284,75822,7,538,2,7200,1.01301115242
75292,75299,75844,7,545,2,7200,1.0128440367
75335,75341,75908,6,567,2,7200,1.01058201058
75362,75369,75916,7,547,2,7200,1.01279707495
75377,75383,75898,6,515,2,7200,1.01165048544
75435,75441,75987,6,546,2,7200,1.01098901099
75450,75456,75980,6,524,2,7200,1.01145038168
75465,75471,75991,6,520,2,7200,1.01153846154
75467,75479,76017,12,538,2,7200,1.02230483271
75482,75489,76052,7,563,2,7200,1.01243339254
75484,75495,76050,11,555,2,7200,1.01981981982
75485,75502,76007,17,505,2,7200,1.03366336634
75500,75508,76055,8,547,2,7200,1.01462522852
75515,75522,76078,7,556,2,7200,1.01258992806
75517,75530,76103,13,573,2,7200,1.02268760908
75550,75557,76061,7,504,2,7200,1.01388888889
75566,75572,76096,6,524,2,7200,1.01145038168
75567,75579,76137,12,558,2,7200,1.02150537634
75568,75584,76106,16,522,2,7200,1.030651341
75584,75590,76122,6,532,2,7200,1.01127819549
75585,75597,76144,12,547,2,7200,1.02193784278
75587,75602,76153,15,551,2,7200,1.02722323049
75588,75607,76081,19,474,2,7200,1.04008438819
75589,75613,76141,24,528,2,7200,1.04545454545
75591,75620,76172,29,552,2,7200,1.05253623188
75612,75625,76163,13,538,2,7200,1.02416356877
75664,75670,76235,6,565,2,7200,1.01061946903
75697,75705,76253,8,548,2,7200,1.01459854015
75713,75719,76294,6,575,2,7200,1.01043478261
75714,75726,76294,12,568,2,7200,1.02112676056
75729,75735,76307,6,572,2,7200,1.01048951049
75745,75752,76303,7,551,2,7200,1.01270417423
75760,75766,76316,6,550,2,7200,1.01090909091
75761,75773,76337,12,564,2,7200,1.02127659574
75777,75783,76344,6,561,2,7200,1.01069518717
75778,75789,76342,11,553,2,7200,1.0198915009
75780,75795,76329,15,534,2,7200,1.02808988764
75795,75801,76373,6,572,2,7200,1.01048951049
75797,75809,76356,12,547,2,7200,1.02193784278
75812,75819,76339,7,520,2,7200,1.01346153846
75827,75833,76390,6,557,2,7200,1.01077199282
75845,75852,76405,7,553,2,7200,1.01265822785
75900,75906,76445,6,539,2,7200,1.01113172542
75915,75922,76481,7,559,2,7200,1.01252236136
75930,75936,76463,6,527,2,7200,1.01138519924
75982,75988,76519,6,531,2,7200,1.01129943503
75997,76004,76483,7,479,2,7200,1.01461377871
75999,76011,76589,12,578,2,7200,1.02076124567
76014,76020,76530,6,510,2,7200,1.01176470588
76029,76035,76603,6,568,2,7200,1.01056338028
76053,76059,76562,6,503,2,7200,1.01192842942
76054,76066,76644,12,578,2,7200,1.02076124567
76069,76076,76638,7,562,2,7200,1.01245551601
76071,76082,76657,11,575,2,7200,1.01913043478
76086,76092,76652,6,560,2,7200,1.01071428571
76087,76098,76605,11,507,2,7200,1.02169625247
76102,76108,76646,6,538,2,7200,1.01115241636
76117,76123,76699,6,576,2,7200,1.01041666667
76119,76130,76697,11,567,2,7200,1.01940035273
76134,76141,76638,7,497,2,7200,1.01408450704
76149,76155,76692,6,537,2,7200,1.01117318436
76150,76161,76724,11,563,2,7200,1.01953818828
76152,76167,76735,15,568,2,7200,1.0264084507
76167,76173,76700,6,527,2,7200,1.01138519924
76168,76181,76750,13,569,2,7200,1.02284710018
76183,76189,76678,6,489,2,7200,1.01226993865
76238,76244,76787,6,543,2,7200,1.01104972376
76256,76263,76791,7,528,2,7200,1.01325757576
76295,76302,76830,7,528,2,7200,1.01325757576
76297,76309,76847,12,538,2,7200,1.02230483271
76312,76318,76846,6,528,2,7200,1.01136363636
76313,76324,76877,11,553,2,7200,1.0198915009
76329,76335,76853,6,518,2,7200,1.01158301158
76344,76351,76873,7,522,2,7200,1.01340996169
76346,76358,76892,12,534,2,7200,1.02247191011
76347,76363,76928,16,565,2,7200,1.02831858407
76348,76368,76900,20,532,2,7200,1.03759398496
76350,76373,76924,23,551,2,7200,1.04174228675
76365,76381,76912,16,531,2,7200,1.03013182674
76380,76387,76909,7,522,2,7200,1.01340996169
76395,76401,76908,6,507,2,7200,1.01183431953
76406,76412,79396,6,2984,1,7200,1.00201072386
76410,76419,76933,9,514,2,7200,1.01750972763
76446,76453,76982,7,529,2,7200,1.01323251418
76464,76471,76999,7,528,2,7200,1.01325757576
76482,76489,77035,7,546,2,7200,1.01282051282
76497,76504,77033,7,529,2,7200,1.01323251418
76522,76529,77033,7,504,2,7200,1.01388888889
76536,76543,77078,7,535,2,7200,1.01308411215
76565,76572,77076,7,504,2,7200,1.01388888889
76592,76599,77173,7,574,2,7200,1.01219512195
76608,76614,77135,6,521,2,7200,1.01151631478
76609,76621,77129,12,508,2,7200,1.02362204724
76636,76643,77187,7,544,2,7200,1.01286764706
76652,76659,77205,7,546,2,7200,1.01282051282
76654,76665,77220,11,555,2,7200,1.01981981982
76655,76671,77188,16,517,2,7200,1.03094777563
76656,76676,77225,20,549,2,7200,1.0364298725
76672,76683,77212,11,529,2,7200,1.02079395085
76687,76693,77096,6,403,2,7200,1.01488833747
76704,76710,77225,6,515,2,7200,1.01165048544
76705,76717,77263,12,546,2,7200,1.02197802198
76707,76722,77280,15,558,2,7200,1.02688172043
76708,76727,77253,19,526,2,7200,1.036121673
76726,76733,77248,7,515,2,7200,1.01359223301
76741,76748,77308,7,560,2,7200,1.0125
76756,76762,77310,6,548,2,7200,1.01094890511
76790,76796,77358,6,562,2,7200,1.01067615658
76805,76811,77358,6,547,2,7200,1.01096892139
76832,76839,77378,7,539,2,7200,1.01298701299
76847,76853,77362,6,509,2,7200,1.01178781925
76849,76860,77427,11,567,2,7200,1.01940035273
76864,76870,77442,6,572,2,7200,1.01048951049
76879,76886,77430,7,544,2,7200,1.01286764706
76881,76892,77430,11,538,2,7200,1.02044609665
76896,76902,77358,6,456,2,7200,1.01315789474
76911,76919,77468,8,549,2,7200,1.014571949
76913,76926,77490,13,564,2,7200,1.02304964539
76914,76931,77462,17,531,2,7200,1.03201506591
76930,76937,77439,7,502,2,7200,1.01394422311
76931,76942,77507,11,565,2,7200,1.01946902655
76933,76950,77484,17,534,2,7200,1.03183520599
76948,76956,77513,8,557,2,7200,1.01436265709
76984,76991,77548,7,557,2,7200,1.01256732496
77002,77008,77557,6,549,2,7200,1.01092896175
77036,77044,77551,8,507,2,7200,1.0157790927
77038,77051,77531,13,480,2,7200,1.02708333333
77039,77056,77625,17,569,2,7200,1.02987697715
77079,77085,77558,6,473,2,7200,1.01268498943
77080,77092,77642,12,550,2,7200,1.02181818182
77099,77106,77600,7,494,2,7200,1.01417004049
77132,77139,77662,7,523,2,7200,1.01338432122
77147,77153,77713,6,560,2,7200,1.01071428571
77175,77181,77710,6,529,2,7200,1.01134215501
77190,77196,77722,6,526,2,7200,1.01140684411
77191,77203,77731,12,528,2,7200,1.02272727273
77206,77213,77776,7,563,2,7200,1.01243339254
77222,77228,77782,6,554,2,7200,1.01083032491
77223,77236,77796,13,560,2,7200,1.02321428571
77238,77245,77739,7,494,2,7200,1.01417004049
77240,77253,77795,13,542,2,7200,1.02398523985
77255,77262,77778,7,516,2,7200,1.01356589147
77257,77270,77809,13,539,2,7200,1.0241187384
77272,77279,77832,7,553,2,7200,1.01265822785
77287,77293,77858,6,565,2,7200,1.01061946903
77308,77315,77865,7,550,2,7200,1.01272727273
77324,77331,77886,7,555,2,7200,1.01261261261
77360,77367,77936,7,569,2,7200,1.01230228471
77362,77374,77902,12,528,2,7200,1.02272727273
77363,77379,77911,16,532,2,7200,1.03007518797
77378,77386,77902,8,516,2,7200,1.01550387597
77380,77393,77942,13,549,2,7200,1.02367941712
77430,77436,77985,6,549,2,7200,1.01092896175
77431,77444,77978,13,534,2,7200,1.02434456929
77447,77453,77996,6,543,2,7200,1.01104972376
77448,77460,77973,12,513,2,7200,1.02339181287
77450,77465,78010,15,545,2,7200,1.02752293578
77465,77471,78044,6,573,2,7200,1.01047120419
77480,77486,78020,6,534,2,7200,1.01123595506
77496,77501,78022,5,521,2,7200,1.00959692898
77497,77509,78051,12,542,2,7200,1.0221402214
77512,77518,78084,6,566,2,7200,1.01060070671
77527,77533,78086,6,553,2,7200,1.01084990958
77542,77548,78116,6,568,2,7200,1.01056338028
77558,77565,78138,7,573,2,7200,1.01221640489
77560,77572,78050,12,478,2,7200,1.02510460251
77561,77577,78107,16,530,2,7200,1.03018867925
77562,77582,78113,20,531,2,7200,1.03766478343
77602,77608,78142,6,534,2,7200,1.01123595506
77627,77633,78127,6,494,2,7200,1.01214574899
77645,77652,78199,7,547,2,7200,1.01279707495
77663,77669,78193,6,524,2,7200,1.01145038168
77712,77718,78259,6,541,2,7200,1.01109057301
77727,77733,78278,6,545,2,7200,1.01100917431
77729,77740,78291,11,551,2,7200,1.01996370236
77744,77750,78318,6,568,2,7200,1.01056338028
77746,77758,78237,12,479,2,7200,1.02505219207
77779,77786,78338,7,552,2,7200,1.01268115942
77781,77793,78340,12,547,2,7200,1.02193784278
77796,77803,78336,7,533,2,7200,1.01313320826
77798,77811,78360,13,549,2,7200,1.02367941712
77799,77816,78379,17,563,2,7200,1.03019538188
77815,77823,78390,8,567,2,7200,1.01410934744
77833,77839,78354,6,515,2,7200,1.01165048544
77860,77867,78390,7,523,2,7200,1.01338432122
77875,77881,78375,6,494,2,7200,1.01214574899
77890,77897,78438,7,541,2,7200,1.01293900185
77906,77913,78445,7,532,2,7200,1.01315789474
77907,77920,78470,13,550,2,7200,1.02363636364
77922,77930,78492,8,562,2,7200,1.01423487544
77937,77944,78478,7,534,2,7200,1.01310861423
77952,77959,78356,7,397,2,7200,1.01763224181
77977,77983,78531,6,548,2,7200,1.01094890511
77992,77998,78524,6,526,2,7200,1.01140684411
77993,78005,78507,12,502,2,7200,1.02390438247
78008,78015,78518,7,503,2,7200,1.01391650099
78024,78031,78553,7,522,2,7200,1.01340996169
78026,78038,78585,12,547,2,7200,1.02193784278
78027,78043,78603,16,560,2,7200,1.02857142857
78046,78052,78616,6,564,2,7200,1.01063829787
78061,78068,78619,7,551,2,7200,1.01270417423
78062,78075,78641,13,566,2,7200,1.02296819788
78087,78094,78632,7,538,2,7200,1.01301115242
78088,78101,78662,13,561,2,7200,1.02317290553
78110,78116,78656,6,540,2,7200,1.01111111111
78125,78132,78693,7,561,2,7200,1.01247771836
78126,78138,78697,12,559,2,7200,1.02146690519
78142,78149,78676,7,527,2,7200,1.01328273245
78143,78156,78655,13,499,2,7200,1.02605210421
78158,78166,78694,8,528,2,7200,1.01515151515
78195,78201,78766,6,565,2,7200,1.01061946903
78210,78217,78778,7,561,2,7200,1.01247771836
78241,78248,78806,7,558,2,7200,1.01254480287
78262,78268,78827,6,559,2,7200,1.01073345259
78280,78286,78845,6,559,2,7200,1.01073345259
78295,78301,78867,6,566,2,7200,1.01060070671
78320,78327,78846,7,519,2,7200,1.01348747592
78339,78346,78895,7,549,2,7200,1.01275045537
78340,78353,78912,13,559,2,7200,1.02325581395
78356,78363,78883,7,520,2,7200,1.01346153846
78358,78370,78919,12,549,2,7200,1.0218579235
78359,78375,78945,16,570,2,7200,1.02807017544
78375,78382,78938,7,556,2,7200,1.01258992806
78391,78398,78978,7,580,2,7200,1.01206896552
78392,78405,78965,13,560,2,7200,1.02321428571
78393,78410,78971,17,561,2,7200,1.0303030303
78395,78415,78956,20,541,2,7200,1.03696857671
78441,78447,79002,6,555,2,7200,1.01081081081
78456,78462,78952,6,490,2,7200,1.01224489796
78471,78477,78933,6,456,2,7200,1.01315789474
78486,78493,79018,7,525,2,7200,1.01333333333
78501,78508,79060,7,552,2,7200,1.01268115942
78516,78522,79069,6,547,2,7200,1.01096892139
78532,78538,79070,6,532,2,7200,1.01127819549
78534,78545,79110,11,565,2,7200,1.01946902655
78535,78550,79075,15,525,2,7200,1.02857142857
78556,78563,79072,7,509,2,7200,1.0137524558
78587,78593,79143,6,550,2,7200,1.01090909091
78605,78611,79157,6,546,2,7200,1.01098901099
78621,78628,79143,7,515,2,7200,1.01359223301
78622,78635,79195,13,560,2,7200,1.02321428571
78637,78644,79188,7,544,2,7200,1.01286764706
78653,78660,79214,7,554,2,7200,1.01263537906
78668,78675,79212,7,537,2,7200,1.01303538175
78670,78687,79241,17,554,2,7200,1.03068592058
78671,78692,79253,21,561,2,7200,1.03743315508
78674,78681,78789,7,108,64,600,1.06481481481
78686,78699,79254,13,555,2,7200,1.02342342342
78702,78709,79248,7,539,2,7200,1.01298701299
78703,78715,79262,12,547,2,7200,1.02193784278
78705,78721,79248,16,527,2,7200,1.03036053131
78769,78776,79297,7,521,2,7200,1.01343570058
78784,78791,79359,7,568,2,7200,1.01232394366
78808,78814,79340,6,526,2,7200,1.01140684411
78830,78837,79392,7,555,2,7200,1.01261261261
78848,78855,79416,7,561,2,7200,1.01247771836
78849,78861,79307,12,446,2,7200,1.0269058296
78870,78877,79448,7,571,2,7200,1.0122591944
78886,78892,79473,6,581,2,7200,1.01032702238
78901,78907,79444,6,537,2,7200,1.01117318436
78916,78923,79459,7,536,2,7200,1.01305970149
78931,78937,79489,6,552,2,7200,1.01086956522
78946,78952,79518,6,566,2,7200,1.01060070671
78948,78959,79473,11,514,2,7200,1.02140077821
78949,78964,79510,15,546,2,7200,1.02747252747
78964,78971,79527,7,556,2,7200,1.01258992806
78966,78977,79520,11,543,2,7200,1.02025782689
78981,78987,79547,6,560,2,7200,1.01071428571
78983,78993,79535,10,542,2,7200,1.0184501845
78984,78999,79553,15,554,2,7200,1.02707581227
79005,79013,79536,8,523,2,7200,1.01529636711
79020,79027,79576,7,549,2,7200,1.01275045537
79063,79069,79605,6,536,2,7200,1.01119402985
79079,79084,79621,5,537,2,7200,1.00931098696
79080,79092,79596,12,504,2,7200,1.02380952381
79081,79097,79660,16,563,2,7200,1.02841918295
79083,79102,79633,19,531,2,7200,1.03578154426
79113,79119,79630,6,511,2,7200,1.01174168297
79144,79151,79691,7,540,2,7200,1.01296296296
79145,79158,79706,13,548,2,7200,1.02372262774
79161,79167,79712,6,545,2,7200,1.01100917431
79191,79198,79722,7,524,2,7200,1.01335877863
79206,79213,79772,7,559,2,7200,1.01252236136
79221,79228,79737,7,509,2,7200,1.0137524558
79223,79235,79772,12,537,2,7200,1.02234636872
79244,79251,79763,7,512,2,7200,1.013671875
79260,79266,79810,6,544,2,7200,1.01102941176
79261,79273,79855,12,582,2,7200,1.0206185567
79262,79279,79819,17,540,2,7200,1.03148148148
79264,79284,79838,20,554,2,7200,1.03610108303
79279,79290,79862,11,572,2,7200,1.01923076923
79298,79305,79823,7,518,2,7200,1.01351351351
79313,79320,79866,7,546,2,7200,1.01282051282
79343,79349,79902,6,553,2,7200,1.01084990958
79361,79368,79918,7,550,2,7200,1.01272727273
79395,79401,79952,6,551,2,7200,1.0108892922
79419,79425,79975,6,550,2,7200,1.01090909091
79447,79454,79954,7,500,2,7200,1.014
79462,79469,79893,7,424,2,7200,1.01650943396
79463,79476,80049,13,573,2,7200,1.02268760908
79479,79485,80034,6,549,2,7200,1.01092896175
79480,79492,80057,12,565,2,7200,1.02123893805
79495,79502,80011,7,509,2,7200,1.0137524558
79514,79520,80058,6,538,2,7200,1.01115241636
79529,79535,80100,6,565,2,7200,1.01061946903
79530,79542,80097,12,555,2,7200,1.02162162162
79532,79547,80109,15,562,2,7200,1.02669039146
79547,79553,80066,6,513,2,7200,1.01169590643
79549,79559,80017,10,458,2,7200,1.02183406114
79550,79565,80088,15,523,2,7200,1.02868068834
79565,79571,80093,6,522,2,7200,1.01149425287
79580,79587,80138,7,551,2,7200,1.01270417423
79598,79605,80141,7,536,2,7200,1.01305970149
79613,79619,80141,6,522,2,7200,1.01149425287
79629,79635,80197,6,562,2,7200,1.01067615658
79644,79650,80177,6,527,2,7200,1.01138519924
79645,79656,80204,11,548,2,7200,1.0200729927
79661,79667,80245,6,578,2,7200,1.01038062284
79694,79700,80264,6,564,2,7200,1.01063829787
79709,79715,80272,6,557,2,7200,1.01077199282
79725,79732,80287,7,555,2,7200,1.01261261261
79726,79738,80293,12,555,2,7200,1.02162162162
79741,79748,80282,7,534,2,7200,1.01310861423
79765,79773,80314,8,541,2,7200,1.01478743068
79781,79787,80310,6,523,2,7200,1.01147227533
79782,79793,80321,11,528,2,7200,1.02083333333
79812,79820,80349,8,529,2,7200,1.01512287335
79828,79834,80371,6,537,2,7200,1.01117318436
79829,79841,80386,12,545,2,7200,1.02201834862
79844,79851,80361,7,510,2,7200,1.0137254902
79859,79866,80376,7,510,2,7200,1.0137254902
79874,79880,80420,6,540,2,7200,1.01111111111
79876,79886,80456,10,570,2,7200,1.01754385965
79894,79901,80349,7,448,2,7200,1.015625
79909,79915,80404,6,489,2,7200,1.01226993865
79924,79930,80475,6,545,2,7200,1.01100917431
79954,79961,80509,7,548,2,7200,1.01277372263
79956,79968,80526,12,558,2,7200,1.02150537634
79977,79983,80474,6,491,2,7200,1.01221995927
80014,80020,80566,6,546,2,7200,1.01098901099
80029,80036,80567,7,531,2,7200,1.0131826742
80044,80050,80608,6,558,2,7200,1.01075268817
80059,80066,80608,7,542,2,7200,1.01291512915
80061,80073,80636,12,563,2,7200,1.02131438721
80062,80078,80597,16,519,2,7200,1.03082851638
80077,80085,80628,8,543,2,7200,1.01473296501
80092,80098,80637,6,539,2,7200,1.01113172542
80094,80105,80676,11,571,2,7200,1.01926444834
80109,80115,80654,6,539,2,7200,1.01113172542
80111,80121,80658,10,537,2,7200,1.01862197393
80112,80127,80672,15,545,2,7200,1.02752293578
80139,80146,80688,7,542,2,7200,1.01291512915
80140,80151,80152,11,1,1,240,1.2
80155,80161,80621,6,460,2,7200,1.01304347826
80156,80168,80695,12,527,2,7200,1.02277039848
80177,80184,80771,7,587,2,7200,1.01192504259
80199,80205,80745,6,540,2,7200,1.01111111111
80214,80221,80760,7,539,2,7200,1.01298701299
80247,80253,80817,6,564,2,7200,1.01063829787
80265,80272,80785,7,513,2,7200,1.01364522417
80281,80287,80822,6,535,2,7200,1.01121495327
80296,80302,80825,6,523,2,7200,1.01147227533
80298,80310,80862,12,552,2,7200,1.02173913043
80299,80315,80876,16,561,2,7200,1.02852049911
80314,80321,80867,7,546,2,7200,1.01282051282
80316,80327,80890,11,563,2,7200,1.01953818828
80331,80337,80904,6,567,2,7200,1.01058201058
80352,80358,80878,6,520,2,7200,1.01153846154
80354,80365,80933,11,568,2,7200,1.01936619718
80369,80375,80922,6,547,2,7200,1.01096892139
80384,80390,80943,6,553,2,7200,1.01084990958
80386,80396,80950,10,554,2,7200,1.01805054152
80401,80408,80970,7,562,2,7200,1.01245551601
80416,80422,80927,6,505,2,7200,1.01188118812
80431,80437,81000,6,563,2,7200,1.01065719361
80458,80464,81003,6,539,2,7200,1.01113172542
80477,80484,81020,7,536,2,7200,1.01305970149
80478,80491,80989,13,498,2,7200,1.02610441767
80511,80518,81075,7,557,2,7200,1.01256732496
80527,80534,81079,7,545,2,7200,1.0128440367
80566,80573,81106,7,533,2,7200,1.01313320826
80581,80588,81151,7,563,2,7200,1.01243339254
80600,80606,81130,6,524,2,7200,1.01145038168
80615,80622,81161,7,539,2,7200,1.01298701299
80616,80629,81156,13,527,2,7200,1.02466793169
80631,80638,81191,7,553,2,7200,1.01265822785
80633,80644,81204,11,560,2,7200,1.01964285714
80648,80654,81195,6,541,2,7200,1.01109057301
80649,80661,81158,12,497,2,7200,1.02414486922
80665,80671,81228,6,557,2,7200,1.01077199282
80666,80677,81227,11,550,2,7200,1.02
80682,80688,81259,6,571,2,7200,1.01050788091
80683,80694,81181,11,487,2,7200,1.02258726899
80698,80704,81258,6,554,2,7200,1.01083032491
80700,80711,81229,11,518,2,7200,1.02123552124
80748,80755,81289,7,534,2,7200,1.01310861423
80763,80769,81279,6,510,2,7200,1.01176470588
80778,80785,81305,7,520,2,7200,1.01346153846
80793,80800,81359,7,559,2,7200,1.01252236136
80818,80824,81353,6,529,2,7200,1.01134215501
80833,80839,81380,6,541,2,7200,1.01109057301
80834,80846,81401,12,555,2,7200,1.02162162162
80865,80871,81443,6,572,2,7200,1.01048951049
80880,80887,81446,7,559,2,7200,1.01252236136
80882,80893,81415,11,522,2,7200,1.02107279693
80883,80899,81449,16,550,2,7200,1.02909090909
80898,80906,81439,8,533,2,7200,1.01500938086
80913,80920,81467,7,547,2,7200,1.01279707495
80928,80936,81498,8,562,2,7200,1.01423487544
80930,80943,81444,13,501,2,7200,1.02594810379
80945,80951,81462,6,511,2,7200,1.01174168297
80947,80958,81504,11,546,2,7200,1.02014652015
80962,80969,81527,7,558,2,7200,1.01254480287
80977,80984,81532,7,548,2,7200,1.01277372263
80992,80998,81523,6,525,2,7200,1.01142857143
81007,81014,81578,7,564,2,7200,1.01241134752
81009,81021,81595,12,574,2,7200,1.02090592334
81024,81030,81544,6,514,2,7200,1.01167315175
81079,81085,81615,6,530,2,7200,1.01132075472
81080,81092,81628,12,536,2,7200,1.0223880597
81108,81115,81666,7,551,2,7200,1.01270417423
81133,81139,81683,6,544,2,7200,1.01102941176
81154,81160,81725,6,565,2,7200,1.01061946903
81169,81176,81726,7,550,2,7200,1.01272727273
81171,81182,81698,11,516,2,7200,1.02131782946
81172,81188,81730,16,542,2,7200,1.0295202952
81187,81195,81760,8,565,2,7200,1.01415929204
81203,81209,81765,6,556,2,7200,1.01079136691
81204,81216,81769,12,553,2,7200,1.02169981917
81220,81227,81744,7,517,2,7200,1.01353965184
81235,81242,81799,7,557,2,7200,1.01256732496
81237,81249,81792,12,543,2,7200,1.02209944751
81238,81254,81779,16,525,2,7200,1.03047619048
81260,81267,81785,7,518,2,7200,1.01351351351
81261,81274,81800,13,526,2,7200,1.0247148289
81280,81286,81861,6,575,2,7200,1.01043478261
81295,81301,81874,6,573,2,7200,1.01047120419
81310,81317,81810,7,493,2,7200,1.01419878296
81356,81363,81903,7,540,2,7200,1.01296296296
81371,81377,81917,6,540,2,7200,1.01111111111
81386,81392,81931,6,539,2,7200,1.01113172542
81404,81410,81954,6,544,2,7200,1.01102941176
81419,81425,81990,6,565,2,7200,1.01061946903
81440,81447,82008,7,561,2,7200,1.01247771836
81456,81463,81965,7,502,2,7200,1.01394422311
81458,81470,82028,12,558,2,7200,1.02150537634
81459,81475,81971,16,496,2,7200,1.03225806452
81461,81480,82022,19,542,2,7200,1.03505535055
81476,81488,82045,12,557,2,7200,1.02154398564
81477,81493,82020,16,527,2,7200,1.03036053131
81502,81509,82048,7,539,2,7200,1.01298701299
81517,81523,82044,6,521,2,7200,1.01151631478
81533,81539,82048,6,509,2,7200,1.01178781925
81534,81546,82106,12,560,2,7200,1.02142857143
81549,81556,82074,7,518,2,7200,1.01351351351
81551,81563,82111,12,548,2,7200,1.02189781022
81581,81588,82160,7,572,2,7200,1.01223776224
81597,81603,82097,6,494,2,7200,1.01214574899
81618,81625,82179,7,554,2,7200,1.01263537906
81633,81639,82182,6,543,2,7200,1.01104972376
81670,81676,82241,6,565,2,7200,1.01061946903
81685,81691,82254,6,563,2,7200,1.01065719361
81700,81707,82252,7,545,2,7200,1.0128440367
81727,81734,82302,7,568,2,7200,1.01232394366
81729,81741,82302,12,561,2,7200,1.02139037433
81744,81751,82265,7,514,2,7200,1.01361867704
81746,81758,82316,12,558,2,7200,1.02150537634
81761,81767,82271,6,504,2,7200,1.0119047619
81776,81784,82333,8,549,2,7200,1.014571949
81778,81791,82303,13,512,2,7200,1.025390625
81793,81801,82373,8,572,2,7200,1.01398601399
81795,81808,82353,13,545,2,7200,1.02385321101
81796,81813,82356,17,543,2,7200,1.03130755064
81812,81820,82383,8,563,2,7200,1.01420959147
81813,81825,82361,12,536,2,7200,1.0223880597
81815,81832,82377,17,545,2,7200,1.03119266055
81863,81869,82412,6,543,2,7200,1.01104972376
81878,81885,82403,7,518,2,7200,1.01351351351
81906,81913,82467,7,554,2,7200,1.01263537906
81921,81928,82472,7,544,2,7200,1.01286764706
81936,81943,82489,7,546,2,7200,1.01282051282
81957,81965,82488,8,523,2,7200,1.01529636711
81973,81979,82530,6,551,2,7200,1.0108892922
81974,81986,82528,12,542,2,7200,1.0221402214
81990,81997,82552,7,555,2,7200,1.01261261261
82011,82018,82508,7,490,2,7200,1.01428571429
82026,82033,82538,7,505,2,7200,1.01386138614
82028,82041,82622,13,581,2,7200,1.02237521515
82043,82050,82621,7,571,2,7200,1.0122591944
82059,82065,82617,6,552,2,7200,1.01086956522
82060,82072,82644,12,572,2,7200,1.02097902098
82062,82077,82654,15,577,2,7200,1.0259965338
82063,82082,82652,19,570,2,7200,1.03333333333
82079,82090,82670,11,580,2,7200,1.01896551724
82100,82107,82661,7,554,2,7200,1.01263537906
82115,82122,82604,7,482,2,7200,1.01452282158
82117,82129,82695,12,566,2,7200,1.02120141343
82162,82170,82706,8,536,2,7200,1.01492537313
82181,82188,82702,7,514,2,7200,1.01361867704
82196,82202,82786,6,584,2,7200,1.0102739726
82238,82245,82773,7,528,2,7200,1.01325757576
82254,82260,82775,6,515,2,7200,1.01165048544
82269,82276,82818,7,542,2,7200,1.01291512915
82270,82283,82849,13,566,2,7200,1.02296819788
82286,82293,82850,7,557,2,7200,1.01256732496
82304,82311,82866,7,555,2,7200,1.01261261261
82306,82318,82872,12,554,2,7200,1.02166064982
82307,82323,82783,16,460,2,7200,1.0347826087
82322,82330,82857,8,527,2,7200,1.01518026565
82337,82344,82876,7,532,2,7200,1.01315789474
82356,82362,82873,6,511,2,7200,1.01174168297
82358,82369,82902,11,533,2,7200,1.02063789869
82373,82379,82941,6,562,2,7200,1.01067615658
82375,82386,82955,11,569,2,7200,1.01933216169
82390,82396,82942,6,546,2,7200,1.01098901099
82392,82403,82907,11,504,2,7200,1.02182539683
82407,82414,82951,7,537,2,7200,1.01303538175
82422,82429,82957,7,528,2,7200,1.01325757576
82468,82475,83013,7,538,2,7200,1.01301115242
82482,82489,83058,7,569,2,7200,1.01230228471
82498,82504,83031,6,527,2,7200,1.01138519924
82499,82511,83030,12,519,2,7200,1.02312138728
82514,82521,83052,7,531,2,7200,1.0131826742
82529,82536,83027,7,491,2,7200,1.01425661914
82545,82551,83027,6,476,2,7200,1.01260504202
82546,82559,83128,13,569,2,7200,1.02284710018
82561,82568,83122,7,554,2,7200,1.01263537906
82607,82613,83169,6,556,2,7200,1.01079136691
82623,82628,83094,5,466,2,7200,1.01072961373
82624,82636,82986,12,350,2,7200,1.03428571429
82625,82641,83177,16,536,2,7200,1.02985074627
82647,82654,83215,7,561,2,7200,1.01247771836
82662,82668,83216,6,548,2,7200,1.01094890511
82664,82676,83223,12,547,2,7200,1.02193784278
82665,82681,83243,16,562,2,7200,1.02846975089
82680,82688,83264,8,576,2,7200,1.01388888889
82698,82705,83243,7,538,2,7200,1.01301115242
82713,82720,83246,7,526,2,7200,1.01330798479
82715,82726,83277,11,551,2,7200,1.01996370236
82776,82782,83331,6,549,2,7200,1.01092896175
82778,82790,83352,12,562,2,7200,1.02135231317
82793,82799,83372,6,573,2,7200,1.01047120419
82795,82805,83372,10,567,2,7200,1.0176366843
82819,82826,83381,7,555,2,7200,1.01261261261
82853,82859,83417,6,558,2,7200,1.01075268817
82854,82866,83377,12,511,2,7200,1.02348336595
82869,82875,83425,6,550,2,7200,1.01090909091
82871,82881,83385,10,504,2,7200,1.01984126984
82886,82892,83440,6,548,2,7200,1.01094890511
82888,82898,83446,10,548,2,7200,1.01824817518
82889,82904,83429,15,525,2,7200,1.02857142857
82904,82911,83382,7,471,2,7200,1.01486199575
82919,82925,83481,6,556,2,7200,1.01079136691
82944,82950,83515,6,565,2,7200,1.01061946903
82945,82958,83517,13,559,2,7200,1.02325581395
82961,82967,83535,6,568,2,7200,1.01056338028
82962,82975,83500,13,525,2,7200,1.02476190476
82963,82980,83547,17,567,2,7200,1.02998236332
82988,82994,83565,6,571,2,7200,1.01050788091
83015,83021,83556,6,535,2,7200,1.01121495327
83031,83037,83568,6,531,2,7200,1.01129943503
83032,83045,83606,13,561,2,7200,1.02317290553
83033,83050,83589,17,539,2,7200,1.03153988868
83049,83057,83601,8,544,2,7200,1.01470588235
83064,83070,83611,6,541,2,7200,1.01109057301
83066,83077,83633,11,556,2,7200,1.01978417266
83096,83102,83654,6,552,2,7200,1.01086956522
83123,83129,83681,6,552,2,7200,1.01086956522
83138,83145,83666,7,521,2,7200,1.01343570058
83172,83179,83728,7,549,2,7200,1.01275045537
83187,83193,83728,6,535,2,7200,1.01121495327
83218,83225,83765,7,540,2,7200,1.01296296296
83219,83232,83767,13,535,2,7200,1.02429906542
83234,83240,83786,6,546,2,7200,1.01098901099
83250,83256,83812,6,556,2,7200,1.01079136691
83251,83262,83787,11,525,2,7200,1.02095238095
83252,83268,83822,16,554,2,7200,1.02888086643
83267,83275,83830,8,555,2,7200,1.01441441441
83283,83289,83831,6,542,2,7200,1.0110701107
83334,83341,83876,7,535,2,7200,1.01308411215
83352,83359,83836,7,477,2,7200,1.01467505241
83374,83381,83932,7,551,2,7200,1.01270417423
83375,83388,83958,13,570,2,7200,1.02280701754
83391,83398,83968,7,570,2,7200,1.01228070175
83393,83404,83968,11,564,2,7200,1.0195035461
83394,83410,83948,16,538,2,7200,1.02973977695
83395,83415,83936,20,521,2,7200,1.03838771593
83420,83426,83988,6,562,2,7200,1.01067615658
83435,83441,83984,6,543,2,7200,1.01104972376
83436,83447,83999,11,552,2,7200,1.01992753623
83451,83457,84010,6,553,2,7200,1.01084990958
83453,83464,83899,11,435,2,7200,1.02528735632
83483,83489,84045,6,556,2,7200,1.01079136691
83501,83507,84048,6,541,2,7200,1.01109057301
83516,83522,84086,6,564,2,7200,1.01063829787
83531,83537,84089,6,552,2,7200,1.01086956522
83546,83553,84093,7,540,2,7200,1.01296296296
83561,83567,84134,6,567,2,7200,1.01058201058
83562,83573,84108,11,535,2,7200,1.02056074766
83577,83584,84145,7,561,2,7200,1.01247771836
83579,83591,84138,12,547,2,7200,1.02193784278
83594,83600,84108,6,508,2,7200,1.01181102362
83609,83615,84194,6,579,2,7200,1.0103626943
83610,83622,84128,12,506,2,7200,1.02371541502
83625,83632,84149,7,517,2,7200,1.01353965184
83640,83646,84178,6,532,2,7200,1.01127819549
83655,83661,84194,6,533,2,7200,1.01125703565
83670,83677,84211,7,534,2,7200,1.01310861423
83685,83692,84236,7,544,2,7200,1.01286764706
83731,83738,84290,7,552,2,7200,1.01268115942
83732,83745,84295,13,550,2,7200,1.02363636364
83769,83775,84322,6,547,2,7200,1.01096892139
83770,83781,84330,11,549,2,7200,1.02003642987
83788,83794,84340,6,546,2,7200,1.01098901099
83789,83801,84355,12,554,2,7200,1.02166064982
83814,83820,84364,6,544,2,7200,1.01102941176
83829,83836,84400,7,564,2,7200,1.01241134752
83844,83850,84392,6,542,2,7200,1.0110701107
83846,83857,84419,11,562,2,7200,1.01957295374
83847,83862,84428,15,566,2,7200,1.02650176678
83877,83884,84449,7,565,2,7200,1.01238938053
83902,83909,84353,7,444,2,7200,1.01576576577
83932,83938,84483,6,545,2,7200,1.01100917431
83947,83954,84495,7,541,2,7200,1.01293900185
83962,83969,84532,7,563,2,7200,1.01243339254
83964,83976,84538,12,562,2,7200,1.02135231317
83979,83985,84508,6,523,2,7200,1.01147227533
83980,83991,84542,11,551,2,7200,1.01996370236
83995,84002,84532,7,530,2,7200,1.01320754717
83997,84008,84542,11,534,2,7200,1.02059925094
84012,84019,84577,7,558,2,7200,1.01254480287
84013,84025,84590,12,565,2,7200,1.02123893805
84047,84053,84620,6,567,2,7200,1.01058201058
84062,84068,84623,6,555,2,7200,1.01081081081
84089,84096,84673,7,577,2,7200,1.01213171577
84090,84103,84644,13,541,2,7200,1.02402957486
84106,84112,84661,6,549,2,7200,1.01092896175
84121,84128,84630,7,502,2,7200,1.01394422311
84122,84135,84656,13,521,2,7200,1.02495201536
84138,84144,84707,6,563,2,7200,1.01065719361
84140,84152,84703,12,551,2,7200,1.02177858439
84141,84157,84715,16,558,2,7200,1.02867383513
84156,84163,84651,7,488,2,7200,1.0143442623
84158,84169,84702,11,533,2,7200,1.02063789869
84182,84188,84688,6,500,2,7200,1.012
84197,84203,84723,6,520,2,7200,1.01153846154
84198,84210,84738,12,528,2,7200,1.02272727273
84213,84221,84753,8,532,2,7200,1.01503759398
84238,84244,84812,6,568,2,7200,1.01056338028
84293,84300,84754,7,454,2,7200,1.0154185022
84308,84314,84888,6,574,2,7200,1.01045296167
84323,84329,84869,6,540,2,7200,1.01111111111
84338,84344,84899,6,555,2,7200,1.01081081081
84354,84361,84889,7,528,2,7200,1.01325757576
84355,84367,84888,12,521,2,7200,1.02303262956
84371,84377,84925,6,548,2,7200,1.01094890511
84372,84384,84860,12,476,2,7200,1.02521008403
84393,84399,84925,6,526,2,7200,1.01140684411
84408,84414,84983,6,569,2,7200,1.01054481547
84423,84430,84943,7,513,2,7200,1.01364522417
84438,84446,85008,8,562,2,7200,1.01423487544
84454,84460,85024,6,564,2,7200,1.01063829787
84484,84491,85028,7,537,2,7200,1.01303538175
84499,84505,85052,6,547,2,7200,1.01096892139
84514,84520,85083,6,563,2,7200,1.01065719361
84532,84539,85039,7,500,2,7200,1.014
84534,84546,85065,12,519,2,7200,1.02312138728
84549,84556,85013,7,457,2,7200,1.01531728665
84551,84562,85124,11,562,2,7200,1.01957295374
84552,84568,85137,16,569,2,7200,1.02811950791
84580,84586,85138,6,552,2,7200,1.01086956522
84595,84601,85147,6,546,2,7200,1.01098901099
84622,84628,85172,6,544,2,7200,1.01102941176
84624,84635,85183,11,548,2,7200,1.0200729927
84639,84646,85173,7,527,2,7200,1.01328273245
84654,84661,85209,7,548,2,7200,1.01277372263
84656,84667,85180,11,513,2,7200,1.02144249513
84671,84678,85225,7,547,2,7200,1.01279707495
84673,84684,85248,11,564,2,7200,1.0195035461
84688,84695,85259,7,564,2,7200,1.01241134752
84704,84710,85232,6,522,2,7200,1.01149425287
84705,84717,85195,12,478,2,7200,1.02510460251
84706,84722,85286,16,564,2,7200,1.02836879433
84722,84729,85275,7,546,2,7200,1.01282051282
84723,84736,85264,13,528,2,7200,1.02462121212
84739,84746,85262,7,516,2,7200,1.01356589147
84741,84753,85293,12,540,2,7200,1.02222222222
84756,84763,85328,7,565,2,7200,1.01238938053
84758,84770,85312,12,542,2,7200,1.0221402214
84816,84822,85352,6,530,2,7200,1.01132075472
84862,84868,85408,6,540,2,7200,1.01111111111
84877,84884,85451,7,567,2,7200,1.01234567901
84892,84899,85461,7,562,2,7200,1.01245551601
84894,84906,85470,12,564,2,7200,1.02127659574
84895,84911,85458,16,547,2,7200,1.02925045704
84910,84918,85488,8,570,2,7200,1.01403508772
84925,84932,85466,7,534,2,7200,1.01310861423
84927,84939,85472,12,533,2,7200,1.02251407129
84945,84952,85482,7,530,2,7200,1.01320754717
84984,84991,85536,7,545,2,7200,1.0128440367
85009,85016,85583,7,567,2,7200,1.01234567901
85024,85030,85593,6,563,2,7200,1.01065719361
85040,85047,85607,7,560,2,7200,1.0125
85041,85054,85617,13,563,2,7200,1.02309058615
85042,85059,85628,17,569,2,7200,1.02987697715
85058,85066,85629,8,563,2,7200,1.01420959147
85073,85080,85628,7,548,2,7200,1.01277372263
85088,85095,85674,7,579,2,7200,1.01208981002
85127,85134,85643,7,509,2,7200,1.0137524558
85144,85150,85626,6,476,2,7200,1.01260504202
85145,85156,85709,11,553,2,7200,1.0198915009
85160,85168,85716,8,548,2,7200,1.01459854015
85176,85182,85752,6,570,2,7200,1.01052631579
85177,85190,85748,13,558,2,7200,1.02329749104
85193,85199,85663,6,464,2,7200,1.01293103448
85194,85206,85765,12,559,2,7200,1.02146690519
85209,85217,85730,8,513,2,7200,1.01559454191
85211,85224,85732,13,508,2,7200,1.02559055118
85226,85234,85743,8,509,2,7200,1.01571709234
85242,85248,85756,6,508,2,7200,1.01181102362
85257,85263,85769,6,506,2,7200,1.01185770751
85272,85279,85826,7,547,2,7200,1.01279707495
85274,85286,85797,12,511,2,7200,1.02348336595
85275,85291,85854,16,563,2,7200,1.02841918295
85291,85298,85863,7,565,2,7200,1.01238938053
85292,85304,85844,12,540,2,7200,1.02222222222
85307,85313,85842,6,529,2,7200,1.01134215501
85322,85328,85799,6,471,2,7200,1.0127388535
85337,85344,85887,7,543,2,7200,1.01289134438
85352,85359,85913,7,554,2,7200,1.01263537906
85411,85418,85959,7,541,2,7200,1.01293900185
85454,85461,85980,7,519,2,7200,1.01348747592
85469,85476,86025,7,549,2,7200,1.01275045537
85471,85483,86029,12,546,2,7200,1.02197802198
85472,85488,86017,16,529,2,7200,1.03024574669
85488,85495,86064,7,569,2,7200,1.01230228471
85489,85502,86053,13,551,2,7200,1.02359346642
85491,85507,86066,16,559,2,7200,1.02862254025
85506,85513,86057,7,544,2,7200,1.01286764706
85539,85546,86072,7,526,2,7200,1.01330798479
85585,85592,86110,7,518,2,7200,1.01351351351
85600,85606,86160,6,554,2,7200,1.01083032491
85615,85621,86190,6,569,2,7200,1.01054481547
85631,85637,86176,6,539,2,7200,1.01113172542
85632,85644,86148,12,504,2,7200,1.02380952381
85634,85649,86216,15,567,2,7200,1.02645502646
85635,85655,86190,20,535,2,7200,1.03738317757
85637,85660,86212,23,552,2,7200,1.04166666667
85652,85667,86227,15,560,2,7200,1.02678571429
85667,85673,86231,6,558,2,7200,1.01075268817
85682,85688,86208,6,520,2,7200,1.01153846154
85713,85719,86259,6,540,2,7200,1.01111111111
85728,85735,86273,7,538,2,7200,1.01301115242
85744,85751,86310,7,559,2,7200,1.01252236136
85745,85757,86308,12,551,2,7200,1.02177858439
85746,85763,86303,17,540,2,7200,1.03148148148
85762,85769,86345,7,576,2,7200,1.01215277778
85763,85775,86323,12,548,2,7200,1.02189781022
85765,85782,86299,17,517,2,7200,1.03288201161
85780,85789,86345,9,556,2,7200,1.01618705036
85781,85794,86316,13,522,2,7200,1.02490421456
85800,85806,86375,6,569,2,7200,1.01054481547
85801,85814,86379,13,565,2,7200,1.02300884956
85829,85836,86362,7,526,2,7200,1.01330798479
85844,85851,86430,7,579,2,7200,1.01208981002
85859,85865,86420,6,555,2,7200,1.01081081081
85860,85872,86433,12,561,2,7200,1.02139037433
85875,85881,86423,6,542,2,7200,1.0110701107
85890,85898,86436,8,538,2,7200,1.01486988848
85915,85921,86484,6,563,2,7200,1.01065719361
85960,85967,86491,7,524,2,7200,1.01335877863
85982,85989,86554,7,565,2,7200,1.01238938053
86018,86024,86587,6,563,2,7200,1.01065719361
86034,86040,86576,6,536,2,7200,1.01119402985
86035,86048,86620,13,572,2,7200,1.02272727273
86057,86063,86587,6,524,2,7200,1.01145038168
86058,86071,86624,13,553,2,7200,1.02350813743
86074,86080,86652,6,572,2,7200,1.01048951049
86075,86086,86616,11,530,2,7200,1.02075471698
86077,86092,86599,15,507,2,7200,1.02958579882
86114,86121,86627,7,506,2,7200,1.01383399209
86150,86156,86692,6,536,2,7200,1.01119402985
86165,86171,86686,6,515,2,7200,1.01165048544
86180,86186,86771,6,585,2,7200,1.01025641026
86195,86202,86752,7,550,2,7200,1.01272727273
86197,86208,86754,11,546,2,7200,1.02014652015
86212,86219,86740,7,521,2,7200,1.01343570058
86213,86225,86695,12,470,2,7200,1.02553191489
86229,86235,86778,6,543,2,7200,1.01104972376
86230,86242,86808,12,566,2,7200,1.02120141343
86245,86251,86810,6,559,2,7200,1.01073345259
86260,86267,86834,7,567,2,7200,1.01234567901
86275,86281,86842,6,561,2,7200,1.01069518717
86300,86306,86815,6,509,2,7200,1.01178781925
86316,86321,86880,5,559,2,7200,1.00894454383
86317,86328,86881,11,553,2,7200,1.0198915009
86318,86334,86871,16,537,2,7200,1.02979515829
86333,86341,86876,8,535,2,7200,1.01495327103
86335,86346,86886,11,540,2,7200,1.02037037037
86350,86356,86882,6,526,2,7200,1.01140684411
86351,86362,86915,11,553,2,7200,1.0198915009
86366,86373,86894,7,521,2,7200,1.01343570058
86382,86387,86947,5,560,2,7200,1.00892857143
86383,86393,86964,10,571,2,7200,1.01751313485
86423,86430,86999,7,569,2,7200,1.01230228471
86438,86444,86953,6,509,2,7200,1.01178781925
86440,86451,87014,11,563,2,7200,1.01953818828
86441,86457,87014,16,557,2,7200,1.02872531418
86442,86462,86917,20,455,2,7200,1.04395604396
86485,86491,87047,6,556,2,7200,1.01079136691
86500,86506,87058,6,552,2,7200,1.01086956522
86555,86561,87130,6,569,2,7200,1.01054481547
86579,86586,87138,7,552,2,7200,1.01268115942
86594,86602,87165,8,563,2,7200,1.01420959147
86596,86608,87150,12,542,2,7200,1.0221402214
86611,86618,87181,7,563,2,7200,1.01243339254
86627,86633,87161,6,528,2,7200,1.01136363636
86628,86641,87154,13,513,2,7200,1.0253411306
86629,86646,87214,17,568,2,7200,1.02992957746
86645,86652,87175,7,523,2,7200,1.01338432122
86659,86665,87248,6,583,2,7200,1.0102915952
86690,86697,87250,7,553,2,7200,1.01265822785
86705,86712,87270,7,558,2,7200,1.01254480287
86706,86718,87273,12,555,2,7200,1.02162162162
86743,86749,87277,6,528,2,7200,1.01136363636
86758,86764,87323,6,559,2,7200,1.01073345259
86759,86770,87307,11,537,2,7200,1.02048417132
86774,86781,87323,7,542,2,7200,1.01291512915
86789,86796,87338,7,542,2,7200,1.01291512915
86811,86818,87324,7,506,2,7200,1.01383399209
86812,86825,87397,13,572,2,7200,1.02272727273
86828,86835,87351,7,516,2,7200,1.01356589147
86843,86849,87386,6,537,2,7200,1.01117318436
86844,86855,87397,11,542,2,7200,1.02029520295
86875,86881,87446,6,565,2,7200,1.01061946903
86890,86896,87427,6,531,2,7200,1.01129943503
86892,86903,87468,11,565,2,7200,1.01946902655
86893,86909,87469,16,560,2,7200,1.02857142857
86894,86914,87478,20,564,2,7200,1.03546099291
86896,86919,87472,23,553,2,7200,1.04159132007
86911,86926,87493,15,567,2,7200,1.02645502646
86926,86934,87515,8,581,2,7200,1.01376936317
86928,86939,87492,11,553,2,7200,1.0198915009
86949,86956,87510,7,554,2,7200,1.01263537906
86964,86970,87522,6,552,2,7200,1.01086956522
86979,86985,87536,6,551,2,7200,1.0108892922
87000,87008,87561,8,553,2,7200,1.01446654611
87016,87022,87560,6,538,2,7200,1.01115241636
87017,87029,87558,12,529,2,7200,1.02268431002
87051,87057,87625,6,568,2,7200,1.01056338028
87066,87072,87528,6,456,2,7200,1.01315789474
87133,87141,87666,8,525,2,7200,1.01523809524
87149,87155,87693,6,538,2,7200,1.01115241636
87164,87170,87673,6,503,2,7200,1.01192842942
87166,87178,87718,12,540,2,7200,1.02222222222
87167,87183,87721,16,538,2,7200,1.02973977695
87182,87189,87719,7,530,2,7200,1.01320754717
87184,87195,87738,11,543,2,7200,1.02025782689
87185,87202,87738,17,536,2,7200,1.03171641791
87216,87222,87773,6,551,2,7200,1.0108892922
87249,87256,87767,7,511,2,7200,1.01369863014
87264,87270,87834,6,564,2,7200,1.01063829787
87280,87286,87789,6,503,2,7200,1.01192842942
87281,87294,87775,13,481,2,7200,1.02702702703
87282,87299,87853,17,554,2,7200,1.03068592058
87310,87316,87883,6,567,2,7200,1.01058201058
87325,87333,87904,8,571,2,7200,1.01401050788
87327,87340,87852,13,512,2,7200,1.025390625
87328,87345,87879,17,534,2,7200,1.03183520599
87343,87352,87933,9,581,2,7200,1.01549053356
87358,87365,87880,7,515,2,7200,1.01359223301
87389,87396,87925,7,529,2,7200,1.01323251418
87404,87410,87909,6,499,2,7200,1.0120240481
87406,87417,87994,11,577,2,7200,1.01906412478
87430,87436,87988,6,552,2,7200,1.01086956522
87448,87454,87995,6,541,2,7200,1.01109057301
87469,87476,87964,7,488,2,7200,1.0143442623
87471,87483,88025,12,542,2,7200,1.0221402214
87486,87493,88036,7,543,2,7200,1.01289134438
87488,87499,88049,11,550,2,7200,1.02
87503,87510,88066,7,556,2,7200,1.01258992806
87504,87516,87991,12,475,2,7200,1.02526315789
87520,87527,88068,7,541,2,7200,1.01293900185
87521,87533,88083,12,550,2,7200,1.02181818182
87537,87543,88103,6,560,2,7200,1.01071428571
87538,87549,88029,11,480,2,7200,1.02291666667
87539,87555,88066,16,511,2,7200,1.0313111546
87561,87568,88109,7,541,2,7200,1.01293900185
87562,87575,88113,13,538,2,7200,1.02416356877
87578,87584,88146,6,562,2,7200,1.01067615658
87626,87633,88170,7,537,2,7200,1.01303538175
87666,87672,88231,6,559,2,7200,1.01073345259
87681,87688,88150,7,462,2,7200,1.01515151515
87697,87704,88232,7,528,2,7200,1.01325757576
87721,87728,88248,7,520,2,7200,1.01346153846
87723,87735,88265,12,530,2,7200,1.02264150943
87724,87740,88215,16,475,2,7200,1.03368421053
87740,87746,88291,6,545,2,7200,1.01100917431
87741,87754,88311,13,557,2,7200,1.02333931777
87768,87776,88338,8,562,2,7200,1.01423487544
87784,87790,88348,6,558,2,7200,1.01075268817
87785,87796,88332,11,536,2,7200,1.02052238806
87800,87806,88367,6,561,2,7200,1.01069518717
87837,87844,88390,7,546,2,7200,1.01282051282
87856,87862,88356,6,494,2,7200,1.01214574899
87857,87869,88442,12,573,2,7200,1.02094240838
87882,87888,88404,6,516,2,7200,1.01162790698
87883,87895,88454,12,559,2,7200,1.02146690519
87899,87905,88445,6,540,2,7200,1.01111111111
87914,87920,88473,6,553,2,7200,1.01084990958
87915,87926,88494,11,568,2,7200,1.01936619718
87931,87936,88481,5,545,2,7200,1.00917431193
87946,87953,88535,7,582,2,7200,1.01202749141
87967,87974,88505,7,531,2,7200,1.0131826742
87969,87981,91559,12,3578,1,7200,1.00335382895
87992,87998,88559,6,561,2,7200,1.01069518717
87993,88006,88554,13,548,2,7200,1.02372262774
88008,88015,88544,7,529,2,7200,1.01323251418
88010,88022,88552,12,530,2,7200,1.02264150943
88028,88035,88593,7,558,2,7200,1.01254480287
88044,88050,88593,6,543,2,7200,1.01104972376
88045,88056,88613,11,557,2,7200,1.0197486535
88060,88066,88630,6,564,2,7200,1.01063829787
88075,88082,88634,7,552,2,7200,1.01268115942
88077,88088,88661,11,573,2,7200,1.01919720768
88078,88094,88630,16,536,2,7200,1.02985074627
88093,88100,88654,7,554,2,7200,1.01263537906
88108,88114,88646,6,532,2,7200,1.01127819549
88123,88131,88531,8,400,2,7200,1.02
88125,88137,88675,12,538,2,7200,1.02230483271
88150,88156,88680,6,524,2,7200,1.01145038168
88165,88172,88694,7,522,2,7200,1.01340996169
88180,88186,88725,6,539,2,7200,1.01113172542
88216,88223,88785,7,562,2,7200,1.01245551601
88234,88241,88767,7,526,2,7200,1.01330798479
88236,88248,88793,12,545,2,7200,1.02201834862
88251,88257,88820,6,563,2,7200,1.01065719361
88266,88272,88838,6,566,2,7200,1.01060070671
88294,88300,88872,6,572,2,7200,1.01048951049
88312,88319,88886,7,567,2,7200,1.01234567901
88333,88340,88876,7,536,2,7200,1.01305970149
88348,88355,88920,7,565,2,7200,1.01238938053
88350,88362,88861,12,499,2,7200,1.02404809619
88365,88371,88952,6,581,2,7200,1.01032702238
88380,88386,88931,6,545,2,7200,1.01100917431
88395,88402,88872,7,470,2,7200,1.01489361702
88411,88417,88926,6,509,2,7200,1.01178781925
88444,88451,88949,7,498,2,7200,1.0140562249
88459,88466,89025,7,559,2,7200,1.01252236136
88461,88473,89016,12,543,2,7200,1.02209944751
88476,88483,89009,7,526,2,7200,1.01330798479
88491,88498,89012,7,514,2,7200,1.01361867704
88493,88504,89070,11,566,2,7200,1.01943462898
88508,88514,89059,6,545,2,7200,1.01100917431
88532,88540,89110,8,570,2,7200,1.01403508772
88548,88554,89066,6,512,2,7200,1.01171875
88549,88561,89059,12,498,2,7200,1.02409638554
88565,88572,89120,7,548,2,7200,1.01277372263
88566,88579,89156,13,577,2,7200,1.02253032929
88568,88584,89139,16,555,2,7200,1.02882882883
88596,88603,89160,7,557,2,7200,1.01256732496
88597,88610,89115,13,505,2,7200,1.02574257426
88615,88621,89167,6,546,2,7200,1.01098901099
88631,88637,89150,6,513,2,7200,1.01169590643
88632,88644,89174,12,530,2,7200,1.02264150943
88648,88654,89202,6,548,2,7200,1.01094890511
88649,88661,89194,12,533,2,7200,1.02251407129
88665,88671,89239,6,568,2,7200,1.01056338028
88666,88678,89241,12,563,2,7200,1.02131438721
88681,88689,89238,8,549,2,7200,1.014571949
88683,88696,89234,13,538,2,7200,1.02416356877
88698,88705,89261,7,556,2,7200,1.01258992806
88726,88733,89296,7,563,2,7200,1.01243339254
88768,88776,89317,8,541,2,7200,1.01478743068
88787,88793,89279,6,486,2,7200,1.01234567901
88802,88809,89346,7,537,2,7200,1.01303538175
88823,88829,89379,6,550,2,7200,1.01090909091
88841,88847,89376,6,529,2,7200,1.01134215501
88863,88870,89379,7,509,2,7200,1.0137524558
88878,88884,89423,6,539,2,7200,1.01113172542
88880,88891,89456,11,565,2,7200,1.01946902655
88881,88896,89455,15,559,2,7200,1.02683363148
88896,88903,89360,7,457,2,7200,1.01531728665
88924,88931,89409,7,478,2,7200,1.01464435146
88939,88946,89474,7,528,2,7200,1.01325757576
88940,88953,89514,13,561,2,7200,1.02317290553
88956,88963,89543,7,580,2,7200,1.01206896552
88958,88970,89441,12,471,2,7200,1.02547770701
89013,89020,89583,7,563,2,7200,1.01243339254
89014,89027,89548,13,521,2,7200,1.02495201536
89030,89037,89601,7,564,2,7200,1.01241134752
89031,89043,89601,12,558,2,7200,1.02150537634
89062,89069,89631,7,562,2,7200,1.01245551601
89063,89076,89619,13,543,2,7200,1.02394106814
89079,89085,89624,6,539,2,7200,1.01113172542
89080,89092,89637,12,545,2,7200,1.02201834862
89114,89120,89710,6,590,2,7200,1.01016949153
89129,89136,89663,7,527,2,7200,1.01328273245
89131,89143,89676,12,533,2,7200,1.02251407129
89146,89152,89695,6,543,2,7200,1.01104972376
89162,89168,89720,6,552,2,7200,1.01086956522
89163,89175,89735,12,560,2,7200,1.02142857143
89165,89180,89747,15,567,2,7200,1.02645502646
89180,89187,89579,7,392,2,7200,1.01785714286
89181,89193,89741,12,548,2,7200,1.02189781022
89197,89203,89758,6,555,2,7200,1.01081081081
89212,89218,89769,6,551,2,7200,1.0108892922
89236,89242,89767,6,525,2,7200,1.01142857143
89252,89258,89784,6,526,2,7200,1.01140684411
89253,89266,89783,13,517,2,7200,1.0251450677
89254,89271,89837,17,566,2,7200,1.03003533569
89270,89278,89848,8,570,2,7200,1.01403508772
89285,89291,89779,6,488,2,7200,1.01229508197
89300,89307,89841,7,534,2,7200,1.01310861423
89318,89326,89826,8,500,2,7200,1.016
89349,89356,89896,7,540,2,7200,1.01296296296
89364,89371,89824,7,453,2,7200,1.01545253863
89379,89386,89950,7,564,2,7200,1.01241134752
89381,89393,89947,12,554,2,7200,1.02166064982
89382,89398,89894,16,496,2,7200,1.03225806452
89413,89420,89958,7,538,2,7200,1.01301115242
89428,89435,89970,7,535,2,7200,1.01308411215
89443,89451,89962,8,511,2,7200,1.0156555773
89459,89466,90021,7,555,2,7200,1.01261261261
89460,89473,90008,13,535,2,7200,1.02429906542
89475,89482,90000,7,518,2,7200,1.01351351351
89515,89521,90077,6,556,2,7200,1.01079136691
89546,89552,90075,6,523,2,7200,1.01147227533
89561,89567,90071,6,504,2,7200,1.0119047619
89582,89589,90152,7,563,2,7200,1.01243339254
89597,89604,90163,7,559,2,7200,1.01252236136
89613,89620,90188,7,568,2,7200,1.01232394366
89614,89627,90189,13,562,2,7200,1.0231316726
89630,89636,90160,6,524,2,7200,1.01145038168
89631,89642,90206,11,564,2,7200,1.0195035461
89646,89654,90200,8,546,2,7200,1.01465201465
89648,89659,90210,11,551,2,7200,1.01996370236
89666,89672,90209,6,537,2,7200,1.01117318436
89681,89688,90194,7,506,2,7200,1.01383399209
89696,89704,90135,8,431,2,7200,1.01856148492
89712,89719,90253,7,534,2,7200,1.01310861423
89727,89734,90293,7,559,2,7200,1.01252236136
89742,89748,90273,6,525,2,7200,1.01142857143
89743,89755,90318,12,563,2,7200,1.02131438721
89759,89766,90318,7,552,2,7200,1.01268115942
89760,89773,90306,13,533,2,7200,1.0243902439
89776,89783,90333,7,550,2,7200,1.01272727273
89778,89790,90306,12,516,2,7200,1.02325581395
89793,89800,90369,7,569,2,7200,1.01230228471
89795,89806,90331,11,525,2,7200,1.02095238095
89796,89812,90357,16,545,2,7200,1.02935779817
89827,89833,90376,6,543,2,7200,1.01104972376
89828,89839,90396,11,557,2,7200,1.0197486535
89844,89850,90369,6,519,2,7200,1.01156069364
89845,89857,90386,12,529,2,7200,1.02268431002
89860,89867,90382,7,515,2,7200,1.01359223301
89897,89904,90469,7,565,2,7200,1.01238938053
89899,89911,90484,12,573,2,7200,1.02094240838
89951,89957,90504,6,547,2,7200,1.01096892139
89952,89964,90532,12,568,2,7200,1.02112676056
89967,89974,90539,7,565,2,7200,1.01238938053
89969,89980,90531,11,551,2,7200,1.01996370236
89984,89990,90506,6,516,2,7200,1.01162790698
90002,90009,90549,7,540,2,7200,1.01296296296
90017,90024,90600,7,576,2,7200,1.01215277778
90033,90039,90575,6,536,2,7200,1.01119402985
90072,90079,90576,7,497,2,7200,1.01408450704
90088,90095,90646,7,551,2,7200,1.01270417423
90089,90102,90653,13,551,2,7200,1.02359346642
90138,90145,90708,7,563,2,7200,1.01243339254
90153,90159,90727,6,568,2,7200,1.01056338028
90168,90174,90715,6,541,2,7200,1.01109057301
90169,90181,90724,12,543,2,7200,1.02209944751
90188,90195,90736,7,541,2,7200,1.01293900185
90203,90209,90765,6,556,2,7200,1.01079136691
90205,90215,90763,10,548,2,7200,1.01824817518
90206,90221,90787,15,566,2,7200,1.02650176678
90221,90228,90764,7,536,2,7200,1.01305970149
90223,90235,90778,12,543,2,7200,1.02209944751
90224,90240,90801,16,561,2,7200,1.02852049911
90255,90261,90832,6,571,2,7200,1.01050788091
90276,90282,90855,6,573,2,7200,1.01047120419
90294,90300,90800,6,500,2,7200,1.012
90309,90317,90887,8,570,2,7200,1.01403508772
90311,90322,90876,11,554,2,7200,1.01985559567
90326,90333,90895,7,562,2,7200,1.01245551601
90327,90339,90909,12,570,2,7200,1.02105263158
90343,90349,90906,6,557,2,7200,1.01077199282
90344,90356,90935,12,579,2,7200,1.0207253886
90359,90366,90886,7,520,2,7200,1.01346153846
90375,90382,90936,7,554,2,7200,1.01263537906
90376,90389,90909,13,520,2,7200,1.025
90378,90394,90936,16,542,2,7200,1.0295202952
90393,90401,90954,8,553,2,7200,1.01446654611
90395,90406,90908,11,502,2,7200,1.0219123506
90410,90416,90988,6,572,2,7200,1.01048951049
90471,90477,91038,6,561,2,7200,1.01069518717
90486,90492,91057,6,565,2,7200,1.01061946903
90507,90514,91065,7,551,2,7200,1.01270417423
90509,90521,91067,12,546,2,7200,1.02197802198
90533,90540,91074,7,534,2,7200,1.01310861423
90535,90547,91031,12,484,2,7200,1.02479338843
90550,90557,91109,7,552,2,7200,1.01268115942
90552,90564,91124,12,560,2,7200,1.02142857143
90576,90583,91133,7,550,2,7200,1.01272727273
90591,90598,91149,7,551,2,7200,1.01270417423
90606,90613,91135,7,522,2,7200,1.01340996169
90649,90655,91190,6,535,2,7200,1.01121495327
90664,90670,91215,6,545,2,7200,1.01100917431
90710,90716,91280,6,564,2,7200,1.01063829787
90725,90731,91279,6,548,2,7200,1.01094890511
90726,90737,91276,11,539,2,7200,1.02040816327
90742,90749,91320,7,571,2,7200,1.0122591944
90743,90755,91283,12,528,2,7200,1.02272727273
90765,90771,91314,6,543,2,7200,1.01104972376
90766,90778,91330,12,552,2,7200,1.02173913043
90782,90788,91350,6,562,2,7200,1.01067615658
90783,90795,91339,12,544,2,7200,1.02205882353
90798,90805,91361,7,556,2,7200,1.01258992806
90814,90820,91355,6,535,2,7200,1.01121495327
90815,90826,91326,11,500,2,7200,1.022
90833,90839,91390,6,551,2,7200,1.0108892922
90857,90864,91350,7,486,2,7200,1.01440329218
90879,90885,91397,6,512,2,7200,1.01171875
90894,90901,91460,7,559,2,7200,1.01252236136
90896,90908,91398,12,490,2,7200,1.02448979592
90913,90919,91448,6,529,2,7200,1.01134215501
90915,90927,91505,12,578,2,7200,1.02076124567
90916,90932,91485,16,553,2,7200,1.02893309222
90917,90937,91507,20,570,2,7200,1.0350877193
90919,90942,91500,23,558,2,7200,1.04121863799
90938,90950,91515,12,565,2,7200,1.02123893805
90939,90955,91523,16,568,2,7200,1.02816901408
90940,90960,91523,20,563,2,7200,1.03552397869
90956,90968,91482,12,514,2,7200,1.0233463035
90991,90998,91497,7,499,2,7200,1.01402805611
91033,91041,91583,8,542,2,7200,1.0147601476
91048,91055,91598,7,543,2,7200,1.01289134438
91064,91071,91610,7,539,2,7200,1.01298701299
91079,91086,91628,7,542,2,7200,1.01291512915
91081,91093,91637,12,544,2,7200,1.02205882353
91082,91098,91656,16,558,2,7200,1.02867383513
91113,91120,91661,7,541,2,7200,1.01293900185
91128,91134,91636,6,502,2,7200,1.01195219124
91143,91149,91712,6,563,2,7200,1.01065719361
91145,91156,91721,11,565,2,7200,1.01946902655
91160,91166,91729,6,563,2,7200,1.01065719361
91193,91200,91755,7,555,2,7200,1.01261261261
91217,91224,91759,7,535,2,7200,1.01308411215
91275,91282,91824,7,542,2,7200,1.01291512915
91290,91297,91860,7,563,2,7200,1.01243339254
91292,91303,91854,11,551,2,7200,1.01996370236
91293,91309,91838,16,529,2,7200,1.03024574669
91317,91324,91877,7,553,2,7200,1.01265822785
91333,91340,91899,7,559,2,7200,1.01252236136
91335,91346,91871,11,525,2,7200,1.02095238095
91336,91352,91796,16,444,2,7200,1.03603603604
91351,91359,91901,8,542,2,7200,1.0147601476
91353,91366,91907,13,541,2,7200,1.02402957486
91354,91371,91926,17,555,2,7200,1.03063063063
91369,91378,91935,9,557,2,7200,1.01615798923
91371,91383,91889,12,506,2,7200,1.02371541502
91392,91398,91953,6,555,2,7200,1.01081081081
91407,91414,91942,7,528,2,7200,1.01325757576
91409,91420,91953,11,533,2,7200,1.02063789869
91451,91459,91983,8,524,2,7200,1.01526717557
91467,91473,92014,6,541,2,7200,1.01109057301
91471,91480,91486,9,6,1,3600,1.5
91485,91492,92054,7,562,2,7200,1.01245551601
91500,91507,92026,7,519,2,7200,1.01348747592
91502,91513,92075,11,562,2,7200,1.01957295374
91503,91520,92047,17,527,2,7200,1.03225806452
91518,91526,92084,8,558,2,7200,1.01433691756
91520,91532,92092,12,560,2,7200,1.02142857143
91521,91539,92065,18,526,2,7200,1.03422053232
91537,91546,92045,9,499,2,7200,1.01803607214
91538,91551,92102,13,551,2,7200,1.02359346642
91587,91593,92093,6,500,2,7200,1.012
91593,91599,91716,6,117,1,3600,1.05128205128
91602,91608,92151,6,543,2,7200,1.01104972376
91617,91623,92171,6,548,2,7200,1.01094890511
91632,91639,92179,7,540,2,7200,1.01296296296
91647,91655,92189,8,534,2,7200,1.01498127341
91649,91660,92217,11,557,2,7200,1.0197486535
91664,91671,92249,7,578,2,7200,1.01211072664
91665,91678,92251,13,573,2,7200,1.02268760908
91714,91721,92273,7,552,2,7200,1.01268115942
91730,91736,92219,6,483,2,7200,1.01242236025
91731,91743,92307,12,564,2,7200,1.02127659574
91759,91765,92319,6,554,2,7200,1.01083032491
91774,91781,92306,7,525,2,7200,1.01333333333
91798,91805,92327,7,522,2,7200,1.01340996169
91826,91832,92389,6,557,2,7200,1.01077199282
91841,91847,92398,6,551,2,7200,1.0108892922
91843,91854,92122,11,268,1,3600,1.04104477612
91856,91863,92415,7,552,2,7200,1.01268115942
91871,91877,92402,6,525,2,7200,1.01142857143
91873,91884,92425,11,541,2,7200,1.02033271719
91888,91894,92451,6,557,2,7200,1.01077199282
91904,91911,92418,7,507,2,7200,1.01380670611
91905,91918,92456,13,538,2,7200,1.02416356877
91907,91923,92489,16,566,2,7200,1.02826855124
91922,91930,92490,8,560,2,7200,1.01428571429
91937,91943,92520,6,577,2,7200,1.01039861352
91938,91950,92476,12,526,2,7200,1.02281368821
91954,91960,92534,6,574,2,7200,1.01045296167
91956,91967,92524,11,557,2,7200,1.0197486535
91957,91972,92546,15,574,2,7200,1.02613240418
91985,91991,92413,6,422,2,7200,1.01421800948
92015,92021,92565,6,544,2,7200,1.01102941176
92030,92036,92572,6,536,2,7200,1.01119402985
92049,92056,92592,7,536,2,7200,1.01305970149
92050,92063,92586,13,523,2,7200,1.02485659656
92065,92073,92601,8,528,2,7200,1.01515151515
92067,92080,92597,13,517,2,7200,1.0251450677
92082,92089,92635,7,546,2,7200,1.01282051282
92098,92105,92569,7,464,2,7200,1.0150862069
92100,92112,92647,12,535,2,7200,1.02242990654
92101,92117,92686,16,569,2,7200,1.02811950791
92116,92124,92660,8,536,2,7200,1.01492537313
92153,92159,92717,6,558,2,7200,1.01075268817
92174,92181,92657,7,476,2,7200,1.01470588235
92190,92196,92761,6,565,2,7200,1.01061946903
92191,92203,92767,12,564,2,7200,1.02127659574
92218,92225,92724,7,499,2,7200,1.01402805611
92234,92241,92811,7,570,2,7200,1.01228070175
92252,92259,92802,7,543,2,7200,1.01289134438
92254,92266,92802,12,536,2,7200,1.0223880597
92275,92281,92836,6,555,2,7200,1.01081081081
92309,92315,92875,6,560,2,7200,1.01071428571
92310,92322,92832,12,510,2,7200,1.02352941176
92326,92333,92894,7,561,2,7200,1.01247771836
92341,92348,92889,7,541,2,7200,1.01293900185
92362,92368,92953,6,585,1,3600,1.01025641026
92393,92399,92940,6,541,2,7200,1.01109057301
92408,92415,92943,7,528,2,7200,1.01325757576
92410,92421,92991,11,570,2,7200,1.01929824561
92426,92432,92998,6,566,2,7200,1.01060070671
92427,92438,93002,11,564,2,7200,1.0195035461
92428,92444,92973,16,529,2,7200,1.03024574669
92430,92449,93011,19,562,2,7200,1.03380782918
92454,92460,93009,6,549,2,7200,1.01092896175
92469,92476,93038,7,562,2,7200,1.01245551601
92484,92491,93031,7,540,2,7200,1.01296296296
92500,92507,93072,7,565,2,7200,1.01238938053
92501,92514,93019,13,505,2,7200,1.02574257426
92523,92529,93059,6,530,2,7200,1.01132075472
92538,92545,93076,7,531,2,7200,1.0131826742
92539,92552,93115,13,563,2,7200,1.02309058615
92555,92561,93109,6,548,2,7200,1.01094890511
92570,92577,93140,7,563,2,7200,1.01243339254
92572,92584,93130,12,546,2,7200,1.02197802198
92587,92593,93156,6,563,2,7200,1.01065719361
92589,92601,93123,12,522,2,7200,1.02298850575
92604,92611,93143,7,532,2,7200,1.01315789474
92606,92618,93182,12,564,2,7200,1.02127659574
92607,92624,93164,17,540,2,7200,1.03148148148
92638,92644,93178,6,534,2,7200,1.01123595506
92653,92659,93166,6,507,2,7200,1.01183431953
92668,92676,93230,8,554,2,7200,1.01444043321
92670,92683,93238,13,555,2,7200,1.02342342342
92688,92695,93238,7,543,2,7200,1.01289134438
92719,92726,93273,7,547,2,7200,1.01279707495
92734,92741,93307,7,566,2,7200,1.01236749117
92765,92772,93332,7,560,2,7200,1.0125
92780,92787,93358,7,571,2,7200,1.0122591944
92805,92812,93362,7,550,2,7200,1.01272727273
92806,92819,93371,13,552,2,7200,1.02355072464
92821,92827,93387,6,560,2,7200,1.01071428571
92837,92843,93397,6,554,2,7200,1.01083032491
92838,92850,93410,12,560,2,7200,1.02142857143
92878,92884,93454,6,570,2,7200,1.01052631579
92893,92900,93461,7,561,2,7200,1.01247771836
92908,92914,93492,6,578,2,7200,1.01038062284
92942,92949,93496,7,547,2,7200,1.01279707495
92957,92963,93526,6,563,2,7200,1.01065719361
92976,92982,93514,6,532,2,7200,1.01127819549
92994,93002,93580,8,578,2,7200,1.01384083045
93010,93016,93555,6,539,2,7200,1.01113172542
93012,93023,93569,11,546,2,7200,1.02014652015
93013,93028,93550,15,522,2,7200,1.02873563218
93029,93035,93584,6,549,2,7200,1.01092896175
93030,93042,93578,12,536,2,7200,1.0223880597
93046,93052,93603,6,551,2,7200,1.0108892922
93047,93059,93621,12,562,2,7200,1.02135231317
93062,93068,93612,6,544,2,7200,1.01102941176
93078,93084,93642,6,558,2,7200,1.01075268817
93079,93091,93655,12,564,2,7200,1.02127659574
93110,93117,93682,7,565,2,7200,1.01238938053
93125,93132,93649,7,517,2,7200,1.01353965184
93126,93139,93623,13,484,2,7200,1.02685950413
93142,93149,93698,7,549,2,7200,1.01275045537
93144,93156,93650,12,494,2,7200,1.02429149798
93159,93165,93734,6,569,2,7200,1.01054481547
93161,93172,93729,11,557,2,7200,1.0197486535
93176,93182,93722,6,540,2,7200,1.01111111111
93178,93189,93732,11,543,2,7200,1.02025782689
93193,93199,93767,6,568,2,7200,1.01056338028
93194,93205,93736,11,531,2,7200,1.02071563089
93231,93237,93767,6,530,2,7200,1.01132075472
93246,93252,93788,6,536,2,7200,1.01119402985
93247,93259,93729,12,470,2,7200,1.02553191489
93274,93282,93791,8,509,2,7200,1.01571709234
93308,93315,93876,7,561,2,7200,1.01247771836
93332,93338,93902,6,564,2,7200,1.01063829787
93360,93366,93857,6,491,2,7200,1.01221995927
93375,93382,93922,7,540,2,7200,1.01296296296
93376,93388,93935,12,547,2,7200,1.02193784278
93392,93398,93936,6,538,2,7200,1.01115241636
93407,93413,93944,6,531,2,7200,1.01129943503
93422,93428,93959,6,531,2,7200,1.01129943503
93456,93463,93989,7,526,2,7200,1.01330798479
93471,93478,94045,7,567,2,7200,1.01234567901
93495,93506,93512,11,6,1,3600,1.7
93495,93501,94054,6,553,2,7200,1.01084990958
93510,93517,94094,7,577,2,7200,1.01213171577
93525,93533,94101,8,568,2,7200,1.01408450704
93540,93547,94126,7,579,2,7200,1.01208981002
93556,93562,94135,6,573,2,7200,1.01047120419
93557,93570,94115,13,545,2,7200,1.02385321101
93572,93578,94129,6,551,2,7200,1.0108892922
93588,93595,94144,7,549,2,7200,1.01275045537
93589,93602,94116,13,514,2,7200,1.02529182879
93590,93607,94176,17,569,2,7200,1.02987697715
93606,93614,94166,8,552,2,7200,1.01449275362
93621,93628,94192,7,564,2,7200,1.01241134752
93621,93633,93720,12,87,1,3600,1.13793103448
93636,93642,94164,6,522,2,7200,1.01149425287
93637,93649,94212,12,563,2,7200,1.02131438721
93653,93660,94215,7,555,2,7200,1.01261261261
93654,93667,94232,13,565,2,7200,1.02300884956
93656,93672,94223,16,551,2,7200,1.02903811252
93671,93679,94229,8,550,2,7200,1.01454545455
93686,93693,94232,7,539,2,7200,1.01298701299
93701,93708,94301,7,593,2,7200,1.01180438449
93723,93730,94295,7,565,2,7200,1.01238938053
93738,93745,94285,7,540,2,7200,1.01296296296
93740,93751,94226,11,475,2,7200,1.02315789474
93741,93757,94337,16,580,2,7200,1.0275862069
93743,93762,94334,19,572,2,7200,1.03321678322
93744,93768,94314,24,546,2,7200,1.04395604396
93769,93775,94319,6,544,2,7200,1.01102941176
93771,93782,94339,11,557,2,7200,1.0197486535
93789,93795,94282,6,487,2,7200,1.01232032854
93804,93810,94350,6,540,2,7200,1.01111111111
93849,93856,94107,7,251,1,3600,1.02788844622
93859,93865,94398,6,533,2,7200,1.01125703565
93877,93884,94449,7,565,2,7200,1.01238938053
93905,93912,94467,7,555,2,7200,1.01261261261
93923,93930,94489,7,559,2,7200,1.01252236136
93938,93945,94513,7,568,2,7200,1.01232394366
93940,93952,94500,12,548,2,7200,1.02189781022
93955,93961,94517,6,556,2,7200,1.01079136691
93970,93976,94541,6,565,2,7200,1.01061946903
93991,93998,94563,7,565,2,7200,1.01238938053
94049,94056,94580,7,524,2,7200,1.01335877863
94064,94070,94567,6,497,2,7200,1.01207243461
94097,94103,94683,6,580,2,7200,1.01034482759
94113,94119,94682,6,563,2,7200,1.01065719361
94128,94134,94682,6,548,2,7200,1.01094890511
94130,94141,94692,11,551,2,7200,1.01996370236
94131,94146,94709,15,563,2,7200,1.02664298401
94146,94152,94667,6,515,2,7200,1.01165048544
94148,94159,94654,11,495,2,7200,1.02222222222
94149,94164,94715,15,551,2,7200,1.02722323049
94168,94175,94742,7,567,2,7200,1.01234567901
94169,94182,94626,13,444,2,7200,1.02927927928
94184,94190,94754,6,564,2,7200,1.01063829787
94199,94205,94744,6,539,2,7200,1.01113172542
94215,94221,94784,6,563,2,7200,1.01065719361
94230,94237,94767,7,530,2,7200,1.01320754717
94232,94244,94753,12,509,2,7200,1.02357563851
94233,94249,94785,16,536,2,7200,1.02985074627
94234,94254,94788,20,534,2,7200,1.03745318352
94250,94261,94813,11,552,2,7200,1.01992753623
94251,94266,94734,15,468,2,7200,1.03205128205
94285,94292,94842,7,550,2,7200,1.01272727273
94286,94299,94805,13,506,2,7200,1.0256916996
94302,94309,94861,7,552,2,7200,1.01268115942
94303,94315,94866,12,551,2,7200,1.02177858439
94319,94325,94880,6,555,2,7200,1.01081081081
94334,94340,94886,6,546,2,7200,1.01098901099
94349,94357,94911,8,554,2,7200,1.01444043321
94351,94364,94889,13,525,2,7200,1.02476190476
94352,94369,94921,17,552,2,7200,1.03079710145
94367,94376,94942,9,566,2,7200,1.01590106007
94399,94405,94970,6,565,1,3600,1.01061946903
94401,94412,94978,11,566,2,7200,1.01943462898
94450,94456,95002,6,546,2,7200,1.01098901099
94468,94474,94970,6,496,2,7200,1.01209677419
94490,94496,95063,6,567,2,7200,1.01058201058
94505,94511,95042,6,531,2,7200,1.01129943503
94522,94529,95091,7,562,2,7200,1.01245551601
94524,94536,95106,12,570,2,7200,1.02105263158
94544,94551,95106,7,555,2,7200,1.01261261261
94565,94571,95118,6,547,2,7200,1.01096892139
94580,94586,95119,6,533,2,7200,1.01125703565
94596,94603,95133,7,530,2,7200,1.01320754717
94634,94641,95123,7,482,2,7200,1.01452282158
94655,94662,95227,7,565,2,7200,1.01238938053
94671,94678,95239,7,561,2,7200,1.01247771836
94686,94693,95254,7,561,2,7200,1.01247771836
94688,94700,95232,12,532,2,7200,1.02255639098
94689,94705,95246,16,541,2,7200,1.02957486137
94704,94711,95275,7,564,2,7200,1.01241134752
94719,94726,95182,7,456,2,7200,1.01535087719
94721,94734,95305,13,571,2,7200,1.02276707531
94736,94743,95306,7,563,2,7200,1.01243339254
94751,94758,95258,7,500,2,7200,1.014
94753,94765,95294,12,529,2,7200,1.02268431002
94768,94774,95291,6,517,2,7200,1.01160541586
94770,94781,95326,11,545,2,7200,1.02018348624
94771,94786,95338,15,552,2,7200,1.02717391304
94786,94793,95350,7,557,2,7200,1.01256732496
94788,94799,95361,11,562,2,7200,1.01957295374
94803,94809,95366,6,557,2,7200,1.01077199282
94818,94825,95367,7,542,2,7200,1.01291512915
94819,94831,95258,12,427,2,7200,1.0281030445
94844,94851,95398,7,547,2,7200,1.01279707495
94862,94869,95408,7,539,2,7200,1.01298701299
94877,94884,95444,7,560,2,7200,1.0125
94892,94898,95451,6,553,2,7200,1.01084990958
94894,94906,95464,12,558,2,7200,1.02150537634
94895,94911,95356,16,445,2,7200,1.03595505618
94913,94920,95496,7,576,2,7200,1.01215277778
94928,94935,95507,7,572,2,7200,1.01223776224
94943,94950,95512,7,562,2,7200,1.01245551601
94971,94977,95490,6,513,2,7200,1.01169590643
94987,94994,95554,7,560,2,7200,1.0125
95005,95011,95549,6,538,2,7200,1.01115241636
95045,95051,95612,6,561,2,7200,1.01069518717
95064,95071,95078,7,7,1,1800,1.4
95066,95077,95637,11,560,2,7200,1.01964285714
95093,95099,95638,6,539,2,7200,1.01113172542
95109,95116,95684,7,568,2,7200,1.01232394366
95110,95123,95656,13,533,2,7200,1.0243902439
95126,95133,95695,7,562,2,7200,1.01245551601
95127,95140,95687,13,547,2,7200,1.02376599634
95129,95145,95633,16,488,2,7200,1.03278688525
95144,95151,95710,7,559,2,7200,1.01252236136
95183,95190,95707,7,517,2,7200,1.01353965184
95229,95235,95771,6,536,2,7200,1.01119402985
95237,95243,95330,6,87,1,1800,1.06896551724
95245,95251,95804,6,553,2,7200,1.01084990958
95246,95258,95804,12,546,2,7200,1.02197802198
95247,95264,95790,17,526,2,7200,1.03231939163
95263,95271,95822,8,551,2,7200,1.01451905626
95265,95276,95795,11,519,2,7200,1.02119460501
95266,95282,95831,16,549,2,7200,1.029143898
95281,95290,95809,9,519,2,7200,1.01734104046
95297,95303,95706,6,403,2,7200,1.01488833747
95298,95309,95820,11,511,2,7200,1.02152641879
95313,95319,95735,6,416,2,7200,1.01442307692
95315,95326,95863,11,537,2,7200,1.02048417132
95330,95340,95907,10,567,2,7200,1.0176366843
95345,95352,95911,7,559,2,7200,1.01252236136
95360,95366,95915,6,549,2,7200,1.01092896175
95362,95373,95906,11,533,2,7200,1.02063789869
95377,95384,95939,7,555,2,7200,1.01261261261
95378,95391,95940,13,549,2,7200,1.02367941712
95379,95396,95949,17,553,2,7200,1.03074141049
95401,95408,95959,7,551,2,7200,1.01270417423
95415,95421,95600,6,179,1,3600,1.03351955307
95416,95428,95988,12,560,2,7200,1.02142857143
95446,95454,96005,8,551,2,7200,1.01451905626
95461,95468,96014,7,546,2,7200,1.01282051282
95477,95484,95967,7,483,2,7200,1.01449275362
95492,95498,96065,6,567,2,7200,1.01058201058
95507,95514,96088,7,574,2,7200,1.01219512195
95509,95521,96094,12,573,2,7200,1.02094240838
95525,95532,96092,7,560,2,7200,1.0125
95552,95559,96076,7,517,2,7200,1.01353965184
95566,95572,95671,6,99,1,1800,1.06060606061
95567,95579,96138,12,559,2,7200,1.02146690519
95614,95621,96136,7,515,2,7200,1.01359223301
95635,95641,96162,6,521,2,7200,1.01151631478
95650,95657,96223,7,566,2,7200,1.01236749117
95652,95663,96230,11,567,2,7200,1.01940035273
95667,95673,96234,6,561,2,7200,1.01069518717
95686,95693,96220,7,527,2,7200,1.01328273245
95701,95708,96267,7,559,2,7200,1.01252236136
95702,95715,96202,13,487,2,7200,1.02669404517
95718,95725,96265,7,540,2,7200,1.01296296296
95719,95731,96292,12,561,2,7200,1.02139037433
95720,95737,96309,17,572,2,7200,1.02972027972
95732,95749,96018,17,269,1,3600,1.06319702602
95736,95743,96309,7,566,2,7200,1.01236749117
95772,95779,96328,7,549,2,7200,1.01275045537
95791,95797,96316,6,519,2,7200,1.01156069364
95806,95813,96360,7,547,2,7200,1.01279707495
95808,95820,96369,12,549,2,7200,1.0218579235
95809,95825,96391,16,566,2,7200,1.02826855124
95825,95831,96279,6,448,2,7200,1.01339285714
95826,95839,96402,13,563,2,7200,1.02309058615
95828,95844,96379,16,535,2,7200,1.02990654206
95843,95851,96399,8,548,2,7200,1.01459854015
95864,95870,96396,6,526,2,7200,1.01140684411
95910,95916,96450,6,534,2,7200,1.01123595506
95911,95923,96462,12,539,2,7200,1.02226345083
95927,95933,96440,6,507,2,7200,1.01183431953
95928,95940,96493,12,553,2,7200,1.02169981917
95944,95951,96504,7,553,2,7200,1.01265822785
95945,95958,96533,13,575,2,7200,1.02260869565
95961,95968,96438,7,470,2,7200,1.01489361702
95962,95975,96527,13,552,2,7200,1.02355072464
95977,95984,96515,7,531,2,7200,1.0131826742
95993,95999,96513,6,514,2,7200,1.01167315175
96008,96015,96571,7,556,2,7200,1.01258992806
96023,96030,96592,7,562,2,7200,1.01245551601
96070,96077,96638,7,561,2,7200,1.01247771836
96085,96091,96633,6,542,2,7200,1.0110701107
96100,96106,96646,6,540,2,7200,1.01111111111
96102,96114,96668,12,554,2,7200,1.02166064982
96103,96119,96653,16,534,2,7200,1.02996254682
96136,96144,96701,8,557,2,7200,1.01436265709
96152,96158,96689,6,531,2,7200,1.01129943503
96165,96171,96561,6,390,1,1800,1.01538461538
96167,96178,96726,11,548,2,7200,1.0200729927
96203,96210,96792,7,582,2,7200,1.01202749141
96222,96229,96779,7,550,2,7200,1.01272727273
96237,96243,96786,6,543,2,7200,1.01104972376
96239,96251,96689,12,438,2,7200,1.02739726027
96240,96256,96756,16,500,2,7200,1.032
96263,96269,96842,6,573,1,3600,1.01047120419
96268,96276,96751,8,475,2,7200,1.01684210526
96269,96281,96837,12,556,2,7200,1.02158273381
96285,96291,96848,6,557,2,7200,1.01077199282
96300,96306,96854,6,548,2,7200,1.01094890511
96316,96323,96876,7,553,2,7200,1.01265822785
96317,96330,96840,13,510,2,7200,1.02549019608
96318,96335,96893,17,558,2,7200,1.03046594982
96334,96342,96868,8,526,2,7200,1.01520912548
96361,96368,96909,7,541,2,7200,1.01293900185
96376,96384,96921,8,537,2,7200,1.01489757914
96392,96398,96965,6,567,2,7200,1.01058201058
96393,96404,96928,11,524,2,7200,1.02099236641
96409,96415,96952,6,537,2,7200,1.01117318436
96411,96422,96987,11,565,2,7200,1.01946902655
96412,96427,96953,15,526,2,7200,1.02851711027
96438,96444,97006,6,562,2,7200,1.01067615658
96453,96459,97012,6,553,2,7200,1.01084990958
96454,96466,97033,12,567,2,7200,1.02116402116
96470,96476,96987,6,511,2,7200,1.01174168297
96494,96501,97019,7,518,2,7200,1.01351351351
96509,96515,97048,6,533,2,7200,1.01125703565
96525,96531,97096,6,565,2,7200,1.01061946903
96526,96539,97108,13,569,2,7200,1.02284710018
96542,96549,97105,7,556,2,7200,1.01258992806
96543,96555,97091,12,536,2,7200,1.0223880597
96575,96582,97117,7,535,2,7200,1.01308411215
96593,96601,97130,8,529,2,7200,1.01512287335
96634,96641,97210,7,569,2,7200,1.01230228471
96650,96656,97206,6,550,2,7200,1.01090909091
96652,96664,97204,12,540,2,7200,1.02222222222
96667,96674,97195,7,521,2,7200,1.01343570058
96682,96689,97246,7,557,2,7200,1.01256732496
96698,96704,97234,6,530,2,7200,1.01132075472
96699,96712,97273,13,561,2,7200,1.02317290553
96714,96722,97259,8,537,2,7200,1.01489757914
96730,96737,97258,7,521,2,7200,1.01343570058
96754,96760,97305,6,545,2,7200,1.01100917431
96769,96775,97338,6,563,2,7200,1.01065719361
96784,96790,97315,6,525,2,7200,1.01142857143
96800,96807,97335,7,528,2,7200,1.01325757576
96801,96814,97371,13,557,2,7200,1.02333931777
96841,96848,97398,7,550,2,7200,1.01272727273
96842,96855,97383,13,528,2,7200,1.02462121212
96859,96865,97408,6,543,2,7200,1.01104972376
96860,96872,97403,12,531,2,7200,1.02259887006
96876,96882,97423,6,541,2,7200,1.01109057301
96891,96898,97474,7,576,2,7200,1.01215277778
96906,96912,97448,6,536,2,7200,1.01119402985
96921,96928,97442,7,514,2,7200,1.01361867704
96922,96935,97481,13,546,2,7200,1.02380952381
96938,96944,97437,6,493,2,7200,1.0121703854
96953,96960,97515,7,555,2,7200,1.01261261261
96968,96975,97531,7,556,2,7200,1.01258992806
96970,96981,97522,11,541,2,7200,1.02033271719
96988,96995,97546,7,551,2,7200,1.01270417423
96989,97002,97550,13,548,2,7200,1.02372262774
97007,97015,97540,8,525,2,7200,1.01523809524
97023,97029,97573,6,544,2,7200,1.01102941176
97024,97036,97590,12,554,2,7200,1.02166064982
97039,97045,97613,6,568,2,7200,1.01056338028
97054,97061,97615,7,554,2,7200,1.01263537906
97094,97101,97664,7,563,2,7200,1.01243339254
97109,97115,97659,6,544,2,7200,1.01102941176
97110,97122,97629,12,507,2,7200,1.02366863905
97112,97127,97654,15,527,2,7200,1.0284629981
97127,97134,97583,7,449,2,7200,1.01559020045
97142,97149,97728,7,579,2,7200,1.01208981002
97196,97202,97747,6,545,2,7200,1.01100917431
97212,97217,97794,5,577,2,7200,1.00866551127
97213,97225,97733,12,508,2,7200,1.02362204724
97214,97230,97789,16,559,2,7200,1.02862254025
97236,97242,97796,6,554,2,7200,1.01083032491
97251,97257,97822,6,565,2,7200,1.01061946903
97264,97271,97278,7,7,1,1800,1.4
97266,97277,97791,11,514,2,7200,1.02140077821
97267,97283,97825,16,542,2,7200,1.0295202952
97282,97290,97800,8,510,2,7200,1.01568627451
97306,97313,97812,7,499,2,7200,1.01402805611
97322,97329,97873,7,544,2,7200,1.01286764706
97337,97343,97903,6,560,2,7200,1.01071428571
97338,97350,97887,12,537,2,7200,1.02234636872
97375,97382,97948,7,566,2,7200,1.01236749117
97390,97396,97867,6,471,2,7200,1.0127388535
97405,97411,97949,6,538,2,7200,1.01115241636
97406,97418,97971,12,553,2,7200,1.02169981917
97421,97428,97959,7,531,2,7200,1.0131826742
97436,97443,97988,7,545,2,7200,1.0128440367
97439,97450,97494,11,44,1,1800,1.25
97452,97459,98005,7,546,2,7200,1.01282051282
97453,97466,98002,13,536,2,7200,1.02425373134
97455,97471,98029,16,558,2,7200,1.02867383513
97476,97483,98028,7,545,2,7200,1.0128440367
97491,97497,98039,6,542,2,7200,1.0110701107
97519,97525,98052,6,527,2,7200,1.01138519924
97535,97541,98032,6,491,2,7200,1.01221995927
97536,97548,98073,12,525,2,7200,1.02285714286
97552,97558,98107,6,549,2,7200,1.01092896175
97553,97565,98088,12,523,2,7200,1.02294455067
97554,97570,98087,16,517,2,7200,1.03094777563
97576,97583,98092,7,509,2,7200,1.0137524558
97591,97598,98156,7,558,2,7200,1.01254480287
97592,97605,98158,13,553,2,7200,1.02350813743
97617,97623,98177,6,554,2,7200,1.01083032491
97618,97630,98157,12,527,2,7200,1.02277039848
97633,97640,98156,7,516,2,7200,1.01356589147
97657,97665,98229,8,564,2,7200,1.01418439716
97672,97679,98228,7,549,2,7200,1.01275045537
97674,97686,98221,12,535,2,7200,1.02242990654
97711,97717,97802,6,85,1,3600,1.07058823529
97729,97735,98279,6,544,2,7200,1.01102941176
97729,97741,97822,12,81,1,1800,1.14814814815
97744,97750,98322,6,572,2,7200,1.01048951049
97759,97765,98301,6,536,2,7200,1.01119402985
97790,97796,98366,6,570,2,7200,1.01052631579
97805,97811,98388,6,577,2,7200,1.01039861352
97807,97819,98360,12,541,2,7200,1.02218114603
97808,97824,98397,16,573,2,7200,1.02792321117
97810,97829,98376,19,547,2,7200,1.03473491773
97826,97836,98384,10,548,2,7200,1.01824817518
97827,97841,98402,14,561,2,7200,1.02495543672
97828,97846,98422,18,576,2,7200,1.03125
97868,97875,98441,7,566,2,7200,1.01236749117
97883,97890,98436,7,546,2,7200,1.01282051282
97898,97904,98466,6,562,2,7200,1.01067615658
97913,97920,98486,7,566,2,7200,1.01236749117
97930,97937,98237,7,300,1,3600,1.02333333333
97950,97957,98500,7,543,2,7200,1.01289134438
97952,97964,98526,12,562,2,7200,1.02135231317
97967,97973,98504,6,531,2,7200,1.01129943503
97982,97989,98517,7,528,2,7200,1.01325757576
97997,98003,98524,6,521,2,7200,1.01151631478
98012,98020,98589,8,569,2,7200,1.01405975395
98014,98025,98532,11,507,2,7200,1.02169625247
98029,98035,98611,6,576,2,7200,1.01041666667
98030,98042,98610,12,568,2,7200,1.02112676056
98046,98052,98592,6,540,2,7200,1.01111111111
98047,98059,98622,12,563,2,7200,1.02131438721
98062,98070,98585,8,515,2,7200,1.01553398058
98078,98085,98607,7,522,2,7200,1.01340996169
98093,98099,98663,6,564,2,7200,1.01063829787
98095,98107,98655,12,548,2,7200,1.02189781022
98096,98112,98672,16,560,2,7200,1.02857142857
98111,98119,98681,8,562,2,7200,1.01423487544
98158,98164,98651,6,487,2,7200,1.01232032854
98159,98171,98695,12,524,2,7200,1.02290076336
98160,98176,98721,16,545,2,7200,1.02935779817
98176,98182,98740,6,558,2,7200,1.01075268817
98191,98198,98762,7,564,2,7200,1.01241134752
98225,98231,98794,6,563,2,7200,1.01065719361
98240,98246,98785,6,539,2,7200,1.01113172542
98242,98253,98816,11,563,2,7200,1.01953818828
98281,98288,98834,7,546,2,7200,1.01282051282
98302,98309,98806,7,497,2,7200,1.01408450704
98324,98330,98885,6,555,2,7200,1.01081081081
98363,98370,98883,7,513,2,7200,1.01364522417
98378,98385,98908,7,523,2,7200,1.01338432122
98380,98392,98969,12,577,2,7200,1.02079722704
98395,98402,98903,7,501,2,7200,1.01397205589
98397,98409,98987,12,578,2,7200,1.02076124567
98412,98419,98974,7,555,2,7200,1.01261261261
98413,98425,98992,12,567,2,7200,1.02116402116
98428,98435,98950,7,515,2,7200,1.01359223301
98444,98451,99016,7,565,2,7200,1.01238938053
98445,98458,98975,13,517,2,7200,1.0251450677
98449,98463,98717,14,254,1,1800,1.05511811024
98466,98473,99031,7,558,2,7200,1.01254480287
98488,98494,99012,6,518,2,7200,1.01158301158
98503,98509,99067,6,558,2,7200,1.01075268817
98518,98525,99081,7,556,2,7200,1.01258992806
98520,98532,99070,12,538,2,7200,1.02230483271
98524,98537,99002,13,465,1,3600,1.02795698925
98535,98543,99075,8,532,2,7200,1.01503759398
98537,98549,99079,12,530,2,7200,1.02264150943
98538,98555,99122,17,567,2,7200,1.02998236332
98587,98594,99138,7,544,2,7200,1.01286764706
98603,98609,99086,6,477,2,7200,1.01257861635
98604,98616,99122,12,506,2,7200,1.02371541502
98620,98626,99143,6,517,2,7200,1.01160541586
98621,98632,99155,11,523,2,7200,1.02103250478
98623,98638,99200,15,562,2,7200,1.02669039146
98638,98644,99189,6,545,2,7200,1.01100917431
98653,98659,99221,6,562,2,7200,1.01067615658
98668,98675,99208,7,533,2,7200,1.01313320826
98670,98681,99240,11,559,2,7200,1.01967799642
98685,98691,99120,6,429,2,7200,1.01398601399
98687,98698,99202,11,504,2,7200,1.02182539683
98702,98708,99079,6,371,2,7200,1.01617250674
98724,98731,99291,7,560,2,7200,1.0125
98743,98749,99294,6,545,2,7200,1.01100917431
98764,98770,99318,6,548,2,7200,1.01094890511
98788,98795,99335,7,540,2,7200,1.01296296296
98803,98810,99351,7,541,2,7200,1.01293900185
98819,98825,99367,6,542,2,7200,1.0110701107
98820,98832,99393,12,561,2,7200,1.02139037433
98835,98841,99412,6,571,2,7200,1.01050788091
98884,98891,99446,7,555,2,7200,1.01261261261
98899,98905,99451,6,546,2,7200,1.01098901099
98915,98922,99470,7,548,2,7200,1.01277372263
98916,98929,99497,13,568,2,7200,1.02288732394
98953,98959,99516,6,557,2,7200,1.01077199282
98971,98977,99531,6,554,2,7200,1.01083032491
98986,98992,99541,6,549,2,7200,1.01092896175
98988,98999,99503,11,504,2,7200,1.02182539683
99003,99010,99504,7,494,2,7200,1.01417004049
99005,99017,99563,12,546,2,7200,1.02197802198
99021,99028,99588,7,560,2,7200,1.0125
99022,99035,99588,13,553,2,7200,1.02350813743
99037,99045,99600,8,555,2,7200,1.01441441441
99068,99075,99634,7,559,2,7200,1.01252236136
99084,99090,99581,6,491,2,7200,1.01221995927
99085,99096,99615,11,519,2,7200,1.02119460501
99087,99102,99646,15,544,2,7200,1.02757352941
99088,99107,99676,19,569,2,7200,1.03339191564
99090,99113,99666,23,553,2,7200,1.04159132007
99105,99120,99687,15,567,2,7200,1.02645502646
99120,99127,99660,7,533,2,7200,1.01313320826
99136,99142,99693,6,551,2,7200,1.0108892922
99137,99149,99645,12,496,2,7200,1.02419354839
99152,99160,99657,8,497,2,7200,1.01609657948
99154,99165,99682,11,517,2,7200,1.02127659574
99169,99176,99694,7,518,2,7200,1.01351351351
99190,99197,99756,7,559,2,7200,1.01252236136
99206,99213,99752,7,539,2,7200,1.01298701299
99208,99219,99763,11,544,2,7200,1.02022058824
99223,99229,99742,6,513,2,7200,1.01169590643
99224,99236,99809,12,573,2,7200,1.02094240838
99243,99250,99775,7,525,2,7200,1.01333333333
99292,99298,99839,6,541,2,7200,1.01109057301
99307,99313,99864,6,551,2,7200,1.0108892922
99322,99328,99851,6,523,2,7200,1.01147227533
99337,99343,99889,6,546,2,7200,1.01098901099
99352,99359,99926,7,567,2,7200,1.01234567901
99368,99374,99928,6,554,2,7200,1.01083032491
99395,99401,99963,6,562,2,7200,1.01067615658
99413,99419,99979,6,560,2,7200,1.01071428571
99447,99453,99981,6,528,2,7200,1.01136363636
99462,99468,100010,6,542,2,7200,1.0110701107
99477,99483,100024,6,541,2,7200,1.01109057301
99498,99506,100051,8,545,2,7200,1.01467889908
99514,99521,100085,7,564,2,7200,1.01241134752
99515,99527,100040,12,513,2,7200,1.02339181287
99531,99538,100091,7,553,2,7200,1.01265822785
99532,99545,100106,13,561,2,7200,1.02317290553
99548,99555,100129,7,574,2,7200,1.01219512195
99566,99573,100097,7,524,2,7200,1.01335877863
99581,99587,100150,6,563,2,7200,1.01065719361
99597,99603,100142,6,539,2,7200,1.01113172542
99598,99610,100145,12,535,2,7200,1.02242990654
99613,99619,100154,6,535,2,7200,1.01121495327
99628,99634,100178,6,544,2,7200,1.01102941176
99643,99650,100206,7,556,2,7200,1.01258992806
99659,99665,100218,6,553,2,7200,1.01084990958
99661,99672,100195,11,523,2,7200,1.02103250478
99662,99677,100248,15,571,2,7200,1.02626970228
99678,99683,100210,5,527,2,7200,1.00948766603
99679,99691,100221,12,530,2,7200,1.02264150943
99680,99696,100229,16,533,2,7200,1.03001876173
99696,99703,100235,7,532,2,7200,1.01315789474
99698,99710,100185,12,475,2,7200,1.02526315789
99699,99715,100242,16,527,2,7200,1.03036053131
99700,99721,100286,21,565,2,7200,1.03716814159
99743,99750,100311,7,561,2,7200,1.01247771836
99759,99766,100303,7,537,2,7200,1.01303538175
99760,99773,100300,13,527,2,7200,1.02466793169
99775,99782,100350,7,568,2,7200,1.01232394366
99777,99789,100357,12,568,2,7200,1.02112676056
99810,99818,100372,8,554,2,7200,1.01444043321
99841,99848,100422,7,574,2,7200,1.01219512195
99856,99863,100378,7,515,2,7200,1.01359223301
99871,99878,100395,7,517,2,7200,1.01353965184
99890,99897,100439,7,542,2,7200,1.01291512915
99930,99937,100482,7,545,2,7200,1.0128440367
99931,99944,100464,13,520,2,7200,1.025
99965,99971,100532,6,561,2,7200,1.01069518717
99980,99987,100510,7,523,2,7200,1.01338432122
99995,100003,100564,8,561,2,7200,1.01426024955
100014,100021,100517,7,496,2,7200,1.01411290323
100029,100035,100565,6,530,2,7200,1.01132075472
100044,100051,100604,7,553,2,7200,1.01265822785
100059,100066,100606,7,540,2,7200,1.01296296296
100087,100094,100640,7,546,2,7200,1.01282051282
100102,100109,100647,7,538,2,7200,1.01301115242
100104,100115,100643,11,528,2,7200,1.02083333333
100119,100126,100695,7,569,2,7200,1.01230228471
100134,100141,100653,7,512,2,7200,1.013671875
100150,100156,100681,6,525,2,7200,1.01142857143
100151,100163,100688,12,525,2,7200,1.02285714286
100153,100168,100696,15,528,2,7200,1.02840909091
100168,100175,100715,7,540,2,7200,1.01296296296
100183,100190,100695,7,505,2,7200,1.01386138614
100199,100206,100715,7,509,2,7200,1.0137524558
100200,100212,100758,12,546,2,7200,1.02197802198
100216,100222,100769,6,547,2,7200,1.01096892139
100218,100229,100768,11,539,2,7200,1.02040816327
100233,100240,100796,7,556,2,7200,1.01258992806
100235,100246,100755,11,509,2,7200,1.02161100196
100236,100251,100766,15,515,2,7200,1.02912621359
100252,100258,100803,6,545,2,7200,1.01100917431
100253,100265,100809,12,544,2,7200,1.02205882353
100254,100270,100777,16,507,2,7200,1.0315581854
100288,100295,100814,7,519,2,7200,1.01348747592
100304,100310,100819,6,509,2,7200,1.01178781925
100305,100317,100859,12,542,2,7200,1.0221402214
100320,100328,100883,8,555,2,7200,1.01441441441
100351,100358,100856,7,498,2,7200,1.0140562249
100366,100372,100922,6,550,2,7200,1.01090909091
100382,100389,100956,7,567,2,7200,1.01234567901
100383,100396,100908,13,512,2,7200,1.025390625
100398,100405,100926,7,521,2,7200,1.01343570058
100426,100432,100961,6,529,2,7200,1.01134215501
100441,100447,100998,6,551,2,7200,1.0108892922
100465,100472,101002,7,530,2,7200,1.01320754717
100484,100490,101030,6,540,2,7200,1.01111111111
100511,100519,101079,8,560,2,7200,1.01428571429
100526,100533,101095,7,562,2,7200,1.01245551601
100542,100548,101030,6,482,2,7200,1.01244813278
100566,100572,101128,6,556,2,7200,1.01079136691
100567,100579,101134,12,555,2,7200,1.02162162162
100607,100613,101138,6,525,2,7200,1.01142857143
100609,100620,101179,11,559,2,7200,1.01967799642
100642,100648,101190,6,542,2,7200,1.0110701107
100658,100665,101201,7,536,2,7200,1.01305970149
100659,100672,101208,13,536,2,7200,1.02425373134
100660,100677,101219,17,542,2,7200,1.03136531365
100682,100689,101249,7,560,2,7200,1.0125
100697,100703,101214,6,511,2,7200,1.01174168297
100699,100710,101254,11,544,2,7200,1.02022058824
100700,100715,101270,15,555,2,7200,1.02702702703
100701,100720,101219,19,499,2,7200,1.0380761523
100717,100727,101220,10,493,2,7200,1.02028397566
100719,100732,101267,13,535,2,7200,1.02429906542
100758,100764,101307,6,543,2,7200,1.01104972376
100760,100771,101337,11,566,2,7200,1.01943462898
100776,100782,101353,6,571,2,7200,1.01050788091
100777,100790,101295,13,505,2,7200,1.02574257426
100778,100795,101341,17,546,2,7200,1.03113553114
100793,100801,101345,8,544,2,7200,1.01470588235
100809,100816,101355,7,539,2,7200,1.01298701299
100810,100823,101343,13,520,2,7200,1.025
100812,100828,101364,16,536,2,7200,1.02985074627
100827,100835,101369,8,534,2,7200,1.01498127341
100829,100840,101403,11,563,2,7200,1.01953818828
100859,100866,101433,7,567,2,7200,1.01234567901
100861,100872,101379,11,507,2,7200,1.02169625247
100885,100891,101456,6,565,2,7200,1.01061946903
100910,100916,101452,6,536,2,7200,1.01119402985
100925,100932,101484,7,552,2,7200,1.01268115942
100926,100938,101501,12,563,2,7200,1.02131438721
100957,100963,101496,6,533,2,7200,1.01125703565
100972,100979,101468,7,489,2,7200,1.01431492843
101000,101007,101530,7,523,2,7200,1.01338432122
101015,101021,101595,6,574,2,7200,1.01045296167
101030,101037,101575,7,538,2,7200,1.01301115242
101032,101043,101568,11,525,2,7200,1.02095238095
101081,101087,101625,6,538,2,7200,1.01115241636
101096,101103,101651,7,548,2,7200,1.01277372263
101130,101137,101654,7,517,2,7200,1.01353965184
101145,101151,101725,6,574,2,7200,1.01045296167
101146,101157,101700,11,543,2,7200,1.02025782689
101180,101186,101667,6,481,2,7200,1.01247401247
101195,101202,101712,7,510,2,7200,1.0137254902
101210,101216,101781,6,565,2,7200,1.01061946903
101212,101223,101768,11,545,2,7200,1.02018348624
101228,101235,101784,7,549,2,7200,1.01275045537
101229,101241,101768,12,527,2,7200,1.02277039848
101230,101247,101795,17,548,2,7200,1.03102189781
101232,101252,101817,20,565,2,7200,1.03539823009
101250,101258,101814,8,556,2,7200,1.01438848921
101265,101271,101806,6,535,2,7200,1.01121495327
101280,101287,101834,7,547,2,7200,1.01279707495
101282,101293,101808,11,515,2,7200,1.0213592233
101297,101303,101844,6,541,2,7200,1.01109057301
101312,101319,101874,7,555,2,7200,1.01261261261
101339,101346,101899,7,553,2,7200,1.01265822785
101355,101361,101893,6,532,2,7200,1.01127819549
101356,101368,101911,12,543,2,7200,1.02209944751
101358,101373,101874,15,501,2,7200,1.02994011976
101359,101378,101922,19,544,2,7200,1.03492647059
101361,101384,101854,23,470,2,7200,1.04893617021
101376,101391,101930,15,539,2,7200,1.02782931354
101378,101396,101942,18,546,2,7200,1.03296703297
101393,101403,101965,10,562,2,7200,1.01779359431
101408,101415,101976,7,561,2,7200,1.01247771836
101436,101443,101964,7,521,2,7200,1.01343570058
101454,101460,102008,6,548,2,7200,1.01094890511
101469,101476,102016,7,540,2,7200,1.01296296296
101471,101483,102013,12,530,2,7200,1.02264150943
101486,101493,102023,7,530,2,7200,1.01320754717
101502,101508,101904,6,396,2,7200,1.01515151515
101503,101516,102057,13,541,2,7200,1.02402957486
101531,101538,102064,7,526,2,7200,1.01330798479
101570,101577,102066,7,489,2,7200,1.01431492843
101585,101591,102124,6,533,2,7200,1.01125703565
101600,101607,102138,7,531,2,7200,1.0131826742
101625,101631,102194,6,563,2,7200,1.01065719361
101652,101659,102174,7,515,2,7200,1.01359223301
101667,101673,102189,6,516,2,7200,1.01162790698
101669,101679,102218,10,539,2,7200,1.0185528757
101702,101710,102259,8,549,2,7200,1.014571949
101718,101724,102259,6,535,2,7200,1.01121495327
101733,101739,102287,6,548,2,7200,1.01094890511
101769,101776,102317,7,541,2,7200,1.01293900185
101771,101784,102309,13,525,2,7200,1.02476190476
101787,101792,102330,5,538,2,7200,1.0092936803
101788,101800,102331,12,531,2,7200,1.02259887006
101803,101810,102351,7,541,2,7200,1.01293900185
101819,101825,102401,6,576,2,7200,1.01041666667
101821,101833,102361,12,528,2,7200,1.02272727273
101822,101838,102383,16,545,2,7200,1.02935779817
101823,101843,102409,20,566,2,7200,1.03533568905
101839,101850,102417,11,567,2,7200,1.01940035273
101854,101860,102417,6,557,2,7200,1.01077199282
101869,101875,102421,6,546,2,7200,1.01098901099
101885,101891,102449,6,558,2,7200,1.01075268817
101886,101897,102447,11,550,2,7200,1.02
101901,101908,102457,7,549,2,7200,1.01275045537
101903,101915,102458,12,543,2,7200,1.02209944751
101918,101925,102457,7,532,2,7200,1.01315789474
101920,101933,102478,13,545,2,7200,1.02385321101
101936,101942,102500,6,558,2,7200,1.01075268817
101937,101948,102530,11,582,2,7200,1.01890034364
101952,101958,102452,6,494,2,7200,1.01214574899
101967,101975,102498,8,523,2,7200,1.01529636711
101969,101980,102542,11,562,2,7200,1.01957295374
101984,101991,102523,7,532,2,7200,1.01315789474
102008,102015,102552,7,537,2,7200,1.01303538175
102024,102030,102580,6,550,2,7200,1.01090909091
102025,102037,102593,12,556,2,7200,1.02158273381
102027,102042,102584,15,542,2,7200,1.02767527675
102060,102067,102635,7,568,2,7200,1.01232394366
102076,102083,102648,7,565,2,7200,1.01238938053
102077,102090,102598,13,508,2,7200,1.02559055118
102126,102133,102680,7,547,2,7200,1.01279707495
102141,102147,102688,6,541,2,7200,1.01109057301
102175,102182,102711,7,529,2,7200,1.01323251418
102190,102196,102753,6,557,2,7200,1.01077199282
102205,102211,102752,6,541,2,7200,1.01109057301
102220,102228,102766,8,538,2,7200,1.01486988848
102260,102267,102836,7,569,2,7200,1.01230228471
102262,102274,102842,12,568,2,7200,1.02112676056
102289,102295,102840,6,545,2,7200,1.01100917431
102310,102316,102894,6,578,2,7200,1.01038062284
102325,102332,102889,7,557,2,7200,1.01256732496
102342,102348,102868,6,520,2,7200,1.01153846154
102344,102356,102927,12,571,2,7200,1.02101576182
102359,102365,102912,6,547,2,7200,1.01096892139
102374,102380,102953,6,573,2,7200,1.01047120419
102389,102396,102940,7,544,2,7200,1.01286764706
102404,102412,102940,8,528,2,7200,1.01515151515
102420,102427,102896,7,469,2,7200,1.01492537313
102421,102434,102949,13,515,2,7200,1.02524271845
102423,102439,102989,16,550,2,7200,1.02909090909
102438,102445,103016,7,571,2,7200,1.0122591944
102454,102461,103024,7,563,2,7200,1.01243339254
102456,102467,103010,11,543,2,7200,1.02025782689
102457,102473,103018,16,545,2,7200,1.02935779817
102473,102479,103025,6,546,2,7200,1.01098901099
102474,102485,103010,11,525,2,7200,1.02095238095
102476,102491,103067,15,576,2,7200,1.02604166667
102491,102497,103022,6,525,2,7200,1.01142857143
102506,102513,103053,7,540,2,7200,1.01296296296
102508,102519,103057,11,538,2,7200,1.02044609665
102526,102532,103072,6,540,2,7200,1.01111111111
102541,102548,103062,7,514,2,7200,1.01361867704
102543,102554,103123,11,569,2,7200,1.01933216169
102558,102564,103123,6,559,2,7200,1.01073345259
102582,102588,103126,6,538,2,7200,1.01115241636
102598,102604,103129,6,525,2,7200,1.01142857143
102599,102611,103155,12,544,2,7200,1.02205882353
102601,102616,103138,15,522,2,7200,1.02873563218
102637,102644,103186,7,542,2,7200,1.01291512915
102653,102659,103227,6,568,2,7200,1.01056338028
102683,102691,103240,8,549,2,7200,1.014571949
102699,102706,103282,7,576,2,7200,1.01215277778
102714,102721,103269,7,548,2,7200,1.01277372263
102729,102735,102812,6,77,1,1800,1.07792207792
102754,102761,103228,7,467,2,7200,1.01498929336
102755,102768,103254,13,486,2,7200,1.02674897119
102771,102778,103329,7,551,2,7200,1.01270417423
102838,102845,103384,7,539,2,7200,1.01298701299
102853,102860,103390,7,530,2,7200,1.01320754717
102855,102867,103429,12,562,2,7200,1.02135231317
102870,102876,103409,6,533,2,7200,1.01125703565
102891,102899,103454,8,555,2,7200,1.01441441441
102907,102913,103478,6,565,2,7200,1.01061946903
102909,102921,103461,12,540,2,7200,1.02222222222
102924,102931,103406,7,475,2,7200,1.01473684211
102939,102945,103431,6,486,2,7200,1.01234567901
102955,102961,103469,6,508,2,7200,1.01181102362
102956,102968,103530,12,562,2,7200,1.02135231317
102958,102973,103535,15,562,2,7200,1.02669039146
102959,102978,103530,19,552,2,7200,1.03442028986
102990,102996,103494,6,498,2,7200,1.01204819277
103011,103019,103578,8,559,2,7200,1.01431127013
103013,103026,103523,13,497,2,7200,1.02615694165
103029,103036,103551,7,515,2,7200,1.01359223301
103031,103043,103550,12,507,2,7200,1.02366863905
103032,103048,103601,16,553,2,7200,1.02893309222
103033,103053,103602,20,549,2,7200,1.0364298725
103035,103059,103516,24,457,2,7200,1.05251641138
103052,103071,103171,19,100,1,1800,1.19
103057,103066,103627,9,561,2,7200,1.01604278075
103072,103080,103650,8,570,2,7200,1.01403508772
103074,103086,103647,12,561,2,7200,1.02139037433
103075,103092,103666,17,574,2,7200,1.02961672474
103077,103097,103664,20,567,2,7200,1.03527336861
103127,103133,103678,6,545,2,7200,1.01100917431
103128,103140,103697,12,557,2,7200,1.02154398564
103129,103145,103709,16,564,2,7200,1.02836879433
103145,103152,103646,7,494,2,7200,1.01417004049
103146,103158,103735,12,577,2,7200,1.02079722704
103162,103168,103671,6,503,2,7200,1.01192842942
103190,103196,103785,6,589,2,7200,1.01018675722
103230,103236,103803,6,567,2,7200,1.01058201058
103231,103243,103765,12,522,2,7200,1.02298850575
103246,103252,103822,6,570,2,7200,1.01052631579
103261,103269,103829,8,560,2,7200,1.01428571429
103277,103283,103835,6,552,2,7200,1.01086956522
103292,103298,103845,6,547,2,7200,1.01096892139
103331,103339,103831,8,492,2,7200,1.0162601626
103386,103393,103946,7,553,2,7200,1.01265822785
103401,103408,103895,7,487,2,7200,1.01437371663
103417,103424,103956,7,532,2,7200,1.01315789474
103418,103430,103994,12,564,2,7200,1.02127659574
103434,103441,103985,7,544,2,7200,1.01286764706
103435,103448,104020,13,572,2,7200,1.02272727273
103457,103463,103992,6,529,2,7200,1.01134215501
103458,103471,104032,13,561,2,7200,1.02317290553
103473,103480,104038,7,558,2,7200,1.01254480287
103489,103496,104056,7,560,2,7200,1.0125
103504,103511,104046,7,535,2,7200,1.01308411215
103519,103526,104070,7,544,2,7200,1.01286764706
103535,103541,104112,6,571,2,7200,1.01050788091
103537,103547,104091,10,544,2,7200,1.01838235294
103538,103553,104116,15,563,2,7200,1.02664298401
103539,103558,104123,19,565,2,7200,1.03362831858
103555,103565,104116,10,551,2,7200,1.01814882033
103557,103570,104114,13,544,2,7200,1.02389705882
103581,103588,104154,7,566,2,7200,1.01236749117
103603,103610,104135,7,525,2,7200,1.01333333333
103604,103617,104150,13,533,2,7200,1.0243902439
103629,103635,104203,6,568,2,7200,1.01056338028
103647,103654,104214,7,560,2,7200,1.0125
103663,103669,104151,6,482,2,7200,1.01244813278
103665,103677,104235,12,558,2,7200,1.02150537634
103678,103684,104062,6,378,1,1800,1.01587301587
103681,103691,104208,10,517,2,7200,1.01934235977
103682,103696,104201,14,505,2,7200,1.02772277228
103683,103701,104264,18,563,2,7200,1.03197158082
103685,103708,104264,23,556,2,7200,1.04136690647
103700,103713,104281,13,568,2,7200,1.02288732394
103716,103722,104253,6,531,2,7200,1.01129943503
103737,103743,104287,6,544,2,7200,1.01102941176
103768,103774,104345,6,571,2,7200,1.01050788091
103789,103795,104352,6,557,2,7200,1.01077199282
103804,103810,104351,6,541,2,7200,1.01109057301
103826,103832,104401,6,569,2,7200,1.01054481547
103841,103847,104382,6,535,2,7200,1.01121495327
103843,103854,104396,11,542,2,7200,1.02029520295
103844,103859,104357,15,498,2,7200,1.03012048193
103859,103865,104366,6,501,2,7200,1.0119760479
103896,103902,104457,6,555,2,7200,1.01081081081
103948,103954,104517,6,563,2,7200,1.01065719361
103963,103970,104520,7,550,2,7200,1.01272727273
103988,103994,104535,6,541,2,7200,1.01109057301
104003,104010,104535,7,525,2,7200,1.01333333333
104004,104016,104574,12,558,2,7200,1.02150537634
104022,104029,104576,7,547,2,7200,1.01279707495
104038,104044,104583,6,539,2,7200,1.01113172542
104040,104052,104597,12,545,2,7200,1.02201834862
104055,104061,104595,6,534,2,7200,1.01123595506
104071,104077,104625,6,548,2,7200,1.01094890511
104072,104084,104630,12,546,2,7200,1.02197802198
104094,104101,104659,7,558,2,7200,1.01254480287
104116,104123,104482,7,359,2,7200,1.01949860724
104117,104130,104637,13,507,2,7200,1.02564102564
104119,104135,104703,16,568,2,7200,1.02816901408
104135,104142,104679,7,537,2,7200,1.01303538175
104136,104149,104601,13,452,2,7200,1.02876106195
104152,104159,104719,7,560,2,7200,1.0125
104153,104166,104739,13,573,2,7200,1.02268760908
104155,104171,104731,16,560,2,7200,1.02857142857
104170,104178,104732,8,554,2,7200,1.01444043321
104204,104210,104785,6,575,2,7200,1.01043478261
104205,104217,104757,12,540,2,7200,1.02222222222
104221,104227,104793,6,566,2,7200,1.01060070671
104222,104233,104789,11,556,2,7200,1.01978417266
104237,104244,104808,7,564,2,7200,1.01241134752
104256,104262,104828,6,566,2,7200,1.01060070671
104271,104278,104826,7,548,2,7200,1.01277372263
104273,104284,104842,11,558,2,7200,1.01971326165
104288,104295,104874,7,579,2,7200,1.01208981002
104289,104302,104851,13,549,2,7200,1.02367941712
104348,104355,104912,7,557,2,7200,1.01256732496
104363,104370,104911,7,541,2,7200,1.01293900185
104365,104376,104897,11,521,2,7200,1.02111324376
104366,104382,104931,16,549,2,7200,1.029143898
104381,104388,104903,7,515,2,7200,1.01359223301
104396,104403,104984,7,581,2,7200,1.01204819277
104398,104410,104971,12,561,2,7200,1.02139037433
104413,104419,104958,6,539,2,7200,1.01113172542
104459,104465,105028,6,563,2,7200,1.01065719361
104483,104490,105023,7,533,2,7200,1.01313320826
104520,104526,105075,6,549,2,7200,1.01092896175
104521,104533,105047,12,514,2,7200,1.0233463035
104537,104543,105080,6,537,2,7200,1.01117318436
104538,104550,105090,12,540,2,7200,1.02222222222
104575,104582,105126,7,544,2,7200,1.01286764706
104591,104597,105158,6,561,2,7200,1.01069518717
104592,104603,105163,11,560,2,7200,1.01964285714
104608,104615,105166,7,551,2,7200,1.01270417423
104609,104621,105169,12,548,2,7200,1.02189781022
104611,104627,105194,16,567,2,7200,1.02821869489
104629,104636,105181,7,545,2,7200,1.0128440367
104645,104652,105214,7,562,2,7200,1.01245551601
104646,104659,105202,13,543,2,7200,1.02394106814
104661,104667,105219,6,552,2,7200,1.01086956522
104680,104686,105238,6,552,2,7200,1.01086956522
104707,104714,105272,7,558,2,7200,1.01254480287
104722,104729,105290,7,561,2,7200,1.01247771836
104738,104744,105288,6,544,2,7200,1.01102941176
104739,104751,105333,12,582,2,7200,1.0206185567
104754,104760,105313,6,553,2,7200,1.01084990958
104769,104775,105275,6,500,2,7200,1.012
104788,104795,105329,7,534,2,7200,1.01310861423
104789,104802,105315,13,513,2,7200,1.0253411306
104805,104812,105364,7,552,2,7200,1.01268115942
104820,104826,105392,6,566,2,7200,1.01060070671
104835,104841,105363,6,522,2,7200,1.01149425287
104836,104848,105398,12,550,2,7200,1.02181818182
104852,104859,105412,7,553,2,7200,1.01265822785
104853,104866,105428,13,562,2,7200,1.0231316726
104875,104881,105434,6,553,2,7200,1.01084990958
104899,104905,105390,6,485,2,7200,1.01237113402
104915,104921,105479,6,558,2,7200,1.01075268817
104916,104928,105464,12,536,2,7200,1.0223880597
104917,104933,105471,16,538,2,7200,1.02973977695
104933,104939,105497,6,558,2,7200,1.01075268817
104960,104966,105471,6,505,2,7200,1.01188118812
104975,104982,105500,7,518,2,7200,1.01351351351
104990,104996,105573,6,577,2,7200,1.01039861352
105024,105031,105526,7,495,2,7200,1.01414141414
105039,105046,105609,7,563,2,7200,1.01243339254
105054,105060,105565,6,505,2,7200,1.01188118812
105079,105086,105600,7,514,2,7200,1.01361867704
105094,105101,105570,7,469,2,7200,1.01492537313
105096,105107,105651,11,544,2,7200,1.02022058824
105129,105136,105696,7,560,2,7200,1.0125
105160,105166,105712,6,546,2,7200,1.01098901099
105175,105182,105723,7,541,2,7200,1.01293900185
105177,105189,105743,12,554,2,7200,1.02166064982
105178,105194,105763,16,569,2,7200,1.02811950791
105193,105202,105768,9,566,2,7200,1.01590106007
105209,105215,105759,6,544,2,7200,1.01102941176
105210,105222,105757,12,535,2,7200,1.02242990654
105225,105231,105804,6,573,2,7200,1.01047120419
105227,105239,105794,12,555,2,7200,1.02162162162
105227,105244,105287,17,43,1,1800,1.39534883721
105242,105251,105799,9,548,2,7200,1.01642335766
105273,105280,105834,7,554,2,7200,1.01263537906
105288,105294,105836,6,542,2,7200,1.0110701107
105290,105302,105849,12,547,2,7200,1.02193784278
105305,105311,105875,6,564,2,7200,1.01063829787
105321,105328,105876,7,548,2,7200,1.01277372263
105322,105335,105832,13,497,2,7200,1.02615694165
105338,105344,105873,6,529,2,7200,1.01134215501
105339,105351,105907,12,556,2,7200,1.02158273381
105364,105370,105867,6,497,2,7200,1.01207243461
105379,105385,105896,6,511,2,7200,1.01174168297
105394,105401,105941,7,540,2,7200,1.01296296296
105396,105408,105945,12,537,2,7200,1.02234636872
105411,105417,105969,6,552,2,7200,1.01086956522
105426,105433,105993,7,560,2,7200,1.0125
105442,105448,106026,6,578,2,7200,1.01038062284
105443,105455,106022,12,567,2,7200,1.02116402116
105467,105474,106029,7,555,2,7200,1.01261261261
105483,105490,106012,7,522,2,7200,1.01340996169
105485,105497,105999,12,502,2,7200,1.02390438247
105486,105502,106002,16,500,2,7200,1.032
105501,105508,106076,7,568,2,7200,1.01232394366
105503,105514,106035,11,521,2,7200,1.02111324376
105527,105534,106075,7,541,2,7200,1.01293900185
105536,105542,105623,6,81,1,1800,1.07407407407
105567,105573,106136,6,563,2,7200,1.01065719361
105582,105590,106143,8,553,2,7200,1.01446654611
105584,105597,106144,13,547,2,7200,1.02376599634
105602,105608,106090,6,482,2,7200,1.01244813278
105617,105625,106198,8,573,2,7200,1.01396160558
105654,105662,106229,8,567,2,7200,1.01410934744
105697,105705,106274,8,569,2,7200,1.01405975395
105713,105720,106247,7,527,2,7200,1.01328273245
105728,105734,106290,6,556,2,7200,1.01079136691
105746,105752,106302,6,550,2,7200,1.01090909091
105761,105767,106328,6,561,2,7200,1.01069518717
105763,105774,106302,11,528,2,7200,1.02083333333
105778,105784,106349,6,565,2,7200,1.01061946903
105779,105790,106361,11,571,2,7200,1.01926444834
105798,105804,106371,6,567,2,7200,1.01058201058
105813,105819,106378,6,559,2,7200,1.01073345259
105815,105827,106368,12,541,2,7200,1.02218114603
105833,105839,106404,6,565,2,7200,1.01061946903
105848,105855,106398,7,543,2,7200,1.01289134438
105850,105862,106433,12,571,2,7200,1.02101576182
105865,105872,106420,7,548,2,7200,1.01277372263
105881,105888,106444,7,556,2,7200,1.01258992806
105882,105894,106443,12,549,2,7200,1.0218579235
105884,105900,106432,16,532,2,7200,1.03007518797
105885,105905,106451,20,546,2,7200,1.03663003663
105900,105912,106456,12,544,2,7200,1.02205882353
105916,105922,106472,6,550,2,7200,1.01090909091
105943,105949,106493,6,544,2,7200,1.01102941176
105958,105964,106545,6,581,2,7200,1.01032702238
105973,105979,106531,6,552,2,7200,1.01086956522
105994,106002,106462,8,460,2,7200,1.01739130435
106010,106016,106525,6,509,2,7200,1.01178781925
106011,106022,106585,11,563,2,7200,1.01953818828
106027,106034,106591,7,557,2,7200,1.01256732496
106029,106040,106592,11,552,2,7200,1.01992753623
106030,106045,106578,15,533,2,7200,1.02814258912
106045,106052,106610,7,558,2,7200,1.01254480287
106047,106058,106579,11,521,2,7200,1.02111324376
106078,106085,106613,7,528,2,7200,1.01325757576
106079,106092,106590,13,498,2,7200,1.02610441767
106094,106100,106660,6,560,2,7200,1.01071428571
106137,106143,106643,6,500,2,7200,1.012
106152,106159,106740,7,581,2,7200,1.01204819277
106154,106166,106715,12,549,2,7200,1.0218579235
106199,106206,106753,7,547,2,7200,1.01279707495
106230,106237,106745,7,508,2,7200,1.01377952756
106249,106256,106802,7,546,2,7200,1.01282051282
106259,106265,106511,6,246,1,1800,1.0243902439
106276,106283,106827,7,544,2,7200,1.01286764706
106291,106299,106855,8,556,2,7200,1.01438848921
106307,106314,106880,7,566,2,7200,1.01236749117
106308,106321,106807,13,486,2,7200,1.02674897119
106330,106337,106907,7,570,2,7200,1.01228070175
106351,106357,106921,6,564,2,7200,1.01063829787
106366,106372,106917,6,545,2,7200,1.01100917431
106382,106389,106914,7,525,2,7200,1.01333333333
106383,106395,106944,12,549,2,7200,1.0218579235
106384,106401,106975,17,574,2,7200,1.02961672474
106400,106407,106964,7,557,2,7200,1.01256732496
106401,106413,106956,12,543,2,7200,1.02209944751
106423,106429,106969,6,540,2,7200,1.01111111111
106438,106445,107003,7,558,2,7200,1.01254480287
106440,106452,107002,12,550,2,7200,1.02181818182
106441,106457,107008,16,551,2,7200,1.02903811252
106457,106464,106982,7,518,2,7200,1.01351351351
106459,106471,106991,12,520,2,7200,1.02307692308
106460,106476,107021,16,545,2,7200,1.02935779817
106476,106483,107041,7,558,2,7200,1.01254480287
106477,106490,107016,13,526,2,7200,1.0247148289
106495,106502,107034,7,532,2,7200,1.01315789474
106527,106533,107095,6,562,2,7200,1.01067615658
106542,106549,107094,7,545,2,7200,1.0128440367
106557,106563,107109,6,546,2,7200,1.01098901099
106579,106586,107126,7,540,2,7200,1.01296296296
106595,106601,107133,6,532,2,7200,1.01127819549
106597,106608,107164,11,556,2,7200,1.01978417266
106598,106614,107142,16,528,2,7200,1.0303030303
106599,106619,107155,20,536,2,7200,1.03731343284
106601,106625,107163,24,538,2,7200,1.04460966543
106617,106632,107204,15,572,2,7200,1.02622377622
106618,106637,107178,19,541,2,7200,1.03512014787
106646,106652,107222,6,570,2,7200,1.01052631579
106661,106668,107227,7,559,2,7200,1.01252236136
106716,106722,107277,6,555,2,7200,1.01081081081
106744,106751,107334,7,583,2,7200,1.01200686106
106759,106766,107297,7,531,2,7200,1.0131826742
106761,106773,107290,12,517,2,7200,1.02321083172
106804,106810,107365,6,555,2,7200,1.01081081081
106819,106827,107374,8,547,2,7200,1.01462522852
106835,106842,107394,7,552,2,7200,1.01268115942
106859,106865,107427,6,562,2,7200,1.01067615658
106884,106890,107451,6,561,2,7200,1.01069518717
106908,106914,107463,6,549,2,7200,1.01092896175
106924,106930,107475,6,545,2,7200,1.01100917431
106925,106937,107474,12,537,2,7200,1.02234636872
106927,106942,107492,15,550,2,7200,1.02727272727
106945,106952,107519,7,567,2,7200,1.01234567901
106960,106967,107511,7,544,2,7200,1.01286764706
106976,106982,107537,6,555,2,7200,1.01081081081
106977,106989,107540,12,551,2,7200,1.02177858439
106979,106994,107558,15,564,2,7200,1.02659574468
106994,107000,107567,6,567,2,7200,1.01058201058
106996,107007,107513,11,506,2,7200,1.02173913043
107011,107018,107573,7,555,2,7200,1.01261261261
107013,107025,107597,12,572,2,7200,1.02097902098
107014,107030,107560,16,530,2,7200,1.03018867925
107030,107037,107562,7,525,2,7200,1.01333333333
107031,107043,107618,12,575,2,7200,1.02086956522
107047,107053,107588,6,535,2,7200,1.01121495327
107048,107059,107616,11,557,2,7200,1.0197486535
107097,107104,107672,7,568,2,7200,1.01232394366
107099,107111,107638,12,527,2,7200,1.02277039848
107114,107120,107659,6,539,2,7200,1.01113172542
107129,107137,107693,8,556,2,7200,1.01438848921
107145,107152,107696,7,544,2,7200,1.01286764706
107146,107159,107618,13,459,2,7200,1.02832244009
107162,107168,107663,6,495,2,7200,1.01212121212
107177,107184,107702,7,518,2,7200,1.01351351351
107179,107191,107743,12,552,2,7200,1.02173913043
107194,107201,107751,7,550,2,7200,1.01272727273
107209,107215,107717,6,502,2,7200,1.01195219124
107225,107232,107782,7,550,2,7200,1.01272727273
107240,107246,107772,6,526,2,7200,1.01140684411
107279,107287,107833,8,546,2,7200,1.01465201465
107295,107301,107868,6,567,2,7200,1.01058201058
107310,107316,107875,6,559,2,7200,1.01073345259
107338,107344,107914,6,570,2,7200,1.01052631579
107368,107375,107933,7,558,2,7200,1.01254480287
107383,107391,107928,8,537,2,7200,1.01489757914
107399,107405,107922,6,517,2,7200,1.01160541586
107429,107436,107963,7,527,2,7200,1.01328273245
107454,107460,107984,6,524,2,7200,1.01145038168
107469,107476,108004,7,528,2,7200,1.01325757576
107484,107491,108034,7,543,2,7200,1.01289134438
107486,107497,108038,11,541,2,7200,1.02033271719
107501,107507,108060,6,553,2,7200,1.01084990958
107517,107524,108047,7,523,2,7200,1.01338432122
107518,107530,108103,12,573,2,7200,1.02094240838
107533,107540,108114,7,574,2,7200,1.01219512195
107549,107556,108107,7,551,2,7200,1.01270417423
107550,107562,108068,12,506,2,7200,1.02371541502
107566,107572,108144,6,572,2,7200,1.01048951049
107568,107579,108148,11,569,2,7200,1.01933216169
107569,107584,108152,15,568,2,7200,1.0264084507
107584,107591,108153,7,562,2,7200,1.01245551601
107586,107598,108106,12,508,2,7200,1.02362204724
107601,107608,108121,7,513,2,7200,1.01364522417
107603,107615,108168,12,553,2,7200,1.02169981917
107618,107625,108145,7,520,2,7200,1.01346153846
107620,107632,108198,12,566,2,7200,1.02120141343
107621,107637,108186,16,549,2,7200,1.029143898
107640,107647,108210,7,563,2,7200,1.01243339254
107662,107668,108220,6,552,2,7200,1.01086956522
107677,107683,108243,6,560,2,7200,1.01071428571
107678,107690,108179,12,489,2,7200,1.0245398773
107697,107703,108236,6,533,2,7200,1.01125703565
107698,107710,108261,12,551,2,7200,1.02177858439
107713,107721,108291,8,570,2,7200,1.01403508772
107729,107735,108274,6,539,2,7200,1.01113172542
107747,107753,108310,6,557,2,7200,1.01077199282
107762,107768,108332,6,564,2,7200,1.01063829787
107777,107783,108335,6,552,2,7200,1.01086956522
107793,107799,108356,6,557,2,7200,1.01077199282
107835,107843,108380,8,537,2,7200,1.01489757914
107872,107878,108443,6,565,2,7200,1.01061946903
107887,107894,108455,7,561,2,7200,1.01247771836
107915,107922,108477,7,555,2,7200,1.01261261261
107930,107936,108500,6,564,2,7200,1.01063829787
107932,107944,108463,12,519,2,7200,1.02312138728
107947,107953,108520,6,567,2,7200,1.01058201058
107965,107972,108542,7,570,2,7200,1.01228070175
107987,107994,108552,7,558,2,7200,1.01254480287
108005,108012,108560,7,548,2,7200,1.01277372263
108036,108042,108594,6,552,2,7200,1.01086956522
108051,108057,108604,6,547,2,7200,1.01096892139
108053,108065,108598,12,533,2,7200,1.02251407129
108068,108074,108633,6,559,2,7200,1.01073345259
108070,108081,108636,11,555,2,7200,1.01981981982
108107,108114,108668,7,554,2,7200,1.01263537906
108108,108121,108679,13,558,2,7200,1.02329749104
108109,108126,108686,17,560,2,7200,1.03035714286
108125,108133,108699,8,566,2,7200,1.01413427562
108126,108138,108682,12,544,2,7200,1.02205882353
108148,108155,108707,7,552,2,7200,1.01268115942
108150,108162,108711,12,549,2,7200,1.0218579235
108151,108167,108717,16,550,2,7200,1.02909090909
108167,108174,108696,7,522,2,7200,1.01340996169
108168,108180,108747,12,567,2,7200,1.02116402116
108184,108190,108713,6,523,2,7200,1.01147227533
108185,108197,108753,12,556,2,7200,1.02158273381
108201,108208,108717,7,509,2,7200,1.0137524558
108202,108215,108758,13,543,2,7200,1.02394106814
108217,108223,108672,6,449,2,7200,1.01336302895
108232,108240,108763,8,523,2,7200,1.01529636711
108248,108254,108767,6,513,2,7200,1.01169590643
108249,108261,108794,12,533,2,7200,1.02251407129
108264,108272,108807,8,535,2,7200,1.01495327103
108280,108287,108850,7,563,2,7200,1.01243339254
108295,108302,108867,7,565,2,7200,1.01238938053
108313,108319,108886,6,567,2,7200,1.01058201058
108335,108341,108883,6,542,2,7200,1.0110701107
108350,108356,108869,6,513,2,7200,1.01169590643
108365,108371,108929,6,558,2,7200,1.01075268817
108383,108391,108950,8,559,2,7200,1.01431127013
108445,108451,108996,6,545,2,7200,1.01100917431
108460,108466,109040,6,574,2,7200,1.01045296167
108475,108482,109027,7,545,2,7200,1.0128440367
108490,108496,109048,6,552,2,7200,1.01086956522
108505,108511,109032,6,521,2,7200,1.01151631478
108524,108530,109072,6,542,2,7200,1.0110701107
108545,108551,109098,6,547,2,7200,1.01096892139
108561,108568,109100,7,532,2,7200,1.01315789474
108562,108575,109146,13,571,2,7200,1.02276707531
108596,108602,109175,6,573,2,7200,1.01047120419
108611,108617,109175,6,558,2,7200,1.01075268817
108613,108624,109181,11,557,2,7200,1.0197486535
108634,108640,109191,6,551,2,7200,1.0108892922
108649,108656,109209,7,553,2,7200,1.01265822785
108671,108677,109226,6,549,2,7200,1.01092896175
108672,108684,109231,12,547,2,7200,1.02193784278
108688,108695,109236,7,541,2,7200,1.01293900185
108690,108702,109184,12,482,2,7200,1.02489626556
108691,108707,109264,16,557,2,7200,1.02872531418
108707,108714,109260,7,546,2,7200,1.01282051282
108708,108721,109294,13,573,2,7200,1.02268760908
108710,108726,109291,16,565,2,7200,1.02831858407
108725,108733,109266,8,533,2,7200,1.01500938086
108727,108740,109279,13,539,2,7200,1.0241187384
108728,108745,109276,17,531,2,7200,1.03201506591
108730,108750,109318,20,568,2,7200,1.03521126761
108748,108757,109332,9,575,2,7200,1.01565217391
108764,108770,109316,6,546,2,7200,1.01098901099
108765,108777,109325,12,548,2,7200,1.02189781022
108766,108782,109298,16,516,2,7200,1.03100775194
108782,108789,109341,7,552,2,7200,1.01268115942
108797,108803,109362,6,559,2,7200,1.01073345259
108812,108818,109364,6,546,2,7200,1.01098901099
108852,108859,109429,7,570,2,7200,1.01228070175
108870,108877,109403,7,526,2,7200,1.01330798479
108872,108884,109448,12,564,2,7200,1.02127659574
108887,108893,109415,6,522,2,7200,1.01149425287
108889,108900,109470,11,570,2,7200,1.01929824561
108932,108938,109461,6,523,2,7200,1.01147227533
108953,108960,109518,7,558,2,7200,1.01254480287
108999,109005,109551,6,546,2,7200,1.01098901099
109029,109035,109555,6,520,2,7200,1.01153846154
109044,109051,109615,7,564,2,7200,1.01241134752
109046,109058,109603,12,545,2,7200,1.02201834862
109061,109067,109633,6,566,2,7200,1.01060070671
109077,109083,109592,6,509,2,7200,1.01178781925
109101,109107,109674,6,567,2,7200,1.01058201058
109103,109114,109676,11,562,2,7200,1.01957295374
109148,109155,109717,7,562,2,7200,1.01245551601
109176,109182,109726,6,544,2,7200,1.01102941176
109178,109189,109745,11,556,2,7200,1.01978417266
109193,109199,109733,6,534,2,7200,1.01123595506
109195,109206,109770,11,564,2,7200,1.0195035461
109196,109212,109763,16,551,2,7200,1.02903811252
109211,109218,109802,7,584,2,7200,1.01198630137
109229,109236,109796,7,560,2,7200,1.0125
109245,109251,109800,6,549,2,7200,1.01092896175
109246,109258,109763,12,505,2,7200,1.02376237624
109261,109267,109832,6,565,2,7200,1.01061946903
109277,109284,109844,7,560,2,7200,1.0125
109278,109290,109831,12,541,2,7200,1.02218114603
109280,109295,109863,15,568,2,7200,1.0264084507
109295,109302,109871,7,569,2,7200,1.01230228471
109297,109309,109824,12,515,2,7200,1.02330097087
109298,109314,109856,16,542,2,7200,1.0295202952
109313,109321,109881,8,560,2,7200,1.01428571429
109329,109335,109775,6,440,2,7200,1.01363636364
109330,109342,109907,12,565,2,7200,1.02123893805
109332,109347,109932,15,585,2,7200,1.02564102564
109347,109353,109916,6,563,2,7200,1.01065719361
109349,109360,109908,11,548,2,7200,1.0200729927
109364,109370,109921,6,551,2,7200,1.0108892922
109379,109386,109949,7,563,2,7200,1.01243339254
109404,109410,109913,6,503,2,7200,1.01192842942
109419,109425,109978,6,553,2,7200,1.01084990958
109434,109441,109999,7,558,2,7200,1.01254480287
109450,109456,109992,6,536,2,7200,1.01119402985
109465,109471,110028,6,557,2,7200,1.01077199282
109480,109486,110031,6,545,2,7200,1.01100917431
109520,109526,110066,6,540,2,7200,1.01111111111
109554,109560,110107,6,547,2,7200,1.01096892139
109569,109576,110121,7,545,2,7200,1.0128440367
109593,109600,110141,7,541,2,7200,1.01293900185
109609,109615,110179,6,564,2,7200,1.01063829787
109624,109630,110178,6,548,2,7200,1.01094890511
109639,109646,110182,7,536,2,7200,1.01305970149
109676,109683,110187,7,504,2,7200,1.01388888889
109691,109697,110232,6,535,2,7200,1.01121495327
109718,109726,110267,8,541,2,7200,1.01478743068
109734,109740,110295,6,555,2,7200,1.01081081081
109735,109747,110254,12,507,2,7200,1.02366863905
109751,109757,110338,6,581,2,7200,1.01032702238
109766,109773,110325,7,552,2,7200,1.01268115942
109768,109780,110314,12,534,2,7200,1.02247191011
109783,109789,110324,6,535,2,7200,1.01121495327
109784,109796,110338,12,542,2,7200,1.0221402214
109800,109807,110370,7,563,2,7200,1.01243339254
109815,109821,110369,6,548,2,7200,1.01094890511
109817,109828,110394,11,566,2,7200,1.01943462898
109832,109839,110374,7,535,2,7200,1.01308411215
109834,109846,110389,12,543,2,7200,1.02209944751
109835,109851,110412,16,561,2,7200,1.02852049911
109851,109858,110412,7,554,2,7200,1.01263537906
109866,109872,110430,6,558,2,7200,1.01075268817
109867,109879,110425,12,546,2,7200,1.02197802198
109883,109890,110449,7,559,2,7200,1.01252236136
109884,109896,110434,12,538,2,7200,1.02230483271
109909,109916,110484,7,568,2,7200,1.01232394366
109911,109923,110487,12,564,2,7200,1.02127659574
109926,109933,110396,7,463,2,7200,1.0151187905
109928,109939,110486,11,547,2,7200,1.02010968921
109929,109945,110488,16,543,2,7200,1.02946593002
109944,109952,110527,8,575,2,7200,1.01391304348
109960,109966,110518,6,552,2,7200,1.01086956522
109978,109984,110550,6,566,2,7200,1.01060070671
109994,110001,110482,7,481,2,7200,1.01455301455
110009,110015,110547,6,532,2,7200,1.01127819549
110027,110034,110554,7,520,2,7200,1.01346153846
110042,110049,110595,7,546,2,7200,1.01282051282
110067,110074,110631,7,557,2,7200,1.01256732496
110108,110114,110626,6,512,2,7200,1.01171875
110123,110130,110487,7,357,2,7200,1.01960784314
110144,110152,110712,8,560,2,7200,1.01428571429
110182,110188,110762,6,574,2,7200,1.01045296167
110183,110195,110747,12,552,2,7200,1.02173913043
110184,110200,110767,16,567,2,7200,1.02821869489
110200,110207,110757,7,550,2,7200,1.01272727273
110233,110241,110763,8,522,2,7200,1.0153256705
110258,110265,110810,7,545,2,7200,1.0128440367
110273,110279,110857,6,578,2,7200,1.01038062284
110298,110304,110827,6,523,2,7200,1.01147227533
110316,110323,110879,7,556,2,7200,1.01258992806
110332,110338,110868,6,530,2,7200,1.01132075472
110333,110346,110897,13,551,2,7200,1.02359346642
110349,110355,110883,6,528,2,7200,1.01136363636
110350,110362,110901,12,539,2,7200,1.02226345083
110365,110372,110943,7,571,2,7200,1.0122591944
110381,110388,110933,7,545,2,7200,1.0128440367
110382,110395,110951,13,556,2,7200,1.02338129496
110398,110405,110939,7,534,2,7200,1.01310861423
110400,110412,110968,12,556,2,7200,1.02158273381
110401,110417,110979,16,562,2,7200,1.02846975089
110416,110424,110983,8,559,2,7200,1.01431127013
110418,110431,110965,13,534,2,7200,1.02434456929
110434,110441,110981,7,540,2,7200,1.01296296296
110435,110448,111012,13,564,2,7200,1.02304964539
110451,110457,110984,6,527,2,7200,1.01138519924
110452,110464,111011,12,547,2,7200,1.02193784278
110483,110490,110995,7,505,2,7200,1.01386138614
110499,110506,111023,7,517,2,7200,1.01353965184
110500,110513,111083,13,570,2,7200,1.02280701754
110502,110518,111039,16,521,2,7200,1.03071017274
110503,110523,111069,20,546,2,7200,1.03663003663
110505,110529,111089,24,560,2,7200,1.04285714286
110520,110536,111103,16,567,2,7200,1.02821869489
110535,110543,111106,8,563,2,7200,1.01420959147
110551,110558,111105,7,547,2,7200,1.01279707495
110552,110565,111123,13,558,2,7200,1.02329749104
110567,110575,111135,8,560,2,7200,1.01428571429
110598,110604,111152,6,548,2,7200,1.01094890511
110629,110636,111204,7,568,2,7200,1.01232394366
110644,110650,111207,6,557,2,7200,1.01077199282
110714,110720,111278,6,558,2,7200,1.01075268817
110751,110757,111285,6,528,2,7200,1.01136363636
110767,110773,111302,6,529,2,7200,1.01134215501
110769,110780,111347,11,567,2,7200,1.01940035273
110770,110785,111310,15,525,2,7200,1.02857142857
110771,110791,111358,20,567,2,7200,1.03527336861
110811,110819,111396,8,577,2,7200,1.01386481802
110830,110836,111394,6,558,2,7200,1.01075268817
110860,110867,111407,7,540,2,7200,1.01296296296
110875,110883,111424,8,541,2,7200,1.01478743068
110891,110898,111355,7,457,2,7200,1.01531728665
110892,110905,111452,13,547,2,7200,1.02376599634
110908,110914,111398,6,484,2,7200,1.01239669421
110909,110920,111413,11,493,2,7200,1.02231237323
110934,110940,111511,6,571,2,7200,1.01050788091
110949,110955,111494,6,539,2,7200,1.01113172542
110951,110962,111500,11,538,2,7200,1.02044609665
110966,110973,111533,7,560,2,7200,1.0125
110967,110980,111480,13,500,2,7200,1.026
110984,110991,111544,7,553,2,7200,1.01265822785
110985,110998,111573,13,575,2,7200,1.02260869565
110986,111003,111565,17,562,2,7200,1.03024911032
110988,111009,111542,21,533,2,7200,1.03939962477
111003,111016,111565,13,549,2,7200,1.02367941712
111005,111021,111587,16,566,2,7200,1.02826855124
111020,111028,111562,8,534,2,7200,1.01498127341
111022,111033,111559,11,526,2,7200,1.02091254753
111037,111043,111569,6,526,2,7200,1.01140684411
111052,111058,111604,6,546,2,7200,1.01098901099
111071,111078,111633,7,555,2,7200,1.01261261261
111086,111092,111624,6,532,2,7200,1.01127819549
111101,111108,111641,7,533,2,7200,1.01313320826
111117,111124,111664,7,540,2,7200,1.01296296296
111118,111131,111672,13,541,2,7200,1.02402957486
111119,111136,111692,17,556,2,7200,1.03057553957
111135,111143,111691,8,548,2,7200,1.01459854015
111150,111156,111706,6,550,2,7200,1.01090909091
111166,111173,111712,7,539,2,7200,1.01298701299
111205,111212,111757,7,545,2,7200,1.0128440367
111221,111228,111770,7,542,2,7200,1.01291512915
111282,111288,111849,6,561,2,7200,1.01069518717
111297,111303,111847,6,544,2,7200,1.01102941176
111312,111318,111905,6,587,2,7200,1.01022146508
111314,111325,111841,11,516,2,7200,1.02131782946
111350,111358,111916,8,558,2,7200,1.01433691756
111366,111372,111864,6,492,2,7200,1.01219512195
111367,111378,111941,11,563,2,7200,1.01953818828
111395,111402,111926,7,524,2,7200,1.01335877863
111411,111417,111991,6,574,2,7200,1.01045296167
111412,111424,111963,12,539,2,7200,1.02226345083
111414,111429,111955,15,526,2,7200,1.02851711027
111429,111436,111964,7,528,2,7200,1.01325757576
111431,111442,111980,11,538,2,7200,1.02044609665
111455,111462,111991,7,529,2,7200,1.01323251418
111483,111490,112054,7,564,2,7200,1.01241134752
111498,111505,112054,7,549,2,7200,1.01275045537
111514,111521,112070,7,549,2,7200,1.01275045537
111515,111527,112090,12,563,2,7200,1.02131438721
111537,111543,112110,6,567,2,7200,1.01058201058
111552,111558,112103,6,545,2,7200,1.01100917431
111553,111565,112134,12,569,2,7200,1.02108963093
111569,111576,112158,7,582,2,7200,1.01202749141
111571,111583,112114,12,531,2,7200,1.02259887006
111572,111588,112121,16,533,2,7200,1.03001876173
111573,111593,112124,20,531,2,7200,1.03766478343
111575,111599,112131,24,532,2,7200,1.04511278195
111591,111606,112174,15,568,2,7200,1.0264084507
111592,111611,112164,19,553,2,7200,1.03435804702
111608,111618,112170,10,552,2,7200,1.01811594203
111627,111634,112142,7,508,2,7200,1.01377952756
111642,111648,112184,6,536,2,7200,1.01119402985
111644,111656,112227,12,571,2,7200,1.02101576182
111668,111675,112229,7,554,2,7200,1.01263537906
111683,111690,112259,7,569,2,7200,1.01230228471
111699,111706,112258,7,552,2,7200,1.01268115942
111700,111713,112236,13,523,2,7200,1.02485659656
111716,111723,112291,7,568,2,7200,1.01232394366
111717,111729,112273,12,544,2,7200,1.02205882353
111760,111766,112307,6,541,2,7200,1.01109057301
111775,111782,112342,7,560,2,7200,1.0125
111843,111849,112403,6,554,2,7200,1.01083032491
111858,111865,112428,7,563,2,7200,1.01243339254
111860,111872,112439,12,567,2,7200,1.02116402116
111875,111881,112415,6,534,2,7200,1.01123595506
111906,111913,112470,7,557,2,7200,1.01256732496
111921,111927,112475,6,548,2,7200,1.01094890511
111936,111943,112443,7,500,2,7200,1.014
111952,111958,112506,6,548,2,7200,1.01094890511
111967,111973,112512,6,539,2,7200,1.01113172542
111969,111981,112505,12,524,2,7200,1.02290076336
111970,111986,112548,16,562,2,7200,1.02846975089
111985,111993,112528,8,535,2,7200,1.01495327103
112000,112007,112565,7,558,2,7200,1.01254480287
112002,112014,112581,12,567,2,7200,1.02116402116
112057,112064,112527,7,463,2,7200,1.0151187905
112058,112070,112611,12,541,2,7200,1.02218114603
112074,112080,112628,6,548,2,7200,1.01094890511
112092,112098,112659,6,561,2,7200,1.01069518717
112107,112113,112645,6,532,2,7200,1.01127819549
112123,112129,112660,6,531,2,7200,1.01129943503
112124,112136,112666,12,530,2,7200,1.02264150943
112126,112141,112717,15,576,2,7200,1.02604166667
112141,112148,112697,7,549,2,7200,1.01275045537
112143,112155,112687,12,532,2,7200,1.02255639098
112144,112160,112691,16,531,2,7200,1.03013182674
112160,112167,112713,7,546,2,7200,1.01282051282
112161,112174,112687,13,513,2,7200,1.0253411306
112177,112184,112721,7,537,2,7200,1.01303538175
112179,112191,112759,12,568,2,7200,1.02112676056
112180,112196,112733,16,537,2,7200,1.02979515829
112195,112203,112776,8,573,2,7200,1.01396160558
112229,112235,112779,6,544,2,7200,1.01102941176
112231,112242,112821,11,579,2,7200,1.01899827288
112246,112252,112808,6,556,2,7200,1.01079136691
112262,112268,112832,6,564,2,7200,1.01063829787
112263,112275,112797,12,522,2,7200,1.02298850575
112279,112284,112814,5,530,2,7200,1.00943396226
112294,112300,112848,6,548,2,7200,1.01094890511
112309,112316,112850,7,534,2,7200,1.01310861423
112346,112353,112874,7,521,2,7200,1.01343570058
112407,112413,112954,6,541,2,7200,1.01109057301
112422,112429,112987,7,558,2,7200,1.01254480287
112438,112445,113003,7,558,2,7200,1.01254480287
112453,112459,112995,6,536,2,7200,1.01119402985
112454,112465,113026,11,561,2,7200,1.01960784314
112473,112479,113029,6,550,2,7200,1.01090909091
112488,112494,113074,6,580,2,7200,1.01034482759
112507,112514,113082,7,568,2,7200,1.01232394366
112508,112521,113102,13,581,2,7200,1.02237521515
112524,112531,113063,7,532,2,7200,1.01315789474
112539,112546,113108,7,562,2,7200,1.01245551601
112541,112552,113118,11,566,2,7200,1.01943462898
112556,112562,113109,6,547,2,7200,1.01096892139
112571,112577,113117,6,540,2,7200,1.01111111111
112587,112593,113147,6,554,2,7200,1.01083032491
112614,112621,113182,7,561,2,7200,1.01247771836
112629,112636,113165,7,529,2,7200,1.01323251418
112648,112654,113204,6,550,2,7200,1.01090909091
112663,112670,113198,7,528,2,7200,1.01325757576
112665,112677,113224,12,547,2,7200,1.02193784278
112680,112686,113226,6,540,2,7200,1.01111111111
112696,112702,113221,6,519,2,7200,1.01156069364
112698,112710,113259,12,549,2,7200,1.0218579235
112699,112715,113253,16,538,2,7200,1.02973977695
112700,112720,113265,20,545,2,7200,1.03669724771
112716,112728,113311,12,583,2,7200,1.02058319039
112732,112744,113314,12,570,2,7200,1.02105263158
112733,112750,113099,17,349,2,7200,1.04871060172
112733,112738,125445,5,12707,4,12600,1.00039348391
112748,112757,113300,9,543,2,7200,1.01657458564
112764,112771,113313,7,542,2,7200,1.01291512915
112779,112786,113333,7,547,2,7200,1.01279707495
112781,112793,113372,12,579,2,7200,1.0207253886
112799,112806,113344,7,538,2,7200,1.01301115242
112815,112822,113393,7,571,2,7200,1.0122591944
112816,112829,113398,13,569,2,7200,1.02284710018
112832,112838,113396,6,558,2,7200,1.01075268817
112847,112853,113383,6,530,2,7200,1.01132075472
112862,112868,113383,6,515,2,7200,1.01165048544
112864,112875,113437,11,562,2,7200,1.01957295374
112879,112886,113426,7,540,2,7200,1.01296296296
112956,112963,113528,7,565,2,7200,1.01238938053
112989,112995,113506,6,511,2,7200,1.01174168297
113005,113012,113545,7,533,2,7200,1.01313320826
113006,113019,113583,13,564,2,7200,1.02304964539
113028,113035,113575,7,540,2,7200,1.01296296296
113043,113050,113558,7,508,2,7200,1.01377952756
113065,113071,113622,6,551,2,7200,1.0108892922
113080,113087,113666,7,579,2,7200,1.01208981002
113095,113102,113659,7,557,2,7200,1.01256732496
113111,113117,113680,6,563,2,7200,1.01065719361
113112,113124,113685,12,561,2,7200,1.02139037433
113114,113129,113672,15,543,2,7200,1.02762430939
113115,113135,113683,20,548,2,7200,1.03649635036
113131,113142,113715,11,573,2,7200,1.01919720768
113132,113147,113686,15,539,2,7200,1.02782931354
113148,113155,113728,7,573,2,7200,1.01221640489
113166,113172,113720,6,548,2,7200,1.01094890511
113185,113191,113725,6,534,2,7200,1.01123595506
113200,113206,113716,6,510,2,7200,1.01176470588
113215,113222,113781,7,559,2,7200,1.01252236136
113231,113237,113802,6,565,2,7200,1.01061946903
113232,113243,113715,11,472,2,7200,1.02330508475
113234,113249,113814,15,565,2,7200,1.02654867257
113255,113262,113784,7,522,2,7200,1.01340996169
113271,113278,113833,7,555,2,7200,1.01261261261
113272,113284,113819,12,535,2,7200,1.02242990654
113303,113309,113883,6,574,2,7200,1.01045296167
113319,113325,113900,6,575,2,7200,1.01043478261
113320,113332,113888,12,556,2,7200,1.02158273381
113321,113337,113903,16,566,2,7200,1.02826855124
113336,113343,113905,7,562,2,7200,1.01245551601
113352,113358,113919,6,561,2,7200,1.01069518717
113373,113379,113944,6,565,2,7200,1.01061946903
113389,113396,113974,7,578,2,7200,1.01211072664
113390,113402,113942,12,540,2,7200,1.02222222222
113406,113413,113985,7,572,2,7200,1.01223776224
113408,113420,113962,12,542,2,7200,1.0221402214
113409,113425,113986,16,561,2,7200,1.02852049911
113428,113434,114008,6,574,2,7200,1.01045296167
113443,113449,114003,6,554,2,7200,1.01083032491
113507,113514,114076,7,562,2,7200,1.01245551601
113529,113536,114102,7,566,2,7200,1.01236749117
113547,113553,114124,6,571,2,7200,1.01050788091
113563,113570,114125,7,555,2,7200,1.01261261261
113578,113584,114146,6,562,2,7200,1.01067615658
113593,113599,114104,6,505,2,7200,1.01188118812
113624,113631,114184,7,553,2,7200,1.01265822785
113661,113667,114231,6,564,2,7200,1.01063829787
113676,113683,114204,7,521,2,7200,1.01343570058
113677,113689,114236,12,547,2,7200,1.02193784278
113693,113699,114273,6,574,2,7200,1.01045296167
113695,113705,114255,10,550,2,7200,1.01818181818
113696,113711,114278,15,567,2,7200,1.02645502646
113698,113716,114289,18,573,2,7200,1.03141361257
113716,113723,114293,7,570,2,7200,1.01228070175
113718,113731,114224,13,493,2,7200,1.02636916836
113719,113736,114229,17,493,2,7200,1.03448275862
113735,113743,114324,8,581,2,7200,1.01376936317
113737,113748,114250,11,502,2,7200,1.0219123506
113738,113756,114321,18,565,2,7200,1.03185840708
113785,113791,114364,6,573,2,7200,1.01047120419
113786,113798,114318,12,520,2,7200,1.02307692308
113804,113812,114374,8,562,2,7200,1.01423487544
113820,113826,114372,6,546,2,7200,1.01098901099
113822,113834,114399,12,565,2,7200,1.02123893805
113837,113844,114409,7,565,2,7200,1.01238938053
113886,113893,114415,7,522,2,7200,1.01340996169
113902,113908,114439,6,531,2,7200,1.01129943503
113904,113915,114454,11,539,2,7200,1.02040816327
113919,113927,114458,8,531,2,7200,1.01506591337
113921,113934,114475,13,541,2,7200,1.02402957486
113922,113939,114468,17,529,2,7200,1.03213610586
113944,113952,114495,8,543,2,7200,1.01473296501
113960,113966,114484,6,518,2,7200,1.01158301158
113975,113982,114493,7,511,2,7200,1.01369863014
113977,113988,114528,11,540,2,7200,1.02037037037
113992,113999,114541,7,542,2,7200,1.01291512915
113994,114006,114508,12,502,2,7200,1.02390438247
114010,114016,114586,6,570,2,7200,1.01052631579
114011,114023,114557,12,534,2,7200,1.02247191011
114078,114084,114599,6,515,2,7200,1.01165048544
114106,114113,114677,7,564,2,7200,1.01241134752
114108,114120,114664,12,544,2,7200,1.02205882353
114127,114133,114681,6,548,2,7200,1.01094890511
114128,114140,114708,12,568,2,7200,1.02112676056
114147,114153,114699,6,546,2,7200,1.01098901099
114187,114193,114710,6,517,2,7200,1.01160541586
114206,114212,114739,6,527,2,7200,1.01138519924
114227,114233,114770,6,537,2,7200,1.01117318436
114243,114249,114817,6,568,2,7200,1.01056338028
114245,114255,114810,10,555,2,7200,1.01801801802
114246,114261,114785,15,524,2,7200,1.0286259542
114262,114268,114780,6,512,2,7200,1.01171875
114263,114275,114806,12,531,2,7200,1.02259887006
114278,114285,114803,7,518,2,7200,1.01351351351
114280,114292,114864,12,572,2,7200,1.02097902098
114295,114302,114785,7,483,2,7200,1.01449275362
114297,114309,114873,12,564,2,7200,1.02127659574
114319,114326,114846,7,520,2,7200,1.01346153846
114334,114340,114872,6,532,2,7200,1.01127819549
114335,114347,114874,12,527,2,7200,1.02277039848
114363,114370,117064,7,2694,1,7200,1.00259836674
114366,114377,114890,11,513,2,7200,1.02144249513
114382,114389,114922,7,533,2,7200,1.01313320826
114383,114396,114934,13,538,2,7200,1.02416356877
114402,114408,114980,6,572,2,7200,1.01048951049
114417,114424,114955,7,531,2,7200,1.0131826742
114419,114431,114965,12,534,2,7200,1.02247191011
114440,114447,114973,7,526,2,7200,1.01330798479
114456,114463,115042,7,579,2,7200,1.01208981002
114471,114478,115016,7,538,2,7200,1.01301115242
114473,114484,115002,11,518,2,7200,1.02123552124
114488,114494,115037,6,543,2,7200,1.01104972376
114490,114501,115054,11,553,2,7200,1.0198915009
114509,114516,115076,7,560,2,7200,1.0125
114511,114523,115050,12,527,2,7200,1.02277039848
114512,114528,115067,16,539,2,7200,1.02968460111
114531,114538,115036,7,498,2,7200,1.0140562249
114547,114553,115009,6,456,2,7200,1.01315789474
114562,114569,115142,7,573,2,7200,1.01221640489
114587,114593,115126,6,533,2,7200,1.01125703565
114602,114608,115128,6,520,2,7200,1.01153846154
114666,114673,115206,7,533,2,7200,1.01313320826
114682,114688,115241,6,553,2,7200,1.01084990958
114683,114696,115198,13,502,2,7200,1.02589641434
114702,114709,115296,7,587,2,7200,1.01192504259
114717,114724,115271,7,547,2,7200,1.01279707495
114719,114731,115296,12,565,2,7200,1.02123893805
114740,114746,115292,6,546,2,7200,1.01098901099
114774,114780,115339,6,559,2,7200,1.01073345259
114791,114798,115352,7,554,2,7200,1.01263537906
114793,114804,115353,11,549,2,7200,1.02003642987
114794,114810,115334,16,524,2,7200,1.03053435115
114810,114817,115357,7,540,2,7200,1.01296296296
114812,114824,115368,12,544,2,7200,1.02205882353
114813,114829,115393,16,564,2,7200,1.02836879433
114829,114836,115335,7,499,2,7200,1.01402805611
114847,114853,115410,6,557,2,7200,1.01077199282
114865,114871,115410,6,539,2,7200,1.01113172542
114881,114887,115424,6,537,2,7200,1.01117318436
114882,114894,115445,12,551,2,7200,1.02177858439
114884,114899,115445,15,546,2,7200,1.02747252747
114899,114906,115449,7,543,2,7200,1.01289134438
114924,114931,115425,7,494,2,7200,1.01417004049
114939,114945,115468,6,523,2,7200,1.01147227533
114957,114964,115522,7,558,2,7200,1.01254480287
114973,114979,115553,6,574,2,7200,1.01045296167
114988,114994,115541,6,547,2,7200,1.01096892139
114990,115000,115522,10,522,2,7200,1.01915708812
115005,115011,115527,6,516,2,7200,1.01162790698
115020,115027,115553,7,526,2,7200,1.01330798479
115022,115034,115574,12,540,2,7200,1.02222222222
115037,115044,115569,7,525,2,7200,1.01333333333
115039,115051,115613,12,562,2,7200,1.02135231317
115055,115061,115604,6,543,2,7200,1.01104972376
115056,115068,115605,12,537,2,7200,1.02234636872
115058,115073,115611,15,538,2,7200,1.02788104089
115073,115080,115627,7,547,2,7200,1.01279707495
115089,115095,115637,6,542,2,7200,1.0110701107
115129,115136,115627,7,491,2,7200,1.01425661914
115131,115143,115707,12,564,2,7200,1.02127659574
115146,115153,115710,7,557,2,7200,1.01256732496
115201,115208,115711,7,503,2,7200,1.01391650099
115217,115224,115790,7,566,2,7200,1.01236749117
115241,115248,115786,7,538,2,7200,1.01301115242
115272,115278,154952,6,39674,2,54000,1.00015123255
115275,115285,115825,10,540,2,7200,1.01851851852
115293,115301,115845,8,544,2,7200,1.01470588235
115309,115316,115866,7,550,2,7200,1.01272727273
115310,115323,115791,13,468,2,7200,1.02777777778
115335,115341,115916,6,575,2,7200,1.01043478261
115351,115357,115864,6,507,2,7200,1.01183431953
115352,115364,115896,12,532,2,7200,1.02255639098
115368,115374,115929,6,555,2,7200,1.01081081081
115370,115382,115944,12,562,2,7200,1.02135231317
115371,115387,115933,16,546,2,7200,1.0293040293
115372,115392,115942,20,550,2,7200,1.03636363636
115394,115400,115942,6,542,2,7200,1.0110701107
115413,115419,115980,6,561,2,7200,1.01069518717
115414,115426,115976,12,550,2,7200,1.02181818182
115430,115436,115959,6,523,2,7200,1.01147227533
115431,115443,115982,12,539,2,7200,1.02226345083
115447,115453,115968,6,515,2,7200,1.01165048544
115448,115460,115987,12,527,2,7200,1.02277039848
115464,115470,116014,6,544,2,7200,1.01102941176
115479,115485,116047,6,562,2,7200,1.01067615658
115525,115532,116087,7,555,2,7200,1.01261261261
115527,115539,116067,12,528,2,7200,1.02272727273
115542,115550,116112,8,562,2,7200,1.01423487544
115544,115557,116108,13,551,2,7200,1.02359346642
115560,115567,116141,7,574,2,7200,1.01219512195
115561,115574,116098,13,524,2,7200,1.02480916031
115577,115584,116150,7,566,2,7200,1.01236749117
115578,115590,116114,12,524,2,7200,1.02290076336
115606,115613,116126,7,513,2,7200,1.01364522417
115607,115620,116185,13,565,2,7200,1.02300884956
115623,115629,116193,6,564,2,7200,1.01063829787
115625,115635,116163,10,528,2,7200,1.01893939394
115640,115646,116201,6,555,2,7200,1.01081081081
115641,115653,116225,12,572,2,7200,1.02097902098
115643,115658,116202,15,544,2,7200,1.02757352941
115711,115718,116241,7,523,2,7200,1.01338432122
115712,115725,116268,13,543,2,7200,1.02394106814
115714,115730,116270,16,540,2,7200,1.02962962963
115788,115794,116351,6,557,2,7200,1.01077199282
115803,115810,116367,7,557,2,7200,1.01256732496
115804,115816,116374,12,558,2,7200,1.02150537634
115829,115835,116403,6,568,2,7200,1.01056338028
115847,115853,116411,6,558,2,7200,1.01075268817
115866,115873,116440,7,567,2,7200,1.01234567901
115867,115880,116444,13,564,2,7200,1.02304964539
115898,115905,116407,7,502,2,7200,1.01394422311
115919,115926,116435,7,509,2,7200,1.0137524558
115935,115942,116463,7,521,2,7200,1.01343570058
115936,115949,116470,13,521,2,7200,1.02495201536
115952,115958,116506,6,548,2,7200,1.01094890511
115954,115965,116523,11,558,2,7200,1.01971326165
115955,115970,116432,15,462,2,7200,1.03246753247
115970,115976,116494,6,518,2,7200,1.01158301158
115972,115982,116475,10,493,2,7200,1.02028397566
115988,115994,116538,6,544,2,7200,1.01102941176
115989,116001,116551,12,550,2,7200,1.02181818182
115990,116006,116558,16,552,2,7200,1.02898550725
115992,116011,116537,19,526,2,7200,1.036121673
116016,116023,116492,7,469,2,7200,1.01492537313
116050,116056,116610,6,554,2,7200,1.01083032491
116069,116075,116631,6,556,2,7200,1.01079136691
116090,116096,116648,6,552,2,7200,1.01086956522
116105,116112,116659,7,547,2,7200,1.01279707495
116121,116127,116697,6,570,2,7200,1.01052631579
116122,116134,116679,12,545,2,7200,1.02201834862
116124,116139,116678,15,539,2,7200,1.02782931354
116139,116145,116708,6,563,2,7200,1.01065719361
116154,116160,116686,6,526,2,7200,1.01140684411
116156,116166,116699,10,533,2,7200,1.01876172608
116171,116177,116706,6,529,2,7200,1.01134215501
116186,116193,116728,7,535,2,7200,1.01308411215
116201,116208,116763,7,555,2,7200,1.01261261261
116203,116214,116774,11,560,2,7200,1.01964285714
116218,116224,116749,6,525,2,7200,1.01142857143
116234,116240,116786,6,546,2,7200,1.01098901099
116249,116255,116797,6,542,2,7200,1.0110701107
116270,116276,116810,6,534,2,7200,1.01123595506
116272,116284,116836,12,552,2,7200,1.02173913043
116354,116362,116885,8,523,2,7200,1.01529636711
116370,116376,116937,6,561,2,7200,1.01069518717
116385,116391,116928,6,537,2,7200,1.01117318436
116406,116413,116964,7,551,2,7200,1.01270417423
116408,116420,116981,12,561,2,7200,1.02139037433
116423,116430,117007,7,577,2,7200,1.01213171577
116439,116445,117027,6,582,2,7200,1.01030927835
116440,116453,117014,13,561,2,7200,1.02317290553
116456,116463,116996,7,533,2,7200,1.01313320826
116457,116470,117006,13,536,2,7200,1.02425373134
116473,116479,117038,6,559,2,7200,1.01073345259
116474,116485,117042,11,557,2,7200,1.0197486535
116489,116495,117042,6,547,2,7200,1.01096892139
116505,116511,117025,6,514,2,7200,1.01167315175
116506,116518,117034,12,516,2,7200,1.02325581395
116522,116529,117095,7,566,2,7200,1.01236749117
116538,116544,117125,6,581,2,7200,1.01032702238
116539,116552,117098,13,546,2,7200,1.02380952381
116555,116561,117124,6,563,2,7200,1.01065719361
116557,116568,117096,11,528,2,7200,1.02083333333
116572,116578,117143,6,565,2,7200,1.01061946903
116612,116618,117192,6,574,2,7200,1.01045296167
116633,116640,117173,7,533,2,7200,1.01313320826
116651,116658,117201,7,543,2,7200,1.01289134438
116667,116674,117231,7,557,2,7200,1.01256732496
116682,116688,117268,6,580,2,7200,1.01034482759
116684,116696,117190,12,494,2,7200,1.02429149798
116699,116706,117239,7,533,2,7200,1.01313320826
116701,116713,117249,12,536,2,7200,1.0223880597
116716,116723,117270,7,547,2,7200,1.01279707495
116718,116730,117254,12,524,2,7200,1.02290076336
116719,116735,117291,16,556,2,7200,1.02877697842
116735,116741,117311,6,570,2,7200,1.01052631579
116750,116756,117300,6,544,2,7200,1.01102941176
116766,116772,117337,6,565,2,7200,1.01061946903
116781,116787,117351,6,564,2,7200,1.01063829787
116796,116802,117324,6,522,2,7200,1.01149425287
116811,116818,117372,7,554,2,7200,1.01263537906
116813,116825,117385,12,560,2,7200,1.02142857143
116837,116845,117392,8,547,2,7200,1.01462522852
116887,116893,117436,6,543,2,7200,1.01104972376
116930,116936,117469,6,533,2,7200,1.01125703565
116945,116952,117515,7,563,2,7200,1.01243339254
116966,116974,117543,8,569,2,7200,1.01405975395
116985,116991,117524,6,533,2,7200,1.01125703565
117000,117006,117588,6,582,2,7200,1.01030927835
117016,117022,117548,6,526,2,7200,1.01140684411
117018,117029,117552,11,523,2,7200,1.02103250478
117019,117034,117587,15,553,2,7200,1.02712477396
117034,117041,117467,7,426,2,7200,1.01643192488
117036,117048,117613,12,565,2,7200,1.02123893805
117037,117053,117620,16,567,2,7200,1.02821869489
117053,117060,117608,7,548,2,7200,1.01277372263
117054,117066,117634,12,568,2,7200,1.02112676056
117056,117072,117599,16,527,2,7200,1.03036053131
117085,117092,121056,7,3964,1,7200,1.00176589304
117096,117103,117554,7,451,2,7200,1.0155210643
117111,117117,117676,6,559,2,7200,1.01073345259
117113,117124,117665,11,541,2,7200,1.02033271719
117128,117135,117669,7,534,2,7200,1.01310861423
117130,117142,117680,12,538,2,7200,1.02230483271
117145,117153,117658,8,505,2,7200,1.01584158416
117176,117182,117741,6,559,2,7200,1.01073345259
117192,117198,117746,6,548,2,7200,1.01094890511
117207,117214,117782,7,568,2,7200,1.01232394366
117209,117221,117773,12,552,2,7200,1.02173913043
117233,117239,117787,6,548,2,7200,1.01094890511
117249,117255,117818,6,563,2,7200,1.01065719361
117264,117271,117781,7,510,2,7200,1.0137254902
117266,117278,117843,12,565,2,7200,1.02123893805
117281,117288,117799,7,511,2,7200,1.01369863014
117283,117294,117828,11,534,2,7200,1.02059925094
117298,117305,117829,7,524,2,7200,1.01335877863
117314,117320,117860,6,540,2,7200,1.01111111111
117315,117326,117872,11,546,2,7200,1.02014652015
117331,117337,117875,6,538,2,7200,1.01115241636
117346,117352,117875,6,523,2,7200,1.01147227533
117361,117369,117923,8,554,2,7200,1.01444043321
117377,117383,117916,6,533,2,7200,1.01125703565
117392,117398,117933,6,535,2,7200,1.01121495327
117407,117413,117902,6,489,2,7200,1.01226993865
117438,117445,118011,7,566,2,7200,1.01236749117
117468,117476,118030,8,554,2,7200,1.01444043321
117484,117490,118027,6,537,2,7200,1.01117318436
117518,117525,118088,7,563,2,7200,1.01243339254
117533,117539,118106,6,567,2,7200,1.01058201058
117548,117554,118088,6,534,2,7200,1.01123595506
117564,117571,118109,7,538,2,7200,1.01301115242
117565,117578,118134,13,556,2,7200,1.02338129496
117567,117583,118143,16,560,2,7200,1.02857142857
117588,117596,118138,8,542,2,7200,1.0147601476
117590,117603,118168,13,565,2,7200,1.02300884956
117606,117612,118165,6,553,2,7200,1.01084990958
117622,117628,118160,6,532,2,7200,1.01127819549
117623,117635,118132,12,497,2,7200,1.02414486922
117625,117640,118164,15,524,2,7200,1.0286259542
117640,117646,118183,6,537,2,7200,1.01117318436
117662,117668,118229,6,561,2,7200,1.01069518717
117677,117684,118221,7,537,2,7200,1.01303538175
117679,117691,118226,12,535,2,7200,1.02242990654
117680,117696,118234,16,538,2,7200,1.02973977695
117696,117703,118215,7,512,2,7200,1.013671875
117741,117748,118308,7,560,2,7200,1.0125
117757,117763,118319,6,556,2,7200,1.01079136691
117775,117782,118292,7,510,2,7200,1.0137254902
117791,117798,118342,7,544,2,7200,1.01286764706
117792,117805,118353,13,548,2,7200,1.02372262774
117794,117810,118324,16,514,2,7200,1.03112840467
117809,117817,118314,8,497,2,7200,1.01609657948
117824,117830,118319,6,489,2,7200,1.01226993865
117840,117846,118384,6,538,2,7200,1.01115241636
117841,117853,118373,12,520,2,7200,1.02307692308
117856,117863,118408,7,545,2,7200,1.0128440367
117872,117878,118446,6,568,2,7200,1.01056338028
117874,117885,118453,11,568,2,7200,1.01936619718
117889,117896,118455,7,559,2,7200,1.01252236136
117890,117902,118470,12,568,2,7200,1.02112676056
117906,117913,118447,7,534,2,7200,1.01310861423
117921,117927,118475,6,548,2,7200,1.01094890511
117937,117943,118491,6,548,2,7200,1.01094890511
117938,117951,118504,13,553,2,7200,1.02350813743
118012,118019,118533,7,514,2,7200,1.01361867704
118030,118037,118593,7,556,2,7200,1.01258992806
118032,118044,118612,12,568,2,7200,1.02112676056
118090,118098,118618,8,520,2,7200,1.01538461538
118092,118105,118638,13,533,2,7200,1.0243902439
118107,118114,118672,7,558,2,7200,1.01254480287
118122,118129,118695,7,566,2,7200,1.01236749117
118138,118144,118674,6,530,2,7200,1.01132075472
118140,118152,118712,12,560,2,7200,1.02142857143
118155,118161,118725,6,564,2,7200,1.01063829787
118156,118167,118711,11,544,2,7200,1.02022058824
118172,118178,118741,6,563,2,7200,1.01065719361
118175,118185,118741,10,556,2,7200,1.01798561151
118176,118190,118708,14,518,2,7200,1.02702702703
118177,118195,118661,18,466,2,7200,1.03862660944
118193,118203,118741,10,538,2,7200,1.01858736059
118217,118224,118743,7,519,2,7200,1.01348747592
118233,118245,118808,12,563,2,7200,1.02131438721
118233,118239,118343,6,104,32,600,1.05769230769
118234,118257,118824,23,567,2,7200,1.0405643739
118236,118263,118819,27,556,2,7200,1.04856115108
118243,118252,118362,9,110,16,600,1.08181818182
118251,118270,118454,19,184,8,600,1.10326086957
118251,118275,118818,24,543,2,7200,1.04419889503
118294,118301,118864,7,563,2,7200,1.01243339254
118310,118316,118868,6,552,2,7200,1.01086956522
118326,118332,118885,6,553,2,7200,1.01084990958
118327,118340,118892,13,552,2,7200,1.02355072464
118328,118345,118872,17,527,2,7200,1.03225806452
118330,118350,118907,20,557,2,7200,1.03590664273
118345,118358,118934,13,576,2,7200,1.02256944444
118361,118367,118929,6,562,2,7200,1.01067615658
118376,118382,118944,6,562,2,7200,1.01067615658
118391,118397,118957,6,560,2,7200,1.01071428571
118410,118416,118922,6,506,2,7200,1.01185770751
118450,118456,119009,6,553,2,7200,1.01084990958
118452,118463,119024,11,561,2,7200,1.01960784314
118467,118473,119026,6,553,2,7200,1.01084990958
118468,118479,118956,11,477,2,7200,1.02306079665
118484,118490,119035,6,545,2,7200,1.01100917431
118485,118496,119005,11,509,2,7200,1.02161100196
118500,118507,119037,7,530,2,7200,1.01320754717
118516,118522,119089,6,567,2,7200,1.01058201058
118534,118540,119115,6,575,2,7200,1.01043478261
118595,118602,119161,7,559,2,7200,1.01252236136
118614,118621,119125,7,504,2,7200,1.01388888889
118629,118636,119182,7,546,2,7200,1.01282051282
118645,118651,119213,6,562,2,7200,1.01067615658
118663,118669,119216,6,547,2,7200,1.01096892139
118679,118685,119232,6,547,2,7200,1.01096892139
118680,118692,119219,12,527,2,7200,1.02277039848
118698,118705,119252,7,547,2,7200,1.01279707495
118714,118721,119266,7,545,2,7200,1.0128440367
118715,118728,119283,13,555,2,7200,1.02342342342
118717,118733,119271,16,538,2,7200,1.02973977695
118732,118739,119292,7,553,2,7200,1.01265822785
118748,118754,119327,6,573,2,7200,1.01047120419
118750,118762,119305,12,543,2,7200,1.02209944751
118751,118767,119301,16,534,2,7200,1.02996254682
118752,118772,119308,20,536,2,7200,1.03731343284
118811,118818,119334,7,516,2,7200,1.01356589147
118820,118826,126054,6,7228,1,7200,1.00083010515
118826,118833,119394,7,561,2,7200,1.01247771836
118828,118840,119386,12,546,2,7200,1.02197802198
118829,118845,119411,16,566,2,7200,1.02826855124
118865,118872,119349,7,477,2,7200,1.01467505241
118881,118887,119451,6,564,2,7200,1.01063829787
118882,118895,119435,13,540,2,7200,1.02407407407
118898,118904,119477,6,573,2,7200,1.01047120419
118899,118910,119466,11,556,2,7200,1.01978417266
118915,118921,119324,6,403,2,7200,1.01488833747
118930,118938,119469,8,531,2,7200,1.01506591337
118932,118945,119512,13,567,2,7200,1.02292768959
118948,118954,119527,6,573,2,7200,1.01047120419
118951,118961,119507,10,546,2,7200,1.01831501832
118967,118974,119537,7,563,2,7200,1.01243339254
118968,118981,119516,13,535,2,7200,1.02429906542
119008,119014,119528,6,514,2,7200,1.01167315175
119024,119031,119603,7,572,2,7200,1.01223776224
119040,119047,119614,7,567,2,7200,1.01234567901
119041,119054,119628,13,574,2,7200,1.02264808362
119043,119059,119622,16,563,2,7200,1.02841918295
119044,119064,119638,20,574,2,7200,1.03484320557
119090,119097,119642,7,545,2,7200,1.0128440367
119115,119122,119668,7,546,2,7200,1.01282051282
119130,119137,119690,7,553,2,7200,1.01265822785
119164,119170,119723,6,553,2,7200,1.01084990958
119185,119191,119728,6,537,2,7200,1.01117318436
119216,119222,119791,6,569,2,7200,1.01054481547
119231,119237,119769,6,532,2,7200,1.01127819549
119233,119244,119815,11,571,2,7200,1.01926444834
119249,119255,119798,6,543,2,7200,1.01104972376
119264,119270,119766,6,496,2,7200,1.01209677419
119279,119286,119854,7,568,2,7200,1.01232394366
119281,119292,119834,11,542,2,7200,1.02029520295
119296,119303,119781,7,478,2,7200,1.01464435146
119298,119309,119862,11,553,2,7200,1.0198915009
119313,119319,119834,6,515,2,7200,1.01165048544
119315,119326,119873,11,547,2,7200,1.02010968921
119316,119331,119843,15,512,2,7200,1.029296875
119332,119338,119924,6,586,2,7200,1.01023890785
119333,119344,119903,11,559,2,7200,1.01967799642
119348,119355,119902,7,547,2,7200,1.01279707495
119364,119370,119902,6,532,2,7200,1.01127819549
119388,119394,119915,6,521,2,7200,1.01151631478
119403,119409,119960,6,551,2,7200,1.0108892922
119418,119425,119988,7,563,2,7200,1.01243339254
119437,119444,120010,7,566,2,7200,1.01236749117
119440,119450,119460,10,10,1,240,2.0
119452,119459,119994,7,535,2,7200,1.01308411215
119467,119474,120011,7,537,2,7200,1.01303538175
119483,119490,120009,7,519,2,7200,1.01348747592
119484,119496,120023,12,527,2,7200,1.02277039848
119509,119515,120037,6,522,2,7200,1.01149425287
119524,119532,120070,8,538,2,7200,1.01486988848
119526,119538,119966,12,428,2,7200,1.02803738318
119542,119549,120119,7,570,2,7200,1.01228070175
119543,119555,120089,12,534,2,7200,1.02247191011
119544,119561,120055,17,494,2,7200,1.03441295547
119606,119612,120160,6,548,2,7200,1.01094890511
119621,119627,120190,6,563,2,7200,1.01065719361
119637,119643,120213,6,570,2,7200,1.01052631579
119638,119650,120216,12,566,2,7200,1.02120141343
119654,119660,120182,6,522,2,7200,1.01149425287
119655,119666,120172,11,506,2,7200,1.02173913043
119670,119676,120226,6,550,2,7200,1.01090909091
119692,119698,120264,6,566,2,7200,1.01060070671
119725,119979,120526,254,547,2,7200,1.46435100548
119741,119999,120568,258,569,2,7200,1.45342706503
119768,120006,120555,238,549,2,7200,1.4335154827
119783,120020,120585,237,565,2,7200,1.41946902655
119785,120027,120500,242,473,2,7200,1.51162790698
119800,120032,120583,232,551,2,7200,1.42105263158
119802,120038,120555,236,517,2,7200,1.45647969052
119817,120048,120604,231,556,2,7200,1.4154676259
119835,120066,120602,231,536,2,7200,1.43097014925
119837,120081,120652,244,571,2,7200,1.42732049037
119852,120100,120656,248,556,2,7200,1.44604316547
119868,120130,120702,262,572,2,7200,1.45804195804
119869,120171,120712,302,541,2,7200,1.55822550832
119884,120183,120734,299,551,2,7200,1.54264972777
119906,120193,120733,287,540,2,7200,1.53148148148
119907,120201,120753,294,552,2,7200,1.53260869565
119908,120225,120782,317,557,2,7200,1.56912028725
119924,120232,120796,308,564,2,7200,1.54609929078
119925,120238,120816,313,578,2,7200,1.54152249135
119962,120275,120846,313,571,2,7200,1.54816112084
119977,120511,120986,534,475,2,7200,2.12421052632
119993,120537,121047,544,510,2,7200,2.06666666667
120008,120566,121138,558,572,2,7200,1.97552447552
120024,120572,121088,548,516,2,7200,2.06201550388
120025,120580,121151,555,571,2,7200,1.97197898424
120027,120596,121153,569,557,2,7200,2.02154398564
120028,120602,121137,574,535,2,7200,2.07289719626
120043,120614,121140,571,526,2,7200,2.0855513308
120059,120620,121170,561,550,2,7200,2.02
120074,120663,121178,589,515,2,7200,2.14368932039
120092,120670,121219,578,549,2,7200,2.05282331512
120120,120714,121292,594,578,2,7200,2.0276816609
120162,120724,121189,562,465,2,7200,2.20860215054
120178,120745,121313,567,568,2,7200,1.99823943662
120193,120751,121313,558,562,2,7200,1.99288256228
120194,120766,121321,572,555,2,7200,2.03063063063
120216,120794,121300,578,506,2,7200,2.14229249012
120218,120807,121374,589,567,2,7200,2.03880070547
120233,120832,121353,599,521,2,7200,2.14971209213
120267,120858,121401,591,543,2,7200,2.08839779006
120502,120998,121517,496,519,2,7200,1.95568400771
120529,121058,121595,529,537,2,7200,1.98510242086
120557,121100,121678,543,578,2,7200,1.93944636678
120558,121148,121691,590,543,2,7200,2.08655616943
120574,121156,121714,582,558,2,7200,2.04301075269
120584,120590,120603,6,13,1,240,1.46153846154
120589,121161,121682,572,521,2,7200,2.09788867562
120591,121168,121727,577,559,2,7200,2.03220035778
120606,121173,121718,567,545,2,7200,2.04036697248
120607,121186,121751,579,565,2,7200,2.02477876106
120653,121193,121755,540,562,2,7200,1.96085409253
120668,121200,121755,532,555,2,7200,1.95855855856
120705,121231,121728,526,497,2,7200,2.0583501006
120720,121305,121847,585,542,2,7200,2.07933579336
120730,234487,311631,113757,77144,8,108000,2.47460593176
120736,121313,121872,577,559,2,7200,2.03220035778
120737,121325,121879,588,554,2,7200,2.06137184116
120756,121330,121830,574,500,2,7200,2.148
120783,121337,121892,554,555,2,7200,1.9981981982
120798,121365,121932,567,567,2,7200,2.0
120817,121386,121932,569,546,2,7200,2.04212454212
120818,120824,120837,6,13,1,240,1.46153846154
120848,121413,121973,565,560,2,7200,2.00892857143
120988,121529,122080,541,551,2,7200,1.98185117967
120999,123807,128111,2808,4304,2,54000,1.65241635688
121049,121606,122145,557,539,2,7200,2.03339517625
121089,121689,122259,600,570,2,7200,2.05263157895
121102,121108,125688,6,4580,1,7200,1.00131004367
121141,121696,122253,555,557,2,7200,1.99640933573
121143,121703,122274,560,571,2,7200,1.98073555166
121144,121726,122224,582,498,2,7200,2.1686746988
121160,121732,122294,572,562,2,7200,2.01779359431
121161,121739,122284,578,545,2,7200,2.06055045872
121171,121179,121191,8,12,1,240,1.66666666667
121176,121744,122289,568,545,2,7200,2.04220183486
121192,121762,122321,570,559,2,7200,2.01967799642
121193,121770,122329,577,559,2,7200,2.03220035778
121221,121775,122333,554,558,2,7200,1.99283154122
121271,123813,129891,2542,6078,2,54000,1.41822968082
121294,121843,122422,549,579,2,7200,1.9481865285
121309,121859,122390,550,531,2,7200,2.03578154426
121325,121883,122457,558,574,2,7200,1.97212543554
121326,121891,122458,565,567,2,7200,1.99647266314
121328,121904,122456,576,552,2,7200,2.04347826087
121355,121943,122465,588,522,2,7200,2.12643678161
121377,121949,122471,572,522,2,7200,2.09578544061
121401,121985,122532,584,547,2,7200,2.0676416819
121520,122092,122603,572,511,2,7200,2.11937377691
121597,122156,122716,559,560,2,7200,1.99821428571
121602,123818,124809,2216,991,2,18000,3.23612512614
121635,121641,121666,6,25,1,240,1.24
121679,122236,122802,557,566,2,7200,1.98409893993
121694,122265,122791,571,526,2,7200,2.0855513308
121695,122272,122833,577,561,2,7200,2.02852049911
121716,122286,122850,570,564,2,7200,2.01063829787
121732,122296,122861,564,565,2,7200,1.9982300885
121733,122303,122749,570,446,2,7200,2.27802690583
121735,122309,122888,574,579,2,7200,1.99136442142
121753,122332,122907,579,575,2,7200,2.00695652174
121768,122340,122867,572,527,2,7200,2.08538899431
121770,122347,122853,577,506,2,7200,2.14031620553
121794,123824,125001,2030,1177,2,18000,2.72472387426
121834,122401,122920,567,519,2,7200,2.09248554913
121849,122434,122992,585,558,2,7200,2.04838709677
121874,122467,123025,593,558,2,7200,2.06272401434
121889,122474,123029,585,555,2,7200,2.05405405405
121904,122480,122982,576,502,2,7200,2.14741035857
121935,122487,123042,552,555,2,7200,1.99459459459
121937,122492,123070,555,578,2,7200,1.96020761246
121951,121957,121981,6,24,1,240,1.25
121976,122544,123073,568,529,2,7200,2.07372400756
122080,123829,125231,1749,1402,2,43200,2.24750356633
122080,122615,123193,535,578,2,7200,1.92560553633
122147,122728,123280,581,552,2,7200,2.05253623188
122197,122203,122232,6,29,1,240,1.20689655172
122226,122760,123315,534,555,2,7200,1.96216216216
122254,122802,123275,548,473,2,7200,2.15856236786
122269,122813,123364,544,551,2,7200,1.98729582577
122284,122846,123430,562,584,2,7200,1.96232876712
122300,122862,123424,562,562,2,7200,2.0
122301,122869,123417,568,548,2,7200,2.03649635036
122303,122876,123412,573,536,2,7200,2.06902985075
122324,122882,123439,558,557,2,7200,2.00179533214
122340,122899,123433,559,534,2,7200,2.0468164794
122341,122918,123484,577,566,2,7200,2.01943462898
122345,123850,130053,1505,6203,2,43200,1.24262453651
122393,122931,123496,538,565,2,7200,1.95221238938
122424,122994,123555,570,561,2,7200,2.01604278075
122458,123003,123540,545,537,2,7200,2.01489757914
122459,123037,123572,578,535,2,7200,2.08037383178
122460,123043,123595,583,552,2,7200,2.05615942029
122476,123054,123664,578,610,2,7200,1.94754098361
122478,123081,124922,603,1841,2,7200,1.32753938077
122536,123089,124317,553,1228,2,7200,1.4503257329
122606,123205,124336,599,1131,2,7200,1.52961980548
122719,123287,123840,568,553,2,7200,2.02712477396
122753,123294,124032,541,738,2,7200,1.73306233062
122792,123326,124908,534,1582,2,7200,1.33754740834
122807,123376,123920,569,544,2,7200,2.04595588235
122835,123423,123979,588,556,2,7200,2.05755395683
122853,123431,124943,578,1512,2,7200,1.38227513228
122855,123438,123985,583,547,2,7200,2.06581352834
122871,123445,124007,574,562,2,7200,2.02135231317
122872,123450,124709,578,1259,2,7200,1.45909451946
122887,123456,123962,569,506,2,7200,2.12450592885
122904,123946,131158,1042,7212,1,7200,1.14448141986
122909,123496,125008,587,1512,2,7200,1.38822751323
122924,123508,125301,584,1793,2,7200,1.32571109872
122985,123551,124134,566,583,2,7200,1.97084048027
123000,123567,125320,567,1753,2,7200,1.32344552196
123028,123607,124134,579,527,2,7200,2.09867172676
123043,123613,124134,570,521,2,7200,2.09404990403
123045,123675,124210,630,535,2,7200,2.17757009346
123072,123834,124362,762,528,2,7200,2.44318181818
123088,123839,124314,751,475,2,7200,2.58105263158
123194,123845,124414,651,569,2,7200,2.14411247803
123277,123856,124416,579,560,2,7200,2.03392857143
123292,123861,124428,569,567,2,7200,2.00352733686
123317,123866,124414,549,548,2,7200,2.00182481752
123366,123872,124216,506,344,2,7200,2.47093023256
123411,123877,124455,466,578,2,7200,1.8062283737
123416,123952,131179,536,7227,1,7200,1.07416632074
123427,123882,124421,455,539,2,7200,1.84415584416
123429,123888,124436,459,548,2,7200,1.83759124088
123444,123893,124451,449,558,2,7200,1.80465949821
123446,123898,124465,452,567,2,7200,1.79717813051
123447,123904,124480,457,576,2,7200,1.79340277778
123487,123909,124449,422,540,2,7200,1.78148148148
123502,123914,124478,412,564,2,7200,1.7304964539
123542,123920,124565,378,645,2,7200,1.58604651163
123557,123925,124502,368,577,2,7200,1.63778162912
123575,123930,124446,355,516,2,7200,1.68798449612
123601,123936,124465,335,529,2,7200,1.63327032136
123666,123941,124509,275,568,2,7200,1.48415492958
123842,147226,147745,23384,519,2,7200,46.0558766859
123923,147232,147764,23309,532,2,7200,44.8139097744
123966,147237,147794,23271,557,2,7200,42.7791741472
123981,147242,147809,23261,567,2,7200,42.024691358
123997,147248,147807,23251,559,2,7200,42.5939177102
124012,147253,147821,23241,568,2,7200,41.9172535211
124036,147258,147821,23222,563,2,7200,42.2468916519
124148,147264,147735,23116,471,2,7200,50.0785562633
124150,147269,147842,23119,573,2,7200,41.3472949389
124214,147275,147816,23061,541,2,7200,43.6266173752
124229,147280,147844,23051,564,2,7200,41.8705673759
124318,147285,147834,22967,549,2,7200,42.8342440801
124319,147291,147834,22972,543,2,7200,43.3057090239
124338,147296,147838,22958,542,2,7200,43.3579335793
124365,147301,147845,22936,544,2,7200,43.1617647059
124414,147307,147874,22893,567,2,7200,41.3756613757
124430,147312,147841,22882,529,2,7200,44.2551984877
124431,147317,147855,22886,538,2,7200,43.5390334572
124433,147323,147881,22890,558,2,7200,42.0215053763
124434,147328,147743,22894,415,2,7200,56.1662650602
124450,147333,147899,22883,566,2,7200,41.4293286219
124451,147339,147840,22888,501,2,7200,46.6846307385
124452,147344,147914,22892,570,2,7200,41.1614035088
124469,147349,147895,22880,546,2,7200,42.9047619048
124470,147360,147939,22890,579,2,7200,40.5336787565
124471,147365,147887,22894,522,2,7200,44.8582375479
124473,147370,147855,22897,485,2,7200,48.2103092784
124488,147376,147894,22888,518,2,7200,45.1853281853
124489,147381,147948,22892,567,2,7200,41.3738977072
124505,147387,147862,22882,475,2,7200,49.1726315789
124520,147392,147958,22872,566,2,7200,41.4098939929
124569,147397,147941,22828,544,2,7200,42.9632352941
124712,147403,147870,22691,467,2,7200,49.5888650964
124909,147408,147949,22499,541,2,7200,42.5878003697
124924,147413,147974,22489,561,2,7200,41.0873440285
124946,147419,147949,22473,530,2,7200,43.4018867925
125009,147424,147896,22415,472,2,7200,48.4894067797
125023,138953,139163,13930,210,4,1800,67.3333333333
125304,147429,148008,22125,579,2,7200,39.2124352332
125322,147435,147964,22113,529,2,7200,42.8015122873
125796,234754,247560,108958,12806,1,176400,9.50835545838
127559,234609,240271,107050,5662,2,36000,19.9067467326
128084,147456,152001,19372,4545,1,7200,5.26226622662
128581,147440,147817,18859,377,2,18000,51.023872679
128836,147445,147830,18609,385,2,18000,49.3350649351
130793,147451,154682,16658,7231,1,7200,3.30369243535
131510,235311,239395,103801,4084,16,108000,26.416503428
133608,234657,257204,101049,22547,2,43200,5.48170488313
135497,234673,250198,99176,15525,1,345600,7.38814814815
135506,234679,251142,99173,16463,1,345600,7.02399319687
137178,137711,138060,533,349,243,300,2.52722063037
137628,137634,137643,6,9,1,900,1.5
138145,138151,138524,6,373,254,300,1.01608579088
138609,138616,138879,7,263,243,300,1.02661596958
138626,138632,138639,6,7,6,5400,1.3
138627,138638,138643,11,5,6,6075,1.6
138627,138644,138648,17,4,6,8100,2.1
138628,138649,138654,21,5,6,9112,2.6
138629,138654,138658,25,4,6,12150,2.9
138629,138660,138664,31,4,6,16200,3.5
138630,138665,138670,35,5,6,18225,4.0
138630,138671,138675,41,4,6,24300,4.5
138631,138678,138684,47,6,6,36450,5.3
138709,138716,139541,7,825,6,5400,1.00848484848
138710,138721,139602,11,881,6,6075,1.01248581158
138711,138728,139931,17,1203,6,8100,1.01413133832
138711,138733,140114,22,1381,6,9112,1.01593048516
138712,138739,140829,27,2090,6,12150,1.01291866029
138712,138744,141551,32,2807,6,16200,1.01140007125
138713,138749,142052,36,3303,6,18225,1.01089918256
138713,138755,143580,42,4825,6,24300,1.00870466321
138714,139552,147530,838,7978,6,36450,1.10503885686
139670,139676,139937,6,261,192,300,1.02298850575
139759,139765,139767,6,2,1,10800,1.0
139875,139882,139966,7,84,1,10800,1.08333333333
139989,139995,140221,6,226,2,10800,1.02654867257
140238,140245,140263,7,18,2,10800,1.38888888889
140243,140252,152579,9,12327,6,48600,1.00073010465
140350,140356,147655,6,7299,4,7200,1.00082203042
140455,140462,140705,7,243,128,300,1.02880658436
140497,140503,169335,6,28832,2,28800,1.00020810211
141115,234760,247560,93645,12800,1,259200,8.316015625
141605,141611,148818,6,7207,1,7200,1.00083252394
141627,141633,145247,6,3614,32,3600,1.00166021029
141716,141722,145346,6,3624,32,3600,1.00165562914
141771,141777,141785,6,8,32,3600,1.4
141824,141830,141839,6,9,32,3600,1.5
141928,141934,145563,6,3629,32,3600,1.00165334803
142360,142367,142886,7,519,2,7200,1.01348747592
142374,142381,142390,7,9,32,3600,1.6
142634,142640,143120,6,480,2,7200,1.0125
142999,143005,143763,6,758,2,7200,1.00791556728
143085,143091,143098,6,7,16,3600,1.3
143234,143240,143276,6,36,32,3600,1.16666666667
143400,143407,144384,7,977,2,7200,1.00716479017
143615,143621,143649,6,28,1,3600,1.21428571429
143637,143643,143668,6,25,1,3600,1.24
143695,143701,145321,6,1620,1,3600,1.0037037037
144612,144619,146121,7,1502,2,3600,1.00466045273
145083,145089,147602,6,2513,2,7200,1.00238758456
145311,145317,145340,6,23,32,7200,1.26086956522
145327,145333,148171,6,2838,2,7200,1.0021141649
145398,145404,145505,6,101,1,3600,1.05940594059
145399,145410,145537,11,127,1,3600,1.08661417323
145401,145415,145537,14,122,1,3600,1.11475409836
145402,145421,145537,19,116,1,3600,1.16379310345
145403,145426,145537,23,111,1,3600,1.20720720721
145404,145432,145538,28,106,1,3600,1.2641509434
145406,145438,145538,32,100,1,3600,1.32
145407,145444,145538,37,94,1,3600,1.39361702128
145429,145449,145459,20,10,1,14400,3.0
145668,234684,240526,89016,5842,1,86400,16.237247518
145669,234690,240390,89021,5700,1,86400,16.6177192982
145670,234695,240134,89025,5439,1,86400,17.3678985108
145672,234701,240357,89029,5656,1,86400,16.7406294201
145673,234706,240336,89033,5630,1,86400,16.8140319716
145674,234712,241172,89038,6460,1,86400,14.7829721362
145675,234718,247916,89043,13198,1,86400,7.74670404607
145676,234724,246346,89048,11622,1,86400,8.66202030632
146188,146193,147672,5,1479,2,3600,1.00338066261
147739,147745,148316,6,571,2,7200,1.01050788091
147754,147761,148336,7,575,2,7200,1.01217391304
147756,147768,148320,12,552,2,7200,1.02173913043
147771,147777,148342,6,565,2,7200,1.01061946903
147795,147802,148352,7,550,2,7200,1.01272727273
147811,147818,148346,7,528,2,7200,1.01325757576
147812,147824,148356,12,532,2,7200,1.02255639098
147828,147834,148380,6,546,2,7200,1.01098901099
147830,147841,148346,11,505,2,7200,1.02178217822
147831,147846,148389,15,543,2,7200,1.02762430939
147848,147855,148419,7,564,2,7200,1.01241134752
147849,147861,148407,12,546,2,7200,1.02197802198
147851,147866,148402,15,536,2,7200,1.02798507463
147852,147871,148406,19,535,2,7200,1.03551401869
147853,147877,148403,24,526,2,7200,1.04562737643
147855,147882,148438,27,556,2,7200,1.04856115108
147856,147889,148438,33,549,2,7200,1.06010928962
147857,147894,148443,37,549,2,7200,1.06739526412
147874,147899,148437,25,538,2,7200,1.04646840149
147875,147905,148449,30,544,2,7200,1.05514705882
147877,147910,148471,33,561,2,7200,1.05882352941
147878,147915,148465,37,550,2,7200,1.06727272727
147894,147922,148500,28,578,2,7200,1.04844290657
147895,147928,148473,33,545,2,7200,1.06055045872
147897,147933,148488,36,555,2,7200,1.06486486486
147913,147938,148473,25,535,2,7200,1.04672897196
147915,147944,148455,29,511,2,7200,1.05675146771
147916,147949,148502,33,553,2,7200,1.05967450271
147917,147956,148478,39,522,2,7200,1.07471264368
147919,147961,148498,42,537,2,7200,1.0782122905
147941,147966,148503,25,537,2,7200,1.04655493482
147957,147973,148539,16,566,2,7200,1.02826855124
147959,147978,148507,19,529,2,7200,1.0359168242
147960,147983,148309,23,326,2,7200,1.07055214724
147961,147989,148532,28,543,2,7200,1.05156537753
147977,147995,148557,18,562,2,7200,1.03202846975
147978,148001,148564,23,563,2,7200,1.04085257549
147980,148006,148508,26,502,2,7200,1.05179282869
148010,148017,148568,7,551,2,7200,1.01270417423
148310,148316,148843,6,527,2,7200,1.01138519924
148326,148332,148870,6,538,2,7200,1.01115241636
148327,148338,148878,11,540,2,7200,1.02037037037
148342,148349,148915,7,566,2,7200,1.01236749117
148344,148355,148878,11,523,2,7200,1.02103250478
148360,148366,148930,6,564,2,7200,1.01063829787
148361,148373,148941,12,568,2,7200,1.02112676056
148362,148379,148876,17,497,2,7200,1.03420523139
148364,148384,148938,20,554,2,7200,1.03610108303
148382,148390,148940,8,550,2,7200,1.01454545455
148397,148404,148971,7,567,2,7200,1.01234567901
148413,148419,148967,6,548,2,7200,1.01094890511
148415,148426,149006,11,580,2,7200,1.01896551724
148416,148432,148969,16,537,2,7200,1.02979515829
148417,148437,148962,20,525,2,7200,1.0380952381
148433,148444,148998,11,554,2,7200,1.01985559567
148449,148455,149006,6,551,2,7200,1.0108892922
148450,148463,149000,13,537,2,7200,1.02420856611
148451,148468,148991,17,523,2,7200,1.03250478011
148453,148473,149022,20,549,2,7200,1.0364298725
148468,148480,149029,12,549,2,7200,1.0218579235
148470,148485,149026,15,541,2,7200,1.02772643253
148471,148490,149057,19,567,2,7200,1.03350970018
148488,148497,149022,9,525,2,7200,1.01714285714
148489,148502,149045,13,543,2,7200,1.02394106814
148490,148507,149055,17,548,2,7200,1.03102189781
148492,148515,149079,23,564,2,7200,1.04078014184
148509,148522,149044,13,522,2,7200,1.02490421456
148510,148527,149101,17,574,2,7200,1.02961672474
148511,148532,149095,21,563,2,7200,1.03730017762
148513,148538,149082,25,544,2,7200,1.04595588235
148514,148543,149059,29,516,2,7200,1.05620155039
148516,148548,149116,32,568,2,7200,1.05633802817
148517,148555,149105,38,550,2,7200,1.06909090909
148536,148560,149113,24,553,2,7200,1.04339963834
148551,148566,149043,15,477,2,7200,1.03144654088
148567,148573,149129,6,556,2,7200,1.01079136691
148568,148579,149130,11,551,2,7200,1.01996370236
148583,148589,149153,6,564,2,7200,1.01063829787
148844,148851,149403,7,552,2,7200,1.01268115942
148871,148877,149423,6,546,2,7200,1.01098901099
148887,148893,149465,6,572,2,7200,1.01048951049
148888,148899,149436,11,537,2,7200,1.02048417132
148889,148905,149463,16,558,2,7200,1.02867383513
148917,148923,149444,6,521,2,7200,1.01151631478
148932,148938,149474,6,536,2,7200,1.01119402985
148948,148954,149456,6,502,2,7200,1.01195219124
148949,148960,149519,11,559,2,7200,1.01967799642
148951,148966,149535,15,569,2,7200,1.02636203866
148966,148972,149512,6,540,2,7200,1.01111111111
148982,148988,149556,6,568,2,7200,1.01056338028
148983,148994,149391,11,397,2,7200,1.02770780856
148984,148999,149557,15,558,2,7200,1.02688172043
149000,149006,149566,6,560,2,7200,1.01071428571
149001,149013,149572,12,559,2,7200,1.02146690519
149017,149024,149568,7,544,2,7200,1.01286764706
149018,149031,149543,13,512,2,7200,1.025390625
149020,149036,149561,16,525,2,7200,1.03047619048
149036,149043,149626,7,583,2,7200,1.01200686106
149037,149050,149585,13,535,2,7200,1.02429906542
149039,149055,149582,16,527,2,7200,1.03036053131
149040,149060,149643,20,583,2,7200,1.03430531732
149056,149067,149606,11,539,2,7200,1.02040816327
149057,149072,149589,15,517,2,7200,1.02901353965
149059,149077,149609,18,532,2,7200,1.03383458647
149060,149083,149640,23,557,2,7200,1.04129263914
149076,149089,149600,13,511,2,7200,1.02544031311
149077,149095,149636,18,541,2,7200,1.03327171904
149093,149102,149654,9,552,2,7200,1.01630434783
149094,149107,149685,13,578,2,7200,1.02249134948
149110,149117,149672,7,555,2,7200,1.01261261261
149112,149123,149667,11,544,2,7200,1.02022058824
149113,149129,149633,16,504,2,7200,1.03174603175
149129,149135,149702,6,567,2,7200,1.01058201058
149130,149142,149692,12,550,2,7200,1.02181818182
149132,149147,149698,15,551,2,7200,1.02722323049
149147,149153,149713,6,560,2,7200,1.01071428571
149162,149169,149704,7,535,2,7200,1.01308411215
149393,149399,149973,6,574,2,7200,1.01045296167
149408,149415,149834,7,419,2,7200,1.01670644391
149426,149432,150001,6,569,2,7200,1.01054481547
149442,149449,149945,7,496,2,7200,1.01411290323
149457,149469,149966,12,497,2,7200,1.02414486922
149458,149463,150689,5,1226,10,1800,1.00407830343
149459,149476,150028,17,552,2,7200,1.03079710145
149474,149482,150045,8,563,2,7200,1.01420959147
149476,149487,150012,11,525,2,7200,1.02095238095
149477,149495,150076,18,581,2,7200,1.03098106713
149514,149521,150059,7,538,2,7200,1.01301115242
149529,149536,150085,7,549,2,7200,1.01275045537
149545,149552,150120,7,568,2,7200,1.01232394366
149546,149559,150102,13,543,2,7200,1.02394106814
149562,149568,150113,6,545,2,7200,1.01100917431
149564,149576,150107,12,531,2,7200,1.02259887006
149565,149581,150117,16,536,2,7200,1.02985074627
149582,149588,150112,6,524,2,7200,1.01145038168
149583,149595,150144,12,549,2,7200,1.0218579235
149585,149600,150107,15,507,2,7200,1.02958579882
149600,149607,150166,7,559,2,7200,1.01252236136
149602,149614,150172,12,558,2,7200,1.02150537634
149603,149619,150166,16,547,2,7200,1.02925045704
149605,149625,150069,20,444,2,7200,1.04504504505
149621,149632,150172,11,540,2,7200,1.02037037037
149622,149637,150206,15,569,2,7200,1.02636203866
149638,149645,150164,7,519,2,7200,1.01348747592
149639,149652,150211,13,559,2,7200,1.02325581395
149641,149657,150202,16,545,2,7200,1.02935779817
149656,149663,150115,7,452,2,7200,1.01548672566
149658,149669,150238,11,569,2,7200,1.01933216169
149659,149676,150228,17,552,2,7200,1.03079710145
149675,149683,150236,8,553,2,7200,1.01446654611
149677,149688,150243,11,555,2,7200,1.01981981982
149692,149698,150199,6,501,2,7200,1.0119760479
149708,149714,150267,6,553,2,7200,1.01084990958
149710,149721,150270,11,549,2,7200,1.02003642987
149711,149727,150166,16,439,2,7200,1.03644646925
149712,149732,150278,20,546,2,7200,1.03663003663
149728,149740,150306,12,566,2,7200,1.02120141343
149836,149842,150376,6,534,2,7200,1.01123595506
149950,149957,150472,7,515,2,7200,1.01359223301
149968,149975,150534,7,559,2,7200,1.01252236136
149983,149989,150551,6,562,2,7200,1.01067615658
150005,150011,150580,6,569,2,7200,1.01054481547
150020,150026,150557,6,531,2,7200,1.01129943503
150035,150041,150585,6,544,2,7200,1.01102941176
150050,150057,150621,7,564,2,7200,1.01241134752
150066,150073,150608,7,535,2,7200,1.01308411215
150081,150088,150657,7,569,2,7200,1.01230228471
150083,150094,150645,11,551,2,7200,1.01996370236
150098,150105,150632,7,527,2,7200,1.01328273245
150115,150121,150600,6,479,2,7200,1.01252609603
150116,150128,150693,12,565,2,7200,1.02123893805
150118,150133,150694,15,561,2,7200,1.02673796791
150119,150139,150657,20,518,2,7200,1.03861003861
150121,150144,150647,23,503,2,7200,1.04572564612
150137,150151,150719,14,568,2,7200,1.02464788732
150138,150156,150702,18,546,2,7200,1.03296703297
150140,150161,150697,21,536,2,7200,1.03917910448
150155,150169,150710,14,541,2,7200,1.0258780037
150171,150178,150684,7,506,2,7200,1.01383399209
150173,150185,150753,12,568,2,7200,1.02112676056
150175,150190,150742,15,552,2,7200,1.02717391304
150176,150196,150747,20,551,2,7200,1.03629764065
150192,150202,150634,10,432,2,7200,1.02314814815
150193,150208,150743,15,535,2,7200,1.02803738318
150209,150216,150765,7,549,2,7200,1.01275045537
150211,150223,150767,12,544,2,7200,1.02205882353
150212,150228,150766,16,538,2,7200,1.02973977695
150228,150234,150771,6,537,2,7200,1.01117318436
150244,150251,150791,7,540,2,7200,1.01296296296
150245,150258,150812,13,554,2,7200,1.02346570397
150247,150263,150785,16,522,2,7200,1.030651341
150248,150268,150759,20,491,2,7200,1.04073319756
150270,150277,150843,7,566,2,7200,1.01236749117
150272,150284,150706,12,422,2,7200,1.02843601896
150287,150295,150842,8,547,2,7200,1.01462522852
150309,150315,150853,6,538,2,7200,1.01115241636
150377,150383,150919,6,536,2,7200,1.01119402985
150475,150482,151008,7,526,2,7200,1.01330798479
150536,150543,151076,7,533,2,7200,1.01313320826
150555,150561,151114,6,553,2,7200,1.01084990958
150570,150577,151125,7,548,2,7200,1.01277372263
150586,150592,151139,6,547,2,7200,1.01096892139
150587,150599,151154,12,555,2,7200,1.02162162162
150602,150608,151160,6,552,2,7200,1.01086956522
150617,150625,151121,8,496,2,7200,1.01612903226
150633,150640,151115,7,475,2,7200,1.01473684211
150635,150647,151186,12,539,2,7200,1.02226345083
150650,150657,151185,7,528,2,7200,1.01325757576
150652,150663,151213,11,550,2,7200,1.02
150653,150669,151223,16,554,2,7200,1.02888086643
150669,150676,151223,7,547,2,7200,1.01279707495
150670,150682,151243,12,561,2,7200,1.02139037433
150685,150692,151229,7,537,2,7200,1.01303538175
150701,150708,151239,7,531,2,7200,1.0131826742
150702,150715,152572,13,1857,10,1800,1.0070005385
150703,150720,151273,17,553,2,7200,1.03074141049
150704,150725,151262,21,537,2,7200,1.03910614525
150720,150732,151283,12,551,2,7200,1.02177858439
150722,150737,151288,15,551,2,7200,1.02722323049
150723,150742,151249,19,507,2,7200,1.03747534517
150724,150748,151302,24,554,2,7200,1.04332129964
150744,150754,151253,10,499,2,7200,1.02004008016
150745,150760,151329,15,569,2,7200,1.02636203866
150761,150767,151312,6,545,2,7200,1.01100917431
150763,150774,151316,11,542,2,7200,1.02029520295
150764,150779,151310,15,531,2,7200,1.02824858757
150780,150787,151304,7,517,2,7200,1.01353965184
150781,150792,151366,11,574,2,7200,1.01916376307
150783,150798,151359,15,561,2,7200,1.02673796791
150784,150804,151344,20,540,2,7200,1.03703703704
150799,150811,151346,12,535,2,7200,1.02242990654
150801,150816,151338,15,522,2,7200,1.02873563218
150816,150822,151387,6,565,2,7200,1.01061946903
150844,150850,151385,6,535,2,7200,1.01121495327
150845,150857,151418,12,561,2,7200,1.02139037433
150861,150867,151372,6,505,2,7200,1.01188118812
150922,150928,151464,6,536,2,7200,1.01119402985
151011,151018,151571,7,553,2,7200,1.01265822785
151070,151076,151614,6,538,2,7200,1.01115241636
151115,151123,151674,8,551,2,7200,1.01451905626
151117,151130,151703,13,573,2,7200,1.02268760908
151133,151139,151689,6,550,2,7200,1.01090909091
151134,151145,151709,11,564,2,7200,1.0195035461
151150,151156,151662,6,506,2,7200,1.01185770751
151165,151171,151697,6,526,2,7200,1.01140684411
151167,151178,151760,11,582,2,7200,1.01890034364
151188,151195,151732,7,537,2,7200,1.01303538175
151190,151202,151705,12,503,2,7200,1.02385685885
151214,151220,151753,6,533,2,7200,1.01125703565
151230,151237,151770,7,533,2,7200,1.01313320826
151232,151244,151809,12,565,2,7200,1.02123893805
151233,151249,151781,16,532,2,7200,1.03007518797
151249,151256,151818,7,562,2,7200,1.01245551601
151250,151262,151824,12,562,2,7200,1.02135231317
151266,151272,151837,6,565,2,7200,1.01061946903
151267,151279,151819,12,540,2,7200,1.02222222222
151269,151284,151826,15,542,2,7200,1.02767527675
151284,151290,151854,6,564,2,7200,1.01063829787
151286,151297,151847,11,550,2,7200,1.02
151301,151307,151836,6,529,2,7200,1.01134215501
151317,151324,151876,7,552,2,7200,1.01268115942
151318,151331,151838,13,507,2,7200,1.02564102564
151320,151336,151899,16,563,2,7200,1.02841918295
151321,151341,151863,20,522,2,7200,1.03831417625
151322,151347,151847,25,500,2,7200,1.05
151338,151353,151920,15,567,2,7200,1.02645502646
151340,151359,151882,19,523,2,7200,1.03632887189
151356,151366,151932,10,566,2,7200,1.01766784452
151357,151371,151940,14,569,2,7200,1.02460456942
151373,151379,151919,6,540,2,7200,1.01111111111
151375,151386,151834,11,448,2,7200,1.02455357143
151376,151392,151954,16,562,2,7200,1.02846975089
151391,151398,151945,7,547,2,7200,1.01279707495
151393,151405,151966,12,561,2,7200,1.02139037433
151420,151426,151997,6,571,2,7200,1.01050788091
151466,151472,152016,6,544,2,7200,1.01102941176
151574,151581,152123,7,542,2,7200,1.01291512915
151617,151623,152176,6,553,2,7200,1.01084990958
151666,151673,152232,7,559,2,7200,1.01252236136
151681,151687,152200,6,513,2,7200,1.01169590643
151696,151702,152262,6,560,2,7200,1.01071428571
151712,151719,152247,7,528,2,7200,1.01325757576
151713,151725,152245,12,520,2,7200,1.02307692308
151715,151731,152253,16,522,2,7200,1.030651341
151716,151736,152220,20,484,2,7200,1.04132231405
151734,151742,152305,8,563,2,7200,1.01420959147
151756,151762,152290,6,528,2,7200,1.01136363636
151771,151777,152358,6,581,2,7200,1.01032702238
151773,151783,152326,10,543,2,7200,1.01841620626
151788,151794,152317,6,523,2,7200,1.01147227533
151812,151819,152363,7,544,2,7200,1.01286764706
151828,151834,152392,6,558,2,7200,1.01075268817
151830,151841,152397,11,556,2,7200,1.01978417266
151831,151846,152375,15,529,2,7200,1.02835538752
151832,151851,152422,19,571,2,7200,1.03327495622
151849,151858,152409,9,551,2,7200,1.01633393829
151850,151863,152351,13,488,2,7200,1.02663934426
151852,151869,152365,17,496,2,7200,1.03427419355
151853,151876,152396,23,520,2,7200,1.04423076923
151854,151881,152455,27,574,2,7200,1.04703832753
151856,151886,152451,30,565,2,7200,1.05309734513
151872,151892,152462,20,570,2,7200,1.0350877193
151873,151898,152395,25,497,2,7200,1.05030181087
151889,151905,152449,16,544,2,7200,1.02941176471
151890,151910,152451,20,541,2,7200,1.03696857671
151906,151916,152459,10,543,2,7200,1.01841620626
151921,151927,152464,6,537,2,7200,1.01117318436
151922,151934,152441,12,507,2,7200,1.02366863905
151938,151944,152507,6,563,2,7200,1.01065719361
151953,151960,152512,7,552,2,7200,1.01268115942
151955,151967,152443,12,476,2,7200,1.02521008403
151970,151976,152507,6,531,2,7200,1.01129943503
151972,151983,152530,11,547,2,7200,1.02010968921
151998,152004,152542,6,538,2,7200,1.01115241636
152019,152025,152591,6,566,2,7200,1.01060070671
152127,152134,152691,7,557,2,7200,1.01256732496
152179,152185,152734,6,549,2,7200,1.01092896175
152200,152207,152661,7,454,2,7200,1.0154185022
152222,152228,152794,6,566,2,7200,1.01060070671
152237,152243,152802,6,559,2,7200,1.01073345259
152253,152260,152823,7,563,2,7200,1.01243339254
152254,152266,152811,12,545,2,7200,1.02201834862
152270,152276,152811,6,535,2,7200,1.01121495327
152271,152282,152833,11,551,2,7200,1.01996370236
152293,152300,152852,7,552,2,7200,1.01268115942
152308,152315,152862,7,547,2,7200,1.01279707495
152323,152329,152905,6,576,2,7200,1.01041666667
152338,152345,152905,7,560,2,7200,1.0125
152354,152361,152926,7,565,2,7200,1.01238938053
152369,152375,152918,6,543,2,7200,1.01104972376
152371,152383,152936,12,553,2,7200,1.02169981917
152372,152388,152937,16,549,2,7200,1.029143898
152387,152395,152815,8,420,2,7200,1.01904761905
152403,152409,152874,6,465,2,7200,1.01290322581
152404,152415,152963,11,548,2,7200,1.0200729927
152406,152421,152962,15,541,2,7200,1.02772643253
152407,152426,152962,19,536,2,7200,1.03544776119
152423,152433,152985,10,552,2,7200,1.01811594203
152424,152438,152988,14,550,2,7200,1.02545454545
152444,152451,152993,7,542,2,7200,1.01291512915
152445,152458,153014,13,556,2,7200,1.02338129496
152462,152468,152895,6,427,2,7200,1.01405152225
152463,152475,153062,12,587,2,7200,1.02044293015
152465,152480,153056,15,576,2,7200,1.02604166667
152466,152485,153006,19,521,2,7200,1.03646833013
152468,152490,153025,22,535,2,7200,1.04112149533
152469,152498,152979,29,481,2,7200,1.06029106029
152484,152503,153043,19,540,2,7200,1.03518518519
152509,152515,153069,6,554,2,7200,1.01083032491
152511,152522,153070,11,548,2,7200,1.0200729927
152526,152532,153095,6,563,2,7200,1.01065719361
152541,152548,153072,7,524,2,7200,1.01335877863
152557,152563,153134,6,571,2,7200,1.01050788091
152593,152600,153102,7,502,2,7200,1.01394422311
152664,152670,153166,6,496,2,7200,1.01209677419
152695,152701,153271,6,570,2,7200,1.01052631579
152735,152741,153265,6,524,2,7200,1.01145038168
152796,152802,153218,6,416,2,7200,1.01442307692
152811,152818,153385,7,567,2,7200,1.01234567901
152813,152825,153356,12,531,2,7200,1.02259887006
152814,152830,153345,16,515,2,7200,1.03106796117
152830,152837,153381,7,544,2,7200,1.01286764706
152831,152843,153355,12,512,2,7200,1.0234375
152846,152854,153387,8,533,2,7200,1.01500938086
152862,152868,153356,6,488,2,7200,1.01229508197
152877,152884,153412,7,528,2,7200,1.01325757576
152879,152890,153409,11,519,2,7200,1.02119460501
152897,152904,153441,7,537,2,7200,1.01303538175
152912,152920,153444,8,524,2,7200,1.01526717557
152914,152926,153502,12,576,2,7200,1.02083333333
152930,152936,153503,6,567,2,7200,1.01058201058
152931,152942,153413,11,471,2,7200,1.02335456476
152946,152953,153496,7,543,2,7200,1.01289134438
152948,152960,153514,12,554,2,7200,1.02166064982
152964,152970,153537,6,567,2,7200,1.01058201058
152965,152977,153508,12,531,2,7200,1.02259887006
152967,152982,153522,15,540,2,7200,1.02777777778
152982,152988,153552,6,564,2,7200,1.01063829787
152998,153004,153584,6,580,2,7200,1.01034482759
152999,153011,153582,12,571,2,7200,1.02101576182
153000,153017,153575,17,558,2,7200,1.03046594982
153016,153024,153564,8,540,2,7200,1.01481481481
153017,153029,153601,12,572,2,7200,1.02097902098
153033,153040,153602,7,562,2,7200,1.01245551601
153048,153055,153589,7,534,2,7200,1.01310861423
153063,153070,153596,7,526,2,7200,1.01330798479
153065,153077,153630,12,553,2,7200,1.02169981917
153081,153088,153618,7,530,2,7200,1.01320754717
153082,153095,153671,13,576,2,7200,1.02256944444
153084,153100,153657,16,557,2,7200,1.02872531418
153099,153106,153657,7,551,2,7200,1.01270417423
153114,153120,153687,6,567,2,7200,1.01058201058
153136,153143,153683,7,540,2,7200,1.01296296296
153170,153177,153728,7,551,2,7200,1.01270417423
153222,153229,153711,7,482,2,7200,1.01452282158
153268,153274,153835,6,561,2,7200,1.01069518717
153283,153290,153866,7,576,2,7200,1.01215277778
153347,153353,153858,6,505,2,7200,1.01188118812
153363,153370,153829,7,459,2,7200,1.01525054466
153364,153376,153918,12,542,2,7200,1.0221402214
153366,153382,153923,16,541,2,7200,1.02957486137
153384,153392,153958,8,566,2,7200,1.01413427562
153400,153407,153944,7,537,2,7200,1.01303538175
153401,153414,153940,13,526,2,7200,1.0247148289
153417,153424,153861,7,437,2,7200,1.01601830664
153419,153431,153865,12,434,2,7200,1.02764976959
153420,153436,153987,16,551,2,7200,1.02903811252
153445,153452,154015,7,563,2,7200,1.01243339254
153447,153459,154020,12,561,2,7200,1.02139037433
153499,153506,154002,7,496,2,7200,1.01411290323
153515,153521,154069,6,548,2,7200,1.01094890511
153516,153527,154038,11,511,2,7200,1.02152641879
153518,153533,154068,15,535,2,7200,1.02803738318
153519,153538,154103,19,565,2,7200,1.03362831858
153535,153545,154089,10,544,2,7200,1.01838235294
153550,153558,154107,8,549,2,7200,1.014571949
153566,153573,154136,7,563,2,7200,1.01243339254
153567,153579,154141,12,562,2,7200,1.02135231317
153583,153589,154144,6,555,2,7200,1.01081081081
153584,153596,154049,12,453,2,7200,1.02649006623
153600,153607,154132,7,525,2,7200,1.01333333333
153602,153613,154129,11,516,2,7200,1.02131782946
153603,153619,154110,16,491,2,7200,1.03258655804
153619,153625,154129,6,504,2,7200,1.0119047619
153620,153632,154192,12,560,2,7200,1.02142857143
153622,153637,154177,15,540,2,7200,1.02777777778
153637,153643,154197,6,554,2,7200,1.01083032491
153659,153666,154205,7,539,2,7200,1.01298701299
153661,153673,154233,12,560,2,7200,1.02142857143
153676,153683,154252,7,569,2,7200,1.01230228471
153691,153697,154272,6,575,2,7200,1.01043478261
153693,153704,154245,11,541,2,7200,1.02033271719
153709,153715,154866,6,1151,10,1800,1.00521285838
153714,153721,154209,7,488,2,7200,1.0143442623
153730,153736,154282,6,546,2,7200,1.01098901099
153831,153838,154371,7,533,2,7200,1.01313320826
153847,153853,154356,6,503,2,7200,1.01192842942
153862,153869,154442,7,573,2,7200,1.01221640489
153864,153875,154399,11,524,2,7200,1.02099236641
153879,153886,154420,7,534,2,7200,1.01310861423
153881,153892,154438,11,546,2,7200,1.02014652015
153921,153928,154484,7,556,2,7200,1.01258992806
153936,153942,154486,6,544,2,7200,1.01102941176
153951,153958,154462,7,504,2,7200,1.01388888889
153953,153965,154490,12,525,2,7200,1.02285714286
153968,153974,154544,6,570,2,7200,1.01052631579
153990,153997,154532,7,535,2,7200,1.01308411215
154005,154011,154530,6,519,2,7200,1.01156069364
154021,154027,154537,6,510,2,7200,1.01176470588
154022,154034,154572,12,538,2,7200,1.02230483271
154041,154048,154588,7,540,2,7200,1.01296296296
154058,154064,154625,6,561,2,7200,1.01069518717
154074,154080,154637,6,557,2,7200,1.01077199282
154075,154087,154632,12,545,2,7200,1.02201834862
154090,154096,154646,6,550,2,7200,1.01090909091
154106,154113,154669,7,556,2,7200,1.01258992806
154121,154127,154627,6,500,2,7200,1.012
154123,154134,154691,11,557,2,7200,1.0197486535
154139,154145,154693,6,548,2,7200,1.01094890511
154140,154153,154698,13,545,2,7200,1.02385321101
154142,154158,154716,16,558,2,7200,1.02867383513
154143,154164,154651,21,487,2,7200,1.0431211499
154159,154170,154742,11,572,2,7200,1.01923076923
154160,154176,154742,16,566,2,7200,1.02826855124
154179,154186,154712,7,526,2,7200,1.01330798479
154195,154201,154750,6,549,2,7200,1.01092896175
154210,154217,154757,7,540,2,7200,1.01296296296
154212,154224,154783,12,559,2,7200,1.02146690519
154213,154229,154769,16,540,2,7200,1.02962962963
154235,154241,154805,6,564,2,7200,1.01063829787
154250,154257,154793,7,536,2,7200,1.01305970149
154266,154273,154789,7,516,2,7200,1.01356589147
154281,154287,154826,6,539,2,7200,1.01113172542
154296,154303,154840,7,537,2,7200,1.01303538175
154358,154365,154917,7,552,2,7200,1.01268115942
154373,154379,154902,6,523,2,7200,1.01147227533
154401,154408,154982,7,574,2,7200,1.01219512195
154422,154428,154944,6,516,2,7200,1.01162790698
154441,154447,155001,6,554,2,7200,1.01083032491
154456,154462,155026,6,564,2,7200,1.01063829787
154471,154477,155039,6,562,2,7200,1.01067615658
154487,154493,155041,6,548,2,7200,1.01094890511
154488,154501,155063,13,562,2,7200,1.0231316726
154504,154510,155073,6,563,2,7200,1.01065719361
154531,154537,155103,6,566,2,7200,1.01060070671
154547,154553,155117,6,564,2,7200,1.01063829787
154548,154560,155128,12,568,2,7200,1.02112676056
154550,154565,155119,15,554,2,7200,1.02707581227
154575,154581,155137,6,556,2,7200,1.01079136691
154590,154596,155147,6,551,2,7200,1.0108892922
154627,154633,155200,6,567,2,7200,1.01058201058
154642,154648,155187,6,539,2,7200,1.01113172542
154644,154655,155195,11,540,2,7200,1.02037037037
154645,154660,155208,15,548,2,7200,1.02737226277
154660,154666,155204,6,538,2,7200,1.01115241636
154662,154673,155162,11,489,2,7200,1.02249488753
154677,154683,155223,6,540,2,7200,1.01111111111
154692,154700,155280,8,580,2,7200,1.01379310345
154708,154714,155238,6,524,2,7200,1.01145038168
154709,154720,155286,11,566,2,7200,1.01943462898
154725,154731,155262,6,531,2,7200,1.01129943503
154726,154738,155279,12,541,2,7200,1.02218114603
154745,154751,155310,6,559,2,7200,1.01073345259
154746,154758,155314,12,556,2,7200,1.02158273381
154761,154768,155282,7,514,2,7200,1.01361867704
154763,154775,155333,12,558,2,7200,1.02150537634
154778,154784,155297,6,513,2,7200,1.01169590643
154794,154800,155230,6,430,2,7200,1.01395348837
154796,154808,155352,12,544,2,7200,1.02205882353
154797,154813,155372,16,559,2,7200,1.02862254025
154812,154820,155386,8,566,2,7200,1.01413427562
154828,154834,155412,6,578,2,7200,1.01038062284
154843,154849,155418,6,569,2,7200,1.01054481547
154904,154910,155466,6,556,2,7200,1.01079136691
154919,154926,155462,7,536,2,7200,1.01305970149
154947,154953,155493,6,540,2,7200,1.01111111111
154984,154990,155530,6,540,2,7200,1.01111111111
155000,234662,274746,79662,40084,2,54000,2.98737650933
155002,155008,155530,6,522,2,7200,1.01149425287
155027,155033,155600,6,567,2,7200,1.01058201058
155042,155048,155595,6,547,2,7200,1.01096892139
155044,155055,155614,11,559,2,7200,1.01967799642
155065,155071,155603,6,532,2,7200,1.01127819549
155080,155086,155650,6,564,2,7200,1.01063829787
155105,155111,155583,6,472,2,7200,1.01271186441
155120,155126,155666,6,540,2,7200,1.01111111111
155122,155133,155692,11,559,2,7200,1.01967799642
155137,155143,155607,6,464,2,7200,1.01293103448
155139,155149,155650,10,501,2,7200,1.01996007984
155154,155161,155718,7,557,2,7200,1.01256732496
155169,155175,155741,6,566,2,7200,1.01060070671
155191,155197,155754,6,557,2,7200,1.01077199282
155206,155212,155757,6,545,2,7200,1.01100917431
155208,155220,155797,12,577,2,7200,1.02079722704
155209,155225,155764,16,539,2,7200,1.02968460111
155224,155231,155787,7,556,2,7200,1.01258992806
155226,155238,155798,12,560,2,7200,1.02142857143
155241,155247,155785,6,538,2,7200,1.01115241636
155242,155254,155765,12,511,2,7200,1.02348336595
155264,155270,155810,6,540,2,7200,1.01111111111
155279,155286,155769,7,483,2,7200,1.01449275362
155295,155301,155796,6,495,2,7200,1.01212121212
155297,155308,155852,11,544,2,7200,1.02022058824
155298,155314,155825,16,511,2,7200,1.0313111546
155314,155321,155857,7,536,2,7200,1.01305970149
155315,155327,155840,12,513,2,7200,1.02339181287
155316,155333,155849,17,516,2,7200,1.03294573643
155335,155342,155909,7,567,2,7200,1.01234567901
155354,155360,155885,6,525,2,7200,1.01142857143
155375,155382,155925,7,543,2,7200,1.01289134438
155390,155397,155933,7,536,2,7200,1.01305970149
155415,155421,155985,6,564,2,7200,1.01063829787
155430,155437,155992,7,555,2,7200,1.01261261261
155436,155444,156053,8,609,4,3540,1.013136289
155464,155470,155948,6,478,2,7200,1.01255230126
155479,155485,156008,6,523,2,7200,1.01147227533
155494,155502,156068,8,566,2,7200,1.01413427562
155531,155537,156094,6,557,2,7200,1.01077199282
155532,155544,156110,12,566,2,7200,1.02120141343
155584,155590,156160,6,570,2,7200,1.01052631579
155599,155606,156138,7,532,2,7200,1.01315789474
155601,155613,156142,12,529,2,7200,1.02268431002
155617,155623,156183,6,560,2,7200,1.01071428571
155618,155631,156179,13,548,2,7200,1.02372262774
155619,155636,156191,17,555,2,7200,1.03063063063
155650,155656,156197,6,541,2,7200,1.01109057301
155665,155671,156185,6,514,2,7200,1.01167315175
155681,155688,156199,7,511,2,7200,1.01369863014
155696,155702,156215,6,513,2,7200,1.01169590643
155720,155726,156226,6,500,2,7200,1.012
155745,155751,156318,6,567,2,7200,1.01058201058
155760,155766,156283,6,517,2,7200,1.01160541586
155761,155773,156327,12,554,2,7200,1.02166064982
155777,155783,156321,6,538,2,7200,1.01115241636
155779,155790,156338,11,548,2,7200,1.0200729927
155780,155796,156347,16,551,2,7200,1.02903811252
155796,155803,156368,7,565,2,7200,1.01238938053
155797,155809,156380,12,571,2,7200,1.02101576182
155813,155819,156382,6,563,2,7200,1.01065719361
155815,155826,156393,11,567,2,7200,1.01940035273
155816,155832,156394,16,562,2,7200,1.02846975089
155817,155837,156388,20,551,2,7200,1.03629764065
155832,155843,156411,11,568,2,7200,1.01936619718
155838,155849,155850,11,1,2,3540,1.2
155848,155856,156399,8,543,2,7200,1.01473296501
155863,155869,156411,6,542,2,7200,1.0110701107
155865,155876,156411,11,535,2,7200,1.02056074766
155866,155882,156437,16,555,2,7200,1.02882882883
155888,155894,156459,6,565,2,7200,1.01061946903
155912,155919,156487,7,568,2,7200,1.01232394366
155927,155934,156485,7,551,2,7200,1.01270417423
155942,155949,156489,7,540,2,7200,1.01296296296
155958,155964,156535,6,571,2,7200,1.01050788091
155988,155994,156548,6,554,2,7200,1.01083032491
156004,156010,156545,6,535,2,7200,1.01121495327
156019,156025,156590,6,565,2,7200,1.01061946903
156071,156077,156642,6,565,2,7200,1.01061946903
156095,156102,156650,7,548,2,7200,1.01277372263
156110,156117,156673,7,556,2,7200,1.01258992806
156141,156147,156690,6,543,2,7200,1.01104972376
156156,156163,156682,7,519,2,7200,1.01348747592
156172,156178,156703,6,525,2,7200,1.01142857143
156187,156193,156758,6,565,2,7200,1.01061946903
156189,156200,156739,11,539,2,7200,1.02040816327
156190,156206,156772,16,566,2,7200,1.02826855124
156206,156213,156780,7,567,2,7200,1.01234567901
156207,156219,156726,12,507,2,7200,1.02366863905
156208,156225,156767,17,542,2,7200,1.03136531365
156223,156231,156715,8,484,2,7200,1.01652892562
156239,156245,156774,6,529,2,7200,1.01134215501
156284,156291,156848,7,557,2,7200,1.01256732496
156321,156327,156879,6,552,2,7200,1.01086956522
156323,156335,156912,12,577,2,7200,1.02079722704
156338,156344,156901,6,557,2,7200,1.01077199282
156354,156360,156866,6,506,2,7200,1.01185770751
156355,156366,156927,11,561,2,7200,1.01960784314
156370,156376,156939,6,563,2,7200,1.01065719361
156386,156393,156914,7,521,2,7200,1.01343570058
156387,156399,156947,12,548,2,7200,1.02189781022
156403,156409,156959,6,550,2,7200,1.01090909091
156405,156416,156925,11,509,2,7200,1.02161100196
156406,156422,156989,16,567,2,7200,1.02821869489
156407,156427,156957,20,530,2,7200,1.03773584906
156423,156434,156989,11,555,2,7200,1.01981981982
156425,156439,156996,14,557,2,7200,1.02513464991
156426,156444,156958,18,514,2,7200,1.03501945525
156441,156451,157021,10,570,2,7200,1.01754385965
156463,156469,157071,6,602,2,7200,1.00996677741
156487,156494,157045,7,551,2,7200,1.01270417423
156489,156501,157066,12,565,2,7200,1.02123893805
156504,156510,157029,6,519,2,7200,1.01156069364
156538,156545,157075,7,530,2,7200,1.01320754717
156554,156559,157088,5,529,2,7200,1.00945179584
156555,156566,157092,11,526,2,7200,1.02091254753
156592,156598,157170,6,572,2,7200,1.01048951049
156644,156650,157220,6,570,2,7200,1.01052631579
156659,156666,157209,7,543,2,7200,1.01289134438
156675,156681,157209,6,528,2,7200,1.01136363636
156691,156698,157232,7,534,2,7200,1.01310861423
156692,156705,157225,13,520,2,7200,1.025
156708,156714,157212,6,498,2,7200,1.01204819277
156723,156730,157274,7,544,2,7200,1.01286764706
156738,156745,157247,7,502,2,7200,1.01394422311
156754,156761,157324,7,563,2,7200,1.01243339254
156769,156775,157340,6,565,2,7200,1.01061946903
156771,156782,157320,11,538,2,7200,1.02044609665
156787,156794,157350,7,556,2,7200,1.01258992806
156789,156800,157280,11,480,2,7200,1.02291666667
156790,156806,157369,16,563,2,7200,1.02841918295
156851,156858,157421,7,563,2,7200,1.01243339254
156870,156877,157415,7,538,2,7200,1.01301115242
156880,156886,158861,6,1975,1,3600,1.00303797468
156885,156894,157463,9,569,2,7200,1.0158172232
156904,156910,157441,6,531,2,7200,1.01129943503
156919,156926,157441,7,515,2,7200,1.01359223301
156921,156933,157467,12,534,2,7200,1.02247191011
156936,156943,157504,7,561,2,7200,1.01247771836
156938,156950,157492,12,542,2,7200,1.0221402214
156953,156961,157517,8,556,2,7200,1.01438848921
156955,156968,157527,13,559,2,7200,1.02325581395
156971,156977,157539,6,562,2,7200,1.01067615658
156972,156983,157506,11,523,2,7200,1.02103250478
156974,156989,157482,15,493,2,7200,1.03042596349
156993,156999,157537,6,538,2,7200,1.01115241636
156994,157006,157568,12,562,2,7200,1.02135231317
157010,157016,158663,6,1647,4,3600,1.00364298725
157010,157021,157582,11,561,2,7200,1.01960784314
157027,157034,157526,7,492,2,7200,1.01422764228
157043,157050,157416,7,366,2,7200,1.01912568306
157058,157065,157628,7,563,2,7200,1.01243339254
157073,157079,157602,6,523,2,7200,1.01147227533
157075,157087,157651,12,564,2,7200,1.02127659574
157090,157097,157651,7,554,2,7200,1.01263537906
157092,157104,160641,12,3537,16,3600,1.00339270568
157092,157109,157640,17,531,2,7200,1.03201506591
157107,157115,157680,8,565,2,7200,1.01415929204
157171,157179,157743,8,564,2,7200,1.01418439716
157212,157219,157754,7,535,2,7200,1.01308411215
157213,157226,157771,13,545,2,7200,1.02385321101
157215,157231,157756,16,525,2,7200,1.03047619048
157231,157238,157785,7,547,2,7200,1.01279707495
157232,157244,157794,12,550,2,7200,1.02181818182
157248,157255,157820,7,565,2,7200,1.01238938053
157250,157261,157806,11,545,2,7200,1.02018348624
157274,157282,157844,8,562,2,7200,1.01423487544
157290,157297,157825,7,528,2,7200,1.01325757576
157323,157330,157872,7,542,2,7200,1.01291512915
157339,157346,157761,7,415,2,7200,1.01686746988
157354,157361,157868,7,507,2,7200,1.01380670611
157356,157368,157896,12,528,2,7200,1.02272727273
157371,157378,157926,7,548,2,7200,1.01277372263
157418,157425,157995,7,570,2,7200,1.01228070175
157419,157437,157999,18,562,2,7200,1.03202846975
157424,157432,157509,8,77,4,3600,1.1038961039
157434,157444,157991,10,547,2,7200,1.01828153565
157452,157458,158000,6,542,2,7200,1.0110701107
157453,157465,158019,12,554,2,7200,1.02166064982
157469,157475,157997,6,522,2,7200,1.01149425287
157470,157481,158030,11,549,2,7200,1.02003642987
157486,157494,157997,8,503,2,7200,1.01590457256
157501,157508,158000,7,492,2,7200,1.01422764228
157517,157524,158048,7,524,2,7200,1.01335877863
157518,157530,158058,12,528,2,7200,1.02272727273
157536,157542,158037,6,495,2,7200,1.01212121212
157537,157549,158093,12,544,2,7200,1.02205882353
157539,157554,158130,15,576,2,7200,1.02604166667
157554,157561,158089,7,528,2,7200,1.01325757576
157556,157567,158119,11,552,2,7200,1.01992753623
157571,157578,158128,7,550,2,7200,1.01272727273
157586,157593,158126,7,533,2,7200,1.01313320826
157603,157609,158160,6,551,2,7200,1.0108892922
157630,157638,158161,8,523,2,7200,1.01529636711
157646,157653,158215,7,562,2,7200,1.01245551601
157661,157669,158207,8,538,2,7200,1.01486988848
157663,157675,158204,12,529,2,7200,1.02268431002
157681,157689,158130,8,441,2,7200,1.01814058957
157746,157752,158305,6,553,2,7200,1.01084990958
157763,157769,158320,6,551,2,7200,1.0108892922
157764,157776,158268,12,492,2,7200,1.0243902439
157766,157781,158317,15,536,2,7200,1.02798507463
157782,157789,158374,7,585,2,7200,1.01196581197
157798,157805,158314,7,509,2,7200,1.0137524558
157800,157812,158276,12,464,2,7200,1.02586206897
157815,157821,158370,6,549,2,7200,1.01092896175
157832,157839,158359,7,520,2,7200,1.01346153846
157833,157845,158393,12,548,2,7200,1.02189781022
157849,157856,158353,7,497,2,7200,1.01408450704
157871,157878,158431,7,553,2,7200,1.01265822785
157886,157892,158454,6,562,2,7200,1.01067615658
157902,157909,158435,7,526,2,7200,1.01330798479
157930,157936,158519,6,583,2,7200,1.0102915952
157996,158003,158554,7,551,2,7200,1.01270417423
157997,158010,158550,13,540,2,7200,1.02407407407
158014,158020,158527,6,507,2,7200,1.01183431953
158015,158026,158580,11,554,2,7200,1.01985559567
158017,158032,158575,15,543,2,7200,1.02762430939
158018,158037,158576,19,539,2,7200,1.03525046382
158019,158042,158584,23,542,2,7200,1.04243542435
158035,158050,158593,15,543,2,7200,1.02762430939
158037,158055,158606,18,551,2,7200,1.03266787659
158052,158061,158572,9,511,2,7200,1.01761252446
158054,158067,158592,13,525,2,7200,1.02476190476
158069,158075,158576,6,501,2,7200,1.0119760479
158091,158097,158616,6,519,2,7200,1.01156069364
158106,158112,158642,6,530,2,7200,1.01132075472
158121,158127,158693,6,566,2,7200,1.01060070671
158137,158144,158730,7,586,2,7200,1.01194539249
158138,158150,158693,12,543,2,7200,1.02209944751
158140,158156,158700,16,544,2,7200,1.02941176471
158141,158161,158703,20,542,2,7200,1.036900369
158163,158169,158734,6,565,2,7200,1.01061946903
158164,158176,158725,12,549,2,7200,1.0218579235
158207,158214,158774,7,560,2,7200,1.0125
158209,158221,158758,12,537,2,7200,1.02234636872
158224,158230,158769,6,539,2,7200,1.01113172542
158270,158277,158829,7,552,2,7200,1.01268115942
158286,158292,158823,6,531,2,7200,1.01129943503
158307,158313,158844,6,531,2,7200,1.01129943503
158323,158330,158898,7,568,2,7200,1.01232394366
158324,158337,158905,13,568,2,7200,1.02288732394
158326,158342,158895,16,553,2,7200,1.02893309222
158356,158363,158924,7,561,2,7200,1.01247771836
158372,158378,158905,6,527,2,7200,1.01138519924
158373,158384,158946,11,562,2,7200,1.01957295374
158389,158395,158882,6,487,2,7200,1.01232032854
158404,158410,158982,6,572,2,7200,1.01048951049
158429,158436,159006,7,570,2,7200,1.01228070175
158445,158451,159006,6,555,2,7200,1.01081081081
158461,158467,158948,6,481,2,7200,1.01247401247
158520,158526,159074,6,548,2,7200,1.01094890511
158535,158541,159043,6,502,2,7200,1.01195219124
158553,158559,159126,6,567,2,7200,1.01058201058
158568,158576,159100,8,524,2,7200,1.01526717557
158585,158591,159072,6,481,2,7200,1.01247401247
158586,158598,159158,12,560,2,7200,1.02142857143
158588,158603,159167,15,564,2,7200,1.02659574468
158589,158609,159185,20,576,2,7200,1.03472222222
158590,158614,159192,24,578,2,7200,1.04152249135
158592,158619,159160,27,541,2,7200,1.04990757856
158608,158626,159133,18,507,2,7200,1.03550295858
158609,158632,159196,23,564,2,7200,1.04078014184
158611,158637,159133,26,496,2,7200,1.05241935484
158626,158643,159189,17,546,2,7200,1.03113553114
158645,158651,159142,6,491,2,7200,1.01221995927
158695,158702,159251,7,549,2,7200,1.01275045537
158697,158710,159248,13,538,2,7200,1.02416356877
158712,158718,159264,6,546,2,7200,1.01098901099
158714,158724,159273,10,549,2,7200,1.01821493625
158729,158735,159277,6,542,2,7200,1.0110701107
158744,158751,159302,7,551,2,7200,1.01270417423
158746,158758,159315,12,557,2,7200,1.02154398564
158761,158767,159288,6,521,2,7200,1.01151631478
158777,158783,159323,6,540,2,7200,1.01111111111
158778,158790,159344,12,554,2,7200,1.02166064982
158796,158802,160226,6,1424,4,3600,1.00421348315
158828,158835,159384,7,549,2,7200,1.01275045537
158843,158850,159425,7,575,2,7200,1.01217391304
158858,158865,159420,7,555,2,7200,1.01261261261
158883,158889,159434,6,545,2,7200,1.01100917431
158898,158904,159465,6,561,2,7200,1.01069518717
158900,158911,159454,11,543,2,7200,1.02025782689
158912,158919,160313,7,1394,8,3600,1.0050215208
158916,158926,159496,10,570,2,7200,1.01754385965
158917,158931,159502,14,571,2,7200,1.02451838879
158932,158938,159474,6,536,2,7200,1.01119402985
158948,158954,159523,6,569,2,7200,1.01054481547
158950,158961,159465,11,504,2,7200,1.02182539683
158984,158990,159338,6,348,2,7200,1.01724137931
159008,159015,159545,7,530,2,7200,1.01320754717
159010,159021,159577,11,556,2,7200,1.01978417266
159047,159053,159594,6,541,2,7200,1.01109057301
159074,159081,159600,7,519,2,7200,1.01348747592
159076,159088,159616,12,528,2,7200,1.02272727273
159104,159110,159671,6,561,2,7200,1.01069518717
159128,159134,159700,6,566,2,7200,1.01060070671
159144,159150,159707,6,557,2,7200,1.01077199282
159146,159157,159679,11,522,2,7200,1.02107279693
159147,159162,159743,15,581,2,7200,1.02581755594
159162,159169,159595,7,426,2,7200,1.01643192488
159164,159176,159740,12,564,2,7200,1.02127659574
159179,159185,159658,6,473,2,7200,1.01268498943
159195,159201,159764,6,563,2,7200,1.01065719361
159197,159209,159773,12,564,2,7200,1.02127659574
159198,159214,159754,16,540,2,7200,1.02962962963
159213,159220,159780,7,560,2,7200,1.0125
159250,159257,159766,7,509,2,7200,1.0137524558
159266,159272,159804,6,532,2,7200,1.01127819549
159267,159279,159827,12,548,2,7200,1.02189781022
159283,159289,159855,6,566,2,7200,1.01060070671
159284,159296,159844,12,548,2,7200,1.02189781022
159300,159306,159840,6,534,2,7200,1.01123595506
159315,159321,159884,6,563,2,7200,1.01065719361
159316,159328,159882,12,554,2,7200,1.02166064982
159332,159338,159893,6,555,2,7200,1.01081081081
159347,159353,159902,6,549,2,7200,1.01092896175
159349,159359,159911,10,552,2,7200,1.01811594203
159385,159392,159904,7,512,2,7200,1.013671875
159422,159429,159975,7,546,2,7200,1.01282051282
159438,159444,159997,6,553,2,7200,1.01084990958
159439,159452,159999,13,547,2,7200,1.02376599634
159457,159463,159979,6,516,2,7200,1.01162790698
159473,159480,159986,7,506,2,7200,1.01383399209
159474,159486,160024,12,538,2,7200,1.02230483271
159490,159496,160039,6,543,2,7200,1.01104972376
159505,159511,160069,6,558,2,7200,1.01075268817
159506,159517,160076,11,559,2,7200,1.01967799642
159525,159532,160070,7,538,2,7200,1.01301115242
159546,159552,160103,6,551,2,7200,1.0108892922
159580,159586,160137,6,551,2,7200,1.0108892922
159595,159601,160162,6,561,2,7200,1.01069518717
159597,159608,160148,11,540,2,7200,1.02037037037
159612,159618,160184,6,566,2,7200,1.01060070671
159629,159635,160189,6,554,2,7200,1.01083032491
159659,159666,160223,7,557,2,7200,1.01256732496
159675,159681,160217,6,536,2,7200,1.01119402985
159690,159697,160218,7,521,2,7200,1.01343570058
159705,159711,160265,6,554,2,7200,1.01083032491
159721,159728,160287,7,559,2,7200,1.01252236136
159742,159748,160309,6,561,2,7200,1.01069518717
159758,159764,160251,6,487,2,7200,1.01232032854
159759,159770,160343,11,573,2,7200,1.01919720768
159775,159782,160353,7,571,2,7200,1.0122591944
159776,159788,160348,12,560,2,7200,1.02142857143
159777,159794,160347,17,553,2,7200,1.03074141049
159793,159801,160354,8,553,2,7200,1.01446654611
159808,159814,160380,6,566,2,7200,1.01060070671
159829,159836,160381,7,545,2,7200,1.0128440367
159845,159851,160430,6,579,2,7200,1.0103626943
159846,159857,160424,11,567,2,7200,1.01940035273
159862,159869,160446,7,577,2,7200,1.01213171577
159883,159889,160390,6,501,2,7200,1.0119760479
159899,159905,160433,6,528,2,7200,1.01136363636
159901,159912,160428,11,516,2,7200,1.02131782946
159916,159922,160486,6,564,2,7200,1.01063829787
159918,159930,160482,12,552,2,7200,1.02173913043
159919,159935,160453,16,518,2,7200,1.03088803089
159978,159985,160531,7,546,2,7200,1.01282051282
159993,159999,160555,6,556,2,7200,1.01079136691
159994,160005,160547,11,542,2,7200,1.02029520295
160010,160016,160581,6,565,2,7200,1.01061946903
160011,160022,160562,11,540,2,7200,1.02037037037
160027,160033,160582,6,549,2,7200,1.01092896175
160042,160048,160590,6,542,2,7200,1.0110701107
160070,160077,160612,7,535,2,7200,1.01308411215
160085,160092,160644,7,552,2,7200,1.01268115942
160086,160099,160663,13,564,2,7200,1.02304964539
160105,160111,160626,6,515,2,7200,1.01165048544
160138,160145,160689,7,544,2,7200,1.01286764706
160154,160159,160702,5,543,2,7200,1.00920810313
160169,160175,160714,6,539,2,7200,1.01113172542
160188,160194,160733,6,539,2,7200,1.01113172542
160189,160202,160728,13,526,2,7200,1.0247148289
160220,160226,160785,6,559,2,7200,1.01073345259
160222,160234,160776,12,542,2,7200,1.0221402214
160237,160243,160790,6,547,2,7200,1.01096892139
160253,160259,160822,6,563,2,7200,1.01065719361
160268,160275,160828,7,553,2,7200,1.01265822785
160290,160297,160821,7,524,2,7200,1.01335877863
160311,160317,160854,6,537,2,7200,1.01117318436
160345,160351,160885,6,534,2,7200,1.01123595506
160361,160367,160894,6,527,2,7200,1.01138519924
160362,160375,160920,13,545,2,7200,1.02385321101
160364,160380,160898,16,518,2,7200,1.03088803089
160365,160385,160945,20,560,2,7200,1.03571428571
160384,160392,160960,8,568,2,7200,1.01408450704
160386,160398,160940,12,542,2,7200,1.0221402214
160401,160407,160967,6,560,2,7200,1.01071428571
160426,160433,160892,7,459,2,7200,1.01525054466
160428,160439,160983,11,544,2,7200,1.02022058824
160443,160450,161025,7,575,2,7200,1.01217391304
160445,160456,161001,11,545,2,7200,1.02018348624
160460,160466,160967,6,501,2,7200,1.0119760479
160462,160473,161021,11,548,2,7200,1.0200729927
160483,160489,161057,6,568,2,7200,1.01056338028
160498,160504,161071,6,567,2,7200,1.01058201058
160535,160541,161057,6,516,2,7200,1.01162790698
160550,160557,161093,7,536,2,7200,1.01305970149
160565,160571,161129,6,558,2,7200,1.01075268817
160567,160578,161141,11,563,2,7200,1.01953818828
160585,160591,161125,6,534,2,7200,1.01123595506
160586,160598,161116,12,518,2,7200,1.02316602317
160602,160608,161108,6,500,2,7200,1.012
160617,160624,161138,7,514,2,7200,1.01361867704
160632,160638,161154,6,516,2,7200,1.01162790698
160647,160654,161183,7,529,2,7200,1.01323251418
160666,160673,161244,7,571,2,7200,1.0122591944
160692,160699,161255,7,556,2,7200,1.01258992806
160707,160714,161246,7,532,2,7200,1.01315789474
160722,160730,161297,8,567,2,7200,1.01410934744
160738,160744,161299,6,555,2,7200,1.01081081081
160739,160750,161292,11,542,2,7200,1.02029520295
160779,160786,161333,7,547,2,7200,1.01279707495
160795,160801,161361,6,560,2,7200,1.01071428571
160796,160808,161368,12,560,2,7200,1.02142857143
160824,160831,161346,7,515,2,7200,1.01359223301
160825,160838,161396,13,558,2,7200,1.02329749104
160840,160847,161405,7,558,2,7200,1.01254480287
160856,160862,161420,6,558,2,7200,1.01075268817
160886,160892,161445,6,553,2,7200,1.01084990958
160902,160909,161453,7,544,2,7200,1.01286764706
160904,160916,161465,12,549,2,7200,1.0218579235
160905,160921,161440,16,519,2,7200,1.03082851638
160924,160931,161368,7,437,2,7200,1.01601830664
160942,160948,161494,6,546,2,7200,1.01098901099
160958,160964,161519,6,555,2,7200,1.01081081081
160973,160979,161526,6,547,2,7200,1.01096892139
160975,160985,161553,10,568,2,7200,1.0176056338
160976,160991,161543,15,552,2,7200,1.02717391304
160991,160997,161547,6,550,2,7200,1.01090909091
161007,161013,161577,6,564,2,7200,1.01063829787
161025,161032,161543,7,511,2,7200,1.01369863014
161040,161047,161591,7,544,2,7200,1.01286764706
161059,161066,161579,7,513,2,7200,1.01364522417
161060,161073,161604,13,531,2,7200,1.02448210923
161076,161082,161523,6,441,2,7200,1.01360544218
161094,161101,161660,7,559,2,7200,1.01252236136
161109,161115,161658,6,543,2,7200,1.01104972376
161124,161130,161628,6,498,2,7200,1.01204819277
161140,161146,161679,6,533,2,7200,1.01125703565
161142,161153,161686,11,533,2,7200,1.02063789869
161143,161158,161736,15,578,2,7200,1.02595155709
161159,161166,161747,7,581,2,7200,1.01204819277
161160,161172,161726,12,554,2,7200,1.02166064982
161185,161191,161711,6,520,2,7200,1.01153846154
161246,161252,161789,6,537,2,7200,1.01117318436
161248,161260,161829,12,569,2,7200,1.02108963093
161263,161269,161837,6,568,2,7200,1.01056338028
161294,161300,161845,6,545,2,7200,1.01100917431
161309,161317,161869,8,552,2,7200,1.01449275362
161311,161323,161879,12,556,2,7200,1.02158273381
161335,161342,161870,7,528,2,7200,1.01325757576
161350,161357,161853,7,496,2,7200,1.01411290323
161366,161372,161921,6,549,2,7200,1.01092896175
161381,161388,161884,7,496,2,7200,1.01411290323
161382,161394,161910,12,516,2,7200,1.02325581395
161398,161404,161947,6,543,2,7200,1.01104972376
161413,161420,161982,7,562,2,7200,1.01245551601
161428,161434,161970,6,536,2,7200,1.01119402985
161443,161449,161962,6,513,2,7200,1.01169590643
161458,161465,162017,7,552,2,7200,1.01268115942
161460,161472,162042,12,570,2,7200,1.02105263158
161475,161481,162053,6,572,2,7200,1.01048951049
161497,161503,162041,6,538,2,7200,1.01115241636
161521,161527,162075,6,548,2,7200,1.01094890511
161537,161544,162042,7,498,2,7200,1.0140562249
161538,161551,162039,13,488,2,7200,1.02663934426
161555,161561,162120,6,559,2,7200,1.01073345259
161556,161568,162145,12,577,2,7200,1.02079722704
161558,161573,162143,15,570,2,7200,1.02631578947
161559,161578,162120,19,542,2,7200,1.03505535055
161578,161585,162017,7,432,2,7200,1.0162037037
161593,161599,162143,6,544,2,7200,1.01102941176
161595,161607,162147,12,540,2,7200,1.02222222222
161610,161616,162187,6,571,2,7200,1.01050788091
161629,161636,162171,7,535,2,7200,1.01308411215
161660,161666,162201,6,535,2,7200,1.01121495327
161675,161681,162210,6,529,2,7200,1.01134215501
161690,161697,162248,7,551,2,7200,1.01270417423
161692,161704,162233,12,529,2,7200,1.02268431002
161713,161720,162226,7,506,2,7200,1.01383399209
161729,161735,162245,6,510,2,7200,1.01176470588
161744,161750,162294,6,544,2,7200,1.01102941176
161759,161765,162317,6,552,2,7200,1.01086956522
161790,161796,162366,6,570,2,7200,1.01052631579
161833,161839,162383,6,544,2,7200,1.01102941176
161849,161855,162367,6,512,2,7200,1.01171875
161850,161861,162266,11,405,2,7200,1.02716049383
161866,161872,162365,6,493,2,7200,1.0121703854
161882,161888,162385,6,497,2,7200,1.01207243461
161883,161895,162456,12,561,2,7200,1.02139037433
161884,161900,162416,16,516,2,7200,1.03100775194
161900,161906,162459,6,553,2,7200,1.01084990958
161915,161921,162447,6,526,2,7200,1.01140684411
161930,161937,162482,7,545,2,7200,1.0128440367
161949,161955,162492,6,537,2,7200,1.01117318436
161964,161970,162542,6,572,2,7200,1.01048951049
161979,161985,162449,6,464,2,7200,1.01293103448
161995,162001,162518,6,517,2,7200,1.01160541586
162019,162027,162598,8,571,2,7200,1.01401050788
162021,162034,162585,13,551,2,7200,1.02359346642
162043,162050,162601,7,551,2,7200,1.01270417423
162045,162057,162606,12,549,2,7200,1.0218579235
162046,162062,162568,16,506,2,7200,1.03162055336
162048,162068,162611,20,543,2,7200,1.03683241252
162063,162075,162625,12,550,2,7200,1.02181818182
162079,162085,162609,6,524,2,7200,1.01145038168
162122,162128,162668,6,540,2,7200,1.01111111111
162123,162136,162691,13,555,2,7200,1.02342342342
162145,162151,162737,6,586,2,7200,1.01023890785
162147,162158,162701,11,543,2,7200,1.02025782689
162148,162163,162738,15,575,2,7200,1.02608695652
162163,162170,162732,7,562,2,7200,1.01245551601
162178,162185,162750,7,565,2,7200,1.01238938053
162194,162201,162758,7,557,2,7200,1.01256732496
162209,162216,162774,7,558,2,7200,1.01254480287
162211,162223,162612,12,389,2,7200,1.03084832905
162229,162236,162772,7,536,2,7200,1.01305970149
162245,162251,162704,6,453,2,7200,1.01324503311
162246,162258,162752,12,494,2,7200,1.02429149798
162262,162268,162835,6,567,2,7200,1.01058201058
162277,162283,162826,6,543,2,7200,1.01104972376
162296,162302,162826,6,524,2,7200,1.01145038168
162317,162323,162865,6,542,2,7200,1.0110701107
162369,162376,162911,7,535,2,7200,1.01308411215
162371,162383,162929,12,546,2,7200,1.02197802198
162372,162388,162935,16,547,2,7200,1.02925045704
162387,162623,163153,236,530,2,7200,1.44528301887
162389,162680,163245,291,565,2,7200,1.51504424779
162420,162702,163248,282,546,2,7200,1.51648351648
162451,162712,163282,261,570,2,7200,1.45789473684
162452,162720,163292,268,572,2,7200,1.46853146853
162468,162744,163313,276,569,2,7200,1.48506151142
162469,162752,163269,283,517,2,7200,1.54738878143
162484,162757,163294,273,537,2,7200,1.50837988827
162500,162763,163312,263,549,2,7200,1.47905282332
162521,162769,163326,248,557,2,7200,1.44524236984
162546,162775,163314,229,539,2,7200,1.42486085343
162575,162783,163331,208,548,2,7200,1.3795620438
162590,162791,163350,201,559,2,7200,1.3595706619
162606,162837,163382,231,545,2,7200,1.42385321101
162608,162843,163351,235,508,2,7200,1.4625984252
162624,162850,163391,226,541,2,7200,1.41774491682
162625,162876,163448,251,572,2,7200,1.43881118881
162626,162923,163485,297,562,2,7200,1.52846975089
162628,162940,163476,312,536,2,7200,1.58208955224
162643,162947,163461,304,514,2,7200,1.59143968872
162670,163166,163722,496,556,2,7200,1.89208633094
162692,163256,163763,564,507,2,7200,2.1124260355
162708,163263,163813,555,550,2,7200,2.00909090909
162709,163280,163823,571,543,2,7200,2.05156537753
162733,163294,163869,561,575,2,7200,1.97565217391
162749,163304,163857,555,553,2,7200,2.00361663653
162750,163310,163861,560,551,2,7200,2.01633393829
162766,163324,163879,558,555,2,7200,2.00540540541
162768,163331,163844,563,513,2,7200,2.09746588694
162769,163336,163907,567,571,2,7200,1.99299474606
162785,163343,163907,558,564,2,7200,1.98936170213
162786,163348,163883,562,535,2,7200,2.05046728972
162829,163361,163833,532,472,2,7200,2.12711864407
162830,163368,163924,538,556,2,7200,1.96762589928
162846,163394,163903,548,509,2,7200,2.07662082515
162867,163402,163931,535,529,2,7200,2.01134215501
162913,163461,164026,548,565,2,7200,1.96991150442
162932,163472,164007,540,535,2,7200,2.00934579439
162947,163488,164028,541,540,2,7200,2.00185185185
163155,163496,163980,341,484,2,7200,1.70454545455
163246,163734,164275,488,541,2,7200,1.90203327172
163262,163775,164332,513,557,2,7200,1.921005386
163277,163825,164366,548,541,2,7200,2.01293900185
163293,163835,164365,542,530,2,7200,2.02264150943
163294,163845,164342,551,497,2,7200,2.10865191147
163310,163855,164423,545,568,2,7200,1.95950704225
163326,163870,164379,544,509,2,7200,2.06876227898
163327,163877,164411,550,534,2,7200,2.02996254682
163328,163883,164457,555,574,2,7200,1.9668989547
163347,163890,164389,543,499,2,7200,2.08817635271
163349,163897,164419,548,522,2,7200,2.04980842912
163364,163915,164456,551,541,2,7200,2.01848428835
163366,163922,164475,556,553,2,7200,2.00542495479
163384,163927,164471,543,544,2,7200,1.99816176471
163399,163937,164504,538,567,2,7200,1.94885361552
163451,163944,164493,493,549,2,7200,1.89799635701
163467,163992,164526,525,534,2,7200,1.98314606742
163482,164019,164445,537,426,2,7200,2.26056338028
163498,164038,164554,540,516,2,7200,2.04651162791
163724,164045,164592,321,547,2,7200,1.58683729433
163764,164288,164839,524,551,2,7200,1.95099818512
163816,164344,164708,528,364,2,7200,2.45054945055
163831,164354,164902,523,548,2,7200,1.95437956204
163847,164376,164931,529,555,2,7200,1.95315315315
163848,164382,164920,534,538,2,7200,1.99256505576
163864,164392,164949,528,557,2,7200,1.94793536804
163865,164401,164961,536,560,2,7200,1.95714285714
163881,164423,164989,542,566,2,7200,1.95759717314
163882,164431,164978,549,547,2,7200,2.00365630713
163898,164438,164945,540,507,2,7200,2.0650887574
163914,164457,164942,543,485,2,7200,2.11958762887
163915,164467,165026,552,559,2,7200,1.98747763864
163917,164475,165053,558,578,2,7200,1.96539792388
163932,164482,165002,550,520,2,7200,2.05769230769
163934,164489,165055,555,566,2,7200,1.98056537102
163980,164504,165017,524,513,2,7200,2.02144249513
164008,164516,165074,508,558,2,7200,1.91039426523
164026,164538,165077,512,539,2,7200,1.94990723562
164042,164566,165130,524,564,2,7200,1.92907801418
164277,164604,165134,327,530,2,7200,1.61698113208
164335,164720,165259,385,539,2,7200,1.71428571429
164350,164851,165392,501,541,2,7200,1.92606284658
164369,164914,165445,545,531,2,7200,2.0263653484
164370,164931,165491,561,560,2,7200,2.00178571429
164386,164944,165500,558,556,2,7200,2.0035971223
164401,164954,165502,553,548,2,7200,2.00912408759
164416,164960,165506,544,546,2,7200,1.99633699634
164432,164966,165532,534,566,2,7200,1.94346289753
164433,164972,165528,539,556,2,7200,1.96942446043
164449,164991,165545,542,554,2,7200,1.97833935018
164464,165000,165561,536,561,2,7200,1.95543672014
164466,165013,165547,547,534,2,7200,2.02434456929
164481,165028,165611,547,583,2,7200,1.93825042882
164483,165037,165613,554,576,2,7200,1.96180555556
164498,165064,165641,566,577,2,7200,1.98093587522
164513,165070,165565,557,495,2,7200,2.12525252525
164529,165086,165623,557,537,2,7200,2.03724394786
164556,165093,165662,537,569,2,7200,1.94376098418
164593,165141,165629,548,488,2,7200,2.12295081967
164710,165149,165696,439,547,2,7200,1.80255941499
164841,165271,165838,430,567,2,7200,1.75837742504
164905,165404,165973,499,569,2,7200,1.8769771529
164923,165456,166004,533,548,2,7200,1.97262773723
164938,165503,166071,565,568,2,7200,1.99471830986
164954,165511,166050,557,539,2,7200,2.03339517625
164955,165518,166085,563,567,2,7200,1.99294532628
164957,165523,166097,566,574,2,7200,1.98606271777
164972,165539,166083,567,544,2,7200,2.04227941176
164987,165546,166097,559,551,2,7200,2.01451905626
165002,165560,166112,558,552,2,7200,2.01086956522
165004,165565,166120,561,555,2,7200,2.01081081081
165019,165572,166130,553,558,2,7200,1.99103942652
165034,165579,166118,545,539,2,7200,2.01113172542
165056,165623,166114,567,491,2,7200,2.15478615071
165057,165630,166196,573,566,2,7200,2.01236749117
165076,165636,166189,560,553,2,7200,2.01265822785
165091,165643,166182,552,539,2,7200,2.0241187384
165131,165653,166175,522,522,2,7200,2.0
165146,165673,166218,527,545,2,7200,1.96697247706
165260,165707,166213,447,506,2,7200,1.88339920949
165394,165849,166363,455,514,2,7200,1.88521400778
165449,165984,166450,535,466,2,7200,2.14806866953
165495,166016,166560,521,544,2,7200,1.95772058824
165510,166062,166610,552,548,2,7200,2.00729927007
165512,166083,166609,571,526,2,7200,2.0855513308
165513,166094,166642,581,548,2,7200,2.0602189781
165532,166101,166661,569,560,2,7200,2.01607142857
165548,166109,166664,561,555,2,7200,2.01081081081
165549,166114,166654,565,540,2,7200,2.0462962963
165550,166125,166601,575,476,2,7200,2.20798319328
165566,166131,166654,565,523,2,7200,2.08030592734
165567,166137,166618,570,481,2,7200,2.18503118503
165614,166142,166656,528,514,2,7200,2.02723735409
165615,166149,166639,534,490,2,7200,2.08979591837
165631,166187,166729,556,542,2,7200,2.0258302583
165632,166193,166774,561,581,2,7200,1.96557659208
165648,166200,166743,552,543,2,7200,2.01657458564
165663,166207,166763,544,556,2,7200,1.97841726619
165697,166224,166767,527,543,2,7200,1.97053406998
165841,166231,166684,390,453,2,7200,1.86092715232
165975,166376,166919,401,543,2,7200,1.73848987109
166005,166461,167006,456,545,2,7200,1.83669724771
166051,166572,167119,521,547,2,7200,1.95246800731
166073,166612,167161,539,549,2,7200,1.98178506375
166088,166625,167166,537,541,2,7200,1.99260628466
166090,166631,167181,541,550,2,7200,1.98363636364
166105,166638,167202,533,564,2,7200,1.94503546099
166107,166651,167198,544,547,2,7200,1.99451553931
166122,166659,167199,537,540,2,7200,1.99444444444
166124,166666,167201,542,535,2,7200,2.01308411215
166125,166671,167227,546,556,2,7200,1.98201438849
166126,166678,167235,552,557,2,7200,1.99102333932
166142,166683,167213,541,530,2,7200,2.02075471698
166176,166688,167228,512,540,2,7200,1.94814814815
166191,166696,167258,505,562,2,7200,1.89857651246
166192,166740,167306,548,566,2,7200,1.96819787986
166208,166755,167258,547,503,2,7200,2.08747514911
166223,166775,167273,552,498,2,7200,2.10843373494
166224,166782,167280,558,498,2,7200,2.12048192771
166365,166789,167340,424,551,2,7200,1.76950998185
166451,166930,167499,479,569,2,7200,1.84182776801
166564,167017,167554,453,537,2,7200,1.84357541899
166604,167130,167658,526,528,2,7200,1.99621212121
166611,166619,166620,8,1,1,240,1.0
166619,167172,167697,553,525,2,7200,2.05333333333
166621,167179,167720,558,541,2,7200,2.0314232902
166622,167192,167767,570,575,2,7200,1.99130434783
166641,167209,167690,568,481,2,7200,2.18087318087
166657,167216,167757,559,541,2,7200,2.03327171904
166658,167222,167775,564,553,2,7200,2.0198915009
166660,167227,167779,567,552,2,7200,2.02717391304
166661,167233,167792,572,559,2,7200,2.02325581395
166677,167241,167781,564,540,2,7200,2.04444444444
166678,167246,167815,568,569,2,7200,1.99824253076
166693,167253,167819,560,566,2,7200,1.98939929329
166730,167269,167813,539,544,2,7200,1.99080882353
166745,167274,167797,529,523,2,7200,2.01147227533
166764,167284,167835,520,551,2,7200,1.94373865699
166779,167291,167834,512,543,2,7200,1.94290976059
166781,167317,167882,536,565,2,7200,1.94867256637
166922,167352,167858,430,506,2,7200,1.84980237154
167002,167511,167988,509,477,2,7200,2.06708595388
167121,167565,168116,444,551,2,7200,1.8058076225
167163,167670,168220,507,550,2,7200,1.92181818182
167179,167702,168235,523,533,2,7200,1.98123827392
167194,167709,168279,515,570,2,7200,1.90350877193
167210,167732,168278,522,546,2,7200,1.95604395604
167211,167769,168318,558,549,2,7200,2.01639344262
167213,167779,168340,566,561,2,7200,2.00891265597
167214,167787,168358,573,571,2,7200,2.00350262697
167230,167794,168356,564,562,2,7200,2.00355871886
167232,167799,168369,567,570,2,7200,1.99473684211
167233,167806,168372,573,566,2,7200,2.01236749117
167249,167813,168379,564,566,2,7200,1.9964664311
167264,167824,168369,560,545,2,7200,2.02752293578
167266,167832,168385,566,553,2,7200,2.02350813743
167281,167837,168395,556,558,2,7200,1.99641577061
167282,167846,168425,564,579,2,7200,1.97409326425
167307,167852,168400,545,548,2,7200,1.99452554745
167344,167870,168370,526,500,2,7200,2.052
167500,167894,168444,394,550,2,7200,1.71636363636
167555,168000,168548,445,548,2,7200,1.81204379562
167662,168129,168691,467,562,2,7200,1.83096085409
167693,168232,168778,539,546,2,7200,1.98717948718
167708,168247,168804,539,557,2,7200,1.96768402154
167724,168290,168828,566,538,2,7200,2.05204460967
167761,168296,168829,535,533,2,7200,2.00375234522
167776,168330,168891,554,561,2,7200,1.98752228164
167778,168352,168885,574,533,2,7200,2.07692307692
167794,168367,168888,573,521,2,7200,2.09980806142
167795,168375,168947,580,572,2,7200,2.01398601399
167797,168382,168925,585,543,2,7200,2.0773480663
167812,168387,168940,575,553,2,7200,2.03978300181
167828,168392,168945,564,553,2,7200,2.0198915009
167829,168399,168939,570,540,2,7200,2.05555555556
167831,168404,168933,573,529,2,7200,2.0831758034
167846,168409,168975,563,566,2,7200,1.99469964664
167847,168416,169003,569,587,2,7200,1.96933560477
167863,168421,168957,558,536,2,7200,2.04104477612
167884,168436,168976,552,540,2,7200,2.02222222222
167988,168455,169020,467,565,2,7200,1.82654867257
168120,168559,169097,439,538,2,7200,1.81598513011
168220,168703,169270,483,567,2,7200,1.85185185185
168236,168790,169340,554,550,2,7200,2.00727272727
168282,168815,169366,533,551,2,7200,1.96733212341
168283,168840,169374,557,534,2,7200,2.04307116105
168320,168846,169369,526,523,2,7200,2.00573613767
168341,168896,169407,555,511,2,7200,2.08610567515
168360,168903,169419,543,516,2,7200,2.0523255814
168361,168909,169464,548,555,2,7200,1.98738738739
168378,168938,169476,560,538,2,7200,2.04089219331
168379,168945,169512,566,567,2,7200,1.99823633157
168381,168951,169527,570,576,2,7200,1.98958333333
168382,168958,169532,576,574,2,7200,2.00348432056
168398,168963,169525,565,562,2,7200,2.00533807829
168399,168969,169523,570,554,2,7200,2.02888086643
168401,168975,169531,574,556,2,7200,2.03237410072
168416,168986,169501,570,515,2,7200,2.1067961165
168432,168992,169555,560,563,2,7200,1.9946714032
168447,169015,169575,568,560,2,7200,2.01428571429
168551,169031,169597,480,566,2,7200,1.8480565371
168692,169109,169662,417,553,2,7200,1.75406871609
168780,169281,169840,501,559,2,7200,1.89624329159
168805,169354,169892,549,538,2,7200,2.02044609665
168830,169377,169910,547,533,2,7200,2.02626641651
168831,169384,169920,553,536,2,7200,2.03171641791
168886,169391,169894,505,503,2,7200,2.00397614314
168902,169419,169966,517,547,2,7200,1.94515539305
168903,169431,169945,528,514,2,7200,2.02723735409
168928,169476,170019,548,543,2,7200,2.00920810313
168943,169488,170028,545,540,2,7200,2.00925925926
168945,169512,170066,567,554,2,7200,2.02346570397
168946,169525,170078,579,553,2,7200,2.04701627486
168962,169536,170102,574,566,2,7200,2.01413427562
168963,169542,170085,579,543,2,7200,2.06629834254
168964,169547,170081,583,534,2,7200,2.09176029963
168980,169553,170123,573,570,2,7200,2.00526315789
168981,169560,169990,579,430,2,7200,2.34651162791
169006,169566,170080,560,514,2,7200,2.08949416342
169021,169586,170109,565,523,2,7200,2.08030592734
169101,169609,170179,508,570,2,7200,1.89122807018
169272,169674,170197,402,523,2,7200,1.76864244742
169343,169852,170344,509,492,2,7200,2.03455284553
169371,169906,170471,535,565,2,7200,1.94690265487
169372,169911,170451,539,540,2,7200,1.99814814815
169388,169922,170488,534,566,2,7200,1.94346289753
169409,169932,170386,523,454,2,7200,2.15198237885
169424,169957,170410,533,453,2,7200,2.1766004415
169458,169978,170545,520,567,2,7200,1.91710758377
169480,170002,170528,522,526,2,7200,1.99239543726
169504,170030,170596,526,566,2,7200,1.92932862191
169519,170041,170608,522,567,2,7200,1.92063492063
169536,170047,170617,511,570,2,7200,1.89649122807
169537,170053,170603,516,550,2,7200,1.93818181818
169539,170058,170540,519,482,2,7200,2.07676348548
169540,170063,170634,523,571,2,7200,1.91593695271
169541,170069,170590,528,521,2,7200,2.01343570058
169556,170074,170641,518,567,2,7200,1.91358024691
169578,170079,170642,501,563,2,7200,1.88987566607
169600,170085,170612,485,527,2,7200,1.92030360531
169617,169623,169687,6,64,1,900,1.09375
169663,170090,170658,427,568,2,7200,1.75176056338
169844,170096,170655,252,559,2,7200,1.45080500894
169896,170101,170676,205,575,2,7200,1.35652173913
169897,170106,170645,209,539,2,7200,1.38775510204
169913,170112,170670,199,558,2,7200,1.35663082437
169928,170117,170680,189,563,2,7200,1.33570159858
169946,170122,170635,176,513,2,7200,1.34307992203
169968,170128,170677,160,549,2,7200,1.29143897996
169992,170133,170667,141,534,2,7200,1.26404494382
170023,170138,170658,115,520,2,7200,1.22115384615
170038,170144,170701,106,557,2,7200,1.19030520646
170069,170151,170699,82,548,2,7200,1.1496350365
170085,170157,170697,72,540,2,7200,1.13333333333
170086,170162,170684,76,522,2,7200,1.14559386973
170088,170167,170685,79,518,2,7200,1.15250965251
170089,170173,170724,84,551,2,7200,1.15245009074
170105,170178,170691,73,513,2,7200,1.14230019493
170120,170183,170741,63,558,2,7200,1.11290322581
170135,170189,170727,54,538,2,7200,1.10037174721
170179,170195,170715,16,520,2,7200,1.03076923077
170200,170207,170749,7,542,2,7200,1.01291512915
170345,170352,170880,7,528,2,7200,1.01325757576
170388,170394,170876,6,482,2,7200,1.01244813278
170413,170419,170969,6,550,2,7200,1.01090909091
170452,170459,171000,7,541,2,7200,1.01293900185
170474,170481,171036,7,555,2,7200,1.01261261261
170489,170495,170999,6,504,2,7200,1.0119047619
170532,170538,171105,6,567,2,7200,1.01058201058
170547,170554,171093,7,539,2,7200,1.01298701299
170549,170561,171080,12,519,2,7200,1.02312138728
170592,170598,170972,6,374,2,7200,1.01604278075
170607,170614,171121,7,507,2,7200,1.01380670611
170609,170620,171159,11,539,2,7200,1.02040816327
170624,170631,171167,7,536,2,7200,1.01305970149
170626,170637,171167,11,530,2,7200,1.02075471698
170627,170644,171224,17,580,2,7200,1.02931034483
170643,170650,171231,7,581,2,7200,1.01204819277
170644,170656,171184,12,528,2,7200,1.02272727273
170646,170663,171149,17,486,2,7200,1.03497942387
170647,170668,171228,21,560,2,7200,1.0375
170663,170675,171215,12,540,2,7200,1.02222222222
170664,170680,171227,16,547,2,7200,1.02925045704
170666,170685,171159,19,474,2,7200,1.04008438819
170667,170691,171130,24,439,2,7200,1.05466970387
170684,170698,171249,14,551,2,7200,1.02540834846
170686,170703,171274,17,571,2,7200,1.02977232925
170687,170708,171263,21,555,2,7200,1.03783783784
170689,170714,171278,25,564,2,7200,1.04432624113
170690,170719,171289,29,570,2,7200,1.05087719298
170691,170724,171273,33,549,2,7200,1.06010928962
170708,170732,171240,24,508,2,7200,1.04724409449
170709,170737,171294,28,557,2,7200,1.05026929982
170710,170743,171287,33,544,2,7200,1.06066176471
170712,170748,171321,36,573,2,7200,1.06282722513
170713,170753,171308,40,555,2,7200,1.07207207207
170729,170761,171324,32,563,2,7200,1.0568383659
170730,170766,171309,36,543,2,7200,1.06629834254
170732,170771,171261,39,490,2,7200,1.07959183673
170747,170777,171322,30,545,2,7200,1.05504587156
170763,170783,171331,20,548,2,7200,1.03649635036
170877,170884,171446,7,562,2,7200,1.01245551601
170892,170899,171461,7,562,2,7200,1.01245551601
170973,170980,171471,7,491,2,7200,1.01425661914
170974,170987,171550,13,563,2,7200,1.02309058615
171002,171009,171545,7,536,2,7200,1.01305970149
171004,171016,171582,12,566,2,7200,1.02120141343
171038,171045,171578,7,533,2,7200,1.01313320826
171081,171088,171646,7,558,2,7200,1.01254480287
171096,171103,171636,7,533,2,7200,1.01313320826
171112,171118,171666,6,548,2,7200,1.01094890511
171127,171134,171677,7,543,2,7200,1.01289134438
171142,171149,171711,7,562,2,7200,1.01245551601
171158,171165,171721,7,556,2,7200,1.01258992806
171160,171172,171741,12,569,2,7200,1.02108963093
171161,171177,171750,16,573,2,7200,1.02792321117
171177,171184,171762,7,578,2,7200,1.01211072664
171179,171190,171762,11,572,2,7200,1.01923076923
171194,171200,171713,6,513,2,7200,1.01169590643
171219,171226,171737,7,511,2,7200,1.01369863014
171235,171242,171794,7,552,2,7200,1.01268115942
171236,171248,171805,12,557,2,7200,1.02154398564
171238,171254,171807,16,553,2,7200,1.02893309222
171239,171260,171800,21,540,2,7200,1.03888888889
171255,171266,171748,11,482,2,7200,1.02282157676
171256,171272,171823,16,551,2,7200,1.02903811252
171272,171279,171810,7,531,2,7200,1.0131826742
171273,171285,171796,12,511,2,7200,1.02348336595
171289,171297,171850,8,553,2,7200,1.01446654611
171291,171304,171861,13,557,2,7200,1.02333931777
171292,171309,171857,17,548,2,7200,1.03102189781
171294,171315,171789,21,474,2,7200,1.04430379747
171295,171320,171857,25,537,2,7200,1.04655493482
171311,171327,171869,16,542,2,7200,1.0295202952
171313,171332,171837,19,505,2,7200,1.03762376238
171314,171338,171900,24,562,2,7200,1.04270462633
171331,171345,171884,14,539,2,7200,1.02597402597
171332,171350,171887,18,537,2,7200,1.03351955307
171333,171356,171911,23,555,2,7200,1.04144144144
171335,171361,171910,26,549,2,7200,1.04735883424
171449,171455,172013,6,558,2,7200,1.01075268817
171464,171471,172021,7,550,2,7200,1.01272727273
171480,171487,172039,7,552,2,7200,1.01268115942
171548,171554,172107,6,553,2,7200,1.01084990958
171563,171569,172122,6,553,2,7200,1.01084990958
171582,171589,172119,7,530,2,7200,1.01320754717
171597,171603,172166,6,563,2,7200,1.01065719361
171637,171644,172069,7,425,2,7200,1.01647058824
171652,171660,172142,8,482,2,7200,1.01659751037
171668,171675,172214,7,539,2,7200,1.01298701299
171683,171689,172259,6,570,2,7200,1.01052631579
171714,171720,172262,6,542,2,7200,1.0110701107
171715,171728,172300,13,572,2,7200,1.02272727273
171731,171737,172296,6,559,2,7200,1.01073345259
171747,171753,172269,6,516,2,7200,1.01162790698
171748,171759,172239,11,480,2,7200,1.02291666667
171765,171772,172295,7,523,2,7200,1.01338432122
171766,171779,172327,13,548,2,7200,1.02372262774
171767,171784,172333,17,549,2,7200,1.03096539162
171769,171789,172358,20,569,2,7200,1.03514938489
171791,171798,172340,7,542,2,7200,1.01291512915
171807,171813,172368,6,555,2,7200,1.01081081081
171809,171821,172358,12,537,2,7200,1.02234636872
171810,171826,172377,16,551,2,7200,1.02903811252
171811,171831,172381,20,550,2,7200,1.03636363636
171827,171838,172344,11,506,2,7200,1.02173913043
171829,171844,172379,15,535,2,7200,1.02803738318
171830,171849,172408,19,559,2,7200,1.03398926655
171846,171856,172397,10,541,2,7200,1.01848428835
171862,171869,172421,7,552,2,7200,1.01268115942
171863,171876,172369,13,493,2,7200,1.02636916836
171865,171881,172446,16,565,2,7200,1.02831858407
171866,171886,172430,20,544,2,7200,1.03676470588
171881,171893,172431,12,538,2,7200,1.02230483271
171897,171903,172458,6,555,2,7200,1.01081081081
171898,171910,172445,12,535,2,7200,1.02242990654
171914,171921,172462,7,541,2,7200,1.01293900185
171916,171927,172491,11,564,2,7200,1.0195035461
171917,171933,172498,16,565,2,7200,1.02831858407
172016,172022,172553,6,531,2,7200,1.01129943503
172031,172038,172611,7,573,2,7200,1.01221640489
172047,172054,172615,7,561,2,7200,1.01247771836
172072,172079,172632,7,553,2,7200,1.01265822785
172108,172115,172606,7,491,2,7200,1.01425661914
172124,172130,172689,6,559,2,7200,1.01073345259
172126,172138,172687,12,549,2,7200,1.0218579235
172144,172150,172624,6,474,2,7200,1.01265822785
172169,172175,172738,6,563,2,7200,1.01065719361
172218,172224,172771,6,547,2,7200,1.01096892139
172242,172248,172795,6,547,2,7200,1.01096892139
172261,172267,172831,6,564,2,7200,1.01063829787
172276,172283,172832,7,549,2,7200,1.01275045537
172278,172290,172839,12,549,2,7200,1.0218579235
172296,172302,172862,6,560,2,7200,1.01071428571
172298,172309,172847,11,538,2,7200,1.02044609665
172313,172319,172876,6,557,2,7200,1.01077199282
172329,172335,172889,6,554,2,7200,1.01083032491
172344,172350,172892,6,542,2,7200,1.0110701107
172346,172357,172920,11,563,2,7200,1.01953818828
172347,172363,172902,16,539,2,7200,1.02968460111
172363,172369,172925,6,556,2,7200,1.01079136691
172364,172375,172924,11,549,2,7200,1.02003642987
172381,172387,172907,6,520,2,7200,1.01153846154
172382,172394,172933,12,539,2,7200,1.02226345083
172383,172399,172915,16,516,2,7200,1.03100775194
172385,172404,172790,19,386,2,7200,1.04922279793
172386,172409,172953,23,544,2,7200,1.04227941176
172402,172417,172981,15,564,2,7200,1.02659574468
172418,172424,172982,6,558,2,7200,1.01075268817
172433,172440,172975,7,535,2,7200,1.01308411215
172435,172447,172973,12,526,2,7200,1.02281368821
172436,172452,173012,16,560,2,7200,1.02857142857
172453,172460,173011,7,551,2,7200,1.01270417423
172454,172465,173015,11,550,2,7200,1.02
172470,172477,173050,7,573,2,7200,1.01221640489
172471,172483,173017,12,534,2,7200,1.02247191011
172493,172500,173027,7,527,2,7200,1.01328273245
172508,172515,173076,7,561,2,7200,1.01247771836
172554,172561,173117,7,556,2,7200,1.01258992806
172607,172613,173087,6,474,2,7200,1.01265822785
172622,172629,173177,7,548,2,7200,1.01277372263
172624,172636,173182,12,546,2,7200,1.02197802198
172642,172649,173198,7,549,2,7200,1.01275045537
172643,172655,173222,12,567,2,7200,1.02116402116
172690,172697,173242,7,545,2,7200,1.0128440367
172691,172704,173262,13,558,2,7200,1.02329749104
172740,172746,173311,6,565,2,7200,1.01061946903
172774,172781,173297,7,516,2,7200,1.01356589147
172792,172799,173273,7,474,2,7200,1.01476793249
172808,172814,173301,6,487,2,7200,1.01232032854
172836,172843,173405,7,562,2,7200,1.01245551601
172839,172850,173417,11,567,2,7200,1.01940035273
172854,172861,173426,7,565,2,7200,1.01238938053
172855,172867,173403,12,536,2,7200,1.0223880597
172871,172877,173426,6,549,2,7200,1.01092896175
172886,172892,173460,6,568,2,7200,1.01056338028
172902,172908,173434,6,526,2,7200,1.01140684411
172903,172916,173473,13,557,2,7200,1.02333931777
172904,172921,173460,17,539,2,7200,1.03153988868
172921,172927,173481,6,554,2,7200,1.01083032491
172922,172935,173448,13,513,2,7200,1.0253411306
172923,172940,173479,17,539,2,7200,1.03153988868
172939,172947,173429,8,482,2,7200,1.01659751037
172940,172952,173481,12,529,2,7200,1.02268431002
172942,172958,173409,16,451,2,7200,1.0354767184
172957,172965,173494,8,529,2,7200,1.01512287335
172976,172983,173532,7,549,2,7200,1.01275045537
172977,172990,173538,13,548,2,7200,1.02372262774
172993,172999,173524,6,525,2,7200,1.01142857143
172994,173005,173572,11,567,2,7200,1.01940035273
173013,173019,173585,6,566,2,7200,1.01060070671
173014,173026,173543,12,517,2,7200,1.02321083172
173030,173036,173584,6,548,2,7200,1.01094890511
173031,173043,173587,12,544,2,7200,1.02205882353
173033,173048,173556,15,508,2,7200,1.02952755906
173051,173059,173623,8,564,2,7200,1.01418439716
173079,173085,173626,6,541,2,7200,1.01109057301
173094,173100,173622,6,522,2,7200,1.01149425287
173119,173126,173602,7,476,2,7200,1.01470588235
173178,173185,173672,7,487,2,7200,1.01437371663
173197,173204,173783,7,579,2,7200,1.01208981002
173212,173218,173777,6,559,2,7200,1.01073345259
173227,173234,173782,7,548,2,7200,1.01277372263
173243,173250,173822,7,572,2,7200,1.01223776224
173264,173272,173771,8,499,2,7200,1.01603206413
173280,173286,173854,6,568,2,7200,1.01056338028
173298,173304,173867,6,563,2,7200,1.01065719361
173314,173321,173894,7,573,2,7200,1.01221640489
173315,173327,173886,12,559,2,7200,1.02146690519
173407,173413,173882,6,469,2,7200,1.01279317697
173409,173420,173976,11,556,2,7200,1.01978417266
173424,173431,174000,7,569,2,7200,1.01230228471
173426,173437,173987,11,550,2,7200,1.02
173441,173448,173992,7,544,2,7200,1.01286764706
173443,173455,174001,12,546,2,7200,1.02197802198
173444,173461,174023,17,562,2,7200,1.03024911032
173445,173466,174046,21,580,2,7200,1.03620689655
173461,173472,173962,11,490,2,7200,1.02244897959
173463,173478,174014,15,536,2,7200,1.02798507463
173464,173483,174028,19,545,2,7200,1.03486238532
173480,173489,174051,9,562,2,7200,1.01601423488
173481,173495,174069,14,574,2,7200,1.0243902439
173498,173504,174042,6,538,2,7200,1.01115241636
173499,173512,174061,13,549,2,7200,1.02367941712
173500,173517,174068,17,551,2,7200,1.03085299456
173525,173531,174075,6,544,2,7200,1.01102941176
173541,173548,174078,7,530,2,7200,1.01320754717
173542,173554,174115,12,561,2,7200,1.02139037433
173558,173565,174104,7,539,2,7200,1.01298701299
173559,173571,174054,12,483,2,7200,1.0248447205
173574,173582,174144,8,562,2,7200,1.01423487544
173590,173597,174146,7,549,2,7200,1.01275045537
173592,173604,174182,12,578,2,7200,1.02076124567
173593,173609,174174,16,565,2,7200,1.02831858407
173608,173616,174176,8,560,2,7200,1.01428571429
173624,173630,174195,6,565,2,7200,1.01061946903
173625,173637,174187,12,550,2,7200,1.02181818182
173632,173644,173645,12,1,4,1800,1.3
173641,173651,174181,10,530,2,7200,1.01886792453
173675,173681,174228,6,547,2,7200,1.01096892139
173717,173723,175099,6,1376,4,1800,1.00436046512
173773,173781,174306,8,525,2,7200,1.01523809524
173789,173795,174322,6,527,2,7200,1.01138519924
173791,173803,174364,12,561,2,7200,1.02139037433
173792,173808,174372,16,564,2,7200,1.02836879433
173823,173830,174375,7,545,2,7200,1.0128440367
173856,173863,174408,7,545,2,7200,1.0128440367
173872,173878,174405,6,527,2,7200,1.01138519924
173888,173894,174435,6,541,2,7200,1.01109057301
173889,173901,174460,12,559,2,7200,1.02146690519
173904,173911,174479,7,568,2,7200,1.01232394366
173965,173972,174542,7,570,2,7200,1.01228070175
173981,173987,174544,6,557,2,7200,1.01077199282
173996,174002,174563,6,561,2,7200,1.01069518717
173997,174008,174555,11,547,2,7200,1.02010968921
174013,174019,174567,6,548,2,7200,1.01094890511
174014,174026,174590,12,564,2,7200,1.02127659574
174030,174037,174577,7,540,2,7200,1.01296296296
174032,174045,174599,13,554,2,7200,1.02346570397
174033,174050,174583,17,533,2,7200,1.03189493433
174049,174056,174577,7,521,2,7200,1.01343570058
174050,174061,174612,11,551,2,7200,1.01996370236
174066,174073,174614,7,541,2,7200,1.01293900185
174067,174079,174626,12,547,2,7200,1.02193784278
174069,174085,174591,16,506,2,7200,1.03162055336
174085,174092,174631,7,539,2,7200,1.01298701299
174086,174098,174640,12,542,2,7200,1.0221402214
174087,174104,174652,17,548,2,7200,1.03102189781
174089,174109,174672,20,563,2,7200,1.03552397869
174104,174116,174622,12,506,2,7200,1.02371541502
174119,174126,174681,7,555,2,7200,1.01261261261
174147,174154,174688,7,534,2,7200,1.01310861423
174149,174161,174664,12,503,2,7200,1.02385685885
174177,174184,174753,7,569,2,7200,1.01230228471
174178,174191,174749,13,558,2,7200,1.02329749104
174195,174202,174753,7,551,2,7200,1.01270417423
174196,174209,174789,13,580,2,7200,1.0224137931
174197,174214,174766,17,552,2,7200,1.03079710145
174213,174221,174774,8,553,2,7200,1.01446654611
174231,174238,174729,7,491,2,7200,1.01425661914
174308,174315,174831,7,516,2,7200,1.01356589147
174324,174330,174871,6,541,2,7200,1.01109057301
174367,174374,174911,7,537,2,7200,1.01303538175
174382,174389,174949,7,560,2,7200,1.0125
174383,174396,174962,13,566,2,7200,1.02296819788
174408,174415,174977,7,562,2,7200,1.01245551601
174409,174422,174955,13,533,2,7200,1.0243902439
174437,174444,174948,7,504,2,7200,1.01388888889
174462,174468,175047,6,579,2,7200,1.0103626943
174483,174490,175065,7,575,2,7200,1.01217391304
174544,174551,175073,7,522,2,7200,1.01340996169
174546,174557,175118,11,561,2,7200,1.01960784314
174561,174568,175115,7,547,2,7200,1.01279707495
174577,174583,175103,6,520,2,7200,1.01153846154
174578,174590,175153,12,563,2,7200,1.02131438721
174580,174595,175068,15,473,2,7200,1.03171247357
174595,174602,175145,7,543,2,7200,1.01289134438
174597,174609,175170,12,561,2,7200,1.02139037433
174598,174614,175133,16,519,2,7200,1.03082851638
174599,174619,175160,20,541,2,7200,1.03696857671
174615,174627,175183,12,556,2,7200,1.02158273381
174617,174632,175096,15,464,2,7200,1.03232758621
174618,174638,175176,20,538,2,7200,1.03717472119
174635,174645,175203,10,558,2,7200,1.01792114695
174636,174650,175202,14,552,2,7200,1.02536231884
174637,174656,175211,19,555,2,7200,1.03423423423
174654,174663,175177,9,514,2,7200,1.01750972763
174655,174668,175212,13,544,2,7200,1.02389705882
174671,174677,175247,6,570,2,7200,1.01052631579
174686,174693,175237,7,544,2,7200,1.01286764706
174688,174700,175184,12,484,2,7200,1.02479338843
174703,174709,175241,6,532,2,7200,1.01127819549
174731,174737,175304,6,567,2,7200,1.01058201058
174750,174757,175326,7,569,2,7200,1.01230228471
174765,174772,175333,7,561,2,7200,1.01247771836
174767,174779,175314,12,535,2,7200,1.02242990654
174782,174789,175343,7,554,2,7200,1.01263537906
174784,174795,175364,11,569,2,7200,1.01933216169
174799,174805,175330,6,525,2,7200,1.01142857143
174833,174839,175394,6,555,2,7200,1.01081081081
174873,174881,175419,8,538,2,7200,1.01486988848
174913,174921,175474,8,553,2,7200,1.01446654611
174951,174958,175519,7,561,2,7200,1.01247771836
174952,174965,175481,13,516,2,7200,1.02519379845
174968,174974,175533,6,559,2,7200,1.01073345259
174969,174980,175528,11,548,2,7200,1.0200729927
174985,174991,175544,6,553,2,7200,1.01084990958
175049,175055,175621,6,566,2,7200,1.01060070671
175067,175073,175632,6,559,2,7200,1.01073345259
175083,175090,175646,7,556,2,7200,1.01258992806
175084,175096,175672,12,576,2,7200,1.02083333333
175100,175107,175656,7,549,2,7200,1.01275045537
175115,175122,175679,7,557,2,7200,1.01256732496
175117,175129,175629,12,500,2,7200,1.024
175132,175139,175709,7,570,2,7200,1.01228070175
175148,175154,175689,6,535,2,7200,1.01121495327
175150,175162,175683,12,521,2,7200,1.02303262956
175166,175172,175707,6,535,2,7200,1.01121495327
175167,175179,175724,12,545,2,7200,1.02201834862
175183,175190,175764,7,574,2,7200,1.01219512195
175185,175197,175747,12,550,2,7200,1.02181818182
175186,175202,175742,16,540,2,7200,1.02962962963
175202,175208,175776,6,568,2,7200,1.01056338028
175204,175216,175768,12,552,2,7200,1.02173913043
175205,175221,175778,16,557,2,7200,1.02872531418
175221,175228,175666,7,438,2,7200,1.01598173516
175222,175235,175761,13,526,2,7200,1.0247148289
175223,175240,175796,17,556,2,7200,1.03057553957
175239,175247,175795,8,548,2,7200,1.01459854015
175254,175262,175803,8,541,2,7200,1.01478743068
175256,175268,175823,12,555,2,7200,1.02162162162
175305,175311,175878,6,567,2,7200,1.01058201058
175321,175328,175865,7,537,2,7200,1.01303538175
175337,175344,175905,7,561,2,7200,1.01247771836
175338,175351,175876,13,525,2,7200,1.02476190476
175339,175356,175922,17,566,2,7200,1.03003533569
175355,175363,175928,8,565,2,7200,1.01415929204
175370,175376,175939,6,563,2,7200,1.01065719361
175398,175409,175937,11,528,2,7200,1.02083333333
175422,175430,175957,8,527,2,7200,1.01518026565
175478,175485,175971,7,486,2,7200,1.01440329218
175493,175500,176016,7,516,2,7200,1.01356589147
175521,175528,176102,7,574,2,7200,1.01219512195
175536,175543,176078,7,535,2,7200,1.01308411215
175538,175550,176093,12,543,2,7200,1.02209944751
175553,175560,176022,7,462,2,7200,1.01515151515
175621,175627,176163,6,536,2,7200,1.01119402985
175636,175643,176192,7,549,2,7200,1.01275045537
175638,175650,176131,12,481,2,7200,1.02494802495
175653,175659,176220,6,561,2,7200,1.01069518717
175669,175676,176204,7,528,2,7200,1.01325757576
175671,175683,176241,12,558,2,7200,1.02150537634
175687,175693,176258,6,565,2,7200,1.01061946903
175688,175700,176269,12,569,2,7200,1.02108963093
175690,175706,176275,16,569,2,7200,1.02811950791
175709,175715,176287,6,572,2,7200,1.01048951049
175710,175723,176250,13,527,2,7200,1.02466793169
175711,175728,176266,17,538,2,7200,1.03159851301
175727,175734,176258,7,524,2,7200,1.01335877863
175743,175750,176297,7,547,2,7200,1.01279707495
175758,175764,176308,6,544,2,7200,1.01102941176
175774,175782,176339,8,557,2,7200,1.01436265709
175775,175787,176361,12,574,2,7200,1.02090592334
175777,175793,176379,16,586,2,7200,1.02730375427
175792,175800,176319,8,519,2,7200,1.01541425819
175794,175805,176348,11,543,2,7200,1.02025782689
175810,175816,176354,6,538,2,7200,1.01115241636
175811,175822,176372,11,550,2,7200,1.02
175813,175828,176385,15,557,2,7200,1.02692998205
175828,175835,176399,7,564,2,7200,1.01241134752
175856,175863,176965,7,1102,32,7200,1.00635208711
175868,175876,176316,8,440,2,7200,1.01818181818
175884,175892,176365,8,473,2,7200,1.01691331924
175886,175897,176417,11,520,2,7200,1.02115384615
175907,175914,176401,7,487,2,7200,1.01437371663
175926,175932,176422,6,490,2,7200,1.01224489796
175941,175948,176455,7,507,2,7200,1.01380670611
175943,175955,176466,12,511,2,7200,1.02348336595
175944,175960,176478,16,518,2,7200,1.03088803089
175960,175967,176507,7,540,2,7200,1.01296296296
175975,175981,176450,6,469,2,7200,1.01279317697
176019,176025,176580,6,555,2,7200,1.01081081081
176034,176041,176598,7,557,2,7200,1.01256732496
176080,176087,176647,7,560,2,7200,1.0125
176096,176103,176663,7,560,2,7200,1.0125
176111,176118,176647,7,529,2,7200,1.01323251418
176133,176139,176692,6,553,2,7200,1.01084990958
176167,176174,176680,7,506,2,7200,1.01383399209
176194,176200,176736,6,536,2,7200,1.01119402985
176210,176216,176795,6,579,2,7200,1.0103626943
176225,176231,176786,6,555,2,7200,1.01081081081
176244,176251,176820,7,569,2,7200,1.01230228471
176260,176266,176786,6,520,2,7200,1.01153846154
176261,176274,176834,13,560,2,7200,1.02321428571
176262,176279,176737,17,458,2,7200,1.03711790393
176278,176286,176850,8,564,2,7200,1.01418439716
176279,176291,176842,12,551,2,7200,1.02177858439
176281,176298,176822,17,524,2,7200,1.03244274809
176297,176304,176833,7,529,2,7200,1.01323251418
176298,176310,176847,12,537,2,7200,1.02234636872
176316,176322,176811,6,489,2,7200,1.01226993865
176331,176338,176890,7,552,2,7200,1.01268115942
176333,176345,176900,12,555,2,7200,1.02162162162
176349,176355,176903,6,548,2,7200,1.01094890511
176350,176363,176915,13,552,2,7200,1.02355072464
176366,176373,176945,7,572,2,7200,1.01223776224
176368,176380,176894,12,514,2,7200,1.0233463035
176369,176385,176952,16,567,2,7200,1.02821869489
176385,176391,176954,6,563,2,7200,1.01065719361
176387,176399,176965,12,566,2,7200,1.02120141343
176388,176404,176901,16,497,2,7200,1.03219315895
176404,176411,176920,7,509,2,7200,1.0137524558
176405,176418,176910,13,492,2,7200,1.02642276423
176421,176427,176998,6,571,2,7200,1.01050788091
176436,176443,176998,7,555,2,7200,1.01261261261
176452,176459,176980,7,521,2,7200,1.01343570058
176467,176474,177041,7,567,2,7200,1.01234567901
176469,176481,177060,12,579,2,7200,1.0207253886
176484,176490,177009,6,519,2,7200,1.01156069364
176509,176516,177049,7,533,2,7200,1.01313320826
176583,176590,177077,7,487,2,7200,1.01437371663
176601,176607,177172,6,565,2,7200,1.01061946903
176650,176657,177207,7,550,2,7200,1.01272727273
176652,176664,177210,12,546,2,7200,1.02197802198
176667,176673,177212,6,539,2,7200,1.01113172542
176683,176690,177254,7,564,2,7200,1.01241134752
176698,176705,177217,7,512,2,7200,1.013671875
176738,176745,177283,7,538,2,7200,1.01301115242
176739,176752,177328,13,576,2,7200,1.02256944444
176789,176795,177266,6,471,2,7200,1.0127388535
176790,176801,177329,11,528,2,7200,1.02083333333
176805,176811,177348,6,537,2,7200,1.01117318436
176821,176827,177377,6,550,2,7200,1.01090909091
176822,176835,177398,13,563,2,7200,1.02309058615
176838,176844,177410,6,566,2,7200,1.01060070671
176840,176851,177413,11,562,2,7200,1.01957295374
176841,176857,177407,16,550,2,7200,1.02909090909
176857,176863,177405,6,542,2,7200,1.0110701107
176858,176870,177418,12,548,2,7200,1.02189781022
176860,176876,177456,16,580,2,7200,1.0275862069
176891,176897,177464,6,567,2,7200,1.01058201058
176907,176913,177464,6,551,2,7200,1.0108892922
176908,176920,177494,12,574,2,7200,1.02090592334
176910,176926,177479,16,553,2,7200,1.02893309222
176911,176931,177503,20,572,2,7200,1.03496503497
176927,176939,177467,12,528,2,7200,1.02272727273
176929,176944,177426,15,482,2,7200,1.03112033195
176930,176950,177501,20,551,2,7200,1.03629764065
176948,176956,177525,8,569,2,7200,1.01405975395
176964,176970,177530,6,560,2,7200,1.01071428571
176965,176977,177415,12,438,2,7200,1.02739726027
176981,176987,177558,6,571,2,7200,1.01050788091
176982,176995,177476,13,481,2,7200,1.02702702703
177001,177008,177531,7,523,2,7200,1.01338432122
177003,177015,177573,12,558,2,7200,1.02150537634
177018,177024,177547,6,523,2,7200,1.01147227533
177043,177050,177606,7,556,2,7200,1.01258992806
177058,177064,177567,6,503,2,7200,1.01192842942
177073,177080,177546,7,466,2,7200,1.01502145923
177088,177095,177640,7,545,2,7200,1.0128440367
177174,177181,177747,7,566,2,7200,1.01236749117
177209,177215,177757,6,542,2,7200,1.0110701107
177224,177230,177782,6,552,2,7200,1.01086956522
177226,177236,177800,10,564,2,7200,1.01773049645
177227,177242,177724,15,482,2,7200,1.03112033195
177255,177262,177828,7,566,2,7200,1.01236749117
177270,177277,177823,7,546,2,7200,1.01282051282
177285,177293,177863,8,570,2,7200,1.01403508772
177332,177339,177879,7,540,2,7200,1.01296296296
177334,177345,177815,11,470,2,7200,1.02340425532
177349,177355,177919,6,564,2,7200,1.01063829787
177381,177387,177951,6,564,2,7200,1.01063829787
177400,177406,177944,6,538,2,7200,1.01115241636
177416,177423,177945,7,522,2,7200,1.01340996169
177418,177431,177999,13,568,2,7200,1.02288732394
177419,177436,177977,17,541,2,7200,1.0314232902
177421,177441,177983,20,542,2,7200,1.036900369
177422,177446,177877,24,431,2,7200,1.05568445476
177438,177454,177980,16,526,2,7200,1.03041825095
177440,177459,177973,19,514,2,7200,1.03696498054
177458,177466,177920,8,454,2,7200,1.01762114537
177474,177481,177981,7,500,2,7200,1.014
177476,177488,178040,12,552,2,7200,1.02173913043
177477,177493,178053,16,560,2,7200,1.02857142857
177493,177499,177998,6,499,2,7200,1.0120240481
177494,177506,178049,12,543,2,7200,1.02209944751
177510,177517,178035,7,518,2,7200,1.01351351351
177512,177524,178086,12,562,2,7200,1.02135231317
177513,177529,178092,16,563,2,7200,1.02841918295
177529,177536,178075,7,539,2,7200,1.01298701299
177544,177550,178102,6,552,2,7200,1.01086956522
177546,177556,178121,10,565,2,7200,1.01769911504
177561,177569,178134,8,565,2,7200,1.01415929204
177563,177574,178100,11,526,2,7200,1.02091254753
177564,177581,178129,17,548,2,7200,1.03102189781
177580,177587,178082,7,495,2,7200,1.01414141414
177581,177592,178132,11,540,2,7200,1.02037037037
177608,177614,178177,6,563,2,7200,1.01065719361
177642,177648,178217,6,569,2,7200,1.01054481547
177695,177701,179847,6,2146,32,7200,1.00279589935
177725,177732,178249,7,517,2,7200,1.01353965184
177750,177756,178286,6,530,2,7200,1.01132075472
177765,177772,178309,7,537,2,7200,1.01303538175
177784,177791,178331,7,540,2,7200,1.01296296296
177803,177810,178371,7,561,2,7200,1.01247771836
177818,177825,178332,7,507,2,7200,1.01380670611
177834,177840,178379,6,539,2,7200,1.01113172542
177835,177846,178393,11,547,2,7200,1.02010968921
177860,177867,177875,7,8,1,3600,1.5
177866,177874,178441,8,567,2,7200,1.01410934744
177882,177888,178428,6,540,2,7200,1.01111111111
177883,177896,178453,13,557,2,7200,1.02333931777
177920,177926,178497,6,571,2,7200,1.01050788091
177935,177942,178491,7,549,2,7200,1.01275045537
177951,177958,178485,7,527,2,7200,1.01328273245
177952,177963,178532,11,569,2,7200,1.01933216169
177954,177970,178492,16,522,2,7200,1.030651341
177975,177982,178527,7,545,2,7200,1.0128440367
177982,177988,178168,6,180,1,3600,1.03333333333
177991,177998,178535,7,537,2,7200,1.01303538175
177993,178005,178561,12,556,2,7200,1.02158273381
177994,178011,178493,17,482,2,7200,1.03526970954
177995,178016,178373,21,357,2,7200,1.05882352941
178011,178023,178581,12,558,2,7200,1.02150537634
178012,178029,178606,17,577,2,7200,1.0294627383
178037,178044,178474,7,430,2,7200,1.01627906977
178053,178060,178582,7,522,2,7200,1.01340996169
178055,178067,178579,12,512,2,7200,1.0234375
178070,178076,178595,6,519,2,7200,1.01156069364
178086,178092,178605,6,513,2,7200,1.01169590643
178087,178099,178626,12,527,2,7200,1.02277039848
178103,178109,178626,6,517,2,7200,1.01160541586
178105,178116,178666,11,550,2,7200,1.02
178106,178121,178676,15,555,2,7200,1.02702702703
178107,178126,178667,19,541,2,7200,1.03512014787
178123,178133,178663,10,530,2,7200,1.01886792453
178139,178145,178717,6,572,2,7200,1.01048951049
178141,178151,178689,10,538,2,7200,1.01858736059
178142,178157,178723,15,566,2,7200,1.02650176678
178179,178185,178741,6,556,2,7200,1.01079136691
178219,178225,178753,6,528,2,7200,1.01136363636
178250,178257,178825,7,568,2,7200,1.01232394366
178287,178294,178805,7,511,2,7200,1.01369863014
178298,178305,178987,7,682,1,3600,1.01026392962
178312,178320,178855,8,535,2,7200,1.01495327103
178334,178341,178909,7,568,2,7200,1.01232394366
178336,178348,178866,12,518,2,7200,1.02316602317
178373,178379,178958,6,579,2,7200,1.0103626943
178375,178387,178954,12,567,2,7200,1.02116402116
178390,178396,178946,6,550,2,7200,1.01090909091
178405,178413,178967,8,554,2,7200,1.01444043321
178430,178437,178983,7,546,2,7200,1.01282051282
178445,178452,179021,7,569,2,7200,1.01230228471
178461,178468,179032,7,564,2,7200,1.01241134752
178476,178484,179041,8,557,2,7200,1.01436265709
178493,178499,179037,6,538,2,7200,1.01115241636
178494,178507,179028,13,521,2,7200,1.02495201536
178495,178512,179061,17,549,2,7200,1.03096539162
178497,178518,179075,21,557,2,7200,1.03770197487
178513,178525,179093,12,568,2,7200,1.02112676056
178528,178535,179083,7,548,2,7200,1.01277372263
178544,178550,179077,6,527,2,7200,1.01138519924
178545,178557,179061,12,504,2,7200,1.02380952381
178564,178571,179085,7,514,2,7200,1.01361867704
178583,178590,179168,7,578,2,7200,1.01211072664
178585,178597,179180,12,583,2,7200,1.02058319039
178586,178602,179146,16,544,2,7200,1.02941176471
178602,178609,179172,7,563,2,7200,1.01243339254
178617,178623,179166,6,543,2,7200,1.01104972376
178619,178630,179175,11,545,2,7200,1.02018348624
178634,178641,179179,7,538,2,7200,1.01301115242
178636,178647,179186,11,539,2,7200,1.02040816327
178667,178674,179240,7,566,2,7200,1.01236749117
178668,178681,179221,13,540,2,7200,1.02407407407
178684,178690,179159,6,469,2,7200,1.01279317697
178686,178697,179232,11,535,2,7200,1.02056074766
178701,178708,179256,7,548,2,7200,1.01277372263
178716,178724,179274,8,550,2,7200,1.01454545455
178732,178739,179285,7,546,2,7200,1.01282051282
178747,178754,179303,7,549,2,7200,1.01275045537
178763,178770,179319,7,549,2,7200,1.01275045537
178809,178815,179387,6,572,2,7200,1.01048951049
178827,178834,179334,7,500,2,7200,1.014
178858,178865,179412,7,547,2,7200,1.01279707495
178873,178879,179443,6,564,2,7200,1.01063829787
178913,178920,179472,7,552,2,7200,1.01268115942
178950,178957,179475,7,518,2,7200,1.01351351351
178966,178973,179515,7,542,2,7200,1.01291512915
178967,178980,179515,13,535,2,7200,1.02429906542
178983,178990,179566,7,576,2,7200,1.01215277778
178999,179005,179545,6,540,2,7200,1.01111111111
179023,179029,179536,6,507,2,7200,1.01183431953
179039,179046,179581,7,535,2,7200,1.01308411215
179041,179053,179622,12,569,2,7200,1.02108963093
179042,179058,179613,16,555,2,7200,1.02882882883
179058,179065,179603,7,538,2,7200,1.01301115242
179073,179079,179567,6,488,2,7200,1.01229508197
179074,179085,179612,11,527,2,7200,1.02087286528
179090,179097,179629,7,532,2,7200,1.01315789474
179092,179104,179646,12,542,2,7200,1.0221402214
179093,179109,179673,16,564,2,7200,1.02836879433
179095,179115,179697,20,582,2,7200,1.03436426117
179110,179122,179657,12,535,2,7200,1.02242990654
179147,179153,179693,6,540,2,7200,1.01111111111
179162,179170,179719,8,549,2,7200,1.014571949
179179,179186,179752,7,566,2,7200,1.01236749117
179181,179192,179716,11,524,2,7200,1.02099236641
179182,179198,179745,16,547,2,7200,1.02925045704
179183,179203,179757,20,554,2,7200,1.03610108303
179185,179209,179775,24,566,2,7200,1.04240282686
179201,179216,179780,15,564,2,7200,1.02659574468
179202,179221,179738,19,517,2,7200,1.03675048356
179221,179228,179795,7,567,2,7200,1.01234567901
179224,179235,180146,11,911,1,3600,1.01207464325
179236,179242,179777,6,535,2,7200,1.01121495327
179251,179258,179764,7,506,2,7200,1.01383399209
179267,179274,179828,7,554,2,7200,1.01263537906
179283,179290,179833,7,543,2,7200,1.01289134438
179298,179305,179847,7,542,2,7200,1.01291512915
179313,179319,179835,6,516,2,7200,1.01162790698
179328,179334,179847,6,513,2,7200,1.01169590643
179344,179351,179851,7,500,2,7200,1.014
179390,179396,179965,6,569,2,7200,1.01054481547
179414,179421,179985,7,564,2,7200,1.01241134752
179445,179452,180001,7,549,2,7200,1.01275045537
179473,179479,180049,6,570,2,7200,1.01052631579
179488,179495,180059,7,564,2,7200,1.01241134752
179516,179523,180093,7,570,2,7200,1.01228070175
179517,179530,180074,13,544,2,7200,1.02389705882
179539,179545,180067,6,522,2,7200,1.01149425287
179554,179561,180068,7,507,2,7200,1.01380670611
179570,179576,180130,6,554,2,7200,1.01083032491
179571,179583,180134,12,551,2,7200,1.02177858439
179587,179594,180149,7,555,2,7200,1.01261261261
179605,179613,179965,8,352,2,7200,1.02272727273
179621,179627,180178,6,551,2,7200,1.0108892922
179623,179633,180132,10,499,2,7200,1.02004008016
179638,179644,180194,6,550,2,7200,1.01090909091
179639,179651,180219,12,568,2,7200,1.02112676056
179655,179662,180181,7,519,2,7200,1.01348747592
179671,179677,180154,6,477,2,7200,1.01257861635
179686,179692,180274,6,582,2,7200,1.01030927835
179701,179708,180279,7,571,2,7200,1.0122591944
179703,179714,180279,11,565,2,7200,1.01946902655
179718,179726,180279,8,553,2,7200,1.01446654611
179734,179740,180321,6,581,2,7200,1.01032702238
179750,179756,180314,6,558,2,7200,1.01075268817
179751,179762,180332,11,570,2,7200,1.01929824561
179767,179773,180327,6,554,2,7200,1.01083032491
179769,179780,180331,11,551,2,7200,1.01996370236
179770,179786,180288,16,502,2,7200,1.03187250996
179786,179793,180321,7,528,2,7200,1.01325757576
179787,179799,180331,12,532,2,7200,1.02255639098
179789,179805,180366,16,561,2,7200,1.02852049911
179804,179812,180375,8,563,2,7200,1.01420959147
179832,179839,180395,7,556,2,7200,1.01258992806
179849,179855,180415,6,560,2,7200,1.01071428571
179850,179863,180423,13,560,2,7200,1.02321428571
179851,179868,180263,17,395,2,7200,1.04303797468
179853,179873,180416,20,543,2,7200,1.03683241252
179868,179880,180419,12,539,2,7200,1.02226345083
179967,179974,180540,7,566,2,7200,1.01236749117
179968,179981,180533,13,552,2,7200,1.02355072464
179987,179993,180532,6,539,2,7200,1.01113172542
180002,180010,180503,8,493,2,7200,1.01622718053
180052,180058,180598,6,540,2,7200,1.01111111111
180067,180073,180624,6,551,2,7200,1.0108892922
180068,180080,180630,12,550,2,7200,1.02181818182
180084,180090,180648,6,558,2,7200,1.01075268817
180086,180097,180636,11,539,2,7200,1.02040816327
180101,180108,180657,7,549,2,7200,1.01275045537
180132,180138,180718,6,580,2,7200,1.01034482759
180148,180154,180733,6,579,2,7200,1.0103626943
180149,180162,180664,13,502,2,7200,1.02589641434
180151,180167,180711,16,544,2,7200,1.02941176471
180166,180173,180625,7,452,2,7200,1.01548672566
180182,180188,180707,6,519,2,7200,1.01156069364
180184,180196,180762,12,566,2,7200,1.02120141343
180199,180205,180751,6,546,2,7200,1.01098901099
180221,180227,180803,6,576,2,7200,1.01041666667
180264,180270,180726,6,456,2,7200,1.01315789474
180281,180287,180796,6,509,2,7200,1.01178781925
180282,180294,180848,12,554,2,7200,1.02166064982
180284,180299,180863,15,564,2,7200,1.02659574468
180285,180305,180817,20,512,2,7200,1.0390625
180301,180312,180859,11,547,2,7200,1.02010968921
180316,180323,180881,7,558,2,7200,1.01254480287
180332,180338,180905,6,567,2,7200,1.01058201058
180334,180345,180884,11,539,2,7200,1.02040816327
180335,180351,180916,16,565,2,7200,1.02831858407
180336,180356,180929,20,573,2,7200,1.03490401396
180338,180361,180940,23,579,2,7200,1.03972366149
180339,180367,180922,28,555,2,7200,1.05045045045
180368,180375,180923,7,548,2,7200,1.01277372263
180383,180390,180970,7,580,2,7200,1.01206896552
180398,180404,180940,6,536,2,7200,1.01119402985
180417,180423,180962,6,539,2,7200,1.01113172542
180418,180430,180976,12,546,2,7200,1.02197802198
180434,180441,180993,7,552,2,7200,1.01268115942
180435,180448,180871,13,423,2,7200,1.03073286052
180506,180512,180967,6,455,2,7200,1.01318681319
180534,180541,181086,7,545,2,7200,1.0128440367
180535,180548,181093,13,545,2,7200,1.02385321101
180555,180562,181122,7,560,2,7200,1.0125
180601,180607,181151,6,544,2,7200,1.01102941176
180626,180633,181189,7,556,2,7200,1.01258992806
180628,180639,181163,11,524,2,7200,1.02099236641
180643,180649,181208,6,559,2,7200,1.01073345259
180644,180655,181136,11,481,2,7200,1.02286902287
180660,180666,181211,6,545,2,7200,1.01100917431
180661,180673,181239,12,566,2,7200,1.02120141343
180671,180680,180686,9,6,1,3600,1.5
180676,180687,181252,11,565,2,7200,1.01946902655
180707,180713,181252,6,539,2,7200,1.01113172542
180722,180728,181290,6,562,2,7200,1.01067615658
180723,180735,181277,12,542,2,7200,1.0221402214
180739,180746,181229,7,483,2,7200,1.01449275362
180740,180751,181283,11,532,2,7200,1.02067669173
180755,180761,181324,6,563,2,7200,1.01065719361
180770,180777,181287,7,510,2,7200,1.0137254902
180781,180787,180871,6,84,1,3600,1.07142857143
180798,180804,181367,6,563,2,7200,1.01065719361
180813,180819,181364,6,545,2,7200,1.01100917431
180829,180836,181374,7,538,2,7200,1.01301115242
180850,180856,181408,6,552,2,7200,1.01086956522
180866,180872,181432,6,560,2,7200,1.01071428571
180867,180881,181412,14,531,2,7200,1.0263653484
180883,180891,181453,8,562,2,7200,1.01423487544
180885,180898,181465,13,567,2,7200,1.02292768959
180901,180907,181442,6,535,2,7200,1.01121495327
180917,180924,181465,7,541,2,7200,1.01293900185
180919,180930,181468,11,538,2,7200,1.02044609665
180935,180942,181481,7,539,2,7200,1.01298701299
180936,180947,181495,11,548,2,7200,1.0200729927
180938,180955,181495,17,540,2,7200,1.03148148148
180953,180961,181487,8,526,2,7200,1.01520912548
180954,180967,181515,13,548,2,7200,1.02372262774
180971,180977,181523,6,546,2,7200,1.01098901099
180972,180984,181553,12,569,2,7200,1.02108963093
180973,180989,181538,16,549,2,7200,1.029143898
180989,180995,181529,6,534,2,7200,1.01123595506
181004,181010,181348,6,338,1,3600,1.01775147929
181005,181017,181558,12,541,2,7200,1.02218114603
181089,181096,181653,7,557,2,7200,1.01256732496
181104,181110,181671,6,561,2,7200,1.01069518717
181123,181130,181666,7,536,2,7200,1.01305970149
181138,181145,181699,7,554,2,7200,1.01263537906
181153,181160,181690,7,530,2,7200,1.01320754717
181169,181175,181689,6,514,2,7200,1.01167315175
181190,181197,181705,7,508,2,7200,1.01377952756
181209,181216,181756,7,540,2,7200,1.01296296296
181224,181230,181679,6,449,2,7200,1.01336302895
181239,181245,181732,6,487,2,7200,1.01232032854
181241,181253,181827,12,574,2,7200,1.02090592334
181256,181262,181831,6,569,2,7200,1.01054481547
181258,181269,181834,11,565,2,7200,1.01946902655
181279,181286,181787,7,501,2,7200,1.01397205589
181295,181301,181823,6,522,2,7200,1.01149425287
181297,181308,181853,11,545,2,7200,1.02018348624
181298,181314,181777,16,463,2,7200,1.03455723542
181326,181333,181889,7,556,2,7200,1.01258992806
181366,181373,181902,7,529,2,7200,1.01323251418
181381,181388,181912,7,524,2,7200,1.01335877863
181383,181395,181918,12,523,2,7200,1.02294455067
181411,181418,181968,7,550,2,7200,1.01272727273
181426,181432,181883,6,451,2,7200,1.0133037694
181441,181447,181995,6,548,2,7200,1.01094890511
181457,181464,182050,7,586,2,7200,1.01194539249
181458,181471,181952,13,481,2,7200,1.02702702703
181474,181480,182008,6,528,2,7200,1.01136363636
181476,181487,182040,11,553,2,7200,1.0198915009
181477,181493,181930,16,437,2,7200,1.03661327231
181493,181500,182046,7,546,2,7200,1.01282051282
181494,181506,182017,12,511,2,7200,1.02348336595
181510,181516,182066,6,550,2,7200,1.01090909091
181511,181524,182079,13,555,2,7200,1.02342342342
181527,181534,182104,7,570,2,7200,1.01228070175
181528,181540,182077,12,537,2,7200,1.02234636872
181537,181548,181555,11,7,1,1800,1.8
181544,181555,182116,11,561,2,7200,1.01960784314
181545,181560,182126,15,566,2,7200,1.02650176678
181561,181567,182134,6,567,2,7200,1.01058201058
181564,181574,182112,10,538,2,7200,1.01858736059
181631,181638,182198,7,560,1,3600,1.0125
181656,181662,182214,6,552,2,7200,1.01086956522
181671,181678,182163,7,485,2,7200,1.01443298969
181687,181693,182201,6,508,2,7200,1.01181102362
181688,181700,182246,12,546,2,7200,1.02197802198
181704,181710,182225,6,515,2,7200,1.01165048544
181705,181716,182266,11,550,2,7200,1.02
181706,181722,182192,16,470,2,7200,1.03404255319
181721,181728,182235,7,507,2,7200,1.01380670611
181736,181742,181823,6,81,1,1800,1.07407407407
181737,181749,182291,12,542,2,7200,1.0221402214
181755,181762,181882,7,120,1,3600,1.05833333333
181758,181769,182322,11,553,2,7200,1.0198915009
181780,181787,182328,7,541,2,7200,1.01293900185
181795,181801,182343,6,542,2,7200,1.0110701107
181826,181832,182377,6,545,2,7200,1.01100917431
181842,181848,182423,6,575,2,7200,1.01043478261
181843,181855,182355,12,500,2,7200,1.024
181845,181861,182418,16,557,2,7200,1.02872531418
181860,181868,182383,8,515,2,7200,1.01553398058
181885,181892,182464,7,572,2,7200,1.01223776224
181901,181908,182462,7,554,2,7200,1.01263537906
181916,181924,182464,8,540,2,7200,1.01481481481
181918,181931,182452,13,521,2,7200,1.02495201536
181933,181941,182466,8,525,2,7200,1.01523809524
181935,181948,182400,13,452,2,7200,1.02876106195
181954,181961,182488,7,527,2,7200,1.01328273245
181969,181975,182530,6,555,2,7200,1.01081081081
181996,182003,182445,7,442,2,7200,1.01583710407
182011,182017,182343,6,326,1,3600,1.01840490798
182012,182025,182367,13,342,2,7200,1.03801169591
182028,182034,182601,6,567,2,7200,1.01058201058
182043,182050,182579,7,529,2,7200,1.01323251418
182059,182066,182616,7,550,2,7200,1.01272727273
182060,182073,182640,13,567,2,7200,1.02292768959
182076,182083,182644,7,561,2,7200,1.01247771836
182086,182094,182195,8,101,1,1800,1.07920792079
182091,182101,182658,10,557,2,7200,1.01795332136
182093,182106,182649,13,543,2,7200,1.02394106814
182109,182115,182637,6,522,2,7200,1.01149425287
182124,182131,182696,7,565,2,7200,1.01238938053
182126,182137,182701,11,564,2,7200,1.0195035461
182142,182149,182709,7,560,2,7200,1.0125
182143,182155,182723,12,568,2,7200,1.02112676056
182165,182172,182716,7,544,2,7200,1.01286764706
182196,182205,182764,9,559,2,7200,1.01610017889
182212,182218,182782,6,564,2,7200,1.01063829787
182228,182234,182792,6,558,2,7200,1.01075268817
182229,182241,182806,12,565,2,7200,1.02123893805
182245,182252,182808,7,556,2,7200,1.01258992806
182261,182267,182821,6,554,2,7200,1.01083032491
182276,182284,182813,8,529,2,7200,1.01512287335
182292,182299,182868,7,569,2,7200,1.01230228471
182326,182332,182849,6,517,2,7200,1.01160541586
182341,182347,182915,6,568,2,7200,1.01056338028
182357,182364,182935,7,571,2,7200,1.0122591944
182359,182371,182941,12,570,2,7200,1.02105263158
182374,182381,182937,7,556,2,7200,1.01258992806
182390,182396,182869,6,473,2,7200,1.01268498943
182391,182402,182928,11,526,2,7200,1.02091254753
182406,182412,182993,6,581,2,7200,1.01032702238
182422,182429,182937,7,508,2,7200,1.01377952756
182437,182444,183025,7,581,2,7200,1.01204819277
182453,182459,183022,6,563,2,7200,1.01065719361
182455,182466,183009,11,543,2,7200,1.02025782689
182471,182478,182926,7,448,2,7200,1.015625
182472,182484,183048,12,564,2,7200,1.02127659574
182474,182491,183030,17,539,2,7200,1.03153988868
182475,182496,183026,21,530,2,7200,1.03962264151
182490,182503,183027,13,524,2,7200,1.02480916031
182533,182541,183098,8,557,2,7200,1.01436265709
182572,182580,183566,8,986,1,3600,1.00811359026
182580,182587,183144,7,557,2,7200,1.01256732496
182604,182611,183182,7,571,2,7200,1.0122591944
182620,182626,183205,6,579,2,7200,1.0103626943
182638,182644,183209,6,565,2,7200,1.01061946903
182654,182660,183191,6,531,2,7200,1.01129943503
182656,182668,183232,12,564,2,7200,1.02127659574
182657,182673,183250,16,577,2,7200,1.02772963605
182672,182680,183191,8,511,2,7200,1.0156555773
182697,182703,183231,6,528,2,7200,1.01136363636
182713,182719,183265,6,546,2,7200,1.01098901099
182714,182727,183286,13,559,2,7200,1.02325581395
182730,182737,183258,7,521,2,7200,1.01343570058
182732,182743,183308,11,565,2,7200,1.01946902655
182765,182772,183302,7,530,2,7200,1.01320754717
182784,182790,183328,6,538,2,7200,1.01115241636
182799,182805,183366,6,561,2,7200,1.01069518717
182815,182822,183392,7,570,2,7200,1.01228070175
182816,182829,183380,13,551,2,7200,1.02359346642
182818,182834,183366,16,532,2,7200,1.03007518797
182833,182841,183392,8,551,2,7200,1.01451905626
182852,182858,183427,6,569,2,7200,1.01054481547
182864,182870,183250,6,380,1,1800,1.01578947368
182870,182877,183443,7,566,2,7200,1.01236749117
182872,182885,183430,13,545,2,7200,1.02385321101
182918,182925,183462,7,537,2,7200,1.01303538175
182934,182940,183458,6,518,2,7200,1.01158301158
182935,182946,183499,11,553,2,7200,1.0198915009
182951,182957,183485,6,528,2,7200,1.01136363636
182952,182963,183496,11,533,2,7200,1.02063789869
182954,182969,183505,15,536,2,7200,1.02798507463
182955,182974,183527,19,553,2,7200,1.03435804702
182996,183003,183541,7,538,2,7200,1.01301115242
183011,183017,183552,6,535,2,7200,1.01121495327
183028,183034,183561,6,527,2,7200,1.01138519924
183029,183041,183555,12,514,2,7200,1.0233463035
183030,183046,183599,16,553,2,7200,1.02893309222
183032,183052,183617,20,565,2,7200,1.03539823009
183048,183064,183538,16,474,2,7200,1.03375527426
183052,183059,183087,7,28,32,7200,1.25
183064,183072,183629,8,557,2,7200,1.01436265709
183101,183108,183649,7,541,2,7200,1.01293900185
183147,183154,183662,7,508,2,7200,1.01377952756
183184,183190,183740,6,550,2,7200,1.01090909091
183199,183206,183768,7,562,2,7200,1.01245551601
183201,183214,183740,13,526,2,7200,1.0247148289
183217,183224,183773,7,549,2,7200,1.01275045537
183218,183231,183768,13,537,2,7200,1.02420856611
183234,183241,183773,7,532,2,7200,1.01315789474
183235,183248,183791,13,543,2,7200,1.02394106814
183254,183261,183836,7,575,2,7200,1.01217391304
183270,183277,183844,7,567,2,7200,1.01234567901
183271,183284,183739,13,455,2,7200,1.02857142857
183290,183296,183838,6,542,2,7200,1.0110701107
183306,183313,183843,7,530,2,7200,1.01320754717
183321,183327,183841,6,514,2,7200,1.01167315175
183336,183342,183877,6,535,2,7200,1.01121495327
183367,183374,183932,7,558,2,7200,1.01254480287
183369,183382,183956,13,574,2,7200,1.02264808362
183385,183392,183930,7,538,2,7200,1.01301115242
183400,183406,183909,6,503,2,7200,1.01192842942
183402,183413,183958,11,545,2,7200,1.02018348624
183430,183437,183969,7,532,2,7200,1.01315789474
183445,183452,183975,7,523,2,7200,1.01338432122
183447,183459,184026,12,567,2,7200,1.02116402116
183462,183469,184022,7,553,2,7200,1.01265822785
183464,183476,184049,12,573,2,7200,1.02094240838
183488,183495,184035,7,540,2,7200,1.01296296296
183505,183510,184029,5,519,2,7200,1.00963391137
183506,183517,184060,11,543,2,7200,1.02025782689
183507,183523,184054,16,531,2,7200,1.03013182674
183529,183536,184101,7,565,2,7200,1.01238938053
183545,183551,184070,6,519,2,7200,1.01156069364
183546,183558,184125,12,567,2,7200,1.02116402116
183562,183568,184119,6,551,2,7200,1.0108892922
183563,183576,184137,13,561,2,7200,1.02317290553
183565,183581,184140,16,559,2,7200,1.02862254025
183603,183610,184152,7,542,2,7200,1.01291512915
183618,183624,184188,6,564,2,7200,1.01063829787
183634,183641,184186,7,545,2,7200,1.0128440367
183652,183659,184088,7,429,2,7200,1.01631701632
183667,183674,184238,7,564,2,7200,1.01241134752
183741,183748,184317,7,569,2,7200,1.01230228471
183742,183755,184311,13,556,2,7200,1.02338129496
183743,183760,184305,17,545,2,7200,1.03119266055
183768,183776,184341,8,565,2,7200,1.01415929204
183770,183783,184353,13,570,2,7200,1.02280701754
183785,183792,184355,7,563,2,7200,1.01243339254
183787,183798,184349,11,551,2,7200,1.01996370236
183802,183809,184379,7,570,2,7200,1.01228070175
183839,183846,184386,7,540,2,7200,1.01296296296
183840,183853,184351,13,498,2,7200,1.02610441767
183856,183862,184426,6,564,2,7200,1.01063829787
183857,183868,184422,11,554,2,7200,1.01985559567
183859,183874,184405,15,531,2,7200,1.02824858757
183880,183887,184448,7,561,2,7200,1.01247771836
183911,183917,184481,6,564,2,7200,1.01063829787
183932,183939,184474,7,535,2,7200,1.01308411215
183934,183946,184499,12,553,2,7200,1.02169981917
183959,183966,184486,7,520,2,7200,1.01346153846
183960,183973,184522,13,549,2,7200,1.02367941712
183976,183983,184510,7,527,2,7200,1.01328273245
183977,183989,184526,12,537,2,7200,1.02234636872
184023,184031,184558,8,527,2,7200,1.01518026565
184039,184045,184514,6,469,2,7200,1.01279317697
184040,184051,184612,11,561,2,7200,1.01960784314
184042,184057,184615,15,558,2,7200,1.02688172043
184057,184064,184597,7,533,2,7200,1.01313320826
184059,184071,184599,12,528,2,7200,1.02272727273
184074,184080,184651,6,571,2,7200,1.01050788091
184076,184088,184658,12,570,2,7200,1.02105263158
184091,184097,184643,6,546,2,7200,1.01098901099
184106,184114,184669,8,555,2,7200,1.01441441441
184123,184130,184664,7,534,2,7200,1.01310861423
184138,184145,184681,7,536,2,7200,1.01305970149
184140,184151,184715,11,564,2,7200,1.0195035461
184154,184160,184167,6,7,1,1800,1.3
184155,184167,184671,12,504,2,7200,1.02380952381
184157,184172,184715,15,543,2,7200,1.02762430939
184188,184195,184737,7,542,2,7200,1.01291512915
184189,184202,184738,13,536,2,7200,1.02425373134
184242,184248,184798,6,550,2,7200,1.01090909091
184307,184313,184842,6,529,2,7200,1.01134215501
184322,184329,184875,7,546,2,7200,1.01282051282
184324,184336,184895,12,559,2,7200,1.02146690519
184342,184348,184905,6,557,2,7200,1.01077199282
184358,184365,184911,7,546,2,7200,1.01282051282
184359,184371,184944,12,573,2,7200,1.02094240838
184361,184377,184925,16,548,2,7200,1.02919708029
184362,184382,184915,20,533,2,7200,1.03752345216
184380,184388,184921,8,533,2,7200,1.01500938086
184396,184402,184928,6,526,2,7200,1.01140684411
184411,184418,184923,7,505,2,7200,1.01386138614
184421,184428,184607,7,179,1,3600,1.03910614525
184427,184434,184949,7,515,2,7200,1.01359223301
184428,184440,184964,12,524,2,7200,1.02290076336
184450,184457,184998,7,541,2,7200,1.01293900185
184477,184485,185037,8,552,2,7200,1.01449275362
184493,184499,185040,6,541,2,7200,1.01109057301
184495,184506,185070,11,564,2,7200,1.0195035461
184506,184513,184557,7,44,1,1800,1.15909090909
184510,184519,185055,9,536,2,7200,1.01679104478
184511,184525,184967,14,442,2,7200,1.03167420814
184527,184534,185095,7,561,2,7200,1.01247771836
184529,184541,185098,12,557,2,7200,1.02154398564
184530,184546,185049,16,503,2,7200,1.03180914513
184561,184568,185137,7,569,2,7200,1.01230228471
184601,184608,185125,7,517,2,7200,1.01353965184
184603,184616,185187,13,571,2,7200,1.02276707531
184620,184626,185184,6,558,2,7200,1.01075268817
184621,184634,185178,13,544,2,7200,1.02389705882
184646,184652,185192,6,540,2,7200,1.01111111111
184661,184668,185245,7,577,2,7200,1.01213171577
184663,184675,185230,12,555,2,7200,1.02162162162
184679,184685,185243,6,558,2,7200,1.01075268817
184680,184692,185253,12,561,2,7200,1.02139037433
184681,184697,185231,16,534,2,7200,1.02996254682
184700,184707,185265,7,558,2,7200,1.01254480287
184716,184723,185273,7,550,2,7200,1.01272727273
184717,184730,185302,13,572,2,7200,1.02272727273
184731,184738,185431,7,693,1,3600,1.0101010101
184739,184746,185304,7,558,2,7200,1.01254480287
184740,184753,185310,13,557,2,7200,1.02333931777
184800,184806,185356,6,550,2,7200,1.01090909091
184843,184849,185403,6,554,2,7200,1.01083032491
184877,184884,185431,7,547,2,7200,1.01279707495
184899,184906,185346,7,440,2,7200,1.01590909091
184914,184921,185463,7,542,2,7200,1.01291512915
184916,184928,185474,12,546,2,7200,1.02197802198
184932,184939,185487,7,548,2,7200,1.01277372263
184933,184945,185484,12,539,2,7200,1.02226345083
184935,184951,185447,16,496,2,7200,1.03225806452
184936,184956,185483,20,527,2,7200,1.03795066414
184937,184961,185520,24,559,2,7200,1.04293381038
184953,184968,185518,15,550,2,7200,1.02727272727
184955,184974,185395,19,421,2,7200,1.04513064133
184971,184981,185508,10,527,2,7200,1.01897533207
184972,184986,185556,14,570,2,7200,1.02456140351
185000,185007,185539,7,532,2,7200,1.01315789474
185039,185046,185610,7,564,2,7200,1.01241134752
185055,185062,185607,7,545,2,7200,1.0128440367
185057,185068,185608,11,540,2,7200,1.02037037037
185058,185075,185509,17,434,2,7200,1.03917050691
185074,185081,185637,7,556,2,7200,1.01258992806
185099,185106,185681,7,575,2,7200,1.01217391304
185100,185113,185679,13,566,2,7200,1.02296819788
185128,185134,185683,6,549,2,7200,1.01092896175
185143,185150,185669,7,519,2,7200,1.01348747592
185180,185187,185726,7,539,2,7200,1.01298701299
185196,185202,185738,6,536,2,7200,1.01119402985
185197,185210,185758,13,548,2,7200,1.02372262774
185199,185215,185758,16,543,2,7200,1.02946593002
185233,185240,185794,7,554,2,7200,1.01263537906
185234,185247,185801,13,554,2,7200,1.02346570397
185250,185256,185822,6,566,2,7200,1.01060070671
185252,185263,185813,11,550,2,7200,1.02
185267,185273,185831,6,558,2,7200,1.01075268817
185268,185279,185811,11,532,2,7200,1.02067669173
185284,185290,185841,6,551,2,7200,1.0108892922
185302,185308,185824,6,516,2,7200,1.01162790698
185318,185324,185895,6,571,2,7200,1.01050788091
185319,185330,185886,11,556,2,7200,1.01978417266
185337,185343,185424,6,81,1,1800,1.07407407407
185347,185353,185841,6,488,2,7200,1.01229508197
185362,185369,185912,7,543,2,7200,1.01289134438
185396,185403,185970,7,567,2,7200,1.01234567901
185412,185419,185945,7,526,2,7200,1.01330798479
185434,185441,185965,7,524,2,7200,1.01335877863
185450,185456,186007,6,551,2,7200,1.0108892922
185465,185471,186041,6,570,2,7200,1.01052631579
185480,185487,186031,7,544,2,7200,1.01286764706
185496,185503,186038,7,535,2,7200,1.01308411215
185498,185510,186025,12,515,2,7200,1.02330097087
185499,185515,186072,16,557,2,7200,1.02872531418
185515,185522,186075,7,553,2,7200,1.01265822785
185517,185529,186077,12,548,2,7200,1.02189781022
185532,185540,186086,8,546,2,7200,1.01465201465
185534,185546,186048,12,502,2,7200,1.02390438247
185549,185556,186121,7,565,2,7200,1.01238938053
185565,185572,186120,7,548,2,7200,1.01277372263
185608,185615,186130,7,515,2,7200,1.01359223301
185624,185631,186143,7,512,2,7200,1.013671875
185625,185638,186204,13,566,2,7200,1.02296819788
185641,185648,186192,7,544,2,7200,1.01286764706
185671,185678,186226,7,548,2,7200,1.01277372263
185687,185693,186238,6,545,2,7200,1.01100917431
185688,185700,186261,12,561,2,7200,1.02139037433
185690,185705,186255,15,550,2,7200,1.02727272727
185713,185719,186726,6,1007,1,3600,1.00595829196
185730,185737,186272,7,535,2,7200,1.01308411215
185745,185751,186291,6,540,2,7200,1.01111111111
185761,185767,186303,6,536,2,7200,1.01119402985
185763,185775,186295,12,520,2,7200,1.02307692308
185796,185804,186383,8,579,2,7200,1.01381692573
185812,185818,186376,6,558,2,7200,1.01075268817
185814,185826,186364,12,538,2,7200,1.02230483271
185830,185838,186392,8,554,2,7200,1.01444043321
185832,185844,186417,12,573,2,7200,1.02094240838
185833,185850,186395,17,545,2,7200,1.03119266055
185849,185857,186355,8,498,2,7200,1.01606425703
185850,185862,186416,12,554,2,7200,1.02166064982
185852,185869,186434,17,565,2,7200,1.03008849558
185889,185895,186432,6,537,2,7200,1.01117318436
185904,185911,186462,7,551,2,7200,1.01270417423
185920,185927,186433,7,506,2,7200,1.01383399209
185948,185954,186512,6,558,2,7200,1.01075268817
185966,185972,186534,6,562,2,7200,1.01067615658
185982,185988,186546,6,558,2,7200,1.01075268817
186009,186016,186580,7,564,2,7200,1.01241134752
186028,186035,186597,7,562,2,7200,1.01245551601
186044,186051,186591,7,540,2,7200,1.01296296296
186045,186057,186576,12,519,2,7200,1.02312138728
186047,186064,186625,17,561,2,7200,1.0303030303
186062,186070,186623,8,553,2,7200,1.01446654611
186078,186086,186647,8,561,2,7200,1.01426024955
186079,186091,186629,12,538,2,7200,1.02230483271
186081,186098,186639,17,541,2,7200,1.0314232902
186096,186104,186672,8,568,2,7200,1.01408450704
186124,186131,186669,7,538,2,7200,1.01301115242
186126,186138,186682,12,544,2,7200,1.02205882353
186142,186148,186689,6,541,2,7200,1.01109057301
186158,186164,186728,6,564,2,7200,1.01063829787
186195,186201,186768,6,567,2,7200,1.01058201058
186210,186218,186786,8,568,2,7200,1.01408450704
186229,186236,186765,7,529,2,7200,1.01323251418
186244,186251,186750,7,499,2,7200,1.01402805611
186260,186266,186816,6,550,2,7200,1.01090909091
186275,186282,186848,7,566,2,7200,1.01236749117
186277,186289,186849,12,560,2,7200,1.02142857143
186292,186299,186863,7,564,2,7200,1.01241134752
186308,186314,186820,6,506,2,7200,1.01185770751
186309,186320,186890,11,570,2,7200,1.01929824561
186359,186366,186918,7,552,2,7200,1.01268115942
186374,186381,186912,7,531,2,7200,1.0131826742
186390,186397,186955,7,558,2,7200,1.01254480287
186391,186404,186968,13,564,2,7200,1.02304964539
186407,186414,186972,7,558,2,7200,1.01254480287
186408,186420,186972,12,552,2,7200,1.02173913043
186424,186431,186998,7,567,2,7200,1.01234567901
186425,186437,186948,12,511,2,7200,1.02348336595
186441,186449,186979,8,530,2,7200,1.01509433962
186443,186456,186968,13,512,2,7200,1.025390625
186444,186461,186989,17,528,2,7200,1.0321969697
186463,186470,186892,7,422,2,7200,1.01658767773
186509,186516,187072,7,556,2,7200,1.01258992806
186537,186544,187079,7,535,2,7200,1.01308411215
186552,186560,187121,8,561,2,7200,1.01426024955
186577,186583,187141,6,558,2,7200,1.01075268817
186593,186599,187057,6,458,2,7200,1.01310043668
186594,186607,187158,13,551,2,7200,1.02359346642
186610,186617,187148,7,531,2,7200,1.0131826742
186625,186633,187161,8,528,2,7200,1.01515151515
186641,186647,187213,6,566,2,7200,1.01060070671
186643,186655,187214,12,559,2,7200,1.02146690519
186644,186660,187214,16,554,2,7200,1.02888086643
186659,186668,187141,9,473,2,7200,1.01902748414
186675,186683,187235,8,552,2,7200,1.01449275362
186676,186688,187207,12,519,2,7200,1.02312138728
186680,186695,186954,15,259,1,1800,1.05791505792
186692,186702,187220,10,518,2,7200,1.01930501931
186694,186707,187220,13,513,2,7200,1.0253411306
186731,186738,187271,7,533,2,7200,1.01313320826
186752,186759,187261,7,502,2,7200,1.01394422311
186768,186774,187275,6,501,2,7200,1.0119760479
186770,186781,187328,11,547,2,7200,1.02010968921
186788,186795,187341,7,546,2,7200,1.01282051282
186819,186825,187394,6,569,2,7200,1.01054481547
186834,186841,187350,7,509,2,7200,1.0137524558
186850,186856,187434,6,578,2,7200,1.01038062284
186851,186863,187391,12,528,2,7200,1.02272727273
186867,186874,187444,7,570,2,7200,1.01228070175
186892,186899,187451,7,552,2,7200,1.01268115942
186893,186906,187457,13,551,2,7200,1.02359346642
186915,186923,187398,8,475,2,7200,1.01684210526
186931,186937,187505,6,568,2,7200,1.01056338028
186949,186956,187513,7,557,2,7200,1.01256732496
186965,186971,187456,6,485,2,7200,1.01237113402
186982,186988,187517,6,529,2,7200,1.01134215501
186983,186996,187564,13,568,2,7200,1.02288732394
186984,187001,187555,17,554,2,7200,1.03068592058
186986,187006,187540,20,534,2,7200,1.03745318352
186987,187012,187579,25,567,2,7200,1.04409171076
187003,187019,187589,16,570,2,7200,1.02807017544
187004,187024,187565,20,541,2,7200,1.03696857671
187060,187066,187634,6,568,2,7200,1.01056338028
187075,187081,187586,6,505,2,7200,1.01188118812
187091,187097,187646,6,549,2,7200,1.01092896175
187121,187128,187674,7,546,2,7200,1.01282051282
187143,187150,187693,7,543,2,7200,1.01289134438
187145,187157,187714,12,557,2,7200,1.02154398564
187161,187167,187634,6,467,2,7200,1.01284796574
187162,187174,187729,12,555,2,7200,1.02162162162
187178,187185,187682,7,497,2,7200,1.01408450704
187209,187215,187767,6,552,2,7200,1.01086956522
187225,187231,187811,6,580,2,7200,1.01034482759
187226,187238,187762,12,524,2,7200,1.02290076336
187228,187244,187818,16,574,2,7200,1.02787456446
187229,187249,187755,20,506,2,7200,1.0395256917
187231,187254,187757,23,503,2,7200,1.04572564612
187246,187262,187748,16,486,2,7200,1.0329218107
187262,187268,187819,6,551,2,7200,1.0108892922
187277,187284,187802,7,518,2,7200,1.01351351351
187279,187290,187866,11,576,2,7200,1.01909722222
187331,187337,187891,6,554,2,7200,1.01083032491
187346,187353,187852,7,499,2,7200,1.01402805611
187361,187368,187900,7,532,2,7200,1.01315789474
187392,187399,187943,7,544,2,7200,1.01286764706
187408,187414,187939,6,525,2,7200,1.01142857143
187409,187421,187966,12,545,2,7200,1.02201834862
187437,187444,188002,7,558,2,7200,1.01254480287
187453,187459,187988,6,529,2,7200,1.01134215501
187454,187466,188019,12,553,2,7200,1.02169981917
187470,187476,188002,6,526,2,7200,1.01140684411
187471,187483,188039,12,556,2,7200,1.02158273381
187508,187515,188015,7,500,2,7200,1.014
187524,187531,188078,7,547,2,7200,1.01279707495
187525,187537,188092,12,555,2,7200,1.02162162162
187541,187548,188084,7,536,2,7200,1.01305970149
187556,187562,188123,6,561,2,7200,1.01069518717
187572,187579,188077,7,498,2,7200,1.0140562249
187573,187584,188154,11,570,2,7200,1.01929824561
187589,187596,188153,7,557,2,7200,1.01256732496
187591,187603,188157,12,554,2,7200,1.02166064982
187592,187608,188174,16,566,2,7200,1.02826855124
187636,187643,188226,7,583,2,7200,1.01200686106
187637,187650,188206,13,556,2,7200,1.02338129496
187653,187659,188208,6,549,2,7200,1.01092896175
187677,187685,188236,8,551,2,7200,1.01451905626
187693,187700,188262,7,562,2,7200,1.01245551601
187694,187707,188226,13,519,2,7200,1.02504816956
187716,187724,188266,8,542,2,7200,1.0147601476
187732,187738,188288,6,550,2,7200,1.01090909091
187750,187757,188303,7,546,2,7200,1.01282051282
187766,187773,188324,7,551,2,7200,1.01270417423
187768,187780,188350,12,570,2,7200,1.02105263158
187769,187785,188358,16,573,2,7200,1.02792321117
187771,187790,188333,19,543,2,7200,1.0349907919
187805,187811,188345,6,534,2,7200,1.01123595506
187821,187827,188391,6,564,2,7200,1.01063829787
187822,187834,188401,12,567,2,7200,1.02116402116
187823,187839,188414,16,575,2,7200,1.02782608696
187854,187861,188404,7,543,2,7200,1.01289134438
187870,187876,188365,6,489,2,7200,1.01226993865
187894,187901,188374,7,473,2,7200,1.01479915433
187910,187917,188472,7,555,2,7200,1.01261261261
187940,187946,188472,6,526,2,7200,1.01140684411
187956,187962,188483,6,521,2,7200,1.01151631478
187971,187977,188523,6,546,2,7200,1.01098901099
187990,187996,188502,6,506,2,7200,1.01185770751
188005,188011,188463,6,452,2,7200,1.01327433628
188007,188019,188586,12,567,2,7200,1.02116402116
188022,188030,188570,8,540,2,7200,1.01481481481
188024,188037,188588,13,551,2,7200,1.02359346642
188043,188049,188591,6,542,2,7200,1.0110701107
188080,188086,188662,6,576,2,7200,1.01041666667
188081,188094,188637,13,543,2,7200,1.02394106814
188097,188104,188558,7,454,2,7200,1.0154185022
188099,188110,188690,11,580,2,7200,1.01896551724
188127,188133,188689,6,556,2,7200,1.01079136691
188154,188161,188729,7,568,2,7200,1.01232394366
188156,188168,188697,12,529,2,7200,1.02268431002
188171,188177,188688,6,511,2,7200,1.01174168297
188187,188193,188746,6,553,2,7200,1.01084990958
188209,188215,188750,6,535,2,7200,1.01121495327
188210,188222,188775,12,553,2,7200,1.02169981917
188229,188235,188799,6,564,2,7200,1.01063829787
188230,188242,188706,12,464,2,7200,1.02586206897
188246,188252,188824,6,572,2,7200,1.01048951049
188265,188272,188826,7,554,2,7200,1.01263537906
188280,188286,188839,6,553,2,7200,1.01084990958
188295,188302,188871,7,569,2,7200,1.01230228471
188311,188317,188873,6,556,2,7200,1.01079136691
188326,188333,188841,7,508,2,7200,1.01377952756
188342,188348,188793,6,445,2,7200,1.01348314607
188358,188365,188908,7,543,2,7200,1.01289134438
188359,188372,188917,13,545,2,7200,1.02385321101
188375,188381,188944,6,563,2,7200,1.01065719361
188377,188388,188945,11,557,2,7200,1.0197486535
188378,188393,188838,15,445,2,7200,1.03370786517
188393,188401,188965,8,564,2,7200,1.01418439716
188409,188415,188963,6,548,2,7200,1.01094890511
188411,188422,188991,11,569,2,7200,1.01933216169
188426,188433,188964,7,531,2,7200,1.0131826742
188466,188473,189034,7,561,2,7200,1.01247771836
188481,188488,189016,7,528,2,7200,1.01325757576
188483,188496,189041,13,545,2,7200,1.02385321101
188499,188505,189061,6,556,2,7200,1.01079136691
188514,188520,189076,6,556,2,7200,1.01079136691
188529,188536,189033,7,497,2,7200,1.01408450704
188560,188566,189109,6,543,2,7200,1.01104972376
188576,188583,189146,7,563,2,7200,1.01243339254
188592,188599,189129,7,530,2,7200,1.01320754717
188593,188606,189143,13,537,2,7200,1.02420856611
188595,188611,189133,16,522,2,7200,1.030651341
188641,188647,189203,6,556,2,7200,1.01079136691
188666,188672,189168,6,496,2,7200,1.01209677419
188691,188698,189140,7,442,2,7200,1.01583710407
188692,188705,189176,13,471,2,7200,1.02760084926
188693,188710,189227,17,517,2,7200,1.03288201161
188709,188717,189245,8,528,2,7200,1.01515151515
188711,188722,189296,11,574,2,7200,1.01916376307
188732,188739,189305,7,566,2,7200,1.01236749117
188747,188754,189286,7,532,2,7200,1.01315789474
188763,188770,189331,7,561,2,7200,1.01247771836
188778,188785,189327,7,542,2,7200,1.01291512915
188797,188803,189377,6,574,2,7200,1.01045296167
188812,188819,189355,7,536,2,7200,1.01305970149
188828,188835,189395,7,560,2,7200,1.0125
188829,188842,189356,13,514,2,7200,1.02529182879
188845,188852,189315,7,463,2,7200,1.0151187905
188847,188859,189372,12,513,2,7200,1.02339181287
188848,188864,189399,16,535,2,7200,1.02990654206
188873,188879,189437,6,558,2,7200,1.01075268817
188875,188886,189436,11,550,2,7200,1.02
188912,188919,189435,7,516,2,7200,1.01356589147
188927,188934,189489,7,555,2,7200,1.01261261261
188946,188952,189467,6,515,2,7200,1.01165048544
188947,188959,189445,12,486,2,7200,1.02469135802
188967,188974,189546,7,572,2,7200,1.01223776224
188968,188981,189512,13,531,2,7200,1.02448210923
188970,188986,189553,16,567,2,7200,1.02821869489
188991,188999,189488,8,489,2,7200,1.0163599182
189020,189027,189581,7,554,2,7200,1.01263537906
189036,189042,189537,6,495,2,7200,1.01212121212
189037,189050,189594,13,544,2,7200,1.02389705882
189053,189060,189624,7,564,2,7200,1.01241134752
189068,189075,189635,7,560,2,7200,1.0125
189084,189091,189586,7,495,2,7200,1.01414141414
189112,189118,189598,6,480,2,7200,1.0125
189131,189137,189666,6,529,2,7200,1.01134215501
189147,189154,189692,7,538,2,7200,1.01301115242
189148,189161,189701,13,540,2,7200,1.02407407407
189150,189166,189730,16,564,2,7200,1.02836879433
189151,189171,189708,20,537,2,7200,1.03724394786
189170,189178,189748,8,570,2,7200,1.01403508772
189185,189193,189741,8,548,2,7200,1.01459854015
189204,189211,189766,7,555,2,7200,1.01261261261
189229,189235,189796,6,561,2,7200,1.01069518717
189247,189254,189683,7,429,2,7200,1.01631701632
189287,189293,189867,6,574,2,7200,1.01045296167
189303,189310,189839,7,529,2,7200,1.01323251418
189318,189324,189866,6,542,2,7200,1.0110701107
189320,189331,189867,11,536,2,7200,1.02052238806
189335,189342,189911,7,569,2,7200,1.01230228471
189337,189349,189875,12,526,2,7200,1.02281368821
189359,189365,189937,6,572,2,7200,1.01048951049
189360,189373,189908,13,535,2,7200,1.02429906542
189365,189378,189455,13,77,1,1800,1.16883116883
189376,189385,189923,9,538,2,7200,1.01672862454
189391,189397,189951,6,554,2,7200,1.01083032491
189407,189413,189970,6,557,2,7200,1.01077199282
189408,189420,189991,12,571,2,7200,1.02101576182
189437,189444,189985,7,541,2,7200,1.01293900185
189438,189451,190006,13,555,2,7200,1.02342342342
189454,189461,190012,7,551,2,7200,1.01270417423
189456,189468,190037,12,569,2,7200,1.02108963093
189472,189479,190007,7,528,2,7200,1.01325757576
189491,189498,190062,7,564,2,7200,1.01241134752
189492,189505,190037,13,532,2,7200,1.02443609023
189514,189521,190034,7,513,2,7200,1.01364522417
189539,189545,190112,6,567,2,7200,1.01058201058
189554,189561,190131,7,570,2,7200,1.01228070175
189556,189567,190034,11,467,2,7200,1.02355460385
189584,189591,190157,7,566,2,7200,1.01236749117
189600,189607,190129,7,522,2,7200,1.01340996169
189601,189613,190150,12,537,2,7200,1.02234636872
189603,189620,190179,17,559,2,7200,1.03041144902
189627,189634,190181,7,547,2,7200,1.01279707495
189643,189649,190188,6,539,2,7200,1.01113172542
189667,189674,190204,7,530,2,7200,1.01320754717
189686,189693,190247,7,554,2,7200,1.01263537906
189696,189704,189799,8,95,1,1800,1.08421052632
189702,189710,190261,8,551,2,7200,1.01451905626
189703,189716,190265,13,549,2,7200,1.02367941712
189719,189725,190281,6,556,2,7200,1.01079136691
189735,189742,190272,7,530,2,7200,1.01320754717
189750,189757,190327,7,570,2,7200,1.01228070175
189752,189764,190334,12,570,2,7200,1.02105263158
189767,189773,190354,6,581,2,7200,1.01032702238
189798,189804,190356,6,552,2,7200,1.01086956522
189842,189849,190262,7,413,2,7200,1.01694915254
189870,189876,190440,6,564,2,7200,1.01063829787
189872,189883,190438,11,555,2,7200,1.01981981982
189873,189889,190457,16,568,2,7200,1.02816901408
189888,189896,190448,8,552,2,7200,1.01449275362
189910,189918,190382,8,464,2,7200,1.01724137931
189926,189932,190467,6,535,2,7200,1.01121495327
189928,189940,190475,12,535,2,7200,1.02242990654
189943,189949,190509,6,560,2,7200,1.01071428571
189959,189965,190528,6,563,2,7200,1.01065719361
189974,189981,190527,7,546,2,7200,1.01282051282
189990,189997,190559,7,562,2,7200,1.01245551601
190005,190012,190541,7,529,2,7200,1.01323251418
190007,190019,190569,12,550,2,7200,1.02181818182
190008,190024,190564,16,540,2,7200,1.02962962963
190024,190031,190589,7,558,2,7200,1.01254480287
190040,190047,190566,7,519,2,7200,1.01348747592
190042,190053,190572,11,519,2,7200,1.02119460501
190043,190060,190584,17,524,2,7200,1.03244274809
190044,190065,190614,21,549,2,7200,1.03825136612
190066,190072,190625,6,553,2,7200,1.01084990958
190112,190119,190616,7,497,2,7200,1.01408450704
190130,190137,190696,7,559,2,7200,1.01252236136
190132,190144,190713,12,569,2,7200,1.02108963093
190154,190160,190694,6,534,2,7200,1.01123595506
190169,190176,190722,7,546,2,7200,1.01282051282
190185,190193,190765,8,572,2,7200,1.01398601399
190186,190198,190760,12,562,2,7200,1.02135231317
190202,190208,190760,6,552,2,7200,1.01086956522
190217,190224,190715,7,491,2,7200,1.01425661914
190248,190255,190781,7,526,2,7200,1.01330798479
190264,190271,190839,7,568,2,7200,1.01232394366
190265,190278,190779,13,501,2,7200,1.02594810379
190281,190287,190845,6,558,2,7200,1.01075268817
190283,190293,190783,10,490,2,7200,1.02040816327
190284,190299,190834,15,535,2,7200,1.02803738318
190330,190337,190867,7,530,2,7200,1.01320754717
190346,190352,190915,6,563,2,7200,1.01065719361
190361,190368,190911,7,543,2,7200,1.01289134438
190363,190375,190942,12,567,2,7200,1.02116402116
190384,190391,190943,7,552,2,7200,1.01268115942
190440,190446,190863,6,417,2,7200,1.01438848921
190455,190462,191036,7,574,2,7200,1.01219512195
190457,190474,190846,17,372,1,1800,1.04569892473
190457,190469,191031,12,562,2,7200,1.02135231317
190473,190480,191006,7,526,2,7200,1.01330798479
190474,190485,191062,11,577,2,7200,1.01906412478
190489,190497,190921,8,424,2,7200,1.01886792453
190511,190518,191024,7,506,2,7200,1.01383399209
190530,190537,191094,7,557,2,7200,1.01256732496
190531,190543,191027,12,484,2,7200,1.02479338843
190547,190553,191119,6,566,2,7200,1.01060070671
190562,190568,191113,6,545,2,7200,1.01100917431
190578,190585,191136,7,551,2,7200,1.01270417423
190580,190591,191133,11,542,2,7200,1.02029520295
190581,190597,191111,16,514,2,7200,1.03112840467
190582,190603,191164,21,561,2,7200,1.03743315508
190598,190610,191111,12,501,2,7200,1.02395209581
190599,190615,191182,16,567,2,7200,1.02821869489
190615,190622,191142,7,520,2,7200,1.01346153846
190631,190637,191172,6,535,2,7200,1.01121495327
190632,190643,191196,11,553,2,7200,1.0198915009
190697,190703,191260,6,557,2,7200,1.01077199282
190699,190710,191274,11,564,2,7200,1.0195035461
190718,190724,191234,6,510,2,7200,1.01176470588
190719,190732,191261,13,529,2,7200,1.02457466919
190734,190742,191264,8,522,2,7200,1.0153256705
190763,190769,191307,6,538,2,7200,1.01115241636
190764,190776,191320,12,544,2,7200,1.02205882353
190779,190786,191372,7,586,2,7200,1.01194539249
190781,190792,191348,11,556,2,7200,1.01978417266
190796,190803,191348,7,545,2,7200,1.0128440367
190798,190810,191283,12,473,2,7200,1.02536997886
190838,190845,191375,7,530,2,7200,1.01320754717
190854,190860,191412,6,552,2,7200,1.01086956522
190855,190866,191364,11,498,2,7200,1.02208835341
190871,190878,191364,7,486,2,7200,1.01440329218
190872,190885,191355,13,470,2,7200,1.02765957447
190913,190920,191462,7,542,2,7200,1.01291512915
190928,190934,191494,6,560,2,7200,1.01071428571
190930,190941,191502,11,561,2,7200,1.01960784314
190945,190953,191492,8,539,2,7200,1.01484230056
190947,190960,191442,13,482,2,7200,1.02697095436
191008,191016,191582,8,566,2,7200,1.01413427562
191027,191033,191511,6,478,2,7200,1.01255230126
191029,191041,191462,12,421,2,7200,1.02850356295
191044,191051,191607,7,556,2,7200,1.01258992806
191046,191058,191608,12,550,2,7200,1.02181818182
191064,191070,191651,6,581,2,7200,1.01032702238
191098,191105,191597,7,492,2,7200,1.01422764228
191114,191121,191671,7,550,2,7200,1.01272727273
191115,191128,191695,13,567,2,7200,1.02292768959
191116,191133,191688,17,555,2,7200,1.03063063063
191132,191140,191718,8,578,2,7200,1.01384083045
191148,191154,191689,6,535,2,7200,1.01121495327
191149,191161,191709,12,548,2,7200,1.02189781022
191151,191166,191697,15,531,2,7200,1.02824858757
191166,191173,191725,7,552,2,7200,1.01268115942
191181,191187,191716,6,529,2,7200,1.01134215501
191197,191203,191714,6,511,2,7200,1.01174168297
191198,191211,191755,13,544,2,7200,1.02389705882
191235,191241,191785,6,544,2,7200,1.01102941176
191263,191269,191755,6,486,2,7200,1.01234567901
191264,191277,191839,13,562,2,7200,1.0231316726
191280,191287,191831,7,544,2,7200,1.01286764706
191281,191293,191834,12,541,2,7200,1.02218114603
191297,191303,191868,6,565,2,7200,1.01061946903
191312,191318,191846,6,528,2,7200,1.01136363636
191328,191334,191872,6,538,2,7200,1.01115241636
191349,191357,191871,8,514,2,7200,1.01556420233
191351,191363,191929,12,566,2,7200,1.02120141343
191367,191373,191938,6,565,2,7200,1.01061946903
191368,191380,191907,12,527,2,7200,1.02277039848
191370,191385,191935,15,550,2,7200,1.02727272727
191385,191391,191952,6,561,2,7200,1.01069518717
191387,191398,191931,11,533,2,7200,1.02063789869
191414,191422,191940,8,518,2,7200,1.01544401544
191445,191451,191977,6,526,2,7200,1.01140684411
191464,191470,191999,6,529,2,7200,1.01134215501
191465,191477,192027,12,550,2,7200,1.02181818182
191493,191499,192030,6,531,2,7200,1.01129943503
191495,191505,192064,10,559,2,7200,1.01788908766
191510,191516,192075,6,559,2,7200,1.01073345259
191525,191532,192043,7,511,2,7200,1.01369863014
191584,191591,192153,7,562,2,7200,1.01245551601
191599,191605,192150,6,545,2,7200,1.01100917431
191615,191621,192157,6,536,2,7200,1.01119402985
191616,191628,192193,12,565,2,7200,1.02123893805
191653,191660,192220,7,560,2,7200,1.0125
191675,191681,192209,6,528,2,7200,1.01136363636
191690,191697,192257,7,560,2,7200,1.0125
191691,191704,192222,13,518,2,7200,1.0250965251
191707,191713,192264,6,551,2,7200,1.0108892922
191709,191720,192267,11,547,2,7200,1.02010968921
191725,191732,192249,7,517,2,7200,1.01353965184
191726,191739,192302,13,563,2,7200,1.02309058615
191728,191744,192303,16,559,2,7200,1.02862254025
191729,191749,192270,20,521,2,7200,1.03838771593
191730,191755,192278,25,523,2,7200,1.04780114723
191756,191762,192315,6,553,2,7200,1.01084990958
191757,191769,192341,12,572,2,7200,1.02097902098
191788,191795,192372,7,577,2,7200,1.01213171577
191834,191842,192400,8,558,2,7200,1.01433691756
191836,191848,192399,12,551,2,7200,1.02177858439
191852,191859,192393,7,534,2,7200,1.01310861423
191853,191865,192431,12,566,2,7200,1.02120141343
191873,191879,192447,6,568,2,7200,1.01056338028
191874,191886,192434,12,548,2,7200,1.02189781022
191875,191892,192438,17,546,2,7200,1.03113553114
191910,191916,192472,6,556,2,7200,1.01079136691
191931,191939,192494,8,555,2,7200,1.01441441441
191933,191946,192461,13,515,2,7200,1.02524271845
191949,191956,192503,7,547,2,7200,1.01279707495
191951,191962,192504,11,542,2,7200,1.02029520295
191952,191968,192528,16,560,2,7200,1.02857142857
191967,191974,192540,7,566,2,7200,1.01236749117
191983,191990,192527,7,537,2,7200,1.01303538175
192001,192008,192555,7,547,2,7200,1.01279707495
192029,192036,192596,7,560,2,7200,1.0125
192045,192051,192623,6,572,2,7200,1.01048951049
192046,192058,192607,12,549,2,7200,1.0218579235
192065,192072,192633,7,561,2,7200,1.01247771836
192080,192086,192625,6,539,2,7200,1.01113172542
192145,192151,192193,6,42,1,1800,1.14285714286
192154,192161,192731,7,570,2,7200,1.01228070175
192155,192168,192736,13,568,2,7200,1.02288732394
192171,192177,192700,6,523,2,7200,1.01147227533
192196,192203,192768,7,565,2,7200,1.01238938053
192211,192218,192764,7,546,2,7200,1.01282051282
192227,192234,192816,7,582,2,7200,1.01202749141
192228,192240,192810,12,570,2,7200,1.02105263158
192253,192259,192775,6,516,2,7200,1.01162790698
192269,192275,192771,6,496,2,7200,1.01209677419
192270,192282,192771,12,489,2,7200,1.0245398773
192272,192287,192825,15,538,2,7200,1.02788104089
192287,192294,192849,7,555,2,7200,1.01261261261
192289,192300,192869,11,569,2,7200,1.01933216169
192305,192311,192876,6,565,2,7200,1.01061946903
192306,192318,192877,12,559,2,7200,1.02146690519
192322,192328,192893,6,565,2,7200,1.01061946903
192343,192351,192888,8,537,2,7200,1.01489757914
192374,192381,192942,7,561,2,7200,1.01247771836
192396,192402,192888,6,486,2,7200,1.01234567901
192411,192417,192972,6,555,2,7200,1.01081081081
192413,192423,192957,10,534,2,7200,1.01872659176
192434,192442,192992,8,550,2,7200,1.01454545455
192436,192449,192974,13,525,2,7200,1.02476190476
192452,192458,193018,6,560,2,7200,1.01071428571
192454,192465,192988,11,523,2,7200,1.02103250478
192471,192477,192896,6,419,2,7200,1.01431980907
192471,192482,192554,11,72,1,1800,1.15277777778
192486,192493,193052,7,559,2,7200,1.01252236136
192502,192508,193042,6,534,2,7200,1.01123595506
192517,192525,193069,8,544,2,7200,1.01470588235
192519,192532,193066,13,534,2,7200,1.02434456929
192535,192542,193092,7,550,2,7200,1.01272727273
192536,192548,193074,12,526,2,7200,1.02281368821
192552,192558,193089,6,531,2,7200,1.01129943503
192568,192575,193129,7,554,2,7200,1.01263537906
192598,192605,193149,7,544,2,7200,1.01286764706
192614,192620,193185,6,565,2,7200,1.01061946903
192629,192636,193121,7,485,2,7200,1.01443298969
192631,192644,193193,13,549,2,7200,1.02367941712
192647,192654,193187,7,533,2,7200,1.01313320826
192702,192709,193274,7,565,2,7200,1.01238938053
192733,192739,193271,6,532,2,7200,1.01127819549
192748,192755,193309,7,554,2,7200,1.01263537906
192767,192774,193296,7,522,2,7200,1.01340996169
192783,192789,193346,6,557,2,7200,1.01077199282
192785,192797,193358,12,561,2,7200,1.02139037433
192786,192802,193347,16,545,2,7200,1.02935779817
192787,192808,193358,21,550,2,7200,1.03818181818
192812,192819,193385,7,566,2,7200,1.01236749117
192828,192834,193355,6,521,2,7200,1.01151631478
192829,192842,193355,13,513,2,7200,1.0253411306
192851,192857,193413,6,556,2,7200,1.01079136691
192873,192879,193440,6,561,2,7200,1.01069518717
192889,192895,193440,6,545,2,7200,1.01100917431
192890,192903,193452,13,549,2,7200,1.02367941712
192891,192908,193466,17,558,2,7200,1.03046594982
192893,192914,193449,21,535,2,7200,1.03925233645
192909,192921,193480,12,559,2,7200,1.02146690519
192910,192926,193463,16,537,2,7200,1.02979515829
192944,192950,193460,6,510,2,7200,1.01176470588
192960,192966,193534,6,568,2,7200,1.01056338028
192975,192983,193512,8,529,2,7200,1.01512287335
192977,192989,193559,12,570,2,7200,1.02105263158
192993,193000,193555,7,555,2,7200,1.01261261261
192994,193007,193576,13,569,2,7200,1.02284710018
193019,193026,193546,7,520,2,7200,1.01346153846
193044,193051,193483,7,432,2,7200,1.0162037037
193059,193066,193604,7,538,2,7200,1.01301115242
193075,193082,193646,7,564,2,7200,1.01241134752
193076,193089,193629,13,540,2,7200,1.02407407407
193078,193094,193648,16,554,2,7200,1.02888086643
193093,193100,193576,7,476,2,7200,1.01470588235
193095,193108,193662,13,554,2,7200,1.02346570397
193123,193130,193693,7,563,2,7200,1.01243339254
193138,193144,193714,6,570,2,7200,1.01052631579
193154,193161,193693,7,532,2,7200,1.01315789474
193185,193192,193445,7,253,1,1800,1.02766798419
193188,193198,193732,10,534,2,7200,1.01872659176
193189,193204,193742,15,538,2,7200,1.02788104089
193205,193213,193776,8,563,2,7200,1.01420959147
193273,193279,193809,6,530,2,7200,1.01132075472
193288,193295,193822,7,527,2,7200,1.01328273245
193303,193311,193864,8,553,2,7200,1.01446654611
193319,193325,193853,6,528,2,7200,1.01136363636
193350,193356,193842,6,486,2,7200,1.01234567901
193352,193364,193835,12,471,2,7200,1.02547770701
193368,193374,193944,6,570,2,7200,1.01052631579
193369,193381,193927,12,546,2,7200,1.02197802198
193370,193387,193942,17,555,2,7200,1.03063063063
193372,193392,193949,20,557,2,7200,1.03590664273
193387,193399,193931,12,532,2,7200,1.02255639098
193415,193422,193946,7,524,2,7200,1.01335877863
193443,193450,194023,7,573,2,7200,1.01221640489
193445,193457,194015,12,558,2,7200,1.02150537634
193462,193469,194033,7,564,2,7200,1.01241134752
193463,193476,194019,13,543,2,7200,1.02394106814
193465,193481,194040,16,559,2,7200,1.02862254025
193481,193488,194049,7,561,2,7200,1.01247771836
193482,193494,194061,12,567,2,7200,1.02116402116
193484,193500,194042,16,542,2,7200,1.0295202952
193499,193507,194076,8,569,2,7200,1.01405975395
193515,193521,194065,6,544,2,7200,1.01102941176
193536,193543,194092,7,549,2,7200,1.01275045537
193552,193558,194115,6,557,2,7200,1.01077199282
193568,193574,194118,6,544,2,7200,1.01102941176
193569,193582,194148,13,566,2,7200,1.02296819788
193585,193591,194133,6,542,2,7200,1.0110701107
193587,193599,194144,12,545,2,7200,1.02201834862
193605,193611,194123,6,512,2,7200,1.01171875
193630,193636,194178,6,542,2,7200,1.0110701107
193649,193655,194227,6,572,2,7200,1.01048951049
193650,193662,194231,12,569,2,7200,1.02108963093
193666,193673,194209,7,536,2,7200,1.01305970149
193697,193703,194149,6,446,2,7200,1.0134529148
193698,193710,194243,12,533,2,7200,1.02251407129
193717,193723,194248,6,525,2,7200,1.01142857143
193736,193743,194267,7,524,2,7200,1.01335877863
193751,193757,194252,6,495,2,7200,1.01212121212
193779,193785,194315,6,530,2,7200,1.01132075472
193813,193820,194370,7,550,2,7200,1.01272727273
193828,193836,194404,8,568,2,7200,1.01408450704
193844,193850,194387,6,537,2,7200,1.01117318436
193845,193858,194420,13,562,2,7200,1.0231316726
193861,193867,194415,6,548,2,7200,1.01094890511
193876,193882,194297,6,415,2,7200,1.01445783133
193929,193935,194497,6,562,2,7200,1.01067615658
193945,193952,194503,7,551,2,7200,1.01270417423
193946,193959,194506,13,547,2,7200,1.02376599634
193948,193964,194437,16,473,2,7200,1.03382663848
193963,193971,194496,8,525,2,7200,1.01523809524
193965,193976,194513,11,537,2,7200,1.02048417132
194017,194024,194579,7,555,2,7200,1.01261261261
194033,194039,194594,6,555,2,7200,1.01081081081
194034,194046,194593,12,547,2,7200,1.02193784278
194050,194057,194612,7,555,2,7200,1.01261261261
194052,194065,194612,13,547,2,7200,1.02376599634
194053,194070,194609,17,539,2,7200,1.03153988868
194054,194075,194624,21,549,2,7200,1.03825136612
194070,194083,194631,13,548,2,7200,1.02372262774
194071,194088,194597,17,509,2,7200,1.03339882122
194087,194095,194660,8,565,2,7200,1.01415929204
194102,194108,194668,6,560,2,7200,1.01071428571
194118,194124,194684,6,560,2,7200,1.01071428571
194119,194131,194706,12,575,2,7200,1.02086956522
194135,194141,194697,6,556,2,7200,1.01079136691
194136,194147,194704,11,557,2,7200,1.0197486535
194152,194159,194693,7,534,2,7200,1.01310861423
194154,194166,194682,12,516,2,7200,1.02325581395
194155,194171,194717,16,546,2,7200,1.0293040293
194180,194186,194760,6,574,2,7200,1.01045296167
194211,194217,194769,6,552,2,7200,1.01086956522
194229,194236,194779,7,543,2,7200,1.01289134438
194245,194252,194744,7,492,2,7200,1.01422764228
194246,194259,194809,13,550,2,7200,1.02363636364
194262,194268,194777,6,509,2,7200,1.01178781925
194263,194274,194844,11,570,2,7200,1.01929824561
194279,194285,194824,6,539,2,7200,1.01113172542
194300,194307,194847,7,540,2,7200,1.01296296296
194316,194322,194892,6,570,2,7200,1.01052631579
194371,194377,194921,6,544,2,7200,1.01102941176
194390,194396,194934,6,538,2,7200,1.01115241636
194406,234773,235261,40367,488,2,7200,83.7192622951
194421,234779,235330,40358,551,2,7200,74.2450090744
194422,234784,235349,40362,565,2,7200,72.4371681416
194441,234789,235346,40348,557,2,7200,73.4380610413
194500,234795,235339,40295,544,2,7200,75.0716911765
194501,234800,235341,40299,541,2,7200,75.4898336414
194517,234805,235364,40288,559,2,7200,73.0715563506
194518,234811,235350,40293,539,2,7200,75.7551020408
194520,234816,235373,40296,557,2,7200,73.3447037702
194581,234821,235308,40240,487,2,7200,83.6283367556
194597,234827,235372,40230,545,2,7200,74.8165137615
194599,234832,235379,40233,547,2,7200,74.5521023766
194600,234837,235391,40237,554,2,7200,73.6299638989
194616,234842,235300,40226,458,2,7200,88.8296943231
194617,234848,235355,40231,507,2,7200,80.3510848126
194619,234853,235395,40234,542,2,7200,75.2324723247
194634,234858,235431,40224,573,2,7200,71.1989528796
194636,234864,235430,40228,566,2,7200,72.074204947
194663,234869,235429,40206,560,2,7200,72.7964285714
194679,234874,235425,40195,551,2,7200,73.9491833031
194695,234880,235459,40185,579,2,7200,70.4041450777
194696,234885,235436,40189,551,2,7200,73.9382940109
194698,234890,235437,40192,547,2,7200,74.4771480804
194714,234896,235458,40182,562,2,7200,72.4982206406
194715,234901,235453,40186,552,2,7200,73.8007246377
194716,234906,235455,40190,549,2,7200,74.2058287796
194732,234912,235441,40180,529,2,7200,76.95463138
194747,234917,235470,40170,553,2,7200,73.6401446655
194762,234922,235455,40160,533,2,7200,76.3470919325
194778,234928,235494,40150,566,2,7200,71.9363957597
194780,234933,235500,40153,567,2,7200,71.8165784832
194795,234938,235473,40143,535,2,7200,76.0336448598
194811,234944,235521,40133,577,2,7200,70.554592721
194826,234949,235494,40123,545,2,7200,74.6201834862
194845,234954,235529,40109,575,2,7200,70.7547826087
194860,234960,235511,40100,551,2,7200,73.77676951
194894,234965,235514,40071,549,2,7200,73.9890710383
194925,234970,235528,40045,558,2,7200,72.7652329749
194940,234976,235525,40036,549,2,7200,73.9253187614
201530,234481,241872,32951,7391,8,14400,5.458260046
201743,234615,235727,32872,1112,2,28800,30.5611510791
202481,234620,235705,32139,1085,2,28800,30.6211981567
203282,234529,235869,31247,1340,4,1800,24.3186567164
203391,234604,234957,31213,353,2,36000,89.4220963173
204210,235443,235449,31233,6,16,72000,3123.9
204266,234736,243274,30470,8538,1,28800,4.56875146404
204364,234561,287017,30197,52456,3,129600,1.57566341315
204553,234625,235308,30072,683,2,7200,45.0292825769
205119,234567,839403,29448,604836,3,604800,1.04868757812
205269,234572,718039,29303,483467,3,604800,1.06061013471
205393,234577,289306,29184,54729,3,604800,1.53324562846
206189,234519,363832,28330,129313,4,360000,1.21908083487
207005,234551,252576,27546,18025,4,18000,2.52821081831
208862,234631,244173,25769,9542,2,14400,3.70058687906
209238,234636,238155,25398,3519,2,14400,8.21739130435
209630,234641,242294,25011,7653,2,14400,4.26813014504
209854,234730,235346,24876,616,1,14400,41.3831168831
209950,234646,238902,24696,4256,2,14400,6.80263157895
211348,211355,212091,7,736,3,1800,1.00951086957
212497,212503,212508,6,5,3,1800,1.1
212679,212686,212687,7,1,3,1800,1.0
213024,234766,239410,21742,4644,1,50400,5.68173987941
220483,234524,234527,14041,3,4,36000,1404.4
221313,234492,305678,13179,71186,6,604800,1.1851347175
221796,235461,318376,13665,82915,16,108000,1.16480733281
221837,235470,287756,13633,52286,16,108000,1.26073901236
222031,238165,302657,16134,64492,16,108000,1.25017056379
222055,239406,304292,17351,64886,16,108000,1.26740745307
222167,234583,246206,12416,11623,4,72000,2.06822679171
222190,222196,222197,6,1,1,900,1.0
222308,234588,240217,12280,5629,4,72000,3.18155977971
222317,234593,250391,12276,15798,4,72000,1.77706038739
222325,234599,257480,12274,22881,4,72000,1.53642760369
222328,222335,222969,7,634,4,600,1.01104100946
223247,239535,252569,16288,13034,16,108000,2.24965474912
224105,234556,241379,10451,6823,4,7200,2.53173091016
226154,234652,298876,8498,64224,2,144000,1.13231813652
233808,234476,239524,668,5048,16,72000,1.1323296355
236755,236761,239659,6,2898,1,3600,1.00207039337
238599,240537,240544,1938,7,16,72000,194.5
239701,239707,252591,6,12884,1,86400,1.00046569388
241374,241380,241394,6,14,4,7200,1.42857142857
241519,241525,248766,6,7241,4,7200,1.00082861483
241573,241579,242118,6,539,2,7200,1.01113172542
241575,241585,242158,10,573,2,7200,1.01745200698
241576,241591,242135,15,544,2,7200,1.02757352941
241577,241596,242153,19,557,2,7200,1.03411131059
241579,241601,242158,22,557,2,7200,1.039497307
241580,241607,242177,27,570,2,7200,1.04736842105
241581,241612,242177,31,565,2,7200,1.05486725664
241583,241618,242137,35,519,2,7200,1.06743737958
241584,241623,242203,39,580,2,7200,1.06724137931
241586,241628,242184,42,556,2,7200,1.07553956835
241587,241634,242194,47,560,2,7200,1.08392857143
241588,241639,242184,51,545,2,7200,1.09357798165
241590,241644,242171,54,527,2,7200,1.10246679317
241591,241650,242193,59,543,2,7200,1.10865561694
241592,241655,242217,63,562,2,7200,1.11209964413
241594,241660,242218,66,558,2,7200,1.11827956989
241595,241666,242083,71,417,2,7200,1.17026378897
241596,241671,242222,75,551,2,7200,1.13611615245
241598,241676,242246,78,570,2,7200,1.13684210526
241599,241682,242258,83,576,2,7200,1.14409722222
241600,241687,242237,87,550,2,7200,1.15818181818
241602,241693,242264,91,571,2,7200,1.15936952715
241603,241699,242278,96,579,2,7200,1.16580310881
241604,241704,242249,100,545,2,7200,1.18348623853
241606,241709,242269,103,560,2,7200,1.18392857143
241607,241715,242251,108,536,2,7200,1.20149253731
241608,241720,242264,112,544,2,7200,1.20588235294
241610,241725,242295,115,570,2,7200,1.20175438596
241611,241883,242436,272,553,2,7200,1.49186256781
241613,241889,242449,276,560,2,7200,1.49285714286
241614,241894,242429,280,535,2,7200,1.52336448598
241615,241899,242431,284,532,2,7200,1.53383458647
241617,242094,242656,477,562,2,7200,1.8487544484
241618,242130,242633,512,503,2,7200,2.01789264414
241619,242146,242700,527,554,2,7200,1.95126353791
241621,242152,242708,531,556,2,7200,1.95503597122
241622,242164,242677,542,513,2,7200,2.05653021442
241623,242171,242640,548,469,2,7200,2.1684434968
241625,242177,242722,552,545,2,7200,2.0128440367
242087,242183,242751,96,568,2,7200,1.16901408451
242121,242189,242747,68,558,2,7200,1.12186379928
242137,242194,242757,57,563,2,7200,1.10124333925
242138,242201,242757,63,556,2,7200,1.11330935252
242158,242206,242773,48,567,2,7200,1.08465608466
242174,242213,242601,39,388,2,7200,1.10051546392
242175,242219,242750,44,531,2,7200,1.08286252354
242177,242225,242783,48,558,2,7200,1.08602150538
242194,242232,242804,38,572,2,7200,1.06643356643
242195,242238,242784,43,546,2,7200,1.07875457875
242196,242244,242791,48,547,2,7200,1.08775137112
242198,242250,242714,52,464,2,7200,1.11206896552
242199,242257,242819,58,562,2,7200,1.10320284698
242216,242264,242785,48,521,2,7200,1.09213051823
242217,242270,242804,53,534,2,7200,1.09925093633
242233,242276,242799,43,523,2,7200,1.08221797323
242234,242282,242800,48,518,2,7200,1.09266409266
242235,242287,242827,52,540,2,7200,1.0962962963
242253,242293,242857,40,564,2,7200,1.07092198582
242254,242299,242838,45,539,2,7200,1.08348794063
242255,242305,242856,50,551,2,7200,1.09074410163
242257,242312,242870,55,558,2,7200,1.09856630824
242274,242441,242955,167,514,2,7200,1.32490272374
242275,242448,243015,173,567,2,7200,1.30511463845
242276,242454,242965,178,511,2,7200,1.34833659491
242278,242460,243030,182,570,2,7200,1.31929824561
242293,242613,243182,320,569,2,7200,1.56239015817
242309,242644,243202,335,558,2,7200,1.60035842294
242432,242652,243217,220,565,2,7200,1.38938053097
242434,242667,243229,233,562,2,7200,1.41459074733
242450,242688,243246,238,558,2,7200,1.42652329749
242451,242711,243263,260,552,2,7200,1.47101449275
242604,242720,243263,116,543,2,7200,1.21362799263
242635,242726,243260,91,534,2,7200,1.17041198502
242650,242732,243282,82,550,2,7200,1.14909090909
242666,242758,243318,92,560,2,7200,1.16428571429
242681,242765,243303,84,538,2,7200,1.156133829
242703,242771,243275,68,504,2,7200,1.13492063492
242718,242777,243330,59,553,2,7200,1.10669077758
242721,242782,243319,61,537,2,7200,1.11359404097
242736,242788,243270,52,482,2,7200,1.10788381743
242753,242795,243309,42,514,2,7200,1.08171206226
242754,242800,243350,46,550,2,7200,1.08363636364
242755,242807,243350,52,543,2,7200,1.09576427256
242771,242813,243369,42,556,2,7200,1.07553956835
242772,242819,243340,47,521,2,7200,1.09021113244
242789,242824,243384,35,560,2,7200,1.0625
242790,242830,243391,40,561,2,7200,1.07130124777
242791,242835,243399,44,564,2,7200,1.0780141844
242793,242841,243362,48,521,2,7200,1.09213051823
242809,242847,243363,38,516,2,7200,1.07364341085
242810,242853,243413,43,560,2,7200,1.07678571429
242812,242867,243428,55,561,2,7200,1.09803921569
242813,242874,243434,61,560,2,7200,1.10892857143
242814,242881,243391,67,510,2,7200,1.13137254902
242830,242967,243549,137,582,2,7200,1.235395189
242831,242976,243509,145,533,2,7200,1.27204502814
242846,248848,248850,6002,2,2,3540,600.4
242847,243027,243589,180,562,2,7200,1.32028469751
242863,243042,243584,179,542,2,7200,1.33025830258
242864,243194,243709,330,515,2,7200,1.64077669903
242879,243213,243777,334,564,2,7200,1.59219858156
242959,243228,243751,269,523,2,7200,1.51434034417
242975,243240,243767,265,527,2,7200,1.50284629981
243018,243257,243801,239,544,2,7200,1.43933823529
243033,243271,243817,238,546,2,7200,1.4358974359
243186,243278,243833,92,555,2,7200,1.16576576577
243205,243284,243664,79,380,2,7200,1.20789473684
243220,243290,243770,70,480,2,7200,1.14583333333
243236,243296,243853,60,557,2,7200,1.10771992819
243251,243301,243862,50,561,2,7200,1.08912655971
243268,243307,243875,39,568,2,7200,1.06866197183
243269,243314,243857,45,543,2,7200,1.08287292818
243270,243321,243729,51,408,2,7200,1.125
243286,243329,243882,43,553,2,7200,1.07775768535
243288,243336,243905,48,569,2,7200,1.08435852373
243289,243344,243863,55,519,2,7200,1.10597302505
243305,243352,243909,47,557,2,7200,1.08438061041
243321,243361,243895,40,534,2,7200,1.07490636704
243322,243366,243861,44,495,2,7200,1.08888888889
243323,243373,243933,50,560,2,7200,1.08928571429
243339,243379,243905,40,526,2,7200,1.07604562738
243355,243386,243932,31,546,2,7200,1.05677655678
243357,243396,243939,39,543,2,7200,1.07182320442
243358,243402,243930,44,528,2,7200,1.08333333333
243374,243408,243964,34,556,2,7200,1.06115107914
243376,243414,243968,38,554,2,7200,1.06859205776
243377,243424,243991,47,567,2,7200,1.08289241623
243393,243440,244004,47,564,2,7200,1.08333333333
243394,243446,243996,52,550,2,7200,1.09454545455
243396,243520,243934,124,414,2,7200,1.29951690821
243411,243560,244060,149,500,2,7200,1.298
243427,243595,244149,168,554,2,7200,1.30324909747
243443,243602,244180,159,578,2,7200,1.27508650519
243444,243676,244233,232,557,2,7200,1.41651705566
243512,243720,244220,208,500,2,7200,1.416
243552,243741,244236,189,495,2,7200,1.38181818182
243586,243763,244316,177,553,2,7200,1.32007233273
243601,243778,244330,177,552,2,7200,1.32065217391
243666,243785,244310,119,525,2,7200,1.22666666667
243713,243792,244304,79,512,2,7200,1.154296875
243731,243812,244353,81,541,2,7200,1.14972273567
243753,243829,244387,76,558,2,7200,1.13620071685
243769,243844,244418,75,574,2,7200,1.13066202091
243784,243864,244414,80,550,2,7200,1.14545454545
243786,243871,244394,85,523,2,7200,1.16252390057
243804,243879,244397,75,518,2,7200,1.14478764479
243820,243884,244423,64,539,2,7200,1.11873840445
243835,243889,244433,54,544,2,7200,1.09926470588
243857,243895,244446,38,551,2,7200,1.06896551724
243874,243901,244456,27,555,2,7200,1.04864864865
243875,243907,244430,32,523,2,7200,1.06118546845
243876,243916,244449,40,533,2,7200,1.07504690432
243878,243922,244472,44,550,2,7200,1.08
243894,243928,244484,34,556,2,7200,1.06115107914
243895,243942,244478,47,536,2,7200,1.08768656716
243916,243948,244509,32,561,2,7200,1.05704099822
243917,243954,244505,37,551,2,7200,1.06715063521
243918,243959,244507,41,548,2,7200,1.07481751825
243920,243966,244496,46,530,2,7200,1.08679245283
243936,243975,244450,39,475,2,7200,1.08210526316
243937,243982,244498,45,516,2,7200,1.08720930233
243939,244002,244538,63,536,2,7200,1.11753731343
243940,244009,244557,69,548,2,7200,1.12591240876
243956,244016,244581,60,565,2,7200,1.10619469027
243971,244071,244646,100,575,2,7200,1.17391304348
243973,244160,244721,187,561,2,7200,1.33333333333
243994,244184,244682,190,498,2,7200,1.38152610442
244010,244191,244761,181,570,2,7200,1.31754385965
244011,244232,244802,221,570,2,7200,1.38771929825
244064,244244,244782,180,538,2,7200,1.33457249071
244150,244250,244817,100,567,2,7200,1.17636684303
244181,244316,244833,135,517,2,7200,1.26112185687
244224,244323,244881,99,558,2,7200,1.17741935484
244240,244330,244904,90,574,2,7200,1.15679442509
244241,244341,244908,100,567,2,7200,1.17636684303
244308,244364,244927,56,563,2,7200,1.09946714032
244324,244398,244975,74,577,2,7200,1.12824956672
244325,244405,244977,80,572,2,7200,1.13986013986
244341,244412,244973,71,561,2,7200,1.1265597148
244356,244425,244969,69,544,2,7200,1.12683823529
244390,244432,245006,42,574,2,7200,1.07317073171
244406,244439,244983,33,544,2,7200,1.06066176471
244407,244445,244994,38,549,2,7200,1.06921675774
244423,244451,244995,28,544,2,7200,1.05147058824
244424,244457,244996,33,539,2,7200,1.0612244898
244440,244465,244961,25,496,2,7200,1.05040322581
244442,244470,245034,28,564,2,7200,1.04964539007
244443,244476,244993,33,517,2,7200,1.06382978723
244460,244484,245026,24,542,2,7200,1.0442804428
244461,244490,245034,29,544,2,7200,1.05330882353
244462,244497,245066,35,569,2,7200,1.06151142355
244464,244508,245073,44,565,2,7200,1.07787610619
244480,244515,245080,35,565,2,7200,1.06194690265
244481,244522,245070,41,548,2,7200,1.07481751825
244497,244527,245049,30,522,2,7200,1.05747126437
244498,244532,245114,34,582,2,7200,1.05841924399
244514,244549,245073,35,524,2,7200,1.06679389313
244516,244568,245090,52,522,2,7200,1.09961685824
244517,244592,245128,75,536,2,7200,1.13992537313
244518,244657,245204,139,547,2,7200,1.25411334552
244540,244693,245267,153,574,2,7200,1.26655052265
244559,244734,245289,175,555,2,7200,1.31531531532
244583,244772,245200,189,428,2,7200,1.44158878505
244648,244793,245340,145,547,2,7200,1.26508226691
244685,244813,245382,128,569,2,7200,1.22495606327
244725,244829,245397,104,568,2,7200,1.18309859155
244765,244844,245407,79,563,2,7200,1.14031971581
244783,244892,245430,109,538,2,7200,1.20260223048
244805,244915,245484,110,569,2,7200,1.19332161687
244820,244922,245479,102,557,2,7200,1.18312387792
244836,244938,245471,102,533,2,7200,1.191369606
244884,244972,245534,88,562,2,7200,1.15658362989
244905,244980,245530,75,550,2,7200,1.13636363636
244921,244987,245548,66,561,2,7200,1.11764705882
244936,244992,245571,56,579,2,7200,1.09671848014
244964,244999,245541,35,542,2,7200,1.06457564576
244980,245005,245543,25,538,2,7200,1.04646840149
244982,245011,245564,29,553,2,7200,1.05244122966
244983,245017,245580,34,563,2,7200,1.06039076377
244984,245022,245585,38,563,2,7200,1.0674955595
245001,245027,245592,26,565,2,7200,1.04601769912
245003,245042,245597,39,555,2,7200,1.07027027027
245004,245048,245605,44,557,2,7200,1.078994614
245005,245053,245612,48,559,2,7200,1.08586762075
245007,245034,245581,27,547,2,7200,1.04936014625
245022,245060,245624,38,564,2,7200,1.06737588652
245038,245077,245642,39,565,2,7200,1.06902654867
245040,245084,245649,44,565,2,7200,1.07787610619
245041,245089,245614,48,525,2,7200,1.09142857143
245057,245095,245649,38,554,2,7200,1.06859205776
245073,245101,245658,28,557,2,7200,1.05026929982
245074,245107,245679,33,572,2,7200,1.05769230769
245091,245125,245680,34,555,2,7200,1.06126126126
245092,245140,245682,48,542,2,7200,1.08856088561
245093,245212,245772,119,560,2,7200,1.2125
245095,245219,245784,124,565,2,7200,1.21946902655
245117,245278,245834,161,556,2,7200,1.28956834532
245132,245301,245844,169,543,2,7200,1.31123388582
245203,245351,245892,148,541,2,7200,1.27356746765
245218,245393,245949,175,556,2,7200,1.31474820144
245270,245409,245978,139,569,2,7200,1.24428822496
245292,245418,245977,126,559,2,7200,1.22540250447
245341,245442,245985,101,543,2,7200,1.18600368324
245384,245482,246056,98,574,2,7200,1.17073170732
245400,245490,246070,90,580,2,7200,1.15517241379
245415,245496,246055,81,559,2,7200,1.14490161002
245434,245541,246081,107,540,2,7200,1.19814814815
245474,245548,246083,74,535,2,7200,1.13831775701
245489,245555,246119,66,564,2,7200,1.1170212766
245491,245560,246122,69,562,2,7200,1.12277580071
245530,245567,246123,37,556,2,7200,1.06654676259
245546,245576,246143,30,567,2,7200,1.05291005291
245548,245583,246159,35,576,2,7200,1.06076388889
245549,245592,246153,43,561,2,7200,1.07664884135
245565,245597,246164,32,567,2,7200,1.05643738977
245566,245603,246165,37,562,2,7200,1.06583629893
245582,245609,246161,27,552,2,7200,1.04891304348
245583,245615,246190,32,575,2,7200,1.05565217391
245585,245621,246198,36,577,2,7200,1.06239168111
245601,245627,246192,26,565,2,7200,1.04601769912
245602,245632,246200,30,568,2,7200,1.05281690141
245604,245639,246215,35,576,2,7200,1.06076388889
245620,245653,246173,33,520,2,7200,1.06346153846
245621,245660,246221,39,561,2,7200,1.06951871658
245622,245666,246195,44,529,2,7200,1.0831758034
245638,245673,246243,35,570,2,7200,1.06140350877
245654,245690,246245,36,555,2,7200,1.06486486486
245655,245696,246256,41,560,2,7200,1.07321428571
245656,245702,246238,46,536,2,7200,1.08582089552
245672,245783,246346,111,563,2,7200,1.19715808171
245688,245795,246339,107,544,2,7200,1.19669117647
245689,245845,246374,156,529,2,7200,1.29489603025
245690,245855,246415,165,560,2,7200,1.29464285714
245773,245903,246468,130,565,2,7200,1.23008849558
245789,245960,246533,171,573,2,7200,1.29842931937
245794,247982,247984,2188,2,2,7200,219.0
245838,245988,246560,150,572,2,7200,1.26223776224
245854,245995,246552,141,557,2,7200,1.25314183124
245894,246002,246555,108,553,2,7200,1.19529837251
245952,246066,246633,114,567,2,7200,1.20105820106
245980,246073,246618,93,545,2,7200,1.17064220183
245981,246081,246639,100,558,2,7200,1.17921146953
245997,246092,246635,95,543,2,7200,1.17495395948
246059,246098,246630,39,532,2,7200,1.07330827068
246060,246130,246683,70,553,2,7200,1.12658227848
246076,246137,246689,61,552,2,7200,1.11050724638
246091,246143,246681,52,538,2,7200,1.09665427509
246092,246154,246700,62,546,2,7200,1.11355311355
246121,246164,246722,43,558,2,7200,1.0770609319
246137,246171,246701,34,530,2,7200,1.0641509434
246138,246178,246745,40,567,2,7200,1.07054673721
246153,246184,246752,31,568,2,7200,1.05457746479
246155,246189,246735,34,546,2,7200,1.06227106227
246171,246195,246774,24,579,2,7200,1.0414507772
246172,246202,246770,30,568,2,7200,1.05281690141
246174,246210,246777,36,567,2,7200,1.06349206349
246175,246215,246779,40,564,2,7200,1.07092198582
246191,246220,246788,29,568,2,7200,1.05105633803
246192,246227,246786,35,559,2,7200,1.0626118068
246208,246232,246798,24,566,2,7200,1.04240282686
246210,246237,246802,27,565,2,7200,1.04778761062
246211,246243,246804,32,561,2,7200,1.05704099822
246212,246249,246789,37,540,2,7200,1.06851851852
246230,246254,246827,24,573,2,7200,1.04188481675
246232,246261,246824,29,563,2,7200,1.05150976909
246247,246267,246823,20,556,2,7200,1.03597122302
246249,246273,246826,24,553,2,7200,1.04339963834
246250,246350,246895,100,545,2,7200,1.18348623853
246266,246357,246923,91,566,2,7200,1.16077738516
246342,246385,246943,43,558,2,7200,1.0770609319
246358,246426,246978,68,552,2,7200,1.1231884058
246376,246480,247042,104,562,2,7200,1.18505338078
246416,246544,247111,128,567,2,7200,1.22574955908
246472,246563,247133,91,570,2,7200,1.15964912281
246536,246570,247131,34,561,2,7200,1.06060606061
246555,246576,247136,21,560,2,7200,1.0375
246570,246630,247193,60,563,2,7200,1.10657193606
246572,246642,247193,70,551,2,7200,1.12704174229
246621,246649,247207,28,558,2,7200,1.05017921147
246637,246655,247213,18,558,2,7200,1.03225806452
246638,246661,247230,23,569,2,7200,1.04042179262
246640,246692,247249,52,557,2,7200,1.0933572711
246655,246699,247261,44,562,2,7200,1.07829181495
246683,246706,247246,23,540,2,7200,1.04259259259
246698,246713,247264,15,551,2,7200,1.02722323049
246700,246718,247277,18,559,2,7200,1.03220035778
246716,246733,247288,17,555,2,7200,1.03063063063
246717,246746,247290,29,544,2,7200,1.05330882353
246734,246756,247291,22,535,2,7200,1.04112149533
246750,246764,247316,14,552,2,7200,1.02536231884
246751,246782,247329,31,547,2,7200,1.05667276051
246767,246788,247359,21,571,2,7200,1.03677758319
246785,246794,247347,9,553,2,7200,1.01627486438
246787,246799,247361,12,562,2,7200,1.02135231317
246788,246806,247364,18,558,2,7200,1.03225806452
246789,246811,247372,22,561,2,7200,1.03921568627
246806,246818,247391,12,573,2,7200,1.02094240838
246807,246823,247385,16,562,2,7200,1.02846975089
246809,246828,247364,19,536,2,7200,1.03544776119
246810,246834,247395,24,561,2,7200,1.04278074866
246811,246841,247399,30,558,2,7200,1.05376344086
246813,246846,247410,33,564,2,7200,1.0585106383
246829,246851,247414,22,563,2,7200,1.03907637655
246831,246857,247412,26,555,2,7200,1.04684684685
246832,246906,247481,74,575,2,7200,1.12869565217
246833,246934,247462,101,528,2,7200,1.19128787879
246898,246955,247533,57,578,2,7200,1.09861591696
246926,246989,247517,63,528,2,7200,1.11931818182
246945,247053,247602,108,549,2,7200,1.19672131148
246981,247122,247688,141,566,2,7200,1.24911660777
247043,247142,247686,99,544,2,7200,1.18198529412
247114,247149,247685,35,536,2,7200,1.06529850746
247132,247155,247715,23,560,2,7200,1.04107142857
247148,247204,247770,56,566,2,7200,1.09893992933
247149,247210,247785,61,575,2,7200,1.10608695652
247196,247218,247780,22,562,2,7200,1.03914590747
247197,247225,247790,28,565,2,7200,1.04955752212
247213,247241,247801,28,560,2,7200,1.05
247228,247258,247829,30,571,2,7200,1.05253940455
247244,247265,247827,21,562,2,7200,1.03736654804
247259,247272,247838,13,566,2,7200,1.02296819788
247261,247279,247859,18,580,2,7200,1.03103448276
247277,247288,247828,11,540,2,7200,1.02037037037
247278,247300,247836,22,536,2,7200,1.04104477612
247295,247306,247869,11,563,2,7200,1.01953818828
247296,247312,247880,16,568,2,7200,1.02816901408
247298,247327,247856,29,529,2,7200,1.05482041588
247299,247340,247902,41,562,2,7200,1.07295373665
247318,247359,247897,41,538,2,7200,1.07620817844
247333,247370,247914,37,544,2,7200,1.06801470588
247349,247378,247938,29,560,2,7200,1.05178571429
247365,247383,247927,18,544,2,7200,1.03308823529
247366,247388,247938,22,550,2,7200,1.04
247367,247396,247956,29,560,2,7200,1.05178571429
247369,247402,247963,33,561,2,7200,1.05882352941
247385,247408,247974,23,566,2,7200,1.0406360424
247386,247414,247974,28,560,2,7200,1.05
247403,247420,247971,17,551,2,7200,1.03085299456
247404,247426,247984,22,558,2,7200,1.0394265233
247405,247432,247978,27,546,2,7200,1.04945054945
247422,247438,248013,16,575,2,7200,1.02782608696
247423,247473,248053,50,580,2,7200,1.08620689655
247425,247492,248067,67,575,2,7200,1.11652173913
247465,247528,248095,63,567,2,7200,1.11111111111
247483,247545,248113,62,568,2,7200,1.10915492958
247520,247571,248132,51,561,2,7200,1.09090909091
247536,247620,248190,84,570,2,7200,1.14736842105
247558,247565,247600,7,35,1,7200,1.2
247588,247613,311720,25,64107,1,259200,1.00038997301
247599,247932,252071,333,4139,1,7200,1.08045421599
247604,247696,248253,92,557,2,7200,1.16517055655
247687,247703,248270,16,567,2,7200,1.02821869489
247688,247709,248249,21,540,2,7200,1.03888888889
247704,247727,248307,23,580,2,7200,1.03965517241
247719,247783,248338,64,555,2,7200,1.11531531532
247774,247791,248335,17,544,2,7200,1.03125
247790,247798,248320,8,522,2,7200,1.0153256705
247792,247804,248360,12,556,2,7200,1.02158273381
247793,247813,248377,20,564,2,7200,1.03546099291
247809,247838,248389,29,551,2,7200,1.05263157895
247824,247845,248398,21,553,2,7200,1.03797468354
247841,247852,248410,11,558,2,7200,1.01971326165
247842,247858,248429,16,571,2,7200,1.02802101576
247844,247863,248420,19,557,2,7200,1.03411131059
247845,247870,248443,25,573,2,7200,1.04363001745
247861,247875,248433,14,558,2,7200,1.02508960573
247862,247883,248442,21,559,2,7200,1.03756708408
247878,247891,248455,13,564,2,7200,1.02304964539
247894,247908,248467,14,559,2,7200,1.02504472272
247901,248783,608807,882,360024,1,360000,1.00244983668
247909,247915,248482,6,567,2,7200,1.01058201058
247910,247926,248498,16,572,2,7200,1.02797202797
247926,247939,248499,13,560,2,7200,1.02321428571
247942,247949,248513,7,564,2,7200,1.01241134752
247943,247955,248493,12,538,2,7200,1.02230483271
247945,247968,248534,23,566,2,7200,1.0406360424
247960,247974,248537,14,563,2,7200,1.02486678508
247977,247989,248532,12,543,2,7200,1.02209944751
247978,247994,248574,16,580,2,7200,1.0275862069
247980,248000,248551,20,551,2,7200,1.03629764065
247981,248006,248554,25,548,2,7200,1.04562043796
247997,248012,248556,15,544,2,7200,1.02757352941
247998,248024,248568,26,544,2,7200,1.04779411765
248014,248065,248633,51,568,2,7200,1.08978873239
248054,248078,248639,24,561,2,7200,1.04278074866
248069,248107,248673,38,566,2,7200,1.06713780919
248097,248124,248654,27,530,2,7200,1.05094339623
248116,248143,248690,27,547,2,7200,1.04936014625
248134,248201,248736,67,535,2,7200,1.12523364486
248193,248260,248828,67,568,2,7200,1.11795774648
248251,248267,248836,16,569,2,7200,1.02811950791
248266,248281,248854,15,573,2,7200,1.02617801047
248281,248319,248882,38,563,2,7200,1.0674955595
248309,248331,248887,22,556,2,7200,1.03956834532
248324,248346,248927,22,581,2,7200,1.03786574871
248340,248353,248902,13,549,2,7200,1.02367941712
248342,248371,248945,29,574,2,7200,1.05052264808
248363,248388,248949,25,561,2,7200,1.04456327986
248379,248400,248965,21,565,2,7200,1.03716814159
248394,248410,248960,16,550,2,7200,1.02909090909
248410,248421,248980,11,559,2,7200,1.01967799642
248425,248431,248982,6,551,2,7200,1.0108892922
248427,248440,249010,13,570,2,7200,1.02280701754
248443,248449,249013,6,564,2,7200,1.01063829787
248444,248456,249011,12,555,2,7200,1.02162162162
248446,248461,249023,15,562,2,7200,1.02669039146
248462,248467,249019,5,552,2,7200,1.00905797101
248463,248478,249043,15,565,2,7200,1.02654867257
248478,248493,249047,15,554,2,7200,1.02707581227
248494,248504,249063,10,559,2,7200,1.01788908766
248495,248511,249073,16,562,2,7200,1.02846975089
248511,248517,249084,6,567,2,7200,1.01058201058
248512,248524,249093,12,569,2,7200,1.02108963093
248528,248543,249095,15,552,2,7200,1.02717391304
248543,248549,249114,6,565,2,7200,1.01061946903
248544,248556,249119,12,563,2,7200,1.02131438721
248546,248562,249122,16,560,2,7200,1.02857142857
248561,248569,249135,8,566,2,7200,1.01413427562
248563,248574,249117,11,543,2,7200,1.02025782689
248564,248580,249148,16,568,2,7200,1.02816901408
248579,248586,249186,7,600,2,7200,1.01166666667
248581,248644,249223,63,579,2,7200,1.10880829016
248636,248651,249196,15,545,2,7200,1.02752293578
248651,248665,249243,14,578,2,7200,1.02422145329
248667,248684,249240,17,556,2,7200,1.03057553957
248682,248701,249246,19,545,2,7200,1.03486238532
248697,248747,249321,50,574,2,7200,1.08710801394
248738,248777,249344,39,567,2,7200,1.06878306878
248830,248840,249392,10,552,2,7200,1.01811594203
248845,248861,249418,16,557,2,7200,1.02872531418
248860,248867,249431,7,564,2,7200,1.01241134752
248885,248893,249457,8,564,2,7200,1.01418439716
248900,248906,249473,6,567,2,7200,1.01058201058
248915,248921,249479,6,558,2,7200,1.01075268817
248931,248938,249486,7,548,2,7200,1.01277372263
248946,248956,249519,10,563,2,7200,1.01776198934
248962,248968,249523,6,555,2,7200,1.01081081081
248963,248974,249549,11,575,2,7200,1.01913043478
248979,248985,249548,6,563,2,7200,1.01065719361
248994,249001,249574,7,573,2,7200,1.01221640489
248996,249007,249566,11,559,2,7200,1.01967799642
249011,249021,249592,10,571,2,7200,1.01751313485
249013,249029,249592,16,563,2,7200,1.02841918295
249029,249035,249605,6,570,2,7200,1.01052631579
249030,249041,249592,11,551,2,7200,1.01996370236
249031,249047,249589,16,542,2,7200,1.0295202952
249047,249054,249623,7,569,2,7200,1.01230228471
249062,249068,249629,6,561,2,7200,1.01069518717
249080,249086,249650,6,564,2,7200,1.01063829787
249082,249092,249644,10,552,2,7200,1.01811594203
249097,249103,249637,6,534,2,7200,1.01123595506
249099,249109,249673,10,564,2,7200,1.01773049645
249100,249115,249676,15,561,2,7200,1.02673796791
249115,249125,249686,10,561,2,7200,1.01782531194
249131,249137,249686,6,549,2,7200,1.01092896175
249132,249143,249722,11,579,2,7200,1.01899827288
249134,249148,249731,14,583,2,7200,1.02401372213
249149,249155,249712,6,557,2,7200,1.01077199282
249151,249161,249721,10,560,2,7200,1.01785714286
249188,249198,249759,10,561,2,7200,1.01782531194
249203,249209,249765,6,556,2,7200,1.01079136691
249225,249234,249789,9,555,2,7200,1.01621621622
249243,249251,249819,8,568,2,7200,1.01408450704
249245,249257,249810,12,553,2,7200,1.02169981917
249261,249267,249834,6,567,2,7200,1.01058201058
249325,249332,249906,7,574,2,7200,1.01219512195
249347,249355,249930,8,575,2,7200,1.01391304348
249396,249403,249960,7,557,2,7200,1.01256732496
249420,249429,249984,9,555,2,7200,1.01621621622
249436,249442,250009,6,567,2,7200,1.01058201058
249461,249469,250037,8,568,2,7200,1.01408450704
249476,249484,250032,8,548,2,7200,1.01459854015
249492,249497,250049,5,552,2,7200,1.00905797101
249493,249503,250065,10,562,2,7200,1.01779359431
249521,249531,250092,10,561,2,7200,1.01782531194
249536,249542,250108,6,566,2,7200,1.01060070671
249552,249559,250117,7,558,2,7200,1.01254480287
249553,249565,250128,12,563,2,7200,1.02131438721
249569,249577,250134,8,557,2,7200,1.01436265709
249584,249590,250145,6,555,2,7200,1.01081081081
249600,249606,250174,6,568,2,7200,1.01056338028
249601,249612,250152,11,540,2,7200,1.02037037037
249602,249617,250199,15,582,2,7200,1.02577319588
249604,249623,250179,19,556,2,7200,1.03417266187
249619,249629,250194,10,565,2,7200,1.01769911504
249635,249641,250194,6,553,2,7200,1.01084990958
249637,249647,250167,10,520,2,7200,1.01923076923
249652,249658,250211,6,553,2,7200,1.01084990958
249654,249664,250232,10,568,2,7200,1.0176056338
249655,249670,250227,15,557,2,7200,1.02692998205
249677,249688,250248,11,560,2,7200,1.01964285714
249678,249694,250257,16,563,2,7200,1.02841918295
249694,249700,250273,6,573,2,7200,1.01047120419
249695,249706,250267,11,561,2,7200,1.01960784314
249714,249723,250299,9,576,2,7200,1.015625
249730,249736,250313,6,577,2,7200,1.01039861352
249731,249742,250297,11,555,2,7200,1.01981981982
249746,249752,250307,6,555,2,7200,1.01081081081
249762,249770,250345,8,575,2,7200,1.01391304348
249777,249783,250356,6,573,2,7200,1.01047120419
249793,249800,250353,7,553,2,7200,1.01265822785
249811,249821,250379,10,558,2,7200,1.01792114695
249826,249833,250402,7,569,2,7200,1.01230228471
249842,249848,250421,6,573,2,7200,1.01047120419
249910,249917,250499,7,582,2,7200,1.01202749141
249931,249942,250501,11,559,2,7200,1.01967799642
249962,249971,250536,9,565,2,7200,1.01592920354
249987,249995,250566,8,571,2,7200,1.01401050788
250011,250020,250574,9,554,2,7200,1.01624548736
250033,250043,250611,10,568,2,7200,1.0176056338
250049,250055,250622,6,567,2,7200,1.01058201058
250051,250061,250626,10,565,2,7200,1.01769911504
250069,250076,250638,7,562,2,7200,1.01245551601
250094,250103,250663,9,560,2,7200,1.01607142857
250109,250120,250677,11,557,2,7200,1.0197486535
250125,250131,250683,6,552,2,7200,1.01086956522
250141,250147,250711,6,564,2,7200,1.01063829787
250142,250153,250713,11,560,2,7200,1.01964285714
250157,250163,250732,6,569,2,7200,1.01054481547
250159,250169,250738,10,569,2,7200,1.01757469244
250174,250181,250735,7,554,2,7200,1.01263537906
250176,250187,250745,11,558,2,7200,1.01971326165
250191,250198,250766,7,568,2,7200,1.01232394366
250207,250213,250783,6,570,2,7200,1.01052631579
250209,250219,250774,10,555,2,7200,1.01801801802
250210,250225,250806,15,581,2,7200,1.02581755594
250226,250231,250799,5,568,2,7200,1.0088028169
250241,250247,250831,6,584,2,7200,1.0102739726
250243,250254,250832,11,578,2,7200,1.01903114187
250259,250265,250806,6,541,2,7200,1.01109057301
250260,250271,250838,11,567,2,7200,1.01940035273
250276,250282,250846,6,564,2,7200,1.01063829787
250277,250288,250858,11,570,2,7200,1.01929824561
250299,250305,250849,6,544,2,7200,1.01102941176
250300,250311,250861,11,550,2,7200,1.02
250316,250323,250880,7,557,2,7200,1.01256732496
250318,250329,250895,11,566,2,7200,1.01943462898
250349,250355,250927,6,572,2,7200,1.01048951049
250364,250371,250934,7,563,2,7200,1.01243339254
250366,250377,250937,11,560,2,7200,1.01964285714
250381,250388,250968,7,580,2,7200,1.01206896552
250403,250409,250990,6,581,2,7200,1.01032702238
250425,250431,250970,6,539,2,7200,1.01113172542
250502,250508,251077,6,569,2,7200,1.01054481547
250503,250514,251069,11,555,2,7200,1.01981981982
250537,250544,251106,7,562,2,7200,1.01245551601
250568,250574,251150,6,576,2,7200,1.01041666667
250584,250590,251153,6,563,2,7200,1.01065719361
250615,250621,251183,6,562,2,7200,1.01067615658
250631,250637,251206,6,569,2,7200,1.01054481547
250632,250643,251216,11,573,2,7200,1.01919720768
250647,250654,251216,7,562,2,7200,1.01245551601
250666,250672,251234,6,562,2,7200,1.01067615658
250682,250688,251264,6,576,2,7200,1.01041666667
250697,250703,251258,6,555,2,7200,1.01081081081
250713,250719,251286,6,567,2,7200,1.01058201058
250728,250735,251295,7,560,2,7200,1.0125
250744,250750,251313,6,563,2,7200,1.01065719361
250746,250756,251322,10,566,2,7200,1.01766784452
250747,250762,251316,15,554,2,7200,1.02707581227
250763,250768,251320,5,552,2,7200,1.00905797101
250778,250784,251350,6,566,2,7200,1.01060070671
250780,250790,251342,10,552,2,7200,1.01811594203
250797,250803,251379,6,576,2,7200,1.01041666667
250813,250819,251383,6,564,2,7200,1.01063829787
250814,250825,251377,11,552,2,7200,1.01992753623
250816,250831,251389,15,558,2,7200,1.02688172043
250835,250841,251411,6,570,2,7200,1.01052631579
250836,250849,251412,13,563,2,7200,1.02309058615
250852,250858,251408,6,550,2,7200,1.01090909091
250854,250864,251409,10,545,2,7200,1.01834862385
250855,250870,251440,15,570,2,7200,1.02631578947
250871,250877,251457,6,580,2,7200,1.01034482759
250872,250884,251453,12,569,2,7200,1.02108963093
250888,250894,251458,6,564,2,7200,1.01063829787
250903,250909,251457,6,548,2,7200,1.01094890511
250928,250934,251500,6,566,2,7200,1.01060070671
250944,250950,251499,6,549,2,7200,1.01092896175
250945,250956,251519,11,563,2,7200,1.01953818828
250970,250977,251541,7,564,2,7200,1.01241134752
250986,250992,251552,6,560,2,7200,1.01071428571
251001,251008,251572,7,564,2,7200,1.01241134752
251072,251079,251636,7,557,2,7200,1.01256732496
251088,251094,251648,6,554,2,7200,1.01083032491
251103,251109,251645,6,536,2,7200,1.01119402985
251153,251159,251720,6,561,2,7200,1.01069518717
251168,251174,251741,6,567,2,7200,1.01058201058
251189,251195,251744,6,549,2,7200,1.01092896175
251210,251217,251792,7,575,2,7200,1.01217391304
251226,251232,251796,6,564,2,7200,1.01063829787
251227,251238,251763,11,525,2,7200,1.02095238095
251243,251249,251806,6,557,2,7200,1.01077199282
251261,251268,251832,7,564,2,7200,1.01241134752
251277,251283,251860,6,577,2,7200,1.01039861352
251292,251299,251874,7,575,2,7200,1.01217391304
251308,251314,251880,6,566,2,7200,1.01060070671
251324,251330,251895,6,565,2,7200,1.01061946903
251325,251336,251896,11,560,2,7200,1.01964285714
251327,251342,251904,15,562,2,7200,1.02669039146
251328,251347,251898,19,551,2,7200,1.03448275862
251344,251353,251917,9,564,2,7200,1.01595744681
251360,251366,251945,6,579,2,7200,1.0103626943
251378,251385,251930,7,545,2,7200,1.0128440367
251394,251401,251969,7,568,2,7200,1.01232394366
251396,251407,251973,11,566,2,7200,1.01943462898
251397,251413,251983,16,570,2,7200,1.02807017544
251414,251419,251989,5,570,2,7200,1.00877192982
251415,251426,251969,11,543,2,7200,1.02025782689
251416,251432,251988,16,556,2,7200,1.02877697842
251418,251437,252022,19,585,2,7200,1.03247863248
251442,251449,252010,7,561,2,7200,1.01247771836
251459,251465,252037,6,572,2,7200,1.01048951049
251460,251471,252015,11,544,2,7200,1.02022058824
251462,251477,252043,15,566,2,7200,1.02650176678
251463,251482,252051,19,569,2,7200,1.03339191564
251501,251507,252068,6,561,2,7200,1.01069518717
251502,251513,252096,11,583,2,7200,1.01886792453
251521,251527,252096,6,569,2,7200,1.01054481547
251543,251549,252121,6,572,2,7200,1.01048951049
251558,251564,252110,6,546,2,7200,1.01098901099
251574,251580,252112,6,532,2,7200,1.01127819549
251638,251645,252166,7,521,2,7200,1.01343570058
251654,251660,252223,6,563,2,7200,1.01065719361
251655,251666,252228,11,562,2,7200,1.01957295374
251723,251729,252279,6,550,2,7200,1.01090909091
251745,251751,252311,6,560,2,7200,1.01071428571
251746,251758,252324,12,566,2,7200,1.02120141343
251765,251771,252347,6,576,2,7200,1.01041666667
251796,251802,252370,6,568,2,7200,1.01056338028
251811,251817,252378,6,561,2,7200,1.01069518717
251813,251823,252383,10,560,2,7200,1.01785714286
251834,251840,252411,6,571,2,7200,1.01050788091
251862,251868,252437,6,569,2,7200,1.01054481547
251877,251883,252434,6,551,2,7200,1.0108892922
251892,251899,252468,7,569,2,7200,1.01230228471
251908,251915,252476,7,561,2,7200,1.01247771836
251910,251921,252488,11,567,2,7200,1.01940035273
251911,251927,252479,16,552,2,7200,1.02898550725
251912,251932,252497,20,565,2,7200,1.03539823009
251928,251938,252488,10,550,2,7200,1.01818181818
251944,251950,252489,6,539,2,7200,1.01113172542
251959,251965,252515,6,550,2,7200,1.01090909091
251975,251981,252539,6,558,2,7200,1.01075268817
251977,251987,252540,10,553,2,7200,1.01808318264
251978,251992,252567,14,575,2,7200,1.02434782609
251994,252000,252568,6,568,2,7200,1.01056338028
251996,252006,252576,10,570,2,7200,1.01754385965
251997,252012,252551,15,539,2,7200,1.02782931354
252012,252019,252572,7,553,2,7200,1.01265822785
252028,252034,252588,6,554,2,7200,1.01083032491
252029,252040,252596,11,556,2,7200,1.01978417266
252045,252051,252619,6,568,2,7200,1.01056338028
252046,252057,252618,11,561,2,7200,1.01960784314
252063,252069,252627,6,558,2,7200,1.01075268817
252068,252075,259281,7,7206,1,7200,1.00097141271
252078,252084,252649,6,565,2,7200,1.01061946903
252097,252103,252675,6,572,2,7200,1.01048951049
252098,252109,252672,11,563,2,7200,1.01953818828
252114,252120,252689,6,569,2,7200,1.01054481547
252115,252126,252690,11,564,2,7200,1.0195035461
252131,252137,252716,6,579,2,7200,1.0103626943
252168,252174,252742,6,568,2,7200,1.01056338028
252226,252232,252804,6,572,2,7200,1.01048951049
252242,252248,252816,6,568,2,7200,1.01056338028
252282,252288,252860,6,572,2,7200,1.01048951049
252313,252319,252892,6,573,2,7200,1.01047120419
252328,252334,252906,6,572,2,7200,1.01048951049
252350,252356,252924,6,568,2,7200,1.01056338028
252371,252377,252938,6,561,2,7200,1.01069518717
252387,252393,252955,6,562,2,7200,1.01067615658
252388,252399,252967,11,568,2,7200,1.01936619718
252413,252419,252981,6,562,2,7200,1.01067615658
252438,252444,253009,6,565,2,7200,1.01061946903
252439,252450,253008,11,558,2,7200,1.01971326165
252470,252476,253033,6,557,2,7200,1.01077199282
252486,252492,253058,6,566,2,7200,1.01060070671
252487,252498,253068,11,570,2,7200,1.01929824561
252503,252509,253059,6,550,2,7200,1.01090909091
252505,252515,253088,10,573,2,7200,1.01745200698
252506,252521,253075,15,554,2,7200,1.02707581227
252507,252526,253067,19,541,2,7200,1.03512014787
252523,252532,253107,9,575,2,7200,1.01565217391
252542,252548,253101,6,553,2,7200,1.01084990958
252543,252554,253080,11,526,2,7200,1.02091254753
252559,252565,253117,6,552,2,7200,1.01086956522
252574,252580,253165,6,585,2,7200,1.01025641026
252576,252586,253135,10,549,2,7200,1.01821493625
252577,252592,253182,15,590,2,7200,1.02542372881
252595,252601,253163,6,562,2,7200,1.01067615658
252596,252607,253170,11,563,2,7200,1.01953818828
252612,252618,253184,6,566,2,7200,1.01060070671
252628,252634,253197,6,563,2,7200,1.01065719361
252629,252640,253218,11,578,2,7200,1.01903114187
252630,252646,253210,16,564,2,7200,1.02836879433
252652,252659,253234,7,575,2,7200,1.01217391304
252674,252680,253240,6,560,2,7200,1.01071428571
252691,252697,253239,6,542,2,7200,1.0110701107
252692,252703,253252,11,549,2,7200,1.02003642987
252693,252709,253282,16,573,2,7200,1.02792321117
252718,252724,253289,6,565,2,7200,1.01061946903
252746,252752,253318,6,566,2,7200,1.01060070671
252808,252814,253348,6,534,2,7200,1.01123595506
252823,252829,253398,6,569,2,7200,1.01054481547
252864,252870,253435,6,565,2,7200,1.01061946903
252894,252901,253468,7,567,2,7200,1.01234567901
252910,252916,253467,6,551,2,7200,1.0108892922
252925,252932,253491,7,559,2,7200,1.01252236136
252941,252947,253515,6,568,2,7200,1.01056338028
252956,252962,253501,6,539,2,7200,1.01113172542
252972,252978,253545,6,567,2,7200,1.01058201058
252987,252993,253550,6,557,2,7200,1.01077199282
253012,253019,253576,7,557,2,7200,1.01256732496
253014,253025,253592,11,567,2,7200,1.01940035273
253036,253042,253598,6,556,2,7200,1.01079136691
253060,253067,253631,7,564,2,7200,1.01241134752
253062,253073,253634,11,561,2,7200,1.01960784314
253078,253084,253651,6,567,2,7200,1.01058201058
253079,253090,253648,11,558,2,7200,1.01971326165
253080,253095,253639,15,544,2,7200,1.02757352941
253096,253102,253631,6,529,2,7200,1.01134215501
253097,253108,253669,11,561,2,7200,1.01960784314
253113,253119,253676,6,557,2,7200,1.01077199282
253114,253125,253684,11,559,2,7200,1.01967799642
253130,253136,253687,6,551,2,7200,1.0108892922
253145,253151,253719,6,568,2,7200,1.01056338028
253149,253157,253158,8,1,1,240,1.0
253167,253173,253720,6,547,2,7200,1.01096892139
253168,253179,253746,11,567,2,7200,1.01940035273
253184,253190,253740,6,550,2,7200,1.01090909091
253186,253196,253764,10,568,2,7200,1.0176056338
253187,253202,253782,15,580,2,7200,1.02586206897
253203,253209,253765,6,556,2,7200,1.01079136691
253219,253225,253780,6,555,2,7200,1.01081081081
253220,253231,253781,11,550,2,7200,1.02
253236,253242,253811,6,569,2,7200,1.01054481547
253252,253258,253824,6,566,2,7200,1.01060070671
253253,253264,253793,11,529,2,7200,1.02079395085
253269,253275,253847,6,572,2,7200,1.01048951049
253284,253290,253854,6,564,2,7200,1.01063829787
253299,253306,253850,7,544,2,7200,1.01286764706
253321,253327,253860,6,533,2,7200,1.01125703565
253349,253355,253919,6,564,2,7200,1.01063829787
253401,253408,253957,7,549,2,7200,1.01275045537
253438,253445,254003,7,558,2,7200,1.01254480287
253469,253476,254062,7,586,2,7200,1.01194539249
253471,253482,254062,11,580,2,7200,1.01896551724
253492,253499,254069,7,570,2,7200,1.01228070175
253508,253514,254076,6,562,2,7200,1.01067615658
253524,253530,254084,6,554,2,7200,1.01083032491
253549,253555,254126,6,571,2,7200,1.01050788091
253564,253570,254135,6,565,2,7200,1.01061946903
253579,253585,254139,6,554,2,7200,1.01083032491
253595,253601,254164,6,563,2,7200,1.01065719361
253610,253616,254186,6,570,2,7200,1.01052631579
253636,253642,254218,6,576,2,7200,1.01041666667
253637,253648,254195,11,547,2,7200,1.02010968921
253639,253654,254213,15,559,2,7200,1.02683363148
253655,253661,254197,6,536,2,7200,1.01119402985
253656,253667,254212,11,545,2,7200,1.02018348624
253658,253672,254234,14,562,2,7200,1.02491103203
253673,253680,254225,7,545,2,7200,1.0128440367
253689,253695,254263,6,568,2,7200,1.01056338028
253691,253701,254270,10,569,2,7200,1.01757469244
253692,253706,254241,14,535,2,7200,1.0261682243
253723,253729,254285,6,556,2,7200,1.01079136691
253725,253735,254289,10,554,2,7200,1.01805054152
253743,253749,254310,6,561,2,7200,1.01069518717
253759,253765,254331,6,566,2,7200,1.01060070671
253774,253780,254348,6,568,2,7200,1.01056338028
253775,253786,254360,11,574,2,7200,1.01916376307
253791,253797,254351,6,554,2,7200,1.01083032491
253793,253803,254347,10,544,2,7200,1.01838235294
253794,253808,254366,14,558,2,7200,1.02508960573
253810,253815,254365,5,550,2,7200,1.00909090909
253825,253832,254380,7,548,2,7200,1.01277372263
253827,253838,254382,11,544,2,7200,1.02022058824
253849,253855,254391,6,536,2,7200,1.01119402985
253864,253871,254422,7,551,2,7200,1.01270417423
253866,253877,254440,11,563,2,7200,1.01953818828
253867,253883,254449,16,566,2,7200,1.02826855124
253923,253929,254496,6,567,2,7200,1.01058201058
253960,253966,254531,6,565,2,7200,1.01061946903
254006,254012,254587,6,575,2,7200,1.01043478261
254065,254071,254635,6,564,2,7200,1.01063829787
254067,254078,254601,11,523,2,7200,1.02103250478
254082,254088,254652,6,564,2,7200,1.01063829787
254084,254094,254649,10,555,2,7200,1.01801801802
254099,254105,254667,6,562,2,7200,1.01067615658
254130,254136,254714,6,578,2,7200,1.01038062284
254146,254152,254713,6,561,2,7200,1.01069518717
254147,254158,254714,11,556,2,7200,1.01978417266
254166,254172,254739,6,567,2,7200,1.01058201058
254188,254194,254749,6,555,2,7200,1.01081081081
254203,254210,254758,7,548,2,7200,1.01277372263
254205,254216,254792,11,576,2,7200,1.01909722222
254221,254227,254762,6,535,2,7200,1.01121495327
254223,254233,254797,10,564,2,7200,1.01773049645
254224,254239,254811,15,572,2,7200,1.02622377622
254240,254246,254815,6,569,2,7200,1.01054481547
254241,254252,254821,11,569,2,7200,1.01933216169
254257,254263,254822,6,559,2,7200,1.01073345259
254273,254279,254853,6,574,2,7200,1.01045296167
254274,254286,254846,12,560,2,7200,1.02142857143
254290,254296,254833,6,537,2,7200,1.01117318436
254291,254302,254850,11,548,2,7200,1.0200729927
254313,254319,254883,6,564,2,7200,1.01063829787
254335,254341,254907,6,566,2,7200,1.01060070671
254351,254357,254939,6,582,2,7200,1.01030927835
254352,254365,254921,13,556,2,7200,1.02338129496
254368,254375,254931,7,556,2,7200,1.01258992806
254370,254382,254928,12,546,2,7200,1.02197802198
254371,254387,254959,16,572,2,7200,1.02797202797
254373,254392,254960,19,568,2,7200,1.03345070423
254389,254398,254954,9,556,2,7200,1.01618705036
254390,254404,254966,14,562,2,7200,1.02491103203
254406,254412,254992,6,580,2,7200,1.01034482759
254425,254431,255011,6,580,2,7200,1.01034482759
254443,254449,255011,6,562,2,7200,1.01067615658
254459,254465,255034,6,569,2,7200,1.01054481547
254499,254505,255076,6,571,2,7200,1.01050788091
254533,254539,255081,6,542,2,7200,1.0110701107
254589,254595,255133,6,538,2,7200,1.01115241636
254604,254610,255149,6,539,2,7200,1.01113172542
254639,254645,255209,6,564,2,7200,1.01063829787
254654,254660,255233,6,573,2,7200,1.01047120419
254656,254666,255227,10,561,2,7200,1.01782531194
254671,254677,255246,6,569,2,7200,1.01054481547
254715,254721,255277,6,556,2,7200,1.01079136691
254716,254727,255294,11,567,2,7200,1.01940035273
254717,254733,255291,16,558,2,7200,1.02867383513
254743,254749,255305,6,556,2,7200,1.01079136691
254759,254765,255333,6,568,2,7200,1.01056338028
254760,254771,255329,11,558,2,7200,1.01971326165
254776,254782,255364,6,582,2,7200,1.01030927835
254794,254801,255378,7,577,2,7200,1.01213171577
254810,254816,255389,6,573,2,7200,1.01047120419
254826,254832,255412,6,580,2,7200,1.01034482759
254828,254838,255414,10,576,2,7200,1.01736111111
254829,254844,255421,15,577,2,7200,1.0259965338
254830,254849,255417,19,568,2,7200,1.03345070423
254846,254855,255405,9,550,2,7200,1.01636363636
254848,254861,255420,13,559,2,7200,1.02325581395
254864,254870,255452,6,582,2,7200,1.01030927835
254865,254876,255430,11,554,2,7200,1.01985559567
254887,254893,255454,6,561,2,7200,1.01069518717
254912,254918,255493,6,575,2,7200,1.01043478261
254928,254933,255502,5,569,2,7200,1.00878734622
254944,254950,255505,6,555,2,7200,1.01081081081
254945,254956,255491,11,535,2,7200,1.02056074766
254946,254962,255526,16,564,2,7200,1.02836879433
254962,254968,255521,6,553,2,7200,1.01084990958
254964,254974,255546,10,572,2,7200,1.01748251748
254965,254980,255529,15,549,2,7200,1.02732240437
254981,254986,255547,5,561,2,7200,1.00891265597
254996,255002,255568,6,566,2,7200,1.01060070671
255012,255018,255571,6,553,2,7200,1.01084990958
255013,255024,255602,11,578,2,7200,1.01903114187
255038,255044,255608,6,564,2,7200,1.01063829787
255079,255085,255651,6,566,2,7200,1.01060070671
255094,255100,255669,6,569,2,7200,1.01054481547
255135,255141,255699,6,558,2,7200,1.01075268817
255153,255159,255711,6,552,2,7200,1.01086956522
255212,255218,255775,6,557,2,7200,1.01077199282
255230,255236,255790,6,554,2,7200,1.01083032491
255246,255252,255814,6,562,2,7200,1.01067615658
255247,255258,255794,11,536,2,7200,1.02052238806
255278,255284,255863,6,579,2,7200,1.0103626943
255294,255300,255867,6,567,2,7200,1.01058201058
255309,255315,255883,6,568,2,7200,1.01056338028
255310,255321,255897,11,576,2,7200,1.01909722222
255332,255338,255900,6,562,2,7200,1.01067615658
255347,255354,255897,7,543,2,7200,1.01289134438
255366,255372,255931,6,559,2,7200,1.01073345259
255381,255387,255942,6,555,2,7200,1.01081081081
255397,255403,255965,6,562,2,7200,1.01067615658
255412,255418,255994,6,576,2,7200,1.01041666667
255413,255424,255978,11,554,2,7200,1.01985559567
255430,255436,255986,6,550,2,7200,1.01090909091
255431,255442,256014,11,572,2,7200,1.01923076923
255432,255448,255998,16,550,2,7200,1.02909090909
255434,255453,255978,19,525,2,7200,1.03619047619
255449,255459,256029,10,570,2,7200,1.01754385965
255464,255471,256035,7,564,2,7200,1.01241134752
255466,255477,256061,11,584,2,7200,1.01883561644
255494,255500,256067,6,567,2,7200,1.01058201058
255495,255506,256042,11,536,2,7200,1.02052238806
255511,255516,256057,5,541,2,7200,1.00924214418
255512,255522,256075,10,553,2,7200,1.01808318264
255528,255534,256073,6,539,2,7200,1.01113172542
255529,255540,256097,11,557,2,7200,1.0197486535
255544,255551,256095,7,544,2,7200,1.01286764706
255560,255566,256128,6,562,2,7200,1.01067615658
255561,255572,256147,11,575,2,7200,1.01913043478
255577,255582,256127,5,545,2,7200,1.00917431193
255578,255589,256160,11,571,2,7200,1.01926444834
255606,255612,256165,6,553,2,7200,1.01084990958
255621,255627,256196,6,569,2,7200,1.01054481547
255655,255661,256226,6,565,2,7200,1.01061946903
255671,255677,256226,6,549,2,7200,1.01092896175
255701,255707,256246,6,539,2,7200,1.01113172542
255717,255722,256282,5,560,2,7200,1.00892857143
255778,255784,256348,6,564,2,7200,1.01063829787
255794,255800,256363,6,563,2,7200,1.01065719361
255809,255815,256395,6,580,2,7200,1.01034482759
255824,255830,256392,6,562,2,7200,1.01067615658
255864,255871,256436,7,565,2,7200,1.01238938053
255880,255886,256424,6,538,2,7200,1.01115241636
255895,255901,256448,6,547,2,7200,1.01096892139
255911,255917,256480,6,563,2,7200,1.01065719361
255912,255923,256463,11,540,2,7200,1.02037037037
255913,255929,256495,16,566,2,7200,1.02826855124
255932,255938,256504,6,566,2,7200,1.01060070671
255947,255953,256514,6,561,2,7200,1.01069518717
255966,255972,256534,6,562,2,7200,1.01067615658
255982,255988,256535,6,547,2,7200,1.01096892139
255983,255994,256550,11,556,2,7200,1.01978417266
255999,256005,256555,6,550,2,7200,1.01090909091
256000,256011,256580,11,569,2,7200,1.01933216169
256001,256017,256580,16,563,2,7200,1.02841918295
256017,256023,256567,6,544,2,7200,1.01102941176
256033,256040,256605,7,565,2,7200,1.01238938053
256049,256055,256622,6,567,2,7200,1.01058201058
256050,256061,256599,11,538,2,7200,1.02044609665
256066,256072,256647,6,575,2,7200,1.01043478261
256068,256078,256628,10,550,2,7200,1.01818181818
256083,256090,256651,7,561,2,7200,1.01247771836
256085,256096,256632,11,536,2,7200,1.02052238806
256086,256102,256664,16,562,2,7200,1.02846975089
256102,256108,256657,6,549,2,7200,1.01092896175
256103,256114,256664,11,550,2,7200,1.02
256132,256138,256708,6,570,2,7200,1.01052631579
256133,256144,256685,11,541,2,7200,1.02033271719
256149,256155,256722,6,567,2,7200,1.01058201058
256164,256170,256742,6,572,2,7200,1.01048951049
256179,256186,256748,7,562,2,7200,1.01245551601
256198,256204,256767,6,563,2,7200,1.01065719361
256229,256235,256798,6,563,2,7200,1.01065719361
256231,256241,256812,10,571,2,7200,1.01751313485
256251,256257,256821,6,564,2,7200,1.01063829787
256285,256291,256855,6,564,2,7200,1.01063829787
256349,256356,256919,7,563,2,7200,1.01243339254
256365,256371,256933,6,562,2,7200,1.01067615658
256393,256399,256923,6,524,2,7200,1.01145038168
256408,256414,256947,6,533,2,7200,1.01125703565
256427,256433,256977,6,544,2,7200,1.01102941176
256442,256448,257013,6,565,2,7200,1.01061946903
256458,256464,257034,6,570,2,7200,1.01052631579
256473,256479,257037,6,558,2,7200,1.01075268817
256489,256495,257081,6,586,2,7200,1.01023890785
256504,256511,257074,7,563,2,7200,1.01243339254
256506,256517,257064,11,547,2,7200,1.02010968921
256521,256528,257072,7,544,2,7200,1.01286764706
256537,256543,257098,6,555,2,7200,1.01081081081
256538,256549,257084,11,535,2,7200,1.02056074766
256554,256560,257125,6,565,2,7200,1.01061946903
256570,256576,257145,6,569,2,7200,1.01054481547
256571,256582,257143,11,561,2,7200,1.01960784314
256587,256593,257161,6,568,2,7200,1.01056338028
256588,256599,257167,11,568,2,7200,1.01936619718
256603,256610,257144,7,534,2,7200,1.01310861423
256619,256625,257174,6,549,2,7200,1.01092896175
256635,256641,257198,6,557,2,7200,1.01077199282
256636,256647,257195,11,548,2,7200,1.0200729927
256638,256653,257216,15,563,2,7200,1.02664298401
256653,256659,257212,6,553,2,7200,1.01084990958
256655,256665,257234,10,569,2,7200,1.01757469244
256670,256677,257228,7,551,2,7200,1.01270417423
256672,256683,257263,11,580,2,7200,1.01896551724
256673,256689,257232,16,543,2,7200,1.02946593002
256689,256695,257246,6,551,2,7200,1.0108892922
256710,256716,257292,6,576,2,7200,1.01041666667
256726,256732,257289,6,557,2,7200,1.01077199282
256744,256750,257306,6,556,2,7200,1.01079136691
256760,256766,257321,6,555,2,7200,1.01081081081
256775,256781,257330,6,549,2,7200,1.01092896175
256800,256806,257365,6,559,2,7200,1.01073345259
256815,256822,257375,7,553,2,7200,1.01265822785
256831,256837,257394,6,557,2,7200,1.01077199282
256859,256865,257432,6,567,2,7200,1.01058201058
256923,256930,257498,7,568,2,7200,1.01232394366
256925,256936,257499,11,563,2,7200,1.01953818828
256940,256946,257507,6,561,2,7200,1.01069518717
256956,256962,257538,6,576,2,7200,1.01041666667
256980,256987,257554,7,567,2,7200,1.01234567901
257014,257020,257573,6,553,2,7200,1.01084990958
257036,257042,257605,6,563,2,7200,1.01065719361
257052,257058,257630,6,572,2,7200,1.01048951049
257067,257073,257630,6,557,2,7200,1.01077199282
257083,257089,257655,6,566,2,7200,1.01060070671
257084,257095,257650,11,555,2,7200,1.01981981982
257086,257100,257651,14,551,2,7200,1.02540834846
257102,257108,257682,6,574,2,7200,1.01045296167
257103,257114,257674,11,560,2,7200,1.01964285714
257128,257134,257687,6,553,2,7200,1.01084990958
257144,257150,257711,6,561,2,7200,1.01069518717
257145,257157,257726,12,569,2,7200,1.02108963093
257161,257167,257702,6,535,2,7200,1.01121495327
257177,257183,257730,6,547,2,7200,1.01096892139
257179,257189,257750,10,561,2,7200,1.01782531194
257180,257195,257744,15,549,2,7200,1.02732240437
257199,257205,257771,6,566,2,7200,1.01060070671
257200,257211,257771,11,560,2,7200,1.01964285714
257216,257222,257793,6,571,2,7200,1.01050788091
257217,257228,257799,11,571,2,7200,1.01926444834
257234,257239,257811,5,572,2,7200,1.00874125874
257235,257245,257810,10,565,2,7200,1.01769911504
257251,257257,257830,6,573,2,7200,1.01047120419
257252,257263,257829,11,566,2,7200,1.01943462898
257267,257274,257820,7,546,2,7200,1.01282051282
257292,257299,257870,7,571,2,7200,1.0122591944
257294,257305,257869,11,564,2,7200,1.0195035461
257309,257316,257857,7,541,2,7200,1.01293900185
257325,257331,257908,6,577,2,7200,1.01039861352
257340,257347,257925,7,578,2,7200,1.01211072664
257368,257374,257914,6,540,2,7200,1.01111111111
257384,257390,257947,6,557,2,7200,1.01077199282
257399,257405,257976,6,571,2,7200,1.01050788091
257433,257439,257995,6,556,2,7200,1.01079136691
257501,257507,258051,6,544,2,7200,1.01102941176
257503,257513,258077,10,564,2,7200,1.01773049645
257518,257524,258095,6,571,2,7200,1.01050788091
257540,257546,258109,6,563,2,7200,1.01065719361
257556,257562,258122,6,560,2,7200,1.01071428571
257574,257581,258138,7,557,2,7200,1.01256732496
257608,257615,258148,7,533,2,7200,1.01313320826
257633,257640,258203,7,563,2,7200,1.01243339254
257635,257647,258213,12,566,2,7200,1.02120141343
257654,257660,258222,6,562,2,7200,1.01067615658
257655,257666,258201,11,535,2,7200,1.02056074766
257671,257677,258244,6,567,2,7200,1.01058201058
257687,257693,258238,6,545,2,7200,1.01100917431
257688,257699,258246,11,547,2,7200,1.02010968921
257704,257710,258261,6,551,2,7200,1.0108892922
257705,257716,258275,11,559,2,7200,1.01967799642
257721,257727,258287,6,560,2,7200,1.01071428571
257737,257743,258303,6,560,2,7200,1.01071428571
257738,257749,258310,11,561,2,7200,1.01960784314
257754,257760,258320,6,560,2,7200,1.01071428571
257755,257766,258340,11,574,2,7200,1.01916376307
257774,257781,258310,7,529,2,7200,1.01323251418
257776,257788,258349,12,561,2,7200,1.02139037433
257795,257801,258361,6,560,2,7200,1.01071428571
257810,257816,258389,6,573,2,7200,1.01047120419
257812,257822,258389,10,567,2,7200,1.0176366843
257828,257834,258394,6,560,2,7200,1.01071428571
257829,257840,258379,11,539,2,7200,1.02040816327
257845,257851,258425,6,574,2,7200,1.01045296167
257846,257857,258422,11,565,2,7200,1.01946902655
257862,257868,258422,6,554,2,7200,1.01083032491
257878,257884,258443,6,559,2,7200,1.01073345259
257880,257890,258446,10,556,2,7200,1.01798561151
257911,257917,258485,6,568,2,7200,1.01056338028
257926,257932,258511,6,579,2,7200,1.0103626943
257928,257938,258502,10,564,2,7200,1.01773049645
257949,257956,258516,7,560,2,7200,1.0125
257980,257986,258557,6,571,2,7200,1.01050788091
257996,258002,258552,6,550,2,7200,1.01090909091
258055,258061,258626,6,565,2,7200,1.01061946903
258080,258086,258649,6,563,2,7200,1.01065719361
258098,258105,258668,7,563,2,7200,1.01243339254
258114,258120,258680,6,560,2,7200,1.01071428571
258130,258136,258702,6,566,2,7200,1.01060070671
258145,258151,258716,6,565,2,7200,1.01061946903
258160,258167,258714,7,547,2,7200,1.01279707495
258204,258210,258770,6,560,2,7200,1.01071428571
258206,258217,258756,11,539,2,7200,1.02040816327
258222,258228,258796,6,568,2,7200,1.01056338028
258237,258243,258811,6,568,2,7200,1.01056338028
258253,258259,258820,6,561,2,7200,1.01069518717
258254,258265,258837,11,572,2,7200,1.01923076923
258256,258271,258825,15,554,2,7200,1.02707581227
258271,258277,258836,6,559,2,7200,1.01073345259
258287,258293,258853,6,560,2,7200,1.01071428571
258289,258299,258847,10,548,2,7200,1.01824817518
258308,258314,258882,6,568,2,7200,1.01056338028
258324,258330,258869,6,539,2,7200,1.01113172542
258325,258336,258891,11,555,2,7200,1.01981981982
258327,258342,258906,15,564,2,7200,1.02659574468
258342,258348,258870,6,522,2,7200,1.01149425287
258358,258364,258920,6,556,2,7200,1.01079136691
258373,258379,258945,6,566,2,7200,1.01060070671
258389,258395,258928,6,533,2,7200,1.01125703565
258391,258401,258984,10,583,2,7200,1.01715265866
258406,258412,258981,6,569,2,7200,1.01054481547
258408,258418,258985,10,567,2,7200,1.0176366843
258424,258430,259005,6,575,2,7200,1.01043478261
258425,258436,258999,11,563,2,7200,1.01953818828
258441,258447,258965,6,518,2,7200,1.01158301158
258457,258463,259039,6,576,2,7200,1.01041666667
258458,258469,259032,11,563,2,7200,1.01953818828
258486,258493,259061,7,568,2,7200,1.01232394366
258505,258511,259051,6,540,2,7200,1.01111111111
258521,258527,259105,6,578,2,7200,1.01038062284
258522,258533,259088,11,555,2,7200,1.01981981982
258553,258559,259107,6,548,2,7200,1.01094890511
258568,258574,259108,6,534,2,7200,1.01123595506
258630,258636,259198,6,562,2,7200,1.01067615658
258652,258658,259234,6,576,2,7200,1.01041666667
258670,258677,259236,7,559,2,7200,1.01252236136
258686,258692,259257,6,565,2,7200,1.01061946903
258704,258711,259260,7,549,2,7200,1.01275045537
258720,258726,259286,6,560,2,7200,1.01071428571
258722,258732,259271,10,539,2,7200,1.0185528757
258759,258765,259313,6,548,2,7200,1.01094890511
258774,258780,259349,6,569,2,7200,1.01054481547
258799,258805,259372,6,567,2,7200,1.01058201058
258815,258821,259386,6,565,2,7200,1.01061946903
258830,258836,259401,6,565,2,7200,1.01061946903
258832,258842,259397,10,555,2,7200,1.01801801802
258847,258854,259412,7,558,2,7200,1.01254480287
258849,258860,259414,11,554,2,7200,1.01985559567
258850,258866,259431,16,565,2,7200,1.02831858407
258866,258872,259420,6,548,2,7200,1.01094890511
258882,258888,259457,6,569,2,7200,1.01054481547
258883,258894,259431,11,537,2,7200,1.02048417132
258899,258905,259477,6,572,2,7200,1.01048951049
258900,258911,259472,11,561,2,7200,1.01960784314
258916,258922,259480,6,558,2,7200,1.01075268817
258931,258938,259517,7,579,2,7200,1.01208981002
258933,258943,259510,10,567,2,7200,1.0176366843
258948,258954,259526,6,572,2,7200,1.01048951049
258967,258973,259540,6,567,2,7200,1.01058201058
258982,258989,259541,7,552,2,7200,1.01268115942
258998,259004,259558,6,554,2,7200,1.01083032491
259000,259010,259562,10,552,2,7200,1.01811594203
259015,259021,259587,6,566,2,7200,1.01060070671
259017,259027,259594,10,567,2,7200,1.0176366843
259035,259041,259594,6,553,2,7200,1.01084990958
259051,259057,259591,6,534,2,7200,1.01123595506
259067,259073,259613,6,540,2,7200,1.01111111111
259068,259079,259634,11,555,2,7200,1.01981981982
259090,259096,259649,6,553,2,7200,1.01084990958
259109,259115,259673,6,558,2,7200,1.01075268817
259110,259121,259686,11,565,2,7200,1.01946902655
259112,259127,259690,15,563,2,7200,1.02664298401
259202,259208,259774,6,566,2,7200,1.01060070671
259236,259242,259804,6,562,2,7200,1.01067615658
259251,259257,259820,6,563,2,7200,1.01065719361
259267,259273,259840,6,567,2,7200,1.01058201058
259268,259279,259815,11,536,2,7200,1.02052238806
259284,259290,259830,6,540,2,7200,1.01111111111
259299,259305,259870,6,565,2,7200,1.01061946903
259315,259321,259893,6,572,2,7200,1.01048951049
259352,259358,259926,6,568,2,7200,1.01056338028
259373,259380,259933,7,553,2,7200,1.01265822785
259389,259395,259921,6,526,2,7200,1.01140684411
259404,259411,259950,7,539,2,7200,1.01298701299
259406,259417,259953,11,536,2,7200,1.02052238806
259422,259428,259994,6,566,2,7200,1.01060070671
259423,259434,260000,11,566,2,7200,1.01943462898
259425,259440,259964,15,524,2,7200,1.0286259542
259441,259446,260002,5,556,2,7200,1.00899280576
259442,259452,259991,10,539,2,7200,1.0185528757
259461,259467,260013,6,546,2,7200,1.01098901099
259476,259482,260045,6,563,2,7200,1.01065719361
259492,259498,260051,6,553,2,7200,1.01084990958
259493,259504,260073,11,569,2,7200,1.01933216169
259509,259515,260083,6,568,2,7200,1.01056338028
259524,259530,260072,6,542,2,7200,1.0110701107
259540,259546,260097,6,551,2,7200,1.0108892922
259555,259561,260121,6,560,2,7200,1.01071428571
259557,259567,260117,10,550,2,7200,1.01818181818
259572,259578,260108,6,530,2,7200,1.01132075472
259574,259584,260136,10,552,2,7200,1.01811594203
259589,259595,260166,6,571,2,7200,1.01050788091
259605,259611,260172,6,561,2,7200,1.01069518717
259606,259617,260173,11,556,2,7200,1.01978417266
259608,259622,260194,14,572,2,7200,1.02447552448
259623,259629,260191,6,562,2,7200,1.01067615658
259639,259645,260214,6,569,2,7200,1.01054481547
259654,259660,260206,6,546,2,7200,1.01098901099
259676,259682,260211,6,529,2,7200,1.01134215501
259691,259698,260261,7,563,2,7200,1.01243339254
259693,259704,260261,11,557,2,7200,1.0197486535
259776,259782,260362,6,580,2,7200,1.01034482759
259807,259813,260360,6,547,2,7200,1.01096892139
259822,259829,260387,7,558,2,7200,1.01254480287
259824,259835,260403,11,568,2,7200,1.01936619718
259840,259846,260423,6,577,2,7200,1.01039861352
259856,259862,260431,6,569,2,7200,1.01054481547
259872,259878,260421,6,543,2,7200,1.01104972376
259897,259903,260447,6,544,2,7200,1.01102941176
259924,259930,260495,6,565,2,7200,1.01061946903
259940,259946,260517,6,571,2,7200,1.01050788091
259941,259952,260538,11,586,2,7200,1.01877133106
259957,259963,260530,6,567,2,7200,1.01058201058
259958,259969,260514,11,545,2,7200,1.02018348624
259974,259980,260520,6,540,2,7200,1.01111111111
259992,259998,260566,6,568,2,7200,1.01056338028
260008,260014,260564,6,550,2,7200,1.01090909091
260010,260020,260546,10,526,2,7200,1.01901140684
260011,260025,260578,14,553,2,7200,1.0253164557
260027,260033,260587,6,554,2,7200,1.01083032491
260048,260054,260622,6,568,2,7200,1.01056338028
260064,260070,260638,6,568,2,7200,1.01056338028
260079,260085,260644,6,559,2,7200,1.01073345259
260081,260091,260638,10,547,2,7200,1.01828153565
260096,260102,260653,6,551,2,7200,1.0108892922
260112,260118,260681,6,563,2,7200,1.01065719361
260113,260124,260707,11,583,2,7200,1.01886792453
260129,260135,260688,6,553,2,7200,1.01084990958
260130,260141,260685,11,544,2,7200,1.02022058824
260146,260152,260709,6,557,2,7200,1.01077199282
260167,260173,260747,6,574,2,7200,1.01045296167
260183,260189,260750,6,561,2,7200,1.01069518717
260184,260195,260761,11,566,2,7200,1.01943462898
260200,260206,260777,6,571,2,7200,1.01050788091
260201,260212,260759,11,547,2,7200,1.02010968921
260217,260224,260783,7,559,2,7200,1.01252236136
260219,260230,260777,11,547,2,7200,1.02010968921
260220,260236,260802,16,566,2,7200,1.02826855124
260264,260270,260814,6,544,2,7200,1.01102941176
260265,260276,260859,11,583,2,7200,1.01886792453
260364,260370,260944,6,574,2,7200,1.01045296167
260365,260376,260940,11,564,2,7200,1.0195035461
260390,260396,260952,6,556,2,7200,1.01079136691
260405,260412,260965,7,553,2,7200,1.01265822785
260424,260430,261001,6,571,2,7200,1.01050788091
260426,260436,261006,10,570,2,7200,1.01754385965
260441,260447,261005,6,558,2,7200,1.01075268817
260456,260462,261016,6,554,2,7200,1.01083032491
260496,260503,261055,7,552,2,7200,1.01268115942
260518,260524,261076,6,552,2,7200,1.01086956522
260520,260530,261104,10,574,2,7200,1.01742160279
260536,260541,261120,5,579,2,7200,1.00863557858
260537,260547,261109,10,562,2,7200,1.01779359431
260552,260559,261108,7,549,2,7200,1.01275045537
260554,260565,261111,11,546,2,7200,1.02014652015
260570,260575,261117,5,542,2,7200,1.00922509225
260571,260581,261150,10,569,2,7200,1.01757469244
260587,260593,261144,6,551,2,7200,1.0108892922
260602,260608,261173,6,565,2,7200,1.01061946903
260624,260630,261197,6,567,2,7200,1.01058201058
260640,260646,261191,6,545,2,7200,1.01100917431
260641,260652,261205,11,553,2,7200,1.0198915009
260657,260663,261226,6,563,2,7200,1.01065719361
260658,260669,261222,11,553,2,7200,1.0198915009
260683,260689,261248,6,559,2,7200,1.01073345259
260698,260705,261272,7,567,2,7200,1.01234567901
260700,260711,261271,11,560,2,7200,1.01964285714
260716,260722,261290,6,568,2,7200,1.01056338028
260717,260728,261292,11,564,2,7200,1.0195035461
260748,260754,261312,6,558,2,7200,1.01075268817
260764,260770,261328,6,558,2,7200,1.01075268817
260765,260776,261321,11,545,2,7200,1.02018348624
260767,260782,261336,15,554,2,7200,1.02707581227
260783,260789,261359,6,570,2,7200,1.01052631579
260784,260795,261366,11,571,2,7200,1.01926444834
260800,260806,261372,6,566,2,7200,1.01060070671
260815,260821,261336,6,515,2,7200,1.01165048544
260817,260827,261394,10,567,2,7200,1.0176366843
260860,260866,261418,6,552,2,7200,1.01086956522
260943,260949,261505,6,556,2,7200,1.01079136691
260959,260965,261533,6,568,2,7200,1.01056338028
260960,260971,261552,11,581,2,7200,1.01893287435
260976,260982,261538,6,556,2,7200,1.01079136691
261004,261010,261556,6,546,2,7200,1.01098901099
261020,261026,261592,6,566,2,7200,1.01060070671
261021,261032,261599,11,567,2,7200,1.01940035273
261023,261038,261573,15,535,2,7200,1.02803738318
261057,261063,261617,6,554,2,7200,1.01083032491
261079,261085,261657,6,572,2,7200,1.01048951049
261106,261112,261681,6,569,2,7200,1.01054481547
261123,261129,261699,6,570,2,7200,1.01052631579
261124,261135,261698,11,563,2,7200,1.01953818828
261126,261141,261706,15,565,2,7200,1.02654867257
261127,261146,261696,19,550,2,7200,1.03454545455
261128,261152,261716,24,564,2,7200,1.04255319149
261147,261158,261737,11,579,2,7200,1.01899827288
261163,261169,261671,6,502,2,7200,1.01195219124
261178,261184,261759,6,575,2,7200,1.01043478261
261194,261200,261754,6,554,2,7200,1.01083032491
261210,261216,261770,6,554,2,7200,1.01083032491
261211,261222,261777,11,555,2,7200,1.01981981982
261226,261233,261792,7,559,2,7200,1.01252236136
261228,261239,261801,11,562,2,7200,1.01957295374
261250,261256,261816,6,560,2,7200,1.01071428571
261275,261281,261845,6,564,2,7200,1.01063829787
261277,261287,261840,10,553,2,7200,1.01808318264
261292,261298,261860,6,562,2,7200,1.01067615658
261294,261305,261857,11,552,2,7200,1.01992753623
261316,261322,261887,6,565,2,7200,1.01061946903
261331,261338,261884,7,546,2,7200,1.01282051282
261333,261344,261929,11,585,2,7200,1.0188034188
261349,261355,261905,6,550,2,7200,1.01090909091
261350,261361,261922,11,561,2,7200,1.01960784314
261366,261372,261940,6,568,2,7200,1.01056338028
261367,261378,261935,11,557,2,7200,1.0197486535
261383,261389,261952,6,563,2,7200,1.01065719361
261399,261405,261946,6,541,2,7200,1.01109057301
261420,261426,261984,6,558,2,7200,1.01075268817
261507,261513,262064,6,551,2,7200,1.0108892922
261534,261541,262082,7,541,2,7200,1.01293900185
261550,261556,262117,6,561,2,7200,1.01069518717
261566,261572,262134,6,562,2,7200,1.01067615658
261567,261578,262153,11,575,2,7200,1.01913043478
261582,261589,262141,7,552,2,7200,1.01268115942
261598,261604,262160,6,556,2,7200,1.01079136691
261614,261620,262164,6,544,2,7200,1.01102941176
261629,261635,262211,6,576,2,7200,1.01041666667
261660,261666,262229,6,563,2,7200,1.01065719361
261675,261681,262240,6,559,2,7200,1.01073345259
261691,261697,262235,6,538,2,7200,1.01115241636
261707,261713,262275,6,562,2,7200,1.01067615658
261708,261719,262285,11,566,2,7200,1.01943462898
261710,261725,262291,15,566,2,7200,1.02650176678
261711,261730,262300,19,570,2,7200,1.03333333333
261727,261736,262293,9,557,2,7200,1.01615798923
261743,261749,262299,6,550,2,7200,1.01090909091
261758,261765,262330,7,565,2,7200,1.01238938053
261774,261780,262340,6,560,2,7200,1.01071428571
261776,261787,262352,11,565,2,7200,1.01946902655
261791,261797,262377,6,580,2,7200,1.01034482759
261807,261813,262365,6,552,2,7200,1.01086956522
261808,261819,262373,11,554,2,7200,1.01985559567
261824,261830,262381,6,551,2,7200,1.0108892922
261842,261849,262413,7,564,2,7200,1.01241134752
261858,261864,262428,6,564,2,7200,1.01063829787
261859,261870,262436,11,566,2,7200,1.01943462898
261875,261881,262465,6,584,2,7200,1.0102739726
261891,261897,262465,6,568,2,7200,1.01056338028
261892,261903,262478,11,575,2,7200,1.01913043478
261908,261914,262464,6,550,2,7200,1.01090909091
261923,261930,262483,7,553,2,7200,1.01265822785
261939,261945,262526,6,581,2,7200,1.01032702238
261941,261951,262512,10,561,2,7200,1.01782531194
261956,261963,262512,7,549,2,7200,1.01275045537
261958,261969,262538,11,569,2,7200,1.01933216169
261959,261975,262555,16,580,2,7200,1.0275862069
261987,261994,262525,7,531,2,7200,1.0131826742
262068,262074,262625,6,551,2,7200,1.0108892922
262083,262089,262657,6,568,2,7200,1.01056338028
262120,262126,262704,6,578,2,7200,1.01038062284
262137,262143,262702,6,559,2,7200,1.01073345259
262152,262158,262708,6,550,2,7200,1.01090909091
262168,262174,262728,6,554,2,7200,1.01083032491
262169,262180,262727,11,547,2,7200,1.02010968921
262171,262186,262748,15,562,2,7200,1.02669039146
262214,262220,262777,6,557,2,7200,1.01077199282
262233,262239,262795,6,556,2,7200,1.01079136691
262249,262255,262801,6,546,2,7200,1.01098901099
262250,262261,262815,11,554,2,7200,1.01985559567
262278,262284,262825,6,541,2,7200,1.01109057301
262294,262300,262859,6,559,2,7200,1.01073345259
262295,262306,262857,11,551,2,7200,1.01996370236
262297,262312,262864,15,552,2,7200,1.02717391304
262313,262319,262889,6,570,2,7200,1.01052631579
262314,262325,262886,11,561,2,7200,1.01960784314
262333,262339,262901,6,562,2,7200,1.01067615658
262349,262355,262920,6,565,2,7200,1.01061946903
262364,262371,262920,7,549,2,7200,1.01275045537
262381,262387,262955,6,568,2,7200,1.01056338028
262382,262394,262950,12,556,2,7200,1.02158273381
262383,262400,262967,17,567,2,7200,1.02998236332
262399,262406,262962,7,556,2,7200,1.01258992806
262415,262421,262981,6,560,2,7200,1.01071428571
262431,262437,263003,6,566,2,7200,1.01060070671
262446,262452,263004,6,552,2,7200,1.01086956522
262465,262471,263019,6,548,2,7200,1.01094890511
262481,262487,263049,6,562,2,7200,1.01067615658
262482,262493,263047,11,554,2,7200,1.01985559567
262484,262499,263059,15,560,2,7200,1.02678571429
262499,262505,263074,6,569,2,7200,1.01054481547
262515,262521,263082,6,561,2,7200,1.01069518717
262516,262527,263081,11,554,2,7200,1.01985559567
262532,262538,263092,6,554,2,7200,1.01083032491
262533,262544,263118,11,574,2,7200,1.01916376307
262549,262555,263083,6,528,2,7200,1.01136363636
262564,262570,263110,6,540,2,7200,1.01111111111
262629,262635,263201,6,566,2,7200,1.01060070671
262660,262666,263249,6,583,2,7200,1.0102915952
262703,262709,263286,6,577,2,7200,1.01039861352
262719,262725,263299,6,574,2,7200,1.01045296167
262720,262731,263269,11,538,2,7200,1.02044609665
262736,262742,263305,6,563,2,7200,1.01065719361
262737,262748,263324,11,576,2,7200,1.01909722222
262753,262759,263326,6,567,2,7200,1.01058201058
262781,262787,263336,6,549,2,7200,1.01092896175
262796,262802,263356,6,554,2,7200,1.01083032491
262812,262818,263394,6,576,2,7200,1.01041666667
262828,262834,263397,6,563,2,7200,1.01065719361
262829,262840,263409,11,569,2,7200,1.01933216169
262860,262866,263407,6,541,2,7200,1.01109057301
262861,262872,263437,11,565,2,7200,1.01946902655
262877,262883,263439,6,556,2,7200,1.01079136691
262893,262899,263474,6,575,2,7200,1.01043478261
262894,262905,263469,11,564,2,7200,1.0195035461
262910,262916,263485,6,569,2,7200,1.01054481547
262925,262931,263476,6,545,2,7200,1.01100917431
262927,262937,263500,10,563,2,7200,1.01776198934
262954,262961,263518,7,557,2,7200,1.01256732496
262970,262977,263535,7,558,2,7200,1.01254480287
262972,262983,263540,11,557,2,7200,1.0197486535
262973,262989,263543,16,554,2,7200,1.02888086643
262989,262995,263555,6,560,2,7200,1.01071428571
263007,263013,263585,6,572,2,7200,1.01048951049
263009,263019,263592,10,573,2,7200,1.01745200698
263024,263030,263593,6,563,2,7200,1.01065719361
263049,263055,263606,6,551,2,7200,1.0108892922
263065,263071,263620,6,549,2,7200,1.01092896175
263066,263077,263624,11,547,2,7200,1.02010968921
263082,263088,263634,6,546,2,7200,1.01098901099
263083,263094,263660,11,566,2,7200,1.01943462898
263100,263106,263673,6,567,2,7200,1.01058201058
263101,263112,263677,11,565,2,7200,1.01946902655
263102,263118,263652,16,534,2,7200,1.02996254682
263118,263124,263644,6,520,2,7200,1.01153846154
263120,263130,263709,10,579,2,7200,1.01727115717
263203,263209,263771,6,562,2,7200,1.01067615658
263252,263259,263823,7,564,2,7200,1.01241134752
263271,263277,263842,6,565,2,7200,1.01061946903
263290,263296,263849,6,553,2,7200,1.01084990958
263306,263312,263882,6,570,2,7200,1.01052631579
263321,263327,263887,6,560,2,7200,1.01071428571
263337,263343,263919,6,576,2,7200,1.01041666667
263338,263349,263883,11,534,2,7200,1.02059925094
263339,263355,263915,16,560,2,7200,1.02857142857
263358,263364,263932,6,568,2,7200,1.01056338028
263395,263402,263966,7,564,2,7200,1.01241134752
263411,263417,263979,6,562,2,7200,1.01067615658
263412,263423,263991,11,568,2,7200,1.01936619718
263414,263429,263990,15,561,2,7200,1.02673796791
263439,263445,264000,6,555,2,7200,1.01081081081
263454,263460,264009,6,549,2,7200,1.01092896175
263473,263479,264039,6,560,2,7200,1.01071428571
263489,263495,264015,6,520,2,7200,1.01153846154
263490,263501,264073,11,572,2,7200,1.01923076923
263492,263506,264061,14,555,2,7200,1.02522522523
263507,263513,264065,6,552,2,7200,1.01086956522
263523,263529,264100,6,571,2,7200,1.01050788091
263538,263544,264099,6,555,2,7200,1.01081081081
263554,263560,264120,6,560,2,7200,1.01071428571
263555,263566,264125,11,559,2,7200,1.01967799642
263571,263577,264132,6,555,2,7200,1.01081081081
263587,263593,264152,6,559,2,7200,1.01073345259
263602,263608,264174,6,566,2,7200,1.01060070671
263604,263614,264167,10,553,2,7200,1.01808318264
263619,263625,264189,6,564,2,7200,1.01063829787
263635,263641,264183,6,542,2,7200,1.0110701107
263636,263647,264215,11,568,2,7200,1.01936619718
263638,263653,264217,15,564,2,7200,1.02659574468
263654,263660,264228,6,568,2,7200,1.01056338028
263655,263666,264228,11,562,2,7200,1.01957295374
263671,263677,264242,6,565,2,7200,1.01061946903
263686,263693,264257,7,564,2,7200,1.01241134752
263688,263699,264261,11,562,2,7200,1.01957295374
263713,263719,264280,6,561,2,7200,1.01069518717
263774,263780,264340,6,560,2,7200,1.01071428571
263827,263833,264393,6,560,2,7200,1.01071428571
263845,263852,264409,7,557,2,7200,1.01256732496
263861,263867,264413,6,546,2,7200,1.01098901099
263886,263892,264454,6,562,2,7200,1.01067615658
263887,263898,264453,11,555,2,7200,1.01981981982
263903,263909,264470,6,561,2,7200,1.01069518717
263918,263924,264468,6,544,2,7200,1.01102941176
263934,263940,264508,6,568,2,7200,1.01056338028
263935,263946,264507,11,561,2,7200,1.01960784314
263969,263975,264509,6,534,2,7200,1.01123595506
263985,263991,264571,6,580,2,7200,1.01034482759
264001,264007,264567,6,560,2,7200,1.01071428571
264002,264013,264575,11,562,2,7200,1.01957295374
264004,264019,264573,15,554,2,7200,1.02707581227
264020,264025,264597,5,572,2,7200,1.00874125874
264021,264031,264592,10,561,2,7200,1.01782531194
264043,264049,264608,6,559,2,7200,1.01073345259
264064,264071,264621,7,550,2,7200,1.01272727273
264080,264086,264651,6,565,2,7200,1.01061946903
264082,264092,264656,10,564,2,7200,1.01773049645
264103,264110,264676,7,566,2,7200,1.01236749117
264105,264116,264676,11,560,2,7200,1.01964285714
264124,264130,264682,6,552,2,7200,1.01086956522
264139,264145,264712,6,567,2,7200,1.01058201058
264141,264151,264712,10,561,2,7200,1.01782531194
264156,264162,264724,6,562,2,7200,1.01067615658
264172,264178,264738,6,560,2,7200,1.01071428571
264187,264193,264752,6,559,2,7200,1.01073345259
264189,264199,264761,10,562,2,7200,1.01779359431
264204,264210,264780,6,570,2,7200,1.01052631579
264220,264226,264787,6,561,2,7200,1.01069518717
264227,264233,264804,6,571,2,7200,1.01050788091
264243,264249,264819,6,570,2,7200,1.01052631579
264244,264255,264814,11,559,2,7200,1.01967799642
264246,264261,264820,15,559,2,7200,1.02683363148
264262,264268,264840,6,572,2,7200,1.01048951049
264263,264274,264810,11,536,2,7200,1.02052238806
264282,264288,264853,6,565,2,7200,1.01061946903
264344,264350,264910,6,560,2,7200,1.01071428571
264396,264402,264962,6,560,2,7200,1.01071428571
264412,264418,264966,6,548,2,7200,1.01094890511
264427,264433,264978,6,545,2,7200,1.01100917431
264455,264461,265003,6,542,2,7200,1.0110701107
264456,264467,265031,11,564,2,7200,1.0195035461
264472,264479,265048,7,569,2,7200,1.01230228471
264474,264485,265043,11,558,2,7200,1.01971326165
264508,264514,265074,6,560,2,7200,1.01071428571
264509,264520,265065,11,545,2,7200,1.02018348624
264525,264531,265096,6,565,2,7200,1.01061946903
264571,264577,265138,6,561,2,7200,1.01069518717
264573,264583,265150,10,567,2,7200,1.0176366843
264588,264594,265149,6,555,2,7200,1.01081081081
264590,264600,265169,10,569,2,7200,1.01757469244
264605,264612,265187,7,575,2,7200,1.01217391304
264607,264619,265189,12,570,2,7200,1.02105263158
264623,264629,265168,6,539,2,7200,1.01113172542
264624,264635,265203,11,568,2,7200,1.01936619718
264652,264658,265227,6,569,2,7200,1.01054481547
264668,264674,265220,6,546,2,7200,1.01098901099
264684,264690,265237,6,547,2,7200,1.01096892139
264685,264696,265247,11,551,2,7200,1.01996370236
264687,264702,265274,15,572,2,7200,1.02622377622
264715,264721,265287,6,566,2,7200,1.01060070671
264717,264727,265289,10,562,2,7200,1.01779359431
264732,264738,265284,6,546,2,7200,1.01098901099
264748,264754,265308,6,554,2,7200,1.01083032491
264763,264770,265323,7,553,2,7200,1.01265822785
264765,264776,265326,11,550,2,7200,1.02
264783,264789,265352,6,563,2,7200,1.01065719361
264799,264805,265369,6,564,2,7200,1.01063829787
264815,264821,265370,6,549,2,7200,1.01092896175
264816,264827,265372,11,545,2,7200,1.02018348624
264817,264833,265364,16,531,2,7200,1.03013182674
264833,264839,265384,6,545,2,7200,1.01100917431
264834,264845,265393,11,548,2,7200,1.0200729927
264850,264856,265427,6,571,2,7200,1.01050788091
264865,264872,265417,7,545,2,7200,1.0128440367
264912,264918,265496,6,578,2,7200,1.01038062284
264964,264970,265534,6,564,2,7200,1.01063829787
264980,264986,265543,6,557,2,7200,1.01077199282
264981,264992,265548,11,556,2,7200,1.01978417266
265006,265012,265571,6,559,2,7200,1.01073345259
265034,265040,265610,6,570,2,7200,1.01052631579
265050,265056,265634,6,578,2,7200,1.01038062284
265051,265062,265601,11,539,2,7200,1.02040816327
265067,265073,265626,6,553,2,7200,1.01084990958
265082,265088,265656,6,568,2,7200,1.01056338028
265098,265104,265651,6,547,2,7200,1.01096892139
265141,265147,265686,6,539,2,7200,1.01113172542
265157,265163,265720,6,557,2,7200,1.01077199282
265158,265170,265736,12,566,2,7200,1.02120141343
265174,265180,265745,6,565,2,7200,1.01061946903
265175,265186,265747,11,561,2,7200,1.01960784314
265191,265197,265748,6,551,2,7200,1.0108892922
265193,265203,265773,10,570,2,7200,1.01754385965
265208,265214,265764,6,550,2,7200,1.01090909091
265224,265230,265806,6,576,2,7200,1.01041666667
265239,265245,265806,6,561,2,7200,1.01069518717
265241,265251,265819,10,568,2,7200,1.0176056338
265256,265264,265821,8,557,2,7200,1.01436265709
265275,265281,265836,6,555,2,7200,1.01081081081
265291,265297,265849,6,552,2,7200,1.01086956522
265292,265304,265871,12,567,2,7200,1.02116402116
265294,265309,265876,15,567,2,7200,1.02645502646
265310,265316,265870,6,554,2,7200,1.01083032491
265325,265332,265887,7,555,2,7200,1.01261261261
265341,265347,265894,6,547,2,7200,1.01096892139
265356,265363,265922,7,559,2,7200,1.01252236136
265373,265379,265944,6,565,2,7200,1.01061946903
265375,265386,265939,11,553,2,7200,1.0198915009
265376,265391,265964,15,573,2,7200,1.02617801047
265377,265396,265940,19,544,2,7200,1.03492647059
265394,265403,265955,9,552,2,7200,1.01630434783
265395,265409,265988,14,579,2,7200,1.02417962003
265420,265426,265991,6,565,2,7200,1.01061946903
265436,265442,266014,6,572,2,7200,1.01048951049
265498,265504,266086,6,582,2,7200,1.01030927835
265538,265544,266098,6,554,2,7200,1.01083032491
265554,265560,266108,6,548,2,7200,1.01094890511
265555,265566,266126,11,560,2,7200,1.01964285714
265574,265580,266154,6,574,2,7200,1.01045296167
265605,265611,266161,6,550,2,7200,1.01090909091
265620,265627,266194,7,567,2,7200,1.01234567901
265636,265642,266200,6,558,2,7200,1.01075268817
265638,265648,266214,10,566,2,7200,1.01766784452
265653,265659,266211,6,552,2,7200,1.01086956522
265669,265675,266239,6,564,2,7200,1.01063829787
265687,265693,266250,6,557,2,7200,1.01077199282
265721,265727,266300,6,573,2,7200,1.01047120419
265737,265743,266308,6,565,2,7200,1.01061946903
265753,265759,266307,6,548,2,7200,1.01094890511
265754,265765,266316,11,551,2,7200,1.01996370236
265756,265771,266335,15,564,2,7200,1.02659574468
265772,265778,266332,6,554,2,7200,1.01083032491
265787,265793,266363,6,570,2,7200,1.01052631579
265809,265816,266386,7,570,2,7200,1.01228070175
265811,265823,266375,12,552,2,7200,1.02173913043
265827,265834,266404,7,570,2,7200,1.01228070175
265828,265840,266396,12,556,2,7200,1.02158273381
265844,265850,266375,6,525,2,7200,1.01142857143
265860,265866,266408,6,542,2,7200,1.0110701107
265876,265881,266448,5,567,2,7200,1.00881834215
265877,265887,266448,10,561,2,7200,1.01782531194
265893,265898,266453,5,555,2,7200,1.00900900901
265894,265905,266460,11,555,2,7200,1.01981981982
265909,265916,266485,7,569,2,7200,1.01230228471
265925,265932,266505,7,573,2,7200,1.01221640489
265941,265947,266514,6,567,2,7200,1.01058201058
265942,265953,266521,11,568,2,7200,1.01936619718
265958,265965,266532,7,567,2,7200,1.01234567901
265960,265971,266516,11,545,2,7200,1.02018348624
265975,265982,266526,7,544,2,7200,1.01286764706
265991,265997,266567,6,570,2,7200,1.01052631579
265993,266003,266570,10,567,2,7200,1.0176366843
266018,266024,266580,6,556,2,7200,1.01079136691
266089,266095,266661,6,566,2,7200,1.01060070671
266104,266110,266664,6,554,2,7200,1.01083032491
266120,266126,266685,6,559,2,7200,1.01073345259
266135,266141,266709,6,568,2,7200,1.01056338028
266157,266163,266717,6,554,2,7200,1.01083032491
266172,266178,266721,6,543,2,7200,1.01104972376
266197,266203,266761,6,558,2,7200,1.01075268817
266213,266219,266784,6,565,2,7200,1.01061946903
266215,266225,266795,10,570,2,7200,1.01754385965
266230,266236,266811,6,575,2,7200,1.01043478261
266246,266251,266800,5,549,2,7200,1.00910746812
266261,266267,266842,6,575,2,7200,1.01043478261
266304,266311,266868,7,557,2,7200,1.01256732496
266320,266326,266909,6,583,2,7200,1.0102915952
266322,266332,266887,10,555,2,7200,1.01801801802
266323,266337,266883,14,546,2,7200,1.02564102564
266339,266345,266918,6,573,2,7200,1.01047120419
266340,266351,266916,11,565,2,7200,1.01946902655
266365,266371,266933,6,562,2,7200,1.01067615658
266381,266387,266947,6,560,2,7200,1.01071428571
266383,266393,266945,10,552,2,7200,1.01811594203
266398,266404,266958,6,554,2,7200,1.01083032491
266400,266410,266970,10,560,2,7200,1.01785714286
266415,266421,266975,6,554,2,7200,1.01083032491
266417,266427,266995,10,568,2,7200,1.0176056338
266451,266457,267017,6,560,2,7200,1.01071428571
266452,266463,267018,11,555,2,7200,1.01981981982
266468,266474,267036,6,562,2,7200,1.01067615658
266469,266480,267024,11,544,2,7200,1.02022058824
266488,266494,267057,6,563,2,7200,1.01065719361
266507,266513,267050,6,537,2,7200,1.01117318436
266523,266529,267097,6,568,2,7200,1.01056338028
266524,266535,267089,11,554,2,7200,1.01985559567
266526,266541,267099,15,558,2,7200,1.02688172043
266541,266547,267126,6,579,2,7200,1.0103626943
266543,266553,267104,10,551,2,7200,1.01814882033
266571,266577,267133,6,556,2,7200,1.01079136691
266572,266583,267125,11,542,2,7200,1.02029520295
266588,266594,267132,6,538,2,7200,1.01115241636
266665,266671,267240,6,569,2,7200,1.01054481547
266666,266677,267226,11,549,2,7200,1.02003642987
266688,266694,267248,6,554,2,7200,1.01083032491
266713,266719,267265,6,546,2,7200,1.01098901099
266729,266735,267289,6,554,2,7200,1.01083032491
266730,266741,267298,11,557,2,7200,1.0197486535
266764,266770,267347,6,577,2,7200,1.01039861352
266786,266792,267347,6,555,2,7200,1.01081081081
266802,266808,267340,6,532,2,7200,1.01127819549
266803,266814,267379,11,565,2,7200,1.01946902655
266819,266825,267369,6,544,2,7200,1.01102941176
266843,266849,267396,6,547,2,7200,1.01096892139
266871,266878,267454,7,576,2,7200,1.01215277778
266887,266893,267464,6,571,2,7200,1.01050788091
266903,266909,267473,6,564,2,7200,1.01063829787
266919,266925,267479,6,554,2,7200,1.01083032491
266920,266931,267472,11,541,2,7200,1.02033271719
266921,266937,267483,16,546,2,7200,1.0293040293
266937,266943,267503,6,560,2,7200,1.01071428571
266953,266959,267529,6,570,2,7200,1.01052631579
266954,266965,267546,11,581,2,7200,1.01893287435
266970,266976,267553,6,577,2,7200,1.01039861352
266971,266982,267544,11,562,2,7200,1.01957295374
266987,266993,267552,6,559,2,7200,1.01073345259
267003,267009,267581,6,572,2,7200,1.01048951049
267021,267028,267578,7,550,2,7200,1.01272727273
267023,267034,267604,11,570,2,7200,1.01929824561
267039,267045,267619,6,574,2,7200,1.01045296167
267040,267051,267609,11,558,2,7200,1.01971326165
267056,267062,267613,6,551,2,7200,1.0108892922
267071,267077,267631,6,554,2,7200,1.01083032491
267093,267099,267661,6,562,2,7200,1.01067615658
267109,267115,267685,6,570,2,7200,1.01052631579
267110,267121,267666,11,545,2,7200,1.02018348624
267112,267126,267692,14,566,2,7200,1.02473498233
267128,267134,267694,6,560,2,7200,1.01071428571
267129,267140,267692,11,552,2,7200,1.01992753623
267145,267151,267690,6,539,2,7200,1.01113172542
267146,267157,267717,11,560,2,7200,1.01964285714
267230,267236,267800,6,564,2,7200,1.01063829787
267245,267251,267803,6,552,2,7200,1.01086956522
267261,267267,267837,6,570,2,7200,1.01052631579
267276,267282,267848,6,566,2,7200,1.01060070671
267292,267298,267867,6,569,2,7200,1.01054481547
267307,267313,267893,6,580,2,7200,1.01034482759
267345,267351,267898,6,547,2,7200,1.01096892139
267360,267366,267921,6,555,2,7200,1.01081081081
267361,267372,267928,11,556,2,7200,1.01978417266
267377,267383,267941,6,558,2,7200,1.01075268817
267392,267399,267969,7,570,2,7200,1.01228070175
267408,267414,267961,6,547,2,7200,1.01096892139
267457,267464,268021,7,557,2,7200,1.01256732496
267473,267480,268059,7,579,2,7200,1.01208981002
267475,267486,268044,11,558,2,7200,1.01971326165
267476,267492,268059,16,567,2,7200,1.02821869489
267492,267498,268057,6,559,2,7200,1.01073345259
267493,267504,268076,11,572,2,7200,1.01923076923
267509,267515,268074,6,559,2,7200,1.01073345259
267531,267537,268106,6,569,2,7200,1.01054481547
267547,267553,268117,6,564,2,7200,1.01063829787
267548,267559,268121,11,562,2,7200,1.01957295374
267564,267570,268109,6,539,2,7200,1.01113172542
267565,267576,268126,11,550,2,7200,1.02
267581,267587,268163,6,576,2,7200,1.01041666667
267582,267593,268152,11,559,2,7200,1.01967799642
267607,267613,268178,6,565,2,7200,1.01061946903
267623,267629,268187,6,558,2,7200,1.01075268817
267625,267635,268177,10,542,2,7200,1.0184501845
267626,267641,268204,15,563,2,7200,1.02664298401
267642,267647,268229,5,582,2,7200,1.00859106529
267663,267669,268208,6,539,2,7200,1.01113172542
267679,267685,268237,6,552,2,7200,1.01086956522
267695,267701,268266,6,565,2,7200,1.01061946903
267696,267707,268244,11,537,2,7200,1.02048417132
267698,267713,268283,15,570,2,7200,1.02631578947
267699,267718,268257,19,539,2,7200,1.03525046382
267700,267723,268295,23,572,2,7200,1.04020979021
267720,267729,268293,9,564,2,7200,1.01595744681
267797,267803,268357,6,554,2,7200,1.01083032491
267813,267819,268384,6,565,2,7200,1.01061946903
267841,267847,268391,6,544,2,7200,1.01102941176
267856,267862,268432,6,570,2,7200,1.01052631579
267872,267878,268428,6,550,2,7200,1.01090909091
267897,267903,268472,6,569,2,7200,1.01054481547
267912,267919,268481,7,562,2,7200,1.01245551601
267928,267934,268515,6,581,2,7200,1.01032702238
267929,267940,268490,11,550,2,7200,1.02
267945,267951,268507,6,556,2,7200,1.01079136691
267964,267970,268521,6,551,2,7200,1.0108892922
267979,267985,268548,6,563,2,7200,1.01065719361
268022,268028,268580,6,552,2,7200,1.01086956522
268047,268053,268626,6,573,2,7200,1.01047120419
268063,268069,268620,6,551,2,7200,1.0108892922
268064,268075,268645,11,570,2,7200,1.01929824561
268066,268081,268649,15,568,2,7200,1.0264084507
268082,268088,268642,6,554,2,7200,1.01083032491
268083,268094,268636,11,542,2,7200,1.02029520295
268108,268114,268676,6,562,2,7200,1.01067615658
268124,268130,268683,6,553,2,7200,1.01084990958
268125,268136,268710,11,574,2,7200,1.01916376307
268127,268141,268689,14,548,2,7200,1.02554744526
268142,268148,268709,6,561,2,7200,1.01069518717
268158,268164,268731,6,567,2,7200,1.01058201058
268174,268180,268758,6,578,2,7200,1.01038062284
268189,268196,268757,7,561,2,7200,1.01247771836
268191,268202,268749,11,547,2,7200,1.02010968921
268192,268208,268761,16,553,2,7200,1.02893309222
268208,268214,268772,6,558,2,7200,1.01075268817
268223,268230,268794,7,564,2,7200,1.01241134752
268240,268246,268786,6,540,2,7200,1.01111111111
268241,268252,268800,11,548,2,7200,1.0200729927
268256,268263,268812,7,549,2,7200,1.01275045537
268272,268278,268850,6,572,2,7200,1.01048951049
268274,268284,268855,10,571,2,7200,1.01751313485
268292,268298,268861,6,563,2,7200,1.01065719361
268308,268314,268864,6,550,2,7200,1.01090909091
268309,268320,268885,11,565,2,7200,1.01946902655
268359,268365,268920,6,555,2,7200,1.01081081081
268387,268393,268934,6,541,2,7200,1.01109057301
268402,268408,268965,6,557,2,7200,1.01077199282
268430,268436,268981,6,545,2,7200,1.01100917431
268446,268452,269023,6,571,2,7200,1.01050788091
268474,268480,269038,6,558,2,7200,1.01075268817
268490,268496,269064,6,568,2,7200,1.01056338028
268505,268511,269094,6,583,2,7200,1.0102915952
268521,268527,269104,6,577,2,7200,1.01039861352
268523,268533,269095,10,562,2,7200,1.01779359431
268524,268539,269107,15,568,2,7200,1.0264084507
268549,268555,269105,6,550,2,7200,1.01090909091
268583,268590,269156,7,566,2,7200,1.01236749117
268623,268630,269200,7,570,2,7200,1.01228070175
268639,268645,269197,6,552,2,7200,1.01086956522
268641,268651,269194,10,543,2,7200,1.01841620626
268657,268663,269214,6,551,2,7200,1.0108892922
268658,268669,269221,11,552,2,7200,1.01992753623
268659,268675,269181,16,506,2,7200,1.03162055336
268678,268684,269232,6,548,2,7200,1.01094890511
268694,268700,269267,6,567,2,7200,1.01058201058
268696,268706,269266,10,560,2,7200,1.01785714286
268711,268717,269270,6,553,2,7200,1.01084990958
268713,268723,269291,10,568,2,7200,1.0176056338
268735,268741,269276,6,535,2,7200,1.01121495327
268750,268756,269333,6,577,2,7200,1.01039861352
268766,268772,269332,6,560,2,7200,1.01071428571
268767,268778,269344,11,566,2,7200,1.01943462898
268769,268784,269345,15,561,2,7200,1.02673796791
268784,268790,269352,6,562,2,7200,1.01067615658
268800,268806,269377,6,571,2,7200,1.01050788091
268802,268812,269372,10,560,2,7200,1.01785714286
268803,268818,269383,15,565,2,7200,1.02654867257
268819,268825,269397,6,572,2,7200,1.01048951049
268853,268859,269420,6,561,2,7200,1.01069518717
268869,268875,269403,6,528,2,7200,1.01136363636
268871,268881,269448,10,567,2,7200,1.0176366843
268872,268887,269444,15,557,2,7200,1.02692998205
268888,268894,269471,6,577,2,7200,1.01039861352
268922,268928,269477,6,549,2,7200,1.01092896175
268937,268943,269501,6,558,2,7200,1.01075268817
268968,268974,269541,6,567,2,7200,1.01058201058
268984,268990,269534,6,544,2,7200,1.01102941176
269027,269033,269612,6,579,2,7200,1.0103626943
269043,269049,269627,6,578,2,7200,1.01038062284
269067,269074,269624,7,550,2,7200,1.01272727273
269099,269106,269664,7,558,2,7200,1.01254480287
269100,269113,269674,13,561,2,7200,1.02317290553
269116,269122,269691,6,569,2,7200,1.01054481547
269118,269129,269682,11,553,2,7200,1.0198915009
269119,269134,269709,15,575,2,7200,1.02608695652
269160,269166,269727,6,561,2,7200,1.01069518717
269184,269191,269737,7,546,2,7200,1.01282051282
269200,269206,269776,6,570,2,7200,1.01052631579
269202,269213,269783,11,570,2,7200,1.01929824561
269203,269218,269779,15,561,2,7200,1.02673796791
269219,269225,269780,6,555,2,7200,1.01081081081
269235,269241,269813,6,572,2,7200,1.01048951049
269236,269247,269806,11,559,2,7200,1.01967799642
269268,269274,269841,6,567,2,7200,1.01058201058
269269,269281,269820,12,539,2,7200,1.02226345083
269285,269291,269842,6,551,2,7200,1.0108892922
269286,269297,269862,11,565,2,7200,1.01946902655
269302,269308,269874,6,566,2,7200,1.01060070671
269333,269339,269898,6,559,2,7200,1.01073345259
269334,269345,269906,11,561,2,7200,1.01960784314
269351,269357,269903,6,546,2,7200,1.01098901099
269352,269363,269906,11,543,2,7200,1.02025782689
269368,269374,269938,6,564,2,7200,1.01063829787
269384,269390,269953,6,563,2,7200,1.01065719361
269385,269396,269955,11,559,2,7200,1.01967799642
269386,269402,269976,16,574,2,7200,1.02787456446
269402,269408,269981,6,573,2,7200,1.01047120419
269418,269424,269999,6,575,2,7200,1.01043478261
269433,269440,269994,7,554,2,7200,1.01263537906
269449,269455,269991,6,536,2,7200,1.01119402985
269451,269461,270028,10,567,2,7200,1.0176366843
269476,269482,270050,6,568,2,7200,1.01056338028
269491,269497,270062,6,565,2,7200,1.01061946903
269507,269513,270080,6,567,2,7200,1.01058201058
269538,269544,270122,6,578,2,7200,1.01038062284
269554,269560,270101,6,541,2,7200,1.01109057301
269615,269622,270188,7,566,2,7200,1.01236749117
269631,269637,270198,6,561,2,7200,1.01069518717
269632,269643,270218,11,575,2,7200,1.01913043478
269666,269672,270244,6,572,2,7200,1.01048951049
269682,269688,270254,6,566,2,7200,1.01060070671
269698,269704,270263,6,559,2,7200,1.01073345259
269699,269710,270270,11,560,2,7200,1.01964285714
269715,269721,270284,6,563,2,7200,1.01065719361
269730,269737,270291,7,554,2,7200,1.01263537906
269746,269752,270306,6,554,2,7200,1.01083032491
269780,269786,270350,6,564,2,7200,1.01063829787
269782,269793,270346,11,553,2,7200,1.0198915009
269783,269798,270348,15,550,2,7200,1.02727272727
269798,269804,270365,6,561,2,7200,1.01069518717
269814,269820,270394,6,574,2,7200,1.01045296167
269815,269826,270377,11,551,2,7200,1.01996370236
269831,269837,270395,6,558,2,7200,1.01075268817
269847,269853,270421,6,568,2,7200,1.01056338028
269848,269859,270428,11,569,2,7200,1.01933216169
269864,269870,270415,6,545,2,7200,1.01100917431
269879,269885,270438,6,553,2,7200,1.01084990958
269901,269907,270454,6,547,2,7200,1.01096892139
269916,269923,270486,7,563,2,7200,1.01243339254
269918,269929,270482,11,553,2,7200,1.0198915009
269919,269935,270472,16,537,2,7200,1.02979515829
269941,269947,270498,6,551,2,7200,1.0108892922
269957,269963,270537,6,574,2,7200,1.01045296167
269958,269969,270535,11,566,2,7200,1.01943462898
269980,269986,270552,6,566,2,7200,1.01060070671
269996,270002,270555,6,553,2,7200,1.01084990958
269997,270008,270564,11,556,2,7200,1.01978417266
269998,270014,270598,16,584,2,7200,1.02739726027
270014,270020,270573,6,553,2,7200,1.01084990958
270030,270036,270600,6,564,2,7200,1.01063829787
270051,270058,270627,7,569,2,7200,1.01230228471
270067,270073,270634,6,561,2,7200,1.01069518717
270082,270089,270647,7,558,2,7200,1.01254480287
270104,270110,270676,6,566,2,7200,1.01060070671
270123,270129,270680,6,551,2,7200,1.0108892922
270191,270197,270763,6,566,2,7200,1.01060070671
270206,270213,270775,7,562,2,7200,1.01245551601
270222,270228,270794,6,566,2,7200,1.01060070671
270247,270253,270803,6,550,2,7200,1.01090909091
270263,270269,270820,6,551,2,7200,1.0108892922
270264,270276,270843,12,567,2,7200,1.02116402116
270280,270286,270838,6,552,2,7200,1.01086956522
270296,270302,270866,6,564,2,7200,1.01063829787
270297,270308,270865,11,557,2,7200,1.0197486535
270313,270319,270874,6,555,2,7200,1.01081081081
270347,270353,270879,6,526,2,7200,1.01140684411
270362,270369,270903,7,534,2,7200,1.01310861423
270364,270375,270939,11,564,2,7200,1.0195035461
270379,270386,270948,7,562,2,7200,1.01245551601
270381,270392,270953,11,561,2,7200,1.01960784314
270397,270403,270916,6,513,2,7200,1.01169590643
270398,270409,270970,11,561,2,7200,1.01960784314
270417,270423,270977,6,554,2,7200,1.01083032491
270433,270439,270987,6,548,2,7200,1.01094890511
270434,270445,271007,11,562,2,7200,1.01957295374
270450,270456,271029,6,573,2,7200,1.01047120419
270465,270471,271034,6,563,2,7200,1.01065719361
270481,270487,271058,6,571,2,7200,1.01050788091
270496,270502,271056,6,554,2,7200,1.01083032491
270498,270508,271078,10,570,2,7200,1.01754385965
270513,270519,271076,6,557,2,7200,1.01077199282
270538,270544,271103,6,559,2,7200,1.01073345259
270540,270550,271122,10,572,2,7200,1.01748251748
270555,270562,271118,7,556,2,7200,1.01258992806
270557,270568,271138,11,570,2,7200,1.01929824561
270573,270579,271150,6,571,2,7200,1.01050788091
270589,270595,271140,6,545,2,7200,1.01100917431
270605,270611,271174,6,563,2,7200,1.01065719361
270606,270617,271164,11,547,2,7200,1.02010968921
270631,270637,271200,6,563,2,7200,1.01065719361
270647,270653,271208,6,555,2,7200,1.01081081081
270662,270668,271222,6,554,2,7200,1.01083032491
270678,270684,271253,6,569,2,7200,1.01054481547
270693,270699,271238,6,539,2,7200,1.01113172542
270767,270773,271334,6,561,2,7200,1.01069518717
270783,270789,271349,6,560,2,7200,1.01071428571
270798,270804,271375,6,571,2,7200,1.01050788091
270813,270820,271385,7,565,2,7200,1.01238938053
270829,270835,271398,6,563,2,7200,1.01065719361
270845,270851,271392,6,541,2,7200,1.01109057301
270846,270857,271403,11,546,2,7200,1.02014652015
270868,270875,271434,7,559,2,7200,1.01252236136
270870,270881,271426,11,545,2,7200,1.02018348624
270886,270892,271454,6,562,2,7200,1.01067615658
270887,270898,271461,11,563,2,7200,1.01953818828
270906,270912,271476,6,564,2,7200,1.01063829787
270922,270927,271503,5,576,2,7200,1.00868055556
270940,270946,271497,6,551,2,7200,1.0108892922
270956,270962,271517,6,555,2,7200,1.01081081081
270958,270968,271538,10,570,2,7200,1.01754385965
270973,270979,271541,6,562,2,7200,1.01067615658
270989,270995,271553,6,558,2,7200,1.01075268817
270990,271001,271567,11,566,2,7200,1.01943462898
271009,271015,271580,6,565,2,7200,1.01061946903
271031,271037,271612,6,575,2,7200,1.01043478261
271046,271052,271629,6,577,2,7200,1.01039861352
271062,271068,271643,6,575,2,7200,1.01043478261
271063,271074,271632,11,558,2,7200,1.01971326165
271079,271085,271642,6,557,2,7200,1.01077199282
271080,271091,271664,11,573,2,7200,1.01919720768
271105,271111,271673,6,562,2,7200,1.01067615658
271121,271127,271672,6,545,2,7200,1.01100917431
271136,271142,271716,6,574,2,7200,1.01045296167
271152,271158,271714,6,556,2,7200,1.01079136691
271154,271164,271714,10,550,2,7200,1.01818181818
271155,271170,271736,15,566,2,7200,1.02650176678
271170,271176,271751,6,575,2,7200,1.01043478261
271186,271192,271726,6,534,2,7200,1.01123595506
271201,271208,271783,7,575,2,7200,1.01217391304
271217,271223,271784,6,561,2,7200,1.01069518717
271232,271239,271788,7,549,2,7200,1.01275045537
271248,271254,271815,6,561,2,7200,1.01069518717
271264,271270,271809,6,539,2,7200,1.01113172542
271338,271344,271923,6,579,2,7200,1.0103626943
271353,271359,271942,6,583,2,7200,1.0102915952
271378,271384,271968,6,584,2,7200,1.0102739726
271394,271400,271938,6,538,2,7200,1.01115241636
271395,271406,271957,11,551,2,7200,1.01996370236
271411,271417,271982,6,565,2,7200,1.01061946903
271412,271423,271980,11,557,2,7200,1.0197486535
271428,271434,271998,6,564,2,7200,1.01063829787
271443,271449,272003,6,554,2,7200,1.01083032491
271459,271465,272021,6,556,2,7200,1.01079136691
271474,271481,272060,7,579,2,7200,1.01208981002
271490,271496,272053,6,557,2,7200,1.01077199282
271506,271512,272084,6,572,2,7200,1.01048951049
271507,271518,272074,11,556,2,7200,1.01978417266
271525,271532,272111,7,579,2,7200,1.01208981002
271541,271548,272108,7,560,2,7200,1.0125
271543,271554,272129,11,575,2,7200,1.01913043478
271559,271564,272121,5,557,2,7200,1.00897666068
271574,271580,272130,6,550,2,7200,1.01090909091
271589,271596,272143,7,547,2,7200,1.01279707495
271614,271621,272160,7,539,2,7200,1.01298701299
271630,271636,272183,6,547,2,7200,1.01096892139
271646,271652,272226,6,574,2,7200,1.01045296167
271647,271658,272204,11,546,2,7200,1.02014652015
271649,271664,272209,15,545,2,7200,1.02752293578
271667,271674,272242,7,568,2,7200,1.01232394366
271683,271689,272255,6,566,2,7200,1.01060070671
271684,271695,272260,11,565,2,7200,1.01946902655
271717,271723,272282,6,559,2,7200,1.01073345259
271718,271729,272291,11,562,2,7200,1.01957295374
271720,271735,272305,15,570,2,7200,1.02631578947
271735,271741,272323,6,582,2,7200,1.01030927835
271751,271757,272327,6,570,2,7200,1.01052631579
271752,271763,272335,11,572,2,7200,1.01923076923
271787,271793,272368,6,575,2,7200,1.01043478261
271788,271799,272362,11,563,2,7200,1.01953818828
271804,271810,272376,6,566,2,7200,1.01060070671
271820,271826,272395,6,569,2,7200,1.01054481547
271821,271832,272369,11,537,2,7200,1.02048417132
271923,271930,272475,7,545,2,7200,1.0128440367
271942,271949,272509,7,560,2,7200,1.0125
271944,271955,272510,11,555,2,7200,1.01981981982
271960,271966,272535,6,569,2,7200,1.01054481547
271976,271982,272543,6,561,2,7200,1.01069518717
271991,271998,272543,7,545,2,7200,1.0128440367
271993,272004,272576,11,572,2,7200,1.01923076923
272009,272015,272576,6,561,2,7200,1.01069518717
272011,272021,272588,10,567,2,7200,1.0176366843
272026,272032,272603,6,571,2,7200,1.01050788091
272057,272063,272620,6,557,2,7200,1.01077199282
272073,272079,272630,6,551,2,7200,1.0108892922
272089,272095,272651,6,556,2,7200,1.01079136691
272090,272101,272666,11,565,2,7200,1.01946902655
272113,272119,272678,6,559,2,7200,1.01073345259
272114,272125,272686,11,561,2,7200,1.01960784314
272130,272136,272702,6,566,2,7200,1.01060070671
272131,272142,272685,11,543,2,7200,1.02025782689
272133,272148,272691,15,543,2,7200,1.02762430939
272149,272154,272721,5,567,2,7200,1.00881834215
272164,272170,272737,6,567,2,7200,1.01058201058
272186,272192,272740,6,548,2,7200,1.01094890511
272208,272214,272765,6,551,2,7200,1.0108892922
272223,272230,272798,7,568,2,7200,1.01232394366
272239,272245,272812,6,567,2,7200,1.01058201058
272254,272261,272813,7,552,2,7200,1.01268115942
272270,272276,272864,6,588,2,7200,1.01020408163
272272,272282,272840,10,558,2,7200,1.01792114695
272287,272293,272836,6,543,2,7200,1.01104972376
272303,272309,272857,6,548,2,7200,1.01094890511
272318,272324,272892,6,568,2,7200,1.01056338028
272335,272341,272914,6,573,2,7200,1.01047120419
272336,272347,272908,11,561,2,7200,1.01960784314
272352,272358,272912,6,554,2,7200,1.01083032491
272368,272374,272935,6,561,2,7200,1.01069518717
272384,272390,272945,6,555,2,7200,1.01081081081
272385,272396,272953,11,557,2,7200,1.0197486535
272387,272402,272972,15,570,2,7200,1.02631578947
272402,272408,272945,6,537,2,7200,1.01117318436
272476,272483,273040,7,557,2,7200,1.01256732496
272510,272517,273082,7,565,2,7200,1.01238938053
272512,272524,273073,12,549,2,7200,1.0218579235
272537,272543,273105,6,562,2,7200,1.01067615658
272553,272559,273122,6,563,2,7200,1.01065719361
272554,272565,273147,11,582,2,7200,1.01890034364
272579,272586,273146,7,560,2,7200,1.0125
272581,272592,273171,11,579,2,7200,1.01899827288
272596,272602,273167,6,565,2,7200,1.01061946903
272612,272618,273169,6,551,2,7200,1.0108892922
272627,272634,273188,7,554,2,7200,1.01263537906
272643,272649,273216,6,567,2,7200,1.01058201058
272658,272665,273230,7,565,2,7200,1.01238938053
272674,272680,273232,6,552,2,7200,1.01086956522
272690,272696,273253,6,557,2,7200,1.01077199282
272691,272702,273240,11,538,2,7200,1.02044609665
272693,272708,273277,15,569,2,7200,1.02636203866
272709,272714,273251,5,537,2,7200,1.00931098696
272710,272721,273289,11,568,2,7200,1.01936619718
272726,272732,273300,6,568,2,7200,1.01056338028
272741,272748,273317,7,569,2,7200,1.01230228471
272743,272754,273303,11,549,2,7200,1.02003642987
272768,272774,273337,6,563,2,7200,1.01065719361
272802,272808,273372,6,564,2,7200,1.01063829787
272818,272824,273379,6,555,2,7200,1.01081081081
272820,272830,273384,10,554,2,7200,1.01805054152
272838,272845,273409,7,564,2,7200,1.01241134752
272854,272860,273425,6,565,2,7200,1.01061946903
272870,272875,273429,5,554,2,7200,1.00902527076
272871,272881,273451,10,570,2,7200,1.01754385965
272896,272902,273469,6,567,2,7200,1.01058201058
272912,272918,273477,6,559,2,7200,1.01073345259
272913,272924,273472,11,548,2,7200,1.0200729927
272929,272935,273506,6,571,2,7200,1.01050788091
272945,272951,273509,6,558,2,7200,1.01075268817
272946,272957,273519,11,562,2,7200,1.01957295374
272948,272963,273528,15,565,2,7200,1.02654867257
272964,272970,273518,6,548,2,7200,1.01094890511
272979,272986,273560,7,574,2,7200,1.01219512195
273044,273050,273616,6,566,2,7200,1.01060070671
273075,273081,273646,6,565,2,7200,1.01061946903
273091,273097,273663,6,566,2,7200,1.01060070671
273106,273113,273682,7,569,2,7200,1.01230228471
273125,273131,273694,6,563,2,7200,1.01065719361
273150,273156,273706,6,550,2,7200,1.01090909091
273151,273162,273717,11,555,2,7200,1.01981981982
273170,273176,273743,6,567,2,7200,1.01058201058
273172,273182,273743,10,561,2,7200,1.01782531194
273188,273194,273762,6,568,2,7200,1.01056338028
273203,273209,273759,6,550,2,7200,1.01090909091
273219,273225,273775,6,550,2,7200,1.01090909091
273234,273241,273803,7,562,2,7200,1.01245551601
273236,273247,273800,11,553,2,7200,1.0198915009
273252,273258,273797,6,539,2,7200,1.01113172542
273253,273264,273830,11,566,2,7200,1.01943462898
273269,273275,273835,6,560,2,7200,1.01071428571
273284,273290,273838,6,548,2,7200,1.01094890511
273300,273306,273873,6,567,2,7200,1.01058201058
273301,273312,273842,11,530,2,7200,1.02075471698
273317,273323,273867,6,544,2,7200,1.01102941176
273318,273329,273899,11,570,2,7200,1.01929824561
273340,273346,273914,6,568,2,7200,1.01056338028
273374,273380,273949,6,569,2,7200,1.01054481547
273390,273396,273951,6,555,2,7200,1.01081081081
273391,273402,273962,11,560,2,7200,1.01964285714
273413,273419,273981,6,562,2,7200,1.01067615658
273429,273435,273979,6,544,2,7200,1.01102941176
273430,273441,274009,11,568,2,7200,1.01936619718
273452,273458,273990,6,532,2,7200,1.01127819549
273471,273477,274039,6,562,2,7200,1.01067615658
273486,273493,274047,7,554,2,7200,1.01263537906
273488,273499,274059,11,560,2,7200,1.01964285714
273510,273516,274100,6,584,2,7200,1.0102739726
273511,273522,274105,11,583,2,7200,1.01886792453
273528,273534,274103,6,569,2,7200,1.01054481547
273529,273540,274108,11,568,2,7200,1.01936619718
273545,273551,274121,6,570,2,7200,1.01052631579
273563,273570,274133,7,563,2,7200,1.01243339254
273616,273622,274196,6,574,2,7200,1.01045296167
273650,273656,274224,6,568,2,7200,1.01056338028
273665,273671,274224,6,553,2,7200,1.01084990958
273684,273690,274247,6,557,2,7200,1.01077199282
273700,273705,274276,5,571,2,7200,1.00875656743
273715,273721,274282,6,561,2,7200,1.01069518717
273731,273737,274300,6,563,2,7200,1.01065719361
273746,273753,274331,7,578,2,7200,1.01211072664
273748,273759,274318,11,559,2,7200,1.01967799642
273763,273770,274332,7,562,2,7200,1.01245551601
273765,273776,274307,11,531,2,7200,1.02071563089
273780,273786,274361,6,575,2,7200,1.01043478261
273799,273805,274350,6,545,2,7200,1.01100917431
273815,273821,274374,6,553,2,7200,1.01084990958
273816,273827,274393,11,566,2,7200,1.01943462898
273832,273838,274402,6,564,2,7200,1.01063829787
273848,273854,274424,6,570,2,7200,1.01052631579
273849,273860,274411,11,551,2,7200,1.01996370236
273851,273866,274429,15,563,2,7200,1.02664298401
273869,273876,274440,7,564,2,7200,1.01241134752
273885,273891,274455,6,564,2,7200,1.01063829787
273900,273906,274466,6,560,2,7200,1.01071428571
273916,273922,274482,6,560,2,7200,1.01071428571
273953,273959,274536,6,577,2,7200,1.01039861352
273955,273965,274529,10,564,2,7200,1.01773049645
273970,273976,274532,6,556,2,7200,1.01079136691
273986,273992,274522,6,530,2,7200,1.01132075472
273987,273998,274565,11,567,2,7200,1.01940035273
274003,274009,274573,6,564,2,7200,1.01063829787
274018,274024,274587,6,563,2,7200,1.01065719361
274043,274049,274616,6,567,2,7200,1.01058201058
274059,274065,274614,6,549,2,7200,1.01092896175
274074,274081,274628,7,547,2,7200,1.01279707495
274102,274108,274663,6,555,2,7200,1.01081081081
274118,274124,274683,6,559,2,7200,1.01073345259
274119,274130,274697,11,567,2,7200,1.01940035273
274121,274136,274700,15,564,2,7200,1.02659574468
274136,274142,274721,6,579,2,7200,1.0103626943
274138,274148,274715,10,567,2,7200,1.0176366843
274200,274206,274768,6,562,2,7200,1.01067615658
274225,274231,274796,6,565,2,7200,1.01061946903
274226,274237,274814,11,577,2,7200,1.01906412478
274251,274257,274820,6,563,2,7200,1.01065719361
274279,274285,274811,6,526,2,7200,1.01140684411
274295,274301,274855,6,554,2,7200,1.01083032491
274310,274316,274885,6,569,2,7200,1.01054481547
274312,274322,274885,10,563,2,7200,1.01776198934
274327,274333,274904,6,571,2,7200,1.01050788091
274343,274349,274907,6,558,2,7200,1.01075268817
274344,274355,274887,11,532,2,7200,1.02067669173
274360,274366,274940,6,574,2,7200,1.01045296167
274375,274382,274928,7,546,2,7200,1.01282051282
274377,274388,274973,11,585,2,7200,1.0188034188
274395,274402,274978,7,576,2,7200,1.01215277778
274411,274418,274984,7,566,2,7200,1.01236749117
274413,274424,274965,11,541,2,7200,1.02033271719
274429,274435,274992,6,557,2,7200,1.01077199282
274444,274450,275030,6,580,2,7200,1.01034482759
274446,274456,275022,10,566,2,7200,1.01766784452
274461,274467,275033,6,566,2,7200,1.01060070671
274477,274483,275063,6,580,2,7200,1.01034482759
274492,274498,275067,6,569,2,7200,1.01054481547
274526,274533,275092,7,559,2,7200,1.01252236136
274542,274549,275102,7,553,2,7200,1.01265822785
274544,274555,275108,11,553,2,7200,1.0198915009
274545,274560,275134,15,574,2,7200,1.02613240418
274567,274573,275132,6,559,2,7200,1.01073345259
274582,274588,275152,6,564,2,7200,1.01063829787
274598,274604,275172,6,568,2,7200,1.01056338028
274616,274623,275156,7,533,2,7200,1.01313320826
274618,274629,275189,11,560,2,7200,1.01964285714
274634,274639,275196,5,557,2,7200,1.00897666068
274664,274671,275246,7,575,2,7200,1.01217391304
274686,274692,275256,6,564,2,7200,1.01063829787
274702,274708,275275,6,567,2,7200,1.01058201058
274703,274714,275242,11,528,2,7200,1.02083333333
274719,274725,275280,6,555,2,7200,1.01081081081
274734,274741,275304,7,563,2,7200,1.01243339254
274772,274778,275343,6,565,2,7200,1.01061946903
274800,274806,275374,6,568,2,7200,1.01056338028
274816,274822,275353,6,531,2,7200,1.01129943503
274817,274828,275392,11,564,2,7200,1.0195035461
274833,274839,275397,6,558,2,7200,1.01075268817
274857,274864,275432,7,568,2,7200,1.01232394366
274889,274895,275457,6,562,2,7200,1.01067615658
274890,274902,275458,12,556,2,7200,1.02158273381
274892,274907,275471,15,564,2,7200,1.02659574468
274908,274914,275458,6,544,2,7200,1.01102941176
274909,274920,275474,11,554,2,7200,1.01985559567
274931,274937,275494,6,557,2,7200,1.01077199282
274946,274953,275514,7,561,2,7200,1.01247771836
274968,274974,275537,6,563,2,7200,1.01065719361
274984,274990,275535,6,545,2,7200,1.01100917431
274986,274996,275555,10,559,2,7200,1.01788908766
274987,275002,275572,15,570,2,7200,1.02631578947
275003,275009,275570,6,561,2,7200,1.01069518717
275025,275031,275612,6,581,2,7200,1.01032702238
275041,275047,275625,6,578,2,7200,1.01038062284
275042,275053,275619,11,566,2,7200,1.01943462898
275067,275073,275643,6,570,2,7200,1.01052631579
275068,275079,275648,11,569,2,7200,1.01933216169
275094,275100,275661,6,561,2,7200,1.01069518717
275109,275115,275679,6,564,2,7200,1.01063829787
275111,275121,275697,10,576,2,7200,1.01736111111
275136,275142,275704,6,562,2,7200,1.01067615658
275137,275148,275700,11,552,2,7200,1.01992753623
275156,275162,275738,6,576,2,7200,1.01041666667
275157,275168,275714,11,546,2,7200,1.02014652015
275173,275179,275734,6,555,2,7200,1.01081081081
275192,275198,275742,6,544,2,7200,1.01102941176
275207,275214,275783,7,569,2,7200,1.01230228471
275244,275251,275813,7,562,2,7200,1.01245551601
275260,275266,275828,6,562,2,7200,1.01067615658
275262,275272,275797,10,525,2,7200,1.01904761905
275277,275283,275851,6,568,2,7200,1.01056338028
275293,275299,275863,6,564,2,7200,1.01063829787
275308,275314,275894,6,580,2,7200,1.01034482759
275345,275351,275894,6,543,2,7200,1.01104972376
275361,275367,275935,6,568,2,7200,1.01056338028
275376,275383,275948,7,565,2,7200,1.01238938053
275395,275402,275952,7,550,2,7200,1.01272727273
275411,275417,275988,6,571,2,7200,1.01050788091
275436,275442,276014,6,572,2,7200,1.01048951049
275461,275467,276037,6,570,2,7200,1.01052631579
275463,275473,276037,10,564,2,7200,1.01773049645
275464,275479,276017,15,538,2,7200,1.02788104089
275480,275486,276039,6,553,2,7200,1.01084990958
275481,275492,276047,11,555,2,7200,1.01981981982
275497,275503,276058,6,555,2,7200,1.01081081081
275516,275522,276064,6,542,2,7200,1.0110701107
275538,275544,276099,6,555,2,7200,1.01081081081
275540,275551,276131,11,580,2,7200,1.01896551724
275558,275564,276130,6,566,2,7200,1.01060070671
275574,275580,276143,6,563,2,7200,1.01065719361
275575,275586,276144,11,558,2,7200,1.01971326165
275616,275622,276174,6,552,2,7200,1.01086956522
275632,275638,276173,6,535,2,7200,1.01121495327
275633,275645,276214,12,569,2,7200,1.02108963093
275649,275655,276211,6,556,2,7200,1.01079136691
275650,275661,276228,11,567,2,7200,1.01940035273
275666,275672,276235,6,563,2,7200,1.01065719361
275681,275688,276254,7,566,2,7200,1.01236749117
275701,275707,276264,6,557,2,7200,1.01077199282
275717,275723,276281,6,558,2,7200,1.01075268817
275718,275729,276287,11,558,2,7200,1.01971326165
275720,275735,276294,15,559,2,7200,1.02683363148
275736,275742,276316,6,574,2,7200,1.01045296167
275751,275757,276318,6,561,2,7200,1.01069518717
275753,275763,276320,10,557,2,7200,1.01795332136
275787,275793,276370,6,577,2,7200,1.01039861352
275803,275808,276372,5,564,2,7200,1.00886524823
275818,275824,276371,6,547,2,7200,1.01096892139
275834,275839,276400,5,561,2,7200,1.00891265597
275852,275859,276427,7,568,2,7200,1.01232394366
275868,275874,276427,6,553,2,7200,1.01084990958
275896,275902,276472,6,570,2,7200,1.01052631579
275898,275908,276460,10,552,2,7200,1.01811594203
275938,275944,276478,6,534,2,7200,1.01123595506
275954,275960,276519,6,559,2,7200,1.01073345259
275955,275966,276526,11,560,2,7200,1.01964285714
275983,275990,276549,7,559,2,7200,1.01252236136
276018,276024,276591,6,567,2,7200,1.01058201058
276019,276031,276547,12,516,2,7200,1.02325581395
276042,276048,276603,6,555,2,7200,1.01081081081
276043,276054,276613,11,559,2,7200,1.01967799642
276044,276060,276602,16,542,2,7200,1.0295202952
276060,276066,276619,6,553,2,7200,1.01084990958
276062,276072,276630,10,558,2,7200,1.01792114695
276077,276083,276652,6,569,2,7200,1.01054481547
276102,276108,276683,6,575,2,7200,1.01043478261
276133,276140,276666,7,526,2,7200,1.01330798479
276135,276146,276717,11,571,2,7200,1.01926444834
276151,276157,276704,6,547,2,7200,1.01096892139
276152,276163,276725,11,562,2,7200,1.01957295374
276177,276183,276772,6,589,2,7200,1.01018675722
276179,276189,276768,10,579,2,7200,1.01727115717
276213,276219,276788,6,569,2,7200,1.01054481547
276229,276235,276807,6,572,2,7200,1.01048951049
276230,276241,276810,11,569,2,7200,1.01933216169
276246,276252,276829,6,577,2,7200,1.01039861352
276262,276268,276826,6,558,2,7200,1.01075268817
276277,276283,276866,6,583,2,7200,1.0102915952
276293,276299,276869,6,570,2,7200,1.01052631579
276295,276306,276858,11,552,2,7200,1.01992753623
276310,276316,276874,6,558,2,7200,1.01075268817
276326,276332,276913,6,581,2,7200,1.01032702238
276328,276338,276900,10,562,2,7200,1.01779359431
276329,276344,276900,15,556,2,7200,1.02697841727
276372,276379,276922,7,543,2,7200,1.01289134438
276374,276386,276960,12,574,2,7200,1.02090592334
276375,276391,276973,16,582,2,7200,1.02749140893
276404,276410,276968,6,558,2,7200,1.01075268817
276429,276435,277001,6,566,2,7200,1.01060070671
276430,276442,277005,12,563,2,7200,1.02131438721
276461,276467,277028,6,561,2,7200,1.01069518717
276477,276483,277039,6,556,2,7200,1.01079136691
276492,276498,277068,6,570,2,7200,1.01052631579
276520,276526,277090,6,564,2,7200,1.01063829787
276536,276542,277095,6,553,2,7200,1.01084990958
276552,276558,277089,6,531,2,7200,1.01129943503
276553,276564,277113,11,549,2,7200,1.02003642987
276593,276599,277157,6,558,2,7200,1.01075268817
276609,276615,277174,6,559,2,7200,1.01073345259
276610,276621,277185,11,564,2,7200,1.0195035461
276626,276632,277185,6,553,2,7200,1.01084990958
276628,276638,277195,10,557,2,7200,1.01795332136
276643,276649,277213,6,564,2,7200,1.01063829787
276659,276665,277222,6,557,2,7200,1.01077199282
276674,276681,277241,7,560,2,7200,1.0125
276690,276696,277255,6,559,2,7200,1.01073345259
276706,276712,277278,6,566,2,7200,1.01060070671
276721,276727,277305,6,578,2,7200,1.01038062284
276737,276743,277294,6,551,2,7200,1.0108892922
276771,276777,277345,6,568,2,7200,1.01056338028
276786,276792,277340,6,548,2,7200,1.01094890511
276802,276808,277371,6,563,2,7200,1.01065719361
276818,276824,277408,6,584,2,7200,1.0102739726
276819,276830,277386,11,556,2,7200,1.01978417266
276835,276840,277404,5,564,2,7200,1.00886524823
276836,276846,277407,10,561,2,7200,1.01782531194
276861,276867,277446,6,579,2,7200,1.0103626943
276877,276883,277432,6,549,2,7200,1.01092896175
276878,276889,277450,11,561,2,7200,1.01960784314
276880,276895,277455,15,560,2,7200,1.02678571429
276902,276908,277466,6,558,2,7200,1.01075268817
276903,276914,277476,11,562,2,7200,1.01957295374
276919,276925,277483,6,558,2,7200,1.01075268817
276934,276940,277518,6,578,2,7200,1.01038062284
276962,276968,277515,6,547,2,7200,1.01096892139
276978,276984,277543,6,559,2,7200,1.01073345259
276979,276990,277557,11,567,2,7200,1.01940035273
277004,277010,277578,6,568,2,7200,1.01056338028
277020,277026,277581,6,555,2,7200,1.01081081081
277035,277041,277606,6,565,2,7200,1.01061946903
277051,277057,277620,6,563,2,7200,1.01065719361
277070,277076,277644,6,568,2,7200,1.01056338028
277092,277098,277659,6,561,2,7200,1.01069518717
277093,277104,277671,11,567,2,7200,1.01940035273
277109,277115,277663,6,548,2,7200,1.01094890511
277124,277130,277684,6,554,2,7200,1.01083032491
277161,277168,277728,7,560,2,7200,1.0125
277177,277183,277749,6,566,2,7200,1.01060070671
277193,277199,277768,6,569,2,7200,1.01054481547
277194,277205,277775,11,570,2,7200,1.01929824561
277210,277216,277782,6,566,2,7200,1.01060070671
277226,277232,277798,6,566,2,7200,1.01060070671
277227,277238,277800,11,562,2,7200,1.01957295374
277242,277249,277796,7,547,2,7200,1.01279707495
277258,277264,277824,6,560,2,7200,1.01071428571
277277,277283,277853,6,570,2,7200,1.01052631579
277292,277299,277878,7,579,2,7200,1.01208981002
277308,277314,277880,6,566,2,7200,1.01060070671
277342,277348,277908,6,560,2,7200,1.01071428571
277358,277364,277912,6,548,2,7200,1.01094890511
277373,277379,277903,6,524,2,7200,1.01145038168
277389,277395,277944,6,549,2,7200,1.01092896175
277408,277414,277948,6,534,2,7200,1.01123595506
277409,277420,278004,11,584,2,7200,1.01883561644
277425,277431,278000,6,569,2,7200,1.01054481547
277440,277447,277988,7,541,2,7200,1.01293900185
277456,277462,278027,6,565,2,7200,1.01061946903
277457,277468,278031,11,563,2,7200,1.01953818828
277459,277474,278034,15,560,2,7200,1.02678571429
277475,277480,278042,5,562,2,7200,1.00889679715
277490,277496,278036,6,540,2,7200,1.01111111111
277492,277502,278030,10,528,2,7200,1.01893939394
277516,277523,278089,7,566,2,7200,1.01236749117
277532,277538,278102,6,564,2,7200,1.01063829787
277547,277554,278117,7,563,2,7200,1.01243339254
277563,277569,278117,6,548,2,7200,1.01094890511
277582,277588,278137,6,549,2,7200,1.01092896175
277583,277594,278154,11,560,2,7200,1.01964285714
277608,277614,278168,6,554,2,7200,1.01083032491
277624,277630,278210,6,580,2,7200,1.01034482759
277645,277652,278205,7,553,2,7200,1.01265822785
277661,277667,278219,6,552,2,7200,1.01086956522
277677,277683,278239,6,556,2,7200,1.01079136691
277678,277689,278253,11,564,2,7200,1.0195035461
277694,277700,278234,6,534,2,7200,1.01123595506
277731,277737,278296,6,559,2,7200,1.01073345259
277753,277759,278322,6,563,2,7200,1.01065719361
277771,277777,278342,6,565,2,7200,1.01061946903
277787,277793,278352,6,559,2,7200,1.01073345259
277789,277799,278355,10,556,2,7200,1.01798561151
277805,277811,278374,6,563,2,7200,1.01065719361
277806,277817,278395,11,578,2,7200,1.01903114187
277808,277822,278380,14,558,2,7200,1.02508960573
277826,277832,278402,6,570,2,7200,1.01052631579
277854,277860,278434,6,574,2,7200,1.01045296167
277879,277886,278461,7,575,2,7200,1.01217391304
277895,277901,278469,6,568,2,7200,1.01056338028
277911,277917,278489,6,572,2,7200,1.01048951049
277912,277923,278486,11,563,2,7200,1.01953818828
277927,277934,278495,7,561,2,7200,1.01247771836
277946,277952,278520,6,568,2,7200,1.01056338028
277962,277968,278528,6,560,2,7200,1.01071428571
277990,277996,278544,6,548,2,7200,1.01094890511
278006,278012,278537,6,525,2,7200,1.01142857143
278007,278018,278584,11,566,2,7200,1.01943462898
278029,278035,278603,6,568,2,7200,1.01056338028
278045,278052,278612,7,560,2,7200,1.0125
278047,278058,278606,11,548,2,7200,1.0200729927
278048,278064,278614,16,550,2,7200,1.02909090909
278049,278069,278620,20,551,2,7200,1.03629764065
278051,278074,278648,23,574,2,7200,1.04006968641
278091,278098,278674,7,576,2,7200,1.01215277778
278107,278113,278668,6,555,2,7200,1.01081081081
278123,278129,278681,6,552,2,7200,1.01086956522
278124,278135,278702,11,567,2,7200,1.01940035273
278140,278146,278711,6,565,2,7200,1.01061946903
278156,278162,278718,6,556,2,7200,1.01079136691
278171,278177,278749,6,572,2,7200,1.01048951049
278208,278215,278785,7,570,2,7200,1.01228070175
278224,278230,278794,6,564,2,7200,1.01063829787
278226,278236,278813,10,577,2,7200,1.01733102253
278241,278248,278798,7,550,2,7200,1.01272727273
278243,278254,278811,11,557,2,7200,1.0197486535
278258,278264,278841,6,577,2,7200,1.01039861352
278298,278305,278871,7,566,2,7200,1.01236749117
278326,278333,278877,7,544,2,7200,1.01286764706
278345,278351,278911,6,560,2,7200,1.01071428571
278361,278367,278923,6,556,2,7200,1.01079136691
278362,278373,278957,11,584,2,7200,1.01883561644
278378,278384,278946,6,562,2,7200,1.01067615658
278394,278400,278957,6,557,2,7200,1.01077199282
278410,278416,278968,6,552,2,7200,1.01086956522
278411,278422,278990,11,568,2,7200,1.01936619718
278436,278442,279007,6,565,2,7200,1.01061946903
278464,278470,279038,6,568,2,7200,1.01056338028
278479,278485,279052,6,567,2,7200,1.01058201058
278495,278501,279059,6,558,2,7200,1.01075268817
278496,278507,279072,11,565,2,7200,1.01946902655
278498,278513,279077,15,564,2,7200,1.02659574468
278523,278529,279096,6,567,2,7200,1.01058201058
278538,278544,279097,6,553,2,7200,1.01084990958
278540,278550,279116,10,566,2,7200,1.01766784452
278555,278561,279114,6,553,2,7200,1.01084990958
278586,278592,279145,6,553,2,7200,1.01084990958
278605,278611,279181,6,570,2,7200,1.01052631579
278621,278627,279205,6,578,2,7200,1.01038062284
278622,278633,279187,11,554,2,7200,1.01985559567
278624,278638,279209,14,571,2,7200,1.02451838879
278625,278644,279189,19,545,2,7200,1.03486238532
278650,278656,279223,6,567,2,7200,1.01058201058
278672,278678,279238,6,560,2,7200,1.01071428571
278688,278694,279262,6,568,2,7200,1.01056338028
278689,278701,279249,12,548,2,7200,1.02189781022
278705,278711,279275,6,564,2,7200,1.01063829787
278721,278727,279289,6,562,2,7200,1.01067615658
278722,278733,279299,11,566,2,7200,1.01943462898
278747,278753,279296,6,543,2,7200,1.01104972376
278787,278793,279339,6,546,2,7200,1.01098901099
278802,278809,279389,7,580,2,7200,1.01206896552
278804,278815,279383,11,568,2,7200,1.01936619718
278820,278825,279387,5,562,2,7200,1.00889679715
278821,278831,279376,10,545,2,7200,1.01834862385
278843,278849,279420,6,571,2,7200,1.01050788091
278874,278880,279434,6,554,2,7200,1.01083032491
278889,278896,279441,7,545,2,7200,1.0128440367
278915,278921,279481,6,560,2,7200,1.01071428571
278934,278940,279494,6,554,2,7200,1.01083032491
278949,278956,279519,7,563,2,7200,1.01243339254
278965,278971,279537,6,566,2,7200,1.01060070671
278967,278977,279532,10,555,2,7200,1.01801801802
278982,278988,279555,6,567,2,7200,1.01058201058
278997,279004,279587,7,583,2,7200,1.01200686106
279013,279019,279587,6,568,2,7200,1.01056338028
279041,279047,279586,6,539,2,7200,1.01113172542
279057,279063,279630,6,567,2,7200,1.01058201058
279073,279079,279650,6,571,2,7200,1.01050788091
279089,279095,279652,6,557,2,7200,1.01077199282
279090,279101,279672,11,571,2,7200,1.01926444834
279106,279112,279651,6,539,2,7200,1.01113172542
279107,279118,279682,11,564,2,7200,1.0195035461
279123,279129,279693,6,564,2,7200,1.01063829787
279124,279135,279701,11,566,2,7200,1.01943462898
279149,279156,279723,7,567,2,7200,1.01234567901
279184,279190,279758,6,568,2,7200,1.01056338028
279199,279205,279740,6,535,2,7200,1.01121495327
279201,279211,279776,10,565,2,7200,1.01769911504
279216,279222,279777,6,555,2,7200,1.01081081081
279218,279229,279789,11,560,2,7200,1.01964285714
279233,279239,279823,6,584,2,7200,1.0102739726
279249,279256,279821,7,565,2,7200,1.01238938053
279265,279271,279840,6,569,2,7200,1.01054481547
279266,279277,279844,11,567,2,7200,1.01940035273
279282,279288,279873,6,585,2,7200,1.01025641026
279298,279304,279856,6,552,2,7200,1.01086956522
279299,279310,279876,11,566,2,7200,1.01943462898
279316,279322,279885,6,563,2,7200,1.01065719361
279343,279350,279900,7,550,2,7200,1.01272727273
279378,279384,279936,6,552,2,7200,1.01086956522
279394,279400,279965,6,565,2,7200,1.01061946903
279395,279406,279976,11,570,2,7200,1.01929824561
279396,279412,279968,16,556,2,7200,1.02877697842
279424,279431,279983,7,552,2,7200,1.01268115942
279440,279446,280015,6,569,2,7200,1.01054481547
279456,279462,280026,6,564,2,7200,1.01063829787
279484,279490,280053,6,563,2,7200,1.01065719361
279500,279506,280073,6,567,2,7200,1.01058201058
279521,279528,280096,7,568,2,7200,1.01232394366
279537,279543,280097,6,554,2,7200,1.01083032491
279539,279549,280120,10,571,2,7200,1.01751313485
279558,279564,280119,6,555,2,7200,1.01081081081
279589,279595,280164,6,569,2,7200,1.01054481547
279591,279602,280157,11,555,2,7200,1.01981981982
279592,279607,280169,15,562,2,7200,1.02669039146
279632,279638,280193,6,555,2,7200,1.01081081081
279654,279660,280220,6,560,2,7200,1.01071428571
279656,279666,280211,10,545,2,7200,1.01834862385
279657,279672,280244,15,572,2,7200,1.02622377622
279676,279682,280216,6,534,2,7200,1.01123595506
279692,279698,280257,6,559,2,7200,1.01073345259
279707,279714,280278,7,564,2,7200,1.01241134752
279709,279721,280297,12,576,2,7200,1.02083333333
279725,279731,280291,6,560,2,7200,1.01071428571
279743,279750,280328,7,578,2,7200,1.01211072664
279762,279768,280334,6,566,2,7200,1.01060070671
279778,279784,280358,6,574,2,7200,1.01045296167
279779,279791,280372,12,581,2,7200,1.02065404475
279795,279802,280363,7,561,2,7200,1.01247771836
279823,279829,280394,6,565,2,7200,1.01061946903
279825,279835,280398,10,563,2,7200,1.01776198934
279844,279850,280404,6,554,2,7200,1.01083032491
279845,279856,280416,11,560,2,7200,1.01964285714
279861,279867,280412,6,545,2,7200,1.01100917431
279877,279883,280427,6,544,2,7200,1.01102941176
279878,279889,280445,11,556,2,7200,1.01978417266
279894,279900,280439,6,539,2,7200,1.01113172542
279910,279916,280474,6,558,2,7200,1.01075268817
279937,279944,280491,7,547,2,7200,1.01279707495
279969,279975,280541,6,566,2,7200,1.01060070671
279971,279981,280541,10,560,2,7200,1.01785714286
279986,279993,280543,7,550,2,7200,1.01272727273
279988,279999,280557,11,558,2,7200,1.01971326165
280019,280025,280598,6,573,2,7200,1.01047120419
280035,280041,280607,6,566,2,7200,1.01060070671
280057,280063,280613,6,550,2,7200,1.01090909091
280075,280082,280651,7,569,2,7200,1.01230228471
280098,280104,280661,6,557,2,7200,1.01077199282
280099,280111,280659,12,548,2,7200,1.02189781022
280121,280128,280697,7,569,2,7200,1.01230228471
280123,280134,280711,11,577,2,7200,1.01906412478
280160,280166,280739,6,573,2,7200,1.01047120419
280176,280182,280758,6,576,2,7200,1.01041666667
280177,280188,280761,11,573,2,7200,1.01919720768
280196,280202,280772,6,570,2,7200,1.01052631579
280214,280221,280778,7,557,2,7200,1.01256732496
280230,280236,280794,6,558,2,7200,1.01075268817
280231,280242,280778,11,536,2,7200,1.02052238806
280247,280253,280813,6,560,2,7200,1.01071428571
280263,280269,280820,6,551,2,7200,1.0108892922
280281,280288,280839,7,551,2,7200,1.01270417423
280297,280304,280862,7,558,2,7200,1.01254480287
280299,280310,280869,11,559,2,7200,1.01967799642
280330,280336,280908,6,572,2,7200,1.01048951049
280345,280351,280913,6,562,2,7200,1.01067615658
280361,280367,280930,6,563,2,7200,1.01065719361
280377,280383,280940,6,557,2,7200,1.01077199282
280378,280389,280959,11,570,2,7200,1.01929824561
280397,280403,280959,6,556,2,7200,1.01079136691
280413,280419,280978,6,559,2,7200,1.01073345259
280414,280425,280981,11,556,2,7200,1.01978417266
280415,280431,280987,16,556,2,7200,1.02877697842
280431,280437,280991,6,554,2,7200,1.01083032491
280432,280443,281028,11,585,2,7200,1.0188034188
280448,280454,281022,6,568,2,7200,1.01056338028
280449,280460,281030,11,570,2,7200,1.01929824561
280477,280483,281049,6,566,2,7200,1.01060070671
280493,280499,281061,6,562,2,7200,1.01067615658
280543,280549,281089,6,540,2,7200,1.01111111111
280544,280555,281107,11,552,2,7200,1.01992753623
280560,280567,281144,7,577,2,7200,1.01213171577
280562,280573,281147,11,574,2,7200,1.01916376307
280602,280608,281164,6,556,2,7200,1.01079136691
280618,280624,281185,6,561,2,7200,1.01069518717
280619,280630,281194,11,564,2,7200,1.0195035461
280653,280660,281228,7,568,2,7200,1.01232394366
280669,280675,281257,6,582,2,7200,1.01030927835
280670,280681,281240,11,559,2,7200,1.01967799642
280701,280707,281261,6,554,2,7200,1.01083032491
280717,280723,281293,6,570,2,7200,1.01052631579
280742,280748,281313,6,565,2,7200,1.01061946903
280761,280767,281335,6,568,2,7200,1.01056338028
280762,280773,281328,11,555,2,7200,1.01981981982
280778,280785,281343,7,558,2,7200,1.01254480287
280780,280791,281360,11,569,2,7200,1.01933216169
280781,280797,281337,16,540,2,7200,1.02962962963
280797,280803,281372,6,569,2,7200,1.01054481547
280816,280822,281380,6,558,2,7200,1.01075268817
280831,280837,281410,6,573,2,7200,1.01047120419
280847,280853,281419,6,566,2,7200,1.01060070671
280865,280871,281453,6,582,2,7200,1.01030927835
280881,280887,281447,6,560,2,7200,1.01071428571
280912,280918,281472,6,554,2,7200,1.01083032491
280927,280933,281498,6,565,2,7200,1.01061946903
280943,280949,281494,6,545,2,7200,1.01100917431
280944,280955,281531,11,576,2,7200,1.01909722222
280963,280970,281538,7,568,2,7200,1.01232394366
280965,280976,281523,11,547,2,7200,1.02010968921
280981,280987,281520,6,533,2,7200,1.01125703565
280996,281002,281559,6,557,2,7200,1.01077199282
280998,281008,281560,10,552,2,7200,1.01811594203
280999,281014,281572,15,558,2,7200,1.02688172043
281024,281030,281595,6,565,2,7200,1.01061946903
281040,281046,281631,6,585,2,7200,1.01025641026
281041,281052,281620,11,568,2,7200,1.01936619718
281057,281063,281628,6,565,2,7200,1.01061946903
281072,281078,281625,6,547,2,7200,1.01096892139
281091,281097,281662,6,565,2,7200,1.01061946903
281109,281116,281689,7,573,2,7200,1.01221640489
281147,281153,281716,6,563,2,7200,1.01065719361
281162,281168,281721,6,553,2,7200,1.01084990958
281178,281184,281709,6,525,2,7200,1.01142857143
281194,281200,281783,6,583,2,7200,1.0102915952
281209,281215,281775,6,560,2,7200,1.01071428571
281231,281237,281818,6,581,2,7200,1.01032702238
281247,281252,281829,5,577,2,7200,1.00866551127
281262,281268,281840,6,572,2,7200,1.01048951049
281264,281274,281818,10,544,2,7200,1.01838235294
281295,281301,281858,6,557,2,7200,1.01077199282
281317,281323,281894,6,571,2,7200,1.01050788091
281332,281338,281870,6,532,2,7200,1.01127819549
281348,281354,281915,6,561,2,7200,1.01069518717
281349,281360,281924,11,564,2,7200,1.0195035461
281351,281366,281921,15,555,2,7200,1.02702702703
281366,281372,281931,6,559,2,7200,1.01073345259
281382,281388,281939,6,551,2,7200,1.0108892922
281384,281394,281961,10,567,2,7200,1.0176366843
281414,281420,281971,6,551,2,7200,1.0108892922
281430,281436,282010,6,574,2,7200,1.01045296167
281449,281455,282019,6,564,2,7200,1.01063829787
281464,281470,282042,6,572,2,7200,1.01048951049
281480,281486,282036,6,550,2,7200,1.01090909091
281495,281502,282072,7,570,2,7200,1.01228070175
281511,281517,282061,6,544,2,7200,1.01102941176
281527,281533,282101,6,568,2,7200,1.01056338028
281528,281539,282104,11,565,2,7200,1.01946902655
281544,281550,282118,6,568,2,7200,1.01056338028
281545,281556,282128,11,572,2,7200,1.01923076923
281561,281567,282119,6,552,2,7200,1.01086956522
281562,281573,282158,11,585,2,7200,1.0188034188
281578,281584,282176,6,592,2,7200,1.01013513514
281597,281603,282164,6,561,2,7200,1.01069518717
281622,281628,282190,6,562,2,7200,1.01067615658
281638,281644,282192,6,548,2,7200,1.01094890511
281639,281650,282217,11,567,2,7200,1.01940035273
281641,281655,282197,14,542,2,7200,1.0258302583
281666,281672,282234,6,562,2,7200,1.01067615658
281691,281697,282234,6,537,2,7200,1.01117318436
281713,281719,282303,6,584,2,7200,1.0102739726
281728,281734,282287,6,553,2,7200,1.01084990958
281730,281740,282302,10,562,2,7200,1.01779359431
281779,281785,282357,6,572,2,7200,1.01048951049
281795,281801,282363,6,562,2,7200,1.01067615658
281820,281826,282395,6,569,2,7200,1.01054481547
281821,281832,282385,11,553,2,7200,1.0198915009
281837,281843,282413,6,570,2,7200,1.01052631579
281852,281858,282422,6,564,2,7200,1.01063829787
281868,281874,282459,6,585,2,7200,1.01025641026
281883,281889,282443,6,554,2,7200,1.01083032491
281899,281905,282476,6,571,2,7200,1.01050788091
281917,281924,282456,7,532,2,7200,1.01315789474
281933,281940,282502,7,562,2,7200,1.01245551601
281935,281946,282508,11,562,2,7200,1.01957295374
281936,281951,282483,15,532,2,7200,1.02819548872
281951,281958,282528,7,570,2,7200,1.01228070175
281967,281973,282551,6,578,2,7200,1.01038062284
281983,281989,282557,6,568,2,7200,1.01056338028
282013,282020,282577,7,557,2,7200,1.01256732496
282029,282035,282586,6,551,2,7200,1.0108892922
282045,282051,282598,6,547,2,7200,1.01096892139
282046,282057,282607,11,550,2,7200,1.02
282065,282071,282663,6,592,2,7200,1.01013513514
282080,282086,282648,6,562,2,7200,1.01067615658
282102,282108,282664,6,556,2,7200,1.01079136691
282118,282124,282659,6,535,2,7200,1.01121495327
282120,282130,282697,10,567,2,7200,1.0176366843
282136,282142,282707,6,565,2,7200,1.01061946903
282137,282148,282707,11,559,2,7200,1.01967799642
282162,282168,282748,6,580,2,7200,1.01034482759
282178,282184,282748,6,564,2,7200,1.01063829787
282179,282190,282743,11,553,2,7200,1.0198915009
282195,282201,282771,6,570,2,7200,1.01052631579
282197,282207,282762,10,555,2,7200,1.01801801802
282212,282218,282781,6,563,2,7200,1.01065719361
282228,282234,282806,6,572,2,7200,1.01048951049
282243,282250,282817,7,567,2,7200,1.01234567901
282245,282256,282812,11,556,2,7200,1.01978417266
282291,282297,282859,6,562,2,7200,1.01067615658
282307,282313,282885,6,572,2,7200,1.01048951049
282308,282319,282882,11,563,2,7200,1.01953818828
282361,282368,282939,7,571,2,7200,1.0122591944
282377,282383,282953,6,570,2,7200,1.01052631579
282392,282398,282910,6,512,2,7200,1.01171875
282408,282414,282984,6,570,2,7200,1.01052631579
282423,282430,282967,7,537,2,7200,1.01303538175
282425,282435,283005,10,570,2,7200,1.01754385965
282447,282453,283009,6,556,2,7200,1.01079136691
282463,282469,283019,6,550,2,7200,1.01090909091
282464,282475,283038,11,563,2,7200,1.01953818828
282480,282486,283049,6,563,2,7200,1.01065719361
282495,282501,283056,6,555,2,7200,1.01081081081
282511,282517,283071,6,554,2,7200,1.01083032491
282512,282523,283075,11,552,2,7200,1.01992753623
282531,282537,283104,6,567,2,7200,1.01058201058
282553,282559,283126,6,567,2,7200,1.01058201058
282568,282574,283132,6,558,2,7200,1.01075268817
282584,282590,283148,6,558,2,7200,1.01075268817
282600,282606,283167,6,561,2,7200,1.01069518717
282601,282612,283192,11,580,2,7200,1.01896551724
282617,282623,283194,6,571,2,7200,1.01050788091
282651,282657,283218,6,561,2,7200,1.01069518717
282667,282673,283216,6,543,2,7200,1.01104972376
282668,282679,283233,11,554,2,7200,1.01985559567
282670,282685,283260,15,575,2,7200,1.02608695652
282702,282708,283251,6,543,2,7200,1.01104972376
282717,282723,283286,6,563,2,7200,1.01065719361
282719,282729,283268,10,539,2,7200,1.0185528757
282747,282753,283323,6,570,2,7200,1.01052631579
282762,282769,283347,7,578,2,7200,1.01211072664
282764,282775,283340,11,565,2,7200,1.01946902655
282765,282781,283312,16,531,2,7200,1.03013182674
282781,282787,283347,6,560,2,7200,1.01071428571
282783,282793,283366,10,573,2,7200,1.01745200698
282807,282814,283370,7,556,2,7200,1.01258992806
282823,282829,283403,6,574,2,7200,1.01045296167
282825,282835,283404,10,569,2,7200,1.01757469244
282862,282868,283426,6,558,2,7200,1.01075268817
282884,282891,283463,7,572,2,7200,1.01223776224
282900,282906,283459,6,553,2,7200,1.01084990958
282916,282922,283476,6,554,2,7200,1.01083032491
282941,282947,283510,6,563,2,7200,1.01065719361
282957,282963,283534,6,571,2,7200,1.01050788091
282972,282978,283537,6,559,2,7200,1.01073345259
282988,282994,283556,6,562,2,7200,1.01067615658
283007,283013,283571,6,558,2,7200,1.01075268817
283022,283029,283592,7,563,2,7200,1.01243339254
283024,283035,283609,11,574,2,7200,1.01916376307
283040,283046,283591,6,545,2,7200,1.01100917431
283055,283061,283607,6,546,2,7200,1.01098901099
283071,283077,283603,6,526,2,7200,1.01140684411
283087,283093,283657,6,564,2,7200,1.01063829787
283088,283099,283657,11,558,2,7200,1.01971326165
283107,283113,283682,6,569,2,7200,1.01054481547
283129,283135,283705,6,570,2,7200,1.01052631579
283144,283151,283705,7,554,2,7200,1.01263537906
283160,283166,283743,6,577,2,7200,1.01039861352
283176,283182,283739,6,557,2,7200,1.01077199282
283194,283201,283764,7,563,2,7200,1.01243339254
283196,283207,283755,11,548,2,7200,1.0200729927
283218,283224,283754,6,530,2,7200,1.01132075472
283219,283231,283813,12,582,2,7200,1.0206185567
283235,283241,283808,6,567,2,7200,1.01058201058
283254,283260,283824,6,564,2,7200,1.01063829787
283270,283276,283848,6,572,2,7200,1.01048951049
283271,283282,283854,11,572,2,7200,1.01923076923
283290,283296,283866,6,570,2,7200,1.01052631579
283315,283321,283875,6,554,2,7200,1.01083032491
283330,283337,283904,7,567,2,7200,1.01234567901
283347,283352,283914,5,562,2,7200,1.00889679715
283363,283369,283918,6,549,2,7200,1.01092896175
283364,283375,283933,11,558,2,7200,1.01971326165
283380,283386,283949,6,563,2,7200,1.01065719361
283381,283392,283958,11,566,2,7200,1.01943462898
283406,283413,283963,7,550,2,7200,1.01272727273
283408,283419,283985,11,566,2,7200,1.01943462898
283430,283436,284003,6,567,2,7200,1.01058201058
283461,283467,284030,6,563,2,7200,1.01065719361
283476,283483,284047,7,564,2,7200,1.01241134752
283478,283489,284041,11,552,2,7200,1.01992753623
283512,283518,284064,6,546,2,7200,1.01098901099
283537,283544,284106,7,562,2,7200,1.01245551601
283539,283550,284096,11,546,2,7200,1.02014652015
283558,283564,284121,6,557,2,7200,1.01077199282
283573,283580,284143,7,563,2,7200,1.01243339254
283596,283602,284111,6,509,2,7200,1.01178781925
283597,283608,284147,11,539,2,7200,1.02040816327
283613,283619,284190,6,571,2,7200,1.01050788091
283615,283625,284175,10,550,2,7200,1.01818181818
283616,283631,284184,15,553,2,7200,1.02712477396
283660,283666,284227,6,561,2,7200,1.01069518717
283661,283672,284207,11,535,2,7200,1.02056074766
283686,283692,284272,6,580,2,7200,1.01034482759
283708,283714,284273,6,559,2,7200,1.01073345259
283709,283720,284286,11,566,2,7200,1.01943462898
283740,283747,284315,7,568,2,7200,1.01232394366
283757,283763,284323,6,560,2,7200,1.01071428571
283758,283770,284333,12,563,2,7200,1.02131438721
283759,283775,284342,16,567,2,7200,1.02821869489
283775,283781,284345,6,564,2,7200,1.01063829787
283810,283816,284375,6,559,2,7200,1.01073345259
283825,283832,284404,7,572,2,7200,1.01223776224
283827,283838,284396,11,558,2,7200,1.01971326165
283852,283858,284398,6,540,2,7200,1.01111111111
283868,283874,284443,6,569,2,7200,1.01054481547
283869,283881,284460,12,579,2,7200,1.0207253886
283885,283891,284438,6,547,2,7200,1.01096892139
283907,283913,284484,6,571,2,7200,1.01050788091
283922,283929,284482,7,553,2,7200,1.01265822785
283924,283935,284479,11,544,2,7200,1.02022058824
283940,283946,284492,6,546,2,7200,1.01098901099
283955,283961,284526,6,565,2,7200,1.01061946903
283971,283977,284545,6,568,2,7200,1.01056338028
283972,283983,284510,11,527,2,7200,1.02087286528
283988,283994,284552,6,558,2,7200,1.01075268817
284007,284013,284578,6,565,2,7200,1.01061946903
284034,284041,284604,7,563,2,7200,1.01243339254
284050,284056,284624,6,568,2,7200,1.01056338028
284052,284062,284605,10,543,2,7200,1.01841620626
284067,284073,284641,6,568,2,7200,1.01056338028
284098,284104,284647,6,543,2,7200,1.01104972376
284114,284120,284685,6,565,2,7200,1.01061946903
284115,284126,284688,11,562,2,7200,1.01957295374
284130,284137,284699,7,562,2,7200,1.01245551601
284146,284152,284706,6,554,2,7200,1.01083032491
284161,284168,284736,7,568,2,7200,1.01232394366
284177,284183,284714,6,531,2,7200,1.01129943503
284193,284199,284762,6,563,2,7200,1.01065719361
284194,284205,284769,11,564,2,7200,1.0195035461
284210,284216,284783,6,567,2,7200,1.01058201058
284229,284235,284797,6,562,2,7200,1.01067615658
284275,284281,284855,6,574,2,7200,1.01045296167
284277,284287,284821,10,534,2,7200,1.01872659176
284292,284298,284862,6,564,2,7200,1.01063829787
284317,284323,284888,6,565,2,7200,1.01061946903
284333,284339,284906,6,567,2,7200,1.01058201058
284349,284355,284906,6,551,2,7200,1.0108892922
284350,284361,284926,11,565,2,7200,1.01946902655
284352,284367,284923,15,556,2,7200,1.02697841727
284377,284383,284954,6,571,2,7200,1.01050788091
284398,284405,284956,7,551,2,7200,1.01270417423
284400,284411,284982,11,571,2,7200,1.01926444834
284416,284422,284979,6,557,2,7200,1.01077199282
284441,284447,285016,6,569,2,7200,1.01054481547
284456,284462,284998,6,536,2,7200,1.01119402985
284471,284478,285046,7,568,2,7200,1.01232394366
284487,284493,285059,6,566,2,7200,1.01060070671
284489,284499,285066,10,567,2,7200,1.0176366843
284490,284505,285069,15,564,2,7200,1.02659574468
284506,284511,285057,5,546,2,7200,1.00915750916
284521,284527,285046,6,519,2,7200,1.01156069364
284537,284543,285105,6,562,2,7200,1.01067615658
284552,284559,285117,7,558,2,7200,1.01254480287
284554,284565,285119,11,554,2,7200,1.01985559567
284582,284588,285140,6,552,2,7200,1.01086956522
284607,284613,285182,6,569,2,7200,1.01054481547
284609,284619,285178,10,559,2,7200,1.01788908766
284627,284633,285193,6,560,2,7200,1.01071428571
284643,284649,285219,6,570,2,7200,1.01052631579
284658,284665,285231,7,566,2,7200,1.01236749117
284690,284696,285273,6,577,2,7200,1.01039861352
284691,284702,285270,11,568,2,7200,1.01936619718
284707,284713,285273,6,560,2,7200,1.01071428571
284708,284719,285286,11,567,2,7200,1.01940035273
284726,284732,285287,6,555,2,7200,1.01081081081
284742,284747,285306,5,559,2,7200,1.00894454383
284763,284770,285340,7,570,2,7200,1.01228070175
284779,284785,285350,6,565,2,7200,1.01061946903
284795,284801,285353,6,552,2,7200,1.01086956522
284810,284816,285376,6,560,2,7200,1.01071428571
284826,284832,285402,6,570,2,7200,1.01052631579
284857,284863,285423,6,560,2,7200,1.01071428571
284872,284879,285427,7,548,2,7200,1.01277372263
284891,284897,285432,6,535,2,7200,1.01121495327
284907,284913,285457,6,544,2,7200,1.01102941176
284908,284919,285481,11,562,2,7200,1.01957295374
284927,284934,285498,7,564,2,7200,1.01241134752
284929,284941,285505,12,564,2,7200,1.02127659574
284957,284963,285511,6,548,2,7200,1.01094890511
284958,284969,285498,11,529,2,7200,1.02079395085
284981,284987,285535,6,548,2,7200,1.01094890511
284996,285002,285556,6,554,2,7200,1.01083032491
285012,285018,285583,6,565,2,7200,1.01061946903
285027,285033,285593,6,560,2,7200,1.01071428571
285048,285054,285617,6,563,2,7200,1.01065719361
285049,285060,285628,11,568,2,7200,1.01936619718
285065,285071,285619,6,548,2,7200,1.01094890511
285067,285077,285641,10,564,2,7200,1.01773049645
285082,285089,285637,7,548,2,7200,1.01277372263
285084,285095,285662,11,567,2,7200,1.01940035273
285109,285115,285652,6,537,2,7200,1.01117318436
285125,285131,285692,6,561,2,7200,1.01069518717
285126,285137,285702,11,565,2,7200,1.01946902655
285142,285148,285706,6,558,2,7200,1.01075268817
285182,285188,285736,6,548,2,7200,1.01094890511
285198,285204,285752,6,548,2,7200,1.01094890511
285200,285210,285778,10,568,2,7200,1.0176056338
285221,285228,285781,7,553,2,7200,1.01265822785
285237,285243,285805,6,562,2,7200,1.01067615658
285271,285278,285845,7,567,2,7200,1.01234567901
285288,285294,285863,6,569,2,7200,1.01054481547
285289,285301,285862,12,561,2,7200,1.02139037433
285290,285307,285870,17,563,2,7200,1.03019538188
285292,285312,285871,20,559,2,7200,1.03577817531
285308,285318,285891,10,573,2,7200,1.01745200698
285342,285348,285888,6,540,2,7200,1.01111111111
285358,285364,285941,6,577,2,7200,1.01039861352
285359,285370,285952,11,582,2,7200,1.01890034364
285378,285384,285938,6,554,2,7200,1.01083032491
285406,285412,285977,6,565,2,7200,1.01061946903
285425,285431,285996,6,565,2,7200,1.01061946903
285440,285447,286023,7,576,2,7200,1.01215277778
285442,285453,286019,11,566,2,7200,1.01943462898
285461,285467,286048,6,581,2,7200,1.01032702238
285483,285489,286058,6,569,2,7200,1.01054481547
285502,285509,286059,7,550,2,7200,1.01272727273
285503,285516,286066,13,550,2,7200,1.02363636364
285519,285525,286104,6,579,2,7200,1.0103626943
285520,285531,286086,11,555,2,7200,1.01981981982
285539,285545,286066,6,521,2,7200,1.01151631478
285558,285564,286111,6,547,2,7200,1.01096892139
285566,285572,297292,6,11720,1,32400,1.00051194539
285586,285592,286155,6,563,2,7200,1.01065719361
285601,285608,286169,7,561,2,7200,1.01247771836
285620,285627,286196,7,569,2,7200,1.01230228471
285622,285633,286182,11,549,2,7200,1.02003642987
285638,285644,286213,6,569,2,7200,1.01054481547
285639,285650,286214,11,564,2,7200,1.0195035461
285655,285661,286222,6,561,2,7200,1.01069518717
285657,285667,286208,10,541,2,7200,1.01848428835
285672,285678,286243,6,565,2,7200,1.01061946903
285694,285700,286255,6,555,2,7200,1.01081081081
285710,285716,286298,6,582,2,7200,1.01030927835
285711,285722,286283,11,561,2,7200,1.01960784314
285739,285745,286316,6,571,2,7200,1.01050788091
285755,285761,286330,6,569,2,7200,1.01054481547
285780,285786,286349,6,563,2,7200,1.01065719361
285795,285801,286366,6,565,2,7200,1.01061946903
285811,285816,286366,5,550,2,7200,1.00909090909
285848,285854,286403,6,549,2,7200,1.01092896175
285864,285870,286452,6,582,2,7200,1.01030927835
285865,285876,286406,11,530,2,7200,1.02075471698
285881,285887,286445,6,558,2,7200,1.01075268817
285883,285893,286462,10,569,2,7200,1.01757469244
285898,285905,286474,7,569,2,7200,1.01230228471
285900,285911,286488,11,577,2,7200,1.01906412478
285940,285946,286511,6,565,2,7200,1.01061946903
285956,285962,286534,6,572,2,7200,1.01048951049
285957,285968,286521,11,553,2,7200,1.0198915009
285979,285986,286540,7,554,2,7200,1.01263537906
285998,286004,286554,6,550,2,7200,1.01090909091
286023,286030,286604,7,574,2,7200,1.01219512195
286025,286036,286586,11,550,2,7200,1.02
286050,286056,286622,6,566,2,7200,1.01060070671
286066,286072,286624,6,552,2,7200,1.01086956522
286068,286078,286639,10,561,2,7200,1.01782531194
286069,286084,286602,15,518,2,7200,1.02895752896
286070,286089,286627,19,538,2,7200,1.03531598513
286089,286096,286667,7,571,2,7200,1.0122591944
286108,286115,286679,7,564,2,7200,1.01241134752
286124,286130,286696,6,566,2,7200,1.01060070671
286158,286164,286732,6,568,2,7200,1.01056338028
286174,286180,286734,6,554,2,7200,1.01083032491
286189,286195,286734,6,539,2,7200,1.01113172542
286205,286211,286720,6,509,2,7200,1.01178781925
286221,286227,286791,6,564,2,7200,1.01063829787
286223,286233,286787,10,554,2,7200,1.01805054152
286224,286239,286797,15,558,2,7200,1.02688172043
286240,286246,286796,6,550,2,7200,1.01090909091
286256,286262,286831,6,569,2,7200,1.01054481547
286257,286269,286830,12,561,2,7200,1.02139037433
286286,286292,286845,6,553,2,7200,1.01084990958
286301,286307,286846,6,539,2,7200,1.01113172542
286320,286326,286893,6,567,2,7200,1.01058201058
286336,286342,286896,6,554,2,7200,1.01083032491
286352,286358,286917,6,559,2,7200,1.01073345259
286367,286374,286943,7,569,2,7200,1.01230228471
286369,286380,286951,11,571,2,7200,1.01926444834
286406,286412,286972,6,560,2,7200,1.01071428571
286422,286428,286993,6,565,2,7200,1.01061946903
286447,286453,287016,6,563,2,7200,1.01065719361
286463,286469,287032,6,563,2,7200,1.01065719361
286464,286475,287023,11,548,2,7200,1.0200729927
286482,286488,287055,6,567,2,7200,1.01058201058
286483,286494,287019,11,525,2,7200,1.02095238095
286515,286521,287081,6,560,2,7200,1.01071428571
286530,286536,287100,6,564,2,7200,1.01063829787
286546,286552,287131,6,579,2,7200,1.0103626943
286547,286558,287099,11,541,2,7200,1.02033271719
286563,286569,287103,6,534,2,7200,1.01123595506
286588,286594,287143,6,549,2,7200,1.01092896175
286604,286610,287165,6,555,2,7200,1.01081081081
286619,286626,287181,7,555,2,7200,1.01261261261
286635,286642,287193,7,551,2,7200,1.01270417423
286637,286648,287214,11,566,2,7200,1.01943462898
286638,286654,287218,16,564,2,7200,1.02836879433
286654,286660,287220,6,560,2,7200,1.01071428571
286669,286675,287242,6,567,2,7200,1.01058201058
286685,286691,287271,6,580,2,7200,1.01034482759
286701,286707,287266,6,559,2,7200,1.01073345259
286723,286729,287276,6,547,2,7200,1.01096892139
286739,286745,287305,6,560,2,7200,1.01071428571
286741,286751,287323,10,572,2,7200,1.01748251748
286742,286757,287320,15,563,2,7200,1.02664298401
286789,286795,287342,6,547,2,7200,1.01096892139
286805,286811,287388,6,577,2,7200,1.01039861352
286806,286817,287339,11,522,2,7200,1.02107279693
286807,286823,287373,16,550,2,7200,1.02909090909
286832,286839,287406,7,567,2,7200,1.01234567901
286834,286845,287410,11,565,2,7200,1.01946902655
286850,286856,287425,6,569,2,7200,1.01054481547
286851,286862,287429,11,567,2,7200,1.01940035273
286895,286901,287451,6,550,2,7200,1.01090909091
286910,286916,287475,6,559,2,7200,1.01073345259
286926,286932,287483,6,551,2,7200,1.0108892922
286948,286954,287515,6,561,2,7200,1.01069518717
286963,286969,287528,6,559,2,7200,1.01073345259
286979,286985,287519,6,534,2,7200,1.01123595506
286998,287004,287561,6,557,2,7200,1.01077199282
287019,287026,287589,7,563,2,7200,1.01243339254
287021,287033,287599,12,566,2,7200,1.02120141343
287037,287043,287606,6,563,2,7200,1.01065719361
287039,287050,287637,11,587,2,7200,1.01873935264
287057,287063,287629,6,566,2,7200,1.01060070671
287082,287088,287661,6,573,2,7200,1.01047120419
287101,287108,287679,7,571,2,7200,1.0122591944
287103,287114,287684,11,570,2,7200,1.01929824561
287119,287125,287695,6,570,2,7200,1.01052631579
287134,287140,287698,6,558,2,7200,1.01075268817
287150,287156,287717,6,561,2,7200,1.01069518717
287169,287175,287708,6,533,2,7200,1.01125703565
287184,287191,287723,7,532,2,7200,1.01315789474
287200,287206,287777,6,571,2,7200,1.01050788091
287216,287222,287808,6,586,2,7200,1.01023890785
287232,287238,287812,6,574,2,7200,1.01045296167
287233,287244,287812,11,568,2,7200,1.01936619718
287249,287255,287806,6,551,2,7200,1.0108892922
287267,287274,287844,7,570,2,7200,1.01228070175
287283,287289,287843,6,554,2,7200,1.01083032491
287285,287295,287878,10,583,2,7200,1.01715265866
287307,287313,287867,6,554,2,7200,1.01083032491
287322,287329,287889,7,560,2,7200,1.0125
287338,287344,287925,6,581,2,7200,1.01032702238
287354,287360,287921,6,561,2,7200,1.01069518717
287355,287366,287923,11,557,2,7200,1.0197486535
287374,287380,287928,6,548,2,7200,1.01094890511
287390,287396,287957,6,561,2,7200,1.01069518717
287409,287415,287981,6,566,2,7200,1.01060070671
287424,287430,287955,6,525,2,7200,1.01142857143
287440,287446,288000,6,554,2,7200,1.01083032491
287441,287452,288029,11,577,2,7200,1.01906412478
287457,287463,288029,6,566,2,7200,1.01060070671
287479,287485,288051,6,566,2,7200,1.01060070671
287495,287501,288046,6,545,2,7200,1.01100917431
287517,287523,288076,6,553,2,7200,1.01084990958
287532,287539,288117,7,578,2,7200,1.01211072664
287534,287545,288095,11,550,2,7200,1.02
287562,287568,288120,6,552,2,7200,1.01086956522
287590,287596,288155,6,559,2,7200,1.01073345259
287606,287612,288183,6,571,2,7200,1.01050788091
287622,287628,288200,6,572,2,7200,1.01048951049
287637,287644,288162,7,518,2,7200,1.01351351351
287639,287650,288223,11,573,2,7200,1.01919720768
287664,287670,288230,6,560,2,7200,1.01071428571
287680,287686,288227,6,541,2,7200,1.01109057301
287695,287702,288275,7,573,2,7200,1.01221640489
287697,287708,288283,11,575,2,7200,1.01913043478
287713,287719,288265,6,546,2,7200,1.01098901099
287715,287726,288288,11,562,2,7200,1.01957295374
287730,287737,288304,7,567,2,7200,1.01234567901
287732,287743,288293,11,550,2,7200,1.02
287781,287788,288358,7,570,2,7200,1.01228070175
287810,287816,288383,6,567,2,7200,1.01058201058
287811,287823,288379,12,556,2,7200,1.02158273381
287827,287833,288407,6,574,2,7200,1.01045296167
287828,287839,288395,11,556,2,7200,1.01978417266
287848,287854,288430,6,576,2,7200,1.01041666667
287849,287860,288412,11,552,2,7200,1.01992753623
287871,287877,288449,6,572,2,7200,1.01048951049
287887,287893,288471,6,578,2,7200,1.01038062284
287902,287909,288453,7,544,2,7200,1.01286764706
287925,287931,288480,6,549,2,7200,1.01092896175
287926,287937,288531,11,594,2,7200,1.01851851852
287942,287948,288502,6,554,2,7200,1.01083032491
287944,287954,288472,10,518,2,7200,1.01930501931
287960,287966,288523,6,557,2,7200,1.01077199282
287961,287972,288534,11,562,2,7200,1.01957295374
287983,287989,288525,6,536,2,7200,1.01119402985
288002,288008,288588,6,580,2,7200,1.01034482759
288030,288036,288602,6,566,2,7200,1.01060070671
288032,288042,288605,10,563,2,7200,1.01776198934
288049,288055,288597,6,542,2,7200,1.0110701107
288065,288071,288651,6,580,2,7200,1.01034482759
288081,288087,288645,6,558,2,7200,1.01075268817
288096,288102,288679,6,577,2,7200,1.01039861352
288122,288128,288690,6,562,2,7200,1.01067615658
288123,288134,288682,11,548,2,7200,1.0200729927
288158,288164,288720,6,556,2,7200,1.01079136691
288173,288179,288748,6,569,2,7200,1.01054481547
288189,288194,288756,5,562,2,7200,1.00889679715
288204,288210,288782,6,572,2,7200,1.01048951049
288226,288232,288797,6,565,2,7200,1.01061946903
288242,288248,288769,6,521,2,7200,1.01151631478
288243,288254,288815,11,561,2,7200,1.01960784314
288268,288274,288826,6,552,2,7200,1.01086956522
288284,288290,288855,6,565,2,7200,1.01061946903
288285,288296,288863,11,567,2,7200,1.01940035273
288301,288307,288877,6,570,2,7200,1.01052631579
288302,288313,288882,11,569,2,7200,1.01933216169
288318,288324,288874,6,550,2,7200,1.01090909091
288359,288365,311240,6,22875,16,72000,1.00026229508
288361,288371,288933,10,562,2,7200,1.01779359431
288380,288386,288934,6,548,2,7200,1.01094890511
288396,288402,288952,6,550,2,7200,1.01090909091
288397,288408,288979,11,571,2,7200,1.01926444834
288414,288420,288992,6,572,2,7200,1.01048951049
288415,288426,288987,11,561,2,7200,1.01960784314
288422,288433,293487,11,5054,4,53400,1.00217649387
288434,288441,289004,7,563,2,7200,1.01243339254
288453,288460,289024,7,564,2,7200,1.01241134752
288455,288466,289022,11,556,2,7200,1.01978417266
288471,288539,311753,68,23214,16,72000,1.00292926682
288474,288480,289017,6,537,2,7200,1.01117318436
288476,288488,289069,12,581,2,7200,1.02065404475
288491,288497,289066,6,569,2,7200,1.01054481547
288507,288513,289081,6,568,2,7200,1.01056338028
288526,288533,289098,7,565,2,7200,1.01238938053
288527,288545,289051,18,506,2,7200,1.03557312253
288543,288551,289118,8,567,2,7200,1.01410934744
288544,288557,289111,13,554,2,7200,1.02346570397
288591,288597,289109,6,512,2,7200,1.01171875
288609,288615,289165,6,550,2,7200,1.01090909091
288610,288621,289180,11,559,2,7200,1.01967799642
288612,288627,289194,15,567,2,7200,1.02645502646
288649,288656,289225,7,569,2,7200,1.01230228471
288665,288671,289244,6,573,2,7200,1.01047120419
288681,288687,289227,6,540,2,7200,1.01111111111
288697,288703,289251,6,548,2,7200,1.01094890511
288698,288709,289258,11,549,2,7200,1.02003642987
288723,288729,289274,6,545,2,7200,1.01100917431
288751,288757,289328,6,571,2,7200,1.01050788091
288767,288773,289341,6,568,2,7200,1.01056338028
288782,288789,289357,7,568,2,7200,1.01232394366
288784,288795,289368,11,573,2,7200,1.01919720768
288800,288806,289372,6,566,2,7200,1.01060070671
288818,288824,289379,6,555,2,7200,1.01081081081
288834,288840,289408,6,568,2,7200,1.01056338028
288859,288865,289445,6,580,2,7200,1.01034482759
288875,288881,289447,6,566,2,7200,1.01060070671
288876,288887,289424,11,537,2,7200,1.02048417132
288892,288898,289446,6,548,2,7200,1.01094890511
288894,288904,289469,10,565,2,7200,1.01769911504
288937,288943,289484,6,541,2,7200,1.01109057301
288939,288949,289531,10,582,2,7200,1.01718213058
288954,288960,289523,6,563,2,7200,1.01065719361
288983,288989,289555,6,566,2,7200,1.01060070671
288998,289005,289542,7,537,2,7200,1.01303538175
289000,289011,289571,11,560,2,7200,1.01964285714
289016,289022,289579,6,557,2,7200,1.01077199282
289032,289038,289580,6,542,2,7200,1.0110701107
289033,289044,289622,11,578,2,7200,1.01903114187
289034,289050,289626,16,576,2,7200,1.02777777778
289053,289059,289604,6,545,2,7200,1.01100917431
289069,289075,289639,6,564,2,7200,1.01063829787
289085,289091,289602,6,511,2,7200,1.01174168297
289086,289097,289652,11,555,2,7200,1.01981981982
289101,289113,289130,12,17,1,72000,1.70588235294
289102,289107,289673,5,566,2,7200,1.00883392226
289118,289124,289679,6,555,2,7200,1.01081081081
289119,289130,289688,11,558,2,7200,1.01971326165
289135,289141,289696,6,555,2,7200,1.01081081081
289169,289175,289729,6,554,2,7200,1.01083032491
289184,289191,289745,7,554,2,7200,1.01263537906
289197,289203,309325,6,20122,1,144000,1.0002981811
289200,289209,289732,9,523,2,7200,1.017208413
289228,289235,289784,7,549,2,7200,1.01275045537
289230,289241,289805,11,564,2,7200,1.0195035461
289244,289250,289252,6,2,1,144000,1.0
289246,289256,289823,10,567,2,7200,1.0176366843
289261,289268,289836,7,568,2,7200,1.01232394366
289263,289274,289836,11,562,2,7200,1.01957295374
289278,289284,289841,6,557,2,7200,1.01077199282
289279,289290,311758,11,22468,1,144000,1.00048958519
289331,289337,289858,6,521,2,7200,1.01151631478
289341,289348,310931,7,21583,1,144000,1.00032432933
289347,289354,289898,7,544,2,7200,1.01286764706
289362,289368,289937,6,569,2,7200,1.01054481547
289378,289384,289947,6,563,2,7200,1.01065719361
289380,289390,289948,10,558,2,7200,1.01792114695
289396,289402,289978,6,576,2,7200,1.01041666667
289412,289418,289951,6,533,2,7200,1.01125703565
289427,289433,290007,6,574,2,7200,1.01045296167
289446,289542,721554,96,432012,20,432000,1.00022221605
289448,289454,289459,6,5,1,300,1.1
289450,289461,290028,11,567,2,7200,1.01940035273
289451,289467,290051,16,584,2,7200,1.02739726027
289452,289472,290034,20,562,2,7200,1.03558718861
289466,289747,721798,281,432051,20,432000,1.00065038618
289471,289478,290024,7,546,2,7200,1.01282051282
289483,289958,721971,475,432013,20,432000,1.00109950395
289487,289493,290053,6,560,2,7200,1.01071428571
289498,302934,734967,13436,432033,20,432000,1.0310994762
289523,289966,311580,443,21614,4,21600,1.02049597483
289527,289533,290082,6,549,2,7200,1.01092896175
289543,289550,290064,7,514,2,7200,1.01361867704
289544,289557,290128,13,571,2,7200,1.02276707531
289560,289567,290126,7,559,2,7200,1.01252236136
289576,289583,290151,7,568,2,7200,1.01232394366
289592,289598,290152,6,554,2,7200,1.01083032491
289593,289605,290159,12,554,2,7200,1.02166064982
289609,289616,290180,7,564,2,7200,1.01241134752
289611,289623,290173,12,550,2,7200,1.02181818182
289627,289651,290196,24,545,2,7200,1.04403669725
289628,289664,290200,36,536,2,7200,1.0671641791
289646,289686,290240,40,554,2,7200,1.07220216606
289661,289709,290268,48,559,2,7200,1.08586762075
289677,289741,290302,64,561,2,7200,1.11408199643
289693,289796,290345,103,549,2,7200,1.18761384335
289694,289990,290549,296,559,2,7200,1.52951699463
289710,290018,290576,308,558,2,7200,1.55197132616
289732,290036,290584,304,548,2,7200,1.55474452555
289748,290042,290618,294,576,2,7200,1.51041666667
289750,290049,290611,299,562,2,7200,1.53202846975
289787,290063,290646,276,583,2,7200,1.47341337907
289803,290070,290620,267,550,2,7200,1.48545454545
289829,290077,290635,248,558,2,7200,1.44444444444
289845,290094,290660,249,566,2,7200,1.43992932862
289846,290137,290698,291,561,2,7200,1.51871657754
289848,290144,290697,296,553,2,7200,1.53526220615
289864,290163,290716,299,553,2,7200,1.54068716094
289901,290169,290720,268,551,2,7200,1.48638838475
289941,290176,290711,235,535,2,7200,1.43925233645
289957,290185,290747,228,562,2,7200,1.40569395018
289958,290193,290745,235,552,2,7200,1.42572463768
289960,290207,290789,247,582,2,7200,1.42439862543
289982,290214,290765,232,551,2,7200,1.42105263158
290010,290252,290811,242,559,2,7200,1.43291592129
290029,290279,290845,250,566,2,7200,1.44169611307
290030,290314,290876,284,562,2,7200,1.50533807829
290046,290357,290904,311,547,2,7200,1.56855575868
290062,290561,291103,499,542,2,7200,1.92066420664
290063,290589,291151,526,562,2,7200,1.9359430605
290079,290596,291142,517,546,2,7200,1.94688644689
290082,314298,356927,24216,42629,4,172800,1.56806399399
290095,290622,291191,527,569,2,7200,1.92618629174
290129,290629,291183,500,554,2,7200,1.90252707581
290131,290635,291206,504,571,2,7200,1.8826619965
290153,290646,291222,493,576,2,7200,1.85590277778
290154,290657,291220,503,563,2,7200,1.89342806394
290170,290671,291233,501,562,2,7200,1.89145907473
290185,290709,291274,524,565,2,7200,1.92743362832
290187,290715,291225,528,510,2,7200,2.03529411765
290203,290723,291252,520,529,2,7200,1.98298676749
290204,290730,291243,526,513,2,7200,2.0253411306
290242,290737,291282,495,545,2,7200,1.90825688073
290270,290756,291308,486,552,2,7200,1.88043478261
290304,290763,291314,459,551,2,7200,1.83303085299
290348,290777,291337,429,560,2,7200,1.76607142857
290553,290802,291368,249,566,2,7200,1.43992932862
290578,290823,291393,245,570,2,7200,1.4298245614
290594,290857,291415,263,558,2,7200,1.47132616487
290596,311732,311953,21136,221,1,144000,96.6380090498
290612,290888,291450,276,562,2,7200,1.49110320285
290628,290915,291461,287,546,2,7200,1.52564102564
290630,291115,291676,485,561,2,7200,1.86452762923
290645,291154,291713,509,559,2,7200,1.91055456172
290661,291162,291729,501,567,2,7200,1.8835978836
290662,291194,291723,532,529,2,7200,2.0056710775
290700,291203,291776,503,573,2,7200,1.87783595113
290701,291217,291784,516,567,2,7200,1.91005291005
290717,291231,291782,514,551,2,7200,1.93284936479
290719,291238,291798,519,560,2,7200,1.92678571429
290734,291243,291801,509,558,2,7200,1.91218637993
290750,291249,291798,499,549,2,7200,1.90892531876
290752,291256,291820,504,564,2,7200,1.89361702128
290767,291263,291819,496,556,2,7200,1.89208633094
290792,291286,291854,494,568,2,7200,1.86971830986
290814,291294,291842,480,548,2,7200,1.87591240876
290848,291319,291848,471,529,2,7200,1.89035916824
290879,291326,291887,447,561,2,7200,1.79679144385
290908,291348,291919,440,571,2,7200,1.77057793345
291040,326695,351642,35655,24947,4,72000,2.42922996753
291107,291379,291927,272,548,2,7200,1.49635036496
291144,291404,291968,260,564,2,7200,1.4609929078
291153,336109,372197,44956,36088,4,72000,2.24573265351
291160,291428,291999,268,571,2,7200,1.46935201401
291168,336115,367971,44947,31856,4,72000,2.41094299347
291184,291461,292030,277,569,2,7200,1.48681898067
291184,336120,366410,44936,30290,4,72000,2.48352591614
291200,291473,292028,273,555,2,7200,1.49189189189
291216,291687,292230,471,543,2,7200,1.86740331492
291232,291724,292287,492,563,2,7200,1.87388987567
291233,291735,292251,502,516,2,7200,1.97286821705
291234,291741,292292,507,551,2,7200,1.92014519056
291250,291788,292362,538,574,2,7200,1.93728222997
291252,291795,292362,543,567,2,7200,1.95767195767
291267,291800,292336,533,536,2,7200,1.99440298507
291272,304303,395184,13031,90881,16,108000,1.14338530606
291283,291809,292369,526,560,2,7200,1.93928571429
291284,291814,292368,530,554,2,7200,1.95667870036
291309,291822,292393,513,571,2,7200,1.89842381786
291325,291831,292396,506,565,2,7200,1.89557522124
291340,291837,292400,497,563,2,7200,1.88277087034
291371,291854,292418,483,564,2,7200,1.85638297872
291396,291860,292427,464,567,2,7200,1.81834215168
291418,291867,292433,449,566,2,7200,1.79328621908
291452,291898,292445,446,547,2,7200,1.81535648995
291468,291930,292477,462,547,2,7200,1.84460694698
291479,311532,379470,20053,67938,16,108000,1.29516618093
291679,291938,292461,259,523,2,7200,1.49521988528
291716,291979,292551,263,572,2,7200,1.45979020979
291732,292010,292573,278,563,2,7200,1.49378330373
291733,292041,292607,308,566,2,7200,1.54416961131
291779,292047,292630,268,583,2,7200,1.45969125214
291795,292158,292734,363,576,2,7200,1.63020833333
291796,292164,292733,368,569,2,7200,1.6467486819
291813,292242,292802,429,560,2,7200,1.76607142857
291814,292263,292842,449,579,2,7200,1.77547495682
291815,292298,292865,483,567,2,7200,1.85185185185
291831,292305,292877,474,572,2,7200,1.82867132867
291832,292348,292914,516,566,2,7200,1.91166077739
291848,292374,292938,526,564,2,7200,1.93262411348
291864,292379,292949,515,570,2,7200,1.90350877193
291865,292386,292931,521,545,2,7200,1.95596330275
291890,292391,292957,501,566,2,7200,1.8851590106
291921,292404,292972,483,568,2,7200,1.85035211268
291937,292411,292978,474,567,2,7200,1.83597883598
291971,292418,292990,447,572,2,7200,1.78146853147
292002,292430,292987,428,557,2,7200,1.7684021544
292030,292439,293002,409,563,2,7200,1.72646536412
292046,292446,293005,400,559,2,7200,1.71556350626
292233,292457,293022,224,565,2,7200,1.39646017699
292255,292473,293017,218,544,2,7200,1.40073529412
292289,292490,293061,201,571,2,7200,1.35201401051
292304,292563,293114,259,551,2,7200,1.47005444646
292329,312158,324034,19829,11876,16,72000,2.66966992253
292338,292585,293148,247,563,2,7200,1.43872113677
292363,292620,293182,257,562,2,7200,1.45729537367
292365,292643,293194,278,551,2,7200,1.50453720508
292381,292745,293315,364,570,2,7200,1.63859649123
292382,292752,293285,370,533,2,7200,1.69418386492
292385,312665,323709,20280,11044,16,72000,2.83629119884
292398,292814,293377,416,563,2,7200,1.73889875666
292400,292854,293405,454,551,2,7200,1.82395644283
292415,292876,293437,461,561,2,7200,1.82174688057
292431,292889,293461,458,572,2,7200,1.8006993007
292433,292926,293488,493,562,2,7200,1.87722419929
292449,292943,293474,494,531,2,7200,1.93032015066
292450,292950,293508,500,558,2,7200,1.89605734767
292466,292962,293514,496,552,2,7200,1.89855072464
292481,292969,293523,488,554,2,7200,1.88086642599
292532,313747,326147,21215,12400,16,72000,2.71088709677
292555,292984,293545,429,561,2,7200,1.76470588235
292577,292996,293558,419,562,2,7200,1.74555160142
292611,293003,293563,392,560,2,7200,1.7
292633,293008,293580,375,572,2,7200,1.65559440559
292738,293015,293584,277,569,2,7200,1.48681898067
292740,293022,293583,282,561,2,7200,1.50267379679
292759,314708,337078,21949,22370,16,108000,1.98118015199
292804,293028,293598,224,570,2,7200,1.39298245614
292834,317213,336098,24379,18885,16,108000,2.29091871856
292845,293034,293596,189,562,2,7200,1.33629893238
292867,293073,293641,206,568,2,7200,1.36267605634
292882,293126,293681,244,555,2,7200,1.43963963964
292916,293160,293728,244,568,2,7200,1.42957746479
292935,293194,293760,259,566,2,7200,1.45759717314
292951,293206,293775,255,569,2,7200,1.44815465729
292952,293297,293873,345,576,2,7200,1.59895833333
292968,293327,293886,359,559,2,7200,1.64221824687
292984,293389,293945,405,556,2,7200,1.72841726619
292985,293417,293988,432,571,2,7200,1.75656742557
293002,293449,294013,447,564,2,7200,1.79255319149
293003,293473,294034,470,561,2,7200,1.83778966132
293004,293486,294036,482,550,2,7200,1.87636363636
293020,293509,294059,489,550,2,7200,1.88909090909
293022,293514,294080,492,566,2,7200,1.86925795053
293038,293519,294086,481,567,2,7200,1.84832451499
293063,293526,294091,463,565,2,7200,1.81946902655
293118,293531,294104,413,573,2,7200,1.72076788831
293149,293544,294116,395,572,2,7200,1.69055944056
293184,293557,294129,373,572,2,7200,1.6520979021
293199,293570,294124,371,554,2,7200,1.66967509025
293288,293577,294137,289,560,2,7200,1.51607142857
293316,293593,294156,277,563,2,7200,1.4920071048
293359,319195,319196,25836,1,1,259200,2583.7
293381,293600,294152,219,552,2,7200,1.39673913043
293409,293605,294174,196,569,2,7200,1.34446397188
293440,293612,294187,172,575,2,7200,1.29913043478
293465,293617,294194,152,577,2,7200,1.26343154246
293481,293653,294196,172,543,2,7200,1.3167587477
293496,293694,294262,198,568,2,7200,1.3485915493
293512,293740,294303,228,563,2,7200,1.40497335702
293529,293772,294291,243,519,2,7200,1.46820809249
293530,293787,294353,257,566,2,7200,1.45406360424
293549,293885,294435,336,550,2,7200,1.61090909091
293565,293898,294443,333,545,2,7200,1.61100917431
293566,293957,294519,391,562,2,7200,1.69572953737
293582,294000,294575,418,575,2,7200,1.72695652174
293599,294025,294582,426,557,2,7200,1.76481149013
293600,294046,294599,446,553,2,7200,1.80650994575
293601,294053,294620,452,567,2,7200,1.79717813051
293603,294071,294642,468,571,2,7200,1.81961471103
293644,294092,294668,448,576,2,7200,1.77777777778
293684,294099,294638,415,539,2,7200,1.76994434137
293730,294105,294634,375,529,2,7200,1.70888468809
293762,294116,294667,354,551,2,7200,1.64246823956
293777,294128,294673,351,545,2,7200,1.64403669725
293876,294136,294704,260,568,2,7200,1.45774647887
293891,294143,294696,252,553,2,7200,1.45569620253
293947,294150,294714,203,564,2,7200,1.35992907801
293990,294164,294721,174,557,2,7200,1.31238779174
294015,294171,294739,156,568,2,7200,1.27464788732
294037,294186,294751,149,565,2,7200,1.26371681416
294038,294199,294758,161,559,2,7200,1.28801431127
294063,294206,294752,143,546,2,7200,1.2619047619
294082,294213,294762,131,549,2,7200,1.23861566485
294097,294274,294790,177,516,2,7200,1.34302325581
294099,294304,294871,205,567,2,7200,1.36155202822
294115,294315,294899,200,584,2,7200,1.34246575342
294131,294365,294933,234,568,2,7200,1.41197183099
294133,294447,295008,314,561,2,7200,1.55971479501
294134,294456,295027,322,571,2,7200,1.56392294221
294150,294531,295079,381,548,2,7200,1.69525547445
294166,294588,295159,422,571,2,7200,1.73905429072
294168,294595,295149,427,554,2,7200,1.77075812274
294183,294612,295173,429,561,2,7200,1.76470588235
294199,294632,295191,433,559,2,7200,1.77459749553
294201,294646,295199,445,553,2,7200,1.80470162749
294202,294653,295227,451,574,2,7200,1.78571428571
294264,294659,295208,395,549,2,7200,1.71948998179
294295,294679,295238,384,559,2,7200,1.68694096601
294311,294686,295257,375,571,2,7200,1.65674255692
294357,294691,295250,334,559,2,7200,1.59749552773
294437,294708,295273,271,565,2,7200,1.4796460177
294452,294716,295255,264,539,2,7200,1.48979591837
294523,294727,295290,204,563,2,7200,1.36234458259
294579,294734,295309,155,575,2,7200,1.26956521739
294594,294751,295304,157,553,2,7200,1.28390596745
294610,294763,295330,153,567,2,7200,1.26984126984
294625,294770,295336,145,566,2,7200,1.25618374558
294641,294775,295319,134,544,2,7200,1.24632352941
294643,294782,295328,139,546,2,7200,1.25457875458
294658,294802,295332,144,530,2,7200,1.27169811321
294674,294884,295437,210,553,2,7200,1.37974683544
294675,294910,295475,235,565,2,7200,1.41592920354
294677,294945,295509,268,564,2,7200,1.47517730496
294699,295020,295572,321,552,2,7200,1.58152173913
294715,295038,295613,323,575,2,7200,1.56173913043
294730,295091,295668,361,577,2,7200,1.62564991334
294732,295161,295725,429,564,2,7200,1.76063829787
294747,295171,295740,424,569,2,7200,1.74516695958
294764,295185,295748,421,563,2,7200,1.74777975133
294765,295203,295720,438,517,2,7200,1.84719535783
294767,295210,295754,443,544,2,7200,1.81433823529
294768,295219,295777,451,558,2,7200,1.8082437276
294793,295238,295795,445,557,2,7200,1.79892280072
294874,295250,295818,376,568,2,7200,1.66197183099
294902,295262,295824,360,562,2,7200,1.64056939502
294936,295268,295823,332,555,2,7200,1.5981981982
295010,295273,295833,263,560,2,7200,1.46964285714
295029,295285,295860,256,575,2,7200,1.4452173913
295081,295302,295859,221,557,2,7200,1.39676840215
295152,295315,295854,163,539,2,7200,1.30241187384
295167,295323,295871,156,548,2,7200,1.28467153285
295183,295332,295888,149,556,2,7200,1.26798561151
295199,295340,295905,141,565,2,7200,1.24955752212
295201,295347,295896,146,549,2,7200,1.26593806922
295216,295352,295930,136,578,2,7200,1.23529411765
295232,295358,295928,126,570,2,7200,1.22105263158
295248,295449,295989,201,540,2,7200,1.37222222222
295264,295487,296051,223,564,2,7200,1.39539007092
295265,295521,296076,256,555,2,7200,1.46126126126
295267,295585,296158,318,573,2,7200,1.55497382199
295282,295625,296175,343,550,2,7200,1.62363636364
295298,295680,296234,382,554,2,7200,1.68953068592
295313,295732,296279,419,547,2,7200,1.76599634369
295315,295738,296287,423,549,2,7200,1.77049180328
295331,295752,296317,421,565,2,7200,1.74513274336
295332,295759,296321,427,562,2,7200,1.75978647687
295334,295767,296304,433,537,2,7200,1.80633147114
295350,295789,296362,439,573,2,7200,1.76614310646
295351,295806,296373,455,567,2,7200,1.8024691358
295441,295830,296387,389,557,2,7200,1.69838420108
295478,295837,296366,359,529,2,7200,1.6786389414
295512,295842,296412,330,570,2,7200,1.57894736842
295574,295849,296411,275,562,2,7200,1.48932384342
295617,295866,296408,249,542,2,7200,1.4594095941
295669,295873,296435,204,562,2,7200,1.36298932384
295722,295878,296443,156,565,2,7200,1.27610619469
295738,295885,296446,147,561,2,7200,1.26203208556
295754,295899,296463,145,564,2,7200,1.25709219858
295755,295908,296470,153,562,2,7200,1.27224199288
295756,295921,296468,165,547,2,7200,1.30164533821
295778,295941,296503,163,562,2,7200,1.29003558719
295797,295948,296524,151,576,2,7200,1.26215277778
295824,296001,296571,177,570,2,7200,1.31052631579
295825,296063,296621,238,558,2,7200,1.42652329749
295841,296088,296651,247,563,2,7200,1.43872113677
295842,296170,296721,328,551,2,7200,1.59528130672
295858,296187,296767,329,580,2,7200,1.56724137931
295875,296246,296833,371,587,2,7200,1.63202725724
295876,296290,296846,414,556,2,7200,1.74460431655
295878,296298,296871,420,573,2,7200,1.73298429319
295893,296316,296875,423,559,2,7200,1.75670840787
295909,296330,296880,421,550,2,7200,1.76545454545
295911,296336,296906,425,570,2,7200,1.74561403509
295930,296374,296950,444,576,2,7200,1.77083333333
295931,296381,296946,450,565,2,7200,1.79646017699
295993,296388,296959,395,571,2,7200,1.69176882662
296050,302683,302712,6633,29,1,300,229.724137931
296052,296400,296937,348,537,2,7200,1.64804469274
296077,296423,296977,346,554,2,7200,1.62454873646
296160,296428,297011,268,583,2,7200,1.45969125214
296168,302689,302690,6521,1,1,1800,652.2
296179,296435,297003,256,568,2,7200,1.45070422535
296238,296447,297016,209,569,2,7200,1.36731107206
296281,296455,297028,174,573,2,7200,1.30366492147
296296,296462,297026,166,564,2,7200,1.29432624113
296312,296475,297033,163,558,2,7200,1.29211469534
296328,296481,297040,153,559,2,7200,1.27370304114
296329,296487,297042,158,555,2,7200,1.28468468468
296363,296515,297066,152,551,2,7200,1.27586206897
296379,296536,297076,157,540,2,7200,1.29074074074
296380,296585,297159,205,574,2,7200,1.35714285714
296396,296633,297182,237,549,2,7200,1.43169398907
296412,296664,297241,252,577,2,7200,1.43674176776
296413,296734,297295,321,561,2,7200,1.57219251337
296430,296779,297344,349,565,2,7200,1.61769911504
296446,296845,297406,399,561,2,7200,1.71122994652
296447,296858,297424,411,566,2,7200,1.72614840989
296463,296883,297432,420,549,2,7200,1.7650273224
296465,296890,297456,425,566,2,7200,1.75088339223
296481,296896,297467,415,571,2,7200,1.72679509632
296482,296918,297473,436,555,2,7200,1.78558558559
296504,296950,297518,446,568,2,7200,1.78521126761
296526,296958,297494,432,536,2,7200,1.80597014925
296575,296966,297528,391,562,2,7200,1.69572953737
296625,296973,297534,348,561,2,7200,1.62032085561
296653,296989,297545,336,556,2,7200,1.60431654676
296724,297016,297579,292,563,2,7200,1.51865008881
296771,297023,297508,252,485,2,7200,1.51958762887
296835,297029,297595,194,566,2,7200,1.34275618375
296851,297038,297588,187,550,2,7200,1.34
296873,297044,297599,171,555,2,7200,1.30810810811
296888,297050,297616,162,566,2,7200,1.28621908127
296890,297057,297618,167,561,2,7200,1.29768270945
296909,297063,297609,154,546,2,7200,1.28205128205
296940,297078,297638,138,560,2,7200,1.24642857143
296955,297088,297668,133,580,2,7200,1.22931034483
296957,297170,297749,213,579,2,7200,1.36787564767
296972,297194,297761,222,567,2,7200,1.39153439153
296988,297253,297801,265,548,2,7200,1.48357664234
297007,297302,297867,295,565,2,7200,1.52212389381
297023,297309,297878,286,569,2,7200,1.50263620387
297024,297356,297893,332,537,2,7200,1.61824953445
297041,297418,297988,377,570,2,7200,1.66140350877
297042,297436,297946,394,510,2,7200,1.77254901961
297044,297444,298001,400,557,2,7200,1.71813285458
297045,297468,298032,423,564,2,7200,1.75
297061,297479,298044,418,565,2,7200,1.73982300885
297077,297486,298043,409,557,2,7200,1.73429084381
297079,297506,298071,427,565,2,7200,1.75575221239
297162,297521,298042,359,521,2,7200,1.68905950096
297184,297530,298093,346,563,2,7200,1.61456483126
297243,297540,298099,297,559,2,7200,1.5313059034
297299,297547,298106,248,559,2,7200,1.44364937388
297348,297557,298111,209,554,2,7200,1.37725631769
297410,297591,298163,181,572,2,7200,1.31643356643
297425,297600,298168,175,568,2,7200,1.30809859155
297441,297606,298142,165,536,2,7200,1.3078358209
297460,297613,298185,153,572,2,7200,1.26748251748
297476,297625,298184,149,559,2,7200,1.26654740608
297478,297632,298190,154,558,2,7200,1.27598566308
297497,297637,298203,140,566,2,7200,1.24734982332
297512,297650,298214,138,564,2,7200,1.24468085106
297528,297680,298246,152,566,2,7200,1.26855123675
297529,297761,298313,232,552,2,7200,1.42028985507
297546,297773,298349,227,576,2,7200,1.39409722222
297547,297813,298357,266,544,2,7200,1.48897058824
297581,297879,298448,298,569,2,7200,1.5237258348
297597,297890,298455,293,565,2,7200,1.5185840708
297599,297906,298469,307,563,2,7200,1.54529307282
297616,297957,298518,341,561,2,7200,1.60784313725
297617,298001,298559,384,558,2,7200,1.68817204301
297633,298013,298571,380,558,2,7200,1.68100358423
297634,298044,298607,410,563,2,7200,1.72824156306
297650,298054,298607,404,553,2,7200,1.73056057866
297672,298061,298631,389,570,2,7200,1.68245614035
297753,298066,298628,313,562,2,7200,1.55693950178
297768,298083,298648,315,565,2,7200,1.55752212389
297803,298105,298669,302,564,2,7200,1.53546099291
297871,298112,298650,241,538,2,7200,1.44795539033
297887,298118,298674,231,556,2,7200,1.4154676259
297902,298125,298687,223,562,2,7200,1.39679715302
297949,298154,298702,205,548,2,7200,1.37408759124
297992,298174,298740,182,566,2,7200,1.32155477032
298007,298182,298719,175,537,2,7200,1.32588454376
298032,298196,298745,164,549,2,7200,1.29872495446
298049,298203,298754,154,551,2,7200,1.27949183303
298050,298208,298766,158,558,2,7200,1.28315412186
298052,298214,298777,162,563,2,7200,1.28774422735
298074,298227,298760,153,533,2,7200,1.28705440901
298096,298258,298822,162,564,2,7200,1.28723404255
298112,298325,298870,213,545,2,7200,1.39082568807
298113,298361,298915,248,554,2,7200,1.4476534296
298115,298369,298945,254,576,2,7200,1.44097222222
298146,298461,299025,315,564,2,7200,1.5585106383
298165,298468,299040,303,572,2,7200,1.52972027972
298180,298482,299043,302,561,2,7200,1.53832442068
298196,298530,299096,334,566,2,7200,1.59010600707
298198,298571,299125,373,554,2,7200,1.67328519856
298199,298583,299128,384,545,2,7200,1.70458715596
298215,298620,299179,405,559,2,7200,1.72450805009
298216,298625,299162,409,537,2,7200,1.76163873371
298251,298639,299205,388,566,2,7200,1.68551236749
298316,298647,299222,331,575,2,7200,1.57565217391
298353,298659,299215,306,556,2,7200,1.55035971223
298369,298667,299218,298,551,2,7200,1.54083484574
298372,301986,303723,3614,1737,2,7200,3.08059873345
298452,298681,299255,229,574,2,7200,1.39895470383
298468,298688,299246,220,558,2,7200,1.39426523297
298483,298699,299257,216,558,2,7200,1.38709677419
298521,298718,299266,197,548,2,7200,1.35948905109
298561,298731,299281,170,550,2,7200,1.30909090909
298577,298753,299294,176,541,2,7200,1.32532347505
298611,298759,299332,148,573,2,7200,1.25828970332
298612,298766,299331,154,565,2,7200,1.27256637168
298631,298773,299353,142,580,2,7200,1.24482758621
298633,298780,299312,147,532,2,7200,1.27631578947
298652,298789,299353,137,564,2,7200,1.24290780142
298653,298834,299399,181,565,2,7200,1.3203539823
298665,318500,354524,19835,36024,4,36000,1.55060515212
298672,298882,299425,210,543,2,7200,1.38674033149
298688,298889,299444,201,555,2,7200,1.36216216216
298689,298927,299496,238,569,2,7200,1.41827768014
298705,298957,299533,252,576,2,7200,1.4375
298721,299037,299600,316,563,2,7200,1.56127886323
298743,299051,299623,308,572,2,7200,1.53846153846
298759,299058,299627,299,569,2,7200,1.52548330404
298760,299108,299646,348,538,2,7200,1.6468401487
298776,299138,299708,362,570,2,7200,1.6350877193
298778,299145,299705,367,560,2,7200,1.65535714286
298793,299174,299700,381,526,2,7200,1.72433460076
298824,299191,299758,367,567,2,7200,1.64726631393
298871,299217,299778,346,561,2,7200,1.61675579323
298918,299227,299754,309,527,2,7200,1.58633776091
298946,299233,299795,287,562,2,7200,1.51067615658
299029,299239,299798,210,559,2,7200,1.37567084079
299045,299258,299835,213,577,2,7200,1.3691507799
299046,299268,299853,222,585,2,7200,1.37948717949
299099,299275,299838,176,563,2,7200,1.31261101243
299127,299282,299846,155,564,2,7200,1.27482269504
299143,299294,299862,151,568,2,7200,1.26584507042
299154,312544,314978,13390,2434,2,14400,6.50123253903
299165,299306,299878,141,572,2,7200,1.2465034965
299180,299324,299890,144,566,2,7200,1.25441696113
299209,299343,299909,134,566,2,7200,1.23674911661
299225,299350,299897,125,547,2,7200,1.22851919561
299226,299364,299940,138,576,2,7200,1.23958333333
299228,299370,299932,142,562,2,7200,1.25266903915
299250,299412,299980,162,568,2,7200,1.28521126761
299266,299436,299998,170,562,2,7200,1.3024911032
299267,299456,300040,189,584,2,7200,1.32363013699
299268,299508,300078,240,570,2,7200,1.42105263158
299285,299545,300089,260,544,2,7200,1.47794117647
299300,299612,300170,312,558,2,7200,1.55913978495
299316,299636,300213,320,577,2,7200,1.55459272097
299335,299643,300174,308,531,2,7200,1.58003766478
299336,299658,300231,322,573,2,7200,1.56195462478
299355,299712,300276,357,564,2,7200,1.6329787234
299356,299719,300286,363,567,2,7200,1.64021164021
299403,299726,300293,323,567,2,7200,1.569664903
299428,299766,300339,338,573,2,7200,1.58987783595
299447,299773,300344,326,571,2,7200,1.57092819615
299499,299790,300329,291,539,2,7200,1.53988868275
299537,299807,300328,270,521,2,7200,1.51823416507
299601,299813,300367,212,554,2,7200,1.38267148014
299626,299848,300423,222,575,2,7200,1.38608695652
299642,299855,300413,213,558,2,7200,1.38172043011
299658,299862,300424,204,562,2,7200,1.36298932384
299704,299869,300435,165,566,2,7200,1.29151943463
299720,299876,300430,156,554,2,7200,1.28158844765
299722,299890,300451,168,561,2,7200,1.29946524064
299759,299902,300463,143,561,2,7200,1.25490196078
299760,299909,300473,149,564,2,7200,1.26418439716
299782,299921,300469,139,548,2,7200,1.25364963504
299798,299944,300480,146,536,2,7200,1.2723880597
299814,299953,300533,139,580,2,7200,1.23965517241
299839,299993,300558,154,565,2,7200,1.27256637168
299840,300011,300565,171,554,2,7200,1.30866425993
299856,300052,300625,196,573,2,7200,1.34205933682
299858,300090,300652,232,562,2,7200,1.4128113879
299873,300101,300671,228,570,2,7200,1.4
299889,300182,300750,293,568,2,7200,1.51584507042
299905,300189,300752,284,563,2,7200,1.50444049734
299906,300225,300804,319,579,2,7200,1.55094991364
299922,300243,300811,321,568,2,7200,1.56514084507
299938,300288,300851,350,563,2,7200,1.621669627
299954,300298,300831,344,533,2,7200,1.64540337711
299982,300305,300866,323,561,2,7200,1.57575757576
300000,300340,300903,340,563,2,7200,1.60390763766
300044,300346,300911,302,565,2,7200,1.53451327434
300081,300353,300910,272,557,2,7200,1.48833034111
300097,300361,300907,264,546,2,7200,1.48351648352
300174,300379,300947,205,568,2,7200,1.36091549296
300176,300426,300992,250,566,2,7200,1.44169611307
300216,300435,300982,219,547,2,7200,1.40036563071
300235,300441,301000,206,559,2,7200,1.36851520572
300278,300446,301019,168,573,2,7200,1.29319371728
300294,300454,301021,160,567,2,7200,1.28218694885
300295,300464,301013,169,549,2,7200,1.30783242259
300330,300475,301045,145,570,2,7200,1.25438596491
300331,300482,301052,151,570,2,7200,1.2649122807
300347,300490,301051,143,561,2,7200,1.25490196078
300349,300497,301051,148,554,2,7200,1.26714801444
300371,300546,301105,175,559,2,7200,1.31305903399
300417,300570,301093,153,523,2,7200,1.29254302103
300433,300577,301136,144,559,2,7200,1.25760286225
300435,300637,301206,202,569,2,7200,1.35500878735
300436,300665,301213,229,548,2,7200,1.41788321168
300452,300683,301227,231,544,2,7200,1.42463235294
300453,300762,301322,309,560,2,7200,1.55178571429
300470,300769,301347,299,578,2,7200,1.51730103806
300471,300816,301379,345,563,2,7200,1.61278863233
300487,300824,301365,337,541,2,7200,1.62292051756
300488,300843,301404,355,561,2,7200,1.63279857398
300535,300863,301434,328,571,2,7200,1.57443082312
300560,300878,301433,318,555,2,7200,1.57297297297
300575,300916,301474,341,558,2,7200,1.61111111111
300622,300923,301498,301,575,2,7200,1.52347826087
300655,300928,301508,273,580,2,7200,1.47068965517
300674,300933,301495,259,562,2,7200,1.46085409253
300751,300959,301528,208,569,2,7200,1.36555360281
300767,300994,301561,227,567,2,7200,1.40035273369
300807,301003,301565,196,562,2,7200,1.3487544484
300823,301012,301578,189,566,2,7200,1.33392226148
300838,301025,301580,187,555,2,7200,1.33693693694
300854,301032,301600,178,568,2,7200,1.31338028169
300870,301038,301598,168,560,2,7200,1.3
300907,301058,301600,151,542,2,7200,1.27859778598
300923,301065,301627,142,562,2,7200,1.25266903915
300925,301070,301621,145,551,2,7200,1.26315789474
300926,301076,301621,150,545,2,7200,1.2752293578
300948,301105,301669,157,564,2,7200,1.27836879433
300985,301117,301668,132,551,2,7200,1.23956442831
301001,301148,301710,147,562,2,7200,1.2615658363
301002,301218,301774,216,556,2,7200,1.38848920863
301019,301226,301788,207,562,2,7200,1.36832740214
301035,301239,301779,204,540,2,7200,1.37777777778
301036,301334,301903,298,569,2,7200,1.5237258348
301053,301360,301914,307,554,2,7200,1.55415162455
301054,301377,301932,323,555,2,7200,1.58198198198
301056,301391,301974,335,583,2,7200,1.57461406518
301057,301417,301980,360,563,2,7200,1.63943161634
301095,301445,302009,350,564,2,7200,1.62056737589
301111,301451,301996,340,545,2,7200,1.62385321101
301139,301486,302015,347,529,2,7200,1.65595463138
301207,301507,302071,300,564,2,7200,1.53191489362
301223,301514,302077,291,563,2,7200,1.51687388988
301238,301521,302088,283,567,2,7200,1.49911816578
301326,301540,302087,214,547,2,7200,1.39122486289
301351,301573,302106,222,533,2,7200,1.41651031895
301366,301580,302150,214,570,2,7200,1.37543859649
301382,301590,302155,208,565,2,7200,1.36814159292
301407,301597,302163,190,566,2,7200,1.33568904594
301435,301610,302181,175,571,2,7200,1.30647985989
301437,301617,302174,180,557,2,7200,1.32315978456
301477,301622,302190,145,568,2,7200,1.25528169014
301496,301633,302197,137,564,2,7200,1.24290780142
301512,301639,302208,127,569,2,7200,1.22319859402
301514,301644,302217,130,573,2,7200,1.22687609075
301529,301679,302225,150,546,2,7200,1.27472527473
301563,301687,302227,124,540,2,7200,1.22962962963
301580,301722,302303,142,581,2,7200,1.24440619621
301581,301786,302343,205,557,2,7200,1.36804308797
301597,301793,302326,196,533,2,7200,1.36772983114
301613,301799,302352,186,553,2,7200,1.33634719711
301614,301916,302453,302,537,2,7200,1.56238361266
301616,301926,302480,310,554,2,7200,1.559566787
301632,301945,302507,313,562,2,7200,1.55693950178
301633,301993,302556,360,563,2,7200,1.63943161634
301634,302008,302543,374,535,2,7200,1.69906542056
301672,302021,302570,349,549,2,7200,1.63570127505
301673,302027,302587,354,560,2,7200,1.63214285714
301714,302083,302654,369,571,2,7200,1.64623467601
301776,302089,302654,313,565,2,7200,1.55398230088
301792,302099,302667,307,568,2,7200,1.54049295775
301793,302104,302677,311,573,2,7200,1.5427574171
301883,302678,302686,795,8,1,3600,80.3
301907,302118,302671,211,553,2,7200,1.38155515371
301923,302162,302736,239,574,2,7200,1.41637630662
301938,302169,302741,231,572,2,7200,1.40384615385
301976,302175,302703,199,528,2,7200,1.37689393939
301991,302186,302755,195,569,2,7200,1.34270650264
302007,302192,302749,185,557,2,7200,1.33213644524
302023,302203,302761,180,558,2,7200,1.32258064516
302025,302209,302764,184,555,2,7200,1.33153153153
302074,302220,302784,146,564,2,7200,1.25886524823
302090,302228,302784,138,556,2,7200,1.24820143885
302092,302237,302804,145,567,2,7200,1.2557319224
302093,302244,302805,151,561,2,7200,1.26916221034
302109,302315,302883,206,568,2,7200,1.36267605634
302152,302338,302903,186,565,2,7200,1.32920353982
302168,302359,302922,191,563,2,7200,1.33925399645
302170,302367,302941,197,574,2,7200,1.34320557491
302186,302464,303047,278,583,2,7200,1.47684391081
302187,302492,303046,305,554,2,7200,1.55054151625
302203,302519,303082,316,563,2,7200,1.56127886323
302204,302556,303110,352,554,2,7200,1.63537906137
302220,302569,303132,349,563,2,7200,1.61989342806
302222,302582,303155,360,573,2,7200,1.62827225131
302237,302599,303163,362,564,2,7200,1.64184397163
302239,302666,303222,427,556,2,7200,1.76798561151
302304,302671,303244,367,573,2,7200,1.6404886562
302329,302696,303265,367,569,2,7200,1.64499121265
302345,302701,303261,356,560,2,7200,1.63571428571
302360,302715,303268,355,553,2,7200,1.64195298373
302456,302748,303315,292,567,2,7200,1.51499118166
302481,302760,303289,279,529,2,7200,1.52741020794
302509,302767,303338,258,571,2,7200,1.45183887916
302547,302772,303311,225,539,2,7200,1.41743970315
302562,302779,303339,217,560,2,7200,1.3875
302578,302784,303337,206,553,2,7200,1.37251356239
302594,302795,303357,201,562,2,7200,1.35765124555
302656,302800,303358,144,558,2,7200,1.25806451613
302657,302816,303364,159,548,2,7200,1.2901459854
302673,302832,303398,159,566,2,7200,1.28091872792
302675,302895,303461,220,566,2,7200,1.38869257951
302690,302916,303488,226,572,2,7200,1.3951048951
302706,302953,303531,247,578,2,7200,1.42733564014
302737,303059,303615,322,556,2,7200,1.57913669065
302753,303064,303641,311,577,2,7200,1.53899480069
302754,303094,303653,340,559,2,7200,1.60822898032
302770,303121,303678,351,557,2,7200,1.63016157989
302772,303144,303715,372,571,2,7200,1.65148861646
302773,303167,303739,394,572,2,7200,1.68881118881
302789,303175,303711,386,536,2,7200,1.72014925373
302790,303233,303795,443,562,2,7200,1.78825622776
302806,303255,303814,449,559,2,7200,1.80322003578
302808,303273,303837,465,564,2,7200,1.82446808511
302885,303280,303839,395,559,2,7200,1.70661896243
302907,303285,303855,378,570,2,7200,1.66315789474
302926,303301,303855,375,554,2,7200,1.67689530686
302944,303323,303879,379,556,2,7200,1.68165467626
303049,303330,303906,281,576,2,7200,1.48784722222
303051,303349,303928,298,579,2,7200,1.51468048359
303078,303627,307245,549,3618,1,3600,1.15174129353
303085,303356,303917,271,561,2,7200,1.48306595365
303113,303361,303923,248,562,2,7200,1.44128113879
303135,303369,303906,234,537,2,7200,1.43575418994
303156,303375,303936,219,561,2,7200,1.39037433155
303172,303382,303936,210,554,2,7200,1.37906137184
303224,303409,303969,185,560,2,7200,1.33035714286
303246,303473,303991,227,518,2,7200,1.43822393822
303265,303499,304066,234,567,2,7200,1.4126984127
303266,303543,304092,277,549,2,7200,1.50455373406
303282,303665,304234,383,569,2,7200,1.67311072056
303298,303693,304242,395,549,2,7200,1.71948998179
303314,303728,304275,414,547,2,7200,1.75685557587
303329,303765,304333,436,568,2,7200,1.7676056338
303346,303770,304324,424,554,2,7200,1.76534296029
303347,303775,304346,428,571,2,7200,1.74956217163
303349,303781,304349,432,568,2,7200,1.76056338028
303365,303807,304350,442,543,2,7200,1.81399631676
303367,303826,304394,459,568,2,7200,1.80809859155
303368,303851,304403,483,552,2,7200,1.875
303402,303856,304412,454,556,2,7200,1.81654676259
303464,303867,304424,403,557,2,7200,1.72351885099
303492,303872,304403,380,531,2,7200,1.71563088512
303533,303892,304457,359,565,2,7200,1.63539823009
303609,303750,303753,141,3,8,7200,14.4
303619,303918,304477,299,559,2,7200,1.53488372093
303644,303923,304476,279,553,2,7200,1.50452079566
303660,303930,304498,270,568,2,7200,1.47535211268
303682,303937,304496,255,559,2,7200,1.45617173524
303713,303944,304510,231,566,2,7200,1.40812720848
303728,303951,304494,223,543,2,7200,1.41068139963
303744,303956,304517,212,561,2,7200,1.37789661319
303797,303981,304547,184,566,2,7200,1.32508833922
303816,304003,304564,187,561,2,7200,1.33333333333
303841,304077,304641,236,564,2,7200,1.41843971631
303842,304104,304656,262,552,2,7200,1.47463768116
303859,304247,304812,388,565,2,7200,1.68672566372
303860,304254,304817,394,563,2,7200,1.69982238011
303882,304287,304830,405,543,2,7200,1.74585635359
303904,304337,304883,433,546,2,7200,1.79304029304
303905,304345,304908,440,563,2,7200,1.78152753108
303921,304358,304934,437,576,2,7200,1.75868055556
303939,304365,304919,426,554,2,7200,1.76895306859
303940,304370,304927,430,557,2,7200,1.77199281867
303941,304406,304957,465,551,2,7200,1.84392014519
303943,304415,304979,472,564,2,7200,1.83687943262
303971,304420,304975,449,555,2,7200,1.80900900901
303993,304427,304996,434,569,2,7200,1.76274165202
304070,304436,304999,366,563,2,7200,1.65008880995
304095,304469,305024,374,555,2,7200,1.67387387387
304237,304489,305054,252,565,2,7200,1.44601769912
304253,304494,305045,241,551,2,7200,1.43738656987
304278,304506,305089,228,583,2,7200,1.3910806175
304327,304513,305067,186,554,2,7200,1.3357400722
304343,304518,305085,175,567,2,7200,1.30864197531
304359,304525,305084,166,559,2,7200,1.2969588551
304360,304532,305081,172,549,2,7200,1.31329690346
304362,304559,305115,197,556,2,7200,1.35431654676
304396,304576,305141,180,565,2,7200,1.3185840708
304412,304653,305192,241,539,2,7200,1.44712430427
304413,304668,305222,255,554,2,7200,1.46028880866
304430,304824,305387,394,563,2,7200,1.69982238011
304431,304831,305387,400,556,2,7200,1.71942446043
304433,304940,304945,507,5,8,7200,51.2
304459,304842,305413,383,571,2,7200,1.6707530648
304478,304969,305522,491,553,2,7200,1.88788426763
304480,304974,305535,494,561,2,7200,1.88057040998
304496,304988,305539,492,551,2,7200,1.89292196007
304497,304995,305524,498,529,2,7200,1.94139886578
304513,305008,305568,495,560,2,7200,1.88392857143
304515,305015,305573,500,558,2,7200,1.89605734767
304531,305036,305608,505,572,2,7200,1.88286713287
304547,304956,304958,409,2,8,7200,41.1
304550,305057,305621,507,564,2,7200,1.89893617021
304565,305066,305630,501,564,2,7200,1.88829787234
304643,304980,304982,337,2,8,7200,33.9
304643,305079,305652,436,573,2,7200,1.76090750436
304659,305093,305648,434,555,2,7200,1.78198198198
304816,305100,305660,284,560,2,7200,1.50714285714
304833,305105,305664,272,559,2,7200,1.48658318426
304834,305113,305668,279,555,2,7200,1.5027027027
304887,305128,305694,241,566,2,7200,1.425795053
304912,305153,305714,241,561,2,7200,1.42959001783
304927,305205,305753,278,548,2,7200,1.50729927007
304928,304934,305693,6,759,1,1800,1.00790513834
304929,305234,305799,305,565,2,7200,1.53982300885
304945,305399,305959,454,560,2,7200,1.81071428571
304960,305404,305947,444,543,2,7200,1.81767955801
304980,305425,305978,445,553,2,7200,1.80470162749
304981,305537,306093,556,556,2,7200,2.0
305000,305548,306112,548,564,2,7200,1.97163120567
305002,305560,306137,558,577,2,7200,1.96707105719
305027,305565,306130,538,565,2,7200,1.95221238938
305049,305579,306147,530,568,2,7200,1.93309859155
305065,305586,306144,521,558,2,7200,1.93369175627
305081,305619,306180,538,561,2,7200,1.95900178253
305098,305632,306184,534,552,2,7200,1.96739130435
305099,305642,306222,543,580,2,7200,1.93620689655
305101,305660,306223,559,563,2,7200,1.99289520426
305102,305667,306236,565,569,2,7200,1.99297012302
305118,305674,306250,556,576,2,7200,1.96527777778
305143,305681,306236,538,555,2,7200,1.96936936937
305196,305686,306237,490,551,2,7200,1.88929219601
305224,305707,306271,483,564,2,7200,1.85638297872
305391,305726,306292,335,566,2,7200,1.59187279152
305392,305766,306328,374,562,2,7200,1.66548042705
305414,305811,306381,397,570,2,7200,1.69649122807
305525,305960,306508,435,548,2,7200,1.79379562044
305526,305971,306526,445,555,2,7200,1.8018018018
305542,305989,306540,447,551,2,7200,1.8112522686
305544,306105,306674,561,569,2,7200,1.98594024605
305546,305554,305556,8,2,8,7200,1.0
305572,306124,306647,552,523,2,7200,2.05544933078
305588,306142,306694,554,552,2,7200,2.00362318841
305610,306156,306724,546,568,2,7200,1.96126760563
305626,306163,306738,537,575,2,7200,1.93391304348
305641,306192,306755,551,563,2,7200,1.97868561279
305657,306199,306759,542,560,2,7200,1.96785714286
305659,306234,306777,575,543,2,7200,2.05893186004
305675,306240,306793,565,553,2,7200,2.02169981917
305676,306247,306771,571,524,2,7200,2.08969465649
305678,306253,306759,575,506,2,7200,2.13636363636
305697,306259,306832,562,573,2,7200,1.98080279232
305716,306266,306824,550,558,2,7200,1.98566308244
305752,305758,309891,6,4133,8,7200,1.00145172998
305756,306283,306860,527,577,2,7200,1.91334488735
305802,306304,306853,502,549,2,7200,1.91438979964
305846,305852,307364,6,1512,1,2400,1.00396825397
305950,306341,306884,391,543,2,7200,1.72007366483
305966,306393,306975,427,582,2,7200,1.73367697595
305982,306519,307086,537,567,2,7200,1.94708994709
306035,310484,315438,4449,4954,2,7200,1.89806217198
306095,306538,307092,443,554,2,7200,1.79963898917
306114,306552,307113,438,561,2,7200,1.7807486631
306117,306590,311521,473,4931,8,7200,1.09592374772
306133,306658,307203,525,545,2,7200,1.96330275229
306149,306685,307249,536,564,2,7200,1.95035460993
306151,306706,307255,555,549,2,7200,2.01092896175
306152,306736,307270,584,534,2,7200,2.0936329588
306161,309902,314697,3741,4795,8,7200,1.78018769552
306176,317331,326343,11155,9012,16,108000,2.23779405237
306184,306749,307307,565,558,2,7200,2.01254480287
306199,306767,307312,568,545,2,7200,2.04220183486
306224,306774,307324,550,550,2,7200,2.0
306225,306779,307344,554,565,2,7200,1.98053097345
306243,318387,326668,12144,8281,16,108000,2.4664895544
306243,306786,307347,543,561,2,7200,1.9679144385
306244,306793,307356,549,563,2,7200,1.97513321492
306245,306805,307357,560,552,2,7200,2.01449275362
306261,306837,307405,576,568,2,7200,2.01408450704
306277,306844,307381,567,537,2,7200,2.05586592179
306296,306864,307431,568,567,2,7200,2.00176366843
306330,306872,307430,542,558,2,7200,1.97132616487
306351,311313,317202,4962,5889,8,7200,1.8425878757
306385,306895,307462,510,567,2,7200,1.89947089947
306458,311319,316178,4861,4859,8,7200,2.00041160733
306512,306988,307550,476,562,2,7200,1.84697508897
306527,307098,307664,571,566,2,7200,2.00883392226
306543,307104,307661,561,557,2,7200,2.00718132855
306650,307125,307687,475,562,2,7200,1.84519572954
306678,307215,307758,537,543,2,7200,1.98895027624
306697,307260,307828,563,568,2,7200,1.9911971831
306725,307267,307834,542,567,2,7200,1.95590828924
306741,307282,307851,541,569,2,7200,1.95079086116
306756,307319,307875,563,556,2,7200,2.01258992806
306772,307326,307868,554,542,2,7200,2.0221402214
306774,307336,307893,562,557,2,7200,2.00897666068
306775,307357,307918,582,561,2,7200,2.03743315508
306791,307364,307929,573,565,2,7200,2.01415929204
306807,307370,307929,563,559,2,7200,2.00715563506
306826,307375,307937,549,562,2,7200,1.9768683274
306842,307394,307956,552,562,2,7200,1.98220640569
306858,307417,307978,559,561,2,7200,1.99643493761
306873,307442,307991,569,549,2,7200,2.0364298725
306889,307448,308022,559,574,2,7200,1.97386759582
306979,307475,308036,496,561,2,7200,1.88413547237
307087,307562,308122,475,560,2,7200,1.84821428571
307103,307673,308245,570,572,2,7200,1.9965034965
307118,307679,308218,561,539,2,7200,2.04081632653
307204,307699,308267,495,568,2,7200,1.87147887324
307250,307770,308327,520,557,2,7200,1.93357271095
307266,307841,308406,575,565,2,7200,2.01769911504
307282,307848,308418,566,570,2,7200,1.99298245614
307310,307864,308429,554,565,2,7200,1.98053097345
307326,307880,308450,554,570,2,7200,1.97192982456
307327,307886,308459,559,573,2,7200,1.97556719023
307346,307905,308470,559,565,2,7200,1.98938053097
307362,307930,308490,568,560,2,7200,2.01428571429
307364,307941,308493,577,552,2,7200,2.04528985507
307365,307947,308494,582,547,2,7200,2.06398537477
307384,307954,308488,570,534,2,7200,2.06741573034
307409,307968,308525,559,557,2,7200,2.00359066427
307434,307991,308543,557,552,2,7200,2.00905797101
307435,308003,308540,568,537,2,7200,2.05772811918
307466,308034,308589,568,555,2,7200,2.02342342342
307553,308048,308611,495,563,2,7200,1.87921847247
307664,308134,308690,470,556,2,7200,1.84532374101
307679,308231,308797,552,566,2,7200,1.97526501767
307695,308257,308824,562,567,2,7200,1.99118165785
307760,308279,308859,519,580,2,7200,1.89482758621
307831,308339,308902,508,563,2,7200,1.90230905861
307847,308418,308954,571,536,2,7200,2.06529850746
307862,308431,309003,569,572,2,7200,1.99475524476
307878,308442,308988,564,546,2,7200,2.03296703297
307880,308462,309014,582,552,2,7200,2.05434782609
307896,308471,309034,575,563,2,7200,2.02131438721
307921,308482,309035,561,553,2,7200,2.01446654611
307937,308500,309058,563,558,2,7200,2.00896057348
307938,308507,309059,569,552,2,7200,2.03079710145
307954,308512,309066,558,554,2,7200,2.00722021661
307970,308518,309075,548,557,2,7200,1.98384201077
307986,308537,309103,551,566,2,7200,1.97349823322
308001,308552,309120,551,568,2,7200,1.97007042254
308026,308559,309128,533,569,2,7200,1.93673110721
308042,308600,309156,558,556,2,7200,2.0035971223
308126,308623,309165,497,542,2,7200,1.91697416974
308221,308702,309274,481,572,2,7200,1.84090909091
308251,308809,309376,558,567,2,7200,1.98412698413
308272,308836,309389,564,553,2,7200,2.0198915009
308332,308871,309424,539,553,2,7200,1.9746835443
308409,308914,309488,505,574,2,7200,1.87979094077
308425,308967,309536,542,569,2,7200,1.9525483304
308442,309001,309541,559,540,2,7200,2.03518518519
308459,309015,309589,556,574,2,7200,1.96864111498
308474,309026,309577,552,551,2,7200,2.00181488203
308476,309045,309615,569,570,2,7200,1.99824561404
308492,309052,309612,560,560,2,7200,2.0
308494,309070,309636,576,566,2,7200,2.01766784452
308510,309075,309642,565,567,2,7200,1.99647266314
308512,309083,309643,571,560,2,7200,2.01964285714
308528,309090,309648,562,558,2,7200,2.00716845878
308544,309115,309672,571,557,2,7200,2.02513464991
308546,309132,309699,586,567,2,7200,2.03350970018
308592,309139,309708,547,569,2,7200,1.96133567663
308615,309168,309735,553,567,2,7200,1.97530864198
308693,309177,309740,484,563,2,7200,1.85968028419
308710,308718,308721,8,3,1,60,1.1
308765,308773,308865,8,92,1,60,1.08695652174
308798,309286,309824,488,538,2,7200,1.90706319703
308826,309388,309948,562,560,2,7200,2.00357142857
308863,309401,309980,538,579,2,7200,1.92918825561
308885,311770,313431,2885,1661,1,7200,2.73690547863
308907,309436,310014,529,578,2,7200,1.91522491349
308956,309501,310053,545,552,2,7200,1.98731884058
308990,309548,310120,558,572,2,7200,1.97552447552
309006,309554,310121,548,567,2,7200,1.96649029982
309021,309589,310154,568,565,2,7200,2.00530973451
309037,309601,310126,564,525,2,7200,2.07428571429
309039,309624,310186,585,562,2,7200,2.0409252669
309061,309631,310182,570,551,2,7200,2.03448275862
309062,309648,310199,586,551,2,7200,2.06352087114
309079,309655,310207,576,552,2,7200,2.04347826087
309080,309660,310230,580,570,2,7200,2.01754385965
309105,309667,310226,562,559,2,7200,2.0053667263
309124,309684,310243,560,559,2,7200,2.00178890877
309139,309711,310291,572,580,2,7200,1.98620689655
309158,309720,310266,562,546,2,7200,2.0293040293
309174,309748,310287,574,539,2,7200,2.06493506494
309270,309755,310308,485,553,2,7200,1.87703435805
309378,309837,310402,459,565,2,7200,1.81238938053
309393,309908,310472,515,564,2,7200,1.91312056738
309427,309960,310515,533,555,2,7200,1.96036036036
309492,309991,310543,499,552,2,7200,1.90398550725
309538,310026,310592,488,566,2,7200,1.86219081272
309554,310065,310627,511,562,2,7200,1.90925266904
309579,310132,310685,553,553,2,7200,2.0
309595,310139,310692,544,553,2,7200,1.98372513562
309617,310144,310713,527,569,2,7200,1.92618629174
309619,310167,310735,548,568,2,7200,1.96478873239
309638,310194,310755,556,561,2,7200,1.99108734403
309654,310200,310760,546,560,2,7200,1.975
309655,310211,310756,556,545,2,7200,2.02018348624
309656,310219,310786,563,567,2,7200,1.99294532628
309675,310238,310800,563,562,2,7200,2.00177935943
309703,310245,310813,542,568,2,7200,1.95422535211
309719,310254,310836,535,582,2,7200,1.91924398625
309738,310278,310838,540,560,2,7200,1.96428571429
309754,310300,310867,546,567,2,7200,1.96296296296
309828,310307,310836,479,529,2,7200,1.90548204159
309951,310320,310876,369,556,2,7200,1.66366906475
309982,310414,310971,432,557,2,7200,1.77558348294
310016,310528,311083,512,555,2,7200,1.92252252252
310056,310555,311112,499,557,2,7200,1.89587073609
310124,310604,311153,480,549,2,7200,1.87431693989
310126,310639,311210,513,571,2,7200,1.89842381786
310141,310697,311263,556,566,2,7200,1.98233215548
310157,310704,311272,547,568,2,7200,1.96302816901
310186,310725,311294,539,569,2,7200,1.94727592267
310188,310746,311287,558,541,2,7200,2.0314232902
310204,310767,311337,563,570,2,7200,1.98771929825
310220,310774,311329,554,555,2,7200,1.9981981982
310236,310779,311343,543,564,2,7200,1.96276595745
310237,310797,311347,560,550,2,7200,2.01818181818
310253,310812,311387,559,575,2,7200,1.97217391304
310268,310825,311382,557,557,2,7200,2.0
310290,310848,311386,558,538,2,7200,2.03717472119
310306,310853,311422,547,569,2,7200,1.96133567663
310322,310860,311418,538,558,2,7200,1.96415770609
310406,310878,311437,472,559,2,7200,1.84436493739
310474,310888,311459,414,571,2,7200,1.72504378284
310517,310943,311508,426,565,2,7200,1.75398230088
310545,310982,311536,437,554,2,7200,1.78880866426
310594,311095,311634,501,539,2,7200,1.92949907236
310629,311124,311693,495,569,2,7200,1.86994727592
310687,311165,311746,478,581,2,7200,1.82271944923
310703,311222,311804,519,582,2,7200,1.89175257732
310718,311274,311827,556,553,2,7200,2.00542495479
310737,311284,311800,547,516,2,7200,2.06007751938
310759,311300,311854,541,554,2,7200,1.97653429603
310761,311307,311862,546,555,2,7200,1.98378378378
310776,311341,311891,565,550,2,7200,2.02727272727
310792,311350,311901,558,551,2,7200,2.01270417423
310808,311357,311898,549,541,2,7200,2.01478743068
310823,311364,311929,541,565,2,7200,1.95752212389
310840,311393,311972,553,579,2,7200,1.95509499136
310841,311401,311950,560,549,2,7200,2.02003642987
310842,311430,311989,588,559,2,7200,2.0518783542
310870,311437,312005,567,568,2,7200,1.99823943662
310886,311449,312002,563,553,2,7200,2.01808318264
310973,311472,312029,499,557,2,7200,1.89587073609
311084,311520,312084,436,564,2,7200,1.77304964539
311115,311549,312112,434,563,2,7200,1.77087033748
311156,311647,312210,491,563,2,7200,1.87211367673
311195,311324,311327,129,3,3,120,13.2
311211,311705,312266,494,561,2,7200,1.88057040998
311267,311757,312328,490,571,2,7200,1.85814360771
311282,311812,312370,530,558,2,7200,1.94982078853
311298,311819,312371,521,552,2,7200,1.94384057971
311299,311839,312420,540,581,2,7200,1.92943201377
311333,311866,312431,533,565,2,7200,1.94336283186
311350,311874,312425,524,551,2,7200,1.95099818512
311351,311903,312453,552,550,2,7200,2.00363636364
311352,311910,312480,558,570,2,7200,1.97894736842
311383,311917,312476,534,559,2,7200,1.95527728086
311399,311941,312505,542,564,2,7200,1.9609929078
311400,311961,312512,561,551,2,7200,2.01814882033
311423,311984,312541,561,557,2,7200,2.00718132855
311439,312002,312573,563,571,2,7200,1.98598949212
311440,312014,312574,574,560,2,7200,2.025
311462,312021,312566,559,545,2,7200,2.02568807339
311509,312041,312610,532,569,2,7200,1.93497363796
311540,312096,312662,556,566,2,7200,1.98233215548
311636,312124,312673,488,549,2,7200,1.88888888889
311695,312222,312781,527,559,2,7200,1.9427549195
311704,311968,319182,264,7214,1,7200,1.03659550873
311736,320498,579739,8762,259241,1,259200,1.03379866611
311748,312278,312844,530,566,2,7200,1.93639575972
311803,312339,312906,536,567,2,7200,1.94532627866
311819,312381,312957,562,576,2,7200,1.97569444444
311834,312393,312953,559,560,2,7200,1.99821428571
311856,312432,312996,576,564,2,7200,2.02127659574
311872,312439,313010,567,571,2,7200,1.99299474606
311894,312446,313017,552,571,2,7200,1.96672504378
311910,312465,313033,555,568,2,7200,1.97711267606
311911,312489,313065,578,576,2,7200,2.00347222222
311930,312496,313053,566,557,2,7200,2.01615798923
311939,311948,311949,9,1,3,600,1.0
311952,312516,313081,564,565,2,7200,1.9982300885
311974,312524,313076,550,552,2,7200,1.99637681159
311993,312550,313127,557,577,2,7200,1.96533795494
311997,313441,362311,1444,48870,1,144000,1.02954777982
312009,312555,313125,546,570,2,7200,1.95789473684
312010,312561,313121,551,560,2,7200,1.98392857143
312032,312578,313141,546,563,2,7200,1.96980461812
312088,312584,313144,496,560,2,7200,1.88571428571
312113,312592,313173,479,581,2,7200,1.82444061962
312123,312131,312132,8,1,3,600,1.0
312212,312623,313169,411,546,2,7200,1.75274725275
312270,312674,313239,404,565,2,7200,1.71504424779
312332,312690,313263,358,573,2,7200,1.62478184991
312373,312793,313335,420,542,2,7200,1.77490774908
312374,312856,313414,482,558,2,7200,1.86379928315
312379,312388,312437,9,49,1,600,1.18367346939
312421,312918,313420,497,502,2,7200,1.99003984064
312437,312964,313481,527,517,2,7200,2.01934235977
312438,312972,313541,534,569,2,7200,1.93848857645
312457,313007,313576,550,569,2,7200,1.96660808436
312479,313022,313600,543,578,2,7200,1.93944636678
312493,336125,480148,23632,144023,1,144000,1.16408490311
312494,313029,313585,535,556,2,7200,1.96223021583
312510,313045,313608,535,563,2,7200,1.95026642984
312523,336131,480150,23608,144019,1,144000,1.16392281574
312526,313065,313630,539,565,2,7200,1.95398230088
312532,336136,480152,23604,144016,1,144000,1.16389845573
312536,336141,480155,23605,144014,1,144000,1.16390767564
312545,313076,313659,531,583,2,7200,1.91080617496
312570,313088,313652,518,564,2,7200,1.91843971631
312586,313095,313662,509,567,2,7200,1.89770723104
312588,313133,313678,545,545,2,7200,2.0
312613,313140,313706,527,566,2,7200,1.93109540636
312665,313145,313690,480,545,2,7200,1.88073394495
312678,312685,312687,7,2,3,600,1.0
312681,313153,313718,472,565,2,7200,1.83539823009
312783,313161,313727,378,566,2,7200,1.66784452297
312848,313181,313743,333,562,2,7200,1.59252669039
312910,313188,313760,278,572,2,7200,1.48601398601
312910,317296,318411,4386,1115,2,14400,4.933632287
312956,313252,313806,296,554,2,7200,1.53429602888
312972,313275,313842,303,567,2,7200,1.53439153439
313000,313347,313916,347,569,2,7200,1.60984182777
313016,313425,314002,409,577,2,7200,1.70883882149
313032,313433,313978,401,545,2,7200,1.73577981651
313048,313493,314066,445,573,2,7200,1.77661431065
313064,313553,314085,489,532,2,7200,1.91917293233
313080,313589,314154,509,565,2,7200,1.90088495575
313081,313597,314143,516,546,2,7200,1.94505494505
313097,313612,314175,515,563,2,7200,1.91474245115
313122,313621,314186,499,565,2,7200,1.88318584071
313138,313643,314206,505,563,2,7200,1.89698046181
313139,313663,314229,524,566,2,7200,1.925795053
313155,313671,314223,516,552,2,7200,1.9347826087
313157,313677,314225,520,548,2,7200,1.94890510949
313173,313690,314252,517,562,2,7200,1.91992882562
313188,313703,314254,515,551,2,7200,1.93466424682
313241,313718,314286,477,568,2,7200,1.83978873239
313266,313730,314295,464,565,2,7200,1.82123893805
313308,313314,313875,6,561,3,600,1.01069518717
313337,313739,314296,402,557,2,7200,1.72172351885
313418,313755,314311,337,556,2,7200,1.60611510791
313434,313772,314328,338,556,2,7200,1.60791366906
313484,313818,314342,334,524,2,7200,1.63740458015
313486,326679,447465,13193,120786,3,259200,1.10922623483
313506,326684,447479,13178,120795,3,259200,1.10909391945
313542,313855,314401,313,546,2,7200,1.57326007326
313579,313928,314477,349,549,2,7200,1.63570127505
313595,313989,314562,394,573,2,7200,1.68760907504
313611,314014,314570,403,556,2,7200,1.72482014388
313612,314079,314628,467,549,2,7200,1.85063752277
313634,314096,314666,462,570,2,7200,1.81052631579
313656,314154,314709,498,555,2,7200,1.8972972973
313673,314167,314734,494,567,2,7200,1.87125220459
313674,314186,314742,512,556,2,7200,1.92086330935
313690,314198,314777,508,579,2,7200,1.87737478411
313706,314217,314787,511,570,2,7200,1.89649122807
313707,314235,314803,528,568,2,7200,1.92957746479
313723,314242,314811,519,569,2,7200,1.91212653779
313739,314247,314803,508,556,2,7200,1.91366906475
313754,314264,314837,510,573,2,7200,1.89005235602
313770,314307,314881,537,574,2,7200,1.93554006969
313807,314312,314862,505,550,2,7200,1.91818181818
313845,314324,314879,479,555,2,7200,1.86306306306
313919,314340,314898,421,558,2,7200,1.75448028674
313982,314354,314912,372,558,2,7200,1.66666666667
314004,314413,314968,409,555,2,7200,1.73693693694
314070,314488,315045,418,557,2,7200,1.75044883303
314088,314574,315154,486,580,2,7200,1.83793103448
314148,314582,315164,434,582,2,7200,1.74570446735
314164,314640,315205,476,565,2,7200,1.84247787611
314179,314677,315228,498,551,2,7200,1.90381125227
314195,314722,315287,527,565,2,7200,1.93274336283
314211,314745,315306,534,561,2,7200,1.95187165775
314227,314753,315319,526,566,2,7200,1.92932862191
314228,314790,315354,562,564,2,7200,1.99645390071
314244,314799,315337,555,538,2,7200,2.03159851301
314260,314815,315379,555,564,2,7200,1.98404255319
314261,314820,315361,559,541,2,7200,2.03327171904
314290,314827,315376,537,549,2,7200,1.9781420765
314305,314849,315407,544,558,2,7200,1.97491039427
314307,314875,315438,568,563,2,7200,2.00888099467
314322,314891,315444,569,553,2,7200,2.02893309222
314338,314899,315456,561,557,2,7200,2.00718132855
314354,314911,315477,557,566,2,7200,1.98409893993
314404,314924,315493,520,569,2,7200,1.91388400703
314481,314979,315541,498,562,2,7200,1.88612099644
314566,314990,315556,424,566,2,7200,1.74911660777
314581,315057,315623,476,566,2,7200,1.84098939929
314631,315166,315725,535,559,2,7200,1.95706618962
314669,315176,315743,507,567,2,7200,1.89417989418
314712,315218,315786,506,568,2,7200,1.89084507042
314737,315241,315804,504,563,2,7200,1.89520426288
314753,315299,315864,546,565,2,7200,1.96637168142
314781,315319,315880,538,561,2,7200,1.95900178253
314797,315331,315901,534,570,2,7200,1.93684210526
314813,315350,315904,537,554,2,7200,1.96931407942
314814,315366,315914,552,548,2,7200,2.00729927007
314816,315373,315945,557,572,2,7200,1.97377622378
314841,315388,315952,547,564,2,7200,1.96985815603
314866,315394,315955,528,561,2,7200,1.94117647059
314882,315419,315971,537,552,2,7200,1.97282608696
314883,315449,316019,566,570,2,7200,1.99298245614
314902,315457,316021,555,564,2,7200,1.98404255319
314918,315468,316017,550,549,2,7200,2.00182149362
314971,315489,316040,518,551,2,7200,1.94010889292
315048,315505,316067,457,562,2,7200,1.81316725979
315157,315553,316118,396,565,2,7200,1.70088495575
315173,315568,316126,395,558,2,7200,1.70788530466
315208,315635,316217,427,582,2,7200,1.73367697595
315230,315738,316285,508,547,2,7200,1.92870201097
315290,315755,316306,465,551,2,7200,1.84392014519
315309,315798,316340,489,542,2,7200,1.90221402214
315325,315816,316376,491,560,2,7200,1.87678571429
315341,315877,316432,536,555,2,7200,1.96576576577
315356,315892,316467,536,575,2,7200,1.93217391304
315372,315913,316487,541,574,2,7200,1.9425087108
315388,315920,316478,532,558,2,7200,1.95340501792
315389,315927,316491,538,564,2,7200,1.95390070922
315408,315956,316522,548,566,2,7200,1.96819787986
315440,315964,316530,524,566,2,7200,1.925795053
315455,323720,359740,8265,36020,16,36000,1.22945585786
315456,315971,316530,515,559,2,7200,1.92128801431
315471,315983,316532,512,549,2,7200,1.93260473588
315487,316029,316593,542,564,2,7200,1.9609929078
315503,316036,316537,533,501,2,7200,2.06387225549
315543,316041,316609,498,568,2,7200,1.87676056338
315559,316051,316629,492,578,2,7200,1.85121107266
315624,316078,316633,454,555,2,7200,1.81801801802
315729,316134,316696,405,562,2,7200,1.7206405694
315745,316141,316710,396,569,2,7200,1.69595782074
315789,316190,316760,401,570,2,7200,1.70350877193
315807,316229,316800,422,571,2,7200,1.73905429072
315867,316297,316851,430,554,2,7200,1.7761732852
315883,316318,316880,435,562,2,7200,1.77402135231
315904,316352,316920,448,568,2,7200,1.78873239437
315906,316389,316939,483,550,2,7200,1.87818181818
315922,316445,317001,523,556,2,7200,1.94064748201
315947,316479,317039,532,560,2,7200,1.95
315963,316490,317064,527,574,2,7200,1.9181184669
315964,316499,317055,535,556,2,7200,1.96223021583
315980,316506,317080,526,574,2,7200,1.91637630662
316021,316534,317063,513,529,2,7200,1.96975425331
316022,316542,317099,520,557,2,7200,1.93357271095
316024,316547,317059,523,512,2,7200,2.021484375
316034,319209,319394,3175,185,1,10800,18.1621621622
316034,319408,319716,3374,308,1,10800,11.9545454545
316034,337089,338225,21055,1136,1,10800,19.5343309859
316034,319729,320484,3695,755,1,10800,5.8940397351
316035,337117,338544,21082,1427,1,10800,15.7736510161
316035,337106,340820,21071,3714,1,10800,6.67339795369
316035,337111,337205,21076,94,1,10800,225.212765957
316035,337095,338464,21060,1369,1,10800,16.3834915997
316035,337100,337950,21065,850,1,10800,25.7823529412
316036,337133,337870,21097,737,1,10800,29.6255088195
316036,337128,339214,21092,2086,1,10800,11.1112176414
316036,337139,339005,21103,1866,1,10800,12.3092175777
316036,337122,337575,21086,453,1,10800,47.5474613687
316037,337144,338254,21107,1110,1,10800,20.0153153153
316037,337161,337996,21124,835,1,10800,26.2982035928
316037,337150,338515,21113,1365,1,10800,16.4673992674
316037,337155,338698,21118,1543,1,10800,14.6863253402
316038,337166,338750,21128,1584,1,10800,14.3383838384
316038,337217,338110,21179,893,1,10800,24.7166853303
316038,337883,338196,21845,313,1,10800,70.7923322684
316038,337586,340925,21548,3339,1,10800,7.45342917041
316039,338103,339068,22064,965,1,10800,23.8642487047
316039,338209,339141,22170,932,1,10800,24.7875536481
316039,338007,339652,21968,1645,1,10800,14.3544072948
316039,338122,338840,22083,718,1,10800,31.7562674095
316039,337966,338092,21927,126,1,10800,175.023809524
316040,338529,338680,22489,151,1,10800,149.933774834
316040,338266,339189,22226,923,1,10800,25.0801733478
316040,338475,338599,22435,124,1,10800,181.927419355
316040,338236,343067,22196,4831,1,10800,5.5944938936
316041,338556,339267,22515,711,1,10800,32.6666666667
316041,338611,339374,22570,763,1,10800,30.5806028834
316041,338716,339448,22675,732,1,10800,31.9767759563
316041,338691,338814,22650,123,1,10800,185.146341463
316042,338762,341676,22720,2914,1,10800,8.79684282773
316042,338826,340996,22784,2170,1,10800,11.4995391705
316042,339080,340129,23038,1049,1,10800,22.9618684461
316042,338851,340692,22809,1841,1,10800,13.3894622488
316042,339023,340446,22981,1423,1,10800,17.1496837667
316043,316554,317120,511,566,2,7200,1.90282685512
316043,339200,339855,23157,655,1,10800,36.3541984733
316043,339225,340282,23182,1057,1,10800,22.9318826868
316043,339153,340362,23110,1209,1,10800,20.1149710505
316044,339867,341858,23823,1991,1,10800,12.9653440482
316044,339663,342322,23619,2659,1,10800,9.88266265513
316044,339385,341305,23341,1920,1,10800,13.1567708333
316044,339465,349308,23421,9843,1,10800,3.37945748247
316044,339278,340538,23234,1260,1,10800,19.4396825397
316045,340295,340912,24250,617,1,10800,40.3030794165
316045,340140,342733,24095,2593,1,10800,10.2923254917
316045,340374,341205,24329,831,1,10800,30.2767749699
316045,340458,349374,24413,8916,1,10800,3.73811126066
316046,340924,342802,24878,1878,1,10800,14.2470713525
316046,340708,341414,24662,706,1,10800,35.9320113314
316046,340832,341487,24786,655,1,10800,38.841221374
316046,340550,342719,24504,2169,1,10800,12.2973720609
316047,341317,345104,25270,3787,1,10800,7.67282809612
316047,340937,342288,24890,1351,1,10800,19.4233900814
316047,341218,341796,25171,578,1,10800,44.5484429066
316047,341008,341545,24961,537,1,10800,47.4823091248
316048,341688,342325,25640,637,1,10800,41.251177394
316048,341426,342263,25378,837,1,10800,31.3201911589
316048,341498,342104,25450,606,1,10800,42.99669967
316048,341556,341968,25508,412,1,10800,62.9126213592
316049,341979,343237,25930,1258,1,10800,21.6120826709
316049,341869,343373,25820,1504,1,10800,18.1675531915
316049,341994,343942,25945,1948,1,10800,14.318788501
316049,341807,341976,25758,169,1,10800,153.414201183
316050,342300,343399,26250,1099,1,10800,24.8853503185
316050,342334,343934,26284,1600,1,10800,17.4275
316050,342274,343641,26224,1367,1,10800,20.1836137527
316050,342341,343409,26291,1068,1,10800,25.6170411985
316050,342116,342810,26066,694,1,10800,38.5590778098
316051,342745,344864,26694,2119,1,10800,13.5974516281
316051,342735,344033,26684,1298,1,10800,21.5577812018
316051,342821,343926,26770,1105,1,10800,25.2262443439
316051,342814,343882,26763,1068,1,10800,26.058988764
316052,343412,344206,27360,794,1,10800,35.4584382872
316052,343078,344124,27026,1046,1,10800,26.8374760994
316052,343257,348899,27205,5642,1,10800,5.82187167671
316052,343264,345500,27212,2236,1,10800,13.1699463327
316053,343421,347130,27368,3709,1,10800,8.37880830413
316053,344413,345688,28360,1275,1,10800,23.2431372549
316053,343653,344870,27600,1217,1,10800,23.6787181594
316053,345526,348178,29473,2652,1,10800,12.1134992459
316053,344418,345508,28365,1090,1,10800,27.0229357798
316054,348905,351163,32851,2258,1,10800,15.5487156776
316054,348190,351498,32136,3308,1,10800,10.7146311971
316054,347816,348892,31762,1076,1,10800,30.5185873606
316054,345699,347805,29645,2106,1,10800,15.0764482431
316055,349002,351032,32947,2030,1,10800,17.2300492611
316055,348992,350625,32937,1633,1,10800,21.1696264544
316055,348912,350026,32857,1114,1,10800,30.4946140036
316055,348997,354994,32942,5997,1,10800,6.49307987327
316056,349019,350036,32963,1017,1,10800,33.4119960669
316056,349013,350233,32957,1220,1,10800,28.0139344262
316056,349024,350357,32968,1333,1,10800,25.7321830458
316056,349008,349872,32952,864,1,10800,39.1388888889
316056,349029,350541,32973,1512,1,10800,22.8075396825
316057,349088,349999,33031,911,1,10800,37.2579582876
316057,349035,350131,32978,1096,1,10800,31.0894160584
316057,349319,351532,33262,2213,1,10800,16.0302756439
316057,349389,351152,33332,1763,1,10800,19.9064095292
316058,350037,350420,33979,383,1,10800,89.7180156658
316058,350143,352275,34085,2132,1,10800,16.9873358349
316058,350047,354460,33989,4413,1,10800,8.70201676864
316058,349883,352437,33825,2554,1,10800,14.2439310885
316059,350245,352446,34186,2201,1,10800,16.532030895
316059,350432,351381,34373,949,1,10800,37.220231823
316059,350368,351014,34309,646,1,10800,54.1099071207
316059,350324,352901,34265,2577,1,10800,14.2964687621
316060,351026,354259,34966,3233,1,10800,11.8153417878
316060,351164,352184,35104,1020,1,10800,35.4156862745
316060,350637,351876,34577,1239,1,10800,28.9071832123
316060,351044,352754,34984,1710,1,10800,21.4584795322
316060,350552,353005,34492,2453,1,10800,15.0611496127
316061,351393,352583,35332,1190,1,10800,30.6907563025
316061,351544,353006,35483,1462,1,10800,25.2701778386
316061,351511,352944,35450,1433,1,10800,25.7383112352
316061,351176,353024,35115,1848,1,10800,20.0016233766
316062,352195,360165,36133,7970,1,10800,5.53362609787
316062,351893,352848,35831,955,1,10800,38.5193717277
316062,352448,353593,36386,1145,1,10800,32.7781659389
316062,352298,353338,36236,1040,1,10800,35.8423076923
316062,352458,353800,36396,1342,1,10800,28.1207153502
316063,352765,356815,36702,4050,1,10800,10.0622222222
316063,352594,354302,36531,1708,1,10800,22.3881733021
316063,352917,354169,36854,1252,1,10800,30.4361022364
316063,352865,354077,36802,1212,1,10800,31.3646864686
316064,353023,355817,36959,2794,1,10800,14.2279885469
316064,352970,353896,36906,926,1,10800,40.8552915767
316064,353016,354030,36952,1014,1,10800,37.4418145957
316064,353350,354592,37286,1242,1,10800,31.0209339775
316065,353487,355409,37422,1922,1,10800,20.4703433923
316065,353036,354458,36971,1422,1,10800,26.9992967651
316065,353612,354902,37547,1290,1,10800,30.1062015504
316065,353492,355593,37427,2101,1,10800,18.8138981437
316065,353908,356505,37843,2597,1,10800,15.5718136311
316066,354090,355166,38024,1076,1,10800,36.3382899628
316066,354313,355765,38247,1452,1,10800,27.3409090909
316066,353818,355419,37752,1601,1,10800,24.580262336
316066,354058,356187,37992,2129,1,10800,18.8449976515
316067,354913,356648,38846,1735,1,10800,23.3896253602
316067,354546,362039,38479,7493,1,10800,6.13532630455
316067,354551,355224,38484,673,1,10800,58.1827637444
316067,354469,355983,38402,1514,1,10800,26.3645970938
316067,354476,355760,38409,1284,1,10800,30.9135514019
316068,355277,358369,39209,3092,1,10800,13.6807891332
316068,355164,356973,39096,1809,1,10800,22.6119402985
316068,354607,356016,38539,1409,1,10800,28.3520227111
316068,355006,362733,38938,7727,1,10800,6.0392131487
316069,355183,359769,39114,4586,1,10800,9.52900130833
316069,355170,356173,39101,1003,1,10800,39.9840478564
316069,355283,357614,39214,2331,1,10800,17.8228228228
316069,355605,356606,39536,1001,1,10800,40.4965034965
316069,355241,358243,39172,3002,1,10800,14.0486342438
316070,355747,356926,39677,1179,1,10800,34.6530958439
316070,355432,355733,39362,301,1,10800,131.77076412
316070,355422,356028,39352,606,1,10800,65.9372937294
316070,355829,357341,39759,1512,1,10800,27.2956349206
316071,356198,358263,40127,2065,1,10800,20.4319612591
316071,316559,317123,488,564,2,7200,1.86524822695
316071,356377,356863,40306,486,1,10800,83.9341563786
316071,355994,358834,39923,2840,1,10800,15.0573943662
316071,356184,356492,40113,308,1,10800,131.237012987
316072,356517,359002,40445,2485,1,10800,17.2756539235
316072,356382,357992,40310,1610,1,10800,26.0372670807
316072,356399,357327,40327,928,1,10800,44.4558189655
316072,356659,359008,40587,2349,1,10800,18.2784163474
316073,356826,357622,40753,796,1,10800,52.1972361809
316073,356874,357052,40801,178,1,10800,230.219101124
316073,356617,358651,40544,2034,1,10800,20.9331366765
316073,356937,358044,40864,1107,1,10800,37.9141824752
316074,356990,360666,40916,3676,1,10800,12.1305767138
316074,357352,358134,41278,782,1,10800,53.7851662404
316074,356960,357673,40886,713,1,10800,58.3436185133
316074,356955,357663,40881,708,1,10800,58.7415254237
316075,357141,357475,41066,334,1,10800,123.952095808
316075,357093,363890,41018,6797,1,10800,7.03472120053
316075,357430,357645,41355,215,1,10800,193.348837209
316076,357464,358179,41388,715,1,10800,58.8853146853
316076,357435,360143,41359,2708,1,10800,16.2728951256
316076,357459,358176,41383,717,1,10800,58.7168758717
316076,357487,359139,41411,1652,1,10800,26.0671912833
316077,357688,358647,41611,959,1,10800,44.3899895725
316077,358003,360625,41926,2622,1,10800,16.9900839054
316077,357628,358123,41551,495,1,10800,84.9414141414
316077,357641,358142,41564,501,1,10800,83.9620758483
316078,358201,358528,42123,327,1,10800,129.816513761
316078,358710,359590,42632,880,1,10800,49.4454545455
316078,358147,358528,42069,381,1,10800,111.417322835
316078,358055,360258,41977,2203,1,10800,20.0544711757
316079,358299,358739,42220,440,1,10800,96.9545454545
316079,358294,359378,42215,1084,1,10800,39.9437269373
316079,358207,358533,42128,326,1,10800,130.226993865
316079,358262,360219,42183,1957,1,10800,22.5549310169
316079,358238,358924,42159,686,1,10800,62.4562682216
316080,358545,359161,42465,616,1,10800,69.9366883117
316080,358667,359809,42587,1142,1,10800,38.2915936953
316080,358381,359790,42301,1409,1,10800,31.0220014194
316080,358660,361985,42580,3325,1,10800,13.8060150376
316081,358685,359344,42604,659,1,10800,65.6494688923
316081,358699,359878,42618,1179,1,10800,37.1475826972
316081,358679,359603,42598,924,1,10800,47.1017316017
316081,358704,360891,42623,2187,1,10800,20.4892546868
316082,358846,360976,42764,2130,1,10800,21.0769953052
316082,358742,358854,42660,112,1,10800,381.892857143
316082,358755,365733,42673,6978,1,10800,7.11536256807
316082,358936,359977,42854,1041,1,10800,42.1661863593
316083,359021,361274,42938,2253,1,10800,20.058144696
316083,359014,360329,42931,1315,1,10800,33.647148289
316083,358872,359351,42789,479,1,10800,90.3298538622
316083,359157,359749,43074,592,1,10800,73.7601351351
316084,359780,362212,43696,2432,1,10800,18.9671052632
316084,359615,361450,43531,1835,1,10800,24.7226158038
316084,359602,359930,43518,328,1,10800,133.676829268
316084,359224,360249,43140,1025,1,10800,43.087804878
316084,359426,361575,43342,2149,1,10800,21.1684504421
316085,359791,361143,43706,1352,1,10800,33.3269230769
316085,359769,361835,43684,2066,1,10800,22.1442400774
316085,359785,361580,43700,1795,1,10800,25.3454038997
316085,359775,360686,43690,911,1,10800,48.958287596
316086,359801,364806,43715,5005,1,10800,9.73426573427
316086,359796,360950,43710,1154,1,10800,38.87694974
316086,359858,361130,43772,1272,1,10800,35.4119496855
316086,359835,361565,43749,1730,1,10800,26.2884393064
316087,359830,360548,43743,718,1,10800,61.9233983287
316087,359852,361168,43765,1316,1,10800,34.2560790274
316087,359899,361052,43812,1153,1,10800,38.9982653946
316087,359807,361026,43720,1219,1,10800,36.8654634947
316088,360027,361684,43939,1657,1,10800,27.5171997586
316088,359979,361721,43891,1742,1,10800,26.1957520092
316088,360033,362581,43945,2548,1,10800,18.2468602826
316088,359941,360173,43853,232,1,10800,190.021551724
316089,360292,360699,44203,407,1,10800,109.606879607
316089,360269,362162,44180,1893,1,10800,24.3386159535
316089,360230,360969,44141,739,1,10800,60.7307171854
316089,360260,360416,44171,156,1,10800,284.147435897
316089,360038,361798,43949,1760,1,10800,25.9710227273
316090,360456,361756,44366,1300,1,10800,35.1276923077
316090,360535,363480,44445,2945,1,10800,16.0916808149
316090,360286,360629,44196,343,1,10800,129.851311953
316090,360420,364736,44330,4316,1,10800,11.2710843373
316091,360769,361476,44678,707,1,10800,64.1937765205
316091,360710,361393,44619,683,1,10800,66.3279648609
316091,360697,361196,44606,499,1,10800,90.3907815631
316091,360677,362095,44586,1418,1,10800,32.442877292
316092,360994,361805,44902,811,1,10800,56.3662145499
316092,360988,361314,44896,326,1,10800,138.717791411
316092,360913,361444,44821,531,1,10800,85.4086629002
316092,361063,362599,44971,1536,1,10800,30.2779947917
316092,360775,361289,44683,514,1,10800,87.9319066148
316093,361203,361634,45110,431,1,10800,105.663573086
316093,361160,361506,45067,346,1,10800,131.251445087
316093,361141,362370,45048,1229,1,10800,37.6541903987
316093,361114,361784,45021,670,1,10800,68.1955223881
316094,361457,362010,45363,553,1,10800,83.0307414105
316094,361327,361880,45233,553,1,10800,82.7956600362
316094,361404,361963,45310,559,1,10800,82.0554561717
316094,361209,362298,45115,1089,1,10800,42.4279155188
316094,361301,362525,45207,1224,1,10800,37.9338235294
316095,361479,361956,45384,477,1,10800,96.1446540881
316095,361463,362021,45368,558,1,10800,82.3046594982
316095,361491,362076,45396,585,1,10800,78.6
316095,361485,362815,45390,1330,1,10800,35.1278195489
316096,361551,361864,45455,313,1,10800,146.223642173
316096,361597,363449,45501,1852,1,10800,25.568574514
316096,361592,362767,45496,1175,1,10800,39.72
316097,361796,363296,45699,1500,1,10800,31.466
316097,361784,363393,45687,1609,1,10800,29.3946550653
316097,361695,364122,45598,2427,1,10800,19.7878038731
316097,361760,363481,45663,1721,1,10800,27.5328297501
316097,361809,363263,45712,1454,1,10800,32.4387895461
316098,361847,363357,45749,1510,1,10800,31.2973509934
316098,361881,364297,45783,2416,1,10800,19.9499172185
316098,361875,362402,45777,527,1,10800,87.8633776091
316098,361817,363224,45719,1407,1,10800,33.4939587775
316099,362023,363530,45924,1507,1,10800,31.4737889847
316099,361997,364578,45898,2581,1,10800,18.7830298334
316099,361974,364427,45875,2453,1,10800,19.7015898899
316099,361898,364767,45799,2869,1,10800,16.9634018822
316100,362051,363681,45951,1630,1,10800,29.190797546
316100,362036,363739,45936,1703,1,10800,27.9735760423
316100,362178,363773,46078,1595,1,10800,29.8890282132
316100,362088,364522,45988,2434,1,10800,19.8940016434
316101,362264,365412,46163,3148,1,10800,15.6642312579
316101,362106,364060,46005,1954,1,10800,24.5440122825
316101,362120,362615,46019,495,1,10800,93.9676767677
316101,362126,365386,46025,3260,1,10800,15.1180981595
316101,362173,364651,46072,2478,1,10800,19.5924132365
316102,362475,363502,46373,1027,1,10800,46.1538461538
316102,362270,363100,46168,830,1,10800,56.6240963855
316102,362469,363066,46367,597,1,10800,78.6666666667
316102,362464,363892,46362,1428,1,10800,33.4663865546
316103,362486,364715,46383,2229,1,10800,21.8088829071
316103,362480,363567,46377,1087,1,10800,43.6651333947
316103,362497,363670,46394,1173,1,10800,40.5515771526
316103,362492,363021,46389,529,1,10800,88.6918714556
316104,362514,364309,46410,1795,1,10800,26.8551532033
316104,362519,364365,46415,1846,1,10800,26.1435536295
316104,362508,364092,46404,1584,1,10800,30.2954545455
316104,362503,363192,46399,689,1,10800,68.3425253991
316121,316605,317185,484,580,2,7200,1.83448275862
316137,316621,317186,484,565,2,7200,1.85663716814
316163,326689,372174,10526,45485,4,360000,1.23141695064
316220,316642,317201,422,559,2,7200,1.75491949911
316271,337172,392372,20901,55200,1,540000,1.37864130435
316288,316649,317219,361,570,2,7200,1.63333333333
316307,316708,317258,401,550,2,7200,1.72909090909
316341,316722,317283,381,561,2,7200,1.67914438503
316378,316776,317340,398,564,2,7200,1.70567375887
316434,316812,317374,378,562,2,7200,1.67259786477
316461,324045,326142,7584,2097,16,36060,4.61659513591
316471,316864,317426,393,562,2,7200,1.69928825623
316487,316892,317452,405,560,2,7200,1.72321428571
316488,316933,317485,445,552,2,7200,1.80615942029
316504,316952,317525,448,573,2,7200,1.78184991274
316523,317013,317571,490,558,2,7200,1.87813620072
316539,317051,317610,512,559,2,7200,1.91592128801
316541,317067,317619,526,552,2,7200,1.95289855072
316542,317074,317641,532,567,2,7200,1.93827160494
316544,317081,317645,537,564,2,7200,1.95212765957
316596,317086,317620,490,534,2,7200,1.91760299625
316612,317093,317643,481,550,2,7200,1.87454545455
316631,317111,317681,480,570,2,7200,1.84210526316
316646,317132,317678,486,546,2,7200,1.89010989011
316699,317139,317694,440,555,2,7200,1.79279279279
316715,317197,317753,482,556,2,7200,1.86690647482
316762,317204,317786,442,582,2,7200,1.75945017182
316802,317218,317785,416,567,2,7200,1.73368606702
316855,317231,317795,376,564,2,7200,1.66666666667
316883,317270,317782,387,512,2,7200,1.755859375
316924,317352,317929,428,577,2,7200,1.7417677643
316943,317386,317950,443,564,2,7200,1.78546099291
317004,317438,318000,434,562,2,7200,1.77224199288
317042,317464,318023,422,559,2,7200,1.75491949911
317057,317497,318066,440,569,2,7200,1.77328646749
317073,317537,318071,464,534,2,7200,1.86891385768
317075,317583,318150,508,567,2,7200,1.89594356261
317077,317625,318176,548,551,2,7200,1.9945553539
317093,317631,318199,538,568,2,7200,1.94718309859
317109,317636,318210,527,574,2,7200,1.9181184669
317124,317653,318224,529,571,2,7200,1.92644483363
317126,317660,318206,534,546,2,7200,1.97802197802
317188,317665,318216,477,551,2,7200,1.86569872958
317190,317690,318255,500,565,2,7200,1.88495575221
317208,317697,318241,489,544,2,7200,1.89889705882
317224,317706,318267,482,561,2,7200,1.85918003565
317249,336451,356568,19202,20117,2,144000,1.95451608093
317261,317765,318321,504,556,2,7200,1.90647482014
317286,317793,318336,507,543,2,7200,1.93370165746
317342,317801,318363,459,562,2,7200,1.81672597865
317376,317806,318348,430,542,2,7200,1.79335793358
317429,317813,318352,384,539,2,7200,1.71243042672
317454,317941,318489,487,548,2,7200,1.88868613139
317488,317962,318527,474,565,2,7200,1.8389380531
317529,318011,318595,482,584,2,7200,1.82534246575
317573,318035,318573,462,538,2,7200,1.85873605948
317618,318077,318638,459,561,2,7200,1.81818181818
317635,318085,318629,450,544,2,7200,1.82720588235
317636,318162,318728,526,566,2,7200,1.92932862191
317652,318188,318755,536,567,2,7200,1.94532627866
317653,318211,318760,558,549,2,7200,2.01639344262
317655,318218,318785,563,567,2,7200,1.99294532628
317680,318224,318786,544,562,2,7200,1.96797153025
317696,318232,318784,536,552,2,7200,1.97101449275
317697,318239,318791,542,552,2,7200,1.98188405797
317757,318254,318797,497,543,2,7200,1.9152854512
317785,318267,318834,482,567,2,7200,1.85008818342
317787,318279,318855,492,576,2,7200,1.85416666667
317803,318332,318897,529,565,2,7200,1.93628318584
317804,318348,318909,544,561,2,7200,1.9696969697
317936,318361,318930,425,569,2,7200,1.74692442882
317952,318368,318930,416,562,2,7200,1.74021352313
318003,318375,318930,372,555,2,7200,1.67027027027
318025,318539,319095,514,556,2,7200,1.92446043165
318071,318586,319152,515,566,2,7200,1.90989399293
318086,318608,319169,522,561,2,7200,1.93048128342
318157,318641,319199,484,558,2,7200,1.86738351254
318179,318650,319221,471,571,2,7200,1.82486865149
318201,318740,319298,539,558,2,7200,1.96594982079
318217,318768,319345,551,577,2,7200,1.95493934142
318218,318775,319335,557,560,2,7200,1.99464285714
318220,318796,319363,576,567,2,7200,2.01587301587
318236,318803,319376,567,573,2,7200,1.98952879581
318251,318808,319372,557,564,2,7200,1.98758865248
318267,318813,319372,546,559,2,7200,1.97674418605
318269,318821,319375,552,554,2,7200,1.9963898917
318326,318846,319425,520,579,2,7200,1.89810017271
318341,318867,319420,526,553,2,7200,1.95117540687
318357,318909,319475,552,566,2,7200,1.97526501767
318358,318921,319474,563,553,2,7200,2.01808318264
318374,318942,319508,568,566,2,7200,2.0035335689
318495,318947,319510,452,563,2,7200,1.80284191829
318530,318953,319516,423,563,2,7200,1.7513321492
318577,319106,319677,529,571,2,7200,1.92644483363
318598,319165,319729,567,564,2,7200,2.00531914894
318633,319181,319730,548,549,2,7200,1.99817850638
318649,319216,319761,567,545,2,7200,2.04036697248
318733,319233,319756,500,523,2,7200,1.95602294455
318759,319310,319859,551,549,2,7200,2.00364298725
318774,319347,319907,573,560,2,7200,2.02321428571
318790,319357,319917,567,560,2,7200,2.0125
318792,319375,319945,583,570,2,7200,2.02280701754
318793,319383,319949,590,566,2,7200,2.04240282686
318810,319389,319952,579,563,2,7200,2.02841918295
318811,319396,319935,585,539,2,7200,2.0853432282
318836,319401,319951,565,550,2,7200,2.02727272727
318858,319432,319985,574,553,2,7200,2.03797468354
318898,319439,319991,541,552,2,7200,1.98007246377
318914,319487,320068,573,581,2,7200,1.98623063683
318930,319492,320046,562,554,2,7200,2.01444043321
318946,319520,320082,574,562,2,7200,2.02135231317
318947,319527,320084,580,557,2,7200,2.04129263914
319100,319534,320095,434,561,2,7200,1.77361853832
319156,319689,320256,533,567,2,7200,1.94003527337
319172,319741,320307,569,566,2,7200,2.00530035336
319200,319748,320325,548,577,2,7200,1.94974003466
319222,319768,320316,546,548,2,7200,1.99635036496
319303,319775,320320,472,545,2,7200,1.86605504587
319338,319871,320431,533,560,2,7200,1.95178571429
319353,319918,320472,565,554,2,7200,2.01985559567
319369,319929,320475,560,546,2,7200,2.02564102564
319386,319947,320503,561,556,2,7200,2.00899280576
319388,319957,320519,569,562,2,7200,2.01245551601
319389,319964,320527,575,563,2,7200,2.02131438721
319391,319969,320535,578,566,2,7200,2.02120141343
319412,343196,350402,23784,7206,1,7200,4.30058284763
319422,319974,320531,552,557,2,7200,1.99102333932
319437,319997,320564,560,567,2,7200,1.98765432099
319478,320004,320567,526,563,2,7200,1.93428063943
319479,320058,320612,579,554,2,7200,2.04512635379
319511,320080,320649,569,569,2,7200,2.0
319512,320094,320666,582,572,2,7200,2.01748251748
319528,320101,320667,573,566,2,7200,2.01236749117
319681,320108,320668,427,560,2,7200,1.7625
319731,320268,320825,537,557,2,7200,1.96409335727
319732,320319,320890,587,571,2,7200,2.02802101576
319761,320328,320883,567,555,2,7200,2.02162162162
319777,320335,320894,558,559,2,7200,1.99821109123
319865,320342,320875,477,533,2,7200,1.89493433396
319911,320443,321004,532,561,2,7200,1.94830659537
319927,320484,321019,557,535,2,7200,2.04112149533
319945,320491,321037,546,546,2,7200,2.0
319946,320515,321066,569,551,2,7200,2.03266787659
319964,320532,321092,568,560,2,7200,2.01428571429
319966,320539,321108,573,569,2,7200,2.00702987698
319967,320545,321116,578,571,2,7200,2.0122591944
319989,326157,348975,6168,22818,16,108000,1.27031291086
319989,320553,321112,564,559,2,7200,2.00894454383
320004,320577,321135,573,558,2,7200,2.02688172043
320048,320584,321156,536,572,2,7200,1.93706293706
320072,320623,321190,551,567,2,7200,1.97178130511
320088,320661,321211,573,550,2,7200,2.04181818182
320089,320678,321256,589,578,2,7200,2.01903114187
320091,326164,343184,6073,17020,16,108000,1.35681551116
320105,320685,321267,580,582,2,7200,1.99656357388
320259,320690,321219,431,529,2,7200,1.81474480151
320309,320837,321404,528,567,2,7200,1.93121693122
320325,320887,321454,562,567,2,7200,1.99118165785
320326,320895,321473,569,578,2,7200,1.98442906574
320342,320902,321464,560,562,2,7200,1.99644128114
320434,320909,321482,475,573,2,7200,1.82897033159
320475,321016,321542,541,526,2,7200,2.02851711027
320490,321031,321585,541,554,2,7200,1.97653429603
320506,321049,321576,543,527,2,7200,2.03036053131
320522,321079,321641,557,562,2,7200,1.99110320285
320538,321103,321664,565,561,2,7200,2.00713012478
320539,321120,321686,581,566,2,7200,2.02650176678
320541,321127,321667,586,540,2,7200,2.08518518519
320566,321133,321638,567,505,2,7200,2.12277227723
320581,321147,321705,566,558,2,7200,2.01433691756
320616,321168,321743,552,575,2,7200,1.96
320653,321202,321760,549,558,2,7200,1.98387096774
320669,321223,321781,554,558,2,7200,1.99283154122
320671,321231,321785,560,554,2,7200,2.01083032491
320672,321268,321832,596,564,2,7200,2.05673758865
320830,321279,321842,449,563,2,7200,1.79751332149
320880,321417,321992,537,575,2,7200,1.93391304348
320896,321467,322025,571,558,2,7200,2.02329749104
320898,321477,322044,579,567,2,7200,2.02116402116
320899,321485,322042,586,557,2,7200,2.05206463196
321008,321494,322061,486,567,2,7200,1.85714285714
321023,321554,322121,531,567,2,7200,1.93650793651
321039,321588,322155,549,567,2,7200,1.96825396825
321070,321597,322151,527,554,2,7200,1.95126353791
321095,321650,322228,555,578,2,7200,1.96020761246
321111,321657,322215,546,558,2,7200,1.97849462366
321127,321677,322232,550,555,2,7200,1.99099099099
321128,321684,322242,556,558,2,7200,1.99641577061
321144,321698,322251,554,553,2,7200,2.00180831826
321159,321717,322271,558,554,2,7200,2.00722021661
321194,321755,322322,561,567,2,7200,1.98941798942
321212,321772,322331,560,559,2,7200,2.00178890877
321228,321795,322332,567,537,2,7200,2.05586592179
321259,321802,322358,543,556,2,7200,1.97661870504
321275,321844,322393,569,549,2,7200,2.0364298725
321408,321854,322409,446,555,2,7200,1.8036036036
321458,322004,322536,546,532,2,7200,2.02631578947
321473,322037,322599,564,562,2,7200,2.00355871886
321475,322055,322617,580,562,2,7200,2.03202846975
321490,322062,322592,572,530,2,7200,2.07924528302
321547,322072,322640,525,568,2,7200,1.92429577465
321578,322133,322696,555,563,2,7200,1.98579040853
321593,322162,322729,569,567,2,7200,2.00352733686
321640,322170,322720,530,550,2,7200,1.96363636364
321655,322227,322789,572,562,2,7200,2.01779359431
321671,322240,322801,569,561,2,7200,2.01426024955
321673,322247,322829,574,582,2,7200,1.98625429553
321688,322254,322823,566,569,2,7200,1.99472759227
321707,322263,322824,556,561,2,7200,1.99108734403
321744,322283,322845,539,562,2,7200,1.9590747331
321763,322335,322905,572,570,2,7200,2.00350877193
321785,322343,322916,558,573,2,7200,1.97382198953
321787,322350,322904,563,554,2,7200,2.01624548736
321837,322371,322913,534,542,2,7200,1.9852398524
321852,322405,322956,553,551,2,7200,2.00362976407
321994,322422,322998,428,576,2,7200,1.74305555556
322028,322548,323112,520,564,2,7200,1.9219858156
322044,322605,323156,561,551,2,7200,2.01814882033
322045,322612,323177,567,565,2,7200,2.00353982301
322065,322629,323194,564,565,2,7200,1.9982300885
322124,322652,323218,528,566,2,7200,1.93286219081
322155,322708,323265,553,557,2,7200,1.99281867145
322157,322733,323295,576,562,2,7200,2.02491103203
322219,322741,323285,522,544,2,7200,1.95955882353
322235,322801,323325,566,524,2,7200,2.08015267176
322236,322813,323381,577,568,2,7200,2.01584507042
322253,322835,323403,582,568,2,7200,2.02464788732
322254,322842,323409,588,567,2,7200,2.03703703704
322273,322847,323427,574,580,2,7200,1.98965517241
322326,322856,323415,530,559,2,7200,1.9481216458
322342,322915,323484,573,569,2,7200,2.00702987698
322343,322923,323495,580,572,2,7200,2.01398601399
322362,322930,323467,568,537,2,7200,2.05772811918
322396,322935,323503,539,568,2,7200,1.94894366197
322412,322967,323532,555,565,2,7200,1.98230088496
322539,323010,323573,471,563,2,7200,1.83658969805
322595,323124,323674,529,550,2,7200,1.96181818182
322610,323169,323733,559,564,2,7200,1.99113475177
322626,323189,323754,563,565,2,7200,1.99646017699
322642,323206,323767,564,561,2,7200,2.00534759358
322698,323230,323808,532,578,2,7200,1.92041522491
322723,323277,323834,554,557,2,7200,1.99461400359
322738,323297,323842,559,545,2,7200,2.02568807339
322791,323307,323863,516,556,2,7200,1.92805755396
322807,323337,323914,530,577,2,7200,1.91854419411
322826,323393,323963,567,570,2,7200,1.99473684211
322827,323415,323983,588,568,2,7200,2.03521126761
322843,323426,323984,583,558,2,7200,2.04480286738
322859,323432,324021,573,589,2,7200,1.97283531409
322909,323438,323992,529,554,2,7200,1.95487364621
322910,323479,324016,569,537,2,7200,2.05959031657
322926,323496,324076,570,580,2,7200,1.98275862069
322928,323507,324079,579,572,2,7200,2.01223776224
322959,323514,324082,555,568,2,7200,1.97711267606
322999,323545,324106,546,561,2,7200,1.97326203209
323117,323586,324146,469,560,2,7200,1.8375
323160,323685,324257,525,572,2,7200,1.91783216783
323179,323747,324312,568,565,2,7200,2.00530973451
323198,323767,324333,569,566,2,7200,2.00530035336
323220,323779,324352,559,573,2,7200,1.97556719023
323266,323820,324374,554,554,2,7200,2.0
323288,323847,324394,559,547,2,7200,2.02193784278
323304,323854,324402,550,548,2,7200,2.00364963504
323329,323875,324448,546,573,2,7200,1.95287958115
323385,323926,324474,541,548,2,7200,1.98722627737
323407,323975,324542,568,567,2,7200,2.00176366843
323423,323995,324579,572,584,2,7200,1.97945205479
323424,324002,324566,578,564,2,7200,2.02482269504
323440,324009,324566,569,557,2,7200,2.02154398564
323472,324029,324598,557,569,2,7200,1.97891036907
323487,324036,324602,549,566,2,7200,1.96996466431
323503,324087,324649,584,562,2,7200,2.03914590747
323505,324094,324652,589,558,2,7200,2.05555555556
323536,324099,324661,563,562,2,7200,2.00177935943
323576,324118,324657,542,539,2,7200,2.00556586271
323679,324157,324732,478,575,2,7200,1.83130434783
323738,324269,324836,531,567,2,7200,1.93650793651
323757,324324,324899,567,575,2,7200,1.98608695652
323772,324345,324926,573,581,2,7200,1.98623063683
323813,324364,324899,551,535,2,7200,2.02990654206
323838,324386,324951,548,565,2,7200,1.96991150442
323853,324406,324969,553,563,2,7200,1.98223801066
323869,324414,324974,545,560,2,7200,1.97321428571
323919,324459,325025,540,566,2,7200,1.95406360424
323962,324486,325049,524,563,2,7200,1.93072824156
323984,324554,325078,570,524,2,7200,2.08778625954
323986,324578,325119,592,541,2,7200,2.09426987061
324001,324583,325114,582,531,2,7200,2.09604519774
324020,324591,325159,571,568,2,7200,2.00528169014
324036,324610,325184,574,574,2,7200,2.0
324080,324617,325153,537,536,2,7200,2.00186567164
324081,324661,325220,580,559,2,7200,2.03756708408
324097,324668,325221,571,553,2,7200,2.03254972875
324113,324675,325225,562,550,2,7200,2.02181818182
324150,324680,325237,530,557,2,7200,1.95152603232
324261,324745,325316,484,571,2,7200,1.8476357268
324270,343201,343213,18931,12,1,172800,1578.58333333
324314,324848,325414,534,566,2,7200,1.94346289753
324336,324910,325477,574,567,2,7200,2.01234567901
324355,324917,325485,562,568,2,7200,1.98943661972
324377,324938,325473,561,535,2,7200,2.04859813084
324396,324963,325510,567,547,2,7200,2.0365630713
324411,324981,325529,570,548,2,7200,2.0401459854
324451,324988,325545,537,557,2,7200,1.96409335727
324476,325037,325583,561,546,2,7200,2.02747252747
324544,325061,325613,517,552,2,7200,1.9365942029
324570,325090,325652,520,562,2,7200,1.92526690391
324571,325126,325687,555,561,2,7200,1.98930481283
324587,325133,325698,546,565,2,7200,1.96637168142
324604,325165,325726,561,561,2,7200,2.0
324605,325172,325738,567,566,2,7200,2.00176678445
324652,325196,325762,544,566,2,7200,1.96113074205
324668,325232,325784,564,552,2,7200,2.02173913043
324669,325239,325800,570,561,2,7200,2.01604278075
324671,325244,325827,573,583,2,7200,1.98284734134
324735,325251,325820,516,569,2,7200,1.90685413005
324837,325328,325886,491,558,2,7200,1.87992831541
324902,325427,325984,525,557,2,7200,1.94254937163
324904,325485,326046,581,561,2,7200,2.03565062389
324929,325492,326052,563,560,2,7200,2.00535714286
324954,325499,326066,545,567,2,7200,1.96119929453
324970,325523,326089,553,566,2,7200,1.97703180212
324985,325542,326103,557,561,2,7200,1.99286987522
325029,325557,326109,528,552,2,7200,1.95652173913
325051,325595,326169,544,574,2,7200,1.94773519164
325082,325626,326189,544,563,2,7200,1.96625222025
325116,325664,326229,548,565,2,7200,1.96991150442
325132,325699,326243,567,544,2,7200,2.04227941176
325157,325710,326276,553,566,2,7200,1.97703180212
325173,325738,326303,565,565,2,7200,2.0
325189,325750,326305,561,555,2,7200,2.01081081081
325223,325774,326350,551,576,2,7200,1.95659722222
325225,325795,326346,570,551,2,7200,2.03448275862
325241,325812,326391,571,579,2,7200,1.98618307427
325242,325833,326382,591,549,2,7200,2.07650273224
325319,325840,326414,521,574,2,7200,1.90766550523
325418,325898,326463,480,565,2,7200,1.84955752212
325477,325997,326521,520,524,2,7200,1.99236641221
325478,326058,326592,580,534,2,7200,2.0861423221
325495,326065,326610,570,545,2,7200,2.04587155963
325513,326078,326644,565,566,2,7200,1.99823321555
325532,326102,326671,570,569,2,7200,2.00175746924
325548,326115,326674,567,559,2,7200,2.01431127013
325585,326122,326692,537,570,2,7200,1.94210526316
325616,326181,326743,565,562,2,7200,2.00533807829
325657,326201,326758,544,557,2,7200,1.97666068223
325691,326241,326808,550,567,2,7200,1.97001763668
325707,326254,326808,547,554,2,7200,1.98736462094
325729,326288,326853,559,565,2,7200,1.98938053097
325745,326315,326899,570,584,2,7200,1.97602739726
325764,326322,326894,558,572,2,7200,1.97552447552
325786,326361,326908,575,547,2,7200,2.05118829982
325802,326367,326936,565,569,2,7200,1.99297012302
325824,326394,326953,570,559,2,7200,2.01967799642
325840,326403,326943,563,540,2,7200,2.04259259259
325889,326426,326999,537,573,2,7200,1.93717277487
325988,326475,327053,487,578,2,7200,1.84256055363
326050,326534,327079,484,545,2,7200,1.8880733945
326066,326604,327178,538,574,2,7200,1.93728222997
326068,326623,327170,555,547,2,7200,2.01462522852
326093,326657,327223,564,566,2,7200,1.9964664311
326109,326700,327265,591,565,2,7200,2.04601769912
326126,326707,327240,581,533,2,7200,2.09005628518
326169,326712,327290,543,578,2,7200,1.93944636678
326191,326717,327253,526,536,2,7200,1.98134328358
326232,326354,362447,122,36093,16,36060,1.00338015682
326232,326755,327298,523,543,2,7200,1.96316758748
326247,326770,327322,523,552,2,7200,1.94746376812
326279,326821,327376,542,555,2,7200,1.97657657658
326307,326826,327406,519,580,2,7200,1.89482758621
326309,326865,327424,556,559,2,7200,1.9946332737
326350,326906,327466,556,560,2,7200,1.99285714286
326365,326913,327498,548,585,2,7200,1.93675213675
326385,326920,327483,535,563,2,7200,1.95026642984
326400,326949,327516,549,567,2,7200,1.96825396825
326416,326956,327520,540,564,2,7200,1.95744680851
326466,326965,327534,499,569,2,7200,1.8769771529
326525,327011,327567,486,556,2,7200,1.87410071942
326598,327065,327619,467,554,2,7200,1.84296028881
326613,327091,327641,478,550,2,7200,1.86909090909
326648,327182,327746,534,564,2,7200,1.94680851064
326673,327191,327749,518,558,2,7200,1.92831541219
326689,327235,327805,546,570,2,7200,1.95789473684
326704,327252,327818,548,566,2,7200,1.96819787986
326745,327266,327813,521,547,2,7200,1.95246800731
326761,327277,327847,516,570,2,7200,1.90526315789
326811,327302,327839,491,537,2,7200,1.91433891993
326812,327310,327886,498,576,2,7200,1.86458333333
326856,327334,327901,478,567,2,7200,1.8430335097
326896,327388,327947,492,559,2,7200,1.8801431127
326912,327418,327978,506,560,2,7200,1.90357142857
326913,327436,327987,523,551,2,7200,1.94918330309
326935,327478,328040,543,562,2,7200,1.96619217082
326952,327495,328074,543,579,2,7200,1.9378238342
326967,327510,328076,543,566,2,7200,1.9593639576
327002,327527,328076,525,549,2,7200,1.95628415301
327058,327534,328106,476,572,2,7200,1.83216783217
327083,327547,328103,464,556,2,7200,1.8345323741
327172,327579,328134,407,555,2,7200,1.73333333333
327188,327631,328192,443,561,2,7200,1.78966131907
327225,327653,328217,428,564,2,7200,1.75886524823
327240,351752,369776,24512,18024,2,18000,2.35996449179
327241,327757,328322,516,565,2,7200,1.91327433628
327257,327765,328320,508,555,2,7200,1.91531531532
327272,327817,328383,545,566,2,7200,1.9628975265
327295,327825,328392,530,567,2,7200,1.93474426808
327310,327832,328391,522,559,2,7200,1.93381037567
327326,327852,328405,526,553,2,7200,1.95117540687
327379,327859,328422,480,563,2,7200,1.85257548845
327410,327898,328451,488,553,2,7200,1.88245931284
327426,327912,328459,486,547,2,7200,1.88848263254
327470,327959,328505,489,546,2,7200,1.8956043956
327485,327990,328569,505,579,2,7200,1.87219343696
327501,327999,328566,498,567,2,7200,1.87830687831
327520,328052,328618,532,566,2,7200,1.93992932862
327522,328085,328652,563,567,2,7200,1.99294532628
327538,328092,328650,554,558,2,7200,1.99283154122
327569,328097,328631,528,534,2,7200,1.98876404494
327622,328115,328679,493,564,2,7200,1.87411347518
327644,328122,328685,478,563,2,7200,1.84902309059
327749,328146,328706,397,560,2,7200,1.70892857143
327751,328205,328772,454,567,2,7200,1.80070546737
327810,328229,328787,419,558,2,7200,1.75089605735
327826,328331,328882,505,551,2,7200,1.9165154265
327827,328338,328903,511,565,2,7200,1.90442477876
327843,328395,328971,552,576,2,7200,1.95833333333
327858,328403,328974,545,571,2,7200,1.95446584939
327890,328410,328976,520,566,2,7200,1.91872791519
327905,328416,328951,511,535,2,7200,1.95514018692
327949,328434,328989,485,555,2,7200,1.87387387387
327980,328463,329016,483,553,2,7200,1.87341772152
327996,328471,329025,475,554,2,7200,1.85740072202
328043,328518,329072,475,554,2,7200,1.85740072202
328077,328578,329101,501,523,2,7200,1.95793499044
328078,328585,329156,507,571,2,7200,1.88791593695
328080,328630,329193,550,563,2,7200,1.97690941385
328105,328643,329206,538,563,2,7200,1.95559502664
328121,328663,329231,542,568,2,7200,1.95422535211
328137,328670,329220,533,550,2,7200,1.96909090909
328196,328690,329225,494,535,2,7200,1.92336448598
328221,328697,329221,476,524,2,7200,1.90839694656
328323,328718,329291,395,573,2,7200,1.68935427574
328325,328784,329318,459,534,2,7200,1.8595505618
328386,328799,329351,413,552,2,7200,1.7481884058
328402,328893,329467,491,574,2,7200,1.85540069686
328404,328915,329487,511,572,2,7200,1.89335664336
328420,328964,329526,544,562,2,7200,1.96797153025
328436,328983,329546,547,563,2,7200,1.97158081705
328455,328990,329567,535,577,2,7200,1.92720970537
328471,328995,329548,524,553,2,7200,1.94755877034
328508,329002,329543,494,541,2,7200,1.91312384473
328570,329029,329585,459,556,2,7200,1.82553956835
328571,329037,329612,466,575,2,7200,1.81043478261
328621,329084,329662,463,578,2,7200,1.80103806228
328637,329114,329681,477,567,2,7200,1.84126984127
328654,329168,329729,514,561,2,7200,1.91622103387
328655,329205,329769,550,564,2,7200,1.97517730496
328683,329217,329768,534,551,2,7200,1.96914700544
328699,329232,329788,533,556,2,7200,1.95863309353
328715,329239,329792,524,553,2,7200,1.94755877034
328774,329244,329802,470,558,2,7200,1.84229390681
328790,329251,329807,461,556,2,7200,1.82913669065
328886,329302,329868,416,566,2,7200,1.73498233216
328908,329330,329886,422,556,2,7200,1.75899280576
328954,329363,329900,409,537,2,7200,1.76163873371
328973,329479,330048,506,569,2,7200,1.88927943761
328989,329499,330061,510,562,2,7200,1.90747330961
328991,329538,330111,547,573,2,7200,1.95462478185
328992,329556,330103,564,547,2,7200,2.0310786106
329020,329563,330122,543,559,2,7200,1.97137745975
329036,329568,330112,532,544,2,7200,1.97794117647
329073,329579,330140,506,561,2,7200,1.90196078431
329104,329597,330164,493,567,2,7200,1.86948853616
329160,329624,330189,464,565,2,7200,1.82123893805
329195,329675,330242,480,567,2,7200,1.84656084656
329211,329693,330271,482,578,2,7200,1.8339100346
329227,329741,330310,514,569,2,7200,1.90333919156
329228,329780,330347,552,567,2,7200,1.97354497354
329230,329787,330366,557,579,2,7200,1.96200345423
329246,329800,330361,554,561,2,7200,1.98752228164
329292,329807,330369,515,562,2,7200,1.91637010676
329320,329815,330393,495,578,2,7200,1.85640138408
329355,329822,330381,467,559,2,7200,1.83542039356
329469,329881,330435,412,554,2,7200,1.74368231047
329491,329898,330454,407,556,2,7200,1.73201438849
329529,329912,330450,383,538,2,7200,1.71189591078
329545,330060,330625,515,565,2,7200,1.91150442478
329561,330074,330619,513,545,2,7200,1.94128440367
329562,330115,330676,553,561,2,7200,1.98573975045
329578,330123,330685,545,562,2,7200,1.96975088968
329594,330130,330711,536,581,2,7200,1.92254733219
329616,330137,330694,521,557,2,7200,1.93536804309
329666,330152,330661,486,509,2,7200,1.95481335953
329685,330176,330744,491,568,2,7200,1.86443661972
329731,330201,330748,470,547,2,7200,1.8592321755
329772,330255,330811,483,556,2,7200,1.86870503597
329774,330283,330816,509,533,2,7200,1.95497185741
329790,330322,330884,532,562,2,7200,1.94661921708
329806,330360,330919,554,559,2,7200,1.99105545617
329807,330373,330925,566,552,2,7200,2.02536231884
329823,330380,330953,557,573,2,7200,1.97207678883
329870,330387,330953,517,566,2,7200,1.91342756184
329889,330393,330949,504,556,2,7200,1.90647482014
329905,330405,330971,500,566,2,7200,1.88339222615
330049,330447,330998,398,551,2,7200,1.722323049
330065,330462,331023,397,561,2,7200,1.70766488414
330106,330469,331017,363,548,2,7200,1.66240875912
330122,330632,331199,510,567,2,7200,1.89947089947
330124,330639,331219,515,580,2,7200,1.88793103448
330140,330673,331207,533,534,2,7200,1.99812734082
330156,330688,331238,532,550,2,7200,1.96727272727
330171,330697,331241,526,544,2,7200,1.96691176471
330190,330706,331261,516,555,2,7200,1.92972972973
330246,330723,331283,477,560,2,7200,1.85178571429
330274,330756,331310,482,554,2,7200,1.87003610108
330312,330763,331333,451,570,2,7200,1.79122807018
330349,330823,331382,474,559,2,7200,1.84794275492
330365,330830,331395,465,565,2,7200,1.82300884956
330381,330897,331461,516,564,2,7200,1.91489361702
330383,330931,331494,548,563,2,7200,1.97335701599
330384,330937,331504,553,567,2,7200,1.97530864198
330400,330961,331525,561,564,2,7200,1.99468085106
330437,330968,331540,531,572,2,7200,1.92832167832
330453,330973,331553,520,580,2,7200,1.89655172414
330469,330982,331534,513,552,2,7200,1.92934782609
330622,331010,331577,388,567,2,7200,1.68430335097
330638,331030,331597,392,567,2,7200,1.69135802469
330663,331037,331605,374,568,2,7200,1.65845070423
330679,331211,331767,532,556,2,7200,1.95683453237
330695,331219,331752,524,533,2,7200,1.98311444653
330696,331231,331794,535,563,2,7200,1.95026642984
330712,331250,331816,538,566,2,7200,1.95053003534
330747,331257,331825,510,568,2,7200,1.89788732394
330762,331273,331821,511,548,2,7200,1.93248175182
330815,331295,331866,480,571,2,7200,1.84063047285
330831,331322,331852,491,530,2,7200,1.92641509434
330887,331346,331891,459,545,2,7200,1.84220183486
330922,331396,331952,474,556,2,7200,1.85251798561
330938,331407,331963,469,556,2,7200,1.84352517986
330954,331473,332021,519,548,2,7200,1.94708029197
330955,331506,332069,551,563,2,7200,1.97868561279
330956,331517,332085,561,568,2,7200,1.98767605634
330976,331537,332085,561,548,2,7200,2.02372262774
331001,331546,332119,545,573,2,7200,1.95113438045
331020,331553,332113,533,560,2,7200,1.95178571429
331036,331565,332141,529,576,2,7200,1.91840277778
331202,331590,332154,388,564,2,7200,1.68794326241
331218,331609,332174,391,565,2,7200,1.69203539823
331234,331617,332172,383,555,2,7200,1.69009009009
331250,331764,332287,514,523,2,7200,1.982791587
331252,331780,332345,528,565,2,7200,1.93451327434
331268,331807,332373,539,566,2,7200,1.95229681979
331287,331827,332405,540,578,2,7200,1.93425605536
331312,331835,332384,523,549,2,7200,1.95264116576
331337,331842,332406,505,564,2,7200,1.89539007092
331386,331865,332443,479,578,2,7200,1.82871972318
331402,331878,332418,476,540,2,7200,1.88148148148
331465,331903,332454,438,551,2,7200,1.79491833031
331496,331965,332533,469,568,2,7200,1.82570422535
331511,331976,332549,465,573,2,7200,1.81151832461
331527,332033,332575,506,542,2,7200,1.93357933579
331543,332081,332647,538,566,2,7200,1.95053003534
331544,332097,332662,553,565,2,7200,1.97876106195
331560,332102,332680,542,578,2,7200,1.93771626298
331579,332125,332667,546,542,2,7200,2.0073800738
331601,332132,332697,531,565,2,7200,1.93982300885
331617,332153,332697,536,544,2,7200,1.98529411765
331755,332166,332734,411,568,2,7200,1.7235915493
331771,332185,332738,414,553,2,7200,1.7486437613
331796,332192,332747,396,555,2,7200,1.71351351351
331819,332299,332865,480,566,2,7200,1.8480565371
331834,332358,332914,524,556,2,7200,1.94244604317
331836,332385,332966,549,581,2,7200,1.94492254733
331855,332396,332962,541,566,2,7200,1.95583038869
331870,332417,332984,547,567,2,7200,1.96472663139
331892,332423,332981,531,558,2,7200,1.95161290323
331954,332431,332971,477,540,2,7200,1.88333333333
331970,332455,333015,485,560,2,7200,1.86607142857
332023,332466,333030,443,564,2,7200,1.78546099291
332073,332546,333110,473,564,2,7200,1.83865248227
332088,332562,333118,474,556,2,7200,1.85251798561
332090,332587,333148,497,561,2,7200,1.88591800357
332115,332659,333212,544,553,2,7200,1.98372513562
332131,332674,333239,543,565,2,7200,1.9610619469
332146,332681,333244,535,563,2,7200,1.95026642984
332162,332693,333256,531,563,2,7200,1.9431616341
332178,332708,333266,530,558,2,7200,1.94982078853
332180,332714,333282,534,568,2,7200,1.94014084507
332288,332747,333312,459,565,2,7200,1.81238938053
332347,332754,333317,407,563,2,7200,1.72291296625
332376,332761,333295,385,534,2,7200,1.72097378277
332391,332877,333438,486,561,2,7200,1.86631016043
332407,332926,333469,519,543,2,7200,1.95580110497
332408,332974,333510,566,536,2,7200,2.05597014925
332425,332981,333545,556,564,2,7200,1.98581560284
332447,332987,333556,540,569,2,7200,1.94903339192
332463,332995,333559,532,564,2,7200,1.94326241135
332537,333002,333565,465,563,2,7200,1.82593250444
332553,333028,333586,475,558,2,7200,1.85125448029
332578,333041,333609,463,568,2,7200,1.81514084507
332649,333122,333680,473,558,2,7200,1.8476702509
332665,333130,333686,465,556,2,7200,1.83633093525
332681,333160,333729,479,569,2,7200,1.84182776801
332682,333224,333806,542,582,2,7200,1.93127147766
332699,333251,333805,552,554,2,7200,1.9963898917
332700,333258,333829,558,571,2,7200,1.97723292469
332738,333279,333835,541,556,2,7200,1.97302158273
332754,333284,333857,530,573,2,7200,1.92495636998
332755,333294,333849,539,555,2,7200,1.97117117117
332869,333307,333875,438,568,2,7200,1.77112676056
332918,333324,333876,406,552,2,7200,1.73550724638
332965,333331,333880,366,549,2,7200,1.66666666667
332981,333450,334015,469,565,2,7200,1.83008849558
332983,333481,334032,498,551,2,7200,1.90381125227
332984,333522,334094,538,572,2,7200,1.94055944056
333000,333557,334127,557,570,2,7200,1.97719298246
333019,333568,334120,549,552,2,7200,1.99456521739
333035,333575,334134,540,559,2,7200,1.96601073345
333112,333582,334147,470,565,2,7200,1.83185840708
333128,333598,334155,470,557,2,7200,1.84380610413
333150,333622,334197,472,575,2,7200,1.82086956522
333215,333692,334252,477,560,2,7200,1.85178571429
333244,333699,334257,455,558,2,7200,1.81541218638
333260,333741,334300,481,559,2,7200,1.86046511628
333261,333816,334378,555,562,2,7200,1.98754448399
333277,333823,334388,546,565,2,7200,1.96637168142
333293,333841,334388,548,547,2,7200,2.00182815356
333309,333848,334417,539,569,2,7200,1.94727592267
333325,333861,334420,536,559,2,7200,1.95885509839
333327,333869,334431,542,562,2,7200,1.96441281139
333441,333887,334447,446,560,2,7200,1.79642857143
333472,333894,334456,422,562,2,7200,1.75088967972
333513,333899,334440,386,541,2,7200,1.7134935305
333547,334027,334591,480,564,2,7200,1.85106382979
333563,334044,334591,481,547,2,7200,1.87934186472
333565,334107,334654,542,547,2,7200,1.99085923218
333580,334133,334697,553,564,2,7200,1.9804964539
333596,334140,334695,544,555,2,7200,1.98018018018
333612,334147,334716,535,569,2,7200,1.94024604569
333683,334159,334720,476,561,2,7200,1.84848484848
333699,334168,334731,469,563,2,7200,1.83303730018
333733,334209,334783,476,574,2,7200,1.82926829268
333808,334264,334834,456,570,2,7200,1.8
333809,334271,334811,462,540,2,7200,1.85555555556
333831,334312,334846,481,534,2,7200,1.90074906367
333847,334390,334953,543,563,2,7200,1.96447602131
333863,334400,334964,537,564,2,7200,1.95212765957
333865,334405,334972,540,567,2,7200,1.95238095238
333881,334429,334994,548,565,2,7200,1.96991150442
333882,334436,334987,554,551,2,7200,2.0054446461
333884,334443,335001,559,558,2,7200,2.0017921147
334019,334453,335002,434,549,2,7200,1.79052823315
334035,334460,335028,425,568,2,7200,1.74823943662
334097,334469,335030,372,561,2,7200,1.66310160428
334122,334603,335165,481,562,2,7200,1.85587188612
334138,334608,335160,470,552,2,7200,1.85144927536
334140,334666,335221,526,555,2,7200,1.94774774775
334156,334706,335260,550,554,2,7200,1.99277978339
334157,334713,335268,556,555,2,7200,2.0018018018
334200,334728,335311,528,583,2,7200,1.90566037736
334256,334735,335302,479,567,2,7200,1.84479717813
334271,334793,335348,522,555,2,7200,1.94054054054
334303,334800,335357,497,557,2,7200,1.89228007181
334341,343800,344175,9459,375,1,1800,26.224
334381,334823,335377,442,554,2,7200,1.79783393502
334397,334846,335404,449,558,2,7200,1.80465949821
334398,334858,335426,460,568,2,7200,1.80985915493
334417,334965,335536,548,571,2,7200,1.95971978984
334433,334976,335547,543,571,2,7200,1.95096322242
334434,334985,335536,551,551,2,7200,2.0
334450,334999,335551,549,552,2,7200,1.99456521739
334452,335006,335585,554,579,2,7200,1.95682210708
334467,335013,335578,546,565,2,7200,1.96637168142
334594,335020,335570,426,550,2,7200,1.77454545455
334595,335040,335606,445,566,2,7200,1.78621908127
334657,335047,335600,390,553,2,7200,1.70524412297
334698,335172,335741,474,569,2,7200,1.83304042179
334699,335179,335743,480,564,2,7200,1.85106382979
334718,335233,335792,515,559,2,7200,1.92128801431
334735,335272,335829,537,557,2,7200,1.96409335727
334736,335279,335830,543,551,2,7200,1.98548094374
334785,335314,335879,529,565,2,7200,1.93628318584
334814,335323,335890,509,567,2,7200,1.89770723104
334839,335360,335928,521,568,2,7200,1.91725352113
334854,335368,335931,514,563,2,7200,1.91296625222
334956,335389,335931,433,542,2,7200,1.79889298893
334972,335416,335973,444,557,2,7200,1.79712746858
334988,335437,336001,449,564,2,7200,1.79609929078
334990,335549,336112,559,563,2,7200,1.99289520426
335006,335554,336090,548,536,2,7200,2.0223880597
335007,335561,336124,554,563,2,7200,1.98401420959
335009,335568,336072,559,504,2,7200,2.10912698413
335031,335583,336148,552,565,2,7200,1.97699115044
335032,335590,336156,558,566,2,7200,1.98586572438
335161,335596,336154,435,558,2,7200,1.77956989247
335177,335612,336181,435,569,2,7200,1.76449912127
335224,335619,336186,395,567,2,7200,1.69664902998
335261,335752,336316,491,564,2,7200,1.87056737589
335277,335758,336327,481,569,2,7200,1.8453427065
335305,335805,336361,500,556,2,7200,1.89928057554
335321,335841,336408,520,567,2,7200,1.91710758377
335352,335848,336407,496,559,2,7200,1.88729874776
335368,335891,336440,523,549,2,7200,1.95264116576
335383,335902,336458,519,556,2,7200,1.93345323741
335409,335940,336509,531,569,2,7200,1.93321616872
335428,335947,336497,519,550,2,7200,1.94363636364
335539,335952,336515,413,563,2,7200,1.73357015986
335540,335985,336547,445,562,2,7200,1.79181494662
335557,336013,336576,456,563,2,7200,1.80994671403
335558,336084,336662,526,578,2,7200,1.91003460208
335574,336102,336664,528,562,2,7200,1.93950177936
335577,343895,344908,8318,1013,1,900,9.21125370188
335590,336149,336702,559,553,2,7200,2.01084990958
335591,336154,336728,563,574,2,7200,1.98083623693
335607,336161,336716,554,555,2,7200,1.9981981982
335608,336167,336731,559,564,2,7200,1.99113475177
335744,336172,336726,428,554,2,7200,1.7725631769
335745,336193,336760,448,567,2,7200,1.79012345679
335795,336200,336784,405,584,2,7200,1.69349315068
335833,336329,336886,496,557,2,7200,1.89048473968
335834,336339,336885,505,546,2,7200,1.92490842491
335881,336373,336934,492,561,2,7200,1.87700534759
335896,336419,336979,523,560,2,7200,1.93392857143
335930,336426,336988,496,562,2,7200,1.88256227758
335946,336470,337030,524,560,2,7200,1.93571428571
335948,336509,337054,561,545,2,7200,2.02935779817
335976,336521,337098,545,577,2,7200,1.9445407279
336004,336528,337083,524,555,2,7200,1.94414414414
336075,336559,337113,484,554,2,7200,1.87364620939
336094,336588,337139,494,551,2,7200,1.89655172414
336113,336674,337215,561,541,2,7200,2.03696857671
336129,336681,337228,552,547,2,7200,2.00914076782
336151,336714,337280,563,566,2,7200,1.99469964664
336168,336728,337290,560,562,2,7200,1.99644128114
336169,336738,337305,569,567,2,7200,2.00352733686
336185,336745,337325,560,580,2,7200,1.96551724138
336201,336750,337334,549,584,2,7200,1.94006849315
336317,336772,337332,455,560,2,7200,1.8125
336333,336796,337374,463,578,2,7200,1.80103806228
336365,336898,337449,533,551,2,7200,1.96733212341
336409,336903,337454,494,551,2,7200,1.89655172414
336424,336946,337521,522,575,2,7200,1.90782608696
336443,336991,337558,548,567,2,7200,1.96649029982
336462,337001,337566,539,565,2,7200,1.95398230088
336499,337042,337600,543,558,2,7200,1.97311827957
336515,337066,337616,551,550,2,7200,2.00181818182
336517,337180,337721,663,541,2,7200,2.22550831793
336548,337185,337743,637,558,2,7200,2.14157706093
336580,337191,337737,611,546,2,7200,2.11904761905
336667,337196,337748,529,552,2,7200,1.95833333333
336668,337227,337800,559,573,2,7200,1.97556719023
336706,337240,337787,534,547,2,7200,1.97623400366
336721,337292,337848,571,556,2,7200,2.02697841727
336738,337302,337841,564,539,2,7200,2.04638218924
336739,337317,337892,578,575,2,7200,2.0052173913
336740,337337,337897,597,560,2,7200,2.06607142857
336762,337344,337881,582,537,2,7200,2.08379888268
336787,337350,337887,563,537,2,7200,2.04841713222
336889,337387,337947,498,560,2,7200,1.88928571429
336890,337460,338019,570,559,2,7200,2.01967799642
336937,337467,338031,530,564,2,7200,1.93971631206
336984,337533,338112,549,579,2,7200,1.9481865285
336999,337570,338135,571,565,2,7200,2.01061946903
337033,337578,338151,545,573,2,7200,1.95113438045
337055,337611,338171,556,560,2,7200,1.99285714286
337087,337629,338189,542,560,2,7200,1.96785714286
337103,337733,338301,630,568,2,7200,2.10915492958
337118,337749,338318,631,569,2,7200,2.10896309315
337143,337755,338323,612,568,2,7200,2.07746478873
337215,337763,338318,548,555,2,7200,1.98738738739
337230,337798,338377,568,579,2,7200,1.98100172712
337283,337811,338371,528,560,2,7200,1.94285714286
337299,337853,338425,554,572,2,7200,1.96853146853
337315,337861,338440,546,579,2,7200,1.94300518135
337331,337893,338448,562,555,2,7200,2.01261261261
337347,337900,338465,553,565,2,7200,1.97876106195
337349,337907,338467,558,560,2,7200,1.99642857143
337377,337913,338472,536,559,2,7200,1.95885509839
337451,337959,338511,508,552,2,7200,1.92028985507
337467,338031,338591,564,560,2,7200,2.00714285714
337523,338044,338601,521,557,2,7200,1.93536804309
337560,338128,338662,568,534,2,7200,2.06367041199
337576,338147,338697,571,550,2,7200,2.03818181818
337604,338163,338727,559,564,2,7200,1.99113475177
337620,338183,338757,563,574,2,7200,1.98083623693
337724,338202,338735,478,533,2,7200,1.89681050657
337740,338314,338873,574,559,2,7200,2.02683363148
337756,338329,338909,573,580,2,7200,1.98793103448
337758,338336,338907,578,571,2,7200,2.0122591944
337789,338341,338915,552,574,2,7200,1.96167247387
337805,338383,338940,578,557,2,7200,2.03770197487
337816,348986,349017,11170,31,32,7200,361.322580645
337841,349042,349077,11201,35,32,7200,321.028571429
337845,338391,338942,546,551,2,7200,1.99092558984
337861,338437,339010,576,573,2,7200,2.00523560209
337883,338453,339004,570,551,2,7200,2.03448275862
337899,338460,339026,561,566,2,7200,1.99116607774
337900,338482,339049,582,567,2,7200,2.02645502646
337902,338488,339054,586,566,2,7200,2.03533568905
337948,338495,339043,547,548,2,7200,1.99817518248
338023,338523,339083,500,560,2,7200,1.89285714286
338039,338604,339153,565,549,2,7200,2.029143898
338116,338618,339167,502,549,2,7200,1.91438979964
338138,338674,339229,536,555,2,7200,1.96576576577
338154,338709,339268,555,559,2,7200,1.99284436494
338173,338739,339303,566,564,2,7200,2.00354609929
338192,338747,339321,555,574,2,7200,1.9668989547
338303,338768,339336,465,568,2,7200,1.81866197183
338323,338885,339447,562,562,2,7200,2.0
338324,338919,339473,595,554,2,7200,2.07400722022
338340,338926,339494,586,568,2,7200,2.03169014085
338374,338932,339474,558,542,2,7200,2.0295202952
338390,338952,339526,562,574,2,7200,1.97909407666
338427,338959,339521,532,562,2,7200,1.94661921708
338443,339016,339573,573,557,2,7200,2.02872531418
338459,339028,339599,569,571,2,7200,1.99649737303
338475,339038,339595,563,557,2,7200,2.01077199282
338476,339055,339634,579,579,2,7200,2.0
338478,339062,339618,584,556,2,7200,2.05035971223
338515,339069,339627,554,558,2,7200,1.99283154122
338595,339095,339661,500,566,2,7200,1.88339222615
338611,339165,339738,554,573,2,7200,1.96684118674
338664,339178,339723,514,545,2,7200,1.94311926606
338702,339241,339812,539,571,2,7200,1.94395796848
338730,339285,339837,555,552,2,7200,2.00543478261
338746,339316,339892,570,576,2,7200,1.98958333333
338761,339332,339886,571,554,2,7200,2.03068592058
338875,339348,339908,473,560,2,7200,1.84464285714
338910,339459,340026,549,567,2,7200,1.96825396825
338911,339485,340056,574,571,2,7200,2.00525394046
338927,339490,340049,563,559,2,7200,2.00715563506
338943,339506,340069,563,563,2,7200,2.0
338945,339533,340100,588,567,2,7200,2.03703703704
339007,339540,340102,533,562,2,7200,1.94839857651
339022,339586,340148,564,562,2,7200,2.00355871886
339038,339608,340170,570,562,2,7200,2.01423487544
339054,339615,340164,561,549,2,7200,2.0218579235
339056,339630,340178,574,548,2,7200,2.04744525547
339057,339638,340206,581,568,2,7200,2.02288732394
339085,339646,340213,561,567,2,7200,1.98941798942
339157,339673,340237,516,564,2,7200,1.91489361702
339172,339735,340315,563,580,2,7200,1.97068965517
339232,339750,340297,518,547,2,7200,1.94698354662
339272,339824,340405,552,581,2,7200,1.95008605852
339306,339849,340418,543,569,2,7200,1.95430579965
339325,339899,340449,574,550,2,7200,2.04363636364
339341,339906,340463,565,557,2,7200,2.01436265709
339449,339920,340466,471,546,2,7200,1.86263736264
339477,340038,340598,561,560,2,7200,2.00178571429
339478,340061,340611,583,550,2,7200,2.06
339497,340068,340634,571,566,2,7200,2.00883392226
339523,340081,340641,558,560,2,7200,1.99642857143
339538,340112,340669,574,557,2,7200,2.03052064632
339575,340119,340689,544,570,2,7200,1.95438596491
339598,340161,340712,563,551,2,7200,2.02177858439
339602,343938,343939,4336,1,1,240,433.7
339613,340176,340729,563,553,2,7200,2.01808318264
339629,340183,340723,554,540,2,7200,2.02592592593
339631,340190,340746,559,556,2,7200,2.00539568345
339647,340218,340778,571,560,2,7200,2.01964285714
339665,340225,340796,560,571,2,7200,1.98073555166
339725,340249,340810,524,561,2,7200,1.93404634581
339740,340311,340882,571,571,2,7200,2.0
339815,340327,340885,512,558,2,7200,1.91756272401
339840,340417,340977,577,560,2,7200,2.03035714286
339889,340429,340981,540,552,2,7200,1.97826086957
339905,340465,341026,560,561,2,7200,1.99821746881
339921,340475,341044,554,569,2,7200,1.97363796134
340029,340482,341012,453,530,2,7200,1.85471698113
340051,340610,341180,559,570,2,7200,1.98070175439
340066,340623,341183,557,560,2,7200,1.99464285714
340083,340646,341199,563,553,2,7200,2.01808318264
340102,340653,341203,551,550,2,7200,2.00181818182
340117,340682,341230,565,548,2,7200,2.03102189781
340152,340701,341273,549,572,2,7200,1.95979020979
340168,340724,341300,556,576,2,7200,1.96527777778
340184,340735,341297,551,562,2,7200,1.98042704626
340185,340742,341300,557,558,2,7200,1.9982078853
340210,340758,341316,548,558,2,7200,1.98207885305
340226,340791,341365,565,574,2,7200,1.98432055749
340242,340808,341367,566,559,2,7200,2.01252236136
340302,340822,341387,520,565,2,7200,1.9203539823
340317,340893,341461,576,568,2,7200,2.01408450704
340407,340901,341459,494,558,2,7200,1.8853046595
340423,340990,341570,567,580,2,7200,1.9775862069
340451,340997,341547,546,550,2,7200,1.99272727273
340467,341024,341583,557,559,2,7200,1.99642218247
340469,341038,341593,569,555,2,7200,2.02522522523
340601,341057,341633,456,576,2,7200,1.79166666667
340618,341193,341741,575,548,2,7200,2.04927007299
340636,341200,341777,564,577,2,7200,1.97746967071
340652,341212,341775,560,563,2,7200,1.9946714032
340671,341224,341773,553,549,2,7200,2.0072859745
340690,341243,341805,553,562,2,7200,1.98398576512
340715,341285,341851,570,566,2,7200,2.00706713781
340732,341311,341873,579,562,2,7200,2.03024911032
340733,341323,341873,590,550,2,7200,2.07272727273
340749,341328,341884,579,556,2,7200,2.04136690647
340780,341335,341897,555,562,2,7200,1.98754448399
340799,341377,341942,578,565,2,7200,2.02300884956
340815,341384,341941,569,557,2,7200,2.02154398564
340886,341400,341972,514,572,2,7200,1.8986013986
340888,341471,342033,583,562,2,7200,2.03736654804
340981,341478,342032,497,554,2,7200,1.89711191336
340996,341564,342133,568,569,2,7200,1.99824253076
341016,341582,342134,566,552,2,7200,2.02536231884
341032,341595,342160,563,565,2,7200,1.99646017699
341047,341606,342173,559,567,2,7200,1.98589065256
341183,341645,342215,462,570,2,7200,1.81052631579
341198,341753,342300,555,547,2,7200,2.01462522852
341215,341784,342336,569,552,2,7200,2.03079710145
341216,341792,342358,576,566,2,7200,2.01766784452
341232,341797,342357,565,560,2,7200,2.00892857143
341275,341817,342377,542,560,2,7200,1.96785714286
341301,341862,342432,561,570,2,7200,1.98421052632
341302,341884,342446,582,562,2,7200,2.03558718861
341303,341890,342457,587,567,2,7200,2.03527336861
341320,341897,342474,577,577,2,7200,2.0
341367,341909,342463,542,554,2,7200,1.97833935018
341368,341952,342518,584,566,2,7200,2.03180212014
341390,341959,342514,569,555,2,7200,2.02522522523
341462,341987,342550,525,563,2,7200,1.9325044405
341463,342044,342606,581,562,2,7200,2.03380782918
341550,342050,342611,500,561,2,7200,1.89126559715
341572,342145,342706,573,561,2,7200,2.02139037433
341588,342152,342716,564,564,2,7200,2.0
341603,342172,342753,569,581,2,7200,1.97934595525
341635,342185,342764,550,579,2,7200,1.94991364421
341742,342226,342795,484,569,2,7200,1.85061511424
341778,342313,342876,535,563,2,7200,1.95026642984
341779,342348,342927,569,579,2,7200,1.98272884283
341781,342370,342941,589,571,2,7200,2.03152364273
341809,342375,342943,566,568,2,7200,1.99647887324
341853,342390,342950,537,560,2,7200,1.95892857143
341875,342444,343009,569,565,2,7200,2.00707964602
341876,342458,343006,582,548,2,7200,2.06204379562
341892,342469,343051,577,582,2,7200,1.99140893471
341908,342476,343036,568,560,2,7200,2.01428571429
341946,342486,343048,540,562,2,7200,1.96085409253
341947,342525,343092,578,567,2,7200,2.01940035273
341976,342533,343087,557,554,2,7200,2.00541516245
342035,342562,343145,527,583,2,7200,1.90394511149
342036,342618,343191,582,573,2,7200,2.01570680628
342135,342625,343194,490,569,2,7200,1.8611599297
342136,342717,343284,581,567,2,7200,2.02469135802
342165,342728,343301,563,573,2,7200,1.98254799302
342180,342765,343320,585,555,2,7200,2.05405405405
342218,342775,343324,557,549,2,7200,2.014571949
342304,342808,343373,504,565,2,7200,1.89203539823
342338,342889,343442,551,553,2,7200,1.99638336347
342360,342939,343496,579,557,2,7200,2.039497307
342362,342953,343516,591,563,2,7200,2.04973357016
342381,342960,343513,579,553,2,7200,2.04701627486
342433,342967,343519,534,552,2,7200,1.96739130435
342449,343018,343558,569,540,2,7200,2.0537037037
342465,343025,343591,560,566,2,7200,1.98939929329
342466,343048,343585,582,537,2,7200,2.08379888268
342482,343060,343628,578,568,2,7200,2.0176056338
342516,343067,343642,551,575,2,7200,1.95826086957
342532,343100,343665,568,565,2,7200,2.00530973451
342554,343107,343673,553,566,2,7200,1.97703180212
342609,343157,343714,548,557,2,7200,1.98384201077
342625,343206,343765,581,559,2,7200,2.03935599284
342708,343212,343774,504,562,2,7200,1.89679715302
342724,343217,343783,493,566,2,7200,1.87102473498
342755,343222,343798,467,576,2,7200,1.81076388889
342771,343228,343803,457,575,2,7200,1.7947826087
342799,343233,343806,434,573,2,7200,1.75741710297
342878,343238,343819,360,581,2,7200,1.61962134251
342931,343246,343802,315,556,2,7200,1.56654676259
342947,343251,343811,304,560,2,7200,1.54285714286
342949,343295,343845,346,550,2,7200,1.62909090909
342964,343313,343874,349,561,2,7200,1.62210338681
343008,343332,343898,324,566,2,7200,1.57243816254
343023,343339,343897,316,558,2,7200,1.56630824373
343039,343384,343950,345,566,2,7200,1.60954063604
343055,343455,344010,400,555,2,7200,1.72072072072
343056,343508,344068,452,560,2,7200,1.80714285714
343091,343525,344075,434,550,2,7200,1.78909090909
343106,343532,344097,426,565,2,7200,1.75398230088
343147,343537,344091,390,554,2,7200,1.70397111913
343193,343571,344141,378,570,2,7200,1.66315789474
343209,343597,344157,388,560,2,7200,1.69285714286
343286,343605,344156,319,551,2,7200,1.57894736842
343305,343640,344208,335,568,2,7200,1.58978873239
343321,343660,344247,339,587,2,7200,1.57751277683
343337,343677,344241,340,564,2,7200,1.60283687943
343374,343686,344268,312,582,2,7200,1.53608247423
343446,343725,344282,279,557,2,7200,1.50089766607
343499,343778,344338,279,560,2,7200,1.49821428571
343518,343786,344355,268,569,2,7200,1.47100175747
343519,343795,344362,276,567,2,7200,1.48677248677
343535,343810,344374,275,564,2,7200,1.48758865248
343560,343817,344389,257,572,2,7200,1.4493006993
343589,343822,344377,233,555,2,7200,1.41981981982
343604,343829,344380,225,551,2,7200,1.40834845735
343632,343834,344398,202,564,2,7200,1.35815602837
343648,343842,344399,194,557,2,7200,1.34829443447
343667,343858,344423,191,565,2,7200,1.33805309735
343683,343886,344436,203,550,2,7200,1.36909090909
343717,343909,344469,192,560,2,7200,1.34285714286
343767,343916,344464,149,548,2,7200,1.27189781022
343783,343954,344523,171,569,2,7200,1.30052724077
343784,343962,344535,178,573,2,7200,1.31064572426
343801,344022,344585,221,563,2,7200,1.39253996448
343818,344045,344576,227,531,2,7200,1.4274952919
343819,344080,344637,261,557,2,7200,1.46858168761
343820,344087,344638,267,551,2,7200,1.48457350272
343822,344103,344671,281,568,2,7200,1.49471830986
343838,344110,344692,272,582,2,7200,1.46735395189
343854,344153,344725,299,572,2,7200,1.52272727273
343876,344168,344726,292,558,2,7200,1.52329749104
343901,344175,344745,274,570,2,7200,1.48070175439
343903,344187,344747,284,560,2,7200,1.50714285714
343952,344220,344786,268,566,2,7200,1.47349823322
344012,344254,344823,242,569,2,7200,1.42530755712
344071,344261,344829,190,568,2,7200,1.33450704225
344086,344280,344845,194,565,2,7200,1.34336283186
344102,344294,344838,192,544,2,7200,1.35294117647
344104,344350,344897,246,547,2,7200,1.44972577697
344144,344367,344876,223,509,2,7200,1.43811394892
344160,344375,344946,215,571,2,7200,1.3765323993
344162,344386,344955,224,569,2,7200,1.39367311072
344212,344393,344955,181,562,2,7200,1.32206405694
344243,344399,344969,156,570,2,7200,1.27368421053
344259,344406,344972,147,566,2,7200,1.25971731449
344275,344424,344989,149,565,2,7200,1.26371681416
344291,344436,344998,145,562,2,7200,1.25800711744
344340,344448,344972,108,524,2,7200,1.20610687023
344356,344476,345033,120,557,2,7200,1.21543985637
344372,344483,345062,111,579,2,7200,1.19170984456
344389,344536,345074,147,538,2,7200,1.27323420074
344390,344547,345114,157,567,2,7200,1.27689594356
344392,344588,345140,196,552,2,7200,1.35507246377
344408,344598,345168,190,570,2,7200,1.33333333333
344410,344649,345216,239,567,2,7200,1.42151675485
344411,344656,345221,245,565,2,7200,1.43362831858
344427,344683,345238,256,555,2,7200,1.46126126126
344443,344705,345272,262,567,2,7200,1.46208112875
344469,344736,345281,267,545,2,7200,1.48990825688
344485,344743,345309,258,566,2,7200,1.45583038869
344525,344757,345348,232,591,2,7200,1.39255499154
344541,344764,345296,223,532,2,7200,1.41917293233
344578,344798,345361,220,563,2,7200,1.39076376554
344594,344835,345387,241,552,2,7200,1.4365942029
344641,344842,345391,201,549,2,7200,1.36612021858
344642,344850,345414,208,564,2,7200,1.36879432624
344674,344858,345413,184,555,2,7200,1.33153153153
344696,344877,345429,181,552,2,7200,1.32789855072
344728,344888,345437,160,549,2,7200,1.29143897996
344729,344909,345463,180,554,2,7200,1.32490974729
344749,344918,345490,169,572,2,7200,1.29545454545
344750,344959,345528,209,569,2,7200,1.36731107206
344788,344967,345505,179,538,2,7200,1.33271375465
344825,344972,345542,147,570,2,7200,1.25789473684
344841,344981,345554,140,573,2,7200,1.24432809773
344843,344988,345555,145,567,2,7200,1.2557319224
344858,344993,345522,135,529,2,7200,1.25519848771
344877,345002,345571,125,569,2,7200,1.21968365554
344899,345010,345577,111,567,2,7200,1.19576719577
344949,345046,345622,97,576,2,7200,1.16840277778
344966,345073,345633,107,560,2,7200,1.19107142857
344967,345086,345631,119,545,2,7200,1.21834862385
344984,345126,345675,142,549,2,7200,1.25865209472
344985,345152,345705,167,553,2,7200,1.30198915009
344986,345180,345743,194,563,2,7200,1.34458259325
345002,345228,345792,226,564,2,7200,1.40070921986
345004,345235,345796,231,561,2,7200,1.41176470588
345035,345250,345807,215,557,2,7200,1.38599640934
345066,345284,345842,218,558,2,7200,1.39068100358
345082,345293,345858,211,565,2,7200,1.37345132743
345117,345308,345887,191,579,2,7200,1.3298791019
345142,345321,345897,179,576,2,7200,1.31076388889
345170,345360,345928,190,568,2,7200,1.33450704225
345220,345373,345937,153,564,2,7200,1.27127659574
345235,345398,345943,163,545,2,7200,1.29908256881
345251,345406,345954,155,548,2,7200,1.28284671533
345273,345425,345979,152,554,2,7200,1.27436823105
345289,345431,346002,142,571,2,7200,1.24868651489
345305,345441,346002,136,561,2,7200,1.24242424242
345321,345448,345985,127,537,2,7200,1.2364990689
345352,345476,346036,124,560,2,7200,1.22142857143
345368,345503,346063,135,560,2,7200,1.24107142857
345390,345512,346075,122,563,2,7200,1.21669626998
345392,345519,346075,127,556,2,7200,1.22841726619
345417,345534,346081,117,547,2,7200,1.21389396709
345419,345541,346118,122,577,2,7200,1.21143847487
345435,345555,346114,120,559,2,7200,1.21466905188
345451,345566,346120,115,554,2,7200,1.20758122744
345466,345572,346143,106,571,2,7200,1.18563922942
345491,345583,346155,92,572,2,7200,1.16083916084
345507,345590,346159,83,569,2,7200,1.14586994728
345527,345634,346204,107,570,2,7200,1.18771929825
345543,345644,346213,101,569,2,7200,1.17750439367
345544,345651,346207,107,556,2,7200,1.19244604317
345561,345687,346254,126,567,2,7200,1.22222222222
345562,345717,346296,155,579,2,7200,1.2677029361
345578,345756,346318,178,562,2,7200,1.31672597865
345579,345804,346354,225,550,2,7200,1.40909090909
345626,345811,346375,185,564,2,7200,1.3280141844
345642,345819,346374,177,555,2,7200,1.31891891892
345644,345854,346424,210,570,2,7200,1.36842105263
345678,345870,346441,192,571,2,7200,1.33625218914
345706,345899,346467,193,568,2,7200,1.33978873239
345747,345909,346457,162,548,2,7200,1.29562043796
345794,345939,346464,145,525,2,7200,1.27619047619
345809,345949,346504,140,555,2,7200,1.25225225225
345811,345956,346533,145,577,2,7200,1.25129982669
345845,345966,346523,121,557,2,7200,1.21723518851
345861,345992,346556,131,564,2,7200,1.23226950355
345889,345999,346571,110,572,2,7200,1.19230769231
345905,346014,346585,109,571,2,7200,1.19089316988
345930,346019,346573,89,554,2,7200,1.16064981949
345946,346048,346591,102,543,2,7200,1.18784530387
345947,346075,346655,128,580,2,7200,1.22068965517
345963,346087,346639,124,552,2,7200,1.22463768116
345982,346092,346650,110,558,2,7200,1.19713261649
345998,346099,346655,101,556,2,7200,1.18165467626
346014,346127,346692,113,565,2,7200,1.2
346016,346134,346695,118,561,2,7200,1.21033868093
346038,346139,346700,101,561,2,7200,1.18003565062
346066,346155,346708,89,553,2,7200,1.1609403255
346082,346167,346707,85,540,2,7200,1.15740740741
346084,346173,346745,89,572,2,7200,1.15559440559
346085,346219,346792,134,573,2,7200,1.23385689354
346117,346224,346777,107,553,2,7200,1.19349005425
346132,346231,346778,99,547,2,7200,1.18098720293
346134,346266,346839,132,573,2,7200,1.23036649215
346150,346308,346864,158,556,2,7200,1.28417266187
346166,346330,346877,164,547,2,7200,1.29981718464
346167,346366,346923,199,557,2,7200,1.35727109515
346208,346387,346951,179,564,2,7200,1.31737588652
346209,346392,346932,183,540,2,7200,1.33888888889
346225,346436,347006,211,570,2,7200,1.3701754386
346257,346453,346988,196,535,2,7200,1.36635514019
346301,346469,347046,168,577,2,7200,1.29116117851
346320,346476,347034,156,558,2,7200,1.27956989247
346357,346482,347051,125,569,2,7200,1.21968365554
346376,346516,347081,140,565,2,7200,1.24778761062
346378,346535,347072,157,537,2,7200,1.29236499069
346428,346545,347113,117,568,2,7200,1.20598591549
346444,346569,347115,125,546,2,7200,1.22893772894
346455,347142,348144,687,1002,1,900,1.68562874251
346460,346583,347147,123,564,2,7200,1.21808510638
346476,346590,347135,114,545,2,7200,1.20917431193
346478,346598,347165,120,567,2,7200,1.21164021164
346506,346605,347167,99,562,2,7200,1.17615658363
346525,346651,347236,126,585,2,7200,1.21538461538
346541,346662,347241,121,579,2,7200,1.20898100173
346560,346669,347226,109,557,2,7200,1.19569120287
346576,346674,347230,98,556,2,7200,1.17625899281
346577,346705,347270,128,565,2,7200,1.22654867257
346594,346712,347275,118,563,2,7200,1.20959147425
346595,346717,347272,122,555,2,7200,1.21981981982
346642,346724,347283,82,559,2,7200,1.14669051878
346658,346729,347297,71,568,2,7200,1.125
346659,346757,347295,98,538,2,7200,1.18215613383
346661,346789,347356,128,567,2,7200,1.22574955908
346695,346796,347345,101,549,2,7200,1.1839708561
346712,346805,347373,93,568,2,7200,1.16373239437
346713,346852,347426,139,574,2,7200,1.24216027875
346714,346876,347449,162,573,2,7200,1.28272251309
346716,346889,347451,173,562,2,7200,1.30782918149
346747,346935,347495,188,560,2,7200,1.33571428571
346779,346944,347491,165,547,2,7200,1.30164533821
346780,346963,347538,183,575,2,7200,1.31826086957
346796,347000,347559,204,559,2,7200,1.36493738819
346843,347018,347580,175,562,2,7200,1.31138790036
346868,347046,347615,178,569,2,7200,1.31282952548
346884,347058,347632,174,574,2,7200,1.3031358885
346925,347065,347629,140,564,2,7200,1.24822695035
346940,347085,347653,145,568,2,7200,1.25528169014
346956,347094,347653,138,559,2,7200,1.24686940966
346991,347125,347680,134,555,2,7200,1.24144144144
347007,347132,347690,125,558,2,7200,1.22401433692
347038,347149,347698,111,549,2,7200,1.20218579235
347054,347159,347713,105,554,2,7200,1.18953068592
347055,347177,347760,122,583,2,7200,1.20926243568
347074,347184,347745,110,561,2,7200,1.19607843137
347090,347238,347812,148,574,2,7200,1.25783972125
347115,347245,347804,130,559,2,7200,1.23255813953
347117,347252,347802,135,550,2,7200,1.24545454545
347139,347259,347821,120,562,2,7200,1.21352313167
347155,347283,347815,128,532,2,7200,1.24060150376
347171,347290,347839,119,549,2,7200,1.21675774135
347172,347295,347864,123,569,2,7200,1.21616871705
347228,347307,347876,79,569,2,7200,1.1388400703
347244,347368,347923,124,555,2,7200,1.22342342342
347246,347385,347952,139,567,2,7200,1.24514991182
347247,347464,348024,217,560,2,7200,1.3875
347272,347503,348062,231,559,2,7200,1.41323792487
347274,347510,348058,236,548,2,7200,1.43065693431
347290,347550,348108,260,558,2,7200,1.46594982079
347291,347593,348161,302,568,2,7200,1.53169014085
347307,347627,348194,320,567,2,7200,1.56437389771
347308,347641,348210,333,569,2,7200,1.58523725835
347346,347648,348214,302,566,2,7200,1.53356890459
347362,347665,348231,303,566,2,7200,1.53533568905
347378,347671,348237,293,566,2,7200,1.51766784452
347431,347692,348258,261,566,2,7200,1.46113074205
347453,347702,348268,249,566,2,7200,1.43992932862
347454,347772,348336,318,564,2,7200,1.56382978723
347495,347822,348386,327,564,2,7200,1.57978723404
347511,347834,348379,323,545,2,7200,1.59266055046
347542,347852,348424,310,572,2,7200,1.54195804196
347561,347876,348438,315,562,2,7200,1.56049822064
347584,347888,348450,304,562,2,7200,1.5409252669
347618,347935,348493,317,558,2,7200,1.56810035842
347634,347964,348542,330,578,2,7200,1.57093425606
347636,348041,348616,405,575,2,7200,1.70434782609
347655,348070,348655,415,585,2,7200,1.7094017094
347656,348077,348643,421,566,2,7200,1.74381625442
347684,348120,348686,436,566,2,7200,1.7703180212
347701,348174,348741,473,567,2,7200,1.83421516755
347702,348207,348775,505,568,2,7200,1.88908450704
347718,348223,348795,505,572,2,7200,1.88286713287
347749,348230,348808,481,578,2,7200,1.8321799308
347765,348243,348807,478,564,2,7200,1.8475177305
347806,348250,348805,444,555,2,7200,1.8
347807,348269,348819,462,550,2,7200,1.84
347824,348280,348839,456,559,2,7200,1.81574239714
347826,348348,348897,522,549,2,7200,1.95081967213
347827,348391,348949,564,558,2,7200,2.01075268817
347843,348398,348963,555,565,2,7200,1.98230088496
347865,348437,348996,572,559,2,7200,2.02325581395
347881,348450,349010,569,560,2,7200,2.01607142857
347928,348462,349022,534,560,2,7200,1.95357142857
347956,348505,349055,549,550,2,7200,1.99818181818
348027,348554,349104,527,550,2,7200,1.95818181818
348062,348627,349188,565,561,2,7200,2.00713012478
348078,348656,349206,578,550,2,7200,2.05090909091
348109,348667,349224,558,557,2,7200,2.00179533214
348165,348697,349207,532,510,2,7200,2.0431372549
348197,348753,349325,556,572,2,7200,1.97202797203
348213,348787,349347,574,560,2,7200,2.025
348228,348807,349374,579,567,2,7200,2.02116402116
348245,348817,349370,572,553,2,7200,2.03435804702
348247,348824,349375,577,551,2,7200,2.04718693285
348262,348829,349389,567,560,2,7200,2.0125
348278,348836,349404,558,568,2,7200,1.9823943662
348341,348851,349406,510,555,2,7200,1.91891891892
348381,348917,349486,536,569,2,7200,1.94200351494
348397,348961,349510,564,549,2,7200,2.02732240437
348428,348975,349522,547,547,2,7200,2.0
348444,349047,349590,603,543,2,7200,2.11049723757
348460,349053,349619,593,566,2,7200,2.04770318021
348497,349058,349628,561,570,2,7200,1.98421052632
348544,349067,349630,523,563,2,7200,1.92895204263
348618,349094,349662,476,568,2,7200,1.83802816901
348647,349099,349644,452,545,2,7200,1.82935779817
348662,349105,349682,443,577,2,7200,1.76776429809
348691,349110,349660,419,550,2,7200,1.76181818182
348744,349115,349679,371,564,2,7200,1.65780141844
348778,349121,349670,343,549,2,7200,1.6247723133
348797,349126,349693,329,567,2,7200,1.58024691358
348813,349131,349681,318,550,2,7200,1.57818181818
348815,349136,349703,321,567,2,7200,1.56613756614
348816,349142,349703,326,561,2,7200,1.58110516934
348832,349147,349711,315,564,2,7200,1.5585106383
348848,349152,349704,304,552,2,7200,1.55072463768
348901,349158,349719,257,561,2,7200,1.45811051693
348951,349163,349724,212,561,2,7200,1.37789661319
348966,349168,349738,202,570,2,7200,1.35438596491
348998,349175,349737,177,562,2,7200,1.31494661922
349014,349199,349757,185,558,2,7200,1.33154121864
349030,349218,349781,188,563,2,7200,1.33392539964
349058,349224,349793,166,569,2,7200,1.29173989455
349107,349236,349796,129,560,2,7200,1.23035714286
349192,349337,349892,145,555,2,7200,1.26126126126
349209,349358,349937,149,579,2,7200,1.2573402418
349210,349382,349963,172,581,2,7200,1.29604130809
349226,349395,349951,169,556,2,7200,1.30395683453
349329,349400,349961,71,561,2,7200,1.1265597148
349351,349407,349970,56,563,2,7200,1.09946714032
349373,349415,349986,42,571,2,7200,1.07355516637
349390,349422,349991,32,569,2,7200,1.05623901582
349391,349497,350061,106,564,2,7200,1.18794326241
349392,349522,350087,130,565,2,7200,1.23008849558
349409,349533,350095,124,562,2,7200,1.2206405694
349410,349602,350177,192,575,2,7200,1.33391304348
349488,349630,350190,142,560,2,7200,1.25357142857
349513,349639,350221,126,582,2,7200,1.21649484536
349529,349645,350218,116,573,2,7200,1.20244328098
349594,349655,350240,61,585,2,7200,1.10427350427
349622,349672,350222,50,550,2,7200,1.09090909091
349638,349679,350236,41,557,2,7200,1.07360861759
349640,349685,350241,45,556,2,7200,1.0809352518
349655,349692,350260,37,568,2,7200,1.06514084507
349672,349697,350272,25,575,2,7200,1.04347826087
349673,349703,350265,30,562,2,7200,1.05338078292
349674,349710,350265,36,555,2,7200,1.06486486486
349691,349718,350279,27,561,2,7200,1.04812834225
349692,349723,350276,31,553,2,7200,1.05605786618
349694,349728,350300,34,572,2,7200,1.05944055944
349710,349735,350287,25,552,2,7200,1.04528985507
349712,349741,350295,29,554,2,7200,1.0523465704
349713,349746,350311,33,565,2,7200,1.05840707965
349714,349753,350314,39,561,2,7200,1.06951871658
349733,349758,350322,25,564,2,7200,1.04432624113
349734,349768,350330,34,562,2,7200,1.06049822064
349735,349793,350358,58,565,2,7200,1.10265486726
349751,349805,350359,54,554,2,7200,1.09747292419
349753,349812,350376,59,564,2,7200,1.10460992908
349768,349903,350468,135,565,2,7200,1.2389380531
349784,349950,350516,166,566,2,7200,1.29328621908
349800,349963,350520,163,557,2,7200,1.29263913824
349802,349973,350529,171,556,2,7200,1.30755395683
349882,351654,351681,1772,27,32,7200,66.6296296296
349895,349980,350550,85,570,2,7200,1.14912280702
349939,349986,350553,47,567,2,7200,1.08289241623
349955,349998,350561,43,563,2,7200,1.07637655417
349971,350005,350551,34,546,2,7200,1.06227106227
349973,350072,350634,99,562,2,7200,1.17615658363
349974,350100,350669,126,569,2,7200,1.22144112478
349990,350108,350676,118,568,2,7200,1.20774647887
350006,350190,350752,184,562,2,7200,1.32740213523
350065,350202,350764,137,562,2,7200,1.24377224199
350090,350230,350805,140,575,2,7200,1.24347826087
350106,350237,350792,131,555,2,7200,1.23603603604
350181,350329,350873,148,544,2,7200,1.27205882353
350197,350335,350890,138,555,2,7200,1.24864864865
350223,350341,350887,118,546,2,7200,1.21611721612
350224,350347,350919,123,572,2,7200,1.21503496503
350225,350375,350944,150,569,2,7200,1.26362038664
350242,350380,350927,138,547,2,7200,1.25228519196
350243,350387,350944,144,557,2,7200,1.25852782765
350245,350479,351048,234,569,2,7200,1.41124780316
350264,350528,351098,264,570,2,7200,1.46315789474
350281,350535,351082,254,547,2,7200,1.46435100548
350283,350542,351099,259,557,2,7200,1.46499102334
350284,350562,351103,278,541,2,7200,1.51386321627
350285,350568,351133,283,565,2,7200,1.50088495575
350287,350574,351141,287,567,2,7200,1.50617283951
350303,350580,351141,277,561,2,7200,1.49376114082
350304,350647,351197,343,550,2,7200,1.62363636364
350306,350681,351249,375,568,2,7200,1.66021126761
350322,350688,351251,366,563,2,7200,1.65008880995
350323,350765,351308,442,543,2,7200,1.81399631676
350325,350775,351325,450,550,2,7200,1.81818181818
350341,350803,351362,462,559,2,7200,1.82647584973
350360,350816,351372,456,556,2,7200,1.82014388489
350361,350886,351442,525,556,2,7200,1.94424460432
350381,350899,351457,518,558,2,7200,1.92831541219
350470,350906,351473,436,567,2,7200,1.76895943563
350520,350930,351493,410,563,2,7200,1.72824156306
350521,350938,351508,417,570,2,7200,1.73157894737
350538,350955,351525,417,570,2,7200,1.73157894737
350554,350961,351514,407,553,2,7200,1.73598553345
350555,351060,351621,505,561,2,7200,1.90017825312
350557,351093,351657,536,564,2,7200,1.95035460993
350573,351109,351679,536,570,2,7200,1.94035087719
350637,351115,351681,478,566,2,7200,1.8445229682
350672,351121,351694,449,573,2,7200,1.78359511344
350688,351144,351705,456,561,2,7200,1.8128342246
350756,351153,351721,397,568,2,7200,1.69894366197
350772,351158,351726,386,568,2,7200,1.67957746479
350794,351208,351774,414,566,2,7200,1.73144876325
350809,351261,351824,452,563,2,7200,1.80284191829
350878,351268,351832,390,564,2,7200,1.6914893617
350894,351319,351874,425,555,2,7200,1.76576576577
350895,351337,351860,442,523,2,7200,1.84512428298
350920,351374,351936,454,562,2,7200,1.80782918149
350936,351383,351940,447,557,2,7200,1.80251346499
350952,351453,352012,501,559,2,7200,1.89624329159
350953,351468,352021,515,553,2,7200,1.93128390597
351052,351486,352043,434,557,2,7200,1.77917414722
351087,351504,352053,417,549,2,7200,1.75956284153
351103,351519,352103,416,584,2,7200,1.71232876712
351104,351527,352090,423,563,2,7200,1.7513321492
351120,351536,352084,416,548,2,7200,1.75912408759
351136,351633,352215,497,582,2,7200,1.85395189003
351152,351669,352229,517,560,2,7200,1.92321428571
351153,351690,352233,537,543,2,7200,1.98895027624
351200,351697,352266,497,569,2,7200,1.87346221441
351253,351703,352231,450,528,2,7200,1.85227272727
351254,351708,352262,454,554,2,7200,1.81949458484
351310,351714,352264,404,550,2,7200,1.73454545455
351326,351719,352263,393,544,2,7200,1.72242647059
351367,351725,352279,358,554,2,7200,1.64620938628
351383,351730,352275,347,545,2,7200,1.63669724771
351445,351735,352306,290,571,2,7200,1.50788091068
351461,351741,352287,280,546,2,7200,1.51282051282
351476,351746,352326,270,580,2,7200,1.46551724138
351495,351757,352309,262,552,2,7200,1.47463768116
351511,351763,352323,252,560,2,7200,1.45
351528,351768,352324,240,556,2,7200,1.43165467626
351529,351773,352351,244,578,2,7200,1.42214532872
351625,351779,352324,154,545,2,7200,1.28256880734
351660,351784,352344,124,560,2,7200,1.22142857143
351682,351814,352367,132,553,2,7200,1.23869801085
351683,351835,352374,152,539,2,7200,1.28200371058
351700,351792,352352,92,560,2,7200,1.16428571429
351716,351797,352350,81,553,2,7200,1.14647377939
351733,351803,352367,70,564,2,7200,1.12411347518
351734,351808,352361,74,553,2,7200,1.13381555154
351776,351845,352406,69,561,2,7200,1.12299465241
351826,351871,352446,45,575,2,7200,1.07826086957
351842,351886,352453,44,567,2,7200,1.07760141093
351864,351948,352505,84,557,2,7200,1.15080789946
351880,351956,352507,76,551,2,7200,1.13793103448
351940,352024,352591,84,567,2,7200,1.14814814815
351942,352032,352605,90,573,2,7200,1.15706806283
352014,352055,352638,41,583,2,7200,1.07032590051
352030,352064,352613,34,549,2,7200,1.06193078324
352046,352095,352661,49,566,2,7200,1.08657243816
352062,352102,352660,40,558,2,7200,1.07168458781
352087,352115,352682,28,567,2,7200,1.04938271605
352103,352227,352794,124,567,2,7200,1.21869488536
352118,352240,352801,122,561,2,7200,1.2174688057
352217,352246,352800,29,554,2,7200,1.0523465704
352233,352252,352808,19,556,2,7200,1.03417266187
352235,352273,352808,38,535,2,7200,1.07102803738
352236,352280,352842,44,562,2,7200,1.07829181495
352266,352286,352842,20,556,2,7200,1.03597122302
352267,352291,352855,24,564,2,7200,1.04255319149
352269,352303,352862,34,559,2,7200,1.06082289803
352270,352308,352871,38,563,2,7200,1.0674955595
352287,352315,352875,28,560,2,7200,1.05
352288,352322,352882,34,560,2,7200,1.06071428571
352290,352327,352884,37,557,2,7200,1.06642728905
352309,352334,352903,25,569,2,7200,1.04393673111
352311,352341,352893,30,552,2,7200,1.05434782609
352327,352347,352922,20,575,2,7200,1.0347826087
352329,352352,352912,23,560,2,7200,1.04107142857
352330,352358,352922,28,564,2,7200,1.04964539007
352331,352365,352926,34,561,2,7200,1.06060606061
352347,352371,352916,24,545,2,7200,1.04403669725
352366,352377,352944,11,567,2,7200,1.01940035273
352367,352383,352942,16,559,2,7200,1.02862254025
352369,352389,352959,20,570,2,7200,1.0350877193
352370,352395,352941,25,546,2,7200,1.04578754579
352387,352401,352959,14,558,2,7200,1.02508960573
352388,352417,352965,29,548,2,7200,1.05291970803
352389,352463,353017,74,554,2,7200,1.13357400722
352408,352469,353034,61,565,2,7200,1.10796460177
352449,352516,353071,67,555,2,7200,1.12072072072
352465,352523,353096,58,573,2,7200,1.10122164049
352509,352603,353166,94,563,2,7200,1.16696269982
352511,352617,353165,106,548,2,7200,1.19343065693
352592,352624,353200,32,576,2,7200,1.05555555556
352607,352649,353219,42,570,2,7200,1.07368421053
352623,352671,353243,48,572,2,7200,1.08391608392
352639,352678,353237,39,559,2,7200,1.06976744186
352665,352693,353261,28,568,2,7200,1.04929577465
352666,352805,353363,139,558,2,7200,1.24910394265
352685,352812,353392,127,580,2,7200,1.21896551724
352796,352817,353378,21,561,2,7200,1.03743315508
352813,352824,353380,11,556,2,7200,1.01978417266
352814,352830,353380,16,550,2,7200,1.02909090909
352815,352853,353427,38,574,2,7200,1.06620209059
352817,352859,353418,42,559,2,7200,1.07513416816
352845,352873,353435,28,562,2,7200,1.04982206406
352847,352879,353442,32,563,2,7200,1.0568383659
352863,352886,353439,23,553,2,7200,1.04159132007
352864,352892,353458,28,566,2,7200,1.04946996466
352881,352898,353458,17,560,2,7200,1.03035714286
352882,352904,353459,22,555,2,7200,1.03963963964
352899,352910,353466,11,556,2,7200,1.01978417266
352900,352923,353481,23,558,2,7200,1.04121863799
352901,352929,353498,28,569,2,7200,1.04920913884
352918,352935,353488,17,553,2,7200,1.03074141049
352919,352942,353499,23,557,2,7200,1.04129263914
352921,352947,353513,26,566,2,7200,1.04593639576
352937,352953,353518,16,565,2,7200,1.02831858407
352939,352959,353537,20,578,2,7200,1.03460207612
352940,352964,353530,24,566,2,7200,1.04240282686
352957,352976,353547,19,571,2,7200,1.03327495622
352958,352981,353528,23,547,2,7200,1.04204753199
352960,352986,353554,26,568,2,7200,1.04577464789
352976,352992,353556,16,564,2,7200,1.02836879433
352977,353030,353593,53,563,2,7200,1.09413854352
352979,353046,353589,67,543,2,7200,1.12338858195
353020,353082,353641,62,559,2,7200,1.11091234347
353036,353107,353669,71,562,2,7200,1.12633451957
353073,353176,353709,103,533,2,7200,1.19324577861
353098,353183,353740,85,557,2,7200,1.1526032316
353167,353212,353789,45,577,2,7200,1.07798960139
353169,353230,353794,61,564,2,7200,1.10815602837
353203,353248,353798,45,550,2,7200,1.08181818182
353222,353255,353818,33,563,2,7200,1.05861456483
353238,353272,353822,34,550,2,7200,1.06181818182
353254,353375,353947,121,572,2,7200,1.21153846154
353270,353389,353950,119,561,2,7200,1.21212121212
353365,353396,353940,31,544,2,7200,1.05698529412
353382,353402,353962,20,560,2,7200,1.03571428571
353383,353408,353945,25,537,2,7200,1.04655493482
353385,353429,353998,44,569,2,7200,1.07732864675
353401,353438,354015,37,577,2,7200,1.06412478336
353423,353446,354012,23,566,2,7200,1.0406360424
353439,353469,354040,30,571,2,7200,1.05253940455
353441,353453,354018,12,565,2,7200,1.02123893805
353442,353459,354014,17,555,2,7200,1.03063063063
353458,353475,354028,17,553,2,7200,1.03074141049
353460,353481,354042,21,561,2,7200,1.03743315508
353476,353498,354058,22,560,2,7200,1.03928571429
353478,353504,354034,26,530,2,7200,1.04905660377
353479,353510,354072,31,562,2,7200,1.05516014235
353495,353516,354081,21,565,2,7200,1.03716814159
353497,353524,354090,27,566,2,7200,1.04770318021
353513,353531,354102,18,571,2,7200,1.03152364273
353515,353539,354101,24,562,2,7200,1.04270462633
353516,353546,354108,30,562,2,7200,1.05338078292
353532,353552,354124,20,572,2,7200,1.03496503497
353534,353559,354119,25,560,2,7200,1.04464285714
353535,353566,354127,31,561,2,7200,1.05525846702
353551,353572,354143,21,571,2,7200,1.03677758319
353553,353600,354166,47,566,2,7200,1.08303886926
353569,353606,354191,37,585,2,7200,1.06324786325
353570,353652,354216,82,564,2,7200,1.14539007092
353592,353681,354235,89,554,2,7200,1.16064981949
353608,353720,354280,112,560,2,7200,1.2
353643,353751,354307,108,556,2,7200,1.19424460432
353671,353799,354345,128,546,2,7200,1.23443223443
353712,353806,354372,94,566,2,7200,1.16607773852
353743,353812,354369,69,557,2,7200,1.12387791741
353793,353830,354392,37,562,2,7200,1.06583629893
353809,353837,354395,28,558,2,7200,1.05017921147
353811,353951,354516,140,565,2,7200,1.24778761062
353827,353957,354523,130,566,2,7200,1.2296819788
353828,353963,354529,135,566,2,7200,1.23851590106
353942,353969,354534,27,565,2,7200,1.04778761062
353958,353975,354538,17,563,2,7200,1.03019538188
353960,354009,354575,49,566,2,7200,1.08657243816
353961,354023,354589,62,566,2,7200,1.10954063604
353977,354030,354597,53,567,2,7200,1.09347442681
354003,354036,354612,33,576,2,7200,1.05729166667
354019,354041,354574,22,533,2,7200,1.04127579737
354021,354047,354603,26,556,2,7200,1.04676258993
354022,354053,354624,31,571,2,7200,1.05429071804
354023,354064,354641,41,577,2,7200,1.07105719237
354040,354076,354646,36,570,2,7200,1.06315789474
354041,354070,354639,29,569,2,7200,1.05096660808
354058,354083,354642,25,559,2,7200,1.04472271914
354059,354096,354667,37,571,2,7200,1.06479859895
354075,354102,354661,27,559,2,7200,1.04830053667
354076,354112,354674,36,562,2,7200,1.0640569395
354092,354119,354684,27,565,2,7200,1.04778761062
354094,354124,354663,30,539,2,7200,1.05565862709
354110,354131,354696,21,565,2,7200,1.03716814159
354111,354138,354701,27,563,2,7200,1.04795737123
354112,354143,354709,31,566,2,7200,1.05477031802
354128,354154,354716,26,562,2,7200,1.0462633452
354130,354177,354727,47,550,2,7200,1.08545454545
354131,354202,354761,71,559,2,7200,1.12701252236
354147,354227,354789,80,562,2,7200,1.14234875445
354169,354247,354811,78,564,2,7200,1.13829787234
354195,354270,354827,75,557,2,7200,1.13464991023
354220,354291,354859,71,568,2,7200,1.125
354239,354320,354886,81,566,2,7200,1.14310954064
354283,354356,354914,73,558,2,7200,1.13082437276
354308,354381,354947,73,566,2,7200,1.12897526502
354349,354388,354951,39,563,2,7200,1.06927175844
354371,354404,354971,33,567,2,7200,1.0582010582
354387,354410,354967,23,557,2,7200,1.04129263914
354403,354528,355079,125,551,2,7200,1.22686025408
354404,354535,355105,131,570,2,7200,1.2298245614
354519,354540,355111,21,571,2,7200,1.03677758319
354535,354557,355122,22,565,2,7200,1.0389380531
354537,354563,355137,26,574,2,7200,1.04529616725
354538,354568,355131,30,563,2,7200,1.05328596803
354554,354586,355146,32,560,2,7200,1.05714285714
354576,354592,355160,16,568,2,7200,1.02816901408
354577,354600,355153,23,553,2,7200,1.04159132007
354594,354613,355190,19,577,2,7200,1.03292894281
354610,354620,355185,10,565,2,7200,1.01769911504
354611,354626,355203,15,577,2,7200,1.0259965338
354628,354650,355199,22,549,2,7200,1.04007285974
354629,354656,355215,27,559,2,7200,1.04830053667
354646,354663,355224,17,561,2,7200,1.0303030303
354647,354668,355255,21,587,2,7200,1.03577512777
354649,354674,355247,25,573,2,7200,1.04363001745
354665,354681,355254,16,573,2,7200,1.02792321117
354666,354686,355253,20,567,2,7200,1.03527336861
354668,354692,355264,24,572,2,7200,1.04195804196
354684,354699,355270,15,571,2,7200,1.02626970228
354686,354704,355268,18,564,2,7200,1.03191489362
354687,354710,355261,23,551,2,7200,1.04174228675
354704,354718,355295,14,577,2,7200,1.02426343154
354705,354725,355282,20,557,2,7200,1.03590664273
354721,354731,355298,10,567,2,7200,1.0176366843
354723,354739,355296,16,557,2,7200,1.02872531418
354739,354774,355338,35,564,2,7200,1.06205673759
354764,354800,355364,36,564,2,7200,1.06382978723
354792,354822,355368,30,546,2,7200,1.05494505495
354815,354838,355396,23,558,2,7200,1.04121863799
354831,354871,355434,40,563,2,7200,1.07104795737
354862,354897,355437,35,540,2,7200,1.06481481481
354891,354925,355480,34,555,2,7200,1.06126126126
354916,354958,355515,42,557,2,7200,1.07540394973
354950,354964,355535,14,571,2,7200,1.02451838879
354967,354978,355549,11,571,2,7200,1.01926444834
354983,354989,355531,6,542,2,7200,1.0110701107
354984,355092,355655,108,563,2,7200,1.1918294849
355083,355116,355679,33,563,2,7200,1.05861456483
355109,355123,355688,14,565,2,7200,1.02477876106
355125,355133,355699,8,566,2,7200,1.01413427562
355127,355142,355706,15,564,2,7200,1.02659574468
355143,355149,355721,6,572,2,7200,1.01048951049
355145,355158,355727,13,569,2,7200,1.02284710018
355161,355176,355758,15,582,2,7200,1.02577319588
355163,355196,355778,33,582,2,7200,1.05670103093
355164,355204,355771,40,567,2,7200,1.07054673721
355190,355211,355776,21,565,2,7200,1.03716814159
355192,355218,355795,26,577,2,7200,1.04506065858
355208,355227,355786,19,559,2,7200,1.03398926655
355210,355235,355798,25,563,2,7200,1.04440497336
355226,355259,355822,33,563,2,7200,1.05861456483
355227,355267,355827,40,560,2,7200,1.07142857143
355249,355272,355827,23,555,2,7200,1.04144144144
355266,355290,355855,24,565,2,7200,1.04247787611
355268,355295,355842,27,547,2,7200,1.04936014625
355269,355300,355868,31,568,2,7200,1.05457746479
355270,355306,355876,36,570,2,7200,1.06315789474
355272,355313,355874,41,561,2,7200,1.07308377897
355289,355318,355876,29,558,2,7200,1.05197132616
355290,355324,355887,34,563,2,7200,1.06039076377
355292,355329,355882,37,553,2,7200,1.06690777577
355308,355349,355923,41,574,2,7200,1.07142857143
355310,355376,355942,66,566,2,7200,1.11660777385
355311,355382,355946,71,564,2,7200,1.12588652482
355340,355408,355953,68,545,2,7200,1.1247706422
355368,355446,356015,78,569,2,7200,1.13708260105
355370,355453,356016,83,563,2,7200,1.14742451155
355398,355492,356065,94,573,2,7200,1.16404886562
355436,355526,356076,90,550,2,7200,1.16363636364
355452,355542,356101,90,559,2,7200,1.16100178891
355480,355548,356107,68,559,2,7200,1.12164579606
355518,355561,356095,43,534,2,7200,1.08052434457
355534,355667,356230,133,563,2,7200,1.23623445826
355551,355690,356250,139,560,2,7200,1.24821428571
355553,355699,356260,146,561,2,7200,1.26024955437
355655,355710,356278,55,568,2,7200,1.09683098592
355683,355718,356281,35,563,2,7200,1.0621669627
355699,355733,356294,34,561,2,7200,1.06060606061
355701,355739,356293,38,554,2,7200,1.06859205776
355717,355769,356302,52,533,2,7200,1.09756097561
355733,355777,356348,44,571,2,7200,1.07705779335
355735,355783,356353,48,570,2,7200,1.08421052632
355760,355790,356348,30,558,2,7200,1.05376344086
355776,355796,356372,20,576,2,7200,1.03472222222
355793,355802,356372,9,570,2,7200,1.01578947368
355794,355809,356359,15,550,2,7200,1.02727272727
355796,355815,356375,19,560,2,7200,1.03392857143
355812,355836,356401,24,565,2,7200,1.04247787611
355814,355843,356402,29,559,2,7200,1.0518783542
355830,355848,356394,18,546,2,7200,1.03296703297
355831,355854,356425,23,571,2,7200,1.04028021016
355833,355866,356425,33,559,2,7200,1.05903398927
355849,355879,356436,30,557,2,7200,1.05385996409
355865,355886,356452,21,566,2,7200,1.0371024735
355882,355893,356455,11,562,2,7200,1.01957295374
355884,355899,356468,15,569,2,7200,1.02636203866
355885,355904,356475,19,571,2,7200,1.03327495622
355886,355911,356479,25,568,2,7200,1.04401408451
355903,355935,356507,32,572,2,7200,1.05594405594
355904,355954,356527,50,573,2,7200,1.0872600349
355926,355961,356516,35,555,2,7200,1.06306306306
355946,355968,356543,22,575,2,7200,1.03826086957
355962,356027,356593,65,566,2,7200,1.1148409894
355963,356034,356613,71,579,2,7200,1.12262521589
356020,356040,356592,20,552,2,7200,1.03623188406
356021,356077,356638,56,561,2,7200,1.09982174688
356069,356087,356649,18,562,2,7200,1.03202846975
356085,356107,356681,22,574,2,7200,1.03832752613
356101,356113,356681,12,568,2,7200,1.02112676056
356102,356120,356688,18,568,2,7200,1.03169014085
356118,356242,356797,124,555,2,7200,1.22342342342
356233,356261,356827,28,566,2,7200,1.04946996466
356252,356271,356848,19,577,2,7200,1.03292894281
356268,356289,356835,21,546,2,7200,1.03846153846
356284,356296,356864,12,568,2,7200,1.02112676056
356285,356305,356856,20,551,2,7200,1.03629764065
356302,356311,356873,9,562,2,7200,1.01601423488
356303,356318,356887,15,569,2,7200,1.02636203866
356319,356360,356932,41,572,2,7200,1.07167832168
356351,356365,356917,14,552,2,7200,1.02536231884
356352,356371,356943,19,572,2,7200,1.03321678322
356369,356388,356944,19,556,2,7200,1.03417266187
356370,356394,356961,24,567,2,7200,1.04232804233
356386,356405,356968,19,563,2,7200,1.03374777975
356388,356412,356975,24,563,2,7200,1.04262877442
356389,356418,356983,29,565,2,7200,1.05132743363
356405,356438,356974,33,536,2,7200,1.06156716418
356407,356443,357012,36,569,2,7200,1.06326889279
356408,356450,357013,42,563,2,7200,1.07460035524
356428,356464,357033,36,569,2,7200,1.06326889279
356429,356470,357041,41,571,2,7200,1.07180385289
356445,356479,357043,34,564,2,7200,1.06028368794
356461,356486,357052,25,566,2,7200,1.04416961131
356463,356492,357075,29,583,2,7200,1.04974271012
356479,356503,357055,24,552,2,7200,1.04347826087
356481,356523,357081,42,558,2,7200,1.0752688172
356496,356530,357094,34,564,2,7200,1.06028368794
356512,356538,357112,26,574,2,7200,1.04529616725
356529,356556,357130,27,574,2,7200,1.04703832753
356530,356579,357140,49,561,2,7200,1.08734402852
356546,356603,357155,57,552,2,7200,1.10326086957
356593,356610,357179,17,569,2,7200,1.02987697715
356595,356624,357194,29,570,2,7200,1.05087719298
356617,356650,357244,33,594,2,7200,1.05555555556
356642,356665,357218,23,553,2,7200,1.04159132007
356658,356693,357263,35,570,2,7200,1.06140350877
356684,356698,357273,14,575,2,7200,1.02434782609
356685,356704,357274,19,570,2,7200,1.03333333333
356702,356808,357371,106,563,2,7200,1.18827708703
356800,356838,357410,38,572,2,7200,1.06643356643
356829,356846,357418,17,572,2,7200,1.02972027972
356844,356860,357418,16,558,2,7200,1.02867383513
356860,356867,357441,7,574,2,7200,1.01219512195
356862,356880,357435,18,555,2,7200,1.03243243243
356878,356887,357441,9,554,2,7200,1.01624548736
356879,356898,357441,19,543,2,7200,1.0349907919
356895,356928,357481,33,553,2,7200,1.05967450271
356920,356944,357523,24,579,2,7200,1.0414507772
356936,356950,357521,14,571,2,7200,1.02451838879
356953,356967,357537,14,570,2,7200,1.02456140351
356954,356972,357517,18,545,2,7200,1.03302752294
356970,356978,357537,8,559,2,7200,1.01431127013
356972,356984,357553,12,569,2,7200,1.02108963093
356989,356996,357565,7,569,2,7200,1.01230228471
356990,357001,357565,11,564,2,7200,1.0195035461
356991,357007,357570,16,563,2,7200,1.02841918295
357014,357023,357592,9,569,2,7200,1.0158172232
357015,357029,357598,14,569,2,7200,1.02460456942
357037,357044,357610,7,566,2,7200,1.01236749117
357054,357060,357640,6,580,2,7200,1.01034482759
357055,357067,357621,12,554,2,7200,1.02166064982
357057,357072,357645,15,573,2,7200,1.02617801047
357073,357079,357632,6,553,2,7200,1.01084990958
357089,357099,357630,10,531,2,7200,1.01883239171
357090,357105,357665,15,560,2,7200,1.02678571429
357106,357112,357678,6,566,2,7200,1.01060070671
357122,357128,357694,6,566,2,7200,1.01060070671
357138,357151,357715,13,564,2,7200,1.02304964539
357154,357167,357736,13,569,2,7200,1.02284710018
357170,357190,357757,20,567,2,7200,1.03527336861
357186,357206,357751,20,545,2,7200,1.03669724771
357202,357229,357770,27,541,2,7200,1.04990757856
357221,357255,357820,34,565,2,7200,1.06017699115
357246,357274,357831,28,557,2,7200,1.05026929982
357265,357284,357847,19,563,2,7200,1.03374777975
357281,357291,357850,10,559,2,7200,1.01788908766
357282,357338,357908,56,570,2,7200,1.09824561404
357376,357382,357951,6,569,2,7200,1.01054481547
357413,357422,357986,9,564,2,7200,1.01595744681
357429,357441,358009,12,568,2,7200,1.02112676056
357431,357447,358009,16,562,2,7200,1.02846975089
357447,357453,358009,6,556,2,7200,1.01079136691
357449,357470,358036,21,566,2,7200,1.0371024735
357450,357493,358058,43,565,2,7200,1.07610619469
357451,357529,358099,78,570,2,7200,1.13684210526
357483,357535,358086,52,551,2,7200,1.0943738657
357521,357541,358096,20,555,2,7200,1.03603603604
357537,357548,358119,11,571,2,7200,1.01926444834
357539,357554,358105,15,551,2,7200,1.02722323049
357540,357564,358117,24,553,2,7200,1.04339963834
357557,357576,358121,19,545,2,7200,1.03486238532
357558,357582,358162,24,580,2,7200,1.04137931034
357574,357588,358148,14,560,2,7200,1.025
357576,357603,358167,27,564,2,7200,1.04787234043
357577,357609,358166,32,557,2,7200,1.05745062837
357596,357621,358188,25,567,2,7200,1.04409171076
357612,357635,358190,23,555,2,7200,1.04144144144
357614,357647,358209,33,562,2,7200,1.05871886121
357630,357653,358200,23,547,2,7200,1.04204753199
357646,357659,358219,13,560,2,7200,1.02321428571
357647,357665,358228,18,563,2,7200,1.03197158082
357649,357674,358241,25,567,2,7200,1.04409171076
357650,357681,358225,31,544,2,7200,1.05698529412
357667,357694,358249,27,555,2,7200,1.04864864865
357683,357705,358276,22,571,2,7200,1.03852889667
357699,357727,358279,28,552,2,7200,1.05072463768
357718,357747,358310,29,563,2,7200,1.05150976909
357738,357762,358324,24,562,2,7200,1.04270462633
357754,357769,358319,15,550,2,7200,1.02727272727
357770,357781,358342,11,561,2,7200,1.01960784314
357786,357831,358385,45,554,2,7200,1.08122743682
357823,357844,358403,21,559,2,7200,1.03756708408
357839,357858,358415,19,557,2,7200,1.03411131059
357855,357865,358431,10,566,2,7200,1.01766784452
357856,357919,358482,63,563,2,7200,1.11190053286
357910,357963,358498,53,535,2,7200,1.09906542056
357953,357997,358559,44,562,2,7200,1.07829181495
357991,358020,358579,29,559,2,7200,1.0518783542
358014,358025,358595,11,570,2,7200,1.01929824561
358015,358031,358580,16,549,2,7200,1.029143898
358016,358047,358586,31,539,2,7200,1.05751391466
358039,358069,358630,30,561,2,7200,1.05347593583
358061,358097,358657,36,560,2,7200,1.06428571429
358089,358107,358678,18,571,2,7200,1.03152364273
358105,358113,358667,8,554,2,7200,1.01444043321
358107,358120,358686,13,566,2,7200,1.02296819788
358108,358129,358681,21,552,2,7200,1.03804347826
358125,358136,358703,11,567,2,7200,1.01940035273
358126,358142,358710,16,568,2,7200,1.02816901408
358128,358154,358719,26,565,2,7200,1.04601769912
358150,358160,358712,10,552,2,7200,1.01811594203
358166,358173,358736,7,563,2,7200,1.01243339254
358182,358188,358757,6,569,2,7200,1.01054481547
358183,358194,358763,11,569,2,7200,1.01933216169
358200,358214,358771,14,557,2,7200,1.02513464991
358201,358219,358789,18,570,2,7200,1.03157894737
358218,358225,358791,7,566,2,7200,1.01236749117
358219,358231,358797,12,566,2,7200,1.02120141343
358236,358244,358781,8,537,2,7200,1.01489757914
358237,358250,358809,13,559,2,7200,1.02325581395
358239,358257,358809,18,552,2,7200,1.03260869565
358255,358269,358809,14,540,2,7200,1.02592592593
358256,358276,358836,20,560,2,7200,1.03571428571
358279,358287,358856,8,569,2,7200,1.01405975395
358295,358322,358871,27,549,2,7200,1.04918032787
358314,358331,358884,17,553,2,7200,1.03074141049
358330,358337,358893,7,556,2,7200,1.01258992806
358331,358353,358915,22,562,2,7200,1.03914590747
358348,358396,358952,48,556,2,7200,1.08633093525
358389,358414,358965,25,551,2,7200,1.04537205082
358405,358427,358984,22,557,2,7200,1.039497307
358421,358442,359014,21,572,2,7200,1.03671328671
358437,358494,359038,57,544,2,7200,1.10477941176
358484,358509,359065,25,556,2,7200,1.04496402878
358500,358539,359118,39,579,2,7200,1.06735751295
358563,358572,359138,9,566,2,7200,1.01590106007
358582,358591,359160,9,569,2,7200,1.0158172232
358583,358597,359153,14,556,2,7200,1.02517985612
358600,358606,359163,6,557,2,7200,1.01077199282
358601,358612,359181,11,569,2,7200,1.01933216169
358633,358641,359207,8,566,2,7200,1.01413427562
358661,358673,359215,12,542,2,7200,1.0221402214
358678,358691,359251,13,560,2,7200,1.02321428571
358695,358716,359283,21,567,2,7200,1.03703703704
358696,358722,359284,26,562,2,7200,1.0462633452
358697,358730,359298,33,568,2,7200,1.05809859155
358714,358736,359303,22,567,2,7200,1.03880070547
358715,358749,359310,34,561,2,7200,1.06060606061
358717,358768,359319,51,551,2,7200,1.09255898367
358733,358775,359342,42,567,2,7200,1.07407407407
358749,358783,359340,34,557,2,7200,1.06104129264
358765,358793,359349,28,556,2,7200,1.05035971223
358766,358801,359366,35,565,2,7200,1.06194690265
358782,358808,359351,26,543,2,7200,1.04788213628
358784,358814,359378,30,564,2,7200,1.05319148936
358800,358822,359385,22,563,2,7200,1.03907637655
358802,358827,359373,25,546,2,7200,1.04578754579
358803,358833,359414,30,581,2,7200,1.05163511188
358812,359764,417382,952,57618,4,57600,1.01652261446
358812,529108,586727,170296,57619,4,57600,3.95555285583
358813,589003,646642,230190,57639,4,57600,4.99365013272
358814,707266,764870,348452,57604,4,57600,7.04909381293
358814,648989,706606,290175,57617,4,57600,6.03627401635
358815,765378,822981,406563,57603,4,57600,8.05801781157
358816,826674,884301,467858,57627,4,57600,9.11872906797
358817,884313,941949,525496,57636,4,57600,10.1174960094
358819,358852,359408,33,556,2,7200,1.05935251799
358821,358867,359423,46,556,2,7200,1.08273381295
358822,358883,359451,61,568,2,7200,1.1073943662
358838,358895,359433,57,538,2,7200,1.10594795539
358857,358905,359466,48,561,2,7200,1.08556149733
358873,358926,359497,53,571,2,7200,1.09281961471
358889,358964,359521,75,557,2,7200,1.13464991023
358905,358978,359538,73,560,2,7200,1.13035714286
358921,358996,359555,75,559,2,7200,1.13416815742
358956,359028,359566,72,538,2,7200,1.13382899628
358972,359049,359613,77,564,2,7200,1.1365248227
358988,359076,359632,88,556,2,7200,1.15827338129
359016,359130,359697,114,567,2,7200,1.20105820106
359042,359150,359729,108,579,2,7200,1.18652849741
359067,359165,359743,98,578,2,7200,1.16955017301
359120,359172,359722,52,550,2,7200,1.09454545455
359139,359178,359726,39,548,2,7200,1.07116788321
359155,359193,359768,38,575,2,7200,1.06608695652
359172,359218,359795,46,577,2,7200,1.07972270364
359173,359230,359791,57,561,2,7200,1.10160427807
359189,359264,359829,75,565,2,7200,1.13274336283
359211,359294,359859,83,565,2,7200,1.14690265487
359227,359302,359860,75,558,2,7200,1.13440860215
359255,359310,359868,55,558,2,7200,1.09856630824
359287,359317,359892,30,575,2,7200,1.05217391304
359288,359324,359878,36,554,2,7200,1.06498194946
359305,359330,359892,25,562,2,7200,1.04448398577
359306,359351,359918,45,567,2,7200,1.07936507937
359323,359357,359920,34,563,2,7200,1.06039076377
359324,359364,359931,40,567,2,7200,1.07054673721
359343,359370,359923,27,553,2,7200,1.04882459313
359344,359375,359943,31,568,2,7200,1.05457746479
359361,359382,359935,21,553,2,7200,1.03797468354
359362,359390,359963,28,573,2,7200,1.04886561955
359379,359395,359959,16,564,2,7200,1.02836879433
359381,359402,359959,21,557,2,7200,1.03770197487
359382,359420,359986,38,566,2,7200,1.06713780919
359399,359433,359991,34,558,2,7200,1.06093189964
359415,359439,360004,24,565,2,7200,1.04247787611
359416,359446,360016,30,570,2,7200,1.05263157895
359433,359463,360035,30,572,2,7200,1.05244755245
359449,359478,360016,29,538,2,7200,1.05390334572
359466,359510,360081,44,571,2,7200,1.07705779335
359482,359532,360095,50,563,2,7200,1.08880994671
359500,359550,360096,50,546,2,7200,1.09157509158
359523,359567,360127,44,560,2,7200,1.07857142857
359542,359577,360136,35,559,2,7200,1.0626118068
359558,359624,360177,66,553,2,7200,1.11934900542
359574,359644,360199,70,555,2,7200,1.12612612613
359615,359708,360267,93,559,2,7200,1.16636851521
359634,359734,360275,100,541,2,7200,1.18484288355
359699,359741,360290,42,549,2,7200,1.07650273224
359724,359747,360315,23,568,2,7200,1.04049295775
359740,359753,360316,13,563,2,7200,1.02309058615
359742,359758,360309,16,551,2,7200,1.02903811252
359758,359814,360379,56,565,2,7200,1.09911504425
359774,359819,360381,45,562,2,7200,1.08007117438
359793,359825,360382,32,557,2,7200,1.05745062837
359809,359842,360388,33,546,2,7200,1.06043956044
359831,359847,360397,16,550,2,7200,1.02909090909
359863,359870,360428,7,558,2,7200,1.01254480287
359865,359876,360439,11,563,2,7200,1.01953818828
359881,359887,360454,6,567,2,7200,1.01058201058
359882,359894,360462,12,568,2,7200,1.02112676056
359898,359906,360478,8,572,2,7200,1.01398601399
359900,359911,360471,11,560,2,7200,1.01964285714
359922,359929,360497,7,568,2,7200,1.01232394366
359924,359935,360499,11,564,2,7200,1.0195035461
359940,359949,360517,9,568,2,7200,1.01584507042
359941,359954,360516,13,562,2,7200,1.0231316726
359943,359959,360529,16,570,2,7200,1.02807017544
359959,359965,360518,6,553,2,7200,1.01084990958
359961,359972,360542,11,570,2,7200,1.01929824561
359977,359985,360547,8,562,2,7200,1.01423487544
359978,359992,360551,14,559,2,7200,1.02504472272
359995,360001,360559,6,558,2,7200,1.01075268817
359996,360008,360573,12,565,2,7200,1.02123893805
360012,360018,360567,6,549,2,7200,1.01092896175
360028,360046,360608,18,562,2,7200,1.03202846975
360030,360092,360651,62,559,2,7200,1.11091234347
360045,360106,360676,61,570,2,7200,1.10701754386
360083,360113,360653,30,540,2,7200,1.05555555556
360099,360138,360710,39,572,2,7200,1.06818181818
360101,360148,360720,47,572,2,7200,1.08216783217
360129,360155,360703,26,548,2,7200,1.04744525547
360145,360184,360758,39,574,2,7200,1.06794425087
360180,360190,360751,10,561,2,7200,1.01782531194
360202,360211,360764,9,553,2,7200,1.01627486438
360270,360278,360841,8,563,2,7200,1.01420959147
360286,360301,360871,15,570,2,7200,1.02631578947
360302,360320,360881,18,561,2,7200,1.0320855615
360318,360327,360885,9,558,2,7200,1.01612903226
360319,360333,360892,14,559,2,7200,1.02504472272
360321,360390,360947,69,557,2,7200,1.12387791741
360384,360397,360964,13,567,2,7200,1.02292768959
360385,360403,360952,18,549,2,7200,1.03278688525
360386,360409,360976,23,567,2,7200,1.0405643739
360403,360415,360980,12,565,2,7200,1.02123893805
360404,360439,361011,35,572,2,7200,1.06118881119
360432,360450,361009,18,559,2,7200,1.03220035778
360448,360466,361027,18,561,2,7200,1.0320855615
360464,360473,361029,9,556,2,7200,1.01618705036
360465,360482,361065,17,583,2,7200,1.02915951973
360482,360505,361076,23,571,2,7200,1.04028021016
360483,360511,361058,28,547,2,7200,1.05118829982
360499,360517,361080,18,563,2,7200,1.03197158082
360515,360527,361088,12,561,2,7200,1.02139037433
360532,360541,361112,9,571,2,7200,1.01576182137
360533,360547,361107,14,560,2,7200,1.025
360534,360553,361103,19,550,2,7200,1.03454545455
360536,360559,361126,23,567,2,7200,1.0405643739
360552,360564,361124,12,560,2,7200,1.02142857143
360554,360571,361143,17,572,2,7200,1.02972027972
360555,360577,361146,22,569,2,7200,1.03866432337
360572,360583,361154,11,571,2,7200,1.01926444834
360573,360589,361147,16,558,2,7200,1.02867383513
360589,360619,361183,30,564,2,7200,1.05319148936
360611,360641,361192,30,551,2,7200,1.05444646098
360656,360662,361237,6,575,2,7200,1.01043478261
360657,360668,361228,11,560,2,7200,1.01964285714
360679,360688,361237,9,549,2,7200,1.01639344262
360705,360716,361284,11,568,2,7200,1.01936619718
360721,360727,361288,6,561,2,7200,1.01069518717
360722,360733,361297,11,564,2,7200,1.0195035461
360754,360762,361302,8,540,2,7200,1.01481481481
360771,360782,361337,11,555,2,7200,1.01981981982
360772,360852,361419,80,567,2,7200,1.14109347443
360843,360882,361440,39,558,2,7200,1.06989247312
360875,360893,361461,18,568,2,7200,1.03169014085
360891,360900,361464,9,564,2,7200,1.01595744681
360893,360907,361472,14,565,2,7200,1.02477876106
360909,360958,361534,49,576,2,7200,1.08506944444
360950,360965,361524,15,559,2,7200,1.02683363148
360966,360975,361539,9,564,2,7200,1.01595744681
360967,360981,361562,14,581,2,7200,1.02409638554
360984,361000,361575,16,575,2,7200,1.02782608696
360985,361020,361588,35,568,2,7200,1.06161971831
361011,361027,361602,16,575,2,7200,1.02782608696
361012,361037,361586,25,549,2,7200,1.04553734062
361033,361044,361615,11,571,2,7200,1.01926444834
361034,361050,361606,16,556,2,7200,1.02877697842
361063,361069,361636,6,567,2,7200,1.01058201058
361079,361085,361649,6,564,2,7200,1.01063829787
361080,361091,361653,11,562,2,7200,1.01957295374
361096,361102,361668,6,566,2,7200,1.01060070671
361097,361108,361682,11,574,2,7200,1.01916376307
361114,361121,361687,7,566,2,7200,1.01236749117
361115,361127,361673,12,546,2,7200,1.02197802198
361117,361135,361692,18,557,2,7200,1.03231597846
361133,361147,361720,14,573,2,7200,1.02443280977
361134,361154,361720,20,566,2,7200,1.03533568905
361151,361167,361728,16,561,2,7200,1.02852049911
361152,361172,361747,20,575,2,7200,1.0347826087
361153,361177,361725,24,548,2,7200,1.04379562044
361169,361183,361743,14,560,2,7200,1.025
361186,361194,361758,8,564,2,7200,1.01418439716
361201,361239,361777,38,538,2,7200,1.07063197026
361230,361248,361814,18,566,2,7200,1.03180212014
361246,361254,361809,8,555,2,7200,1.01441441441
361248,361286,361851,38,565,2,7200,1.06725663717
361285,361295,361864,10,569,2,7200,1.01757469244
361302,361308,361867,6,559,2,7200,1.01073345259
361303,361315,361876,12,561,2,7200,1.02139037433
361304,361321,361876,17,555,2,7200,1.03063063063
361339,361348,361914,9,566,2,7200,1.01590106007
361423,361430,361991,7,561,2,7200,1.01247771836
361442,361451,362013,9,562,2,7200,1.01601423488
361464,361473,362029,9,556,2,7200,1.01618705036
361481,361497,362045,16,548,2,7200,1.02919708029
361482,361535,362098,53,563,2,7200,1.09413854352
361526,361545,362109,19,564,2,7200,1.03368794326
361542,361557,362116,15,559,2,7200,1.02683363148
361543,361573,362122,30,549,2,7200,1.05464480874
361565,361586,362154,21,568,2,7200,1.03697183099
361581,361604,362174,23,570,2,7200,1.04035087719
361597,361609,362147,12,538,2,7200,1.02230483271
361599,361615,362159,16,544,2,7200,1.02941176471
361615,361621,362185,6,564,2,7200,1.01063829787
361617,361628,362186,11,558,2,7200,1.01971326165
361618,361645,362203,27,558,2,7200,1.04838709677
361640,361651,362214,11,563,2,7200,1.01953818828
361657,361663,362245,6,582,2,7200,1.01030927835
361658,361669,362252,11,583,2,7200,1.01886792453
361674,361680,362245,6,565,2,7200,1.01061946903
361676,361686,362240,10,554,2,7200,1.01805054152
361692,361701,362263,9,562,2,7200,1.01601423488
361693,361707,362273,14,566,2,7200,1.02473498233
361695,361713,362283,18,570,2,7200,1.03157894737
361724,361730,362278,6,548,2,7200,1.01094890511
361725,361737,362294,12,557,2,7200,1.02154398564
361741,361748,362322,7,574,2,7200,1.01219512195
361743,361754,362289,11,535,2,7200,1.02056074766
361759,361766,362308,7,542,2,7200,1.01291512915
361761,361772,362341,11,569,2,7200,1.01933216169
361762,361778,362342,16,564,2,7200,1.02836879433
361781,361790,362364,9,574,2,7200,1.01567944251
361814,361823,362380,9,557,2,7200,1.01615798923
361830,361836,362398,6,562,2,7200,1.01067615658
361855,361863,362441,8,578,2,7200,1.01384083045
361871,361887,362452,16,565,2,7200,1.02831858407
361873,361893,362459,20,566,2,7200,1.03533568905
361889,361904,362461,15,557,2,7200,1.02692998205
361891,361925,362487,34,562,2,7200,1.06049822064
361916,361967,362533,51,566,2,7200,1.09010600707
361994,362003,362567,9,564,2,7200,1.01595744681
362017,362029,362597,12,568,2,7200,1.02112676056
362033,362042,362611,9,569,2,7200,1.0158172232
362049,362058,362618,9,560,2,7200,1.01607142857
362103,362113,362671,10,558,2,7200,1.01792114695
362119,362132,362697,13,565,2,7200,1.02300884956
362120,362139,362701,19,562,2,7200,1.03380782918
362136,362158,362715,22,557,2,7200,1.039497307
362152,362166,362742,14,576,2,7200,1.02430555556
362168,362185,362736,17,551,2,7200,1.03085299456
362170,362197,362754,27,557,2,7200,1.04847396768
362186,362203,362771,17,568,2,7200,1.02992957746
362188,362214,362779,26,565,2,7200,1.04601769912
362204,362224,362784,20,560,2,7200,1.03571428571
362206,362230,362803,24,573,2,7200,1.04188481675
362222,362251,362818,29,567,2,7200,1.05114638448
362245,362257,362820,12,563,2,7200,1.02131438721
362261,362277,362852,16,575,2,7200,1.02782608696
362263,362282,362839,19,557,2,7200,1.03411131059
362264,362288,362850,24,562,2,7200,1.04270462633
362281,362296,362868,15,572,2,7200,1.02622377622
362283,362301,362858,18,557,2,7200,1.03231597846
362284,362308,362862,24,554,2,7200,1.04332129964
362301,362313,362876,12,563,2,7200,1.02131438721
362302,362319,362877,17,558,2,7200,1.03046594982
362303,362326,362869,23,543,2,7200,1.0423572744
362319,362334,362892,15,558,2,7200,1.02688172043
362336,362352,362919,16,567,2,7200,1.02821869489
362352,362359,362922,7,563,2,7200,1.01243339254
362353,362375,362936,22,561,2,7200,1.03921568627
362369,362391,362968,22,577,2,7200,1.03812824957
362372,362458,506497,86,144039,1,144000,1.00059706052
362385,362409,362980,24,571,2,7200,1.04203152364
362401,362416,362972,15,556,2,7200,1.02697841727
362445,362452,363034,7,582,2,7200,1.01202749141
362462,362526,363081,64,555,2,7200,1.11531531532
362463,362531,363083,68,552,2,7200,1.1231884058
362465,362536,363103,71,567,2,7200,1.12522045855
362490,362542,363114,52,572,2,7200,1.09090909091
362538,362549,363110,11,561,2,7200,1.01960784314
362570,362577,363149,7,572,2,7200,1.01223776224
362602,362608,363168,6,560,2,7200,1.01071428571
362618,362624,363195,6,571,2,7200,1.01050788091
362634,362640,363208,6,568,2,7200,1.01056338028
362675,362681,363228,6,547,2,7200,1.01096892139
362700,362706,363277,6,571,2,7200,1.01050788091
362716,362723,363287,7,564,2,7200,1.01241134752
362718,362730,363292,12,562,2,7200,1.02135231317
362740,362746,363297,6,551,2,7200,1.0108892922
362756,362762,363325,6,563,2,7200,1.01065719361
362758,362769,363324,11,555,2,7200,1.01981981982
362774,362780,363346,6,566,2,7200,1.01060070671
362790,362796,363348,6,552,2,7200,1.01086956522
362792,362802,363379,10,577,2,7200,1.01733102253
362808,362814,363385,6,571,2,7200,1.01050788091
362824,362830,363389,6,559,2,7200,1.01073345259
362826,362837,363407,11,570,2,7200,1.01929824561
362842,362848,363398,6,550,2,7200,1.01090909091
362858,362865,363427,7,562,2,7200,1.01245551601
362860,362872,363438,12,566,2,7200,1.02120141343
362861,362877,363440,16,563,2,7200,1.02841918295
362879,362885,363458,6,573,2,7200,1.01047120419
362880,362891,363469,11,578,2,7200,1.01903114187
362882,362897,363450,15,553,2,7200,1.02712477396
362883,362902,363459,19,557,2,7200,1.03411131059
362885,362908,363465,23,557,2,7200,1.04129263914
362901,362914,363469,13,555,2,7200,1.02342342342
362923,362929,363482,6,553,2,7200,1.01084990958
362924,362936,363495,12,559,2,7200,1.02146690519
362941,362947,363515,6,568,2,7200,1.01056338028
362973,362979,363548,6,569,2,7200,1.01054481547
362974,362985,363531,11,546,2,7200,1.02014652015
362990,362996,363555,6,559,2,7200,1.01073345259
363037,363043,363608,6,565,2,7200,1.01061946903
363085,363091,363654,6,563,2,7200,1.01065719361
363086,363097,363665,11,568,2,7200,1.01936619718
363106,363111,363675,5,564,2,7200,1.00886524823
363122,363128,363703,6,575,2,7200,1.01043478261
363123,363134,363685,11,551,2,7200,1.01996370236
363152,363158,363731,6,573,2,7200,1.01047120419
363171,363177,363736,6,559,2,7200,1.01073345259
363199,363205,363771,6,566,2,7200,1.01060070671
363215,363221,363800,6,579,2,7200,1.0103626943
363231,363237,363802,6,565,2,7200,1.01061946903
363281,363287,363861,6,574,2,7200,1.01045296167
363298,363304,363856,6,552,2,7200,1.01086956522
363300,363312,363899,12,587,2,7200,1.02044293015
363301,363317,363881,16,564,2,7200,1.02836879433
363327,363333,363903,6,570,2,7200,1.01052631579
363328,363340,363906,12,566,2,7200,1.02120141343
363348,363354,363898,6,544,2,7200,1.01102941176
363349,363361,363921,12,560,2,7200,1.02142857143
363381,363387,363942,6,555,2,7200,1.01081081081
363398,363404,363953,6,549,2,7200,1.01092896175
363399,363411,363966,12,555,2,7200,1.02162162162
363401,363416,363979,15,563,2,7200,1.02664298401
363417,363423,363994,6,571,2,7200,1.01050788091
363433,363440,364009,7,569,2,7200,1.01230228471
363450,363456,364017,6,561,2,7200,1.01069518717
363451,363463,364021,12,558,2,7200,1.02150537634
363453,363468,364020,15,552,2,7200,1.02717391304
363470,363477,364062,7,585,2,7200,1.01196581197
363472,363484,364033,12,549,2,7200,1.0218579235
363473,363489,364052,16,563,2,7200,1.02841918295
363475,363494,364054,19,560,2,7200,1.03392857143
363476,363500,364068,24,568,2,7200,1.04225352113
363493,363507,364070,14,563,2,7200,1.02486678508
363509,363516,364082,7,566,2,7200,1.01236749117
363525,363532,364093,7,561,2,7200,1.01247771836
363541,363548,364111,7,563,2,7200,1.01243339254
363558,363564,364113,6,549,2,7200,1.01092896175
363559,363571,364140,12,569,2,7200,1.02108963093
363610,363616,364182,6,566,2,7200,1.01060070671
363657,363663,364231,6,568,2,7200,1.01056338028
363673,363679,364237,6,558,2,7200,1.01075268817
363690,363696,364263,6,567,2,7200,1.01058201058
363691,363702,364271,11,569,2,7200,1.01933216169
363707,363713,364284,6,571,2,7200,1.01050788091
363735,363741,364300,6,559,2,7200,1.01073345259
363751,363758,364319,7,561,2,7200,1.01247771836
363774,363780,364344,6,564,2,7200,1.01063829787
363802,363808,364376,6,568,2,7200,1.01056338028
363804,363815,364381,11,566,2,7200,1.01943462898
363860,363866,364414,6,548,2,7200,1.01094890511
363876,363882,364435,6,553,2,7200,1.01084990958
363892,363898,364446,6,548,2,7200,1.01094890511
363908,363914,364470,6,556,2,7200,1.01079136691
363910,363920,364481,10,561,2,7200,1.01782531194
363911,363925,364505,14,580,2,7200,1.02413793103
363912,363931,364504,19,573,2,7200,1.03315881326
363929,363937,364494,8,557,2,7200,1.01436265709
363944,363951,364517,7,566,2,7200,1.01236749117
363960,363966,364522,6,556,2,7200,1.01079136691
363976,363982,364538,6,556,2,7200,1.01079136691
363992,363999,364565,7,566,2,7200,1.01236749117
364008,364015,364577,7,562,2,7200,1.01245551601
364025,364031,364590,6,559,2,7200,1.01073345259
364026,364037,364538,11,501,2,7200,1.02195608782
364028,364043,364597,15,554,2,7200,1.02707581227
364029,364048,364614,19,566,2,7200,1.03356890459
364045,364054,364623,9,569,2,7200,1.0158172232
364061,364067,364612,6,545,2,7200,1.01100917431
364063,364073,364641,10,568,2,7200,1.0176056338
364079,364085,364645,6,560,2,7200,1.01071428571
364080,364091,364645,11,554,2,7200,1.01985559567
364082,364096,364615,14,519,2,7200,1.02697495183
364099,364104,364666,5,562,2,7200,1.00889679715
364100,364110,364662,10,552,2,7200,1.01811594203
364116,364122,364678,6,556,2,7200,1.01079136691
364117,364128,364686,11,558,2,7200,1.01971326165
364143,364149,364721,6,572,2,7200,1.01048951049
364187,364193,364755,6,562,2,7200,1.01067615658
364233,364240,364810,7,570,2,7200,1.01228070175
364249,364255,364823,6,568,2,7200,1.01056338028
364265,364271,364831,6,560,2,7200,1.01071428571
364281,364287,364848,6,561,2,7200,1.01069518717
364297,364303,364846,6,543,2,7200,1.01104972376
364313,364319,364886,6,567,2,7200,1.01058201058
364329,364335,364906,6,571,2,7200,1.01050788091
364348,364354,364918,6,564,2,7200,1.01063829787
364380,364386,364946,6,560,2,7200,1.01071428571
364395,364402,364961,7,559,2,7200,1.01252236136
364418,364424,364986,6,562,2,7200,1.01067615658
364440,364446,365018,6,572,2,7200,1.01048951049
364456,364462,365025,6,563,2,7200,1.01065719361
364475,364481,365044,6,563,2,7200,1.01065719361
364491,364497,365052,6,555,2,7200,1.01081081081
364507,364513,365076,6,563,2,7200,1.01065719361
364508,364519,365076,11,557,2,7200,1.0197486535
364510,364525,365070,15,545,2,7200,1.02752293578
364526,364533,365090,7,557,2,7200,1.01256732496
364528,364539,365093,11,554,2,7200,1.01985559567
364544,364550,365118,6,568,2,7200,1.01056338028
364545,364556,365126,11,570,2,7200,1.01929824561
364568,364574,365150,6,576,2,7200,1.01041666667
364583,364589,365140,6,551,2,7200,1.0108892922
364599,364606,365181,7,575,2,7200,1.01217391304
364601,364612,365195,11,583,2,7200,1.01886792453
364617,364623,365207,6,584,2,7200,1.0102739726
364619,364629,365189,10,560,2,7200,1.01785714286
364620,364635,365210,15,575,2,7200,1.02608695652
364636,364642,365192,6,550,2,7200,1.01090909091
364652,364659,365227,7,568,2,7200,1.01232394366
364654,364665,365227,11,562,2,7200,1.01957295374
364655,364670,365225,15,555,2,7200,1.02702702703
364671,364677,365239,6,562,2,7200,1.01067615658
364672,364683,365244,11,561,2,7200,1.01960784314
364689,364695,365257,6,562,2,7200,1.01067615658
364690,364701,365227,11,526,2,7200,1.02091254753
364725,364731,365295,6,564,2,7200,1.01063829787
364756,364762,365317,6,555,2,7200,1.01081081081
364813,364819,365372,6,553,2,7200,1.01084990958
364829,364835,365399,6,564,2,7200,1.01063829787
364845,364851,365408,6,557,2,7200,1.01077199282
364861,364867,365435,6,568,2,7200,1.01056338028
364863,364873,365440,10,567,2,7200,1.0176366843
364888,364894,365466,6,572,2,7200,1.01048951049
364910,364917,365474,7,557,2,7200,1.01256732496
364926,364932,365497,6,565,2,7200,1.01061946903
364949,364955,365526,6,571,2,7200,1.01050788091
364965,364971,365529,6,558,2,7200,1.01075268817
364990,364996,365553,6,557,2,7200,1.01077199282
365021,365027,365604,6,577,2,7200,1.01039861352
365037,365043,365610,6,567,2,7200,1.01058201058
365053,365059,365629,6,570,2,7200,1.01052631579
365054,365065,365634,11,569,2,7200,1.01933216169
365074,365080,365648,6,568,2,7200,1.01056338028
365090,365097,365659,7,562,2,7200,1.01245551601
365092,365103,365671,11,568,2,7200,1.01936619718
365093,365108,365673,15,565,2,7200,1.02654867257
365109,365115,365693,6,578,2,7200,1.01038062284
365126,365132,365700,6,568,2,7200,1.01056338028
365142,365148,365720,6,572,2,7200,1.01048951049
365143,365154,365708,11,554,2,7200,1.01985559567
365159,365166,365728,7,562,2,7200,1.01245551601
365185,365191,365762,6,571,2,7200,1.01050788091
365201,365207,365767,6,560,2,7200,1.01071428571
365202,365213,365781,11,568,2,7200,1.01936619718
365204,365218,365780,14,562,2,7200,1.02491103203
365221,365227,365786,6,559,2,7200,1.01073345259
365222,365233,365802,11,569,2,7200,1.01933216169
365239,365245,365808,6,563,2,7200,1.01065719361
365240,365251,365827,11,576,2,7200,1.01909722222
365242,365257,365829,15,572,2,7200,1.02622377622
365243,365262,365837,19,575,2,7200,1.03304347826
365245,365267,365831,22,564,2,7200,1.0390070922
365261,365273,365842,12,569,2,7200,1.02108963093
365262,365279,365834,17,555,2,7200,1.03063063063
365298,365304,365868,6,564,2,7200,1.01063829787
365320,365326,365865,6,539,2,7200,1.01113172542
365376,365382,365948,6,566,2,7200,1.01060070671
365401,365407,365972,6,565,2,7200,1.01061946903
365417,365423,365993,6,570,2,7200,1.01052631579
365436,365443,366008,7,565,2,7200,1.01238938053
365452,365458,366010,6,552,2,7200,1.01086956522
365468,365474,366043,6,569,2,7200,1.01054481547
365484,365491,366057,7,566,2,7200,1.01236749117
365500,365507,366077,7,570,2,7200,1.01228070175
365529,365535,366105,6,570,2,7200,1.01052631579
365530,365541,366108,11,567,2,7200,1.01940035273
365556,365562,366123,6,561,2,7200,1.01069518717
365606,365612,366173,6,561,2,7200,1.01069518717
365622,365628,366211,6,583,2,7200,1.0102915952
365638,365644,366213,6,569,2,7200,1.01054481547
365639,365651,366215,12,564,2,7200,1.02127659574
365655,365662,366213,7,551,2,7200,1.01270417423
365672,365678,366240,6,562,2,7200,1.01067615658
365673,365685,366245,12,560,2,7200,1.02142857143
365689,365696,366257,7,561,2,7200,1.01247771836
365706,365712,366262,6,550,2,7200,1.01090909091
365707,365718,366291,11,573,2,7200,1.01919720768
365724,365730,366288,6,558,2,7200,1.01075268817
365726,365737,366311,11,574,2,7200,1.01916376307
365742,365748,366302,6,554,2,7200,1.01083032491
365764,365770,366335,6,565,2,7200,1.01061946903
365780,365786,366358,6,572,2,7200,1.01048951049
365797,365804,366364,7,560,2,7200,1.0125
365798,365810,366394,12,584,2,7200,1.02054794521
365800,365816,366361,16,545,2,7200,1.02935779817
365816,365822,366387,6,565,2,7200,1.01061946903
365817,365828,366391,11,563,2,7200,1.01953818828
365835,365840,366415,5,575,2,7200,1.00869565217
365836,365848,366400,12,552,2,7200,1.02173913043
365837,365853,366424,16,571,2,7200,1.02802101576
365839,365858,366429,19,571,2,7200,1.03327495622
365856,365865,366429,9,564,2,7200,1.01595744681
365857,365871,366439,14,568,2,7200,1.02464788732
365874,365880,366447,6,567,2,7200,1.01058201058
365876,365886,366442,10,556,2,7200,1.01798561151
365950,365956,366530,6,574,2,7200,1.01045296167
365976,365982,366542,6,560,2,7200,1.01071428571
365995,366001,366567,6,566,2,7200,1.01060070671
366011,366018,366578,7,560,2,7200,1.0125
366013,366024,366586,11,562,2,7200,1.01957295374
366045,366051,366610,6,559,2,7200,1.01073345259
366061,366067,366622,6,555,2,7200,1.01081081081
366080,366086,366649,6,563,2,7200,1.01065719361
366109,366115,366682,6,567,2,7200,1.01058201058
366111,366122,366686,11,564,2,7200,1.0195035461
366127,366133,366706,6,573,2,7200,1.01047120419
366177,366183,366741,6,558,2,7200,1.01075268817
366216,366222,366786,6,564,2,7200,1.01063829787
366217,366229,366811,12,582,2,7200,1.0206185567
366219,366234,366788,15,554,2,7200,1.02707581227
366234,366241,366818,7,577,2,7200,1.01213171577
366251,366257,366808,6,551,2,7200,1.0108892922
366252,366263,366832,11,569,2,7200,1.01933216169
366268,366274,366841,6,567,2,7200,1.01058201058
366270,366281,366851,11,570,2,7200,1.01929824561
366289,366295,366867,6,572,2,7200,1.01048951049
366306,366312,366894,6,582,2,7200,1.01030927835
366307,366318,366885,11,567,2,7200,1.01940035273
366323,366329,366878,6,549,2,7200,1.01092896175
366339,366345,366910,6,565,2,7200,1.01061946903
366362,366368,366922,6,554,2,7200,1.01083032491
366363,366375,366938,12,563,2,7200,1.02131438721
366379,366385,366938,6,553,2,7200,1.01084990958
366396,366402,366984,6,582,2,7200,1.01030927835
366397,366410,366980,13,570,2,7200,1.02280701754
366399,366415,366977,16,562,2,7200,1.02846975089
366415,366421,366983,6,562,2,7200,1.01067615658
366431,366438,367004,7,566,2,7200,1.01236749117
366433,366444,367023,11,579,2,7200,1.01899827288
366434,366450,367021,16,571,2,7200,1.02802101576
366435,366455,367015,20,560,2,7200,1.03571428571
366453,366462,367023,9,561,2,7200,1.01604278075
366454,366467,367011,13,544,2,7200,1.02389705882
366455,366472,367033,17,561,2,7200,1.0303030303
366534,366540,367108,6,568,2,7200,1.01056338028
366549,366555,367127,6,572,2,7200,1.01048951049
366572,366578,367122,6,544,2,7200,1.01102941176
366588,366594,367155,6,561,2,7200,1.01069518717
366589,366600,367165,11,565,2,7200,1.01946902655
366611,366618,367187,7,569,2,7200,1.01230228471
366627,366633,367209,6,576,2,7200,1.01041666667
366653,366659,367227,6,568,2,7200,1.01056338028
366684,366691,367251,7,560,2,7200,1.0125
366700,366706,367274,6,568,2,7200,1.01056338028
366716,366722,367280,6,558,2,7200,1.01075268817
366745,366751,367317,6,566,2,7200,1.01060070671
366789,366795,367350,6,555,2,7200,1.01081081081
366790,366801,367368,11,567,2,7200,1.01940035273
366813,366819,367374,6,555,2,7200,1.01081081081
366814,366825,367379,11,554,2,7200,1.01985559567
366830,366837,367400,7,563,2,7200,1.01243339254
366847,366852,367412,5,560,2,7200,1.00892857143
366848,366858,367422,10,564,2,7200,1.01773049645
366864,366870,367435,6,565,2,7200,1.01061946903
366880,366886,367454,6,568,2,7200,1.01056338028
366881,366892,367461,11,569,2,7200,1.01933216169
366897,366904,367460,7,556,2,7200,1.01258992806
366899,366910,367476,11,566,2,7200,1.01943462898
366915,366921,367498,6,577,2,7200,1.01039861352
366930,366937,367489,7,552,2,7200,1.01268115942
366946,366953,367520,7,567,2,7200,1.01234567901
366948,366958,367534,10,576,2,7200,1.01736111111
366980,366986,367542,6,556,2,7200,1.01079136691
366981,366992,367564,11,572,2,7200,1.01923076923
366998,367004,367578,6,574,2,7200,1.01045296167
366999,367010,367575,11,565,2,7200,1.01946902655
367016,367022,367571,6,549,2,7200,1.01092896175
367017,367029,367602,12,573,2,7200,1.02094240838
367018,367034,367602,16,568,2,7200,1.02816901408
367035,367041,367587,6,546,2,7200,1.01098901099
367037,367048,367614,11,566,2,7200,1.01943462898
367038,367053,367622,15,569,2,7200,1.02636203866
367039,367059,367629,20,570,2,7200,1.0350877193
367112,367118,367681,6,563,2,7200,1.01065719361
367128,367134,367681,6,547,2,7200,1.01096892139
367129,367140,367705,11,565,2,7200,1.01946902655
367158,367164,367723,6,559,2,7200,1.01073345259
367173,367180,367755,7,575,2,7200,1.01217391304
367190,367196,367759,6,563,2,7200,1.01065719361
367212,367218,367780,6,562,2,7200,1.01067615658
367231,367237,367785,6,548,2,7200,1.01094890511
367253,367259,367828,6,569,2,7200,1.01054481547
367275,367281,367836,6,555,2,7200,1.01081081081
367291,367297,367852,6,555,2,7200,1.01081081081
367319,367326,367874,7,548,2,7200,1.01277372263
367354,367360,367923,6,563,2,7200,1.01065719361
367370,367376,367916,6,540,2,7200,1.01111111111
367386,367392,367947,6,555,2,7200,1.01081081081
367388,367398,367974,10,576,2,7200,1.01736111111
367404,367410,367990,6,580,2,7200,1.01034482759
367420,367426,367991,6,565,2,7200,1.01061946903
367436,367442,368000,6,558,2,7200,1.01075268817
367437,367448,368008,11,560,2,7200,1.01964285714
367457,367463,368025,6,562,2,7200,1.01067615658
367458,367469,368036,11,567,2,7200,1.01940035273
367475,367481,368055,6,574,2,7200,1.01045296167
367491,367497,368052,6,555,2,7200,1.01081081081
367492,367503,368067,11,564,2,7200,1.0195035461
367508,367514,368063,6,549,2,7200,1.01092896175
367524,367530,368083,6,553,2,7200,1.01084990958
367540,367546,368116,6,570,2,7200,1.01052631579
367556,367562,368114,6,552,2,7200,1.01086956522
367572,367579,368127,7,548,2,7200,1.01277372263
367574,367585,368166,11,581,2,7200,1.01893287435
367590,367596,368161,6,565,2,7200,1.01061946903
367592,367602,368163,10,561,2,7200,1.01782531194
367593,367608,368176,15,568,2,7200,1.0264084507
367610,367616,368172,6,556,2,7200,1.01079136691
367611,367622,368168,11,546,2,7200,1.02014652015
367628,367634,368200,6,566,2,7200,1.01060070671
367629,367640,368197,11,557,2,7200,1.0197486535
367646,367652,368197,6,545,2,7200,1.01100917431
367684,367690,368234,6,544,2,7200,1.01102941176
367685,367696,368246,11,550,2,7200,1.02
367708,367714,368268,6,554,2,7200,1.01083032491
367727,367733,368276,6,543,2,7200,1.01104972376
367759,367765,368345,6,580,2,7200,1.01034482759
367775,367781,368335,6,554,2,7200,1.01083032491
367791,367797,368362,6,565,2,7200,1.01061946903
367792,367803,368369,11,566,2,7200,1.01943462898
367830,367836,368403,6,567,2,7200,1.01058201058
367846,367852,368426,6,574,2,7200,1.01045296167
367862,367868,368432,6,564,2,7200,1.01063829787
367878,367884,368443,6,559,2,7200,1.01073345259
367919,367926,368482,7,556,2,7200,1.01258992806
367935,367941,368512,6,571,2,7200,1.01050788091
367951,367957,368510,6,553,2,7200,1.01084990958
367976,367982,368543,6,561,2,7200,1.01069518717
367992,367998,368549,6,551,2,7200,1.0108892922
367994,368004,368573,10,569,2,7200,1.01757469244
368010,368016,368587,6,571,2,7200,1.01050788091
368012,368022,368585,10,563,2,7200,1.01776198934
368027,368034,368603,7,569,2,7200,1.01230228471
368043,368050,368616,7,566,2,7200,1.01236749117
368060,368066,368631,6,565,2,7200,1.01061946903
368061,368072,368632,11,560,2,7200,1.01964285714
368077,368083,368654,6,571,2,7200,1.01050788091
368078,368089,368651,11,562,2,7200,1.01957295374
368094,368100,368645,6,545,2,7200,1.01100917431
368117,368123,368688,6,565,2,7200,1.01061946903
368118,368129,368699,11,570,2,7200,1.01929824561
368134,368140,368685,6,545,2,7200,1.01100917431
368163,368169,368726,6,557,2,7200,1.01077199282
368180,368186,368751,6,565,2,7200,1.01061946903
368181,368192,368749,11,557,2,7200,1.0197486535
368183,368197,368750,14,553,2,7200,1.0253164557
368184,368203,368770,19,567,2,7200,1.03350970018
368185,368208,368766,23,558,2,7200,1.04121863799
368202,368214,368779,12,565,2,7200,1.02123893805
368204,368220,368785,16,565,2,7200,1.02831858407
368205,368225,368782,20,557,2,7200,1.03590664273
368237,368243,368820,6,577,2,7200,1.01039861352
368253,368259,368826,6,567,2,7200,1.01058201058
368272,368278,368846,6,568,2,7200,1.01056338028
368288,368294,368843,6,549,2,7200,1.01092896175
368338,368344,368917,6,573,2,7200,1.01047120419
368354,368360,368925,6,565,2,7200,1.01061946903
368370,368376,368936,6,560,2,7200,1.01071428571
368371,368382,368922,11,540,2,7200,1.02037037037
368400,368406,368976,6,570,2,7200,1.01052631579
368429,368435,368998,6,563,2,7200,1.01065719361
368445,368451,368994,6,543,2,7200,1.01104972376
368446,368457,369027,11,570,2,7200,1.01929824561
368484,368490,369064,6,574,2,7200,1.01045296167
368513,368519,369070,6,551,2,7200,1.0108892922
368514,368525,369078,11,553,2,7200,1.0198915009
368546,368552,369114,6,562,2,7200,1.01067615658
368562,368568,369136,6,568,2,7200,1.01056338028
368578,368584,369136,6,552,2,7200,1.01086956522
368594,368600,369148,6,548,2,7200,1.01094890511
368595,368606,369178,11,572,2,7200,1.01923076923
368616,368622,369165,6,543,2,7200,1.01104972376
368618,368628,369198,10,570,2,7200,1.01754385965
368634,368641,369228,7,587,2,7200,1.01192504259
368636,368647,369213,11,566,2,7200,1.01943462898
368652,368658,369229,6,571,2,7200,1.01050788091
368653,368664,369207,11,543,2,7200,1.02025782689
368669,368676,369216,7,540,2,7200,1.01296296296
368689,368695,369274,6,579,2,7200,1.0103626943
368690,368701,369259,11,558,2,7200,1.01971326165
368706,368712,369260,6,548,2,7200,1.01094890511
368729,368735,369298,6,563,2,7200,1.01065719361
368751,368758,369317,7,559,2,7200,1.01252236136
368753,368764,369329,11,565,2,7200,1.01946902655
368754,368770,369327,16,557,2,7200,1.02872531418
368771,368777,369343,6,566,2,7200,1.01060070671
368772,368783,369336,11,553,2,7200,1.0198915009
368789,368796,369364,7,568,2,7200,1.01232394366
368791,368802,369368,11,566,2,7200,1.01943462898
368792,368807,369365,15,558,2,7200,1.02688172043
368824,368830,369391,6,561,2,7200,1.01069518717
368840,368846,369404,6,558,2,7200,1.01075268817
368856,368863,369440,7,577,2,7200,1.01213171577
368858,368868,369426,10,558,2,7200,1.01792114695
368921,368927,369500,6,573,2,7200,1.01047120419
368937,368943,369510,6,567,2,7200,1.01058201058
368938,368949,369491,11,542,2,7200,1.02029520295
368940,368954,369524,14,570,2,7200,1.02456140351
368978,368984,369556,6,572,2,7200,1.01048951049
368997,369003,369570,6,567,2,7200,1.01058201058
369013,369019,369583,6,564,2,7200,1.01063829787
369029,369035,369595,6,560,2,7200,1.01071428571
369066,369073,369616,7,543,2,7200,1.01289134438
369083,369089,369646,6,557,2,7200,1.01077199282
369084,369095,369655,11,560,2,7200,1.01964285714
369116,369122,369698,6,576,2,7200,1.01041666667
369138,369145,369708,7,563,2,7200,1.01243339254
369140,369151,369713,11,562,2,7200,1.01957295374
369156,369162,369723,6,561,2,7200,1.01069518717
369172,369178,369734,6,556,2,7200,1.01079136691
369188,369194,369740,6,546,2,7200,1.01098901099
369204,369211,369769,7,558,2,7200,1.01254480287
369221,369227,369799,6,572,2,7200,1.01048951049
369222,369233,369804,11,571,2,7200,1.01926444834
369224,369239,369814,15,575,2,7200,1.02608695652
369241,369247,369815,6,568,2,7200,1.01056338028
369242,369253,369803,11,550,2,7200,1.02
369262,369268,369836,6,568,2,7200,1.01056338028
369263,369274,369840,11,566,2,7200,1.01943462898
369282,369288,369840,6,552,2,7200,1.01086956522
369301,369307,369863,6,556,2,7200,1.01079136691
369320,369326,369889,6,563,2,7200,1.01065719361
369337,369343,369904,6,561,2,7200,1.01069518717
369338,369349,369911,11,562,2,7200,1.01957295374
369340,369355,369920,15,565,2,7200,1.02654867257
369356,369363,369936,7,573,2,7200,1.01221640489
369373,369379,369929,6,550,2,7200,1.01090909091
369374,369385,369943,11,558,2,7200,1.01971326165
369376,369391,369955,15,564,2,7200,1.02659574468
369395,369401,369936,6,535,2,7200,1.01121495327
369411,369418,369977,7,559,2,7200,1.01252236136
369427,369434,369998,7,564,2,7200,1.01241134752
369444,369450,370004,6,554,2,7200,1.01083032491
369494,369500,370066,6,566,2,7200,1.01060070671
369510,369516,370073,6,557,2,7200,1.01077199282
369526,369533,370092,7,559,2,7200,1.01252236136
369528,369539,370103,11,564,2,7200,1.0195035461
369559,369567,370125,8,558,2,7200,1.01433691756
369576,369581,370145,5,564,2,7200,1.00886524823
369591,369598,370162,7,564,2,7200,1.01241134752
369607,369613,370161,6,548,2,7200,1.01094890511
369623,369629,370208,6,579,2,7200,1.0103626943
369649,369655,370210,6,555,2,7200,1.01081081081
369665,369671,370222,6,551,2,7200,1.0108892922
369703,369709,370290,6,581,2,7200,1.01032702238
369719,369725,370302,6,577,2,7200,1.01039861352
369720,369731,370298,11,567,2,7200,1.01940035273
369737,369743,370315,6,572,2,7200,1.01048951049
369738,369749,370312,11,563,2,7200,1.01953818828
369754,369760,370340,6,580,2,7200,1.01034482759
369773,369780,370344,7,564,2,7200,1.01241134752
369802,369808,370378,6,570,2,7200,1.01052631579
369819,369825,370401,6,576,2,7200,1.01041666667
369820,369831,370384,11,553,2,7200,1.0198915009
369822,369837,370401,15,564,2,7200,1.02659574468
369823,369842,370396,19,554,2,7200,1.03429602888
369840,369848,370418,8,570,2,7200,1.01403508772
369856,369862,370439,6,577,2,7200,1.01039861352
369857,369868,370413,11,545,2,7200,1.02018348624
369873,369879,370455,6,576,2,7200,1.01041666667
369892,369899,370465,7,566,2,7200,1.01236749117
369908,369914,370483,6,569,2,7200,1.01054481547
369925,369931,370501,6,570,2,7200,1.01052631579
369926,369937,370484,11,547,2,7200,1.02010968921
369942,369948,370089,6,141,16,36000,1.04255319149
369943,369954,370523,11,569,2,7200,1.01933216169
369945,369960,370529,15,569,2,7200,1.02636203866
369946,369965,370546,19,581,2,7200,1.03270223752
369948,369971,370551,23,580,2,7200,1.03965517241
369964,369978,370530,14,552,2,7200,1.02536231884
369980,369986,370533,6,547,2,7200,1.01096892139
370003,370009,370592,6,583,2,7200,1.0102915952
370018,370025,370579,7,554,2,7200,1.01263537906
370069,370075,370648,6,573,2,7200,1.01047120419
370085,370091,370663,6,572,2,7200,1.01048951049
370100,370107,370674,7,567,2,7200,1.01234567901
370117,370123,370707,6,584,2,7200,1.0102739726
370132,370139,370712,7,573,2,7200,1.01221640489
370148,370155,370724,7,569,2,7200,1.01230228471
370165,370172,370734,7,562,2,7200,1.01245551601
370166,370178,370719,12,541,2,7200,1.02218114603
370212,370218,370786,6,568,2,7200,1.01056338028
370213,370230,370787,17,557,2,7200,1.03052064632
370215,370225,370268,10,43,16,300,1.23255813953
370230,370236,370803,6,567,2,7200,1.01058201058
370242,370248,382627,6,12379,16,36060,1.00048469182
370292,370298,370859,6,561,2,7200,1.01069518717
370309,370315,370883,6,568,2,7200,1.01056338028
370310,370322,370887,12,565,2,7200,1.02123893805
370326,370333,370900,7,567,2,7200,1.01234567901
370328,370339,370920,11,581,2,7200,1.01893287435
370344,370350,370898,6,548,2,7200,1.01094890511
370360,370366,370929,6,563,2,7200,1.01065719361
370383,370389,370948,6,559,2,7200,1.01073345259
370399,370405,370962,6,557,2,7200,1.01077199282
370401,370412,370978,11,566,2,7200,1.01943462898
370417,370424,370978,7,554,2,7200,1.01263537906
370419,370430,370986,11,556,2,7200,1.01978417266
370421,370436,370992,15,556,2,7200,1.02697841727
370437,370443,370989,6,546,2,7200,1.01098901099
370453,370459,371013,6,554,2,7200,1.01083032491
370469,370475,371039,6,564,2,7200,1.01063829787
370470,370482,371042,12,560,2,7200,1.02142857143
370486,370493,371051,7,558,2,7200,1.01254480287
370488,370499,371060,11,561,2,7200,1.01960784314
370504,370510,371066,6,556,2,7200,1.01079136691
370526,370532,371107,6,575,2,7200,1.01043478261
370543,370549,371107,6,558,2,7200,1.01075268817
370544,370555,371121,11,566,2,7200,1.01943462898
370545,370561,371099,16,538,2,7200,1.02973977695
370561,370567,371130,6,563,2,7200,1.01065719361
370563,370573,371141,10,568,2,7200,1.0176056338
370582,370588,371152,6,564,2,7200,1.01063829787
370598,370604,371177,6,573,2,7200,1.01047120419
370651,370658,371212,7,554,2,7200,1.01263537906
370667,370674,371235,7,561,2,7200,1.01247771836
370683,370689,371250,6,561,2,7200,1.01069518717
370712,370718,371288,6,570,2,7200,1.01052631579
370729,370735,371297,6,562,2,7200,1.01067615658
370730,370741,371306,11,565,2,7200,1.01946902655
370732,370746,371312,14,566,2,7200,1.02473498233
370748,370754,371291,6,537,2,7200,1.01117318436
370789,370795,371361,6,566,2,7200,1.01060070671
370790,370801,371361,11,560,2,7200,1.01964285714
370806,370813,371382,7,569,2,7200,1.01230228471
370863,370869,371419,6,550,2,7200,1.01090909091
370885,370891,371473,6,582,2,7200,1.01030927835
370901,370907,371470,6,563,2,7200,1.01065719361
370902,370913,371491,11,578,2,7200,1.01903114187
370904,370919,371483,15,564,2,7200,1.02659574468
370923,370929,371498,6,569,2,7200,1.01054481547
370939,370945,371509,6,564,2,7200,1.01063829787
370955,370961,371518,6,557,2,7200,1.01077199282
370971,370977,371542,6,565,2,7200,1.01061946903
370988,370994,371547,6,553,2,7200,1.01084990958
370990,371001,371558,11,557,2,7200,1.0197486535
370991,371006,371562,15,556,2,7200,1.02697841727
371007,371013,371590,6,577,2,7200,1.01039861352
371009,371019,371575,10,556,2,7200,1.01798561151
371025,371031,371611,6,580,2,7200,1.01034482759
371041,371047,371604,6,557,2,7200,1.01077199282
371057,371063,371631,6,568,2,7200,1.01056338028
371059,371069,371635,10,566,2,7200,1.01766784452
371075,371081,371658,6,577,2,7200,1.01039861352
371076,371087,371657,11,570,2,7200,1.01929824561
371102,371108,371668,6,560,2,7200,1.01071428571
371118,371124,371686,6,562,2,7200,1.01067615658
371119,371130,371691,11,561,2,7200,1.01960784314
371135,371141,371704,6,563,2,7200,1.01065719361
371136,371147,371699,11,552,2,7200,1.01992753623
371153,371159,371717,6,558,2,7200,1.01075268817
371154,371165,371699,11,534,2,7200,1.02059925094
371180,371186,371733,6,547,2,7200,1.01096892139
371215,371221,371784,6,563,2,7200,1.01065719361
371237,371243,371815,6,572,2,7200,1.01048951049
371253,371259,371806,6,547,2,7200,1.01096892139
371291,371297,371883,6,586,2,7200,1.01023890785
371308,371314,371887,6,573,2,7200,1.01047120419
371309,371320,371896,11,576,2,7200,1.01909722222
371310,371326,371872,16,546,2,7200,1.0293040293
371327,371332,371881,5,549,2,7200,1.00910746812
371365,371371,371958,6,587,2,7200,1.01022146508
371366,371378,371937,12,559,2,7200,1.02146690519
371385,371391,371960,6,569,2,7200,1.01054481547
371423,371429,371992,6,563,2,7200,1.01065719361
371473,371480,372028,7,548,2,7200,1.01277372263
371475,371486,372052,11,566,2,7200,1.01943462898
371491,371498,372066,7,568,2,7200,1.01232394366
371493,371504,372047,11,543,2,7200,1.02025782689
371509,371515,372074,6,559,2,7200,1.01073345259
371511,371523,372065,12,542,2,7200,1.0221402214
371527,371533,372102,6,569,2,7200,1.01054481547
371546,371552,372110,6,558,2,7200,1.01075268817
371563,371569,372146,6,577,2,7200,1.01039861352
371564,371576,372133,12,557,2,7200,1.02154398564
371565,371582,372123,17,541,2,7200,1.0314232902
371582,371588,372143,6,555,2,7200,1.01081081081
371598,371604,372123,6,519,2,7200,1.01156069364
371614,371620,372190,6,570,2,7200,1.01052631579
371615,371626,372196,11,570,2,7200,1.01929824561
371635,371641,372205,6,564,2,7200,1.01063829787
371651,371657,372219,6,562,2,7200,1.01067615658
371667,371673,372248,6,575,2,7200,1.01043478261
371669,371679,372230,10,551,2,7200,1.01814882033
371685,371692,372251,7,559,2,7200,1.01252236136
371702,371709,372255,7,546,2,7200,1.01282051282
371704,371716,372282,12,566,2,7200,1.02120141343
371705,371721,372288,16,567,2,7200,1.02821869489
371707,371726,372288,19,562,2,7200,1.03380782918
371723,371732,372288,9,556,2,7200,1.01618705036
371725,371738,372313,13,575,2,7200,1.02260869565
371742,371748,372315,6,567,2,7200,1.01058201058
371789,371795,372368,6,573,2,7200,1.01047120419
371811,371817,372395,6,578,2,7200,1.01038062284
371827,371833,372392,6,559,2,7200,1.01073345259
371874,371880,372440,6,560,2,7200,1.01071428571
371891,371897,372476,6,579,2,7200,1.0103626943
371892,371903,372468,11,565,2,7200,1.01946902655
371894,371909,372464,15,555,2,7200,1.02702702703
371910,371915,372480,5,565,2,7200,1.00884955752
371942,371948,372518,6,570,2,7200,1.01052631579
371961,371967,372533,6,566,2,7200,1.01060070671
371963,371975,372529,12,554,2,7200,1.02166064982
371994,372001,372549,7,548,2,7200,1.01277372263
372016,372022,373262,6,1240,1,172800,1.00483870968
372032,372039,372579,7,540,2,7200,1.01296296296
372052,372058,372597,6,539,2,7200,1.01113172542
372068,372075,372643,7,568,2,7200,1.01232394366
372070,372081,372642,11,561,2,7200,1.01960784314
372071,372087,372649,16,562,2,7200,1.02846975089
372087,372093,372658,6,565,2,7200,1.01061946903
372103,372110,372694,7,584,2,7200,1.01198630137
372119,372125,372704,6,579,2,7200,1.0103626943
372136,372142,372711,6,569,2,7200,1.01054481547
372137,372148,372702,11,554,2,7200,1.01985559567
372138,372154,372736,16,582,2,7200,1.02749140893
372154,372160,372704,6,544,2,7200,1.01102941176
372156,372166,372723,10,557,2,7200,1.01795332136
372194,372200,372764,6,564,2,7200,1.01063829787
372210,372216,372780,6,564,2,7200,1.01063829787
372211,372222,372785,11,563,2,7200,1.01953818828
372227,372234,372799,7,565,2,7200,1.01238938053
372243,372249,372818,6,569,2,7200,1.01054481547
372260,372266,372822,6,556,2,7200,1.01079136691
372261,372272,372843,11,571,2,7200,1.01926444834
372263,372278,372820,15,542,2,7200,1.02767527675
372285,372291,372873,6,582,2,7200,1.01030927835
372301,372307,372876,6,569,2,7200,1.01054481547
372303,372313,372894,10,581,2,7200,1.01721170396
372304,372318,372868,14,550,2,7200,1.02545454545
372321,372327,372892,6,565,2,7200,1.01061946903
372322,372333,372899,11,566,2,7200,1.01943462898
372372,372379,372945,7,566,2,7200,1.01236749117
372395,372401,372966,6,565,2,7200,1.01061946903
372411,372417,372972,6,555,2,7200,1.01081081081
372443,372449,373017,6,568,2,7200,1.01056338028
372468,372475,373040,7,565,2,7200,1.01238938053
372485,372491,373053,6,562,2,7200,1.01067615658
372486,372497,373053,11,556,2,7200,1.01978417266
372488,372503,373073,15,570,2,7200,1.02631578947
372520,372526,373093,6,567,2,7200,1.01058201058
372536,372542,373104,6,562,2,7200,1.01067615658
372537,372548,373119,11,571,2,7200,1.01926444834
372553,372559,373118,6,559,2,7200,1.01073345259
372582,372588,373138,6,550,2,7200,1.01090909091
372601,372607,373154,6,547,2,7200,1.01096892139
372645,372651,373214,6,563,2,7200,1.01065719361
372647,372658,373208,11,550,2,7200,1.02
372663,372669,373223,6,554,2,7200,1.01083032491
372664,372675,373236,11,561,2,7200,1.01960784314
372696,372702,373257,6,555,2,7200,1.01081081081
372713,372719,373282,6,563,2,7200,1.01065719361
372715,372726,373293,11,567,2,7200,1.01940035273
372716,372732,373279,16,547,2,7200,1.02925045704
372717,372737,373285,20,548,2,7200,1.03649635036
372734,372743,373328,9,585,2,7200,1.01538461538
372750,372756,373324,6,568,2,7200,1.01056338028
372766,372772,373339,6,567,2,7200,1.01058201058
372782,372788,373334,6,546,2,7200,1.01098901099
372798,372804,373369,6,565,2,7200,1.01061946903
372814,372820,373384,6,564,2,7200,1.01063829787
372831,372837,373397,6,560,2,7200,1.01071428571
372832,372843,373398,11,555,2,7200,1.01981981982
372833,372849,373410,16,561,2,7200,1.02852049911
372850,372856,373426,6,570,2,7200,1.01052631579
372872,372878,373425,6,547,2,7200,1.01096892139
372888,372895,373458,7,563,2,7200,1.01243339254
372890,372901,373447,11,546,2,7200,1.02014652015
372906,372913,373452,7,539,2,7200,1.01298701299
372908,372920,373494,12,574,2,7200,1.02090592334
372909,372926,373478,17,552,2,7200,1.03079710145
372947,372953,373519,6,566,2,7200,1.01060070671
372969,372976,373546,7,570,2,7200,1.01228070175
372985,372992,373555,7,563,2,7200,1.01243339254
373020,373026,373586,6,560,2,7200,1.01071428571
373043,373049,373614,6,565,2,7200,1.01061946903
373059,373065,373623,6,558,2,7200,1.01075268817
373060,373071,373650,11,579,2,7200,1.01899827288
373076,373083,373663,7,580,2,7200,1.01206896552
373096,373102,373669,6,567,2,7200,1.01058201058
373112,373118,373670,6,552,2,7200,1.01086956522
373128,373134,373707,6,573,2,7200,1.01047120419
373129,373141,373711,12,570,2,7200,1.02105263158
373145,373151,373736,6,585,2,7200,1.01025641026
373162,373168,373705,6,537,2,7200,1.01117318436
373163,373174,391198,11,18024,6,18000,1.00061029738
373211,373218,373793,7,575,2,7200,1.01217391304
373228,373235,373789,7,554,2,7200,1.01263537906
373229,373241,373806,12,565,2,7200,1.02123893805
373240,373247,397213,7,23966,4,85800,1.00029208045
373245,373254,373821,9,567,2,7200,1.01587301587
373262,373268,373843,6,575,2,7200,1.01043478261
373281,373287,373861,6,574,2,7200,1.01045296167
373298,373304,373861,6,557,2,7200,1.01077199282
373299,373310,373861,11,551,2,7200,1.01996370236
373301,373316,373861,15,545,2,7200,1.02752293578
373326,373333,373861,7,528,2,7200,1.01325757576
373343,373349,373862,6,513,2,7200,1.01169590643
373345,373355,373862,10,507,2,7200,1.01972386588
373346,373361,373862,15,501,2,7200,1.02994011976
373371,373378,373862,7,484,2,7200,1.01446280992
373387,373394,373862,7,468,2,7200,1.01495726496
373404,373410,373862,6,452,2,7200,1.01327433628
373406,373416,373862,10,446,2,7200,1.02242152466
373422,373428,373862,6,434,2,7200,1.01382488479
373438,373444,373862,6,418,2,7200,1.01435406699
373439,373450,373862,11,412,2,7200,1.02669902913
373455,373462,373862,7,400,2,7200,1.0175
373457,373469,373862,12,393,2,7200,1.03053435115
373473,373479,373862,6,383,2,7200,1.01566579634
373489,373495,373862,6,367,2,7200,1.01634877384
373505,373511,373862,6,351,2,7200,1.01709401709
373521,373527,373862,6,335,2,7200,1.01791044776
373550,373556,373862,6,306,2,7200,1.01960784314
373566,373572,373862,6,290,2,7200,1.02068965517
373588,373594,373862,6,268,2,7200,1.0223880597
373617,373623,373862,6,239,2,7200,1.02510460251
373633,373639,373862,6,223,2,7200,1.0269058296
373652,373658,373862,6,204,2,7200,1.02941176471
373668,373674,373862,6,188,2,7200,1.03191489362
373670,373681,373862,11,181,2,7200,1.06077348066
373686,373692,373862,6,170,2,7200,1.03529411765
373708,373714,373862,6,148,2,7200,1.04054054054
373710,373722,373862,12,140,2,7200,1.08571428571
373726,373732,373862,6,130,2,7200,1.04615384615
373742,373748,373862,6,114,2,7200,1.05263157895
373792,373799,373862,7,63,2,7200,1.11111111111
373794,373806,373862,12,56,2,7200,1.21428571429
373810,373817,373862,7,45,2,7200,1.15555555556
373826,373832,373862,6,30,2,7200,1.2
373845,373852,373862,7,10,2,7200,1.7
373968,373974,373994,6,20,1,172800,1.3
373975,373981,376067,6,2086,4,17400,1.00287631831
373981,373987,375671,6,1684,5,144000,1.00356294537
374296,374302,374855,6,553,2,7200,1.01084990958
374297,374308,374865,11,557,2,7200,1.0197486535
374299,374313,374869,14,556,2,7200,1.02517985612
374300,374319,374784,19,465,2,7200,1.04086021505
374302,374327,374869,25,542,2,7200,1.04612546125
374303,374333,374894,30,561,2,7200,1.05347593583
374305,374339,374922,34,583,2,7200,1.05831903945
374306,374344,374890,38,546,2,7200,1.0695970696
374308,374349,374928,41,579,2,7200,1.07081174439
374309,374355,374932,46,577,2,7200,1.07972270364
374310,374360,374921,50,561,2,7200,1.08912655971
374312,374366,374821,54,455,2,7200,1.11868131868
374313,374371,374918,58,547,2,7200,1.10603290676
374315,374376,374940,61,564,2,7200,1.10815602837
374316,374382,374923,66,541,2,7200,1.12199630314
374318,374387,374944,69,557,2,7200,1.12387791741
374319,374393,374933,74,540,2,7200,1.13703703704
374321,374398,374945,77,547,2,7200,1.1407678245
374322,374403,374925,81,522,2,7200,1.15517241379
374323,374409,374967,86,558,2,7200,1.1541218638
374325,374414,374982,89,568,2,7200,1.15669014085
374326,374420,374983,94,563,2,7200,1.16696269982
374328,374425,374981,97,556,2,7200,1.17446043165
374329,374431,374984,102,553,2,7200,1.18444846293
374330,374437,374967,107,530,2,7200,1.20188679245
374332,374442,374922,110,480,2,7200,1.22916666667
374333,374447,375001,114,554,2,7200,1.20577617329
374335,374453,374947,118,494,2,7200,1.23886639676
374336,374458,375004,122,546,2,7200,1.22344322344
374338,374464,375027,126,563,2,7200,1.22380106572
374339,374469,375031,130,562,2,7200,1.23131672598
374341,374474,375038,133,564,2,7200,1.23581560284
374342,374482,374968,140,486,2,7200,1.28806584362
374343,374488,375027,145,539,2,7200,1.26901669759
374345,374493,375016,148,523,2,7200,1.28298279159
374346,374499,375043,153,544,2,7200,1.28125
374348,374504,375070,156,566,2,7200,1.27561837456
374349,374509,375069,160,560,2,7200,1.28571428571
374351,374515,375071,164,556,2,7200,1.29496402878
374352,374520,375031,168,511,2,7200,1.32876712329
374785,374792,375362,7,570,2,7200,1.01228070175
374825,374831,375261,6,430,2,7200,1.01395348837
374858,374864,375382,6,518,2,7200,1.01158301158
374873,374879,375336,6,457,2,7200,1.01312910284
374874,374885,375450,11,565,2,7200,1.01946902655
374875,374891,375465,16,574,2,7200,1.02787456446
374894,374900,375457,6,557,2,7200,1.01077199282
374908,374914,375488,6,574,2,7200,1.01045296167
374924,374929,375498,5,569,2,7200,1.00878734622
374925,374936,375475,11,539,2,7200,1.02040816327
374926,374942,375501,16,559,2,7200,1.02862254025
374928,374947,375512,19,565,2,7200,1.03362831858
374929,374953,375517,24,564,2,7200,1.04255319149
374946,374959,375521,13,562,2,7200,1.0231316726
374947,374964,375515,17,551,2,7200,1.03085299456
374948,374970,375535,22,565,2,7200,1.0389380531
374950,374975,375560,25,585,2,7200,1.04273504274
374951,374981,375536,30,555,2,7200,1.05405405405
374953,374986,375550,33,564,2,7200,1.0585106383
374954,374993,375565,39,572,2,7200,1.06818181818
374970,374998,375545,28,547,2,7200,1.05118829982
374972,375003,375550,31,547,2,7200,1.05667276051
374973,375009,375578,36,569,2,7200,1.06326889279
374975,375014,375463,39,449,2,7200,1.0868596882
374990,375021,375584,31,563,2,7200,1.05506216696
374991,375026,375590,35,564,2,7200,1.06205673759
374993,375032,375571,39,539,2,7200,1.07235621521
374994,375037,375582,43,545,2,7200,1.07889908257
375010,375042,375571,32,529,2,7200,1.06049149338
375011,375048,375508,37,460,2,7200,1.08043478261
375026,375054,375613,28,559,2,7200,1.05008944544
375041,375060,375639,19,579,2,7200,1.03281519862
375043,375065,375632,22,567,2,7200,1.03880070547
375044,375071,375608,27,537,2,7200,1.05027932961
375045,375076,375615,31,539,2,7200,1.05751391466
375047,375081,375626,34,545,2,7200,1.0623853211
375062,375089,375629,27,540,2,7200,1.05
375077,375094,375655,17,561,2,7200,1.0303030303
375079,375099,375633,20,534,2,7200,1.03745318352
375080,375105,375689,25,584,2,7200,1.04280821918
375263,375270,375833,7,563,2,7200,1.01243339254
375339,375345,375878,6,533,2,7200,1.01125703565
375363,375369,375899,6,530,2,7200,1.01132075472
375384,375390,375922,6,532,2,7200,1.01127819549
375453,375459,375996,6,537,2,7200,1.01117318436
375468,375474,375996,6,522,2,7200,1.01149425287
375470,375481,376063,11,582,2,7200,1.01890034364
375471,375487,376027,16,540,2,7200,1.02962962963
375486,375493,376054,7,561,2,7200,1.01247771836
375500,375507,376078,7,571,2,7200,1.0122591944
375502,375513,376064,11,551,2,7200,1.01996370236
375518,375523,376079,5,556,2,7200,1.00899280576
375518,375529,548379,11,172850,12,172800,1.00006363899
375519,375535,376070,16,535,2,7200,1.02990654206
375520,375540,376093,20,553,2,7200,1.03616636528
375522,375545,376058,23,513,2,7200,1.04483430799
375523,375551,376089,28,538,2,7200,1.05204460967
375538,375558,376117,20,559,2,7200,1.03577817531
375540,375563,376134,23,571,2,7200,1.04028021016
375541,375568,376072,27,504,2,7200,1.05357142857
375557,375575,376038,18,463,2,7200,1.03887688985
375558,375580,376144,22,564,2,7200,1.0390070922
375560,375585,376152,25,567,2,7200,1.04409171076
375575,375592,376170,17,578,2,7200,1.02941176471
375576,375597,376168,21,571,2,7200,1.03677758319
375578,375602,376171,24,569,2,7200,1.04217926186
375579,375608,376162,29,554,2,7200,1.0523465704
375595,375615,376110,20,495,2,7200,1.0404040404
375596,375620,376169,24,549,2,7200,1.04371584699
375598,375625,376151,27,526,2,7200,1.05133079848
375599,375631,376151,32,520,2,7200,1.06153846154
375615,375638,376184,23,546,2,7200,1.04212454212
375616,375643,376172,27,529,2,7200,1.05103969754
375632,375650,376188,18,538,2,7200,1.03345724907
375633,375655,376213,22,558,2,7200,1.0394265233
375635,375660,376186,25,526,2,7200,1.04752851711
375650,375667,376238,17,571,2,7200,1.02977232925
375651,375673,376210,22,537,2,7200,1.04096834264
375652,375678,376220,26,542,2,7200,1.0479704797
375667,375684,376251,17,567,2,7200,1.02998236332
375691,375697,376264,6,567,2,7200,1.01058201058
375835,375841,376414,6,573,2,7200,1.01047120419
375880,375886,376369,6,483,2,7200,1.01242236025
375901,375907,376420,6,513,2,7200,1.01169590643
375925,375931,376487,6,556,2,7200,1.01079136691
375949,375955,376044,6,89,8,60,1.06741573034
375997,376003,376545,6,542,2,7200,1.0110701107
375999,376009,376454,10,445,2,7200,1.02247191011
376029,376035,376588,6,553,2,7200,1.01084990958
376044,376049,376607,5,558,2,7200,1.00896057348
376059,376065,376602,6,537,2,7200,1.01117318436
376060,376072,376604,12,532,2,7200,1.02255639098
376076,376082,376604,6,522,2,7200,1.01149425287
376077,376088,376652,11,564,2,7200,1.0195035461
376079,376094,376655,15,561,2,7200,1.02673796791
376080,376099,376655,19,556,2,7200,1.03417266187
376096,376122,376200,26,78,8,60,1.33333333333
376096,376106,376582,10,476,2,7200,1.02100840336
376097,376111,376565,14,454,2,7200,1.03083700441
376099,376116,376667,17,551,2,7200,1.03085299456
376100,376128,376582,28,454,2,7200,1.06167400881
376115,376134,376688,19,554,2,7200,1.03429602888
376130,376140,376683,10,543,2,7200,1.01841620626
376145,376151,376689,6,538,2,7200,1.01115241636
376147,376157,376683,10,526,2,7200,1.01901140684
376162,376168,376721,6,553,2,7200,1.01084990958
376163,376174,376722,11,548,2,7200,1.0200729927
376165,376180,376742,15,562,2,7200,1.02669039146
376181,376187,376752,6,565,2,7200,1.01061946903
376182,376193,376753,11,560,2,7200,1.01964285714
376183,376199,376755,16,556,2,7200,1.02877697842
376185,376204,376743,19,539,2,7200,1.03525046382
376186,376210,376757,24,547,2,7200,1.04387568556
376188,376215,376761,27,546,2,7200,1.04945054945
376203,376222,376775,19,553,2,7200,1.03435804702
376204,376227,376773,23,546,2,7200,1.04212454212
376206,376232,376804,26,572,2,7200,1.04545454545
376207,376238,376316,31,78,8,60,1.39743589744
376221,376245,376745,24,500,2,7200,1.048
376222,376250,376820,28,570,2,7200,1.04912280702
376224,376256,376836,32,580,2,7200,1.05517241379
376230,376670,376680,440,10,32,7200,45.0
376239,376262,376792,23,530,2,7200,1.04339622642
376254,376267,376800,13,533,2,7200,1.0243902439
376269,376275,376804,6,529,2,7200,1.01134215501
376352,376358,378309,6,1951,4,6600,1.00307534598
376369,376375,376834,6,459,2,7200,1.01307189542
376415,376421,376820,6,399,2,7200,1.01503759398
376430,376437,376968,7,531,2,7200,1.0131826742
376457,376463,377004,6,541,2,7200,1.01109057301
376490,376496,377031,6,535,2,7200,1.01121495327
376547,376553,377112,6,559,2,7200,1.01073345259
376565,376571,377097,6,526,2,7200,1.01140684411
376583,376589,377153,6,564,2,7200,1.01063829787
376585,376597,377146,12,549,2,7200,1.0218579235
376599,376606,377171,7,565,2,7200,1.01238938053
376615,376622,377112,7,490,2,7200,1.01428571429
376616,376628,377188,12,560,2,7200,1.02142857143
376618,376634,377180,16,546,2,7200,1.0293040293
376619,376664,377226,45,562,2,7200,1.08007117438
376652,376679,377225,27,546,2,7200,1.04945054945
376668,376692,377245,24,553,2,7200,1.04339963834
376669,376697,377277,28,580,2,7200,1.04827586207
376671,376703,377225,32,522,2,7200,1.06130268199
376686,376710,377281,24,571,2,7200,1.04203152364
376687,376715,377279,28,564,2,7200,1.04964539007
376702,376721,377273,19,552,2,7200,1.03442028986
376704,376726,377290,22,564,2,7200,1.0390070922
376722,376732,377256,10,524,2,7200,1.01908396947
376737,376743,377296,6,553,2,7200,1.01084990958
376752,376759,377319,7,560,2,7200,1.0125
376754,376766,377328,12,562,2,7200,1.02135231317
376755,376771,377307,16,536,2,7200,1.02985074627
376770,376777,377303,7,526,2,7200,1.01330798479
376772,376784,377348,12,564,2,7200,1.02127659574
376773,376790,377358,17,568,2,7200,1.02992957746
376775,376795,377366,20,571,2,7200,1.0350262697
376776,376800,377362,24,562,2,7200,1.04270462633
376791,376807,377344,16,537,2,7200,1.02979515829
376793,376812,377366,19,554,2,7200,1.03429602888
376809,376818,377231,9,413,2,7200,1.02179176755
376810,376824,377369,14,545,2,7200,1.02568807339
376811,376829,377385,18,556,2,7200,1.03237410072
376813,376836,377386,23,550,2,7200,1.04181818182
376828,376841,377382,13,541,2,7200,1.02402957486
376829,376847,377382,18,535,2,7200,1.03364485981
376844,376853,377353,9,500,2,7200,1.018
376846,376859,377410,13,551,2,7200,1.02359346642
376971,376977,377540,6,563,2,7200,1.01065719361
377004,377010,377558,6,548,2,7200,1.01094890511
377034,377040,377609,6,569,2,7200,1.01054481547
377045,377051,377421,6,370,1,172800,1.01621621622
377097,377104,377666,7,562,2,7200,1.01245551601
377116,377123,377673,7,550,2,7200,1.01272727273
377117,377129,377624,12,495,2,7200,1.02424242424
377147,377153,377723,6,570,2,7200,1.01052631579
377162,377168,377724,6,556,2,7200,1.01079136691
377178,377184,377765,6,581,2,7200,1.01032702238
377193,377199,377764,6,565,2,7200,1.01061946903
377194,377205,377638,11,433,2,7200,1.02540415704
377227,377234,377752,7,518,2,7200,1.01351351351
377229,377240,377704,11,464,2,7200,1.02370689655
377230,377247,377767,17,520,2,7200,1.03269230769
377245,377254,377802,9,548,2,7200,1.01642335766
377260,377266,377831,6,565,2,7200,1.01061946903
377262,377273,377845,11,572,2,7200,1.01923076923
377277,377283,377828,6,545,2,7200,1.01100917431
377278,377291,377814,13,523,2,7200,1.02485659656
377294,377300,377862,6,562,2,7200,1.01067615658
377295,377306,377866,11,560,2,7200,1.01964285714
377297,377312,377857,15,545,2,7200,1.02752293578
377312,377319,377834,7,515,2,7200,1.01359223301
377313,377325,377889,12,564,2,7200,1.02127659574
377315,377331,377897,16,566,2,7200,1.02826855124
377330,377337,377859,7,522,2,7200,1.01340996169
377331,377342,377893,11,551,2,7200,1.01996370236
377346,377352,377784,6,432,2,7200,1.01388888889
377361,377367,377934,6,567,2,7200,1.01058201058
377362,377373,377935,11,562,2,7200,1.01957295374
377364,377379,377906,15,527,2,7200,1.0284629981
377379,377385,377834,6,449,2,7200,1.01336302895
377381,377391,377949,10,558,2,7200,1.01792114695
377382,377397,377963,15,566,2,7200,1.02650176678
377383,377402,377967,19,565,2,7200,1.03362831858
377399,377409,377932,10,523,2,7200,1.01912045889
377401,377414,377958,13,544,2,7200,1.02389705882
377402,377420,377903,18,483,2,7200,1.03726708075
377403,377426,377995,23,569,2,7200,1.04042179262
377418,377432,378002,14,570,2,7200,1.02456140351
377499,377505,381878,6,4373,1,172800,1.0013720558
377543,377549,378112,6,563,2,7200,1.01065719361
377561,377567,378099,6,532,2,7200,1.01127819549
377610,377616,378184,6,568,2,7200,1.01056338028
377625,377631,378199,6,568,2,7200,1.01056338028
377639,377646,378190,7,544,2,7200,1.01286764706
377666,377673,378172,7,499,2,7200,1.01402805611
377681,377687,378231,6,544,2,7200,1.01102941176
377705,377711,378286,6,575,2,7200,1.01043478261
377726,377732,378295,6,563,2,7200,1.01065719361
377728,377738,378268,10,530,2,7200,1.01886792453
377755,377762,378314,7,552,2,7200,1.01268115942
377771,377777,378346,6,569,2,7200,1.01054481547
377772,377783,378342,11,559,2,7200,1.01967799642
377774,377789,378315,15,526,2,7200,1.02851711027
377788,377795,378355,7,560,2,7200,1.0125
377803,377809,378368,6,559,2,7200,1.01073345259
377818,377824,378387,6,563,2,7200,1.01065719361
377833,377839,378404,6,565,2,7200,1.01061946903
377834,377845,378295,11,450,2,7200,1.02444444444
377849,377856,378416,7,560,2,7200,1.0125
377851,377862,378441,11,579,2,7200,1.01899827288
377852,377868,378421,16,553,2,7200,1.02893309222
377868,377874,378444,6,570,2,7200,1.01052631579
377869,377880,378376,11,496,2,7200,1.02217741935
377870,377886,378455,16,569,2,7200,1.02811950791
377872,377891,378458,19,567,2,7200,1.03350970018
377890,377897,378468,7,571,2,7200,1.0122591944
377905,377911,378330,6,419,2,7200,1.01431980907
377906,377917,378379,11,462,2,7200,1.02380952381
377908,377923,378487,15,564,2,7200,1.02659574468
377923,377929,378413,6,484,2,7200,1.01239669421
377938,377943,378509,5,566,2,7200,1.00883392226
377939,377949,378517,10,568,2,7200,1.0176056338
377940,377955,378484,15,529,2,7200,1.02835538752
377955,377961,378514,6,553,2,7200,1.01084990958
377970,377976,378377,6,401,2,7200,1.01496259352
377971,377982,378527,11,545,2,7200,1.02018348624
377973,377988,378529,15,541,2,7200,1.02772643253
377997,378003,378527,6,524,2,7200,1.01145038168
378012,378018,378582,6,564,2,7200,1.01063829787
378100,378106,378647,6,541,2,7200,1.01109057301
378115,378121,378694,6,573,2,7200,1.01047120419
378173,378179,378708,6,529,2,7200,1.01134215501
378188,378194,378756,6,562,2,7200,1.01067615658
378202,378209,378760,7,551,2,7200,1.01270417423
378204,378215,378783,11,568,2,7200,1.01936619718
378234,378240,378818,6,578,2,7200,1.01038062284
378270,378276,378849,6,573,2,7200,1.01047120419
378288,378294,378833,6,539,2,7200,1.01113172542
378303,378309,378871,6,562,2,7200,1.01067615658
378304,378315,378852,11,537,2,7200,1.02048417132
378319,378325,378875,6,550,2,7200,1.01090909091
378321,378332,378883,11,551,2,7200,1.01996370236
378336,378342,378871,6,529,2,7200,1.01134215501
378351,378357,378883,6,526,2,7200,1.01140684411
378352,378364,378901,12,537,2,7200,1.02234636872
378367,378373,378852,6,479,2,7200,1.01252609603
378382,378388,378913,6,525,2,7200,1.01142857143
378384,378394,378962,10,568,2,7200,1.0176056338
378385,378400,378967,15,567,2,7200,1.02645502646
378386,378405,378963,19,558,2,7200,1.03405017921
378401,378411,378970,10,559,2,7200,1.01788908766
378417,378423,378994,6,571,2,7200,1.01050788091
378418,378429,379001,11,572,2,7200,1.01923076923
378419,378435,378967,16,532,2,7200,1.03007518797
378434,378441,378981,7,540,2,7200,1.01296296296
378449,378455,378981,6,526,2,7200,1.01140684411
378451,378461,379029,10,568,2,7200,1.0176056338
378465,378472,379013,7,541,2,7200,1.01293900185
378467,378478,379049,11,571,2,7200,1.01926444834
378482,378488,379054,6,566,2,7200,1.01060070671
378497,378503,379039,6,536,2,7200,1.01119402985
378498,378509,379050,11,541,2,7200,1.02033271719
378513,378519,379081,6,562,2,7200,1.01067615658
378529,378535,379092,6,557,2,7200,1.01077199282
378530,378542,379078,12,536,2,7200,1.0223880597
378532,378547,379128,15,581,2,7200,1.02581755594
378533,378552,379132,19,580,2,7200,1.03275862069
378548,378558,379087,10,529,2,7200,1.01890359168
378584,378590,379146,6,556,2,7200,1.01079136691
378648,378654,379218,6,564,2,7200,1.01063829787
378696,378702,379196,6,494,2,7200,1.01214574899
378711,378717,379256,6,539,2,7200,1.01113172542
378759,378765,379337,6,572,2,7200,1.01048951049
378774,378780,379286,6,506,2,7200,1.01185770751
378789,378795,379351,6,556,2,7200,1.01079136691
378819,378825,379367,6,542,2,7200,1.0110701107
378837,378843,379402,6,559,2,7200,1.01073345259
378852,378858,379410,6,552,2,7200,1.01086956522
378867,378873,379431,6,558,2,7200,1.01075268817
378868,378879,379444,11,565,2,7200,1.01946902655
378884,378890,379456,6,566,2,7200,1.01060070671
378885,378896,379461,11,565,2,7200,1.01946902655
378886,378902,379451,16,549,2,7200,1.029143898
378888,378907,379401,19,494,2,7200,1.03846153846
378889,378912,379479,23,567,2,7200,1.0405643739
378905,378918,379492,13,574,2,7200,1.02264808362
378920,378925,379458,5,533,2,7200,1.00938086304
378927,378933,378934,6,1,1,10800,1.0
378928,378955,378956,27,1,1,10800,2.8
378929,378966,378968,37,2,1,10800,3.9
378929,378972,378974,43,2,1,10800,4.5
378929,378977,378979,48,2,1,10800,5.0
378929,378983,378985,54,2,1,10800,5.6
378930,379122,379123,192,1,1,10800,19.3
378930,379112,379113,182,1,1,10800,18.3
378930,378988,378989,58,1,1,10800,5.9
378931,379149,379150,218,1,1,10800,21.9
378931,379133,379134,202,1,1,10800,20.3
378932,379160,379161,228,1,1,10800,22.9
378933,389685,389686,10752,1,1,10800,1075.3
378933,379232,379233,299,1,1,10800,30.0
378935,389978,389979,11043,1,1,10800,1104.4
378936,393187,393188,14251,1,1,10800,1425.2
378936,393228,393229,14292,1,1,10800,1429.3
378937,393273,393274,14336,1,1,10800,1433.7
378937,393297,393298,14360,1,1,10800,1436.1
378938,393434,393435,14496,1,1,10800,1449.7
378939,393471,393472,14532,1,1,10800,1453.3
378940,393682,393683,14742,1,1,10800,1474.3
378940,393651,393652,14711,1,1,10800,1471.2
378940,393664,393665,14724,1,1,10800,1472.5
378941,393710,393711,14769,1,1,10800,1477.0
378942,401872,401873,22930,1,1,10800,2293.1
378943,401891,401892,22948,1,1,10800,2294.9
378944,379033,379034,89,1,1,10800,9.0
378944,379049,379050,105,1,1,10800,10.6
378945,379065,379066,120,1,1,10800,12.1
378946,379248,379249,302,1,1,10800,30.3
378947,379293,379294,346,1,1,10800,34.7
378947,379277,379278,330,1,1,10800,33.1
378948,379320,379321,372,1,1,10800,37.3
378948,379309,379310,361,1,1,10800,36.2
378949,379360,379361,411,1,1,10800,41.2
378950,379376,379377,426,1,1,10800,42.7
378951,379416,379417,465,1,1,10800,46.6
378952,379427,379428,475,1,1,10800,47.6
378952,379443,379444,491,1,1,10800,49.2
378953,379477,379478,524,1,1,10800,52.5
378955,379577,379578,622,1,1,10800,62.3
378955,379593,379594,638,1,1,10800,63.9
378956,379609,379610,653,1,1,10800,65.4
378956,379661,379662,705,1,1,10800,70.6
378957,379671,379673,714,2,1,10800,71.6
378957,379666,379667,709,1,1,10800,71.0
378958,379703,379704,745,1,1,10800,74.6
378958,379687,379688,729,1,1,10800,73.0
378959,379770,379771,811,1,1,10800,81.2
378959,379719,379720,760,1,1,10800,76.1
378960,379786,379787,826,1,1,10800,82.7
378961,379848,379849,887,1,1,10800,88.8
378962,379859,379860,897,1,1,10800,89.8
378963,379905,379906,942,1,1,10800,94.3
378965,378996,379542,31,546,2,7200,1.05677655678
378966,380204,380205,1238,1,1,10800,123.9
378966,379001,379528,35,527,2,7200,1.06641366224
378968,379984,379985,1016,1,1,10800,101.7
378968,379973,379974,1005,1,1,10800,100.6
378969,380030,380031,1061,1,1,10800,106.2
378969,379995,379996,1026,1,1,10800,102.7
378971,380104,380105,1133,1,1,10800,113.4
378972,380115,380116,1143,1,1,10800,114.4
378972,380126,380127,1154,1,1,10800,115.5
378973,380215,380216,1242,1,1,10800,124.3
378973,380256,380258,1283,2,1,10800,128.5
378974,380272,380273,1298,1,1,10800,129.9
378974,380261,380262,1287,1,1,10800,128.8
378975,380299,380300,1324,1,1,10800,132.5
378977,380378,380379,1401,1,1,10800,140.2
378977,380690,380691,1713,1,1,10800,171.4
378979,380394,380395,1415,1,1,10800,141.6
378979,380717,380718,1738,1,1,10800,173.9
378980,380405,380406,1425,1,1,10800,142.6
378980,380451,380454,1471,3,1,10800,147.4
378980,380457,380459,1477,2,1,10800,147.9
378981,380462,380465,1481,3,1,10800,148.4
378981,380468,380470,1487,2,1,10800,148.9
378981,380473,380475,1492,2,1,10800,149.4
378981,380479,380481,1498,2,1,10800,150.0
378982,379007,379496,25,489,2,7200,1.05112474438
378982,380501,380502,1519,1,1,10800,152.0
378982,380495,380497,1513,2,1,10800,151.5
378982,380490,380491,1508,1,1,10800,150.9
378982,380484,380486,1502,2,1,10800,150.4
378983,379012,379486,29,474,2,7200,1.0611814346
378983,380506,380508,1523,2,1,10800,152.5
378983,380511,380512,1528,1,1,10800,152.9
378983,380522,380523,1539,1,1,10800,154.0
378985,380549,380550,1564,1,1,10800,156.5
378985,379017,379569,32,552,2,7200,1.05797101449
378986,379023,379567,37,544,2,7200,1.06801470588
378986,380612,380614,1626,2,1,10800,162.8
378987,380639,380640,1652,1,1,10800,165.3
378988,379028,379594,40,566,2,7200,1.07067137809
378989,380774,380775,1785,1,1,10800,178.6
378990,380841,380842,1851,1,1,10800,185.2
378991,380852,380853,1861,1,1,10800,186.2
378993,380941,380942,1948,1,1,10800,194.9
378993,380930,380931,1937,1,1,10800,193.8
378994,381009,381012,2015,3,1,10800,201.8
378995,381025,381026,2030,1,1,10800,203.1
378995,381036,381037,2041,1,1,10800,204.2
378997,381636,381637,2639,1,1,10800,264.0
378997,381652,381653,2655,1,1,10800,265.6
378998,381082,381083,2084,1,1,10800,208.5
378999,381109,381110,2110,1,1,10800,211.1
379001,381176,381177,2175,1,1,10800,217.6
379003,381203,381204,2200,1,1,10800,220.1
379003,379074,379574,71,500,2,7200,1.142
379004,379079,379605,75,526,2,7200,1.14258555133
379004,381255,381256,2251,1,1,10800,225.2
379004,381266,381267,2262,1,1,10800,226.3
379005,381282,381283,2277,1,1,10800,227.8
379006,381309,381310,2303,1,1,10800,230.4
379007,381383,381384,2376,1,1,10800,237.7
379008,381399,381400,2391,1,1,10800,239.2
379008,381410,381411,2402,1,1,10800,240.3
379009,381473,381474,2464,1,1,10800,246.5
379010,381484,381485,2474,1,1,10800,247.5
379011,381546,381547,2535,1,1,10800,253.6
379012,381562,381563,2550,1,1,10800,255.1
379013,381761,381762,2748,1,1,10800,274.9
379013,381772,381773,2759,1,1,10800,276.0
379015,382166,382167,3151,1,1,10800,315.2
379017,382435,382436,3418,1,1,10800,341.9
379018,382471,382472,3453,1,1,10800,345.4
379019,382308,382309,3289,1,1,10800,329.0
379019,382193,382194,3174,1,1,10800,317.5
379019,379085,379598,66,513,2,7200,1.12865497076
379020,382352,382353,3332,1,1,10800,333.3
379020,382326,382327,3306,1,1,10800,330.7
379021,382381,382382,3360,1,1,10800,336.1
379021,382387,382389,3366,2,1,10800,336.8
379021,382376,382377,3355,1,1,10800,335.6
379021,382371,382372,3350,1,1,10800,335.1
379022,382408,382409,3386,1,1,10800,338.7
379022,382392,382394,3370,2,1,10800,337.2
379024,382873,382874,3849,1,1,10800,385.0
379024,382884,382885,3860,1,1,10800,386.1
379025,382911,382912,3886,1,1,10800,388.7
379025,382900,382901,3875,1,1,10800,387.6
379026,382498,382499,3472,1,1,10800,347.3
379027,382525,382526,3498,1,1,10800,349.9
379029,382666,382667,3637,1,1,10800,363.8
379029,382677,382678,3648,1,1,10800,364.9
379030,382688,382689,3658,1,1,10800,365.9
379032,382789,382790,3757,1,1,10800,375.8
379033,382816,382817,3783,1,1,10800,378.4
379034,379090,379614,56,524,2,7200,1.10687022901
379034,382974,382975,3940,1,1,10800,394.1
379035,383001,383002,3966,1,1,10800,396.7
379036,383053,383054,4017,1,1,10800,401.8
379037,383064,383065,4027,1,1,10800,402.8
379038,383091,383092,4053,1,1,10800,405.4
379039,389062,389063,10023,1,1,10800,1002.4
379039,389057,389058,10018,1,1,10800,1001.9
379040,389084,389085,10044,1,1,10800,1004.5
379040,389078,389079,10038,1,1,10800,1003.9
379041,389089,389090,10048,1,1,10800,1004.9
379044,389402,389403,10358,1,1,10800,1035.9
379044,389408,389409,10364,1,1,10800,1036.5
379046,389480,389481,10434,1,1,10800,1043.5
379048,389641,389642,10593,1,1,10800,1059.4
379049,379095,379654,46,559,2,7200,1.08228980322
379050,390007,390008,10957,1,1,10800,1095.8
379051,390023,390024,10972,1,1,10800,1097.3
379053,389767,389768,10714,1,1,10800,1071.5
379054,389796,389797,10742,1,1,10800,1074.3
379055,389812,389813,10757,1,1,10800,1075.8
379055,389867,389868,10812,1,1,10800,1081.3
379056,389883,389884,10827,1,1,10800,1082.8
379057,389922,389923,10865,1,1,10800,1086.6
379058,389946,389947,10888,1,1,10800,1088.9
379058,389938,389939,10880,1,1,10800,1088.1
379059,390214,390215,11155,1,1,10800,1115.6
379060,390237,390238,11177,1,1,10800,1117.8
379061,390253,390254,11192,1,1,10800,1119.3
379062,393046,393047,13984,1,1,10800,1398.5
379062,390371,390372,11309,1,1,10800,1131.0
379063,393103,393104,14040,1,1,10800,1404.1
379064,393130,393131,14066,1,1,10800,1406.7
379064,379101,379558,37,457,2,7200,1.08096280088
379066,379106,379567,40,461,2,7200,1.08676789588
379067,393894,393895,14827,1,1,10800,1482.8
379067,379173,379699,106,526,2,7200,1.20152091255
379068,393923,393924,14855,1,1,10800,1485.6
379068,393949,393950,14881,1,1,10800,1488.2
379069,394053,394054,14984,1,1,10800,1498.5
379071,394147,394148,15076,1,1,10800,1507.7
379071,394193,394194,15122,1,1,10800,1512.3
379072,394206,394207,15134,1,1,10800,1513.5
379072,394219,394220,15147,1,1,10800,1514.8
379072,394232,394233,15160,1,1,10800,1516.1
379072,394245,394246,15173,1,1,10800,1517.4
379073,394340,394341,15267,1,1,10800,1526.8
379073,394287,394288,15214,1,1,10800,1521.5
379073,394308,394309,15235,1,1,10800,1523.6
379074,395513,395515,16439,2,1,10800,1644.1
379075,397235,397236,18160,1,1,10800,1816.1
379076,397356,397357,18280,1,1,10800,1828.1
379077,397398,397399,18321,1,1,10800,1832.2
379078,401975,401976,22897,1,1,10800,2289.8
379078,397434,397435,18356,1,1,10800,1835.7
379079,402046,402047,22967,1,1,10800,2296.8
379080,397452,397453,18372,1,1,10800,1837.3
379082,379179,379744,97,565,2,7200,1.17168141593
379083,379184,379749,101,565,2,7200,1.17876106195
379084,407304,407305,28220,1,1,10800,2822.1
379085,407759,407760,28674,1,1,10800,2867.5
379086,407795,407796,28709,1,1,10800,2871.0
379087,407881,407882,28794,1,1,10800,2879.5
379089,407984,407985,28895,1,1,10800,2889.6
379092,409171,409172,30079,1,1,10800,3008.0
379092,409188,409189,30096,1,1,10800,3009.7
379092,409111,409112,30019,1,1,10800,3002.0
379093,409216,409217,30123,1,1,10800,3012.4
379094,409267,409268,30173,1,1,10800,3017.4
379094,409280,409281,30186,1,1,10800,3018.7
379096,409709,409710,30613,1,1,10800,3061.4
379098,409817,409818,30719,1,1,10800,3072.0
379099,409873,409874,30774,1,1,10800,3077.5
379099,379189,379753,90,564,2,7200,1.15957446809
379100,379195,379667,95,472,2,7200,1.20127118644
379100,410580,410581,31480,1,1,10800,3148.1
379102,410694,410695,31592,1,1,10800,3159.3
379102,410713,410714,31611,1,1,10800,3161.2
379104,410794,410795,31690,1,1,10800,3169.1
379105,410829,410830,31724,1,1,10800,3172.5
379109,410980,410981,31871,1,1,10800,3187.2
379110,411084,411085,31974,1,1,10800,3197.5
379112,411187,411188,32075,1,1,10800,3207.6
379113,411831,411832,32718,1,1,10800,3271.9
379116,441620,441621,62504,1,1,10800,6250.5
379119,379168,379170,49,2,2,3600,5.1
379119,441751,441752,62632,1,1,10800,6263.3
379120,441857,441858,62737,1,1,10800,6273.8
379120,441877,441878,62757,1,1,10800,6275.8
379122,442004,442005,62882,1,1,10800,6288.3
379122,441969,441970,62847,1,1,10800,6284.8
379124,442032,442033,62908,1,1,10800,6290.9
379130,379200,379719,70,519,2,7200,1.13487475915
379130,442920,442921,63790,1,1,10800,6379.1
379132,443033,443034,63901,1,1,10800,6390.2
379137,443342,443343,64205,1,1,10800,6420.6
379138,444151,444152,65013,1,1,10800,6501.4
379138,445020,445022,65882,2,1,10800,6588.4
379140,445079,445080,65939,1,1,10800,6594.0
379144,445375,445376,66231,1,1,10800,6623.2
379145,379205,379664,60,459,2,7200,1.13071895425
379147,445533,445534,66386,1,1,10800,6638.7
379147,445516,445517,66369,1,1,10800,6637.0
379150,445687,445688,66537,1,1,10800,6653.8
379152,445835,445836,66683,1,1,10800,6668.4
379156,446057,446058,66901,1,1,10800,6690.2
379157,446104,446105,66947,1,1,10800,6694.8
379159,446178,446179,67019,1,1,10800,6702.0
379160,446217,446218,67057,1,1,10800,6705.8
379160,379211,379720,51,509,2,7200,1.10019646365
379162,446288,446289,67126,1,1,10800,6712.7
379163,446315,446316,67152,1,1,10800,6715.3
379165,446397,446398,67232,1,1,10800,6723.3
379166,446412,446413,67246,1,1,10800,6724.7
379167,446519,446520,67352,1,1,10800,6735.3
379170,446732,446733,67562,1,1,10800,6756.3
379172,446820,446821,67648,1,1,10800,6764.9
379177,447097,447098,67920,1,1,10800,6792.1
379180,447310,447311,68130,1,1,10800,6813.1
379189,447851,447852,68662,1,1,10800,6866.3
379190,447881,447882,68691,1,1,10800,6869.2
379190,447907,447908,68717,1,1,10800,6871.8
379192,448037,448038,68845,1,1,10800,6884.6
379196,448236,448237,69040,1,1,10800,6904.1
379197,379261,379798,64,537,2,7200,1.11918063315
379199,448337,448338,69138,1,1,10800,6913.9
379200,449638,449639,70438,1,1,10800,7043.9
379201,449658,449659,70457,1,1,10800,7045.8
379207,450000,450001,70793,1,1,10800,7079.4
379209,450150,450151,70941,1,1,10800,7094.2
379210,450170,450171,70960,1,1,10800,7096.1
379215,450494,450495,71279,1,1,10800,7128.0
379217,450581,450582,71364,1,1,10800,7136.5
379217,450561,450562,71344,1,1,10800,7134.5
379219,450702,450703,71483,1,1,10800,7148.4
379221,379267,379830,46,563,2,7200,1.08170515098
379223,451572,451574,72349,2,1,10800,7235.1
379224,452085,452086,72861,1,1,10800,7286.2
379227,452255,452256,73028,1,1,10800,7302.9
379227,452230,452231,73003,1,1,10800,7300.4
379233,452576,452577,73343,1,1,10800,7334.4
379234,452660,452661,73426,1,1,10800,7342.7
379236,452840,452841,73604,1,1,10800,7360.5
379237,452814,452815,73577,1,1,10800,7357.8
379241,453120,453121,73879,1,1,10800,7388.0
379243,453221,453222,73978,1,1,10800,7397.9
379246,453409,453410,74163,1,1,10800,7416.4
379248,455124,455125,75876,1,1,10800,7587.7
379257,379333,379912,76,579,2,7200,1.13126079447
379258,455709,455710,76451,1,1,10800,7645.2
379262,456377,456378,77115,1,1,10800,7711.6
379263,456435,456436,77172,1,1,10800,7717.3
379263,456416,456417,77153,1,1,10800,7715.4
379263,456448,456449,77185,1,1,10800,7718.6
379266,456565,456566,77299,1,1,10800,7730.0
379269,456790,456791,77521,1,1,10800,7752.2
379277,457275,457276,77998,1,1,10800,7799.9
379280,457439,457440,78159,1,1,10800,7816.0
379281,457459,457460,78178,1,1,10800,7817.9
379282,457577,457578,78295,1,1,10800,7829.6
379286,457757,457758,78471,1,1,10800,7847.2
379286,457733,457734,78447,1,1,10800,7844.8
379287,379339,379845,52,506,2,7200,1.10276679842
379289,457893,457894,78604,1,1,10800,7860.5
379291,457965,457966,78674,1,1,10800,7867.5
379291,457945,457946,78654,1,1,10800,7865.5
379293,458020,458021,78727,1,1,10800,7872.8
379294,462389,462390,83095,1,1,10800,8309.6
379295,480172,480173,100877,1,1,10800,10087.8
379295,480160,480162,100865,2,1,10800,10086.7
379296,379328,381154,32,1826,4,3000,1.01752464403
379296,495680,495681,116384,1,1,10800,11638.5
379297,497368,497369,118071,1,1,10800,11807.2
379297,497392,497393,118095,1,1,10800,11809.6
379306,498382,498383,119076,1,1,10800,11907.7
379306,498370,498371,119064,1,1,10800,11906.5
379311,498504,498505,119193,1,1,10800,11919.4
379313,498566,498567,119253,1,1,10800,11925.4
379315,498602,498603,119287,1,1,10800,11928.8
379315,498620,498621,119305,1,1,10800,11930.6
379316,498656,498657,119340,1,1,10800,11934.1
379324,499080,499081,119756,1,1,10800,11975.7
379330,499300,499301,119970,1,1,10800,11997.1
379330,499287,499288,119957,1,1,10800,11995.8
379332,499354,499355,120022,1,1,10800,12002.3
379333,499365,499366,120032,1,1,10800,12003.3
379334,499395,499396,120061,1,1,10800,12006.2
379334,499377,499378,120043,1,1,10800,12004.4
379340,379389,379973,49,584,2,7200,1.08390410959
379348,499801,499802,120453,1,1,10800,12045.4
379349,499859,499861,120510,2,1,10800,12051.2
379349,499853,499854,120504,1,1,10800,12050.5
379350,499865,499866,120515,1,1,10800,12051.6
379351,499883,499884,120532,1,1,10800,12053.3
379351,499895,499896,120544,1,1,10800,12054.5
379352,499920,499921,120568,1,1,10800,12056.9
379352,499908,499909,120556,1,1,10800,12055.7
379352,499932,499933,120580,1,1,10800,12058.1
379353,499945,499946,120592,1,1,10800,12059.3
379353,499958,499959,120605,1,1,10800,12060.6
379354,379395,379962,41,567,2,7200,1.07231040564
379354,499971,499972,120617,1,1,10800,12061.8
379354,500009,500010,120655,1,1,10800,12065.6
379355,499983,499984,120628,1,1,10800,12062.9
379356,500022,500023,120666,1,1,10800,12066.7
379357,500034,500035,120677,1,1,10800,12067.8
379357,500060,500061,120703,1,1,10800,12070.4
379357,500047,500048,120690,1,1,10800,12069.1
379358,500072,500073,120714,1,1,10800,12071.5
379359,500097,500098,120738,1,1,10800,12073.9
379360,500145,500146,120785,1,1,10800,12078.6
379360,500133,500134,120773,1,1,10800,12077.4
379361,500170,500171,120809,1,1,10800,12081.0
379361,500158,500159,120797,1,1,10800,12079.8
379362,500194,500195,120832,1,1,10800,12083.3
379362,500182,500183,120820,1,1,10800,12082.1
379363,500207,500208,120844,1,1,10800,12084.5
379363,500219,500220,120856,1,1,10800,12085.7
379364,500231,500232,120867,1,1,10800,12086.8
379364,500244,500245,120880,1,1,10800,12088.1
379366,500281,500282,120915,1,1,10800,12091.6
379367,500318,500319,120951,1,1,10800,12095.2
379368,500343,500344,120975,1,1,10800,12097.6
379369,500368,500369,120999,1,1,10800,12100.0
379369,500355,500356,120986,1,1,10800,12098.7
379369,379400,379922,31,522,2,7200,1.05938697318
379370,500392,500393,121022,1,1,10800,12102.3
379370,500404,500405,121034,1,1,10800,12103.5
379372,500430,500431,121058,1,1,10800,12105.9
379372,500455,500456,121083,1,1,10800,12108.4
379373,500479,500480,121106,1,1,10800,12110.7
379374,500492,500493,121118,1,1,10800,12111.9
379374,500505,500506,121131,1,1,10800,12113.2
379375,500518,500519,121143,1,1,10800,12114.4
379375,500531,500532,121156,1,1,10800,12115.7
379376,500555,500556,121179,1,1,10800,12118.0
379377,500568,500569,121191,1,1,10800,12119.2
379377,500581,500582,121204,1,1,10800,12120.5
379378,500594,500595,121216,1,1,10800,12121.7
379379,500619,500620,121240,1,1,10800,12124.1
379380,500644,500645,121264,1,1,10800,12126.5
379381,500681,500682,121300,1,1,10800,12130.1
379382,500718,500719,121336,1,1,10800,12133.7
379382,500706,500707,121324,1,1,10800,12132.5
379384,500755,500756,121371,1,1,10800,12137.2
379385,500779,500780,121394,1,1,10800,12139.5
379386,500803,500804,121417,1,1,10800,12141.8
379386,500816,500817,121430,1,1,10800,12143.1
379387,500828,500829,121441,1,1,10800,12144.2
379387,500840,500841,121453,1,1,10800,12145.4
379388,500853,500854,121465,1,1,10800,12146.6
379393,501031,501032,121638,1,1,10800,12163.9
379395,379451,379563,56,112,2,3600,1.5
379396,501115,501116,121719,1,1,10800,12172.0
379403,379456,380009,53,553,2,7200,1.09584086799
379404,379461,380005,57,544,2,7200,1.10477941176
379411,501571,501803,122160,232,1,10800,527.551724138
379412,502138,502776,122726,638,1,10800,193.360501567
379412,502041,502126,122629,85,1,10800,1443.69411765
379412,501578,502029,122166,451,1,10800,271.87804878
379412,501815,502681,122403,866,1,10800,142.34295612
379413,502976,504462,123563,1486,1,10800,84.1514131898
379413,503223,504882,123810,1659,1,10800,75.6292947559
379413,502788,504390,123375,1602,1,10800,78.0131086142
379413,502694,502964,123281,270,1,10800,457.596296296
379414,504349,505944,124935,1595,1,10800,79.329153605
379414,504475,505219,125061,744,1,10800,169.092741935
379414,504344,506494,124930,2150,1,10800,59.1069767442
379414,504402,506495,124988,2093,1,10800,60.7171524128
379415,505232,505754,125817,522,1,10800,242.028735632
379415,505140,506004,125725,864,1,10800,146.515046296
379415,505769,507739,126354,1970,1,10800,65.1390862944
379415,505956,506397,126541,441,1,10800,287.941043084
379415,504894,505129,125479,235,1,10800,534.953191489
379416,506409,507331,126993,922,1,10800,138.736442516
379416,506506,506813,127090,307,1,10800,414.973941368
379416,506325,506893,126909,568,1,10800,224.431338028
379416,506016,506313,126600,297,1,10800,427.262626263
379417,507125,507314,127708,189,1,10800,676.703703704
379417,506825,512273,127408,5448,1,10800,24.3861967695
379417,507120,507895,127703,775,1,10800,165.778064516
379417,506905,507844,127488,939,1,10800,136.769968051
379418,507344,507609,127926,265,1,10800,483.739622642
379418,507326,508470,127908,1144,1,10800,112.807692308
379418,513294,513662,133876,368,1,10800,364.793478261
379418,513367,513705,133949,338,1,10800,397.298816568
379419,513508,515028,134089,1520,1,10800,89.2164473684
379419,513547,515265,134128,1718,1,10800,79.0721769499
379419,513675,515547,134256,1872,1,10800,72.7179487179
379419,513718,515552,134299,1834,1,10800,74.2273718648
379419,379467,379994,48,527,2,7200,1.09108159393
379420,514530,514828,135110,298,1,10800,454.389261745
379420,514791,518320,135371,3529,1,10800,39.3595919524
379420,514536,515642,135116,1106,1,10800,123.16636528
379420,514170,514778,134750,608,1,10800,222.628289474
379421,515278,519442,135857,4164,1,10800,33.626560999
379421,515573,517619,136152,2046,1,10800,67.5454545455
379421,515561,515988,136140,427,1,10800,319.829039813
379421,514840,515651,135419,811,1,10800,167.977805179
379422,517632,517680,138210,48,1,10800,2880.375
379422,517692,520873,138270,3181,1,10800,44.4674630619
379422,516000,519156,136578,3156,1,10800,44.2756653992
379422,515664,519089,136242,3425,1,10800,40.7786861314
379423,519168,521161,139745,1993,1,10800,71.1179126944
379423,519106,520537,139683,1431,1,10800,98.6121593291
379423,518339,520366,138916,2027,1,10800,69.5328071041
379423,519454,520101,140031,647,1,10800,217.43122102
379424,519966,520766,140542,800,1,10800,176.6775
379424,520113,520689,140689,576,1,10800,245.251736111
379424,520378,522149,140954,1771,1,10800,80.5900621118
379424,520551,521584,141127,1033,1,10800,137.618586641
379425,520701,521464,141276,763,1,10800,186.158584535
379425,520885,521355,141460,470,1,10800,301.978723404
379425,521174,522600,141749,1426,1,10800,100.403225806
379425,520778,521518,141353,740,1,10800,192.017567568
379426,521919,522725,142493,806,1,10800,177.790322581
379426,521477,521907,142051,430,1,10800,331.351162791
379426,521369,522573,141943,1204,1,10800,118.892857143
379426,521596,522120,142170,524,1,10800,272.316793893
379426,521530,522323,142104,793,1,10800,180.197982346
379427,522556,522844,143129,288,1,10800,497.975694444
379427,522134,522544,142707,410,1,10800,349.065853659
379427,522161,523000,142734,839,1,10800,171.123957092
379427,522340,523011,142913,671,1,10800,213.98509687
379428,522612,522784,143184,172,1,10800,833.465116279
379428,522737,523123,143309,386,1,10800,372.266839378
379428,522587,523021,143159,434,1,10800,330.859447005
379429,522816,524129,143387,1313,1,10800,110.205635948
379429,522822,524446,143393,1624,1,10800,89.296182266
379429,522806,523181,143377,375,1,10800,383.338666667
379429,522811,523374,143382,563,1,10800,255.674955595
379429,522797,524722,143368,1925,1,10800,75.4768831169
379430,522856,524449,143426,1593,1,10800,91.0351537979
379430,523038,524265,143608,1227,1,10800,118.0399348
379430,523023,524439,143593,1416,1,10800,102.407485876
379430,523013,524308,143583,1295,1,10800,111.874903475
379431,523511,524244,144080,733,1,10800,197.56207367
379431,523136,527270,143705,4134,1,10800,35.7617319787
379431,523386,523639,143955,253,1,10800,569.992094862
379431,523193,523499,143762,306,1,10800,470.810457516
379432,530630,531101,151198,471,1,10800,322.014861996
379432,523651,525469,144219,1818,1,10800,80.3283828383
379432,530619,531724,151187,1105,1,10800,137.82081448
379432,530624,531735,151192,1111,1,10800,137.086408641
379432,530635,532223,151203,1588,1,10800,96.2159949622
379433,530651,531164,151218,513,1,10800,295.771929825
379433,530646,531563,151213,917,1,10800,165.899672846
379433,530641,532159,151208,1518,1,10800,100.610013175
379434,530667,531126,151233,459,1,10800,330.483660131
379434,530662,531267,151228,605,1,10800,250.963636364
379434,530657,533007,151223,2350,1,10800,65.350212766
379434,379472,380024,38,552,2,7200,1.06884057971
379434,530673,531158,151239,485,1,10800,312.832989691
379435,536993,537623,157558,630,1,10800,251.092063492
379435,530689,531120,151254,431,1,10800,351.937354988
379435,530678,531022,151243,344,1,10800,440.659883721
379435,530683,532554,151248,1871,1,10800,81.8380545163
379436,531114,531839,151678,725,1,10800,210.211034483
379436,530694,531190,151258,496,1,10800,305.955645161
379436,542429,543450,162993,1021,1,10800,160.640548482
379436,531121,533297,151685,2176,1,10800,70.7081801471
379436,542498,543158,163062,660,1,10800,248.063636364
379437,531197,532002,151760,805,1,10800,189.52173913
379437,533310,536646,153873,3336,1,10800,47.125
379437,531203,531856,151766,653,1,10800,233.413476263
379437,533020,533837,153583,817,1,10800,188.984088127
379438,534231,545072,154793,10841,1,10800,15.278479845
379438,533849,535022,154411,1173,1,10800,132.637681159
379438,534212,538695,154774,4483,1,10800,35.5246486728
379438,534239,535306,154801,1067,1,10800,146.080599813
379439,534348,537112,154909,2764,1,10800,57.0452243126
379439,534246,534751,154807,505,1,10800,307.548514851
379439,534399,539650,154960,5251,1,10800,30.5105694153
379439,534278,534526,154839,248,1,10800,625.350806452
379440,536961,538121,157521,1160,1,10800,136.793965517
379440,534548,536368,155108,1820,1,10800,86.2241758242
379440,536966,543879,157526,6913,1,10800,23.7869231882
379440,534538,536252,155098,1714,1,10800,91.4889148191
379441,536971,542486,157530,5515,1,10800,29.5639165911
379441,536998,537885,157557,887,1,10800,178.629086809
379441,536987,537585,157546,598,1,10800,264.454849498
379441,536977,545199,157536,8222,1,10800,20.1603016298
379441,536982,538597,157541,1615,1,10800,98.5486068111
379442,537003,537351,157561,348,1,10800,453.761494253
379442,540047,542954,160605,2907,1,10800,56.2476780186
379442,538752,539887,159310,1135,1,10800,141.36123348
379442,539663,540777,160221,1114,1,10800,144.824955117
379443,540569,541031,161126,462,1,10800,349.757575758
379443,540052,544076,160609,4024,1,10800,40.9127733598
379443,540489,540983,161046,494,1,10800,327.004048583
379443,540747,541555,161304,808,1,10800,200.633663366
379443,540058,543323,160615,3265,1,10800,50.1929555896
379444,541287,542095,161843,808,1,10800,201.300742574
379444,540852,541578,161408,726,1,10800,223.325068871
379444,540789,541275,161345,486,1,10800,332.985596708
379444,541377,542979,161933,1602,1,10800,102.081772784
379445,541590,543392,162145,1802,1,10800,90.9805771365
379445,542237,542926,162792,689,1,10800,237.272859216
379445,541570,542417,162125,847,1,10800,192.410861865
379445,542107,542224,162662,117,1,10800,1391.27350427
379446,542966,543290,163520,324,1,10800,505.691358025
379446,542938,543253,163492,315,1,10800,520.022222222
379446,543327,546512,163881,3185,1,10800,52.4540031397
379447,542991,548460,163544,5469,1,10800,30.9038215396
379447,543265,543952,163818,687,1,10800,239.454148472
379447,543303,543488,163856,185,1,10800,886.708108108
379447,543333,544399,163886,1066,1,10800,154.739212008
379447,543170,543552,163723,382,1,10800,429.594240838
379448,543343,549169,163895,5826,1,10800,29.1316512187
379448,543351,543916,163903,565,1,10800,291.09380531
379448,543404,544043,163956,639,1,10800,257.582159624
379448,543338,543728,163890,390,1,10800,421.230769231
379449,550508,551273,171059,765,1,10800,224.606535948
379449,543500,544003,164051,503,1,10800,327.145129225
379449,543462,544717,164013,1255,1,10800,131.687649402
379449,550583,551840,171134,1257,1,10800,137.144789181
379449,379524,380087,75,563,2,7200,1.13321492007
379450,550514,551114,171064,600,1,10800,286.106666667
379450,550519,551163,171069,644,1,10800,266.635093168
379450,550532,553242,171082,2710,1,10800,64.1298892989
379450,550524,550896,171074,372,1,10800,460.876344086
379451,550537,550623,171086,86,1,10800,1990.37209302
379451,550601,551435,171150,834,1,10800,206.215827338
379451,550575,551438,171124,863,1,10800,199.289687138
379451,550643,551287,171192,644,1,10800,266.826086957
379452,550664,551307,171212,643,1,10800,267.270606532
379452,551447,551995,171995,548,1,10800,314.859489051
379452,550635,552313,171183,1678,1,10800,103.016090584
379452,550704,553334,171252,2630,1,10800,66.1148288973
379453,550857,551757,171404,900,1,10800,191.448888889
379453,550712,553805,171259,3093,1,10800,56.3698674426
379453,550795,550903,171342,108,1,10800,1587.5
379453,550864,551506,171411,642,1,10800,267.995327103
379454,550876,551700,171422,824,1,10800,209.036407767
379454,551461,553245,172007,1784,1,10800,97.4164798206
379454,550908,555381,171454,4473,1,10800,39.3308741337
379454,551455,552094,172001,639,1,10800,270.172143975
379454,550916,551203,171462,287,1,10800,598.428571429
379455,551000,551184,171545,184,1,10800,933.309782609
379455,550965,551110,171510,145,1,10800,1183.82758621
379455,550985,551108,171530,123,1,10800,1395.55284553
379455,550934,551233,171479,299,1,10800,574.508361204
379456,551099,552126,171643,1027,1,10800,168.130477118
379456,551072,551455,171616,383,1,10800,449.083550914
379456,551109,551505,171653,396,1,10800,434.467171717
379456,551120,552419,171664,1299,1,10800,133.150885296
379457,551138,551626,171681,488,1,10800,352.805327869
379457,551132,551719,171675,587,1,10800,293.461669506
379457,551125,552486,171668,1361,1,10800,127.133725202
379457,551165,551672,171708,507,1,10800,339.674556213
379458,551176,551590,171718,414,1,10800,415.777777778
379458,551189,551808,171731,619,1,10800,278.432956381
379458,551216,551948,171758,732,1,10800,235.642076503
379458,551196,551910,171738,714,1,10800,241.529411765
379458,551246,551876,171788,630,1,10800,273.679365079
379459,551300,551447,171841,147,1,10800,1169.98639456
379459,551309,551552,171850,243,1,10800,708.201646091
379459,551319,552938,171860,1619,1,10800,107.151945645
379459,551286,551877,171827,591,1,10800,291.739424704
379460,551473,553027,172013,1554,1,10800,111.69047619
379460,551362,553536,171902,2174,1,10800,80.0717571297
379460,551468,553419,172008,1951,1,10800,89.1640184521
379460,551419,552730,171959,1311,1,10800,132.166285278
379461,551524,552292,172063,768,1,10800,225.040364583
379461,551517,551875,172056,358,1,10800,481.603351955
379461,551712,552188,172251,476,1,10800,362.871848739
379461,551501,554101,172040,2600,1,10800,67.1692307692
379461,551738,555824,172277,4086,1,10800,43.1627508566
379462,551769,552692,172307,923,1,10800,187.681473456
379462,551530,552376,172068,846,1,10800,204.390070922
379462,551554,553110,172092,1556,1,10800,111.598971722
379463,551603,552104,172140,501,1,10800,344.592814371
379463,551731,553185,172268,1454,1,10800,119.478679505
379463,551639,553602,172176,1963,1,10800,88.7106469689
379463,551684,552634,172221,950,1,10800,182.285263158
379463,551564,552287,172101,723,1,10800,239.037344398
379464,551821,554154,172357,2333,1,10800,74.8778396914
379464,551887,552867,172423,980,1,10800,176.941836735
379464,551853,554646,172389,2793,1,10800,62.7218045113
379464,551846,554359,172382,2513,1,10800,69.5961002786
379465,551893,552254,172428,361,1,10800,478.639889197
379465,379529,380036,64,507,2,7200,1.12623274162
379465,551901,553812,172436,1911,1,10800,91.233385662
379465,551922,552723,172457,801,1,10800,216.302122347
379465,551940,553060,172475,1120,1,10800,154.995535714
379466,551960,552328,172494,368,1,10800,469.733695652
379466,552007,552152,172541,145,1,10800,1190.93793103
379466,551969,552559,172503,590,1,10800,293.377966102
379466,551976,552535,172510,559,1,10800,309.604651163
379466,379535,380084,69,549,2,7200,1.12568306011
379467,552839,553595,173372,756,1,10800,230.328042328
379467,552117,552248,172650,131,1,10800,1318.9389313
379467,552138,552705,172671,567,1,10800,305.534391534
379467,379540,380016,73,476,2,7200,1.15336134454
379468,552226,552425,172758,199,1,10800,869.130653266
379468,552268,553979,172800,1711,1,10800,101.993571011
379468,552261,553762,172793,1501,1,10800,116.118587608
379468,552164,556245,172696,4081,1,10800,43.3170791473
379469,552299,552964,172830,665,1,10800,260.894736842
379469,552340,553957,172871,1617,1,10800,107.90847248
379469,552307,552505,172838,198,1,10800,873.919191919
379469,552274,552487,172805,213,1,10800,812.291079812
379469,552325,552967,172856,642,1,10800,270.246105919
379469,379545,380106,76,561,2,7200,1.13547237077
379470,552431,552826,172961,395,1,10800,438.875949367
379470,552364,553651,172894,1287,1,10800,135.338772339
379470,552388,553064,172918,676,1,10800,256.795857988
379470,552349,553872,172879,1523,1,10800,114.512147078
379471,552498,552580,173027,82,1,10800,2111.08536585
379471,552506,553270,173035,764,1,10800,227.485602094
379471,552439,555877,172968,3438,1,10800,51.3106457243
379471,552517,553452,173046,935,1,10800,186.075935829
379471,552547,554173,173076,1626,1,10800,107.442804428
379472,552571,554259,173099,1688,1,10800,103.546800948
379472,552592,553244,173120,652,1,10800,266.521472393
379472,552646,555280,173174,2634,1,10800,66.7456340167
379473,552717,552784,173244,67,1,10800,2586.73134328
379473,552743,553257,173270,514,1,10800,338.101167315
379473,552704,553673,173231,969,1,10800,179.772961816
379473,552735,552895,173262,160,1,10800,1083.8875
379474,553081,553832,173607,751,1,10800,232.167776298
379474,553123,553217,173649,94,1,10800,1848.32978723
379474,552976,553992,173502,1016,1,10800,171.769685039
379474,552796,553131,173322,335,1,10800,518.379104478
379475,552933,554980,173458,2047,1,10800,85.7376648754
379475,552880,554074,173405,1194,1,10800,146.230318258
379475,552907,553986,173432,1079,1,10800,161.734012975
379475,552926,554000,173451,1074,1,10800,162.5
379475,552912,553889,173437,977,1,10800,178.519959058
379476,552989,554811,173513,1822,1,10800,96.2321624588
379476,552950,553284,173474,334,1,10800,520.383233533
379476,552996,553217,173520,221,1,10800,786.158371041
379476,552957,553482,173481,525,1,10800,331.44
379477,553039,553250,173562,211,1,10800,823.568720379
379477,553073,553362,173596,289,1,10800,601.678200692
379477,553143,556028,173666,2885,1,10800,61.196187175
379477,553023,554298,173546,1275,1,10800,137.114509804
379478,553229,554400,173751,1171,1,10800,149.378309137
379478,553202,554286,173724,1084,1,10800,161.26199262
379478,553234,556268,173756,3034,1,10800,58.2696110745
379478,553195,553377,173717,182,1,10800,955.489010989
379479,553254,553331,173775,77,1,10800,2257.81818182
379479,553274,554387,173795,1113,1,10800,157.150044924
379479,553262,554164,173783,902,1,10800,193.664079823
379479,553267,554369,173788,1102,1,10800,158.702359347
379480,553296,554161,173816,865,1,10800,201.943352601
379480,553287,554084,173807,797,1,10800,219.076537014
379480,553343,554344,173863,1001,1,10800,174.689310689
379480,553494,553928,174014,434,1,10800,401.953917051
379480,553280,555118,173800,1838,1,10800,95.5593035909
379481,553351,554071,173870,720,1,10800,242.486111111
379481,553671,556638,174190,2967,1,10800,59.7091338052
379481,553374,553694,173893,320,1,10800,544.415625
379481,553389,559181,173908,5792,1,10800,31.0255524862
379482,553464,553659,173982,195,1,10800,893.215384615
379482,553431,553677,173949,246,1,10800,708.109756098
379482,553501,554953,174019,1452,1,10800,120.847796143
379482,553424,553861,173942,437,1,10800,399.036613272
379482,553685,554225,174203,540,1,10800,323.598148148
379483,553548,554855,174065,1307,1,10800,134.17903596
379483,553614,559002,174131,5388,1,10800,33.3182999258
379483,553607,554818,174124,1211,1,10800,144.785301404
379484,553692,554091,174208,399,1,10800,437.611528822
379484,553663,553985,174179,322,1,10800,541.928571429
379484,559014,559631,179530,617,1,10800,291.972447326
379484,379551,380120,67,569,2,7200,1.11775043937
379485,553824,554291,174339,467,1,10800,374.316916488
379485,553817,554081,174332,264,1,10800,661.348484848
379485,553707,554564,174222,857,1,10800,204.292882147
379485,553773,555013,174288,1240,1,10800,141.55483871
379486,559506,562143,180020,2637,1,10800,69.2669700417
379486,561769,561974,182283,205,1,10800,890.185365854
379486,559303,559494,179817,191,1,10800,942.45026178
379486,559108,559291,179622,183,1,10800,982.540983607
379486,553845,555955,174359,2110,1,10800,83.6345971564
379487,559644,561757,180157,2113,1,10800,86.2612399432
379487,562155,562404,182668,249,1,10800,734.606425703
379487,561986,562671,182499,685,1,10800,267.42189781
379488,562683,562895,183195,212,1,10800,865.127358491
379488,562416,563023,182928,607,1,10800,302.364085667
379488,562456,563349,182968,893,1,10800,205.89137738
379489,562847,564266,183358,1419,1,10800,130.216349542
379489,563361,564688,183872,1327,1,10800,139.562170309
379489,562907,563770,183418,863,1,10800,213.535341831
379489,563035,563736,183546,701,1,10800,262.834522111
379490,563570,571040,184080,7470,1,10800,25.6425702811
379490,563565,563846,184075,281,1,10800,656.071174377
379490,563576,566184,184086,2608,1,10800,71.5851226994
379490,563560,564020,184070,460,1,10800,401.152173913
379491,563587,564221,184096,634,1,10800,291.372239748
379491,563603,565288,184112,1685,1,10800,110.265281899
379491,563581,564338,184090,757,1,10800,244.183619551
379491,563608,564850,184117,1242,1,10800,149.242351047
379492,563619,564518,184127,899,1,10800,205.813125695
379492,563624,564384,184132,760,1,10800,243.278947368
379492,563592,574425,184100,10833,1,10800,17.9943690575
379492,563614,563834,184122,220,1,10800,837.918181818
379492,563598,564379,184106,781,1,10800,236.731113956
379493,563630,564281,184137,651,1,10800,283.852534562
379493,563646,566936,184153,3290,1,10800,56.973556231
379493,563640,567867,184147,4227,1,10800,44.5644665247
379493,563635,565114,184142,1479,1,10800,125.504394861
379494,563651,565763,184157,2112,1,10800,88.1955492424
379494,563656,564202,184162,546,1,10800,338.293040293
379494,563688,564200,184194,512,1,10800,360.75390625
379495,563667,564310,184172,643,1,10800,287.426127527
379495,563699,564050,184204,351,1,10800,525.797720798
379495,563694,564033,184199,339,1,10800,544.359882006
379495,563662,563926,184167,264,1,10800,698.602272727
379496,563747,564141,184251,394,1,10800,468.64213198
379496,563678,564769,184182,1091,1,10800,169.819431714
379496,563672,564115,184176,443,1,10800,416.74717833
379496,563683,565383,184187,1700,1,10800,109.345294118
379497,563704,565534,184207,1830,1,10800,101.659562842
379497,563715,564701,184218,986,1,10800,187.8336714
379497,563752,566239,184255,2487,1,10800,75.0872537193
379497,563710,564873,184213,1163,1,10800,159.39466896
379498,563731,567186,184233,3455,1,10800,54.3235890014
379498,563736,563873,184238,137,1,10800,1345.80291971
379498,563726,563894,184228,168,1,10800,1097.5952381
379498,563758,564700,184260,942,1,10800,196.605095541
379498,563720,563904,184222,184,1,10800,1002.20652174
379499,379556,380118,57,562,2,7200,1.10142348754
379499,563768,564215,184269,447,1,10800,413.234899329
379499,563742,563835,184243,93,1,10800,1982.10752688
379499,563763,564085,184264,322,1,10800,573.248447205
379500,563774,564075,184274,301,1,10800,613.205980066
379500,379561,380065,61,504,2,7200,1.12103174603
379500,563790,565401,184290,1611,1,10800,115.394785847
379500,563779,564289,184279,510,1,10800,362.331372549
379500,563784,564749,184284,965,1,10800,191.967875648
379501,563806,564749,184305,943,1,10800,196.445387063
379501,563795,564228,184294,433,1,10800,426.621247113
379501,563800,564206,184299,406,1,10800,454.938423645
379502,566624,567994,187122,1370,1,10800,137.58540146
379502,379567,380121,65,554,2,7200,1.11732851986
379502,563811,566215,184309,2404,1,10800,77.6676372712
379502,566657,566895,187155,238,1,10800,787.365546218
379502,563817,565191,184315,1374,1,10800,135.144832606
379503,566759,568865,187256,2106,1,10800,89.9154795821
379503,566889,568891,187386,2002,1,10800,94.5994005994
379503,566907,567754,187404,847,1,10800,222.256198347
379503,566949,567158,187446,209,1,10800,897.870813397
379503,566847,567185,187344,338,1,10800,555.272189349
379504,567063,567298,187559,235,1,10800,799.123404255
379504,567083,568136,187579,1053,1,10800,179.137701804
379504,566958,568544,187454,1586,1,10800,119.192938209
379504,567823,572190,188319,4367,1,10800,44.1231967025
379505,568016,569134,188511,1118,1,10800,169.614490161
379505,568877,570253,189372,1376,1,10800,138.625
379505,568904,571342,189399,2438,1,10800,78.6862182116
379506,571250,572654,191744,1404,1,10800,137.56980057
379506,574371,576957,194865,2586,1,10800,76.3538283063
379506,569146,570998,189640,1852,1,10800,103.397408207
379506,569093,573175,189587,4082,1,10800,47.4446349829
379506,574478,576426,194972,1948,1,10800,101.088295688
379507,574812,575882,195305,1070,1,10800,183.528037383
379507,574703,575799,195196,1096,1,10800,179.098540146
379507,575210,575759,195703,549,1,10800,357.471766849
379507,574709,575409,195202,700,1,10800,279.86
379507,574955,575445,195448,490,1,10800,399.873469388
379508,575421,576531,195913,1110,1,10800,177.498198198
379508,576121,577528,196613,1407,1,10800,140.739161336
379508,575258,575760,195750,502,1,10800,390.940239044
379508,575457,576349,195949,892,1,10800,220.673766816
379509,575771,576551,196262,780,1,10800,252.617948718
379509,576361,577499,196852,1138,1,10800,173.980667838
379509,576206,577042,196697,836,1,10800,236.283492823
379509,576128,576795,196619,667,1,10800,295.781109445
379510,575895,576194,196385,299,1,10800,657.806020067
379510,575811,576108,196301,297,1,10800,661.946127946
379510,575778,576011,196268,233,1,10800,843.35193133
379511,576544,576986,197033,442,1,10800,446.7760181
379511,576438,576695,196927,257,1,10800,767.252918288
379511,576023,576639,196512,616,1,10800,320.012987013
379532,379618,380195,86,577,2,7200,1.14904679376
379547,379623,380156,76,533,2,7200,1.1425891182
379562,379629,380137,67,508,2,7200,1.13188976378
379577,379634,380199,57,565,2,7200,1.10088495575
379579,379639,380179,60,540,2,7200,1.11111111111
379580,379645,380214,65,569,2,7200,1.11423550088
379582,379650,380216,68,566,2,7200,1.12014134276
379596,379655,380220,59,565,2,7200,1.10442477876
379611,379728,380296,117,568,2,7200,1.20598591549
379613,379733,380302,120,569,2,7200,1.21089630931
379628,379738,380293,110,555,2,7200,1.1981981982
379659,379744,380311,85,567,2,7200,1.14991181658
379674,379749,380312,75,563,2,7200,1.13321492007
379675,379754,380305,79,551,2,7200,1.14337568058
379702,379760,380249,58,489,2,7200,1.11860940695
379720,379765,380315,45,550,2,7200,1.08181818182
379735,379821,380388,86,567,2,7200,1.15167548501
379750,379827,380388,77,561,2,7200,1.13725490196
379751,379832,380393,81,561,2,7200,1.14438502674
379766,379838,380399,72,561,2,7200,1.12834224599
379771,379816,379945,45,129,2,3600,1.3488372093
379799,379843,380412,44,569,2,7200,1.07732864675
379833,379895,380441,62,546,2,7200,1.11355311355
379848,379900,380466,52,566,2,7200,1.09187279152
379914,379952,380454,38,502,2,7200,1.07569721116
379929,379957,380516,28,559,2,7200,1.05008944544
379965,380009,380549,44,540,2,7200,1.08148148148
379980,380014,380542,34,528,2,7200,1.06439393939
379995,380019,380496,24,477,2,7200,1.05031446541
380011,380072,380625,61,553,2,7200,1.1103074141
380012,380077,380643,65,566,2,7200,1.1148409894
380027,380083,380664,56,581,2,7200,1.09638554217
380029,380088,380671,59,583,2,7200,1.10120068611
380044,380093,380611,49,518,2,7200,1.09459459459
380068,380145,380714,77,569,2,7200,1.13532513181
380086,380150,380657,64,507,2,7200,1.12623274162
380101,380156,380722,55,566,2,7200,1.09717314488
380115,380161,380681,46,520,2,7200,1.08846153846
380131,380166,380710,35,544,2,7200,1.06433823529
380132,380172,380731,40,559,2,7200,1.07155635063
380134,380177,380747,43,570,2,7200,1.07543859649
380149,380229,380780,80,551,2,7200,1.14519056261
380163,380234,380814,71,580,2,7200,1.1224137931
380181,380240,380744,59,504,2,7200,1.11706349206
380196,380245,380795,49,550,2,7200,1.08909090909
380211,380251,380812,40,561,2,7200,1.07130124777
380226,380324,380871,98,547,2,7200,1.17915904936
380228,380330,380848,102,518,2,7200,1.19691119691
380229,380335,380897,106,562,2,7200,1.18861209964
380250,380341,380907,91,566,2,7200,1.16077738516
380296,380346,380897,50,551,2,7200,1.09074410163
380312,380351,380890,39,539,2,7200,1.07235621521
380313,380357,380913,44,556,2,7200,1.07913669065
380315,380362,380890,47,528,2,7200,1.08901515152
380316,380367,380941,51,574,2,7200,1.08885017422
380317,380419,380921,102,502,2,7200,1.203187251
380333,380424,380998,91,574,2,7200,1.15853658537
380391,380430,380878,39,448,2,7200,1.08705357143
380392,380435,380989,43,554,2,7200,1.07761732852
380407,380440,381005,33,565,2,7200,1.05840707965
380409,380446,380992,37,546,2,7200,1.06776556777
380423,380564,381118,141,554,2,7200,1.25451263538
380441,380569,381093,128,524,2,7200,1.24427480916
380456,380574,381093,118,519,2,7200,1.22736030829
380471,380580,381150,109,570,2,7200,1.19122807018
380498,380585,381123,87,538,2,7200,1.16171003717
380519,380591,381157,72,566,2,7200,1.12720848057
380543,380596,381166,53,570,2,7200,1.09298245614
380558,380664,381232,106,568,2,7200,1.18661971831
380613,380669,381199,56,530,2,7200,1.10566037736
380628,380674,381228,46,554,2,7200,1.08303249097
380646,380680,381220,34,540,2,7200,1.06296296296
380661,380731,381286,70,555,2,7200,1.12612612613
380676,380736,381284,60,548,2,7200,1.10948905109
380677,380742,381261,65,519,2,7200,1.12524084778
380692,380747,381241,55,494,2,7200,1.11133603239
380714,380753,381288,39,535,2,7200,1.07289719626
380729,380804,381366,75,562,2,7200,1.1334519573
380731,380809,381369,78,560,2,7200,1.13928571429
380746,380814,381366,68,552,2,7200,1.1231884058
380747,380820,381399,73,579,2,7200,1.12607944732
380762,380825,381392,63,567,2,7200,1.11111111111
380783,380831,381385,48,554,2,7200,1.08664259928
380798,380882,381434,84,552,2,7200,1.15217391304
380813,380887,381445,74,558,2,7200,1.13261648746
380828,380892,381390,64,498,2,7200,1.12851405622
380849,380898,381468,49,570,2,7200,1.08596491228
380873,380903,381468,30,565,2,7200,1.05309734513
380888,380955,381516,67,561,2,7200,1.11942959002
380904,380961,381509,57,548,2,7200,1.10401459854
380905,380966,381533,61,567,2,7200,1.10758377425
380907,380972,381537,65,565,2,7200,1.11504424779
380908,380977,381421,69,444,2,7200,1.15540540541
380916,381704,381714,788,10,1,36000,79.8
380916,381699,381704,783,5,1,36000,78.8
380917,381721,381730,804,9,1,36000,81.3
380917,381715,381724,798,9,1,36000,80.7
380917,381710,381719,793,9,1,36000,80.2
380918,381726,381735,808,9,1,36000,81.7
380918,381737,381745,819,8,1,36000,82.7
380918,381731,381743,813,12,1,36000,68.75
380919,381829,381834,910,5,1,36000,91.5
380919,381823,381829,904,6,1,36000,91.0
380919,381834,381839,915,5,1,36000,92.0
380919,381818,381824,899,6,1,36000,90.5
380920,381850,381856,930,6,1,36000,93.6
380920,381845,381850,925,5,1,36000,93.0
380920,381840,381845,920,5,1,36000,92.5
380921,381885,381886,964,1,1,36000,96.5
380921,381880,381881,959,1,1,36000,96.0
380921,381856,381861,935,5,1,36000,94.0
380922,381896,381901,974,5,1,36000,97.9
380922,381891,381898,969,7,1,36000,97.6
380922,381901,381907,979,6,1,36000,98.5
380922,381907,381913,985,6,1,36000,99.1
380923,381923,381932,1000,9,1,36000,100.9
380923,381918,381923,995,5,1,36000,100.0
380923,381912,381918,989,6,1,36000,99.5
380924,381964,381970,1040,6,1,36000,104.6
380924,381969,381979,1045,10,1,36000,105.5
380924,380982,381473,58,491,2,7200,1.11812627291
380924,381975,381984,1051,9,1,36000,106.0
380924,381980,381986,1056,6,1,36000,106.2
380925,381991,381994,1066,3,1,36000,106.9
380925,381986,381991,1061,5,1,36000,106.6
380925,380988,381550,63,562,2,7200,1.11209964413
380926,380993,381542,67,549,2,7200,1.12204007286
380926,381996,381998,1070,2,1,36000,107.2
380941,380999,381561,58,562,2,7200,1.10320284698
380990,381061,381627,71,566,2,7200,1.12544169611
381006,381066,381619,60,553,2,7200,1.10849909584
381007,381071,381634,64,563,2,7200,1.11367673179
381008,381077,381649,69,572,2,7200,1.12062937063
381094,381144,381696,50,552,2,7200,1.09057971014
381095,381149,381595,54,446,2,7200,1.12107623318
381110,381139,381153,29,14,2,3600,3.07142857143
381119,381155,381705,36,550,2,7200,1.06545454545
381134,381218,381781,84,563,2,7200,1.14920071048
381152,381223,381736,71,513,2,7200,1.13840155945
381167,381229,381801,62,572,2,7200,1.10839160839
381169,381234,381805,65,571,2,7200,1.11383537653
381202,381239,381739,37,500,2,7200,1.074
381223,381335,381903,112,568,2,7200,1.19718309859
381238,381340,381798,102,458,2,7200,1.22270742358
381239,381324,381326,85,2,1,7200,8.7
381239,381346,381914,107,568,2,7200,1.18838028169
381254,381351,381913,97,562,2,7200,1.17259786477
381269,381356,381874,87,518,2,7200,1.16795366795
381287,381362,381921,75,559,2,7200,1.13416815742
381289,381367,381931,78,564,2,7200,1.13829787234
381303,381373,381885,70,512,2,7200,1.13671875
381311,381330,383131,19,1801,4,6600,1.01054969461
381368,381425,381938,57,513,2,7200,1.11111111111
381369,381430,381925,61,495,2,7200,1.12323232323
381384,381436,381996,52,560,2,7200,1.09285714286
381399,381441,382002,42,561,2,7200,1.07486631016
381401,381446,382009,45,563,2,7200,1.07992895204
381402,381452,382009,50,557,2,7200,1.08976660682
381404,381457,381981,53,524,2,7200,1.10114503817
381422,381508,381911,86,403,2,7200,1.21339950372
381436,381514,382088,78,574,2,7200,1.13588850174
381451,381519,382079,68,560,2,7200,1.12142857143
381469,381525,381945,56,420,2,7200,1.13333333333
381471,381530,382094,59,564,2,7200,1.10460992908
381486,381535,382073,49,538,2,7200,1.09107806691
381510,381588,382103,78,515,2,7200,1.15145631068
381525,381593,382163,68,570,2,7200,1.11929824561
381540,381599,382094,59,495,2,7200,1.11919191919
381541,381604,382116,63,512,2,7200,1.123046875
381556,381609,382138,53,529,2,7200,1.10018903592
381558,381615,382153,57,538,2,7200,1.10594795539
381573,381620,382138,47,518,2,7200,1.09073359073
381597,381672,382054,75,382,2,7200,1.19633507853
381621,381677,382201,56,524,2,7200,1.10687022901
381636,381683,382227,47,544,2,7200,1.08639705882
381638,381688,382263,50,575,2,7200,1.08695652174
381653,381694,382254,41,560,2,7200,1.07321428571
381698,381745,382286,47,541,2,7200,1.08687615527
381713,381751,382317,38,566,2,7200,1.06713780919
381737,381756,382218,19,462,2,7200,1.04112554113
381752,381796,382322,44,526,2,7200,1.08365019011
381782,381802,382340,20,538,2,7200,1.03717472119
381800,381864,382425,64,561,2,7200,1.11408199643
381815,381869,382440,54,571,2,7200,1.0945709282
381817,381874,382405,57,531,2,7200,1.10734463277
381874,381932,382416,58,484,2,7200,1.11983471074
381889,381937,382507,48,570,2,7200,1.08421052632
381904,381942,382518,38,576,2,7200,1.06597222222
381920,381948,382487,28,539,2,7200,1.05194805195
381921,381953,382511,32,558,2,7200,1.05734767025
381923,381959,382464,36,505,2,7200,1.07128712871
381938,382007,382549,69,542,2,7200,1.12730627306
381940,382012,382591,72,579,2,7200,1.12435233161
381941,382017,382571,76,554,2,7200,1.13718411552
381956,382023,382541,67,518,2,7200,1.12934362934
381957,382028,382593,71,565,2,7200,1.12566371681
381985,382034,382600,49,566,2,7200,1.08657243816
382000,382107,382670,107,563,2,7200,1.19005328597
382015,382112,382667,97,555,2,7200,1.17477477477
382017,382118,382649,101,531,2,7200,1.19020715631
382018,382123,382689,105,566,2,7200,1.18551236749
382055,382128,382675,73,547,2,7200,1.13345521024
382076,382134,382683,58,549,2,7200,1.10564663024
382076,389202,389208,7126,6,1,36000,713.2
382077,389221,389226,7144,5,1,36000,714.9
382077,389238,389243,7161,5,1,36000,716.6
382078,390053,390058,7975,5,1,36000,798.0
382078,390058,390064,7980,6,1,36000,798.6
382079,390082,390090,8003,8,1,36000,801.1
382079,390063,390069,7984,6,1,36000,799.0
382080,390098,390103,8018,5,1,36000,802.3
382080,390087,390094,8007,7,1,36000,801.4
382080,390092,390099,8012,7,1,36000,801.9
382081,390103,390109,8022,6,1,36000,802.8
382081,390108,390114,8027,6,1,36000,803.3
382082,390114,390119,8032,5,1,36000,803.7
382083,390132,390138,8049,6,1,36000,805.5
382083,390126,390134,8043,8,1,36000,805.1
382084,390137,390143,8053,6,1,36000,805.9
382084,390142,390149,8058,7,1,36000,806.5
382085,390148,390153,8063,5,1,36000,806.8
382085,390153,390159,8068,6,1,36000,807.4
382086,390158,390164,8072,6,1,36000,807.8
382086,390164,390169,8078,5,1,36000,808.3
382087,390169,390175,8082,6,1,36000,808.8
382088,390175,390180,8087,5,1,36000,809.2
382088,390182,390188,8094,6,1,36000,810.0
382089,390283,390288,8194,5,1,36000,819.9
382089,390188,390193,8099,5,1,36000,810.4
382090,390288,390294,8198,6,1,36000,820.4
382090,390294,390299,8204,5,1,36000,820.9
382091,382139,382669,48,530,2,7200,1.09056603774
382091,390318,390326,8227,8,1,36000,823.5
382091,390323,390329,8232,6,1,36000,823.8
382092,390329,390336,8237,7,1,36000,824.4
382092,390334,390341,8242,7,1,36000,824.9
382093,390339,390345,8246,6,1,36000,825.2
382093,390345,390350,8252,5,1,36000,825.7
382093,382145,382690,52,545,2,7200,1.09541284404
382094,390350,390355,8256,5,1,36000,826.1
382094,390355,390364,8261,9,1,36000,827.0
382095,390387,390393,8292,6,1,36000,829.8
382095,390382,390388,8287,6,1,36000,829.3
382096,390393,390398,8297,5,1,36000,830.2
382096,390398,390404,8302,6,1,36000,830.8
382097,390404,390409,8307,5,1,36000,831.2
382098,390415,390420,8317,5,1,36000,832.2
382098,390409,390415,8311,6,1,36000,831.7
382099,382553,382558,454,5,1,36000,45.9
382099,382447,382452,348,5,1,36000,35.3
382100,382563,382569,463,6,1,36000,46.9
382100,382558,382564,458,6,1,36000,46.4
382100,383121,383130,1021,9,1,36000,103.0
382100,383115,383125,1015,10,1,36000,102.5
382101,383126,383134,1025,8,1,36000,103.3
382101,383132,383141,1031,9,1,36000,104.0
382101,383137,383145,1036,8,1,36000,104.4
382102,383154,383159,1052,5,1,36000,105.7
382102,383148,383154,1046,6,1,36000,105.2
382102,383143,383148,1041,5,1,36000,104.6
382103,383188,383196,1085,8,1,36000,109.3
382103,383193,383202,1090,9,1,36000,109.9
382103,383199,383209,1096,10,1,36000,110.6
382103,383159,383164,1056,5,1,36000,106.1
382104,383204,383212,1100,8,1,36000,110.8
382104,383210,383218,1106,8,1,36000,111.4
382104,383215,383221,1111,6,1,36000,111.7
382104,383220,383226,1116,6,1,36000,112.2
382104,383226,383231,1122,5,1,36000,112.7
382105,383231,383237,1126,6,1,36000,113.2
382105,383237,383242,1132,5,1,36000,113.7
382106,383248,383254,1142,6,1,36000,114.8
382106,383310,383318,1204,8,1,36000,121.2
382106,383242,383248,1136,6,1,36000,114.2
382106,383253,383259,1147,6,1,36000,115.3
382107,383321,383326,1214,5,1,36000,121.9
382107,383315,383324,1208,9,1,36000,121.7
382107,383326,383332,1219,6,1,36000,122.5
382108,383332,383337,1224,5,1,36000,122.9
382108,383337,383342,1229,5,1,36000,123.4
382108,383348,383353,1240,5,1,36000,124.5
382108,383353,383359,1245,6,1,36000,125.1
382108,383342,383348,1234,6,1,36000,124.0
382109,382207,382747,98,540,2,7200,1.18148148148
382109,383359,383364,1250,5,1,36000,125.5
382109,383364,383369,1255,5,1,36000,126.0
382109,383416,383422,1307,6,1,36000,131.3
382109,383422,383428,1313,6,1,36000,131.9
382110,383444,383449,1334,5,1,36000,133.9
382110,383438,383444,1328,6,1,36000,133.4
382110,383427,383433,1317,6,1,36000,132.3
382110,382213,382738,103,525,2,7200,1.19619047619
382110,383433,383438,1323,5,1,36000,132.8
382111,383471,383477,1360,6,1,36000,136.6
382111,383466,383472,1355,6,1,36000,136.1
382111,382218,382781,107,563,2,7200,1.19005328597
382111,383460,383466,1349,6,1,36000,135.5
382111,383455,383460,1344,5,1,36000,134.9
382111,383449,383455,1338,6,1,36000,134.4
382112,383534,383539,1422,5,1,36000,142.7
382112,383523,383528,1411,5,1,36000,141.6
382112,383528,383534,1416,6,1,36000,142.2
382113,383539,383545,1426,6,1,36000,143.2
382113,383545,383550,1432,5,1,36000,143.7
382113,383556,383561,1443,5,1,36000,144.8
382113,383550,383556,1437,6,1,36000,144.3
382114,383577,383583,1463,6,1,36000,146.9
382114,383572,383578,1458,6,1,36000,146.4
382114,383561,383567,1447,6,1,36000,145.3
382114,383567,383572,1453,5,1,36000,145.8
382115,383646,383652,1531,6,1,36000,153.7
382115,383641,383646,1526,5,1,36000,153.1
382115,383630,383635,1515,5,1,36000,152.0
382115,383635,383641,1520,6,1,36000,152.6
382116,383657,383663,1541,6,1,36000,154.7
382116,383668,383674,1552,6,1,36000,155.8
382116,383652,383657,1536,5,1,36000,154.1
382116,383663,383668,1547,5,1,36000,155.2
382117,383679,383684,1562,5,1,36000,156.7
382117,383704,383709,1587,5,1,36000,159.2
382117,383673,383679,1556,6,1,36000,156.2
382117,383684,383690,1567,6,1,36000,157.3
382118,383716,383721,1598,5,1,36000,160.3
382118,383738,383744,1620,6,1,36000,162.6
382118,383764,383770,1646,6,1,36000,165.2
382119,383803,383809,1684,6,1,36000,169.0
382119,383821,383827,1702,6,1,36000,170.8
382119,383844,383850,1725,6,1,36000,173.1
382119,383785,383791,1666,6,1,36000,167.2
382120,388914,388920,6794,6,1,36000,680.0
382120,388908,388918,6788,10,1,36000,679.8
382120,388340,388348,6220,8,1,36000,622.8
382120,388419,388425,6299,6,1,36000,630.5
382121,388930,388937,6809,7,1,36000,681.6
382121,388938,388944,6817,6,1,36000,682.3
382121,388924,388933,6803,9,1,36000,681.2
382121,388944,388949,6823,5,1,36000,682.8
382122,388949,388956,6827,7,1,36000,683.4
382122,388965,388972,6843,7,1,36000,685.0
382122,388960,388966,6838,6,1,36000,684.4
382122,388955,388961,6833,6,1,36000,683.9
382123,388988,388994,6865,6,1,36000,687.1
382123,388983,388989,6860,6,1,36000,686.6
382123,388977,388983,6854,6,1,36000,686.0
382124,388994,388999,6870,5,1,36000,687.5
382124,388999,389005,6875,6,1,36000,688.1
382124,389010,389018,6886,8,1,36000,689.4
382124,389005,389010,6881,5,1,36000,688.6
382125,389015,389021,6890,6,1,36000,689.6
382125,389021,389027,6896,6,1,36000,690.2
382125,389027,389032,6902,5,1,36000,690.7
382125,389100,389106,6975,6,1,36000,698.1
382126,382224,382746,98,522,2,7200,1.1877394636
382142,382229,382703,87,474,2,7200,1.1835443038
382143,382234,382767,91,533,2,7200,1.17073170732
382158,382240,382805,82,565,2,7200,1.14513274336
382163,382202,490206,39,108004,16,108000,1.00036109774
382173,382245,382812,72,567,2,7200,1.12698412698
382184,382334,382341,150,7,16,108000,15.7
382204,382253,382805,49,552,2,7200,1.08876811594
382222,382258,382840,36,582,2,7200,1.0618556701
382238,382264,382829,26,565,2,7200,1.04601769912
382255,382276,382824,21,548,2,7200,1.03832116788
382270,382283,382827,13,544,2,7200,1.02389705882
382288,382296,382862,8,566,2,7200,1.01413427562
382318,382339,382885,21,546,2,7200,1.03846153846
382333,382347,382925,14,578,2,7200,1.02422145329
382346,382360,382397,14,37,1,7200,1.37837837838
382348,382365,382878,17,513,2,7200,1.03313840156
382406,382455,383021,49,566,2,7200,1.08657243816
382421,382461,383003,40,542,2,7200,1.07380073801
382430,389962,649192,7532,259230,1,259200,1.0290552791
382436,382466,382998,30,532,2,7200,1.05639097744
382450,382578,383144,128,566,2,7200,1.22614840989
382465,382583,383157,118,574,2,7200,1.20557491289
382489,382589,383113,100,524,2,7200,1.19083969466
382505,382573,490613,68,108040,16,108000,1.00062939652
382510,382594,383130,84,536,2,7200,1.15671641791
382525,382599,383111,74,512,2,7200,1.14453125
382527,382605,383160,78,555,2,7200,1.14054054054
382545,382610,383176,65,566,2,7200,1.1148409894
382560,382616,383186,56,570,2,7200,1.09824561404
382575,382645,383198,70,553,2,7200,1.12658227848
382593,382650,383173,57,523,2,7200,1.10898661568
382598,382639,382744,41,105,16,28800,1.39047619048
382608,382656,383221,48,565,2,7200,1.08495575221
382609,382661,383230,52,569,2,7200,1.0913884007
382652,382724,383281,72,557,2,7200,1.12926391382
382671,382730,383277,59,547,2,7200,1.10786106033
382672,382735,383266,63,531,2,7200,1.1186440678
382673,382740,383328,67,588,2,7200,1.11394557823
382689,382746,383289,57,543,2,7200,1.10497237569
382690,382751,383242,61,491,2,7200,1.12423625255
382692,382757,383313,65,556,2,7200,1.11690647482
382707,382762,383334,55,572,2,7200,1.09615384615
382709,382767,383334,58,567,2,7200,1.10229276896
382739,382835,383396,96,561,2,7200,1.17112299465
382754,382841,383404,87,563,2,7200,1.15452930728
382755,382846,383405,91,559,2,7200,1.16279069767
382770,382852,383433,82,581,2,7200,1.14113597246
382785,382857,383425,72,568,2,7200,1.12676056338
382802,382830,384137,28,1307,16,28800,1.02142310635
382807,382863,383429,56,566,2,7200,1.09893992933
382808,382868,383416,60,548,2,7200,1.10948905109
382823,382931,383498,108,567,2,7200,1.19047619048
382838,382936,383411,98,475,2,7200,1.20631578947
382840,382942,383501,102,559,2,7200,1.1824686941
382842,382947,383491,105,544,2,7200,1.19301470588
382856,382953,383523,97,570,2,7200,1.1701754386
382871,382958,383523,87,565,2,7200,1.15398230088
382887,382964,383473,77,509,2,7200,1.15127701375
382888,382969,383543,81,574,2,7200,1.14111498258
382924,383032,383590,108,558,2,7200,1.1935483871
383000,383037,383519,37,482,2,7200,1.07676348548
383015,383043,383579,28,536,2,7200,1.05223880597
383030,383104,383641,74,537,2,7200,1.13780260708
383115,383167,383727,52,560,2,7200,1.09285714286
383116,383172,383735,56,563,2,7200,1.09946714032
383131,383177,383744,46,567,2,7200,1.0811287478
383146,383183,383757,37,574,2,7200,1.06445993031
383161,383261,383827,100,566,2,7200,1.17667844523
383163,383267,383845,104,578,2,7200,1.17993079585
383178,383272,383849,94,577,2,7200,1.16291161179
383179,383278,383711,99,433,2,7200,1.22863741339
383194,383283,383793,89,510,2,7200,1.17450980392
383209,383288,383848,79,560,2,7200,1.14107142857
383224,383294,383752,70,458,2,7200,1.15283842795
383239,383299,383862,60,563,2,7200,1.10657193606
383254,383305,383780,51,475,2,7200,1.10736842105
383269,383373,383941,104,568,2,7200,1.18309859155
383284,383379,383935,95,556,2,7200,1.17086330935
383285,383384,383950,99,566,2,7200,1.17491166078
383300,383389,383928,89,539,2,7200,1.16512059369
383315,383395,383934,80,539,2,7200,1.14842300557
383330,383400,383938,70,538,2,7200,1.13011152416
383345,383405,383970,60,565,2,7200,1.10619469027
383346,383411,383944,65,533,2,7200,1.12195121951
383398,383479,384043,81,564,2,7200,1.14361702128
383415,383485,384021,70,536,2,7200,1.13059701493
383416,383490,384073,74,583,2,7200,1.1269296741
383418,383496,384047,78,551,2,7200,1.14156079855
383434,383501,384079,67,578,2,7200,1.11591695502
383435,383507,384074,72,567,2,7200,1.12698412698
383436,383512,384075,76,563,2,7200,1.13499111901
383438,383517,384085,79,568,2,7200,1.13908450704
383474,383586,384150,112,564,2,7200,1.19858156028
383493,383592,384106,99,514,2,7200,1.19260700389
383508,383597,384167,89,570,2,7200,1.15614035088
383510,383602,384171,92,569,2,7200,1.16168717047
383525,383608,384140,83,532,2,7200,1.15601503759
383526,383613,384191,87,578,2,7200,1.15051903114
383528,383619,384081,91,462,2,7200,1.19696969697
383546,383624,384197,78,573,2,7200,1.13612565445
383582,383698,384192,116,494,2,7200,1.23481781377
383597,383724,384291,127,567,2,7200,1.22398589065
383600,383693,390286,93,6593,16,108000,1.01410586986
383643,383731,384285,88,554,2,7200,1.15884476534
383680,451483,474332,67803,22849,4,72000,3.96743839993
383689,383711,383713,22,2,1,75600,2.4
383690,474343,499821,90653,25478,4,72000,4.55808933197
383693,490961,561279,107268,70318,4,72000,2.52547000768
383700,490966,522793,107266,31827,4,72000,4.37028309297
383713,383745,384279,32,534,2,7200,1.05992509363
383728,383752,384324,24,572,2,7200,1.04195804196
383743,383759,384324,16,565,2,7200,1.02831858407
383758,383772,384340,14,568,2,7200,1.02464788732
383760,383777,384305,17,528,2,7200,1.0321969697
383761,383792,384339,31,547,2,7200,1.05667276051
383766,383810,383932,44,122,2,3600,1.3606557377
383782,383839,384388,57,549,2,7200,1.10382513661
383798,383865,384371,67,506,2,7200,1.13241106719
383831,383880,384429,49,549,2,7200,1.08925318761
383841,383873,411653,32,27780,4,259200,1.00115190785
383849,383953,384512,104,559,2,7200,1.18604651163
383850,383958,384302,108,344,2,7200,1.31395348837
383852,383860,455881,8,72021,1,75600,1.00011107871
383865,383964,384528,99,564,2,7200,1.17553191489
383867,383972,384551,105,579,2,7200,1.18134715026
383930,383978,384544,48,566,2,7200,1.08480565371
383932,383946,453661,14,69715,4,259200,1.00020081761
383946,383985,384480,39,495,2,7200,1.07878787879
383947,384033,384595,86,562,2,7200,1.15302491103
383949,384055,384618,106,563,2,7200,1.18827708703
383950,384062,384590,112,528,2,7200,1.21212121212
383951,384085,384654,134,569,2,7200,1.23550087873
383966,384092,384618,126,526,2,7200,1.23954372624
383981,384097,384653,116,556,2,7200,1.20863309353
384023,384103,384668,80,565,2,7200,1.14159292035
384044,384110,384638,66,528,2,7200,1.125
384059,384115,384694,56,579,2,7200,1.09671848014
384074,384122,384696,48,574,2,7200,1.08362369338
384076,384157,384717,81,560,2,7200,1.14464285714
384091,384164,384740,73,576,2,7200,1.12673611111
384093,384179,384661,86,482,2,7200,1.17842323651
384094,384186,384754,92,568,2,7200,1.16197183099
384096,384203,384745,107,542,2,7200,1.19741697417
384111,384210,384744,99,534,2,7200,1.18539325843
384127,384150,412975,23,28825,16,28800,1.00079791847
384144,384215,384750,71,535,2,7200,1.13271028037
384159,384299,384845,140,546,2,7200,1.25641025641
384174,384305,384821,131,516,2,7200,1.25387596899
384175,384314,384894,139,580,2,7200,1.23965517241
384191,384292,384465,101,173,2,3600,1.5838150289
384193,384321,384887,128,566,2,7200,1.22614840989
384195,384337,384892,142,555,2,7200,1.25585585586
384210,384342,384877,132,535,2,7200,1.24672897196
384283,384352,384915,69,563,2,7200,1.12255772647
384298,384357,384921,59,564,2,7200,1.10460992908
384299,384384,384948,85,564,2,7200,1.15070921986
384314,384400,384930,86,530,2,7200,1.16226415094
384315,384442,385010,127,568,2,7200,1.2235915493
384331,384477,385003,146,526,2,7200,1.27756653992
384332,384541,385105,209,564,2,7200,1.37056737589
384347,384557,385072,210,515,2,7200,1.40776699029
384349,384564,385084,215,520,2,7200,1.41346153846
384373,384602,385165,229,563,2,7200,1.40674955595
384391,384610,385178,219,568,2,7200,1.38556338028
384430,384631,385159,201,528,2,7200,1.38068181818
384475,384524,434340,49,49816,4,259200,1.00098361972
384481,384636,385174,155,538,2,7200,1.28810408922
384514,384650,385161,136,511,2,7200,1.26614481409
384529,384665,385202,136,537,2,7200,1.25325884544
384547,384671,385250,124,579,2,7200,1.21416234888
384562,384679,385228,117,549,2,7200,1.2131147541
384592,384686,385228,94,542,2,7200,1.17343173432
384607,384706,385248,99,542,2,7200,1.18265682657
384622,384713,385273,91,560,2,7200,1.1625
384624,384730,385294,106,564,2,7200,1.18794326241
384639,384752,385320,113,568,2,7200,1.19894366197
384654,384759,385325,105,566,2,7200,1.18551236749
384655,384764,385306,109,542,2,7200,1.20110701107
384670,384772,385290,102,518,2,7200,1.19691119691
384672,384777,385347,105,570,2,7200,1.18421052632
384696,384834,385344,138,510,2,7200,1.27058823529
384711,384850,385406,139,556,2,7200,1.25
384726,384857,385393,131,536,2,7200,1.24440298507
384741,384890,385444,149,554,2,7200,1.26895306859
384756,384899,385456,143,557,2,7200,1.25673249551
384758,384906,385470,148,564,2,7200,1.26241134752
384759,384911,385460,152,549,2,7200,1.27686703097
384761,384928,385459,167,531,2,7200,1.31450094162
384824,384935,385460,111,525,2,7200,1.21142857143
384846,384941,385440,95,499,2,7200,1.19038076152
384879,384960,385508,81,548,2,7200,1.14781021898
384894,385015,385576,121,561,2,7200,1.21568627451
384896,385022,385569,126,547,2,7200,1.23034734918
384897,385084,385555,187,471,2,7200,1.39702760085
384918,385097,385651,179,554,2,7200,1.32310469314
384933,385117,385664,184,547,2,7200,1.33638025594
384935,385171,385700,236,529,2,7200,1.44612476371
384949,385178,385735,229,557,2,7200,1.41113105925
385004,385184,385734,180,550,2,7200,1.32727272727
385019,385191,385669,172,478,2,7200,1.35983263598
385073,385196,385766,123,570,2,7200,1.21578947368
385088,385214,385723,126,509,2,7200,1.24754420432
385106,385240,385808,134,568,2,7200,1.23591549296
385152,385332,404691,180,19359,4,259200,1.00929800093
385160,385245,385771,85,526,2,7200,1.16159695817
385175,385260,385824,85,564,2,7200,1.15070921986
385177,385267,385830,90,563,2,7200,1.15985790409
385178,385302,385837,124,535,2,7200,1.23177570093
385193,385310,385847,117,537,2,7200,1.21787709497
385208,385318,385827,110,509,2,7200,1.21611001965
385230,385339,385876,109,537,2,7200,1.20297951583
385231,385357,385932,126,575,2,7200,1.21913043478
385249,385364,385932,115,568,2,7200,1.20246478873
385264,385405,385977,141,572,2,7200,1.2465034965
385279,385418,385880,139,462,2,7200,1.30086580087
385294,385453,386029,159,576,2,7200,1.27604166667
385296,385460,386024,164,564,2,7200,1.29078014184
385311,385469,386025,158,556,2,7200,1.28417266187
385326,385476,386020,150,544,2,7200,1.27573529412
385328,385482,386042,154,560,2,7200,1.275
385346,385487,386044,141,557,2,7200,1.25314183124
385361,385495,386035,134,540,2,7200,1.24814814815
385394,385520,386084,126,564,2,7200,1.22340425532
385409,385568,386102,159,534,2,7200,1.29775280899
385442,385582,386128,140,546,2,7200,1.25641025641
385457,385589,386136,132,547,2,7200,1.24131627057
385458,385663,386237,205,574,2,7200,1.35714285714
385474,385677,386193,203,516,2,7200,1.39341085271
385475,385684,386128,209,444,2,7200,1.47072072072
385476,385712,386273,236,561,2,7200,1.42067736185
385478,385735,386303,257,568,2,7200,1.45246478873
385511,385746,386212,235,466,2,7200,1.50429184549
385557,385753,386292,196,539,2,7200,1.36363636364
385571,385778,386342,207,564,2,7200,1.3670212766
385586,385786,386324,200,538,2,7200,1.3717472119
385653,385820,386394,167,574,2,7200,1.29094076655
385668,385836,386398,168,562,2,7200,1.29893238434
385682,385843,386299,161,456,2,7200,1.35307017544
385704,385849,386385,145,536,2,7200,1.27052238806
385725,385856,386419,131,563,2,7200,1.23268206039
385740,385863,386375,123,512,2,7200,1.240234375
385741,385888,386434,147,546,2,7200,1.26923076923
385768,385895,386433,127,538,2,7200,1.23605947955
385783,385945,386495,162,550,2,7200,1.29454545455
385810,385950,386491,140,541,2,7200,1.25878003697
385825,385989,386559,164,570,2,7200,1.28771929825
385842,386032,386586,190,554,2,7200,1.34296028881
385843,386039,386541,196,502,2,7200,1.39043824701
385845,386044,386569,199,525,2,7200,1.37904761905
385860,386051,386603,191,552,2,7200,1.34601449275
385877,386056,386622,179,566,2,7200,1.31625441696
385892,386063,386512,171,449,2,7200,1.38084632517
385935,386069,386634,134,565,2,7200,1.23716814159
385936,386098,386669,162,571,2,7200,1.28371278459
385979,386114,386663,135,549,2,7200,1.24590163934
386021,386140,386704,119,564,2,7200,1.2109929078
386036,386146,386711,110,565,2,7200,1.19469026549
386038,386154,386704,116,550,2,7200,1.21090909091
386039,386206,386769,167,563,2,7200,1.29662522202
386041,386224,386753,183,529,2,7200,1.34593572779
386055,386249,386800,194,551,2,7200,1.35208711434
386057,386285,386833,228,548,2,7200,1.41605839416
386087,386304,386862,217,558,2,7200,1.38888888889
386105,386311,386857,206,546,2,7200,1.37728937729
386129,386318,386881,189,563,2,7200,1.33570159858
386131,386336,386884,205,548,2,7200,1.37408759124
386146,386354,386819,208,465,2,7200,1.44731182796
386194,386387,386953,193,566,2,7200,1.34098939929
386215,386397,386928,182,531,2,7200,1.34274952919
386239,386406,386975,167,569,2,7200,1.2934973638
386276,386413,386940,137,527,2,7200,1.25996204934
386294,386430,386981,136,551,2,7200,1.24682395644
386309,386445,386991,136,546,2,7200,1.24908424908
386310,386452,386917,142,465,2,7200,1.30537634409
386325,386503,387062,178,559,2,7200,1.31842576029
386343,386510,387060,167,550,2,7200,1.30363636364
386376,386524,387056,148,532,2,7200,1.27819548872
386391,386554,387075,163,521,2,7200,1.31285988484
386406,386572,387143,166,571,2,7200,1.29071803853
386408,386582,387147,174,565,2,7200,1.30796460177
386423,386599,387140,176,541,2,7200,1.32532347505
386439,386615,387096,176,481,2,7200,1.3659043659
386440,386634,387164,194,530,2,7200,1.36603773585
386492,386646,387168,154,522,2,7200,1.29501915709
386506,386675,387242,169,567,2,7200,1.29805996473
386521,386682,387073,161,391,2,7200,1.41176470588
386542,386716,387215,174,499,2,7200,1.34869739479
386560,386721,387296,161,575,2,7200,1.28
386575,386729,387231,154,502,2,7200,1.30677290837
386590,386766,387309,176,543,2,7200,1.3241252302
386605,386782,387346,177,564,2,7200,1.31382978723
386623,386812,387331,189,519,2,7200,1.36416184971
386638,386831,387402,193,571,2,7200,1.33800350263
386665,386845,387411,180,566,2,7200,1.31802120141
386680,386869,387438,189,569,2,7200,1.33216168717
386704,386876,387426,172,550,2,7200,1.31272727273
386719,386893,387451,174,558,2,7200,1.31182795699
386721,386900,387460,179,560,2,7200,1.31964285714
386754,386929,387490,175,561,2,7200,1.311942959
386772,386940,387429,168,489,2,7200,1.34355828221
386802,386952,387530,150,578,2,7200,1.25951557093
386820,386965,387475,145,510,2,7200,1.28431372549
386835,386987,387457,152,470,2,7200,1.32340425532
386859,386994,387560,135,566,2,7200,1.23851590106
386874,387003,387588,129,585,2,7200,1.22051282051
386889,387068,387575,179,507,2,7200,1.35305719921
386891,387075,387643,184,568,2,7200,1.32394366197
386918,387080,387637,162,557,2,7200,1.2908438061
386933,387088,387650,155,562,2,7200,1.27580071174
386948,387093,387657,145,564,2,7200,1.25709219858
386963,387108,387590,145,482,2,7200,1.30082987552
386978,387153,387695,175,542,2,7200,1.32287822878
386993,387160,387680,167,520,2,7200,1.32115384615
386994,387165,387717,171,552,2,7200,1.3097826087
387058,387177,387712,119,535,2,7200,1.22242990654
387073,387184,387718,111,534,2,7200,1.20786516854
387075,387227,387721,152,494,2,7200,1.30769230769
387076,387243,387810,167,567,2,7200,1.29453262787
387091,387254,387770,163,516,2,7200,1.31589147287
387106,387308,387884,202,576,2,7200,1.35069444444
387142,387322,387872,180,550,2,7200,1.32727272727
387157,387343,387901,186,558,2,7200,1.33333333333
387159,387358,387892,199,534,2,7200,1.37265917603
387174,387415,387951,241,536,2,7200,1.44962686567
387175,387424,387957,249,533,2,7200,1.46716697936
387217,387437,387997,220,560,2,7200,1.39285714286
387232,387445,387982,213,537,2,7200,1.39664804469
387247,387452,388018,205,566,2,7200,1.36219081272
387298,387463,387980,165,517,2,7200,1.31914893617
387313,387470,387994,157,524,2,7200,1.29961832061
387334,387477,388033,143,556,2,7200,1.2571942446
387349,387488,388051,139,563,2,7200,1.24689165187
387403,387502,388027,99,525,2,7200,1.18857142857
387418,387542,388112,124,570,2,7200,1.21754385965
387433,387572,388099,139,527,2,7200,1.26375711575
387435,387649,388183,214,534,2,7200,1.40074906367
387449,387669,388248,220,579,2,7200,1.37996545769
387465,387692,388234,227,542,2,7200,1.41881918819
387466,387736,388237,270,501,2,7200,1.53892215569
387467,387741,388267,274,526,2,7200,1.52091254753
387482,387763,388276,281,513,2,7200,1.5477582846
387497,387768,388301,271,533,2,7200,1.50844277674
387533,387773,388321,240,548,2,7200,1.43795620438
387536,387729,387733,193,4,16,86400,19.7
387560,387779,388266,219,487,2,7200,1.44969199179
387578,387784,388240,206,456,2,7200,1.45175438596
387593,387789,388318,196,529,2,7200,1.37051039698
387594,387795,388296,201,501,2,7200,1.40119760479
387640,387800,388367,160,567,2,7200,1.28218694885
387655,387807,388375,152,568,2,7200,1.2676056338
387657,387827,388391,170,564,2,7200,1.30141843972
387671,387884,388295,213,411,2,7200,1.51824817518
387686,387896,388470,210,574,2,7200,1.36585365854
387701,387963,388537,262,574,2,7200,1.45644599303
387716,387970,388339,254,369,2,7200,1.68834688347
387722,387748,387751,26,3,16,86400,2.9
387731,387991,388559,260,568,2,7200,1.45774647887
387732,387999,388578,267,579,2,7200,1.46113989637
387734,388006,388542,272,536,2,7200,1.50746268657
387773,388013,388538,240,525,2,7200,1.45714285714
387779,387904,388497,125,593,1,7200,1.2107925801
387807,388329,388332,522,3,16,1800,52.5
387813,388030,388566,217,536,2,7200,1.40485074627
387873,388039,388569,166,530,2,7200,1.31320754717
387888,388046,388582,158,536,2,7200,1.2947761194
387903,388063,388443,160,380,2,7200,1.42105263158
387904,388112,388541,208,429,2,7200,1.48484848485
387953,388125,388684,172,559,2,7200,1.30769230769
387968,388196,388774,228,578,2,7200,1.39446366782
387983,388247,388786,264,539,2,7200,1.48979591837
387984,388260,388816,276,556,2,7200,1.4964028777
388000,388280,388842,280,562,2,7200,1.49822064057
388001,388307,388876,306,569,2,7200,1.53778558875
388019,388347,388813,328,466,2,7200,1.70386266094
388034,388352,388882,318,530,2,7200,1.6
388035,388357,388892,322,535,2,7200,1.60186915888
388053,388363,388912,310,549,2,7200,1.56466302368
388102,388368,388878,266,510,2,7200,1.52156862745
388116,388373,388924,257,551,2,7200,1.4664246824
388186,388379,388961,193,582,2,7200,1.33161512027
388238,388384,388933,146,549,2,7200,1.26593806922
388239,388390,388925,151,535,2,7200,1.28224299065
388254,388397,388951,143,554,2,7200,1.25812274368
388255,388402,388946,147,544,2,7200,1.27022058824
388270,388408,388934,138,526,2,7200,1.26235741445
388272,388426,388954,154,528,2,7200,1.29166666667
388287,388455,389019,168,564,2,7200,1.29787234043
388302,388482,389048,180,566,2,7200,1.31802120141
388303,388508,388974,205,466,2,7200,1.43991416309
388305,388549,389081,244,532,2,7200,1.45864661654
388320,388556,389118,236,562,2,7200,1.41992882562
388334,388561,389124,227,563,2,7200,1.40319715808
388349,388566,389105,217,539,2,7200,1.4025974026
388371,388574,389079,203,505,2,7200,1.40198019802
388385,388581,389097,196,516,2,7200,1.37984496124
388400,388586,389148,186,562,2,7200,1.33096085409
388446,388593,389123,147,530,2,7200,1.27735849057
388473,388600,389067,127,467,2,7200,1.27194860814
388540,388696,389265,156,569,2,7200,1.27416520211
388541,388787,389347,246,560,2,7200,1.43928571429
388556,388798,389350,242,552,2,7200,1.4384057971
388557,388825,389383,268,558,2,7200,1.48028673835
388573,388832,389351,259,519,2,7200,1.49903660886
388574,388854,389378,280,524,2,7200,1.53435114504
388575,388887,389455,312,568,2,7200,1.54929577465
388590,388895,389461,305,566,2,7200,1.53886925795
388592,388900,389462,308,562,2,7200,1.54804270463
388685,389032,389581,347,549,2,7200,1.6320582878
388776,389043,389581,267,538,2,7200,1.49628252788
388791,389049,389609,258,560,2,7200,1.46071428571
388815,389106,389672,291,566,2,7200,1.51413427562
388830,389111,389616,281,505,2,7200,1.55643564356
388845,389117,389654,272,537,2,7200,1.50651769088
388878,389122,389687,244,565,2,7200,1.43185840708
388880,389136,389666,256,530,2,7200,1.48301886792
388895,389141,389694,246,553,2,7200,1.44484629295
388897,389146,389699,249,553,2,7200,1.45027124774
388915,389152,389684,237,532,2,7200,1.4454887218
388930,389157,389727,227,570,2,7200,1.39824561404
388932,389163,389705,231,542,2,7200,1.42619926199
388947,389168,389732,221,564,2,7200,1.39184397163
388948,389173,389647,225,474,2,7200,1.4746835443
388950,389179,389736,229,557,2,7200,1.41113105925
388965,389184,389754,219,570,2,7200,1.38421052632
388967,389190,389756,223,566,2,7200,1.39399293286
388968,389195,389753,227,558,2,7200,1.40681003584
388984,389208,389770,224,562,2,7200,1.39857651246
389020,389213,389790,193,577,2,7200,1.33448873484
389050,389277,389839,227,562,2,7200,1.40391459075
389068,389363,389934,295,571,2,7200,1.51663747811
389083,389368,389943,285,575,2,7200,1.49565217391
389085,389374,389929,289,555,2,7200,1.52072072072
389100,389390,389903,290,513,2,7200,1.56530214425
389115,389468,390034,353,566,2,7200,1.62367491166
389130,389504,390039,374,535,2,7200,1.69906542056
389131,389509,390059,378,550,2,7200,1.68727272727
389133,389553,390120,420,567,2,7200,1.74074074074
389151,389598,390124,447,526,2,7200,1.84980988593
389266,389624,390193,358,569,2,7200,1.62917398946
389349,389673,390193,324,520,2,7200,1.62307692308
389364,389701,390242,337,541,2,7200,1.62292051756
389365,389707,390244,342,537,2,7200,1.63687150838
389380,389719,390278,339,559,2,7200,1.60644007156
389395,389725,390266,330,541,2,7200,1.60998151571
389408,389416,389925,8,509,2,3600,1.01571709234
389458,389778,390280,320,502,2,7200,1.6374501992
389473,389823,390354,350,531,2,7200,1.65913370998
389474,389829,390396,355,567,2,7200,1.62610229277
389584,389834,390395,250,561,2,7200,1.44563279857
389585,389839,390397,254,558,2,7200,1.45519713262
389612,389845,390350,233,505,2,7200,1.46138613861
389627,389850,390413,223,563,2,7200,1.39609236234
389648,389855,390393,207,538,2,7200,1.38475836431
389663,389894,390418,231,524,2,7200,1.44083969466
389678,389900,390454,222,554,2,7200,1.40072202166
389679,389984,390564,305,580,2,7200,1.52586206897
389694,389989,390531,295,542,2,7200,1.5442804428
389696,389995,390533,299,538,2,7200,1.55576208178
389697,390034,390494,337,460,2,7200,1.73260869565
389712,390119,390695,407,576,2,7200,1.70659722222
389714,390193,390736,479,543,2,7200,1.88213627993
389721,389786,404300,65,14514,4,14400,1.00447843461
389728,390198,390739,470,541,2,7200,1.86876155268
389743,390225,390745,482,520,2,7200,1.92692307692
389745,390259,390810,514,551,2,7200,1.93284936479
389760,390265,390831,505,566,2,7200,1.89222614841
389761,390299,390869,538,570,2,7200,1.94385964912
389763,390305,390848,542,543,2,7200,1.99815837937
389778,390361,390877,583,516,2,7200,2.12984496124
389793,390366,390868,573,502,2,7200,2.14143426295
389841,390377,390929,536,552,2,7200,1.97101449275
389905,390420,390957,515,537,2,7200,1.95903165736
389932,390425,390994,493,569,2,7200,1.86643233743
389947,390514,391053,567,539,2,7200,2.05194805195
389949,390520,391093,571,573,2,7200,1.9965095986
389960,390002,390108,42,106,2,3600,1.39622641509
390037,390525,391018,488,493,2,7200,1.98985801217
390052,390530,391106,478,576,2,7200,1.82986111111
390067,390536,391100,469,564,2,7200,1.83156028369
390068,390076,390101,8,25,1,7200,1.32
390121,390541,391059,420,518,2,7200,1.81081081081
390136,390546,391098,410,552,2,7200,1.74275362319
390197,390552,391110,355,558,2,7200,1.63620071685
390198,390232,391027,34,795,4,3540,1.0427672956
390198,390557,391121,359,564,2,7200,1.6365248227
390244,390598,391167,354,569,2,7200,1.62214411248
390259,390603,391149,344,546,2,7200,1.63003663004
390270,390312,390338,42,26,1,7200,2.61538461538
390273,390608,391146,335,538,2,7200,1.62267657993
390289,390614,391180,325,566,2,7200,1.574204947
390290,390638,391182,348,544,2,7200,1.63970588235
390353,390708,391224,355,516,2,7200,1.68798449612
390369,390754,391286,385,532,2,7200,1.72368421053
390393,390434,390436,41,2,1,21600,4.3
390394,390450,390451,56,1,1,21600,5.7
390394,390445,390887,51,442,1,21600,1.11538461538
390394,390456,390861,62,405,1,21600,1.15308641975
390395,390466,390975,71,509,1,21600,1.1394891945
390395,390471,391809,76,1338,1,21600,1.05680119581
390395,390461,390734,66,273,1,21600,1.24175824176
390395,390477,390788,82,311,1,21600,1.26366559486
390396,390759,391326,363,567,2,7200,1.64021164021
390396,390493,390797,97,304,1,21600,1.31907894737
390396,390482,390483,86,1,1,21600,8.7
390396,390488,390885,92,397,1,21600,1.23173803526
390397,390498,390499,101,1,1,21600,10.2
390397,390509,390510,112,1,1,21600,11.3
390397,390504,390886,107,382,1,21600,1.28010471204
390398,390645,391522,247,877,1,21600,1.28164196123
390398,390621,390622,223,1,1,21600,22.4
390398,390767,391288,369,521,2,7200,1.70825335893
390398,390626,391868,228,1242,1,21600,1.18357487923
390399,390746,390954,347,208,1,21600,2.66826923077
390399,390824,391390,425,566,2,7200,1.75088339223
390399,390650,391463,251,813,1,21600,1.30873308733
390400,390809,391465,409,656,1,21600,1.62347560976
390400,390901,391207,501,306,1,21600,2.63725490196
390400,390816,391200,416,384,1,21600,2.08333333333
390400,390873,391318,473,445,1,21600,2.06292134831
390401,390912,391040,511,128,1,21600,4.9921875
390401,390906,390907,505,1,1,21600,50.6
390402,390968,391243,566,275,1,21600,3.05818181818
390402,390961,391247,559,286,1,21600,2.95454545455
390403,391014,391291,611,277,1,21600,3.20577617329
390404,391052,391261,648,209,1,21600,4.1004784689
390404,391233,391234,829,1,1,21600,83.0
390405,391251,391252,846,1,1,21600,84.7
390405,391246,391497,841,251,1,21600,4.35059760956
390405,391264,391533,859,269,1,21600,4.19330855019
390406,391275,392386,869,1111,1,21600,1.78217821782
390406,391283,392493,877,1210,1,21600,1.72479338843
390406,391288,391585,882,297,1,21600,3.9696969697
390407,391330,391649,923,319,1,21600,3.8934169279
390407,391335,391737,928,402,1,21600,3.30845771144
390408,391493,391494,1085,1,1,21600,108.6
390408,391509,391906,1101,397,1,21600,3.77329974811
390409,391514,391825,1105,311,1,21600,4.55305466238
390409,391534,395537,1125,4003,1,21600,1.28103922058
390410,391547,392189,1137,642,1,21600,2.77102803738
390410,391539,391540,1129,1,1,21600,113.0
390410,391560,392119,1150,559,1,21600,3.0572450805
390411,391662,392104,1251,442,1,21600,3.83031674208
390411,391611,392036,1200,425,1,21600,3.82352941176
390411,391755,392561,1344,806,1,21600,2.66749379653
390412,391820,392277,1408,457,1,21600,4.08096280088
390412,391826,392164,1414,338,1,21600,5.18343195266
390412,391802,391806,1390,4,1,21600,139.4
390413,391918,391919,1505,1,1,21600,150.6
390413,391906,392476,1493,570,1,21600,3.61929824561
390413,391850,392370,1437,520,1,21600,3.76346153846
390414,392031,392277,1617,246,1,21600,7.57317073171
390414,391945,392259,1531,314,1,21600,5.87579617834
390414,390844,391345,430,501,2,7200,1.85828343313
390415,392048,392212,1633,164,1,21600,10.9573170732
390416,392124,392387,1708,263,1,21600,7.49429657795
390416,390861,391216,445,355,2,7200,2.25352112676
390416,392132,392407,1716,275,1,21600,7.24
390417,392137,392138,1720,1,1,21600,172.1
390417,392174,392550,1757,376,1,21600,5.67287234043
390417,392198,392746,1781,548,1,21600,4.25
390418,392266,392891,1848,625,1,21600,3.9568
390418,392206,392419,1788,213,1,21600,9.39436619718
390419,392316,392674,1897,358,1,21600,6.29888268156
390419,392297,392298,1878,1,1,21600,187.9
390419,392292,392778,1873,486,1,21600,4.85390946502
390419,392303,392805,1884,502,1,21600,4.75298804781
390420,392387,392389,1967,2,1,21600,196.9
390420,392405,392757,1985,352,1,21600,6.63920454545
390431,390881,391450,450,569,2,7200,1.79086115993
390455,390886,391455,431,569,2,7200,1.75746924429
390494,390894,391457,400,563,2,7200,1.71047957371
390495,390565,390566,70,1,1,21600,7.1
390496,390576,392015,80,1439,1,21600,1.05559416261
390497,390592,392068,95,1476,1,21600,1.06436314363
390497,392410,394031,1913,1621,1,21600,2.18013571869
390497,390587,391788,90,1201,1,21600,1.07493755204
390497,392418,399192,1921,6774,1,21600,1.28358429288
390498,392489,393361,1991,872,1,21600,3.28325688073
390498,392425,393390,1927,965,1,21600,2.99689119171
390498,392453,393774,1955,1321,1,21600,2.47993943982
390499,392561,392562,2062,1,1,21600,206.3
390499,392517,393686,2018,1169,1,21600,2.72626176219
390500,392579,396559,2079,3980,1,21600,1.52236180905
390500,392574,392575,2074,1,1,21600,207.5
390501,392686,399960,2185,7274,1,21600,1.30038493264
390501,392606,396417,2105,3811,1,21600,1.55234846497
390501,392767,393299,2266,532,1,21600,5.25939849624
390502,392829,395530,2327,2701,1,21600,1.86153276564
390502,392803,394099,2301,1296,1,21600,2.77546296296
390502,392798,394757,2296,1959,1,21600,2.17202654416
390503,392920,393984,2417,1064,1,21600,3.27161654135
390503,393331,393702,2828,371,1,21600,8.62264150943
390504,393428,394351,2924,923,1,21600,4.16793066089
390504,393423,393424,2919,1,1,21600,292.0
390505,393702,393703,3197,1,1,21600,319.8
390505,393723,394860,3218,1137,1,21600,3.83025505717
390505,393441,393713,2936,272,1,21600,11.7941176471
390506,393731,394240,3225,509,1,21600,7.33595284872
390506,393736,393737,3230,1,1,21600,323.1
390507,393794,393795,3287,1,1,21600,328.8
390507,393813,394824,3306,1011,1,21600,4.27002967359
390507,393768,396064,3261,2296,1,21600,2.42029616725
390508,394012,396283,3504,2271,1,21600,2.5429326288
390508,394045,403334,3537,9289,1,21600,1.38077295726
390508,394118,395332,3610,1214,1,21600,3.97364085667
390509,394279,395124,3770,845,1,21600,5.46153846154
390509,394253,394254,3744,1,1,21600,374.5
390510,394855,394856,4345,1,1,21600,434.6
390510,394850,394851,4340,1,1,21600,434.1
390510,394382,395542,3872,1160,1,21600,4.33793103448
390511,395207,395210,4696,3,1,21600,469.9
390511,395344,395347,4833,3,1,21600,483.6
390511,395213,396544,4702,1331,1,21600,4.53268219384
390511,395231,396275,4720,1044,1,21600,5.52107279693
390512,395521,397138,5009,1617,1,21600,4.097711812
390512,395507,396026,4995,519,1,21600,10.6242774566
390512,395502,395504,4990,2,1,21600,499.2
390512,395359,398157,4847,2798,1,21600,2.73230879199
390513,395544,395546,5031,2,1,21600,503.3
390513,395559,397070,5046,1511,1,21600,4.33951025811
390513,395552,396984,5039,1432,1,21600,4.5188547486
390514,396038,396039,5524,1,1,21600,552.5
390514,395564,398225,5050,2661,1,21600,2.89778278843
390514,396053,397336,5539,1283,1,21600,5.31722525331
390514,396082,397020,5568,938,1,21600,6.93603411514
390515,396294,397741,5779,1447,1,21600,4.99378023497
390516,396315,399173,5799,2858,1,21600,3.02904128761
390517,397033,397824,6516,791,1,21600,9.23767383059
390517,396453,397638,5936,1185,1,21600,6.00928270042
390517,396559,397279,6042,720,1,21600,9.39166666667
390519,396632,397519,6113,887,1,21600,7.89177001127
390519,396996,397827,6477,831,1,21600,8.79422382671
390519,397081,397082,6562,1,1,21600,656.3
390520,397107,398480,6587,1373,1,21600,5.79752367079
390520,397152,398479,6632,1327,1,21600,5.99773926149
390520,397349,398373,6829,1024,1,21600,7.6689453125
390521,397543,399474,7022,1931,1,21600,4.63645779389
390521,397291,400486,6770,3195,1,21600,3.11893583725
390522,397662,399245,7140,1583,1,21600,5.510423247
390522,397756,398774,7234,1018,1,21600,8.10609037328
390523,397847,397848,7324,1,1,21600,732.5
390523,397860,398823,7337,963,1,21600,8.6188992731
390534,390942,391457,408,515,2,7200,1.79223300971
390535,390974,391437,439,463,2,7200,1.94816414687
390562,397865,397866,7303,1,1,21600,730.4
390562,397891,400374,7329,2483,1,21600,3.95167136528
390563,398176,398177,7613,1,1,21600,761.4
390563,398236,400790,7673,2554,1,21600,4.00430696946
390563,398188,402278,7625,4090,1,21600,2.86430317848
390564,398386,401903,7822,3517,1,21600,3.22405459198
390564,398499,413322,7935,14823,1,21600,1.5353167375
390564,398504,402578,7940,4074,1,21600,2.94894452626
390565,398835,399767,8270,932,1,21600,9.87339055794
390565,391007,391577,442,570,2,7200,1.77543859649
390565,398798,402131,8233,3333,1,21600,3.4701470147
390566,400555,404964,9989,4409,1,21600,3.26559310501
390567,399236,414039,8669,14803,1,21600,1.58562453557
390567,399262,400633,8695,1371,1,21600,7.34208606856
390567,399255,400312,8688,1057,1,21600,9.21948912015
390568,399493,400822,8925,1329,1,21600,7.71557562077
390568,399792,402358,9224,2566,1,21600,4.59469992206
390569,399972,400971,9403,999,1,21600,10.4124124124
390569,400324,402549,9755,2225,1,21600,5.38426966292
390569,400390,401517,9821,1127,1,21600,9.71428571429
390570,400834,402458,10264,1624,1,21600,7.32019704433
390571,400807,402704,10236,1897,1,21600,6.3958882446
390571,400645,401965,10074,1320,1,21600,8.63181818182
390572,401792,403560,11220,1768,1,21600,7.34615384615
390572,401009,403321,10437,2312,1,21600,5.5142733564
390572,400996,400997,10424,1,1,21600,1042.5
390573,401949,403111,11376,1162,1,21600,10.7900172117
390573,401936,401937,11363,1,1,21600,1136.4
390574,402290,404203,11716,1913,1,21600,7.12441191845
390574,402002,403343,11428,1341,1,21600,9.52199850858
390574,402158,404928,11584,2770,1,21600,5.18194945848
390575,402504,406133,11929,3629,1,21600,4.28713144117
390575,402370,405440,11795,3070,1,21600,4.84201954397
390576,402568,404225,11992,1657,1,21600,8.23717561859
390577,402631,405889,12054,3258,1,21600,4.69981583794
390577,402717,405537,12140,2820,1,21600,5.30496453901
390578,403135,407722,12557,4587,1,21600,3.73751907565
390578,403345,403881,12767,536,1,21600,24.8190298507
390579,403375,406656,12796,3281,1,21600,4.90003047851
390579,403357,405448,12778,2091,1,21600,7.11095169775
390580,404228,404819,13648,591,1,21600,24.0930626058
390580,403572,404641,12992,1069,1,21600,13.153414406
390580,404197,407001,13617,2804,1,21600,5.8562767475
390581,404237,406295,13656,2058,1,21600,7.63556851312
390581,404725,404727,14144,2,1,21600,1414.6
390581,404738,412084,14157,7346,1,21600,2.92717124966
390582,404846,410093,14264,5247,1,21600,3.71850581285
390583,404987,407492,14404,2505,1,21600,6.7500998004
390583,404964,406589,14381,1625,1,21600,9.84984615385
390584,405476,407285,14892,1809,1,21600,9.23217247098
390585,405503,407704,14918,2201,1,21600,7.77782825988
390585,405549,405881,14964,332,1,21600,46.0722891566
390586,405913,409369,15327,3456,1,21600,5.43489583333
390586,405900,405902,15314,2,1,21600,1531.6
390586,405926,407963,15340,2037,1,21600,8.53068237604
390587,406615,410809,16028,4194,1,21600,4.82164997616
390587,406145,408602,15558,2457,1,21600,7.33211233211
390587,406602,406603,16015,1,1,21600,1601.6
390587,406307,412571,15720,6264,1,21600,3.50957854406
390588,406668,406669,16080,1,1,21600,1608.1
390588,406680,408397,16092,1717,1,21600,10.3721607455
390588,407013,409673,16425,2660,1,21600,7.17481203008
390589,407325,409915,16736,2590,1,21600,7.46177606178
390699,391030,391566,331,536,2,7200,1.61753731343
390738,391039,391528,301,489,2,7200,1.61554192229
390753,391044,391611,291,567,2,7200,1.51322751323
390755,391065,391635,310,570,2,7200,1.54385964912
390782,397506,404752,6724,7246,1,7200,1.92796025393
390812,391072,391616,260,544,2,7200,1.47794117647
390833,391105,391625,272,520,2,7200,1.52307692308
390851,391112,391682,261,570,2,7200,1.45789473684
390870,391117,391677,247,560,2,7200,1.44107142857
390871,391125,391659,254,534,2,7200,1.47565543071
390886,391130,391678,244,548,2,7200,1.44525547445
390931,391138,391690,207,552,2,7200,1.375
390958,391158,391546,200,388,2,7200,1.51546391753
390968,398392,403021,7424,4629,1,36000,2.60380211709
390968,398205,402830,7237,4625,1,36000,2.56475675676
390968,398242,405867,7274,7625,1,36000,1.95396721311
390969,402842,407328,11873,4486,1,36000,3.64667855551
390969,402151,406660,11182,4509,1,36000,3.47992903083
390969,398397,403035,7428,4638,1,36000,2.60155239327
390970,404764,409093,13794,4329,1,36000,4.18641718642
390970,403883,408362,12913,4479,1,36000,3.88300960036
390970,403368,407860,12398,4492,1,36000,3.76001780944
390970,404731,409066,13761,4335,1,36000,4.17439446367
390970,403047,407521,12077,4474,1,36000,3.69937416182
390971,406150,413835,15179,7685,1,36000,2.97514638907
390971,405879,410500,14908,4621,1,36000,4.22614152781
390971,405906,410563,14935,4657,1,36000,4.20700021473
390971,406312,410953,15341,4641,1,36000,4.30553759966
390972,406686,411174,15714,4488,1,36000,4.5013368984
390972,406696,411208,15724,4512,1,36000,4.48492907801
390972,406691,411213,15719,4522,1,36000,4.47611676249
390972,406673,411296,15701,4623,1,36000,4.3962794722
390973,412584,417210,21611,4626,1,36000,5.67163856463
390973,407533,411836,16560,4303,1,36000,4.84847780618
390973,407876,412238,16903,4362,1,36000,4.87505731316
390973,407339,411816,16366,4477,1,36000,4.6555729283
390973,406702,411191,15729,4489,1,36000,4.50389841836
390974,414051,418655,23077,4604,1,36000,6.01238053866
390974,417223,424849,26249,7626,1,36000,4.44204038815
390974,413339,417952,22365,4613,1,36000,5.84825493171
390974,413847,421488,22873,7641,1,36000,3.99345635388
390975,418667,423284,27692,4617,1,36000,6.9978340914
390975,421500,426134,30525,4634,1,36000,7.58718170047
390975,422655,427115,31680,4460,1,36000,8.10313901345
390975,417965,422643,26990,4678,1,36000,6.76955964087
390976,424961,429414,33985,4453,1,36000,8.63193352796
390976,423481,427984,32505,4503,1,36000,8.21852098601
390976,426183,430496,35207,4313,1,36000,9.16299559471
390976,423486,427948,32510,4462,1,36000,8.28597041685
390976,424954,429426,33978,4472,1,36000,8.59794275492
390977,427996,432615,37019,4619,1,36000,9.01450530418
390977,429440,433937,38463,4497,1,36000,9.5530353569
390977,427222,431539,36245,4317,1,36000,9.39587676627
390977,427960,432597,36983,4637,1,36000,8.97563079577
390978,432609,437076,41631,4467,1,36000,10.319677636
390978,432627,436956,41649,4329,1,36000,10.6209286209
390978,431552,436053,40574,4501,1,36000,10.0144412353
390978,429467,433967,38489,4500,1,36000,9.55311111111
390978,431762,436254,40784,4492,1,36000,10.0792520036
390979,434352,438979,43373,4627,1,36000,10.3738923709
390979,433949,438254,42970,4305,1,36000,10.981416957
390979,433979,438647,43000,4668,1,36000,10.2116538132
390979,434357,441986,43378,7629,1,36000,6.68593524708
390980,436266,440735,45286,4469,1,36000,11.1333631685
390980,434363,439003,43383,4640,1,36000,10.3497844828
390980,436068,440553,45088,4485,1,36000,11.0530657748
390980,434368,438996,43388,4628,1,36000,10.375108038
390980,436968,441469,45988,4501,1,36000,11.2172850478
390981,438660,442973,47679,4313,1,36000,12.0547182935
390981,438266,442741,47285,4475,1,36000,11.5664804469
390981,438991,443363,48010,4372,1,36000,11.9812442818
390981,437088,441534,46107,4446,1,36000,11.3704453441
390982,440502,445160,49520,4658,1,36000,11.6311721769
390982,439016,443645,48034,4629,1,36000,11.3767552387
390982,440571,448181,49589,7610,1,36000,7.51629434954
390982,439009,443650,48027,4641,1,36000,11.3484162896
390983,440518,444968,49535,4450,1,36000,12.1314606742
390983,440508,445126,49525,4618,1,36000,11.7243395409
390983,440524,445008,49541,4484,1,36000,12.0483942908
390983,440513,444983,49530,4470,1,36000,12.0805369128
390984,444534,448864,53550,4330,1,36000,13.3672055427
390984,444529,448865,53545,4336,1,36000,13.3489391144
390984,441551,446035,50567,4484,1,36000,12.2772078501
390984,442985,447451,52001,4466,1,36000,12.6437527989
390985,447463,455106,56478,7643,1,36000,8.38950673819
390985,445000,449643,54015,4643,1,36000,12.6336420418
390985,444986,449626,54001,4640,1,36000,12.6381465517
390985,446470,451098,55485,4628,1,36000,12.988980121
390985,446465,451122,55480,4657,1,36000,12.9132488727
390986,446481,450953,55495,4472,1,36000,13.4094364937
390986,446487,450966,55501,4479,1,36000,13.3913820049
390986,446475,450932,55489,4457,1,36000,13.449854162
390986,446492,450941,55506,4449,1,36000,13.4760620364
390987,446497,450967,55510,4470,1,36000,13.418344519
390987,448393,453023,57406,4630,1,36000,13.3987041037
390987,446508,450849,55521,4341,1,36000,13.7899101589
390987,446503,450811,55516,4308,1,36000,13.886722377
390988,448882,456461,57894,7579,1,36000,8.63873861987
390988,465641,470287,74653,4646,1,36000,17.0682307361
390988,448876,453508,57888,4632,1,36000,13.4974093264
390988,453035,457700,62047,4665,1,36000,14.3005359057
390989,451440,455901,60451,4461,1,36000,14.5509975342
390989,451424,455910,60435,4486,1,36000,14.471912617
390989,451429,455903,60440,4474,1,36000,14.509164059
390989,451435,455907,60446,4472,1,36000,14.5165474061
390989,451445,455892,60456,4447,1,36000,14.5947829998
390990,474944,479251,83954,4307,1,36000,20.4924541444
390990,489399,494057,98409,4658,1,36000,22.1268784886
390990,488211,492851,97221,4640,1,36000,21.9528017241
390990,486761,491091,95771,4330,1,36000,23.1180138568
390991,451451,455913,60460,4462,1,36000,14.5499775885
390991,491025,495648,100034,4623,1,36000,22.6383300887
390991,491004,498666,100013,7662,1,36000,14.05311929
390991,491009,495658,100018,4649,1,36000,22.5138739514
390992,451472,455939,60480,4467,1,36000,14.5392881128
390992,451477,455836,60485,4359,1,36000,14.8758889654
390992,451456,455964,60464,4508,1,36000,14.4125998225
390992,451467,455960,60475,4493,1,36000,14.4598263966
390992,451461,455937,60469,4476,1,36000,14.5096067918
390993,461002,468634,70009,7632,1,36000,10.1730870021
390993,458054,462377,67061,4323,1,36000,16.5126069859
390993,460991,465629,69998,4638,1,36000,16.0922811557
390993,460997,465618,70004,4621,1,36000,16.149101926
390994,473299,477793,82305,4494,1,36000,19.3144192256
390994,468646,473287,77652,4641,1,36000,17.7317388494
390994,470299,474927,79305,4628,1,36000,18.135911841
390995,479264,483729,88269,4465,1,36000,20.7690929451
390995,483741,488199,92746,4458,1,36000,21.8043965904
390995,482293,486749,91298,4456,1,36000,21.4887791741
390995,477805,482281,86810,4476,1,36000,20.3945487042
390996,490977,495632,99981,4655,1,36000,22.4781954887
390996,490988,498654,99992,7666,1,36000,14.043569006
390996,490983,495615,99987,4632,1,36000,22.5861398964
390996,490972,495317,99976,4345,1,36000,24.0094361335
390996,490223,494540,99227,4317,1,36000,23.98517489
390997,494074,498537,103077,4463,1,36000,24.0958996191
390997,490993,495650,99996,4657,1,36000,22.4721923985
390997,491031,495505,100034,4474,1,36000,23.3589628967
390997,490998,495651,100001,4653,1,36000,22.4917257683
390998,492868,497351,101870,4483,1,36000,23.7236225742
390998,491128,495664,100130,4536,1,36000,23.0745149912
390998,391166,391715,168,549,2,7200,1.30601092896
390998,491036,495512,100038,4476,1,36000,23.3498659517
390999,499842,504476,108843,4634,1,36000,24.4879154079
390999,494552,498893,103553,4341,1,36000,24.8546417876
390999,499837,504479,108838,4642,1,36000,24.4463593279
390999,498874,503211,107875,4337,1,36000,25.8731842287
391000,504488,508957,113488,4469,1,36000,26.3944954128
391000,500878,505507,109878,4629,1,36000,24.7368762152
391000,499848,507455,108848,7607,1,36000,15.3089259892
391000,505519,510163,114519,4644,1,36000,25.6595607235
391001,508969,513465,117968,4496,1,36000,27.2384341637
391001,504495,508980,113494,4485,1,36000,26.3052396878
391001,508992,513447,117991,4455,1,36000,27.4850729517
391001,507468,511942,116467,4474,1,36000,27.0319624497
391002,511954,516593,120952,4639,1,36000,27.0728605303
391002,510175,514507,119173,4332,1,36000,28.5099261311
391002,513459,517793,122457,4334,1,36000,29.2549607753
391019,391179,391748,160,569,2,7200,1.28119507909
391055,391192,391756,137,564,2,7200,1.24290780142
391070,391200,391736,130,536,2,7200,1.24253731343
391094,391210,391778,116,568,2,7200,1.20422535211
391110,391215,391768,105,553,2,7200,1.18987341772
391111,391221,391773,110,552,2,7200,1.19927536232
391113,391239,391780,126,541,2,7200,1.23290203327
391128,391257,391771,129,514,2,7200,1.25097276265
391129,391298,391852,169,554,2,7200,1.30505415162
391147,391310,391878,163,568,2,7200,1.28697183099
391162,391343,391889,181,546,2,7200,1.3315018315
391177,391357,391923,180,566,2,7200,1.31802120141
391192,391406,391967,214,561,2,7200,1.38146167558
391193,391449,391997,256,548,2,7200,1.46715328467
391217,391462,392000,245,538,2,7200,1.45539033457
391232,391470,392039,238,569,2,7200,1.41827768014
391287,391475,392020,188,545,2,7200,1.34495412844
391302,391481,392010,179,529,2,7200,1.33837429112
391329,391552,392094,223,542,2,7200,1.41143911439
391347,391565,392119,218,554,2,7200,1.39350180505
391360,406961,666180,15601,259219,1,259200,1.06018463153
391365,406966,666177,15601,259211,1,259200,1.060186489
391368,406972,666210,15604,259238,1,259200,1.06019179287
391392,391579,392109,187,530,2,7200,1.35283018868
391438,391589,392153,151,564,2,7200,1.26773049645
391457,391623,392147,166,524,2,7200,1.31679389313
391458,391630,392141,172,511,2,7200,1.33659491194
391474,391639,392154,165,515,2,7200,1.32038834951
391475,391647,392229,172,582,2,7200,1.29553264605
391529,391671,392221,142,550,2,7200,1.25818181818
391548,391689,392253,141,564,2,7200,1.25
391569,391696,392230,127,534,2,7200,1.23782771536
391584,391701,392223,117,522,2,7200,1.22413793103
391614,391709,392244,95,535,2,7200,1.17757009346
391629,391727,392266,98,539,2,7200,1.18181818182
391630,391748,392254,118,506,2,7200,1.23320158103
391645,391763,392310,118,547,2,7200,1.21572212066
391660,391770,392296,110,526,2,7200,1.20912547529
391678,391781,392343,103,562,2,7200,1.18327402135
391693,391789,392212,96,423,2,7200,1.22695035461
391695,391794,392365,99,571,2,7200,1.17338003503
391696,391808,392331,112,523,2,7200,1.21414913958
391718,391813,392361,95,548,2,7200,1.17335766423
391739,391864,392422,125,558,2,7200,1.22401433692
391750,406977,583408,15227,176431,1,176400,1.08630569458
391753,407504,528150,15751,120646,1,176400,1.13055550951
391754,391890,392447,136,557,2,7200,1.24416517056
391757,407018,541365,15261,134347,1,176400,1.11359390236
391769,391938,392436,169,498,2,7200,1.33935742972
391770,391951,392428,181,477,2,7200,1.37945492662
391785,391980,392510,195,530,2,7200,1.3679245283
391787,392016,392568,229,552,2,7200,1.41485507246
391788,392023,392557,235,534,2,7200,1.44007490637
391790,392039,392586,249,547,2,7200,1.45521023766
391853,392055,392618,202,563,2,7200,1.35879218472
391878,391901,391931,23,30,2,3600,1.76666666667
391881,392112,392661,231,549,2,7200,1.42076502732
391896,392143,392695,247,552,2,7200,1.44746376812
391926,392149,392721,223,572,2,7200,1.38986013986
391969,392162,392723,193,561,2,7200,1.3440285205
391987,392009,392140,22,131,2,3600,1.1679389313
391999,392167,392714,168,547,2,7200,1.3071297989
392014,392180,392550,166,370,2,7200,1.44864864865
392015,392185,392747,170,562,2,7200,1.3024911032
392030,392191,392741,161,550,2,7200,1.29272727273
392045,392224,392752,179,528,2,7200,1.33901515152
392096,392234,392790,138,556,2,7200,1.24820143885
392111,392241,392808,130,567,2,7200,1.22927689594
392126,392246,392810,120,564,2,7200,1.21276595745
392145,392253,392729,108,476,2,7200,1.2268907563
392160,392280,392818,120,538,2,7200,1.22304832714
392161,392285,392820,124,535,2,7200,1.23177570093
392163,392308,392840,145,532,2,7200,1.27255639098
392207,392261,392811,54,550,2,3600,1.09818181818
392212,392322,392889,110,567,2,7200,1.19400352734
392227,392329,392799,102,470,2,7200,1.2170212766
392228,392344,392908,116,564,2,7200,1.20567375887
392243,392356,392925,113,569,2,7200,1.1985940246
392245,392373,392939,128,566,2,7200,1.22614840989
392260,392380,392930,120,550,2,7200,1.21818181818
392262,392440,392961,178,521,2,7200,1.34165067179
392263,392445,392923,182,478,2,7200,1.38075313808
392278,392459,393013,181,554,2,7200,1.32671480144
392299,392466,393017,167,551,2,7200,1.30308529946
392314,392524,393086,210,562,2,7200,1.37366548043
392332,392567,393133,235,566,2,7200,1.41519434629
392347,392585,393108,238,523,2,7200,1.45506692161
392362,392599,393147,237,548,2,7200,1.43248175182
392377,392612,393181,235,569,2,7200,1.41300527241
392422,392630,393168,208,538,2,7200,1.38661710037
392438,392673,393235,235,562,2,7200,1.41814946619
392439,392707,393256,268,549,2,7200,1.48816029144
392454,392726,393308,272,582,2,7200,1.46735395189
392511,392733,393320,222,587,2,7200,1.37819420784
392551,392741,393273,190,532,2,7200,1.35714285714
392566,392746,393293,180,547,2,7200,1.32906764168
392580,392754,393311,174,557,2,7200,1.31238779174
392595,392772,393276,177,504,2,7200,1.35119047619
392620,392778,393295,158,517,2,7200,1.30560928433
392662,392811,393373,149,562,2,7200,1.26512455516
392698,392816,393373,118,557,2,7200,1.2118491921
392716,392835,393369,119,534,2,7200,1.22284644195
392732,392840,393380,108,540,2,7200,1.2
392733,392845,393379,112,534,2,7200,1.20973782772
392734,392851,393426,117,575,2,7200,1.20347826087
392750,392858,393432,108,574,2,7200,1.1881533101
392751,392864,393436,113,572,2,7200,1.19755244755
392766,392901,393470,135,569,2,7200,1.23725834798
392791,392935,393430,144,495,2,7200,1.29090909091
392806,392942,393491,136,549,2,7200,1.24772313297
392821,392947,393510,126,563,2,7200,1.22380106572
392823,392955,393504,132,549,2,7200,1.24043715847
392824,392973,393507,149,534,2,7200,1.27902621723
392826,393025,393567,199,542,2,7200,1.36715867159
392844,393033,393590,189,557,2,7200,1.33931777379
392844,392908,393026,64,118,2,3600,1.54237288136
392892,393041,393599,149,558,2,7200,1.26702508961
392910,393097,393597,187,500,2,7200,1.374
392925,393123,393665,198,542,2,7200,1.36531365314
392941,393150,393728,209,578,2,7200,1.3615916955
392942,393164,393717,222,553,2,7200,1.40144665461
392943,393180,393759,237,579,2,7200,1.40932642487
392961,393195,393761,234,566,2,7200,1.41342756184
393016,393248,393783,232,535,2,7200,1.43364485981
393031,393268,393831,237,563,2,7200,1.42095914742
393088,393285,393830,197,545,2,7200,1.36146788991
393109,393292,393837,183,545,2,7200,1.33577981651
393133,393304,393869,171,565,2,7200,1.30265486726
393148,393318,393825,170,507,2,7200,1.33530571992
393169,393336,393900,167,564,2,7200,1.29609929078
393184,393341,393887,157,546,2,7200,1.28754578755
393236,393349,393912,113,563,2,7200,1.20071047957
393257,393381,393938,124,557,2,7200,1.22262118492
393276,393399,393950,123,551,2,7200,1.22323049002
393291,393405,393938,114,533,2,7200,1.2138836773
393306,393410,393875,104,465,2,7200,1.22365591398
393307,393416,393940,109,524,2,7200,1.20801526718
393323,393447,393952,124,505,2,7200,1.24554455446
393324,393452,393958,128,506,2,7200,1.25296442688
393326,393460,394002,134,542,2,7200,1.24723247232
393372,393465,393984,93,519,2,7200,1.17919075145
393387,393482,394001,95,519,2,7200,1.18304431599
393388,393503,394070,115,567,2,7200,1.20282186949
393390,393515,394078,125,563,2,7200,1.22202486679
393391,393523,394083,132,560,2,7200,1.23571428571
393427,393528,394084,101,556,2,7200,1.18165467626
393443,393579,394099,136,520,2,7200,1.26153846154
393444,393606,394107,162,501,2,7200,1.32335329341
393445,393614,394141,169,527,2,7200,1.32068311195
393473,393620,394148,147,528,2,7200,1.27840909091
393494,393676,394238,182,562,2,7200,1.32384341637
393509,393742,394279,233,537,2,7200,1.43389199255
393510,393760,394327,250,567,2,7200,1.44091710758
393526,393781,394342,255,561,2,7200,1.45454545455
393568,393786,394323,218,537,2,7200,1.40595903166
393592,393800,394315,208,515,2,7200,1.40388349515
393608,393839,394333,231,494,2,7200,1.46761133603
393609,393846,394394,237,548,2,7200,1.43248175182
393667,393851,394417,184,566,2,7200,1.32508833922
393718,393864,394278,146,414,2,7200,1.35265700483
393733,393882,394411,149,529,2,7200,1.28166351607
393760,393889,394441,129,552,2,7200,1.23369565217
393775,393902,394469,127,567,2,7200,1.22398589065
393790,393916,394491,126,575,2,7200,1.21913043478
393826,393930,394450,104,520,2,7200,1.2
393842,393957,394508,115,551,2,7200,1.20871143376
393843,393962,394542,119,580,2,7200,1.20517241379
393844,393968,394500,124,532,2,7200,1.23308270677
393872,393975,394541,103,566,2,7200,1.18197879859
393887,393980,394502,93,522,2,7200,1.17816091954
393902,393986,394506,84,520,2,7200,1.16153846154
393903,394004,394569,101,565,2,7200,1.17876106195
393918,394025,394552,107,527,2,7200,1.20303605313
393940,394030,394502,90,472,2,7200,1.1906779661
393942,394086,394635,144,549,2,7200,1.26229508197
393943,394093,394662,150,569,2,7200,1.26362038664
393959,394106,394678,147,572,2,7200,1.25699300699
393960,394111,394645,151,534,2,7200,1.28277153558
393962,394124,394691,162,567,2,7200,1.28571428571
393986,394129,394667,143,538,2,7200,1.26579925651
394004,394155,394719,151,564,2,7200,1.26773049645
394006,394162,394706,156,544,2,7200,1.28676470588
394073,394259,394814,186,555,2,7200,1.33513513514
394088,394295,394829,207,534,2,7200,1.38764044944
394090,394300,394837,210,537,2,7200,1.39106145251
394091,394328,394862,237,534,2,7200,1.44382022472
394106,394335,394879,229,544,2,7200,1.42095588235
394121,394348,394890,227,542,2,7200,1.41881918819
394124,394673,394802,549,129,8,600,5.25581395349
394142,394354,394875,212,521,2,7200,1.40690978887
394157,394361,394922,204,561,2,7200,1.36363636364
394239,394406,394941,167,535,2,7200,1.31214953271
394279,394424,394948,145,524,2,7200,1.27671755725
394294,394431,394982,137,551,2,7200,1.24863883848
394303,394657,394661,354,4,8,3600,35.8
394318,394453,395016,135,563,2,7200,1.23978685613
394334,394461,395012,127,551,2,7200,1.23049001815
394335,394513,395083,178,570,2,7200,1.31228070175
394336,394521,395076,185,555,2,7200,1.33333333333
394344,397551,397557,3207,6,32,7200,321.3
394352,394526,395057,174,531,2,7200,1.32768361582
394397,394531,395116,134,585,2,7200,1.22905982906
394415,394554,395093,139,539,2,7200,1.25788497217
394430,394564,395053,134,489,2,7200,1.27402862986
394445,394581,395017,136,436,2,7200,1.3119266055
394460,394647,395183,187,536,2,7200,1.34888059701
394463,394836,394837,373,1,16,1800,37.4
394475,394681,395243,206,562,2,7200,1.3665480427
394488,394495,395998,7,1503,2,1800,1.00465735196
394490,394703,395239,213,536,2,7200,1.3973880597
394506,394731,395268,225,537,2,7200,1.41899441341
394507,394826,395379,319,553,2,7200,1.57685352622
394508,394843,395422,335,579,2,7200,1.57858376511
394524,394861,395437,337,576,2,7200,1.58506944444
394525,394866,395361,341,495,2,7200,1.68888888889
394543,394872,395435,329,563,2,7200,1.58436944938
394545,394877,395438,332,561,2,7200,1.59180035651
394559,394883,395445,324,562,2,7200,1.57651245552
394574,394888,395339,314,451,2,7200,1.69623059867
394638,394893,395464,255,571,2,7200,1.4465849387
394653,394899,395443,246,544,2,7200,1.45220588235
394668,394912,395468,244,556,2,7200,1.43884892086
394669,394917,395469,248,552,2,7200,1.44927536232
394685,394925,395413,240,488,2,7200,1.49180327869
394699,394931,395506,232,575,2,7200,1.40347826087
394714,394936,395506,222,570,2,7200,1.38947368421
394729,394941,395484,212,543,2,7200,1.39042357274
394817,394949,395510,132,561,2,7200,1.23529411765
394832,394956,395481,124,525,2,7200,1.23619047619
394847,394963,395525,116,562,2,7200,1.20640569395
394865,394994,395559,129,565,2,7200,1.22831858407
394871,394907,394910,36,3,8,3600,3.9
394880,395024,395589,144,565,2,7200,1.25486725664
394881,395032,395612,151,580,2,7200,1.26034482759
394896,395038,395554,142,516,2,7200,1.27519379845
394924,395066,395626,142,560,2,7200,1.25357142857
394942,395073,395579,131,506,2,7200,1.25889328063
394957,395089,395630,132,541,2,7200,1.24399260628
394984,395096,395625,112,529,2,7200,1.21172022684
395015,395105,395669,90,564,2,7200,1.15957446809
395030,395128,395698,98,570,2,7200,1.17192982456
395031,395195,395753,164,558,2,7200,1.29390681004
395046,395219,397537,173,2318,8,3600,1.07463330457
395056,395251,395745,195,494,2,7200,1.39473684211
395056,395202,395314,146,112,2,3600,2.30357142857
395071,395259,395832,188,573,2,7200,1.32809773124
395082,395224,395436,142,212,1,1800,1.66981132075
395086,395281,395824,195,543,2,7200,1.3591160221
395087,395391,395948,304,557,2,7200,1.54578096948
395102,395451,396017,349,566,2,7200,1.61660777385
395117,395480,395980,363,500,2,7200,1.726
395184,395487,396030,303,543,2,7200,1.55801104972
395242,395495,396056,253,561,2,7200,1.45098039216
395254,395352,395488,98,136,8,600,1.72058823529
395257,395529,396064,272,535,2,7200,1.50841121495
395272,395537,396109,265,572,2,7200,1.46328671329
395341,395571,396130,230,559,2,7200,1.4114490161
395359,395374,395926,15,552,2,3600,1.02717391304
395362,395577,396145,215,568,2,7200,1.37852112676
395380,395591,396138,211,547,2,7200,1.38574040219
395414,395601,396150,187,549,2,7200,1.34061930783
395416,395425,395433,9,8,1,3600,1.7
395429,395624,396166,195,542,2,7200,1.35977859779
395445,395637,396198,192,561,2,7200,1.3422459893
395446,395645,396125,199,480,2,7200,1.41458333333
395448,395650,396168,202,518,2,7200,1.38996138996
395449,395681,396245,232,564,2,7200,1.41134751773
395451,395710,396286,259,576,2,7200,1.44965277778
395466,395758,396262,292,504,2,7200,1.57936507937
395482,395765,396309,283,544,2,7200,1.52022058824
395484,395837,396359,353,522,2,7200,1.67624521073
395485,395844,396406,359,562,2,7200,1.63879003559
395500,395960,396526,460,566,2,7200,1.81272084806
395515,395993,396569,478,576,2,7200,1.82986111111
395517,396029,396540,512,511,2,7200,2.00195694716
395518,396046,396600,528,554,2,7200,1.95306859206
395534,396068,396588,534,520,2,7200,2.02692307692
395555,396122,396671,567,549,2,7200,2.03278688525
395570,396137,396688,567,551,2,7200,2.02903811252
395585,396144,396700,559,556,2,7200,2.00539568345
395600,396151,396648,551,497,2,7200,2.10865191147
395615,396158,396712,543,554,2,7200,1.98014440433
395630,396165,396728,535,563,2,7200,1.95026642984
395632,396178,396702,546,524,2,7200,2.04198473282
395647,396185,396725,538,540,2,7200,1.9962962963
395671,396197,396743,526,546,2,7200,1.96336996337
395701,396210,396781,509,571,2,7200,1.89141856392
395746,396257,396823,511,566,2,7200,1.90282685512
395761,396274,396820,513,546,2,7200,1.93956043956
395827,396307,396799,480,492,2,7200,1.9756097561
395842,396322,396835,480,513,2,7200,1.93567251462
395865,396014,406949,149,10935,4,36000,1.01362597165
395950,396371,396896,421,525,2,7200,1.8019047619
395972,395979,396002,7,23,2,3600,1.30434782609
395984,396418,396976,434,558,2,7200,1.77777777778
396020,396540,397097,520,557,2,7200,1.93357271095
396031,396077,396185,46,108,2,3600,1.42592592593
396035,396552,397120,517,568,2,7200,1.91021126761
396059,396581,397133,522,552,2,7200,1.94565217391
396065,397570,505573,1505,108003,16,108000,1.01393479811
396074,396607,397133,533,526,2,7200,2.01330798479
396082,397575,440489,1493,42914,16,108000,1.03479051126
396105,412997,488753,16892,75756,16,108000,1.22297903796
396110,396625,397149,515,524,2,7200,1.98282442748
396125,396660,397214,535,554,2,7200,1.96570397112
396141,396683,397164,542,481,2,7200,2.12681912682
396142,396700,397235,558,535,2,7200,2.04299065421
396157,396712,397249,555,537,2,7200,2.03351955307
396158,396719,397279,561,560,2,7200,2.00178571429
396174,396726,397292,552,566,2,7200,1.97526501767
396175,396737,397309,562,572,2,7200,1.98251748252
396199,396745,397313,546,568,2,7200,1.96126760563
396248,396755,397300,507,545,2,7200,1.93027522936
396263,396793,397370,530,577,2,7200,1.91854419411
396287,396812,397342,525,530,2,7200,1.99056603774
396311,396832,397394,521,562,2,7200,1.92704626335
396362,396839,397408,477,569,2,7200,1.83831282953
396394,396401,396612,7,211,1,1800,1.03317535545
396395,396408,396531,13,123,8,600,1.10569105691
396408,396852,397288,444,436,2,7200,2.01834862385
396526,396533,398345,7,1812,2,1800,1.00386313466
396529,396910,397461,381,551,2,7200,1.69147005445
396544,396988,397536,444,548,2,7200,1.8102189781
396571,397114,397663,543,549,2,7200,1.98907103825
396592,397132,397708,540,576,2,7200,1.9375
396595,396612,397260,17,648,2,1800,1.0262345679
396607,397144,397690,537,546,2,7200,1.98351648352
396640,396647,396675,7,28,8,600,1.25
396649,397157,397714,508,557,2,7200,1.91202872531
396673,397164,397734,491,570,2,7200,1.86140350877
396688,397176,397741,488,565,2,7200,1.86371681416
396704,397248,397822,544,574,2,7200,1.94773519164
396705,397254,397825,549,571,2,7200,1.96147110333
396720,397259,397730,539,471,2,7200,2.14437367304
396735,397266,397783,531,517,2,7200,2.02707930368
396736,397272,397816,536,544,2,7200,1.98529411765
396751,397296,397862,545,566,2,7200,1.9628975265
396782,397304,397870,522,566,2,7200,1.9222614841
396803,397309,397846,506,537,2,7200,1.94227188082
396813,396820,396830,7,10,8,600,1.7
396821,397323,397786,502,463,2,7200,2.08423326134
396836,397330,397894,494,564,2,7200,1.87588652482
396837,397361,397921,524,560,2,7200,1.93571428571
396851,396859,397071,8,212,1,1800,1.03773584906
396883,396890,397013,7,123,8,600,1.05691056911
396898,397404,397968,506,564,2,7200,1.89716312057
396977,397422,397940,445,518,2,7200,1.85907335907
397098,397440,397985,342,545,2,7200,1.62752293578
397123,397479,398046,356,567,2,7200,1.6278659612
397138,397556,398125,418,569,2,7200,1.73462214411
397139,397675,398238,536,563,2,7200,1.95204262877
397154,397703,398235,549,532,2,7200,2.03195488722
397169,397720,398247,551,527,2,7200,2.04554079696
397180,397187,397308,7,121,8,600,1.05785123967
397217,397727,398302,510,575,2,7200,1.88695652174
397238,397742,398307,504,565,2,7200,1.89203539823
397253,397749,398320,496,571,2,7200,1.86865148862
397257,408954,423468,11697,14514,2,16200,1.80591153369
397280,397761,398327,481,566,2,7200,1.84982332155
397289,397316,397340,27,24,1,7200,2.125
397295,397795,398325,500,530,2,7200,1.94339622642
397297,397802,398367,505,565,2,7200,1.89380530973
397312,397828,398374,516,546,2,7200,1.94505494505
397313,397835,398314,522,479,2,7200,2.08977035491
397328,397853,398374,525,521,2,7200,2.00767754319
397343,397871,398432,528,561,2,7200,1.94117647059
397374,397884,398451,510,567,2,7200,1.89947089947
397395,397896,398474,501,578,2,7200,1.86678200692
397410,397907,398461,497,554,2,7200,1.89711191336
397444,440534,442367,43090,1833,2,16200,24.5079105292
397461,397933,398474,472,541,2,7200,1.87245841035
397538,397953,398503,415,550,2,7200,1.75454545455
397630,444163,446446,46533,2283,8,3600,21.38239159
397665,397981,398523,316,542,2,7200,1.58302583026
397692,397997,398481,305,484,2,7200,1.63016528926
397710,398059,398627,349,568,2,7200,1.61443661972
397725,398137,398709,412,572,2,7200,1.72027972028
397740,398250,398809,510,559,2,7200,1.91234347048
397741,398256,398590,515,334,2,7200,2.54191616766
397757,398263,398803,506,540,2,7200,1.93703703704
397784,398314,398853,530,539,2,7200,1.98330241187
397799,398321,398745,522,424,2,7200,2.23113207547
397817,398328,398887,511,559,2,7200,1.91413237925
397832,398335,398910,503,575,2,7200,1.8747826087
397833,398342,398890,509,548,2,7200,1.92883211679
397848,398348,398912,500,564,2,7200,1.8865248227
397863,398357,398925,494,568,2,7200,1.86971830986
397878,398379,398838,501,459,2,7200,2.09150326797
397896,398403,398955,507,552,2,7200,1.91847826087
397923,398444,399015,521,571,2,7200,1.91243432574
397941,398463,398994,522,531,2,7200,1.98305084746
397972,398473,399040,501,567,2,7200,1.8835978836
397986,398486,399033,500,547,2,7200,1.91407678245
398029,398169,398193,140,24,1,7200,6.83333333333
398047,398492,399032,445,540,2,7200,1.82407407407
398126,398510,399076,384,566,2,7200,1.67844522968
398135,443671,443981,45536,310,1,18000,147.890322581
398238,398518,399019,280,501,2,7200,1.55888223553
398254,398535,399118,281,583,2,7200,1.4819897084
398255,398602,399181,347,579,2,7200,1.59930915371
398303,398639,399205,336,566,2,7200,1.59363957597
398318,398721,399232,403,511,2,7200,1.78864970646
398320,398757,399320,437,563,2,7200,1.77619893428
398335,398815,399356,480,541,2,7200,1.88724584104
398336,398822,399353,486,531,2,7200,1.91525423729
398338,398850,399378,512,528,2,7200,1.9696969697
398368,398865,399268,497,403,2,7200,2.23325062035
398383,398899,399347,516,448,2,7200,2.15178571429
398385,398906,399425,521,519,2,7200,2.00385356455
398433,398923,399486,490,563,2,7200,1.8703374778
398454,398930,399473,476,543,2,7200,1.87661141805
398469,398937,399502,468,565,2,7200,1.82831858407
398484,398967,399525,483,558,2,7200,1.86559139785
398486,399006,399574,520,568,2,7200,1.91549295775
398487,399027,399576,540,549,2,7200,1.98360655738
398506,399035,399537,529,502,2,7200,2.05378486056
398524,399044,399616,520,572,2,7200,1.90909090909
398591,399051,399593,460,542,2,7200,1.84870848708
398630,399058,399586,428,528,2,7200,1.81060606061
398709,399088,399637,379,549,2,7200,1.69034608379
398746,399130,399699,384,569,2,7200,1.67486818981
398806,399194,399748,388,554,2,7200,1.70036101083
398821,399229,399752,408,523,2,7200,1.78011472275
398839,399248,399818,409,570,2,7200,1.71754385965
398854,399280,399838,426,558,2,7200,1.76344086022
398890,399332,399849,442,517,2,7200,1.85493230174
398891,399360,399833,469,473,2,7200,1.99154334038
398913,399367,399926,454,559,2,7200,1.81216457961
398914,399374,399935,460,561,2,7200,1.81996434938
398929,399390,399906,461,516,2,7200,1.89341085271
398956,399437,399995,481,558,2,7200,1.86200716846
398987,399185,399208,198,23,1,7200,9.60869565217
398995,399486,400019,491,533,2,7200,1.92120075047
399017,399500,400068,483,568,2,7200,1.85035211268
399032,399537,399968,505,431,2,7200,2.1716937355
399047,399549,400132,502,583,2,7200,1.86106346484
399049,399586,400147,537,561,2,7200,1.95721925134
399050,399593,400133,543,540,2,7200,2.00555555556
399077,399601,400116,524,515,2,7200,2.01747572816
399120,399608,400169,488,561,2,7200,1.86987522282
399183,399628,400178,445,550,2,7200,1.80909090909
399207,399650,400216,443,566,2,7200,1.78268551237
399235,399667,400174,432,507,2,7200,1.85207100592
399271,399711,400279,440,568,2,7200,1.77464788732
399322,399761,400261,439,500,2,7200,1.878
399349,399768,400327,419,559,2,7200,1.74955277281
399364,399830,400371,466,541,2,7200,1.86136783734
399366,399846,400379,480,533,2,7200,1.90056285178
399381,399853,400343,472,490,2,7200,1.96326530612
399409,399514,399655,105,141,2,3600,1.74468085106
399426,399919,400312,493,393,2,7200,2.25445292621
399474,399938,400478,464,540,2,7200,1.85925925926
399489,399947,400512,458,565,2,7200,1.81061946903
399504,399980,400549,476,569,2,7200,1.83655536028
399523,409384,409449,9861,65,8,60,152.707692308
399528,400007,400531,479,524,2,7200,1.9141221374
399543,400032,400598,489,566,2,7200,1.86395759717
399576,400081,400643,505,562,2,7200,1.89857651246
399578,400128,400462,550,334,2,7200,2.64670658683
399593,400145,400674,552,529,2,7200,2.04347826087
399595,400150,400711,555,561,2,7200,1.98930481283
399619,400160,400725,541,565,2,7200,1.95752212389
399640,400181,400718,541,537,2,7200,2.00744878957
399679,399860,400493,181,633,2,3600,1.2859399684
399701,400188,400681,487,493,2,7200,1.9878296146
399749,400195,400726,446,531,2,7200,1.83992467043
399764,400228,400788,464,560,2,7200,1.82857142857
399819,400273,400813,454,540,2,7200,1.84074074074
399837,400291,400859,454,568,2,7200,1.79929577465
399852,400330,400894,478,564,2,7200,1.8475177305
399853,400339,400868,486,529,2,7200,1.91871455577
399908,400355,400927,447,572,2,7200,1.78146853147
399929,400383,400915,454,532,2,7200,1.85338345865
399944,400398,400969,454,571,2,7200,1.79509632224
399971,400475,401025,504,550,2,7200,1.91636363636
399998,400490,400965,492,475,2,7200,2.03578947368
400022,400506,401037,484,531,2,7200,1.91148775895
400071,400524,400998,453,474,2,7200,1.95569620253
400119,400548,401126,429,578,2,7200,1.74221453287
400134,400562,401085,428,523,2,7200,1.81835564054
400136,400610,401109,474,499,2,7200,1.9498997996
400150,400655,401209,505,554,2,7200,1.91155234657
400172,400686,401246,514,560,2,7200,1.91785714286
400187,400693,401263,506,570,2,7200,1.88771929825
400188,400724,401294,536,570,2,7200,1.94035087719
400218,400731,401273,513,542,2,7200,1.94649446494
400263,400738,401244,475,506,2,7200,1.93873517787
400281,400744,401312,463,568,2,7200,1.81514084507
400315,400800,401344,485,544,2,7200,1.89154411765
400330,400826,401330,496,504,2,7200,1.98412698413
400344,400872,401424,528,552,2,7200,1.95652173913
400372,400880,401394,508,514,2,7200,1.98832684825
400387,400906,401480,519,574,2,7200,1.90418118467
400466,400928,401449,462,521,2,7200,1.886756238
400481,400940,401477,459,537,2,7200,1.85474860335
400514,400977,401547,463,570,2,7200,1.81228070175
400532,400989,401546,457,557,2,7200,1.82046678636
400535,446514,446907,45979,393,8,3600,117.994910941
400551,401016,401566,465,550,2,7200,1.84545454545
400599,401037,401568,438,531,2,7200,1.82485875706
400644,401049,401621,405,572,2,7200,1.70804195804
400674,401097,401637,423,540,2,7200,1.78333333333
400689,401121,401595,432,474,2,7200,1.91139240506
400714,401138,401631,424,493,2,7200,1.86004056795
400729,401221,401788,492,567,2,7200,1.86772486772
400730,401256,401820,526,564,2,7200,1.93262411348
400732,401263,401821,531,558,2,7200,1.95161290323
400789,401275,401834,486,559,2,7200,1.86940966011
400816,401285,401764,469,479,2,7200,1.97912317328
400861,401306,401874,445,568,2,7200,1.78345070423
400876,401325,401891,449,566,2,7200,1.79328621908
400897,401343,401910,446,567,2,7200,1.78659611993
400918,401357,401922,439,565,2,7200,1.77699115044
400933,401406,401971,473,565,2,7200,1.83716814159
400967,401437,401979,470,542,2,7200,1.86715867159
400981,401461,401945,480,484,2,7200,1.99173553719
400999,401489,401993,490,504,2,7200,1.97222222222
401027,401496,402062,469,566,2,7200,1.82862190813
401042,401558,402113,516,555,2,7200,1.92972972973
401087,401565,402134,478,569,2,7200,1.84007029877
401111,401579,401950,468,371,2,7200,2.26145552561
401129,401585,402151,456,566,2,7200,1.80565371025
401211,401607,402169,396,562,2,7200,1.70462633452
401247,401643,402125,396,482,2,7200,1.82157676349
401249,401650,402219,401,569,2,7200,1.70474516696
401264,401776,402329,512,553,2,7200,1.92585895118
401279,401805,402317,526,512,2,7200,2.02734375
401297,401832,402309,535,477,2,7200,2.1215932914
401314,401634,401780,320,146,2,3600,3.19178082192
401315,401839,402401,524,562,2,7200,1.93238434164
401325,460986,485975,59661,24989,3,172800,3.38749049582
401333,401852,402386,519,534,2,7200,1.97191011236
401348,401886,402460,538,574,2,7200,1.93728222997
401396,401903,402451,507,548,2,7200,1.92518248175
401426,401923,402464,497,541,2,7200,1.91866913124
401450,401942,402504,492,562,2,7200,1.87544483986
401478,401962,402524,484,562,2,7200,1.86120996441
401493,401968,402499,475,531,2,7200,1.8945386064
401501,401529,403870,28,2341,1,7200,1.01196070056
401547,401989,402468,442,479,2,7200,1.92275574113
401549,402008,402548,459,540,2,7200,1.85
401568,402015,402583,447,568,2,7200,1.78697183099
401569,402079,402568,510,489,2,7200,2.04294478528
401596,402124,402645,528,521,2,7200,2.01343570058
401623,402137,402722,514,585,2,7200,1.87863247863
401638,402164,402724,526,560,2,7200,1.93928571429
401640,402171,402736,531,565,2,7200,1.93982300885
401767,402181,402698,414,517,2,7200,1.80077369439
401791,402231,402777,440,546,2,7200,1.80586080586
401822,402321,402875,499,554,2,7200,1.90072202166
401823,402329,402866,506,537,2,7200,1.94227188082
401838,402341,402880,503,539,2,7200,1.9332096475
401877,402398,402892,521,494,2,7200,2.05465587045
401892,402413,402974,521,561,2,7200,1.92869875223
401913,402464,403006,551,542,2,7200,2.01660516605
401928,402478,402879,550,401,2,7200,2.37157107232
401946,402484,403015,538,531,2,7200,2.0131826742
401961,402497,403044,536,547,2,7200,1.97989031079
401978,402511,403023,533,512,2,7200,2.041015625
401993,402518,403094,525,576,2,7200,1.91145833333
402008,402536,403037,528,501,2,7200,2.05389221557
402065,402560,403127,495,567,2,7200,1.87301587302
402114,402580,403131,466,551,2,7200,1.84573502722
402129,402598,403163,469,565,2,7200,1.83008849558
402144,402657,403143,513,486,2,7200,2.05555555556
402159,402710,403277,551,567,2,7200,1.97178130511
402174,402734,403304,560,570,2,7200,1.98245614035
402222,402741,403250,519,509,2,7200,2.01964636542
402310,402748,403333,438,585,2,7200,1.74871794872
402325,402789,403359,464,570,2,7200,1.81403508772
402339,402878,403406,539,528,2,7200,2.02083333333
402388,402887,403465,499,578,2,7200,1.86332179931
402403,402894,403437,491,543,2,7200,1.90423572744
402454,402899,403462,445,563,2,7200,1.79040852575
402469,402986,403546,517,560,2,7200,1.92321428571
402471,403012,403589,541,577,2,7200,1.93760831889
402472,403019,403575,547,556,2,7200,1.98381294964
402503,403028,403589,525,561,2,7200,1.93582887701
402517,403035,403562,518,527,2,7200,1.98292220114
402532,403054,403590,522,536,2,7200,1.97388059701
402551,403061,403605,510,544,2,7200,1.9375
402568,403106,403658,538,552,2,7200,1.97463768116
402584,403143,403609,559,466,2,7200,2.19957081545
402647,403148,403718,501,570,2,7200,1.87894736842
402699,403155,403704,456,549,2,7200,1.8306010929
402724,403176,403595,452,419,2,7200,2.07875894988
402739,403262,403803,523,541,2,7200,1.96672828096
402740,403290,403852,550,562,2,7200,1.97864768683
402779,403316,403836,537,520,2,7200,2.03269230769
402838,402905,403000,67,95,2,3600,1.70526315789
402867,403350,403913,483,563,2,7200,1.85790408526
402882,403381,403925,499,544,2,7200,1.91727941176
402883,403418,403981,535,563,2,7200,1.95026642984
402885,403450,404011,565,561,2,7200,2.00713012478
402900,403474,404035,574,561,2,7200,2.02317290553
402975,403481,403947,506,466,2,7200,2.08583690987
403009,403558,404118,549,560,2,7200,1.98035714286
403024,403579,404147,555,568,2,7200,1.97711267606
403025,403587,404104,562,517,2,7200,2.08704061896
403040,403601,404178,561,577,2,7200,1.97227036395
403055,403606,404151,551,545,2,7200,2.01100917431
403095,403614,404153,519,539,2,7200,1.96289424861
403128,403620,404150,492,530,2,7200,1.92830188679
403143,403627,404171,484,544,2,7200,1.88970588235
403158,403633,404209,475,576,2,7200,1.82465277778
403173,403670,404230,497,560,2,7200,1.8875
403252,403716,404249,464,533,2,7200,1.87054409006
403279,403730,404299,451,569,2,7200,1.79261862917
403306,403815,404385,509,570,2,7200,1.89298245614
403333,403848,404378,515,530,2,7200,1.97169811321
403361,403864,404409,503,545,2,7200,1.92293577982
403409,403925,404375,516,450,2,7200,2.14666666667
403439,403937,404483,498,546,2,7200,1.91208791209
403463,403959,404492,496,533,2,7200,1.93058161351
403478,403993,404565,515,572,2,7200,1.90034965035
403548,404024,404541,476,517,2,7200,1.92069632495
403566,404047,404596,481,549,2,7200,1.87613843352
403581,404116,404687,535,571,2,7200,1.93695271454
403596,404131,404689,535,558,2,7200,1.95878136201
403598,404160,404657,562,497,2,7200,2.13078470825
403599,404168,404713,569,545,2,7200,2.04403669725
403600,404173,404591,573,418,2,7200,2.37081339713
403616,404178,404682,562,504,2,7200,2.11507936508
403618,404185,404690,567,505,2,7200,2.12277227723
403655,404192,404283,537,91,2,3600,6.9010989011
403660,404222,404790,562,568,2,7200,1.98943661972
403705,404245,404659,540,414,2,7200,2.30434782609
403720,404262,404823,542,561,2,7200,1.96613190731
403805,404295,404867,490,572,2,7200,1.85664335664
403838,404310,404790,472,480,2,7200,1.98333333333
403853,404316,404788,463,472,2,7200,1.98093220339
403913,404323,404848,410,525,2,7200,1.78095238095
403928,404387,404921,459,534,2,7200,1.8595505618
403949,404395,404904,446,509,2,7200,1.87622789784
403982,404402,404961,420,559,2,7200,1.75134168157
404013,404421,404961,408,540,2,7200,1.75555555556
404038,404495,404986,457,491,2,7200,1.93075356415
404107,404505,405060,398,555,2,7200,1.71711711712
404122,404553,405109,431,556,2,7200,1.77517985612
404149,404577,405140,428,563,2,7200,1.76021314387
404164,404603,405106,439,503,2,7200,1.87276341948
404165,404610,405138,445,528,2,7200,1.8428030303
404167,404670,405234,503,564,2,7200,1.89184397163
404182,404677,405209,495,532,2,7200,1.93045112782
404183,404695,405229,512,534,2,7200,1.95880149813
404210,404702,405138,492,436,2,7200,2.12844036697
404231,404708,405257,477,549,2,7200,1.86885245902
404253,404713,405258,460,545,2,7200,1.84403669725
404301,404744,405303,443,559,2,7200,1.79248658318
404318,404720,404980,402,260,2,3600,2.54615384615
404377,404800,405325,423,525,2,7200,1.80571428571
404392,404807,405275,415,468,2,7200,1.88675213675
404394,404813,405203,419,390,2,7200,2.07435897436
404412,404838,405407,426,569,2,7200,1.74868189807
404485,404860,405426,375,566,2,7200,1.66254416961
404500,404879,405403,379,524,2,7200,1.72328244275
404542,404916,405478,374,562,2,7200,1.66548042705
404566,404933,405457,367,524,2,7200,1.70038167939
404594,404974,405494,380,520,2,7200,1.73076923077
404609,404979,405545,370,566,2,7200,1.65371024735
404660,404994,405541,334,547,2,7200,1.61060329068
404661,405001,405580,340,579,2,7200,1.5872193437
404685,405072,405636,387,564,2,7200,1.68617021277
404701,405118,405640,417,522,2,7200,1.79885057471
404702,405126,405661,424,535,2,7200,1.79252336449
404703,405152,405673,449,521,2,7200,1.86180422265
404718,405157,405717,439,560,2,7200,1.78392857143
404791,405164,405646,373,482,2,7200,1.77385892116
404793,405215,405746,422,531,2,7200,1.79472693032
404794,405222,405747,428,525,2,7200,1.81523809524
404825,405242,405783,417,541,2,7200,1.7707948244
404849,405249,405795,400,546,2,7200,1.7326007326
404870,405269,405820,399,551,2,7200,1.72413793103
404906,405276,405845,370,569,2,7200,1.65026362039
404924,405287,405828,363,541,2,7200,1.67097966728
404964,405315,405890,351,575,2,7200,1.61043478261
404965,405337,405904,372,567,2,7200,1.65608465608
404986,405415,405977,429,562,2,7200,1.76334519573
405062,405422,405983,360,561,2,7200,1.64171122995
405108,405440,405997,332,557,2,7200,1.5960502693
405123,405482,406037,359,555,2,7200,1.64684684685
405142,405496,406040,354,544,2,7200,1.65073529412
405143,405510,406071,367,561,2,7200,1.65418894831
405145,405557,406129,412,572,2,7200,1.72027972028
405205,405563,406126,358,563,2,7200,1.63587921847
405220,405592,406117,372,525,2,7200,1.70857142857
405236,405653,406218,417,565,2,7200,1.73805309735
405237,405659,406154,422,495,2,7200,1.85252525253
405259,405666,406215,407,549,2,7200,1.74134790528
405260,405674,406194,414,520,2,7200,1.79615384615
405279,405685,406233,406,548,2,7200,1.74087591241
405306,405729,406284,423,555,2,7200,1.76216216216
405327,405758,406343,431,585,2,7200,1.73675213675
405406,405766,406329,360,563,2,7200,1.63943161634
405421,405795,406339,374,544,2,7200,1.6875
405436,405808,406362,372,554,2,7200,1.6714801444
405460,405832,406393,372,561,2,7200,1.66310160428
405481,405857,406423,376,566,2,7200,1.66431095406
405496,405919,406501,423,582,2,7200,1.72680412371
405545,405995,406570,450,575,2,7200,1.78260869565
405560,406009,406556,449,547,2,7200,1.82084095064
405581,406050,406568,469,518,2,7200,1.90540540541
405639,406057,406617,418,560,2,7200,1.74642857143
405654,406083,406662,429,579,2,7200,1.74093264249
405655,406129,406698,474,569,2,7200,1.83304042179
405670,406138,406685,468,547,2,7200,1.85557586837
405685,406167,406551,482,384,2,7200,2.25520833333
405718,406206,406763,488,557,2,7200,1.87612208259
405749,406227,406787,478,560,2,7200,1.85357142857
405750,406234,406575,484,341,2,7200,2.41935483871
405787,406245,406786,458,541,2,7200,1.84658040665
405802,406296,406840,494,544,2,7200,1.90808823529
405823,406341,406904,518,563,2,7200,1.92007104796
405838,406352,406878,514,526,2,7200,1.97718631179
405853,406359,406875,506,516,2,7200,1.98062015504
405892,406374,406912,482,538,2,7200,1.89591078067
405907,406405,406836,498,431,2,7200,2.15545243619
405980,406439,406949,459,510,2,7200,1.9
405995,406513,407097,518,584,2,7200,1.88698630137
406009,406563,407095,554,532,2,7200,2.04135338346
406037,406570,407109,533,539,2,7200,1.98886827458
406052,406580,407106,528,526,2,7200,2.00380228137
406073,406587,407113,514,526,2,7200,1.97718631179
406118,406593,407065,475,472,2,7200,2.0063559322
406133,406629,407161,496,532,2,7200,1.93233082707
406135,406707,407280,572,573,2,7200,1.9982547993
406156,406720,407252,564,532,2,7200,2.06015037594
406195,406725,407288,530,563,2,7200,1.94138543517
406216,406775,407343,559,568,2,7200,1.98415492958
406231,406799,407332,568,533,2,7200,2.06566604128
406247,406805,407377,558,572,2,7200,1.97552447552
406286,406848,407412,562,564,2,7200,1.99645390071
406331,406856,407394,525,538,2,7200,1.97583643123
406346,406887,407400,541,513,2,7200,2.05458089669
406348,406894,407465,546,571,2,7200,1.95621716287
406363,406916,407416,553,500,2,7200,2.106
406396,406924,407498,528,574,2,7200,1.91986062718
406425,406432,406434,7,2,1,120,1.0
406426,406983,407549,557,566,2,7200,1.98409893993
406502,407077,407604,575,527,2,7200,2.09108159393
406554,407107,407661,553,554,2,7200,1.99819494585
406569,407114,407665,545,551,2,7200,1.9891107078
406570,407121,407689,551,568,2,7200,1.97007042254
406585,407126,407703,541,577,2,7200,1.93760831889
406587,407134,407713,547,579,2,7200,1.94473229706
406620,407173,407711,553,538,2,7200,2.02788104089
406665,407265,407840,600,575,2,7200,2.04347826087
406686,407292,407825,606,533,2,7200,2.13696060038
406701,407317,407868,616,551,2,7200,2.11796733212
406707,406714,406716,7,2,1,120,1.0
406765,407347,407852,582,505,2,7200,2.15247524752
406789,407356,407922,567,566,2,7200,2.00176678445
406791,407389,407814,598,425,2,7200,2.40705882353
406839,407406,407961,567,555,2,7200,2.02162162162
406854,407413,407979,559,566,2,7200,1.98763250883
406878,407424,407969,546,545,2,7200,2.00183486239
406880,407431,408003,551,572,2,7200,1.96328671329
406904,407477,408040,573,563,2,7200,2.01776198934
406919,407511,408059,592,548,2,7200,2.0802919708
406950,407561,408066,611,505,2,7200,2.2099009901
407068,407616,408103,548,487,2,7200,2.12525667351
407098,407674,408205,576,531,2,7200,2.08474576271
407099,407681,408247,582,566,2,7200,2.02826855124
407115,407701,408222,586,521,2,7200,2.12476007678
407116,407715,408260,599,545,2,7200,2.09908256881
407118,407728,408287,610,559,2,7200,2.09123434705
407163,407741,408249,578,508,2,7200,2.13779527559
407254,407827,408361,573,534,2,7200,2.07303370787
407281,407841,408399,560,558,2,7200,2.00358422939
407296,407855,408381,559,526,2,7200,2.06273764259
407332,407869,408311,537,442,2,7200,2.2149321267
407347,407889,408401,542,512,2,7200,2.05859375
407377,407940,408497,563,557,2,7200,2.01077199282
407395,407978,408546,583,568,2,7200,2.0264084507
407410,407990,408518,580,528,2,7200,2.09848484848
407430,408003,408566,573,563,2,7200,2.01776198934
407432,408017,408560,585,543,2,7200,2.0773480663
407468,408055,408587,587,532,2,7200,2.10338345865
407501,408072,408640,571,568,2,7200,2.00528169014
407549,408086,408625,537,539,2,7200,1.99628942486
407607,408116,408682,509,566,2,7200,1.89929328622
407665,408217,408777,552,560,2,7200,1.98571428571
407680,408234,408773,554,539,2,7200,2.02782931354
407697,408259,408823,562,564,2,7200,1.99645390071
407712,408266,408843,554,577,2,7200,1.96013864818
407714,408273,408805,559,532,2,7200,2.0507518797
407730,408299,408847,569,548,2,7200,2.03832116788
407815,408323,408893,508,570,2,7200,1.89122807018
407830,408373,408922,543,549,2,7200,1.98907103825
407845,408380,408941,535,561,2,7200,1.95365418895
407860,408393,408870,533,477,2,7200,2.11740041929
407875,408411,408935,536,524,2,7200,2.02290076336
407924,408418,408982,494,564,2,7200,1.87588652482
407963,408509,409033,546,524,2,7200,2.04198473282
407978,408530,409092,552,562,2,7200,1.98220640569
407993,408557,409117,564,560,2,7200,2.00714285714
408008,408572,409105,564,533,2,7200,2.05816135084
408041,408579,409122,538,543,2,7200,1.99079189687
408063,408600,409167,537,567,2,7200,1.94708994709
408077,408638,409132,561,494,2,7200,2.13562753036
408105,408652,409183,547,531,2,7200,2.03013182674
408110,413002,544564,4892,131562,8,144000,1.0371839893
408165,417394,544788,9229,127394,8,144000,1.07244454213
408188,492388,633560,84200,141172,8,144000,1.59643555379
408208,408694,409152,486,458,2,7200,2.06113537118
408223,408786,409301,563,515,2,7200,2.0932038835
408250,408794,409361,544,567,2,7200,1.9594356261
408252,408817,409366,565,549,2,7200,2.029143898
408266,408835,409408,569,573,2,7200,1.99301919721
408288,408856,409417,568,561,2,7200,2.01247771836
408312,408863,409428,551,565,2,7200,1.97522123894
408363,408883,409436,520,553,2,7200,1.94032549729
408384,408905,409448,521,543,2,7200,1.95948434622
408402,408935,409424,533,489,2,7200,2.0899795501
408404,408947,409528,543,581,2,7200,1.93459552496
408498,408995,409534,497,539,2,7200,1.92207792208
408519,409045,409565,526,520,2,7200,2.01153846154
408550,409104,409670,554,566,2,7200,1.97879858657
408566,409119,409677,553,558,2,7200,1.99103942652
408581,409135,409702,554,567,2,7200,1.97707231041
408596,409140,409716,544,576,2,7200,1.94444444444
408626,409147,409708,521,561,2,7200,1.92869875223
408641,409164,409713,523,549,2,7200,1.95264116576
408672,440529,444152,31857,3623,8,216000,9.79298923544
408684,409181,409682,497,501,2,7200,1.99201596806
408775,409196,409763,421,567,2,7200,1.74250440917
408790,409313,409856,523,543,2,7200,1.96316758748
408808,409377,409909,569,532,2,7200,2.06954887218
408826,409390,409957,564,567,2,7200,1.99470899471
408844,409420,409907,576,487,2,7200,2.18275154004
408859,409429,409981,570,552,2,7200,2.03260869565
408874,409436,410006,562,570,2,7200,1.98596491228
408895,409443,409991,548,548,2,7200,2.0
408925,409451,409921,526,470,2,7200,2.11914893617
408941,409460,410024,519,564,2,7200,1.92021276596
408955,409540,410121,585,581,2,7200,2.00688468158
408986,409547,410123,561,576,2,7200,1.97395833333
409034,409577,410128,543,551,2,7200,1.98548094374
409095,409682,410212,587,530,2,7200,2.10754716981
409110,409689,410238,579,549,2,7200,2.05464480874
409125,409702,410266,577,564,2,7200,2.02304964539
409126,409716,410269,590,553,2,7200,2.06690777577
409142,409724,410274,582,550,2,7200,2.05818181818
409157,409738,410202,581,464,2,7200,2.25215517241
409171,409743,410298,572,555,2,7200,2.03063063063
409186,409775,410312,589,537,2,7200,2.09683426443
409282,458060,638428,48778,180368,8,216000,1.27043599752
409289,460980,677047,51691,216067,8,216000,1.23923597773
409304,409868,410441,564,573,2,7200,1.98429319372
409362,409919,410481,557,562,2,7200,1.99110320285
409377,409926,410388,549,462,2,7200,2.18831168831
409410,409932,410483,522,551,2,7200,1.94736842105
409425,409939,410391,514,452,2,7200,2.13716814159
409427,409970,410525,543,555,2,7200,1.97837837838
409442,409993,410529,551,536,2,7200,2.02798507463
409443,410004,410566,561,562,2,7200,1.99822064057
409458,410018,410563,560,545,2,7200,2.02752293578
409531,410036,410498,505,462,2,7200,2.09307359307
409546,410133,410707,587,574,2,7200,2.02264808362
409567,410140,410694,573,554,2,7200,2.03429602888
409673,410146,410686,473,540,2,7200,1.87592592593
409688,410214,410777,526,563,2,7200,1.93428063943
409690,410224,410784,534,560,2,7200,1.95357142857
409705,410250,410789,545,539,2,7200,2.01113172542
409720,410278,410834,558,556,2,7200,2.0035971223
409721,410285,410859,564,574,2,7200,1.98257839721
409723,410292,410858,569,566,2,7200,2.00530035336
409724,411308,476942,1584,65634,16,72000,1.02413383307
409765,410310,410866,545,556,2,7200,1.98021582734
409859,410324,410871,465,547,2,7200,1.85009140768
409908,449482,629694,39574,180212,8,180000,1.21959691918
409909,410401,410959,492,558,2,7200,1.88172043011
409927,410408,410974,481,566,2,7200,1.84982332155
409929,410453,410953,524,500,2,7200,2.048
409960,410493,411020,533,527,2,7200,2.01138519924
409986,410501,410995,515,494,2,7200,2.04251012146
410001,410511,411036,510,525,2,7200,1.97142857143
410016,410537,411106,521,569,2,7200,1.91564147627
410031,410544,411066,513,522,2,7200,1.98275862069
410122,410575,411091,453,516,2,7200,1.87790697674
410137,410588,411138,451,550,2,7200,1.82
410138,410701,411220,563,519,2,7200,2.08477842004
410205,410708,411182,503,474,2,7200,2.0611814346
410220,410721,411265,501,544,2,7200,1.92095588235
410238,410789,411357,551,568,2,7200,1.97007042254
410268,410802,411273,534,471,2,7200,2.13375796178
410283,410807,411355,524,548,2,7200,1.95620437956
410284,410850,411188,566,338,2,7200,2.67455621302
410299,410876,411453,577,577,2,7200,2.0
410314,410881,411451,567,570,2,7200,1.99473684211
410390,410894,411346,504,452,2,7200,2.11504424779
410405,410900,411457,495,557,2,7200,1.88868940754
410444,410968,411534,524,566,2,7200,1.925795053
410484,410975,411530,491,555,2,7200,1.88468468468
410486,410988,411437,502,449,2,7200,2.11804008909
410501,411007,411567,506,560,2,7200,1.90357142857
410528,411032,411573,504,541,2,7200,1.93160813309
410543,411048,411555,505,507,2,7200,1.99605522682
410564,411079,411551,515,472,2,7200,2.09110169492
410579,411104,411678,525,574,2,7200,1.91463414634
410688,411118,411682,430,564,2,7200,1.76241134752
410703,411150,411727,447,577,2,7200,1.77469670711
410718,411194,411754,476,560,2,7200,1.85
410778,411207,411717,429,510,2,7200,1.84117647059
410793,411212,411756,419,544,2,7200,1.77022058824
410794,411232,411780,438,548,2,7200,1.79927007299
410837,411277,411811,440,534,2,7200,1.82397003745
410861,411285,411840,424,555,2,7200,1.76396396396
410862,411359,411932,497,573,2,7200,1.86736474695
410878,411367,411706,489,339,2,7200,2.44247787611
410879,411374,411938,495,564,2,7200,1.87765957447
410955,411449,412019,494,570,2,7200,1.86666666667
410970,411463,411958,493,495,2,7200,1.99595959596
410985,411470,412022,485,552,2,7200,1.87862318841
411000,411476,412000,476,524,2,7200,1.90839694656
411024,411543,412103,519,560,2,7200,1.92678571429
411039,411550,412119,511,569,2,7200,1.89806678383
411069,411563,412145,494,582,2,7200,1.84879725086
411093,411570,412132,477,562,2,7200,1.8487544484
411108,411585,412142,477,557,2,7200,1.85637342908
411141,411666,412249,525,583,2,7200,1.90051457976
411183,411690,412250,507,560,2,7200,1.90535714286
411198,411697,412269,499,572,2,7200,1.87237762238
411222,411718,412284,496,566,2,7200,1.87632508834
411268,411729,412251,461,522,2,7200,1.88314176245
411283,411739,412095,456,356,2,7200,2.2808988764
411350,411766,412279,416,513,2,7200,1.81091617934
411365,411773,412125,408,352,2,7200,2.15909090909
411366,411792,412355,426,563,2,7200,1.756660746
411439,411824,412348,385,524,2,7200,1.73473282443
411454,411853,412413,399,560,2,7200,1.7125
411455,411860,412426,405,566,2,7200,1.71554770318
411470,411944,412519,474,575,2,7200,1.82434782609
411533,411951,412510,418,559,2,7200,1.74776386404
411548,411970,412421,422,451,2,7200,1.93569844789
411563,412012,412556,449,544,2,7200,1.82536764706
411565,412031,412500,466,469,2,7200,1.99360341151
411580,412038,412595,458,557,2,7200,1.82226211849
411581,412107,412625,526,518,2,7200,2.01544401544
411679,412115,412682,436,567,2,7200,1.76895943563
411694,412131,412637,437,506,2,7200,1.86363636364
411709,412138,412715,429,577,2,7200,1.74350086655
411723,412145,412687,422,542,2,7200,1.77859778598
411738,412154,412724,416,570,2,7200,1.7298245614
411757,412161,412710,404,549,2,7200,1.73588342441
411758,412262,412730,504,468,2,7200,2.07692307692
411782,412269,412794,487,525,2,7200,1.92761904762
411812,412281,412836,469,555,2,7200,1.84504504505
411843,412292,412784,449,492,2,7200,1.91260162602
411934,412299,412860,365,561,2,7200,1.65062388592
411949,412360,412932,411,572,2,7200,1.71853146853
411964,412367,412896,403,529,2,7200,1.7618147448
412003,412426,412897,423,471,2,7200,1.89808917197
412022,412433,412977,411,544,2,7200,1.75551470588
412036,412512,412953,476,441,2,7200,2.07936507937
412097,412522,413052,425,530,2,7200,1.80188679245
412112,412531,413062,419,531,2,7200,1.78907721281
412127,412569,413138,442,569,2,7200,1.77680140598
412128,412608,413131,480,523,2,7200,1.91778202677
412143,412637,413203,494,566,2,7200,1.87279151943
412145,412651,413201,506,550,2,7200,1.92
412159,412694,413269,535,575,2,7200,1.93043478261
412251,412701,413265,450,564,2,7200,1.79787234043
412252,412722,413288,470,566,2,7200,1.83038869258
412254,412737,413277,483,540,2,7200,1.89444444444
412272,412744,413206,472,462,2,7200,2.02164502165
412287,412797,413357,510,560,2,7200,1.91071428571
412289,412806,413320,517,514,2,7200,2.00583657588
412350,412848,413421,498,573,2,7200,1.86910994764
412365,412872,413436,507,564,2,7200,1.89893617021
412416,412908,413475,492,567,2,7200,1.86772486772
412431,412915,413475,484,560,2,7200,1.86428571429
412432,412949,413493,517,544,2,7200,1.95036764706
412502,412965,413541,463,576,2,7200,1.80381944444
412517,412990,413428,473,438,2,7200,2.0799086758
412532,413064,413619,532,555,2,7200,1.95855855856
412543,412551,412614,8,63,8,60,1.12698412698
412559,413075,413622,516,547,2,7200,1.94332723949
412599,413144,413651,545,507,2,7200,2.07495069034
412626,413151,413685,525,534,2,7200,1.98314606742
412641,413213,413787,572,574,2,7200,1.99651567944
412683,413220,413770,537,550,2,7200,1.97636363636
412698,413226,413727,528,501,2,7200,2.05389221557
412713,413277,413787,564,510,2,7200,2.10588235294
412728,413284,413794,556,510,2,7200,2.09019607843
412730,413291,413852,561,561,2,7200,2.0
412745,413300,413871,555,571,2,7200,1.97197898424
412787,413332,413849,545,517,2,7200,2.05415860735
412802,413369,413956,567,587,2,7200,1.96592844974
412839,413433,413785,594,352,2,7200,2.6875
412863,413441,413993,578,552,2,7200,2.04710144928
412900,413448,414020,548,572,2,7200,1.95804195804
412901,413486,414048,585,562,2,7200,2.0409252669
412935,413494,414032,559,538,2,7200,2.03903345725
412956,413505,413989,549,484,2,7200,2.13429752066
412980,413553,414123,573,570,2,7200,2.00526315789
413053,413632,414195,579,563,2,7200,2.02841918295
413068,413639,414177,571,538,2,7200,2.06133828996
413135,413663,414235,528,572,2,7200,1.92307692308
413149,413697,414238,548,541,2,7200,2.01293900185
413204,413739,414260,535,521,2,7200,2.02687140115
413205,413782,414342,577,560,2,7200,2.03035714286
413220,413798,414362,578,564,2,7200,2.02482269504
413266,413805,414375,539,570,2,7200,1.94561403509
413281,413811,414392,530,581,2,7200,1.91222030981
413282,413818,414345,536,527,2,7200,2.01707779886
413297,413861,414395,564,534,2,7200,2.05617977528
413318,413868,414405,550,537,2,7200,2.02420856611
413358,413883,414444,525,561,2,7200,1.93582887701
413425,413969,414509,544,540,2,7200,2.00740740741
413440,414006,414575,566,569,2,7200,1.99472759227
413441,414012,414459,571,447,2,7200,2.2774049217
413477,414032,414591,555,559,2,7200,1.99284436494
413479,414044,414586,565,542,2,7200,2.04243542435
413494,414061,414591,567,530,2,7200,2.06981132075
413542,414135,414690,593,555,2,7200,2.06846846847
413621,414189,414756,568,567,2,7200,2.00176366843
413636,414207,414773,571,566,2,7200,2.00883392226
413654,414247,414813,593,566,2,7200,2.04770318021
413687,414254,414795,567,541,2,7200,2.04805914972
413729,414272,414847,543,575,2,7200,1.94434782609
413771,414354,414920,583,566,2,7200,2.03003533569
413787,414361,414898,574,537,2,7200,2.06890130354
413788,414375,414934,587,559,2,7200,2.05008944544
413803,414387,414950,584,563,2,7200,2.03730017762
413805,414404,414947,599,543,2,7200,2.10313075506
413850,414411,414954,561,543,2,7200,2.03314917127
413865,414418,414955,553,537,2,7200,2.02979515829
413880,414456,415030,576,574,2,7200,2.00348432056
413959,414471,415016,512,545,2,7200,1.93944954128
413992,414522,415071,530,549,2,7200,1.96539162113
414007,414587,415151,580,564,2,7200,2.02836879433
414022,414598,415132,576,534,2,7200,2.07865168539
414037,414605,415062,568,457,2,7200,2.24288840263
414051,414611,415143,560,532,2,7200,2.05263157895
414124,414702,415240,578,538,2,7200,2.07434944238
414178,414768,415336,590,568,2,7200,2.03873239437
414196,414786,415342,590,556,2,7200,2.06115107914
414237,414807,415280,570,473,2,7200,2.20507399577
414252,414826,415387,574,561,2,7200,2.02317290553
414267,414859,415384,592,525,2,7200,2.12761904762
414343,414910,415447,567,537,2,7200,2.05586592179
414358,414932,415500,574,568,2,7200,2.01056338028
414373,414947,415470,574,523,2,7200,2.09751434034
414387,414959,415508,572,549,2,7200,2.04189435337
414403,414966,415512,563,546,2,7200,2.03113553114
414404,414971,415535,567,564,2,7200,2.00531914894
414419,414979,415531,560,552,2,7200,2.01449275362
414446,415028,415489,582,461,2,7200,2.26247288503
414461,415042,415575,581,533,2,7200,2.09005628518
414513,415074,415500,561,426,2,7200,2.31690140845
414576,415083,415650,507,567,2,7200,1.89417989418
414592,415144,415716,552,572,2,7200,1.96503496503
414593,415155,415718,562,563,2,7200,1.99822380107
414595,415164,415640,569,476,2,7200,2.19537815126
414692,415252,415804,560,552,2,7200,2.01449275362
414758,415292,415858,534,566,2,7200,1.94346289753
414776,415348,415907,572,559,2,7200,2.02325581395
414797,415355,415887,558,532,2,7200,2.04887218045
414815,415397,415963,582,566,2,7200,2.02826855124
414849,415404,415969,555,565,2,7200,1.98230088496
414900,415460,416011,560,551,2,7200,2.01633393829
414921,415483,416052,562,569,2,7200,1.98769771529
414936,415501,416064,565,563,2,7200,2.00355239787
414951,415512,416082,561,570,2,7200,1.98421052632
414952,415517,415984,565,467,2,7200,2.20985010707
414968,415524,416072,556,548,2,7200,2.01459854015
414969,415530,416037,561,507,2,7200,2.10650887574
415017,415544,416093,527,549,2,7200,1.95992714026
415032,415551,416082,519,531,2,7200,1.97740112994
415065,415588,416106,523,518,2,7200,2.00965250965
415080,415652,416091,572,439,2,7200,2.30296127563
415135,415663,416170,528,507,2,7200,2.04142011834
415149,415728,416303,579,575,2,7200,2.00695652174
415164,415735,416287,571,552,2,7200,2.03442028986
415243,415816,416370,573,554,2,7200,2.03429602888
415283,415870,416434,587,564,2,7200,2.04078014184
415337,415900,416452,563,552,2,7200,2.01992753623
415352,415919,416456,567,537,2,7200,2.05586592179
415385,415975,416522,590,547,2,7200,2.07861060329
415400,415982,416564,582,582,2,7200,2.0
415448,415996,416554,548,558,2,7200,1.98207885305
415472,416023,416580,551,557,2,7200,1.98922800718
415490,416049,416587,559,538,2,7200,2.03903345725
415506,416064,416630,558,566,2,7200,1.98586572438
415507,416077,416639,570,562,2,7200,2.01423487544
415522,416084,416647,562,563,2,7200,1.99822380107
415524,416095,416662,571,567,2,7200,2.00705467372
415539,416101,416663,562,562,2,7200,2.0
415540,416108,416662,568,554,2,7200,2.02527075812
415576,416114,416679,538,565,2,7200,1.95221238938
415643,416121,416606,478,485,2,7200,1.98556701031
415657,416183,416728,526,545,2,7200,1.96513761468
415718,416299,416813,581,514,2,7200,2.13035019455
415720,416315,416884,595,569,2,7200,2.04569420035
415805,416382,416957,577,575,2,7200,2.00347826087
415859,416446,416990,587,544,2,7200,2.07904411765
415889,416464,417027,575,563,2,7200,2.02131438721
415911,416471,417007,560,536,2,7200,2.0447761194
415965,416534,417078,569,544,2,7200,2.04595588235
415980,416566,417136,586,570,2,7200,2.02807017544
415995,416576,417094,581,518,2,7200,2.12162162162
416013,416592,417093,579,501,2,7200,2.15568862275
416040,416599,417142,559,543,2,7200,2.02946593002
416055,416618,417183,563,565,2,7200,1.99646017699
416070,416642,417149,572,507,2,7200,2.12820512821
416086,416651,417196,565,545,2,7200,2.03669724771
416087,416660,417229,573,569,2,7200,2.00702987698
416089,416674,417218,585,544,2,7200,2.07536764706
416104,416681,417136,577,455,2,7200,2.26813186813
416105,416686,417053,581,367,2,7200,2.58310626703
416120,416693,417220,573,527,2,7200,2.08728652751
416172,416740,417253,568,513,2,7200,2.10721247563
416290,416825,417336,535,511,2,7200,2.0469667319
416305,416896,417418,591,522,2,7200,2.13218390805
416372,416969,417514,597,545,2,7200,2.09541284404
416435,417002,417569,567,567,2,7200,2.0
416453,417019,417518,566,499,2,7200,2.13426853707
416468,417039,417596,571,557,2,7200,2.02513464991
416522,417065,417616,543,551,2,7200,1.98548094374
416555,417091,417661,536,570,2,7200,1.94035087719
416570,417106,417670,536,564,2,7200,1.95035460993
416585,417112,417680,527,568,2,7200,1.92781690141
416600,417148,417716,548,568,2,7200,1.96478873239
416615,417153,417687,538,534,2,7200,2.0074906367
416633,417161,417696,528,535,2,7200,1.98691588785
416649,417166,417737,517,571,2,7200,1.9054290718
416650,417195,417713,545,518,2,7200,2.05212355212
416665,417209,417779,544,570,2,7200,1.95438596491
416666,417230,417704,564,474,2,7200,2.18987341772
416668,417237,417755,569,518,2,7200,2.09845559846
416683,417244,417780,561,536,2,7200,2.04664179104
416728,417265,417817,537,552,2,7200,1.97282608696
416813,417348,417734,535,386,2,7200,2.38601036269
416887,417430,418002,543,572,2,7200,1.9493006993
416930,491015,553851,74085,62836,4,259200,2.17902157999
416959,417526,418044,567,518,2,7200,2.09459459459
416992,417533,418101,541,568,2,7200,1.95246478873
417007,417581,418122,574,541,2,7200,2.06099815157
417029,417608,418191,579,583,2,7200,1.99313893654
417056,417628,418127,572,499,2,7200,2.14629258517
417080,417674,418240,594,566,2,7200,2.04946996466
417095,417683,418247,588,564,2,7200,2.04255319149
417096,417692,418269,596,577,2,7200,2.03292894281
417139,417700,418224,561,524,2,7200,2.07061068702
417141,417709,418227,568,518,2,7200,2.09652509653
417156,417716,418257,560,541,2,7200,2.03512014787
417158,417725,418246,567,521,2,7200,2.08829174664
417185,417732,418260,547,528,2,7200,2.03598484848
417200,417747,418321,547,574,2,7200,1.95296167247
417221,417754,418294,533,540,2,7200,1.98703703704
417222,417767,418302,545,535,2,7200,2.01869158879
417237,417791,418359,554,568,2,7200,1.97535211268
417255,417798,418209,543,411,2,7200,2.32116788321
417337,417829,418313,492,484,2,7200,2.01652892562
417419,418014,418552,595,538,2,7200,2.10594795539
417516,418056,418621,540,565,2,7200,1.95575221239
417531,418114,418635,583,521,2,7200,2.11900191939
417570,418134,418607,564,473,2,7200,2.19238900634
417597,418141,418689,544,548,2,7200,1.99270072993
417618,418203,418768,585,565,2,7200,2.03539823009
417663,418221,418758,558,537,2,7200,2.03910614525
417678,418236,418781,558,545,2,7200,2.02385321101
417694,418243,418803,549,560,2,7200,1.98035714286
417695,418252,418821,557,569,2,7200,1.97891036907
417711,418259,418831,548,572,2,7200,1.95804195804
417712,418265,418825,553,560,2,7200,1.9875
417728,418272,418837,544,565,2,7200,1.96283185841
417729,418277,418812,548,535,2,7200,2.02429906542
417744,418284,418771,540,487,2,7200,2.10882956879
417745,418306,418876,561,570,2,7200,1.98421052632
417760,418315,418877,555,562,2,7200,1.98754448399
417782,418325,418892,543,567,2,7200,1.95767195767
417783,418333,418895,550,562,2,7200,1.97864768683
417819,418372,418894,553,522,2,7200,2.05938697318
418005,418564,419140,559,576,2,7200,1.97048611111
418047,418619,419160,572,541,2,7200,2.0573012939
418105,418634,419207,529,573,2,7200,1.92321116928
418123,418647,419194,524,547,2,7200,1.95795246801
418138,418701,419187,563,486,2,7200,2.15843621399
418192,418770,419305,578,535,2,7200,2.08037383178
418210,418780,419324,570,544,2,7200,2.04779411765
418225,418787,419339,562,552,2,7200,2.01811594203
418240,418794,419146,554,352,2,7200,2.57386363636
418241,418815,419358,574,543,2,7200,2.05709023941
418257,418824,419394,567,570,2,7200,1.99473684211
418258,418833,419325,575,492,2,7200,2.16869918699
418273,418840,419407,567,567,2,7200,2.0
418275,418847,419412,572,565,2,7200,2.01238938053
418276,418854,419399,578,545,2,7200,2.06055045872
418295,418888,419459,593,571,2,7200,2.03852889667
418310,418895,419453,585,558,2,7200,2.04838709677
418326,418903,419424,577,521,2,7200,2.10748560461
418327,418910,419438,583,528,2,7200,2.10416666667
418360,418916,419392,556,476,2,7200,2.16806722689
418555,419152,419586,597,434,2,7200,2.37557603687
418610,419159,419703,549,544,2,7200,2.00919117647
418625,419173,419735,548,562,2,7200,1.97508896797
418639,419199,419740,560,541,2,7200,2.03512014787
418691,419206,419735,515,529,2,7200,1.97353497164
418760,419219,419756,459,537,2,7200,1.85474860335
418775,419317,419757,542,440,2,7200,2.23181818182
418777,419337,419828,560,491,2,7200,2.14052953157
418792,419342,419901,550,559,2,7200,1.98389982111
418807,419351,419920,544,569,2,7200,1.95606326889
418822,419370,419900,548,530,2,7200,2.03396226415
418823,419405,419966,582,561,2,7200,2.03743315508
418839,419412,419951,573,539,2,7200,2.06307977737
418840,419418,419869,578,451,2,7200,2.28159645233
418841,419425,419975,584,550,2,7200,2.06181818182
418878,419431,419947,553,516,2,7200,2.07170542636
418879,419438,419994,559,556,2,7200,2.00539568345
418889,477855,477870,58966,15,16,300,3932.06666667
418894,419451,420014,557,563,2,7200,1.98934280639
418896,419465,419974,569,509,2,7200,2.11787819253
418911,419472,420037,561,565,2,7200,1.99292035398
419085,444650,444698,25565,48,8,60,533.604166667
419142,419598,420106,456,508,2,7200,1.89763779528
419157,419715,420283,558,568,2,7200,1.9823943662
419172,419747,420215,575,468,2,7200,2.22863247863
419190,419753,420305,563,552,2,7200,2.01992753623
419205,419760,420305,555,545,2,7200,2.01834862385
419219,419768,420309,549,541,2,7200,2.01478743068
419307,419775,420341,468,566,2,7200,1.82685512367
419328,419840,420369,512,529,2,7200,1.96786389414
419329,419881,420252,552,371,2,7200,2.48787061995
419344,419912,420425,568,513,2,7200,2.10721247563
419359,419919,420497,560,578,2,7200,1.96885813149
419396,419932,420502,536,570,2,7200,1.94035087719
419398,419960,420526,562,566,2,7200,1.99293286219
419413,419967,420475,554,508,2,7200,2.0905511811
419414,419978,420472,564,494,2,7200,2.14170040486
419416,419986,420525,570,539,2,7200,2.05751391466
419431,419993,420528,562,535,2,7200,2.05046728972
419446,420006,420527,560,521,2,7200,2.07485604607
419461,420026,420588,565,562,2,7200,2.00533807829
419463,420049,420616,586,567,2,7200,2.03350970018
419587,420119,420685,532,566,2,7200,1.93992932862
419706,420227,420751,521,524,2,7200,1.99427480916
419736,420264,420832,528,568,2,7200,1.92957746479
419738,420295,420825,557,530,2,7200,2.05094339623
419753,420317,420887,564,570,2,7200,1.98947368421
419768,420323,420880,555,557,2,7200,1.99640933573
419769,420330,420816,561,486,2,7200,2.15432098765
419830,420353,420896,523,543,2,7200,1.96316758748
419872,420382,420913,510,531,2,7200,1.9604519774
419899,420437,421006,538,569,2,7200,1.94551845343
419915,420484,420986,569,502,2,7200,2.13346613546
419930,420491,421055,561,564,2,7200,1.99468085106
419951,420510,421089,559,579,2,7200,1.96545768566
419966,420517,421096,551,579,2,7200,1.95164075993
419968,420538,420976,570,438,2,7200,2.30136986301
419983,420543,421100,560,557,2,7200,2.00538599641
419984,420551,421107,567,556,2,7200,2.01978417266
419999,420557,421016,558,459,2,7200,2.21568627451
420017,420600,421050,583,450,2,7200,2.29555555556
420039,420628,421192,589,564,2,7200,2.04432624113
420109,420697,421256,588,559,2,7200,2.0518783542
420215,420763,421320,548,557,2,7200,1.98384201077
420254,420828,421386,574,558,2,7200,2.02867383513
420285,420837,421365,552,528,2,7200,2.04545454545
420306,420844,421405,538,561,2,7200,1.95900178253
420307,420892,421372,585,480,2,7200,2.21875
420322,420899,421411,577,512,2,7200,2.126953125
420341,420909,421453,568,544,2,7200,2.04411764706
420371,420926,421489,555,563,2,7200,1.98579040853
420426,420988,421552,562,564,2,7200,1.99645390071
420474,420998,421569,524,571,2,7200,1.9176882662
420489,421018,421540,529,522,2,7200,2.01340996169
420504,421028,421517,524,489,2,7200,2.07157464213
420506,421062,421580,556,518,2,7200,2.07335907336
420527,421069,421636,542,567,2,7200,1.95590828924
420529,421101,421611,572,510,2,7200,2.12156862745
420530,421108,421627,578,519,2,7200,2.11368015414
420545,421115,421672,570,557,2,7200,2.02333931777
420591,421122,421690,531,568,2,7200,1.93485915493
420618,421204,421748,586,544,2,7200,2.07720588235
420687,421268,421818,581,550,2,7200,2.05636363636
420751,421332,421909,581,577,2,7200,2.00693240901
420817,421377,421886,560,509,2,7200,2.10019646365
420832,421384,421951,552,567,2,7200,1.97354497354
420834,421398,421854,564,456,2,7200,2.23684210526
420882,421418,421983,536,565,2,7200,1.94867256637
420897,421425,421988,528,563,2,7200,1.9378330373
420898,421465,421901,567,436,2,7200,2.3004587156
420916,421505,422047,589,542,2,7200,2.08671586716
420977,421530,422073,553,543,2,7200,2.01841620626
420992,421552,422125,560,573,2,7200,1.97731239092
421007,421564,422028,557,464,2,7200,2.20043103448
421022,421581,422101,559,520,2,7200,2.075
421052,421593,422078,541,485,2,7200,2.11546391753
421067,421623,422163,556,540,2,7200,2.02962962963
421091,421640,422215,549,575,2,7200,1.9547826087
421106,421648,422191,542,543,2,7200,1.99815837937
421108,421685,422238,577,553,2,7200,2.04339963834
421122,421702,422159,580,457,2,7200,2.26914660832
421195,421760,422305,565,545,2,7200,2.03669724771
421195,491020,815065,69825,324045,5,324000,1.21547933157
421259,421830,422396,571,566,2,7200,2.00883392226
421297,443678,444640,22381,962,1,900,24.2650727651
421323,421867,422423,544,556,2,7200,1.97841726619
421368,421898,422475,530,577,2,7200,1.91854419411
421382,421913,422438,531,525,2,7200,2.01142857143
421397,421921,422411,524,490,2,7200,2.0693877551
421412,421963,422483,551,520,2,7200,2.05961538462
421413,421995,422554,582,559,2,7200,2.04114490161
421455,422002,422564,547,562,2,7200,1.97330960854
421491,422040,422473,549,433,2,7200,2.26789838337
421518,422059,422580,541,521,2,7200,2.03838771593
421542,422086,422653,544,567,2,7200,1.9594356261
421557,422093,422609,536,516,2,7200,2.03875968992
421572,422113,422529,541,416,2,7200,2.30048076923
421587,422137,422688,550,551,2,7200,1.99818511797
421611,422171,422723,560,552,2,7200,2.01449275362
421629,422178,422761,549,583,2,7200,1.94168096055
421644,422203,422697,559,494,2,7200,2.13157894737
421674,422227,422769,553,542,2,7200,2.02029520295
421692,422250,422775,558,525,2,7200,2.06285714286
421750,422317,422882,567,565,2,7200,2.00353982301
421820,422409,422916,589,507,2,7200,2.1617357002
421857,422424,422983,567,559,2,7200,2.01431127013
421887,422435,422977,548,542,2,7200,2.0110701107
421902,422450,422989,548,539,2,7200,2.01669758813
421917,422486,423048,569,562,2,7200,2.01245551601
421956,422493,423077,537,584,2,7200,1.91952054795
421986,422500,423059,514,559,2,7200,1.91949910555
422001,422541,423072,540,531,2,7200,2.01694915254
422031,422566,423105,535,539,2,7200,1.99257884972
422049,422576,423074,527,498,2,7200,2.05823293173
422076,422591,423115,515,524,2,7200,1.98282442748
422091,422622,423198,531,576,2,7200,1.921875
422106,422665,423167,559,502,2,7200,2.11354581673
422127,422701,423238,574,537,2,7200,2.06890130354
422160,422709,423275,549,566,2,7200,1.96996466431
422175,422736,423300,561,564,2,7200,1.99468085106
422193,422773,423348,580,575,2,7200,2.00869565217
422218,422782,423291,564,509,2,7200,2.10805500982
422239,422789,423348,550,559,2,7200,1.98389982111
422306,422894,423438,588,544,2,7200,2.08088235294
422400,422929,423377,529,448,2,7200,2.18080357143
422415,422989,423538,574,549,2,7200,2.04553734062
422430,422996,423478,566,482,2,7200,2.17427385892
422444,423003,423566,559,563,2,7200,1.99289520426
422475,423060,423625,585,565,2,7200,2.03539823009
422490,423071,423596,581,525,2,7200,2.10666666667
422491,423085,423616,594,531,2,7200,2.1186440678
422531,423092,423629,561,537,2,7200,2.04469273743
422555,423097,423659,542,562,2,7200,1.96441281139
422570,423117,423682,547,565,2,7200,1.96814159292
422585,423127,423472,542,345,2,7200,2.57101449275
422612,423179,423742,567,563,2,7200,2.00710479574
422654,423210,423754,556,544,2,7200,2.02205882353
422691,423251,423770,560,519,2,7200,2.07899807322
422706,423287,423791,581,504,2,7200,2.15277777778
422727,423303,423878,576,575,2,7200,2.00173913043
422763,423312,423874,549,562,2,7200,1.9768683274
422778,423361,423920,583,559,2,7200,2.04293381038
422780,423367,423928,587,561,2,7200,2.04634581105
422883,423390,423941,507,551,2,7200,1.92014519056
422919,423450,424022,531,572,2,7200,1.92832167832
422980,423493,424054,513,561,2,7200,1.91443850267
422995,423499,424067,504,568,2,7200,1.88732394366
422996,423551,424117,555,566,2,7200,1.98056537102
423050,423578,424117,528,539,2,7200,1.97959183673
423065,423608,424170,543,562,2,7200,1.96619217082
423081,423628,424182,547,554,2,7200,1.98736462094
423082,423637,424193,555,556,2,7200,1.99820143885
423083,423644,424194,561,550,2,7200,2.02
423108,423671,424248,563,577,2,7200,1.97573656846
423123,423694,424259,571,565,2,7200,2.01061946903
423168,423754,424278,586,524,2,7200,2.11832061069
423201,423765,424289,564,524,2,7200,2.07633587786
423241,423783,424344,542,561,2,7200,1.96613190731
423277,423803,424320,526,517,2,7200,2.01740812379
423289,423296,424942,7,1646,1,7200,1.0042527339
423292,423886,424406,594,520,2,7200,2.14230769231
423307,423893,424448,586,555,2,7200,2.05585585586
423350,423932,424501,582,569,2,7200,2.02284710018
423351,423940,424382,589,442,2,7200,2.33257918552
423379,423953,424467,574,514,2,7200,2.11673151751
423439,424034,424580,595,546,2,7200,2.08974358974
423475,424066,424602,591,536,2,7200,2.1026119403
423490,424079,424582,589,503,2,7200,2.17097415507
423541,424129,424690,588,561,2,7200,2.04812834225
423569,424136,424701,567,565,2,7200,2.00353982301
423599,424182,424747,583,565,2,7200,2.03185840708
423617,424194,424662,577,468,2,7200,2.23290598291
423632,424205,424674,573,469,2,7200,2.22174840085
423634,424212,424747,578,535,2,7200,2.08037383178
423661,424260,424836,599,576,2,7200,2.03993055556
423685,424271,424828,586,557,2,7200,2.05206463196
423743,424290,424856,547,566,2,7200,1.96643109541
423758,424301,424866,543,565,2,7200,1.9610619469
423773,424332,424783,559,451,2,7200,2.23946784922
423794,424356,424885,562,529,2,7200,2.06238185255
423876,424394,424784,518,390,2,7200,2.32820512821
423891,424418,424978,527,560,2,7200,1.94107142857
423909,424861,424945,952,84,1,7200,12.3333333333
423921,424460,425000,539,540,2,7200,1.99814814815
423936,424479,425061,543,582,2,7200,1.93298969072
423951,424513,425048,562,535,2,7200,2.05046728972
424023,424593,425055,570,462,2,7200,2.23376623377
424057,424600,425182,543,582,2,7200,1.93298969072
424072,424614,425177,542,563,2,7200,1.96269982238
424120,424674,425249,554,575,2,7200,1.96347826087
424122,424687,425245,565,558,2,7200,2.01254480287
424173,424702,425257,529,555,2,7200,1.95315315315
424188,424713,425152,525,439,2,7200,2.19589977221
424203,424759,425330,556,571,2,7200,1.97373029772
424204,424764,425321,560,557,2,7200,2.00538599641
424250,424796,425325,546,529,2,7200,2.03213610586
424265,424801,425372,536,571,2,7200,1.93870402802
424280,424841,425389,561,548,2,7200,2.02372262774
424295,424849,425385,554,536,2,7200,2.03358208955
424322,424868,425432,546,564,2,7200,1.96808510638
424346,424878,425457,532,579,2,7200,1.91882556131
424383,424898,425485,515,587,2,7200,1.87734241908
424407,424990,425521,583,531,2,7200,2.09792843691
424449,425012,425572,563,560,2,7200,2.00535714286
424470,425060,425616,590,556,2,7200,2.06115107914
424503,425067,425545,564,478,2,7200,2.17991631799
424582,425074,425632,492,558,2,7200,1.88172043011
424584,425164,425742,580,578,2,7200,2.00346020761
424603,425189,425774,586,585,2,7200,2.00170940171
424663,425196,425767,533,571,2,7200,1.93345008757
424678,425257,425830,579,573,2,7200,2.01047120419
424693,425264,425786,571,522,2,7200,2.0938697318
424708,425271,425840,563,569,2,7200,1.98945518453
424748,425334,425787,586,453,2,7200,2.293598234
424749,425341,425866,592,525,2,7200,2.12761904762
424786,425348,425906,562,558,2,7200,2.00716845878
424787,425385,425729,598,344,2,7200,2.73837209302
424830,425397,425951,567,554,2,7200,2.02346570397
424845,425404,425909,559,505,2,7200,2.10693069307
424859,425444,425895,585,451,2,7200,2.29711751663
424874,425469,425985,595,516,2,7200,2.15310077519
424889,425497,426052,608,555,2,7200,2.0954954955
424980,425533,426037,553,504,2,7200,2.09722222222
425001,425558,426104,557,546,2,7200,2.02014652015
425049,425584,426144,535,560,2,7200,1.95535714286
425064,425628,426160,564,532,2,7200,2.06015037594
425065,426146,426171,1081,25,1,7200,44.24
425066,425644,426094,578,450,2,7200,2.28444444444
425153,425741,426176,588,435,2,7200,2.35172413793
425178,425755,426320,577,565,2,7200,2.02123893805
425193,425779,426360,586,581,2,7200,2.00860585198
425247,425786,426285,539,499,2,7200,2.08016032064
425262,425799,426353,537,554,2,7200,1.96931407942
425263,425804,426324,541,520,2,7200,2.04038461538
425324,425842,426398,518,556,2,7200,1.93165467626
425339,425853,426206,514,353,2,7200,2.45609065156
425340,425878,426396,538,518,2,7200,2.03861003861
425373,425907,426490,534,583,2,7200,1.91595197256
425388,425918,426454,530,536,2,7200,1.98880597015
425403,425925,426451,522,526,2,7200,1.99239543726
425433,425963,426471,530,508,2,7200,2.04330708661
425461,425997,426565,536,568,2,7200,1.94366197183
425488,426049,426517,561,468,2,7200,2.19871794872
425524,426064,426631,540,567,2,7200,1.95238095238
425549,426106,426609,557,503,2,7200,2.10735586481
425573,426117,426670,544,553,2,7200,1.98372513562
425618,426156,426653,538,497,2,7200,2.08249496982
425633,426172,426624,539,452,2,7200,2.19247787611
425730,426190,426740,460,550,2,7200,1.83636363636
425745,426219,426744,474,525,2,7200,1.90285714286
425769,426297,426769,528,472,2,7200,2.1186440678
425784,426332,426899,548,567,2,7200,1.96649029982
425800,426339,426890,539,551,2,7200,1.97822141561
425801,426365,426932,564,567,2,7200,1.99470899471
425831,426372,426911,541,539,2,7200,2.00371057514
425846,426409,426975,563,566,2,7200,1.99469964664
425868,426416,426928,548,512,2,7200,2.0703125
425898,426463,427024,565,561,2,7200,2.00713012478
425913,426470,426982,557,512,2,7200,2.087890625
425915,426483,427025,568,542,2,7200,2.0479704797
425954,426503,427023,549,520,2,7200,2.05576923077
425987,426529,427077,542,548,2,7200,1.98905109489
426039,426577,427124,538,547,2,7200,1.98354661792
426054,426621,427158,567,537,2,7200,2.05586592179
426096,426637,427210,541,573,2,7200,1.94415357766
426111,426644,427203,533,559,2,7200,1.95348837209
426144,426665,427135,521,470,2,7200,2.1085106383
426162,426682,427230,520,548,2,7200,1.94890510949
426178,426752,427298,574,546,2,7200,2.05128205128
426208,426759,427320,551,561,2,7200,1.98217468806
426263,444326,444336,18063,10,1,240,1807.3
426287,426781,427330,494,549,2,7200,1.89981785064
426323,426902,427477,579,575,2,7200,2.00695652174
426338,426911,427445,573,534,2,7200,2.07303370787
426356,426923,427486,567,563,2,7200,2.00710479574
426371,426941,427408,570,467,2,7200,2.22055674518
426398,426948,427497,550,549,2,7200,2.00182149362
426400,426987,427534,587,547,2,7200,2.0731261426
426420,444008,444307,17588,299,4,3600,59.8227424749
426451,426995,427534,544,539,2,7200,2.00927643785
426466,427035,427571,569,536,2,7200,2.06156716418
426481,427042,427625,561,583,2,7200,1.96226415094
426496,427048,427568,552,520,2,7200,2.06153846154
426517,427089,427670,572,581,2,7200,1.98450946644
426566,427137,427698,571,561,2,7200,2.01782531194
426612,427147,427655,535,508,2,7200,2.0531496063
426627,427170,427644,543,474,2,7200,2.14556962025
426642,427215,427742,573,527,2,7200,2.08728652751
426657,427227,427771,570,544,2,7200,2.04779411765
426672,427242,427823,570,581,2,7200,1.98106712565
426741,427311,427868,570,557,2,7200,2.02333931777
426756,427332,427767,576,435,2,7200,2.32413793103
426771,427342,427901,571,559,2,7200,2.02146690519
426893,427420,427964,527,544,2,7200,1.96875
426908,427458,428016,550,558,2,7200,1.98566308244
426923,427490,428058,567,568,2,7200,1.99823943662
426938,427498,428035,560,537,2,7200,2.04283054004
426939,427510,428011,571,501,2,7200,2.13972055888
426942,427127,427205,185,78,1,7200,3.37179487179
426976,427546,428067,570,521,2,7200,2.09404990403
426991,427551,428067,560,516,2,7200,2.08527131783
427027,427580,428144,553,564,2,7200,1.9804964539
427029,427587,428101,558,514,2,7200,2.08560311284
427030,427637,428179,607,542,2,7200,2.11992619926
427079,427656,428187,577,531,2,7200,2.08662900188
427127,427667,428138,540,471,2,7200,2.14649681529
427142,427682,428211,540,529,2,7200,2.02079395085
427160,427710,428253,550,543,2,7200,2.01289134438
427206,427754,428308,548,554,2,7200,1.98916967509
427221,427779,428335,558,556,2,7200,2.0035971223
427236,427786,428314,550,528,2,7200,2.04166666667
427299,427835,428383,536,548,2,7200,1.97810218978
427323,427881,428452,558,571,2,7200,1.97723292469
427338,427913,428443,575,530,2,7200,2.08490566038
427411,427976,428518,565,542,2,7200,2.04243542435
427447,428023,428567,576,544,2,7200,2.05882352941
427481,428030,428567,549,537,2,7200,2.02234636872
427496,428047,428593,551,546,2,7200,2.00915750916
427511,428070,428436,559,366,2,7200,2.52732240437
427535,428079,428594,544,515,2,7200,2.05631067961
427537,428085,428574,548,489,2,7200,2.12065439673
427570,428113,428679,543,566,2,7200,1.9593639576
427585,428151,428718,566,567,2,7200,1.99823633157
427627,428158,428720,531,562,2,7200,1.94483985765
427645,428191,428772,546,581,2,7200,1.93975903614
427660,428199,428771,539,572,2,7200,1.94230769231
427675,428223,428769,548,546,2,7200,2.00366300366
427699,428265,428831,566,566,2,7200,2.0
427744,428320,428891,576,571,2,7200,2.00875656743
427768,428327,428861,559,534,2,7200,2.0468164794
427783,428347,428908,564,561,2,7200,2.00534759358
427826,428395,428869,569,474,2,7200,2.20042194093
427871,428448,428956,577,508,2,7200,2.13582677165
427905,428456,428930,551,474,2,7200,2.16244725738
427965,428464,429031,499,567,2,7200,1.88007054674
428014,428530,429096,516,566,2,7200,1.91166077739
428029,428579,429099,550,520,2,7200,2.05769230769
428044,428586,429038,542,452,2,7200,2.19911504425
428059,428592,429138,533,546,2,7200,1.97619047619
428074,428606,429105,532,499,2,7200,2.06613226453
428075,428612,429186,537,574,2,7200,1.93554006969
428102,428691,429250,589,559,2,7200,2.05366726297
428108,429426,429449,1318,23,1,7200,58.3043478261
428142,428730,429246,588,516,2,7200,2.13953488372
428157,428737,429301,580,564,2,7200,2.02836879433
428181,428782,429320,601,538,2,7200,2.11710037175
428196,428789,429328,593,539,2,7200,2.10018552876
428214,428794,429361,580,567,2,7200,2.02292768959
428256,428844,429364,588,520,2,7200,2.13076923077
428311,428873,429420,562,547,2,7200,2.02742230347
428326,428882,429446,556,564,2,7200,1.98581560284
428341,428903,429431,562,528,2,7200,2.06439393939
428386,428920,429430,534,510,2,7200,2.04705882353
428438,428942,429510,504,568,2,7200,1.88732394366
428453,428968,429476,515,508,2,7200,2.01377952756
428454,429044,429592,590,548,2,7200,2.07664233577
428521,429051,429574,530,523,2,7200,2.01338432122
428569,429108,429558,539,450,2,7200,2.19777777778
428571,429115,429674,544,559,2,7200,1.97316636852
428585,429122,429673,537,551,2,7200,1.97459165154
428601,429151,429671,550,520,2,7200,2.05769230769
428602,429198,429756,596,558,2,7200,2.06810035842
428681,429258,429820,577,562,2,7200,2.02669039146
428717,429265,429784,548,519,2,7200,2.05587668593
428733,429314,429898,581,584,2,7200,1.9948630137
428773,429333,429853,560,520,2,7200,2.07692307692
428774,429341,429811,567,470,2,7200,2.20638297872
428776,429373,429940,597,567,2,7200,2.05291005291
428833,429380,429936,547,556,2,7200,1.98381294964
428863,429433,429995,570,562,2,7200,2.01423487544
428878,429447,429962,569,515,2,7200,2.10485436893
428893,429452,429947,559,495,2,7200,2.12929292929
428911,429460,430015,549,555,2,7200,1.98918918919
428933,429488,430058,555,570,2,7200,1.97368421053
428957,429523,430064,566,541,2,7200,2.04621072089
429032,429570,430115,538,545,2,7200,1.9871559633
429047,429586,430078,539,492,2,7200,2.09552845528
429099,429604,430155,505,551,2,7200,1.9165154265
429101,429683,430250,582,567,2,7200,2.02645502646
429116,429690,430254,574,564,2,7200,2.01773049645
429140,429695,430196,555,501,2,7200,2.10778443114
429188,429769,430309,581,540,2,7200,2.07592592593
429249,429796,430266,547,470,2,7200,2.16382978723
429264,429824,430405,560,581,2,7200,1.96385542169
429304,429833,430409,529,576,2,7200,1.91840277778
429322,429866,430382,544,516,2,7200,2.05426356589
429337,429910,430488,573,578,2,7200,1.99134948097
429364,429948,430502,584,554,2,7200,2.05415162455
429366,429955,430507,589,552,2,7200,2.06702898551
429423,429962,430500,539,538,2,7200,2.00185873606
429438,429974,430495,536,521,2,7200,2.02879078695
429439,430007,430519,568,512,2,7200,2.109375
429455,430027,430600,572,573,2,7200,1.9982547993
429479,430070,430622,591,552,2,7200,2.07065217391
429512,430077,430638,565,561,2,7200,2.00713012478
429560,430090,430665,530,575,2,7200,1.92173913043
429575,430127,430667,552,540,2,7200,2.02222222222
429593,430167,430729,574,562,2,7200,2.02135231317
429636,430508,431749,872,1241,1,7200,1.70265914585
429672,430208,430670,536,462,2,7200,2.16017316017
429686,430263,430836,577,573,2,7200,2.00698080279
429688,430270,430839,582,569,2,7200,2.02284710018
429757,430279,430821,522,542,2,7200,1.963099631
429785,430321,430840,536,519,2,7200,2.03275529865
429815,430394,430963,579,569,2,7200,2.01757469244
429829,430417,430979,588,562,2,7200,2.0462633452
429857,430424,430918,567,494,2,7200,2.14777327935
429899,430501,431035,602,534,2,7200,2.12734082397
429938,430513,430965,575,452,2,7200,2.27212389381
429953,430522,431058,569,536,2,7200,2.06156716418
429955,430527,431097,572,570,2,7200,2.00350877193
429969,430532,431070,563,538,2,7200,2.04646840149
429997,430539,431065,542,526,2,7200,2.03041825095
430018,430612,431153,594,541,2,7200,2.09796672828
430060,430635,431200,575,565,2,7200,2.01769911504
430075,430651,431221,576,570,2,7200,2.01052631579
430089,430677,431056,588,379,2,7200,2.55145118734
430117,430684,431240,567,556,2,7200,2.01978417266
430156,430690,431224,534,534,2,7200,2.0
430199,430741,431306,542,565,2,7200,1.9592920354
430254,430834,431355,580,521,2,7200,2.113243762
430269,430848,431389,579,541,2,7200,2.07024029575
430270,430855,431422,585,567,2,7200,2.03174603175
430309,430861,431370,552,509,2,7200,2.08447937132
430385,430931,431498,546,567,2,7200,1.96296296296
430406,430975,431540,569,565,2,7200,2.00707964602
430421,430982,431516,561,534,2,7200,2.05056179775
430491,430991,431556,500,565,2,7200,1.88495575221
430507,431048,431539,541,491,2,7200,2.10183299389
430509,431068,431644,559,576,2,7200,1.97048611111
430510,431075,431635,565,560,2,7200,2.00892857143
430525,431082,431619,557,537,2,7200,2.03724394786
430526,431087,431597,561,510,2,7200,2.1
430602,431109,431618,507,509,2,7200,1.99607072692
430624,431165,431631,541,466,2,7200,2.16094420601
430642,431213,431768,571,555,2,7200,2.02882882883
430666,431233,431800,567,567,2,7200,2.0
430681,431240,431798,559,558,2,7200,2.0017921147
430682,431253,431813,571,560,2,7200,2.01964285714
430731,431318,431881,587,563,2,7200,2.04262877442
430822,431367,431895,545,528,2,7200,2.0321969697
430837,431382,431947,545,565,2,7200,1.96460176991
430852,431401,431851,549,450,2,7200,2.22
430854,431435,432004,581,569,2,7200,2.02108963093
430920,431510,432043,590,533,2,7200,2.10694183865
430966,431528,432088,562,560,2,7200,2.00357142857
430967,431557,432126,590,569,2,7200,2.03690685413
430982,431563,432106,581,543,2,7200,2.06998158379
431037,431570,432152,533,582,2,7200,1.91580756014
431058,431609,432149,551,540,2,7200,2.02037037037
431059,431629,432181,570,552,2,7200,2.03260869565
431075,431636,432183,561,547,2,7200,2.02559414991
431076,431643,432055,567,412,2,7200,2.37621359223
431100,431650,432108,550,458,2,7200,2.20087336245
431155,431657,432159,502,502,2,7200,2.0
431203,431780,432300,577,520,2,7200,2.10961538462
431225,431810,432379,585,569,2,7200,2.02811950791
431226,431817,432349,591,532,2,7200,2.11090225564
431242,431826,432402,584,576,2,7200,2.01388888889
431308,431863,432425,555,562,2,7200,1.98754448399
431357,431893,432391,536,498,2,7200,2.07630522088
431372,431908,432477,536,569,2,7200,1.94200351494
431390,431959,432489,569,530,2,7200,2.07358490566
431423,432016,432576,593,560,2,7200,2.05892857143
431499,432055,432601,556,546,2,7200,2.01831501832
431517,432068,432646,551,578,2,7200,1.95328719723
431541,432100,432646,559,546,2,7200,2.02380952381
431543,432119,432636,576,517,2,7200,2.11411992263
431557,432126,432704,569,578,2,7200,1.98442906574
431600,432139,432700,539,561,2,7200,1.96078431373
431621,432162,432641,541,479,2,7200,2.12943632568
431623,432169,432736,546,567,2,7200,1.96296296296
431638,432176,432716,538,540,2,7200,1.9962962963
431640,432192,432747,552,555,2,7200,1.99459459459
431654,432199,432554,545,355,2,7200,2.53521126761
431770,432312,432873,542,561,2,7200,1.96613190731
431801,432361,432918,560,557,2,7200,2.00538599641
431802,432391,432946,589,555,2,7200,2.06126126126
431817,432404,432907,587,503,2,7200,2.16699801193
431853,432414,432952,561,538,2,7200,2.04275092937
431883,432437,432948,554,511,2,7200,2.08414872798
431898,432489,432986,591,497,2,7200,2.18913480885
431950,432502,433016,552,514,2,7200,2.07392996109
432005,432566,433121,561,555,2,7200,2.01081081081
432044,432588,433140,544,552,2,7200,1.98550724638
432059,432616,433161,557,545,2,7200,2.02201834862
432089,432649,433228,560,579,2,7200,1.96718480138
432107,432656,433220,549,564,2,7200,1.97340425532
432122,432663,433175,541,512,2,7200,2.056640625
432137,432668,433216,531,548,2,7200,1.96897810219
432152,432712,433288,560,576,2,7200,1.97222222222
432154,432719,433288,565,569,2,7200,1.99297012302
432169,432728,433090,559,362,2,7200,2.54419889503
432184,432748,433295,564,547,2,7200,2.0310786106
432186,432759,433319,573,560,2,7200,2.02321428571
432301,432886,433454,585,568,2,7200,2.02992957746
432350,432919,433450,569,531,2,7200,2.07156308851
432380,432930,433502,550,572,2,7200,1.96153846154
432395,432959,433524,564,565,2,7200,1.9982300885
432410,432966,433512,556,546,2,7200,2.01831501832
432428,432972,433515,544,543,2,7200,2.00184162063
432479,432998,433561,519,563,2,7200,1.92184724689
432494,433028,433536,534,508,2,7200,2.05118110236
432555,433103,433648,548,545,2,7200,2.00550458716
432579,433133,433676,554,543,2,7200,2.02025782689
432603,433153,433698,550,545,2,7200,2.00917431193
432639,433173,433707,534,534,2,7200,2.0
432655,433187,433586,532,399,2,7200,2.33333333333
432656,433229,433801,573,572,2,7200,2.00174825175
432657,433236,433794,579,558,2,7200,2.0376344086
432703,433243,433710,540,467,2,7200,2.15631691649
432718,433300,433846,582,546,2,7200,2.06593406593
432719,433305,433829,586,524,2,7200,2.11832061069
432737,433312,433849,575,537,2,7200,2.07076350093
432752,433331,433909,579,578,2,7200,2.00173010381
432877,433462,433985,585,523,2,7200,2.11854684512
432907,433469,434032,562,563,2,7200,1.99822380107
432922,433514,433999,592,485,2,7200,2.2206185567
432950,433524,434026,574,502,2,7200,2.14342629482
432951,433531,434014,580,483,2,7200,2.20082815735
432966,433538,434080,572,542,2,7200,2.05535055351
432987,433548,434051,561,503,2,7200,2.11530815109
433017,433573,434065,556,492,2,7200,2.13008130081
433093,433598,434162,505,564,2,7200,1.89539007092
433123,433660,434192,537,532,2,7200,2.00939849624
433141,433688,434264,547,576,2,7200,1.94965277778
433163,433710,434241,547,531,2,7200,2.03013182674
433178,433719,434279,541,560,2,7200,1.96607142857
433217,433726,434279,509,553,2,7200,1.92043399638
433233,433807,434362,574,555,2,7200,2.03423423423
433234,433814,434392,580,578,2,7200,2.00346020761
433288,433842,434364,554,522,2,7200,2.06130268199
433290,433861,434388,571,527,2,7200,2.0834914611
433305,433867,434410,562,543,2,7200,2.0349907919
433320,433922,434480,602,558,2,7200,2.07885304659
433454,433998,434545,544,547,2,7200,1.99451553931
433455,434012,434546,557,534,2,7200,2.04307116105
433504,434026,434546,522,520,2,7200,2.00384615385
433519,434038,434589,519,551,2,7200,1.94192377495
433521,434045,434593,524,548,2,7200,1.95620437956
433536,434063,434636,527,573,2,7200,1.91972076789
433551,434078,434645,527,567,2,7200,1.92945326279
433566,434092,434657,526,565,2,7200,1.93097345133
433587,434174,434559,587,385,2,7200,2.52467532468
433651,434204,434752,553,548,2,7200,2.00912408759
433678,434254,434731,576,477,2,7200,2.20754716981
433699,434276,434842,577,566,2,7200,2.01943462898
433714,434291,434718,577,427,2,7200,2.35128805621
433716,434297,434854,581,557,2,7200,2.04308797127
433798,434375,434907,577,532,2,7200,2.08458646617
433813,434382,434897,569,515,2,7200,2.10485436893
433831,434400,434962,569,562,2,7200,2.01245551601
433850,434407,434871,557,464,2,7200,2.20043103448
433851,434422,434961,571,539,2,7200,2.05936920223
433912,434492,435035,580,543,2,7200,2.06813996317
433988,434557,435126,569,569,2,7200,2.0
434003,434564,435119,561,555,2,7200,2.01081081081
434018,434570,435099,552,529,2,7200,2.04347826087
434033,434577,435143,544,566,2,7200,1.96113074205
434034,434601,435130,567,529,2,7200,2.07183364839
434052,434608,435149,556,541,2,7200,2.02772643253
434067,434648,435230,581,582,2,7200,1.99828178694
434082,434657,435119,575,462,2,7200,2.24458874459
434164,434669,435226,505,557,2,7200,1.9066427289
434195,434730,435183,535,453,2,7200,2.18101545254
434243,434743,435293,500,550,2,7200,1.90909090909
434265,434764,435307,499,543,2,7200,1.91896869245
434280,434854,435417,574,563,2,7200,2.01953818828
434281,434866,435388,585,522,2,7200,2.12068965517
434363,434883,435449,520,566,2,7200,1.91872791519
434378,434909,435472,531,563,2,7200,1.9431616341
434394,434919,435476,525,557,2,7200,1.94254937163
434395,434973,435472,578,499,2,7200,2.15831663327
434410,434980,435523,570,543,2,7200,2.04972375691
434481,435048,435568,567,520,2,7200,2.09038461538
434547,435111,435664,564,553,2,7200,2.0198915009
434549,435131,435648,582,517,2,7200,2.12572533849
434550,435136,435682,586,546,2,7200,2.07326007326
434566,435143,435701,577,558,2,7200,2.03405017921
434590,435148,435715,558,567,2,7200,1.98412698413
434605,435155,435707,550,552,2,7200,1.99637681159
434638,435162,435708,524,546,2,7200,1.95970695971
434653,435195,435621,542,426,2,7200,2.27230046948
434668,435238,435807,570,569,2,7200,2.00175746924
434720,435245,435781,525,536,2,7200,1.97947761194
434734,435306,435793,572,487,2,7200,2.17453798768
434752,435319,435867,567,548,2,7200,2.03467153285
434844,435400,435937,556,537,2,7200,2.03538175047
434858,435429,435952,571,523,2,7200,2.09177820268
434873,435461,436023,588,562,2,7200,2.0462633452
434898,435484,436038,586,554,2,7200,2.05776173285
434913,435490,435983,577,493,2,7200,2.17038539554
434964,435497,436050,533,553,2,7200,1.96383363472
434966,435535,436056,569,521,2,7200,2.09213051823
435038,435580,436062,542,482,2,7200,2.1244813278
435102,435633,436206,531,573,2,7200,1.92670157068
435120,435661,436221,541,560,2,7200,1.96607142857
435122,435676,436243,554,567,2,7200,1.97707231041
435137,435694,436257,557,563,2,7200,1.98934280639
435138,435714,436195,576,481,2,7200,2.19750519751
435153,435721,436231,568,510,2,7200,2.1137254902
435155,435727,436237,572,510,2,7200,2.12156862745
435185,435734,436263,549,529,2,7200,2.03780718336
435227,435794,436368,567,574,2,7200,1.98780487805
435242,435805,436288,563,483,2,7200,2.16563146998
435297,435819,436343,522,524,2,7200,1.99618320611
435311,435879,436364,568,485,2,7200,2.17113402062
435391,435949,436453,558,504,2,7200,2.10714285714
435418,435965,436465,547,500,2,7200,2.094
435451,435995,436542,544,547,2,7200,1.99451553931
435473,436035,436527,562,492,2,7200,2.14227642276
435474,436051,436619,577,568,2,7200,2.01584507042
435489,436061,436623,572,562,2,7200,2.01779359431
435525,436073,436581,548,508,2,7200,2.07874015748
435570,436080,436573,510,493,2,7200,2.03448275862
435622,436207,436780,585,573,2,7200,2.02094240838
435649,436218,436718,569,500,2,7200,2.138
435667,436233,436739,566,506,2,7200,2.1185770751
435682,436243,436762,561,519,2,7200,2.08092485549
435704,436250,436813,546,563,2,7200,1.96980461812
435719,436257,436818,538,561,2,7200,1.95900178253
435720,436273,436817,553,544,2,7200,2.01654411765
435722,436280,436759,558,479,2,7200,2.16492693111
435783,436300,436837,517,537,2,7200,1.96275605214
435798,436356,436910,558,554,2,7200,2.00722021661
435813,436377,436877,564,500,2,7200,2.128
435870,436384,436940,514,556,2,7200,1.92446043165
435940,436465,436999,525,534,2,7200,1.98314606742
435955,436477,437035,522,558,2,7200,1.93548387097
435985,436540,437094,555,554,2,7200,2.00180505415
436025,436555,437090,530,535,2,7200,1.99065420561
436040,436586,437125,546,539,2,7200,2.01298701299
436054,436594,437146,540,552,2,7200,1.97826086957
436070,436631,437098,561,467,2,7200,2.20128479657
436071,436638,437180,567,542,2,7200,2.04612546125
436198,436731,437161,533,430,2,7200,2.23953488372
436213,436751,437315,538,564,2,7200,1.95390070922
436228,436771,437349,543,578,2,7200,1.93944636678
436244,436778,437296,534,518,2,7200,2.03088803089
436246,436792,437360,546,568,2,7200,1.96126760563
436247,436825,437385,578,560,2,7200,2.03214285714
436262,436832,437401,570,569,2,7200,2.00175746924
436277,436837,437407,560,570,2,7200,1.98245614035
436292,436849,437326,557,477,2,7200,2.1677148847
436346,436889,437417,543,528,2,7200,2.02840909091
436368,436922,437488,554,566,2,7200,1.97879858657
436382,436952,437371,570,419,2,7200,2.36038186158
436455,437011,437562,556,551,2,7200,2.00907441016
436470,437047,437559,577,512,2,7200,2.126953125
436531,437102,437598,571,496,2,7200,2.15120967742
436546,437109,437663,563,554,2,7200,2.01624548736
436576,437116,437671,540,555,2,7200,1.97297297297
436591,437138,437723,547,585,2,7200,1.93504273504
436621,437158,437723,537,565,2,7200,1.95044247788
436636,437174,437696,538,522,2,7200,2.030651341
436721,437193,437739,472,546,2,7200,1.86446886447
436742,437309,437744,567,435,2,7200,2.30344827586
436760,437327,437861,567,534,2,7200,2.06179775281
436775,437338,437887,563,549,2,7200,2.02550091075
436790,437361,437848,571,487,2,7200,2.17248459959
436814,437372,437945,558,573,2,7200,1.97382198953
436829,437383,437948,554,565,2,7200,1.98053097345
436830,437397,437962,567,565,2,7200,2.00353982301
436845,437413,437983,568,570,2,7200,1.99649122807
436878,437420,437977,542,557,2,7200,1.97307001795
436912,437430,437997,518,567,2,7200,1.91358024691
436942,437501,438066,559,565,2,7200,1.98938053097
437000,437571,438048,571,477,2,7200,2.19706498952
437036,437578,438145,542,567,2,7200,1.95590828924
437056,444168,444176,7112,8,1,3600,712.0
437091,437611,438118,520,507,2,7200,2.02564102564
437106,437675,438219,569,544,2,7200,2.04595588235
437107,437683,438242,576,559,2,7200,2.03041144902
437129,437709,438254,580,545,2,7200,2.06422018349
437147,437735,438288,588,553,2,7200,2.06329113924
437162,437740,438307,578,567,2,7200,2.01940035273
437183,437752,438270,569,518,2,7200,2.09845559846
437298,437759,438334,461,575,2,7200,1.80173913043
437316,437861,438437,545,576,2,7200,1.94618055556
437331,437873,438459,542,586,2,7200,1.92491467577
437352,437899,438430,547,531,2,7200,2.03013182674
437367,437957,438510,590,553,2,7200,2.06690777577
437382,437964,438532,582,568,2,7200,2.02464788732
437397,437974,438475,577,501,2,7200,2.15169660679
437413,437990,438514,577,524,2,7200,2.10114503817
437414,437997,438562,583,565,2,7200,2.03185840708
437429,438009,438576,580,567,2,7200,2.02292768959
437490,438060,438550,570,490,2,7200,2.16326530612
437559,438078,438619,519,541,2,7200,1.95933456562
437575,438130,438697,555,567,2,7200,1.97883597884
437602,438157,438696,555,539,2,7200,2.02968460111
437665,438231,438798,566,567,2,7200,1.99823633157
437680,438254,438796,574,542,2,7200,2.05904059041
437699,438271,438823,572,552,2,7200,2.03623188406
437726,438282,438849,556,567,2,7200,1.98059964727
437727,438300,438849,573,549,2,7200,2.04371584699
437743,438319,438867,576,548,2,7200,2.05109489051
437758,438346,438923,588,577,2,7200,2.01906412478
437852,438442,439007,590,565,2,7200,2.04424778761
437867,438449,438983,582,534,2,7200,2.08988764045
437888,438471,439011,583,540,2,7200,2.07962962963
437946,438487,439005,541,518,2,7200,2.0444015444
437961,438523,438952,562,429,2,7200,2.31002331002
437976,438530,439095,554,565,2,7200,1.98053097345
437991,438544,439073,553,529,2,7200,2.04536862004
437993,438562,439095,569,533,2,7200,2.06754221388
438008,438574,439138,566,564,2,7200,2.00354609929
438050,438588,439160,538,572,2,7200,1.94055944056
438069,438631,439200,562,569,2,7200,1.98769771529
438120,438708,439177,588,469,2,7200,2.25373134328
438148,438715,439287,567,572,2,7200,1.99125874126
438220,438809,439375,589,566,2,7200,2.0406360424
438245,438816,439361,571,545,2,7200,2.04770642202
438260,438836,439399,576,563,2,7200,2.02309058615
438275,438862,439414,587,552,2,7200,2.0634057971
438290,438867,439410,577,543,2,7200,2.06261510129
438308,438879,439439,571,560,2,7200,2.01964285714
438335,438936,439361,601,425,2,7200,2.41411764706
438432,438964,439498,532,534,2,7200,1.99625468165
438447,438998,439501,551,503,2,7200,2.09542743539
438462,439023,439588,561,565,2,7200,1.99292035398
438477,439029,439601,552,572,2,7200,1.96503496503
438513,439034,439617,521,583,2,7200,1.8936535163
438528,439085,439643,557,558,2,7200,1.9982078853
438543,439107,439646,564,539,2,7200,2.04638218924
438558,439112,439681,554,569,2,7200,1.97363796134
438573,439151,439691,578,540,2,7200,2.07037037037
438588,439173,439713,585,540,2,7200,2.08333333333
438621,439189,439727,568,538,2,7200,2.05576208178
438697,439212,439776,515,564,2,7200,1.91312056738
438712,439299,439874,587,575,2,7200,2.02086956522
438797,439387,439964,590,577,2,7200,2.02253032929
438812,439393,439968,581,575,2,7200,2.01043478261
438827,439398,439974,571,576,2,7200,1.99131944444
438851,439411,439988,560,577,2,7200,1.9705372617
438852,439422,439950,570,528,2,7200,2.07954545455
438868,439430,439994,562,564,2,7200,1.99645390071
438925,439452,440018,527,566,2,7200,1.93109540636
438956,439510,440086,554,576,2,7200,1.96180555556
438986,439517,440047,531,530,2,7200,2.00188679245
439006,439600,440163,594,563,2,7200,2.05506216696
439021,439613,440155,592,542,2,7200,2.09225092251
439022,439629,440131,607,502,2,7200,2.20916334661
439074,439655,440185,581,530,2,7200,2.09622641509
439098,439662,440213,564,551,2,7200,2.02359346642
439100,439694,440226,594,532,2,7200,2.11654135338
439139,439703,440213,564,510,2,7200,2.10588235294
439163,439725,440281,562,556,2,7200,2.01079136691
439178,439740,440309,562,569,2,7200,1.98769771529
439203,439788,440374,585,586,2,7200,1.99829351536
439284,439887,440439,603,552,2,7200,2.09239130435
439363,439962,440478,599,516,2,7200,2.16085271318
439365,439976,440527,611,551,2,7200,2.10889292196
439380,439983,440535,603,552,2,7200,2.09239130435
439401,439990,440567,589,577,2,7200,2.02079722704
439416,440000,440552,584,552,2,7200,2.05797101449
439417,440007,440574,590,567,2,7200,2.0405643739
439442,440030,440564,588,534,2,7200,2.10112359551
439499,440059,440621,560,562,2,7200,1.99644128114
439514,440098,440622,584,524,2,7200,2.11450381679
439590,440143,440688,553,545,2,7200,2.01467889908
439605,440168,440693,563,525,2,7200,2.07238095238
439620,440175,440717,555,542,2,7200,2.02398523985
439647,440197,440751,550,554,2,7200,1.99277978339
439649,440226,440739,577,513,2,7200,2.12475633528
439682,440232,440788,550,556,2,7200,1.98920863309
439697,440239,440779,542,540,2,7200,2.0037037037
439715,440293,440868,578,575,2,7200,2.0052173913
439730,440322,440886,592,564,2,7200,2.04964539007
439778,440386,440894,608,508,2,7200,2.1968503937
439876,440451,440980,575,529,2,7200,2.08695652174
439951,440491,441055,540,564,2,7200,1.95744680851
439967,440542,441109,575,567,2,7200,2.01410934744
439982,440549,441125,567,576,2,7200,1.984375
439983,440564,441144,581,580,2,7200,2.00172413793
439998,440578,441146,580,568,2,7200,2.02112676056
440000,440585,441098,585,513,2,7200,2.14035087719
440021,440592,441012,571,420,2,7200,2.35952380952
440048,440634,441206,586,572,2,7200,2.02447552448
440087,440639,441197,552,558,2,7200,1.98924731183
440133,440700,441232,567,532,2,7200,2.06578947368
440157,440707,441207,550,500,2,7200,2.1
440172,440729,441299,557,570,2,7200,1.97719298246
440187,440747,441300,560,553,2,7200,2.01265822785
440215,440754,441282,539,528,2,7200,2.02083333333
440216,440763,441304,547,541,2,7200,2.01109057301
440231,440791,441241,560,450,2,7200,2.24444444444
440282,440800,441367,518,567,2,7200,1.91358024691
440313,440880,441373,567,493,2,7200,2.15010141988
440376,440899,441363,523,464,2,7200,2.12715517241
440440,440906,441389,466,483,2,7200,1.96480331263
440480,440992,441542,512,550,2,7200,1.93090909091
440528,441025,441576,497,551,2,7200,1.90199637024
440543,441067,441633,524,566,2,7200,1.925795053
440558,441110,441665,552,555,2,7200,1.99459459459
440574,441122,441617,548,495,2,7200,2.10707070707
440575,441137,441690,562,553,2,7200,2.01627486438
440590,441156,441589,566,433,2,7200,2.30715935335
440623,441164,441734,541,570,2,7200,1.94912280702
440625,441209,441770,584,561,2,7200,2.04099821747
440637,444186,444194,3549,8,1,1800,355.7
440688,441218,441768,530,550,2,7200,1.96363636364
440703,441225,441770,522,545,2,7200,1.95779816514
440718,441244,441751,526,507,2,7200,2.03747534517
440743,441253,441821,510,568,2,7200,1.89788732394
440758,441295,441857,537,562,2,7200,1.95551601423
440782,441312,441873,530,561,2,7200,1.94474153298
440797,441318,441850,521,532,2,7200,1.97932330827
440870,441325,441840,455,515,2,7200,1.88349514563
440888,441376,441923,488,547,2,7200,1.89213893967
440903,441383,441894,480,511,2,7200,1.93933463796
440982,441390,441964,408,574,2,7200,1.71080139373
441007,444204,444323,3197,119,1,3600,27.8655462185
441015,441402,441974,387,572,2,7200,1.67657342657
441057,441558,442127,501,569,2,7200,1.88049209139
441100,441588,442137,488,549,2,7200,1.88888888889
441115,441601,442152,486,551,2,7200,1.88203266788
441130,441629,442193,499,564,2,7200,1.88475177305
441145,441645,442204,500,559,2,7200,1.89445438283
441160,441677,442187,517,510,2,7200,2.0137254902
441200,441702,442270,502,568,2,7200,1.8838028169
441215,441746,442235,531,489,2,7200,2.08588957055
441216,441763,442300,547,537,2,7200,2.01862197393
441235,441780,442357,545,577,2,7200,1.9445407279
441249,441787,442331,538,544,2,7200,1.98897058824
441286,441793,442318,507,525,2,7200,1.96571428571
441301,441833,442366,532,533,2,7200,1.99812382739
441303,441852,442378,549,526,2,7200,2.04372623574
441318,441864,442368,546,504,2,7200,2.08333333333
441366,441872,442443,506,571,2,7200,1.88616462347
441381,441885,442408,504,523,2,7200,1.96367112811
441383,441911,442485,528,574,2,7200,1.91986062718
441398,441938,442497,540,559,2,7200,1.96601073345
441543,441976,442546,433,570,2,7200,1.75964912281
441577,441990,442516,413,526,2,7200,1.78517110266
441592,442144,442721,552,577,2,7200,1.95667244367
441619,442151,442733,532,582,2,7200,1.91408934708
441634,442157,442705,523,548,2,7200,1.95437956204
441668,442164,442729,496,565,2,7200,1.87787610619
441692,442199,442764,507,565,2,7200,1.89734513274
441735,442207,442771,472,564,2,7200,1.83687943262
441753,442216,442758,463,542,2,7200,1.85424354244
441768,442248,442816,480,568,2,7200,1.84507042254
441783,442282,442849,499,567,2,7200,1.88007054674
441785,442312,442875,527,563,2,7200,1.93605683837
441824,442330,442908,506,578,2,7200,1.87543252595
441842,442343,442894,501,551,2,7200,1.90925589837
441858,442369,442930,511,561,2,7200,1.91087344029
441859,442379,442936,520,557,2,7200,1.93357271095
441875,442384,442917,509,533,2,7200,1.95497185741
441896,442392,442954,496,562,2,7200,1.88256227758
441926,442397,442887,471,490,2,7200,1.9612244898
441966,442421,442898,455,477,2,7200,1.95387840671
441981,442455,442989,474,534,2,7200,1.88764044944
442130,442497,443062,367,565,2,7200,1.64955752212
442145,442509,443033,364,524,2,7200,1.69465648855
442160,442528,443088,368,560,2,7200,1.65714285714
442191,442558,443050,367,492,2,7200,1.74593495935
442206,442717,443275,511,558,2,7200,1.91577060932
442207,442733,443302,526,569,2,7200,1.9244288225
442238,442741,443240,503,499,2,7200,2.00801603206
442271,442748,443308,477,560,2,7200,1.85178571429
442301,442775,443307,474,532,2,7200,1.89097744361
442319,442782,443339,463,557,2,7200,1.83123877917
442334,442795,443329,461,534,2,7200,1.86329588015
442358,442833,443303,475,470,2,7200,2.01063829787
442374,442862,443386,488,524,2,7200,1.93129770992
442375,442889,443454,514,565,2,7200,1.90973451327
442390,442903,443477,513,574,2,7200,1.893728223
442408,442910,443453,502,543,2,7200,1.92449355433
442445,442915,443483,470,568,2,7200,1.82746478873
442487,442928,443494,441,566,2,7200,1.77915194346
442503,442935,443505,432,570,2,7200,1.75789473684
442518,442948,443515,430,567,2,7200,1.75837742504
442548,442953,443523,405,570,2,7200,1.71052631579
442706,442967,443530,261,563,2,7200,1.46358792185
442724,443001,443544,277,543,2,7200,1.51012891344
442739,443045,443614,306,569,2,7200,1.53778558875
442741,443063,443607,322,544,2,7200,1.59191176471
442759,443077,443632,318,555,2,7200,1.57297297297
442774,443103,443669,329,566,2,7200,1.58127208481
442775,443253,443817,478,564,2,7200,1.8475177305
442818,443293,443695,475,402,2,7200,2.1815920398
442851,443319,443862,468,543,2,7200,1.86187845304
442879,443325,443838,446,513,2,7200,1.8693957115
442894,443330,443904,436,574,2,7200,1.75958188153
442909,443337,443885,428,548,2,7200,1.78102189781
442911,443350,443894,439,544,2,7200,1.80698529412
442912,443357,443824,445,467,2,7200,1.95289079229
442927,443375,443933,448,558,2,7200,1.80286738351
442942,443398,443909,456,511,2,7200,1.89236790607
442944,443465,443989,521,524,2,7200,1.99427480916
442959,443472,443930,513,458,2,7200,2.12008733624
442992,443489,443992,497,503,2,7200,1.98807157058
443034,443496,444060,462,564,2,7200,1.81914893617
443053,443506,444040,453,534,2,7200,1.84831460674
443068,443518,443995,450,477,2,7200,1.94339622642
443089,443527,444066,438,539,2,7200,1.81261595547
443241,443535,444078,294,543,2,7200,1.54143646409
443277,443542,444087,265,545,2,7200,1.48623853211
443305,443556,444108,251,552,2,7200,1.45471014493
443306,443620,443961,314,341,2,7200,1.92082111437
443321,443627,444207,306,580,2,7200,1.5275862069
443323,443644,444189,321,545,2,7200,1.58899082569
443338,443685,444220,347,535,2,7200,1.64859813084
443353,443708,444133,355,425,2,7200,1.83529411765
443389,443830,444386,441,556,2,7200,1.79316546763
443456,443837,444351,381,514,2,7200,1.74124513619
443457,443850,444399,393,549,2,7200,1.71584699454
443479,443874,444430,395,556,2,7200,1.71043165468
443494,443898,444403,404,505,2,7200,1.8
443509,443906,444405,397,499,2,7200,1.79559118236
443510,443916,444460,406,544,2,7200,1.74632352941
443525,443923,444483,398,560,2,7200,1.71071428571
443527,443942,444475,415,533,2,7200,1.77861163227
443542,443949,444517,407,568,2,7200,1.71654929577
443556,443973,444528,417,555,2,7200,1.75135135135
443608,444001,444481,393,480,2,7200,1.81875
443623,444052,444618,429,566,2,7200,1.75795053004
443638,444072,444645,434,573,2,7200,1.75741710297
443671,444079,444633,408,554,2,7200,1.73646209386
443699,444091,444539,392,448,2,7200,1.875
443820,444100,444634,280,534,2,7200,1.52434456929
443835,444120,444631,285,511,2,7200,1.55772994129
443850,444146,444710,296,564,2,7200,1.52482269504
443865,444209,444774,344,565,2,7200,1.60884955752
443886,444219,444733,333,514,2,7200,1.64785992218
443901,444232,444754,331,522,2,7200,1.63409961686
443916,444363,444896,447,533,2,7200,1.83864915572
443918,444398,444960,480,562,2,7200,1.85409252669
443933,444411,444937,478,526,2,7200,1.90874524715
443934,444418,444962,484,544,2,7200,1.88970588235
443962,444442,444980,480,538,2,7200,1.89219330855
443989,444472,445042,483,570,2,7200,1.84736842105
444004,444488,444948,484,460,2,7200,2.05217391304
444006,444495,445072,489,577,2,7200,1.84748700173
444042,444500,445068,458,568,2,7200,1.80633802817
444061,444541,445062,480,521,2,7200,1.92130518234
444076,444551,445132,475,581,2,7200,1.81755593804
444091,444631,445185,540,554,2,7200,1.97472924188
444092,444643,445175,551,532,2,7200,2.03571428571
444110,444656,445208,546,552,2,7200,1.98913043478
444134,444661,445240,527,579,2,7200,1.91018998273
444192,444669,445250,477,581,2,7200,1.82099827883
444207,444722,445277,515,555,2,7200,1.92792792793
444222,444745,445311,523,566,2,7200,1.92402826855
444283,444320,444437,37,117,1,3600,1.31623931624
444341,444348,444426,7,78,1,1800,1.08974358974
444353,444767,445288,414,521,2,7200,1.79462571977
444389,444786,445354,397,568,2,7200,1.69894366197
444405,444908,445459,503,551,2,7200,1.91288566243
444406,444949,445518,543,569,2,7200,1.95430579965
444408,444960,445520,552,560,2,7200,1.98571428571
444432,444972,445516,540,544,2,7200,1.99264705882
444447,448398,448661,3951,263,1,3600,16.0228136882
444462,444979,445544,517,565,2,7200,1.91504424779
444477,444993,445559,516,566,2,7200,1.91166077739
444492,445054,445589,562,535,2,7200,2.05046728972
444494,445074,445586,580,512,2,7200,2.1328125
444518,445086,445666,568,580,2,7200,1.97931034483
444533,445092,445663,559,571,2,7200,1.97898423818
444548,445144,445701,596,557,2,7200,2.07001795332
444569,448404,448663,3835,259,1,3600,15.8069498069
444621,445187,445642,566,455,2,7200,2.24395604396
444636,445200,445700,564,500,2,7200,2.128
444638,445220,445731,582,511,2,7200,2.13894324853
444640,445263,445806,623,543,2,7200,2.14732965009
444643,444710,444812,67,102,1,1800,1.6568627451
444655,445270,445818,615,548,2,7200,2.12226277372
444713,445289,445830,576,541,2,7200,2.06469500924
444734,445302,445854,568,552,2,7200,2.02898550725
444758,445329,445791,571,462,2,7200,2.23593073593
444776,445368,445932,592,564,2,7200,2.04964539007
444898,445472,445986,574,514,2,7200,2.11673151751
444941,445528,446063,587,535,2,7200,2.09719626168
444956,445541,446108,585,567,2,7200,2.03174603175
444971,445546,446085,575,539,2,7200,2.0667903525
444972,445561,446135,589,574,2,7200,2.02613240418
444987,445575,446036,588,461,2,7200,2.27548806941
445045,445602,446140,557,538,2,7200,2.03531598513
445063,445608,446182,545,574,2,7200,1.94947735192
445078,445658,446205,580,547,2,7200,2.06032906764
445080,445675,446237,595,562,2,7200,2.05871886121
445134,445682,446206,548,524,2,7200,2.04580152672
445177,445713,446195,536,482,2,7200,2.11203319502
445192,445718,446268,526,550,2,7200,1.95636363636
445210,445745,446315,535,570,2,7200,1.93859649123
445243,445809,446374,566,565,2,7200,2.0017699115
445247,445257,445621,10,364,1,1800,1.02747252747
445258,445823,446409,565,586,2,7200,1.96416382253
445279,445830,446405,551,575,2,7200,1.95826086957
445294,445843,446292,549,449,2,7200,2.22271714922
445312,445869,446417,557,548,2,7200,2.01642335766
445355,445945,446503,590,558,2,7200,2.05734767025
445462,445999,446543,537,544,2,7200,1.98713235294
445520,446052,446500,532,448,2,7200,2.1875
445522,446079,446653,557,574,2,7200,1.97038327526
445523,446099,446638,576,539,2,7200,2.06864564007
445548,446126,446606,578,480,2,7200,2.20416666667
445563,446153,446714,590,561,2,7200,2.05169340463
445588,446159,446694,571,535,2,7200,2.06728971963
445603,446199,446742,596,543,2,7200,2.09760589319
445642,446212,446706,570,494,2,7200,2.15384615385
445667,446224,446780,557,556,2,7200,2.00179856115
445668,446230,446730,562,500,2,7200,2.124
445702,446249,446813,547,564,2,7200,1.96985815603
445704,446283,446770,579,487,2,7200,2.18891170431
445734,446310,446782,576,472,2,7200,2.22033898305
445795,446330,446897,535,567,2,7200,1.94356261023
445810,446392,446964,582,572,2,7200,2.01748251748
445826,446419,446977,593,558,2,7200,2.06272401434
445841,446432,446990,591,558,2,7200,2.05913978495
445856,446438,446989,582,551,2,7200,2.05626134301
445932,446527,447098,595,571,2,7200,2.04203152364
445987,446533,447076,546,543,2,7200,2.00552486188
446039,446538,447046,499,508,2,7200,1.98228346457
446066,446555,447069,489,514,2,7200,1.9513618677
446087,446621,447140,534,519,2,7200,2.0289017341
446112,446651,447216,539,565,2,7200,1.95398230088
446136,446665,447233,529,568,2,7200,1.93133802817
446151,446706,447271,555,565,2,7200,1.98230088496
446185,446720,447258,535,538,2,7200,1.99442379182
446200,446727,447270,527,543,2,7200,1.97053406998
446215,446742,447292,527,550,2,7200,1.95818181818
446217,446756,447271,539,515,2,7200,2.04660194175
446238,446782,447308,544,526,2,7200,2.03422053232
446261,448409,448417,2148,8,1,1800,215.6
446269,446796,447315,527,519,2,7200,2.01541425819
446293,446801,447361,508,560,2,7200,1.90714285714
446317,446827,447304,510,477,2,7200,2.06918238994
446375,446913,447416,538,503,2,7200,2.06958250497
446409,446920,447451,511,531,2,7200,1.96233521657
446410,446925,447431,515,506,2,7200,2.01778656126
446426,446930,447458,504,528,2,7200,1.95454545455
446501,446936,447452,435,516,2,7200,1.84302325581
446516,446976,447529,460,553,2,7200,1.83182640145
446544,446990,447497,446,507,2,7200,1.87968441815
446547,513477,524460,66930,10983,1,36000,7.09396339798
446608,447004,447511,396,507,2,7200,1.78106508876
446641,447009,447580,368,571,2,7200,1.64448336252
446656,447059,447586,403,527,2,7200,1.76470588235
446695,447085,447619,390,534,2,7200,1.73033707865
446710,447092,447667,382,575,2,7200,1.66434782609
446725,447109,447608,384,499,2,7200,1.76953907816
446740,447158,447681,418,523,2,7200,1.79923518164
446755,447233,447789,478,556,2,7200,1.85971223022
446773,447247,447814,474,567,2,7200,1.83597883598
446788,447273,447838,485,565,2,7200,1.85840707965
446790,447287,447867,497,580,2,7200,1.85689655172
446814,447292,447838,478,546,2,7200,1.87545787546
446839,514520,550563,67681,36043,1,36000,2.87778486807
446899,447298,447883,399,585,2,7200,1.68205128205
446966,447305,447762,339,457,2,7200,1.74179431072
446981,447318,447843,337,525,2,7200,1.6419047619
446996,447325,447834,329,509,2,7200,1.6463654224
446997,447337,447856,340,519,2,7200,1.65510597303
447050,447375,447939,325,564,2,7200,1.57624113475
447071,447428,447865,357,437,2,7200,1.81693363844
447086,447444,448010,358,566,2,7200,1.63250883392
447101,447468,448023,367,555,2,7200,1.66126126126
447141,447481,448020,340,539,2,7200,1.63079777365
447217,447486,448051,269,565,2,7200,1.47610619469
447235,447513,448074,278,561,2,7200,1.49554367201
447259,447527,448093,268,566,2,7200,1.47349823322
447276,447541,448127,265,586,2,7200,1.45221843003
447277,447593,448145,316,552,2,7200,1.57246376812
447278,447600,448154,322,554,2,7200,1.58122743682
447293,447624,448061,331,437,2,7200,1.75743707094
447308,447631,448200,323,569,2,7200,1.56766256591
447310,447680,448239,370,559,2,7200,1.66189624329
447325,447694,448218,369,524,2,7200,1.70419847328
447364,447773,448297,409,524,2,7200,1.78053435115
447419,447801,448240,382,439,2,7200,1.8701594533
447434,447827,448384,393,557,2,7200,1.70556552962
447453,447846,448412,393,566,2,7200,1.69434628975
447454,447859,448434,405,575,2,7200,1.70434782609
447469,447864,448381,395,517,2,7200,1.76402321083
447500,447869,448316,369,447,2,7200,1.8255033557
447515,447876,448420,361,544,2,7200,1.66360294118
447530,447889,448430,359,541,2,7200,1.66358595194
447582,447894,448450,312,556,2,7200,1.56115107914
447597,447902,448425,305,523,2,7200,1.58317399618
447612,447951,448490,339,539,2,7200,1.62894248609
447627,448025,448594,398,569,2,7200,1.69947275923
447670,448032,448561,362,529,2,7200,1.6843100189
447684,448045,448609,361,564,2,7200,1.64007092199
447763,448063,448630,300,567,2,7200,1.5291005291
447791,448077,448632,286,555,2,7200,1.51531531532
447815,448091,448627,276,536,2,7200,1.51492537313
447837,448105,448598,268,493,2,7200,1.54361054767
447852,448143,448712,291,569,2,7200,1.51142355009
447853,448157,448714,304,557,2,7200,1.54578096948
447854,448171,448728,317,557,2,7200,1.56912028725
447870,448218,448757,348,539,2,7200,1.64564007421
447871,448231,448774,360,543,2,7200,1.66298342541
447873,448251,448827,378,576,2,7200,1.65625
447888,448264,448831,376,567,2,7200,1.66313932981
447942,448312,448793,370,481,2,7200,1.76923076923
448012,448332,448845,320,513,2,7200,1.62378167641
448028,448380,448913,352,533,2,7200,1.66041275797
448029,448385,448949,356,564,2,7200,1.63120567376
448053,448414,448984,361,570,2,7200,1.63333333333
448068,448422,448982,354,560,2,7200,1.63214285714
448083,448434,448983,351,549,2,7200,1.6393442623
448098,448442,449005,344,563,2,7200,1.61101243339
448129,448447,448953,318,506,2,7200,1.62845849802
448147,448453,448967,306,514,2,7200,1.5953307393
448162,448460,449028,298,568,2,7200,1.52464788732
448204,448467,449009,263,542,2,7200,1.4852398524
448219,448502,449029,283,527,2,7200,1.53700189753
448241,448610,449086,369,476,2,7200,1.77521008403
448242,448639,449209,397,570,2,7200,1.69649122807
448247,448429,448507,182,78,1,1800,3.33333333333
448301,448725,449296,424,571,2,7200,1.74255691769
448319,448732,449251,413,519,2,7200,1.795761079
448383,448746,449279,363,533,2,7200,1.68105065666
448398,448769,449203,371,434,2,7200,1.85483870968
448413,448786,449328,373,542,2,7200,1.68819188192
448428,448806,449375,378,569,2,7200,1.66432337434
448430,448839,449407,409,568,2,7200,1.72007042254
448445,448846,449424,401,578,2,7200,1.6937716263
448446,448857,449399,411,542,2,7200,1.75830258303
448461,448965,449488,504,523,2,7200,1.96367112811
448491,448980,449488,489,508,2,7200,1.9625984252
448564,448994,449552,430,558,2,7200,1.770609319
448571,448578,448620,7,42,1,1800,1.16666666667
448598,449001,449479,403,478,2,7200,1.84309623431
448599,449007,449537,408,530,2,7200,1.76981132075
448614,449017,449586,403,569,2,7200,1.70826010545
448629,449024,449542,395,518,2,7200,1.76254826255
448645,449040,449584,395,544,2,7200,1.72610294118
448646,449047,449573,401,526,2,7200,1.76235741445
448716,449098,449667,382,569,2,7200,1.67135325132
448718,449215,449781,497,566,2,7200,1.87809187279
448728,448739,448839,11,100,1,1800,1.11
448733,449222,449793,489,571,2,7200,1.85639229422
448760,449263,449832,503,569,2,7200,1.88400702988
448775,449291,449831,516,540,2,7200,1.95555555556
448797,449308,449826,511,518,2,7200,1.98648648649
448825,448832,448917,7,85,1,1800,1.08235294118
448830,449340,449898,510,558,2,7200,1.91397849462
448846,449388,449927,542,539,2,7200,2.00556586271
448847,449411,449955,564,544,2,7200,2.03676470588
448882,448889,449458,7,569,1,3600,1.01230228471
448891,448899,449475,8,576,1,3600,1.01388888889
448914,449419,449984,505,565,2,7200,1.89380530973
448950,449436,449976,486,540,2,7200,1.9
448965,449488,450035,523,547,2,7200,1.95612431444
448980,449493,449949,513,456,2,7200,2.125
448996,449499,450039,503,540,2,7200,1.93148148148
448998,449504,449981,506,477,2,7200,2.0607966457
448999,449511,450082,512,571,2,7200,1.89667250438
449014,449517,450076,503,559,2,7200,1.89982110912
449016,449522,450087,506,565,2,7200,1.89557522124
449031,449549,450102,518,553,2,7200,1.93670886076
449032,449556,450027,524,471,2,7200,2.11252653928
449087,449564,450090,477,526,2,7200,1.90684410646
449206,449585,450068,379,483,2,7200,1.78467908903
449221,449596,450149,375,553,2,7200,1.67811934901
449254,449603,450145,349,542,2,7200,1.64391143911
449281,449679,450197,398,518,2,7200,1.76833976834
449296,449720,450285,424,565,2,7200,1.75044247788
449318,449325,449707,7,382,1,1800,1.01832460733
449330,449796,450344,466,548,2,7200,1.8503649635
449378,449810,450371,432,561,2,7200,1.77005347594
449402,449838,450364,436,526,2,7200,1.8288973384
449417,449845,450329,428,484,2,7200,1.88429752066
449432,449851,450409,419,558,2,7200,1.75089605735
449481,449912,450476,431,564,2,7200,1.76418439716
449496,449939,450503,443,564,2,7200,1.78546099291
449498,449966,450516,468,550,2,7200,1.85090909091
449519,450958,451214,1439,256,1,1800,6.62109375
449541,449973,450496,432,523,2,7200,1.82600382409
449556,449988,450387,432,399,2,7200,2.08270676692
449557,449995,450466,438,471,2,7200,1.92993630573
449576,450007,450545,431,538,2,7200,1.80111524164
449591,450039,450544,448,505,2,7200,1.88712871287
449592,450051,450524,459,473,2,7200,1.97040169133
449668,450056,450598,388,542,2,7200,1.71586715867
449784,450083,450617,299,534,2,7200,1.55992509363
449800,450090,450659,290,569,2,7200,1.50966608084
449827,450102,450680,275,578,2,7200,1.47577854671
449842,450108,450558,266,450,2,7200,1.59111111111
449844,450113,450676,269,563,2,7200,1.47779751332
449901,450120,450705,219,585,2,7200,1.37435897436
449928,450158,450740,230,582,2,7200,1.39518900344
449953,450165,450669,212,504,2,7200,1.42063492063
449968,450214,450769,246,555,2,7200,1.44324324324
449984,450300,450862,316,562,2,7200,1.56227758007
449985,450341,450825,356,484,2,7200,1.73553719008
449986,450357,450900,371,543,2,7200,1.6832412523
450026,450965,450971,939,6,1,3600,94.5
450029,450376,450943,347,567,2,7200,1.61199294533
450044,450388,450926,344,538,2,7200,1.63940520446
450046,450402,450923,356,521,2,7200,1.68330134357
450070,450421,450915,351,494,2,7200,1.71052631579
450085,450482,451001,397,519,2,7200,1.76493256262
450087,450489,451058,402,569,2,7200,1.7065026362
450102,450513,451033,411,520,2,7200,1.79038461538
450104,450520,451088,416,568,2,7200,1.7323943662
450105,450532,451114,427,582,2,7200,1.73367697595
450148,450539,451078,391,539,2,7200,1.7254174397
450163,450556,451098,393,542,2,7200,1.72509225092
450199,450569,451115,370,546,2,7200,1.67765567766
450288,450576,451149,288,573,2,7200,1.50261780105
450330,450613,451129,283,516,2,7200,1.5484496124
450345,450630,451158,285,528,2,7200,1.53977272727
450367,450671,451180,304,509,2,7200,1.59724950884
450379,450981,451068,602,87,1,3600,7.91954022989
450381,450685,451250,304,565,2,7200,1.53805309735
450396,450692,451266,296,574,2,7200,1.51567944251
450411,450697,451264,286,567,2,7200,1.50440917108
450469,450722,451261,253,539,2,7200,1.4693877551
450484,450752,451267,268,515,2,7200,1.52038834951
450499,450781,451347,282,566,2,7200,1.49823321555
450515,450837,451405,322,568,2,7200,1.56690140845
450530,450844,451183,314,339,2,7200,1.92625368732
450531,450873,451411,342,538,2,7200,1.63568773234
450547,450913,451481,366,568,2,7200,1.64436619718
450548,450927,451465,379,538,2,7200,1.70446096654
450563,450941,451502,378,561,2,7200,1.67379679144
450600,450946,451491,346,545,2,7200,1.63486238532
450621,450953,451518,332,565,2,7200,1.58761061947
450660,450970,451422,310,452,2,7200,1.68584070796
450675,451046,451608,371,562,2,7200,1.66014234875
450690,451070,451639,380,569,2,7200,1.66783831283
450692,451100,451666,408,566,2,7200,1.72084805654
450707,451110,451668,403,558,2,7200,1.72222222222
450743,451128,451661,385,533,2,7200,1.72232645403
450770,451161,451713,391,552,2,7200,1.70833333333
450791,450986,451030,195,44,1,1800,5.43181818182
450828,451170,451743,342,573,2,7200,1.59685863874
450865,451192,451764,327,572,2,7200,1.57167832168
450901,451263,451637,362,374,2,7200,1.9679144385
450916,451277,451822,361,545,2,7200,1.6623853211
450932,451282,451715,350,433,2,7200,1.80831408776
450933,451289,451856,356,567,2,7200,1.6278659612
450948,451294,451860,346,566,2,7200,1.61130742049
451003,451359,451938,356,579,2,7200,1.61485319516
451036,451417,451935,381,518,2,7200,1.73552123552
451060,451490,452046,430,556,2,7200,1.77338129496
451081,451088,451173,7,85,1,3600,1.08235294118
451082,451495,452061,413,566,2,7200,1.7296819788
451097,451501,452063,404,562,2,7200,1.71886120996
451112,451508,452000,396,492,2,7200,1.80487804878
451127,451513,452069,386,556,2,7200,1.69424460432
451129,451521,451964,392,443,2,7200,1.8848758465
451144,451531,451981,387,450,2,7200,1.86
451159,451620,452163,461,543,2,7200,1.84898710866
451160,451649,452214,489,565,2,7200,1.86548672566
451181,451656,452212,475,556,2,7200,1.85431654676
451193,451201,451449,8,248,1,3600,1.03225806452
451196,451673,452239,477,566,2,7200,1.84275618375
451254,451680,452190,426,510,2,7200,1.83529411765
451261,451270,451353,9,83,1,1800,1.10843373494
451269,451685,452233,416,548,2,7200,1.75912408759
451271,451725,452220,454,495,2,7200,1.91717171717
451272,451732,452260,460,528,2,7200,1.87121212121
451273,451755,452301,482,546,2,7200,1.88278388278
451309,451316,451562,7,246,1,3600,1.02845528455
451350,451776,452316,426,540,2,7200,1.78888888889
451408,451834,452357,426,523,2,7200,1.81453154876
451423,451868,452410,445,542,2,7200,1.82103321033
451424,451875,452374,451,499,2,7200,1.90380761523
451467,451948,452516,481,568,2,7200,1.84683098592
451482,451955,452514,473,559,2,7200,1.84615384615
451497,451977,452512,480,535,2,7200,1.89719626168
451512,451993,452548,481,555,2,7200,1.86666666667
451527,452012,452557,485,545,2,7200,1.88990825688
451609,452058,452605,449,547,2,7200,1.82084095064
451640,452073,452638,433,565,2,7200,1.76637168142
451641,452080,452633,439,553,2,7200,1.7938517179
451662,452092,452664,430,572,2,7200,1.75174825175
451678,452180,452745,502,565,2,7200,1.88849557522
451679,452206,452745,527,539,2,7200,1.97773654917
451716,452225,452790,509,565,2,7200,1.90088495575
451717,452237,452806,520,569,2,7200,1.91388400703
451725,455915,456379,4190,464,1,3600,10.0301724138
451745,452243,452799,498,556,2,7200,1.89568345324
451766,452250,452742,484,492,2,7200,1.9837398374
451823,452263,452823,440,560,2,7200,1.78571428571
451849,455921,456391,4072,470,1,3600,9.66382978723
451857,452277,452794,420,517,2,7200,1.81237911025
451872,452316,452890,444,574,2,7200,1.77351916376
451939,452330,452750,391,420,2,7200,1.93095238095
451941,452369,452852,428,483,2,7200,1.88612836439
451949,455928,456170,3979,242,1,1800,17.4421487603
451968,452386,452866,418,480,2,7200,1.87083333333
451983,452424,453003,441,579,2,7200,1.76165803109
452001,452526,453064,525,538,2,7200,1.97583643123
452050,452531,453078,481,547,2,7200,1.87934186472
452065,452539,453095,474,556,2,7200,1.85251798561
452067,452564,453102,497,538,2,7200,1.92379182156
452082,452571,453126,489,555,2,7200,1.88108108108
452164,452621,453178,457,557,2,7200,1.82046678636
452191,452648,453182,457,534,2,7200,1.85580524345
452216,452655,453204,439,549,2,7200,1.79963570128
452217,452680,453228,463,548,2,7200,1.84489051095
452232,452756,453317,524,561,2,7200,1.93404634581
452248,452763,453329,515,566,2,7200,1.90989399293
452249,452769,453344,520,575,2,7200,1.90434782609
452264,452774,453339,510,565,2,7200,1.90265486726
452304,452802,453359,498,557,2,7200,1.89407540395
452319,452809,453280,490,471,2,7200,2.04033970276
452359,452822,453393,463,571,2,7200,1.81085814361
452377,452828,453392,451,564,2,7200,1.79964539007
452410,452835,453385,425,550,2,7200,1.77272727273
452514,452864,453423,350,559,2,7200,1.62611806798
452516,452878,453439,362,561,2,7200,1.64527629234
452531,452904,453452,373,548,2,7200,1.68065693431
452549,453018,453500,469,482,2,7200,1.97302904564
452564,453076,453515,512,439,2,7200,2.16628701595
452606,453090,453667,484,577,2,7200,1.83882149047
452637,453108,453655,471,547,2,7200,1.86106032907
452652,453115,453684,463,569,2,7200,1.81370826011
452667,453140,453700,473,560,2,7200,1.84464285714
452743,453191,453734,448,543,2,7200,1.82504604052
452759,453198,453706,439,508,2,7200,1.86417322835
452760,453216,453775,456,559,2,7200,1.81574239714
452762,453241,453812,479,571,2,7200,1.83887915937
452792,453293,453850,501,557,2,7200,1.89946140036
452808,453331,453818,523,487,2,7200,2.07392197125
452809,453345,453911,536,566,2,7200,1.94699646643
452810,453352,453900,542,548,2,7200,1.98905109489
452826,453365,453935,539,570,2,7200,1.94561403509
452853,453372,453952,519,580,2,7200,1.89482758621
452868,453397,453976,529,579,2,7200,1.91364421416
452892,453404,453962,512,558,2,7200,1.91756272401
453005,453417,453968,412,551,2,7200,1.74773139746
453066,453435,453934,369,499,2,7200,1.73947895792
453081,453451,453921,370,470,2,7200,1.78723404255
453099,453465,454009,366,544,2,7200,1.67279411765
453114,453516,454079,402,563,2,7200,1.71403197158
453129,453523,454078,394,555,2,7200,1.70990990991
453181,453530,454027,349,497,2,7200,1.70221327968
453196,453667,454224,471,557,2,7200,1.84560143627
453211,453674,454225,463,551,2,7200,1.84029038113
453229,453679,454156,450,477,2,7200,1.94339622642
453284,453687,454228,403,541,2,7200,1.7449168207
453320,453696,454213,376,517,2,7200,1.72727272727
453335,453713,454227,378,514,2,7200,1.73540856031
453350,453720,454251,370,531,2,7200,1.69679849341
453352,453746,454314,394,568,2,7200,1.69366197183
453367,453788,454325,421,537,2,7200,1.78398510242
453386,453824,454391,438,567,2,7200,1.77248677249
453401,453831,454413,430,582,2,7200,1.73883161512
453403,453862,454433,459,571,2,7200,1.80385288967
453424,453912,454457,488,545,2,7200,1.89541284404
453442,453923,454491,481,568,2,7200,1.84683098592
453457,453934,454495,477,561,2,7200,1.85026737968
453503,453946,454512,443,566,2,7200,1.78268551237
453518,453953,454517,435,564,2,7200,1.77127659574
453659,453964,454529,305,565,2,7200,1.53982300885
453674,453974,454545,300,571,2,7200,1.52539404553
453689,453981,454494,292,513,2,7200,1.56920077973
453704,453988,454522,284,534,2,7200,1.53183520599
453719,454022,454579,303,557,2,7200,1.54398563734
453738,454040,454509,302,469,2,7200,1.64392324094
453777,454090,454625,313,535,2,7200,1.58504672897
453813,454097,454645,284,548,2,7200,1.51824817518
453828,454168,454709,340,541,2,7200,1.62846580407
453853,454226,454751,373,525,2,7200,1.71047619048
453901,454236,454689,335,453,2,7200,1.73951434879
453916,454243,454799,327,556,2,7200,1.5881294964
453931,454248,454808,317,560,2,7200,1.56607142857
453946,454253,454679,307,426,2,7200,1.720657277
453948,454263,454825,315,562,2,7200,1.56049822064
453963,454326,454878,363,552,2,7200,1.65760869565
453964,454337,454902,373,565,2,7200,1.66017699115
453980,454403,454967,423,564,2,7200,1.75
453981,454425,454914,444,489,2,7200,1.90797546012
454011,454445,454992,434,547,2,7200,1.79341864717
454029,454469,454884,440,415,2,7200,2.06024096386
454081,454504,455048,423,544,2,7200,1.77757352941
454082,454511,455016,429,505,2,7200,1.8495049505
454159,454516,455042,357,526,2,7200,1.67870722433
454216,454524,455085,308,561,2,7200,1.54901960784
454232,454529,455093,297,564,2,7200,1.52659574468
454233,454536,455063,303,527,2,7200,1.57495256167
454235,454541,455059,306,518,2,7200,1.59073359073
454236,454548,455098,312,550,2,7200,1.56727272727
454254,454558,455122,304,564,2,7200,1.5390070922
454315,454591,455086,276,495,2,7200,1.55757575758
454330,454637,455202,307,565,2,7200,1.54336283186
454394,454657,455188,263,531,2,7200,1.49529190207
454415,454692,455246,277,554,2,7200,1.5
454433,454701,455265,268,564,2,7200,1.47517730496
454458,454721,455301,263,580,2,7200,1.45344827586
454494,454763,455312,269,549,2,7200,1.48998178506
454496,454811,455376,315,565,2,7200,1.55752212389
454512,454820,455348,308,528,2,7200,1.58333333333
454513,454837,455381,324,544,2,7200,1.59558823529
454528,454890,455434,362,544,2,7200,1.66544117647
454530,454897,455406,367,509,2,7200,1.721021611
454531,454914,455371,383,457,2,7200,1.83807439825
454546,454926,455501,380,575,2,7200,1.66086956522
454548,454979,455551,431,572,2,7200,1.7534965035
454581,455004,455571,423,567,2,7200,1.74603174603
454627,455028,455581,401,553,2,7200,1.72513562387
454648,455054,455568,406,514,2,7200,1.78988326848
454681,455061,455644,380,583,2,7200,1.65180102916
454696,455071,455596,375,525,2,7200,1.71428571429
454711,455078,455660,367,582,2,7200,1.63058419244
454754,455097,455671,343,574,2,7200,1.59756097561
454802,455104,455601,302,497,2,7200,1.60764587525
454817,455111,455673,294,562,2,7200,1.5231316726
454832,455116,455685,284,569,2,7200,1.49912126538
454881,455134,455698,253,564,2,7200,1.44858156028
454896,455200,455673,304,473,2,7200,1.64270613108
454911,455214,455753,303,539,2,7200,1.56215213358
454926,455264,455821,338,557,2,7200,1.60682226212
454969,455278,455808,309,530,2,7200,1.58301886792
454993,455316,455872,323,556,2,7200,1.5809352518
455017,455330,455813,313,483,2,7200,1.64803312629
455022,455983,458036,961,2053,8,3600,1.46809547004
455044,455360,455889,316,529,2,7200,1.59735349716
455059,455386,455957,327,571,2,7200,1.57267950963
455061,455393,455938,332,545,2,7200,1.60917431193
455076,455398,455960,322,562,2,7200,1.57295373665
455092,455424,455966,332,542,2,7200,1.61254612546
455093,455450,456000,357,550,2,7200,1.64909090909
455108,455513,455992,405,479,2,7200,1.84551148225
455110,455564,456128,454,564,2,7200,1.80496453901
455125,455580,456048,455,468,2,7200,1.97222222222
455191,455587,456074,396,487,2,7200,1.81314168378
455206,455600,456165,394,565,2,7200,1.69734513274
455249,455614,456159,365,545,2,7200,1.66972477064
455267,455619,456170,352,551,2,7200,1.6388384755
455304,455658,456230,354,572,2,7200,1.61888111888
455319,455672,456148,353,476,2,7200,1.74159663866
455349,455686,456271,337,585,2,7200,1.57606837607
455373,455691,456120,318,429,2,7200,1.74125874126
455389,455697,456264,308,567,2,7200,1.54320987654
455390,455704,456263,314,559,2,7200,1.56171735242
455408,455717,456208,309,491,2,7200,1.62932790224
455436,455767,456311,331,544,2,7200,1.60845588235
455503,455821,456277,318,456,2,7200,1.69736842105
455554,455828,456384,274,556,2,7200,1.4928057554
455570,455841,456419,271,578,2,7200,1.46885813149
455585,455848,456394,263,546,2,7200,1.48168498168
455586,455884,456445,298,561,2,7200,1.5311942959
455602,455901,456412,299,511,2,7200,1.58512720157
455604,455908,456361,304,453,2,7200,1.6710816777
455647,455969,456538,322,569,2,7200,1.56590509666
455662,455976,456543,314,567,2,7200,1.55379188713
455677,455988,456360,311,372,2,7200,1.83602150538
455679,456004,456570,325,566,2,7200,1.574204947
455680,456060,456475,380,415,2,7200,1.9156626506
455695,456086,456652,391,566,2,7200,1.69081272085
455710,456132,456678,422,546,2,7200,1.77289377289
455756,456141,456708,385,567,2,7200,1.67901234568
455811,456160,456684,349,524,2,7200,1.66603053435
455827,456171,456630,344,459,2,7200,1.74945533769
455828,456178,456753,350,575,2,7200,1.60869565217
455874,456185,456746,311,561,2,7200,1.55436720143
455893,456220,456791,327,571,2,7200,1.57267950963
455938,456242,456772,304,530,2,7200,1.57358490566
455960,456275,456835,315,560,2,7200,1.5625
455975,456282,456814,307,532,2,7200,1.57706766917
455977,456289,456867,312,578,2,7200,1.53979238754
455995,456296,456861,301,565,2,7200,1.53274336283
456010,456372,456934,362,562,2,7200,1.64412811388
456050,456411,456910,361,499,2,7200,1.72344689379
456077,456430,456962,353,532,2,7200,1.66353383459
456123,456443,457012,320,569,2,7200,1.56239015817
456138,456476,457012,338,536,2,7200,1.63059701493
456153,456490,457012,337,522,2,7200,1.64559386973
456168,456553,457045,385,492,2,7200,1.7825203252
456170,456560,457148,390,588,2,7200,1.66326530612
456185,456586,457149,401,563,2,7200,1.71225577265
456209,456648,457217,439,569,2,7200,1.77152899824
456230,456664,457227,434,563,2,7200,1.77087033748
456264,456690,457233,426,543,2,7200,1.78453038674
456279,456697,457161,418,464,2,7200,1.90086206897
456281,456722,457225,441,503,2,7200,1.87673956262
456282,456760,457249,478,489,2,7200,1.97750511247
456313,456767,457329,454,562,2,7200,1.80782918149
456362,456783,457339,421,556,2,7200,1.7571942446
456363,456803,457238,440,435,2,7200,2.01149425287
456387,456828,457340,441,512,2,7200,1.861328125
456403,456847,457384,444,537,2,7200,1.82681564246
456418,456874,457437,456,563,2,7200,1.80994671403
456433,456881,457292,448,411,2,7200,2.0900243309
456448,456922,457454,474,532,2,7200,1.89097744361
456476,456948,457431,472,483,2,7200,1.97722567288
456540,456975,457537,435,562,2,7200,1.77402135231
456555,457025,457575,470,550,2,7200,1.85454545455
456570,457030,457527,460,497,2,7200,1.92555331992
456631,457036,457561,405,525,2,7200,1.77142857143
456653,457063,457581,410,518,2,7200,1.79150579151
456680,457161,457712,481,551,2,7200,1.87295825771
456695,457166,457698,471,532,2,7200,1.88533834586
456710,457173,457717,463,544,2,7200,1.85110294118
456747,457233,457738,486,505,2,7200,1.96237623762
456762,457240,457786,478,546,2,7200,1.87545787546
456777,457246,457806,469,560,2,7200,1.8375
456792,457258,457781,466,523,2,7200,1.89101338432
456817,457263,457826,446,563,2,7200,1.79218472469
456838,457270,457827,432,557,2,7200,1.77558348294
456862,457308,457818,446,510,2,7200,1.87450980392
456877,457347,457927,470,580,2,7200,1.81034482759
456911,457354,457876,443,522,2,7200,1.84865900383
456935,457360,457908,425,548,2,7200,1.77554744526
456965,457396,457946,431,550,2,7200,1.78363636364
457014,457447,458029,433,582,2,7200,1.7439862543
457015,457454,458001,439,547,2,7200,1.80255941499
457017,457466,458038,449,572,2,7200,1.78496503497
457047,457540,458078,493,538,2,7200,1.91635687732
457151,457554,458071,403,517,2,7200,1.77949709865
457152,457572,458143,420,571,2,7200,1.73555166375
457167,457587,458153,420,566,2,7200,1.74204946996
457219,457594,458158,375,564,2,7200,1.66489361702
457235,457716,458235,481,519,2,7200,1.9267822736
457236,457728,458284,492,556,2,7200,1.88489208633
457238,457740,458320,502,580,2,7200,1.86551724138
457253,457752,458336,499,584,2,7200,1.85445205479
457255,457799,458306,544,507,2,7200,2.07297830375
457294,457804,458371,510,567,2,7200,1.89947089947
457331,457824,458380,493,556,2,7200,1.88669064748
457346,457836,458402,490,566,2,7200,1.86572438163
457348,457849,458366,501,517,2,7200,1.96905222437
457387,457855,458420,468,565,2,7200,1.82831858407
457433,457888,458466,455,578,2,7200,1.78719723183
457448,457921,458428,473,507,2,7200,1.93293885602
457463,457940,458427,477,487,2,7200,1.9794661191
457530,457960,458521,430,561,2,7200,1.76648841355
457545,458015,458503,470,488,2,7200,1.9631147541
457563,458042,458599,479,557,2,7200,1.85996409336
457578,458065,458629,487,564,2,7200,1.8634751773
457593,458071,458588,478,517,2,7200,1.92456479691
457699,458076,458645,377,569,2,7200,1.6625659051
457715,458081,458642,366,561,2,7200,1.65240641711
457730,458087,458650,357,563,2,7200,1.63410301954
457745,458092,458649,347,557,2,7200,1.62298025135
457782,458105,458674,323,569,2,7200,1.56766256591
457797,458110,458620,313,510,2,7200,1.6137254902
457812,458166,458699,354,533,2,7200,1.66416510319
457828,458173,458742,345,569,2,7200,1.60632688928
457829,458247,458793,418,546,2,7200,1.76556776557
457831,458296,458815,465,519,2,7200,1.89595375723
457880,458318,458890,438,572,2,7200,1.76573426573
457911,458333,458885,422,552,2,7200,1.76449275362
457929,458348,458899,419,551,2,7200,1.76043557169
457947,458378,458950,431,572,2,7200,1.7534965035
458002,458385,458940,383,555,2,7200,1.69009009009
458032,458392,458967,360,575,2,7200,1.62608695652
458047,458414,458939,367,525,2,7200,1.69904761905
458075,458432,458970,357,538,2,7200,1.66356877323
458090,458439,458971,349,532,2,7200,1.65601503759
458145,458446,458989,301,543,2,7200,1.55432780847
458160,458478,458979,318,501,2,7200,1.63473053892
458162,458516,459086,354,570,2,7200,1.62105263158
458238,458533,459062,295,529,2,7200,1.55765595463
458287,458611,459173,324,562,2,7200,1.57651245552
458308,458632,459179,324,547,2,7200,1.59232175503
458323,458686,459248,363,562,2,7200,1.64590747331
458338,458711,459228,373,517,2,7200,1.72147001934
458365,458641,460967,276,2326,8,3600,1.11865864144
458369,458754,459318,385,564,2,7200,1.68262411348
458384,458805,459238,421,433,2,7200,1.97228637413
458385,458827,459311,442,484,2,7200,1.9132231405
458404,458897,459470,493,573,2,7200,1.86038394415
458422,458904,459333,482,429,2,7200,2.12354312354
458437,458911,459439,474,528,2,7200,1.89772727273
458438,458951,459515,513,564,2,7200,1.90957446809
458469,458958,459494,489,536,2,7200,1.91231343284
458505,458965,459506,460,541,2,7200,1.85027726433
458523,458979,459309,456,330,2,7200,2.38181818182
458590,458986,459554,396,568,2,7200,1.69718309859
458605,458991,459473,386,482,2,7200,1.80082987552
458621,458999,459560,378,561,2,7200,1.67379679144
458636,459006,459589,370,583,2,7200,1.6346483705
458651,459074,459476,423,402,2,7200,2.05223880597
458653,459098,459655,445,557,2,7200,1.79892280072
458654,459185,459745,531,560,2,7200,1.94821428571
458655,459192,459765,537,573,2,7200,1.93717277487
458677,459240,459756,563,516,2,7200,2.09108527132
458701,459250,459814,549,564,2,7200,1.97340425532
458744,459260,459755,516,495,2,7200,2.04242424242
458795,459321,459851,526,530,2,7200,1.99245283019
458816,459328,459904,512,576,2,7200,1.88888888889
458886,459335,459864,449,529,2,7200,1.84877126654
458901,459345,459863,444,518,2,7200,1.85714285714
458903,459451,459999,548,548,2,7200,2.0
458942,459482,460001,540,519,2,7200,2.04046242775
458944,459489,460008,545,519,2,7200,2.05009633911
458959,459494,460008,535,514,2,7200,2.04085603113
458974,459506,460068,532,562,2,7200,1.94661921708
458975,459518,460061,543,543,2,7200,2.0
458977,459528,460093,551,565,2,7200,1.97522123894
458992,459566,460128,574,562,2,7200,2.02135231317
458993,459573,460090,580,517,2,7200,2.12185686654
459064,459601,460142,537,541,2,7200,1.99260628466
459085,459667,460200,582,533,2,7200,2.09193245779
459178,459757,460319,579,562,2,7200,2.03024911032
459194,459767,460305,573,538,2,7200,2.06505576208
459230,459774,460340,544,566,2,7200,1.96113074205
459245,459781,460335,536,554,2,7200,1.96750902527
459260,459826,460282,566,456,2,7200,2.24122807018
459312,459864,460352,552,488,2,7200,2.13114754098
459314,459877,460373,563,496,2,7200,2.13508064516
459329,459883,460433,554,550,2,7200,2.00727272727
459344,459917,460482,573,565,2,7200,2.01415929204
459442,460012,460576,570,564,2,7200,2.01063829787
459472,460019,460554,547,535,2,7200,2.02242990654
459487,460026,460479,539,453,2,7200,2.18984547461
459488,460032,460602,544,570,2,7200,1.95438596491
459503,460073,460644,570,571,2,7200,1.99824868651
459519,460080,460643,561,563,2,7200,1.99644760213
459520,460102,460633,582,531,2,7200,2.09604519774
459557,460109,460631,552,522,2,7200,2.05747126437
459572,460140,460672,568,532,2,7200,2.06766917293
459590,460154,460668,564,514,2,7200,2.09727626459
459657,460213,460765,556,552,2,7200,2.00724637681
459748,460294,460800,546,506,2,7200,2.0790513834
459764,460317,460879,553,562,2,7200,1.98398576512
459765,460331,460877,566,546,2,7200,2.03663003663
459780,460347,460898,567,551,2,7200,2.02903811252
459817,460354,460902,537,548,2,7200,1.9799270073
459853,460364,460903,511,539,2,7200,1.94805194805
459871,460385,460941,514,556,2,7200,1.92446043165
459873,460446,460934,573,488,2,7200,2.17418032787
459906,460491,461056,585,565,2,7200,2.03539823009
460000,460498,461074,498,576,2,7200,1.86458333333
460016,460567,461129,551,562,2,7200,1.98042704626
460017,460588,461131,571,543,2,7200,2.05156537753
460019,460615,461173,596,558,2,7200,2.06810035842
460064,460643,461212,579,569,2,7200,2.01757469244
460079,460650,461122,571,472,2,7200,2.20974576271
460095,460657,461098,562,441,2,7200,2.27437641723
460096,460662,461197,566,535,2,7200,2.05794392523
460129,460680,461236,551,556,2,7200,1.99100719424
460144,460687,461267,543,580,2,7200,1.93620689655
460203,460777,461360,574,583,2,7200,1.9845626072
460285,460812,461385,527,573,2,7200,1.91972076789
460306,460888,461376,582,488,2,7200,2.19262295082
460322,460895,461471,573,576,2,7200,1.99479166667
460337,460910,461459,573,549,2,7200,2.04371584699
460352,460917,461490,565,573,2,7200,1.98603839442
460367,460922,461478,555,556,2,7200,1.99820143885
460382,460946,461491,564,545,2,7200,2.03486238532
460437,460953,461484,516,531,2,7200,1.97175141243
460480,461007,461538,527,531,2,7200,1.99246704331
460495,461068,461632,573,564,2,7200,2.01595744681
460506,460513,460641,7,128,1,300,1.0546875
460556,461087,461641,531,554,2,7200,1.95848375451
460577,461110,461672,533,562,2,7200,1.94839857651
460605,461135,461719,530,584,2,7200,1.90753424658
460629,491691,529095,31062,37404,32,43200,1.83044594161
460632,461142,461711,510,569,2,7200,1.89630931459
460648,461149,461566,501,417,2,7200,2.20143884892
460649,461185,461746,536,561,2,7200,1.95543672014
460651,461209,461779,558,570,2,7200,1.97894736842
460669,461224,461795,555,571,2,7200,1.97197898424
460685,461248,461790,563,542,2,7200,2.03874538745
460767,461279,461813,512,534,2,7200,1.95880149813
460772,460784,460788,12,4,4,600,1.6
460803,461372,461923,569,551,2,7200,2.03266787659
460880,461388,461892,508,504,2,7200,2.00793650794
460881,461397,461966,516,569,2,7200,1.90685413005
460899,461471,462006,572,535,2,7200,2.0691588785
460915,461483,461963,568,480,2,7200,2.18333333333
460916,461490,462016,574,526,2,7200,2.09125475285
460937,461497,462033,560,536,2,7200,2.0447761194
460952,461504,461993,552,489,2,7200,2.12883435583
461059,461509,462073,450,564,2,7200,1.79787234043
461077,461550,462124,473,574,2,7200,1.82404181185
461101,461578,462087,477,509,2,7200,1.93713163065
461126,461644,462199,518,555,2,7200,1.93333333333
461141,461653,462205,512,552,2,7200,1.92753623188
461142,461684,462190,542,506,2,7200,2.07114624506
461176,461723,462299,547,576,2,7200,1.94965277778
461200,461731,462264,531,533,2,7200,1.99624765478
461215,461759,462322,544,563,2,7200,1.96625222025
461216,482874,485011,21658,2137,8,3600,11.1347683669
461236,461791,462312,555,521,2,7200,2.06525911708
461270,461801,462321,531,520,2,7200,2.02115384615
461362,461808,462379,446,571,2,7200,1.78108581436
461377,461825,462389,448,564,2,7200,1.79432624113
461392,461905,462426,513,521,2,7200,1.98464491363
461462,461935,462486,473,551,2,7200,1.85843920145
461477,461975,462533,498,558,2,7200,1.89247311828
461493,461982,462563,489,581,2,7200,1.84165232358
461495,462005,462571,510,566,2,7200,1.90106007067
461496,462018,462591,522,573,2,7200,1.9109947644
461497,462028,462595,531,567,2,7200,1.93650793651
461540,462045,462524,505,479,2,7200,2.05427974948
461567,462085,462646,518,561,2,7200,1.92335115865
461634,462099,462578,465,479,2,7200,1.97077244259
461649,462137,462637,488,500,2,7200,1.976
461673,462202,462765,529,563,2,7200,1.93960923623
461713,462211,462767,498,556,2,7200,1.89568345324
461728,462218,462783,490,565,2,7200,1.86725663717
461749,462276,462860,527,584,2,7200,1.90239726027
461780,462311,462877,531,566,2,7200,1.93816254417
461795,462324,462833,529,509,2,7200,2.03929273084
461810,462333,462900,523,567,2,7200,1.92239858907
461826,462339,462887,513,548,2,7200,1.93613138686
461893,462396,462920,503,524,2,7200,1.95992366412
461926,462403,462838,477,435,2,7200,2.09655172414
461966,462438,463006,472,568,2,7200,1.83098591549
461967,462498,463028,531,530,2,7200,2.00188679245
461995,462538,463099,543,561,2,7200,1.9679144385
462010,462546,463088,536,542,2,7200,1.9889298893
462025,462575,463104,550,529,2,7200,2.03969754253
462041,462583,463106,542,523,2,7200,2.03632887189
462075,462590,463110,515,520,2,7200,1.99038461538
462090,462603,463181,513,578,2,7200,1.8875432526
462127,462610,463179,483,569,2,7200,1.84885764499
462192,462650,463212,458,562,2,7200,1.81494661922
462207,462659,463226,452,567,2,7200,1.79717813051
462208,462778,463329,570,551,2,7200,2.03448275862
462266,462784,463317,518,533,2,7200,1.97185741088
462301,462795,463340,494,545,2,7200,1.90642201835
462316,462846,463362,530,516,2,7200,2.02713178295
462332,462853,463389,521,536,2,7200,1.97201492537
462333,462872,463336,539,464,2,7200,2.16163793103
462381,462899,463456,518,557,2,7200,1.92998204668
462397,462906,463472,509,566,2,7200,1.89929328622
462427,462913,463412,486,499,2,7200,1.97394789579
462488,462932,463454,444,522,2,7200,1.85057471264
462521,485023,485057,22502,34,8,60,662.823529412
462528,463019,463512,491,493,2,7200,1.99594320487
462543,463040,463608,497,568,2,7200,1.875
462564,463100,463602,536,502,2,7200,2.06772908367
462579,463111,463627,532,516,2,7200,2.03100775194
462581,463118,463643,537,525,2,7200,2.02285714286
462596,463124,463703,528,579,2,7200,1.91191709845
462597,463131,463706,534,575,2,7200,1.92869565217
462640,463191,463766,551,575,2,7200,1.95826086957
462655,463198,463677,543,479,2,7200,2.13361169102
462768,463224,463794,456,570,2,7200,1.8
462769,463238,463792,469,554,2,7200,1.84657039711
462785,463330,463832,545,502,2,7200,2.08565737052
462837,463341,463917,504,576,2,7200,1.875
462852,463347,463899,495,552,2,7200,1.89673913043
462867,463354,463752,487,398,2,7200,2.22361809045
462882,463374,463918,492,544,2,7200,1.90441176471
462897,463401,463919,504,518,2,7200,1.97297297297
462912,463424,463960,512,536,2,7200,1.9552238806
462927,463466,464030,539,564,2,7200,1.95567375887
463009,463473,464032,464,559,2,7200,1.83005366726
463031,463485,464007,454,522,2,7200,1.86973180077
463089,463524,464075,435,551,2,7200,1.78947368421
463104,463614,464133,510,519,2,7200,1.98265895954
463106,463621,464193,515,572,2,7200,1.90034965035
463122,463639,464195,517,556,2,7200,1.92985611511
463123,463655,464199,532,544,2,7200,1.97794117647
463181,463689,464259,508,570,2,7200,1.89122807018
463196,463715,464275,519,560,2,7200,1.92678571429
463214,463723,464140,509,417,2,7200,2.2206235012
463229,463764,464327,535,563,2,7200,1.95026642984
463321,463779,464322,458,543,2,7200,1.84346224678
463336,463803,464319,467,516,2,7200,1.90503875969
463338,463810,464336,472,526,2,7200,1.89733840304
463353,463844,464345,491,501,2,7200,1.98003992016
463368,463911,464472,543,561,2,7200,1.9679144385
463392,463929,464495,537,566,2,7200,1.94876325088
463414,463936,464444,522,508,2,7200,2.02755905512
463456,463941,464463,485,522,2,7200,1.92911877395
463457,463972,464538,515,566,2,7200,1.90989399293
463476,464019,464541,543,522,2,7200,2.04022988506
463515,464042,464602,527,560,2,7200,1.94107142857
463603,464049,464564,446,515,2,7200,1.86601941748
463619,464087,464671,468,584,2,7200,1.80136986301
463636,464145,464708,509,563,2,7200,1.90408525755
463651,464153,464726,502,573,2,7200,1.87609075044
463678,464205,464758,527,553,2,7200,1.95298372514
463707,464212,464759,505,547,2,7200,1.92321755027
463722,464217,464752,495,535,2,7200,1.92523364486
463755,464271,464838,516,567,2,7200,1.91005291005
463770,464287,464798,517,511,2,7200,2.01174168297
463795,464331,464813,536,482,2,7200,2.11203319502
463796,464338,464906,542,568,2,7200,1.95422535211
463833,464345,464807,512,462,2,7200,2.10822510823
463899,464352,464893,453,541,2,7200,1.83733826248
463918,464359,464899,441,540,2,7200,1.81666666667
463933,464456,464957,523,501,2,7200,2.04391217565
463935,464475,465040,540,565,2,7200,1.95575221239
463962,464484,465008,522,524,2,7200,1.99618320611
464008,464513,464865,505,352,2,7200,2.43465909091
464032,464550,465112,518,562,2,7200,1.92170818505
464033,464557,465073,524,516,2,7200,2.01550387597
464076,464576,465142,500,566,2,7200,1.88339222615
464137,464615,465199,478,584,2,7200,1.81849315068
464152,464684,465208,532,524,2,7200,2.01526717557
464195,464720,465291,525,571,2,7200,1.91943957968
464210,464738,465286,528,548,2,7200,1.96350364964
464211,464764,465261,553,497,2,7200,2.11267605634
464260,464771,465249,511,478,2,7200,2.0690376569
464275,464776,465262,501,486,2,7200,2.03086419753
464321,464810,465340,489,530,2,7200,1.92264150943
464336,464819,465333,483,514,2,7200,1.93968871595
464338,464826,465367,488,541,2,7200,1.90203327172
464339,464850,465415,511,565,2,7200,1.90442477876
464354,464877,465424,523,547,2,7200,1.95612431444
464446,464905,465440,459,535,2,7200,1.85794392523
464464,464912,465480,448,568,2,7200,1.78873239437
464479,464919,465423,440,504,2,7200,1.87301587302
464497,464969,465535,472,566,2,7200,1.83392226148
464541,465019,465476,478,457,2,7200,2.04595185996
464542,465052,465572,510,520,2,7200,1.98076923077
464567,465085,465647,518,562,2,7200,1.92170818505
464603,465124,465683,521,559,2,7200,1.93202146691
464674,465154,465662,480,508,2,7200,1.94488188976
464710,465211,465750,501,539,2,7200,1.92949907236
464728,465220,465788,492,568,2,7200,1.8661971831
464753,465261,465755,508,494,2,7200,2.02834008097
464768,465273,465808,505,535,2,7200,1.94392523364
464769,465279,465765,510,486,2,7200,2.04938271605
464800,465298,465864,498,566,2,7200,1.87985865724
464815,465305,465880,490,575,2,7200,1.85217391304
464816,465345,465901,529,556,2,7200,1.95143884892
464841,465352,465917,511,565,2,7200,1.90442477876
464868,465379,465915,511,536,2,7200,1.95335820896
464895,465427,465977,532,550,2,7200,1.96727272727
464910,465435,465956,525,521,2,7200,2.00767754319
464912,465442,466011,530,569,2,7200,1.93145869947
464942,490936,490941,25994,5,64,600,2599.9
464957,465452,465879,495,427,2,7200,2.15925058548
465009,465488,466035,479,547,2,7200,1.87568555759
465043,465495,466010,452,515,2,7200,1.87766990291
465076,465548,466107,472,559,2,7200,1.84436493739
465113,465584,466101,471,517,2,7200,1.91102514507
465143,465630,466175,487,545,2,7200,1.89357798165
465201,465659,466176,458,517,2,7200,1.88588007737
465216,465674,466128,458,454,2,7200,2.00881057269
465252,465696,466266,444,570,2,7200,1.77894736842
465268,465761,466299,493,538,2,7200,1.91635687732
465269,465768,466349,499,581,2,7200,1.85886402754
465287,465777,466333,490,556,2,7200,1.88129496403
465302,465800,466359,498,559,2,7200,1.8908765653
465336,465820,466336,484,516,2,7200,1.93798449612
465351,465876,466257,525,381,2,7200,2.37795275591
465369,465891,466443,522,552,2,7200,1.94565217391
465414,530544,720500,65130,189956,3,259200,1.3428688749
465418,465898,466466,480,568,2,7200,1.84507042254
465433,465914,466445,481,531,2,7200,1.90583804143
465434,465927,466475,493,548,2,7200,1.8996350365
465438,485604,514379,20166,28775,2,259200,1.70081668115
465449,465934,466409,485,475,2,7200,2.02105263158
465449,530533,543315,65084,12782,4,259200,6.09184791113
465477,465969,466532,492,563,2,7200,1.87388987567
465492,465989,466507,497,518,2,7200,1.95945945946
465537,466022,466536,485,514,2,7200,1.94357976654
465574,466029,466492,455,463,2,7200,1.98272138229
465650,466047,466605,397,558,2,7200,1.71146953405
465665,466113,466667,448,554,2,7200,1.80866425993
465686,466120,466693,434,573,2,7200,1.75741710297
465755,466140,466711,385,571,2,7200,1.67425569177
465770,466187,466714,417,527,2,7200,1.79127134725
465772,466194,466746,422,552,2,7200,1.76449275362
465790,466269,466781,479,512,2,7200,1.935546875
465811,466278,466840,467,562,2,7200,1.83096085409
465866,466312,466788,446,476,2,7200,1.93697478992
465874,488773,489386,22899,613,3,600,38.3556280587
465882,466345,466893,463,548,2,7200,1.84489051095
465883,466352,466912,469,560,2,7200,1.8375
465904,466362,466921,458,559,2,7200,1.81932021467
465920,466376,466909,456,533,2,7200,1.85553470919
465921,466421,466986,500,565,2,7200,1.88495575221
465958,466456,466986,498,530,2,7200,1.93962264151
465979,466463,467024,484,561,2,7200,1.86274509804
466013,466479,466967,466,488,2,7200,1.95491803279
466014,466487,466994,473,507,2,7200,1.93293885602
466036,466504,467059,468,555,2,7200,1.84324324324
466103,466519,467063,416,544,2,7200,1.76470588235
466118,466545,467104,427,559,2,7200,1.76386404293
466133,466552,467099,419,547,2,7200,1.76599634369
466176,466618,467152,442,534,2,7200,1.82771535581
466191,466679,467199,488,520,2,7200,1.93846153846
466261,466706,467227,445,521,2,7200,1.85412667946
466276,466724,467251,448,527,2,7200,1.85009487666
466300,466731,467211,431,480,2,7200,1.89791666667
466334,466759,467322,425,563,2,7200,1.75488454707
466349,466793,467369,444,576,2,7200,1.77083333333
466365,466800,467363,435,563,2,7200,1.77264653641
466366,466852,467348,486,496,2,7200,1.97983870968
466412,466905,467468,493,563,2,7200,1.8756660746
466445,466921,467449,476,528,2,7200,1.90151515152
466447,466928,467449,481,521,2,7200,1.92322456814
466469,466935,467505,466,570,2,7200,1.81754385965
466484,466979,467454,495,475,2,7200,2.04210526316
466499,466999,467532,500,533,2,7200,1.93808630394
466514,467005,467566,491,561,2,7200,1.8752228164
466536,467012,467575,476,563,2,7200,1.84547069272
466551,467036,467616,485,580,2,7200,1.83620689655
466608,467072,467602,464,530,2,7200,1.87547169811
466669,467079,467643,410,564,2,7200,1.72695035461
466697,467111,467624,414,513,2,7200,1.80701754386
466712,467118,467471,406,353,2,7200,2.15014164306
466727,467164,467736,437,572,2,7200,1.76398601399
466749,467212,467769,463,557,2,7200,1.83123877917
466782,467223,467791,441,568,2,7200,1.7764084507
466797,467239,467766,442,527,2,7200,1.83870967742
466842,467263,467808,421,545,2,7200,1.77247706422
466894,467334,467892,440,558,2,7200,1.78853046595
466909,467360,467890,451,530,2,7200,1.85094339623
466925,467376,467947,451,571,2,7200,1.78984238179
466927,467383,467913,456,530,2,7200,1.86037735849
466969,467462,468014,493,552,2,7200,1.89311594203
466988,467467,468031,479,564,2,7200,1.84929078014
466989,467474,468007,485,533,2,7200,1.90994371482
467005,467481,468053,476,572,2,7200,1.83216783217
467026,467488,467981,462,493,2,7200,1.93711967546
467063,467517,468026,454,509,2,7200,1.89194499018
467078,467544,468072,466,528,2,7200,1.88257575758
467102,467578,468126,476,548,2,7200,1.86861313869
467117,467587,468096,470,509,2,7200,1.92337917485
467154,467615,468142,461,527,2,7200,1.87476280835
467170,530538,550496,63368,19958,4,259200,4.17506764205
467202,467629,468154,427,525,2,7200,1.81333333333
467217,467636,468165,419,529,2,7200,1.79206049149
467233,467655,468144,422,489,2,7200,1.86298568507
467254,467748,468309,494,561,2,7200,1.88057040998
467324,467778,468303,454,525,2,7200,1.86476190476
467351,467785,468151,434,366,2,7200,2.18579234973
467366,467804,468385,438,581,2,7200,1.75387263339
467381,467821,468360,440,539,2,7200,1.81632653061
467452,467903,468472,451,569,2,7200,1.79261862917
467453,467910,468490,457,580,2,7200,1.78793103448
467469,467925,468423,456,498,2,7200,1.9156626506
467470,467959,468495,489,536,2,7200,1.91231343284
467485,467993,468481,508,488,2,7200,2.04098360656
467507,468020,468583,513,563,2,7200,1.91119005329
467534,468027,468554,493,527,2,7200,1.93548387097
467567,468039,468593,472,554,2,7200,1.85198555957
467582,468046,468573,464,527,2,7200,1.88045540797
467604,468065,468604,461,539,2,7200,1.85528756957
467619,468084,468626,465,542,2,7200,1.85793357934
467634,468108,468688,474,580,2,7200,1.81724137931
467649,468139,468673,490,534,2,7200,1.91760299625
467737,468154,468706,417,552,2,7200,1.75543478261
467761,468161,468684,400,523,2,7200,1.76481835564
467776,468168,468737,392,569,2,7200,1.68892794376
467795,468173,468703,378,530,2,7200,1.71320754717
467810,468181,468751,371,570,2,7200,1.65087719298
467892,468315,468879,423,564,2,7200,1.75
467907,468322,468870,415,548,2,7200,1.75729927007
467922,468372,468940,450,568,2,7200,1.79225352113
467949,468397,468979,448,582,2,7200,1.76975945017
467983,468435,468975,452,540,2,7200,1.83703703704
468011,468484,469021,473,537,2,7200,1.88081936685
468026,468493,468988,467,495,2,7200,1.94343434343
468042,468502,469064,460,562,2,7200,1.81850533808
468043,468509,469084,466,575,2,7200,1.81043478261
468058,468566,469081,508,515,2,7200,1.98640776699
468073,468586,469086,513,500,2,7200,2.026
468098,468595,469167,497,572,2,7200,1.86888111888
468128,468606,469165,478,559,2,7200,1.85509838998
468143,468616,469186,473,570,2,7200,1.8298245614
468158,468639,469210,481,571,2,7200,1.84238178634
468160,468685,469255,525,570,2,7200,1.92105263158
468161,468696,469236,535,540,2,7200,1.99074074074
468176,468703,469247,527,544,2,7200,1.96875
468304,468715,469276,411,561,2,7200,1.73262032086
468319,468722,469293,403,571,2,7200,1.7057793345
468362,468750,469295,388,545,2,7200,1.7119266055
468387,468763,469267,376,504,2,7200,1.74603174603
468426,468882,469453,456,571,2,7200,1.79859894921
468474,468891,469418,417,527,2,7200,1.79127134725
468490,468952,469503,462,551,2,7200,1.83847549909
468505,468987,469549,482,562,2,7200,1.85765124555
468507,468994,469557,487,563,2,7200,1.86500888099
468555,469001,469447,446,446,2,7200,2.0
468577,469033,469547,456,514,2,7200,1.88715953307
468592,469076,469638,484,562,2,7200,1.86120996441
468607,469093,469658,486,565,2,7200,1.86017699115
468609,469100,469662,491,562,2,7200,1.87366548043
468627,469105,469648,478,543,2,7200,1.8802946593
468676,469178,469594,502,416,2,7200,2.20673076923
468691,469185,469761,494,576,2,7200,1.85763888889
468692,469198,469725,506,527,2,7200,1.96015180266
468707,469249,469817,542,568,2,7200,1.95422535211
468709,469259,469824,550,565,2,7200,1.97345132743
468739,469268,469780,529,512,2,7200,2.033203125
468754,469278,469837,524,559,2,7200,1.9373881932
468845,469222,469796,377,574,2,3600,1.65679442509
468871,469289,469853,418,564,2,7200,1.74113475177
468886,469305,469777,419,472,2,7200,1.88771186441
468941,469312,469685,371,373,2,7200,1.99463806971
468977,469431,469997,454,566,2,7200,1.80212014134
468992,469460,470019,468,559,2,7200,1.83720930233
468994,469467,470007,473,540,2,7200,1.87592592593
469024,469515,470090,491,575,2,7200,1.85391304348
469067,469559,470125,492,566,2,7200,1.86925795053
469082,469566,469974,484,408,2,7200,2.1862745098
469097,469573,470126,476,553,2,7200,1.86075949367
469098,469606,470187,508,581,2,7200,1.8743545611
469168,469651,470214,483,563,2,7200,1.85790408526
469170,469660,470233,490,573,2,7200,1.85514834206
469188,469670,470231,482,561,2,7200,1.85918003565
469212,469677,470234,465,557,2,7200,1.83482944345
469240,469698,470241,458,543,2,7200,1.84346224678
469255,469737,470294,482,557,2,7200,1.86535008977
469256,469773,470332,517,559,2,7200,1.92486583184
469271,469789,470347,518,558,2,7200,1.92831541219
469286,469796,470338,510,542,2,7200,1.94095940959
469302,469808,470241,506,433,2,7200,2.16859122402
469303,469829,470288,526,459,2,7200,2.14596949891
469421,469836,470338,415,502,2,7200,1.82669322709
469449,469849,470350,400,501,2,7200,1.79840319361
469464,469865,470414,401,549,2,7200,1.73041894353
469506,469986,470544,480,558,2,7200,1.86021505376
469549,470009,470575,460,566,2,7200,1.81272084806
469550,470019,470548,469,529,2,7200,1.88657844991
469566,470031,470591,465,560,2,7200,1.83035714286
469593,470107,470535,514,428,2,7200,2.20093457944
469642,470137,470572,495,435,2,7200,2.13793103448
469657,470144,470644,487,500,2,7200,1.974
469663,490956,491825,21293,869,1,7200,25.50287687
469672,470199,470725,527,526,2,7200,2.00190114068
469674,470226,470796,552,570,2,7200,1.96842105263
469689,470243,470795,554,552,2,7200,2.00362318841
469728,470250,470816,522,566,2,7200,1.9222614841
469762,470256,470804,494,548,2,7200,1.90145985401
469780,470263,470815,483,552,2,7200,1.875
469781,470269,470839,488,570,2,7200,1.85614035088
469818,470306,470864,488,558,2,7200,1.87455197133
469833,470312,470879,479,567,2,7200,1.84479717813
469849,470344,470896,495,552,2,7200,1.89673913043
469864,470351,470899,487,548,2,7200,1.88868613139
469977,470357,470918,380,561,2,7200,1.67736185383
469998,470364,470942,366,578,2,7200,1.63321799308
470013,470370,470944,357,574,2,7200,1.62195121951
470028,470426,470933,398,507,2,7200,1.78500986193
470092,470548,471028,456,480,2,7200,1.95
470129,470556,471054,427,498,2,7200,1.85742971888
470130,470563,471096,433,533,2,7200,1.81238273921
470188,470585,471148,397,563,2,7200,1.70515097691
470215,470592,471145,377,553,2,7200,1.68173598553
470234,470603,471167,369,564,2,7200,1.65425531915
470236,470656,471224,420,568,2,7200,1.73943661972
470237,470737,471302,500,565,2,7200,1.88495575221
470253,470807,471388,554,581,2,7200,1.95352839931
470255,470814,471325,559,511,2,7200,2.0939334638
470291,470821,471399,530,578,2,7200,1.9169550173
470307,470833,471380,526,547,2,7200,1.96160877514
470334,470850,471354,516,504,2,7200,2.02380952381
470350,470876,471444,526,568,2,7200,1.92605633803
470352,470892,471431,540,539,2,7200,2.00185528757
470353,470908,471429,555,521,2,7200,2.06525911708
470354,470915,471395,561,480,2,7200,2.16875
470416,470930,471466,514,536,2,7200,1.95895522388
470539,470945,471487,406,542,2,7200,1.74907749077
470554,470954,471500,400,546,2,7200,1.7326007326
470556,470961,471520,405,559,2,7200,1.72450805009
470574,471040,471591,466,551,2,7200,1.84573502722
470589,471066,471442,477,376,2,7200,2.26861702128
470604,471108,471674,504,566,2,7200,1.89045936396
470604,470828,471465,224,637,2,3600,1.35164835165
470646,471158,471728,512,570,2,7200,1.89824561404
470684,485070,485102,14386,32,4,7200,450.5625
470728,471165,471734,437,569,2,7200,1.76801405975
470796,471179,471724,383,545,2,7200,1.70275229358
470811,471236,471711,425,475,2,7200,1.89473684211
470812,471315,471841,503,526,2,7200,1.95627376426
470827,471337,471893,510,556,2,7200,1.91726618705
470829,471366,471859,537,493,2,7200,2.0892494929
470844,471392,471948,548,556,2,7200,1.98561151079
470865,471400,471936,535,536,2,7200,1.99813432836
470880,471407,471923,527,516,2,7200,2.02131782946
470899,471414,471966,515,552,2,7200,1.93297101449
470900,471441,471941,541,500,2,7200,2.082
470919,471448,472005,529,557,2,7200,1.94973070018
470934,471455,471994,521,539,2,7200,1.96660482375
470949,471462,471960,513,498,2,7200,2.03012048193
470951,471477,472010,526,533,2,7200,1.98686679174
471030,471483,471912,453,429,2,7200,2.05594405594
471057,471500,472025,443,525,2,7200,1.84380952381
471097,471512,472081,415,569,2,7200,1.72934973638
471149,471532,471999,383,467,2,7200,1.82012847966
471150,471603,472153,453,550,2,7200,1.82363636364
471169,471686,472238,517,552,2,7200,1.9365942029
471226,471724,472293,498,569,2,7200,1.87521968366
471305,471736,472283,431,547,2,7200,1.78793418647
471327,471743,472295,416,552,2,7200,1.75362318841
471357,471750,472317,393,567,2,7200,1.69312169312
471381,471853,472279,472,426,2,7200,2.10798122066
471397,471871,472428,474,557,2,7200,1.85098743268
471398,471905,472466,507,561,2,7200,1.90374331551
471413,471925,472490,512,565,2,7200,1.90619469027
471432,471934,472497,502,563,2,7200,1.89165186501
471433,471948,472500,515,552,2,7200,1.93297101449
471449,471955,472515,506,560,2,7200,1.90357142857
471450,471962,472524,512,562,2,7200,1.91103202847
471458,485992,718270,14534,232278,3,259200,1.06257157372
471468,471972,472521,504,549,2,7200,1.91803278689
471490,471979,472527,489,548,2,7200,1.89233576642
471504,472006,472573,502,567,2,7200,1.88536155203
471523,472013,472593,490,580,2,7200,1.84482758621
471573,472027,472656,454,629,2,3600,1.72178060413
471593,472020,472530,427,510,2,7200,1.83725490196
471675,472038,472553,363,515,2,7200,1.70485436893
471715,472093,472657,378,564,2,7200,1.67021276596
471730,472166,472736,436,570,2,7200,1.7649122807
471732,472250,472784,518,534,2,7200,1.97003745318
471747,472291,472823,544,532,2,7200,2.02255639098
471844,472298,472857,454,559,2,7200,1.81216457961
471862,472305,472849,443,544,2,7200,1.81433823529
471895,472312,472893,417,581,2,7200,1.71772805508
471914,472329,472894,415,565,2,7200,1.73451327434
471929,472440,472994,511,554,2,7200,1.92238267148
471944,472478,473008,534,530,2,7200,2.00754716981
471945,472503,473058,558,555,2,7200,2.00540540541
471961,472510,472943,549,433,2,7200,2.26789838337
471962,472517,473068,555,551,2,7200,2.00725952813
471977,472527,473087,550,560,2,7200,1.98214285714
471995,472534,473113,539,579,2,7200,1.93091537133
472011,472541,473106,530,565,2,7200,1.93805309735
472012,472546,473065,534,519,2,7200,2.0289017341
472014,472553,473109,539,556,2,7200,1.96942446043
472029,472565,473131,536,566,2,7200,1.94699646643
472084,472585,473121,501,536,2,7200,1.93470149254
472157,472605,473170,448,565,2,7200,1.79292035398
472239,472668,473235,429,567,2,7200,1.75661375661
472282,472675,473220,393,545,2,7200,1.72110091743
472297,472749,473315,452,566,2,7200,1.79858657244
472299,472796,473349,497,553,2,7200,1.89873417722
472300,472836,473395,536,559,2,7200,1.95885509839
472318,472860,473383,542,523,2,7200,2.03632887189
472431,472869,473433,438,564,2,7200,1.77659574468
472467,472904,473421,437,517,2,7200,1.84526112186
472491,472911,473454,420,543,2,7200,1.77348066298
472507,472956,473467,449,511,2,7200,1.87866927593
472508,473006,473549,498,543,2,7200,1.91712707182
472523,473020,473471,497,451,2,7200,2.10199556541
472525,473070,473545,545,475,2,7200,2.14736842105
472540,473077,473630,537,553,2,7200,1.97106690778
472541,473084,473643,543,559,2,7200,1.97137745975
472543,473099,473655,556,556,2,7200,2.0
472558,473118,473685,560,567,2,7200,1.98765432099
472576,473125,473635,549,510,2,7200,2.07647058824
472594,473130,473689,536,559,2,7200,1.95885509839
472658,473137,473698,479,561,2,7200,1.85383244207
472738,473144,473717,406,573,2,7200,1.70855148342
472786,473182,473707,396,525,2,7200,1.75428571429
472826,473232,473793,406,561,2,7200,1.72370766488
472850,473248,473818,398,570,2,7200,1.69824561404
472865,473327,473889,462,562,2,7200,1.82206405694
472895,473361,473934,466,573,2,7200,1.81326352531
472897,473395,473865,498,470,2,7200,2.05957446809
472945,473407,473960,462,553,2,7200,1.83544303797
472997,473433,473978,436,545,2,7200,1.8
473012,473445,474007,433,562,2,7200,1.77046263345
473061,473467,474033,406,566,2,7200,1.71731448763
473076,473479,474028,403,549,2,7200,1.73406193078
473077,473486,474040,409,554,2,7200,1.73826714801
473093,473557,474084,464,527,2,7200,1.88045540797
473108,473564,474079,456,515,2,7200,1.8854368932
473123,473642,474144,519,502,2,7200,2.03386454183
473124,473649,474197,525,548,2,7200,1.95802919708
473126,473656,474215,530,559,2,7200,1.9481216458
473141,473668,474235,527,567,2,7200,1.92945326279
473171,473697,474279,526,582,2,7200,1.90378006873
473223,473704,474217,481,513,2,7200,1.93762183236
473317,473711,474277,394,566,2,7200,1.6961130742
473351,473719,474244,368,525,2,7200,1.70095238095
473384,473729,474293,345,564,2,7200,1.61170212766
473399,473805,474333,406,528,2,7200,1.76893939394
473424,473830,474302,406,472,2,7200,1.86016949153
473439,473877,474463,438,586,2,7200,1.74744027304
473457,473901,474466,444,565,2,7200,1.78584070796
473473,473946,474485,473,539,2,7200,1.87755102041
473474,473972,474543,498,571,2,7200,1.87215411559
473547,473991,474565,444,574,2,7200,1.77351916376
473562,474020,474581,458,561,2,7200,1.81639928699
473633,474041,474558,408,517,2,7200,1.78916827853
473648,474048,474574,400,526,2,7200,1.76045627376
473649,474055,474635,406,580,2,7200,1.7
473664,474092,474659,428,567,2,7200,1.75485008818
473686,474099,474687,413,588,2,7200,1.70238095238
473701,474157,474678,456,521,2,7200,1.87523992322
473702,474209,474754,507,545,2,7200,1.93027522936
473717,474228,474790,511,562,2,7200,1.90925266904
473719,474235,474805,516,570,2,7200,1.90526315789
473795,474247,474792,452,545,2,7200,1.82935779817
473819,474256,474797,437,541,2,7200,1.80776340111
473865,474288,474786,423,498,2,7200,1.84939759036
473890,474295,474852,405,557,2,7200,1.72710951526
473936,474305,474870,369,565,2,7200,1.65309734513
473963,474314,474868,351,554,2,7200,1.63357400722
473981,474351,474925,370,574,2,7200,1.64459930314
474009,474476,475042,467,566,2,7200,1.82508833922
474030,474483,474997,453,514,2,7200,1.8813229572
474046,474497,475048,451,551,2,7200,1.81851179673
474047,474556,475095,509,539,2,7200,1.94434137291
474080,474570,475098,490,528,2,7200,1.92803030303
474096,474577,475151,481,574,2,7200,1.83797909408
474148,474587,475157,439,570,2,7200,1.7701754386
474199,474594,475122,395,528,2,7200,1.74810606061
474218,474647,475213,429,566,2,7200,1.75795053004
474219,474671,475220,452,549,2,7200,1.8233151184
474237,474690,475185,453,495,2,7200,1.91515151515
474252,474699,475217,447,518,2,7200,1.86293436293
474280,474766,475335,486,569,2,7200,1.85413005272
474281,474798,475351,517,553,2,7200,1.9349005425
474297,474805,475338,508,533,2,7200,1.9530956848
474312,474810,475348,498,538,2,7200,1.92565055762
474336,474817,475339,481,522,2,7200,1.9214559387
474464,474822,475347,358,525,2,7200,1.6819047619
474479,474864,475429,385,565,2,7200,1.6814159292
474494,474880,475406,386,526,2,7200,1.73384030418
474546,474887,475430,341,543,2,7200,1.62799263352
474561,474937,475464,376,527,2,7200,1.71347248577
474577,475009,475558,432,549,2,7200,1.7868852459
474578,475055,475535,477,480,2,7200,1.99375
474593,475062,475621,469,559,2,7200,1.83899821109
474636,475107,475648,471,541,2,7200,1.87060998152
474660,475114,475629,454,515,2,7200,1.88155339806
474681,475134,475693,453,559,2,7200,1.81037567084
474696,475163,475693,467,530,2,7200,1.88113207547
474754,475170,475741,416,571,2,7200,1.72854640981
474787,475197,475719,410,522,2,7200,1.78544061303
474803,475225,475794,422,569,2,7200,1.74165202109
474804,475232,475798,428,566,2,7200,1.75618374558
474806,475237,475808,431,571,2,7200,1.75481611208
474821,475347,475914,526,567,2,7200,1.92768959436
474854,475354,475910,500,556,2,7200,1.89928057554
474870,475359,475903,489,544,2,7200,1.89889705882
474885,475367,475889,482,522,2,7200,1.92337164751
474927,475372,475933,445,561,2,7200,1.79322638146
475000,475378,475927,378,549,2,7200,1.68852459016
475046,475418,475960,372,542,2,7200,1.68634686347
475061,475441,476000,380,559,2,7200,1.67978533095
475097,475448,476021,351,573,2,7200,1.61256544503
475112,475477,476045,365,568,2,7200,1.6426056338
475128,475547,476093,419,546,2,7200,1.7673992674
475152,475570,476140,418,570,2,7200,1.73333333333
475167,475634,476071,467,437,2,7200,2.06864988558
475189,475641,476203,452,562,2,7200,1.80427046263
475216,475660,476221,444,561,2,7200,1.79144385027
475231,475705,476252,474,547,2,7200,1.86654478976
475233,475710,476272,477,562,2,7200,1.8487544484
475336,475731,476282,395,551,2,7200,1.7168784029
475352,475754,476279,402,525,2,7200,1.76571428571
475353,475806,476366,453,560,2,7200,1.80892857143
475355,475813,476383,458,570,2,7200,1.80350877193
475356,475820,476355,464,535,2,7200,1.86728971963
475357,475901,476269,544,368,2,7200,2.47826086957
475409,475921,476486,512,565,2,7200,1.90619469027
475431,475928,476483,497,555,2,7200,1.8954954955
475432,475933,476458,501,525,2,7200,1.95428571429
475466,475940,476463,474,523,2,7200,1.90630975143
475535,475947,476510,412,563,2,7200,1.73179396092
475560,476012,476493,452,481,2,7200,1.93970893971
475570,475972,476608,402,636,2,3600,1.6320754717
475624,476034,476603,410,569,2,7200,1.72056239016
475638,476058,476598,420,540,2,7200,1.77777777778
475654,476083,476568,429,485,2,7200,1.88453608247
475694,476105,476634,411,529,2,7200,1.77693761815
475695,476153,476701,458,548,2,7200,1.83576642336
475719,476215,476750,496,535,2,7200,1.92710280374
475744,476233,476742,489,509,2,7200,1.96070726916
475795,476264,476779,469,515,2,7200,1.91067961165
475811,476281,476830,470,549,2,7200,1.85610200364
475812,476288,476854,476,566,2,7200,1.84098939929
475892,476295,476781,403,486,2,7200,1.829218107
475907,476300,476866,393,566,2,7200,1.69434628975
475922,476367,476939,445,572,2,7200,1.77797202797
475924,476378,476813,454,435,2,7200,2.04367816092
475939,476395,476926,456,531,2,7200,1.85875706215
475941,476470,476992,529,522,2,7200,2.01340996169
475962,476477,477045,515,568,2,7200,1.90669014085
476002,476496,476996,494,500,2,7200,1.988
476023,476503,477076,480,573,2,7200,1.83769633508
476047,476510,477090,463,580,2,7200,1.79827586207
476074,476523,476897,449,374,2,7200,2.20053475936
476096,476580,477081,484,501,2,7200,1.96606786427
476142,476610,477066,468,456,2,7200,2.02631578947
476190,495650,495658,19460,8,1,7200,1946.8
476206,476617,477184,411,567,2,7200,1.72486772487
476224,476624,477062,400,438,2,7200,1.91324200913
476254,476647,477175,393,528,2,7200,1.74431818182
476270,476713,477241,443,528,2,7200,1.83901515152
476285,476753,477255,468,502,2,7200,1.93227091633
476287,476762,477296,475,534,2,7200,1.88951310861
476288,476791,477348,503,557,2,7200,1.90305206463
476358,476798,477365,440,567,2,7200,1.77601410935
476373,476825,477392,452,567,2,7200,1.79717813051
476388,476842,477414,454,572,2,7200,1.79370629371
476462,476866,477403,404,537,2,7200,1.75232774674
476476,476878,477433,402,555,2,7200,1.72432432432
476492,476909,477391,417,482,2,7200,1.86514522822
476493,476938,477469,445,531,2,7200,1.83804143126
476508,476951,477525,443,574,2,7200,1.77177700348
476523,477004,477569,481,565,2,7200,1.85132743363
476569,477011,477528,442,517,2,7200,1.85493230174
476599,477057,477615,458,558,2,7200,1.82078853047
476614,477082,477635,468,553,2,7200,1.84629294756
476636,477089,477658,453,569,2,7200,1.79613356766
476703,477096,477585,393,489,2,7200,1.8036809816
476745,477103,477633,358,530,2,7200,1.67547169811
476746,477075,477712,329,637,2,3600,1.51648351648
476760,477188,477753,428,565,2,7200,1.75752212389
476782,477196,477682,414,486,2,7200,1.85185185185
476783,477253,477753,470,500,2,7200,1.94
476814,477268,477811,454,543,2,7200,1.83609576427
476832,477308,477815,476,507,2,7200,1.93885601578
476856,477361,477890,505,529,2,7200,1.95463137996
476871,477377,477948,506,571,2,7200,1.88616462347
476899,477404,477971,505,567,2,7200,1.89065255732
476929,477409,477965,480,556,2,7200,1.86330935252
476944,477416,477978,472,562,2,7200,1.83985765125
476958,530937,602970,53979,72033,16,72000,1.74936487443
476993,477426,477913,433,487,2,7200,1.88911704312
477008,477445,478002,437,557,2,7200,1.78456014363
477048,477481,478038,433,557,2,7200,1.77737881508
477063,477537,478105,474,568,2,7200,1.83450704225
477079,477544,478108,465,564,2,7200,1.82446808511
477080,477582,478136,502,554,2,7200,1.90613718412
477095,477597,478113,502,516,2,7200,1.97286821705
477097,477627,478176,530,549,2,7200,1.96539162113
477168,477882,480166,714,2284,8,7200,1.31260945709
477179,477645,478153,466,508,2,7200,1.91732283465
477194,477652,478215,458,563,2,7200,1.8134991119
477242,477670,478231,428,561,2,7200,1.76292335116
477257,477694,478257,437,563,2,7200,1.77619893428
477297,477724,478254,427,530,2,7200,1.80566037736
477330,477887,480357,557,2470,8,7200,1.22550607287
477352,477764,478322,412,558,2,7200,1.73835125448
477367,477770,478332,403,562,2,7200,1.71708185053
477394,477823,478393,429,570,2,7200,1.75263157895
477396,477830,478371,434,541,2,7200,1.8022181146
477411,477902,478410,491,508,2,7200,1.96653543307
477426,477925,478499,499,574,2,7200,1.86933797909
477442,477960,478498,518,538,2,7200,1.96282527881
477472,477976,478540,504,564,2,7200,1.89361702128
477527,477983,478538,456,555,2,7200,1.82162162162
477532,530707,530924,53175,217,24,86400,246.046082949
477542,477990,478534,448,544,2,7200,1.82352941176
477572,478014,478580,442,566,2,7200,1.78091872792
477587,478050,478595,463,545,2,7200,1.8495412844
477618,478117,478585,499,468,2,7200,2.06623931624
477636,478124,478654,488,530,2,7200,1.92075471698
477638,478131,478685,493,554,2,7200,1.88989169675
477659,478148,478723,489,575,2,7200,1.85043478261
477683,478165,478726,482,561,2,7200,1.85918003565
477753,478189,478767,436,578,2,7200,1.75432525952
477755,478227,478745,472,518,2,7200,1.9111969112
477813,478243,478813,430,570,2,7200,1.75438596491
477828,478273,478768,445,495,2,7200,1.89898989899
477892,478334,478837,442,503,2,7200,1.87872763419
477913,478345,478897,432,552,2,7200,1.78260869565
477950,478384,478918,434,534,2,7200,1.8127340824
477968,478405,478972,437,567,2,7200,1.77072310406
477969,478266,478882,297,616,2,3600,1.48214285714
477983,478422,478990,439,568,2,7200,1.77288732394
477985,478510,478984,525,474,2,7200,2.10759493671
478003,478516,479052,513,536,2,7200,1.95708955224
478039,478546,479108,507,562,2,7200,1.90213523132
478106,478553,479114,447,561,2,7200,1.79679144385
478121,478558,479114,437,556,2,7200,1.78597122302
478123,478592,479121,469,529,2,7200,1.88657844991
478138,478599,479176,461,577,2,7200,1.79896013865
478156,478608,479141,452,533,2,7200,1.84803001876
478177,478666,479237,489,571,2,7200,1.85639229422
478217,478697,479234,480,537,2,7200,1.8938547486
478232,478734,479274,502,540,2,7200,1.92962962963
478257,478741,479121,484,380,2,7200,2.27368421053
478272,478758,479332,486,574,2,7200,1.84668989547
478277,480179,482696,1902,2517,8,7200,1.75566150179
478323,478780,479318,457,538,2,7200,1.84944237918
478339,478785,479219,446,434,2,7200,2.02764976959
478341,480370,482862,2029,2492,8,7200,1.81420545746
478375,478825,479336,450,511,2,7200,1.88062622309
478396,478849,479286,453,437,2,7200,2.03661327231
478412,478895,479419,483,524,2,7200,1.92175572519
478424,482708,485196,4284,2488,8,7200,2.72186495177
478500,478910,479476,410,566,2,7200,1.72438162544
478501,478930,479482,429,552,2,7200,1.77717391304
478535,478984,479506,449,522,2,7200,1.8601532567
478550,478996,479561,446,565,2,7200,1.78938053097
478551,479003,479517,452,514,2,7200,1.87937743191
478582,479064,479620,482,556,2,7200,1.86690647482
478597,479120,479685,523,565,2,7200,1.92566371681
478598,479127,479700,529,573,2,7200,1.92321116928
478656,479132,479709,476,577,2,7200,1.82495667244
478686,479139,479703,453,564,2,7200,1.80319148936
478726,479144,479702,418,558,2,7200,1.74910394265
478727,479154,479701,427,547,2,7200,1.78062157221
478749,479188,479748,439,560,2,7200,1.78392857143
478771,479231,479759,460,528,2,7200,1.87121212121
478772,479247,479815,475,568,2,7200,1.83626760563
478815,479254,479795,439,541,2,7200,1.81146025878
478839,479287,479858,448,571,2,7200,1.78458844133
478900,479298,479867,398,569,2,7200,1.69947275923
478921,479331,479856,410,525,2,7200,1.78095238095
478973,479345,479897,372,552,2,7200,1.67391304348
478988,479352,479917,364,565,2,7200,1.64424778761
479003,479431,479987,428,556,2,7200,1.76978417266
479055,479488,480069,433,581,2,7200,1.74526678141
479110,479495,480039,385,544,2,7200,1.70772058824
479125,479518,480082,393,564,2,7200,1.69680851064
479127,479529,480066,402,537,2,7200,1.74860335196
479128,479574,480015,446,441,2,7200,2.01133786848
479129,479632,480201,503,569,2,7200,1.88400702988
479145,479697,480266,552,569,2,7200,1.97012302285
479178,479712,480240,534,528,2,7200,2.01136363636
479221,479718,480268,497,550,2,7200,1.90363636364
479236,479725,480217,489,492,2,7200,1.99390243902
479251,479730,480258,479,528,2,7200,1.9071969697
479278,479736,480236,458,500,2,7200,1.916
479293,479760,480336,467,576,2,7200,1.81076388889
479321,479771,480342,450,571,2,7200,1.7880910683
479336,479808,480378,472,570,2,7200,1.82807017544
479351,479827,480326,476,499,2,7200,1.95390781563
479421,479868,480398,447,530,2,7200,1.84339622642
479479,479875,480409,396,534,2,7200,1.74157303371
479494,479882,480450,388,568,2,7200,1.68309859155
479509,479910,480407,401,497,2,7200,1.80684104628
479524,479930,480464,406,534,2,7200,1.76029962547
479563,479999,480537,436,538,2,7200,1.81040892193
479621,480027,480586,406,559,2,7200,1.72629695886
479688,480051,480604,363,553,2,7200,1.65641952984
479703,480078,480656,375,578,2,7200,1.64878892734
479705,480085,480651,380,566,2,7200,1.67137809187
479706,480095,480629,389,534,2,7200,1.72846441948
479707,480167,480601,460,434,2,7200,2.0599078341
479723,480197,480766,474,569,2,7200,1.83304042179
479750,480213,480796,463,583,2,7200,1.79416809605
479765,480229,480669,464,440,2,7200,2.05454545455
479799,480248,480826,449,578,2,7200,1.776816609
479817,480255,480801,438,546,2,7200,1.8021978022
479860,480270,480674,410,404,2,7200,2.01485148515
479861,480278,480843,417,565,2,7200,1.73805309735
479876,480286,480852,410,566,2,7200,1.72438162544
479901,480338,480882,437,544,2,7200,1.80330882353
479919,480348,480880,429,532,2,7200,1.80639097744
479989,480355,480844,366,489,2,7200,1.74846625767
480017,480390,480961,373,571,2,7200,1.65323992995
480041,480411,480926,370,515,2,7200,1.71844660194
480068,480420,480783,352,363,2,7200,1.9696969697
480084,480427,481003,343,576,2,7200,1.59548611111
480085,480463,481041,378,578,2,7200,1.65397923875
480203,480476,481036,273,560,2,7200,1.4875
480219,480549,481077,330,528,2,7200,1.625
480237,480598,481149,361,551,2,7200,1.65517241379
480252,480613,481174,361,561,2,7200,1.64349376114
480267,480620,481195,353,575,2,7200,1.61391304348
480269,480642,481204,373,562,2,7200,1.66370106762
480283,480663,481203,380,540,2,7200,1.7037037037
480329,480670,481174,341,504,2,7200,1.67658730159
480344,480681,481242,337,561,2,7200,1.60071301248
480346,480688,481254,342,566,2,7200,1.60424028269
480379,480778,481341,399,563,2,7200,1.70870337478
480400,480795,481368,395,573,2,7200,1.68935427574
480416,480808,481377,392,569,2,7200,1.68892794376
480417,480815,481372,398,557,2,7200,1.71454219031
480453,480838,481400,385,562,2,7200,1.68505338078
480469,480855,481346,386,491,2,7200,1.78615071283
480539,480861,481374,322,513,2,7200,1.62768031189
480587,480868,481366,281,498,2,7200,1.56425702811
480602,480892,481246,290,354,2,7200,1.81920903955
480617,480899,481419,282,520,2,7200,1.54230769231
480632,480938,481480,306,542,2,7200,1.56457564576
480654,480974,481437,320,463,2,7200,1.69114470842
480669,481015,481534,346,519,2,7200,1.66666666667
480670,481048,481615,378,567,2,7200,1.66666666667
480686,481055,481633,369,578,2,7200,1.6384083045
480768,481161,481722,393,561,2,7200,1.70053475936
480786,481186,481710,400,524,2,7200,1.76335877863
480801,481191,481756,390,565,2,7200,1.69026548673
480816,481207,481731,391,524,2,7200,1.74618320611
480832,481215,481786,383,571,2,7200,1.6707530648
480847,481222,481772,375,550,2,7200,1.68181818182
480848,481254,481832,406,578,2,7200,1.70242214533
480864,481261,481816,397,555,2,7200,1.71531531532
480882,481268,481805,386,537,2,7200,1.71880819367
480897,481354,481902,457,548,2,7200,1.83394160584
480927,481361,481760,434,399,2,7200,2.08771929825
480964,481379,481931,415,552,2,7200,1.7518115942
480982,481089,481622,107,533,2,3600,1.20075046904
481004,481386,481895,382,509,2,7200,1.75049115914
481038,481391,481970,353,579,2,7200,1.60967184801
481053,481397,481949,344,552,2,7200,1.6231884058
481080,481404,481959,324,555,2,7200,1.58378378378
481150,481413,481982,263,569,2,7200,1.46221441125
481175,481431,481991,256,560,2,7200,1.45714285714
481176,481449,481918,273,469,2,7200,1.58208955224
481198,481492,482046,294,554,2,7200,1.53068592058
481213,481547,482106,334,559,2,7200,1.59749552773
481214,481628,482055,414,427,2,7200,1.96955503513
481245,481645,482186,400,541,2,7200,1.7393715342
481261,481722,482285,461,563,2,7200,1.8188277087
481262,481734,482299,472,565,2,7200,1.83539823009
481344,481743,482327,399,584,2,7200,1.68321917808
481359,481769,482339,410,570,2,7200,1.71929824561
481375,481776,482290,401,514,2,7200,1.78015564202
481376,481785,482303,409,518,2,7200,1.78957528958
481378,481797,482373,419,576,2,7200,1.72743055556
481379,481817,482229,438,412,2,7200,2.06310679612
481395,481828,482258,433,430,2,7200,2.00697674419
481410,481844,482386,434,542,2,7200,1.80073800738
481425,481908,482466,483,558,2,7200,1.86559139785
481440,481915,482390,475,475,2,7200,2.0
481483,481930,482496,447,566,2,7200,1.78975265018
481537,481943,482512,406,569,2,7200,1.71353251318
481617,481961,482489,344,528,2,7200,1.65151515152
481635,481971,482489,336,518,2,7200,1.64864864865
481711,481981,482544,270,563,2,7200,1.47957371226
481726,481994,482559,268,565,2,7200,1.47433628319
481741,482003,482566,262,563,2,7200,1.46536412078
481759,482058,482607,299,549,2,7200,1.54462659381
481774,482067,482595,293,528,2,7200,1.55492424242
481775,482118,482662,343,544,2,7200,1.63051470588
481791,482198,482774,407,576,2,7200,1.70659722222
481809,482242,482682,433,440,2,7200,1.98409090909
481824,482270,482836,446,566,2,7200,1.78798586572
481839,482307,482848,468,541,2,7200,1.86506469501
481897,482314,482846,417,532,2,7200,1.78383458647
481912,482321,482874,409,553,2,7200,1.73960216998
481927,482339,482827,412,488,2,7200,1.84426229508
481942,482352,482830,410,478,2,7200,1.85774058577
481957,482385,482928,428,543,2,7200,1.78821362799
481972,482398,482963,426,565,2,7200,1.75398230088
481974,482405,482965,431,560,2,7200,1.76964285714
481989,482478,483031,489,553,2,7200,1.8842676311
482004,482501,482970,497,469,2,7200,2.05970149254
482047,482506,483060,459,554,2,7200,1.8285198556
482062,482513,483091,451,578,2,7200,1.78027681661
482108,482525,483053,417,528,2,7200,1.78977272727
482131,482300,482931,169,631,2,3600,1.26782884311
482188,482535,483102,347,567,2,7200,1.61199294533
482233,482556,483124,323,568,2,7200,1.56866197183
482261,482571,483161,310,590,2,7200,1.52542372881
482288,482578,483051,290,473,2,7200,1.61310782241
482303,482608,483173,305,565,2,7200,1.53982300885
482305,482619,483200,314,581,2,7200,1.5404475043
482306,482674,483195,368,521,2,7200,1.70633397313
482328,482694,483270,366,576,2,7200,1.63541666667
482343,482787,483360,444,573,2,7200,1.77486910995
482376,482839,483371,463,532,2,7200,1.87030075188
482392,482846,483377,454,531,2,7200,1.8549905838
482393,482853,483420,460,567,2,7200,1.81128747795
482469,482860,483425,391,565,2,7200,1.69203539823
482490,482865,483428,375,563,2,7200,1.66607460036
482491,482886,483262,395,376,2,7200,2.05053191489
482506,482940,483514,434,574,2,7200,1.75609756098
482521,482947,483516,426,569,2,7200,1.74868189807
482546,482975,483481,429,506,2,7200,1.84782608696
482561,482981,483494,420,513,2,7200,1.81871345029
482576,482987,483483,411,496,2,7200,1.82862903226
482597,483043,483609,446,566,2,7200,1.78798586572
482612,483063,483397,451,334,2,7200,2.3502994012
482663,483070,483642,407,572,2,7200,1.71153846154
482685,483077,483627,392,550,2,7200,1.71272727273
482776,483103,483602,327,499,2,7200,1.65531062124
482828,483136,483666,308,530,2,7200,1.58113207547
482843,483173,483753,330,580,2,7200,1.56896551724
482845,483184,483741,339,557,2,7200,1.60861759425
482860,483207,483770,347,563,2,7200,1.6163410302
482861,483214,483793,353,579,2,7200,1.60967184801
482876,483274,483780,398,506,2,7200,1.78656126482
482931,483282,483848,351,566,2,7200,1.62014134276
482965,483373,483930,408,557,2,7200,1.73249551167
482980,483383,483926,403,543,2,7200,1.74217311234
482982,483390,483957,408,567,2,7200,1.71957671958
483033,483409,483975,376,566,2,7200,1.66431095406
483047,483114,483746,67,632,2,3600,1.10601265823
483052,483432,483966,380,534,2,7200,1.71161048689
483067,483439,483999,372,560,2,7200,1.66428571429
483068,483444,484009,376,565,2,7200,1.66548672566
483093,483493,484037,400,544,2,7200,1.73529411765
483108,483500,484025,392,525,2,7200,1.74666666667
483108,488766,488794,5658,28,14,615,203.071428571
483126,483507,483986,381,479,2,7200,1.79540709812
483163,483526,484101,363,575,2,7200,1.63130434783
483178,483533,484059,355,526,2,7200,1.67490494297
483196,483614,484179,418,565,2,7200,1.73982300885
483211,483621,484126,410,505,2,7200,1.81188118812
483263,483639,483971,376,332,2,7200,2.13253012048
483280,483653,484235,373,582,2,7200,1.64089347079
483362,483678,484248,316,570,2,7200,1.55438596491
483377,483753,484293,376,540,2,7200,1.6962962963
483379,483760,484328,381,568,2,7200,1.67077464789
483400,483767,484345,367,578,2,7200,1.63494809689
483422,483783,484349,361,566,2,7200,1.63780918728
483437,483792,484356,355,564,2,7200,1.62943262411
483438,483805,484349,367,544,2,7200,1.67463235294
483478,483860,484416,382,556,2,7200,1.68705035971
483493,483937,484467,444,530,2,7200,1.83773584906
483509,483945,484514,436,569,2,7200,1.76625659051
483524,483970,484548,446,578,2,7200,1.77162629758
483525,483978,484510,453,532,2,7200,1.8515037594
483602,483985,484558,383,573,2,7200,1.66841186736
483617,483992,484529,375,537,2,7200,1.69832402235
483632,483999,484562,367,563,2,7200,1.65186500888
483647,484011,484580,364,569,2,7200,1.63971880492
483668,484022,484417,354,395,2,7200,1.89620253165
483744,484037,484601,293,564,2,7200,1.5195035461
483759,484049,484593,290,544,2,7200,1.53308823529
483774,484114,484653,340,539,2,7200,1.63079777365
483789,484138,484670,349,532,2,7200,1.65601503759
483804,484191,484756,387,565,2,7200,1.68495575221
483850,484247,484801,397,554,2,7200,1.71660649819
483929,484260,484827,331,567,2,7200,1.58377425044
483944,484305,484845,361,540,2,7200,1.66851851852
483959,484340,484896,381,556,2,7200,1.68525179856
483975,484357,484923,382,566,2,7200,1.67491166078
483976,484364,484898,388,534,2,7200,1.7265917603
483977,484369,484907,392,538,2,7200,1.72862453532
483993,484377,484902,384,525,2,7200,1.73142857143
484008,484428,484893,420,465,2,7200,1.90322580645
484023,484435,484938,412,503,2,7200,1.81908548708
484029,484071,484409,42,338,2,3600,1.12426035503
484039,484479,485014,440,535,2,7200,1.82242990654
484040,484522,485041,482,519,2,7200,1.92870905588
484062,484529,485101,467,572,2,7200,1.81643356643
484104,484541,485068,437,527,2,7200,1.82922201139
484130,484560,485134,430,574,2,7200,1.74912891986
484183,484570,485147,387,577,2,7200,1.67071057192
484238,484592,485145,354,553,2,7200,1.64014466546
484254,484605,485175,351,570,2,7200,1.61578947368
484296,484614,485081,318,467,2,7200,1.68094218415
484330,484665,485233,335,568,2,7200,1.58978873239
484350,484682,485266,332,584,2,7200,1.56849315068
484367,484769,485337,402,568,2,7200,1.70774647887
484369,484813,485310,444,497,2,7200,1.89336016097
484370,484839,485421,469,582,2,7200,1.8058419244
484420,484857,485428,437,571,2,7200,1.76532399299
484422,484905,485478,483,573,2,7200,1.84293193717
484468,484912,485483,444,571,2,7200,1.77758318739
484511,484917,485456,406,539,2,7200,1.75324675325
484512,484577,485200,65,623,2,3600,1.10433386838
484526,484925,485435,399,510,2,7200,1.78235294118
484541,484930,485495,389,565,2,7200,1.68849557522
484556,484937,485482,381,545,2,7200,1.69908256881
484572,484950,485483,378,533,2,7200,1.70919324578
484573,485030,485593,457,563,2,7200,1.81172291297
484589,485053,485618,464,565,2,7200,1.82123893805
484604,485075,485643,471,568,2,7200,1.82922535211
484605,485081,485592,476,511,2,7200,1.93150684932
484654,485088,485579,434,491,2,7200,1.88391038697
484672,485095,485642,423,547,2,7200,1.77330895795
484758,485113,485685,355,572,2,7200,1.62062937063
484804,485120,485688,316,568,2,7200,1.55633802817
484828,485125,485595,297,470,2,7200,1.63191489362
484846,485146,485714,300,568,2,7200,1.52816901408
484895,485157,485728,262,571,2,7200,1.4588441331
484910,485164,485566,254,402,2,7200,1.63184079602
484912,485187,485755,275,568,2,7200,1.48415492958
484913,485208,485745,295,537,2,7200,1.54934823091
484915,485213,485784,298,571,2,7200,1.52189141856
484930,485218,485772,288,554,2,7200,1.51985559567
484945,485224,485788,279,564,2,7200,1.49468085106
485015,485231,485738,216,507,2,7200,1.42603550296
485043,485245,485811,202,566,2,7200,1.35689045936
485071,485279,485840,208,561,2,7200,1.37076648841
485086,485326,485894,240,568,2,7200,1.42253521127
485104,485349,485916,245,567,2,7200,1.43209876543
485135,485433,485919,298,486,2,7200,1.61316872428
485150,485441,486007,291,566,2,7200,1.51413427562
485152,485448,486014,296,566,2,7200,1.52296819788
485176,485460,485973,284,513,2,7200,1.55360623782
485234,485469,486030,235,561,2,7200,1.41889483066
485268,485490,486063,222,573,2,7200,1.38743455497
485308,485321,485448,13,127,2,3600,1.10236220472
485311,485502,486065,191,563,2,7200,1.33925399645
485338,485507,486076,169,569,2,7200,1.29701230228
485424,485515,486033,91,518,2,7200,1.17567567568
485439,485578,486099,139,521,2,7200,1.26679462572
485441,485591,486124,150,533,2,7200,1.28142589118
485460,485611,486172,151,561,2,7200,1.26916221034
485479,485616,486183,137,567,2,7200,1.24162257496
485484,485497,485619,13,122,2,3600,1.10655737705
485493,488806,490924,3313,2118,8,3600,2.5642115203
485496,485630,486197,134,567,2,7200,1.23633156966
485497,485637,486177,140,540,2,7200,1.25925925926
485499,485654,486218,155,564,2,7200,1.27482269504
485515,485661,486228,146,567,2,7200,1.25749559083
485571,485697,486254,126,557,2,7200,1.22621184919
485588,485704,486243,116,539,2,7200,1.21521335807
485604,485726,486257,122,531,2,7200,1.22975517891
485606,485740,486304,134,564,2,7200,1.23758865248
485607,485750,486313,143,563,2,7200,1.2539964476
485623,485756,486319,133,563,2,7200,1.23623445826
485646,485768,486327,122,559,2,7200,1.21824686941
485647,485784,486342,137,558,2,7200,1.24551971326
485687,485796,486348,109,552,2,7200,1.19746376812
485702,485802,486358,100,556,2,7200,1.17985611511
485719,485823,486376,104,553,2,7200,1.18806509946
485734,485852,486432,118,580,2,7200,1.20344827586
485749,485905,486403,156,498,2,7200,1.31325301205
485750,485928,486485,178,557,2,7200,1.31956912029
485766,485935,486453,169,518,2,7200,1.32625482625
485781,486020,486583,239,563,2,7200,1.42451154529
485796,486027,486502,231,475,2,7200,1.48631578947
485798,486043,486502,245,459,2,7200,1.53376906318
485813,486049,486531,236,482,2,7200,1.48962655602
485843,486075,486565,232,490,2,7200,1.47346938776
485896,486082,486631,186,549,2,7200,1.33879781421
485899,485985,486114,86,129,2,3600,1.66666666667
485917,486089,486646,172,557,2,7200,1.30879712747
485932,486111,486529,179,418,2,7200,1.42822966507
485975,486127,486662,152,535,2,7200,1.28411214953
486009,486136,486686,127,550,2,7200,1.23090909091
486026,486184,486532,158,348,2,7200,1.45402298851
486043,486191,486737,148,546,2,7200,1.27106227106
486044,486197,486704,153,507,2,7200,1.30177514793
486067,486209,486782,142,573,2,7200,1.24781849913
486069,486229,486807,160,578,2,7200,1.276816609
486084,486240,486820,156,580,2,7200,1.26896551724
486100,486255,486755,155,500,2,7200,1.31
486124,486266,486833,142,567,2,7200,1.25044091711
486175,486273,486806,98,533,2,7200,1.18386491557
486191,486316,486841,125,525,2,7200,1.2380952381
486193,486325,486819,132,494,2,7200,1.26720647773
486208,486331,486897,123,566,2,7200,1.21731448763
486223,486340,486883,117,543,2,7200,1.21546961326
486238,486354,486835,116,481,2,7200,1.24116424116
486253,486361,486849,108,488,2,7200,1.22131147541
486269,486370,486906,101,536,2,7200,1.18843283582
486270,486388,486941,118,553,2,7200,1.21338155515
486308,486416,486984,108,568,2,7200,1.19014084507
486324,486445,486952,121,507,2,7200,1.23865877712
486325,486465,486997,140,532,2,7200,1.26315789474
486342,486498,486944,156,446,2,7200,1.34977578475
486358,486515,487042,157,527,2,7200,1.29791271347
486359,486520,487013,161,493,2,7200,1.32657200811
486375,486541,487021,166,480,2,7200,1.34583333333
486390,486548,487110,158,562,2,7200,1.28113879004
486406,486553,487124,147,571,2,7200,1.25744308231
486436,486577,487144,141,567,2,7200,1.24867724868
486455,486595,487170,140,575,2,7200,1.24347826087
486489,486644,487166,155,522,2,7200,1.2969348659
486504,486658,487213,154,555,2,7200,1.27747747748
486505,486674,487162,169,488,2,7200,1.34631147541
486533,486698,487237,165,539,2,7200,1.30612244898
486535,486717,487298,182,581,2,7200,1.31325301205
486536,486749,487331,213,582,2,7200,1.36597938144
486567,486768,487271,201,503,2,7200,1.39960238569
486585,486794,487325,209,531,2,7200,1.39359698682
486634,486818,487329,184,511,2,7200,1.36007827789
486649,486825,487394,176,569,2,7200,1.30931458699
486664,486832,487390,168,558,2,7200,1.30107526882
486688,486837,487361,149,524,2,7200,1.28435114504
486707,486846,487409,139,563,2,7200,1.24689165187
486732,530549,530638,43817,89,16,72000,493.325842697
486740,486853,487359,113,506,2,7200,1.2233201581
486755,486858,487404,103,546,2,7200,1.18864468864
486783,486865,487372,82,507,2,7200,1.1617357002
486808,486895,487475,87,580,2,7200,1.15
486809,486909,487403,100,494,2,7200,1.2024291498
486825,486918,487466,93,548,2,7200,1.1697080292
486826,486952,487442,126,490,2,7200,1.25714285714
486842,486959,487503,117,544,2,7200,1.21507352941
486844,486966,487479,122,513,2,7200,1.23781676413
486845,486996,487533,151,537,2,7200,1.28119180633
486862,487010,487558,148,548,2,7200,1.2700729927
486886,487026,487599,140,573,2,7200,1.24432809773
486901,487033,487600,132,567,2,7200,1.2328042328
486916,487053,487630,137,577,2,7200,1.23743500867
486944,487122,487691,178,569,2,7200,1.31282952548
486946,487136,487623,190,487,2,7200,1.39014373717
486961,487156,487717,195,561,2,7200,1.34759358289
486986,487174,487704,188,530,2,7200,1.35471698113
487001,487181,487637,180,456,2,7200,1.39473684211
487016,487188,487702,172,514,2,7200,1.33463035019
487031,487225,487810,194,585,2,7200,1.33162393162
487047,487249,487766,202,517,2,7200,1.39071566731
487111,487283,487845,172,562,2,7200,1.30604982206
487126,487311,487868,185,557,2,7200,1.33213644524
487147,487338,487909,191,571,2,7200,1.33450087566
487166,487345,487883,179,538,2,7200,1.33271375465
487181,487350,487938,169,588,2,7200,1.28741496599
487183,487371,487866,188,495,2,7200,1.3797979798
487216,487378,487901,162,523,2,7200,1.30975143403
487238,487385,487948,147,563,2,7200,1.26110124334
487274,487402,487971,128,569,2,7200,1.22495606327
487302,487409,487933,107,524,2,7200,1.20419847328
487326,487416,487966,90,550,2,7200,1.16363636364
487342,487421,487948,79,527,2,7200,1.14990512334
487343,487428,487960,85,532,2,7200,1.15977443609
487361,487454,487957,93,503,2,7200,1.18489065606
487363,487479,488014,116,535,2,7200,1.21682242991
487378,487487,488055,109,568,2,7200,1.19190140845
487393,487494,488054,101,560,2,7200,1.18035714286
487410,487516,488083,106,567,2,7200,1.18694885362
487411,487545,488101,134,556,2,7200,1.24100719424
487412,487571,488145,159,574,2,7200,1.27700348432
487414,487611,488179,197,568,2,7200,1.34683098592
487441,487618,488159,177,541,2,7200,1.32717190388
487469,487635,488191,166,556,2,7200,1.29856115108
487484,487642,488158,158,516,2,7200,1.30620155039
487485,487649,488215,164,566,2,7200,1.28975265018
487507,487703,488269,196,566,2,7200,1.34628975265
487534,487714,488275,180,561,2,7200,1.32085561497
487562,487721,488261,159,540,2,7200,1.29444444444
487602,487730,488309,128,579,2,7200,1.22107081174
487603,487778,488346,175,568,2,7200,1.30809859155
487625,487822,488343,197,521,2,7200,1.37811900192
487640,487857,488411,217,554,2,7200,1.3916967509
487641,487877,488415,236,538,2,7200,1.43866171004
487693,487885,488427,192,542,2,7200,1.35424354244
487708,487895,488433,187,538,2,7200,1.34758364312
487710,487913,488483,203,570,2,7200,1.35614035088
487725,487922,488468,197,546,2,7200,1.36080586081
487768,487945,488477,177,532,2,7200,1.33270676692
487814,487952,488480,138,528,2,7200,1.26136363636
487847,487961,488502,114,541,2,7200,1.21072088725
487869,487966,488540,97,574,2,7200,1.16898954704
487870,487973,488487,103,514,2,7200,1.20038910506
487886,487978,488377,92,399,2,7200,1.2305764411
487904,487986,488545,82,559,2,7200,1.14669051878
487919,487991,488552,72,561,2,7200,1.12834224599
487934,488027,488602,93,575,2,7200,1.16173913043
487950,488066,488632,116,566,2,7200,1.20494699647
487951,488073,488548,122,475,2,7200,1.25684210526
487953,488095,488651,142,556,2,7200,1.25539568345
487969,488113,488634,144,521,2,7200,1.2763915547
487970,488157,488732,187,575,2,7200,1.3252173913
487972,488170,488703,198,533,2,7200,1.37148217636
487987,488177,488726,190,549,2,7200,1.34608378871
488017,488192,488773,175,581,2,7200,1.30120481928
488057,488203,488735,146,532,2,7200,1.27443609023
488059,488227,488766,168,539,2,7200,1.31168831169
488086,488273,488761,187,488,2,7200,1.38319672131
488101,488281,488812,180,531,2,7200,1.33898305085
488147,488288,488828,141,540,2,7200,1.26111111111
488163,488321,488799,158,478,2,7200,1.33054393305
488164,488355,488920,191,565,2,7200,1.33805309735
488182,488362,488881,180,519,2,7200,1.34682080925
488198,488390,488884,192,494,2,7200,1.38866396761
488216,488430,488974,214,544,2,7200,1.39338235294
488265,488439,489010,174,571,2,7200,1.30472854641
488280,488446,488900,166,454,2,7200,1.36563876652
488282,488480,489020,198,540,2,7200,1.36666666667
488312,488489,489049,177,560,2,7200,1.31607142857
488346,488496,489048,150,552,2,7200,1.27173913043
488361,488501,489043,140,542,2,7200,1.25830258303
488366,488423,488545,57,122,2,3600,1.46721311475
488380,488508,489079,128,571,2,7200,1.22416812609
488413,488515,489075,102,560,2,7200,1.18214285714
488428,488552,489131,124,579,2,7200,1.21416234888
488430,488559,489115,129,556,2,7200,1.23201438849
488445,488564,489077,119,513,2,7200,1.23196881092
488469,488572,489143,103,571,2,7200,1.18038528897
488485,488577,489129,92,552,2,7200,1.16666666667
488487,488644,489205,157,561,2,7200,1.2798573975
488488,488651,489034,163,383,2,7200,1.42558746736
488504,488663,489183,159,520,2,7200,1.30576923077
488505,488715,489264,210,549,2,7200,1.3825136612
488542,488738,489272,196,534,2,7200,1.3670411985
488557,488745,489274,188,529,2,7200,1.35538752363
488559,488752,489275,193,523,2,7200,1.3690248566
488560,488757,489289,197,532,2,7200,1.37030075188
488601,488614,488739,13,125,2,3600,1.104
488603,488780,489230,177,450,2,7200,1.39333333333
488633,488787,489358,154,571,2,7200,1.26970227671
488648,488813,489281,165,468,2,7200,1.35256410256
488663,488825,489393,162,568,2,7200,1.28521126761
488706,488840,489417,134,577,2,7200,1.23223570191
488728,488894,489460,166,566,2,7200,1.29328621908
488743,488901,489391,158,490,2,7200,1.32244897959
488744,488932,489421,188,489,2,7200,1.38445807771
488762,489032,489592,270,560,2,7200,1.48214285714
488778,489046,489615,268,569,2,7200,1.47100175747
488779,489060,489534,281,474,2,7200,1.59282700422
488801,489091,489643,290,552,2,7200,1.52536231884
488816,489141,489659,325,518,2,7200,1.62741312741
488831,489148,489703,317,555,2,7200,1.57117117117
488883,489195,489769,312,574,2,7200,1.54355400697
488898,489217,489778,319,561,2,7200,1.56862745098
488904,488910,489035,6,125,2,3600,1.048
488913,489242,489809,329,567,2,7200,1.58024691358
488928,489276,489856,348,580,2,7200,1.6
488977,489284,489851,307,567,2,7200,1.54144620811
489014,489291,489851,277,560,2,7200,1.49464285714
489029,489296,489866,267,570,2,7200,1.46842105263
489044,489303,489799,259,496,2,7200,1.52217741935
489046,489308,489873,262,565,2,7200,1.46371681416
489061,489370,489898,309,528,2,7200,1.58522727273
489062,489406,489932,344,526,2,7200,1.65399239544
489078,489411,489985,333,574,2,7200,1.58013937282
489080,489428,489945,348,517,2,7200,1.67311411992
489095,489436,490007,341,571,2,7200,1.59719789842
489119,489472,489909,353,437,2,7200,1.80778032037
489134,489547,490081,413,534,2,7200,1.7734082397
489136,489605,490178,469,573,2,7200,1.8184991274
489151,489628,490198,477,570,2,7200,1.83684210526
489184,489655,490215,471,560,2,7200,1.84107142857
489206,489671,490238,465,567,2,7200,1.82010582011
489233,489716,490278,483,562,2,7200,1.85943060498
489267,489781,490321,514,540,2,7200,1.95185185185
489283,489790,490307,507,517,2,7200,1.98065764023
489284,489812,490352,528,540,2,7200,1.97777777778
489286,489822,490170,536,348,2,7200,2.54022988506
489287,489862,490408,575,546,2,7200,2.05311355311
489302,489868,490242,566,374,2,7200,2.51336898396
489360,489875,490413,515,538,2,7200,1.95724907063
489394,489882,490436,488,554,2,7200,1.88086642599
489395,489889,490455,494,566,2,7200,1.87279151943
489420,489910,490438,490,528,2,7200,1.92803030303
489435,489921,490459,486,538,2,7200,1.90334572491
489462,489944,490509,482,565,2,7200,1.85309734513
489538,489957,490522,419,565,2,7200,1.74159292035
489596,489998,490565,402,567,2,7200,1.70899470899
489617,490020,490526,403,506,2,7200,1.79644268775
489645,490094,490659,449,565,2,7200,1.79469026549
489660,490182,490676,522,494,2,7200,2.05668016194
489706,490190,490753,484,563,2,7200,1.85968028419
489773,490210,490751,437,541,2,7200,1.80776340111
489788,490230,490769,442,539,2,7200,1.82003710575
489803,490250,490790,447,540,2,7200,1.82777777778
489818,490257,490779,439,522,2,7200,1.84099616858
489852,490290,490809,438,519,2,7200,1.84393063584
489853,490319,490831,466,512,2,7200,1.91015625
489869,490333,490916,464,583,2,7200,1.79588336192
489870,490364,490934,494,570,2,7200,1.86666666667
489885,490420,490949,535,529,2,7200,2.01134215501
489901,490427,490985,526,558,2,7200,1.94265232975
489916,490449,491016,533,567,2,7200,1.94003527337
489934,490455,490991,521,536,2,7200,1.97201492537
489949,490467,491025,518,558,2,7200,1.92831541219
489989,490474,491042,485,568,2,7200,1.85387323944
490010,490521,491082,511,561,2,7200,1.91087344029
490083,490534,491094,451,560,2,7200,1.80535714286
490095,490218,490838,123,620,2,3600,1.19838709677
490172,490541,491102,369,561,2,7200,1.6577540107
490187,490577,491146,390,569,2,7200,1.68541300527
490202,490672,491239,470,567,2,7200,1.82892416226
490217,490688,491252,471,564,2,7200,1.83510638298
490239,490763,491295,524,532,2,7200,1.98496240602
490254,490770,491345,516,575,2,7200,1.89739130435
490281,490781,491349,500,568,2,7200,1.88028169014
490309,490792,491349,483,557,2,7200,1.8671454219
490324,490802,491364,478,562,2,7200,1.85053380783
490354,490822,491352,468,530,2,7200,1.88301886792
490409,490843,491413,434,570,2,7200,1.76140350877
490424,490850,491418,426,568,2,7200,1.75
490439,490929,491419,490,490,2,7200,2.0
490441,490946,491515,505,569,2,7200,1.88752196837
490459,491047,491617,588,570,2,7200,2.03157894737
490461,491052,491546,591,494,2,7200,2.1963562753
490510,491057,491574,547,517,2,7200,2.0580270793
490525,491063,491601,538,538,2,7200,2.0
490540,491068,491641,528,573,2,7200,1.92146596859
490568,491073,491643,505,570,2,7200,1.88596491228
490662,491079,491646,417,567,2,7200,1.73544973545
490677,491084,491644,407,560,2,7200,1.72678571429
490754,491089,491639,335,550,2,7200,1.60909090909
490755,491095,491637,340,542,2,7200,1.62730627306
490770,491100,491664,330,564,2,7200,1.58510638298
490785,491105,491680,320,575,2,7200,1.55652173913
490800,491111,491640,311,529,2,7200,1.58790170132
490816,491116,491656,300,540,2,7200,1.55555555556
490834,491121,491691,287,570,2,7200,1.50350877193
490860,491041,491471,181,430,2,3600,1.42093023256
490920,491166,491737,246,571,2,7200,1.43082311734
490938,491178,491744,240,566,2,7200,1.42402826855
490953,491134,491706,181,572,2,7200,1.31643356643
490987,491139,491567,152,428,2,7200,1.35514018692
491002,491145,491688,143,543,2,7200,1.26335174954
491017,491150,491701,133,551,2,7200,1.24137931034
491032,491155,491611,123,456,2,7200,1.26973684211
491047,491160,491705,113,545,2,7200,1.20733944954
491084,491171,491737,87,566,2,7200,1.15371024735
491100,491251,491788,151,537,2,7200,1.28119180633
491115,491265,491772,150,507,2,7200,1.29585798817
491148,491307,491849,159,542,2,7200,1.29335793358
491206,531431,534583,40225,3152,8,18000,13.7617385787
491240,491358,491922,118,564,2,7200,1.20921985816
491255,491365,491805,110,440,2,7200,1.25
491298,491370,491808,72,438,2,7200,1.16438356164
491347,491376,491909,29,533,2,7200,1.05440900563
491363,491383,491904,20,521,2,7200,1.03838771593
491364,491425,491960,61,535,2,7200,1.11401869159
491366,491432,491997,66,565,2,7200,1.11681415929
491381,491527,491989,146,462,2,7200,1.31601731602
491418,491580,492079,162,499,2,7200,1.3246492986
491433,491624,492199,191,575,2,7200,1.33217391304
491435,491700,492269,265,569,2,7200,1.46572934974
491513,491519,492121,6,602,2,3600,1.00996677741
491517,491713,492249,196,536,2,7200,1.36567164179
491547,491720,492256,173,536,2,7200,1.32276119403
491569,491726,492263,157,537,2,7200,1.29236499069
491584,491749,492318,165,569,2,7200,1.28998242531
491602,491754,492297,152,543,2,7200,1.27992633517
491618,491761,492318,143,557,2,7200,1.25673249551
491619,491784,492363,165,579,2,7200,1.28497409326
491642,491800,492370,158,570,2,7200,1.27719298246
491643,491818,492384,175,566,2,7200,1.30918727915
491645,491825,492402,180,577,2,7200,1.31195840555
491646,491862,492438,216,576,2,7200,1.375
491663,491916,492464,253,548,2,7200,1.46167883212
491664,491923,492479,259,556,2,7200,1.46582733813
491666,491934,492476,268,542,2,7200,1.49446494465
491667,491972,492535,305,563,2,7200,1.54174067496
491683,492001,492567,318,566,2,7200,1.56183745583
491684,492009,492587,325,578,2,7200,1.56228373702
491699,492092,492657,393,565,2,7200,1.69557522124
491701,492211,492764,510,553,2,7200,1.92224231465
491717,492262,492776,545,514,2,7200,2.06031128405
491718,492269,492835,551,566,2,7200,1.97349823322
491719,492276,492848,557,572,2,7200,1.97377622378
491738,492283,492802,545,519,2,7200,2.05009633911
491740,492310,492873,570,563,2,7200,2.01243339254
491755,492329,492894,574,565,2,7200,2.01592920354
491773,492335,492863,562,528,2,7200,2.06439393939
491791,492375,492930,584,555,2,7200,2.05225225225
491807,492382,492925,575,543,2,7200,2.05893186004
491822,492396,492932,574,536,2,7200,2.07089552239
491852,492414,492987,562,573,2,7200,1.98080279232
491907,492451,492961,544,510,2,7200,2.06666666667
491923,492475,493019,552,544,2,7200,2.01470588235
491924,492488,492960,564,472,2,7200,2.19491525424
491964,492495,492984,531,489,2,7200,2.08588957055
491992,492548,493043,556,495,2,7200,2.12323232323
492007,492579,493110,572,531,2,7200,2.07721280603
492083,492600,493109,517,509,2,7200,2.01571709234
492138,498346,504198,6208,5852,2,21600,2.06083390294
492202,492670,493198,468,528,2,7200,1.88636363636
492229,495627,495752,3398,125,2,3600,28.184
492250,492776,493338,526,562,2,7200,1.9359430605
492266,492788,493346,522,558,2,7200,1.93548387097
492267,492815,493308,548,493,2,7200,2.11156186613
492282,492847,493387,565,540,2,7200,2.0462962963
492300,492861,493413,561,552,2,7200,2.01630434783
492319,492875,493441,556,566,2,7200,1.98233215548
492320,492885,493447,565,562,2,7200,2.00533807829
492366,492906,493472,540,566,2,7200,1.95406360424
492381,492937,493476,556,539,2,7200,2.03153988868
492396,492944,493497,548,553,2,7200,1.99095840868
492411,492949,493509,538,560,2,7200,1.96071428571
492442,492972,493446,530,474,2,7200,2.11814345992
492466,492979,493551,513,572,2,7200,1.89685314685
492482,492996,493566,514,570,2,7200,1.90175438596
492484,493003,493584,519,581,2,7200,1.89328743546
492538,493031,493599,493,568,2,7200,1.86795774648
492569,493055,493615,486,560,2,7200,1.86785714286
492591,493121,493619,530,498,2,7200,2.06425702811
492660,493128,493700,468,572,2,7200,1.81818181818
492767,493211,493781,444,570,2,7200,1.77894736842
492782,493320,493855,538,535,2,7200,2.00560747664
492803,493351,493879,548,528,2,7200,2.03787878788
492837,493359,493934,522,575,2,7200,1.90782608696
492852,493400,493968,548,568,2,7200,1.96478873239
492867,493426,493957,559,531,2,7200,2.0527306968
492882,493453,494003,571,550,2,7200,2.03818181818
492897,493460,494029,563,569,2,7200,1.98945518453
492928,493465,494052,537,587,2,7200,1.91482112436
492943,493485,494048,542,563,2,7200,1.96269982238
492944,493492,494066,548,574,2,7200,1.95470383275
492963,493510,494070,547,560,2,7200,1.97678571429
492964,493521,494077,557,556,2,7200,2.00179856115
492985,493563,494021,578,458,2,7200,2.26200873362
493000,493579,494149,579,570,2,7200,2.01578947368
493022,493596,494115,574,519,2,7200,2.10597302505
493046,493612,494173,566,561,2,7200,2.00891265597
493110,493627,494187,517,560,2,7200,1.92321428571
493125,493634,494175,509,541,2,7200,1.94085027726
493202,493712,494235,510,523,2,7200,1.97514340344
493311,493794,494353,483,559,2,7200,1.86404293381
493342,493868,494395,526,527,2,7200,1.99810246679
493357,493891,494443,534,552,2,7200,1.96739130435
493390,493946,494437,556,491,2,7200,2.13238289206
493414,493970,494469,556,499,2,7200,2.11422845691
493442,493980,494544,538,564,2,7200,1.95390070922
493457,494016,494581,559,565,2,7200,1.98938053097
493458,494033,494597,575,564,2,7200,2.0195035461
493473,494041,494502,568,461,2,7200,2.23210412148
493488,494059,494574,571,515,2,7200,2.10873786408
493504,494067,494632,563,565,2,7200,1.99646017699
493519,494081,494646,562,565,2,7200,1.99469026549
493552,494088,494658,536,570,2,7200,1.94035087719
493568,494095,494655,527,560,2,7200,1.94107142857
493586,494127,494650,541,523,2,7200,2.034416826
493602,494161,494689,559,528,2,7200,2.05871212121
493617,494186,494717,569,531,2,7200,2.07156308851
493632,494193,494758,561,565,2,7200,1.99292035398
493702,494200,494748,498,548,2,7200,1.90875912409
493784,494248,494772,464,524,2,7200,1.88549618321
493858,494366,494928,508,562,2,7200,1.90391459075
493879,494407,494949,528,542,2,7200,1.9741697417
493937,494449,495018,512,569,2,7200,1.89982425308
493958,494456,494931,498,475,2,7200,2.04842105263
493974,494482,495042,508,560,2,7200,1.90714285714
494004,494514,495005,510,491,2,7200,2.03869653768
494022,494559,495118,537,559,2,7200,1.96064400716
494038,494586,495128,548,542,2,7200,2.0110701107
494053,494593,495114,540,521,2,7200,2.03646833013
494054,494610,495168,556,558,2,7200,1.99641577061
494070,494644,495165,574,521,2,7200,2.10172744722
494085,494658,495229,573,571,2,7200,2.00350262697
494086,494665,495232,579,567,2,7200,2.02116402116
494117,494672,495240,555,568,2,7200,1.97711267606
494150,494677,495193,527,516,2,7200,2.02131782946
494175,494702,495258,527,556,2,7200,1.94784172662
494177,494729,495293,552,564,2,7200,1.97872340426
494192,494761,495187,569,426,2,7200,2.33568075117
494238,494770,495225,532,455,2,7200,2.16923076923
494357,494784,495316,427,532,2,7200,1.80263157895
494397,494940,495465,543,525,2,7200,2.03428571429
494440,494947,495492,507,545,2,7200,1.93027522936
494455,494961,495515,506,554,2,7200,1.91335740072
494473,495017,495598,544,581,2,7200,1.93631669535
494504,495031,495596,527,565,2,7200,1.93274336283
494546,495054,495631,508,577,2,7200,1.88041594454
494577,495126,495469,549,343,2,7200,2.60058309038
494592,495133,495693,541,560,2,7200,1.96607142857
494607,495140,495686,533,546,2,7200,1.97619047619
494635,495178,495687,543,509,2,7200,2.06679764244
494650,495185,495728,535,543,2,7200,1.98526703499
494665,495200,495758,535,558,2,7200,1.95878136201
494667,495207,495707,540,500,2,7200,2.08
494668,495237,495801,569,564,2,7200,2.00886524823
494693,495244,495764,551,520,2,7200,2.05961538462
494720,495249,495818,529,569,2,7200,1.92970123023
494751,495257,495774,506,517,2,7200,1.97872340426
494766,495270,495840,504,570,2,7200,1.88421052632
494781,495306,495821,525,515,2,7200,2.01941747573
494930,495329,495896,399,567,2,7200,1.7037037037
494945,495477,496048,532,571,2,7200,1.93169877408
494960,495484,496040,524,556,2,7200,1.94244604317
495005,495504,496033,499,529,2,7200,1.94328922495
495021,495518,496085,497,567,2,7200,1.87654320988
495045,495527,496070,482,543,2,7200,1.8876611418
495115,495609,496199,494,590,2,7200,1.83728813559
495130,495616,496153,486,537,2,7200,1.90502793296
495131,495643,496202,512,559,2,7200,1.91592128801
495168,495668,496264,500,596,2,7200,1.8389261745
495170,495675,496193,505,518,2,7200,1.9749034749
495191,495702,496273,511,571,2,7200,1.89492119089
495206,495707,496272,501,565,2,7200,1.88672566372
495228,495720,496281,492,561,2,7200,1.87700534759
495243,495726,496295,483,569,2,7200,1.84885764499
495245,495733,496311,488,578,2,7200,1.84429065744
495246,495740,496325,494,585,2,7200,1.84444444444
495261,495764,496349,503,585,2,7200,1.85982905983
495295,495771,496236,476,465,2,7200,2.02365591398
495319,495778,496321,459,543,2,7200,1.8453038674
495466,495786,496356,320,570,2,7200,1.56140350877
495481,495813,496378,332,565,2,7200,1.58761061947
495496,495830,496405,334,575,2,7200,1.58086956522
495518,495837,496398,319,561,2,7200,1.56862745098
495600,495853,496345,253,492,2,7200,1.51422764228
495601,495908,496476,307,568,2,7200,1.54049295775
495632,496045,496621,413,576,2,7200,1.71701388889
495688,496053,496631,365,578,2,7200,1.63148788927
495689,496060,496628,371,568,2,7200,1.65316901408
495705,496082,496645,377,563,2,7200,1.66962699822
495720,496098,496651,378,553,2,7200,1.6835443038
495736,496166,496684,430,518,2,7200,1.83011583012
495760,496205,496777,445,572,2,7200,1.77797202797
495775,496212,496748,437,536,2,7200,1.81529850746
495777,496219,496784,442,565,2,7200,1.78230088496
495804,496248,496812,444,564,2,7200,1.78723404255
495819,496276,496698,457,422,2,7200,2.08293838863
495834,496285,496853,451,568,2,7200,1.79401408451
495850,496290,496860,440,570,2,7200,1.77192982456
495898,496297,496861,399,564,2,7200,1.70744680851
496035,496307,496877,272,570,2,7200,1.47719298246
496051,496323,496804,272,481,2,7200,1.56548856549
496052,496333,496883,281,550,2,7200,1.51090909091
496074,496340,496903,266,563,2,7200,1.47246891652
496089,496357,496890,268,533,2,7200,1.50281425891
496155,496364,496928,209,564,2,7200,1.37056737589
496195,496371,496878,176,507,2,7200,1.34714003945
496210,496390,496916,180,526,2,7200,1.34220532319
496212,496410,496955,198,545,2,7200,1.36330275229
496239,496417,496965,178,548,2,7200,1.32481751825
496267,496488,497048,221,560,2,7200,1.39464285714
496282,496633,497205,351,572,2,7200,1.61363636364
496284,496640,497179,356,539,2,7200,1.66048237477
496285,496647,497107,362,460,2,7200,1.78695652174
496301,496658,497215,357,557,2,7200,1.64093357271
496316,496665,497232,349,567,2,7200,1.61552028219
496331,496696,497256,365,560,2,7200,1.65178571429
496332,496711,497235,379,524,2,7200,1.72328244275
496348,496760,497312,412,552,2,7200,1.74637681159
496355,497870,499070,1515,1200,1,7200,2.2625
496363,496790,497356,427,566,2,7200,1.75441696113
496364,496797,497351,433,554,2,7200,1.78158844765
496380,496816,497388,436,572,2,7200,1.76223776224
496401,496825,497363,424,538,2,7200,1.78810408922
496416,496866,497401,450,535,2,7200,1.84112149533
496477,496873,497409,396,536,2,7200,1.73880597015
496624,496878,497433,254,555,2,7200,1.45765765766
496639,496889,497394,250,505,2,7200,1.49504950495
496641,496896,497466,255,570,2,7200,1.44736842105
496656,496901,497364,245,463,2,7200,1.52915766739
496657,496908,497477,251,569,2,7200,1.44112478032
496685,496915,497477,230,562,2,7200,1.40925266904
496700,496928,497494,228,566,2,7200,1.40282685512
496749,496941,497330,192,389,2,7200,1.49357326478
496779,496967,497513,188,546,2,7200,1.34432234432
496794,496977,497438,183,461,2,7200,1.39696312364
496809,497060,497591,251,531,2,7200,1.47269303202
496825,497120,497681,295,561,2,7200,1.52584670232
496855,497191,497756,336,565,2,7200,1.59469026549
496870,497217,497774,347,557,2,7200,1.62298025135
496872,497227,497761,355,534,2,7200,1.66479400749
496887,497244,497782,357,538,2,7200,1.66356877323
496889,497251,497805,362,554,2,7200,1.65342960289
496890,497269,497830,379,561,2,7200,1.67557932264
496905,497324,497841,419,517,2,7200,1.81044487427
496907,497342,497853,435,511,2,7200,1.85127201566
496922,497363,497875,441,512,2,7200,1.861328125
496937,497375,497938,438,563,2,7200,1.77797513321
496958,497382,497927,424,545,2,7200,1.77798165138
496973,497387,497945,414,558,2,7200,1.74193548387
497049,497399,497964,350,565,2,7200,1.61946902655
497110,497406,497924,296,518,2,7200,1.57142857143
497153,498687,500850,1534,2163,8,3600,1.70920018493
497181,497418,497932,237,514,2,7200,1.46108949416
497208,497425,497973,217,548,2,7200,1.39598540146
497223,497449,498025,226,576,2,7200,1.39236111111
497239,497455,498011,216,556,2,7200,1.38848920863
497240,497481,497937,241,456,2,7200,1.52850877193
497258,497495,497931,237,436,2,7200,1.54357798165
497313,497500,498060,187,560,2,7200,1.33392857143
497331,497507,498001,176,494,2,7200,1.35627530364
497353,497531,498096,178,565,2,7200,1.31504424779
497368,497605,498148,237,543,2,7200,1.4364640884
497369,497694,498241,325,547,2,7200,1.59414990859
497371,497768,498260,397,492,2,7200,1.80691056911
497389,497775,498332,386,557,2,7200,1.69299820467
497405,497787,498312,382,525,2,7200,1.72761904762
497406,497794,498323,388,529,2,7200,1.73345935728
497421,497818,498286,397,468,2,7200,1.84829059829
497436,497844,498332,408,488,2,7200,1.83606557377
497454,497858,498332,404,474,2,7200,1.85232067511
497469,497865,498332,396,467,2,7200,1.84796573876
497484,497887,498332,403,445,2,7200,1.90561797753
497486,497936,498332,450,396,2,7200,2.13636363636
497501,497943,498332,442,389,2,7200,2.13624678663
497516,497948,498332,432,384,2,7200,2.125
497593,497955,498332,362,377,2,7200,1.96021220159
497685,497960,498332,275,372,2,7200,1.73924731183
497757,497966,498332,209,366,2,7200,1.57103825137
497773,497973,498332,200,359,2,7200,1.55710306407
497788,497980,498332,192,352,2,7200,1.54545454545
497790,497986,498332,196,346,2,7200,1.56647398844
497808,498013,498332,205,319,2,7200,1.64263322884
497832,498023,498332,191,309,2,7200,1.61812297735
497847,498037,498332,190,295,2,7200,1.64406779661
497862,498072,498332,210,260,2,7200,1.80769230769
497878,498109,498332,231,223,2,7200,2.03587443946
497926,498161,498332,235,171,2,7200,2.37426900585
497942,498253,498332,311,79,2,7200,4.93670886076
497943,498273,498332,330,59,2,7200,6.59322033898
497945,498298,498334,353,36,2,7200,10.8055555556
497946,498324,498332,378,8,2,7200,38.6
497947,498335,498336,388,1,2,7200,38.9
498172,519945,520471,21773,526,2,64800,42.3935361217
498862,530516,530519,31654,3,64,600,3165.7
498966,498973,499011,7,38,8,6000,1.18421052632
498967,498979,499011,12,32,8,6000,1.375
498979,498985,499012,6,27,8,6000,1.22222222222
498980,498997,499012,17,15,8,6000,2.13333333333
498981,499003,499012,22,9,8,6000,3.1
499121,499129,499196,8,67,8,6000,1.11940298507
499122,499135,499198,13,63,8,6000,1.20634920635
499134,499148,499196,14,48,8,6000,1.29166666667
499135,499153,499196,18,43,8,6000,1.41860465116
499147,499165,499198,18,33,8,6000,1.54545454545
499252,499266,500893,14,1627,8,6000,1.0086047941
499253,499271,500858,18,1587,8,6000,1.01134215501
499265,499295,500887,30,1592,8,6000,1.01884422111
499277,500117,501762,840,1645,8,6000,1.51063829787
499299,500122,501738,823,1616,8,6000,1.50928217822
499356,520484,572708,21128,52224,2,52200,1.40456495098
499368,499390,527910,22,28520,2,34200,1.0007713885
499536,500884,511477,1348,10593,8,14400,1.12725384688
499803,505585,516863,5782,11278,8,14400,1.51267955311
499823,505590,517140,5767,11550,8,14400,1.49930735931
499854,511490,524897,11636,13407,8,14400,1.86790482584
499879,516875,529565,16996,12690,8,14400,2.33932230102
500115,500915,502544,800,1629,8,6000,1.49109883364
500127,500873,502484,746,1611,8,6000,1.46306641837
500873,500903,502514,30,1611,8,6000,1.01862197393
500905,501774,503391,869,1617,8,6000,1.53741496599
500916,501749,503365,833,1616,8,6000,1.51547029703
501667,531100,531101,29433,1,1,21600,2943.4
501749,502496,504105,747,1609,8,6000,1.46426351771
501771,502525,504136,754,1611,8,6000,1.46803227809
502498,502555,504181,57,1626,8,6000,1.03505535055
502530,503376,504990,846,1614,8,6000,1.52416356877
502552,503403,505012,851,1609,8,6000,1.52889993785
503060,504210,504332,1150,122,2,3600,10.4262295082
503372,504116,505743,744,1627,8,6000,1.45728334358
503404,504147,505747,743,1600,8,6000,1.464375
504121,504192,505892,71,1700,8,6000,1.04176470588
504153,505003,506640,850,1637,8,6000,1.5192425168
504195,505023,506652,828,1629,8,6000,1.50828729282
505005,505755,507382,750,1627,8,6000,1.46097111248
505018,531748,711763,26730,180015,8,180000,1.14848762603
505027,505761,507365,734,1604,8,6000,1.45760598504
505072,532916,638716,27844,105800,8,144000,1.2631758034
505754,505903,507528,149,1625,8,6000,1.09169230769
505765,506652,508283,887,1631,8,6000,1.54383813611
505900,506664,508293,764,1629,8,6000,1.46899938613
506249,506513,507108,264,595,2,3600,1.44369747899
506301,517152,519321,10851,2169,8,3600,6.00276625173
506406,519334,521676,12928,2342,8,3600,6.52006831768
506529,521688,523858,15159,2170,8,3600,7.98571428571
506580,523870,526165,17290,2295,8,3600,8.53376906318
506616,526172,528310,19556,2138,8,3600,10.1468662301
506637,528317,530504,21680,2187,8,3600,10.9131229995
506658,507394,509013,736,1619,8,6000,1.45460160593
506661,530614,532904,23953,2290,8,3600,11.4598253275
506669,507377,509023,708,1646,8,6000,1.43013365735
506684,534596,536849,27912,2253,8,3600,13.3888149134
507375,507540,509135,165,1595,8,6000,1.10344827586
507396,508295,509924,899,1629,8,6000,1.5518723143
507415,509900,510490,2485,590,2,3600,5.21186440678
507431,507621,507623,190,2,1,21600,19.2
507431,507635,507636,204,1,1,21600,20.5
507431,507660,507661,229,1,1,21600,23.0
507432,507857,507986,425,129,1,21600,4.29457364341
507432,507673,508607,241,934,1,21600,1.25802997859
507432,507751,509514,319,1763,1,21600,1.18094157686
507433,508541,509683,1108,1142,1,21600,1.97022767075
507433,507998,508529,565,531,1,21600,2.06403013183
507433,507906,510077,473,2171,1,21600,1.21787194841
507433,508482,509063,1049,581,1,21600,2.80550774527
507434,508620,508742,1186,122,1,21600,10.7213114754
507434,508754,508870,1320,116,1,21600,12.3793103448
507434,508882,508960,1448,78,1,21600,19.5641025641
507434,508976,509276,1542,300,1,21600,6.14
507435,509288,509753,1853,465,1,21600,4.98494623656
507435,509076,509433,1641,357,1,21600,5.59663865546
507435,509445,509446,2010,1,1,21600,201.1
507436,509497,509498,2061,1,1,21600,206.2
507436,509458,509459,2022,1,1,21600,202.3
507436,509484,509485,2048,1,1,21600,204.9
507436,509471,509472,2035,1,1,21600,203.6
507437,509526,509685,2089,159,1,21600,14.1383647799
507437,509695,509886,2258,191,1,21600,12.8219895288
507437,509510,510138,2073,628,1,21600,4.30095541401
507438,509704,509796,2266,92,1,21600,25.6304347826
507438,509791,509792,2353,1,1,21600,235.4
507438,509778,509779,2340,1,1,21600,234.1
507438,509765,509766,2327,1,1,21600,232.8
507439,509826,509827,2387,1,1,21600,238.8
507439,509819,509820,2380,1,1,21600,238.1
507439,509804,509805,2365,1,1,21600,236.6
507440,509841,509842,2401,1,1,21600,240.2
507440,509855,509856,2415,1,1,21600,241.6
507440,509848,509849,2408,1,1,21600,240.9
507441,509863,509864,2422,1,1,21600,242.3
507441,509870,509871,2429,1,1,21600,243.0
507441,509877,509878,2436,1,1,21600,243.7
507442,510089,510521,2647,432,1,21600,7.12731481481
507442,510151,510379,2709,228,1,21600,12.8815789474
507442,509892,510170,2450,278,1,21600,9.81294964029
507442,509885,509886,2443,1,1,21600,244.4
507443,510391,510592,2948,201,1,21600,15.6666666667
507443,510400,510556,2957,156,1,21600,19.9551282051
507443,510182,510387,2739,205,1,21600,14.3609756098
507444,510502,510503,3058,1,1,21600,305.9
507444,510515,510516,3071,1,1,21600,307.2
507444,510522,510523,3078,1,1,21600,307.9
507445,510541,511026,3096,485,1,21600,7.38350515464
507445,510529,510530,3084,1,1,21600,308.5
507446,510568,511199,3122,631,1,21600,5.94770206022
507446,510561,511240,3115,679,1,21600,5.58762886598
507446,510553,511047,3107,494,1,21600,7.28947368421
507446,510604,510871,3158,267,1,21600,12.8277153558
507447,510883,511400,3436,517,1,21600,7.64603481625
507447,511051,511207,3604,156,1,21600,24.1025641026
507448,511211,511367,3763,156,1,21600,25.1217948718
507448,511060,511244,3612,184,1,21600,20.6304347826
507448,511252,511602,3804,350,1,21600,11.8685714286
507448,511220,511375,3772,155,1,21600,25.335483871
507449,511412,511413,3963,1,1,21600,396.4
507449,511379,511782,3930,403,1,21600,10.7518610422
507449,511260,511573,3811,313,1,21600,13.1757188498
507449,511387,511779,3938,392,1,21600,11.0459183673
507450,511438,511439,3988,1,1,21600,398.9
507450,511451,511452,4001,1,1,21600,400.2
507450,511425,511426,3975,1,1,21600,397.6
507451,511591,511793,4140,202,1,21600,21.495049505
507451,511464,511465,4013,1,1,21600,401.4
507451,511614,511615,4163,1,1,21600,416.4
507451,511477,511739,4026,262,1,21600,16.3664122137
507452,511640,511914,4188,274,1,21600,16.2846715328
507452,511627,511628,4175,1,1,21600,417.6
507452,511751,512132,4299,381,1,21600,12.2834645669
507452,511791,512387,4339,596,1,21600,8.28020134228
507453,511799,512627,4346,828,1,21600,6.24879227053
507453,511820,511821,4367,1,1,21600,436.8
507453,511807,511808,4354,1,1,21600,435.5
507454,511872,511873,4418,1,1,21600,441.9
507454,511859,511860,4405,1,1,21600,440.6
507454,511846,511847,4392,1,1,21600,439.3
507454,511833,511834,4379,1,1,21600,438.0
507455,511885,511886,4430,1,1,21600,443.1
507455,511926,512138,4471,212,1,21600,22.0896226415
507455,511898,512085,4443,187,1,21600,24.7593582888
507455,512098,519954,4643,7856,1,21600,1.59101323829
507456,512151,512307,4695,156,1,21600,31.0961538462
507456,512285,512442,4829,157,1,21600,31.7579617834
507456,512310,512759,4854,449,1,21600,11.8106904232
507456,512144,512298,4688,154,1,21600,31.4415584416
507457,512399,513011,4942,612,1,21600,9.07516339869
507457,512454,512869,4997,415,1,21600,13.0409638554
507457,512330,513282,4873,952,1,21600,6.11869747899
507458,513023,513534,5565,511,1,21600,11.8904109589
507458,512772,513055,5314,283,1,21600,19.777385159
507458,512640,513165,5182,525,1,21600,10.8704761905
507458,512881,513355,5423,474,1,21600,12.44092827
507459,513067,513496,5608,429,1,21600,14.0722610723
507459,515301,515541,7842,240,1,21600,33.675
507459,513177,514157,5718,980,1,21600,6.83469387755
507459,515040,515289,7581,249,1,21600,31.4457831325
507460,515553,518450,8093,2897,1,21600,3.79357956507
507460,515654,515656,8194,2,1,21600,819.6
507460,515671,515672,8211,1,1,21600,821.2
507461,515684,516206,8223,522,1,21600,16.7528735632
507461,516605,516608,9144,3,1,21600,914.7
507461,516620,516621,9159,1,1,21600,916.0
507461,516218,516805,8757,587,1,21600,15.9182282794
507462,516818,516819,9356,1,1,21600,935.7
507462,516646,516647,9184,1,1,21600,918.5
507462,516659,517356,9197,697,1,21600,14.1951219512
507463,518305,518306,10842,1,1,21600,1084.3
507463,518318,518319,10855,1,1,21600,1085.6
507463,516831,516832,9368,1,1,21600,936.9
507464,516844,517098,9380,254,1,21600,37.9291338583
507464,518331,518332,10867,1,1,21600,1086.8
507465,517368,517537,9903,169,1,21600,59.5976331361
507465,517110,517374,9645,264,1,21600,37.5340909091
507465,517549,517785,10084,236,1,21600,43.7288135593
507465,517386,518642,9921,1256,1,21600,8.89888535032
507466,517805,518621,10339,816,1,21600,13.6703431373
507466,518359,518822,10893,463,1,21600,24.5269978402
507466,517797,518293,10331,496,1,21600,21.8286290323
507467,518839,518840,11372,1,1,21600,1137.3
507467,518654,519073,11187,419,1,21600,27.6992840095
507467,518633,519307,11166,674,1,21600,17.5667655786
507467,518462,519213,10995,751,1,21600,15.6404793609
507468,518877,518878,11409,1,1,21600,1141.0
507468,518864,518865,11396,1,1,21600,1139.7
507469,518919,518920,11450,1,1,21600,1145.1
507469,518932,518933,11463,1,1,21600,1146.4
507469,518906,518907,11437,1,1,21600,1143.8
507469,518893,518894,11424,1,1,21600,1142.5
507470,519085,519086,11615,1,1,21600,1161.6
507470,518945,518946,11475,1,1,21600,1147.6
507470,519238,519239,11768,1,1,21600,1176.9
507470,518958,519225,11488,267,1,21600,44.0262172285
507471,519098,519707,11627,609,1,21600,20.091954023
507471,519226,519502,11755,276,1,21600,43.5905797101
507471,519251,519495,11780,244,1,21600,49.2786885246
507472,519515,519782,12043,267,1,21600,46.1048689139
507472,519507,519765,12035,258,1,21600,47.6472868217
507472,519320,519548,11848,228,1,21600,52.9649122807
507473,519573,519764,12100,191,1,21600,64.3507853403
507473,519560,519561,12087,1,1,21600,1208.8
507473,519720,519942,12247,222,1,21600,56.1666666667
507474,519807,519808,12333,1,1,21600,1233.4
507474,519792,519793,12318,1,1,21600,1231.9
507474,519784,519785,12310,1,1,21600,1231.1
507474,519776,519777,12302,1,1,21600,1230.3
507475,522566,522567,15091,1,1,21600,1509.2
507475,522579,522580,15104,1,1,21600,1510.5
507475,519820,519821,12345,1,1,21600,1234.6
507476,522595,525629,15119,3034,1,21600,5.98319050758
507476,519954,521855,12478,1901,1,21600,7.56391372962
507476,519833,519834,12357,1,1,21600,1235.8
507476,519846,521289,12370,1443,1,21600,9.57241857242
507477,522213,522554,14736,341,1,21600,44.2140762463
507477,521867,522201,14390,334,1,21600,44.0838323353
507477,521301,521650,13824,349,1,21600,40.6103151862
507477,521662,523302,14185,1640,1,21600,9.6493902439
507478,523314,523995,15836,681,1,21600,24.2540381791
507478,526230,526473,18752,243,1,21600,78.1687242798
507478,526029,526590,18551,561,1,21600,34.0677361854
507479,526486,527116,19007,630,1,21600,31.1698412698
507479,526496,526722,19017,226,1,21600,85.1460176991
507479,524472,524473,16993,1,1,21600,1699.4
507479,524008,524604,16529,596,1,21600,28.7332214765
507480,524485,524486,17005,1,1,21600,1700.6
507480,524616,525330,17136,714,1,21600,25.0
507480,524499,525838,17019,1339,1,21600,13.7102315161
507481,525343,526483,17862,1140,1,21600,16.6684210526
507481,525850,526218,18369,368,1,21600,50.9157608696
507481,526602,528248,19121,1646,1,21600,12.6166464156
507481,525641,526017,18160,376,1,21600,49.2978723404
507482,526734,527710,19252,976,1,21600,20.7254098361
507482,527430,527716,19948,286,1,21600,70.7482517483
507482,527722,528019,20240,297,1,21600,69.1481481481
507482,527128,527418,19646,290,1,21600,68.7448275862
507483,528709,528913,21226,204,1,21600,105.049019608
507483,528678,529308,21195,630,1,21600,34.6428571429
507483,527729,528444,20246,715,1,21600,29.3160839161
507483,528032,528697,20549,665,1,21600,31.9007518797
507484,528262,528665,20778,403,1,21600,52.5583126551
507484,528382,529124,20898,742,1,21600,29.1644204852
507484,528162,528369,20678,207,1,21600,100.893719807
507485,528457,528909,20972,452,1,21600,47.3982300885
507485,529333,529334,21848,1,1,21600,2184.9
507485,528921,529331,21436,410,1,21600,53.2829268293
507486,528959,529241,21473,282,1,21600,77.1453900709
507486,528928,528929,21442,1,1,21600,2144.3
507487,529136,529409,21649,273,1,21600,80.3003663004
507487,529266,530181,21779,915,1,21600,24.8021857923
507488,529351,529352,21863,1,1,21600,2186.4
507488,529320,529321,21832,1,1,21600,2183.3
507488,529343,529344,21855,1,1,21600,2185.6
507488,529358,530029,21870,671,1,21600,33.5931445604
507489,529365,529366,21876,1,1,21600,2187.7
507489,529733,529734,22244,1,1,21600,2224.5
507490,529378,529721,21888,343,1,21600,64.8134110787
507490,529421,529779,21931,358,1,21600,62.2597765363
507490,529759,530035,22269,276,1,21600,81.6847826087
507490,529792,530048,22302,256,1,21600,88.1171875
507491,530060,530386,22569,326,1,21600,70.2300613497
507491,530041,530345,22550,304,1,21600,75.1776315789
507491,530048,530329,22557,281,1,21600,81.2740213523
507492,530357,530765,22865,408,1,21600,57.0416666667
507492,530193,531666,22701,1473,1,21600,16.4114052953
507492,530341,530794,22849,453,1,21600,51.4392935982
507492,530398,530660,22906,262,1,21600,88.427480916
507493,530581,530858,23088,277,1,21600,84.3501805054
507493,530555,530834,23062,279,1,21600,83.6594982079
507493,530560,530843,23067,283,1,21600,82.5088339223
507493,530565,530566,23072,1,1,21600,2307.3
507494,530576,530577,23082,1,1,21600,2308.3
507495,530608,530609,23113,1,1,21600,2311.4
507495,530592,530593,23097,1,1,21600,2309.8
507495,530603,530604,23108,1,1,21600,2310.9
507495,530597,530598,23102,1,1,21600,2310.3
507496,530712,530713,23216,1,1,21600,2321.7
507496,530730,530731,23234,1,1,21600,2323.5
507497,530777,530778,23280,1,1,21600,2328.1
507498,530798,530799,23300,1,1,21600,2330.1
507498,530791,530792,23293,1,1,21600,2329.4
507498,530805,531080,23307,275,1,21600,85.7527272727
507498,530812,531128,23314,316,1,21600,74.7784810127
507499,530817,531084,23318,267,1,21600,88.3333333333
507499,530948,531189,23449,241,1,21600,98.2987551867
507499,530942,531203,23443,261,1,21600,90.8199233716
507500,530991,531926,23491,935,1,21600,26.1240641711
507500,530964,531653,23464,689,1,21600,35.0551523948
507500,530959,531871,23459,912,1,21600,26.7225877193
507500,530953,531948,23453,995,1,21600,24.5708542714
507501,530969,531449,23468,480,1,21600,49.8916666667
507501,530980,531479,23479,499,1,21600,48.0521042084
507501,530974,531776,23473,802,1,21600,30.2680798005
507502,531024,531025,23522,1,1,21600,2352.3
507502,530985,531495,23483,510,1,21600,47.0450980392
507502,530996,530997,23494,1,1,21600,2349.5
507503,531036,531037,23533,1,1,21600,2353.4
507504,531074,531075,23570,1,1,21600,2357.1
507504,531095,531419,23591,324,1,21600,73.8117283951
507504,531087,531398,23583,311,1,21600,76.8295819936
507504,531166,531167,23662,1,1,21600,2366.3
507505,531108,531445,23603,337,1,21600,71.0385756677
507506,531210,534220,23704,3010,1,21600,8.87508305648
507507,532296,532815,24789,519,1,21600,48.7630057803
507507,531550,534387,24043,2837,1,21600,9.47479732111
507507,531216,533749,23709,2533,1,21600,10.3600473747
507508,531575,531939,24067,364,1,21600,67.1181318681
507508,531851,533749,24343,1898,1,21600,13.8256059009
507508,531679,532037,24171,358,1,21600,68.5167597765
507509,531894,531895,24385,1,1,21600,2438.6
507509,531952,532328,24443,376,1,21600,66.0079787234
507509,531907,532284,24398,377,1,21600,65.7161803714
507509,531881,531882,24372,1,1,21600,2437.3
507510,532014,532497,24504,483,1,21600,51.7329192547
507510,532171,532655,24661,484,1,21600,51.9524793388
507510,532049,532477,24539,428,1,21600,58.3341121495
507511,532489,532855,24978,366,1,21600,69.2459016393
507511,532235,532684,24724,449,1,21600,56.0645879733
507511,532733,534200,25222,1467,1,21600,18.1929107021
507511,532341,532706,24830,365,1,21600,69.0273972603
507512,532668,532964,25156,296,1,21600,85.9864864865
507512,532509,532779,24997,270,1,21600,93.5814814815
507512,532567,533306,25055,739,1,21600,34.9039242219
507513,532725,533087,25212,362,1,21600,70.6464088398
507514,532791,533106,25277,315,1,21600,81.2444444444
507514,532906,533743,25392,837,1,21600,31.3369175627
507514,532827,533172,25313,345,1,21600,74.3710144928
507515,532880,532881,25365,1,1,21600,2536.6
507515,532893,532894,25378,1,1,21600,2537.9
507516,532922,533269,25406,347,1,21600,74.2161383285
507516,532933,532934,25417,1,1,21600,2541.8
507516,532927,532929,25411,2,1,21600,2541.3
507517,532938,532939,25421,1,1,21600,2542.2
507517,532951,533409,25434,458,1,21600,56.5327510917
507517,533099,535637,25582,2538,1,21600,11.0795902285
507517,532946,534588,25429,1642,1,21600,16.4866017052
507518,536867,537181,29349,314,1,21600,94.4681528662
507518,532976,533625,25458,649,1,21600,40.2265023112
507518,532959,533341,25441,382,1,21600,67.5994764398
507519,533184,537030,25665,3846,1,21600,7.67316692668
507519,536872,538740,29353,1868,1,21600,16.7135974304
507519,533281,534219,25762,938,1,21600,28.4648187633
507519,533118,533556,25599,438,1,21600,59.4452054795
507544,508305,509914,761,1609,8,6000,1.47296457427
507628,533361,535549,25733,2188,1,21600,12.7609689214
507628,533344,533345,25716,1,1,21600,2571.7
507629,533369,546579,25740,13210,1,21600,2.94852384557
507629,536878,537289,29249,411,1,21600,72.1654501217
507629,533421,536346,25792,2925,1,21600,9.81777777778
507630,533638,534535,26008,897,1,21600,29.994425864
507630,533568,534335,25938,767,1,21600,34.8174706649
507631,533756,536101,26125,2345,1,21600,12.1407249467
507631,533763,533901,26132,138,1,21600,190.362318841
507631,533768,534231,26137,463,1,21600,57.4514038877
507632,536358,536892,28726,534,1,21600,54.7940074906
507632,533913,534266,26281,353,1,21600,75.4504249292
507633,536658,537382,29025,724,1,21600,41.0897790055
507633,536861,537978,29228,1117,1,21600,27.1665174575
507634,536888,536889,29254,1,1,21600,2925.5
507634,536883,536890,29249,7,1,21600,2925.6
507634,536955,536956,29321,1,1,21600,2932.2
507635,536899,539141,29264,2242,1,21600,14.0526315789
507635,536905,537488,29270,583,1,21600,51.2058319039
507635,536894,536898,29259,4,1,21600,2926.3
507636,536910,536911,29274,1,1,21600,2927.5
507636,537194,538076,29558,882,1,21600,34.5124716553
507636,537146,537823,29510,677,1,21600,44.5893648449
507637,536915,536916,29278,1,1,21600,2927.9
507637,537042,537043,29405,1,1,21600,2940.6
507637,536921,536922,29284,1,1,21600,2928.5
507638,536931,536934,29293,3,1,21600,2929.6
507638,536926,536927,29288,1,1,21600,2928.9
507639,536942,536943,29303,1,1,21600,2930.4
507640,537081,537082,29441,1,1,21600,2944.2
507640,537068,537069,29428,1,1,21600,2942.9
507641,537120,537121,29479,1,1,21600,2948.0
507641,537133,537134,29492,1,1,21600,2949.3
507642,537302,538316,29660,1014,1,21600,30.2504930966
507642,537501,538300,29859,799,1,21600,38.3704630788
507642,537394,538119,29752,725,1,21600,42.0372413793
507643,537835,538488,30192,653,1,21600,47.2358346095
507643,537990,538621,30347,631,1,21600,49.0935023772
507644,538144,538146,30500,2,1,21600,3050.2
507644,538131,538132,30487,1,1,21600,3048.8
507644,538088,539945,30444,1857,1,21600,17.394184168
507645,538171,538172,30526,1,1,21600,3052.7
507645,538158,538159,30513,1,1,21600,3051.4
507646,538184,538185,30538,1,1,21600,3053.9
507646,538500,538501,30854,1,1,21600,3085.5
507646,538328,540098,30682,1770,1,21600,18.3344632768
507646,538197,538198,30551,1,1,21600,3055.2
507647,540041,545305,32394,5264,1,21600,7.15387537994
507647,538210,541296,30563,3086,1,21600,10.9037589112
507647,538312,541141,30665,2829,1,21600,11.8395192648
507648,538513,539867,30865,1354,1,21600,23.7954209749
507648,538634,539932,30986,1298,1,21600,24.8721109399
507649,539958,540839,32309,881,1,21600,37.6730987514
507649,540123,540735,32474,612,1,21600,54.0620915033
507649,540017,540557,32368,540,1,21600,60.9407407407
507650,539963,540477,32313,514,1,21600,63.8657587549
507650,539969,541223,32319,1254,1,21600,26.7727272727
507650,539974,541551,32324,1577,1,21600,21.4971464807
507651,539979,540964,32328,985,1,21600,33.8203045685
507651,539990,539991,32339,1,1,21600,3234.0
507651,539985,541644,32334,1659,1,21600,20.4900542495
507652,540006,540007,32354,1,1,21600,3235.5
507652,540001,540002,32349,1,1,21600,3235.0
507653,540023,541076,32370,1053,1,21600,31.7407407407
507653,540934,541631,33281,697,1,21600,48.7489239598
507653,541004,541005,33351,1,1,21600,3335.2
507654,541017,541937,33363,920,1,21600,37.2641304348
507654,541011,541012,33357,1,1,21600,3335.8
507654,540028,542787,32374,2759,1,21600,12.7339615803
507655,540940,546365,33285,5425,1,21600,7.13548387097
507655,540033,540996,32378,963,1,21600,34.6220145379
507656,540996,540998,33340,2,1,21600,3334.2
507656,540976,540977,33320,1,1,21600,3332.1
507656,540989,540990,33333,1,1,21600,3333.4
507657,541024,541025,33367,1,1,21600,3336.8
507657,541029,541030,33372,1,1,21600,3337.3
507657,541057,541058,33400,1,1,21600,3340.1
507658,541044,541803,33386,759,1,21600,44.9868247694
507658,541037,541038,33379,1,1,21600,3338.0
507658,541049,541725,33391,676,1,21600,50.3949704142
507659,541154,542889,33495,1735,1,21600,20.3054755043
507659,541089,542823,33430,1734,1,21600,20.2791234141
507659,541070,546741,33411,5671,1,21600,6.8915535179
507660,541643,541775,33983,132,1,21600,258.446969697
507660,541235,541987,33575,752,1,21600,45.647606383
507660,541308,547856,33648,6548,1,21600,6.13866829566
507661,541563,542243,33902,680,1,21600,50.8558823529
507661,541657,542879,33996,1222,1,21600,28.8199672668
507661,541737,542854,34076,1117,1,21600,31.5067144136
507662,543856,544780,36194,924,1,21600,40.170995671
507662,542777,543844,35115,1067,1,21600,33.9100281162
507662,543891,545347,36229,1456,1,21600,25.8825549451
507663,541950,542747,34287,797,1,21600,44.0200752823
507663,541787,542686,34124,899,1,21600,38.957730812
507663,541815,542716,34152,901,1,21600,38.9045504994
507664,542255,542256,34591,1,1,21600,3459.2
507664,541999,542759,34335,760,1,21600,46.1776315789
507664,542268,545588,34604,3320,1,21600,11.4228915663
507665,542711,544554,35046,1843,1,21600,20.0157352143
507665,542698,542699,35033,1,1,21600,3503.4
507665,542729,544495,35064,1766,1,21600,20.8550396376
507666,542759,542760,35093,1,1,21600,3509.4
507666,542771,542772,35105,1,1,21600,3510.6
507667,542804,546075,35137,3271,1,21600,11.7419749312
507667,542797,542798,35130,1,1,21600,3513.1
507667,542784,542785,35117,1,1,21600,3511.8
507668,542825,542826,35157,1,1,21600,3515.8
507668,542835,542836,35167,1,1,21600,3516.8
507668,542812,542813,35144,1,1,21600,3514.5
507669,542858,542859,35189,1,1,21600,3519.0
507669,542851,542852,35182,1,1,21600,3518.3
507669,542843,542844,35174,1,1,21600,3517.5
507670,542865,544093,35195,1228,1,21600,29.6604234528
507670,542878,543727,35208,849,1,21600,42.4699646643
507670,542872,543610,35202,738,1,21600,48.6991869919
507671,543564,544509,35893,945,1,21600,38.982010582
507671,542893,545330,35222,2437,1,21600,15.4530160033
507671,542901,543775,35230,874,1,21600,41.3089244851
507672,543622,544666,35950,1044,1,21600,35.4348659004
507672,543747,545073,36075,1326,1,21600,28.2058823529
507672,543740,544608,36068,868,1,21600,42.5529953917
507673,543787,546431,36114,2644,1,21600,14.6588502269
507673,543964,543965,36291,1,1,21600,3629.2
507673,543928,545106,36255,1178,1,21600,31.7767402377
507674,543977,543978,36303,1,1,21600,3630.4
507674,544411,544413,36737,2,1,21600,3673.9
507674,544105,544106,36431,1,1,21600,3643.2
507675,544003,544004,36328,1,1,21600,3632.9
507675,544425,544426,36750,1,1,21600,3675.1
507675,543990,543991,36315,1,1,21600,3631.6
507676,544015,544016,36339,1,1,21600,3634.0
507677,544042,544043,36365,1,1,21600,3636.6
507677,544055,546370,36378,2315,1,21600,16.7140388769
507677,544035,544902,36358,867,1,21600,42.9354094579
507678,544060,544872,36382,812,1,21600,45.8054187192
507678,544118,545271,36440,1153,1,21600,32.604509974
507678,545283,546245,37605,962,1,21600,40.0904365904
507678,544088,544993,36410,905,1,21600,41.2320441989
507679,545317,546289,37638,972,1,21600,39.7222222222
507680,544508,545421,36828,913,1,21600,41.3373493976
507680,544438,545123,36758,685,1,21600,54.6613138686
507680,544522,544523,36842,1,1,21600,3684.3
507681,544548,544549,36867,1,1,21600,3686.8
507681,544535,544536,36854,1,1,21600,3685.5
507681,544561,544562,36880,1,1,21600,3688.1
507682,544569,544570,36887,1,1,21600,3688.8
507682,544576,544577,36894,1,1,21600,3689.5
507682,544583,544584,36901,1,1,21600,3690.2
507683,544599,547538,36916,2939,1,21600,13.5607349439
507683,544606,548097,36923,3491,1,21600,11.5766256087
507683,544591,544592,36908,1,1,21600,3690.9
507684,544729,547517,37045,2788,1,21600,14.287302726
507684,544620,551060,36936,6440,1,21600,6.73540372671
507684,544678,547572,36994,2894,1,21600,13.7829993089
507684,544792,545902,37108,1110,1,21600,34.4306306306
507685,544914,546627,37229,1713,1,21600,22.7332165791
507685,545005,546541,37320,1536,1,21600,25.296875
507685,544884,547498,37199,2614,1,21600,15.2306809487
507686,545087,545931,37401,844,1,21600,45.3139810427
507686,545093,545230,37407,137,1,21600,274.04379562
507686,545118,545901,37432,783,1,21600,48.8058748404
507687,545224,545225,37537,1,1,21600,3753.8
507687,545136,546166,37449,1030,1,21600,37.3582524272
507687,545211,545212,37524,1,1,21600,3752.5
507688,545244,547012,37556,1768,1,21600,22.242081448
507688,545237,547740,37549,2503,1,21600,16.0015980823
507688,545355,549362,37667,4007,1,21600,10.4002994759
507689,545523,546735,37834,1212,1,21600,32.2161716172
507689,545434,546470,37745,1036,1,21600,37.4333976834
507689,545362,546400,37673,1038,1,21600,37.2938342967
507690,545534,546329,37844,795,1,21600,48.6025157233
507690,545545,546822,37855,1277,1,21600,30.6436961629
507690,545540,546656,37850,1116,1,21600,34.9157706093
507690,545529,546415,37839,886,1,21600,43.7076749436
507691,545551,548633,37860,3082,1,21600,13.2842310188
507691,545556,547885,37865,2329,1,21600,17.2580506655
507692,545913,546972,38221,1059,1,21600,37.0915958451
507692,545562,546556,37870,994,1,21600,39.0985915493
507692,545600,546364,37908,764,1,21600,50.6178010471
507693,545943,546897,38250,954,1,21600,41.0943396226
507693,545920,546779,38227,859,1,21600,45.5017462165
507693,546087,546911,38394,824,1,21600,47.5946601942
507694,546257,546258,38563,1,1,21600,3856.4
507694,546270,546271,38576,1,1,21600,3857.7
507694,546179,546952,38485,773,1,21600,50.786545925
507694,546283,546284,38589,1,1,21600,3859.0
507695,546296,547263,38601,967,1,21600,40.9183040331
507695,546377,547378,38682,1001,1,21600,39.6433566434
507695,546303,546304,38608,1,1,21600,3860.9
507696,546316,549721,38620,3405,1,21600,12.342143906
507697,546367,546368,38670,1,1,21600,3867.1
507697,546390,546391,38693,1,1,21600,3869.4
507697,546383,548739,38686,2356,1,21600,17.4202037351
507697,546354,546355,38657,1,1,21600,3865.8
507698,546403,546404,38705,1,1,21600,3870.6
507698,546410,548541,38712,2131,1,21600,19.1661191929
507699,546430,547513,38731,1083,1,21600,36.7626962142
507699,546423,548216,38724,1793,1,21600,22.5973229225
507699,546417,548582,38718,2165,1,21600,18.8836027714
507700,546524,546795,38824,271,1,21600,144.26199262
507700,546443,547653,38743,1210,1,21600,33.0190082645
507700,546483,547430,38783,947,1,21600,41.9535374868
507701,546568,551962,38867,5394,1,21600,8.2055988135
507701,546591,547834,38890,1243,1,21600,32.2872083669
507701,546554,547607,38853,1053,1,21600,37.8974358974
507702,546747,548520,39045,1773,1,21600,23.0219966159
507702,546639,548111,38937,1472,1,21600,27.4517663043
507702,546668,547900,38966,1232,1,21600,32.6282467532
507703,546795,546796,39092,1,1,21600,3909.3
507703,546756,547838,39053,1082,1,21600,37.0933456562
507703,546820,546821,39117,1,1,21600,3911.8
507704,546807,546808,39103,1,1,21600,3910.4
507705,546841,546842,39136,1,1,21600,3913.7
507706,546860,546861,39154,1,1,21600,3915.5
507706,546853,546854,39147,1,1,21600,3914.8
507707,546872,546873,39165,1,1,21600,3916.6
507707,546865,546866,39158,1,1,21600,3915.9
507708,546897,546898,39189,1,1,21600,3919.0
507708,546890,546891,39182,1,1,21600,3918.3
507708,546885,546886,39177,1,1,21600,3917.8
507709,546910,548205,39201,1295,1,21600,31.271042471
507709,547525,547526,39816,1,1,21600,3981.7
507709,546903,548019,39194,1116,1,21600,36.1200716846
507710,546915,547823,39205,908,1,21600,44.1773127753
507710,546928,547837,39218,909,1,21600,44.1441144114
507710,546921,548722,39211,1801,1,21600,22.7717934481
507711,546965,549031,39254,2066,1,21600,20.0
507711,547024,552352,39313,5328,1,21600,8.37856606607
507711,546984,548790,39273,1806,1,21600,22.7458471761
507712,547275,549593,39563,2318,1,21600,18.0677308024
507712,547390,548912,39678,1522,1,21600,27.0696452037
507712,547442,549553,39730,2111,1,21600,19.820464235
507713,547539,547540,39826,1,1,21600,3982.7
507713,547512,549188,39799,1676,1,21600,24.7464200477
507713,547532,549567,39819,2035,1,21600,20.5670761671
507714,547550,547551,39836,1,1,21600,3983.7
507714,547557,547558,39843,1,1,21600,3984.4
507715,547578,547579,39863,1,1,21600,3986.4
507715,547564,547565,39849,1,1,21600,3985.0
507715,547571,547572,39856,1,1,21600,3985.7
507716,547585,547586,39869,1,1,21600,3987.0
507716,547598,548922,39882,1324,1,21600,31.1223564955
507717,547610,547611,39893,1,1,21600,3989.4
507717,547836,549150,40119,1314,1,21600,31.5319634703
507717,547603,549657,39886,2054,1,21600,20.4186952288
507718,547626,547627,39908,1,1,21600,3990.9
507719,547847,547848,40128,1,1,21600,4012.9
507719,547642,555699,39923,8057,1,21600,5.95507012536
507720,547665,549642,39945,1977,1,21600,21.2048558422
507720,547650,548069,39930,419,1,21600,96.2983293556
507720,547854,569484,40134,21630,1,21600,2.85547850208
507721,547867,556701,40146,8834,1,21600,5.54448720851
507721,547860,548982,40139,1122,1,21600,36.7745098039
507721,547752,548706,40031,954,1,21600,42.9612159329
507722,547874,547875,40152,1,1,21600,4015.3
507722,548413,548414,40691,1,1,21600,4069.2
507723,547913,549312,40190,1399,1,21600,29.7276626162
507723,547897,550571,40174,2674,1,21600,16.023934181
507723,547887,549258,40164,1371,1,21600,30.295404814
507723,548440,548441,40717,1,1,21600,4071.8
507724,548082,549465,40358,1383,1,21600,30.1814895155
507724,548032,549535,40308,1503,1,21600,27.8183632735
507725,548123,550628,40398,2505,1,21600,17.1269461078
507725,548109,550035,40384,1926,1,21600,21.9678089304
507725,548217,549694,40492,1477,1,21600,28.4150304672
507726,548229,550317,40503,2088,1,21600,20.3979885057
507726,548397,551407,40671,3010,1,21600,14.5119601329
507726,548391,550066,40665,1675,1,21600,25.2776119403
507727,548418,548420,40691,2,1,21600,4069.3
507727,548402,549845,40675,1443,1,21600,29.1878031878
507728,548435,550158,40707,1723,1,21600,24.6256529309
507728,548429,549920,40701,1491,1,21600,28.2977867203
507728,548424,548425,40696,1,1,21600,4069.7
507729,548446,550046,40717,1600,1,21600,26.448125
507729,548451,551510,40722,3059,1,21600,14.3121935273
507730,548475,549910,40745,1435,1,21600,29.393728223
507730,548469,548470,40739,1,1,21600,4074.0
507731,548493,548494,40762,1,1,21600,4076.3
507732,548498,549040,40766,542,1,21600,76.2140221402
507733,548511,549837,40778,1326,1,21600,31.7526395173
507733,548504,552981,40771,4477,1,21600,10.1067679249
507733,548517,548986,40784,469,1,21600,87.9594882729
507734,548612,549652,40878,1040,1,21600,40.3057692308
507734,548592,551834,40858,3242,1,21600,13.6027143738
507734,548803,551087,41069,2284,1,21600,18.98117338
507735,548522,570158,40787,21636,1,21600,2.88514512849
507735,548924,550318,41189,1394,1,21600,30.5473457676
507735,548533,550652,40798,2119,1,21600,20.2534214252
507831,548599,548600,40768,1,1,21600,4076.9
507831,548566,548567,40735,1,1,21600,4073.6
507831,548579,548580,40748,1,1,21600,4074.9
507832,548718,553412,40886,4694,1,21600,9.71026842778
507832,548645,551096,40813,2451,1,21600,17.6515707874
507832,548735,548992,40903,257,1,21600,160.155642023
507833,548934,549592,41101,658,1,21600,63.4635258359
507833,548994,550206,41161,1212,1,21600,34.9612211221
507833,548751,553484,40918,4733,1,21600,9.64525670822
507834,549001,551928,41167,2927,1,21600,15.0645712333
507834,549008,549276,41174,268,1,21600,154.634328358
507834,549043,549543,41209,500,1,21600,83.418
507834,549053,549240,41219,187,1,21600,221.422459893
507835,549201,550291,41366,1090,1,21600,38.9504587156
507835,549162,549648,41327,486,1,21600,86.0349794239
507835,549182,549776,41347,594,1,21600,70.6077441077
507836,549252,549253,41416,1,1,21600,4141.7
507836,549273,549274,41437,1,1,21600,4143.8
507836,549280,549281,41444,1,1,21600,4144.5
507837,549287,549288,41450,1,1,21600,4145.1
507837,549294,549711,41457,417,1,21600,100.417266187
507837,549300,549576,41463,276,1,21600,151.22826087
507838,549326,549595,41488,269,1,21600,155.230483271
507838,549374,549375,41536,1,1,21600,4153.7
507838,549307,549795,41469,488,1,21600,85.9774590164
507839,549485,549486,41646,1,1,21600,4164.7
507839,549400,549401,41561,1,1,21600,4156.2
507839,549387,549388,41548,1,1,21600,4154.9
507840,549452,549453,41612,1,1,21600,4161.3
507840,549426,549427,41586,1,1,21600,4158.7
507841,549465,549466,41624,1,1,21600,4162.5
507842,549493,549494,41651,1,1,21600,4165.2
507842,549477,549478,41635,1,1,21600,4163.6
507843,549500,549501,41657,1,1,21600,4165.8
507843,549508,549509,41665,1,1,21600,4166.6
507843,549522,549523,41679,1,1,21600,4168.0
507843,549515,549516,41672,1,1,21600,4167.3
507844,549548,550109,41704,561,1,21600,75.3386809269
507844,549530,550105,41686,575,1,21600,73.4973913043
507844,549538,550109,41694,571,1,21600,74.0192644483
507845,549588,549589,41743,1,1,21600,4174.4
507845,549579,549940,41734,361,1,21600,116.606648199
507845,549566,549905,41721,339,1,21600,124.07079646
507845,549555,549914,41710,359,1,21600,117.183844011
507846,549670,549671,41824,1,1,21600,4182.5
507846,549601,549602,41755,1,1,21600,4175.6
507847,549688,549689,41841,1,1,21600,4184.2
507848,549733,550953,41885,1220,1,21600,35.3319672131
507848,549608,549609,41760,1,1,21600,4176.1
507848,549614,551153,41766,1539,1,21600,28.1384015595
507849,549619,550694,41770,1075,1,21600,39.8558139535
507849,549655,550782,41806,1127,1,21600,38.0949423248
507849,549626,550508,41777,882,1,21600,48.3662131519
507849,549632,550125,41783,493,1,21600,85.752535497
507850,549966,550308,42116,342,1,21600,124.14619883
507850,549662,549663,41812,1,1,21600,4181.3
507850,549959,550242,42109,283,1,21600,149.795053004
507851,549708,550344,41857,636,1,21600,66.8128930818
507851,549701,550461,41850,760,1,21600,56.0657894737
507851,549972,550277,42121,305,1,21600,139.101639344
507851,549695,549981,41844,286,1,21600,147.307692308
507852,549714,550589,41862,875,1,21600,48.8422857143
507852,549789,549790,41937,1,1,21600,4193.8
507852,549723,550189,41871,466,1,21600,90.8519313305
507853,549802,549803,41949,1,1,21600,4195.0
507853,549817,549818,41964,1,1,21600,4196.5
507853,549810,549811,41957,1,1,21600,4195.8
507854,549825,549826,41971,1,1,21600,4197.2
507854,549839,550175,41985,336,1,21600,125.955357143
507854,549832,550228,41978,396,1,21600,107.005050505
507855,549865,550516,42010,651,1,21600,65.5314900154
507855,549857,549858,42002,1,1,21600,4200.3
507855,549849,549850,41994,1,1,21600,4199.5
507856,549872,550864,42016,992,1,21600,43.3548387097
507856,549918,551108,42062,1190,1,21600,36.3462184874
507856,549925,552214,42069,2289,1,21600,19.378768021
507857,549939,549940,42082,1,1,21600,4208.3
507858,550019,550020,42161,1,1,21600,4216.2
507858,550006,550007,42148,1,1,21600,4214.9
507858,549993,549994,42135,1,1,21600,4213.6
507859,550032,550440,42173,408,1,21600,104.365196078
507859,550078,550360,42219,282,1,21600,150.712765957
507859,550058,552252,42199,2194,1,21600,20.2338195077
507859,550048,550691,42189,643,1,21600,66.6127527216
507860,550125,550413,42265,288,1,21600,147.753472222
507860,550117,550360,42257,243,1,21600,174.897119342
507860,550131,550845,42271,714,1,21600,60.2030812325
507861,550138,552918,42277,2780,1,21600,16.2075539568
507861,550171,550973,42310,802,1,21600,53.7556109726
507861,550187,551489,42326,1302,1,21600,33.5084485407
507862,550305,551173,42443,868,1,21600,49.8974654378
507862,550201,551542,42339,1341,1,21600,32.5727069351
507862,550336,552895,42474,2559,1,21600,17.5978898007
507862,550289,552939,42427,2650,1,21600,17.0101886792
507863,550254,550922,42391,668,1,21600,64.4595808383
507863,550241,551297,42378,1056,1,21600,41.1306818182
507863,550218,551350,42355,1132,1,21600,38.4160777385
507864,550344,552914,42480,2570,1,21600,17.5291828794
507864,550320,550846,42456,526,1,21600,81.7148288973
507864,550329,550330,42465,1,1,21600,4246.6
507864,550356,550357,42492,1,1,21600,4249.3
507865,550425,551723,42560,1298,1,21600,33.7889060092
507865,550369,551957,42504,1588,1,21600,27.765743073
507865,550376,550377,42511,1,1,21600,4251.2
507866,550432,550433,42566,1,1,21600,4256.7
507866,550389,550390,42523,1,1,21600,4252.4
507867,550445,550446,42578,1,1,21600,4257.9
507867,550396,552337,42529,1941,1,21600,22.9108706852
507867,550416,550417,42549,1,1,21600,4255.0
507867,550403,550404,42536,1,1,21600,4253.7
507868,550453,550454,42585,1,1,21600,4258.6
507868,556709,556710,48841,1,1,21600,4884.2
507868,550460,550461,42592,1,1,21600,4259.3
507869,556716,557383,48847,667,1,21600,74.2338830585
507869,550480,550988,42611,508,1,21600,84.8799212598
507869,550473,551437,42604,964,1,21600,45.1950207469
507869,550486,553982,42617,3496,1,21600,13.1902173913
507870,556723,557787,48853,1064,1,21600,46.9144736842
507870,557799,558674,49929,875,1,21600,58.0617142857
507870,557717,559096,49847,1379,1,21600,37.1472081218
507870,556280,556697,48410,417,1,21600,117.091127098
507871,560137,561397,52266,1260,1,21600,42.480952381
507871,558686,560125,50815,1439,1,21600,36.3127171647
507871,558409,562444,50538,4035,1,21600,13.5249070632
507872,561435,561436,53563,1,1,21600,5356.4
507872,561422,561423,53550,1,1,21600,5355.1
507872,561448,561449,53576,1,1,21600,5357.7
507873,561461,561462,53588,1,1,21600,5358.9
507873,561474,561475,53601,1,1,21600,5360.2
507873,561487,561488,53614,1,1,21600,5361.5
507874,561500,561501,53626,1,1,21600,5362.7
507874,561539,562048,53665,509,1,21600,106.432220039
507875,563494,564076,55619,582,1,21600,96.5652920962
507875,562060,562061,54185,1,1,21600,5418.6
507875,563499,564078,55624,579,1,21600,97.0690846287
507875,562073,563742,54198,1669,1,21600,33.4733373277
507876,563532,564077,55656,545,1,21600,103.121100917
507876,563543,564141,55667,598,1,21600,94.0886287625
507876,563538,564361,55662,823,1,21600,68.6330498177
507877,563516,563881,55639,365,1,21600,153.435616438
507877,563510,563890,55633,380,1,21600,147.402631579
507877,563505,563507,55628,2,1,21600,5563.0
507877,563521,563523,55644,2,1,21600,5564.6
507878,563527,563528,55649,1,1,21600,5565.0
507878,563554,563555,55676,1,1,21600,5567.7
507879,563824,563825,55945,1,1,21600,5594.6
507880,563847,566576,55967,2729,1,21600,21.5082447783
507880,563854,567851,55974,3997,1,21600,15.0040030023
507880,564087,565540,56207,1453,1,21600,39.683413627
507881,563859,564525,55978,666,1,21600,85.0510510511
507881,564107,564797,56226,690,1,21600,82.4869565217
507881,564099,564859,56218,760,1,21600,74.9710526316
507881,564094,566945,56213,2851,1,21600,20.7169414241
507882,564153,565504,56271,1351,1,21600,42.651369356
507882,564761,565706,56879,945,1,21600,61.1894179894
507882,564537,565626,56655,1089,1,21600,53.0247933884
507882,564700,565179,56818,479,1,21600,119.617954071
507883,564766,565237,56883,471,1,21600,121.770700637
507883,564809,565918,56926,1109,1,21600,52.3309287647
507884,564726,566489,56842,1763,1,21600,33.2416335791
507884,564871,566612,56987,1741,1,21600,33.7323377369
507884,564733,566065,56849,1332,1,21600,43.6794294294
507885,566054,566746,58169,692,1,21600,85.0592485549
507885,566077,569081,58192,3004,1,21600,20.3715046605
507885,565191,566042,57306,851,1,21600,68.33960047
507886,565930,566533,58044,603,1,21600,97.2587064677
507886,565719,566231,57833,512,1,21600,113.955078125
507886,565300,568004,57414,2704,1,21600,22.2329881657
507886,565775,566407,57889,632,1,21600,92.5965189873
507887,566244,566834,58357,590,1,21600,99.9101694915
507887,566588,567051,58701,463,1,21600,127.784017279
507887,566196,567070,58309,874,1,21600,67.7151029748
507887,566228,566877,58341,649,1,21600,90.8936825886
507888,566502,567149,58614,647,1,21600,91.5935085008
507888,570664,571656,62776,992,1,21600,64.2822580645
507888,566546,567311,58658,765,1,21600,77.677124183
507889,566572,567527,58683,955,1,21600,62.4481675393
507889,570670,571554,62781,884,1,21600,72.0192307692
507889,570653,570654,62764,1,1,21600,6276.5
507889,572152,572153,64263,1,1,21600,6426.4
507890,570659,570660,62769,1,1,21600,6277.0
507890,570692,571466,62802,774,1,21600,82.1395348837
507890,570675,571238,62785,563,1,21600,112.518650089
507891,570697,570698,62806,1,1,21600,6280.7
507891,570686,572919,62795,2233,1,21600,29.1213613972
507892,570724,570725,62832,1,1,21600,6283.3
507892,570713,572583,62821,1870,1,21600,34.5941176471
507893,570729,570730,62836,1,1,21600,6283.7
507893,571567,572595,63674,1028,1,21600,62.939688716
507893,572166,573006,64273,840,1,21600,77.5154761905
507894,571583,572183,63689,600,1,21600,107.148333333
507894,571589,572119,63695,530,1,21600,121.179245283
507894,571578,572240,63684,662,1,21600,97.1993957704
507894,571573,572398,63679,825,1,21600,78.1866666667
507895,571607,572343,63712,736,1,21600,87.5652173913
507895,571594,572233,63699,639,1,21600,100.685446009
507895,571599,572593,63704,994,1,21600,65.0885311871
507896,571628,572135,63732,507,1,21600,126.704142012
507896,571612,572594,63716,982,1,21600,65.883910387
507896,571623,572152,63727,529,1,21600,121.466918715
507896,571617,572140,63721,523,1,21600,122.837476099
507897,572203,572718,64306,515,1,21600,125.866019417
507898,572253,572254,64355,1,1,21600,6435.6
507899,572318,572319,64419,1,1,21600,6442.0
507899,572305,572306,64406,1,1,21600,6440.7
507899,572292,572293,64393,1,1,21600,6439.4
507900,572344,572345,64444,1,1,21600,6444.5
507900,572331,572332,64431,1,1,21600,6443.2
507900,572369,572370,64469,1,1,21600,6447.0
507901,572383,572384,64482,1,1,21600,6448.3
507901,572390,572391,64489,1,1,21600,6449.0
507902,572412,573192,64510,780,1,21600,83.7051282051
507902,572397,572398,64495,1,1,21600,6449.6
507902,572404,572405,64502,1,1,21600,6450.3
507902,572418,573105,64516,687,1,21600,94.9097525473
507903,572991,573733,65088,742,1,21600,88.7196765499
507903,572456,572985,64553,529,1,21600,123.028355388
507903,572595,577147,64692,4552,1,21600,15.2117750439
507903,572425,572972,64522,547,1,21600,118.956124314
507904,572606,578099,64702,5493,1,21600,12.7789914437
507904,572611,577023,64707,4412,1,21600,15.666137806
507904,572618,574800,64714,2182,1,21600,30.658111824
507905,572720,573930,64815,1210,1,21600,54.5661157025
507905,572666,573803,64761,1137,1,21600,57.9577836412
507905,572725,574057,64820,1332,1,21600,49.6636636637
507905,572733,573973,64828,1240,1,21600,53.2806451613
507906,572932,572933,65026,1,1,21600,6502.7
507906,572958,572959,65052,1,1,21600,6505.3
507907,572984,572985,65077,1,1,21600,6507.8
507907,572998,572999,65091,1,1,21600,6509.2
507908,573023,573287,65115,264,1,21600,247.647727273
507908,573031,573809,65123,778,1,21600,84.705655527
507908,573011,573012,65103,1,1,21600,6510.4
507908,573018,573762,65110,744,1,21600,88.5134408602
507909,573130,573131,65221,1,1,21600,6522.2
507909,573143,573144,65234,1,1,21600,6523.5
507909,573117,573118,65208,1,1,21600,6520.9
507910,573182,579282,65272,6100,1,21600,11.7003278689
507910,573156,573157,65246,1,1,21600,6524.7
507911,573205,582286,65294,9081,1,21600,8.19017729325
507911,573300,574359,65389,1059,1,21600,62.74598678
507911,573189,578021,65278,4832,1,21600,14.5095198675
507912,573774,576114,65862,2340,1,21600,29.1461538462
507912,573745,574466,65833,721,1,21600,92.3079056865
507912,579566,580231,71654,665,1,21600,108.75037594
507913,573837,574691,65924,854,1,21600,78.1943793911
507913,573823,573824,65910,1,1,21600,6591.1
507913,573830,573831,65917,1,1,21600,6591.8
507914,573844,574691,65930,847,1,21600,78.839433294
507914,573985,575246,66071,1261,1,21600,53.3957176844
507914,574070,575198,66156,1128,1,21600,59.6489361702
507914,573942,574943,66028,1001,1,21600,66.962037962
507915,577489,579087,69574,1598,1,21600,44.5381727159
507915,577500,578333,69585,833,1,21600,84.5354141657
507915,577494,579215,69579,1721,1,21600,41.4294015107
507916,577505,578453,69589,948,1,21600,74.4061181435
507916,577521,578206,69605,685,1,21600,102.613138686
507916,577516,579425,69600,1909,1,21600,37.4588789942
507916,577510,578120,69594,610,1,21600,115.08852459
507917,578219,578220,70302,1,1,21600,7030.3
507917,577526,577527,69609,1,1,21600,6961.0
507917,578345,578346,70428,1,1,21600,7042.9
507918,578229,578967,70311,738,1,21600,96.2723577236
507918,578235,579028,70317,793,1,21600,89.6721311475
507918,578224,579032,70306,808,1,21600,88.0123762376
507918,578240,580338,70322,2098,1,21600,34.5185891325
507919,578245,578246,70326,1,1,21600,7032.7
507919,578256,578257,70337,1,1,21600,7033.8
507920,578272,578273,70352,1,1,21600,7035.3
507920,578277,578278,70357,1,1,21600,7035.8
507920,578358,578942,70438,584,1,21600,121.613013699
507921,578812,586618,70891,7806,1,21600,10.0816038944
507921,578954,582406,71033,3452,1,21600,21.5773464658
507921,578466,581068,70545,2602,1,21600,28.1118370484
507921,578817,579679,70896,862,1,21600,83.2459396752
507922,578979,580894,71057,1915,1,21600,38.1054830287
507922,579040,579804,71118,764,1,21600,94.0863874346
507922,579047,579816,71125,769,1,21600,93.4902470741
507923,579100,589176,71177,10076,1,21600,8.06401349742
507923,579294,583878,71371,4584,1,21600,16.5695898778
507923,579227,581840,71304,2613,1,21600,28.2881745121
508024,524141,525088,16117,947,1,7200,18.0190073918
508055,525101,525108,17046,7,16,1800,1705.3
508089,579437,579438,71348,1,1,21600,7134.9
508089,579450,579451,71361,1,1,21600,7136.2
508090,579463,579464,71373,1,1,21600,7137.4
508090,579488,579489,71398,1,1,21600,7139.9
508090,579501,579502,71411,1,1,21600,7141.2
508091,579540,579541,71449,1,1,21600,7145.0
508091,579527,579528,71436,1,1,21600,7143.7
508091,579514,579515,71423,1,1,21600,7142.4
508092,579691,579692,71599,1,1,21600,7160.0
508092,579553,579554,71461,1,1,21600,7146.2
508093,579729,581049,71636,1320,1,21600,55.2696969697
508093,579752,579753,71659,1,1,21600,7166.0
508093,579716,579717,71623,1,1,21600,7162.4
508094,579765,579766,71671,1,1,21600,7167.2
508094,579778,583934,71684,4156,1,21600,18.2483156882
508094,579816,584039,71722,4223,1,21600,17.9836609046
508095,581061,582426,72966,1365,1,21600,54.4549450549
508095,580176,581575,72081,1399,1,21600,52.5232308792
508095,579828,584445,71733,4617,1,21600,16.5367121507
508095,581080,582502,72985,1422,1,21600,52.3255977496
508096,582298,583344,74202,1046,1,21600,71.9388145315
508096,583556,584118,75460,562,1,21600,135.270462633
508096,581852,585340,73756,3488,1,21600,22.1456422018
508096,580197,580624,72101,427,1,21600,169.854800937
508097,580208,580631,72111,423,1,21600,171.475177305
508097,583562,584003,75465,441,1,21600,172.12244898
508097,580202,580606,72105,404,1,21600,179.477722772
508098,580213,581234,72115,1021,1,21600,71.6317335945
508098,580224,581160,72126,936,1,21600,78.0576923077
508098,580218,581137,72120,919,1,21600,79.4766050054
508099,582419,582699,74320,280,1,21600,266.428571429
508099,583890,584159,75791,269,1,21600,282.750929368
508099,583529,583530,75430,1,1,21600,7543.1
508100,583540,583541,75440,1,1,21600,7544.1
508100,583551,584134,75451,583,1,21600,130.418524871
508100,583545,583833,75445,288,1,21600,262.961805556
508101,583567,584115,75466,548,1,21600,138.711678832
508101,583946,584784,75845,838,1,21600,91.5071599045
508101,583572,584157,75471,585,1,21600,130.01025641
508102,583583,584214,75481,631,1,21600,120.621236133
508102,583588,584219,75486,631,1,21600,120.629160063
508102,583578,584240,75476,662,1,21600,115.012084592
508103,584159,584160,76056,1,1,21600,7605.7
508103,584171,584172,76068,1,1,21600,7606.9
508104,583605,583606,75501,1,1,21600,7550.2
508105,584197,584198,76092,1,1,21600,7609.3
508105,584184,584185,76079,1,1,21600,7608.0
508106,584781,585289,76675,508,1,21600,151.93503937
508106,585983,586584,77877,601,1,21600,130.579034942
508106,584228,584791,76122,563,1,21600,136.207815275
508107,584238,584945,76131,707,1,21600,108.68175389
508107,584233,584783,76126,550,1,21600,139.410909091
508108,584249,584922,76141,673,1,21600,114.136701337
508108,584244,584835,76136,591,1,21600,129.82571912
508108,586040,586410,77932,370,1,21600,211.627027027
508108,586139,586470,78031,331,1,21600,236.743202417
508109,584260,585678,76151,1418,1,21600,54.7031029619
508109,584254,584638,76145,384,1,21600,199.294270833
508109,584265,584632,76156,367,1,21600,208.509536785
508110,584800,585153,76690,353,1,21600,218.252124646
508110,584270,584271,76160,1,1,21600,7616.1
508111,584286,584287,76175,1,1,21600,7617.6
508111,584292,585001,76181,709,1,21600,108.448519041
508111,584297,584788,76186,491,1,21600,156.16496945
508112,584957,585703,76845,746,1,21600,104.009383378
508112,585377,585837,77265,460,1,21600,168.967391304
508112,585362,585907,77250,545,1,21600,142.743119266
508112,584302,584769,76190,467,1,21600,164.147751606
508113,584968,585321,76855,353,1,21600,218.719546742
508113,584973,585335,76860,362,1,21600,213.320441989
508113,584963,585342,76850,379,1,21600,203.770448549
508114,584979,585350,76865,371,1,21600,208.18328841
508114,584984,585364,76870,380,1,21600,203.289473684
508114,584995,585555,76881,560,1,21600,138.2875
508114,584989,585643,76875,654,1,21600,118.54587156
508115,585006,585635,76891,629,1,21600,123.243243243
508115,585565,586357,77450,792,1,21600,98.7904040404
508115,585000,585806,76885,806,1,21600,96.3908188586
508116,585027,585553,76911,526,1,21600,147.218631179
508116,585016,585623,76900,607,1,21600,127.688632619
508116,585022,586028,76906,1006,1,21600,77.4473161034
508116,585011,588719,76895,3708,1,21600,21.7375943905
508117,585733,585734,77616,1,1,21600,7761.7
508117,585032,585754,76915,722,1,21600,107.530470914
508117,585746,586127,77629,381,1,21600,204.750656168
508118,585805,585806,77687,1,1,21600,7768.8
508120,586395,586396,78275,1,1,21600,7827.6
508121,586482,586483,78361,1,1,21600,7836.2
508122,586428,586918,78306,490,1,21600,160.808163265
508122,586435,586864,78313,429,1,21600,183.547785548
508123,586644,586968,78521,324,1,21600,243.348765432
508123,586522,586867,78399,345,1,21600,228.243478261
508123,586596,586948,78473,352,1,21600,223.934659091
508124,586876,587239,78752,363,1,21600,217.947658402
508124,586883,588034,78759,1151,1,21600,69.4265855778
508124,588686,589035,80562,349,1,21600,231.836676218
508125,586930,588102,78805,1172,1,21600,68.2397610922
508125,586980,588591,78855,1611,1,21600,49.947858473
508125,586961,588117,78836,1156,1,21600,69.1972318339
508126,588047,588674,79921,627,1,21600,128.465709729
508126,587264,588937,79138,1673,1,21600,48.303048416
508126,588113,589076,79987,963,1,21600,84.0602284528
508127,589088,589089,80961,1,1,21600,8096.2
508127,588604,589275,80477,671,1,21600,120.935916542
508127,588130,588923,80003,793,1,21600,101.886506936
508127,588732,588733,80605,1,1,21600,8060.6
508128,588745,588746,80617,1,1,21600,8061.8
508128,588758,588759,80630,1,1,21600,8063.1
508128,588771,589797,80643,1026,1,21600,79.5994152047
508129,588936,588937,80807,1,1,21600,8080.8
508129,588949,588950,80820,1,1,21600,8082.1
508130,588976,589472,80846,496,1,21600,163.995967742
508130,588966,589513,80836,547,1,21600,148.780621572
508130,588971,589483,80841,512,1,21600,158.892578125
508130,588960,589424,80830,464,1,21600,175.202586207
508131,588982,590064,80851,1082,1,21600,75.7236598891
508131,588987,589314,80856,327,1,21600,248.266055046
508131,588992,589356,80861,364,1,21600,223.145604396
508131,588998,589379,80867,381,1,21600,213.249343832
508132,589021,589411,80889,390,1,21600,208.407692308
508133,589127,589128,80994,1,1,21600,8099.5
508134,592792,592793,84658,1,1,21600,8465.9
508134,593314,594604,85180,1290,1,21600,67.0310077519
508135,589140,589141,81005,1,1,21600,8100.6
508135,589153,589154,81018,1,1,21600,8101.9
508135,589287,590959,81152,1672,1,21600,49.5358851675
508135,589166,593652,81031,4486,1,21600,19.0630851538
508136,589428,593573,81292,4145,1,21600,20.6120627262
508136,590707,592780,82571,2073,1,21600,40.831644959
508136,591044,593625,82908,2581,1,21600,33.1224331654
508137,590729,591462,82592,733,1,21600,113.676671214
508137,590723,591463,82586,740,1,21600,112.602702703
508137,590713,592318,82576,1605,1,21600,52.4492211838
508137,590718,591340,82581,622,1,21600,133.766881029
508138,590735,591308,82597,573,1,21600,145.148342059
508138,590746,591129,82608,383,1,21600,216.686684073
508138,590741,591142,82603,401,1,21600,206.992518703
508139,590751,591174,82612,423,1,21600,196.300236407
508140,590762,591147,82622,385,1,21600,215.602597403
508140,590767,591182,82627,415,1,21600,200.101204819
508140,590757,591857,82617,1100,1,21600,76.1063636364
508141,592282,592752,84141,470,1,21600,180.023404255
508141,590778,591285,82637,507,1,21600,163.992110454
508141,590773,591253,82632,480,1,21600,173.15
508142,590783,591259,82641,476,1,21600,174.615546218
508142,592410,592889,84268,479,1,21600,176.924843424
508142,591869,592768,83727,899,1,21600,94.1334816463
508142,590789,591248,82647,459,1,21600,181.058823529
508143,591885,592398,83742,513,1,21600,164.239766082
508143,591880,592270,83737,390,1,21600,215.71025641
508143,591875,592497,83732,622,1,21600,135.617363344
508144,591891,592398,83747,507,1,21600,166.181459566
508144,591896,592425,83752,529,1,21600,159.321361059
508144,591901,592284,83757,383,1,21600,219.686684073
508145,592438,593501,84293,1063,1,21600,80.2972718721
508145,591917,591918,83772,1,1,21600,8377.3
508146,591928,592376,83782,448,1,21600,188.013392857
508146,591939,592398,83793,459,1,21600,183.555555556
508146,591933,592335,83787,402,1,21600,209.425373134
508147,592808,593302,84661,494,1,21600,172.37854251
508147,592814,593290,84667,476,1,21600,178.871848739
508147,592803,593273,84656,470,1,21600,181.119148936
508148,592830,593380,84682,550,1,21600,154.967272727
508148,592824,593797,84676,973,1,21600,88.0256937307
508149,592851,600799,84702,7948,1,21600,11.6570206341
508149,592835,593283,84686,448,1,21600,190.03125
508149,592840,592841,84691,1,1,21600,8469.2
508150,593637,594603,85487,966,1,21600,89.4958592133
508150,592856,595078,84706,2222,1,21600,39.1215121512
508150,592862,597229,84712,4367,1,21600,20.3982138768
508151,593665,594456,85514,791,1,21600,109.108723135
508151,593610,594992,85459,1382,1,21600,62.8371924747
508151,592867,594479,84716,1612,1,21600,53.5533498759
508152,593822,594350,85670,528,1,21600,163.253787879
508152,595366,597461,87214,2095,1,21600,42.6295942721
508152,594617,595183,86465,566,1,21600,153.765017668
508153,594795,594955,86642,160,1,21600,542.5125
508153,595005,595174,86852,169,1,21600,514.917159763
508153,595186,596226,87033,1040,1,21600,84.6855769231
508154,594806,595070,86652,264,1,21600,329.227272727
508154,594811,595170,86657,359,1,21600,242.384401114
508154,594801,595461,86647,660,1,21600,132.283333333
508155,594822,595094,86667,272,1,21600,319.628676471
508155,594817,595157,86662,340,1,21600,255.888235294
508155,594827,594828,86672,1,1,21600,8667.3
508156,594843,595100,86687,257,1,21600,338.303501946
508156,595195,595354,87039,159,1,21600,548.41509434
508156,594838,595195,86682,357,1,21600,243.806722689
508157,599605,599606,91448,1,1,21600,9144.9
508157,599592,599593,91435,1,1,21600,9143.6
508157,595963,596202,87806,239,1,21600,368.389121339
508157,594854,595951,86697,1097,1,21600,80.030993619
508158,596238,597341,88080,1103,1,21600,80.8549410698
508158,596869,597211,88711,342,1,21600,260.388888889
508158,596214,596856,88056,642,1,21600,138.158878505
508159,597223,597482,89064,259,1,21600,344.876447876
508159,597494,599115,89335,1621,1,21600,56.1110425663
508159,598423,598753,90264,330,1,21600,274.527272727
508159,597473,599148,89314,1675,1,21600,54.3217910448
508160,599114,600079,90954,965,1,21600,95.2528497409
508160,598429,599161,90269,732,1,21600,124.318306011
508160,599128,599947,90968,819,1,21600,112.072039072
508160,598765,599102,90605,337,1,21600,269.857566766
508161,599579,599580,91418,1,1,21600,9141.9
508161,599160,599161,90999,1,1,21600,9100.0
508161,599173,599567,91012,394,1,21600,231.994923858
508161,599179,600402,91018,1223,1,21600,75.4219133279
508162,599644,600077,91482,433,1,21600,212.27482679
508163,600089,600351,91926,262,1,21600,351.86259542
508163,599959,600465,91796,506,1,21600,182.415019763
508163,600096,600351,91933,255,1,21600,361.521568627
508163,601789,602047,93626,258,1,21600,363.891472868
508164,600364,601312,92200,948,1,21600,98.2573839662
508165,600477,601965,92312,1488,1,21600,63.0376344086
508165,600414,601495,92249,1081,1,21600,86.3367252544
508165,600395,601504,92230,1109,1,21600,84.1650135257
508165,600964,602042,92799,1078,1,21600,87.0844155844
508166,601508,601509,93342,1,1,21600,9334.3
508166,601324,601612,93158,288,1,21600,324.465277778
508166,601516,601811,93350,295,1,21600,317.440677966
508167,601624,602529,93457,905,1,21600,104.267403315
508167,601549,602222,93382,673,1,21600,139.754829123
508168,601704,602080,93536,376,1,21600,249.765957447
508168,601698,602344,93530,646,1,21600,145.783281734
508168,601693,602060,93525,367,1,21600,255.836512262
508169,601725,603755,93556,2030,1,21600,47.0866995074
508169,601709,601710,93540,1,1,21600,9354.1
508169,601714,602451,93545,737,1,21600,127.926729986
508169,601720,602102,93551,382,1,21600,245.897905759
508170,601736,602189,93566,453,1,21600,207.547461369
508170,601731,602224,93561,493,1,21600,190.778904665
508170,601741,601742,93571,1,1,21600,9357.2
508171,601752,603036,93581,1284,1,21600,73.8823987539
508171,601830,602383,93659,553,1,21600,170.365280289
508171,601835,601836,93664,1,1,21600,9366.5
508172,601763,606206,93591,4443,1,21600,22.0648210668
508172,601768,604184,93596,2416,1,21600,39.7400662252
508172,601757,601758,93585,1,1,21600,9358.6
508173,601784,601785,93611,1,1,21600,9361.2
508173,601910,601911,93737,1,1,21600,9373.8
508174,601800,601801,93626,1,1,21600,9362.7
508175,601816,601818,93641,2,1,21600,9364.3
508175,601811,602042,93636,231,1,21600,406.350649351
508175,601806,602022,93631,216,1,21600,434.476851852
508176,601846,601847,93670,1,1,21600,9367.1
508176,601822,601823,93646,1,1,21600,9364.7
508177,601857,603218,93680,1361,1,21600,69.8317413666
508177,601867,602470,93690,603,1,21600,156.373134328
508177,601851,601852,93674,1,1,21600,9367.5
508177,601862,602414,93685,552,1,21600,170.719202899
508178,601878,602383,93700,505,1,21600,186.544554455
508178,601873,602880,93695,1007,1,21600,94.043694141
508179,601978,602346,93799,368,1,21600,255.888586957
508179,601883,602051,93704,168,1,21600,558.761904762
508179,601889,602061,93710,172,1,21600,545.825581395
508179,601894,602061,93715,167,1,21600,562.167664671
508180,602034,602746,93854,712,1,21600,132.81741573
508180,601905,602270,93725,365,1,21600,257.780821918
508180,601899,602272,93719,373,1,21600,252.257372654
508181,602061,602246,93880,185,1,21600,508.459459459
508181,602682,603983,94501,1301,1,21600,73.6372021522
508181,602068,603281,93887,1213,1,21600,78.4006595218
508182,602080,602283,93898,203,1,21600,463.551724138
508182,602085,602394,93903,309,1,21600,304.893203883
508182,602687,602898,94505,211,1,21600,448.890995261
508182,602075,602259,93893,184,1,21600,511.288043478
508183,602093,603117,93910,1024,1,21600,92.708984375
508183,602201,602602,94018,401,1,21600,235.458852868
508183,602114,602844,93931,730,1,21600,129.67260274
508184,602241,602637,94057,396,1,21600,238.517676768
508184,602234,602678,94050,444,1,21600,212.824324324
508185,602288,603118,94103,830,1,21600,114.377108434
508185,602276,602656,94091,380,1,21600,248.607894737
508185,602283,602715,94098,432,1,21600,218.819444444
508186,602356,603050,94170,694,1,21600,136.691642651
508186,602295,602664,94109,369,1,21600,256.037940379
508186,602300,602709,94114,409,1,21600,231.107579462
508187,602411,603158,94224,747,1,21600,127.136546185
508187,602482,603221,94295,739,1,21600,128.598105548
508187,602363,603126,94176,763,1,21600,124.428571429
508188,602613,602615,94425,2,1,21600,9442.7
508188,602541,603354,94353,813,1,21600,117.055350554
508190,602675,602676,94485,1,1,21600,9448.6
508191,602972,603272,94781,300,1,21600,316.936666667
508191,602693,603043,94502,350,1,21600,271.005714286
508191,602700,603022,94509,322,1,21600,294.50621118
508192,602705,603027,94513,322,1,21600,294.51863354
508192,603431,603647,95239,216,1,21600,441.921296296
508192,602988,603204,94796,216,1,21600,439.87037037
508193,602759,603211,94566,452,1,21600,210.216814159
508193,602857,603305,94664,448,1,21600,212.303571429
508193,602735,602933,94542,198,1,21600,478.484848485
508193,602742,602960,94549,218,1,21600,434.711009174
508194,602892,603320,94698,428,1,21600,222.257009346
508194,602910,603423,94716,513,1,21600,185.631578947
508195,602946,603449,94751,503,1,21600,189.371769384
508196,602999,603846,94803,847,1,21600,112.92798111
508196,602993,603741,94797,748,1,21600,127.733957219
508196,603004,603444,94808,440,1,21600,216.472727273
508196,603436,605466,95240,2030,1,21600,47.9162561576
508197,603034,603634,94837,600,1,21600,159.061666667
508197,603041,603808,94844,767,1,21600,124.655801825
508198,603055,603363,94857,308,1,21600,308.977272727
508198,603483,604047,95285,564,1,21600,169.945035461
508198,603490,604026,95292,536,1,21600,178.78358209
508199,603067,603068,94868,1,1,21600,9486.9
508200,603326,603327,95126,1,1,21600,9512.7
508202,603129,603130,94927,1,1,21600,9492.8
508202,603140,603459,94938,319,1,21600,298.611285266
508203,603147,603148,94944,1,1,21600,9494.5
508203,603158,603611,94955,453,1,21600,210.613686534
508203,603152,603433,94949,281,1,21600,338.896797153
508204,603170,603419,94966,249,1,21600,382.389558233
508204,603182,603403,94978,221,1,21600,430.764705882
508204,603163,603164,94959,1,1,21600,9496.0
508204,603175,603643,94971,468,1,21600,203.929487179
508205,603216,603463,95011,247,1,21600,385.659919028
508205,603223,603474,95018,251,1,21600,379.557768924
508206,603233,603850,95027,617,1,21600,155.01458671
508207,603321,603976,95114,655,1,21600,146.21221374
508208,603339,603340,95131,1,1,21600,9513.2
508209,603368,603369,95159,1,1,21600,9516.0
508209,603351,603352,95142,1,1,21600,9514.3
508210,603396,603397,95186,1,1,21600,9518.7
508210,603385,603386,95175,1,1,21600,9517.6
508211,603408,603409,95197,1,1,21600,9519.8
508211,603413,603414,95202,1,1,21600,9520.3
508212,603425,604192,95213,767,1,21600,125.136897001
508212,603419,605560,95207,2141,1,21600,45.4684726763
508212,603724,604583,95512,859,1,21600,112.18975553
508213,603730,604067,95517,337,1,21600,284.433234421
508213,603753,604137,95540,384,1,21600,249.802083333
508213,603858,604264,95645,406,1,21600,236.578817734
508214,603441,604222,95227,781,1,21600,122.929577465
508214,603447,604134,95233,687,1,21600,139.62154294
508214,603454,604347,95240,893,1,21600,107.651735722
508215,603465,604422,95250,957,1,21600,100.529780564
508215,603459,604140,95244,681,1,21600,140.859030837
508215,603472,603688,95257,216,1,21600,442.00462963
508215,603477,603695,95262,218,1,21600,437.981651376
508216,603988,604206,95772,218,1,21600,440.321100917
508216,603865,604071,95649,206,1,21600,465.315533981
508217,603646,605399,95429,1753,1,21600,55.4375356532
508217,603623,605050,95406,1427,1,21600,67.8577435179
508217,603495,603710,95278,215,1,21600,444.153488372
508218,603700,604128,95482,428,1,21600,224.088785047
508218,603655,604231,95437,576,1,21600,166.689236111
508218,603662,604089,95444,427,1,21600,224.522248244
508218,603708,604145,95490,437,1,21600,219.512585812
508219,603719,604225,95500,506,1,21600,189.735177866
508219,603767,604172,95548,405,1,21600,236.920987654
508219,603820,604120,95601,300,1,21600,319.67
508220,604050,604051,95830,1,1,21600,9583.1
508220,603996,604291,95776,295,1,21600,325.66440678
508221,604080,604081,95859,1,1,21600,9586.0
508222,604085,604086,95863,1,1,21600,9586.4
508222,604159,604419,95937,260,1,21600,369.988461538
508223,604166,604445,95943,279,1,21600,344.88172043
508223,604171,604441,95948,270,1,21600,356.362962963
508223,604176,611653,95953,7477,1,21600,13.833088137
508224,604097,604999,95873,902,1,21600,107.289356984
508224,604104,605438,95880,1334,1,21600,72.8740629685
508224,604092,605038,95868,946,1,21600,102.34038055
508224,604109,604929,95885,820,1,21600,117.932926829
508225,604132,604652,95907,520,1,21600,185.436538462
508225,604114,604948,95889,834,1,21600,115.974820144
508225,604140,604594,95915,454,1,21600,212.266519824
508226,604196,604705,95970,509,1,21600,189.546168959
508226,604203,604742,95977,539,1,21600,179.064935065
508226,604184,604937,95958,753,1,21600,128.434262948
508227,604218,605017,95991,799,1,21600,121.138923655
508227,604233,605041,96006,808,1,21600,119.819306931
508227,604248,604611,96021,363,1,21600,265.520661157
508227,604240,604648,96013,408,1,21600,236.325980392
508228,604359,604885,96131,526,1,21600,183.758555133
508228,604276,604641,96048,365,1,21600,264.145205479
508228,604303,604681,96075,378,1,21600,255.166666667
508229,604438,605112,96209,674,1,21600,143.743323442
508229,604431,605258,96202,827,1,21600,117.326481258
508229,604453,604990,96224,537,1,21600,180.188081937
508230,604606,605002,96376,396,1,21600,244.373737374
508230,604595,605187,96365,592,1,21600,163.778716216
508230,604460,605200,96230,740,1,21600,131.040540541
508231,604623,605060,96392,437,1,21600,221.576659039
508231,604661,605099,96430,438,1,21600,221.159817352
508231,604653,605201,96422,548,1,21600,176.952554745
508232,604668,605175,96436,507,1,21600,191.209072978
508232,604716,604985,96484,269,1,21600,359.676579926
508232,604693,604986,96461,293,1,21600,330.218430034
508233,604754,605024,96521,270,1,21600,358.485185185
508233,604897,605480,96664,583,1,21600,166.804459691
508233,604941,605233,96708,292,1,21600,332.191780822
508234,605016,605531,96782,515,1,21600,188.926213592
508234,604997,605302,96763,305,1,21600,318.255737705
508234,605004,605355,96770,351,1,21600,276.698005698
508234,605009,605552,96775,543,1,21600,179.222836096
508235,605021,605622,96786,601,1,21600,162.041597338
508236,605043,605944,96807,901,1,21600,108.443951165
508236,605050,605051,96814,1,1,21600,9681.5
508236,605055,605056,96819,1,1,21600,9682.0
508237,605079,605418,96842,339,1,21600,286.669616519
508237,605084,605437,96847,353,1,21600,275.354107649
508237,605067,605421,96830,354,1,21600,274.531073446
508238,605090,605442,96852,352,1,21600,276.147727273
508238,605124,605551,96886,427,1,21600,227.899297424
508238,605186,605187,96948,1,1,21600,9694.9
508238,605110,606013,96872,903,1,21600,108.277962348
508239,605211,605463,96972,252,1,21600,385.80952381
508239,605204,605205,96965,1,1,21600,9696.6
508240,605218,605464,96978,246,1,21600,395.219512195
508240,605223,605483,96983,260,1,21600,374.011538462
508240,605228,605229,96988,1,1,21600,9698.9
508241,605508,605509,97267,1,1,21600,9726.8
508242,605586,606686,97344,1100,1,21600,89.4945454545
508242,606197,606834,97955,637,1,21600,154.775510204
508243,605524,605525,97281,1,1,21600,9728.2
508244,605529,605530,97285,1,1,21600,9728.6
508244,605540,605541,97296,1,1,21600,9729.7
508245,605545,605546,97300,1,1,21600,9730.1
508246,605268,605269,97022,1,1,21600,9702.3
508246,605281,605282,97035,1,1,21600,9703.6
508246,605287,605288,97041,1,1,21600,9704.2
508247,605379,605729,97132,350,1,21600,278.52
508248,606154,606486,97906,332,1,21600,295.897590361
508248,605492,605856,97244,364,1,21600,268.153846154
508248,606190,606507,97942,317,1,21600,309.965299685
508249,605556,605791,97307,235,1,21600,415.072340426
508249,605497,605819,97248,322,1,21600,303.01242236
508249,605561,605878,97312,317,1,21600,307.977917981
508250,605575,605886,97325,311,1,21600,313.942122186
508250,605567,605894,97317,327,1,21600,298.605504587
508250,605580,605882,97330,302,1,21600,323.284768212
508251,606273,606938,98022,665,1,21600,148.401503759
508251,605591,606273,97340,682,1,21600,143.727272727
508251,605596,606258,97345,662,1,21600,148.046827795
508252,605602,607126,97350,1524,1,21600,64.8779527559
508252,605618,606178,97366,560,1,21600,174.867857143
508252,605607,606184,97355,577,1,21600,169.726169844
508253,605628,606495,97375,867,1,21600,113.312572088
508253,605634,606079,97381,445,1,21600,219.833707865
508253,605612,606192,97359,580,1,21600,168.860344828
508253,605623,606360,97370,737,1,21600,133.116689281
508254,605639,607824,97385,2185,1,21600,45.5697940503
508254,605644,606058,97390,414,1,21600,236.241545894
508255,606250,606716,97995,466,1,21600,211.289699571
508255,605650,606141,97395,491,1,21600,199.360488798
508255,606278,606844,98023,566,1,21600,174.185512367
508256,606218,606219,97962,1,1,21600,9796.3
508256,606728,607274,98472,546,1,21600,181.351648352
508257,606223,606224,97966,1,1,21600,9796.7
508258,606255,606256,97997,1,1,21600,9799.8
508258,606295,606296,98037,1,1,21600,9803.8
508259,606312,609205,98053,2893,1,21600,34.8931904597
508259,606306,606307,98047,1,1,21600,9804.8
508260,606329,606330,98069,1,1,21600,9807.0
508260,606318,606319,98058,1,1,21600,9805.9
508261,606346,607045,98085,699,1,21600,141.321888412
508261,606341,606773,98080,432,1,21600,228.037037037
508261,606334,606335,98073,1,1,21600,9807.4
508261,606735,607168,98474,433,1,21600,228.422632794
508262,606352,606704,98090,352,1,21600,279.664772727
508262,606359,606749,98097,390,1,21600,252.530769231
508262,606773,607131,98511,358,1,21600,276.170391061
508263,606419,608991,98156,2572,1,21600,39.1632970451
508263,606424,606841,98161,417,1,21600,236.398081535
508263,606371,606718,98108,347,1,21600,283.731988473
508264,606508,606773,98244,265,1,21600,371.732075472
508264,606698,606925,98434,227,1,21600,434.629955947
508264,606518,606767,98254,249,1,21600,395.59437751
508264,606497,606767,98233,270,1,21600,364.825925926
508265,606716,606985,98451,269,1,21600,366.988847584
508302,509035,510649,733,1614,8,6000,1.4541511772
508305,509025,510659,720,1634,8,6000,1.44063647491
508341,606785,606786,98444,1,1,21600,9844.5
508342,606797,606798,98455,1,1,21600,9845.6
508342,606802,606803,98460,1,1,21600,9846.1
508343,606814,606815,98471,1,1,21600,9847.2
508343,606866,606867,98523,1,1,21600,9852.4
508344,606831,606832,98487,1,1,21600,9848.8
508345,606843,606844,98498,1,1,21600,9849.9
508345,606854,615205,98509,8351,1,21600,12.7960723267
508345,606837,610839,98492,4002,1,21600,25.6106946527
508346,606890,615784,98544,8894,1,21600,12.0798290983
508346,606872,615925,98526,9053,1,21600,11.8832431238
508347,606877,613252,98530,6375,1,21600,16.4556862745
508347,606895,611040,98548,4145,1,21600,24.7751507841
508347,606937,617482,98590,10545,1,21600,10.3494547179
508347,606882,609610,98535,2728,1,21600,37.1198680352
508348,606997,610756,98649,3759,1,21600,27.2434158021
508348,607058,609370,98710,2312,1,21600,43.6946366782
508348,606950,609662,98602,2712,1,21600,37.3576696165
508349,607138,609906,98789,2768,1,21600,36.6896676301
508349,607180,609073,98831,1893,1,21600,53.2086634971
508349,607145,609169,98796,2024,1,21600,49.8122529644
508350,608598,612508,100248,3910,1,21600,26.6388746803
508350,607286,612296,98936,5010,1,21600,20.7477045908
508350,612026,615082,103676,3056,1,21600,34.9253926702
508351,609003,610347,100652,1344,1,21600,75.8898809524
508351,609084,609085,100733,1,1,21600,10073.4
508351,608820,609873,100469,1053,1,21600,96.4121557455
508352,610794,612014,102442,1220,1,21600,84.968852459
508353,611028,614211,102675,3183,1,21600,33.2573044298
508353,611023,612280,102670,1257,1,21600,82.6785998409
508353,610851,612044,102498,1193,1,21600,86.9161777033
508354,611044,612221,102690,1177,1,21600,88.2472387426
508354,611049,612272,102695,1223,1,21600,84.9697465249
508354,611039,612202,102685,1163,1,21600,89.2932072227
508354,611033,612231,102679,1198,1,21600,86.7086811352
508355,611060,611061,102705,1,1,21600,10270.6
508355,611065,611066,102710,1,1,21600,10271.1
508356,611082,611083,102726,1,1,21600,10272.7
508356,611076,611077,102720,1,1,21600,10272.1
508357,611099,611100,102742,1,1,21600,10274.3
508358,611110,614492,102752,3382,1,21600,31.3820224719
508358,611115,613523,102757,2408,1,21600,43.6731727575
508358,611122,613522,102764,2400,1,21600,43.8183333333
508359,611127,614691,102768,3564,1,21600,29.835016835
508359,611143,612983,102784,1840,1,21600,56.8608695652
508359,611138,611478,102779,340,1,21600,303.291176471
508359,611133,614165,102774,3032,1,21600,34.8964379947
508360,611490,611772,103130,282,1,21600,366.709219858
508360,611665,612925,103305,1260,1,21600,82.9880952381
508360,611784,612838,103424,1054,1,21600,99.1252371917
508361,612521,613811,104160,1290,1,21600,81.7441860465
508361,612214,614095,103853,1881,1,21600,56.21158958
508361,612057,613370,103696,1313,1,21600,79.9763899467
508363,612285,615223,103922,2938,1,21600,36.3716814159
508363,612292,614658,103929,2366,1,21600,44.926035503
508363,612264,615122,103901,2858,1,21600,37.3544436669
508363,612271,615086,103908,2815,1,21600,37.9122557726
508364,612850,617770,104486,4920,1,21600,22.2369918699
508364,612938,614607,104574,1669,1,21600,63.6566806471
508364,612308,614422,103944,2114,1,21600,50.1693472091
508365,613383,615574,105018,2191,1,21600,48.9315381105
508365,612996,614851,104631,1855,1,21600,57.404851752
508365,613264,616841,104899,3577,1,21600,30.3259714845
508366,613449,616861,105083,3412,1,21600,31.7980656506
508366,613454,616222,105088,2768,1,21600,38.9653179191
508366,613444,617213,105078,3769,1,21600,28.8795436455
508367,613508,617125,105141,3617,1,21600,30.0685651092
508367,613534,616913,105167,3379,1,21600,32.1237052382
508367,613460,616422,105093,2962,1,21600,36.4804186361
508368,613541,616378,105173,2837,1,21600,38.071906944
508368,614227,616399,105859,2172,1,21600,49.7380294659
508368,614563,616960,106195,2397,1,21600,45.3032957864
508368,614178,616862,105810,2684,1,21600,40.4225037258
508369,614237,616295,105868,2058,1,21600,52.4421768707
508369,614619,614620,106250,1,1,21600,10625.1
508369,614504,616718,106135,2214,1,21600,48.9381210479
508370,614535,614538,106165,3,1,21600,10616.8
508370,614632,614633,106262,1,1,21600,10626.3
508371,614675,614676,106304,1,1,21600,10630.5
508372,614707,614708,106335,1,1,21600,10633.6
508372,614700,614701,106328,1,1,21600,10632.9
508375,614770,618818,106395,4048,1,21600,27.2833498024
508375,614763,616577,106388,1814,1,21600,59.6482910695
508376,614775,616322,106399,1547,1,21600,69.7776341306
508376,614863,616391,106487,1528,1,21600,70.6904450262
508377,643049,645175,134672,2126,1,21600,64.3452492944
508377,643340,644642,134963,1302,1,21600,104.658218126
508377,645241,646670,136864,1429,1,21600,96.7760671798
508378,615134,619457,106756,4323,1,21600,25.6948878094
508378,646654,653047,138276,6393,1,21600,22.6292820272
508378,615218,624580,106840,9362,1,21600,12.4120914335
508379,615335,615337,106956,2,1,21600,10695.8
508379,615495,617729,107116,2234,1,21600,48.9480752014
508379,615235,618949,106856,3714,1,21600,29.7711362412
508379,615349,619110,106970,3761,1,21600,29.441903749
508380,615799,618201,107419,2402,1,21600,45.7206494588
508380,615586,619290,107206,3704,1,21600,29.9433045356
508380,615791,622855,107411,7064,1,21600,16.205407701
508382,616006,620721,107624,4715,1,21600,23.8258748674
508383,638812,640916,130429,2104,1,21600,62.9909695817
508383,637994,639732,129611,1738,1,21600,75.5747986191
508384,638817,640859,130433,2042,1,21600,64.875122429
508384,638729,640617,130345,1888,1,21600,70.0386652542
508384,638735,643026,130351,4291,1,21600,31.3777674202
508385,638756,643415,130371,4659,1,21600,28.9826142949
508385,638740,640217,130355,1477,1,21600,89.2566012187
508385,638751,640522,130366,1771,1,21600,74.6115189159
508385,638745,643328,130360,4583,1,21600,29.4442504909
508386,638772,638773,130386,1,1,21600,13038.7
508386,638767,638768,130381,1,1,21600,13038.2
508387,638783,638784,130396,1,1,21600,13039.7
508387,638788,638790,130401,2,1,21600,13040.3
508388,638799,638801,130411,2,1,21600,13041.3
508388,638794,642801,130406,4007,1,21600,33.5445470427
508389,638837,643351,130448,4514,1,21600,29.8985378821
508389,646659,646660,138270,1,1,21600,13827.1
508389,638830,648199,130441,9369,1,21600,14.9226171416
508390,640871,641827,132481,956,1,21600,139.578451883
508390,640494,645373,132104,4879,1,21600,28.0760401722
508390,639744,640482,131354,738,1,21600,178.986449864
508391,640928,644565,132537,3637,1,21600,37.4412977729
508391,641755,644343,133364,2588,1,21600,52.5316846986
508392,641766,644656,133374,2890,1,21600,47.1501730104
508392,641772,645599,133380,3827,1,21600,35.8523647766
508392,641761,645519,133369,3758,1,21600,36.4893560404
508393,641777,643486,133384,1709,1,21600,79.0479812756
508393,641815,645641,133422,3826,1,21600,35.8724516466
508393,641839,646829,133446,4990,1,21600,27.7426853707
508393,641782,642824,133389,1042,1,21600,129.012476008
508394,642836,644374,134442,1538,1,21600,88.4135240572
508394,645914,647739,137520,1825,1,21600,76.3534246575
508394,645908,647658,137514,1750,1,21600,79.5794285714
508395,645919,647628,137524,1709,1,21600,81.4704505559
508395,643428,645229,135033,1801,1,21600,75.9766796224
508395,643363,645700,134968,2337,1,21600,58.7526743688
508396,644355,649139,135959,4784,1,21600,29.4195234114
508396,643499,645411,135103,1912,1,21600,71.6605648536
508396,644385,651115,135989,6730,1,21600,21.2063893016
508397,644577,647745,136180,3168,1,21600,43.9861111111
508397,644668,646812,136271,2144,1,21600,64.5592350746
508397,644654,646286,136257,1632,1,21600,84.4908088235
508398,645930,647686,137532,1756,1,21600,79.3211845103
508398,645187,650412,136789,5225,1,21600,27.1797129187
508398,645924,649321,137526,3397,1,21600,41.4845451869
508398,645935,645936,137537,1,1,21600,13753.8
508399,646670,651631,138271,4961,1,21600,28.8715984681
508400,645951,648418,137551,2467,1,21600,56.7563842724
508400,645946,645947,137546,1,1,21600,13754.7
508400,645957,647758,137557,1801,1,21600,77.3781232649
508401,645984,648542,137583,2558,1,21600,54.7853792025
508401,645962,648812,137561,2850,1,21600,49.2670175439
508401,645978,651835,137577,5857,1,21600,24.489329008
508401,645973,647853,137572,1880,1,21600,74.1765957447
508402,646686,646687,138284,1,1,21600,13828.5
508402,646681,649957,138279,3276,1,21600,43.2097069597
508402,646675,646676,138273,1,1,21600,13827.4
508403,646702,646703,138299,1,1,21600,13830.0
508403,646697,649181,138294,2484,1,21600,56.6739130435
508403,646691,647140,138288,449,1,21600,308.991091314
508404,646718,652846,138314,6128,1,21600,23.5708224543
508404,646713,658093,138309,11380,1,21600,13.1536906854
508405,658932,663339,150527,4407,1,21600,35.1563421829
508405,646729,651534,138324,4805,1,21600,29.7875130073
508405,646735,653560,138330,6825,1,21600,21.2681318681
508405,646724,647480,138319,756,1,21600,183.961640212
508406,658943,662654,150537,3711,1,21600,41.5650767987
508406,658937,658938,150531,1,1,21600,15053.2
508406,648555,656517,140149,7962,1,21600,18.6022356192
508407,648837,652809,140430,3972,1,21600,36.3549848943
508407,649193,649806,140786,613,1,21600,230.66721044
508407,649151,651462,140744,2311,1,21600,61.9017741238
508408,652821,654858,144413,2037,1,21600,71.8949435444
508408,656169,656929,147761,760,1,21600,195.422368421
508408,654870,656157,146462,1287,1,21600,114.801087801
508408,649333,652105,140925,2772,1,21600,51.8387445887
508409,656941,657622,148532,681,1,21600,219.10866373
508409,657634,658908,149225,1274,1,21600,118.131083203
508409,659004,660403,150595,1399,1,21600,108.644746247
508410,658927,659990,150517,1063,1,21600,142.596425212
508410,658921,658922,150511,1,1,21600,15051.2
508411,658959,662953,150548,3994,1,21600,38.6935403105
508411,658954,663532,150543,4578,1,21600,33.8840104849
508411,658948,659912,150537,964,1,21600,157.158713693
508412,658970,659871,150558,901,1,21600,168.10099889
508412,658964,659788,150552,824,1,21600,183.708737864
508413,658980,659636,150567,656,1,21600,230.522865854
508413,658986,659751,150573,765,1,21600,197.82745098
508413,658975,666099,150562,7124,1,21600,22.134475014
508414,659352,660723,150938,1371,1,21600,111.093362509
508414,660416,663376,152002,2960,1,21600,52.352027027
508414,658996,659328,150582,332,1,21600,454.560240964
508414,658991,660469,150577,1478,1,21600,102.878890392
508415,664841,668851,156426,4010,1,21600,40.0089775561
508415,666189,666190,157774,1,1,21600,15777.5
508415,663389,664829,154974,1440,1,21600,108.620833333
508415,669813,672355,161398,2542,1,21600,64.4925255704
508416,666200,668109,157784,1909,1,21600,83.6526977475
508416,666195,667394,157779,1199,1,21600,132.592160133
508417,677112,679100,168695,1988,1,21600,85.856639839
508417,666220,666221,157803,1,1,21600,15780.4
508417,666211,666212,157794,1,1,21600,15779.5
508418,666225,667367,157807,1142,1,21600,139.184763573
508418,677117,678999,168699,1882,1,21600,90.6381509033
508418,666231,668666,157813,2435,1,21600,65.8102669405
508419,666247,666248,157828,1,1,21600,15782.9
508419,666236,667650,157817,1414,1,21600,112.610325318
508419,666242,674742,157823,8500,1,21600,19.5674117647
508420,666263,669801,157843,3538,1,21600,45.6136235161
508420,666258,675099,157838,8841,1,21600,18.8529578102
508421,670445,670446,162024,1,1,21600,16202.5
508421,670010,672761,161589,2751,1,21600,59.7382769902
508421,670440,674412,162019,3972,1,21600,41.7902819738
508421,672367,677476,163946,5109,1,21600,33.0896457232
508422,670451,671381,162029,930,1,21600,175.224731183
508422,670456,670457,162034,1,1,21600,16203.5
508423,670472,671552,162049,1080,1,21600,151.04537037
508423,670467,672544,162044,2077,1,21600,79.0182956187
508423,670478,672981,162055,2503,1,21600,65.7443068318
508424,670488,672188,162064,1700,1,21600,96.3317647059
508424,670494,675118,162070,4624,1,21600,36.0497404844
508424,670499,672581,162075,2082,1,21600,78.8458213256
508425,670504,672440,162079,1936,1,21600,84.7184917355
508425,670515,674654,162090,4139,1,21600,40.1616332447
508425,670510,679120,162085,8610,1,21600,19.825203252
508426,674101,679090,165675,4989,1,21600,34.208057727
508426,672787,674575,164361,1788,1,21600,92.9244966443
508427,674106,674107,165679,1,1,21600,16568.0
508427,674114,676631,165687,2517,1,21600,66.8271752086
508428,674134,682267,165706,8133,1,21600,21.374523546
508428,674672,674673,166244,1,1,21600,16624.5
508428,674587,682631,166159,8044,1,21600,21.6562655395
508429,674698,674699,166269,1,1,21600,16627.0
508429,674711,674712,166282,1,1,21600,16628.3
508430,674725,674726,166295,1,1,21600,16629.6
508430,674750,675502,166320,752,1,21600,222.170212766
508431,675111,676131,166680,1020,1,21600,164.411764706
508431,675527,675528,167096,1,1,21600,16709.7
508431,675514,675515,167083,1,1,21600,16708.4
508432,675553,675554,167121,1,1,21600,16712.2
508433,676643,677856,168210,1213,1,21600,139.672712284
508433,676143,677313,167710,1170,1,21600,144.341880342
508433,675578,676830,167145,1252,1,21600,134.502396166
508434,676842,679551,168408,2709,1,21600,63.1661129568
508434,677069,677749,168635,680,1,21600,248.992647059
508434,677074,677890,168640,816,1,21600,207.666666667
508434,677063,678282,168629,1219,1,21600,139.33388023
508435,677488,678749,169053,1261,1,21600,135.062648692
508435,677085,678377,168650,1292,1,21600,131.534055728
508435,677090,677764,168655,674,1,21600,251.229970326
508435,677080,677832,168645,752,1,21600,225.261968085
508436,677983,679390,169547,1407,1,21600,121.502487562
508436,677096,679639,168660,2543,1,21600,67.3232402674
508436,677101,677841,168665,740,1,21600,228.925675676
508437,677123,680069,168686,2946,1,21600,58.2593346911
508437,677133,677762,168696,629,1,21600,269.197138315
508437,677128,677295,168691,167,1,21600,1011.1257485
508438,677155,678244,168717,1089,1,21600,155.928374656
508438,677150,680305,168712,3155,1,21600,54.4744849445
508438,677144,677724,168706,580,1,21600,291.872413793
508438,677139,678235,168701,1096,1,21600,154.924270073
508439,677989,679201,169550,1212,1,21600,140.892739274
508439,677999,678738,169560,739,1,21600,230.445196211
508439,677994,678938,169555,944,1,21600,180.613347458
508440,678010,678011,169570,1,1,21600,16957.1
508440,678015,679122,169575,1107,1,21600,154.184281843
508441,678023,679611,169582,1588,1,21600,107.789672544
508441,678033,679250,169592,1217,1,21600,140.352506163
508441,678028,682864,169587,4836,1,21600,36.067617866
508442,679113,680522,170671,1409,1,21600,122.129169624
508442,679133,680668,170691,1535,1,21600,112.199348534
508442,678039,679536,169597,1497,1,21600,114.291249165
508443,679263,680477,170820,1214,1,21600,141.708401977
508443,679213,680457,170770,1244,1,21600,138.274919614
508443,679145,680845,170702,1700,1,21600,101.412941176
508443,679401,679402,170958,1,1,21600,17095.9
508444,679413,679414,170969,1,1,21600,17097.0
508444,682020,682021,173576,1,1,21600,17357.7
508445,679437,679438,170992,1,1,21600,17099.3
508445,679449,679450,171004,1,1,21600,17100.5
508446,679485,679486,171039,1,1,21600,17104.0
508446,679509,680724,171063,1215,1,21600,141.792592593
508447,679547,680777,171100,1230,1,21600,140.105691057
508447,679563,679795,171116,232,1,21600,738.568965517
508447,679623,680750,171176,1127,1,21600,152.886424135
508448,679807,680003,171359,196,1,21600,875.280612245
508448,679953,680862,171505,909,1,21600,189.674367437
508448,679651,679941,171203,290,1,21600,591.355172414
508448,680014,680944,171566,930,1,21600,185.479569892
508449,680081,681074,171632,993,1,21600,173.841893253
508449,680316,681119,171867,803,1,21600,215.03113325
508449,680489,681294,172040,805,1,21600,214.714285714
508449,680469,681314,172020,845,1,21600,204.573964497
508450,680763,682494,172313,1731,1,21600,100.545349509
508450,680680,683911,172230,3231,1,21600,54.3054781801
508450,680535,681811,172085,1276,1,21600,135.862852665
508451,680789,685599,172338,4810,1,21600,36.8291060291
508451,680957,682177,172506,1220,1,21600,142.398360656
508451,680874,681958,172423,1084,1,21600,160.061808118
508451,680856,681485,172405,629,1,21600,275.093799682
508452,681131,682063,172679,932,1,21600,186.277896996
508452,681085,681086,172633,1,1,21600,17263.4
508452,681097,682394,172645,1297,1,21600,134.111025443
508453,681337,681338,172884,1,1,21600,17288.5
508453,681306,682339,172853,1033,1,21600,168.33107454
508454,681375,681376,172921,1,1,21600,17292.2
508455,681423,681424,172968,1,1,21600,17296.9
508455,681411,681412,172956,1,1,21600,17295.7
508456,682031,682032,173575,1,1,21600,17357.6
508457,682058,682059,173601,1,1,21600,17360.2
508457,681496,681497,173039,1,1,21600,17304.0
508457,681436,683087,172979,1651,1,21600,105.772259237
508457,681509,682860,173052,1351,1,21600,129.091783864
508458,682009,682940,173551,931,1,21600,187.413533835
508458,682015,683735,173557,1720,1,21600,101.905232558
508458,682351,683376,173893,1025,1,21600,170.651707317
508459,693589,696636,185130,3047,1,21600,61.7581227437
508459,682036,683148,173577,1112,1,21600,157.09442446
508459,682063,683109,173604,1046,1,21600,166.969407266
508460,682047,682049,173587,2,1,21600,17358.9
508460,682053,682054,173593,1,1,21600,17359.4
508460,682042,684848,173582,2806,1,21600,62.8610121169
508461,693594,693595,185133,1,1,21600,18513.4
508461,693599,693600,185138,1,1,21600,18513.9
508461,682069,682070,173608,1,1,21600,17360.9
508462,682085,682088,173623,3,1,21600,17362.6
508462,682074,688067,173612,5993,1,21600,29.9691306524
508462,682079,682080,173617,1,1,21600,17361.8
508463,682643,682644,174180,1,1,21600,17418.1
508464,682659,682660,174195,1,1,21600,17419.6
508464,682670,682671,174206,1,1,21600,17420.7
508465,682692,688619,174227,5927,1,21600,30.3954783196
508465,682681,682684,174216,3,1,21600,17421.9
508466,682708,686579,174242,3871,1,21600,46.0121415655
508466,682697,684703,174231,2006,1,21600,87.8549351944
508466,682703,684515,174237,1812,1,21600,97.1572847682
508467,682719,684816,174252,2097,1,21600,84.095851216
508467,682714,684445,174247,1731,1,21600,101.662622761
508468,683166,687135,174698,3969,1,21600,45.0156210632
508468,683171,685330,174703,2159,1,21600,81.9184807781
508468,683160,685894,174692,2734,1,21600,64.8961228969
508469,693605,694468,185136,863,1,21600,215.526071842
508469,683176,690777,174707,7601,1,21600,23.9847388502
508469,684873,687579,176404,2706,1,21600,66.1899482631
508470,683182,684720,174712,1538,1,21600,114.596879064
508470,693610,694322,185140,712,1,21600,261.028089888
508470,693615,694349,185145,734,1,21600,253.241144414
508470,693621,694436,185151,815,1,21600,228.179141104
508471,683187,690827,174716,7640,1,21600,23.8685863874
508471,683192,684267,174721,1075,1,21600,163.531162791
508471,683198,684081,174727,883,1,21600,198.878822197
508472,683214,685405,174742,2191,1,21600,80.7544500228
508472,683219,684836,174747,1617,1,21600,109.06864564
508472,683208,686301,174736,3093,1,21600,57.494018752
508472,683203,686501,174731,3298,1,21600,53.9808975136
508473,683224,685180,174751,1956,1,21600,90.341002045
508473,683235,684592,174762,1357,1,21600,129.785556374
508473,683230,685582,174757,2352,1,21600,75.3014455782
508473,693562,693563,185089,1,1,21600,18509.0
508474,693567,693568,185093,1,1,21600,18509.4
508474,693578,693579,185104,1,1,21600,18510.5
508475,693583,693584,185108,1,1,21600,18510.9
508475,693626,693627,185151,1,1,21600,18515.2
508475,693637,693640,185162,3,1,21600,18516.5
508476,695072,696143,186596,1071,1,21600,175.225957049
508476,695060,696049,186584,989,1,21600,189.659251769
508476,693659,694544,185183,885,1,21600,210.246327684
508477,693653,697085,185176,3432,1,21600,54.9557109557
508477,693664,698032,185187,4368,1,21600,43.3962912088
508477,693648,696446,185171,2798,1,21600,67.1797712652
508478,693669,696532,185191,2863,1,21600,65.684247293
508478,693675,695911,185197,2236,1,21600,83.8251341682
508478,693680,697033,185202,3353,1,21600,56.2347151804
508479,693723,695078,185244,1355,1,21600,137.711439114
508479,693686,695251,185207,1565,1,21600,119.34313099
508479,693696,695170,185217,1474,1,21600,126.656037992
508479,693691,696355,185212,2664,1,21600,70.524024024
508480,693702,695028,185222,1326,1,21600,140.684766214
508480,693707,696790,185227,3083,1,21600,61.0801167694
508480,693712,696734,185232,3022,1,21600,62.294506949
508481,693718,695035,185237,1317,1,21600,141.650721336
508481,693739,695095,185258,1356,1,21600,137.620943953
508481,693734,695124,185253,1390,1,21600,134.275539568
508481,693728,695055,185247,1327,1,21600,140.598342125
508482,693756,698652,185274,4896,1,21600,38.8419117647
508482,693745,696138,185263,2393,1,21600,78.4187212704
508482,693750,699846,185268,6096,1,21600,31.3917322835
508483,693761,700344,185278,6583,1,21600,29.1449187301
508483,693767,696719,185284,2952,1,21600,63.7655826558
508484,693778,695991,185294,2213,1,21600,84.7297785811
508484,695089,696989,186605,1900,1,21600,99.2131578947
508484,693772,696676,185288,2904,1,21600,64.8044077135
508484,693783,699422,185299,5639,1,21600,33.8602589112
508485,695136,697144,186651,2008,1,21600,93.953685259
508485,695922,696234,187437,312,1,21600,601.759615385
508485,695108,697753,186623,2645,1,21600,71.556899811
508485,695182,696262,186697,1080,1,21600,173.867592593
508486,696003,697162,187517,1159,1,21600,162.792062123
508486,696154,697223,187668,1069,1,21600,176.554724041
508486,696061,697086,187575,1025,1,21600,184.0
508487,696279,697399,187792,1120,1,21600,168.671428571
508487,696161,697577,187674,1416,1,21600,133.538135593
508487,696246,696482,187759,236,1,21600,796.588983051
508488,696506,696507,188018,1,1,21600,18801.9
508488,696458,697543,187970,1085,1,21600,174.244239631
508488,696366,697317,187878,951,1,21600,198.558359621
508489,696519,699338,188030,2819,1,21600,67.7009577864
508490,696688,697966,188198,1278,1,21600,148.259780908
508490,696648,697901,188158,1253,1,21600,151.166001596
508490,696580,699196,188090,2616,1,21600,72.8998470948
508491,696732,698532,188241,1800,1,21600,105.578333333
508491,696746,698905,188255,2159,1,21600,88.1954608615
508491,700134,701544,191643,1410,1,21600,136.917021277
508492,696839,697076,188347,237,1,21600,795.713080169
508492,696814,696815,188322,1,1,21600,18832.3
508493,697002,698083,188509,1081,1,21600,175.383903793
508493,697045,698587,188552,1542,1,21600,123.277561608
508495,697127,700098,188632,2971,1,21600,64.4910804443
508495,697121,698849,188626,1728,1,21600,110.158564815
508495,697115,697116,188620,1,1,21600,18862.1
508496,697156,697157,188660,1,1,21600,18866.1
508497,697913,697914,189416,1,1,21600,18941.7
508498,697940,697941,189442,1,1,21600,18944.3
508498,697924,697925,189426,1,1,21600,18942.7
508498,697929,697930,189431,1,1,21600,18943.2
508499,697956,697957,189457,1,1,21600,18945.8
508499,697945,697946,189446,1,1,21600,18944.7
508500,697972,699108,189472,1136,1,21600,167.788732394
508500,697967,699233,189467,1266,1,21600,150.657977883
508500,697961,699263,189461,1302,1,21600,146.515360983
508500,697977,699154,189477,1177,1,21600,161.983007647
508501,697988,697989,189487,1,1,21600,18948.8
508501,698599,699521,190098,922,1,21600,207.180043384
508501,698885,700215,190384,1330,1,21600,144.145864662
508501,697983,700193,189482,2210,1,21600,86.7384615385
508502,698615,701766,190113,3151,1,21600,61.3341796255
508502,698621,701356,190119,2735,1,21600,70.513345521
508502,698610,699923,190108,1313,1,21600,145.789032749
508502,698605,699705,190103,1100,1,21600,173.820909091
508503,698637,700066,190134,1429,1,21600,134.053883835
508503,698632,701087,190129,2455,1,21600,78.4456211813
508503,698626,700772,190123,2146,1,21600,89.5941286114
508503,698642,703945,190139,5303,1,21600,36.8549877428
508504,698648,700013,190144,1365,1,21600,140.2996337
508504,698653,699812,190149,1159,1,21600,165.062985332
508504,698664,701550,190160,2886,1,21600,66.8905058905
508504,698658,700435,190154,1777,1,21600,108.008441193
508505,698669,699987,190164,1318,1,21600,145.282245827
508505,699119,699661,190614,542,1,21600,352.686346863
508505,698674,703136,190169,4462,1,21600,43.6196772748
508505,699166,700621,190661,1455,1,21600,132.038487973
508506,699673,701351,191167,1678,1,21600,114.925506555
508506,699434,700796,190928,1362,1,21600,141.182085169
508506,699246,700947,190740,1701,1,21600,113.134038801
508510,700044,710300,191534,10256,1,21600,19.6753120125
508511,700118,700119,191607,1,1,21600,19160.8
508512,700140,701455,191628,1315,1,21600,146.724714829
508512,700129,702775,191617,2646,1,21600,73.417611489
508512,700145,701751,191633,1606,1,21600,120.323163138
508512,700123,701844,191611,1721,1,21600,112.337013364
508513,700150,701373,191637,1223,1,21600,157.694194603
508513,700156,701463,191643,1307,1,21600,147.628156083
508513,700161,701764,191648,1603,1,21600,120.555832813
508513,700379,701850,191866,1471,1,21600,131.432358939
508514,700177,701321,191663,1144,1,21600,168.537587413
508514,700172,701463,191658,1291,1,21600,149.45701007
508514,700166,700458,191652,292,1,21600,657.342465753
508515,700182,703533,191667,3351,1,21600,58.1969561325
508515,700193,701842,191678,1649,1,21600,117.238932686
508515,700188,701198,191673,1010,1,21600,190.775247525
508732,700198,700199,191466,1,1,21600,19146.7
508733,700367,700368,191634,1,1,21600,19163.5
508734,700458,700459,191724,1,1,21600,19172.5
508734,700473,700476,191739,3,1,21600,19174.2
508735,700478,700479,191743,1,1,21600,19174.4
508736,700523,703205,191787,2682,1,21600,72.5089485459
508737,700541,708307,191804,7766,1,21600,25.697913984
508737,700985,708848,192248,7863,1,21600,25.4497011319
508737,700529,700530,191792,1,1,21600,19179.3
508738,700784,702514,192046,1730,1,21600,112.009248555
508738,700633,709569,191895,8936,1,21600,22.4743733214
508738,700809,703477,192071,2668,1,21600,72.9906296852
508739,701563,702497,192824,934,1,21600,207.449678801
508739,701474,705805,192735,4331,1,21600,45.5012699146
508739,701385,704336,192646,2951,1,21600,66.2815994578
508740,701763,702786,193023,1023,1,21600,189.683284457
508740,704279,705274,195539,995,1,21600,197.52160804
508740,701641,704114,192901,2473,1,21600,79.0028305702
508741,704289,705137,195548,848,1,21600,231.599056604
508741,704284,705106,195543,822,1,21600,238.886861314
508741,704300,706280,195559,1980,1,21600,99.7671717172
508741,704295,706064,195554,1769,1,21600,111.544940644
508742,701783,702348,193041,565,1,21600,342.665486726
508742,701776,703497,193034,1721,1,21600,113.163858222
508742,701854,702462,193112,608,1,21600,318.618421053
508744,702360,703676,193616,1316,1,21600,148.124620061
508744,701983,703393,193239,1410,1,21600,138.04893617
508744,701898,702579,193154,681,1,21600,284.632892805
508745,702474,704441,193729,1967,1,21600,99.4895780376
508745,702510,704127,193765,1617,1,21600,120.829931973
508745,702591,703904,193846,1313,1,21600,148.63594821
508745,702526,703863,193781,1337,1,21600,145.937172775
508746,702788,704332,194042,1544,1,21600,126.674870466
508749,702924,704256,194175,1332,1,21600,146.777027027
508749,703148,704170,194399,1022,1,21600,191.214285714
508749,703217,704407,194468,1190,1,21600,164.418487395
508750,703545,705009,194795,1464,1,21600,134.056693989
508750,703489,704608,194739,1119,1,21600,175.029490617
508750,703509,705489,194759,1980,1,21600,99.3631313131
508751,704620,705406,195869,786,1,21600,250.197201018
508751,704268,705072,195517,804,1,21600,244.180348259
508751,703688,706621,194937,2933,1,21600,67.4633481077
508752,704306,705147,195554,841,1,21600,233.525564804
508752,705027,705774,196275,747,1,21600,263.751004016
508752,704273,705101,195521,828,1,21600,237.13647343
508753,704311,705125,195558,814,1,21600,241.243243243
508753,704316,704317,195563,1,1,21600,19556.4
508754,704332,704333,195578,1,1,21600,19557.9
508754,704338,705401,195584,1063,1,21600,184.99247413
508754,704327,704328,195573,1,1,21600,19557.4
508755,704343,705430,195588,1087,1,21600,180.933762649
508755,705084,706230,196329,1146,1,21600,172.316753927
508755,705113,706292,196358,1179,1,21600,167.546225615
508755,705120,706466,196365,1346,1,21600,146.88781575
508756,705159,705968,196403,809,1,21600,243.772558714
508756,705151,706020,196395,869,1,21600,227.001150748
508756,705137,707183,196381,2046,1,21600,96.9828934506
508757,706323,707504,197566,1181,1,21600,168.287044877
508757,706478,707295,197721,817,1,21600,243.008567931
508757,706349,707254,197592,905,1,21600,219.333701657
508757,706342,707133,197585,791,1,21600,250.791403287
508758,705235,706285,196477,1050,1,21600,188.120952381
508758,705420,706597,196662,1177,1,21600,168.08751062
508758,705287,706584,196529,1297,1,21600,152.525828836
508758,705413,706995,196655,1582,1,21600,125.30783818
508759,705443,710416,196684,4973,1,21600,40.5503720088
508759,705501,707612,196742,2111,1,21600,94.1984841307
508759,705817,707328,197058,1511,1,21600,131.415618795
508760,705950,707387,197190,1437,1,21600,138.223382046
508760,705834,707216,197074,1382,1,21600,143.600578871
508761,705992,706813,197231,821,1,21600,241.232643118
508763,706311,706312,197548,1,1,21600,19754.9
508764,706335,706336,197571,1,1,21600,19757.2
508765,706627,706628,197862,1,1,21600,19786.3
508765,706622,706626,197857,4,1,21600,19786.1
508765,706614,706615,197849,1,1,21600,19785.0
508766,706633,708921,197867,2288,1,21600,87.4803321678
508766,706638,707686,197872,1048,1,21600,189.809160305
508766,706670,708372,197904,1702,1,21600,117.277320799
508767,706643,707423,197876,780,1,21600,254.687179487
508767,706654,707351,197887,697,1,21600,284.912482066
508767,706649,706650,197882,1,1,21600,19788.3
508768,706659,707620,197891,961,1,21600,206.921956296
508768,706665,707510,197897,845,1,21600,235.197633136
508768,707411,711637,198643,4226,1,21600,48.0049692381
508769,706676,710934,197907,4258,1,21600,47.4788633161
508769,706686,709242,197917,2556,1,21600,78.4323161189
508769,706681,710578,197912,3897,1,21600,51.7857326148
508770,706697,711200,197927,4503,1,21600,44.9544747946
508770,706702,708139,197932,1437,1,21600,138.73973556
508770,707516,709940,198746,2424,1,21600,82.9909240924
508771,707307,708908,198536,1601,1,21600,125.007495315
508771,706825,709117,198054,2292,1,21600,87.4109947644
508772,707886,707887,199114,1,1,21600,19911.5
508772,707547,710148,198775,2601,1,21600,77.4225297962
508773,707636,707639,198863,3,1,21600,19886.6
508774,707899,708950,199125,1051,1,21600,190.462416746
508774,707698,708984,198924,1286,1,21600,155.684292379
508774,707659,708868,198885,1209,1,21600,165.503722084
508774,707652,708587,198878,935,1,21600,213.703743316
508775,708324,710967,199549,2643,1,21600,76.5009458948
508775,708386,709064,199611,678,1,21600,295.411504425
508775,708599,709376,199824,777,1,21600,258.173745174
508776,708880,709582,200104,702,1,21600,286.048433048
508776,708860,709585,200084,725,1,21600,276.977931034
508777,708936,708937,200159,1,1,21600,20016.0
508777,710638,710639,201861,1,1,21600,20186.2
508778,708967,711799,200189,2832,1,21600,71.6882062147
508780,709025,711422,200245,2397,1,21600,84.5398414685
508780,709013,721355,200233,12342,1,21600,17.2237076649
508781,709129,711730,200348,2601,1,21600,78.0272971934
508781,709254,721158,200473,11904,1,21600,17.8408098118
508781,709076,718704,200295,9628,1,21600,21.8033859576
508782,709581,710790,200799,1209,1,21600,167.086848635
508782,709594,711026,200812,1432,1,21600,141.231843575
508782,709388,711730,200606,2342,1,21600,86.6558497011
508783,710160,711070,201377,910,1,21600,222.293406593
508783,709952,711207,201169,1255,1,21600,161.294023904
508783,709601,711726,200818,2125,1,21600,95.5025882353
508784,710590,711474,201806,884,1,21600,229.287330317
508784,710601,712962,201817,2361,1,21600,86.4794578568
508784,710595,711485,201811,890,1,21600,227.753932584
508785,710617,711757,201832,1140,1,21600,178.045614035
508785,710612,711570,201827,958,1,21600,211.675365344
508785,710606,711523,201821,917,1,21600,221.088331516
508785,710622,711873,201837,1251,1,21600,162.340527578
508786,711219,712329,202433,1110,1,21600,183.372072072
508786,711096,712195,202310,1099,1,21600,185.085532302
508786,710628,711714,201842,1086,1,21600,186.858195212
508787,710644,712896,201857,2252,1,21600,90.6345470693
508787,711649,712826,202862,1177,1,21600,173.355140187
508787,710649,712078,201862,1429,1,21600,142.261021693
508788,710655,711655,201867,1000,1,21600,202.867
508788,710665,711781,201877,1116,1,21600,181.893369176
508788,710660,711921,201872,1261,1,21600,161.088818398
508789,710979,711827,202190,848,1,21600,239.431603774
508789,710670,712004,201881,1334,1,21600,152.335082459
508790,711076,713593,202286,2517,1,21600,81.3678982916
508791,711770,712790,202979,1020,1,21600,199.999019608
508791,711726,712770,202935,1044,1,21600,195.382183908
508791,711763,712667,202972,904,1,21600,225.526548673
508792,711750,711751,202958,1,1,21600,20295.9
508792,712163,713244,203371,1081,1,21600,189.132284921
508792,711745,712901,202953,1156,1,21600,176.564878893
508792,711738,712742,202946,1004,1,21600,203.137450199
508793,712560,715037,203767,2477,1,21600,83.2636253532
508794,712783,713703,203989,920,1,21600,222.727173913
508794,712774,713765,203980,991,1,21600,206.832492432
508795,711788,718844,202993,7056,1,21600,29.7688492063
508795,711782,714954,202987,3172,1,21600,64.9933795712
508795,711777,729667,202982,17890,1,21600,12.3461151481
508796,711804,715761,203008,3957,1,21600,52.3035127622
508796,711798,717463,203002,5665,1,21600,36.8344218888
508796,711793,716960,202997,5167,1,21600,40.2872072769
508797,711814,715280,203017,3466,1,21600,59.5738603578
508797,711820,717116,203023,5296,1,21600,39.3351586103
508797,711809,711811,203012,2,1,21600,20301.4
508798,711836,712750,203038,914,1,21600,223.142231947
508798,711825,711826,203027,1,1,21600,20302.8
508798,711831,712667,203033,836,1,21600,243.862440191
508799,711841,712151,203042,310,1,21600,655.974193548
508799,711852,712161,203053,309,1,21600,658.129449838
508799,711847,714512,203048,2665,1,21600,77.190619137
508800,711857,714030,203057,2173,1,21600,94.4454670962
508800,711863,712475,203063,612,1,21600,332.802287582
508800,711868,712586,203068,718,1,21600,283.824512535
508801,711875,712555,203074,680,1,21600,299.638235294
508801,711880,712548,203079,668,1,21600,305.010479042
508802,711905,712486,203103,581,1,21600,350.574870912
508802,711897,713718,203095,1821,1,21600,112.529379462
508802,711933,712249,203131,316,1,21600,643.819620253
508803,712016,714336,203213,2320,1,21600,88.5918103448
508804,712115,712578,203311,463,1,21600,440.11663067
508804,712206,714859,203402,2653,1,21600,77.6686769695
508804,712173,713331,203369,1158,1,21600,176.6208981
508805,712499,716315,203694,3816,1,21600,54.3789308176
508805,712487,714803,203682,2316,1,21600,88.9455958549
508805,712262,712938,203457,676,1,21600,301.971893491
508805,712342,712892,203537,550,1,21600,371.067272727
508806,712579,714096,203773,1517,1,21600,135.326301912
508806,712590,714105,203784,1515,1,21600,135.510891089
508806,712599,713401,203793,802,1,21600,255.105985037
508807,712679,715244,203872,2565,1,21600,80.4822612086
508807,712754,714262,203947,1508,1,21600,136.2433687
508808,712803,714246,203995,1443,1,21600,142.368676369
508808,712864,714283,204056,1419,1,21600,144.802677942
508809,712923,713988,204114,1065,1,21600,192.656338028
508810,712950,713467,204140,517,1,21600,395.854932302
508810,712930,715207,204120,2277,1,21600,90.6442687747
508810,712935,713423,204125,488,1,21600,419.288934426
508811,713344,713345,204533,1,1,21600,20453.4
508811,712974,713498,204163,524,1,21600,390.624045802
508811,713256,716392,204445,3136,1,21600,66.1929209184
508812,713448,715543,204636,2095,1,21600,98.6782816229
508812,713414,716504,204602,3090,1,21600,67.2142394822
508812,713357,714983,204545,1626,1,21600,126.796432964
508813,714995,715610,206182,615,1,21600,336.255284553
508813,713522,715468,204709,1946,1,21600,106.194758479
508814,713606,713607,204792,1,1,21600,20479.3
508814,713493,714183,204679,690,1,21600,297.636231884
508814,713619,714924,204805,1305,1,21600,157.938697318
508815,713730,714565,204915,835,1,21600,246.407185629
508815,713777,715126,204962,1349,1,21600,152.936249073
508815,713716,715876,204901,2160,1,21600,95.8615740741
508816,714000,714778,205184,778,1,21600,264.732647815
508816,714055,715579,205239,1524,1,21600,135.671259843
508817,714107,714809,205290,702,1,21600,293.435897436
508817,714815,715935,205998,1120,1,21600,184.926785714
508817,714790,715942,205973,1152,1,21600,179.796006944
508817,714117,722122,205300,8005,1,21600,26.6464709557
508818,714835,715961,206017,1126,1,21600,183.963587922
508819,714979,720200,206160,5221,1,21600,40.4866883739
508819,714949,718765,206130,3816,1,21600,55.0172955975
508819,714966,714967,206147,1,1,21600,20614.8
508820,715049,720373,206229,5324,1,21600,39.7357250188
508822,715202,715820,206380,618,1,21600,334.948220065
508822,716411,717513,207589,1102,1,21600,189.37477314
508823,716430,716431,207607,1,1,21600,20760.8
508824,715268,717469,206444,2201,1,21600,94.7955474784
508824,715556,717296,206732,1740,1,21600,119.811494253
508825,715566,718830,206741,3264,1,21600,64.3397671569
508825,715561,716395,206736,834,1,21600,248.884892086
508825,715572,716523,206747,951,1,21600,218.39957939
508825,715577,715869,206752,292,1,21600,709.054794521
508826,715588,715863,206762,275,1,21600,752.861818182
508826,715583,715885,206757,302,1,21600,685.625827815
508826,715593,716679,206767,1086,1,21600,191.393186004
508827,715609,717444,206782,1835,1,21600,113.68773842
508827,715599,716447,206772,848,1,21600,244.83490566
508827,715604,716366,206777,762,1,21600,272.360892388
508828,715625,717343,206797,1718,1,21600,121.370779977
508828,715620,716048,206792,428,1,21600,484.158878505
508828,715615,722375,206787,6760,1,21600,31.5897928994
508829,715643,716029,206814,386,1,21600,536.787564767
508829,715636,716027,206807,391,1,21600,529.918158568
508829,715631,716182,206802,551,1,21600,376.32123412
508830,715875,717936,207045,2061,1,21600,101.458515284
508830,715833,716507,207003,674,1,21600,308.12611276
508830,715888,717214,207058,1326,1,21600,157.152337858
508830,716327,717184,207497,857,1,21600,243.120186698
508831,716443,717395,207612,952,1,21600,219.079831933
508831,716378,717283,207547,905,1,21600,230.333701657
508832,716523,716524,207691,1,1,21600,20769.2
508832,716530,717436,207698,906,1,21600,230.247240618
508832,716542,717578,207710,1036,1,21600,201.492277992
508833,717129,718034,208296,905,1,21600,231.161325967
508833,717195,718026,208362,831,1,21600,251.736462094
508833,716550,718490,207717,1940,1,21600,108.070618557
508834,717309,718989,208475,1680,1,21600,125.092261905
508834,717226,719122,208392,1896,1,21600,110.911392405
508834,717295,719005,208461,1710,1,21600,122.907017544
508835,717356,724681,208521,7325,1,21600,29.4670307167
508835,717467,717468,208632,1,1,21600,20863.3
508835,717379,719317,208544,1938,1,21600,108.607843137
508836,717472,717473,208636,1,1,21600,20863.7
508837,717461,717462,208624,1,1,21600,20862.5
508838,717483,718116,208645,633,1,21600,330.612954186
508838,717515,717516,208677,1,1,21600,20867.8
508839,717494,718135,208655,641,1,21600,326.514820593
508839,717499,718173,208660,674,1,21600,310.584569733
508839,717488,720117,208649,2629,1,21600,80.3643971092
508840,717521,717924,208681,403,1,21600,518.818858561
508840,717526,717894,208686,368,1,21600,568.081521739
508840,717505,717888,208665,383,1,21600,545.817232376
508841,717532,717927,208691,395,1,21600,529.33164557
508841,718057,719154,209216,1097,1,21600,191.716499544
508841,717537,718534,208696,997,1,21600,210.323971916
508842,717542,718979,208700,1437,1,21600,146.233124565
508842,718046,719770,209204,1724,1,21600,122.348027842
508842,717550,718606,208708,1056,1,21600,198.640151515
508842,717906,720081,209064,2175,1,21600,97.1213793103
508843,718062,719053,209219,991,1,21600,212.119071645
508843,718068,719095,209225,1027,1,21600,204.724440117
508843,718052,721009,209209,2957,1,21600,71.7504227257
508844,718073,719787,209229,1714,1,21600,123.070595099
508844,718121,719361,209277,1240,1,21600,169.771774194
508844,718078,719448,209234,1370,1,21600,153.725547445
508844,718151,718152,209307,1,1,21600,20930.8
508845,718084,722123,209239,4039,1,21600,52.8046546175
508845,718089,718809,209244,720,1,21600,291.616666667
508845,718094,718095,209249,1,1,21600,20925.0
508846,718105,718106,209259,1,1,21600,20926.0
508847,718139,718140,209292,1,1,21600,20929.3
508847,718134,718135,209287,1,1,21600,20928.8
508848,718156,718157,209308,1,1,21600,20930.9
508849,718167,718853,209318,686,1,21600,306.128279883
508849,718231,718232,209382,1,1,21600,20938.3
508850,718242,718914,209392,672,1,21600,312.595238095
508850,718179,718943,209329,764,1,21600,274.990837696
508850,718236,718237,209386,1,1,21600,20938.7
508850,718184,718185,209334,1,1,21600,20933.5
508851,718196,718914,209345,718,1,21600,292.566852368
508851,718190,718830,209339,640,1,21600,328.0921875
508851,718202,718711,209351,509,1,21600,412.298624754
508851,718247,718776,209396,529,1,21600,396.833648393
508852,718258,718936,209406,678,1,21600,309.85840708
508852,718253,718935,209401,682,1,21600,308.039589443
508853,718276,718277,209423,1,1,21600,20942.4
508853,718263,718264,209410,1,1,21600,20941.1
508853,718386,718387,209533,1,1,21600,20953.4
508854,718283,720104,209429,1821,1,21600,116.007688083
508854,718293,718297,209439,4,1,21600,20944.3
508854,718299,718301,209445,2,1,21600,20944.7
508855,718317,718318,209462,1,1,21600,20946.3
508855,718305,718307,209450,2,1,21600,20945.2
508856,718340,718341,209484,1,1,21600,20948.5
508857,718363,718364,209506,1,1,21600,20950.7
508858,718392,719701,209534,1309,1,21600,161.071810542
508858,718374,719563,209516,1189,1,21600,177.211942809
508858,718368,722215,209510,3847,1,21600,55.4606186639
508858,718399,719086,209541,687,1,21600,306.008733624
508859,718503,719246,209644,743,1,21600,283.158815612
508859,718404,719133,209545,729,1,21600,288.44170096
508859,718546,720961,209687,2415,1,21600,87.8269151139
508860,718952,720825,210092,1873,1,21600,113.168713294
508860,718866,720391,210006,1525,1,21600,138.708852459
508860,718618,720307,209758,1689,1,21600,125.190645352
508860,718847,721475,209987,2628,1,21600,80.9037290715
508861,718991,719467,210130,476,1,21600,442.449579832
508861,719002,719472,210141,470,1,21600,448.108510638
508861,718960,719412,210099,452,1,21600,465.82079646
508862,719099,722149,210237,3050,1,21600,69.9301639344
508862,719107,720234,210245,1127,1,21600,187.552795031
508862,719017,719460,210155,443,1,21600,475.390519187
508862,718947,719377,210085,430,1,21600,489.569767442
508863,719167,719999,210304,832,1,21600,253.769230769
508863,719134,720314,210271,1180,1,21600,179.195762712
508863,719145,720188,210282,1043,1,21600,202.612655801
508864,719172,720048,210308,876,1,21600,241.077625571
508864,719630,720211,210766,581,1,21600,363.764199656
508864,719625,720359,210761,734,1,21600,288.140326975
508864,719178,720214,210314,1036,1,21600,204.005791506
508865,721610,721612,212745,2,1,21600,21274.7
508865,721605,722156,212740,551,1,21600,387.09800363
508865,719183,719184,210318,1,1,21600,21031.9
508866,719199,719200,210333,1,1,21600,21033.4
508866,719188,719192,210322,4,1,21600,21032.6
508867,719204,719205,210337,1,1,21600,21033.8
508867,719221,719735,210354,514,1,21600,410.249027237
508867,719210,719213,210343,3,1,21600,21034.6
508867,719215,719216,210348,1,1,21600,21034.9
508868,719226,719729,210358,503,1,21600,419.206759443
508868,719237,722248,210369,3011,1,21600,70.8668216539
508868,719232,719799,210364,567,1,21600,372.012345679
508869,719248,721232,210379,1984,1,21600,107.037802419
508869,719329,721042,210460,1713,1,21600,123.860478692
508869,719243,723440,210374,4197,1,21600,51.1248510841
508869,719374,721348,210505,1974,1,21600,107.638804458
508870,719480,721732,210610,2252,1,21600,94.5213143872
508870,719460,720596,210590,1136,1,21600,186.378521127
508870,719390,722355,210520,2965,1,21600,72.0016863406
508870,719472,720474,210602,1002,1,21600,211.181636727
508871,719487,720555,210616,1068,1,21600,198.205992509
508871,719575,720696,210704,1121,1,21600,188.960749331
508871,719714,721600,210843,1886,1,21600,112.793743372
508872,719798,724831,210926,5033,1,21600,42.9086032188
508872,720117,720916,211245,799,1,21600,265.386733417
508872,720093,720936,211221,843,1,21600,251.558718861
508873,720213,721328,211340,1115,1,21600,190.542600897
508873,720130,720949,211257,819,1,21600,258.945054945
508873,720200,720920,211327,720,1,21600,294.509722222
508873,720223,722061,211350,1838,1,21600,115.989118607
508874,720379,721706,211505,1327,1,21600,160.385832705
508874,720372,721584,211498,1212,1,21600,175.50330033
508874,720326,721763,211452,1437,1,21600,148.14822547
508875,720391,721133,211516,742,1,21600,286.061994609
508875,720403,721195,211528,792,1,21600,268.080808081
508875,720384,721774,211509,1390,1,21600,153.164748201
508875,720487,721416,211612,929,1,21600,228.784714747
508876,721145,722131,212269,986,1,21600,216.28296146
508876,721221,721814,212345,593,1,21600,359.086003373
508876,721226,721859,212350,633,1,21600,336.466034755
508876,721092,721984,212216,892,1,21600,238.910313901
508877,721571,722266,212694,695,1,21600,307.034532374
508877,721340,721946,212463,606,1,21600,351.599009901
508877,721361,721928,212484,567,1,21600,375.751322751
508878,721577,722243,212699,666,1,21600,320.367867868
508878,721588,723356,212710,1768,1,21600,121.311085973
508878,721594,722740,212716,1146,1,21600,186.616055846
508878,721583,722280,212705,697,1,21600,306.172166428
508879,721616,721621,212737,5,1,21600,21274.2
508879,721621,721623,212742,2,1,21600,21274.4
508879,721627,723587,212748,1960,1,21600,109.544897959
508879,721599,723007,212720,1408,1,21600,152.079545455
508880,721632,721633,212752,1,1,21600,21275.3
508880,721638,721643,212758,5,1,21600,21276.3
508880,721643,721644,212763,1,1,21600,21276.4
508881,721654,722436,212773,782,1,21600,273.088235294
508881,721859,722605,212978,746,1,21600,286.493297587
508881,721649,722688,212768,1039,1,21600,205.781520693
508881,721660,722431,212779,771,1,21600,276.977950713
508882,721672,722526,212790,854,1,21600,250.168618267
508882,721667,722473,212785,806,1,21600,265.001240695
508883,721865,722415,212982,550,1,21600,388.24
508883,721704,722257,212821,553,1,21600,385.848101266
508883,721698,722222,212815,524,1,21600,407.135496183
508884,721730,721731,212846,1,1,21600,21284.7
508885,721749,721750,212864,1,1,21600,21286.5
508885,721762,723659,212877,1897,1,21600,113.217712177
508885,721770,723425,212885,1655,1,21600,129.63141994
508886,721776,721777,212890,1,1,21600,21289.1
508886,721785,721786,212899,1,1,21600,21290.0
508887,721820,721822,212933,2,1,21600,21293.5
508887,721814,721820,212927,6,1,21600,21293.3
508887,721806,721807,212919,1,1,21600,21292.0
508887,721800,721803,212913,3,1,21600,21291.6
508888,721837,721840,212949,3,1,21600,21295.2
508888,721826,721829,212938,3,1,21600,21294.1
508888,721831,721834,212943,3,1,21600,21294.6
508889,721843,721846,212954,3,1,21600,21295.7
508889,721887,721889,212998,2,1,21600,21300.0
508889,721848,721849,212959,1,1,21600,21296.0
508890,721870,721876,212980,6,1,21600,21298.6
508890,721892,721897,213002,5,1,21600,21300.7
508890,721876,722692,212986,816,1,21600,262.012254902
508891,722016,722833,213125,817,1,21600,261.862913097
508891,721881,722987,212990,1106,1,21600,193.576853526
508891,721904,722662,213013,758,1,21600,282.019788918
508891,721898,722674,213007,776,1,21600,275.493556701
508892,721921,722511,213029,590,1,21600,362.066101695
508892,721909,721912,213017,3,1,21600,21302.0
508892,721915,722485,213023,570,1,21600,374.724561404
508893,721938,722529,213045,591,1,21600,361.482233503
508893,721951,723537,213058,1586,1,21600,135.336696091
508893,721926,722528,213033,602,1,21600,354.875415282
508893,721932,722544,213039,612,1,21600,349.102941176
508894,721957,724244,213063,2287,1,21600,94.1626585046
508894,721962,723233,213068,1271,1,21600,168.638080252
508894,721968,723170,213074,1202,1,21600,178.266222962
508895,721994,726597,213099,4603,1,21600,47.2956767326
508895,721988,723398,213093,1410,1,21600,152.129787234
508895,721975,725917,213080,3942,1,21600,55.0537798072
508895,721982,723267,213087,1285,1,21600,166.826459144
508896,722010,743330,213114,21320,1,21600,10.9959662289
508896,722005,723020,213109,1015,1,21600,210.959605911
508896,721999,725328,213103,3329,1,21600,65.0141183539
508896,722066,723062,213170,996,1,21600,215.026104418
508897,722101,723158,213204,1057,1,21600,202.706717124
508897,722021,723023,213124,1002,1,21600,213.698602794
508897,722077,724125,213180,2048,1,21600,105.091796875
508898,722027,723132,213129,1105,1,21600,193.876923077
508898,722033,722034,213135,1,1,21600,21313.6
508898,722038,722039,213140,1,1,21600,21314.1
508898,722044,722045,213146,1,1,21600,21314.7
508899,722049,722050,213150,1,1,21600,21315.1
508899,722055,722056,213156,1,1,21600,21315.7
508900,722071,722072,213171,1,1,21600,21317.2
508900,722060,722062,213160,2,1,21600,21316.2
508901,722149,722150,213248,1,1,21600,21324.9
508901,722106,726186,213205,4080,1,21600,53.256127451
508901,722082,722083,213181,1,1,21600,21318.2
508901,722088,722089,213187,1,1,21600,21318.8
508902,722111,722112,213209,1,1,21600,21321.0
508902,722162,722163,213260,1,1,21600,21326.1
508903,722289,722290,213386,1,1,21600,21338.7
508903,722122,723194,213219,1072,1,21600,199.898320896
508903,722294,723941,213391,1647,1,21600,130.563448695
508903,722128,722984,213225,856,1,21600,250.094626168
508904,722133,723045,213229,912,1,21600,234.80372807
508904,722139,722780,213235,641,1,21600,333.659906396
508904,722144,722856,213240,712,1,21600,300.494382022
508905,722157,722911,213252,754,1,21600,283.827586207
508905,722168,723009,213263,841,1,21600,254.582639715
508905,722173,722180,213268,7,1,21600,21327.5
508905,722178,722180,213273,2,1,21600,21327.5
508906,722191,722719,213285,528,1,21600,404.948863636
508906,722196,722647,213290,451,1,21600,473.926829268
508906,722184,722702,213278,518,1,21600,412.733590734
508907,722202,722713,213295,511,1,21600,418.40704501
509033,722207,722208,213174,1,1,21600,21317.5
509034,722218,722219,213184,1,1,21600,21318.5
509034,722223,722224,213189,1,1,21600,21319.0
509035,722234,724556,213199,2322,1,21600,92.8169681309
509035,722240,724097,213205,1857,1,21600,115.811523963
509035,722229,726626,213194,4397,1,21600,49.4862406186
509035,509147,510770,112,1623,8,6000,1.06900800986
509036,722256,725234,213220,2978,1,21600,72.59838818
509036,722245,727316,213209,5071,1,21600,43.0447643463
509036,722262,724058,213226,1796,1,21600,119.722717149
509037,722302,729733,213265,7431,1,21600,29.6993675145
509037,722267,727329,213230,5062,1,21600,43.123666535
509037,722278,722279,213241,1,1,21600,21324.2
509038,722888,722889,213850,1,1,21600,21385.1
509038,722307,724208,213269,1901,1,21600,113.187795897
509038,722883,726529,213845,3646,1,21600,59.6519473396
509039,722899,722900,213860,1,1,21600,21386.1
509039,722910,722911,213871,1,1,21600,21387.2
509040,722915,722916,213875,1,1,21600,21387.6
509040,722926,722927,213886,1,1,21600,21388.7
509040,722921,722922,213881,1,1,21600,21388.2
509041,723361,744998,214320,21637,1,21600,10.9052548875
509041,722932,730096,213891,7164,1,21600,30.8563651591
509041,509937,511572,896,1635,8,6000,1.54801223242
509041,723356,728466,214315,5110,1,21600,42.9403131115
509042,723372,743404,214330,20032,1,21600,11.6993809904
509042,722318,722715,213276,397,1,21600,538.219143577
509042,722313,722314,213271,1,1,21600,21327.2
509043,722340,723631,213297,1291,1,21600,166.218435321
509043,722335,723216,213292,881,1,21600,243.10215664
509043,722324,723408,213281,1084,1,21600,197.753690037
509043,722329,723499,213286,1170,1,21600,183.295726496
509044,722345,723702,213301,1357,1,21600,158.185703758
509044,722362,722363,213318,1,1,21600,21331.9
509044,722356,722357,213312,1,1,21600,21331.3
509045,722373,722374,213328,1,1,21600,21332.9
509046,722389,722390,213343,1,1,21600,21334.4
509046,722384,722385,213338,1,1,21600,21333.9
509047,722407,722408,213360,1,1,21600,21336.1
509047,722412,722413,213365,1,1,21600,21336.6
509048,722423,723163,213375,740,1,21600,289.344594595
509048,722429,724280,213381,1851,1,21600,116.278768233
509049,722445,724363,213396,1918,1,21600,112.259645464
509049,722440,723052,213391,612,1,21600,349.678104575
509049,722434,723328,213385,894,1,21600,239.685682327
509050,722485,723737,213435,1252,1,21600,171.475239617
509050,722450,723925,213400,1475,1,21600,145.677966102
509050,722456,725727,213406,3271,1,21600,66.2418220728
509050,722496,725178,213446,2682,1,21600,80.5846383296
509051,722701,724816,213650,2115,1,21600,102.016548463
509051,722707,722708,213656,1,1,21600,21365.7
509051,722686,725213,213635,2527,1,21600,85.5409576573
509052,722720,722721,213668,1,1,21600,21366.9
509053,722738,722739,213685,1,1,21600,21368.6
509054,722755,722756,213701,1,1,21600,21370.2
509054,722750,722751,213696,1,1,21600,21369.7
509055,722778,722779,213723,1,1,21600,21372.4
509055,722767,722768,213712,1,1,21600,21371.3
509056,722794,722795,213738,1,1,21600,21373.9
509056,722783,722784,213727,1,1,21600,21372.8
509057,722805,722806,213748,1,1,21600,21374.9
509057,722810,722811,213753,1,1,21600,21375.4
509058,722821,722822,213763,1,1,21600,21376.4
509058,722832,725962,213774,3130,1,21600,69.2984025559
509058,722826,725765,213768,2939,1,21600,73.7349438585
509059,722837,725977,213778,3140,1,21600,69.0821656051
509059,722843,724274,213784,1431,1,21600,150.394828791
509059,722848,722849,213789,1,1,21600,21379.0
509060,722853,724765,213793,1912,1,21600,112.816422594
509060,722870,724141,213810,1271,1,21600,169.221872541
509060,722859,724014,213799,1155,1,21600,186.107359307
509060,722864,725771,213804,2907,1,21600,74.5479876161
509061,722875,723877,213814,1002,1,21600,214.387225549
509061,723378,727640,214317,4262,1,21600,51.2855466917
509061,723383,723384,214322,1,1,21600,21432.3
509062,722953,722954,213891,1,1,21600,21389.2
509062,722942,722943,213880,1,1,21600,21388.1
509062,722937,724795,213875,1858,1,21600,116.110333692
509063,722971,722972,213908,1,1,21600,21390.9
509063,722964,722965,213901,1,1,21600,21390.2
509064,722987,723688,213923,701,1,21600,306.168330956
509064,722982,727254,213918,4272,1,21600,51.0744382022
509064,722993,724490,213929,1497,1,21600,143.905143621
509065,722998,724577,213933,1579,1,21600,136.486383787
509065,723004,723659,213939,655,1,21600,327.624427481
509065,723009,724138,213944,1129,1,21600,190.498671391
509066,723014,726384,213948,3370,1,21600,64.4860534125
509066,723020,725209,213954,2189,1,21600,98.7405207857
509066,723031,724478,213965,1447,1,21600,148.868002764
509066,723025,724387,213959,1362,1,21600,158.091776799
509067,723036,723037,213969,1,1,21600,21397.0
509067,723206,723207,214139,1,1,21600,21414.0
509067,723171,726731,214104,3560,1,21600,61.1415730337
509068,723227,723228,214159,1,1,21600,21416.0
509069,723260,726429,214191,3169,1,21600,68.5894603976
509069,723254,723255,214185,1,1,21600,21418.6
509069,723248,723249,214179,1,1,21600,21418.0
509070,723272,723273,214202,1,1,21600,21420.3
509070,723284,723285,214214,1,1,21600,21421.5
509071,723296,723297,214225,1,1,21600,21422.6
509071,723302,723303,214231,1,1,21600,21423.2
509072,723313,723314,214241,1,1,21600,21424.2
509072,723318,723319,214246,1,1,21600,21424.7
509073,723329,724056,214256,727,1,21600,295.712517194
509073,723334,724195,214261,861,1,21600,249.851335656
509074,723340,724216,214266,876,1,21600,245.595890411
509074,723345,723346,214271,1,1,21600,21427.2
509074,723388,723389,214314,1,1,21600,21431.5
509075,723401,724966,214326,1565,1,21600,137.949520767
509075,723394,723398,214319,4,1,21600,21432.3
509075,723407,725966,214332,2559,1,21600,84.7561547479
509076,723423,725119,214347,1696,1,21600,127.38384434
509076,723412,725166,214336,1754,1,21600,123.198403649
509076,723417,725017,214341,1600,1,21600,134.963125
509077,725247,726603,216170,1356,1,21600,160.41740413
509077,725241,725242,216164,1,1,21600,21616.5
509078,725252,726359,216174,1107,1,21600,196.279132791
509078,725471,725472,216393,1,1,21600,21639.4
509079,726942,727736,217863,794,1,21600,275.386649874
509079,725476,725477,216397,1,1,21600,21639.8
509079,726876,728630,217797,1754,1,21600,125.171607754
509080,727172,729136,218092,1964,1,21600,112.044806517
509081,723428,723429,214347,1,1,21600,21434.8
509081,723433,723434,214352,1,1,21600,21435.3
509082,723444,723445,214362,1,1,21600,21436.3
509082,723455,725165,214373,1710,1,21600,126.364327485
509083,723466,724772,214383,1306,1,21600,165.15237366
509083,723460,725365,214377,1905,1,21600,113.533858268
509083,723473,724678,214390,1205,1,21600,178.917012448
509084,723670,723671,214586,1,1,21600,21458.7
509085,723785,723786,214700,1,1,21600,21470.1
509086,723813,723814,214727,1,1,21600,21472.8
509086,723818,727724,214732,3906,1,21600,55.9749103943
509087,723840,726739,214753,2899,1,21600,75.0783028631
509087,723824,725524,214737,1700,1,21600,127.315882353
509087,723829,726775,214742,2946,1,21600,73.8927359131
509087,723834,725998,214747,2164,1,21600,100.236136784
509088,723845,727303,214757,3458,1,21600,63.1043956044
509089,723867,727823,214778,3956,1,21600,55.2917087968
509089,723861,725044,214772,1183,1,21600,182.548605241
509089,723872,725012,214783,1140,1,21600,189.406140351
509089,723877,725290,214788,1413,1,21600,153.008492569
509090,723883,725812,214793,1929,1,21600,112.349403836
509090,723893,725910,214803,2017,1,21600,107.496281606
509090,723888,725331,214798,1443,1,21600,149.855162855
509091,723953,726065,214862,2112,1,21600,102.733901515
509091,723937,725387,214846,1450,1,21600,149.169655172
509091,723905,727487,214814,3582,1,21600,60.9704075935
509091,723900,725493,214809,1593,1,21600,135.845574388
509092,725172,727188,216080,2016,1,21600,108.182539683
509092,724693,725712,215601,1019,1,21600,212.580961727
509092,725177,726567,216085,1390,1,21600,156.456834532
509093,725188,726255,216095,1067,1,21600,203.525773196
509093,725183,729160,216090,3977,1,21600,55.3349258235
509093,725193,725194,216100,1,1,21600,21610.1
509094,725209,725210,216115,1,1,21600,21611.6
509094,725204,725205,216110,1,1,21600,21611.1
509094,725198,725199,216104,1,1,21600,21610.5
509095,725225,725226,216130,1,1,21600,21613.1
509095,725220,725221,216125,1,1,21600,21612.6
509096,725289,725290,216193,1,1,21600,21619.4
509096,725277,725278,216181,1,1,21600,21618.2
509096,725301,725302,216205,1,1,21600,21620.6
509097,725326,730285,216229,4959,1,21600,44.6033474491
509097,725460,727397,216363,1937,1,21600,112.700051626
509097,725313,725314,216216,1,1,21600,21621.7
509098,729160,729161,220062,1,1,21600,22006.3
509099,725482,727259,216383,1777,1,21600,122.768711311
509099,729231,729232,220132,1,1,21600,22013.3
509099,729882,731450,220783,1568,1,21600,141.805484694
509100,725498,725499,216398,1,1,21600,21639.9
509100,725487,729290,216387,3803,1,21600,57.8990270839
509100,725493,733327,216393,7834,1,21600,28.6222874649
509101,725509,730476,216408,4967,1,21600,44.5691564325
509101,725503,727529,216402,2026,1,21600,107.812438302
509102,725519,733076,216417,7557,1,21600,29.6379515681
509102,725530,725531,216428,1,1,21600,21642.9
509102,725514,729858,216412,4344,1,21600,50.8186003683
509103,725546,725547,216443,1,1,21600,21644.4
509103,725541,725542,216438,1,1,21600,21643.9
509104,725824,727147,216720,1323,1,21600,164.80952381
509104,725922,729975,216818,4053,1,21600,54.4956822107
509104,725787,726929,216683,1142,1,21600,190.739929947
509105,726267,727624,217162,1357,1,21600,161.030950626
509105,726579,726580,217474,1,1,21600,21747.5
509105,726592,729531,217487,2939,1,21600,75.0003402518
509106,726743,729673,217637,2930,1,21600,75.2788395904
509106,726650,728240,217544,1590,1,21600,137.820125786
509107,726800,726804,217693,4,1,21600,21769.7
509107,726751,732136,217644,5385,1,21600,41.4167130919
509108,726815,726816,217707,1,1,21600,21770.8
509108,726827,726828,217719,1,1,21600,21772.0
509110,727724,731368,218614,3644,1,21600,60.9928649835
509111,727761,730170,218650,2409,1,21600,91.7638024076
509111,728253,729727,219142,1474,1,21600,149.671641791
509112,729261,729262,220149,1,1,21600,22015.0
509112,729249,729250,220137,1,1,21600,22013.8
509113,729543,730602,220430,1059,1,21600,209.149197356
509113,729285,730323,220172,1038,1,21600,213.111753372
509113,729273,729274,220160,1,1,21600,22016.1
509114,729696,729697,220582,1,1,21600,22058.3
509116,729813,729814,220697,1,1,21600,22069.8
509117,729850,729852,220733,2,1,21600,22073.5
509118,729876,729877,220758,1,1,21600,22075.9
509118,729992,729993,220874,1,1,21600,22087.5
509118,730004,730005,220886,1,1,21600,22088.7
509119,730041,730042,220922,1,1,21600,22092.3
509119,730010,730011,220891,1,1,21600,22089.2
509119,730028,730029,220909,1,1,21600,22091.0
509120,730059,730060,220939,1,1,21600,22094.0
509120,730065,730066,220945,1,1,21600,22094.6
509121,730107,730108,220986,1,1,21600,22098.7
509121,730119,730120,220998,1,1,21600,22099.9
509121,730083,732391,220962,2308,1,21600,96.7374350087
509122,730155,730156,221033,1,1,21600,22103.4
509123,730204,732762,221081,2558,1,21600,87.4272869429
509123,730187,734920,221064,4733,1,21600,47.7069511937
509124,730210,730211,221086,1,1,21600,22108.7
509124,730296,730297,221172,1,1,21600,22117.3
509124,730309,734277,221185,3968,1,21600,56.7421875
509125,730335,734192,221210,3857,1,21600,58.3528649209
509125,730942,734961,221817,4019,1,21600,56.192087584
509125,730947,730948,221822,1,1,21600,22182.3
509126,730977,734210,221851,3233,1,21600,69.620785648
509126,730963,730965,221837,2,1,21600,22183.9
509126,731192,731195,222066,3,1,21600,22206.9
509127,731384,736430,222257,5046,1,21600,45.0461751883
509127,731219,733506,222092,2287,1,21600,98.1106252733
509127,731206,731207,222079,1,1,21600,22208.0
509128,732407,738090,223279,5683,1,21600,40.2889319022
509128,731900,734215,222772,2315,1,21600,97.2298056156
509128,732153,734436,223025,2283,1,21600,98.6894437144
509128,731466,746665,222338,15199,1,21600,15.6284623988
509129,732779,734186,223650,1407,1,21600,159.955223881
509129,733529,733530,224400,1,1,21600,22440.1
509129,733092,735575,223963,2483,1,21600,91.198550141
509132,733629,741972,224497,8343,1,21600,27.9084262256
509132,734198,737764,225066,3566,1,21600,64.1144139091
509134,734271,740731,225137,6460,1,21600,35.8509287926
509134,734293,737835,225159,3542,1,21600,64.5683229814
509135,739114,743229,229979,4115,1,21600,56.8879708384
509135,734984,736186,225849,1202,1,21600,188.894342762
509135,734451,739050,225316,4599,1,21600,49.9923896499
509136,739052,746870,229916,7818,1,21600,30.4085443848
509136,734977,742879,225841,7902,1,21600,29.5802328524
509136,734801,737208,225665,2407,1,21600,94.7536352306
509136,739109,739110,229973,1,1,21600,22997.4
509137,734995,734996,225858,1,1,21600,22585.9
509137,735000,735001,225863,1,1,21600,22586.4
509138,735011,735012,225873,1,1,21600,22587.4
509139,735044,735045,225905,1,1,21600,22590.6
509139,735027,735028,225888,1,1,21600,22588.9
509140,735038,735041,225898,3,1,21600,22590.1
509140,735049,739234,225909,4185,1,21600,54.9806451613
509140,735055,736878,225915,1823,1,21600,124.92484915
509141,739128,739129,229987,1,1,21600,22998.8
509141,735060,735061,225919,1,1,21600,22592.0
509164,509926,511554,762,1628,8,6000,1.46805896806
509942,510671,512304,729,1633,8,6000,1.44641763625
509949,510661,512307,712,1646,8,6000,1.43256379101
510621,514392,514518,3771,126,2,3600,30.9285714286
510665,510782,512415,117,1633,8,6000,1.07164727495
510688,511567,513193,879,1626,8,6000,1.5405904059
510795,511584,513223,789,1639,8,6000,1.48139109213
511585,512325,513971,740,1646,8,6000,1.44957472661
511592,512317,513925,725,1608,8,6000,1.45087064677
512327,512427,514043,100,1616,8,6000,1.06188118812
512334,513205,514821,871,1616,8,6000,1.53898514851
512441,513236,514881,795,1645,8,6000,1.48328267477
513207,513937,515555,730,1618,8,6000,1.45117428925
513247,513985,515586,738,1601,8,6000,1.46096189881
513946,514056,515904,110,1848,8,6000,1.05952380952
514002,514833,516447,831,1614,8,6000,1.51486988848
514061,514893,516535,832,1642,8,6000,1.50669914738
514847,515568,517195,721,1627,8,6000,1.44314689613
514850,519800,519933,4950,133,2,3600,38.2180451128
514903,515598,517236,695,1638,8,6000,1.4242979243
515578,515917,517539,339,1622,8,6000,1.20900123305
515601,516459,518078,858,1619,8,6000,1.52995676343
515921,516547,518164,626,1617,8,6000,1.38713667285
516308,524277,524288,7969,11,2,2700,725.454545455
516469,517207,518820,738,1613,8,6000,1.45753254805
516558,517248,518874,690,1626,8,6000,1.42435424354
517219,517556,519194,337,1638,8,6000,1.20573870574
517258,518090,519700,832,1610,8,6000,1.51677018634
517559,518176,520007,617,1831,8,6000,1.33697433097
518105,518832,520679,727,1847,8,6000,1.39361126151
518194,518886,520500,692,1614,8,6000,1.42874845105
518836,519206,520832,370,1626,8,6000,1.22755227552
518892,519713,521349,821,1636,8,6000,1.50183374083
519223,520019,521636,796,1617,8,6000,1.49226963513
519717,520692,522320,975,1628,8,6000,1.59889434889
520031,520512,522160,481,1648,8,6000,1.29186893204
520523,520844,522482,321,1638,8,6000,1.19597069597
520707,521361,523016,654,1655,8,6000,1.39516616314
520859,521648,523292,789,1644,8,6000,1.4799270073
521366,522172,523814,806,1642,8,6000,1.49086479903
521663,522333,523961,670,1628,8,6000,1.41154791155
522185,522494,524146,309,1652,8,6000,1.18704600484
522336,523031,524710,695,1679,8,6000,1.41393686718
522503,523304,524926,801,1622,8,6000,1.49383477189
523040,523826,525465,786,1639,8,6000,1.47956070775
523319,523973,525620,654,1647,8,6000,1.3970856102
523487,524257,524264,770,7,1,3600,77.7
523839,524159,525781,320,1622,8,6000,1.19728729963
523989,524722,526340,733,1618,8,6000,1.45302843016
524172,524939,526601,767,1662,8,6000,1.4614921781
524370,524377,524493,7,116,1,3600,1.06034482759
524617,524624,524887,7,263,1,3600,1.02661596958
524738,525478,527134,740,1656,8,6000,1.44685990338
524952,525632,527289,680,1657,8,6000,1.41038020519
525116,525123,525787,7,664,1,3600,1.01054216867
525485,525793,527437,308,1644,8,6000,1.18734793187
525635,526352,527986,717,1634,8,6000,1.4388004896
525801,526613,528243,812,1630,8,6000,1.4981595092
526298,526305,529911,7,3606,1,3600,1.0019412091
526365,527146,528818,781,1672,8,6000,1.46710526316
526626,527301,528940,675,1639,8,6000,1.41183648566
527056,527063,527072,7,9,1,1800,1.6
527157,527449,529082,292,1633,8,6000,1.17881200245
527218,527225,527309,7,84,1,1800,1.08333333333
527307,527998,529654,691,1656,8,6000,1.4172705314
527427,527437,527555,10,118,1,3600,1.08474576271
527456,528255,529908,799,1653,8,6000,1.48336358137
527522,527529,527631,7,102,1,1800,1.06862745098
527683,527690,527949,7,259,1,3600,1.02702702703
528004,528830,530473,826,1643,8,6000,1.50273889227
528144,528151,528538,7,387,1,1800,1.0180878553
528179,528186,528934,7,748,1,3600,1.00935828877
528264,528952,530575,688,1623,8,6000,1.42390634627
528845,529095,531005,250,1910,8,6000,1.13089005236
528962,529666,531313,704,1647,8,6000,1.42744383728
529111,529920,531542,809,1622,8,6000,1.49876695438
529196,529202,529209,6,7,1,1800,1.3
529446,529453,529497,7,44,1,1800,1.15909090909
529672,530485,532121,813,1636,8,6000,1.49694376528
529810,529818,529901,8,83,1,1800,1.09638554217
529831,530718,530895,887,177,1,3600,6.01129943503
529931,530701,532359,770,1658,8,6000,1.46441495778
530020,530723,530931,703,208,1,3600,4.37980769231
530489,531017,532665,528,1648,8,6000,1.32038834951
530716,531325,532981,609,1656,8,6000,1.36775362319
530932,531003,531261,71,258,1,1800,1.27519379845
531021,531557,533215,536,1658,8,6000,1.32328106152
531028,531042,531527,14,485,1,3600,1.02886597938
531068,531127,531493,59,366,1,3600,1.16120218579
531333,532133,545067,800,12934,5,16200,1.06185248183
531572,532371,544243,799,11872,5,16200,1.06730121294
531788,534604,535670,2816,1066,1,3600,3.64165103189
531811,534764,535818,2953,1054,1,3600,3.80170777989
532138,532376,542710,238,10334,5,16200,1.02303077221
532376,532677,545637,301,12960,5,16200,1.02322530864
532382,532993,544294,611,11301,5,16200,1.05406601186
532683,532998,542439,315,9441,5,16200,1.03336510963
532998,533228,545246,230,12018,5,16200,1.01913795973
533004,533233,541079,229,7846,5,16200,1.0291868468
533241,541096,550451,7855,9355,5,16200,1.83965793693
533247,542451,554423,9204,11972,5,16200,1.76879385232
535037,535044,535133,7,89,1,1800,1.07865168539
535395,535402,535519,7,117,1,1800,1.05982905983
536010,536017,536399,7,382,1,1800,1.01832460733
537537,537544,537608,7,64,1,1800,1.109375
537840,537847,537925,7,78,1,1800,1.08974358974
538510,538520,538762,10,242,1,1800,1.04132231405
539363,544805,562829,5442,18024,8,18000,1.30193075899
540749,564350,601675,23601,37325,32,43200,1.63231078366
540773,603357,645896,62584,42539,32,43200,2.47121465009
540927,562841,563481,21914,640,64,600,35.240625
541097,542722,550934,1625,8212,5,16200,1.19788114954
542455,544306,552969,1851,8663,5,16200,1.21366732079
542731,544255,557643,1524,13388,5,16200,1.11383328354
543577,565638,633506,22061,67868,16,72000,1.32505746449
544023,554083,554102,10060,19,16,300,530.473684211
544184,545478,545511,1294,33,8,60,40.2121212121
544257,545079,554461,822,9382,5,16200,1.08761458111
544307,545650,556676,1343,11026,5,16200,1.12180301106
544601,586739,730930,42138,144191,8,144000,1.29223737959
544687,577484,577679,32797,195,8,144000,169.18974359
545083,545258,555001,175,9743,5,16200,1.01796161347
545266,550467,558411,5201,7944,5,16200,1.65470795569
545655,552983,562229,7328,9246,5,16200,1.79255894441
550466,578261,701629,27795,123368,4,172800,1.22530153687
550473,550946,560765,473,9819,5,16200,1.0481719116
550954,554441,568204,3487,13763,5,16200,1.2533604592
552079,552107,553011,28,904,1,7200,1.03097345133
552161,552200,553183,39,983,1,7200,1.03967446592
552983,557655,571002,4672,13347,5,16200,1.35004120776
554427,554434,555347,7,913,1,7200,1.00766703176
554447,554473,564149,26,9676,5,16200,1.00268706077
554455,554463,554473,8,10,2,120,1.8
554469,554480,556488,11,2008,1,7200,1.00547808765
554478,555013,565645,535,10632,5,16200,1.05031978932
555023,556688,568788,1665,12100,5,16200,1.13760330579
555328,555335,555352,7,17,2,120,1.41176470588
555354,555361,555390,7,29,2,120,1.24137931034
555382,555389,555406,7,17,2,120,1.41176470588
556411,556651,557705,240,1054,1,7200,1.22770398482
556688,558423,571252,1735,12829,5,16200,1.13524047081
557345,557395,558397,50,1002,1,7200,1.0499001996
557662,560777,573412,3115,12635,5,16200,1.24653739612
558434,562241,571902,3807,9661,5,16200,1.39405858607
560779,568216,579733,7437,11517,5,16200,1.64574107841
561337,571634,577471,10297,5837,2,34200,2.76409114271
561445,576708,576713,15263,5,1,14400,1526.8
561540,580181,590694,18641,10513,4,64800,2.77313801959
562246,564162,575025,1916,10863,5,16200,1.17637853263
564128,564135,566559,7,2424,1,7200,1.00288778878
564166,565657,574158,1491,8501,5,16200,1.17539113046
564229,564235,566644,6,2409,1,7200,1.00249066002
565657,568800,576925,3143,8125,5,16200,1.38683076923
566075,567766,567810,1691,44,8,60,39.4318181818
566199,585849,585868,19650,19,16,300,1035.21052632
566369,566420,568501,51,2081,2,3600,1.02450744834
566610,602983,603336,36373,353,33,18000,104.039660057
568221,571014,580411,2793,9397,5,16200,1.29722251782
568535,568542,570640,7,2098,2,3600,1.00333651096
568803,571264,580991,2461,9727,5,16200,1.25300709366
570950,570957,571342,7,385,2,3600,1.01818181818
571014,573424,581793,2410,8369,5,16200,1.2879674991
571266,571914,581638,648,9724,5,16200,1.06663924311
571924,575038,583326,3114,8288,5,16200,1.37572393822
572090,572097,572443,7,346,2,3600,1.02023121387
572559,572566,572895,7,329,2,3600,1.02127659574
572963,572970,572983,7,13,2,3600,1.53846153846
573356,573363,575520,7,2157,2,3600,1.00324524803
573426,574169,586489,743,12320,5,16200,1.06030844156
574180,579745,590226,5565,10481,5,16200,1.53096078618
575037,576937,588342,1900,11405,5,16200,1.1665935993
575573,575580,575935,7,355,2,3600,1.01971830986
576152,576159,576504,7,345,2,3600,1.02028985507
576555,576651,578799,96,2148,2,3600,1.04469273743
576936,580423,588824,3487,8401,5,16200,1.41506963457
578333,590971,591032,12638,61,1,57600,208.180327869
578948,580186,588795,1238,8609,2,12600,1.14380299686
579136,580192,600050,1056,19858,2,88200,1.05317756068
579212,580243,580258,1031,15,1,14400,69.7333333333
579750,581003,589409,1253,8406,5,16200,1.1490601951
580430,581651,594361,1221,12710,5,16200,1.09606608969
581007,581805,590329,798,8524,5,16200,1.09361801971
581659,586502,594578,4843,8076,5,16200,1.59967805844
581815,583339,596541,1524,13202,5,16200,1.11543705499
581890,581897,581925,7,28,8,60,1.25
583154,583161,583517,7,356,2,3600,1.01966292135
583154,601688,601738,18534,50,16,36000,371.68
583345,588355,598089,5010,9734,5,16200,1.5146907746
583840,583847,584188,7,341,2,3600,1.02052785924
584510,584517,584865,7,348,2,3600,1.02011494253
585042,585050,585721,8,671,2,3600,1.01192250373
585867,585880,585960,13,80,2,3600,1.1625
586509,590238,601989,3729,11751,5,16200,1.31733469492
586663,586670,587012,7,342,2,3600,1.02046783626
587797,587804,588146,7,342,2,3600,1.02046783626
588364,588836,598785,472,9949,5,16200,1.04744195397
588842,589421,601395,579,11974,5,16200,1.04835476867
589431,594373,602394,4942,8021,5,16200,1.61613265179
590241,590341,600025,100,9684,5,16200,1.01032631144
590344,596553,606575,6209,10022,5,16200,1.61953701856
593310,594849,613432,1539,18583,4,28800,1.08281762902
593505,593512,598957,7,5445,2,7200,1.0012855831
593612,593620,593723,8,103,2,7200,1.07766990291
594379,594590,605330,211,10740,5,16200,1.0196461825
594591,598101,605859,3510,7758,5,16200,1.4524361949
594622,601923,637944,7301,36021,1,36000,1.20268732128
595433,595440,597603,7,2163,2,3600,1.00323624595
596434,596441,609092,7,12651,2,12600,1.00055331594
596559,598797,609561,2238,10764,5,16200,1.20791527313
598033,598039,600259,6,2220,2,3600,1.0027027027
598108,600037,609185,1929,9148,5,16200,1.21086576301
598798,601407,613167,2609,11760,5,16200,1.2218537415
599176,599186,606406,10,7220,2,7200,1.00138504155
599942,601747,625160,1805,23413,2,23400,1.07709392218
600039,602001,614051,1962,12050,5,16200,1.16282157676
