SubmitTime,StartTime,EndTime,QueuedTime,RunTime,NodesRequested,walltime,bslowdown
28962,28969,29227,7,258,1,3540,1.02713178295
29359,29366,32292,7,2926,1,3540,1.0023923445
29435,29441,29626,6,185,1,3540,1.03243243243
29484,29491,30108,7,617,1,3540,1.0113452188
29533,29542,30548,9,1006,1,3540,1.00894632207
29604,29611,30809,7,1198,1,3540,1.00584307179
30025,30031,31753,6,1722,1,3540,1.00348432056
30074,30080,32244,6,2164,1,3540,1.00277264325
30123,30129,32270,6,2141,1,3540,1.00280242877
30548,30555,32350,7,1795,1,3540,1.00389972145
31208,31214,32452,6,1238,1,3540,1.00484652666
31769,31776,32563,7,787,1,3540,1.00889453621
32178,32185,32456,7,271,1,3540,1.0258302583
32433,32439,32624,6,185,1,3540,1.03243243243
32482,32489,32615,7,126,1,3540,1.05555555556
39505,39522,40072,17,550,1,900,1.03090909091
39505,39516,40075,11,559,1,900,1.01967799642
39505,39511,40093,6,582,1,900,1.01030927835
39505,39528,40071,23,543,1,900,1.0423572744
39506,39539,40075,33,536,1,900,1.06156716418
39506,39544,40076,38,532,1,900,1.07142857143
39506,39534,40066,28,532,1,900,1.05263157895
39507,39555,40084,48,529,1,900,1.09073724008
39507,39561,40087,54,526,1,900,1.10266159696
39507,39550,40069,43,519,1,900,1.08285163776
42537,42543,42550,6,7,1,1800,1.3
46040,46052,46579,12,527,1,900,1.02277039848
46040,46046,46575,6,529,1,900,1.01134215501
46041,46063,46590,22,527,1,900,1.04174573055
46041,46069,46581,28,512,1,900,1.0546875
46041,46057,46564,16,507,1,900,1.0315581854
46042,46074,46595,32,521,1,900,1.06142034549
46042,46079,46601,37,522,1,900,1.07088122605
46042,46090,46610,48,520,1,900,1.09230769231
46042,46085,46611,43,526,1,900,1.08174904943
46043,46095,46623,52,528,1,900,1.09848484848
46953,46976,47207,23,231,1,900,1.09956709957
46953,46964,47192,11,228,1,900,1.04824561404
46953,46959,47193,6,234,1,900,1.02564102564
46953,46969,47200,16,231,1,900,1.06926406926
46954,46982,47218,28,236,1,900,1.1186440678
46954,46987,47223,33,236,1,900,1.13983050847
46954,46992,47226,38,234,1,900,1.16239316239
46955,46998,47231,43,233,1,900,1.18454935622
46955,47003,47235,48,232,1,900,1.20689655172
46955,47008,47242,53,234,1,900,1.2264957265
50255,50261,50262,6,1,1,900,1.0
50296,236905,236911,186609,6,6,604800,18661.5
50336,236911,236915,186575,4,6,604800,18657.9
50358,236916,236921,186558,5,6,604800,18656.3
50380,236921,236927,186541,6,6,604800,18654.7
50396,236927,236931,186531,4,6,604800,18653.5
51485,51490,60559,5,9069,64,36000,1.0005513287
52471,52478,60265,7,7787,1,25200,1.00089893412
55375,55387,55399,12,12,1,25200,2.0
55375,55381,55399,6,18,1,25200,1.33333333333
55376,55392,55394,16,2,1,25200,1.8
55413,55430,56022,17,592,1,25200,1.02871621622
55413,55419,70199,6,14780,1,25200,1.00040595399
55413,55424,58566,11,3142,1,25200,1.00350095481
56093,56100,62336,7,6236,1,25200,1.00112251443
56490,56497,60295,7,3798,8,14400,1.0018430753
56592,56598,56636,6,38,2,25200,1.15789473684
57311,57318,78952,7,21634,2,25200,1.00032356476
60312,60319,60649,7,330,32,28800,1.02121212121
60655,60661,60835,6,174,30,28800,1.03448275862
60850,60857,61156,7,299,20,28800,1.02341137124
61164,61170,61515,6,345,25,28800,1.01739130435
61509,61515,62278,6,763,25,28800,1.00786369594
62283,62289,77044,6,14755,32,28800,1.00040664182
63602,63608,64102,6,494,64,36000,1.01214574899
73495,73501,73503,6,2,2,3540,1.0
73687,237007,381022,163320,144015,2,144000,2.13404853661
82974,236846,434621,153872,197775,18,198000,1.77801542156
83041,236851,425918,153810,189067,18,198000,1.81352113272
83527,83534,105169,7,21635,4,21600,1.0003235498
84272,84278,84288,6,10,1,240,1.6
85035,85041,85671,6,630,1,3540,1.00952380952
85994,86000,88762,6,2762,1,3540,1.00217233888
86070,86076,86261,6,185,1,3540,1.03243243243
86119,86126,86768,7,642,1,3540,1.01090342679
86167,86174,86813,7,639,1,3540,1.01095461659
86237,86243,86850,6,607,1,3540,1.00988467875
86285,86291,87663,6,1372,1,3540,1.00437317784
86333,86340,89815,7,3475,1,3540,1.00201438849
86755,86761,90227,6,3466,1,3540,1.00173110214
86803,86809,90340,6,3531,1,3540,1.00169923534
86852,86858,90444,6,3586,1,3540,1.00167317345
87533,87539,90512,6,2973,1,3540,1.00201816347
88881,88887,90535,6,1648,1,3540,1.0036407767
90506,90512,90695,6,183,1,3540,1.03278688525
90558,90564,90694,6,130,1,3540,1.04615384615
113851,237018,237344,123167,326,1,300,378.812883436
117676,236970,309762,119294,72792,2,108000,2.6388339378
118283,236975,337661,118692,100686,2,108000,2.17883320422
120075,236980,312113,116905,75133,2,108000,2.55597407264
120824,236985,268862,116161,31877,2,108000,4.64403802114
121055,236948,453000,115893,216052,3,216000,1.53641253032
121077,236953,453037,115876,216084,3,216000,1.53625441958
121517,236991,339245,115474,102254,2,108000,2.12928589591
122248,236996,315187,114748,78191,2,108000,2.46753462675
125418,237034,237117,111616,83,1,259200,1345.77108434
126577,126584,126585,7,1,1,900,1.0
129498,237002,343623,107504,106621,2,108000,2.00828167059
135448,135454,135465,6,11,1,86400,1.54545454545
135634,135641,135648,7,7,1,86400,1.4
135789,135795,135871,6,76,1,86400,1.07894736842
135963,135980,135982,17,2,1,86400,1.9
135963,135975,136051,12,76,1,86400,1.15789473684
135963,135969,136047,6,78,1,86400,1.07692307692
135964,136003,136004,39,1,1,86400,4.0
135964,135998,136652,34,654,1,86400,1.05198776758
135964,135992,135993,28,1,1,86400,2.9
135965,136024,136028,59,4,1,86400,6.3
135965,136030,136033,65,3,1,86400,6.8
135965,136036,136037,71,1,1,86400,7.2
135965,136014,136104,49,90,1,86400,1.54444444444
135966,136041,136042,75,1,1,86400,7.6
135966,136052,136101,86,49,1,86400,2.75510204082
135967,136069,136070,102,1,1,86400,10.3
135967,136058,136136,91,78,1,86400,2.16666666667
135968,136091,136165,123,74,1,86400,2.66216216216
135968,136097,136100,129,3,1,86400,13.2
135968,136080,136090,112,10,1,86400,12.2
135968,136086,136356,118,270,1,86400,1.43703703704
135969,136119,136191,150,72,1,86400,3.08333333333
135969,136102,136103,133,1,1,86400,13.4
135969,136108,136188,139,80,1,86400,2.7375
135970,136136,136225,166,89,1,86400,2.86516853933
135970,136130,136190,160,60,1,86400,3.66666666667
135971,136163,143338,192,7175,1,86400,1.02675958188
135971,136146,143338,175,7192,1,86400,1.02433259177
135971,136152,143338,181,7186,1,86400,1.02518786529
135971,136157,136168,186,11,1,86400,17.9090909091
135972,136174,136175,202,1,1,86400,20.3
135972,136168,136756,196,588,1,86400,1.33333333333
135972,136180,139799,208,3619,1,86400,1.05747444045
135973,136196,143338,223,7142,1,86400,1.03122374685
135973,136185,136186,212,1,1,86400,21.3
135973,136202,136217,229,15,1,86400,16.2666666667
135973,136191,136266,218,75,1,86400,3.90666666667
135974,136219,136295,245,76,1,86400,4.22368421053
135974,136207,136224,233,17,1,86400,14.7058823529
135974,136224,136356,250,132,1,86400,2.89393939394
135974,136213,136218,239,5,1,86400,24.4
135975,136255,136359,280,104,1,86400,3.69230769231
135975,136245,136435,270,190,1,86400,2.42105263158
135975,136234,136435,259,201,1,86400,2.28855721393
135976,136265,136513,289,248,1,86400,2.16532258065
135976,136286,136435,310,149,1,86400,3.08053691275
135976,136296,136435,320,139,1,86400,3.30215827338
135976,136276,136434,300,158,1,86400,2.89873417722
135977,136307,136443,330,136,1,86400,3.42647058824
135977,136328,136469,351,141,1,86400,3.48936170213
135977,136317,136434,340,117,1,86400,3.90598290598
135978,136362,136426,384,64,1,86400,7.0
135978,136338,136359,360,21,1,86400,18.1428571429
135978,136356,138004,378,1648,1,86400,1.22936893204
135978,136348,136359,370,11,1,86400,34.6363636364
135979,136385,136407,406,22,1,86400,19.4545454545
135979,136379,136382,400,3,1,86400,40.3
135979,136374,136436,395,62,1,86400,7.37096774194
135979,136368,136375,389,7,1,86400,39.6
135980,136395,136485,415,90,1,86400,5.61111111111
135980,136412,136426,432,14,1,86400,31.8571428571
135980,136401,136414,421,13,1,86400,33.3846153846
135980,136407,136482,427,75,1,86400,6.69333333333
135981,136418,143337,437,6919,1,86400,1.0631594161
135981,136430,136506,449,76,1,86400,6.90789473684
135981,136439,136450,458,11,1,86400,42.6363636364
135981,136424,143338,443,6914,1,86400,1.06407289557
135982,136445,136470,463,25,1,86400,19.52
135982,136456,136535,474,79,1,86400,7.0
135983,136461,136540,478,79,1,86400,7.05063291139
135983,136467,136547,484,80,1,86400,7.05
135983,136472,136549,489,77,1,86400,7.35064935065
135983,136483,136559,500,76,1,86400,7.57894736842
135983,136478,137575,495,1097,1,86400,1.45123062899
135984,136499,136500,515,1,1,86400,51.6
135984,136505,136508,521,3,1,86400,52.4
135984,136494,136569,510,75,1,86400,7.8
135984,136489,143337,505,6848,1,86400,1.07374415888
135985,136516,136534,531,18,1,86400,30.5
135985,136527,139766,542,3239,1,86400,1.16733559741
135985,136511,136533,526,22,1,86400,24.9090909091
135985,136522,136532,537,10,1,86400,54.7
135986,136549,136621,563,72,1,86400,8.81944444444
135986,136538,136541,552,3,1,86400,55.5
135986,136532,136534,546,2,1,86400,54.8
135986,136543,143338,557,6795,1,86400,1.08197203826
135987,136554,136555,567,1,1,86400,56.8
135987,136560,136639,573,79,1,86400,8.25316455696
135987,136566,136639,579,73,1,86400,8.93150684932
135988,136593,143337,605,6744,1,86400,1.08970937129
135988,136582,138724,594,2142,1,86400,1.27731092437
135988,136572,136649,584,77,1,86400,8.58441558442
135988,136577,136656,589,79,1,86400,8.45569620253
135989,136615,136691,626,76,1,86400,9.23684210526
135989,136604,136681,615,77,1,86400,8.98701298701
135989,136609,137341,620,732,1,86400,1.84699453552
135989,136598,143337,609,6739,1,86400,1.09036949102
135990,136631,136709,641,78,1,86400,9.21794871795
135990,136620,136696,630,76,1,86400,9.28947368421
135990,136626,136628,636,2,1,86400,63.8
135990,136637,143338,647,6701,1,86400,1.09655275332
135991,136647,136648,656,1,1,86400,65.7
135991,136653,143337,662,6684,1,86400,1.09904248953
135991,136642,136720,651,78,1,86400,9.34615384615
135991,136658,136659,667,1,1,86400,66.8
135992,136674,136746,682,72,1,86400,10.4722222222
135992,136663,143338,671,6675,1,86400,1.10052434457
135992,136669,136670,677,1,1,86400,67.8
135993,136685,139569,692,2884,1,86400,1.2399445215
135993,136679,143338,686,6659,1,86400,1.10301847124
135993,136697,136699,704,2,1,86400,70.6
135993,136691,136770,698,79,1,86400,9.83544303797
135994,136719,136723,725,4,1,86400,72.9
135994,136703,136723,709,20,1,86400,36.45
135994,136714,136795,720,81,1,86400,9.88888888889
135994,136708,136800,714,92,1,86400,8.76086956522
135995,136742,143338,747,6596,1,86400,1.11325045482
135995,136737,143338,742,6601,1,86400,1.11240721103
135995,136731,136734,736,3,1,86400,73.9
135995,136725,137958,730,1233,1,86400,1.59205190592
135996,136755,136841,759,86,1,86400,9.82558139535
135996,136768,143338,772,6570,1,86400,1.11750380518
135996,136763,137449,767,686,1,86400,2.11807580175
135996,136748,136751,752,3,1,86400,75.5
135997,136774,143338,777,6564,1,86400,1.11837294333
135997,136800,143338,803,6538,1,86400,1.12282043438
135997,136784,143338,787,6554,1,86400,1.12007934086
135997,136795,136831,798,36,1,86400,23.1666666667
135998,136818,136833,820,15,1,86400,55.6666666667
135998,136812,136901,814,89,1,86400,10.1460674157
135998,136806,143338,808,6532,1,86400,1.12369871402
135999,136844,136936,845,92,1,86400,10.1847826087
135999,136832,136848,833,16,1,86400,53.0625
135999,136826,143338,827,6512,1,86400,1.1269963145
135999,136838,143338,839,6500,1,86400,1.12907692308
136000,136850,136868,850,18,1,86400,48.2222222222
136000,136859,136952,859,93,1,86400,10.2365591398
136000,136864,136953,864,89,1,86400,10.7078651685
136000,136870,136888,870,18,1,86400,49.3333333333
136001,136879,143338,878,6459,1,86400,1.13593435516
136001,137546,137585,1545,39,1,86400,40.6153846154
136001,137552,143337,1551,5785,1,86400,1.26810717373
136002,137568,137603,1566,35,1,86400,45.7428571429
136002,137579,137610,1577,31,1,86400,51.8709677419
136002,137558,143337,1556,5779,1,86400,1.26925073542
136002,137589,143337,1587,5748,1,86400,1.2760960334
136003,137610,137642,1607,32,1,86400,51.21875
136003,137616,137647,1613,31,1,86400,53.0322580645
136003,137605,137636,1602,31,1,86400,52.6774193548
136003,137599,143338,1596,5739,1,86400,1.27809722948
136004,137637,137639,1633,2,1,86400,163.5
136004,137632,137675,1628,43,1,86400,38.8604651163
136005,137659,143338,1654,5679,1,86400,1.29124845924
136005,137653,137755,1648,102,1,86400,17.1568627451
136005,137664,141636,1659,3972,1,86400,1.41767371601
136005,137648,137675,1643,27,1,86400,61.8518518519
136006,137669,137861,1663,192,1,86400,9.66145833333
136006,137681,143337,1675,5656,1,86400,1.296145686
136006,137675,143338,1669,5663,1,86400,1.29472011301
136006,137686,137687,1680,1,1,86400,168.1
136007,137702,143338,1695,5636,1,86400,1.30074520937
136007,137691,137692,1684,1,1,86400,168.5
136007,137707,137708,1700,1,1,86400,170.1
136007,137697,137704,1690,7,1,86400,169.7
136008,136888,137341,880,453,1,86400,2.94260485651
136008,136894,136965,886,71,1,86400,13.4788732394
136008,136899,136900,891,1,1,86400,89.2
136009,136915,137052,906,137,1,86400,7.61313868613
136009,136910,136979,901,69,1,86400,14.0579710145
136009,136905,136980,896,75,1,86400,12.9466666667
136010,136936,137000,926,64,1,86400,15.46875
136010,136926,143338,916,6412,1,86400,1.14285714286
136010,136947,137000,937,53,1,86400,18.679245283
136010,136957,137032,947,75,1,86400,13.6266666667
136011,136978,143338,967,6360,1,86400,1.15204402516
136011,136973,137046,962,73,1,86400,14.1780821918
136011,136962,143338,951,6376,1,86400,1.14915307403
136011,136967,143338,956,6371,1,86400,1.15005493643
136012,136983,137059,971,76,1,86400,13.7763157895
136012,136989,143338,977,6349,1,86400,1.15388250118
136013,137012,137104,999,92,1,86400,11.8586956522
136013,137018,143338,1005,6320,1,86400,1.15901898734
136013,137004,143338,991,6334,1,86400,1.15645721503
136015,137049,137146,1034,97,1,86400,11.6597938144
136015,137054,138441,1039,1387,1,86400,1.74909877433
136016,137080,143338,1064,6258,1,86400,1.17002237136
136016,137070,137165,1054,95,1,86400,12.0947368421
136016,137091,137103,1075,12,1,86400,90.5833333333
136017,137097,137104,1080,7,1,86400,108.7
136017,137108,143338,1091,6230,1,86400,1.17512038523
136017,137103,137201,1086,98,1,86400,12.0816326531
136017,137113,143338,1096,6225,1,86400,1.17606425703
136018,137119,143338,1101,6219,1,86400,1.17703810902
136018,137130,143338,1112,6208,1,86400,1.17912371134
136018,137135,137226,1117,91,1,86400,13.2747252747
136018,137125,137170,1107,45,1,86400,25.6
136019,137153,137246,1134,93,1,86400,13.1935483871
136019,137146,143338,1127,6192,1,86400,1.18200904393
136019,137141,139869,1122,2728,1,86400,1.41129032258
136019,137159,137187,1140,28,1,86400,41.7142857143
136020,137184,137228,1164,44,1,86400,27.4545454545
136020,137175,137271,1155,96,1,86400,13.03125
136020,137164,143338,1144,6174,1,86400,1.18529316489
136020,137169,143338,1149,6169,1,86400,1.18625384989
136021,137195,137232,1174,37,1,86400,32.7297297297
136021,137215,143338,1194,6123,1,86400,1.19500244978
136021,137189,143337,1168,6148,1,86400,1.18998048146
136021,137205,143337,1184,6132,1,86400,1.19308545336
136022,137251,143338,1229,6087,1,86400,1.20190570067
136022,137221,137297,1199,76,1,86400,16.7763157895
136022,137227,143338,1205,6111,1,86400,1.19718540337
136022,137240,137357,1218,117,1,86400,11.4102564103
136023,137266,143338,1243,6072,1,86400,1.20471014493
136024,137282,137342,1258,60,1,86400,21.9666666667
136024,137303,143338,1279,6035,1,86400,1.21193040597
136024,137292,137666,1268,374,1,86400,4.39037433155
136026,137345,143338,1319,5993,1,86400,1.22009010512
136027,137372,137393,1345,21,1,86400,65.0476190476
136028,137392,143338,1364,5946,1,86400,1.22939791456
136028,137381,143338,1353,5957,1,86400,1.22712774887
136028,137397,137398,1369,1,1,86400,137.0
136029,137419,143338,1390,5919,1,86400,1.2348369657
136029,137408,143338,1379,5930,1,86400,1.23254637437
136029,137414,143338,1385,5924,1,86400,1.23379473329
136029,137403,138095,1374,692,1,86400,2.98554913295
136030,137435,137437,1405,2,1,86400,140.7
136030,137430,137440,1400,10,1,86400,141.0
136030,137425,143337,1395,5912,1,86400,1.23596075778
136030,137446,137483,1416,37,1,86400,39.2702702703
136031,137454,143337,1423,5883,1,86400,1.24188339283
136031,137465,137484,1434,19,1,86400,76.4736842105
136032,137481,143338,1449,5857,1,86400,1.24739627796
136032,137487,137520,1455,33,1,86400,45.0909090909
136032,137500,137547,1468,47,1,86400,32.2340425532
136032,137492,139347,1460,1855,1,86400,1.78706199461
136033,137532,138062,1499,530,1,86400,3.82830188679
136033,137526,143338,1493,5812,1,86400,1.25688231246
136033,137516,143338,1483,5822,1,86400,1.25472346273
136033,137506,137507,1473,1,1,86400,147.4
136034,137724,137737,1690,13,1,86400,131.0
136034,137713,138944,1679,1231,1,86400,2.36393176279
136034,137540,139104,1506,1564,1,86400,1.96291560102
136035,137740,143337,1705,5597,1,86400,1.30462747901
136035,137745,137752,1710,7,1,86400,171.7
136035,137735,143338,1700,5603,1,86400,1.3034088881
136035,137729,143338,1694,5609,1,86400,1.30201461936
136036,137751,143337,1715,5586,1,86400,1.30701754386
136036,137762,137769,1726,7,1,86400,173.3
136036,137756,143338,1720,5582,1,86400,1.30813328556
136037,137773,138144,1736,371,1,86400,5.67924528302
136037,137784,143338,1747,5554,1,86400,1.31454807346
136037,137768,143337,1731,5569,1,86400,1.31082779673
136038,137800,143338,1762,5538,1,86400,1.31816540267
136038,137805,137806,1767,1,1,86400,176.8
136038,137789,137791,1751,2,1,86400,175.3
136038,137795,143337,1757,5542,1,86400,1.31703356189
136039,137821,141364,1782,3543,1,86400,1.50296359018
136039,137816,137817,1777,1,1,86400,177.8
136039,137828,137829,1789,1,1,86400,179.0
136040,137844,139954,1804,2110,1,86400,1.85497630332
136040,137849,138004,1809,155,1,86400,12.6709677419
136040,137839,139191,1799,1352,1,86400,2.33062130178
136040,137833,137834,1793,1,1,86400,179.4
136041,137855,143338,1814,5483,1,86400,1.33084078059
136041,137865,143338,1824,5473,1,86400,1.33327242828
136041,137860,143338,1819,5478,1,86400,1.33205549471
136042,137883,138256,1841,373,1,86400,5.93565683646
136042,137878,143338,1836,5460,1,86400,1.33626373626
136043,137902,143338,1859,5436,1,86400,1.34197939662
136043,137974,138051,1931,77,1,86400,26.0779220779
136043,137908,143338,1865,5430,1,86400,1.34346224678
136043,137894,137895,1851,1,1,86400,185.2
136044,138021,138024,1977,3,1,86400,198.0
136044,138038,143338,1994,5300,1,86400,1.37622641509
136044,138063,143338,2019,5275,1,86400,1.38274881517
136044,138031,143338,1987,5307,1,86400,1.37441115508
136045,138107,143338,2062,5231,1,86400,1.39418849168
136045,138074,141576,2029,3502,1,86400,1.57938320959
136045,138155,141809,2110,3654,1,86400,1.57744937055
136045,138268,138271,2223,3,1,86400,222.6
136046,138282,138309,2236,27,1,86400,83.8148148148
136046,138326,143338,2280,5012,1,86400,1.45490822027
136046,138523,138572,2477,49,1,86400,51.5510204082
136046,138453,138509,2407,56,1,86400,43.9821428571
136047,138641,139830,2594,1189,1,86400,3.18166526493
136047,138735,138776,2688,41,1,86400,66.5609756098
136047,138585,138624,2538,39,1,86400,66.0769230769
136048,139067,143338,3019,4271,1,86400,1.70686022009
136048,138956,139142,2908,186,1,86400,16.6344086022
136048,138795,138845,2747,50,1,86400,55.94
136048,138862,138953,2814,91,1,86400,31.9230769231
136049,139360,139994,3311,634,1,86400,6.22239747634
136049,139203,143338,3154,4135,1,86400,1.76275695284
136049,139121,143338,3072,4217,1,86400,1.72847996206
136049,139155,141030,3106,1875,1,86400,2.65653333333
136050,139779,143338,3729,3559,1,86400,2.04776622647
136050,139581,143338,3531,3757,1,86400,1.93984562151
136050,139812,139869,3762,57,1,86400,67.0
136051,139859,143338,3808,3479,1,86400,2.09456740443
136051,139870,139908,3819,38,1,86400,101.5
136051,139880,139928,3829,48,1,86400,80.7708333333
136051,139845,139884,3794,39,1,86400,98.2820512821
136052,139886,139925,3834,39,1,86400,99.3076923077
136052,139897,139938,3845,41,1,86400,94.7804878049
136052,139907,139946,3855,39,1,86400,99.8461538462
136053,139938,139971,3885,33,1,86400,118.727272727
136053,139928,143338,3875,3410,1,86400,2.13636363636
136053,139917,143338,3864,3421,1,86400,2.12949429991
136053,139948,139978,3895,30,1,86400,130.833333333
136054,139957,140305,3903,348,1,86400,12.2155172414
136054,139979,141865,3925,1886,1,86400,3.08112407211
136054,139963,140019,3909,56,1,86400,70.8035714286
136054,139969,140226,3915,257,1,86400,16.233463035
136055,140018,143338,3963,3320,1,86400,2.1936746988
136055,139990,140072,3935,82,1,86400,48.987804878
136055,140000,140098,3945,98,1,86400,41.2551020408
136055,140008,143338,3953,3330,1,86400,2.18708708709
136056,140036,143338,3980,3302,1,86400,2.20533010297
136056,140030,140078,3974,48,1,86400,83.7916666667
136056,140024,143338,3968,3314,1,86400,2.19734459867
136056,140043,143338,3987,3295,1,86400,2.21001517451
136057,140070,140212,4013,142,1,86400,29.2605633803
136057,140076,143338,4019,3262,1,86400,2.23206621704
136057,140049,140653,3992,604,1,86400,7.60927152318
136057,140059,143338,4002,3279,1,86400,2.22049405306
136058,140087,143322,4029,3235,1,86400,2.24544049459
136058,140094,143321,4036,3227,1,86400,2.25069724202
136058,140105,140281,4047,176,1,86400,23.9943181818
136059,140136,140282,4077,146,1,86400,28.9246575342
136059,140115,143321,4056,3206,1,86400,2.26512788522
136059,140125,143321,4066,3196,1,86400,2.27221526909
136060,140146,143322,4086,3176,1,86400,2.28652392947
136060,140177,143322,4117,3145,1,86400,2.30906200318
136060,140167,142529,4107,2362,1,86400,2.73878069433
136060,140156,143312,4096,3156,1,86400,2.29784537389
136061,140187,143322,4126,3135,1,86400,2.31610845295
136061,140218,141784,4157,1566,1,86400,3.65453384419
136061,140208,143104,4147,2896,1,86400,2.43197513812
136061,140198,140265,4137,67,1,86400,62.7462686567
136062,140249,142263,4187,2014,1,86400,3.07894736842
136062,140259,143322,4197,3063,1,86400,2.37022526934
136062,140228,143312,4166,3084,1,86400,2.35084306096
136062,140239,143321,4177,3082,1,86400,2.35528877352
136063,140270,140406,4207,136,1,86400,31.9338235294
136063,140280,140364,4217,84,1,86400,51.2023809524
136063,140291,140364,4228,73,1,86400,58.9178082192
136064,140308,143322,4244,3014,1,86400,2.40809555408
136064,140297,140363,4233,66,1,86400,65.1363636364
136064,140315,143321,4251,3006,1,86400,2.41417165669
136065,140352,140420,4287,68,1,86400,64.0441176471
136065,140342,140524,4277,182,1,86400,24.5
136065,140325,143312,4260,2987,1,86400,2.42618011383
136065,140331,140856,4266,525,1,86400,9.12571428571
136066,140373,143322,4307,2949,1,86400,2.46049508308
136066,140382,143322,4316,2940,1,86400,2.46802721088
136066,140393,143322,4327,2929,1,86400,2.47729600546
136066,140363,143322,4297,2959,1,86400,2.45217979047
136067,140422,140626,4355,204,1,86400,22.3480392157
136067,140412,143321,4345,2909,1,86400,2.49364042626
136067,140433,143337,4366,2904,1,86400,2.50344352617
136067,140402,143321,4335,2919,1,86400,2.48509763618
136068,140454,143321,4386,2867,1,86400,2.52982211371
136068,140464,143322,4396,2858,1,86400,2.53813855843
136068,140474,143321,4406,2847,1,86400,2.54759395855
136068,140443,143321,4375,2878,1,86400,2.52015288395
136069,140557,143322,4488,2765,1,86400,2.62314647378
136069,140547,143322,4478,2775,1,86400,2.61369369369
136069,140567,140780,4498,213,1,86400,22.117370892
136070,140578,143322,4508,2744,1,86400,2.64285714286
136070,140588,143322,4518,2734,1,86400,2.65252377469
136070,140495,140622,4425,127,1,86400,35.842519685
136070,140485,140622,4415,137,1,86400,33.2262773723
136071,140516,143322,4445,2806,1,86400,2.58410548824
136071,140536,143322,4465,2786,1,86400,2.60265613783
136071,140526,140622,4455,96,1,86400,47.40625
136071,140505,140643,4434,138,1,86400,33.1304347826
136072,140608,140779,4536,171,1,86400,27.5263157895
136072,140618,140944,4546,326,1,86400,14.9447852761
136072,140628,140947,4556,319,1,86400,15.2821316614
136072,140598,143322,4526,2724,1,86400,2.66152716593
136073,140639,143321,4566,2682,1,86400,2.70246085011
136073,140649,140961,4576,312,1,86400,15.6666666667
136073,140670,141065,4597,395,1,86400,12.6379746835
136073,140659,143322,4586,2663,1,86400,2.72211791213
136074,140711,140972,4637,261,1,86400,18.7662835249
136074,140680,140968,4606,288,1,86400,16.9930555556
136074,140690,140954,4616,264,1,86400,18.4848484848
136074,140701,143322,4627,2621,1,86400,2.76535673407
136075,140722,141017,4647,295,1,86400,16.7525423729
136075,140732,143322,4657,2590,1,86400,2.79806949807
136075,140742,143312,4667,2570,1,86400,2.81595330739
136076,140784,143322,4708,2538,1,86400,2.85500394011
136076,140773,143321,4697,2548,1,86400,2.84340659341
136076,140753,141018,4677,265,1,86400,18.6490566038
136076,140763,142489,4687,1726,1,86400,3.71552723059
136077,140805,141018,4728,213,1,86400,23.1971830986
136077,140815,141018,4738,203,1,86400,24.3399014778
136077,140822,143312,4745,2490,1,86400,2.90562248996
136077,140794,141062,4717,268,1,86400,18.6007462687
136078,140843,143322,4765,2479,1,86400,2.92214602662
136078,140833,143322,4755,2489,1,86400,2.91040578546
136078,140864,143321,4786,2457,1,86400,2.9479039479
136078,140853,142349,4775,1496,1,86400,4.19184491979
136079,140885,141062,4806,177,1,86400,28.1525423729
136079,140906,141061,4827,155,1,86400,32.1419354839
136079,140874,143322,4795,2448,1,86400,2.95874183007
136079,140895,141809,4816,914,1,86400,6.26914660832
136080,140926,141062,4846,136,1,86400,36.6323529412
136080,140916,143321,4836,2405,1,86400,3.01081081081
136080,140937,141538,4857,601,1,86400,9.08153078203
136081,140968,143322,4887,2354,1,86400,3.07604078165
136081,140947,141076,4866,129,1,86400,38.7209302326
136081,140957,143321,4876,2364,1,86400,3.06260575296
136082,140978,143321,4896,2343,1,86400,3.08962868118
136082,141007,141101,4925,94,1,86400,53.3936170213
136082,140999,141101,4917,102,1,86400,49.2058823529
136082,140989,141100,4907,111,1,86400,45.2072072072
136083,141038,143312,4955,2274,1,86400,3.17897977133
136083,141017,143321,4934,2304,1,86400,3.14149305556
136083,141028,141173,4945,145,1,86400,35.1034482759
136083,141045,141158,4962,113,1,86400,44.9115044248
136084,141055,143322,4971,2267,1,86400,3.19276576974
136084,141072,141206,4988,134,1,86400,38.223880597
136084,141082,141169,4998,87,1,86400,58.4482758621
136084,141061,143322,4977,2261,1,86400,3.20123839009
136085,141103,142799,5018,1696,1,86400,3.95872641509
136085,141123,143322,5038,2199,1,86400,3.29104138245
136085,141093,143322,5008,2229,1,86400,3.24674742037
136085,141113,141238,5028,125,1,86400,41.224
136085,141134,141225,5049,91,1,86400,56.4835164835
136086,141155,141675,5069,520,1,86400,10.7480769231
136086,141144,141603,5058,459,1,86400,12.0196078431
136087,141186,143322,5099,2136,1,86400,3.38717228464
136087,141165,141477,5078,312,1,86400,17.2756410256
136087,141196,141465,5109,269,1,86400,19.9925650558
136087,141175,142360,5088,1185,1,86400,5.29367088608
136088,141238,143321,5150,2083,1,86400,3.47239558329
136088,141227,141734,5139,507,1,86400,11.1360946746
136088,141217,141667,5129,450,1,86400,12.3977777778
136088,141207,142556,5119,1349,1,86400,4.79466271312
136089,141279,141737,5190,458,1,86400,12.3318777293
136089,141269,141743,5180,474,1,86400,11.9282700422
136089,141248,141738,5159,490,1,86400,11.5285714286
136089,141258,141739,5169,481,1,86400,11.7463617464
136090,141310,143322,5220,2012,1,86400,3.5944333996
136090,141300,141730,5210,430,1,86400,13.1162790698
136090,141290,141738,5200,448,1,86400,12.6071428571
136090,141321,143321,5231,2000,1,86400,3.6155
136091,141352,143321,5261,1969,1,86400,3.6719146775
136091,141362,143321,5271,1959,1,86400,3.69065849923
136091,141341,141745,5250,404,1,86400,13.995049505
136091,141331,143312,5240,1981,1,86400,3.64512872287
136092,141393,143321,5301,1928,1,86400,3.7494813278
136092,141372,143322,5280,1950,1,86400,3.70769230769
136092,141383,143321,5291,1938,1,86400,3.73013415893
136093,141414,143321,5321,1907,1,86400,3.79024646041
136093,141435,143321,5342,1886,1,86400,3.83244962884
136093,141424,143321,5331,1897,1,86400,3.8102266737
136093,141403,143337,5310,1934,1,86400,3.74560496381
136094,141445,143322,5351,1877,1,86400,3.85082578583
136094,141476,141738,5382,262,1,86400,21.5419847328
136094,141466,143321,5372,1855,1,86400,3.89595687332
136094,141456,141737,5362,281,1,86400,20.0818505338
136095,141508,143322,5413,1814,1,86400,3.98401323043
136095,141487,143322,5392,1835,1,86400,3.93841961853
136095,141497,143322,5402,1825,1,86400,3.96
136095,141522,141737,5427,215,1,86400,26.2418604651
136096,141563,141730,5467,167,1,86400,33.7365269461
136096,141553,143321,5457,1768,1,86400,4.08653846154
136096,141532,143312,5436,1780,1,86400,4.05393258427
136096,141543,143322,5447,1779,1,86400,4.06183249016
136097,141574,143322,5477,1748,1,86400,4.13329519451
136097,141594,143312,5497,1718,1,86400,4.19965075669
136097,141584,141742,5487,158,1,86400,35.7278481013
136098,141615,143312,5517,1697,1,86400,4.25103123159
136098,141636,143321,5538,1685,1,86400,4.28664688427
136098,141605,143322,5507,1717,1,86400,4.2073383809
136098,141625,141737,5527,112,1,86400,50.3482142857
136099,141677,141786,5578,109,1,86400,52.1743119266
136099,141656,143312,5557,1656,1,86400,4.3556763285
136099,141646,143322,5547,1676,1,86400,4.30966587112
136099,141666,141737,5567,71,1,86400,79.4084507042
136100,141708,141827,5608,119,1,86400,48.1260504202
136100,141698,143322,5598,1624,1,86400,4.44704433498
136100,141687,143312,5587,1625,1,86400,4.43815384615
136101,141718,141827,5617,109,1,86400,52.5321100917
136101,141745,142859,5644,1114,1,86400,6.06642728905
136101,141734,143312,5633,1578,1,86400,4.56970849176
136101,141724,141828,5623,104,1,86400,55.0673076923
136102,141785,141887,5683,102,1,86400,56.7156862745
136102,141765,141864,5663,99,1,86400,58.202020202
136102,141775,143322,5673,1547,1,86400,4.66709760827
136102,141755,143322,5653,1567,1,86400,4.6075303127
136103,141796,143322,5693,1526,1,86400,4.73066841415
136103,141810,141879,5707,69,1,86400,83.7101449275
136103,141816,143321,5713,1505,1,86400,4.79601328904
136104,141842,143322,5738,1480,1,86400,4.87702702703
136104,141831,141918,5727,87,1,86400,66.8275862069
136104,141826,143312,5722,1486,1,86400,4.85060565276
136104,141847,143322,5743,1475,1,86400,4.89355932203
136105,141869,142655,5764,786,1,86400,8.33333333333
136105,141858,143322,5753,1464,1,86400,4.92964480874
136105,141863,141865,5758,2,1,86400,576.0
136106,141896,141906,5790,10,1,86400,580.0
136106,141885,141886,5779,1,1,86400,578.0
136106,141880,141902,5774,22,1,86400,263.454545455
136106,141874,141876,5768,2,1,86400,577.0
136107,141901,141902,5794,1,1,86400,579.5
136107,141917,143321,5810,1404,1,86400,5.13817663818
136107,141927,143321,5820,1394,1,86400,5.17503586801
136107,141911,143321,5804,1410,1,86400,5.11631205674
136108,141942,141946,5834,4,1,86400,583.8
136108,141936,143321,5828,1385,1,86400,5.20794223827
136108,141947,141948,5839,1,1,86400,584.0
136109,141963,141964,5854,1,1,86400,585.5
136109,141973,143322,5864,1349,1,86400,5.34692364715
136109,141958,141973,5849,15,1,86400,390.933333333
136109,141979,141980,5870,1,1,86400,587.1
136110,142015,143321,5905,1306,1,86400,5.52143950995
136110,141989,143321,5879,1332,1,86400,5.41366366366
136110,142005,142017,5895,12,1,86400,492.25
136110,141995,143321,5885,1326,1,86400,5.43815987934
136111,142022,142119,5911,97,1,86400,61.9381443299
136111,142042,142056,5931,14,1,86400,424.642857143
136111,142032,142044,5921,12,1,86400,494.416666667
136112,142074,143322,5962,1248,1,86400,5.77724358974
136112,142053,143321,5941,1268,1,86400,5.68533123028
136112,142069,143321,5957,1252,1,86400,5.75798722045
136112,142063,142079,5951,16,1,86400,372.9375
136113,142085,143321,5972,1236,1,86400,5.83171521036
136113,142090,142108,5977,18,1,86400,333.055555556
136113,142080,142081,5967,1,1,86400,596.8
136114,142117,142153,6003,36,1,86400,167.75
136114,142106,143322,5992,1216,1,86400,5.92763157895
136114,142101,143322,5987,1221,1,86400,5.90335790336
136115,142151,143322,6036,1171,1,86400,6.15456874466
136115,142143,143321,6028,1178,1,86400,6.11714770798
136115,142133,143322,6018,1189,1,86400,6.0613961312
136115,142122,142123,6007,1,1,86400,600.8
136116,142178,143322,6062,1144,1,86400,6.29895104895
136116,142167,142191,6051,24,1,86400,253.125
136116,142157,142158,6041,1,1,86400,604.2
136117,142189,143321,6072,1132,1,86400,6.36395759717
136117,142194,142195,6077,1,1,86400,607.8
136117,142183,143321,6066,1138,1,86400,6.33040421793
136117,142200,143322,6083,1122,1,86400,6.42156862745
136118,142226,143321,6108,1095,1,86400,6.57808219178
136118,142205,143322,6087,1117,1,86400,6.44941808415
136118,142221,143322,6103,1101,1,86400,6.54314259764
136119,142237,142239,6118,2,1,86400,612.0
136119,142232,142237,6113,5,1,86400,611.8
136119,142243,142244,6124,1,1,86400,612.5
136120,142248,143321,6128,1073,1,86400,6.71109040075
136120,142259,142260,6139,1,1,86400,614.0
136120,142254,142255,6134,1,1,86400,613.5
136120,142264,142265,6144,1,1,86400,614.5
136121,142281,142299,6160,18,1,86400,343.222222222
136121,142275,142276,6154,1,1,86400,615.5
136121,142270,143321,6149,1051,1,86400,6.85061845861
136121,142286,143321,6165,1035,1,86400,6.95652173913
136122,142297,143321,6175,1024,1,86400,7.0302734375
136122,142291,142298,6169,7,1,86400,617.6
136122,142302,143312,6180,1010,1,86400,7.11881188119
136122,142307,143322,6185,1015,1,86400,7.09359605911
136123,142329,142334,6206,5,1,86400,621.1
136123,142313,142314,6190,1,1,86400,619.1
136123,142318,143321,6195,1003,1,86400,7.17647058824
136123,142324,143322,6201,998,1,86400,7.21342685371
136124,142339,142361,6215,22,1,86400,283.5
136124,142360,143322,6236,962,1,86400,7.48232848233
136125,142371,143321,6246,950,1,86400,7.57473684211
136125,142376,142379,6251,3,1,86400,625.4
136125,142382,142383,6257,1,1,86400,625.8
136126,142392,143321,6266,929,1,86400,7.74488697524
136126,142387,142388,6261,1,1,86400,626.2
136126,142408,143321,6282,913,1,86400,7.88061336254
136126,142398,143312,6272,914,1,86400,7.86214442013
136127,142450,143322,6323,872,1,86400,8.25114678899
136127,142419,143321,6292,902,1,86400,7.9756097561
136127,142430,143321,6303,891,1,86400,8.07407407407
136127,142440,142530,6313,90,1,86400,71.1444444444
136128,142482,142553,6354,71,1,86400,90.4929577465
136128,142492,143321,6364,829,1,86400,8.67671893848
136128,142471,143321,6343,850,1,86400,8.46235294118
136128,142461,143321,6333,860,1,86400,8.36395348837
136129,142502,143312,6373,810,1,86400,8.86790123457
136129,142529,143321,6400,792,1,86400,9.08080808081
136129,142513,142529,6384,16,1,86400,400.0
136129,142523,143321,6394,798,1,86400,9.01253132832
136130,142545,143321,6415,776,1,86400,9.26675257732
136130,142534,143321,6404,787,1,86400,9.13722998729
136130,142540,142541,6410,1,1,86400,641.1
136131,142572,143321,6441,749,1,86400,9.59946595461
136131,142562,143321,6431,759,1,86400,9.47299077734
136131,142556,143321,6425,765,1,86400,9.39869281046
136131,142551,143321,6420,770,1,86400,9.33766233766
136132,142582,142841,6450,259,1,86400,25.9034749035
136132,142593,143321,6461,728,1,86400,9.875
136132,142603,143321,6471,718,1,86400,10.0125348189
136132,142614,142842,6482,228,1,86400,29.4298245614
136133,142624,142842,6491,218,1,86400,30.7752293578
136133,142655,143321,6522,666,1,86400,10.7927927928
136133,142634,143321,6501,687,1,86400,10.4628820961
136133,142645,142842,6512,197,1,86400,34.0558375635
136134,142676,142842,6542,166,1,86400,40.4096385542
136134,142665,142842,6531,177,1,86400,37.8983050847
136134,142696,143312,6562,616,1,86400,11.6525974026
136134,142686,143321,6552,635,1,86400,11.3181102362
136135,142707,143321,6572,614,1,86400,11.7035830619
136135,142717,143321,6582,604,1,86400,11.8973509934
136135,142738,143321,6603,583,1,86400,12.3259005146
136135,142727,143321,6592,594,1,86400,12.0976430976
136136,142769,143321,6633,552,1,86400,13.0163043478
136136,142758,142842,6622,84,1,86400,79.8333333333
136136,142748,143321,6612,573,1,86400,12.5392670157
136137,142800,143321,6663,521,1,86400,13.7888675624
136137,142790,143321,6653,531,1,86400,13.5291902072
136137,142779,143321,6642,542,1,86400,13.2546125461
136137,142810,143322,6673,512,1,86400,14.033203125
136138,142831,143322,6693,491,1,86400,14.6313645621
136138,142821,142841,6683,20,1,86400,335.15
136138,142846,143322,6708,476,1,86400,15.0924369748
136138,142840,142842,6702,2,1,86400,670.4
136139,142851,142868,6712,17,1,86400,395.823529412
136139,142867,143321,6728,454,1,86400,15.8193832599
136139,142862,142872,6723,10,1,86400,673.3
136139,142857,143321,6718,464,1,86400,15.4784482759
136140,142878,142879,6738,1,1,86400,673.9
136140,142873,143321,6733,448,1,86400,16.0290178571
136140,142884,143312,6744,428,1,86400,16.7570093458
136141,142914,143321,6773,407,1,86400,17.6412776413
136141,142894,143321,6753,427,1,86400,16.8149882904
136141,142908,142909,6767,1,1,86400,676.8
136142,142919,143321,6777,402,1,86400,17.8582089552
136142,142930,143321,6788,391,1,86400,18.3606138107
136142,142936,143312,6794,376,1,86400,19.0691489362
136142,142925,142926,6783,1,1,86400,678.4
136143,142952,143312,6809,360,1,86400,19.9138888889
136143,142947,143321,6804,374,1,86400,19.192513369
136143,142941,142942,6798,1,1,86400,679.9
136143,142958,143321,6815,363,1,86400,19.7741046832
136144,142974,143321,6830,347,1,86400,20.6829971182
136144,142984,143321,6840,337,1,86400,21.296735905
136144,142994,143321,6850,327,1,86400,21.9480122324
136144,142963,143321,6819,358,1,86400,20.0474860335
136145,145995,145997,9850,2,1,86400,985.2
136145,143015,143321,6870,306,1,86400,23.4509803922
136145,143036,143321,6891,285,1,86400,25.1789473684
136145,143026,143322,6881,296,1,86400,24.2466216216
136146,143047,143321,6901,274,1,86400,26.1861313869
136146,143057,143321,6911,264,1,86400,27.178030303
136147,143080,143321,6933,241,1,86400,29.7676348548
136147,143090,143321,6943,231,1,86400,31.0562770563
136147,143069,143321,6922,252,1,86400,28.4682539683
136147,143100,143322,6953,222,1,86400,32.3198198198
136148,143111,143321,6963,210,1,86400,34.1571428571
137051,236857,272866,99806,36009,16,36000,3.7716959649
145988,236895,237608,90907,713,4,14400,128.499298738
145988,236889,236891,90901,2,4,14400,9090.3
146023,146029,146414,6,385,1,86400,1.01558441558
146023,146035,146414,12,379,1,86400,1.03166226913
146024,237040,237307,91016,267,4,18000,341.883895131
146024,146041,146048,17,7,1,86400,2.4
146024,146046,146414,22,368,1,86400,1.0597826087
146025,146063,146064,38,1,1,86400,3.9
146025,146058,146076,33,18,1,86400,2.83333333333
146025,146052,146350,27,298,1,86400,1.09060402685
146026,146069,146414,43,345,1,86400,1.12463768116
146026,146080,146414,54,334,1,86400,1.16167664671
146026,146074,146415,48,341,1,86400,1.14076246334
146027,146085,146415,58,330,1,86400,1.17575757576
146027,146091,146092,64,1,1,86400,6.5
146027,146102,146113,75,11,1,86400,7.81818181818
146027,146097,146415,70,318,1,86400,1.22012578616
146028,146113,146415,85,302,1,86400,1.28145695364
146028,146108,146114,80,6,1,86400,8.6
146028,146118,146124,90,6,1,86400,9.6
146029,146124,146125,95,1,1,86400,9.6
146029,146129,146132,100,3,1,86400,10.3
146029,146135,146136,106,1,1,86400,10.7
146029,146140,146142,111,2,1,86400,11.3
146030,146145,146415,115,270,1,86400,1.42592592593
146030,146151,146415,121,264,1,86400,1.45833333333
146030,146156,146159,126,3,1,86400,12.9
146031,146167,146263,136,96,1,86400,2.41666666667
146031,146162,146239,131,77,1,86400,2.7012987013
146031,146173,146263,142,90,1,86400,2.57777777778
146031,146178,146268,147,90,1,86400,2.63333333333
146032,146198,146199,166,1,1,86400,16.7
146032,146187,146191,155,4,1,86400,15.9
146032,146192,146415,160,223,1,86400,1.71748878924
146032,146203,146415,171,212,1,86400,1.80660377358
146033,146214,146216,181,2,1,86400,18.3
146033,146209,146211,176,2,1,86400,17.8
146033,146220,146224,187,4,1,86400,19.1
146033,146225,146415,192,190,1,86400,2.01052631579
146034,146236,146415,202,179,1,86400,2.12849162011
146034,146230,146234,196,4,1,86400,20.0
146034,146241,146415,207,174,1,86400,2.18965517241
146034,146246,146415,212,169,1,86400,2.25443786982
146035,146257,146258,222,1,1,86400,22.3
146035,146252,146253,217,1,1,86400,21.8
146035,146265,146307,230,42,1,86400,6.47619047619
146036,146281,146308,245,27,1,86400,10.0740740741
146036,146270,146415,234,145,1,86400,2.61379310345
146036,146286,146415,250,129,1,86400,2.93798449612
146036,146297,146415,261,118,1,86400,3.21186440678
146037,146312,146415,275,103,1,86400,3.66990291262
146037,146307,146308,270,1,1,86400,27.1
146037,146318,146415,281,97,1,86400,3.89690721649
146038,146323,146327,285,4,1,86400,28.9
146038,146334,146415,296,81,1,86400,4.65432098765
146038,146339,146415,301,76,1,86400,4.96052631579
146038,146328,146415,290,87,1,86400,4.33333333333
146039,146345,146415,306,70,1,86400,5.37142857143
146039,146361,146415,322,54,1,86400,6.96296296296
146039,146355,146415,316,60,1,86400,6.26666666667
146039,146350,146415,311,65,1,86400,5.78461538462
146040,146382,146415,342,33,1,86400,11.3636363636
146040,146372,146415,332,43,1,86400,8.72093023256
146040,146366,146415,326,49,1,86400,7.65306122449
146041,146399,146406,358,7,1,86400,36.5
146041,146393,146397,352,4,1,86400,35.6
146041,146388,146415,347,27,1,86400,13.8518518519
146042,146420,146421,378,1,1,86400,37.9
146042,146409,146414,367,5,1,86400,37.2
146042,146415,146416,373,1,1,86400,37.4
146042,146404,146415,362,11,1,86400,33.9090909091
146043,146431,146432,388,1,1,86400,38.9
146043,146436,146437,393,1,1,86400,39.4
146043,146426,146427,383,1,1,86400,38.4
146975,147329,147395,354,66,1,86400,6.36363636364
146975,147334,147394,359,60,1,86400,6.98333333333
146975,147313,147314,338,1,1,86400,33.9
146975,147194,147302,219,108,1,86400,3.02777777778
146975,147258,147259,283,1,1,86400,28.4
146975,147084,147093,109,9,1,86400,11.8
146975,147057,147058,82,1,1,86400,8.3
146975,147052,147053,77,1,1,86400,7.8
146975,147280,147500,305,220,1,86400,2.38636363636
146975,147285,147455,310,170,1,86400,2.82352941176
146975,147242,147243,267,1,1,86400,26.8
146975,147124,147203,149,79,1,86400,2.88607594937
146975,147226,147227,251,1,1,86400,25.2
146975,147162,147219,187,57,1,86400,4.28070175439
146975,147157,147219,182,62,1,86400,3.93548387097
146975,147215,147218,240,3,1,86400,24.3
146975,147130,147208,155,78,1,86400,2.98717948718
146975,147119,147199,144,80,1,86400,2.8
146975,147114,147193,139,79,1,86400,2.75949367089
146975,147178,147179,203,1,1,86400,20.4
146975,147008,147042,33,34,1,86400,1.97058823529
146975,147041,147042,66,1,1,86400,6.7
146975,147003,147509,28,506,1,86400,1.05533596838
146975,146992,146993,17,1,1,86400,1.8
146975,147167,147168,192,1,1,86400,19.3
146975,147135,147136,160,1,1,86400,16.1
146975,147221,220905,246,73684,1,86400,1.00333858097
146975,147068,147096,93,28,1,86400,4.32142857143
146975,147097,210629,122,63532,1,86400,1.00192029214
146975,147108,147109,133,1,1,86400,13.4
146975,147036,180281,61,33245,1,86400,1.00183486239
146975,147264,158329,289,11065,1,86400,1.02611839132
146975,147103,201964,128,54861,1,86400,1.00233316928
146975,146981,148651,6,1670,1,86400,1.00359281437
146975,147019,150069,44,3050,1,86400,1.01442622951
146975,147302,168429,327,21127,1,86400,1.01547782458
146975,147307,195972,332,48665,1,86400,1.00682215144
146975,147253,192253,278,45000,1,86400,1.00617777778
146975,147275,184181,300,36906,1,86400,1.00812875955
146975,147173,150809,198,3636,1,86400,1.05445544554
146975,146998,150518,23,3520,1,86400,1.00653409091
146976,147340,168272,364,20932,1,86400,1.01738964265
146977,147360,218415,383,71055,1,86400,1.0053901907
146977,147365,184249,388,36884,1,86400,1.01051946644
146978,147402,190280,424,42878,1,86400,1.00988852092
146978,147397,148009,419,612,1,86400,1.68464052288
146978,147386,147399,408,13,1,86400,32.3846153846
146980,147440,217466,460,70026,1,86400,1.00656898866
146980,147434,147436,454,2,1,86400,45.6
146981,147450,217001,469,69551,1,86400,1.00674325315
146981,147461,147462,480,1,1,86400,48.1
146982,147472,201237,490,53765,1,86400,1.0091137357
146983,147504,147505,521,1,1,86400,52.2
146983,147499,147501,516,2,1,86400,51.8
146984,147521,147539,537,18,1,86400,30.8333333333
146984,147515,147531,531,16,1,86400,34.1875
146985,147537,148639,552,1102,1,86400,1.50090744102
146985,147542,155553,557,8011,1,86400,1.06952939708
146985,147526,148073,541,547,1,86400,1.98903107861
146985,147531,147546,546,15,1,86400,37.4
146986,147569,150320,583,2751,1,86400,1.21192293711
146986,147563,156092,577,8529,1,86400,1.0676515418
146987,147580,222759,593,75179,1,86400,1.00788784102
146987,147574,147588,587,14,1,86400,42.9285714286
146988,147601,154976,613,7375,1,86400,1.08311864407
146988,147591,160343,603,12752,1,86400,1.04728670013
146988,147596,147611,608,15,1,86400,41.5333333333
146989,147618,147641,629,23,1,86400,28.347826087
146989,147629,159746,640,12117,1,86400,1.05281835438
146990,147634,147675,644,41,1,86400,16.7073170732
146990,147640,151255,650,3615,1,86400,1.17980636238
146990,147645,147669,655,24,1,86400,28.2916666667
146991,147662,147703,671,41,1,86400,17.3658536585
146991,147657,147680,666,23,1,86400,29.9565217391
146991,147667,147686,676,19,1,86400,36.5789473684
146992,147684,204930,692,57246,1,86400,1.01208818083
146992,147673,156976,681,9303,1,86400,1.07320219284
146993,147700,169699,707,21999,1,86400,1.03213782445
146993,147705,181311,712,33606,1,86400,1.02118669285
146993,147694,181170,701,33476,1,86400,1.02094037519
146993,147689,147706,696,17,1,86400,41.9411764706
146994,147722,149069,728,1347,1,86400,1.54046028211
146995,147756,161975,761,14219,1,86400,1.05351993811
146995,147731,216534,736,68803,1,86400,1.01069720797
146995,147750,153780,755,6030,1,86400,1.12520729685
146996,147767,215383,771,67616,1,86400,1.0114026266
146997,147783,176713,786,28930,1,86400,1.02716902869
146998,147805,157697,807,9892,1,86400,1.08158107562
146999,147827,202079,828,54252,1,86400,1.01526211015
146999,147843,187730,844,39887,1,86400,1.02115977637
147000,147859,160900,859,13041,1,86400,1.06586918181
147000,147864,215848,864,67984,1,86400,1.01270887268
147000,147848,147859,848,11,1,86400,78.0909090909
147001,147881,160932,880,13051,1,86400,1.06742778331
147001,147870,154475,869,6605,1,86400,1.1315669947
147001,147875,189538,874,41663,1,86400,1.02097784605
147002,147902,218098,900,70196,1,86400,1.01282124338
147003,147923,151000,920,3077,1,86400,1.29899252519
147003,147929,157614,926,9685,1,86400,1.09561177078
147004,147940,156056,936,8116,1,86400,1.11532774766
147004,147934,202814,930,54880,1,86400,1.01694606414
147005,147962,157095,957,9133,1,86400,1.10478484616
147005,147977,154618,972,6641,1,86400,1.14636349947
147005,147972,152322,967,4350,1,86400,1.22229885057
147005,147951,222286,946,74335,1,86400,1.01272617206
147006,147994,152430,988,4436,1,86400,1.22272317403
147006,147983,210087,977,62104,1,86400,1.0157316759
147006,147989,149874,983,1885,1,86400,1.52148541114
147007,148021,231731,1014,83710,1,86400,1.01211324812
147007,148005,175320,998,27315,1,86400,1.03653670145
147007,148010,164042,1003,16032,1,86400,1.06256237525
147008,148032,154688,1024,6656,1,86400,1.15384615385
147008,148037,148640,1029,603,1,86400,2.70646766169
147009,148048,149193,1039,1145,1,86400,1.90742358079
147010,148070,215197,1060,67127,1,86400,1.0157909634
147010,148064,184971,1054,36907,1,86400,1.02855826808
147010,148081,198383,1071,50302,1,86400,1.02129139994
147011,148091,159955,1080,11864,1,86400,1.09103169252
147012,148129,170915,1117,22786,1,86400,1.04902132889
147012,148123,185022,1111,36899,1,86400,1.03010921705
147013,148134,191666,1121,43532,1,86400,1.02575117155
147013,148147,149805,1134,1658,1,86400,1.68395657419
147013,148142,179829,1129,31687,1,86400,1.03562975353
147014,148163,229797,1149,81634,1,86400,1.01407501776
147014,148152,213890,1138,65738,1,86400,1.01731114424
147015,148185,157524,1170,9339,1,86400,1.12528107934
147015,148179,172519,1164,24340,1,86400,1.04782251438
147016,148212,211073,1196,62861,1,86400,1.01902610522
147016,148190,190396,1174,42206,1,86400,1.02781595034
147016,148206,194085,1190,45879,1,86400,1.02593779289
147017,148218,185834,1201,37616,1,86400,1.03192790302
147017,148223,203215,1206,54992,1,86400,1.02193046261
147018,148239,151044,1221,2805,1,86400,1.43529411765
147018,148260,170735,1242,22475,1,86400,1.05526140156
147018,148265,158082,1247,9817,1,86400,1.12702454925
147019,148270,164945,1251,16675,1,86400,1.07502248876
147020,148291,197927,1271,49636,1,86400,1.0256064147
147020,148303,214724,1283,66421,1,86400,1.01931618012
147021,148314,212894,1293,64580,1,86400,1.02002167854
147021,148319,218336,1298,70017,1,86400,1.01853835497
147022,148335,150294,1313,1959,1,86400,1.67023991833
147022,148341,152680,1319,4339,1,86400,1.3039870938
147022,148330,201237,1308,52907,1,86400,1.0247226265
147022,148347,152140,1325,3793,1,86400,1.34932770894
147023,148363,152127,1340,3764,1,86400,1.3560042508
147023,148352,151089,1329,2737,1,86400,1.4855681403
147024,148374,179032,1350,30658,1,86400,1.04403418357
147024,148385,173517,1361,25132,1,86400,1.05415406653
147025,148406,157873,1381,9467,1,86400,1.14587514524
147025,148400,162330,1375,13930,1,86400,1.09870782484
147026,148427,212976,1401,64549,1,86400,1.02170444159
147026,148417,172277,1391,23860,1,86400,1.05829840738
147026,148422,217612,1396,69190,1,86400,1.02017632606
147027,148448,227234,1421,78786,1,86400,1.01803619932
147027,148438,158887,1411,10449,1,86400,1.13503684563
147027,148454,150811,1427,2357,1,86400,1.60543063216
147028,148470,161196,1442,12726,1,86400,1.11331133113
147028,148465,150817,1437,2352,1,86400,1.61096938776
147029,148486,177172,1457,28686,1,86400,1.05079132678
147029,148502,191923,1473,43421,1,86400,1.03392367748
147029,148492,225950,1463,77458,1,86400,1.01888765525
147030,148518,167492,1488,18974,1,86400,1.0784231053
147030,148507,152797,1477,4290,1,86400,1.34428904429
147031,148546,157406,1515,8860,1,86400,1.17099322799
147031,148535,160504,1504,11969,1,86400,1.1256579497
147032,148556,211207,1524,62651,1,86400,1.02432523024
147032,148572,153282,1540,4710,1,86400,1.32696390658
147033,148598,152811,1565,4213,1,86400,1.37146926181
147033,148588,170541,1555,21953,1,86400,1.07083314353
147033,148583,213640,1550,65057,1,86400,1.02382526093
147034,148615,165605,1581,16990,1,86400,1.09305473808
147034,148604,179133,1570,30529,1,86400,1.0514265125
147034,148620,157235,1586,8615,1,86400,1.18409750435
147034,148609,177356,1575,28747,1,86400,1.05478832574
147035,148647,158324,1612,9677,1,86400,1.16658055182
147035,148641,156816,1606,8175,1,86400,1.19645259939
147036,148673,199701,1637,51028,1,86400,1.03208042643
147036,148653,227011,1617,78358,1,86400,1.02063605503
147037,148685,176264,1648,27579,1,86400,1.05975561115
147038,148701,197021,1663,48320,1,86400,1.03441639073
147038,148707,150016,1669,1309,1,86400,2.27501909855
147038,148712,156898,1674,8186,1,86400,1.20449548009
147038,148718,222369,1680,73651,1,86400,1.02281028092
147039,148739,154786,1700,6047,1,86400,1.28113113941
147040,148770,190271,1730,41501,1,86400,1.04168574251
147040,148744,164086,1704,15342,1,86400,1.11106765741
147041,148791,153168,1750,4377,1,86400,1.39981722641
147042,148811,203064,1769,54253,1,86400,1.03260649181
147042,148822,206779,1780,57957,1,86400,1.03071242473
147042,148842,181317,1800,32475,1,86400,1.05542725173
147042,148832,178140,1790,29308,1,86400,1.06107547427
147043,148884,189866,1841,40982,1,86400,1.04492216095
147043,148873,169432,1830,20559,1,86400,1.08901211148
147043,148863,175623,1820,26760,1,86400,1.06801195815
147043,148853,201538,1810,52685,1,86400,1.03435512954
147044,148894,173769,1850,24875,1,86400,1.0743718593
147045,148921,162251,1876,13330,1,86400,1.1407351838
147045,148932,199935,1887,51003,1,86400,1.03699782366
147046,148953,163200,1907,14247,1,86400,1.13385274093
147046,148948,153668,1902,4720,1,86400,1.40296610169
147046,148943,180865,1897,31922,1,86400,1.05942610112
147046,148937,157288,1891,8351,1,86400,1.22643994731
147047,148959,150027,1912,1068,1,86400,2.79026217228
147047,148965,159078,1918,10113,1,86400,1.18965687729
147048,149012,157094,1964,8082,1,86400,1.24300915615
147048,148991,157685,1943,8694,1,86400,1.22348746262
147048,148985,153523,1937,4538,1,86400,1.42684001763
147049,149018,170315,1969,21297,1,86400,1.09245433629
147049,149030,164749,1981,15719,1,86400,1.12602582862
147049,149024,182427,1975,33403,1,86400,1.05912642577
147049,149040,195392,1991,46352,1,86400,1.04295391785
147050,149230,212203,2180,62973,1,86400,1.03461801089
147050,149249,169929,2199,20680,1,86400,1.10633462282
147051,149270,170698,2219,21428,1,86400,1.10355609483
147051,149254,155307,2203,6053,1,86400,1.36395175946
147052,149276,151247,2224,1971,1,86400,2.12836123795
147052,149441,149458,2389,17,1,86400,141.529411765
147053,149470,229342,2417,79872,1,86400,1.03026091747
147053,149817,186755,2764,36938,1,86400,1.07482809031
147054,150073,219504,3019,69431,1,86400,1.04348201812
147055,150410,162526,3355,12116,1,86400,1.27690656983
147055,150535,179484,3480,28949,1,86400,1.12021140627
147056,150834,225674,3778,74840,1,86400,1.05048102619
147056,151035,153977,3979,2942,1,86400,2.35248130523
147057,151061,201054,4004,49993,1,86400,1.08009121277
147057,151290,151407,4233,117,1,86400,37.1794871795
147057,151129,185435,4072,34306,1,86400,1.11869643794
147058,152178,152358,5120,180,1,86400,29.4444444444
147058,151418,229791,4360,78373,1,86400,1.05563140367
147059,152335,152458,5276,123,1,86400,43.8943089431
147059,152375,189859,5316,37484,1,86400,1.14182051008
147059,152466,152595,5407,129,1,86400,42.9147286822
147059,152473,152474,5414,1,1,86400,541.5
147060,152486,197597,5426,45111,1,86400,1.12028108444
147060,152641,152642,5581,1,1,86400,558.2
147060,152612,152629,5552,17,1,86400,327.588235294
147060,152659,170159,5599,17500,1,86400,1.31994285714
147061,152849,152998,5788,149,1,86400,39.8456375839
147061,152861,153003,5800,142,1,86400,41.8450704225
147061,153021,153031,5960,10,1,86400,597.0
147062,153180,153285,6118,105,1,86400,59.2666666667
147063,153315,213612,6252,60297,1,86400,1.10368675058
147063,153294,153295,6231,1,1,86400,623.2
147063,153331,170267,6268,16936,1,86400,1.37009919698
147063,153301,153302,6238,1,1,86400,623.9
147064,153661,212828,6597,59167,1,86400,1.11149796339
147064,153535,153644,6471,109,1,86400,60.3669724771
147064,153680,153681,6616,1,1,86400,661.7
147065,153718,162437,6653,8719,1,86400,1.7630462209
147065,153705,153706,6640,1,1,86400,664.1
147065,153821,157387,6756,3566,1,86400,2.89455973079
147066,154168,164146,7102,9978,1,86400,1.71176588495
147066,154241,154360,7175,119,1,86400,61.2941176471
147066,153995,199843,6929,45848,1,86400,1.15112982028
147066,154377,154387,7311,10,1,86400,732.1
147067,154630,154732,7563,102,1,86400,75.1470588235
147067,154486,154594,7419,108,1,86400,69.6944444444
147067,154606,198172,7539,43566,1,86400,1.17304778956
147068,154745,154746,7677,1,1,86400,767.8
147068,154700,157549,7632,2849,1,86400,3.67883467883
147069,154988,155300,7919,312,1,86400,26.3814102564
147069,155320,155321,8251,1,1,86400,825.2
147069,155312,156500,8243,1188,1,86400,7.93855218855
147069,154825,168996,7756,14171,1,86400,1.54731493896
147070,156069,156181,8999,112,1,86400,81.3482142857
147070,156126,158819,9056,2693,1,86400,4.36279242481
147070,155333,157302,8263,1969,1,86400,5.19654647029
147071,156193,192978,9122,36785,1,86400,1.2479815142
147071,156512,156600,9441,88,1,86400,108.284090909
147071,156833,207533,9762,50700,1,86400,1.1925443787
147072,156928,157041,9856,113,1,86400,88.2212389381
147072,157059,157119,9987,60,1,86400,167.45
147072,157106,157209,10034,103,1,86400,98.4174757282
147073,157128,221700,10055,64572,1,86400,1.15571764852
147073,157164,165517,10091,8353,1,86400,2.20806895726
147073,157135,157136,10062,1,1,86400,1006.3
147074,157314,180019,10240,22705,1,86400,1.45100198194
147074,157300,178446,10226,21146,1,86400,1.48359027712
147074,157267,177507,10193,20240,1,86400,1.50360671937
147075,157423,157432,10348,9,1,86400,1035.7
147075,157434,157435,10359,1,1,86400,1036.0
147075,157334,157450,10259,116,1,86400,89.4396551724
147076,157485,157513,10409,28,1,86400,372.75
147076,157452,157453,10376,1,1,86400,1037.7
147076,157531,204253,10455,46722,1,86400,1.22377038654
147077,157627,157704,10550,77,1,86400,138.012987013
147077,157557,212424,10480,54867,1,86400,1.19100734503
147078,157711,157712,10633,1,1,86400,1063.4
147078,157698,157699,10620,1,1,86400,1062.1
147078,157724,157725,10646,1,1,86400,1064.7
147078,157719,157871,10641,152,1,86400,71.0065789474
147079,157738,217608,10659,59870,1,86400,1.17803574411
147080,157909,157923,10829,14,1,86400,774.5
147080,158175,158349,11095,174,1,86400,64.7643678161
147080,157953,157962,10873,9,1,86400,1088.2
147080,157999,209147,10919,51148,1,86400,1.21347853288
147081,158369,166491,11288,8122,1,86400,2.38980546663
147081,158357,158465,11276,108,1,86400,105.407407407
147081,158477,161695,11396,3218,1,86400,4.54133001865
147081,158347,158469,11266,122,1,86400,93.3442622951
147082,158531,164427,11449,5896,1,86400,2.94182496608
147082,158489,158495,11407,6,1,86400,1141.3
147082,158836,173220,11754,14384,1,86400,1.81715795328
147083,158916,159025,11833,109,1,86400,109.559633028
147083,159050,159051,11967,1,1,86400,1196.8
147083,159063,165441,11980,6378,1,86400,2.87833176544
147084,159086,225052,12002,65966,1,86400,1.18194221266
147084,160009,164848,12925,4839,1,86400,3.67100640628
147084,159759,172712,12675,12953,1,86400,1.97853779047
147085,160354,211084,13269,50730,1,86400,1.26156120639
147085,160516,160637,13431,121,1,86400,112.0
147086,160935,161094,13849,159,1,86400,88.1006289308
147087,161090,169119,14003,8029,1,86400,2.74405280857
147087,160945,161051,13858,106,1,86400,131.735849057
147088,161153,166305,14065,5152,1,86400,3.73000776398
147088,161106,161125,14018,19,1,86400,738.789473684
147088,161209,161540,14121,331,1,86400,43.6616314199
147089,161707,161708,14618,1,1,86400,1461.9
147089,161992,162099,14903,107,1,86400,140.280373832
147090,162292,203405,15202,41113,1,86400,1.36976138934
147090,162365,209046,15275,46681,1,86400,1.327220925
147091,162538,165153,15447,2615,1,86400,6.90707456979
147091,164055,171021,16964,6966,1,86400,3.43525696239
147091,164098,164233,17007,135,1,86400,126.977777778
147093,164761,188446,17668,23685,1,86400,1.74595735698
147093,164899,165117,17806,218,1,86400,82.6788990826
147094,165481,165599,18387,118,1,86400,156.822033898
147095,165562,169207,18467,3645,1,86400,6.06639231824
147095,165618,183476,18523,17858,1,86400,2.03723821257
147095,166317,166455,19222,138,1,86400,140.289855072
147096,166506,177934,19410,11428,1,86400,2.698459923
147096,166473,166487,19377,14,1,86400,1385.07142857
147096,166499,168455,19403,1956,1,86400,10.9197341513
147096,166745,166880,19649,135,1,86400,146.548148148
147097,167381,167411,20284,30,1,86400,677.133333333
147097,167340,167364,20243,24,1,86400,844.458333333
147098,168350,168467,21252,117,1,86400,182.641025641
147098,167448,178041,20350,10593,1,86400,2.92107995846
147098,167505,180966,20407,13461,1,86400,2.5160092118
147099,168484,168512,21385,28,1,86400,764.75
147099,168529,169722,21430,1193,1,86400,18.9631181894
147099,168441,171344,21342,2903,1,86400,8.35170513262
147100,169041,173312,21941,4271,1,86400,6.13720440178
147100,169151,192286,22051,23135,1,86400,1.95314458612
147100,168536,170180,21436,1644,1,86400,14.0389294404
147101,169444,196910,22343,27466,1,86400,1.81347848249
147101,169220,169327,22119,107,1,86400,207.719626168
147101,169344,169399,22243,55,1,86400,405.418181818
147101,169415,169542,22314,127,1,86400,176.700787402
147102,169618,169751,22516,133,1,86400,170.293233083
147102,169716,169871,22614,155,1,86400,146.896774194
147102,169559,170384,22457,825,1,86400,28.2206060606
147102,169736,170280,22634,544,1,86400,42.6066176471
147103,169768,169784,22665,16,1,86400,1417.5625
147103,169809,172611,22706,2802,1,86400,9.10349750178
147104,169889,169903,22785,14,1,86400,1628.5
147104,169916,170677,22812,761,1,86400,30.976346912
147104,169942,170167,22838,225,1,86400,102.502222222
147105,170194,170312,23089,118,1,86400,196.669491525
147105,170293,174840,23188,4547,1,86400,6.09962612712
147105,170179,174648,23074,4469,1,86400,6.16312374133
147106,170402,172815,23296,2413,1,86400,10.6543721508
147106,170554,170655,23448,101,1,86400,233.158415842
147106,170329,170822,23223,493,1,86400,48.1054766734
147106,170336,171023,23230,687,1,86400,34.8136826783
147107,170667,180857,23560,10190,1,86400,3.31207065751
147108,170931,200550,23823,29619,1,86400,1.80431479793
147108,170747,170918,23639,171,1,86400,139.239766082
147108,170839,174666,23731,3827,1,86400,7.20094068461
147108,170950,171062,23842,112,1,86400,213.875
147109,171080,179258,23971,8178,1,86400,3.93115676204
147110,172289,207833,25179,35544,1,86400,1.70838960162
147110,172532,172638,25422,106,1,86400,240.830188679
147110,172624,172740,25514,116,1,86400,220.948275862
147111,173329,173451,26218,122,1,86400,215.901639344
147111,172752,201316,25641,28564,1,86400,1.89766839378
147112,173468,173484,26356,16,1,86400,1648.25
147112,173496,173522,26384,26,1,86400,1015.76923077
147112,173534,173656,26422,122,1,86400,217.573770492
147112,173546,179185,26434,5639,1,86400,5.68771058698
147113,174660,174800,27547,140,1,86400,197.764285714
147113,174683,174794,27570,111,1,86400,249.378378378
147113,173673,223287,26560,49614,1,86400,1.53533276898
147114,174852,174954,27738,102,1,86400,272.941176471
147114,174818,184946,27704,10128,1,86400,3.73538704581
147115,149054,154224,1939,5170,1,86400,1.3750483559
147115,149060,149136,1945,76,1,86400,26.5921052632
147115,149065,226565,1950,77500,1,86400,1.02516129032
147116,149082,157316,1966,8234,1,86400,1.23876609181
147116,149071,149164,1955,93,1,86400,22.0215053763
147117,149093,194543,1976,45450,1,86400,1.04347634763
147117,149099,149406,1982,307,1,86400,7.45602605863
147117,149109,150050,1992,941,1,86400,3.11689691817
147118,149115,167328,1997,18213,1,86400,1.10964695547
147118,149131,168522,2013,19391,1,86400,1.10381104636
147118,149136,190340,2018,41204,1,86400,1.04897582759
147119,149141,209485,2022,60344,1,86400,1.03350788811
147119,149147,169585,2028,20438,1,86400,1.09922693023
147119,149154,159050,2035,9896,1,86400,1.20563864188
147120,149165,188499,2045,39334,1,86400,1.05199064423
147120,149170,149296,2050,126,1,86400,17.2698412698
147121,149181,154150,2060,4969,1,86400,1.41457033608
147121,149192,149193,2071,1,1,86400,207.2
147122,149214,188235,2092,39021,1,86400,1.05361215756
147122,149219,166718,2097,17499,1,86400,1.11983541917
147122,149208,150398,2086,1190,1,86400,2.75294117647
147122,149203,149209,2081,6,1,86400,208.7
147538,236878,246932,89340,10054,1,28800,9.88601551621
147543,236884,236892,89341,8,1,28800,8934.9
151620,236943,238173,85323,1230,1,36000,70.3682926829
201228,237066,496349,35838,259283,10,259200,1.13821962875
203497,237050,237159,33553,109,4,900,308.825688073
203958,237072,240281,33114,3209,4,14400,11.3191025242
204290,237056,247953,32766,10897,4,10800,4.00688262825
204986,237077,251574,32091,14497,4,14400,3.21363040629
204988,237094,239191,32106,2097,4,14400,16.3104434907
205042,236868,272892,31826,36024,16,36000,1.88346657784
205127,236873,272975,31746,36102,16,36060,1.87934186472
205940,237061,237120,31121,59,4,7200,528.474576271
208567,237045,237377,28478,332,16,36000,86.7771084337
216809,237121,242547,20312,5426,1,18000,4.7434574272
239320,239326,239342,6,16,64,5400,1.375
239673,239679,240098,6,419,64,5400,1.01431980907
240342,240348,240693,6,345,64,5400,1.01739130435
241301,241308,243117,7,1809,1,1800,1.00386954118
241352,241359,248229,7,6870,1,25200,1.00101892285
241388,241394,241450,6,56,16,72000,1.10714285714
241421,241432,241494,11,62,2,1800,1.17741935484
241421,241427,241511,6,84,4,1800,1.07142857143
241457,241474,241475,17,1,1,7200,1.8
241457,241468,248715,11,7247,1,7200,1.00151786946
241457,241463,241464,6,1,1,7200,1.0
241458,241496,241532,38,36,1,7200,2.05555555556
241458,241480,242966,22,1486,1,7200,1.01480484522
241458,241501,241502,43,1,1,7200,4.4
241458,241490,242341,32,851,1,7200,1.03760282021
241459,241507,243056,48,1549,1,7200,1.03098773402
241459,241522,248753,63,7231,1,7200,1.0087124879
241459,241528,248753,69,7225,1,7200,1.00955017301
241459,241517,248743,58,7226,1,7200,1.00802657072
241460,241555,241600,95,45,1,7200,3.11111111111
241460,241533,241534,73,1,1,7200,7.4
241460,241539,248751,79,7212,1,7200,1.01095396561
241460,241545,241546,85,1,1,7200,8.6
241461,241581,241582,120,1,1,7200,12.1
241461,241586,241601,125,15,1,7200,9.33333333333
241461,241576,241606,115,30,1,7200,4.83333333333
241461,241565,248806,104,7241,1,7200,1.01436265709
241462,241614,247351,152,5737,1,7200,1.02649468363
241462,241597,241598,135,1,1,7200,13.6
241462,241608,248812,146,7204,1,7200,1.0202665186
241463,241630,248849,167,7219,1,7200,1.02313339798
241463,241619,241620,156,1,1,7200,15.7
241463,241625,248841,162,7216,1,7200,1.02245011086
241464,241636,248838,172,7202,1,7200,1.02388225493
241464,241658,248903,194,7245,1,7200,1.02677708765
241464,241646,243283,182,1637,1,7200,1.11117898595
241464,241652,241656,188,4,1,7200,19.2
241465,241674,248943,209,7269,1,7200,1.02875223552
241465,241663,241664,198,1,1,7200,19.9
241465,241689,241737,224,48,1,7200,5.66666666667
241465,241684,241738,219,54,1,7200,5.05555555556
241466,241710,242324,244,614,1,7200,1.39739413681
241466,241737,248977,271,7240,1,7200,1.03743093923
241466,241700,241737,234,37,1,7200,7.32432432432
241466,241718,241738,252,20,1,7200,13.6
241467,241742,248950,275,7208,1,7200,1.03815205327
241467,241747,241774,280,27,1,7200,11.3703703704
241468,241778,241779,310,1,1,7200,31.1
241468,241769,245933,301,4164,1,7200,1.07228626321
241468,241763,241764,295,1,1,7200,29.6
241469,241799,243849,330,2050,1,7200,1.16097560976
241469,241788,249027,319,7239,1,7200,1.04406686006
241469,241783,249033,314,7250,1,7200,1.04331034483
241470,241810,241811,340,1,1,7200,34.1
241470,241823,249040,353,7217,1,7200,1.04891229043
241470,241815,242588,345,773,1,7200,1.44631306598
241470,241804,242493,334,689,1,7200,1.4847605225
241471,241839,241842,368,3,1,7200,37.1
241471,241828,241945,357,117,1,7200,4.05128205128
241471,241833,241971,362,138,1,7200,3.6231884058
241472,241983,242095,511,112,1,7200,5.5625
241472,241853,249063,381,7210,1,7200,1.05284327323
241472,247987,248040,6515,53,1,7200,123.924528302
241472,241957,249168,485,7211,1,7200,1.06725835529
241473,247998,255211,6525,7213,1,7200,1.90461666436
241473,248008,255210,6535,7202,1,7200,1.90738683699
241473,247993,247997,6520,4,1,7200,652.4
241474,248029,248102,6555,73,1,7200,90.7945205479
241474,248035,248045,6561,10,1,7200,657.1
241474,248023,248043,6549,20,1,7200,328.45
241474,248042,255288,6568,7246,1,7200,1.90643113442
241475,248057,248717,6582,660,1,7200,10.9727272727
241475,248048,248456,6573,408,1,7200,17.1102941176
241475,248755,255991,7280,7236,1,7200,2.00608070757
241475,248062,255287,6587,7225,1,7200,1.91169550173
241476,248766,255988,7290,7222,1,7200,2.00941567433
241476,248760,248777,7284,17,1,7200,429.470588235
241476,248771,248914,7295,143,1,7200,52.013986014
241476,248780,250104,7304,1324,1,7200,6.5166163142
241477,248785,256019,7308,7234,1,7200,2.01022947194
241477,248790,256015,7313,7225,1,7200,2.0121799308
241477,248796,252740,7319,3944,1,7200,2.85573022312
241478,248806,256019,7328,7213,1,7200,2.01594343546
241478,248817,250914,7339,2097,1,7200,4.49976156414
241479,248822,256045,7343,7223,1,7200,2.01661359546
241479,248931,251538,7452,2607,1,7200,3.8584579977
241479,248937,248938,7458,1,1,7200,745.9
241479,248926,249208,7447,282,1,7200,27.4078014184
241480,248953,256178,7473,7225,1,7200,2.03432525952
241480,248958,248977,7478,19,1,7200,394.578947368
241480,248942,256175,7462,7233,1,7200,2.03166044518
241480,248947,250755,7467,1808,1,7200,5.12997787611
241481,248969,256192,7488,7223,1,7200,2.03668835664
241481,248963,256202,7482,7239,1,7200,2.0335681724
241481,248974,248979,7493,5,1,7200,749.8
241482,248985,248986,7503,1,1,7200,750.4
241482,248990,248992,7508,2,1,7200,751.0
241482,248995,251744,7513,2749,1,7200,3.73299381593
241482,248979,248981,7497,2,1,7200,749.9
241483,249186,249599,7703,413,1,7200,19.6513317191
241483,249001,249007,7518,6,1,7200,752.4
241483,249180,249504,7697,324,1,7200,24.7561728395
241483,249006,249009,7523,3,1,7200,752.6
241484,249191,256399,7707,7208,1,7200,2.06922863485
241484,249202,249342,7718,140,1,7200,56.1285714286
241484,249207,249552,7723,345,1,7200,23.3855072464
241484,249196,256420,7712,7224,1,7200,2.06755260244
241485,249229,249265,7744,36,1,7200,216.111111111
241485,249218,250675,7733,1457,1,7200,6.3074811256
241485,249212,249232,7727,20,1,7200,387.35
241485,249223,256458,7738,7235,1,7200,2.06952315135
241486,249245,256463,7759,7218,1,7200,2.07495151011
241486,249239,250190,7753,951,1,7200,9.15247108307
241486,249250,256458,7764,7208,1,7200,2.07713651498
241487,249255,249264,7768,9,1,7200,777.7
241487,249282,250311,7795,1029,1,7200,8.57531584062
241487,249355,249365,7868,10,1,7200,787.8
241487,249261,256204,7774,6943,1,7200,2.11968889529
241488,249516,256728,8028,7212,1,7200,2.11314475874
241488,249377,249494,7889,117,1,7200,68.4273504274
241488,249505,249537,8017,32,1,7200,251.53125
241489,249548,249549,8059,1,1,7200,806.0
241489,249574,253929,8085,4355,1,7200,2.85648679679
241489,249567,249583,8078,16,1,7200,505.875
241489,249560,249561,8071,1,1,7200,807.2
241490,251596,253417,10106,1821,1,7200,6.54969796815
241490,249610,250363,8120,753,1,7200,11.7835325365
241490,251588,251589,10098,1,1,7200,1009.9
241490,249594,256817,8104,7223,1,7200,2.12197147999
241491,251757,251778,10266,21,1,7200,489.857142857
241491,251604,251740,10113,136,1,7200,75.3602941176
241491,251612,252366,10121,754,1,7200,14.4230769231
241492,251765,258989,10273,7224,1,7200,2.42206533776
241492,252378,259605,10886,7227,1,7200,2.50629583506
241492,251833,252856,10341,1023,1,7200,11.1085043988
241492,251809,251820,10317,11,1,7200,938.909090909
241493,252899,253453,11406,554,1,7200,21.5884476534
241493,252869,252887,11376,18,1,7200,633.0
241493,253429,260639,11936,7210,1,7200,2.65547850208
241494,253466,255167,11972,1701,1,7200,8.03821281599
241494,255178,262418,13684,7240,1,7200,2.89005524862
241494,256476,258147,14982,1671,1,7200,9.96588868941
241494,253942,261169,12448,7227,1,7200,2.72242977722
241495,256486,256501,14991,15,1,7200,1000.4
241495,256481,263695,14986,7214,1,7200,3.077349598
241495,256492,263738,14997,7246,1,7200,3.06969362407
241495,256548,263756,15053,7208,1,7200,3.08837402886
241496,256502,259542,15006,3040,1,7200,5.93618421053
241496,256508,257241,15012,733,1,7200,21.480218281
241496,256497,263724,15001,7227,1,7200,3.07568839076
241497,256524,256535,15027,11,1,7200,1367.09090909
241497,256519,256773,15022,254,1,7200,60.1417322835
241497,256529,256795,15032,266,1,7200,57.5112781955
241497,256513,257833,15016,1320,1,7200,12.3757575758
241498,256553,256735,15055,182,1,7200,83.7197802198
241498,256535,256738,15037,203,1,7200,75.0738916256
241498,256755,256773,15257,18,1,7200,848.611111111
241498,256747,257184,15249,437,1,7200,35.8947368421
241499,256784,263122,15285,6338,1,7200,3.41164405175
241499,258186,265393,16687,7207,1,7200,3.3153878174
241499,258181,265302,16682,7121,1,7200,3.34264850442
241499,257199,264430,15700,7231,1,7200,3.17120730189
241500,258208,260224,16708,2016,1,7200,9.2876984127
241500,258192,265403,16692,7211,1,7200,3.31479683816
241500,258197,265434,16697,7237,1,7200,3.30717147989
241500,258202,258688,16702,486,1,7200,35.366255144
241501,258213,265425,16712,7212,1,7200,3.3172490294
241501,258229,265468,16728,7239,1,7200,3.31081641111
241501,258219,261713,16718,3494,1,7200,5.78477389811
241501,258224,265458,16723,7234,1,7200,3.3117224219
241502,258240,259547,16738,1307,1,7200,13.8064269319
241502,258235,261803,16733,3568,1,7200,5.68974215247
241503,258245,259944,16742,1699,1,7200,10.8540317834
241503,258256,258820,16753,564,1,7200,30.7039007092
241503,258262,258928,16759,666,1,7200,26.1636636637
241503,258251,265477,16748,7226,1,7200,3.31774148907
241504,259580,266809,18076,7229,1,7200,3.50048416102
241504,259585,266801,18081,7216,1,7200,3.50568181818
241504,258272,265504,16768,7232,1,7200,3.3185840708
241504,258277,265503,16773,7226,1,7200,3.32120121782
241505,259607,266848,18102,7241,1,7200,3.49993094876
241505,259591,266805,18086,7214,1,7200,3.50706958691
241505,259601,259699,18096,98,1,7200,185.653061224
241505,259596,259653,18091,57,1,7200,318.385964912
241506,259631,261168,18125,1537,1,7200,12.7924528302
241506,259618,266835,18112,7217,1,7200,3.50963004018
241506,259612,259625,18106,13,1,7200,1393.76923077
241506,259626,266835,18120,7209,1,7200,3.51352476072
241507,259642,266872,18135,7230,1,7200,3.50829875519
241507,259651,265462,18144,5811,1,7200,4.12235415591
241507,259637,259862,18130,225,1,7200,81.5777777778
241508,259670,265495,18162,5825,1,7200,4.11793991416
241508,259676,266908,18168,7232,1,7200,3.51216814159
241508,259665,266911,18157,7246,1,7200,3.50579630141
241508,259659,259736,18151,77,1,7200,236.727272727
241509,259696,260838,18187,1142,1,7200,16.9255691769
241509,259681,266910,18172,7229,1,7200,3.51376400609
241509,260412,261966,18903,1554,1,7200,13.1640926641
241509,259686,260017,18177,331,1,7200,55.915407855
241510,260438,267661,18928,7223,1,7200,3.62051779039
241510,260423,260441,18913,18,1,7200,1051.72222222
241510,260433,260713,18923,280,1,7200,68.5821428571
241510,260417,261313,18907,896,1,7200,22.1015625
241511,260443,260980,18932,537,1,7200,36.2551210428
241511,260449,267652,18938,7203,1,7200,3.62918228516
241511,260459,262374,18948,1915,1,7200,10.8945169713
241511,260454,266161,18943,5707,1,7200,4.31925705274
241512,260483,261672,18971,1189,1,7200,16.9554247267
241512,260477,267721,18965,7244,1,7200,3.61802871342
241512,260465,261133,18953,668,1,7200,29.372754491
241512,260470,260617,18958,147,1,7200,129.965986395
241513,260488,264942,18975,4454,1,7200,5.2602155366
241513,260493,260645,18980,152,1,7200,125.868421053
241513,260499,267716,18986,7217,1,7200,3.63073299155
241513,241731,263396,218,21665,2,25200,1.01006231249
241514,262478,262587,20964,109,1,7200,193.330275229
241514,260504,267719,18990,7215,1,7200,3.63201663202
241514,260854,268068,19340,7214,1,7200,3.6808982534
241514,260652,261002,19138,350,1,7200,55.68
241514,241725,263404,211,21679,4,25200,1.00973292126
241515,262483,262710,20968,227,1,7200,93.3700440529
241515,262488,262508,20973,20,1,7200,1049.65
241515,262499,269729,20984,7230,1,7200,3.90235131397
241515,262494,269733,20979,7239,1,7200,3.89805221716
241516,262510,264237,20994,1727,1,7200,13.1563404748
241516,262515,263184,20999,669,1,7200,32.3886397608
241516,262504,262913,20988,409,1,7200,52.315403423
241516,262521,269754,21005,7233,1,7200,3.90405087792
241517,263359,263987,21842,628,1,7200,35.7802547771
241517,263427,270676,21910,7249,1,7200,4.02248586012
241517,263422,265004,21905,1582,1,7200,14.8463969659
241518,263448,263730,21930,282,1,7200,78.7659574468
241518,263432,263544,21914,112,1,7200,196.660714286
241518,263438,263456,21920,18,1,7200,1218.77777778
241518,263453,264046,21935,593,1,7200,37.9898819562
241519,263469,270693,21950,7224,1,7200,4.03848283499
241519,263464,264009,21945,545,1,7200,41.2660550459
241519,263475,268661,21956,5186,1,7200,5.23370613189
241519,263459,263958,21940,499,1,7200,44.9679358717
241520,263496,263729,21976,233,1,7200,95.3175965665
241520,263491,270717,21971,7226,1,7200,4.04054802104
241520,263480,270712,21960,7232,1,7200,4.03650442478
241520,263486,263622,21966,136,1,7200,162.514705882
241521,263507,270727,21986,7220,1,7200,4.04515235457
241521,263502,263558,21981,56,1,7200,393.517857143
241521,264022,265448,22501,1426,1,7200,16.7791023843
241521,264027,266316,22506,2289,1,7200,10.8322411533
241522,264038,271250,22516,7212,1,7200,4.12201885746
241522,264044,264320,22522,276,1,7200,82.6014492754
241522,264033,264941,22511,908,1,7200,25.7918502203
241523,264049,265025,22526,976,1,7200,24.0799180328
241523,264054,264089,22531,35,1,7200,644.742857143
241523,264065,264144,22542,79,1,7200,286.341772152
241523,264060,271275,22537,7215,1,7200,4.12363132363
241524,264081,271309,22557,7228,1,7200,4.12078029884
241524,264076,271322,22552,7246,1,7200,4.11233784157
241524,264087,264192,22563,105,1,7200,215.885714286
241524,264071,264134,22547,63,1,7200,358.888888889
241525,264097,264542,22572,445,1,7200,51.7235955056
241525,264103,264212,22578,109,1,7200,208.137614679
241525,264953,272160,23428,7207,1,7200,4.25072845844
241525,264092,265775,22567,1683,1,7200,14.4087938206
241526,265415,265775,23889,360,1,7200,67.3583333333
241526,265420,272644,23894,7224,1,7200,4.30758582503
241526,265426,272638,23900,7212,1,7200,4.31392124237
241527,265436,265480,23909,44,1,7200,544.386363636
241527,265442,265651,23915,209,1,7200,115.425837321
241527,265447,272693,23920,7246,1,7200,4.30113165885
241527,265431,267310,23904,1879,1,7200,13.7216604577
241528,265453,265507,23925,54,1,7200,444.055555556
241528,265463,265738,23935,275,1,7200,88.0363636364
241528,265458,272685,23930,7227,1,7200,4.31119413311
241529,265519,265579,23990,60,1,7200,400.833333333
241529,265469,265764,23940,295,1,7200,82.1525423729
241529,265474,265508,23945,34,1,7200,705.264705882
241530,265530,265977,24000,447,1,7200,54.6912751678
241530,265535,265855,24005,320,1,7200,76.015625
241530,265524,266454,23994,930,1,7200,26.8
241530,265540,272776,24010,7236,1,7200,4.3181315644
241531,265546,272776,24015,7230,1,7200,4.32157676349
241531,265557,265965,24026,408,1,7200,59.887254902
241531,265562,266729,24031,1167,1,7200,21.5921165381
241531,265551,265589,24020,38,1,7200,633.105263158
241532,265571,272806,24039,7235,1,7200,4.32259847961
241532,265577,265898,24045,321,1,7200,75.9065420561
241532,265588,266320,24056,732,1,7200,33.8633879781
241532,265582,272794,24050,7212,1,7200,4.33471991126
241533,265593,272824,24060,7231,1,7200,4.32734061679
241533,265598,272830,24065,7232,1,7200,4.32757190265
241533,265606,266104,24073,498,1,7200,49.3393574297
241533,266332,266369,24799,37,1,7200,671.243243243
241534,266348,273558,24814,7210,1,7200,4.44160887656
241534,266337,266704,24803,367,1,7200,68.583106267
241534,266343,268956,24809,2613,1,7200,10.4944508228
241535,266364,266492,24829,128,1,7200,194.9765625
241535,266353,273599,24818,7246,1,7200,4.42506210323
241535,266369,273576,24834,7207,1,7200,4.44581656723
241535,266359,266529,24824,170,1,7200,147.023529412
241536,266394,266511,24858,117,1,7200,213.461538462
241536,266380,267458,24844,1078,1,7200,24.0463821892
241536,266375,273623,24839,7248,1,7200,4.42701434879
241536,266389,273618,24853,7229,1,7200,4.43795822382
241537,266410,266597,24873,187,1,7200,134.010695187
241537,266405,266515,24868,110,1,7200,227.072727273
241537,266399,273630,24862,7231,1,7200,4.43825197068
241537,266416,266554,24879,138,1,7200,181.282608696
241538,266869,267801,25331,932,1,7200,28.1791845494
241538,266864,274088,25326,7224,1,7200,4.50581395349
241538,266877,267243,25339,366,1,7200,70.2322404372
241539,266888,268266,25349,1378,1,7200,19.3955007257
241539,266883,267405,25344,522,1,7200,49.5517241379
241539,266893,267637,25354,744,1,7200,35.0779569892
241540,266910,267469,25370,559,1,7200,46.3846153846
241540,266920,274131,25380,7211,1,7200,4.5196227985
241540,266899,274138,25359,7239,1,7200,4.50310816411
241540,266904,274140,25364,7236,1,7200,4.50525152018
241541,266925,267745,25384,820,1,7200,31.956097561
241541,266931,267098,25390,167,1,7200,153.035928144
241541,266936,267046,25395,110,1,7200,231.863636364
241541,266941,267013,25400,72,1,7200,353.777777778
241542,266954,267005,25412,51,1,7200,499.274509804
241542,266949,267047,25407,98,1,7200,260.255102041
241542,267016,267291,25474,275,1,7200,93.6327272727
241543,267676,267747,26133,71,1,7200,369.070422535
241543,267665,274871,26122,7206,1,7200,4.62503469331
241543,267670,267814,26127,144,1,7200,182.4375
241543,267681,274900,26138,7219,1,7200,4.62072309184
241544,267692,267950,26148,258,1,7200,102.348837209
241544,267702,268073,26158,371,1,7200,71.5067385445
241544,267686,268150,26142,464,1,7200,57.3405172414
241544,267697,268767,26153,1070,1,7200,25.4420560748
241545,267708,268282,26163,574,1,7200,46.5801393728
241545,267713,274959,26168,7246,1,7200,4.61137179133
241545,267719,270224,26174,2505,1,7200,11.4487025948
241546,267730,267793,26184,63,1,7200,416.619047619
241546,267724,274968,26178,7244,1,7200,4.61374930977
241546,267813,267832,26267,19,1,7200,1383.47368421
241546,267825,275051,26279,7226,1,7200,4.63672848049
241547,268294,268397,26747,103,1,7200,260.67961165
241547,267845,275090,26298,7245,1,7200,4.6298136646
241547,268299,275515,26752,7216,1,7200,4.70731707317
241547,268082,268100,26535,18,1,7200,1475.16666667
241548,268314,268588,26766,274,1,7200,98.6861313869
241548,268309,275526,26761,7217,1,7200,4.70805043647
241548,268319,268887,26771,568,1,7200,48.1320422535
241549,268336,275599,26787,7263,1,7200,4.68814539447
241549,268325,275537,26776,7212,1,7200,4.7127010538
241549,268330,275578,26781,7248,1,7200,4.69495033113
241549,268341,270935,26792,2594,1,7200,11.3284502699
241550,268358,275591,26808,7233,1,7200,4.70634591456
241550,268347,275597,26797,7250,1,7200,4.69613793103
241550,268352,275599,26802,7247,1,7200,4.69835794122
241550,268363,268427,26813,64,1,7200,419.953125
241551,268369,268418,26818,49,1,7200,548.306122449
241551,268374,275599,26823,7225,1,7200,4.71252595156
241551,268645,275856,27094,7211,1,7200,4.75731521287
241551,268380,268633,26829,253,1,7200,107.043478261
241552,268779,268801,27227,22,1,7200,1238.59090909
241552,268879,276094,27327,7215,1,7200,4.78752598753
241552,268813,268873,27261,60,1,7200,455.35
241552,268874,268970,27322,96,1,7200,285.604166667
241553,268969,268990,27416,21,1,7200,1306.52380952
241553,268904,268957,27351,53,1,7200,517.056603774
241553,268918,276142,27365,7224,1,7200,4.7880675526
241553,268887,268907,27334,20,1,7200,1367.7
241554,269002,269793,27448,791,1,7200,35.7003792668
241554,269032,269033,27478,1,1,7200,2747.9
241554,269019,269020,27465,1,1,7200,2746.6
241554,268981,269003,27427,22,1,7200,1247.68181818
241555,269044,270509,27489,1465,1,7200,19.7638225256
241555,269763,269764,28208,1,1,7200,2820.9
241555,269742,269751,28187,9,1,7200,2819.6
241556,269775,269868,28219,93,1,7200,304.430107527
241556,269831,269832,28275,1,1,7200,2827.6
241556,269804,269820,28248,16,1,7200,1766.5
241556,269788,277019,28232,7231,1,7200,4.90430092657
241557,269843,269845,28286,2,1,7200,2828.8
241557,269857,277073,28300,7216,1,7200,4.92184035477
241557,269883,277091,28326,7208,1,7200,4.92980022198
241557,271323,271349,29766,26,1,7200,1145.84615385
241558,271339,271519,29781,180,1,7200,166.45
241558,271328,271349,29770,21,1,7200,1418.61904762
241558,271334,271354,29776,20,1,7200,1489.8
241559,271365,271403,29806,38,1,7200,785.368421053
241559,271360,271466,29801,106,1,7200,282.141509434
241559,271350,271379,29791,29,1,7200,1028.27586207
241559,271344,274369,29785,3025,1,7200,10.8462809917
241560,271371,271407,29811,36,1,7200,829.083333333
241560,271376,271408,29816,32,1,7200,932.75
241560,271382,271663,29822,281,1,7200,107.128113879
241560,271387,271464,29827,77,1,7200,388.363636364
241561,271403,271427,29842,24,1,7200,1244.41666667
241561,271398,271442,29837,44,1,7200,679.113636364
241561,271455,271478,29894,23,1,7200,1300.73913043
241561,271392,272367,29831,975,1,7200,31.5958974359
241562,271475,278703,29913,7228,1,7200,5.13848920863
241562,271490,271587,29928,97,1,7200,309.536082474
241562,271535,271536,29973,1,1,7200,2997.4
241562,271483,271523,29921,40,1,7200,749.025
241563,271581,278786,30018,7205,1,7200,5.16627342124
241563,271599,271774,30036,175,1,7200,172.634285714
241563,271547,271558,29984,11,1,7200,2726.81818182
241564,272172,272173,30608,1,1,7200,3060.9
241564,272183,272184,30619,1,1,7200,3062.0
241564,272178,272207,30614,29,1,7200,1056.65517241
241564,272193,272223,30629,30,1,7200,1021.96666667
241565,272207,272217,30642,10,1,7200,3065.2
241565,272213,272225,30648,12,1,7200,2555.0
241565,272218,272236,30653,18,1,7200,1703.94444444
241565,272199,279432,30634,7233,1,7200,5.23531038297
241566,272229,279468,30663,7239,1,7200,5.23580605056
241566,272235,275950,30669,3715,1,7200,9.25545087483
241566,272224,272225,30658,1,1,7200,3065.9
241567,272256,272268,30689,12,1,7200,2558.41666667
241567,272245,279467,30678,7222,1,7200,5.24785378012
241567,272251,272256,30684,5,1,7200,3068.9
241567,272240,272241,30673,1,1,7200,3067.4
241568,272291,272299,30723,8,1,7200,3073.1
241568,272311,272837,30743,526,1,7200,59.4467680608
241568,272788,280026,31220,7238,1,7200,5.31334622824
241568,272266,273813,30698,1547,1,7200,20.8435681965
241569,272798,274094,31229,1296,1,7200,25.0964506173
241569,272809,272827,31240,18,1,7200,1736.55555556
241569,272804,274503,31235,1699,1,7200,19.3843437316
241569,272793,277313,31224,4520,1,7200,7.90796460177
241570,272830,280067,31260,7237,1,7200,5.3194693934
241570,272825,272845,31255,20,1,7200,1563.75
241570,272819,272827,31249,8,1,7200,3125.7
241570,272835,272845,31265,10,1,7200,3127.5
241571,272841,280073,31270,7232,1,7200,5.32383849558
241571,272852,277586,31281,4734,1,7200,7.60773130545
241571,272857,279951,31286,7094,1,7200,5.41020580772
241571,272846,272898,31275,52,1,7200,602.442307692
241572,272862,280105,31290,7243,1,7200,5.32003313544
241572,272868,272890,31296,22,1,7200,1423.54545455
241572,272880,272881,31308,1,1,7200,3130.9
241572,272873,272892,31301,19,1,7200,1648.42105263
241573,272896,280127,31323,7231,1,7200,5.33176600747
241574,272907,280118,31333,7211,1,7200,5.34516710581
241574,272902,280075,31328,7173,1,7200,5.36748919559
241574,272913,272914,31339,1,1,7200,3134.0
241574,272918,272920,31344,2,1,7200,3134.6
241575,272933,272935,31358,2,1,7200,3136.0
241575,272938,272940,31363,2,1,7200,3136.5
241575,272944,272945,31369,1,1,7200,3137.0
241575,272924,273559,31349,635,1,7200,50.368503937
241576,272950,272956,31374,6,1,7200,3138.0
241576,272961,272962,31385,1,1,7200,3138.6
241576,272955,273561,31379,606,1,7200,52.7805280528
241577,272982,273025,31405,43,1,7200,731.348837209
241577,272966,273079,31389,113,1,7200,278.778761062
241577,272977,273027,31400,50,1,7200,629.0
241577,272972,273243,31395,271,1,7200,116.848708487
241578,273006,280245,31428,7239,1,7200,5.34148363034
241578,272993,273029,31415,36,1,7200,873.638888889
241578,273011,280253,31433,7242,1,7200,5.34037558685
241578,272998,273069,31420,71,1,7200,443.535211268
241579,273027,273456,31448,429,1,7200,74.3053613054
241579,273022,273070,31443,48,1,7200,656.0625
241579,273016,273079,31437,63,1,7200,500.0
241580,273032,273033,31452,1,1,7200,3145.3
241580,273043,273044,31463,1,1,7200,3146.4
241580,273048,280255,31468,7207,1,7200,5.36631053143
241581,273059,273060,31478,1,1,7200,3147.9
241581,273065,273066,31484,1,1,7200,3148.5
241581,273054,273060,31473,6,1,7200,3147.9
241582,273092,273307,31510,215,1,7200,147.558139535
241582,273075,273078,31493,3,1,7200,3149.6
241582,273080,273207,31498,127,1,7200,249.015748031
241582,273086,273088,31504,2,1,7200,3150.6
241583,273103,280351,31520,7248,1,7200,5.34878587196
241583,273119,280366,31536,7247,1,7200,5.35159376294
241583,273113,273125,31530,12,1,7200,2628.5
241583,273097,273099,31514,2,1,7200,3151.6
241584,273145,280422,31561,7277,1,7200,5.33708945994
241584,273129,273176,31545,47,1,7200,672.170212766
241584,273135,280367,31551,7232,1,7200,5.36269358407
241585,273166,280411,31581,7245,1,7200,5.35900621118
241585,273155,277627,31570,4472,1,7200,8.05948121646
241585,273180,280426,31595,7246,1,7200,5.36033673751
241585,273175,273197,31590,22,1,7200,1436.90909091
241586,273207,280447,31621,7240,1,7200,5.36754143646
241586,273201,280445,31615,7244,1,7200,5.36430149089
241586,273191,273195,31605,4,1,7200,3160.9
241586,273186,273201,31600,15,1,7200,2107.66666667
241587,273213,280445,31626,7232,1,7200,5.37306415929
241587,273223,273482,31636,259,1,7200,123.146718147
241587,273233,273242,31646,9,1,7200,3165.5
241588,273242,280478,31654,7236,1,7200,5.37451630735
241588,273258,273287,31670,29,1,7200,1093.06896552
241588,273252,280475,31664,7223,1,7200,5.3837740551
241588,273247,280470,31659,7223,1,7200,5.38308182196
241589,273263,273264,31674,1,1,7200,3167.5
241589,273274,280507,31685,7233,1,7200,5.38061661828
241589,273268,273355,31679,87,1,7200,365.126436782
241589,273279,280483,31690,7204,1,7200,5.39894503054
241590,273301,280539,31711,7238,1,7200,5.38118264714
241590,273295,277873,31705,4578,1,7200,7.9255133246
241590,273284,273285,31694,1,1,7200,3169.5
241590,273290,273291,31700,1,1,7200,3170.1
241591,273317,273322,31726,5,1,7200,3173.1
241591,273306,273325,31715,19,1,7200,1670.21052632
241591,273322,273330,31731,8,1,7200,3173.9
241591,273311,280529,31720,7218,1,7200,5.39456913272
241592,273350,274519,31758,1169,1,7200,28.1668092387
241592,273333,278542,31741,5209,1,7200,7.09349203302
241592,273327,280551,31735,7224,1,7200,5.39299557032
241592,273343,273344,31751,1,1,7200,3175.2
241593,273355,280571,31762,7216,1,7200,5.4016075388
241593,273366,273385,31773,19,1,7200,1673.26315789
241593,273376,274366,31783,990,1,7200,33.104040404
241593,273382,277163,31789,3781,1,7200,9.40756413647
241594,273388,279858,31794,6470,1,7200,5.91406491499
241594,273394,280631,31800,7237,1,7200,5.39408594722
241594,273414,273466,31820,52,1,7200,612.923076923
241594,273404,273409,31810,5,1,7200,3181.5
241595,273435,280676,31840,7241,1,7200,5.39718270957
241595,273451,273478,31856,27,1,7200,1180.85185185
241595,273445,274506,31850,1061,1,7200,31.0188501414
241595,273425,273430,31830,5,1,7200,3183.5
241596,273483,273490,31887,7,1,7200,3189.4
241596,273477,273483,31881,6,1,7200,3188.7
241596,273462,273467,31866,5,1,7200,3187.1
241596,273472,274179,31876,707,1,7200,46.0862800566
241597,273502,275005,31905,1503,1,7200,22.2275449102
241597,273494,273545,31897,51,1,7200,626.431372549
241597,273488,278149,31891,4661,1,7200,7.84209397125
241598,273528,274087,31930,559,1,7200,58.1198568873
241598,273517,276521,31919,3004,1,7200,11.6254993342
241598,273512,273560,31914,48,1,7200,665.875
241598,273523,273524,31925,1,1,7200,3192.6
241599,273549,275098,31950,1549,1,7200,21.6262104584
241599,273539,274988,31940,1449,1,7200,23.0427881297
241599,273533,280761,31934,7228,1,7200,5.4180962922
241599,273544,274159,31945,615,1,7200,52.9430894309
241600,273560,280806,31960,7246,1,7200,5.41070935689
241600,273574,280801,31974,7227,1,7200,5.42424242424
241600,273555,273560,31955,5,1,7200,3196.0
241600,273569,280814,31969,7245,1,7200,5.41256038647
241601,273600,273879,31999,279,1,7200,115.691756272
241601,273589,273779,31988,190,1,7200,169.357894737
241601,273605,273606,32004,1,1,7200,3200.5
241601,273579,273581,31978,2,1,7200,3198.0
241602,273610,280835,32008,7225,1,7200,5.43017301038
241602,273616,280854,32014,7238,1,7200,5.42304504007
241602,273621,273688,32019,67,1,7200,478.895522388
241603,273628,279208,32025,5580,1,7200,6.73924731183
241603,273649,280884,32046,7235,1,7200,5.42930200415
241603,273634,273691,32031,57,1,7200,562.947368421
241603,273639,273697,32036,58,1,7200,553.344827586
241604,273655,274979,32051,1324,1,7200,25.2077039275
241604,273660,280908,32056,7248,1,7200,5.42273730684
241604,273671,273738,32067,67,1,7200,479.611940299
241604,273665,273667,32061,2,1,7200,3206.3
241605,273686,273700,32081,14,1,7200,2292.5
241605,273692,273984,32087,292,1,7200,110.886986301
241605,273676,273702,32071,26,1,7200,1234.5
241606,273716,273720,32110,4,1,7200,3211.4
241606,273710,273722,32104,12,1,7200,2676.33333333
241606,273703,280931,32097,7228,1,7200,5.44064748201
241606,273697,278712,32091,5015,1,7200,7.39900299103
241607,273737,280969,32130,7232,1,7200,5.44275442478
241607,273732,273776,32125,44,1,7200,731.113636364
241607,273726,275017,32119,1291,1,7200,25.8791634392
241607,273721,280955,32114,7234,1,7200,5.43931434891
241608,273755,277311,32147,3556,1,7200,10.0402137233
241608,273760,273810,32152,50,1,7200,644.04
241608,273743,274014,32135,271,1,7200,119.579335793
241608,273749,273751,32141,2,1,7200,3214.3
241609,273771,274712,32162,941,1,7200,35.178533475
241609,273765,280983,32156,7218,1,7200,5.45497367692
241609,273777,280983,32168,7206,1,7200,5.46405772967
241609,273793,273944,32184,151,1,7200,214.139072848
241610,273838,273930,32228,92,1,7200,351.304347826
241610,273821,273901,32211,80,1,7200,403.6375
241610,273800,274086,32190,286,1,7200,113.552447552
241611,273946,276202,32335,2256,1,7200,15.3328900709
241611,273961,278986,32350,5025,1,7200,7.43781094527
241611,273912,273983,32301,71,1,7200,455.943661972
241611,273902,281135,32291,7233,1,7200,5.46439928107
241612,274102,278377,32490,4275,1,7200,8.6
241612,274002,274618,32390,616,1,7200,53.5811688312
241612,274034,281270,32422,7236,1,7200,5.48065229409
241612,273994,274507,32382,513,1,7200,64.1228070175
241613,274114,281349,32501,7235,1,7200,5.49219073946
241613,274152,281370,32539,7218,1,7200,5.50803546689
241613,274108,274169,32495,61,1,7200,533.704918033
241613,274119,274183,32506,64,1,7200,508.90625
241614,274175,274212,32561,37,1,7200,881.027027027
241614,274158,274208,32544,50,1,7200,651.88
241614,274169,281382,32555,7213,1,7200,5.51337862193
241615,274197,277166,32582,2969,1,7200,11.9740653419
241615,274183,274224,32568,41,1,7200,795.341463415
241615,274191,274728,32576,537,1,7200,61.6629422719
244712,244723,259567,11,14844,5,28800,1.00074104015
244712,244729,259555,17,14826,5,28800,1.00114663429
244712,244718,244821,6,103,5,28800,1.05825242718
244713,244740,259354,27,14614,5,28800,1.00184754345
244713,244735,259462,22,14727,5,28800,1.00149385482
244714,245121,245759,407,638,5,28800,1.63793103448
244714,244832,259897,118,15065,5,28800,1.00783272486
244714,244745,258066,31,13321,5,28800,1.00232715262
244868,245127,258382,259,13255,5,28800,1.0195397963
245123,245133,245496,10,363,16,72000,1.02754820937
245153,245160,389189,7,144029,16,144000,1.00004860132
245166,245172,389236,6,144064,16,144000,1.00004164816
245598,245604,317677,6,72073,16,72000,1.00008324893
246057,247970,322720,1913,74750,1,176400,1.02559197324
246295,247977,385896,1682,137919,1,176400,1.01219556406
246610,247982,248000,1372,18,2,3540,77.2222222222
248236,249277,257373,1041,8096,1,25200,1.12858201581
251042,251048,254659,6,3611,2,3600,1.00166158959
251075,251081,254649,6,3568,2,3600,1.00168161435
251237,251243,252933,6,1690,6,3600,1.00355029586
252916,255302,259186,2386,3884,4,14400,1.61431513903
252971,255307,260400,2336,5093,4,14400,1.45866876104
253022,253029,253131,7,102,4,900,1.06862745098
253179,255312,284170,2133,28858,4,28800,1.07391364613
253294,255318,284160,2024,28842,4,28800,1.0701754386
253822,256217,256219,2395,2,1,36000,239.7
256218,256543,257201,325,658,2,3600,1.49392097264
256287,256470,257182,183,712,2,3600,1.25702247191
256856,256862,256878,6,16,1,240,1.375
257649,257656,258168,7,512,4,3600,1.013671875
259855,259862,260211,7,349,1,3540,1.02005730659
260592,260599,263146,7,2547,1,3540,1.00274833137
260714,260720,261343,6,623,1,3540,1.00963081862
260767,260773,261539,6,766,1,3540,1.00783289817
260817,260823,261532,6,709,1,3540,1.00846262341
260902,260908,261880,6,972,1,3540,1.00617283951
260950,260991,261993,41,1002,1,3540,1.04091816367
261000,261014,262294,14,1280,1,3540,1.0109375
261050,262432,263315,1382,883,1,3540,2.5651189128
261120,262437,263346,1317,909,1,3540,2.44884488449
261169,262451,263343,1282,892,1,3540,2.43721973094
261347,262456,263182,1109,726,1,3540,2.52754820937
261644,262461,263074,817,613,1,3540,2.33278955954
261963,262467,262964,504,497,1,3540,2.01408450704
262013,262472,262778,459,306,1,3540,2.5
278836,278842,279391,6,549,2,3600,1.01092896175
279428,279434,280569,6,1135,2,3600,1.00528634361
280117,280128,302682,11,22554,2,25200,1.00048771836
280117,280123,305355,6,25232,4,25200,1.00023779328
280169,280175,288432,6,8257,1,25200,1.00072665617
282959,282970,283011,11,41,1,900,1.26829268293
283107,283113,284138,6,1025,8,28800,1.00585365854
284133,284139,312968,6,28829,8,28800,1.00020812376
284235,284242,295121,7,10879,5,16200,1.00064344149
284236,284247,293668,11,9421,5,16200,1.00116760429
284247,284253,292574,6,8321,5,16200,1.00072106718
284247,284258,292303,11,8045,5,16200,1.00136730889
284258,284271,293317,13,9046,5,16200,1.00143709927
284258,284265,292392,7,8127,5,16200,1.00086132644
284269,292403,305044,8134,12641,5,16200,1.64346175144
284269,292314,304431,8045,12117,5,16200,1.66394322027
285066,285073,286507,7,1434,8,1800,1.00488145049
285132,285138,313962,6,28824,8,28800,1.00020815987
285209,285215,314044,6,28829,8,28800,1.00020812376
285250,285256,314079,6,28823,8,28800,1.00020816709
285285,285291,314109,6,28818,8,28800,1.00020820321
287759,287765,288885,6,1120,2,28800,1.00535714286
288029,288035,292008,6,3973,32,28800,1.00151019381
288171,288177,291549,6,3372,2,28800,1.00177935943
288182,288188,316173,6,27985,2,172800,1.00021440057
288288,288294,290495,6,2201,4,18000,1.00272603362
290497,290503,306321,6,15818,4,18000,1.0003793147
291429,291440,298554,11,7114,1,36000,1.00154624684
292320,292585,301100,265,8515,5,16200,1.03112155021
292402,293366,305631,964,12265,5,16200,1.07859763555
292514,292520,293247,6,727,4,7200,1.00825309491
292586,295132,307917,2546,12785,5,16200,1.19913961674
292862,292876,295659,14,2783,1,7200,1.00503054258
292862,292868,292870,6,2,1,7200,1.0
292863,292893,294002,30,1109,1,7200,1.02705139766
292863,292899,292941,36,42,1,7200,1.85714285714
292863,292888,295558,25,2670,1,7200,1.00936329588
292864,292915,295659,51,2744,1,7200,1.01858600583
292864,292910,295603,46,2693,1,7200,1.01708132195
292864,292921,295659,57,2738,1,7200,1.02081811541
292864,292904,292905,40,1,1,7200,4.1
292865,292932,292934,67,2,1,7200,6.9
292865,292926,295657,61,2731,1,7200,1.02233614061
292865,292937,295657,72,2720,1,7200,1.02647058824
292866,292948,292950,82,2,1,7200,8.4
292866,292953,295657,87,2704,1,7200,1.03217455621
292866,292959,292965,93,6,1,7200,9.9
292866,292942,292944,76,2,1,7200,7.8
292867,292975,292976,108,1,1,7200,10.9
292867,292964,292965,97,1,1,7200,9.8
292867,292970,292971,103,1,1,7200,10.4
292868,292980,292993,112,13,1,7200,9.61538461538
292868,292986,295657,118,2671,1,7200,1.04417821041
292868,292999,293001,131,2,1,7200,13.3
292868,292993,295659,125,2666,1,7200,1.04688672168
292869,293004,295657,135,2653,1,7200,1.05088578967
292869,293010,295657,141,2647,1,7200,1.0532678504
292869,293015,295659,146,2644,1,7200,1.0552193646
292870,293031,295658,161,2627,1,7200,1.06128663875
292870,293038,293039,168,1,1,7200,16.9
292870,293026,293029,156,3,1,7200,15.9
292870,293020,293022,150,2,1,7200,15.2
292871,293054,293083,183,29,1,7200,7.31034482759
292871,293049,293050,178,1,1,7200,17.9
292871,293043,295657,172,2614,1,7200,1.06579954093
292872,293069,294151,197,1082,1,7200,1.1820702403
292872,293075,293076,203,1,1,7200,20.4
292872,293080,295658,208,2578,1,7200,1.08068269977
292873,293085,295659,212,2574,1,7200,1.08236208236
292873,293096,293098,223,2,1,7200,22.5
292873,293102,293135,229,33,1,7200,7.93939393939
292873,293091,293241,218,150,1,7200,2.45333333333
292874,293122,295657,248,2535,1,7200,1.09783037475
292874,293138,295659,264,2521,1,7200,1.10472034907
292874,293112,293135,238,23,1,7200,11.347826087
292874,293133,293134,259,1,1,7200,26.0
292875,293165,294563,290,1398,1,7200,1.20743919886
292875,293143,295659,268,2516,1,7200,1.10651828299
292875,293149,293222,274,73,1,7200,4.75342465753
292875,293154,295657,279,2503,1,7200,1.11146624051
292876,293178,293230,302,52,1,7200,6.80769230769
292876,293183,294750,307,1567,1,7200,1.1959157626
292876,293193,295660,317,2467,1,7200,1.12849614917
292877,293200,293282,323,82,1,7200,4.93902439024
292877,293211,293228,334,17,1,7200,20.6470588235
292877,293206,293371,329,165,1,7200,2.99393939394
292878,293235,293406,357,171,1,7200,3.08771929825
292878,293229,293397,351,168,1,7200,3.08928571429
292878,293224,295657,346,2433,1,7200,1.14221126182
292878,293218,295659,340,2441,1,7200,1.13928717739
292879,293240,293257,361,17,1,7200,22.2352941176
292882,293271,295667,389,2396,1,7200,1.16235392321
292882,293260,295657,378,2397,1,7200,1.1576971214
292882,293276,293937,394,661,1,7200,1.59606656581
292882,293265,293288,383,23,1,7200,17.652173913
292883,293281,295632,398,2351,1,7200,1.16928966397
292883,293287,295657,404,2370,1,7200,1.17046413502
292883,293292,295657,409,2365,1,7200,1.17293868922
292884,293303,293304,419,1,1,7200,42.0
292884,293298,294339,414,1041,1,7200,1.3976945245
292884,293309,295659,425,2350,1,7200,1.18085106383
292885,293314,293316,429,2,1,7200,43.1
292885,293325,295657,440,2332,1,7200,1.18867924528
292885,293319,295657,434,2338,1,7200,1.18562874251
292885,293335,294218,450,883,1,7200,1.50962627407
292886,293347,293354,461,7,1,7200,46.8
292886,293352,295660,466,2308,1,7200,1.20190641248
292886,293341,293851,455,510,1,7200,1.89215686275
292887,293391,295658,504,2267,1,7200,1.22232024702
292887,293358,295657,471,2299,1,7200,1.20487168334
292887,293377,295659,490,2282,1,7200,1.21472392638
292887,293386,293388,499,2,1,7200,50.1
292888,293401,295658,513,2257,1,7200,1.22729286664
292888,293406,293407,518,1,1,7200,51.9
292889,293417,293428,528,11,1,7200,49.0
292889,293434,293445,545,11,1,7200,50.5454545455
292889,293428,293429,539,1,1,7200,54.0
292890,293450,294347,560,897,1,7200,1.624303233
292890,293439,293460,549,21,1,7200,27.1428571429
292890,293444,294161,554,717,1,7200,1.77266387727
292891,293476,294101,585,625,1,7200,1.936
292891,293467,293797,576,330,1,7200,2.74545454545
292891,293456,295660,565,2204,1,7200,1.25635208711
292891,293461,295658,570,2197,1,7200,1.25944469731
292892,293481,293558,589,77,1,7200,8.64935064935
292892,293950,295658,1058,1708,1,7200,1.61943793911
292892,293712,295658,820,1946,1,7200,1.42137718397
292893,294114,295659,1221,1545,1,7200,1.79029126214
292893,294077,295282,1184,1205,1,7200,1.98257261411
292893,294039,294064,1146,25,1,7200,46.84
292893,293955,294024,1062,69,1,7200,16.3913043478
292894,294358,295658,1464,1300,1,7200,2.12615384615
292894,294368,295658,1474,1290,1,7200,2.14263565891
292894,294363,294364,1469,1,1,7200,147.0
292895,294374,295321,1479,947,1,7200,2.56177402323
292895,294379,294380,1484,1,1,7200,148.5
292895,294390,294401,1495,11,1,7200,136.909090909
292895,294385,294621,1490,236,1,7200,7.31355932203
292896,294408,294410,1512,2,1,7200,151.4
292896,294398,295659,1502,1261,1,7200,2.19111816019
292897,294440,294496,1543,56,1,7200,28.5535714286
292897,294419,295658,1522,1239,1,7200,2.22841000807
292897,294424,295659,1527,1235,1,7200,2.23643724696
292897,294430,295199,1533,769,1,7200,2.99349804941
292898,295295,295659,2397,364,1,7200,7.58516483516
292981,293249,320436,268,27187,1,28800,1.00985765255
293286,293372,319258,86,25886,1,28800,1.00332225914
293362,293680,304499,318,10819,5,16200,1.029392735
293448,295715,306334,2267,10619,20,28800,1.21348526227
293542,293571,293699,29,128,1,72000,1.2265625
293676,301111,310912,7435,9801,5,16200,1.75859606163
293698,295720,295769,2022,49,10,14400,42.2653061224
293748,299328,317349,5580,18021,16,18000,1.30963875479
294063,294352,300355,289,6003,1,72000,1.04814259537
294698,295645,726371,947,430726,6,604800,1.0021986135
294756,295650,726370,894,430720,6,604800,1.00207559435
294806,307152,726369,12346,419217,6,604800,1.02945014157
294838,295671,726371,833,430700,6,604800,1.00193406083
294873,295676,726370,803,430694,6,604800,1.00186443275
295131,304442,312489,9311,8047,5,16200,2.15707717162
295379,295782,297722,403,1940,2,54000,1.20773195876
295692,295725,296503,33,778,1,1800,1.04241645244
295776,313305,314564,17529,1259,32,28800,14.922954726
295778,295789,316827,11,21038,1,28800,1.00052286339
296097,296103,296135,6,32,4,3600,1.1875
296366,296372,296407,6,35,8,60,1.17142857143
296471,297734,315769,1263,18035,1,18000,1.07003049626
296533,296539,296546,6,7,4,3600,1.3
298280,298287,298358,7,71,8,60,1.0985915493
298362,298369,298448,7,79,8,60,1.08860759494
301121,304510,314631,3389,10121,5,16200,1.33484833514
301492,301498,306686,6,5188,1,10800,1.00115651503
301492,302699,303667,1207,968,1,10800,2.24690082645
301492,306329,308637,4837,2308,1,10800,3.09575389948
301492,306341,307379,4849,1038,1,10800,5.67148362235
301492,302694,303380,1202,686,1,10800,2.75218658892
301493,306347,312127,4854,5780,1,10800,1.83979238754
301493,306357,307756,4864,1399,1,10800,4.4767691208
301493,306352,307379,4859,1027,1,10800,5.73125608569
301494,306363,307733,4869,1370,1,10800,4.55401459854
301494,306368,307722,4874,1354,1,10800,4.59970457903
301494,306379,307585,4885,1206,1,10800,5.05058043118
301494,306373,306961,4879,588,1,10800,9.29761904762
301494,306389,307025,4895,636,1,10800,8.6965408805
301495,306410,306947,4915,537,1,10800,10.1527001862
301495,306400,307114,4905,714,1,10800,7.86974789916
301495,306405,307239,4910,834,1,10800,6.88729016787
301495,306394,307378,4899,984,1,10800,5.97865853659
301496,306421,307010,4925,589,1,10800,9.36162988115
301496,306429,307145,4933,716,1,10800,7.88966480447
301496,306416,306859,4920,443,1,10800,12.1060948081
301497,306459,306821,4962,362,1,10800,14.7071823204
301497,306448,310260,4951,3812,1,10800,2.29879328437
301497,306438,306899,4941,461,1,10800,11.7180043384
301497,306443,307168,4946,725,1,10800,7.82206896552
301498,306464,307584,4966,1120,1,10800,5.43392857143
301498,307162,307700,5664,538,1,10800,11.5278810409
301498,306474,307377,4976,903,1,10800,6.51052048726
301499,307178,310052,5679,2874,1,10800,2.97599164927
301499,307172,307558,5673,386,1,10800,15.6968911917
301499,307167,307854,5668,687,1,10800,9.25036390102
301500,307199,307555,5699,356,1,10800,17.0084269663
301500,307183,307877,5683,694,1,10800,9.18876080692
301500,307204,308525,5704,1321,1,10800,5.31794095382
301500,307188,307549,5688,361,1,10800,16.756232687
301501,307756,308034,6255,278,1,10800,23.5
301501,307210,307560,5709,350,1,10800,17.3114285714
301501,307215,309393,5714,2178,1,10800,3.62350780533
301502,307772,307945,6270,173,1,10800,37.2427745665
301502,307767,307944,6265,177,1,10800,36.395480226
301502,307761,308295,6259,534,1,10800,12.7209737828
301502,307778,307951,6276,173,1,10800,37.2774566474
301503,307783,308178,6280,395,1,10800,16.8987341772
301503,308218,308392,6715,174,1,10800,39.591954023
301504,307788,307931,6284,143,1,10800,44.9440559441
301504,307808,308151,6304,343,1,10800,19.3790087464
301504,307798,311075,6294,3277,1,10800,2.92065913946
301504,307803,308059,6299,256,1,10800,25.60546875
301505,307830,307999,6325,169,1,10800,38.426035503
301505,307814,308115,6309,301,1,10800,21.9601328904
301505,307825,308150,6320,325,1,10800,20.4461538462
301505,307819,308160,6314,341,1,10800,19.5161290323
301506,308229,308539,6723,310,1,10800,22.6870967742
301506,307836,308035,6330,199,1,10800,32.8090452261
301506,308234,308321,6728,87,1,10800,78.3333333333
301506,308223,308390,6717,167,1,10800,41.2215568862
301507,308250,308373,6743,123,1,10800,55.8211382114
301507,308460,308604,6953,144,1,10800,49.2847222222
301507,308245,308432,6738,187,1,10800,37.0320855615
301507,308239,309180,6732,941,1,10800,8.15409139214
301508,308261,308776,6753,515,1,10800,14.1126213592
301508,308272,308600,6764,328,1,10800,21.6219512195
301508,308256,308560,6748,304,1,10800,23.1973684211
301508,308267,308442,6759,175,1,10800,39.6228571429
301509,308297,309978,6788,1681,1,10800,5.03807257585
301509,308292,308367,6783,75,1,10800,91.44
301509,308287,308392,6778,105,1,10800,65.5523809524
301509,308281,308454,6772,173,1,10800,40.1445086705
301510,308571,308872,7061,301,1,10800,24.4584717608
301510,308555,308617,7045,62,1,10800,114.629032258
301510,308479,308584,6969,105,1,10800,67.3714285714
301510,308465,308805,6955,340,1,10800,21.4558823529
301510,308537,308698,7027,161,1,10800,44.6459627329
301511,308643,308778,7132,135,1,10800,53.8296296296
301511,308648,308924,7137,276,1,10800,26.8586956522
301511,308637,308948,7126,311,1,10800,23.9131832797
301511,308653,308845,7142,192,1,10800,38.1979166667
301512,308810,308917,7298,107,1,10800,69.2056074766
301512,308805,309688,7293,883,1,10800,9.25934314836
301512,308660,308772,7148,112,1,10800,64.8214285714
301513,308828,308916,7315,88,1,10800,84.125
301513,308821,308905,7308,84,1,10800,88.0
301513,308815,308926,7302,111,1,10800,66.7837837838
301514,308884,308929,7370,45,1,10800,164.777777778
301514,308927,308937,7413,10,1,10800,742.3
301514,308916,308953,7402,37,1,10800,201.054054054
301514,308877,308918,7363,41,1,10800,180.585365854
301515,308940,308951,7425,11,1,10800,676.0
301515,308945,308958,7430,13,1,10800,572.538461538
301515,308952,309814,7437,862,1,10800,9.62761020882
302464,307126,307140,4662,14,16,36000,334.0
304445,305056,313604,611,8548,5,16200,1.07147870847
304517,305645,313622,1128,7977,5,16200,1.14140654381
305077,307928,321346,2851,13418,5,16200,1.2124757788
305650,310923,325159,5273,14236,5,16200,1.37039898848
307925,312501,321006,4576,8505,5,16200,1.53803644915
308361,308404,313396,43,4992,1,72000,1.00861378205
310922,313616,321763,2694,8147,5,16200,1.33067386768
311007,314091,337528,3084,23437,16,36000,1.13158680719
311238,314574,726370,3336,411796,20,432000,1.0081010986
311609,314585,329410,2976,14825,5,28800,1.20074198988
312286,314579,726371,2293,411792,20,432000,1.00556834518
313231,313237,314004,6,767,4,3600,1.00782268579
313358,314126,340906,768,26780,2,108000,1.028678118
313503,314121,357434,618,43313,1,43200,1.01426823356
313622,313633,322542,11,8909,5,16200,1.00123470648
313633,314642,325735,1009,11093,5,16200,1.09095826197
314582,321018,334140,6436,13122,5,16200,1.49047401311
314586,317615,319668,3029,2053,16,7200,2.47540185095
314644,321362,333182,6718,11820,5,16200,1.56835871404
314684,317361,317678,2677,317,2,28800,9.44479495268
315159,317366,317923,2207,557,2,28800,4.96229802513
315866,316186,316421,320,235,1,25200,2.36170212766
318022,318028,318036,6,8,1,1800,1.4
318098,318104,318121,6,17,1,1800,1.35294117647
318154,318160,318179,6,19,1,1800,1.31578947368
318370,318376,322917,6,4541,1,10800,1.00132129487
318652,318658,318867,6,209,1,1800,1.02870813397
319206,319212,320863,6,1651,2,36000,1.00363416111
319308,319314,319317,6,3,1,1800,1.0
319337,319344,319351,7,7,1,1800,1.4
319575,319581,319586,6,5,1,1800,1.1
319594,319600,319605,6,5,1,1800,1.1
319762,319768,319931,6,163,1,1800,1.03680981595
320521,320527,320568,6,41,1,28800,1.14634146341
320630,320636,320816,6,180,1,1800,1.03333333333
321070,325170,338764,4100,13594,5,16200,1.30160364867
321320,321327,321931,7,604,1,28800,1.01158940397
321349,321356,335028,7,13672,8,28800,1.00051199532
321354,321368,331008,14,9640,8,28800,1.00145228216
321361,321374,350205,13,28831,8,28800,1.00045090354
321365,321774,330965,409,9191,5,16200,1.0445000544
321366,321380,337696,14,16316,8,28800,1.00085805344
321373,321386,347285,13,25899,8,28800,1.00050194988
321774,322553,338806,779,16253,5,16200,1.04792961299
322079,322731,334745,652,12014,1,28800,1.05427001831
322767,325746,336276,2979,10530,5,16200,1.28290598291
322965,331082,343528,8117,12446,16,72000,1.6521774064
323004,323010,325851,6,2841,1,10800,1.00211193242
323072,337669,409676,14597,72007,16,72000,1.20271640257
323235,337708,409735,14473,72027,16,72000,1.20093853694
323274,343624,397150,20350,53526,16,72000,1.380189067
323307,348281,402894,24974,54613,16,72000,1.45729038874
323363,389249,449798,65886,60549,16,72000,2.08814348709
323380,389374,450015,65994,60641,16,72000,2.08827361026
323412,402906,473276,79494,70370,16,72000,2.12965752451
326032,330976,342636,4944,11660,5,16200,1.42401372213
326033,334151,345600,8118,11449,5,16200,1.70905755961
327254,327260,330434,6,3174,1,10800,1.00189035917
331092,333193,344026,2101,10833,5,16200,1.19394442906
333576,333583,333584,7,1,2,3540,1.0
333576,336287,345616,2711,9329,5,16200,1.29059920677
334148,338817,351372,4669,12555,5,16200,1.37188371167
337062,338775,347555,1713,8780,5,16200,1.19510250569
337396,337541,344576,145,7035,2,18000,1.02061122957
338771,342647,351891,3876,9244,5,16200,1.41929900476
338821,344037,352446,5216,8409,5,16200,1.62028778689
343603,343610,343611,7,1,1,240,1.0
346444,346451,346733,7,282,1,3540,1.02482269504
346895,346902,349028,7,2126,1,3540,1.0032925682
346977,346983,347240,6,257,1,3540,1.0233463035
347026,347037,347390,11,353,1,3540,1.03116147309
347123,347130,347594,7,464,1,3540,1.0150862069
347193,347251,347550,58,299,1,3540,1.19397993311
347284,347297,348734,13,1437,1,3540,1.00904662491
347332,347339,347995,7,656,1,3540,1.01067073171
347380,347387,348088,7,701,1,3540,1.00998573466
347456,347463,348156,7,693,1,3540,1.0101010101
347503,347511,348209,8,698,1,3540,1.01146131805
347595,347602,348256,7,654,1,3540,1.01070336391
347795,347801,348108,6,307,1,3540,1.01954397394
348063,348070,348269,7,199,1,3540,1.0351758794
348112,348118,348255,6,137,1,3540,1.04379562044
374057,374063,558832,6,184769,30,216000,1.00003247298
375579,406117,406344,30538,227,4,604800,135.528634361
376866,376873,380562,7,3689,12,3600,1.00189753321
377750,380578,384201,2828,3623,4,3600,1.78056858957
377763,380583,384247,2820,3664,4,3600,1.76965065502
378389,381034,389218,2645,8184,2,86400,1.32319159335
379878,380572,382408,694,1836,4,1800,1.3779956427
383057,383064,383870,7,806,4,3600,1.00868486352
383871,383880,383901,9,21,4,3600,1.42857142857
383907,383913,385082,6,1169,4,3600,1.00513259196
384131,384212,386028,81,1816,4,1800,1.04460352423
384409,384431,385607,22,1176,1,3600,1.01870748299
384409,384441,388082,32,3641,1,3600,1.00878879429
384409,384420,388093,11,3673,1,3600,1.00299482712
384410,384451,388104,41,3653,1,3600,1.01122365179
384410,388340,389927,3930,1587,1,3600,3.4763705104
384410,388351,389742,3941,1391,1,3600,3.83321351546
384410,388346,389838,3936,1492,1,3600,3.63806970509
384411,389849,390555,5438,706,1,3600,8.70254957507
384411,389231,390676,4820,1445,1,3600,4.33564013841
384411,389753,390986,5342,1233,1,3600,5.33252230333
384411,389241,392906,4830,3665,1,3600,2.31787175989
384412,391406,395016,6994,3610,1,3600,2.93739612188
384412,390998,391927,6586,929,1,3600,8.08934337998
384412,389938,392026,5526,2088,1,3600,3.64655172414
384412,390693,394301,6281,3608,1,3600,2.74085365854
384412,390567,391395,6155,828,1,3600,8.43357487923
384413,391939,392760,7526,821,1,3600,10.1668696711
384413,392037,392762,7624,725,1,3600,11.515862069
384413,392820,394392,8407,1572,1,3600,6.34796437659
384413,392777,395384,8364,2607,1,3600,4.2082853855
384414,393716,394745,9302,1029,1,3600,10.0398445092
384414,394404,397574,9990,3170,1,3600,4.15141955836
384414,394312,397946,9898,3634,1,3600,3.72372041827
384414,392918,393704,8504,786,1,3600,11.8193384224
384415,395395,395881,10980,486,1,3600,23.5925925926
384415,394756,395911,10341,1155,1,3600,9.95324675325
384415,395122,396128,10707,1006,1,3600,11.6431411531
384415,395117,395963,10702,846,1,3600,13.6501182033
384415,395027,396599,10612,1572,1,3600,7.75063613232
384416,396139,396573,11723,434,1,3600,28.0115207373
384416,395923,396689,11507,766,1,3600,16.0221932115
384416,395892,396846,11476,954,1,3600,13.0293501048
384416,395974,396533,11558,559,1,3600,21.6762075134
384417,396548,398146,12131,1598,1,3600,8.59136420526
384417,396584,397049,12167,465,1,3600,27.1655913978
384417,396700,397151,12283,451,1,3600,28.2350332594
384417,396858,397760,12441,902,1,3600,14.7926829268
384417,396610,397176,12193,566,1,3600,22.5424028269
384418,397187,397489,12769,302,1,3600,43.2814569536
384418,397380,400989,12962,3609,1,3600,4.59157661402
384418,397169,397490,12751,321,1,3600,40.722741433
384418,397061,397369,12643,308,1,3600,42.0487012987
384419,397589,397882,13170,293,1,3600,45.9488054608
384419,397776,397980,13357,204,1,3600,66.4754901961
384419,397958,398463,13539,505,1,3600,27.8099009901
384419,397992,398596,13573,604,1,3600,23.4718543046
384419,397894,401502,13475,3608,1,3600,4.73475609756
384420,398158,398698,13738,540,1,3600,26.4407407407
384420,398475,398710,14055,235,1,3600,60.8085106383
384420,398197,398740,13777,543,1,3600,26.3720073665
384420,398202,399118,13782,916,1,3600,16.0458515284
384421,398722,400136,14301,1414,1,3600,11.1138613861
384421,398608,398859,14187,251,1,3600,57.5219123506
384421,398711,398969,14290,258,1,3600,56.3875968992
384422,398870,400072,14448,1202,1,3600,13.0199667221
384422,398910,399226,14488,316,1,3600,46.8481012658
384422,399129,399390,14707,261,1,3600,57.3486590038
384422,398752,398898,14330,146,1,3600,99.1506849315
384422,398981,399198,14559,217,1,3600,68.0921658986
384423,399209,399547,14786,338,1,3600,44.7455621302
384423,399401,399661,14978,260,1,3600,58.6076923077
384423,399237,399924,14814,687,1,3600,22.5633187773
384697,400061,400426,15364,365,1,3600,43.0931506849
384697,392526,394367,7829,1841,4,3600,5.2525801195
384697,399673,399916,14976,243,1,3600,62.6296296296
384697,399559,400037,14862,478,1,3600,32.0920502092
384697,399936,400049,15239,113,1,3600,135.85840708
384697,399928,400083,15231,155,1,3600,99.264516129
384697,400147,400236,15450,89,1,3600,174.595505618
384697,400083,400237,15386,154,1,3600,100.909090909
384697,400294,400466,15597,172,1,3600,91.6802325581
384697,400099,400215,15402,116,1,3600,133.775862069
384697,401035,401103,16338,68,1,3600,241.264705882
384697,401065,401111,16368,46,1,3600,356.826086957
384697,400226,400611,15529,385,1,3600,41.3350649351
384697,401089,401102,16392,13,1,3600,1261.92307692
384697,401081,401094,16384,13,1,3600,1261.30769231
384697,400288,401078,15591,790,1,3600,20.735443038
384697,401001,401070,16304,69,1,3600,237.289855072
384697,400949,401054,16252,105,1,3600,155.780952381
384697,401106,401120,16409,14,1,3600,1173.07142857
384697,400635,401704,15938,1069,1,3600,15.9092609916
384697,400891,401024,16194,133,1,3600,122.759398496
384697,400779,400938,16082,159,1,3600,102.144654088
384697,400725,400879,16028,154,1,3600,105.077922078
384697,400623,400767,15926,144,1,3600,111.597222222
384697,400049,403695,15352,3646,1,3600,5.21064179923
384697,400440,400712,15743,272,1,3600,58.8786764706
384697,400478,400624,15781,146,1,3600,109.089041096
384697,401114,402342,16417,1228,1,3600,14.3688925081
384722,394379,398022,9657,3643,4,3600,3.65083722207
385276,385283,385294,7,11,1,10800,1.63636363636
385395,385401,385402,6,1,4,3600,1.0
385402,385414,385416,12,2,4,3600,1.4
385432,385438,385439,6,1,4,3600,1.0
387483,387489,395105,6,7616,2,18000,1.00078781513
387813,387819,387849,6,30,8,28800,1.2
387998,388004,388007,6,3,8,28800,1.0
388145,388152,392509,7,4357,8,28800,1.00160661005
390569,392521,406183,1952,13662,4,14400,1.14287805592
395497,409760,442733,14263,32973,16,72000,1.43256603888
395858,397500,397627,1642,127,2,3600,13.9291338583
395879,397771,397892,1892,121,2,3600,16.6363636364
395891,398041,398162,2150,121,2,3600,18.7685950413
395945,401119,401162,5174,43,1,10800,121.325581395
395947,397163,433180,1216,36017,16,36000,1.03376183469
396434,419288,470545,22854,51257,16,72000,1.44587080789
396566,398034,405276,1468,7242,4,7200,1.20270643469
396580,426347,474301,29767,47954,16,72000,1.62074070985
396633,433276,503149,36643,69873,16,72000,1.52442288151
396708,436977,462201,40269,25224,16,72000,2.59645575642
396929,440642,463241,43713,22599,16,72000,2.93428912784
397035,397639,397760,604,121,2,3600,5.99173553719
397057,397904,398025,847,121,2,3600,8.0
397484,449811,491964,52327,42153,16,72000,2.24135885939
397573,458493,530523,60920,72030,16,72000,1.84575871165
397634,458498,530824,60864,72326,16,72000,1.84152310372
397685,462214,534229,64529,72015,16,72000,1.89604943415
400581,401514,404954,933,3440,2,18000,1.27122093023
401030,401131,466085,101,64954,1,64800,1.00155494658
401277,401283,401423,6,140,2,3600,1.04285714286
402094,409689,412443,7595,2754,8,7200,3.75780682643
402788,403706,403729,918,23,4,900,40.9130434783
402889,403740,403842,851,102,4,1800,9.3431372549
403797,403854,406106,57,2252,1,176400,1.02531083481
403960,403971,406113,11,2142,1,176400,1.00513538749
404748,409694,411970,4946,2276,8,7200,3.17311072056
405568,406355,406361,787,6,4,43200,79.3
405570,406373,406394,803,21,4,43200,39.2380952381
406330,406405,406449,75,44,4,43200,2.70454545455
406334,406461,406462,127,1,4,43200,12.8
406760,412526,414783,5766,2257,4,43200,3.55471865308
406773,417326,421205,10553,3879,4,43200,3.72054653261
406840,417331,419814,10491,2483,4,43200,5.22513089005
406956,417344,424533,10388,7189,4,43200,2.44498539435
409298,412532,412533,3234,1,1,36000,323.5
410608,410614,412844,6,2230,8,7200,1.00269058296
411160,412455,415267,1295,2812,8,7200,1.46052631579
411489,412460,414273,971,1813,8,7200,1.53557639272
411711,412856,417331,1145,4475,8,7200,1.25586592179
411712,488641,488645,76929,4,25,86399,7693.3
411848,415279,417309,3431,2030,8,7200,2.69014778325
412003,415285,415286,3282,1,8,7200,328.3
412188,417321,419275,5133,1954,8,7200,3.62691914023
414941,424546,434780,9605,10234,4,43200,1.93853820598
415946,417349,593788,1403,176439,1,176400,1.0079517567
416129,417354,590166,1225,172812,1,176400,1.0070886281
418798,418805,418807,7,2,2,3540,1.0
420575,420581,424303,6,3722,4,3600,1.00161203654
420899,453476,529110,32577,75634,1,75600,1.43071898881
421117,442756,662404,21639,219648,4,604800,1.09851671766
422330,422353,422895,23,542,1,7200,1.04243542435
422330,422341,422959,11,618,1,7200,1.01779935275
422330,422336,424709,6,2373,1,7200,1.00252844501
422330,422346,423157,16,811,1,7200,1.01972872996
422330,422907,423736,577,829,1,7200,1.69601930036
422331,423747,424915,1416,1168,1,7200,2.21232876712
422331,423871,425066,1540,1195,1,7200,2.28870292887
422331,423169,423860,838,691,1,7200,2.21273516643
422331,422971,428338,640,5367,1,7200,1.11924725172
422332,424330,424921,1998,591,1,7200,4.3807106599
422332,424720,425541,2388,821,1,7200,3.90864799026
422332,424319,424806,1987,487,1,7200,5.08008213552
422332,424314,425516,1982,1202,1,7200,2.64891846922
422332,424325,425353,1993,1028,1,7200,2.93871595331
422333,424817,425423,2484,606,1,7200,5.09900990099
422333,424926,425548,2593,622,1,7200,5.16881028939
422333,425078,425357,2745,279,1,7200,10.8387096774
422333,424933,425376,2600,443,1,7200,6.8690744921
422334,425396,425720,3062,324,1,7200,10.450617284
422334,425364,425848,3030,484,1,7200,7.26033057851
422334,425371,426480,3037,1109,1,7200,3.738503156
422334,425435,425965,3101,530,1,7200,6.85094339623
422335,425552,425779,3217,227,1,7200,15.1718061674
422335,425790,426110,3455,320,1,7200,11.796875
422335,425560,426370,3225,810,1,7200,4.98148148148
422335,425735,426355,3400,620,1,7200,6.48387096774
422335,425528,430875,3193,5347,1,7200,1.59715728446
422336,425859,426319,3523,460,1,7200,8.65869565217
422336,425930,426164,3594,234,1,7200,16.358974359
422336,425940,426400,3604,460,1,7200,8.8347826087
422337,425951,426334,3614,383,1,7200,10.4360313316
422337,425960,426187,3623,227,1,7200,16.9603524229
422337,425966,426177,3629,211,1,7200,18.1990521327
422337,425971,426817,3634,846,1,7200,5.29550827423
422338,425993,426372,3655,379,1,7200,10.6437994723
422338,425977,426207,3639,230,1,7200,16.8217391304
422338,425988,426236,3650,248,1,7200,15.7177419355
422338,425982,426310,3644,328,1,7200,12.1097560976
422338,425999,426164,3661,165,1,7200,23.1878787879
422339,426004,426178,3665,174,1,7200,22.0632183908
422339,426015,426186,3676,171,1,7200,22.4970760234
422339,426020,426373,3681,353,1,7200,11.4277620397
422339,426026,426163,3687,137,1,7200,27.9124087591
422340,426044,426304,3704,260,1,7200,15.2461538462
422340,433591,433857,11251,266,1,7200,43.2969924812
422340,426036,428013,3696,1977,1,7200,2.86949924127
422340,426031,426137,3691,106,1,7200,35.820754717
422341,433597,433849,11256,252,1,7200,45.6666666667
422341,433861,434127,11520,266,1,7200,44.3082706767
422341,433868,434147,11527,279,1,7200,42.3154121864
422341,434138,434280,11797,142,1,7200,84.0774647887
422342,434443,434507,12101,64,1,7200,190.078125
422342,434344,434534,12002,190,1,7200,64.1684210526
422342,434293,434431,11951,138,1,7200,87.6014492754
422342,434158,434317,11816,159,1,7200,75.3144654088
422343,434518,435274,12175,756,1,7200,17.1044973545
422343,434649,434786,12306,137,1,7200,90.8248175182
422343,434638,434767,12295,129,1,7200,96.3100775194
422343,434546,434698,12203,152,1,7200,81.2828947368
422344,434803,434977,12459,174,1,7200,72.6034482759
422344,434794,435090,12450,296,1,7200,43.0608108108
422344,434773,435193,12429,420,1,7200,30.5928571429
422344,434715,434915,12371,200,1,7200,62.855
422344,434784,434977,12440,193,1,7200,65.4559585492
422345,434820,436356,12475,1536,1,7200,9.12174479167
422345,434814,434896,12469,82,1,7200,153.06097561
422345,434809,434900,12464,91,1,7200,137.967032967
422345,434825,435058,12480,233,1,7200,54.5622317597
422346,434847,435048,12501,201,1,7200,63.1940298507
422346,434836,434894,12490,58,1,7200,216.344827586
422346,434830,434938,12484,108,1,7200,116.592592593
422346,434842,434891,12496,49,1,7200,256.020408163
422347,436872,436965,14525,93,1,7200,157.182795699
422347,436867,437029,14520,162,1,7200,90.6296296296
422347,436861,436947,14514,86,1,7200,169.76744186
422347,436877,436942,14530,65,1,7200,224.538461538
422347,436856,437024,14509,168,1,7200,87.3630952381
422348,436893,436968,14545,75,1,7200,194.933333333
422348,436898,436984,14550,86,1,7200,170.186046512
422348,436888,437609,14540,721,1,7200,21.1664355062
422349,436903,436965,14554,62,1,7200,235.741935484
422349,436914,436941,14565,27,1,7200,540.444444444
422349,436909,436960,14560,51,1,7200,286.490196078
422349,436925,436949,14576,24,1,7200,608.333333333
422349,436919,436947,14570,28,1,7200,521.357142857
422350,436930,436937,14580,7,1,7200,1458.7
422350,442745,443509,20395,764,1,7200,27.695026178
422350,436936,436943,14586,7,1,7200,1459.3
422350,436941,436946,14591,5,1,7200,1459.6
426706,491987,491991,65281,4,18,198000,6528.5
427458,427464,427644,6,180,1,190,1.03333333333
427458,427469,427541,11,72,1,70,1.15277777778
427458,427475,427533,17,58,1,35,1.29310344828
427459,427481,427573,22,92,4,12,1.23913043478
427459,427544,427583,85,39,2,15,3.17948717949
427459,427489,427515,30,26,1,22,2.15384615385
427707,427724,428148,17,424,1,11400,1.04009433962
427708,427736,428148,28,412,1,1320,1.06796116505
427708,427714,428148,6,434,1,4200,1.01382488479
427708,427719,428148,11,429,1,2100,1.02564102564
427709,427967,428148,258,181,2,900,2.42541436464
427709,427730,427956,21,226,4,720,1.09292035398
428268,428280,429520,12,1240,1,11400,1.00967741935
428268,428274,429520,6,1246,1,4200,1.00481540931
428269,428297,429520,28,1223,1,2100,1.02289452167
428269,428292,428669,23,377,2,900,1.06100795756
428269,428353,429038,84,685,1,1320,1.12262773723
428270,428286,428514,16,228,4,720,1.0701754386
428401,429537,429594,1136,57,1,11400,20.9298245614
428402,428710,428715,308,5,1,1320,31.3
428402,428705,429594,303,889,1,2100,1.34083239595
428402,428695,428700,293,5,1,4200,29.8
428403,428681,428989,278,308,2,900,1.9025974026
428403,428525,428684,122,159,4,720,1.76729559748
428403,429532,429594,1129,62,8,660,19.2096774194
428814,433388,440624,4574,7236,8,7200,1.63211719182
429353,429360,429520,7,160,1,3300,1.04375
429354,429365,429520,11,155,1,2520,1.07096774194
429624,434854,437658,5230,2804,1,5400,2.86519258203
429624,429635,437896,11,8261,1,12600,1.00133155792
429624,429630,430873,6,1243,1,3300,1.00482703138
429624,429755,430371,131,616,1,2520,1.21266233766
429625,429746,430065,121,319,2,2100,1.37931034483
429625,429740,429913,115,173,4,1920,1.66473988439
429626,453011,454834,23385,1823,32,1800,13.8277564454
429626,433200,433263,3574,63,16,1800,57.7301587302
429626,429643,429729,17,86,8,1860,1.1976744186
429628,442750,445550,13122,2800,1,7200,5.68642857143
429628,437907,446004,8279,8097,1,14400,2.02247746079
429629,434864,435542,5235,678,1,4320,8.72123893805
429629,433211,433579,3582,368,2,3900,10.7336956522
429629,434859,436144,5230,1285,1,5100,5.07003891051
429630,434633,434756,5003,123,16,3600,41.674796748
429630,434768,434992,5138,224,4,3720,23.9375
429630,433206,433377,3576,171,8,3660,21.9122807018
429631,454846,458479,25215,3633,32,3600,7.94054500413
431121,434870,435262,3749,392,1,3540,10.5637755102
431961,434875,437091,2914,2216,1,3540,2.31498194946
432040,434881,435191,2841,310,1,3540,10.164516129
432089,434903,435323,2814,420,1,3540,7.7
432143,434909,435364,2766,455,1,3540,7.07912087912
432213,434915,435327,2702,412,1,3540,7.55825242718
432269,434921,435372,2652,451,1,3540,6.88026607539
432317,434934,435588,2617,654,1,3540,5.00152905199
432387,435004,435602,2617,598,1,3540,5.3762541806
432436,435010,435609,2574,599,1,3540,5.29716193656
432495,435015,435672,2520,657,1,3540,4.83561643836
432622,435021,435623,2399,602,1,3540,4.98504983389
432823,435028,435416,2205,388,1,3540,6.68298969072
433126,435033,435318,1907,285,1,3540,7.69122807018
433176,435038,435243,1862,205,1,3540,10.0829268293
446305,446313,446685,8,372,1,300,1.02150537634
448739,448745,448937,6,192,1,120,1.03125
449534,449541,449748,7,207,1,120,1.03381642512
459847,466095,471529,6248,5434,1,5400,2.14979757085
459847,467934,469184,8087,1250,1,3300,7.4696
459847,459853,467923,6,8070,1,12600,1.00074349442
459849,490560,490564,30711,4,32,1800,3071.5
459849,463253,465072,3404,1819,16,1800,2.87135788895
460320,465084,466920,4764,1836,16,1800,3.59477124183
460325,466933,470563,6608,3630,16,3600,2.82038567493
