SubmitTime,StartTime,EndTime,QueuedTime,RunTime,NodesRequested,walltime,bslowdown
114,124,3189,10,3065,2,7200,1.00326264274
129,137,3195,8,3058,2,7200,1.00261608895
147,161,3168,14,3007,2,7200,1.00465580313
252,262,3292,10,3030,2,7200,1.00330033003
306,315,3551,9,3236,2,7200,1.00278121137
331,339,3472,8,3133,2,7200,1.00255346313
382,391,3539,9,3148,2,7200,1.00285895807
472,482,3594,10,3112,2,7200,1.00321336761
487,494,3715,7,3221,2,7200,1.00217323812
617,627,3612,10,2985,2,7200,1.00335008375
698,707,3759,9,3052,2,7200,1.00294888598
735,746,3995,11,3249,2,7200,1.00338565713
786,795,3605,9,2810,2,7200,1.00320284698
1030,1039,4166,9,3127,2,7200,1.00287815798
1045,1051,4205,6,3154,2,7200,1.00190234623
1068,1078,4104,10,3026,2,7200,1.00330469266
1188,1199,4501,11,3302,2,7200,1.00333131435
1233,1242,4260,9,3018,2,7200,1.00298210736
1248,1254,4185,6,2931,2,7200,1.00204708291
1272,1281,4222,9,2941,2,7200,1.00306018361
1286,1293,4317,7,3024,2,7200,1.00231481481
1288,1300,4310,12,3010,2,7200,1.00398671096
1312,1320,4538,8,3218,2,7200,1.00248601616
1326,1337,4470,11,3133,2,7200,1.00351101181
1437,1447,4752,10,3305,2,7200,1.00302571861
1456,1463,4677,7,3214,2,7200,1.00217797138
1492,1502,4649,10,3147,2,7200,1.00317762949
1648,1656,4825,8,3169,2,7200,1.00252445566
1662,1672,4834,10,3162,2,7200,1.00316255534
1864,1873,5198,9,3325,2,7200,1.00270676692
1888,1898,4991,10,3093,2,7200,1.00323310702
1906,1916,5282,10,3366,2,7200,1.00297088532
2032,2048,5137,16,3089,2,7200,1.0051796698
2289,2298,5196,9,2898,2,7200,1.00310559006
2500,2510,5520,10,3010,2,7200,1.00332225914
2731,2742,5923,11,3181,2,7200,1.00345803207
2855,2870,6133,15,3263,2,7200,1.00459699663
2870,2877,5854,7,2977,2,7200,1.00235136043
3050,3059,6251,9,3192,2,7200,1.00281954887
3171,3179,6067,8,2888,2,7200,1.0027700831
3192,3200,6159,8,2959,2,7200,1.00270361609
3207,3213,6128,6,2915,2,7200,1.00205831904
3288,3296,6334,8,3038,2,7200,1.00263331139
3303,3309,6398,6,3089,2,7200,1.00194237617
3474,3483,6539,9,3056,2,7200,1.00294502618
3533,3556,7142,23,3586,16,10860,1.00641383157
3541,3550,6668,9,3118,2,7200,1.00288646568
3555,3567,6495,12,2928,2,7200,1.00409836066
3595,3605,6731,10,3126,2,7200,1.00319897633
3606,3618,6664,12,3046,2,7200,1.00393959291
3613,3625,6775,12,3150,2,7200,1.00380952381
3718,3726,6869,8,3143,2,7200,1.00254533885
3760,3770,7002,10,3232,2,7200,1.00309405941
3997,4006,6868,9,2862,2,7200,1.00314465409
4105,4115,7148,10,3033,2,7200,1.00329706561
4168,4178,7190,10,3012,2,7200,1.00332005312
4186,4197,7165,11,2968,2,7200,1.00370619946
4207,4216,7152,9,2936,2,7200,1.0030653951
4225,4234,7287,9,3053,2,7200,1.00294792008
4263,4271,7294,8,3023,2,7200,1.00264637777
4311,4322,7232,11,2910,2,7200,1.00378006873
4326,4332,7310,6,2978,2,7200,1.00201477502
4473,4482,7746,9,3264,2,7200,1.00275735294
4503,4512,7607,9,3095,2,7200,1.00290791599
4538,4549,7535,11,2986,2,7200,1.003683858
4653,4661,7602,8,2941,2,7200,1.00272016321
4679,4688,7964,9,3276,2,7200,1.00274725275
4754,4763,8043,9,3280,2,7200,1.00274390244
4826,4836,7857,10,3021,2,7200,1.0033101622
4841,4850,7584,9,2734,2,7200,1.00329188003
4991,5006,8006,15,3000,2,7200,1.005
4994,5000,62650,6,57650,11,57600,1.00010407632
5048,5054,77075,6,72021,11,72000,1.00008330903
5139,5148,8287,9,3139,2,7200,1.00286715514
5200,5208,8361,8,3153,2,7200,1.0025372661
5201,5215,8242,14,3027,2,7200,1.0046250413
5283,5293,8321,10,3028,2,7200,1.00330250991
5521,5534,8687,13,3153,2,7200,1.00412305741
5855,5866,8811,11,2945,2,7200,1.00373514431
5925,5935,9223,10,3288,2,7200,1.00304136253
6069,6084,9359,15,3275,2,7200,1.00458015267
6130,6139,9208,9,3069,2,7200,1.00293255132
6145,6153,9393,8,3240,2,7200,1.0024691358
6160,6170,9129,10,2959,2,7200,1.00337952011
6253,6263,9603,10,3340,2,7200,1.00299401198
6334,6345,9256,11,2911,2,7200,1.00377877018
6401,6409,9523,8,3114,2,7200,1.00256904303
6497,6506,9709,9,3203,2,7200,1.00280986575
6542,6551,9614,9,3063,2,7200,1.00293829579
6667,6675,9744,8,3069,2,7200,1.00260671228
6669,6681,10002,12,3321,2,7200,1.00361336947
6732,6742,9649,10,2907,2,7200,1.00343997248
6777,6787,9804,10,3017,2,7200,1.00331455088
6869,6882,10095,13,3213,2,7200,1.00404606287
6871,6888,9719,17,2831,2,7200,1.00600494525
7003,7014,10103,11,3089,2,7200,1.00356102298
7145,7151,10739,6,3588,16,10860,1.0016722408
7151,7159,10385,8,3226,2,7200,1.00247985121
7166,7172,10237,6,3065,2,7200,1.00195758564
7168,7179,10359,11,3180,2,7200,1.0034591195
7191,7201,10160,10,2959,2,7200,1.00337952011
7233,7243,10636,10,3393,2,7200,1.00294724433
7290,7303,10328,13,3025,2,7200,1.00429752066
7305,7310,10323,5,3013,2,7200,1.00165947561
7319,7325,10539,6,3214,2,7200,1.00186683261
7536,7555,10599,19,3044,2,7200,1.00624178712
7587,7595,10705,8,3110,2,7200,1.00257234727
7605,7613,10828,8,3215,2,7200,1.00248833593
7620,7632,10884,12,3252,2,7200,1.0036900369
7749,7757,11030,8,3273,2,7200,1.00244424076
7860,7868,10693,8,2825,2,7200,1.00283185841
7965,7975,10963,10,2988,2,7200,1.00334672021
8007,8018,11130,11,3112,2,7200,1.00353470437
8046,8060,11024,14,2964,2,7200,1.00472334683
8244,8254,11312,10,3058,2,7200,1.00327011118
8289,8299,11366,10,3067,2,7200,1.00326051516
8322,8332,11529,10,3197,2,7200,1.00312793244
8362,8372,11468,10,3096,2,7200,1.00322997416
8626,8633,12240,7,3607,1,3600,1.00194067092
8690,8699,11962,9,3263,2,7200,1.00275819798
8813,8823,11990,10,3167,2,7200,1.00315756236
9130,9140,12307,10,3167,2,7200,1.00315756236
9211,9219,12504,8,3285,2,7200,1.00243531202
9226,9234,12296,8,3062,2,7200,1.00261267146
9259,9267,12261,8,2994,2,7200,1.00267201069
9361,9370,12140,9,2770,2,7200,1.00324909747
9394,9404,12631,10,3227,2,7200,1.00309885342
9524,9537,12658,13,3121,2,7200,1.00416533162
9605,9614,12512,9,2898,2,7200,1.00310559006
9620,9626,12893,6,3267,2,7200,1.00183654729
9650,9661,12760,11,3099,2,7200,1.00354953211
9711,9720,13032,9,3312,2,7200,1.0027173913
9725,9732,12866,7,3134,2,7200,1.00223356733
9746,9755,12830,9,3075,2,7200,1.00292682927
9807,9815,12743,8,2928,2,7200,1.00273224044
10006,10014,13110,8,3096,2,7200,1.00258397933
10098,10107,13064,9,2957,2,7200,1.0030436253
10105,10114,13228,9,3114,2,7200,1.00289017341
10161,10171,13127,10,2956,2,7200,1.00338294993
10239,10248,13379,9,3131,2,7200,1.002874481
10326,10334,13391,8,3057,2,7200,1.00261694472
10340,10347,13472,7,3125,2,7200,1.00224
10361,10371,13473,10,3102,2,7200,1.00322372663
10388,10396,13206,8,2810,2,7200,1.00284697509
10541,10550,13614,9,3064,2,7200,1.00293733681
10601,10610,13749,9,3139,2,7200,1.00286715514
10637,10647,13708,10,3061,2,7200,1.00326690624
10694,10704,14107,10,3403,2,7200,1.0029385836
10709,10722,13726,13,3004,2,7200,1.00432756325
10743,10749,14325,6,3576,16,10860,1.00167785235
10829,10839,14019,10,3180,2,7200,1.00314465409
10886,10899,13874,13,2975,2,7200,1.0043697479
10967,10980,14081,13,3101,2,7200,1.00419219607
11027,11036,13932,9,2896,2,7200,1.00310773481
11041,11047,14108,6,3061,2,7200,1.00196014374
11131,11141,14382,10,3241,2,7200,1.00308546745
11313,11323,14397,10,3074,2,7200,1.00325309044
11367,11377,14455,10,3078,2,7200,1.0032488629
11470,11479,14886,9,3407,2,7200,1.00264162019
11531,11540,14827,9,3287,2,7200,1.00273805902
11964,11973,14951,9,2978,2,7200,1.00302216253
11991,12001,14955,10,2954,2,7200,1.00338524035
12141,12152,15133,11,2981,2,7200,1.0036900369
12214,12221,12229,7,8,1,1800,1.5
12265,12274,15104,9,2830,2,7200,1.00318021201
12298,12309,15361,11,3052,2,7200,1.00360419397
12313,12323,15310,10,2987,2,7200,1.00334784064
12345,12351,12469,6,118,1,3600,1.05084745763
12376,12382,12461,6,79,1,1800,1.07594936709
12506,12515,15500,9,2985,2,7200,1.00301507538
12521,12527,15569,6,3042,2,7200,1.00197238659
12555,12562,12682,7,120,1,3600,1.05833333333
12590,12596,12860,6,264,1,3600,1.02272727273
12632,12642,15934,10,3292,2,7200,1.00303766707
12660,12669,15739,9,3070,2,7200,1.00293159609
12715,12722,12824,7,102,1,1800,1.06862745098
12744,12755,15970,11,3215,2,7200,1.0034214619
12762,12773,15737,11,2964,2,7200,1.00371120108
12810,12816,13079,6,263,1,3600,1.02281368821
12831,12842,16073,11,3231,2,7200,1.00340451872
12867,12882,15969,15,3087,2,7200,1.00485908649
12895,12905,15929,10,3024,2,7200,1.00330687831
13033,13043,16175,10,3132,2,7200,1.00319284802
13066,13075,16329,9,3254,2,7200,1.00276582667
13096,13103,13780,7,677,1,3600,1.01033973412
13112,13121,16476,9,3355,2,7200,1.00268256334
13129,13138,16219,9,3081,2,7200,1.0029211295
13207,13217,16379,10,3162,2,7200,1.00316255534
13229,13239,16727,10,3488,2,7200,1.00286697248
13307,13314,13942,7,628,1,3600,1.01114649682
13335,13343,13725,8,382,1,1800,1.02094240838
13381,13390,16505,9,3115,2,7200,1.00288924559
13396,13405,16478,9,3073,2,7200,1.00292873414
13474,13483,16544,9,3061,2,7200,1.00294021562
13476,13490,16713,14,3223,2,7200,1.00434377909
13617,13636,16780,19,3144,2,7200,1.006043257
13710,13719,16986,9,3267,2,7200,1.00275482094
13728,13738,16740,10,3002,2,7200,1.00333111259
13752,13760,16819,8,3059,2,7200,1.00261523374
13875,13885,16820,10,2935,2,7200,1.00340715503
13935,13943,17009,8,3066,2,7200,1.00260926288
14022,14034,17046,12,3012,2,7200,1.00398406375
14082,14098,17286,16,3188,2,7200,1.00501882058
14109,14118,17151,9,3033,2,7200,1.00296735905
14110,14125,17119,15,2994,2,7200,1.00501002004
14285,14299,14305,14,6,1,3600,2.0
14328,14338,17922,10,3584,16,10860,1.00279017857
14369,14376,14381,7,5,1,1800,1.2
14384,14393,17486,9,3093,2,7200,1.00290979631
14398,14408,17395,10,2987,2,7200,1.00334784064
14410,14416,14532,6,116,1,3600,1.05172413793
14458,14466,17552,8,3086,2,7200,1.00259235256
14565,14577,14618,12,41,1,1800,1.29268292683
14658,14665,14941,7,276,1,3600,1.02536231884
14752,14759,14930,7,171,1,3600,1.04093567251
14829,14839,17839,10,3000,2,7200,1.00333333333
14844,14850,14926,6,76,1,1800,1.07894736842
15046,15053,15297,7,244,1,3600,1.02868852459
15229,15236,15798,7,562,1,3600,1.01245551601
15534,15540,15800,6,260,1,1800,1.02307692308
15574,15581,16049,7,468,1,3600,1.01495726496
17925,17931,21525,6,3594,16,10860,1.00166944908
19855,19861,19940,6,79,1,1800,1.07594936709
20178,20184,20274,6,90,1,1800,1.06666666667
20761,20768,21128,7,360,1,1800,1.01944444444
21525,21533,25023,8,3490,16,10860,1.00229226361
22245,22252,22295,7,43,1,1800,1.16279069767
22533,22540,22615,7,75,1,1800,1.09333333333
23227,23233,23478,6,245,1,1800,1.02448979592
26685,26692,59203,7,32511,1,86400,1.00021531174
26966,26972,26974,6,2,4,28800,1.0
27091,27097,27098,6,1,4,28800,1.0
27278,27284,27285,6,1,4,28800,1.0
27747,27753,27756,6,3,4,28800,1.0
28059,28066,112241,7,84175,24,86400,1.00008316008
29271,29278,30232,7,954,12,36000,1.00733752621
29588,29594,31427,6,1833,12,36000,1.00327332242
31649,31655,32314,6,659,12,36000,1.0091047041
31747,31753,40727,6,8974,12,36000,1.00066859817
31887,31894,63861,7,31967,12,36000,1.00021897582
32690,32697,32742,7,45,4,28800,1.15555555556
34502,34514,35847,12,1333,1,10800,1.00900225056
34502,34508,34534,6,26,1,10800,1.23076923077
34543,34549,34554,6,5,1,10800,1.1
34563,34569,34570,6,1,1,10800,1.0
34578,34590,34593,12,3,1,10800,1.5
34579,34595,34596,16,1,1,10800,1.7
34579,34618,34619,39,1,1,10800,4.0
34887,34893,38012,6,3119,2,7200,1.00192369349
34888,34900,37883,12,2983,2,7200,1.00402279584
34890,34908,37953,18,3045,2,7200,1.00591133005
34891,34914,37973,23,3059,2,7200,1.00751879699
34892,34919,37837,27,2918,2,7200,1.00925291295
34894,34924,38356,30,3432,2,7200,1.00874125874
34895,34931,37909,36,2978,2,7200,1.0120886501
34897,34936,37982,39,3046,2,7200,1.01280367695
34898,34942,38239,44,3297,2,7200,1.01334546557
34899,34947,37890,48,2943,2,7200,1.01630988787
34901,34952,38029,51,3077,2,7200,1.01657458564
34902,34958,38082,56,3124,2,7200,1.01792573624
34903,34963,38104,60,3141,2,7200,1.01910219675
34905,34969,38118,64,3149,2,7200,1.02032391235
34906,34974,37976,68,3002,2,7200,1.02265156562
34908,34979,38122,71,3143,2,7200,1.02258988228
34909,34985,38167,76,3182,2,7200,1.02388434947
34910,34990,38136,80,3146,2,7200,1.02542911634
34912,34995,38139,83,3144,2,7200,1.02639949109
34913,35001,38038,88,3037,2,7200,1.02897596312
34947,35066,38160,119,3094,2,7200,1.03846153846
34948,35072,38142,124,3070,2,7200,1.04039087948
34949,35077,38065,128,2988,2,7200,1.04283801874
34951,35082,38061,131,2979,2,7200,1.04397448808
34952,35088,38161,136,3073,2,7200,1.04425642694
34953,35093,38042,140,2949,2,7200,1.04747371991
34955,35098,38276,143,3178,2,7200,1.04499685337
34956,35104,38184,148,3080,2,7200,1.04805194805
34958,35109,38203,151,3094,2,7200,1.04880413704
34959,35114,38176,155,3062,2,7200,1.05062050947
34960,35120,38505,160,3385,2,7200,1.04726735598
34962,35125,38094,163,2969,2,7200,1.05490063995
34963,35130,38025,167,2895,2,7200,1.05768566494
34964,35136,38066,172,2930,2,7200,1.05870307167
34966,35141,38258,175,3117,2,7200,1.05614372794
34967,35146,38263,179,3117,2,7200,1.05742701315
34969,35152,38164,183,3012,2,7200,1.06075697211
34970,35157,38237,187,3080,2,7200,1.06071428571
34971,35162,37992,191,2830,2,7200,1.06749116608
34973,35168,38048,195,2880,2,7200,1.06770833333
35855,35877,37672,22,1795,1,10800,1.01225626741
35855,35882,37672,27,1790,1,10800,1.01508379888
35855,35887,37672,32,1785,1,10800,1.01792717087
35855,35893,37672,38,1779,1,10800,1.02136031478
35856,35898,37673,42,1775,1,10800,1.02366197183
35856,35903,37677,47,1774,1,10800,1.02649379932
35856,35909,37677,53,1768,1,10800,1.02997737557
35856,35914,37677,58,1763,1,10800,1.03289846852
35856,35919,37677,63,1758,1,10800,1.03583617747
35856,35925,37677,69,1752,1,10800,1.03938356164
36252,236398,405671,200146,169273,6,259200,2.18238585008
36276,236403,307353,200127,70950,6,259200,3.82067653277
36303,236409,426817,200106,190408,6,259200,2.05093273392
36321,236414,317498,200093,81084,6,259200,3.46772482857
36351,236419,451940,200068,215521,6,345600,1.92829933046
36371,236424,325788,200053,89364,6,345600,3.23863076854
36394,236430,474760,200036,238330,6,345600,1.8393236269
36409,236435,363769,200026,127334,6,345600,2.57087659227
36430,236440,555061,200010,318621,6,345600,1.62773640156
36456,236446,369921,199990,133475,6,345600,2.49833302117
36485,236451,394528,199966,158077,6,259200,2.26499111193
36499,236456,298965,199957,62509,6,259200,4.1988513654
37840,37848,40882,8,3034,2,7200,1.00263678312
37885,37894,41041,9,3147,2,7200,1.00285986654
37900,37917,40979,17,3062,2,7200,1.00555192685
37914,37929,40958,15,3029,2,7200,1.00495212942
37957,37966,41043,9,3077,2,7200,1.00292492688
37975,37984,41115,9,3131,2,7200,1.002874481
37990,37996,41105,6,3109,2,7200,1.00192988099
37992,38003,41199,11,3196,2,7200,1.00344180225
37993,38008,41154,15,3146,2,7200,1.00476795931
38016,38024,40869,8,2845,2,7200,1.00281195079
38026,38036,41194,10,3158,2,7200,1.00316656111
38031,38043,41119,12,3076,2,7200,1.00390117035
38043,38050,40964,7,2914,2,7200,1.00240219629
38046,38057,41327,11,3270,2,7200,1.00336391437
38058,38064,40814,6,2750,2,7200,1.00218181818
38073,38079,41326,6,3247,2,7200,1.00184785956
38075,38086,41011,11,2925,2,7200,1.00376068376
38076,38092,41306,16,3214,2,7200,1.00497822029
38085,38098,41145,13,3047,2,7200,1.00426649163
38097,38105,41029,8,2924,2,7200,1.00273597811
38106,38116,41324,10,3208,2,7200,1.00311720698
38121,38129,41134,8,3005,2,7200,1.00266222962
38136,38142,41314,6,3172,2,7200,1.00189155107
38145,38150,41183,5,3033,2,7200,1.00164853281
38151,38157,41067,6,2910,2,7200,1.00206185567
38153,38164,41193,11,3029,2,7200,1.00363156157
38163,38171,41116,8,2945,2,7200,1.00271646859
38164,38178,41481,14,3303,2,7200,1.004238571
38171,38184,41418,13,3234,2,7200,1.00401978973
38179,38190,41329,11,3139,2,7200,1.00350430073
38180,38196,41330,16,3134,2,7200,1.00510529675
38195,38202,41356,7,3154,2,7200,1.00221940393
38210,38216,41238,6,3022,2,7200,1.00198544011
38240,38248,41148,8,2900,2,7200,1.00275862069
38240,38255,41299,15,3044,2,7200,1.00492772668
38260,38269,41129,9,2860,2,7200,1.00314685315
38275,38281,41330,6,3049,2,7200,1.00196785831
38290,38296,41381,6,3085,2,7200,1.00194489465
38358,38368,41447,10,3079,2,7200,1.00324780773
38447,38459,38483,12,24,1,10800,1.5
38448,38465,39858,17,1393,1,10800,1.01220387653
38488,38494,38495,6,1,1,10800,1.0
38503,38509,38510,6,1,1,10800,1.0
38503,38516,41248,13,2732,2,7200,1.00475841874
38519,38530,38531,11,1,1,10800,1.2
38519,38558,38559,39,1,1,10800,4.0
38520,38569,38570,49,1,1,10800,5.0
38620,38626,38629,6,3,1,86400,1.0
38793,38799,41015,6,2216,1,86400,1.00270758123
39864,39871,50717,7,10846,1,10800,1.00064539923
39864,39876,50687,12,10811,1,10800,1.00110998058
39865,39909,50714,44,10805,1,10800,1.0040721888
39865,39887,50718,22,10831,1,10800,1.00203120672
39865,39881,50707,16,10826,1,10800,1.00147792352
39865,39903,50720,38,10817,1,10800,1.00351298881
39865,39892,50726,27,10834,1,10800,1.00249215433
39865,39897,50716,32,10819,1,10800,1.0029577595
39866,39919,50765,53,10846,1,10800,1.00488659414
39866,39914,50717,48,10803,1,10800,1.00444321022
40816,40825,43729,9,2904,2,7200,1.00309917355
40870,40881,43937,11,3056,2,7200,1.00359947644
40885,40893,43835,8,2942,2,7200,1.00271923861
40960,40969,44186,9,3217,2,7200,1.00279763755
40966,40976,44131,10,3155,2,7200,1.00316957211
40981,40996,44256,15,3260,2,7200,1.00460122699
41014,41022,44033,8,3011,2,7200,1.00265692461
41032,41041,44174,9,3133,2,7200,1.00287264603
41042,41057,43948,15,2891,2,7200,1.00518851608
41057,41064,44320,7,3256,2,7200,1.00214987715
41071,41078,44034,7,2956,2,7200,1.00236806495
41108,41121,44386,13,3265,2,7200,1.00398162328
41119,41127,44074,8,2947,2,7200,1.00271462504
41123,41139,44264,16,3125,2,7200,1.00512
41124,41145,44443,21,3298,2,7200,1.00636749545
41134,41151,44478,17,3327,2,7200,1.00510970845
41139,41157,44005,18,2848,2,7200,1.00632022472
41149,41175,44145,26,2970,2,7200,1.00875420875
41154,41180,44121,26,2941,2,7200,1.00884053043
41163,41185,44000,22,2815,2,7200,1.00781527531
41184,41197,44310,13,3113,2,7200,1.00417603598
41196,41204,44502,8,3298,2,7200,1.00242571255
41199,41210,44213,11,3003,2,7200,1.00366300366
41211,41217,44321,6,3104,2,7200,1.00193298969
41241,41249,44249,8,3000,2,7200,1.00266666667
41256,41261,44439,5,3178,2,7200,1.00157331655
41302,41312,44487,10,3175,2,7200,1.0031496063
41307,41324,44550,17,3226,2,7200,1.00526968382
41316,41331,44603,15,3272,2,7200,1.00458435208
41327,41343,44556,16,3213,2,7200,1.00497976969
41332,41349,44337,17,2988,2,7200,1.00568942436
41333,41354,44329,21,2975,2,7200,1.00705882353
41342,41361,44563,19,3202,2,7200,1.00593379138
41344,41366,44247,22,2881,2,7200,1.00763623742
41345,41371,44692,26,3321,2,7200,1.00782896718
41360,41383,44323,23,2940,2,7200,1.00782312925
41384,41392,44532,8,3140,2,7200,1.0025477707
41421,41429,44463,8,3034,2,7200,1.00263678312
41448,41458,44528,10,3070,2,7200,1.00325732899
41483,41492,44679,9,3187,2,7200,1.00282397239
41488,41500,42165,12,665,1,86400,1.01804511278
42178,42184,45037,6,2853,1,86400,1.00210304942
42629,42636,45863,7,3227,1,10800,1.0021691974
43732,43740,46636,8,2896,2,7200,1.00276243094
43837,43846,46827,9,2981,2,7200,1.0030191211
43939,43949,46942,10,2993,2,7200,1.0033411293
43954,43963,47047,9,3084,2,7200,1.00291828794
44003,44013,46979,10,2966,2,7200,1.00337154417
44008,44020,47315,12,3295,2,7200,1.00364188164
44035,44051,47034,16,2983,2,7200,1.00536372779
44035,44044,47342,9,3298,2,7200,1.00272892662
44077,44086,46999,9,2913,2,7200,1.00308959835
44123,44133,47443,10,3310,2,7200,1.00302114804
44131,44142,47342,11,3200,2,7200,1.0034375
44146,44156,47302,10,3146,2,7200,1.00317863954
44176,44185,47333,9,3148,2,7200,1.00285895807
44189,44198,47191,9,2993,2,7200,1.00300701637
44215,44224,47305,9,3081,2,7200,1.0029211295
44248,44258,47239,10,2981,2,7200,1.003354579
44258,44265,47326,7,3061,2,7200,1.00228683437
44262,44272,47168,10,2896,2,7200,1.00345303867
44273,44279,47208,6,2929,2,7200,1.00204848071
44313,44321,47160,8,2839,2,7200,1.00281789362
44321,44331,47608,10,3277,2,7200,1.00305157156
44328,44338,47369,10,3031,2,7200,1.00329924117
44337,44345,47374,8,3029,2,7200,1.00264113569
44338,44351,47206,13,2855,2,7200,1.00455341506
44353,44364,47344,11,2980,2,7200,1.00369127517
44389,44397,47386,8,2989,2,7200,1.00267648043
44442,44450,47610,8,3160,2,7200,1.00253164557
44446,44462,47450,16,2988,2,7200,1.00535475234
44464,44474,47444,10,2970,2,7200,1.00336700337
44475,44492,47398,17,2906,2,7200,1.00584996559
44488,44498,47462,10,2964,2,7200,1.00337381916
44503,44517,47621,14,3104,2,7200,1.00451030928
44531,44539,47658,8,3119,2,7200,1.00256492466
44535,44546,47671,11,3125,2,7200,1.00352
44553,44562,47812,9,3250,2,7200,1.00276923077
44568,44574,47733,6,3159,2,7200,1.00189933523
44569,44581,47461,12,2880,2,7200,1.00416666667
44606,44618,47696,12,3078,2,7200,1.00389863548
44680,44695,47856,15,3161,2,7200,1.00474533376
44695,44703,47643,8,2940,2,7200,1.00272108844
44712,44719,45487,7,768,12,36000,1.00911458333
45919,45929,78710,10,32781,1,86400,1.00030505476
46637,46650,49678,13,3028,2,7200,1.00429326288
46829,46838,49936,9,3098,2,7200,1.00290510006
46943,46953,49891,10,2938,2,7200,1.00340367597
46974,46990,49819,16,2829,2,7200,1.00565570873
47001,47011,50059,10,3048,2,7200,1.0032808399
47037,47045,50126,8,3081,2,7200,1.00259655956
47049,47059,49997,10,2938,2,7200,1.00340367597
47163,47172,50306,9,3134,2,7200,1.00287172942
47178,47184,50105,6,2921,2,7200,1.00205409106
47193,47203,50425,10,3222,2,7200,1.00310366232
47209,47218,50031,9,2813,2,7200,1.00319943121
47210,47224,50396,14,3172,2,7200,1.00441361917
47241,47251,50379,10,3128,2,7200,1.00319693095
47305,47317,50483,12,3166,2,7200,1.00379027164
47319,47399,50378,80,2979,2,7200,1.02685464921
47319,47394,50400,75,3006,2,7200,1.0249500998
47334,47404,50372,70,2968,2,7200,1.02358490566
47334,47410,50668,76,3258,2,7200,1.0233271946
47349,47415,50542,66,3127,2,7200,1.02110649185
47349,47420,50768,71,3348,2,7200,1.02120669056
47351,47426,50501,75,3075,2,7200,1.0243902439
47369,47431,50415,62,2984,2,7200,1.02077747989
47375,47436,50342,61,2906,2,7200,1.02099105299
47390,47443,50516,53,3073,2,7200,1.01724698991
47400,47449,50678,49,3229,2,7200,1.01517497677
47444,47455,50705,11,3250,2,7200,1.00338461538
47446,47461,50583,15,3122,2,7200,1.00480461243
47461,47467,50458,6,2991,2,7200,1.00200601805
47463,47473,50379,10,2906,2,7200,1.00344115623
47476,47482,50693,6,3211,2,7200,1.00186857677
47611,47619,50790,8,3171,2,7200,1.00252286345
47613,47626,50890,13,3264,2,7200,1.00398284314
47626,47633,50797,7,3164,2,7200,1.00221238938
47646,47654,50720,8,3066,2,7200,1.00260926288
47659,47670,50626,11,2956,2,7200,1.00372124493
47673,47683,50693,10,3010,2,7200,1.00332225914
47698,47707,50860,9,3153,2,7200,1.00285442436
47736,47744,50820,8,3076,2,7200,1.00260078023
47814,47823,50899,9,3076,2,7200,1.00292587776
47859,47867,51104,8,3237,2,7200,1.00247142416
48029,48052,48063,23,11,1,86400,3.09090909091
48030,48057,48060,27,3,1,86400,3.0
48082,48088,88719,6,40631,1,86400,1.0001476705
49187,49193,49224,6,31,1,10800,1.1935483871
49274,49281,50606,7,1325,1,10800,1.00528301887
49680,49689,52666,9,2977,2,7200,1.0030231777
49821,49830,52840,9,3010,2,7200,1.00299003322
49895,49904,52906,9,3002,2,7200,1.00299800133
49937,49950,53147,13,3197,2,7200,1.00406631217
49997,50008,53063,11,3055,2,7200,1.00360065466
50033,50048,53250,15,3202,2,7200,1.00468457214
50062,50070,53094,8,3024,2,7200,1.00264550265
50107,50121,53355,14,3234,2,7200,1.00432900433
50127,50137,52936,10,2799,2,7200,1.00357270454
50308,50317,53167,9,2850,2,7200,1.00315789474
50344,50353,53401,9,3048,2,7200,1.00295275591
50374,50384,53524,10,3140,2,7200,1.00318471338
50380,50390,53651,10,3261,2,7200,1.003066544
50381,50396,53336,15,2940,2,7200,1.00510204082
50383,50401,53475,18,3074,2,7200,1.00585556278
50398,50408,53681,10,3273,2,7200,1.00305530095
50413,50419,53478,6,3059,2,7200,1.0019614253
50416,50426,53398,10,2972,2,7200,1.00336473755
50428,50436,53383,8,2947,2,7200,1.00271462504
50461,50470,53442,9,2972,2,7200,1.0030282638
50485,50494,53357,9,2863,2,7200,1.00314355571
50503,50513,53496,10,2983,2,7200,1.00335232987
50518,50527,53617,9,3090,2,7200,1.00291262136
50545,50557,53515,12,2958,2,7200,1.00405679513
50584,50594,53691,10,3097,2,7200,1.00322893122
50630,50642,53852,12,3210,2,7200,1.00373831776
50671,50680,53534,9,2854,2,7200,1.00315346882
50686,50692,53676,6,2984,2,7200,1.00201072386
50696,50704,53789,8,3085,2,7200,1.00259319287
50700,50710,53815,10,3105,2,7200,1.00322061192
50711,50717,53695,6,2978,2,7200,1.00201477502
50721,50732,53893,11,3161,2,7200,1.00347991142
50771,50783,53887,12,3104,2,7200,1.00386597938
50792,50801,54023,9,3222,2,7200,1.00279329609
50807,50815,53902,8,3087,2,7200,1.0025915128
50820,50831,53843,11,3012,2,7200,1.00365205843
50861,50871,53985,10,3114,2,7200,1.00321130379
50892,50901,54000,9,3099,2,7200,1.00290416263
50907,50913,54124,6,3211,2,7200,1.00186857677
51105,51115,54066,10,2951,2,7200,1.0033886818
51832,51839,57712,7,5873,1,86400,1.00119189511
52668,52677,55766,9,3089,2,7200,1.00291356426
52842,52851,56022,9,3171,2,7200,1.00283822138
52907,52918,55964,11,3046,2,7200,1.0036112935
52938,52947,56179,9,3232,2,7200,1.00278465347
53067,53075,56273,8,3198,2,7200,1.00250156348
53098,53106,56176,8,3070,2,7200,1.00260586319
53148,53159,56360,11,3201,2,7200,1.00343642612
53170,53178,56123,8,2945,2,7200,1.00271646859
53253,53261,56451,8,3190,2,7200,1.00250783699
53338,53347,56376,9,3029,2,7200,1.00297127765
53356,53366,56511,10,3145,2,7200,1.00317965024
53370,53380,56437,10,3057,2,7200,1.0032711809
53386,53393,56447,7,3054,2,7200,1.00229207597
53400,53412,56156,12,2744,2,7200,1.00437317784
53404,53418,56717,14,3299,2,7200,1.00424371022
53443,53457,56379,14,2922,2,7200,1.00479123888
53475,53488,56584,13,3096,2,7200,1.00419896641
53479,53495,56646,16,3151,2,7200,1.00507775309
53497,53507,56670,10,3163,2,7200,1.00316155549
53517,53526,56640,9,3114,2,7200,1.00289017341
53527,53535,56700,8,3165,2,7200,1.00252764613
53535,53545,56531,10,2986,2,7200,1.00334896182
53621,53629,56618,8,2989,2,7200,1.00267648043
53652,53662,56649,10,2987,2,7200,1.00334784064
53679,53687,56715,8,3028,2,7200,1.00264200793
53684,53694,56672,10,2978,2,7200,1.00335795836
53700,53706,56691,6,2985,2,7200,1.00201005025
53701,53712,56887,11,3175,2,7200,1.00346456693
53791,53800,56760,9,2960,2,7200,1.00304054054
53817,53826,57123,9,3297,2,7200,1.00272975432
53844,53854,56831,10,2977,2,7200,1.00335908633
53855,53867,56825,12,2958,2,7200,1.00405679513
53888,53898,57031,10,3133,2,7200,1.00319182892
53895,53905,56980,10,3075,2,7200,1.00325203252
53903,53914,57259,11,3345,2,7200,1.00328849028
53988,53997,57073,9,3076,2,7200,1.00292587776
54000,54011,57007,11,2996,2,7200,1.00367156208
54024,54034,57145,10,3111,2,7200,1.00321440051
54066,54077,57318,11,3241,2,7200,1.00339401419
54126,54136,57258,10,3122,2,7200,1.00320307495
55767,55777,58728,10,2951,2,7200,1.0033886818
55883,236467,377437,180584,140970,4,288000,2.281010144
55967,55975,59390,8,3415,2,7200,1.00234260615
55982,236473,471817,180491,235344,4,288000,1.76692416208
56023,56033,59326,10,3293,2,7200,1.00303674461
56055,236478,469451,180423,232973,4,288000,1.77443738116
56125,56134,59372,9,3238,2,7200,1.00277949351
56158,56171,59216,13,3045,2,7200,1.00426929392
56179,56194,58945,15,2751,2,7200,1.0054525627
56180,56199,59176,19,2977,2,7200,1.00638226402
56256,56263,142684,7,86421,1,86400,1.00008099883
56275,56284,59398,9,3114,2,7200,1.00289017341
56362,56371,59605,9,3234,2,7200,1.00278293135
56379,56395,59661,16,3266,2,7200,1.00489895897
56380,56389,59484,9,3095,2,7200,1.00290791599
56439,56448,59663,9,3215,2,7200,1.00279937792
56449,56458,59569,9,3111,2,7200,1.00289296046
56464,56470,59511,6,3041,2,7200,1.00197303519
56504,56510,65956,6,9446,12,57600,1.0006351895
56514,56522,59260,8,2738,2,7200,1.00292184076
56532,56542,59671,10,3129,2,7200,1.00319590924
56586,56595,59799,9,3204,2,7200,1.00280898876
56621,56629,59794,8,3165,2,7200,1.00252764613
56643,56652,59798,9,3146,2,7200,1.00286077559
56648,56664,59777,16,3113,2,7200,1.00513973659
56658,56670,59696,12,3026,2,7200,1.0039656312
56672,56689,60019,17,3330,2,7200,1.00510510511
56674,56695,60050,21,3355,2,7200,1.00625931446
56695,56713,59747,18,3034,2,7200,1.00593276203
56710,56720,59803,10,3083,2,7200,1.0032435939
56718,56726,59777,8,3051,2,7200,1.00262209112
56725,56733,60019,8,3286,2,7200,1.00243457091
56761,56773,59807,12,3034,2,7200,1.00395517469
56827,56837,59942,10,3105,2,7200,1.00322061192
56832,56844,60124,12,3280,2,7200,1.00365853659
56887,56898,59914,11,3016,2,7200,1.00364721485
56983,56991,60062,8,3071,2,7200,1.00260501465
57010,57019,60016,9,2997,2,7200,1.003003003
57032,57042,60145,10,3103,2,7200,1.00322268772
57075,57085,60229,10,3144,2,7200,1.00318066158
57110,57117,57141,7,24,10,10800,1.29166666667
57110,57122,57209,12,87,10,10800,1.13793103448
57124,57134,60224,10,3090,2,7200,1.00323624595
57147,57156,60024,9,2868,2,7200,1.00313807531
57151,57163,57167,12,4,10,10800,1.6
57176,57182,57183,6,1,10,10800,1.0
57191,57197,57198,6,1,10,10800,1.0
57191,57202,57203,11,1,10,10800,1.2
57192,57220,57221,28,1,10,10800,2.9
57192,57225,57226,33,1,10,10800,3.4
57192,57230,57232,38,2,10,10800,4.0
57192,57248,57252,56,4,10,10800,6.0
57192,57253,57254,61,1,10,10800,6.2
57192,57214,57215,22,1,10,10800,2.3
57193,57258,57259,65,1,10,10800,6.6
57217,57286,67366,69,10080,10,10800,1.0068452381
57217,57263,67326,46,10063,10,10800,1.00457120143
57217,57281,61797,64,4516,10,10800,1.01417183348
57222,57291,67346,69,10055,10,10800,1.00686225758
57227,57296,67350,69,10054,10,10800,1.00686294012
57233,57303,67364,70,10061,10,10800,1.00695755889
57238,57856,67917,618,10061,10,10800,1.06142530564
57259,57270,60296,11,3026,2,7200,1.00363516193
57259,57861,67918,602,10057,10,10800,1.05985880481
57262,57275,60039,13,2764,2,7200,1.00470332851
57263,58196,68241,933,10045,10,10800,1.09288203086
57269,61809,71875,4540,10066,10,10800,1.45102324657
57319,57330,60677,11,3347,2,7200,1.00328652525
57929,57936,59351,7,1415,1,10800,1.00494699647
58731,58742,61687,11,2945,2,7200,1.00373514431
58948,58956,61965,8,3009,2,7200,1.00265869059
59179,59187,62120,8,2933,2,7200,1.00272758268
59218,59228,62298,10,3070,2,7200,1.00325732899
59263,59271,62462,8,3191,2,7200,1.00250705108
59329,59337,62463,8,3126,2,7200,1.00255918106
59374,59384,62338,10,2954,2,7200,1.00338524035
59392,59401,62404,9,3003,2,7200,1.002997003
59407,59413,62841,6,3428,2,7200,1.00175029172
59485,59496,62449,11,2953,2,7200,1.0037250254
59512,59524,62624,12,3100,2,7200,1.00387096774
59572,59581,62716,9,3135,2,7200,1.0028708134
59605,59616,62685,11,3069,2,7200,1.00358422939
59663,59674,62738,11,3064,2,7200,1.00359007833
59678,59684,62843,6,3159,2,7200,1.00189933523
59679,59691,62701,12,3010,2,7200,1.00398671096
59697,59707,62680,10,2973,2,7200,1.00336360579
59750,59759,62791,9,3032,2,7200,1.00296833773
59775,59788,62719,13,2931,2,7200,1.0044353463
59780,59794,62667,14,2873,2,7200,1.0048729551
59795,59806,62725,11,2919,2,7200,1.00376841384
59799,59813,63002,14,3189,2,7200,1.00439009094
59811,59820,63071,9,3251,2,7200,1.00276837896
59812,59825,62927,13,3102,2,7200,1.00419084462
59814,59831,62754,17,2923,2,7200,1.00581594252
59918,59925,63202,7,3277,2,7200,1.00213610009
59945,59954,62901,9,2947,2,7200,1.00305395317
60019,60027,63119,8,3092,2,7200,1.00258732212
60020,60034,63093,14,3059,2,7200,1.00457665904
60022,60039,63158,17,3119,2,7200,1.00545046489
60037,60045,63119,8,3074,2,7200,1.00260247235
60052,60059,63008,7,2949,2,7200,1.002373686
60054,60071,62904,17,2833,2,7200,1.00600070597
60063,60079,63462,16,3383,2,7200,1.00472953
60127,60136,63203,9,3067,2,7200,1.00293446365
60147,60156,63102,9,2946,2,7200,1.00305498982
60226,60235,63290,9,3055,2,7200,1.00294599018
60231,60242,63242,11,3000,2,7200,1.00366666667
60298,60309,63658,11,3349,2,7200,1.00328456256
60373,60380,61868,7,1488,1,10800,1.00470430108
60679,60688,63593,9,2905,2,7200,1.00309810671
60963,236462,244081,175499,7619,1,259200,24.0343877149
61688,61698,64822,10,3124,2,7200,1.00320102433
61927,61934,63348,7,1414,1,10800,1.00495049505
61968,61976,64894,8,2918,2,7200,1.00274160384
62121,62132,65239,11,3107,2,7200,1.00354039266
62299,62309,65333,10,3024,2,7200,1.00330687831
62340,62349,65484,9,3135,2,7200,1.0028708134
62406,62415,65696,9,3281,2,7200,1.00274306614
62451,62461,65488,10,3027,2,7200,1.00330360093
62464,62473,65462,9,2989,2,7200,1.00301104048
62465,62480,65425,15,2945,2,7200,1.00509337861
62626,62635,65879,9,3244,2,7200,1.00277435265
62668,62679,65805,11,3126,2,7200,1.00351887396
62681,62691,65581,10,2890,2,7200,1.00346020761
62686,62698,65794,12,3096,2,7200,1.00387596899
62702,62712,65883,10,3171,2,7200,1.00315357931
62719,62735,65856,16,3121,2,7200,1.005126562
62720,62728,65924,8,3196,2,7200,1.00250312891
62734,62742,65850,8,3108,2,7200,1.00257400257
62741,62765,65919,24,3154,2,7200,1.00760938491
62756,62770,65918,14,3148,2,7200,1.00444726811
62794,62802,66005,8,3203,2,7200,1.00249765845
62842,62852,65958,10,3106,2,7200,1.00321957502
62846,62859,66129,13,3270,2,7200,1.00397553517
62893,62899,63249,6,350,1,900,1.01714285714
62903,62913,65984,10,3071,2,7200,1.00325626832
62918,62924,65876,6,2952,2,7200,1.00203252033
62932,62938,66280,6,3342,2,7200,1.00179533214
63006,63013,65957,7,2944,2,7200,1.00237771739
63011,63020,66072,9,3052,2,7200,1.00294888598
63074,63082,66415,8,3333,2,7200,1.00240024002
63095,63104,66054,9,2950,2,7200,1.00305084746
63110,63116,66081,6,2965,2,7200,1.00202360877
63123,63131,66351,8,3220,2,7200,1.00248447205
63125,63136,66272,11,3136,2,7200,1.00350765306
63161,63169,66263,8,3094,2,7200,1.00258564964
63203,63213,66138,10,2925,2,7200,1.00341880342
63204,63220,66193,16,2973,2,7200,1.00538176926
63243,63255,66670,12,3415,2,7200,1.00351390922
63291,63301,66188,10,2887,2,7200,1.00346380326
63465,63473,66601,8,3128,2,7200,1.00255754476
63595,63604,66372,9,2768,2,7200,1.00325144509
63656,63663,63715,7,52,1,900,1.13461538462
63661,63669,66789,8,3120,2,7200,1.00256410256
63711,63717,65549,6,1832,1,10800,1.00327510917
63748,63754,64778,6,1024,1,900,1.005859375
64826,64833,67870,7,3037,2,7200,1.00230490616
64895,64905,68161,10,3256,2,7200,1.00307125307
65022,65029,65033,7,4,2,3620,1.1
65042,65048,68783,6,3735,1,3620,1.0016064257
65241,65250,68438,9,3188,2,7200,1.00282308657
65334,65344,68579,10,3235,2,7200,1.00309119011
65427,65442,68341,15,2899,2,7200,1.005174198
65463,65473,68550,10,3077,2,7200,1.00324991875
65487,65495,68446,8,2951,2,7200,1.00271094544
65491,65502,68681,11,3179,2,7200,1.00346020761
65583,65592,68685,9,3093,2,7200,1.00290979631
65699,65707,68967,8,3260,2,7200,1.00245398773
65795,65805,68728,10,2923,2,7200,1.00342114266
65810,65816,69044,6,3228,2,7200,1.00185873606
65852,65861,69053,9,3192,2,7200,1.00281954887
65867,65877,68895,10,3018,2,7200,1.00331345262
65882,65889,69050,7,3161,2,7200,1.00221448909
65883,65900,69095,17,3195,2,7200,1.00532081377
65884,65906,69061,22,3155,2,7200,1.00697305864
65910,65918,67612,8,1694,1,10800,1.00472255018
65920,65930,68985,10,3055,2,7200,1.00327332242
65922,65936,69066,14,3130,2,7200,1.00447284345
65936,65942,68836,6,2894,2,7200,1.00207325501
65959,65968,69014,9,3046,2,7200,1.00295469468
65960,65975,68886,15,2911,2,7200,1.00515286843
65986,65996,69180,10,3184,2,7200,1.00314070352
66007,66016,69138,9,3122,2,7200,1.00288276746
66055,66065,69042,10,2977,2,7200,1.00335908633
66073,66084,69348,11,3264,2,7200,1.00337009804
66088,66099,69305,11,3206,2,7200,1.00343106675
66132,66142,69354,10,3212,2,7200,1.00311332503
66139,66148,69243,9,3095,2,7200,1.00290791599
66189,66199,69225,10,3026,2,7200,1.00330469266
66203,66213,69314,10,3101,2,7200,1.0032247662
66218,66232,68064,14,1832,12,57600,1.0076419214
66266,66274,69286,8,3012,2,7200,1.0026560425
66281,66288,69461,7,3173,2,7200,1.00220611409
66283,66295,69337,12,3042,2,7200,1.00394477318
66321,66328,67513,7,1185,12,36000,1.005907173
66354,66362,69443,8,3081,2,7200,1.00259655956
66374,66383,69521,9,3138,2,7200,1.00286806883
66413,236377,236379,169964,2,16,172800,16996.6
66416,66426,69553,10,3127,2,7200,1.00319795331
66436,236382,236383,169946,1,16,172800,16994.7
66603,66612,69926,9,3314,2,7200,1.00271575136
66672,66683,69805,11,3122,2,7200,1.00352338245
66790,66800,69721,10,2921,2,7200,1.00342348511
67870,67881,71047,11,3166,2,7200,1.00347441567
68162,68172,71466,10,3294,2,7200,1.00303582271
68342,68353,71261,11,2908,2,7200,1.0037826685
68441,68450,71482,9,3032,2,7200,1.00296833773
68456,68462,71700,6,3238,2,7200,1.00185299568
68552,68561,71732,9,3171,2,7200,1.00283822138
68582,68590,71739,8,3149,2,7200,1.00254048904
68684,68693,71990,9,3297,2,7200,1.00272975432
68687,68705,71647,18,2942,2,7200,1.00611828688
68729,68739,71863,10,3124,2,7200,1.00320102433
68838,68847,71897,9,3050,2,7200,1.00295081967
68883,68897,72029,14,3132,2,7200,1.00446998723
68898,68909,72031,11,3122,2,7200,1.00352338245
68967,68978,71895,11,2917,2,7200,1.0037709976
68988,68996,72413,8,3417,2,7200,1.002341235
69016,69026,72434,10,3408,2,7200,1.0029342723
69043,69053,71971,10,2918,2,7200,1.0034270048
69059,69065,72141,6,3076,2,7200,1.00195058518
69060,69072,71995,12,2923,2,7200,1.00410537119
69061,69077,72248,16,3171,2,7200,1.0050457269
69063,69082,72171,19,3089,2,7200,1.00615085788
69077,69089,72123,12,3034,2,7200,1.00395517469
69097,69106,72256,9,3150,2,7200,1.00285714286
69139,69149,72182,10,3033,2,7200,1.00329706561
69182,69191,72288,9,3097,2,7200,1.0029060381
69228,69237,72192,9,2955,2,7200,1.00304568528
69245,69254,72469,9,3215,2,7200,1.00279937792
69287,69297,72524,10,3227,2,7200,1.00309885342
69308,69320,72568,12,3248,2,7200,1.00369458128
69315,69332,72483,17,3151,2,7200,1.00539511266
69338,69348,72417,10,3069,2,7200,1.00325839036
69353,69359,72431,6,3072,2,7200,1.001953125
69357,69365,72537,8,3172,2,7200,1.0025220681
69444,69455,72533,11,3078,2,7200,1.00357374919
69462,69472,72810,10,3338,2,7200,1.00299580587
69522,69532,72470,10,2938,2,7200,1.00340367597
69555,69564,72703,9,3139,2,7200,1.00286715514
69723,69732,72897,9,3165,2,7200,1.0028436019
69807,69816,72957,9,3141,2,7200,1.00286532951
69928,69937,72984,9,3047,2,7200,1.00295372498
71048,71058,73968,10,2910,2,7200,1.00343642612
71262,71272,74432,10,3160,2,7200,1.00316455696
71466,71482,74554,16,3072,2,7200,1.00520833333
71484,71493,74663,9,3170,2,7200,1.00283911672
71650,71659,74752,9,3093,2,7200,1.00290979631
71704,71712,74825,8,3113,2,7200,1.00256986829
71733,71743,74810,10,3067,2,7200,1.00326051516
71748,71754,75027,6,3273,2,7200,1.00183318057
71864,71874,75252,10,3378,2,7200,1.00296033156
71897,71907,75095,10,3188,2,7200,1.00313676286
71898,71913,74949,15,3036,2,7200,1.00494071146
71972,71982,74853,10,2871,2,7200,1.00348310693
71993,72001,75352,8,3351,2,7200,1.00238734706
72008,72015,74928,7,2913,2,7200,1.00240302094
72031,72040,75158,9,3118,2,7200,1.00288646568
72032,72047,75367,15,3320,2,7200,1.00451807229
72124,72134,75222,10,3088,2,7200,1.00323834197
72144,72156,75064,12,2908,2,7200,1.00412654746
72172,72182,75377,10,3195,2,7200,1.00312989045
72183,72194,75332,11,3138,2,7200,1.00350541746
72193,72212,75439,19,3227,2,7200,1.00588782151
72249,72260,75357,11,3097,2,7200,1.00355182435
72264,72273,75468,9,3195,2,7200,1.00281690141
72291,72299,75483,8,3184,2,7200,1.00251256281
72415,72424,75614,9,3190,2,7200,1.00282131661
72418,72430,75382,12,2952,2,7200,1.00406504065
72433,72442,75420,9,2978,2,7200,1.00302216253
72448,72456,75715,8,3259,2,7200,1.00245474072
72472,72480,75594,8,3114,2,7200,1.00256904303
72472,72487,75407,15,2920,2,7200,1.0051369863
72487,72495,75455,8,2960,2,7200,1.0027027027
72526,72535,75625,9,3090,2,7200,1.00291262136
72535,72544,75776,9,3232,2,7200,1.00278465347
72550,72560,75558,10,2998,2,7200,1.00333555704
72571,72579,75699,8,3120,2,7200,1.00256410256
72704,72714,75738,10,3024,2,7200,1.00330687831
72812,72821,75743,9,2922,2,7200,1.00308008214
72899,72908,76058,9,3150,2,7200,1.00285714286
72960,72968,76102,8,3134,2,7200,1.00255264837
72986,72999,76183,13,3184,2,7200,1.00408291457
72987,72993,72994,6,1,2,3540,1.0
73970,73979,76577,9,2598,2,7200,1.00346420323
74434,74443,76577,9,2134,2,7200,1.00421743205
74557,74565,76577,8,2012,2,7200,1.00397614314
74665,74674,76577,9,1903,2,7200,1.00472937467
74752,74763,76577,11,1814,2,7200,1.00606394708
74812,74821,76577,9,1756,2,7200,1.00512528474
74827,74842,76577,15,1735,2,7200,1.00864553314
74849,74864,78190,15,3326,2,7200,1.00450992183
74930,74939,78044,9,3105,2,7200,1.00289855072
74950,74966,76577,16,1611,2,7200,1.00993171943
75028,75038,76577,10,1539,2,7200,1.0064977258
75066,75075,78169,9,3094,2,7200,1.00290885585
75096,75106,78160,10,3054,2,7200,1.00327439424
75161,75169,76577,8,1408,2,7200,1.00568181818
75224,75234,76577,10,1343,2,7200,1.00744601638
75253,75263,78240,10,2977,2,7200,1.00335908633
75334,75343,78456,9,3113,2,7200,1.00289110183
75352,75363,78250,11,2887,2,7200,1.00381018358
75368,75374,78619,6,3245,2,7200,1.00184899846
75369,75381,78434,12,3053,2,7200,1.0039305601
75380,75388,76577,8,1189,2,7200,1.00672834315
75384,75395,78534,11,3139,2,7200,1.00350430073
75410,75418,76577,8,1159,2,7200,1.00690250216
75423,75432,78408,9,2976,2,7200,1.00302419355
75440,75450,76577,10,1127,2,7200,1.00887311446
75458,75466,76577,8,1111,2,7200,1.00720072007
75472,75480,78588,8,3108,2,7200,1.00257400257
75486,75496,78556,10,3060,2,7200,1.00326797386
75560,75569,76577,9,1008,2,7200,1.00892857143
75595,75605,78614,10,3009,2,7200,1.00332336324
75617,75625,76577,8,952,2,7200,1.00840336134
75625,75639,78422,14,2783,2,7200,1.00503054258
75701,75710,78977,9,3267,2,7200,1.00275482094
75716,75726,78848,10,3122,2,7200,1.00320307495
75740,75749,78818,9,3069,2,7200,1.00293255132
75755,75762,78759,7,2997,2,7200,1.002335669
75780,75788,76577,8,789,2,7200,1.01013941698
76060,76069,76577,9,508,2,7200,1.01771653543
76105,76113,79108,8,2995,2,7200,1.00267111853
76186,76198,76577,12,379,2,7200,1.03166226913
78045,78051,81247,6,3196,2,7200,1.00187734668
78094,78105,79146,11,1041,1,14400,1.01056676273
78162,78171,81330,9,3159,2,7200,1.00284900285
78177,78189,81459,12,3270,2,7200,1.00366972477
78192,78201,81305,9,3104,2,7200,1.00289948454
78243,78249,81315,6,3066,2,7200,1.00195694716
78258,78264,81366,6,3102,2,7200,1.00193423598
78409,78415,81454,6,3039,2,7200,1.00197433366
78424,78430,81477,6,3047,2,7200,1.00196914998
78439,78445,81535,6,3090,2,7200,1.00194174757
78460,78466,81432,6,2966,2,7200,1.0020229265
78535,78541,81607,6,3066,2,7200,1.00195694716
78559,78565,81735,6,3170,2,7200,1.00189274448
78589,78595,81460,6,2865,2,7200,1.00209424084
78616,78622,81643,6,3021,2,7200,1.00198609732
78631,78637,81926,6,3289,2,7200,1.00182426269
78762,78768,81851,6,3083,2,7200,1.00194615634
78819,78831,82030,12,3199,2,7200,1.00375117224
78849,78856,81946,7,3090,2,7200,1.00226537217
78979,78985,82146,6,3161,2,7200,1.0018981335
79109,79115,82215,6,3100,2,7200,1.00193548387
79232,79239,153979,7,74740,6,86400,1.00009365801
79309,79315,79899,6,584,1,14400,1.0102739726
79460,79467,177254,7,97787,6,108000,1.00007158416
81248,81254,84276,6,3022,2,7200,1.00198544011
81308,81315,84188,7,2873,2,7200,1.00243647755
81323,81330,84449,7,3119,2,7200,1.00224430907
81338,81344,84319,6,2975,2,7200,1.00201680672
81368,81375,84469,7,3094,2,7200,1.00226244344
81435,81441,84558,6,3117,2,7200,1.00192492782
81456,81462,84481,6,3019,2,7200,1.00198741305
81471,81481,84599,10,3118,2,7200,1.00320718409
81472,81486,84866,14,3380,2,7200,1.00414201183
81487,81493,84618,6,3125,2,7200,1.00192
81539,81549,84587,10,3038,2,7200,1.00329163924
81608,81614,84618,6,3004,2,7200,1.00199733688
81644,81650,84754,6,3104,2,7200,1.00193298969
81738,81744,84796,6,3052,2,7200,1.00196592398
81853,81859,84802,6,2943,2,7200,1.00203873598
81928,81935,84973,7,3038,2,7200,1.00230414747
81950,81956,85114,6,3158,2,7200,1.00189993667
82031,82037,85093,6,3056,2,7200,1.00196335079
82148,82154,85374,6,3220,2,7200,1.00186335404
82218,82228,85447,10,3219,2,7200,1.00310655483
82463,82469,154495,6,72026,11,72000,1.00008330325
83803,83815,83818,12,3,1,240,1.5
84192,84198,87359,6,3161,2,7200,1.0018981335
84276,84282,87556,6,3274,2,7200,1.00183262065
84321,84328,87512,7,3184,2,7200,1.00219849246
84451,84457,87523,6,3066,2,7200,1.00195694716
84472,84478,87457,6,2979,2,7200,1.00201409869
84487,84493,87642,6,3149,2,7200,1.00190536678
84559,84565,87510,6,2945,2,7200,1.00203735144
84589,84595,87769,6,3174,2,7200,1.00189035917
84604,84610,87680,6,3070,2,7200,1.00195439739
84619,84626,87626,7,3000,2,7200,1.00233333333
84621,84633,87676,12,3043,2,7200,1.00394347683
84757,84763,87899,6,3136,2,7200,1.00191326531
84799,84805,87828,6,3023,2,7200,1.00198478333
84814,84820,87895,6,3075,2,7200,1.00195121951
84868,84878,88308,10,3430,2,7200,1.0029154519
84974,84980,87982,6,3002,2,7200,1.00199866755
85095,85101,88309,6,3208,2,7200,1.00187032419
85116,85122,88083,6,2961,2,7200,1.00202634245
85375,85381,88373,6,2992,2,7200,1.00200534759
85450,85462,88715,12,3253,2,7200,1.00368890255
87360,87370,90491,10,3121,2,7200,1.00320410125
87459,87470,90640,11,3170,2,7200,1.00347003155
87514,87520,90633,6,3113,2,7200,1.00192740122
87515,87526,90619,11,3093,2,7200,1.00355641772
87530,87543,90736,13,3193,2,7200,1.0040714062
87557,87564,90651,7,3087,2,7200,1.0022675737
87627,87637,90730,10,3093,2,7200,1.00323310702
87645,87655,90707,10,3052,2,7200,1.00327653997
87678,87684,90784,6,3100,2,7200,1.00193548387
87692,87699,91039,7,3340,2,7200,1.00209580838
87771,87777,90978,6,3201,2,7200,1.00187441425
87831,87837,90968,6,3131,2,7200,1.00191632066
87897,87904,90976,7,3072,2,7200,1.00227864583
87912,87918,91159,6,3241,2,7200,1.00185128047
87985,87991,91249,6,3258,2,7200,1.00184162063
88084,88094,91187,10,3093,2,7200,1.00323310702
88311,88320,91201,9,2881,2,7200,1.00312391531
88312,88326,91308,14,2982,2,7200,1.00469483568
88376,88382,91401,6,3019,2,7200,1.00198741305
88716,88722,91617,6,2895,2,7200,1.00207253886
90493,90499,93495,6,2996,2,7200,1.00200267023
90623,90629,93647,6,3018,2,7200,1.00198807157
90638,90644,93726,6,3082,2,7200,1.0019467878
90653,90659,93548,6,2889,2,7200,1.0020768432
90654,90666,93659,12,2993,2,7200,1.00400935516
90708,90714,93828,6,3114,2,7200,1.00192678227
90732,90741,93896,9,3155,2,7200,1.0028526149
90747,90756,93916,9,3160,2,7200,1.00284810127
90786,90792,93709,6,2917,2,7200,1.00205690778
90970,90976,93891,6,2915,2,7200,1.00205831904
90985,90991,94144,6,3153,2,7200,1.00190294957
90986,90997,93907,11,2910,2,7200,1.00378006873
91040,91047,94137,7,3090,2,7200,1.00226537217
91162,91168,93908,6,2740,2,7200,1.00218978102
91189,91195,94321,6,3126,2,7200,1.0019193858
91204,91210,94260,6,3050,2,7200,1.00196721311
91252,91258,94204,6,2946,2,7200,1.00203665988
91309,91315,94403,6,3088,2,7200,1.00194300518
91403,91409,94515,6,3106,2,7200,1.00193174501
91620,91626,94660,6,3034,2,7200,1.00197758734
93496,93508,96756,12,3248,2,7200,1.00369458128
93550,93556,96593,6,3037,2,7200,1.00197563385
93650,93660,96807,10,3147,2,7200,1.00317762949
93665,93674,96635,9,2961,2,7200,1.00303951368
93710,93716,96952,6,3236,2,7200,1.00185414091
93728,93734,96748,6,3014,2,7200,1.00199071002
93830,93836,96861,6,3025,2,7200,1.00198347107
93894,93900,96840,6,2940,2,7200,1.00204081633
93909,93915,97058,6,3143,2,7200,1.00190900414
93910,93922,96908,12,2986,2,7200,1.00401875419
93912,93927,96970,15,3043,2,7200,1.00492934604
93927,93934,96956,7,3022,2,7200,1.00231634679
94138,94144,97210,6,3066,2,7200,1.00195694716
94153,94158,97498,5,3340,2,7200,1.00149700599
94207,94213,97152,6,2939,2,7200,1.00204151072
94261,94267,97272,6,3005,2,7200,1.00199667221
94324,94331,97650,7,3319,2,7200,1.002109069
94406,94412,97742,6,3330,2,7200,1.0018018018
94518,94525,97773,7,3248,2,7200,1.00215517241
94664,94672,97792,8,3120,2,7200,1.00256410256
95055,95062,95068,7,6,1,3600,1.3
95176,95183,95389,7,206,1,3600,1.03398058252
95522,95535,96125,13,590,1,3600,1.02203389831
96358,96364,97515,6,1151,1,3600,1.00521285838
96596,96602,99638,6,3036,2,7200,1.00197628458
96638,96644,99744,6,3100,2,7200,1.00193548387
96750,96756,99754,6,2998,2,7200,1.00200133422
96764,96771,99844,7,3073,2,7200,1.00227790433
96809,96816,99781,7,2965,2,7200,1.0023608769
96843,96849,100015,6,3166,2,7200,1.00189513582
96864,96879,99885,15,3006,2,7200,1.00499001996
96909,96915,99964,6,3049,2,7200,1.00196785831
96954,96960,99972,6,3012,2,7200,1.00199203187
96969,96981,100250,12,3269,2,7200,1.00367084735
96984,96990,99855,6,2865,2,7200,1.00209424084
97060,97066,100257,6,3191,2,7200,1.00188028831
97153,97159,100398,6,3239,2,7200,1.00185242359
97214,97220,100309,6,3089,2,7200,1.00194237617
97274,97280,100600,6,3320,2,7200,1.00180722892
97500,97506,100656,6,3150,2,7200,1.0019047619
97651,97658,100806,7,3148,2,7200,1.00222363405
97745,97751,101122,6,3371,2,7200,1.00177988727
97775,97781,100965,6,3184,2,7200,1.00188442211
97796,97802,100980,6,3178,2,7200,1.00188797986
98054,98064,98069,10,5,1,3600,1.5
98181,98191,98271,10,80,1,3600,1.125
98385,98391,98805,6,414,1,3600,1.01449275362
98635,98642,98649,7,7,1,1800,1.4
98805,98815,98892,10,77,1,1800,1.12987012987
98967,98975,99125,8,150,1,3600,1.05333333333
99104,99111,99740,7,629,1,3600,1.01112877583
99143,99150,99245,7,95,1,1800,1.07368421053
99255,99261,99737,6,476,1,3600,1.01260504202
99640,99647,102834,7,3187,2,7200,1.00219642297
99747,99753,102825,6,3072,2,7200,1.001953125
99762,99768,102741,6,2973,2,7200,1.00201816347
99782,99789,102918,7,3129,2,7200,1.00223713647
99846,99852,102962,6,3110,2,7200,1.00192926045
99860,99866,103040,6,3174,2,7200,1.00189035917
99888,99893,102724,5,2831,2,7200,1.00176616037
99909,99915,100292,6,377,1,1800,1.01591511936
99966,99977,100640,11,663,1,3600,1.01659125189
99966,99972,103185,6,3213,2,7200,1.00186741363
99981,99991,103016,10,3025,2,7200,1.00330578512
100017,100023,103171,6,3148,2,7200,1.00190597205
100047,100059,100061,12,2,1,72000,1.4
100253,100263,102882,10,2619,2,7200,1.00381825124
100268,100274,103359,6,3085,2,7200,1.00194489465
100311,100317,103500,6,3183,2,7200,1.00188501414
100400,100406,103760,6,3354,2,7200,1.00178890877
100601,100613,103579,12,2966,2,7200,1.004045853
100659,100666,103639,7,2973,2,7200,1.00235452405
100808,100818,103816,10,2998,2,7200,1.00333555704
100967,100975,104002,8,3027,2,7200,1.00264288074
100982,100988,104097,6,3109,2,7200,1.00192988099
101008,101014,101021,6,7,1,1800,1.3
101124,101130,104247,6,3117,2,7200,1.00192492782
101327,101334,101371,7,37,1,1800,1.18918918919
101516,101522,101607,6,85,1,3600,1.07058823529
101637,101644,101723,7,79,1,1800,1.08860759494
101732,101738,102045,6,307,1,3600,1.01954397394
102327,102333,102985,6,652,1,3600,1.00920245399
102373,102379,102643,6,264,1,1800,1.02272727273
102725,102731,105773,6,3042,2,7200,1.00197238659
102743,102752,105796,9,3044,2,7200,1.00295663601
102824,102831,105828,7,2997,2,7200,1.002335669
102839,102845,105795,6,2950,2,7200,1.00203389831
102884,102895,105907,11,3012,2,7200,1.00365205843
102920,102932,105975,12,3043,2,7200,1.00394347683
102941,102948,102951,7,3,1,72000,1.0
102963,102969,106011,6,3042,2,7200,1.00197238659
103018,103024,106191,6,3167,2,7200,1.00189453742
103023,103032,119300,9,16268,1,72000,1.00055323334
103042,103048,105858,6,2810,2,7200,1.00213523132
103139,103146,119546,7,16400,1,72000,1.00042682927
103140,103163,119431,23,16268,1,72000,1.00141381854
103140,103169,119431,29,16262,1,72000,1.00178329849
103140,103151,119417,11,16266,1,72000,1.00067625722
103141,103179,119292,38,16113,1,72000,1.00235834419
103141,103174,119515,33,16341,1,72000,1.00201946025
103141,103185,119494,44,16309,1,72000,1.00269789687
103142,103196,119477,54,16281,1,72000,1.00331674959
103142,103190,119454,48,16264,1,72000,1.00295130349
103175,103202,106365,27,3163,2,7200,1.00853619981
103190,103208,106283,18,3075,2,7200,1.00585365854
103362,103368,106442,6,3074,2,7200,1.00195185426
103504,103510,106625,6,3115,2,7200,1.00192616372
103582,103588,106614,6,3026,2,7200,1.0019828156
103642,103648,106776,6,3128,2,7200,1.00191815857
103763,103769,106703,6,2934,2,7200,1.00204498978
103817,103823,107087,6,3264,2,7200,1.00183823529
104004,104010,107148,6,3138,2,7200,1.00191204589
104098,104104,107420,6,3316,2,7200,1.00180940893
104249,104255,107299,6,3044,2,7200,1.00197109067
105776,105783,108946,7,3163,2,7200,1.00221308884
105798,105804,108928,6,3124,2,7200,1.0019206146
105799,105811,108870,12,3059,2,7200,1.0039228506
105829,105837,108722,8,2885,2,7200,1.0027729636
105859,105866,108850,7,2984,2,7200,1.0023458445
105908,105914,109019,6,3105,2,7200,1.00193236715
105977,105983,108939,6,2956,2,7200,1.00202976996
106013,106019,109124,6,3105,2,7200,1.00193236715
106194,106200,109323,6,3123,2,7200,1.00192122959
106285,106291,109377,6,3086,2,7200,1.00194426442
106366,106372,109533,6,3161,2,7200,1.0018981335
106445,106451,109653,6,3202,2,7200,1.00187382886
106617,106623,109852,6,3229,2,7200,1.00185816042
106632,106638,109575,6,2937,2,7200,1.00204290092
106704,106714,109727,10,3013,2,7200,1.00331895121
106776,106783,109731,7,2948,2,7200,1.00237449118
106849,106855,106935,6,80,1,1800,1.075
107087,107093,110025,6,2932,2,7200,1.00204638472
107150,107157,110195,7,3038,2,7200,1.00230414747
107185,107196,107288,11,92,1,1800,1.11956521739
107302,107308,110319,6,3011,2,7200,1.00199269346
107422,107428,110580,6,3152,2,7200,1.0019035533
107798,107804,108165,6,361,1,1800,1.01662049861
108662,108668,111680,6,3012,2,7200,1.00199203187
108663,108675,111721,12,3046,2,7200,1.00393959291
108665,108680,111799,15,3119,2,7200,1.00480923373
108666,108685,111976,19,3291,2,7200,1.00577332118
108667,108691,111920,24,3229,2,7200,1.00743264168
108669,108696,111994,27,3298,2,7200,1.00818677987
108670,108703,111851,33,3148,2,7200,1.01048284625
108672,108709,112013,37,3304,2,7200,1.01119854722
108673,108714,111791,41,3077,2,7200,1.01332466688
108674,108719,111992,45,3273,2,7200,1.01374885426
108676,108725,112032,49,3307,2,7200,1.01481705473
108677,108730,111943,53,3213,2,7200,1.01649548708
108678,108735,111815,57,3080,2,7200,1.01850649351
108680,108741,111802,61,3061,2,7200,1.01992812806
108681,108746,111891,65,3145,2,7200,1.02066772655
108682,108751,111954,69,3203,2,7200,1.02154230409
108684,108757,112113,73,3356,2,7200,1.02175208582
108685,108762,111935,77,3173,2,7200,1.02426725496
108686,108767,111764,81,2997,2,7200,1.02702702703
108688,108773,112038,85,3265,2,7200,1.02603369066
108725,108806,111724,81,2918,2,7200,1.02775873886
108851,108861,112048,10,3187,2,7200,1.0031377471
108872,108882,111775,10,2893,2,7200,1.00345661943
108929,108939,112126,10,3187,2,7200,1.0031377471
108940,108946,153133,6,44187,1,86400,1.00013578654
108944,108952,112153,8,3201,2,7200,1.00249921899
108959,108965,112144,6,3179,2,7200,1.00188738597
108973,108980,132070,7,23090,1,86400,1.00030316154
109008,109016,140335,8,31319,1,86400,1.000255436
109022,109030,112047,8,3017,2,7200,1.0026516407
109125,109135,112073,10,2938,2,7200,1.00340367597
109324,109334,112207,10,2873,2,7200,1.00348068221
109372,109378,109424,6,46,1,1800,1.13043478261
109378,109389,112507,11,3118,2,7200,1.0035279025
109535,109544,112577,9,3033,2,7200,1.00296735905
109578,109586,112634,8,3048,2,7200,1.00262467192
109656,109664,112700,8,3036,2,7200,1.00263504611
109676,109682,109756,6,74,1,1800,1.08108108108
109729,109738,112925,9,3187,2,7200,1.00282397239
109743,109751,112979,8,3228,2,7200,1.00247831475
109855,109863,113009,8,3146,2,7200,1.00254291163
110027,110036,113074,9,3038,2,7200,1.00296247531
110196,110206,113191,10,2985,2,7200,1.00335008375
110320,110330,113311,10,2981,2,7200,1.003354579
110393,110401,110645,8,244,1,1800,1.03278688525
110582,110591,113489,9,2898,2,7200,1.00310559006
111682,111691,114779,9,3088,2,7200,1.00291450777
111724,111732,115042,8,3310,2,7200,1.00241691843
111727,111738,114893,11,3155,2,7200,1.00348652932
111766,111776,115007,10,3231,2,7200,1.00309501702
111778,111787,114941,9,3154,2,7200,1.00285351934
111792,111803,114839,11,3036,2,7200,1.00362318841
111807,111813,114961,6,3148,2,7200,1.00190597205
111809,111819,114927,10,3108,2,7200,1.00321750322
111823,111830,114777,7,2947,2,7200,1.00237529691
111853,111863,114993,10,3130,2,7200,1.00319488818
111892,111903,115000,11,3097,2,7200,1.00355182435
111922,111931,115047,9,3116,2,7200,1.00288831836
111937,111946,115044,9,3098,2,7200,1.00290510006
111951,111960,114994,9,3034,2,7200,1.00296638102
111966,111972,115100,6,3128,2,7200,1.00191815857
111981,111987,114897,6,2910,2,7200,1.00206185567
111996,112004,115010,8,3006,2,7200,1.00266134398
111997,112011,115173,14,3162,2,7200,1.00442757748
112015,112024,114992,9,2968,2,7200,1.00303234501
112034,112043,115094,9,3051,2,7200,1.00294985251
112049,112055,115360,6,3305,2,7200,1.00181543116
112050,112061,114971,11,2910,2,7200,1.00378006873
112052,112067,115225,15,3158,2,7200,1.00474984167
112076,112084,115360,8,3276,2,7200,1.00244200244
112115,112130,115371,15,3241,2,7200,1.00462820117
112127,112137,115147,10,3010,2,7200,1.00332225914
112145,112156,115316,11,3160,2,7200,1.00348101266
112160,112173,115267,13,3094,2,7200,1.00420168067
112209,112222,115246,13,3024,2,7200,1.0042989418
112510,112519,115560,9,3041,2,7200,1.00295955278
112579,112588,115767,9,3179,2,7200,1.00283107896
112637,112645,115803,8,3158,2,7200,1.00253324889
112703,112712,115763,9,3051,2,7200,1.00294985251
112842,112850,149236,8,36386,24,43200,1.00021986478
112926,112936,116053,10,3117,2,7200,1.00320821303
112981,112990,116074,9,3084,2,7200,1.00291828794
113011,113020,115926,9,2906,2,7200,1.00309704061
113077,113086,116107,9,3021,2,7200,1.00297914598
113195,113203,116144,8,2941,2,7200,1.00272016321
113312,113322,116537,10,3215,2,7200,1.00311041991
113491,113500,116488,9,2988,2,7200,1.00301204819
114760,114767,172398,7,57631,8,57600,1.00012146241
114781,114789,117986,8,3197,2,7200,1.00250234595
114783,114796,117928,13,3132,2,7200,1.00415070243
114839,114850,118052,11,3202,2,7200,1.0034353529
114895,114904,118217,9,3313,2,7200,1.00271657108
114900,114911,117785,11,2874,2,7200,1.00382741823
114926,114938,118029,12,3091,2,7200,1.00388223876
114943,114952,118028,9,3076,2,7200,1.00292587776
114962,114972,118220,10,3248,2,7200,1.00307881773
114973,114982,118066,9,3084,2,7200,1.00291828794
114995,115003,118280,8,3277,2,7200,1.00244125725
114997,115009,118127,12,3118,2,7200,1.00384862091
114998,115015,118250,17,3235,2,7200,1.00525502318
115014,115021,118072,7,3051,2,7200,1.00229432973
115015,115027,118022,12,2995,2,7200,1.0040066778
115017,115039,118184,22,3145,2,7200,1.00699523052
115044,115053,118199,9,3146,2,7200,1.00286077559
115058,115064,118121,6,3057,2,7200,1.00196270854
115060,115071,118179,11,3108,2,7200,1.00353925354
115095,115105,118405,10,3300,2,7200,1.00303030303
115110,115116,118097,6,2981,2,7200,1.0020127474
115148,115158,118263,10,3105,2,7200,1.00322061192
115176,115185,118241,9,3056,2,7200,1.00294502618
115226,115236,118221,10,2985,2,7200,1.00335008375
115247,115260,118461,13,3201,2,7200,1.00406123087
115268,115279,118417,11,3138,2,7200,1.00350541746
115320,115328,118334,8,3006,2,7200,1.00266134398
115362,115371,118447,9,3076,2,7200,1.00292587776
115363,115377,118427,14,3050,2,7200,1.00459016393
115377,115383,118392,6,3009,2,7200,1.00199401795
115561,115577,118800,16,3223,2,7200,1.00496431896
115763,115774,118848,11,3074,2,7200,1.00357839948
115778,115784,118953,6,3169,2,7200,1.00189334175
115805,115820,118890,15,3070,2,7200,1.00488599349
115929,115937,119236,8,3299,2,7200,1.00242497727
116056,116064,119359,8,3295,2,7200,1.00242792109
116071,116085,118987,14,2902,2,7200,1.00482425913
116110,116118,119147,8,3029,2,7200,1.00264113569
116146,116157,119238,11,3081,2,7200,1.00357026939
116490,116505,119476,15,2971,2,7200,1.00504880512
116539,116549,119785,10,3236,2,7200,1.00309023486
117281,236494,344533,119213,108039,2,108000,2.10342561482
117789,117833,121109,44,3276,2,7200,1.01343101343
117893,236617,344631,118724,108014,2,108000,2.09915381339
117930,117939,120927,9,2988,2,7200,1.00301204819
117987,117997,121088,10,3091,2,7200,1.00323519896
118023,118033,120933,10,2900,2,7200,1.00344827586
118031,118040,120932,9,2892,2,7200,1.0031120332
118037,118046,121121,9,3075,2,7200,1.00292682927
118055,118063,121120,8,3057,2,7200,1.00261694472
118067,118078,121118,11,3040,2,7200,1.00361842105
118073,118085,121285,12,3200,2,7200,1.00375
118100,118109,121231,9,3122,2,7200,1.00288276746
118117,118140,121126,23,2986,2,7200,1.00770261219
118132,118146,121348,14,3202,2,7200,1.00437226733
118181,118191,121097,10,2906,2,7200,1.00344115623
118195,118203,121377,8,3174,2,7200,1.00252047889
118210,118222,121501,12,3279,2,7200,1.00365965233
118221,118229,121337,8,3108,2,7200,1.00257400257
118223,118241,121434,18,3193,2,7200,1.00563733166
118225,118247,121043,22,2796,2,7200,1.0078683834
118243,118253,121453,10,3200,2,7200,1.003125
118257,118263,121463,6,3200,2,7200,1.001875
118265,118277,121483,12,3206,2,7200,1.00374298191
118281,118291,121470,10,3179,2,7200,1.00314564328
118337,118345,121314,8,2969,2,7200,1.00269450994
118351,118358,118686,7,328,8,3600,1.02134146341
118390,118403,118736,13,333,8,3600,1.03903903904
118395,118409,121571,14,3162,2,7200,1.00442757748
118410,118416,121514,6,3098,2,7200,1.00193673338
118419,118428,121484,9,3056,2,7200,1.00294502618
118423,118434,118762,11,328,8,3600,1.03353658537
118428,118440,121719,12,3279,2,7200,1.00365965233
118449,118462,121457,13,2995,2,7200,1.00434056761
118455,118468,118799,13,331,8,3600,1.03927492447
118464,118474,121661,10,3187,2,7200,1.0031377471
118481,118489,118819,8,330,8,3600,1.02424242424
118802,118817,121951,15,3134,2,7200,1.0047862157
118850,118859,122257,9,3398,2,7200,1.00264861683
118885,236483,237363,117598,880,16,180000,134.634090909
118893,118901,121865,8,2964,2,7200,1.00269905533
118956,118965,122041,9,3076,2,7200,1.00292587776
118989,118998,122258,9,3260,2,7200,1.0027607362
119006,236622,261464,117616,24842,2,90000,5.73456243459
119101,119107,119108,6,1,4,18000,1.0
119149,119159,122252,10,3093,2,7200,1.00323310702
119240,119247,122302,7,3055,2,7200,1.0022913257
119241,119254,122249,13,2995,2,7200,1.00434056761
119312,119319,119486,7,167,4,18000,1.04191616766
119362,119372,122457,10,3085,2,7200,1.00324149109
119477,119487,122638,10,3151,2,7200,1.00317359568
119508,119515,125072,7,5557,4,18000,1.00125967249
119742,236627,264734,116885,28107,2,90000,5.15857259757
119788,119797,122831,9,3034,2,7200,1.00296638102
120929,120939,123916,10,2977,2,7200,1.00335908633
120933,120945,124015,12,3070,2,7200,1.00390879479
120944,120952,123844,8,2892,2,7200,1.00276625173
121046,121055,124172,9,3117,2,7200,1.00288739172
121091,121099,123986,8,2887,2,7200,1.0027710426
121105,121112,124056,7,2944,2,7200,1.00237771739
121117,121123,124296,6,3173,2,7200,1.00189095493
121120,121130,124535,10,3405,2,7200,1.00293685756
121137,121143,124124,6,2981,2,7200,1.0020127474
121138,121150,124213,12,3063,2,7200,1.00391772772
121139,121156,124107,17,2951,2,7200,1.00576075906
121233,121242,124322,9,3080,2,7200,1.00292207792
121286,121297,124507,11,3210,2,7200,1.00342679128
121316,121325,124328,9,3003,2,7200,1.002997003
121340,121349,124471,9,3122,2,7200,1.00288276746
121349,121362,124428,13,3066,2,7200,1.00424005219
121379,121394,124562,15,3168,2,7200,1.00473484848
121437,121445,124444,8,2999,2,7200,1.00266755585
121457,121469,124534,12,3065,2,7200,1.00391517129
121458,121475,124543,17,3068,2,7200,1.0055410691
121472,121487,124654,15,3167,2,7200,1.00473634354
121473,121493,124607,20,3114,2,7200,1.00642260758
121485,121499,124559,14,3060,2,7200,1.0045751634
121486,121505,124622,19,3117,2,7200,1.00609560475
121503,121512,124394,9,2882,2,7200,1.00312283137
121518,121526,124568,8,3042,2,7200,1.00262984878
121572,121582,124835,10,3253,2,7200,1.00307408546
121662,121672,124742,10,3070,2,7200,1.00325732899
121717,121730,124891,13,3161,2,7200,1.00411262259
121867,121876,124846,9,2970,2,7200,1.00303030303
121955,121962,125082,7,3120,2,7200,1.00224358974
122042,122052,125302,10,3250,2,7200,1.00307692308
122252,122261,125411,9,3150,2,7200,1.00285714286
122254,122268,125403,14,3135,2,7200,1.00446570973
122269,122276,125412,7,3136,2,7200,1.00223214286
122271,122283,125370,12,3087,2,7200,1.00388726919
122304,122313,125410,9,3097,2,7200,1.0029060381
122461,122469,125611,8,3142,2,7200,1.00254614895
122639,122650,125705,11,3055,2,7200,1.00360065466
122832,122845,125916,13,3071,2,7200,1.00423314881
123845,123855,126946,10,3091,2,7200,1.00323519896
123917,123928,126986,11,3058,2,7200,1.0035971223
123990,123998,127198,8,3200,2,7200,1.0025
124018,124026,127380,8,3354,2,7200,1.00238521169
124049,124058,124182,9,124,64,1800,1.07258064516
124059,124067,127268,8,3201,2,7200,1.00249921899
124110,124118,127237,8,3119,2,7200,1.00256492466
124125,124135,127378,10,3243,2,7200,1.0030835646
124173,124184,127363,11,3179,2,7200,1.00346020761
124215,124224,127272,9,3048,2,7200,1.00295275591
124298,124308,127189,10,2881,2,7200,1.00347101701
124324,124333,127282,9,2949,2,7200,1.00305188199
124332,124340,127232,8,2892,2,7200,1.00276625173
124396,124405,127780,9,3375,2,7200,1.00266666667
124431,124440,127405,9,2965,2,7200,1.00303541315
124444,124455,127592,11,3137,2,7200,1.00350653491
124475,124484,127487,9,3003,2,7200,1.002997003
124509,124518,127683,9,3165,2,7200,1.0028436019
124536,124547,127686,11,3139,2,7200,1.00350430073
124538,124553,127625,15,3072,2,7200,1.0048828125
124544,124559,127478,15,2919,2,7200,1.00513874615
124562,124573,127732,11,3159,2,7200,1.00348211459
124565,124578,127796,13,3218,2,7200,1.00403977626
124580,124591,127811,11,3220,2,7200,1.00341614907
124609,124619,127680,10,3061,2,7200,1.00326690624
124612,124625,124729,13,104,64,1800,1.125
124626,124644,127601,18,2957,2,7200,1.00608725059
124654,124665,127521,11,2856,2,7200,1.00385154062
124743,124754,127841,11,3087,2,7200,1.00356333009
124838,124846,127973,8,3127,2,7200,1.00255836265
124849,124857,127993,8,3136,2,7200,1.00255102041
124892,124902,127955,10,3053,2,7200,1.00327546675
125085,125096,128115,11,3019,2,7200,1.00364359059
125305,125317,128338,12,3021,2,7200,1.00397219464
125371,125382,128311,11,2929,2,7200,1.00375554797
125405,125415,128487,10,3072,2,7200,1.00325520833
125420,125426,128435,6,3009,2,7200,1.00199401795
125421,125432,128501,11,3069,2,7200,1.00358422939
125423,125437,128713,14,3276,2,7200,1.00427350427
125613,125622,128710,9,3088,2,7200,1.00291450777
125706,125716,129142,10,3426,2,7200,1.00291885581
125713,125729,127969,16,2240,1,3600,1.00714285714
125717,125724,125733,7,9,8,1800,1.6
125880,125887,139350,7,13463,3,21600,1.00051994355
125918,125927,129057,9,3130,2,7200,1.00287539936
126141,126158,126172,17,14,8,1800,2.21428571429
126614,126624,128217,10,1593,1,10800,1.0062774639
126727,126738,126741,11,3,2,1800,1.4
126854,126860,135555,6,8695,16,18060,1.00069005175
126870,126877,126879,7,2,2,1800,1.0
126947,126958,130143,11,3185,2,7200,1.00345368917
126986,126993,127080,7,87,8,1800,1.08045977011
126989,126999,130202,10,3203,2,7200,1.00312207306
127191,127200,130335,9,3135,2,7200,1.0028708134
127200,127209,130399,9,3190,2,7200,1.00282131661
127233,127244,130485,11,3241,2,7200,1.00339401419
127239,127251,130559,12,3308,2,7200,1.00362756953
127269,127279,130327,10,3048,2,7200,1.0032808399
127284,127290,130252,6,2962,2,7200,1.00202565834
127285,127296,130258,11,2962,2,7200,1.00371370695
127366,127375,130555,9,3180,2,7200,1.00283018868
127381,127389,130712,8,3323,2,7200,1.00240746314
127381,127396,130559,15,3163,2,7200,1.00474233323
127408,127416,130557,8,3141,2,7200,1.00254695957
127481,127489,130532,8,3043,2,7200,1.00262898455
127496,127502,130447,6,2945,2,7200,1.00203735144
127522,127531,130559,9,3028,2,7200,1.00297225892
127595,127603,130543,8,2940,2,7200,1.00272108844
127610,127616,130689,6,3073,2,7200,1.00195248942
127628,127636,130559,8,2923,2,7200,1.00273691413
127682,127691,130559,9,2868,2,7200,1.00313807531
127695,127700,127821,5,121,64,1800,1.04132231405
127699,127706,130559,7,2853,2,7200,1.00245355766
127700,127712,130559,12,2847,2,7200,1.00421496312
127734,127743,130622,9,2879,2,7200,1.00312608545
127781,127791,130559,10,2768,2,7200,1.00361271676
127799,127807,130559,8,2752,2,7200,1.00290697674
127814,127823,130559,9,2736,2,7200,1.00328947368
127844,127852,130817,8,2965,2,7200,1.00269814503
127958,127966,130559,8,2593,2,7200,1.00308522946
127976,127986,130559,10,2573,2,7200,1.0038865138
127995,128006,130859,11,2853,2,7200,1.00385559061
128119,128126,131280,7,3154,2,7200,1.00221940393
128268,128279,129292,11,1013,1,14400,1.01085883514
128268,128274,129874,6,1600,1,10800,1.00375
128312,128322,131532,10,3210,2,7200,1.0031152648
128340,128349,131172,9,2823,2,7200,1.00318809777
128436,128442,200486,6,72044,6,72000,1.00008328244
128438,128448,131730,10,3282,2,7200,1.00304692261
128473,128479,129066,6,587,1,3620,1.01022146508
128489,128498,131482,9,2984,2,7200,1.00301608579
128504,128513,131381,9,2868,2,7200,1.00313807531
128715,128727,131788,12,3061,2,7200,1.00392028749
128716,128733,131788,17,3055,2,7200,1.00556464812
129059,129069,132255,10,3186,2,7200,1.00313873195
129144,129156,132051,12,2895,2,7200,1.00414507772
129762,129769,174625,7,44856,1,72000,1.00015605493
129883,129895,135366,12,5471,1,10800,1.00219338329
130147,130155,130559,8,404,2,7200,1.0198019802
130179,130186,131787,7,1601,8,3600,1.00437226733
130204,130213,130560,9,347,2,7200,1.02593659942
130255,130265,130560,10,295,2,7200,1.03389830508
130269,130275,130560,6,285,2,7200,1.02105263158
130329,130338,130560,9,222,2,7200,1.04054054054
130339,130351,133618,12,3267,2,7200,1.00367309458
130401,130410,130560,9,150,2,7200,1.06
130448,130458,133580,10,3122,2,7200,1.00320307495
130470,130478,133670,8,3192,8,14400,1.00250626566
130488,130501,133508,13,3007,2,7200,1.00432324576
130533,130543,133561,10,3018,2,7200,1.00331345262
130549,130555,133460,6,2905,2,7200,1.00206540448
130624,130634,133873,10,3239,2,7200,1.00308737265
130695,130701,133669,6,2968,2,7200,1.00202156334
130714,130720,134033,6,3313,2,7200,1.00181104739
130756,236643,380671,105887,144028,2,144000,1.73518343655
130820,130829,133941,9,3112,2,7200,1.00289203085
130863,130869,133743,6,2874,2,7200,1.00208768267
131175,131182,134235,7,3053,2,7200,1.00229282673
131249,131256,131257,7,1,16,14400,1.0
131281,131287,134407,6,3120,2,7200,1.00192307692
131382,131388,134301,6,2913,2,7200,1.00205973223
131482,131488,131489,6,1,16,18060,1.0
131485,131495,134600,10,3105,2,7200,1.00322061192
131534,131539,134647,5,3108,2,7200,1.00160875161
131733,131739,134807,6,3068,2,7200,1.00195567145
131791,131797,135068,6,3271,2,7200,1.00183430144
131792,131805,134790,13,2985,2,7200,1.00435510888
131936,131943,131946,7,3,2,1800,1.0
132053,132059,135242,6,3183,2,7200,1.00188501414
132101,132113,136356,12,4243,1,36000,1.0028281876
132223,132230,132232,7,2,2,1800,1.0
132258,132264,135424,6,3160,2,7200,1.00189873418
132733,236649,380669,103916,144020,2,144000,1.72153867518
133011,236654,276143,103643,39489,2,144000,3.62460432019
133277,236659,276589,103382,39930,2,144000,3.58908089156
133302,133323,137079,21,3756,1,3620,1.00559105431
133464,133470,136555,6,3085,2,7200,1.00194489465
133512,133518,136467,6,2949,2,7200,1.002034588
133563,133569,136679,6,3110,2,7200,1.00192926045
133564,133577,134743,13,1166,2,1200,1.01114922813
133583,133590,136536,7,2946,2,7200,1.00237610319
133619,133627,136755,8,3128,2,7200,1.00255754476
133672,133679,136678,7,2999,2,7200,1.00233411137
133745,133751,136850,6,3099,2,7200,1.00193610842
133875,133881,137332,6,3451,2,7200,1.00173862649
133944,133950,136834,6,2884,2,7200,1.00208044383
134035,134041,137222,6,3181,2,7200,1.00188619931
134116,236664,248109,102548,11445,2,108000,9.96006989952
134238,134244,137448,6,3204,2,7200,1.00187265918
134304,134311,137563,7,3252,2,7200,1.00215252153
134408,134419,137433,11,3014,2,7200,1.00364963504
134475,134482,138716,7,4234,2,54000,1.00165328295
134601,134607,137806,6,3199,2,7200,1.00187558612
134650,134656,137624,6,2968,2,7200,1.00202156334
134767,134773,134789,6,16,64,1800,1.375
134785,134792,138057,7,3265,2,7200,1.002143951
134810,134816,137947,6,3131,2,7200,1.00191632066
134854,134862,135642,8,780,2,54000,1.01025641026
134968,134980,134983,12,3,2,1800,1.5
135069,135076,137955,7,2879,2,7200,1.00243139979
135164,135171,135543,7,372,2,54000,1.0188172043
135244,135251,138369,7,3118,2,7200,1.00224502886
135253,135260,135330,7,70,4,900,1.1
135277,135283,135289,6,6,16,1800,1.2
135314,135321,135353,7,32,64,1800,1.21875
135419,135426,135504,7,78,4,900,1.08974358974
135425,135432,138599,7,3167,2,7200,1.00221029365
135469,135476,141009,7,5533,2,36000,1.00126513645
135525,135532,137132,7,1600,8,3600,1.004375
135539,135545,136150,6,605,1,10800,1.00991735537
135574,135582,135913,8,331,8,3600,1.02416918429
135599,135611,142834,12,7223,8,7200,1.00166135955
135609,135623,135670,14,47,4,900,1.29787234043
135864,135870,135903,6,33,16,300,1.18181818182
135962,135969,135974,7,5,4,600,1.2
136111,136118,136132,7,14,64,1800,1.5
136230,136237,136259,7,22,64,1800,1.31818181818
136244,136250,136763,6,513,1,10800,1.01169590643
136413,136423,136764,10,341,2,7260,1.0293255132
136434,136440,140789,6,4349,2,7260,1.0013796275
136472,136478,139538,6,3060,2,7200,1.00196078431
136538,136544,139372,6,2828,2,7200,1.00212164074
136556,136562,139509,6,2947,2,7200,1.00203596878
136681,136689,139915,8,3226,2,7200,1.00247985121
136682,136694,139706,12,3012,2,7200,1.00398406375
136711,136717,139809,6,3092,40,64800,1.00194049159
136758,136766,139998,8,3232,2,7200,1.00247524752
136767,136778,140791,11,4013,2,7260,1.00274109145
136807,136813,137289,6,476,64,1800,1.01260504202
136837,136845,139877,8,3032,2,7200,1.00263852243
136853,136866,140100,13,3234,2,7200,1.00401978973
136915,136922,137449,7,527,1,10800,1.01328273245
137039,137045,137048,6,3,2,300,1.0
137139,137146,137159,7,13,2,300,1.53846153846
137225,137234,140374,9,3140,2,7200,1.00286624204
137237,137244,137347,7,103,16,600,1.06796116505
137335,137344,140307,9,2963,2,7200,1.00303746203
137387,138202,138323,815,121,64,1800,7.73553719008
137436,137451,140715,15,3264,2,7200,1.00459558824
137451,137464,140434,13,2970,2,7200,1.00437710438
137565,137574,140664,9,3090,2,7200,1.00291262136
137613,137619,138094,6,475,1,3620,1.01263157895
137626,137635,140541,9,2906,2,7200,1.00309704061
137666,137672,138293,6,621,16,600,1.00966183575
137805,137812,137815,7,3,1,10800,1.0
137807,137818,140873,11,3055,2,7200,1.00360065466
137949,137958,140890,9,2932,2,7200,1.00306957708
137965,137971,141152,6,3181,2,7200,1.00188619931
138035,138043,138112,8,69,4,1800,1.11594202899
138059,138068,141175,9,3107,2,7200,1.00289668491
138373,138381,141289,8,2908,2,7200,1.00275103164
138603,138612,141563,9,2951,2,7200,1.00304981362
139009,139016,139216,7,200,1,10800,1.035
139186,236633,841467,97447,604834,8,604800,1.16111362787
139249,236638,841469,97389,604831,8,604800,1.16101853245
139321,236489,841301,97168,604812,16,604800,1.160658188
139373,139385,142590,12,3205,2,7200,1.00374414977
139512,139520,142592,8,3072,2,7200,1.00260416667
139539,139549,142490,10,2941,2,7200,1.00340020401
139708,139717,142772,9,3055,2,7200,1.00294599018
139760,139775,140805,15,1030,16,1200,1.0145631068
139763,139770,140997,7,1227,64,1200,1.00570497148
139837,139843,140284,6,441,1,10800,1.01360544218
139862,139868,143248,6,3380,40,57600,1.00177514793
139880,139889,143010,9,3121,2,7200,1.00288369112
139916,139926,142987,10,3061,2,7200,1.00326690624
140001,140009,143285,8,3276,2,7200,1.00244200244
140101,140122,143134,21,3012,2,7200,1.00697211155
140310,140319,143372,9,3053,2,7200,1.00294792008
140376,140385,143500,9,3115,2,7200,1.00288924559
140437,140445,143531,8,3086,2,7200,1.00259235256
140542,140552,143881,10,3329,2,7200,1.00300390508
140666,140678,143765,12,3087,2,7200,1.00388726919
140717,140726,143986,9,3260,2,7200,1.0027607362
140874,140884,144130,10,3246,2,7200,1.00308071473
140892,140901,143943,9,3042,2,7200,1.00295857988
141155,141163,144381,8,3218,2,7200,1.00248601616
141176,141186,144063,10,2877,2,7200,1.00347584289
141290,141302,144470,12,3168,2,7200,1.00378787879
141565,141574,144574,9,3000,2,7200,1.003
141648,141654,141657,6,3,4,600,1.0
141763,141771,141773,8,2,4,600,1.0
141800,141807,143400,7,1593,1,3620,1.00439422473
141838,141844,141961,6,117,64,1800,1.05128205128
142302,142309,142313,7,4,4,600,1.1
142365,142376,142496,11,120,64,1800,1.09166666667
142494,142503,145611,9,3108,2,7200,1.0028957529
142542,142548,142555,6,7,1,600,1.3
142574,142580,144983,6,2403,64,2400,1.0024968789
142579,142587,143693,8,1106,16,1200,1.00723327306
142594,142605,145838,11,3233,2,7200,1.00340241262
142596,142611,145649,15,3038,2,7200,1.00493745885
142773,142783,146029,10,3246,2,7200,1.00308071473
142991,142998,146337,7,3339,2,7200,1.00209643606
143012,143021,146173,9,3152,2,7200,1.00285532995
143136,143146,146134,10,2988,2,7200,1.00334672021
143219,143228,179273,9,36045,1,36000,1.00024968789
143258,143265,149320,7,6055,1,36000,1.00115606936
143286,143297,146365,11,3068,2,7200,1.00358539765
143304,143312,143314,8,2,4,600,1.0
143356,143364,150633,8,7269,40,57600,1.00110056404
143374,143383,146440,9,3057,2,7200,1.00294406281
143486,143497,144014,11,517,4,600,1.02127659574
143501,143511,146647,10,3136,2,7200,1.00318877551
143534,143542,146695,8,3153,2,7200,1.0025372661
143732,143738,144080,6,342,2,7260,1.01754385965
143759,143765,148251,6,4486,2,7260,1.00133749443
143766,143776,146923,10,3147,2,7200,1.00317762949
143884,143893,147035,9,3142,2,7200,1.00286441757
143944,143956,147180,12,3224,2,7200,1.00372208437
143987,143997,146891,10,2894,2,7200,1.00345542502
144065,144074,147071,9,2997,2,7200,1.003003003
144083,144091,151295,8,7204,2,7260,1.00111049417
144131,144141,147387,10,3246,2,7200,1.00308071473
144229,144235,144401,6,166,4,600,1.03614457831
144385,144392,147303,7,2911,2,7200,1.00240467193
144473,144511,147667,38,3156,2,7200,1.01204055767
144576,144585,147635,9,3050,2,7200,1.00295081967
144748,144760,144909,12,149,4,600,1.08053691275
145064,145077,146239,13,1162,12,36000,1.01118760757
145078,145095,145192,17,97,4,900,1.17525773196
145211,145217,145378,6,161,5,28800,1.03726708075
145216,145230,145690,14,460,4,900,1.03043478261
145292,145298,145455,6,157,5,28800,1.03821656051
145345,145351,145507,6,156,5,28800,1.03846153846
145367,145375,148958,8,3583,64,3600,1.00223276584
145368,145380,145532,12,152,5,28800,1.07894736842
145402,145408,145560,6,152,5,29400,1.03947368421
145416,145428,145875,12,447,16,1800,1.02684563758
145429,145468,145624,39,156,5,29400,1.25
145458,145519,145675,61,156,5,29400,1.39102564103
145484,145545,145700,61,155,5,29400,1.3935483871
145503,145573,145718,70,145,5,28800,1.48275862069
145517,145636,145793,119,157,5,28800,1.75796178344
145530,145693,145838,163,145,5,28800,2.12413793103
145559,145707,145935,148,228,5,28800,1.64912280702
145571,145714,145912,143,198,5,28800,1.72222222222
145585,145731,145875,146,144,5,28800,2.01388888889
145614,145622,148755,8,3133,2,7200,1.00255346313
145616,145627,145706,11,79,1,10800,1.13924050633
145650,145660,148650,10,2990,2,7200,1.00334448161
145840,145849,148998,9,3149,2,7200,1.00285805017
145898,145904,146037,6,133,1,10800,1.04511278195
146030,146040,149086,10,3046,2,7200,1.00328299409
146060,146067,146169,7,102,1,10800,1.06862745098
146136,146146,149361,10,3215,2,7200,1.00311041991
146175,146184,149560,9,3376,2,7200,1.00266587678
146196,146203,146457,7,254,1,10800,1.02755905512
146270,146277,146424,7,147,5,28800,1.04761904762
146338,146354,149481,16,3127,2,7200,1.0051167253
146368,146378,149465,10,3087,2,7200,1.00323939099
146371,146383,148037,12,1654,5,28800,1.00725513906
146371,146389,147725,18,1336,5,28800,1.01347305389
146371,146394,161427,23,15033,5,28800,1.00152996741
146372,146400,146555,28,155,5,28800,1.18064516129
146372,146471,147511,99,1040,5,28800,1.09519230769
146372,146405,146560,33,155,5,28800,1.21290322581
146372,146442,146598,70,156,5,28800,1.44871794872
146373,146610,146762,237,152,5,28800,2.55921052632
146373,146578,146738,205,160,5,28800,2.28125
146373,146571,146807,198,236,5,28800,1.83898305085
146374,146412,146512,38,100,10,28800,1.38
146374,146758,146922,384,164,5,28800,3.34146341463
146374,146417,146552,43,135,10,28800,1.31851851852
146374,146773,147275,399,502,5,28800,1.79482071713
146375,146679,146822,304,143,10,28800,3.12587412587
146375,146524,146622,149,98,10,28800,2.52040816327
146375,146563,146663,188,100,10,28800,2.88
146375,146635,146738,260,103,10,28800,3.52427184466
146376,146753,146844,377,91,10,28800,5.14285714286
146376,146819,146970,443,151,5,28800,3.93377483444
146376,146857,147017,481,160,5,28800,4.00625
146376,146833,148124,457,1291,10,28800,1.35398915569
146377,146983,147134,606,151,5,28800,5.01324503311
146377,147028,147182,651,154,5,28800,5.22727272727
146377,146940,147137,563,197,5,28800,3.8578680203
146377,147145,147291,768,146,5,28800,6.2602739726
146377,146862,147134,485,272,5,28800,2.78308823529
146378,147158,147383,780,225,5,28800,4.46666666667
146378,147199,147343,821,144,5,28800,6.70138888889
146378,147151,147348,773,197,5,28800,4.92385786802
146379,147286,147444,907,158,5,28800,6.74050632911
146379,147302,147448,923,146,5,28800,7.32191780822
146444,146454,149498,10,3044,2,7200,1.00328515112
146502,147355,147766,853,411,5,28800,3.07542579075
146580,147456,149048,876,1592,12,43200,1.55025125628
146649,146659,149643,10,2984,2,7200,1.00335120643
146697,146706,149871,9,3165,2,7200,1.0028436019
146894,146905,150135,11,3230,2,7200,1.00340557276
146924,146934,149893,10,2959,2,7200,1.00337952011
146968,147362,147886,394,524,1,7200,1.75190839695
147039,147046,150121,7,3075,2,7200,1.00227642276
147073,147082,150331,9,3249,2,7200,1.0027700831
147181,147191,150240,10,3049,2,7200,1.00327976386
147305,147315,150336,10,3021,2,7200,1.0033101622
147390,147398,150455,8,3057,2,7200,1.00261694472
147637,147646,150723,9,3077,2,7200,1.00292492688
147671,147683,150850,12,3167,2,7200,1.00378907483
148254,148261,148401,7,140,2,7260,1.05
148404,148411,148550,7,139,2,7260,1.05035971223
148413,148419,148550,6,131,2,7260,1.04580152672
148413,148424,151295,11,2871,2,7260,1.00383141762
148414,148432,151296,18,2864,2,7260,1.0062849162
148415,148437,151295,22,2858,2,7260,1.00769769069
148553,148561,151295,8,2734,2,7260,1.00292611558
148554,148568,151295,14,2727,2,7260,1.00513384672
148649,148656,148951,7,295,1,7200,1.02372881356
148650,148662,151666,12,3004,2,7200,1.00399467377
148756,148766,151928,10,3162,2,7200,1.00316255534
148967,148974,151620,7,2646,2,28800,1.00264550265
149000,149009,152063,9,3054,2,7200,1.00294695481
149028,149036,149192,8,156,1,7200,1.05128205128
149088,149097,152341,9,3244,2,7200,1.00277435265
149305,149311,149460,6,149,1,7200,1.04026845638
149362,149376,152527,14,3151,2,7200,1.00444303396
149468,149476,152606,8,3130,2,7200,1.00255591054
149482,149489,150076,7,587,1,7200,1.01192504259
149483,149495,152543,12,3048,2,7200,1.00393700787
149501,149509,152552,8,3043,2,7200,1.00262898455
149561,149573,152603,12,3030,2,7200,1.00396039604
149646,149654,152438,8,2784,2,7200,1.00287356322
149872,149882,152841,10,2959,2,7200,1.00337952011
149896,149905,153030,9,3125,2,7200,1.00288
150123,150135,153239,12,3104,2,7200,1.00386597938
150138,150146,153517,8,3371,2,7200,1.00237318303
150241,150251,153098,10,2847,2,7200,1.00351246927
150335,150342,153468,7,3126,2,7200,1.00223928343
150349,150356,153328,7,2972,2,7200,1.00235531629
150458,150467,153682,9,3215,2,7200,1.00279937792
150714,150720,164646,6,13926,40,14400,1.00043084877
150723,150734,153720,11,2986,2,7200,1.003683858
150851,150862,153935,11,3073,2,7200,1.00357956394
151669,151681,154800,12,3119,2,7200,1.00384738698
151931,151939,155034,8,3095,2,7200,1.00258481422
152064,152074,155180,10,3106,2,7200,1.00321957502
152344,152352,155437,8,3085,2,7200,1.00259319287
152441,152450,155522,9,3072,2,7200,1.0029296875
152528,152538,155679,10,3141,2,7200,1.00318369946
152543,152554,155620,11,3066,2,7200,1.00358773646
152558,152567,155725,9,3158,2,7200,1.002849905
152604,152625,155785,21,3160,2,7200,1.00664556962
152619,152631,155882,12,3251,2,7200,1.00369117195
152842,152852,155928,10,3076,2,7200,1.00325097529
153034,153041,156071,7,3030,2,7200,1.00231023102
153100,153109,156159,9,3050,2,7200,1.00295081967
153242,153251,156403,9,3152,2,7200,1.00285532995
153330,153339,156156,9,2817,2,7200,1.00319488818
153469,153479,156531,10,3052,2,7200,1.00327653997
153520,153528,156484,8,2956,2,7200,1.00270635995
153683,153693,156789,10,3096,2,7200,1.00322997416
153722,153731,156936,9,3205,2,7200,1.00280811232
153799,153812,154330,13,518,12,43200,1.0250965251
153936,153946,157163,10,3217,2,7200,1.00310848617
154065,154071,161393,6,7322,4,7200,1.00081944824
154438,154450,155112,12,662,1,14400,1.01812688822
154802,154811,158047,9,3236,2,7200,1.00278121137
154926,154936,156613,10,1677,12,18000,1.00596302922
155038,155046,158253,8,3207,2,7200,1.00249454319
155159,155166,198389,7,43223,11,43200,1.00016195081
155182,155192,158165,10,2973,2,7200,1.00336360579
155439,155448,158621,9,3173,2,7200,1.0028364324
155523,155533,158786,10,3253,2,7200,1.00307408546
155623,155631,158557,8,2926,2,7200,1.002734108
155680,155690,158970,10,3280,2,7200,1.00304878049
155728,155736,159064,8,3328,2,7200,1.00240384615
155789,155799,159028,10,3229,2,7200,1.00309693404
155882,155893,158905,11,3012,2,7200,1.00365205843
155931,155939,159046,8,3107,2,7200,1.00257483103
156072,156082,159210,10,3128,2,7200,1.00319693095
156162,156168,159201,6,3033,2,7200,1.00197823937
156163,156174,159233,11,3059,2,7200,1.00359594639
156405,156414,159446,9,3032,2,7200,1.00296833773
156486,156495,159848,9,3353,2,7200,1.00268416344
156531,156542,159699,11,3157,2,7200,1.00348432056
156791,156800,159940,9,3140,2,7200,1.00286624204
156939,156947,160082,8,3135,2,7200,1.00255183413
156981,156988,157644,7,656,12,7200,1.01067073171
157165,157174,160450,9,3276,2,7200,1.00274725275
157239,157245,169449,6,12204,12,28800,1.00049164208
157290,157301,161686,11,4385,12,28800,1.00250855188
158049,158059,160979,10,2920,2,7200,1.00342465753
158167,158177,161512,10,3335,2,7200,1.00299850075
158254,158264,161298,10,3034,2,7200,1.00329597891
158559,158568,161800,9,3232,2,7200,1.00278465347
158622,158632,161816,10,3184,2,7200,1.00314070352
158788,158797,161834,9,3037,2,7200,1.00296345077
158906,158916,161923,10,3007,2,7200,1.00332557366
158972,158981,162170,9,3189,2,7200,1.00282220132
159030,159039,162224,9,3185,2,7200,1.00282574568
159048,159057,162197,9,3140,2,7200,1.00286624204
159066,159077,162173,11,3096,2,7200,1.00355297158
159205,159213,162281,8,3068,2,7200,1.00260756193
159219,159226,162383,7,3157,2,7200,1.0022172949
159234,159244,162143,10,2899,2,7200,1.00344946533
159364,159393,159394,29,1,2,3540,3.0
159449,159457,162444,8,2987,2,7200,1.00267827251
159703,159710,163133,7,3423,2,7200,1.00204498978
159834,159840,163567,6,3727,1,3600,1.00160987389
159847,159859,163124,12,3265,2,7200,1.00367534456
159944,159953,163179,9,3226,2,7200,1.00278983261
160083,160093,162895,10,2802,2,7200,1.00356887937
160451,160461,163616,10,3155,2,7200,1.00316957211
160982,160990,164098,8,3108,2,7200,1.00257400257
161301,161309,164591,8,3282,2,7200,1.00243753809
161516,161523,164642,7,3119,2,7200,1.00224430907
161802,161817,164974,15,3157,2,7200,1.00475134621
161817,161827,164786,10,2959,2,7200,1.00337952011
161835,161849,164885,14,3036,2,7200,1.0046113307
161925,161934,164860,9,2926,2,7200,1.0030758715
162113,162120,163543,7,1423,12,10800,1.00491918482
162146,162155,165055,9,2900,2,7200,1.00310344828
162171,162177,164788,6,2611,1,3600,1.00229797013
162173,162183,165305,10,3122,2,7200,1.00320307495
162174,162189,165243,15,3054,2,7200,1.00491159136
162199,162208,165304,9,3096,2,7200,1.00290697674
162208,162214,162221,6,7,12,28800,1.3
162226,162235,165307,9,3072,2,7200,1.0029296875
162283,162292,165230,9,2938,2,7200,1.00306330837
162322,162333,163949,11,1616,4,7200,1.00680693069
162386,162394,165413,8,3019,2,7200,1.00264988407
162428,162434,191248,6,28814,12,28800,1.00020823211
162446,162455,165662,9,3207,2,7200,1.00280636109
162896,162911,166064,15,3153,2,7200,1.00475737393
163125,163135,166298,10,3163,2,7200,1.00316155549
163140,163149,166226,9,3077,2,7200,1.00292492688
163183,163194,166244,11,3050,2,7200,1.00360655738
163617,163627,166779,10,3152,2,7200,1.00317258883
164100,164109,167090,9,2981,2,7200,1.0030191211
164591,164602,167970,11,3368,2,7200,1.00326603325
164643,164653,167561,10,2908,2,7200,1.00343878955
164749,164755,178705,6,13950,40,14400,1.00043010753
164787,164802,167993,15,3191,2,7200,1.00470072078
164863,164871,167899,8,3028,2,7200,1.00264200793
164875,164882,177169,7,12287,1,36000,1.00056970782
164887,164902,167724,15,2822,2,7200,1.00531537916
164891,164908,179983,17,15075,1,36000,1.00112769486
164976,164985,168208,9,3223,2,7200,1.00279242941
165058,165066,168050,8,2984,2,7200,1.00268096515
165233,165242,168184,9,2942,2,7200,1.00305914344
165247,165254,168508,7,3254,2,7200,1.00215119852
165308,165316,168477,8,3161,2,7200,1.00253084467
165309,165321,168485,12,3164,2,7200,1.00379266751
165311,165328,168605,17,3277,2,7200,1.00518767165
165414,165429,168418,15,2989,2,7200,1.0050184008
165664,165673,168786,9,3113,2,7200,1.00289110183
165726,165732,165785,6,53,8,1800,1.11320754717
165879,165889,166557,10,668,8,1800,1.01497005988
166066,166075,169098,9,3023,2,7200,1.00297717499
166229,166241,169265,12,3024,2,7200,1.00396825397
166247,166258,169383,11,3125,2,7200,1.00352
166302,166309,169449,7,3140,2,7200,1.00222929936
166782,166790,169969,8,3179,2,7200,1.00251651463
167093,167101,169978,8,2877,2,7200,1.00278067431
167563,167576,170787,13,3211,2,7200,1.004048583
167726,167736,170899,10,3163,2,7200,1.00316155549
167773,167779,167992,6,213,8,1800,1.02816901408
167901,167910,171064,9,3154,2,7200,1.00285351934
167971,167981,171311,10,3330,2,7200,1.003003003
167995,168007,171193,12,3186,2,7200,1.00376647834
168052,168066,170931,14,2865,2,7200,1.00488656195
168119,168126,168472,7,346,8,900,1.02023121387
168185,168195,171254,10,3059,2,7200,1.00326904217
168209,168219,171152,10,2933,2,7200,1.00340947835
168421,168429,171677,8,3248,2,7200,1.00246305419
168478,168488,171593,10,3105,2,7200,1.00322061192
168495,168502,171643,7,3141,2,7200,1.00222858962
168510,168520,171714,10,3194,2,7200,1.00313087038
168549,168556,168940,7,384,8,900,1.01822916667
168606,168616,171795,10,3179,2,7200,1.00314564328
168787,168803,171809,16,3006,2,7200,1.00532268796
168977,168987,169040,10,53,8,1800,1.18867924528
169102,169109,172049,7,2940,2,7200,1.00238095238
169268,169276,172281,8,3005,2,7200,1.00266222962
169385,169394,172560,9,3166,2,7200,1.00284270373
169452,169460,172539,8,3079,2,7200,1.00259824618
169518,169524,169586,6,62,8,1800,1.09677419355
169678,169684,169747,6,63,8,1800,1.09523809524
169792,169799,169846,7,47,4,32400,1.14893617021
169816,169824,169846,8,22,4,32400,1.36363636364
169971,169980,173005,9,3025,2,7200,1.00297520661
169985,169991,172970,6,2979,2,7200,1.00201409869
170162,170168,170933,6,765,12,14400,1.00784313725
170176,170191,170192,15,1,1,240,1.6
170788,170798,173943,10,3145,2,7200,1.00317965024
170900,170910,173813,10,2903,2,7200,1.00344471237
170935,170942,173882,7,2940,2,7200,1.00238095238
171068,171075,174103,7,3028,2,7200,1.00231175694
171155,171164,174139,9,2975,2,7200,1.00302521008
171194,171204,174145,10,2941,2,7200,1.00340020401
171255,171266,174260,11,2994,2,7200,1.0036740147
171312,171325,174227,13,2902,2,7200,1.00447966919
171593,171606,174954,13,3348,2,7200,1.00388291517
171645,171654,174685,9,3031,2,7200,1.00296931706
171678,171688,174678,10,2990,2,7200,1.00334448161
171718,171725,174852,7,3127,2,7200,1.00223856732
171797,171806,174978,9,3172,2,7200,1.00283732661
171812,171825,174877,13,3052,2,7200,1.00425950197
171951,171958,172455,7,497,1,7200,1.01408450704
172050,172060,175275,10,3215,2,7200,1.00311041991
172283,172292,175302,9,3010,2,7200,1.00299003322
172539,172550,175407,11,2857,2,7200,1.00385019251
172564,172572,175574,8,3002,2,7200,1.00266489007
172745,172752,173283,7,531,1,7200,1.0131826742
172974,172988,176204,14,3216,2,7200,1.00435323383
173007,173016,175957,9,2941,2,7200,1.00306018361
173317,173323,174329,6,1006,1,7200,1.00596421471
173815,173829,176706,14,2877,2,7200,1.00486618005
173885,173894,177069,9,3175,2,7200,1.00283464567
173945,173954,176954,9,3000,2,7200,1.003
174105,174114,177008,9,2894,2,7200,1.00310988252
174141,174156,177400,15,3244,2,7200,1.00462392109
174156,174162,177224,6,3062,2,7200,1.00195950359
174228,174244,177273,16,3029,2,7200,1.00528227138
174262,174271,177389,9,3118,2,7200,1.00288646568
174681,174700,177621,19,2921,2,7200,1.0065046217
174696,174707,177735,11,3028,2,7200,1.0036327609
174759,174765,175366,6,601,1,7200,1.00998336106
174853,174863,177869,10,3006,2,7200,1.00332667997
174880,174888,177832,8,2944,2,7200,1.0027173913
174956,174965,177996,9,3031,2,7200,1.00296931706
174980,174989,177946,9,2957,2,7200,1.0030436253
175276,175286,178151,10,2865,2,7200,1.0034904014
175303,175313,178393,10,3080,2,7200,1.00324675325
175409,175418,178403,9,2985,2,7200,1.00301507538
175538,175545,176116,7,571,1,7200,1.0122591944
175578,175586,178591,8,3005,2,7200,1.00266222962
175958,175968,179014,10,3046,2,7200,1.00328299409
176205,176215,179140,10,2925,2,7200,1.00341880342
176214,176222,177165,8,943,1,7200,1.0084835631
176709,176717,179750,8,3033,2,7200,1.00263765249
176957,176967,179979,10,3012,2,7200,1.00332005312
177011,177019,180109,8,3090,2,7200,1.00258899676
177071,177080,180135,9,3055,2,7200,1.00294599018
177225,177235,180389,10,3154,2,7200,1.00317057705
177276,177285,180227,9,2942,2,7200,1.00305914344
177391,177400,180553,9,3153,2,7200,1.00285442436
177406,177412,180834,6,3422,2,7200,1.00175336061
177623,177632,180858,9,3226,2,7200,1.00278983261
177735,177746,180817,11,3071,2,7200,1.00358189515
177835,177843,181213,8,3370,2,7200,1.00237388724
177871,177881,181083,10,3202,2,7200,1.00312304809
177947,177956,181106,9,3150,2,7200,1.00285714286
177998,178007,181047,9,3040,2,7200,1.00296052632
178155,178167,181223,12,3056,2,7200,1.00392670157
178394,178404,181439,10,3035,2,7200,1.00329489292
178409,178415,181380,6,2965,2,7200,1.00202360877
178593,178603,181628,10,3025,2,7200,1.00330578512
179015,179021,182080,6,3059,2,7200,1.0019614253
179142,179148,182239,6,3091,2,7200,1.00194111938
179751,179763,182801,12,3038,2,7200,1.00394996708
179980,179986,182993,6,3007,2,7200,1.0019953442
180110,180116,183162,6,3046,2,7200,1.00196979645
180137,180143,183005,6,2862,2,7200,1.00209643606
180231,180237,183370,6,3133,2,7200,1.00191509735
180391,180397,183579,6,3182,2,7200,1.00188560654
180554,180560,183750,6,3190,2,7200,1.00188087774
180820,180831,184127,11,3296,2,7200,1.00333737864
180835,180841,183774,6,2933,2,7200,1.00204568701
180859,180865,183981,6,3116,2,7200,1.00192554557
181049,181055,184012,6,2957,2,7200,1.00202908353
181086,181092,184318,6,3226,2,7200,1.00185988841
181107,181113,184046,6,2933,2,7200,1.00204568701
181215,181221,184097,6,2876,2,7200,1.00208623088
181230,181240,184284,10,3044,2,7200,1.00328515112
181382,181389,184513,7,3124,2,7200,1.00224071703
181442,181448,184416,6,2968,2,7200,1.00202156334
181554,181560,185167,6,3607,1,3600,1.00166343222
181629,181636,184760,7,3124,2,7200,1.00224071703
182082,182089,185260,7,3171,2,7200,1.00220750552
182239,182245,185393,6,3148,2,7200,1.00190597205
182803,182810,185836,7,3026,2,7200,1.00231328486
182997,183006,186311,9,3305,2,7200,1.00272314675
183012,183022,185991,10,2969,2,7200,1.00336813742
183166,183172,186388,6,3216,2,7200,1.00186567164
183371,183377,186644,6,3267,2,7200,1.00183654729
183582,183588,186661,6,3073,2,7200,1.00195248942
183751,183757,186925,6,3168,2,7200,1.00189393939
183775,183784,186686,9,2902,2,7200,1.00310130944
183984,183990,187100,6,3110,2,7200,1.00192926045
184014,184020,187146,6,3126,2,7200,1.0019193858
184047,184053,187132,6,3079,2,7200,1.00194868464
184098,184104,187145,6,3041,2,7200,1.00197303519
184128,184135,187123,7,2988,2,7200,1.00234270415
184286,184297,187295,11,2998,2,7200,1.00366911274
184319,184329,187266,10,2937,2,7200,1.00340483487
184418,184424,187705,6,3281,2,7200,1.00182871076
184517,184523,187503,6,2980,2,7200,1.00201342282
184763,184769,187637,6,2868,2,7200,1.00209205021
185129,185135,185143,6,8,1,1800,1.4
185261,185268,188278,7,3010,2,7200,1.0023255814
185274,185280,185457,6,177,1,3600,1.03389830508
185381,185387,185468,6,81,1,1800,1.07407407407
185394,185400,188402,6,3002,2,7200,1.00199866755
185475,185481,185778,6,297,1,3600,1.0202020202
185593,185599,186285,6,686,1,3600,1.00874635569
185763,185770,185864,7,94,1,1800,1.07446808511
185838,185848,188904,10,3056,2,7200,1.00327225131
185903,185910,186496,7,586,1,3600,1.01194539249
185992,185999,188969,7,2970,2,7200,1.00235690236
186312,186318,189541,6,3223,2,7200,1.00186161961
186391,186402,189494,11,3092,2,7200,1.00355756792
186519,186525,187381,6,856,1,3600,1.00700934579
186644,186651,189732,7,3081,2,7200,1.00227198961
186662,186671,189820,9,3149,2,7200,1.00285805017
186689,186696,189804,7,3108,2,7200,1.00225225225
186715,186722,187101,7,379,1,1800,1.01846965699
186721,186729,187570,8,841,1,3600,1.00951248514
186928,186934,189919,6,2985,2,7200,1.00201005025
187103,187109,190144,6,3035,2,7200,1.00197693575
187125,187131,190373,6,3242,2,7200,1.00185070944
187140,187146,190185,6,3039,2,7200,1.00197433366
187155,187162,190316,7,3154,2,7200,1.00221940393
187157,187168,190498,11,3330,2,7200,1.0033033033
187269,187275,190507,6,3232,2,7200,1.00185643564
187296,187308,190395,12,3087,2,7200,1.00388726919
187504,187510,190494,6,2984,2,7200,1.00201072386
187640,187646,190764,6,3118,2,7200,1.00192431046
187706,187712,190950,6,3238,2,7200,1.00185299568
187863,187874,187879,11,5,1,3600,1.6
187864,187879,187885,15,6,1,1800,2.1
187984,187993,188166,9,173,1,3600,1.05202312139
188065,188072,188109,7,37,1,1800,1.18918918919
188279,188287,191373,8,3086,2,7200,1.00259235256
188288,188299,188653,11,354,1,3600,1.03107344633
188334,188341,188413,7,72,1,1800,1.09722222222
188372,188378,188519,6,141,1,3600,1.04255319149
188403,188409,191373,6,2964,2,7200,1.0020242915
188644,188650,188894,6,244,1,3600,1.02459016393
188907,188913,192011,6,3098,2,7200,1.00193673338
188942,188952,189480,10,528,1,3600,1.01893939394
188970,188976,191932,6,2956,2,7200,1.00202976996
189156,189163,189422,7,259,1,1800,1.02702702703
189176,189183,189677,7,494,1,3600,1.01417004049
189495,189502,192569,7,3067,2,7200,1.00228236061
189544,189550,192430,6,2880,2,7200,1.00208333333
189735,189741,192702,6,2961,2,7200,1.00202634245
189798,189805,192923,7,3118,2,7200,1.00224502886
189823,189831,192931,8,3100,2,7200,1.00258064516
189922,189928,192952,6,3024,2,7200,1.00198412698
190146,190152,193277,6,3125,2,7200,1.00192
190188,190194,193220,6,3026,2,7200,1.0019828156
190318,190324,193497,6,3173,2,7200,1.00189095493
190375,190381,193397,6,3016,2,7200,1.00198938992
190396,190403,193508,7,3105,2,7200,1.00225442834
190496,190502,193570,6,3068,2,7200,1.00195567145
190511,190523,193596,12,3073,2,7200,1.00390497885
190513,190529,193799,16,3270,2,7200,1.00489296636
190766,190773,193696,7,2923,2,7200,1.00239479986
190950,190960,194113,10,3153,2,7200,1.00317158262
191377,191383,194401,6,3018,2,7200,1.00198807157
191378,191390,194364,12,2974,2,7200,1.00403496974
191934,191940,194934,6,2994,2,7200,1.00200400802
192012,192018,195211,6,3193,2,7200,1.00187911055
192432,192438,195438,6,3000,2,7200,1.002
192571,192582,195446,11,2864,2,7200,1.00384078212
192699,192706,192783,7,77,1,1800,1.09090909091
192704,192712,195786,8,3074,2,7200,1.00260247235
192924,192930,195875,6,2945,2,7200,1.00203735144
192939,192945,195990,6,3045,2,7200,1.00197044335
192954,192964,196152,10,3188,2,7200,1.00313676286
193026,193033,193125,7,92,1,1800,1.07608695652
193223,193230,196329,7,3099,2,7200,1.00225879316
193281,193287,196246,6,2959,2,7200,1.00202771206
193399,193405,196627,6,3222,2,7200,1.00186219739
193498,193504,196461,6,2957,2,7200,1.00202908353
193513,193519,196677,6,3158,2,7200,1.00189993667
193573,193580,196893,7,3313,2,7200,1.00211288862
193598,193605,196885,7,3280,2,7200,1.00213414634
193634,193646,194010,12,364,1,1800,1.03296703297
193697,193705,196819,8,3114,2,7200,1.00256904303
193800,193806,197018,6,3212,2,7200,1.00186799502
194114,194120,197276,6,3156,2,7200,1.00190114068
194368,194374,197569,6,3195,2,7200,1.00187793427
194404,236506,239626,42102,3120,2,7200,14.4942307692
194936,236512,239687,41576,3175,2,7200,14.0948031496
195213,236521,239680,41308,3159,2,7200,14.0762899652
195439,236526,239581,41087,3055,2,7200,14.4490998363
195454,236531,239440,41077,2909,2,7200,15.1206600206
195789,236537,239803,40748,3266,2,7200,13.47642376
195816,195822,195862,6,40,1,1800,1.15
195877,236542,239695,40665,3153,2,7200,13.8972407231
195992,236547,239578,40555,3031,2,7200,14.3800725833
196107,196115,196184,8,69,1,1800,1.11594202899
196155,236553,239599,40398,3046,2,7200,14.2626395272
196249,236558,239658,40309,3100,2,7200,14.0029032258
196276,196283,203496,7,7213,1,7200,1.00097046998
196330,236563,239583,40233,3020,2,7200,14.3221854305
196463,236569,239868,40106,3299,2,7200,13.157017278
196629,236574,239894,39945,3320,2,7200,13.031626506
196680,236579,239546,39899,2967,2,7200,14.4475901584
196816,196823,197063,7,240,1,1800,1.02916666667
196822,236585,239717,39763,3132,2,7200,13.6957215837
196888,236590,239668,39702,3078,2,7200,13.8986354776
196903,236595,239603,39692,3008,2,7200,14.1954787234
197021,236601,239440,39580,2839,2,7200,14.9415287073
197278,236606,240065,39328,3459,2,7200,12.3697600463
197570,236611,239766,39041,3155,2,7200,13.3743264659
204752,237586,294444,32834,56858,3,216000,1.57747370643
205326,237592,250059,32266,12467,2,604800,3.58811261731
205382,238400,252098,33018,13698,2,604800,3.41042487954
205389,238406,254771,33017,16365,2,604800,3.01753742744
205431,238805,843627,33374,604822,2,604800,1.0551798711
205444,238810,250618,33366,11808,2,604800,3.82571138211
205453,238816,843622,33363,604806,2,604800,1.05516314322
205462,238821,247530,33359,8709,2,604800,4.83040532782
205810,237380,291471,31570,54091,4,90000,1.58364607791
230564,238831,316534,8267,77703,2,460800,1.10639228859
230564,239201,239393,8637,192,2,600,45.984375
230564,238800,287477,8236,48677,11,108000,1.16919695133
230564,238826,238935,8262,109,8,1800,76.7981651376
230564,236387,238783,5823,2396,64,4500,3.43030050083
230564,237391,238388,6827,997,5,28800,7.84754262788
230564,237386,237575,6822,189,5,28800,37.0952380952
230564,237441,237442,6877,1,1,36000,687.8
230564,237397,237430,6833,33,1,68400,208.060606061
231018,231026,232038,8,1012,256,1800,1.00790513834
232919,233985,234256,1066,271,256,1800,4.93357933579
233032,237452,254670,4420,17218,1,32400,1.25670809618
233921,238842,239182,4921,340,4,300,15.4735294118
233921,238837,239182,4916,345,4,300,15.2492753623
234144,238853,239182,4709,329,4,300,15.3130699088
234144,238847,239183,4703,336,4,300,14.9970238095
234279,238794,251247,4515,12453,12,86400,1.36256323777
234590,234596,234829,6,233,128,1800,1.02575107296
234890,238858,239182,3968,324,4,300,13.2469135802
234890,238863,239183,3973,320,4,300,13.415625
235112,235118,235345,6,227,64,1800,1.02643171806
235119,238946,239272,3827,326,4,300,12.7392638037
235119,238952,239273,3833,321,4,300,12.9408099688
235504,235563,235763,59,200,16,1800,1.295
235885,235891,236091,6,200,8,1800,1.03
236905,237375,243087,470,5712,1,7200,1.08228291317
237255,239207,239542,1952,335,4,300,6.82686567164
237255,239218,239549,1963,331,4,300,6.93051359517
239447,239593,242458,146,2865,2,7200,1.05095986038
239448,239598,242705,150,3107,2,7200,1.04827808175
239548,239604,242748,56,3144,2,7200,1.01781170483
239582,239609,242684,27,3075,2,7200,1.0087804878
239597,239620,242649,23,3029,2,7200,1.0075932651
239598,239625,242619,27,2994,2,7200,1.00901803607
239614,239631,242499,17,2868,2,7200,1.00592747559
239615,239666,242789,51,3123,2,7200,1.01633045149
239630,239672,242447,42,2775,2,7200,1.01513513514
239660,239678,242707,18,3029,2,7200,1.0059425553
239675,239691,242714,16,3023,2,7200,1.00529275554
239690,239698,242780,8,3082,2,7200,1.00259571707
239692,239706,242746,14,3040,2,7200,1.00460526316
239707,239728,242821,21,3093,2,7200,1.00678952473
239722,239734,242610,12,2876,2,7200,1.00417246175
239736,239742,239863,6,121,8,21600,1.04958677686
239767,239778,242696,11,2918,2,7200,1.00376970528
239816,239876,242998,60,3122,2,7200,1.01921844971
239871,239882,242903,11,3021,2,7200,1.00364117842
239873,239887,361481,14,121594,6,360000,1.00011513726
239898,239906,242963,8,3057,2,7200,1.00261694472
240067,240076,243060,9,2984,2,7200,1.00301608579
240264,240270,330849,6,90579,6,3600,1.00006624052
241317,241323,241931,6,608,11,600,1.00986842105
241712,241718,242058,6,340,2,7260,1.01764705882
241739,241745,246244,6,4499,2,7260,1.0013336297
241937,241943,241944,6,1,2,7260,1.0
242004,242010,242449,6,439,1,14400,1.01366742597
242061,242067,249272,6,7205,2,7260,1.00083275503
242160,242166,244357,6,2191,1,14400,1.00273847558
242246,242252,244443,6,2191,1,14400,1.00273847558
242349,242355,244545,6,2190,1,14400,1.00273972603
242448,242458,245535,10,3077,2,7200,1.00324991875
242463,242469,245851,6,3382,2,7200,1.00177409817
242502,242512,245444,10,2932,2,7200,1.0034106412
242614,242621,245810,7,3189,2,7200,1.00219504547
242629,242635,245621,6,2986,2,7200,1.00200937709
242650,242660,245872,10,3212,2,7200,1.00311332503
242686,242696,245812,10,3116,2,7200,1.00320924262
242701,242707,245564,6,2857,2,7200,1.00210010501
242717,242723,245801,6,3078,2,7200,1.00194931774
242718,242729,245770,11,3041,2,7200,1.00361723117
242719,242735,245786,16,3051,2,7200,1.00524418224
242750,242759,245799,9,3040,2,7200,1.00296052632
242751,242765,245899,14,3134,2,7200,1.00446713465
242781,242791,245717,10,2926,2,7200,1.003417635
242796,242802,245783,6,2981,2,7200,1.0020127474
242824,242832,245875,8,3043,2,7200,1.00262898455
242905,242915,245965,10,3050,2,7200,1.00327868852
242966,242974,246134,8,3160,2,7200,1.00253164557
242999,243009,245994,10,2985,2,7200,1.00335008375
243062,243072,246070,10,2998,2,7200,1.00333555704
243164,243170,261701,6,18531,1,36000,1.00032378177
243885,243891,243902,6,11,8,86400,1.54545454545
243963,243969,246971,6,3002,8,86400,1.00199866755
243963,244454,247064,491,2610,8,86400,1.18812260536
243964,247075,249927,3111,2852,8,86400,2.09081346424
243964,246982,250016,3018,3034,8,86400,1.99472643375
244735,244741,247814,6,3073,1,21600,1.00195248942
244748,247825,251608,3077,3783,1,14400,1.81337562781
244783,249283,252125,4500,2842,1,14400,2.58339197748
245446,245455,248610,9,3155,2,7200,1.0028526149
245533,245547,248615,14,3068,2,7200,1.00456323338
245566,245578,248597,12,3019,2,7200,1.0039748261
245623,245632,248681,9,3049,2,7200,1.00295178747
245720,245728,248836,8,3108,2,7200,1.00257400257
245726,246256,246257,530,1,2,3540,53.1
245771,245782,248656,11,2874,2,7200,1.00382741823
245786,245797,249055,11,3258,2,7200,1.00337630448
245788,245802,249138,14,3336,2,7200,1.00419664269
245803,245810,249077,7,3267,2,7200,1.00214263851
245804,245817,248708,13,2891,2,7200,1.00449671394
245820,245826,249171,6,3345,2,7200,1.00179372197
245821,245833,248720,12,2887,2,7200,1.00415656391
245854,245863,248994,9,3131,2,7200,1.002874481
245876,245883,248983,7,3100,2,7200,1.00225806452
245877,245889,248828,12,2939,2,7200,1.00408302144
245901,245910,248944,9,3034,2,7200,1.00296638102
245968,245977,249148,9,3171,2,7200,1.00283822138
245995,246005,248996,10,2991,2,7200,1.00334336342
246073,246081,249184,8,3103,2,7200,1.00257815018
246137,246145,249335,8,3190,2,7200,1.00250783699
246247,246269,246394,22,125,2,7260,1.176
246397,246406,246555,9,149,2,7260,1.06040268456
246411,247542,249272,1131,1730,2,7260,1.65375722543
246411,246567,249272,156,2705,2,7260,1.05767097967
246412,248185,249272,1773,1087,2,7260,2.63109475621
248177,249938,255934,1761,5996,12,28800,1.2936957972
248598,248608,251762,10,3154,2,7200,1.00317057705
248613,248622,251644,9,3022,2,7200,1.00297816016
248628,248634,251865,6,3231,2,7200,1.00185701021
248658,248667,251795,9,3128,2,7200,1.00287723785
248683,248692,251994,9,3302,2,7200,1.00272562084
248710,248719,251869,9,3150,2,7200,1.00285714286
248725,248731,251884,6,3153,2,7200,1.00190294957
248831,248840,252010,9,3170,2,7200,1.00283911672
248832,251550,252689,2718,1139,5,28800,3.38630377524
248833,253670,254422,4837,752,5,28800,7.43218085106
248833,252701,253796,3868,1095,5,28800,4.53242009132
248833,252826,253658,3993,832,5,28800,5.79927884615
248833,252110,252814,3277,704,5,28800,5.65482954545
248834,254433,255206,5599,773,5,28800,8.24320827943
248834,253809,254735,4975,926,5,28800,6.37257019438
248834,255322,256313,6488,991,5,28800,7.54692230071
248834,255453,256727,6619,1274,5,28800,6.19544740973
248834,254747,255310,5913,563,5,28800,11.5026642984
248835,251258,251751,2423,493,10,28800,5.91480730223
248835,255502,258869,6667,3367,5,28800,2.9801009801
248835,255458,256638,6623,1180,5,28800,6.61271186441
248835,251764,252511,2929,747,10,28800,4.92101740295
248836,253987,254502,5151,515,10,28800,11.0019417476
248836,254515,254919,5679,404,10,28800,15.0569306931
248836,253397,253975,4561,578,10,28800,8.89100346021
248836,252522,252949,3686,427,10,28800,9.63231850117
248836,252961,253385,4125,424,10,28800,10.7287735849
248837,254931,255326,6094,395,10,28800,16.4278481013
248837,255582,256437,6745,855,5,28800,8.88888888889
248837,255721,256649,6884,928,5,28800,8.41810344828
248837,255577,256788,6740,1211,5,28800,6.56564822461
248837,256325,256895,7488,570,5,28800,14.1368421053
248838,256449,257760,7611,1311,5,28800,6.80549199085
248838,256661,257395,7823,734,5,28800,11.6580381471
248838,256739,257698,7901,959,5,28800,9.23879040667
248838,256651,257225,7813,574,5,28800,14.6114982578
248839,256907,257970,8068,1063,5,28800,8.58984007526
248839,256800,257886,7961,1086,5,28800,8.33057090239
248839,257259,258359,8420,1100,5,28800,8.65454545455
248839,257238,258664,8399,1426,5,28800,6.88990182328
248845,248851,251842,6,2991,2,7200,1.00200601805
248884,257264,258856,8380,1592,5,28800,6.26381909548
248919,257407,258471,8488,1064,5,28800,8.97744360902
248945,248955,252264,10,3309,2,7200,1.00302206105
248984,248994,252137,10,3143,2,7200,1.00318167356
249000,249005,252136,5,3131,2,7200,1.00159693389
249001,249012,252132,11,3120,2,7200,1.00352564103
249055,249066,252137,11,3071,2,7200,1.00358189515
249079,249088,252141,9,3053,2,7200,1.00294792008
249140,249149,252124,9,2975,2,7200,1.00302521008
249155,249161,252099,6,2938,2,7200,1.00204220558
249173,249182,252289,9,3107,2,7200,1.00289668491
249188,249196,252340,8,3144,2,7200,1.00254452926
249339,249347,252537,8,3190,2,7200,1.00250783699
249964,249980,251075,16,1095,1,1800,1.01461187215
249964,249975,251076,11,1101,1,1800,1.00999091735
249964,250071,251431,107,1360,2,1800,1.07867647059
249964,249970,251070,6,1100,1,1800,1.00545454545
249964,250629,251996,665,1367,2,1800,1.48646671544
249965,252465,254082,2500,1617,4,1800,2.54607297464
249965,254094,255703,4129,1609,4,1800,3.56619018024
249965,251089,252453,1124,1364,2,1800,1.82404692082
249965,257709,259321,7744,1612,4,1800,5.80397022333
249966,250029,251879,63,1850,8,1800,1.03405405405
249966,261575,263404,11609,1829,16,1800,7.34718425369
249966,253736,255565,3770,1829,8,1800,3.0612356479
249966,251896,253724,1930,1828,8,1800,2.05579868709
249967,267107,268941,17140,1834,32,1800,10.3456924755
249967,265262,267094,15295,1832,32,1800,9.34879912664
249967,263415,265250,13448,1835,16,1800,8.32861035422
249967,263032,264839,13065,1807,16,1800,8.23021582734
249967,268952,270785,18985,1833,32,1800,11.3573376978
250191,251300,251395,1109,95,1,1800,12.6736842105
250191,251264,251361,1073,97,2,1800,12.0618556701
250191,251194,251288,1003,94,1,1800,11.670212766
250191,251081,251182,890,101,1,1800,9.81188118812
250192,251442,251539,1250,97,2,1800,13.8865979381
250192,251372,251485,1180,113,2,1800,11.4424778761
250192,257902,258032,7710,130,4,1800,60.3076923077
250192,257981,258117,7789,136,4,1800,58.2720588235
250193,255225,255331,5032,106,8,1800,48.4716981132
250193,255344,255489,5151,145,8,1800,36.524137931
250193,255337,255441,5144,104,8,1800,50.4615384615
250193,258044,258186,7851,142,4,1800,56.2887323944
250194,264148,264290,13954,142,16,1800,99.2676056338
250194,264302,264443,14108,141,16,1800,101.056737589
250194,264456,264612,14262,156,16,1800,92.4230769231
250194,270938,271081,20744,143,32,1800,146.062937063
250194,270796,270925,20602,129,32,1800,160.705426357
250195,312214,312366,62019,152,64,1800,409.019736842
250195,312377,312533,62182,156,64,1800,399.602564103
250195,312054,312202,61859,148,64,1800,418.966216216
250195,271094,271242,20899,148,32,1800,142.209459459
251647,251655,254697,8,3042,2,7200,1.00262984878
251765,251773,254849,8,3076,2,7200,1.00260078023
251798,251806,254979,8,3173,2,7200,1.00252127324
251843,251853,254766,10,2913,2,7200,1.00343288706
251868,251876,254921,8,3045,2,7200,1.0026272578
251882,251889,254929,7,3040,2,7200,1.00230263158
251897,251903,255047,6,3144,2,7200,1.00190839695
251997,252005,254921,8,2916,2,7200,1.00274348422
252012,252022,255123,10,3101,2,7200,1.0032247662
252102,252116,255192,14,3076,2,7200,1.00455136541
252126,252135,255189,9,3054,2,7200,1.00294695481
252142,252149,255140,7,2991,2,7200,1.0023403544
252144,252155,255245,11,3090,2,7200,1.00355987055
252145,252161,255314,16,3153,2,7200,1.00507453219
252146,252166,255195,20,3029,2,7200,1.00660283922
252148,252172,255043,24,2871,2,7200,1.00835945664
252157,255946,256346,3789,400,12,28800,10.4725
252266,252275,255723,9,3448,2,7200,1.00261020882
252274,257772,260400,5498,2628,8,14400,3.09208523592
252288,258200,260823,5912,2623,8,14400,3.25390773923
252290,252300,255586,10,3286,2,7200,1.00304321363
252341,252351,255367,10,3016,2,7200,1.00331564987
252358,258484,261469,6126,2985,8,14400,3.05226130653
252359,258676,261563,6317,2887,8,14400,3.1880845168
252359,258881,261259,6522,2378,8,14400,3.74264087468
252359,260412,263020,8053,2608,8,14400,4.08780674847
252360,260840,263463,8480,2623,8,14400,4.23293938239
252360,261271,264136,8911,2865,8,14400,4.11029668412
252538,252548,255602,10,3054,2,7200,1.00327439424
253456,264625,264791,11169,166,16,7260,68.2831325301
254701,254708,257775,7,3067,2,7200,1.00228236061
254767,254777,257885,10,3108,2,7200,1.00321750322
254852,254860,257972,8,3112,2,7200,1.00257069409
254924,254937,257952,13,3015,2,7200,1.00431177446
254926,254943,257981,17,3038,2,7200,1.0055957867
254941,254949,258078,8,3129,2,7200,1.00255672739
254969,261481,261543,6512,62,8,1800,106.032258065
254983,254991,258064,8,3073,2,7200,1.00260331923
255046,255054,258177,8,3123,2,7200,1.00256163945
255061,255067,258127,6,3060,2,7200,1.00196078431
255125,255135,258071,10,2936,2,7200,1.00340599455
255143,255151,258216,8,3065,2,7200,1.00261011419
255191,255201,258348,10,3147,2,7200,1.00317762949
255206,255212,258245,6,3033,2,7200,1.00197823937
255208,255219,258169,11,2950,2,7200,1.00372881356
255247,255256,258254,9,2998,2,7200,1.00300200133
255316,255328,258282,12,2954,2,7200,1.00406228842
255368,255381,258490,13,3109,2,7200,1.00418140881
255588,255598,258850,10,3252,2,7200,1.00307503075
255603,255613,258796,10,3183,2,7200,1.00314169023
255724,255734,258638,10,2904,2,7200,1.00344352617
256847,257269,257270,422,1,1,240,42.3
257778,257786,260846,8,3060,2,7200,1.00261437908
257887,257897,260821,10,2924,2,7200,1.00341997264
257953,257963,260921,10,2958,2,7200,1.00338066261
257975,257987,261084,12,3097,2,7200,1.00387471747
257990,257996,261015,6,3019,2,7200,1.00198741305
258065,258075,261049,10,2974,2,7200,1.00336247478
258080,258086,261165,6,3079,2,7200,1.00194868464
258082,258092,261082,10,2990,2,7200,1.00334448161
258130,258138,261099,8,2961,2,7200,1.00270178994
258172,258180,261043,8,2863,2,7200,1.00279427174
258187,258193,261268,6,3075,2,7200,1.00195121951
258217,258227,261404,10,3177,2,7200,1.00314762354
258247,258256,261251,9,2995,2,7200,1.00300500835
258262,258268,261391,6,3123,2,7200,1.00192122959
258284,258293,261382,9,3089,2,7200,1.00291356426
258350,258359,261494,9,3135,2,7200,1.0028708134
258492,258501,261511,9,3010,2,7200,1.00299003322
258641,258649,261637,8,2988,2,7200,1.00267737617
258798,258807,261969,9,3162,2,7200,1.00284629981
258852,258862,261796,10,2934,2,7200,1.00340831629
260511,260518,267842,7,7324,1,36000,1.00095576188
260589,260595,288522,6,27927,1,36000,1.00021484585
260824,260832,263930,8,3098,2,7200,1.00258231117
260848,260858,263988,10,3130,2,7200,1.00319488818
260924,260932,263920,8,2988,2,7200,1.00267737617
261017,261026,264070,9,3044,2,7200,1.00295663601
261044,261054,264116,10,3062,2,7200,1.00326583932
261059,261065,264249,6,3184,2,7200,1.00188442211
261084,261094,264352,10,3258,2,7200,1.00306936771
261099,261105,264172,6,3067,2,7200,1.0019563091
261100,261115,263989,15,2874,2,7200,1.00521920668
261167,261177,264386,10,3209,2,7200,1.00311623559
261255,261263,264435,8,3172,2,7200,1.0025220681
261269,261279,264374,10,3095,2,7200,1.00323101777
261384,261393,264425,9,3032,2,7200,1.00296833773
261399,261405,264210,6,2805,2,7200,1.00213903743
261414,261420,264602,6,3182,2,7200,1.00188560654
261496,261505,264517,9,3012,2,7200,1.00298804781
261514,261522,264549,8,3027,2,7200,1.00264288074
261641,261649,264757,8,3108,2,7200,1.00257400257
261798,261807,264878,9,3071,2,7200,1.00293064148
261970,261980,265052,10,3072,2,7200,1.00325520833
263919,263932,267040,13,3108,2,7200,1.00418275418
263934,263942,267028,8,3086,2,7200,1.00259235256
263991,264000,267080,9,3080,2,7200,1.00292207792
263993,264066,267205,73,3139,2,7200,1.02325581395
264071,264082,267141,11,3059,2,7200,1.00359594639
264119,264128,266993,9,2865,2,7200,1.00314136126
264174,264183,267377,9,3194,2,7200,1.00281778334
264213,264222,267331,9,3109,2,7200,1.00289482149
264252,264260,267314,8,3054,2,7200,1.00261951539
264355,264363,267528,8,3165,2,7200,1.00252764613
264376,264385,267550,9,3165,2,7200,1.0028436019
264391,264397,267518,6,3121,2,7200,1.00192246075
264427,264436,267621,9,3185,2,7200,1.00282574568
264442,264448,267311,6,2863,2,7200,1.00209570381
264518,264528,267777,10,3249,2,7200,1.00307787011
264551,264560,267679,9,3119,2,7200,1.00288554024
264606,264613,267744,7,3131,2,7200,1.00223570744
264760,264768,267968,8,3200,2,7200,1.0025
264794,264804,269328,10,4524,16,7260,1.00221043324
264881,264889,267956,8,3067,2,7200,1.00260841213
265053,265063,268121,10,3058,2,7200,1.00327011118
266995,267004,270183,9,3179,2,7200,1.00283107896
267028,267039,270055,11,3016,2,7200,1.00364721485
267043,267051,269925,8,2874,2,7200,1.0027835769
267083,267091,270011,8,2920,2,7200,1.00273972603
267143,267153,270277,10,3124,2,7200,1.00320102433
267206,267217,270316,11,3099,2,7200,1.00354953211
267312,267322,270519,10,3197,2,7200,1.00312793244
267327,267333,270378,6,3045,2,7200,1.00197044335
267342,267348,270452,6,3104,2,7200,1.00193298969
267378,267388,270402,10,3014,2,7200,1.00331785003
267520,267529,270841,9,3312,2,7200,1.0027173913
267535,267541,270629,6,3088,2,7200,1.00194300518
267550,267561,270574,11,3013,2,7200,1.00365084633
267623,267632,270867,9,3235,2,7200,1.0027820711
267680,267690,270579,10,2889,2,7200,1.00346140533
267746,267755,270805,9,3050,2,7200,1.00295081967
267780,267794,271031,14,3237,2,7200,1.00432499228
267958,267967,271012,9,3045,2,7200,1.00295566502
267973,267979,270999,6,3020,2,7200,1.00198675497
268123,268132,271199,9,3067,2,7200,1.00293446365
269331,269340,272313,9,2973,16,7260,1.00302724521
269875,269882,874689,7,604807,3,604800,1.00001157394
269927,269936,272885,9,2949,2,7200,1.00305188199
270008,270022,273271,14,3249,2,7200,1.00430901816
270057,270066,273016,9,2950,2,7200,1.00305084746
270182,271253,301322,1071,30069,3,604800,1.03561807842
270187,270195,273243,8,3048,2,7200,1.00262467192
270256,298986,903809,28730,604823,3,604800,1.04750150044
270280,270288,273135,8,2847,2,7200,1.00280997541
270316,270327,273310,11,2983,2,7200,1.00368756286
270356,301334,906138,30978,604804,3,604800,1.05121989934
270380,270389,273727,9,3338,2,7200,1.00269622528
270404,270413,273459,9,3046,2,7200,1.00295469468
270455,270463,273664,8,3201,2,7200,1.00249921899
270521,270530,273815,9,3285,2,7200,1.00273972603
270575,270586,273563,11,2977,2,7200,1.00369499496
270590,270597,273452,7,2855,2,7200,1.00245183888
270633,270641,273787,8,3146,2,7200,1.00254291163
270808,270816,273966,8,3150,2,7200,1.00253968254
270844,270852,274088,8,3236,2,7200,1.00247218789
270868,270878,274028,10,3150,2,7200,1.00317460317
271001,271012,274113,11,3101,2,7200,1.00354724282
271016,271023,273997,7,2974,2,7200,1.00235373235
271031,271042,274247,11,3205,2,7200,1.00343213729
271200,271211,274268,11,3057,2,7200,1.00359829899
272316,272322,272457,6,135,16,7260,1.04444444444
272460,272467,272607,7,140,16,7260,1.05
272610,272616,272748,6,132,16,7260,1.04545454545
272751,272757,272898,6,141,16,7260,1.04255319149
272887,272896,275953,9,3057,2,7200,1.00294406281
272901,272907,280112,6,7205,16,7260,1.00083275503
273020,273027,276046,7,3019,2,7200,1.00231864856
273135,273147,276332,12,3185,2,7200,1.00376766091
273244,273254,276266,10,3012,2,7200,1.00332005312
273274,273283,276258,9,2975,2,7200,1.00302521008
273311,273321,276373,10,3052,2,7200,1.00327653997
273456,273464,276430,8,2966,2,7200,1.00269723533
273471,273477,276495,6,3018,2,7200,1.00198807157
273564,273574,276628,10,3054,2,7200,1.00327439424
273667,273675,276818,8,3143,2,7200,1.00254533885
273736,273745,276554,9,2809,2,7200,1.00320398718
273790,273798,277036,8,3238,2,7200,1.0024706609
273817,273827,277151,10,3324,2,7200,1.00300842359
273968,273977,277053,9,3076,2,7200,1.00292587776
273998,274009,277067,11,3058,2,7200,1.0035971223
274029,274039,277030,10,2991,2,7200,1.00334336342
274065,274071,289862,6,15791,1,72000,1.00037996327
274089,274100,277375,11,3275,2,7200,1.00335877863
274113,274124,277231,11,3107,2,7200,1.00354039266
274249,274258,277264,9,3006,2,7200,1.00299401198
274270,274279,277337,9,3058,2,7200,1.00294310007
275129,275136,275140,7,4,1,36000,1.1
275249,275256,303463,7,28207,1,36000,1.00024816535
275956,275965,278859,9,2894,2,7200,1.00310988252
276047,276057,278944,10,2887,2,7200,1.00346380326
276261,276269,279436,8,3167,2,7200,1.00252604989
276276,276282,279313,6,3031,2,7200,1.0019795447
276333,276343,279327,10,2984,2,7200,1.00335120643
276376,276384,279373,8,2989,2,7200,1.00267648043
276433,276441,279419,8,2978,2,7200,1.00268636669
276497,276506,279642,9,3136,2,7200,1.00286989796
276557,276565,279778,8,3213,2,7200,1.00248988484
276630,276640,279658,10,3018,2,7200,1.00331345262
276820,276829,279849,9,3020,2,7200,1.00298013245
277031,277041,280272,10,3231,2,7200,1.00309501702
277046,277053,280105,7,3052,2,7200,1.00229357798
277061,277067,280174,6,3107,2,7200,1.00193112327
277076,277082,280304,6,3222,2,7200,1.00186219739
277154,277163,280554,9,3391,2,7200,1.00265408434
277233,277243,280284,10,3041,2,7200,1.00328839198
277266,277275,280647,9,3372,2,7200,1.00266903915
277376,277382,280356,6,2974,2,7200,1.00201748487
278835,278841,280678,6,1837,11,1800,1.00326619488
278860,278866,281905,6,3039,2,7200,1.00197433366
278947,278954,281898,7,2944,2,7200,1.00237771739
279092,279104,282838,12,3734,1,72000,1.00321371184
279092,279098,282838,6,3740,1,72000,1.00160427807
279315,279322,282354,7,3032,2,7200,1.00230870712
279330,279336,282304,6,2968,2,7200,1.00202156334
279376,279382,282349,6,2967,2,7200,1.00202224469
279421,279427,282625,6,3198,2,7200,1.00187617261
279439,279445,282654,6,3209,2,7200,1.00186974135
279644,279650,282691,6,3041,2,7200,1.00197303519
279659,279665,282734,6,3069,2,7200,1.00195503421
279780,279786,282893,6,3107,2,7200,1.00193112327
279850,279856,282888,6,3032,2,7200,1.00197889182
280106,280113,283115,7,3002,2,7200,1.00233177881
280176,280182,283092,6,2910,2,7200,1.00206185567
280276,280282,283522,6,3240,2,7200,1.00185185185
280291,280297,283455,6,3158,2,7200,1.00189993667
280315,280326,283486,11,3160,2,7200,1.00348101266
280357,280363,283284,6,2921,2,7200,1.00205409106
280556,280563,283663,7,3100,2,7200,1.00225806452
280650,280656,283683,6,3027,2,7200,1.00198216056
281899,281905,284861,6,2956,2,7200,1.00202976996
281914,281920,285114,6,3194,2,7200,1.00187852223
282057,282063,283395,6,1332,11,1800,1.0045045045
282306,282312,285268,6,2956,2,7200,1.00202976996
282351,282357,285273,6,2916,2,7200,1.00205761317
282366,282372,285425,6,3053,2,7200,1.00196528005
282629,282635,285588,6,2953,2,7200,1.00203183204
282656,282662,285618,6,2956,2,7200,1.00202976996
282692,282698,285529,6,2831,2,7200,1.00211939244
282737,282745,285822,8,3077,2,7200,1.002599935
282891,282897,285875,6,2978,2,7200,1.00201477502
282906,282912,286038,6,3126,2,7200,1.0019193858
283017,283023,298718,6,15695,1,72000,1.00038228735
283018,283029,298701,11,15672,1,72000,1.00070188872
283018,298714,314426,15696,15712,1,72000,1.99898167006
283018,294476,310135,11458,15659,1,72000,1.73171977776
283018,294481,310185,11463,15704,1,72000,1.7299414162
283019,298729,314450,15710,15721,1,72000,1.99930029896
283019,308490,324138,25471,15648,1,72000,2.62774795501
283019,305473,321129,22454,15656,1,72000,2.43421052632
283019,298991,314699,15972,15708,1,72000,2.01680672269
283020,308611,324264,25591,15653,1,72000,2.63489426947
283093,283099,286086,6,2987,2,7200,1.00200870439
283117,283123,286197,6,3074,2,7200,1.00195185426
283286,283293,286504,7,3211,2,7200,1.00218000623
283395,283401,284411,6,1010,11,1800,1.00594059406
283455,283462,286467,7,3005,2,7200,1.00232945092
283489,283495,286616,6,3121,2,7200,1.00192246075
283525,283531,286469,6,2938,2,7200,1.00204220558
283667,283673,287019,6,3346,2,7200,1.00179318589
283684,283690,283890,6,200,4,600,1.03
283685,283696,286860,11,3164,2,7200,1.00347661188
284162,284169,284364,7,195,2,600,1.0358974359
284426,284433,292630,7,8197,1,36000,1.00085397096
284763,284769,284771,6,2,1,600,1.0
284864,284876,285089,12,213,32,600,1.05633802817
284865,284870,287900,5,3030,2,7200,1.00165016502
284920,285101,285865,181,764,11,1800,1.23691099476
285114,285127,288249,13,3122,2,7200,1.00416399744
285271,285277,288303,6,3026,2,7200,1.0019828156
285285,285292,288331,7,3039,2,7200,1.00230338927
285427,285434,288510,7,3076,2,7200,1.0022756827
285520,285527,285737,7,210,1,600,1.03333333333
285530,285536,288442,6,2906,2,7200,1.00206469374
285590,285597,288613,7,3016,2,7200,1.00232095491
285621,285627,288634,6,3007,2,7200,1.0019953442
285823,285829,289124,6,3295,2,7200,1.00182094082
285877,285883,288613,6,2730,2,7200,1.0021978022
285888,285899,307051,11,21152,8,28800,1.00052004539
285888,285905,311031,17,25126,8,28800,1.00067658999
285888,285894,304490,6,18596,8,28800,1.00032265003
285889,287489,307356,1600,19867,8,28800,1.08053556148
285889,285911,305909,22,19998,8,28800,1.00110011001
285890,288347,308467,2457,20120,8,28800,1.12211729622
286029,286778,287434,749,656,11,1800,2.14176829268
286040,286046,288947,6,2901,2,7200,1.00206825233
286089,286095,289075,6,2980,2,7200,1.00201342282
286200,286206,289343,6,3137,2,7200,1.0019126554
286469,286475,289479,6,3004,2,7200,1.00199733688
286471,286482,289554,11,3072,2,7200,1.00358072917
286507,286513,289502,6,2989,2,7200,1.00200736032
286620,286626,289506,6,2880,2,7200,1.00208333333
286861,286867,290016,6,3149,2,7200,1.00190536678
287021,287027,290100,6,3073,2,7200,1.00195248942
287902,287908,290821,6,2913,2,7200,1.00205973223
288046,288352,288559,306,207,8,14520,2.47826086957
288252,288258,291223,6,2965,2,7200,1.00202360877
288304,288310,291402,6,3092,2,7200,1.00194049159
288334,288340,291390,6,3050,2,7200,1.00196721311
288446,288452,291415,6,2963,2,7200,1.00202497469
288512,288518,291546,6,3028,2,7200,1.00198150594
288562,288571,293083,9,4512,8,14520,1.00199468085
288615,288621,291735,6,3114,2,7200,1.00192678227
288616,288628,291601,12,2973,2,7200,1.00403632694
288635,288641,291845,6,3204,2,7200,1.00187265918
288703,288713,291648,10,2935,1,36000,1.00340715503
288774,313067,331547,24293,18480,8,36000,2.31455627706
288949,288955,291988,6,3033,2,7200,1.00197823937
289076,289082,292274,6,3192,2,7200,1.00187969925
289128,289134,292246,6,3112,2,7200,1.00192802057
289351,289357,292374,6,3017,2,7200,1.00198873053
289481,289487,292330,6,2843,2,7200,1.00211044671
289505,289511,292599,6,3088,2,7200,1.00194300518
289520,289526,292774,6,3248,2,7200,1.00184729064
289557,289563,292708,6,3145,2,7200,1.00190779014
289680,313039,317688,23359,4649,24,86400,6.02452140245
290019,290025,293136,6,3111,2,7200,1.00192864031
290103,290110,293171,7,3061,2,7200,1.00228683437
290575,313073,333982,22498,20909,8,36000,2.07599598259
290580,293095,300338,2515,7243,8,7200,1.34723181002
290825,290830,293789,5,2959,2,7200,1.00168976005
290860,310146,324710,19286,14564,1,36000,2.32422411425
290860,290866,305461,6,14595,1,36000,1.00041109969
290860,308834,323351,17974,14517,1,36000,2.23813460081
290861,324967,339489,34106,14522,1,36000,3.3485745765
290861,321141,335663,30280,14522,1,36000,3.08511224349
290861,310197,324955,19336,14758,1,36000,2.31020463477
290862,330862,345494,40000,14632,1,36000,3.73373428103
290862,330851,345445,39989,14594,1,36000,3.74009867069
290862,330857,345441,39995,14584,1,36000,3.74238891936
290862,325400,339909,34538,14509,1,36000,3.38045351161
291226,291232,294194,6,2962,2,7200,1.00202565834
291392,291398,294268,6,2870,2,7200,1.00209059233
291431,291438,294459,7,3021,2,7200,1.00231711354
291452,304501,304618,13049,117,16,1800,112.52991453
291452,298980,299085,7528,105,8,1800,72.6952380952
291452,291484,291588,32,104,4,1800,1.30769230769
291452,291606,291702,154,96,1,1800,2.60416666667
291452,291601,291700,149,99,2,1800,2.50505050505
291453,307368,307522,15915,154,32,1800,104.344155844
291453,312544,312697,21091,153,64,1800,138.849673203
291548,291554,294528,6,2974,2,7200,1.00201748487
291562,313045,347153,21483,34108,16,180000,1.62985223408
291602,291612,294718,10,3106,2,7200,1.00321957502
291738,291744,294844,6,3100,2,7200,1.00193548387
291847,291853,294889,6,3036,2,7200,1.00197628458
291906,339944,341254,48038,1310,1,36000,37.6702290076
291989,291995,295099,6,3104,2,7200,1.00193298969
292248,292255,295232,7,2977,2,7200,1.00235136043
292276,292282,295419,6,3137,2,7200,1.0019126554
292345,330867,374256,38522,43389,1,604800,1.88782871235
292375,317517,337880,25142,20363,8,36000,2.23469036979
292376,292381,295461,5,3080,2,7200,1.00162337662
292420,292427,295595,7,3168,4,32400,1.00220959596
292602,292609,295845,7,3236,2,7200,1.0021631644
292712,292718,295754,6,3036,2,7200,1.00197628458
292775,292782,295964,7,3182,2,7200,1.00219987429
292817,292824,293754,7,930,1,900,1.00752688172
293086,299097,308459,6011,9362,8,14520,1.64206366161
293139,293145,296347,6,3202,2,7200,1.00187382886
293172,293178,296162,6,2984,2,7200,1.00201072386
293293,294455,294461,1162,6,4,600,116.8
293791,293797,296792,6,2995,2,7200,1.0020033389
293829,293836,295643,7,1807,1,3600,1.00387382402
294175,339896,358390,45721,18494,8,36000,3.47220720234
294195,294201,297173,6,2972,2,7200,1.00201884253
294272,294278,297428,6,3150,2,7200,1.0019047619
294462,294468,297429,6,2961,2,7200,1.00202634245
294532,294538,297572,6,3034,2,7200,1.00197758734
294718,294729,297686,11,2957,2,7200,1.00371998647
294845,294851,297852,6,3001,2,7200,1.00199933356
294890,294896,297777,6,2881,2,7200,1.0020826102
295101,295108,298129,7,3021,2,7200,1.00231711354
295234,295241,298282,7,3041,2,7200,1.00230187438
295237,312713,312857,17476,144,64,1800,122.361111111
295418,295425,298562,7,3137,2,7200,1.0022314313
295464,295470,298457,6,2987,2,7200,1.00200870439
295644,295653,299365,9,3712,1,3600,1.00242456897
295757,295763,299103,6,3340,2,7200,1.00179640719
295847,295853,298778,6,2925,2,7200,1.00205128205
295965,295971,298904,6,2933,2,7200,1.00204568701
295976,339902,359787,43926,19885,8,36000,3.20900176012
296164,296171,299253,7,3082,2,7200,1.00227125243
296349,296355,299703,6,3348,2,7200,1.0017921147
296795,296801,299859,6,3058,2,7200,1.00196206671
296963,313050,313056,16087,6,16,172800,1609.3
297175,297181,300460,6,3279,2,7200,1.00182982617
297430,297436,300436,6,3000,2,7200,1.002
297431,297443,300770,12,3327,2,7200,1.00360685302
297574,297580,300717,6,3137,2,7200,1.0019126554
297688,297695,300711,7,3016,2,7200,1.00232095491
297778,339907,358329,42129,18422,8,36000,3.2868852459
297779,297785,300728,6,2943,2,7200,1.00203873598
297854,297860,300884,6,3024,2,7200,1.00198412698
298132,298138,301289,6,3151,2,7200,1.00190415741
298283,298289,301409,6,3120,2,7200,1.00192307692
298434,308485,339752,10051,31267,2,72000,1.32145712732
298458,298464,301444,6,2980,2,7200,1.00201342282
298564,298570,301596,6,3026,2,7200,1.0019828156
298782,298788,301756,6,2968,2,7200,1.00202156334
298908,298914,302061,6,3147,2,7200,1.00190657769
298988,308479,391895,9491,83416,3,86400,1.1137791311
299032,339912,375914,40880,36002,2,90000,2.13549247264
299055,299375,299400,320,25,1,3600,13.8
299104,299110,302172,6,3062,2,7200,1.00195950359
299255,299261,302387,6,3126,2,7200,1.0019193858
299608,300473,301104,865,631,3,600,2.37083993661
299706,299712,302879,6,3167,2,7200,1.00189453742
299861,299868,302900,7,3032,2,7200,1.00230870712
300219,300467,300598,248,131,4,1800,2.89312977099
300219,300478,300582,259,104,2,1800,3.49038461538
300219,300225,300324,6,99,1,1800,1.06060606061
300220,304629,304791,4409,162,16,1800,28.2160493827
300220,300350,300456,130,106,8,1800,2.22641509434
300220,307534,307693,7314,159,32,1800,47.0
300220,312868,313027,12648,159,64,1800,80.5471698113
300439,300445,303516,6,3071,2,7200,1.00195376099
300463,300484,303515,21,3031,2,7200,1.00692840647
300573,301117,301152,544,35,8,7200,16.5428571429
300711,300717,303737,6,3020,2,7200,1.00198675497
300726,300732,303798,6,3066,2,7200,1.00195694716
300741,300747,303804,6,3057,2,7200,1.00196270854
300771,300777,303963,6,3186,2,7200,1.00188323917
300798,339923,350191,39125,10268,2,108000,4.8103817686
300885,300892,304044,7,3152,2,7200,1.00222081218
301282,339928,340926,38646,998,2,43200,39.7234468938
301290,301296,304407,6,3111,2,7200,1.00192864031
301411,301417,304526,6,3109,2,7200,1.00192988099
301447,301454,304396,7,2942,2,7200,1.00237933379
301596,339933,342415,38337,2482,2,36000,16.4460112812
301599,301605,304651,6,3046,2,7200,1.00196979645
301648,301655,302346,7,691,8,7200,1.01013024602
301759,301765,304747,6,2982,2,7200,1.00201207243
302064,302070,305310,6,3240,2,7200,1.00185185185
302173,302179,305170,6,2991,2,7200,1.00200601805
302390,302397,305670,7,3273,2,7200,1.00213871066
302654,302661,308821,7,6160,1,14400,1.00113636364
302883,302889,306105,6,3216,2,7200,1.00186567164
302901,302908,306050,7,3142,2,7200,1.00222788033
303518,303524,306363,6,2839,2,7200,1.00211342022
303520,303536,306523,16,2987,2,7200,1.00535654503
303608,303614,304143,6,529,3,600,1.01134215501
303742,303748,306732,6,2984,2,7200,1.00201072386
303800,303807,306857,7,3050,2,7200,1.00229508197
303816,303822,307110,6,3288,2,7200,1.00182481752
303966,303972,307081,6,3109,2,7200,1.00192988099
304048,304054,307166,6,3112,2,7200,1.00192802057
304398,304404,307614,6,3210,2,7200,1.00186915888
304413,304419,307456,6,3037,2,7200,1.00197563385
304528,304534,307638,6,3104,2,7200,1.00193298969
304580,304803,312041,223,7238,8,7200,1.03080961592
304652,304658,307528,6,2870,2,7200,1.00209059233
304748,304755,307579,7,2824,2,7200,1.00247875354
305171,305178,308336,7,3158,2,7200,1.00221659278
305313,305319,308403,6,3084,2,7200,1.00194552529
305597,305604,306584,7,980,1,7200,1.00714285714
305672,305679,308737,7,3058,2,7200,1.00228907783
306053,306059,309050,6,2991,2,7200,1.00200601805
306107,306113,309247,6,3134,2,7200,1.00191448628
306365,306371,309500,6,3129,2,7200,1.00191754554
306525,306531,309552,6,3021,2,7200,1.00198609732
306733,306739,309740,6,3001,2,7200,1.00199933356
306860,306866,309980,6,3114,2,7200,1.00192678227
307083,307089,309975,6,2886,2,7200,1.00207900208
307114,307120,310265,6,3145,2,7200,1.00190779014
307168,307174,310314,6,3140,2,7200,1.00191082803
307458,307464,310412,6,2948,2,7200,1.00203527815
307530,307540,310710,10,3170,2,7200,1.00315457413
307582,307588,310786,6,3198,2,7200,1.00187617261
307615,307621,310674,6,3053,2,7200,1.00196528005
307639,307645,310553,6,2908,2,7200,1.00206327373
307651,307658,308599,7,941,1,7200,1.00743889479
308341,308347,311296,6,2949,2,7200,1.002034588
308404,308410,311405,6,2995,2,7200,1.0020033389
308463,320478,334886,12015,14408,8,14520,1.83391171571
308698,339939,340047,31241,108,4,108000,290.268518519
308739,308745,311632,6,2887,2,7200,1.00207828195
309053,309059,311632,6,2573,2,7200,1.00233190828
309249,309255,311632,6,2377,2,7200,1.00252419016
309503,309509,311632,6,2123,2,7200,1.00282618935
309554,309560,311632,6,2072,2,7200,1.0028957529
309558,309567,309763,9,196,1,600,1.04591836735
309741,309748,311633,7,1885,2,7200,1.00371352785
309792,309798,309956,6,158,1,3620,1.03797468354
309977,309983,311632,6,1649,2,7200,1.00363856883
309992,309998,311632,6,1634,2,7200,1.00367197062
310076,310082,311515,6,1433,1,3620,1.00418702024
310160,310167,311253,7,1086,1,3620,1.00644567219
310266,310273,311632,7,1359,2,7200,1.00515084621
310315,310321,311632,6,1311,2,7200,1.00457665904
310414,310421,311632,7,1211,2,7200,1.00578034682
310416,313055,349083,2639,36028,4,36000,1.07324858443
310556,310563,311632,7,1069,2,7200,1.00654817587
310677,310683,311632,6,949,2,7200,1.00632244468
310701,310707,310910,6,203,2,2700,1.02955665025
310710,310716,311632,6,916,2,7200,1.00655021834
310789,310795,311632,6,837,2,7200,1.00716845878
310852,310858,310863,6,5,1,600,1.1
311299,311305,311632,6,327,2,7200,1.01834862385
311408,311414,311632,6,218,2,7200,1.02752293578
311589,311595,311676,6,81,2,1800,1.07407407407
311740,311747,315031,7,3284,2,7200,1.00213154689
311742,311754,315029,12,3275,2,7200,1.00366412214
311743,311760,315057,17,3297,2,7200,1.00515620261
311744,311765,314819,21,3054,2,7200,1.0068762279
311746,311770,314722,24,2952,2,7200,1.0081300813
311747,311775,314962,28,3187,2,7200,1.00878569187
311749,311781,314852,32,3071,2,7200,1.01042005861
311750,311787,314882,37,3095,2,7200,1.01195476575
311751,311793,314980,42,3187,2,7200,1.01317853781
311753,311798,314819,45,3021,2,7200,1.01489572989
311754,311803,314958,49,3155,2,7200,1.01553090333
311755,311808,314951,53,3143,2,7200,1.01686286987
311757,311814,314937,57,3123,2,7200,1.01825168108
311758,311819,314862,61,3043,2,7200,1.02004600723
311760,311824,314948,64,3124,2,7200,1.0204865557
311761,311830,314607,69,2777,2,7200,1.02484695715
311762,311835,314988,73,3153,2,7200,1.02315255312
311764,311840,314985,76,3145,2,7200,1.02416534181
311765,311846,314880,81,3034,2,7200,1.02669742914
311767,311851,314945,84,3094,2,7200,1.02714932127
312424,314618,314814,2194,196,2,2700,12.193877551
312792,317700,324929,4908,7229,8,7200,1.67893207913
313210,317705,317930,4495,225,8,3600,20.9777777778
313267,317710,320002,4443,2292,8,3600,2.93848167539
313330,313337,316889,7,3552,1,14400,1.00197072072
313677,313683,314545,6,862,1,7200,1.00696055684
314608,314734,317785,126,3051,2,7200,1.0412979351
314709,314715,314855,6,140,1,7200,1.04285714286
314726,314825,317838,99,3013,2,7200,1.03285761699
314819,314832,317785,13,2953,2,7200,1.00440230274
314821,314838,317843,17,3005,2,7200,1.00565723794
314854,314863,318013,9,3150,2,7200,1.00285714286
314869,314874,317991,5,3117,2,7200,1.00160410651
314884,314891,317979,7,3088,2,7200,1.00226683938
314885,314898,317992,13,3094,2,7200,1.00420168067
314939,314948,318097,9,3149,2,7200,1.00285805017
314954,314960,318266,6,3306,2,7200,1.00181488203
314956,314967,318179,11,3212,2,7200,1.00342465753
314957,314972,317982,15,3010,2,7200,1.0049833887
314972,314979,318001,7,3022,2,7200,1.00231634679
314974,314985,318048,11,3063,2,7200,1.00359125041
314989,314995,318164,6,3169,2,7200,1.00189334175
314991,315002,317967,11,2965,2,7200,1.00370994941
314992,315008,318150,16,3142,2,7200,1.0050922979
315024,315031,322654,7,7623,1,14400,1.00091827365
315032,315048,318092,16,3044,2,7200,1.00525624179
315033,315041,318141,8,3100,2,7200,1.00258064516
315060,315068,318284,8,3216,2,7200,1.00248756219
315062,315074,315941,12,867,1,7200,1.01384083045
315083,315089,321018,6,5929,1,7200,1.00101197504
315260,315266,315884,6,618,1,7200,1.00970873786
315788,339764,339885,23976,121,64,1800,199.148760331
315957,339955,405134,23998,65179,1,68400,1.3681860722
315981,315987,316734,6,747,1,7200,1.00803212851
316145,316152,318870,7,2718,1,10800,1.00257542311
316336,316343,318102,7,1759,1,14400,1.00397953383
317057,319340,348182,2283,28842,4,28800,1.07915539838
317057,361867,390703,44810,28836,4,28800,2.55396032737
317058,392939,421766,75881,28827,4,28800,3.63228917334
317059,450966,479775,133907,28809,4,28800,5.64809608109
317059,422116,450954,105057,28838,4,28800,4.64300575629
317060,500593,529433,183533,28840,4,28800,7.36383495146
317061,529450,558282,212389,28832,4,28800,8.36643312986
317061,558288,587124,241227,28836,4,28800,9.36548064919
317062,587130,615972,270068,28842,4,28800,10.363705707
317063,615993,635763,298930,19770,4,28800,16.1203844208
317070,317076,317094,6,18,1,7200,1.33333333333
317095,317943,318164,848,221,8,3600,4.8371040724
317115,318175,318394,1060,219,8,3600,5.8401826484
317123,341265,394850,24142,53585,8,57600,1.45053653075
317123,394856,394876,77733,20,8,57600,3887.65
317124,394883,394905,77759,22,8,57600,3535.5
317144,317150,317845,6,695,1,7200,1.00863309353
317147,318411,318629,1264,218,8,3600,6.79816513761
317171,318642,318863,1471,221,8,3600,7.65610859729
317173,317179,317187,6,8,1,7200,1.4
317272,318875,319097,1603,222,8,3600,8.22072072072
317586,317592,319042,6,1450,1,10800,1.00413793103
317787,317796,320966,9,3170,2,7200,1.00283911672
317788,317802,320937,14,3135,2,7200,1.00446570973
317840,317849,320859,9,3010,2,7200,1.00299003322
317855,317861,320825,6,2964,2,7200,1.0020242915
317883,339918,339920,22035,2,8,172800,2203.7
317969,317978,321047,9,3069,2,7200,1.00293255132
317984,317990,321132,6,3142,2,7200,1.00190961171
317985,317996,321243,11,3247,2,7200,1.00338774253
318000,318006,321240,6,3234,2,7200,1.00185528757
318002,318012,321223,10,3211,2,7200,1.00311429461
318017,318023,321007,6,2984,2,7200,1.00201072386
318018,318029,321084,11,3055,2,7200,1.00360065466
318048,318059,321097,11,3038,2,7200,1.00362080316
318058,318066,318266,8,200,1,600,1.04
318063,318073,318152,10,79,1,7200,1.12658227848
318094,318103,320981,9,2878,2,7200,1.00312717165
318115,318121,321074,6,2953,2,7200,1.00203183204
318142,318153,321295,11,3142,2,7200,1.00350095481
318157,318163,321413,6,3250,2,7200,1.00184615385
318172,318181,321200,9,3019,2,7200,1.00298111958
318187,318193,321319,6,3126,2,7200,1.0019193858
318202,318209,318234,7,25,1,7200,1.28
318268,318277,321380,9,3103,2,7200,1.00290041895
318286,318296,321383,10,3087,2,7200,1.00323939099
318312,318319,318321,7,2,1,10800,1.0
318358,318364,322832,6,4468,1,7200,1.00134288272
318376,319108,319329,732,221,8,3600,4.31221719457
318397,318403,318778,6,375,1,10800,1.016
318452,318458,319204,6,746,1,7200,1.00804289544
318830,318837,318838,7,1,1,10800,1.0
318891,318898,320315,7,1417,1,10800,1.00494001411
318998,319004,325389,6,6385,1,10800,1.00093970243
319394,320014,320235,620,221,8,3600,3.80542986425
319527,320247,320467,720,220,8,3600,4.27272727273
320270,320836,321220,566,384,2,2700,2.47395833333
320422,320429,324113,7,3684,1,3600,1.00190010858
320482,325908,334889,5426,8981,8,14520,1.60416434695
320494,320500,321140,6,640,1,7200,1.009375
320771,320778,320802,7,24,1,7200,1.29166666667
320828,320871,324075,43,3204,2,7200,1.01342072409
320861,320947,323768,86,2821,2,7200,1.03048564339
320907,320913,320936,6,23,1,7200,1.26086956522
320940,320993,324053,53,3060,2,7200,1.01732026144
320967,320977,324034,10,3057,2,7200,1.0032711809
320985,321019,324053,34,3034,2,7200,1.01120632828
321009,321085,324055,76,2970,2,7200,1.02558922559
321051,321059,324014,8,2955,2,7200,1.0027072758
321071,321077,328289,6,7212,1,7200,1.00083194676
321075,321095,324162,20,3067,2,7200,1.00652103032
321090,321109,323950,19,2841,2,7200,1.00668778599
321104,321211,324198,107,2987,2,7200,1.03582189488
321135,321147,324316,12,3169,2,7200,1.0037866835
321182,324941,325162,3759,221,8,3600,18.0090497738
321201,321231,324291,30,3060,2,7200,1.00980392157
321207,325174,325395,3967,221,8,3600,18.9502262443
321225,321238,324325,13,3087,2,7200,1.00421120829
321235,325210,325430,3975,220,8,3600,19.0681818182
321243,321251,324387,8,3136,2,7200,1.00255102041
321245,321257,324240,12,2983,2,7200,1.00402279584
321290,325407,325626,4117,219,8,3600,19.799086758
321296,321307,324314,11,3007,2,7200,1.00365813103
321304,321314,321455,10,141,1,7200,1.07092198582
321312,325443,325663,4131,220,8,3600,19.7772727273
321320,321330,324483,10,3153,2,7200,1.00317158262
321352,325639,325861,4287,222,8,3600,20.3108108108
321380,321391,324499,11,3108,2,7200,1.00353925354
321395,321401,324381,6,2980,2,7200,1.00201342282
321402,325676,325896,4274,220,8,3600,20.4272727273
321413,321424,324573,11,3149,2,7200,1.00349317244
321443,325874,326093,4431,219,8,3600,21.2328767123
321821,344545,427398,22724,82853,1,259200,1.27426888586
322192,333052,336730,10860,3678,5,14400,3.95269168026
322198,324047,332872,1849,8825,5,14400,1.2095184136
322591,344550,353967,21959,9417,1,230400,3.3318466603
322652,322659,322677,7,18,1,14400,1.38888888889
322661,322668,322703,7,35,1,3600,1.2
322711,322718,329959,7,7241,1,7200,1.0009667173
322838,322846,324426,8,1580,1,7200,1.00506329114
323257,323263,323463,6,200,4,600,1.03
323531,323538,325198,7,1660,4,3600,1.00421686747
323609,323615,323788,6,173,1,21600,1.03468208092
323676,323683,323897,7,214,1,10800,1.03271028037
323772,323924,326918,152,2994,2,7200,1.05076820307
323840,323847,323849,7,2,1,10800,1.0
323900,323907,334724,7,10817,1,10800,1.00064712952
323916,323929,326482,13,2553,1,10800,1.00509204857
323946,323953,323954,7,1,1,21600,1.0
323953,324087,327283,134,3196,2,7200,1.04192740926
324016,324069,327261,53,3192,2,7200,1.01660401003
324037,324074,327236,37,3162,2,7200,1.01170145478
324054,324062,324076,8,14,1,21600,1.57142857143
324056,324150,327097,94,2947,2,7200,1.03189684425
324057,324276,327300,219,3024,2,7200,1.07242063492
324058,324174,327399,116,3225,2,7200,1.03596899225
324077,324281,327215,204,2934,2,7200,1.06952965235
324145,324156,324172,11,16,1,21600,1.6875
324164,324333,327518,169,3185,2,7200,1.05306122449
324175,324182,324338,7,156,1,21600,1.04487179487
324200,324303,327285,103,2982,2,7200,1.03454057679
324242,324340,327170,98,2830,2,7200,1.03462897527
324293,324325,327343,32,3018,2,7200,1.01060304838
324317,324400,327584,83,3184,2,7200,1.0260678392
324318,324406,327393,88,2987,2,7200,1.02946099766
324333,324496,327604,163,3108,2,7200,1.05244530245
324336,324347,345971,11,21624,1,21600,1.00050869404
324381,324515,327674,134,3159,2,7200,1.04241848686
324396,324584,327596,188,3012,2,7200,1.06241699867
324441,342427,353880,17986,11453,1,50400,2.57041823103
324486,326931,329785,2445,2854,2,7200,1.8566923616
324501,327269,330357,2768,3088,2,7200,1.89637305699
324501,324508,326531,7,2023,1,21600,1.00346020761
324574,327248,330284,2674,3036,2,7200,1.88076416337
325780,347165,419289,21385,72124,1,72000,1.29650324441
326105,350202,427406,24097,77204,1,86400,1.31212113362
326426,342432,353880,16006,11448,1,50400,2.39814814815
326485,326492,337344,7,10852,1,10800,1.00064504239
326529,326540,348181,11,21641,1,21600,1.00050829444
326919,327282,330299,363,3017,2,7200,1.12031819688
327100,327274,330188,174,2914,2,7200,1.05971173644
327172,327312,330433,140,3121,2,7200,1.04485741749
327217,327294,330251,77,2957,2,7200,1.02603990531
327238,327301,330535,63,3234,2,7200,1.01948051948
327262,327317,330282,55,2965,2,7200,1.01854974705
327286,327412,330391,126,2979,2,7200,1.04229607251
327288,327355,330428,67,3073,2,7200,1.02180279857
327303,327531,330380,228,2849,2,7200,1.08002808003
327345,327536,330592,191,3056,2,7200,1.0625
327396,327616,330718,220,3102,2,7200,1.07092198582
327411,327596,330844,185,3248,2,7200,1.05695812808
327519,327686,330601,167,2915,2,7200,1.05728987993
327586,327969,330966,383,2997,2,7200,1.12779446113
327601,329797,332912,2196,3115,2,7200,1.70497592295
327615,330299,333270,2684,2971,2,7200,1.90339952878
327676,330369,333599,2693,3230,2,7200,1.83374613003
329788,330292,333418,504,3126,2,7200,1.16122840691
330191,330200,333447,9,3247,2,7200,1.00277178934
330254,330374,333399,120,3025,2,7200,1.03966942149
330284,330389,333436,105,3047,2,7200,1.03446012471
330286,330547,333549,261,3002,2,7200,1.08694203864
330301,330447,333552,146,3105,2,7200,1.04702093398
330358,330440,333744,82,3304,2,7200,1.02481840194
330382,330403,333399,21,2996,2,7200,1.00700934579
330397,330605,333604,208,2999,2,7200,1.06935645215
330430,330875,334015,445,3140,2,7200,1.14171974522
330445,330617,333955,172,3338,2,7200,1.05152786099
330538,330730,333794,192,3064,2,7200,1.06266318538
330595,330979,334037,384,3058,2,7200,1.12557226946
330610,331411,334633,801,3222,2,7200,1.24860335196
330719,332924,336142,2205,3218,2,7200,1.68520820385
330845,333421,336419,2576,2998,2,7200,1.859239493
330968,333281,336495,2313,3214,2,7200,1.71966397013
331028,331035,331672,7,637,1,14400,1.01098901099
331158,347299,372375,16141,25076,6,198000,1.64368320306
332145,332153,332156,8,3,2,3540,1.1
332914,333460,336611,546,3151,2,7200,1.17327832434
333272,333411,336426,139,3015,2,7200,1.04610281924
333402,333444,336447,42,3003,2,7200,1.01398601399
333403,333527,336685,124,3158,2,7200,1.03926535782
333421,333607,336761,186,3154,2,7200,1.05897273304
333460,333564,336537,104,2973,2,7200,1.03498150017
333551,333614,336677,63,3063,2,7200,1.02056807052
333566,333756,336730,190,2974,2,7200,1.06388702085
333601,333622,336724,21,3102,2,7200,1.00676982592
333616,333806,336975,190,3169,2,7200,1.05995582203
333745,333967,336983,222,3016,2,7200,1.07360742706
333796,334026,337385,230,3359,2,7200,1.06847275975
333956,334048,337102,92,3054,2,7200,1.03012442698
334017,336154,339178,2137,3024,2,7200,1.70667989418
334037,336431,339529,2394,3098,2,7200,1.77275661717
334413,344656,346185,10243,1529,2,32400,7.69914977109
334421,334428,334440,7,12,1,900,1.58333333333
334453,334460,335310,7,850,2,14400,1.00823529412
334481,334487,335957,6,1470,2,10800,1.00408163265
334634,336506,339537,1872,3031,2,7200,1.61761794787
336145,336438,339281,293,2843,2,7200,1.10306014773
336423,336458,339410,35,2952,2,7200,1.01185636856
336437,336688,339633,251,2945,2,7200,1.08522920204
336452,336694,339549,242,2855,2,7200,1.08476357268
336497,336700,339838,203,3138,2,7200,1.06469088591
336540,336731,339720,191,2989,2,7200,1.06390097022
336612,336772,339769,160,2997,2,7200,1.05338672005
336678,336743,339961,65,3218,2,7200,1.02019888129
336693,336778,339769,85,2991,2,7200,1.0284185891
336722,336783,339712,61,2929,2,7200,1.02082622055
336762,336986,340002,224,3016,2,7200,1.07427055703
336976,337059,340024,83,2965,2,7200,1.02799325464
336991,337396,340496,405,3100,2,7200,1.13064516129
337105,338169,341238,1064,3069,2,7200,1.34669273379
337386,338174,341208,788,3034,2,7200,1.25972313777
337552,339949,344467,2397,4518,16,14520,1.53054448871
337725,339966,660718,2241,320752,10,540000,1.00698670624
338591,338598,338736,7,138,1,3540,1.05072463768
339181,339188,342242,7,3054,2,7200,1.00229207597
339284,339290,342456,6,3166,2,7200,1.00189513582
339413,339419,342606,6,3187,2,7200,1.00188264826
339530,339536,342577,6,3041,2,7200,1.00197303519
339546,339552,342761,6,3209,2,7200,1.00186974135
339561,339567,342723,6,3156,2,7200,1.00190114068
339636,339642,342989,6,3347,2,7200,1.00179265013
339714,339720,342788,6,3068,2,7200,1.00195567145
339729,339735,342662,6,2927,2,7200,1.00204988042
339771,339778,342897,7,3119,2,7200,1.00224430907
339773,339784,342915,11,3131,2,7200,1.00351325455
339804,339960,340133,156,173,1,3540,1.90173410405
339841,339847,342905,6,3058,2,7200,1.00196206671
339963,339973,342869,10,2896,2,7200,1.00345303867
340002,340008,342978,6,2970,2,7200,1.00202020202
340030,340036,342973,6,2937,2,7200,1.00204290092
340164,361856,661041,21692,299185,10,540000,1.07250363487
340498,340504,343422,6,2918,2,7200,1.00205620288
341209,341215,344241,6,3026,2,7200,1.0019828156
341240,341246,344493,6,3247,2,7200,1.00184785956
341701,347170,347390,5469,220,8,3600,25.8590909091
341780,347175,347396,5395,221,8,3600,25.4117647059
341864,347409,347635,5545,226,8,3600,25.5353982301
341883,347647,347866,5764,219,8,3600,27.3196347032
341924,361826,361845,19902,19,64,1800,1048.47368421
342150,347877,350160,5727,2283,8,3600,3.5085413929
342246,342253,345253,7,3000,2,7200,1.00233333333
342439,348193,348250,5754,57,8,1800,101.947368421
342457,342463,345512,6,3049,2,7200,1.00196785831
342580,342586,345790,6,3204,2,7200,1.00187265918
342607,342613,345787,6,3174,2,7200,1.00189035917
342664,342670,345685,6,3015,2,7200,1.00199004975
342724,342730,345769,6,3039,2,7200,1.00197433366
342763,342770,345795,7,3025,2,7200,1.00231404959
342790,342796,345887,6,3091,2,7200,1.00194111938
342871,342877,345997,6,3120,2,7200,1.00192307692
342898,342904,345932,6,3028,2,7200,1.00198150594
342913,342919,345810,6,2891,2,7200,1.00207540643
342928,342934,345938,6,3004,2,7200,1.00199733688
342976,342982,345937,6,2955,2,7200,1.00203045685
342978,344642,344644,1664,2,1,240,166.6
342987,344479,344480,1492,1,1,3600,149.3
342991,342997,346169,6,3172,2,7200,1.00189155107
342992,343004,346076,12,3072,2,7200,1.00390625
343091,348261,348484,5170,223,8,3600,24.1838565022
343129,348495,348737,5366,242,8,3600,23.173553719
343147,348754,348973,5607,219,8,3600,26.602739726
343424,343433,346566,9,3133,2,7200,1.00287264603
344243,344252,347217,9,2965,2,7200,1.00303541315
344393,361488,391672,17095,30184,3,604800,1.56635966075
344471,344491,347288,20,2797,16,14520,1.00715051841
344495,344504,347367,9,2863,2,7200,1.00314355571
345255,345453,345454,198,1,1,3600,19.9
345255,345264,348395,9,3131,2,7200,1.002874481
345514,345523,348577,9,3054,2,7200,1.00294695481
345686,345696,348855,10,3159,2,7200,1.00316555872
345770,345780,348582,10,2802,2,7200,1.00356887937
345788,345798,348987,10,3189,2,7200,1.00313577924
345803,345810,349015,7,3205,2,7200,1.00218408736
345804,345816,349077,12,3261,2,7200,1.00367985281
345807,345823,345958,16,135,1,3540,1.11851851852
345819,345890,348953,71,3063,2,7200,1.023179889
345888,345898,348558,10,2660,2,7200,1.0037593985
345933,345943,348945,10,3002,2,7200,1.00333111259
345948,345969,348939,21,2970,2,7200,1.00707070707
345950,345975,349012,25,3037,2,7200,1.0082318077
345998,346008,349157,10,3149,2,7200,1.00317561131
346079,346087,349132,8,3045,2,7200,1.0026272578
346173,346181,349343,8,3162,2,7200,1.00253004428
346568,346577,349802,9,3225,2,7200,1.00279069767
346613,346619,346620,6,1,1,3600,1.0
346939,348985,348987,2046,2,8,3600,204.8
346991,348998,349000,2007,2,8,3600,200.9
347049,349012,349013,1963,1,8,3600,196.4
347216,347228,350224,12,2996,2,7200,1.00400534045
347291,347401,361815,110,14414,16,14520,1.0076314694
347369,347378,350434,9,3056,2,7200,1.00294502618
348396,348406,351392,10,2986,2,7200,1.00334896182
348562,348569,351842,7,3273,2,7200,1.00213871066
348580,348588,351501,8,2913,2,7200,1.00274630965
348594,348661,351613,67,2952,2,7200,1.02269647696
348856,348866,351844,10,2978,2,7200,1.00335795836
348941,348950,352021,9,3071,2,7200,1.00293064148
348955,348963,351973,8,3010,2,7200,1.00265780731
348957,348968,352052,11,3084,2,7200,1.00356679637
348990,349024,351905,34,2881,2,7200,1.01180145783
349014,349029,352127,15,3098,2,7200,1.00484183344
349029,349086,352154,57,3068,2,7200,1.01857887875
349080,349092,352045,12,2953,2,7200,1.00406366407
349134,349143,352076,9,2933,2,7200,1.00306853051
349159,349168,352093,9,2925,2,7200,1.00307692308
349345,349355,352449,10,3094,2,7200,1.00323206206
349803,349813,352865,10,3052,2,7200,1.00327653997
350225,350235,353277,10,3042,2,7200,1.00328731098
350436,350445,353393,9,2948,2,7200,1.00305291723
351393,351403,354517,10,3114,2,7200,1.00321130379
351501,351512,354566,11,3054,2,7200,1.00360183366
351615,351624,354755,9,3131,2,7200,1.002874481
351844,351852,354998,8,3146,2,7200,1.00254291163
351846,351858,354936,12,3078,2,7200,1.00389863548
351906,351916,355170,10,3254,2,7200,1.00307314075
351975,351984,355210,9,3226,2,7200,1.00278983261
352023,352056,354929,33,2873,2,7200,1.01148625131
352047,352062,355126,15,3064,2,7200,1.00489556136
352062,352086,355121,24,3035,2,7200,1.007907743
352080,352091,355189,11,3098,2,7200,1.00355067786
352095,352104,355175,9,3071,2,7200,1.00293064148
352128,352138,355267,10,3129,2,7200,1.00319590924
352155,352165,355292,10,3127,2,7200,1.00319795331
352450,352460,355598,10,3138,2,7200,1.00318674315
352866,352876,355946,10,3070,2,7200,1.00325732899
353278,353288,356368,10,3080,2,7200,1.00324675325
353396,353405,356369,9,2964,2,7200,1.00303643725
353773,353779,375414,6,21635,1,21600,1.0002773284
353802,353810,380644,8,26834,1,32400,1.00029812924
353814,353821,364655,7,10834,1,10800,1.00064611409
353881,353891,373750,10,19859,1,50400,1.00050355003
353973,353979,576169,6,222190,1,230400,1.00002700392
354518,354528,357525,10,2997,2,7200,1.00333667
354567,354577,357956,10,3379,2,7200,1.00295945546
354756,354766,357788,10,3022,2,7200,1.00330906684
354931,354940,357933,9,2993,2,7200,1.00300701637
354946,355007,358052,61,3045,2,7200,1.02003284072
355000,355013,358036,13,3023,2,7200,1.00430036388
355123,355132,358388,9,3256,2,7200,1.00276412776
355138,355177,358505,39,3328,2,7200,1.01171875
355171,355183,358319,12,3136,2,7200,1.00382653061
355186,355200,358192,14,2992,2,7200,1.00467914439
355200,355221,358334,21,3113,2,7200,1.00674590427
355215,355227,358465,12,3238,2,7200,1.00370599135
355269,355303,358372,34,3069,2,7200,1.01107852721
355293,355309,358134,16,2825,2,7200,1.00566371681
355601,355610,358738,9,3128,2,7200,1.00287723785
355947,355957,359204,10,3247,2,7200,1.00307976594
356369,356379,359408,10,3029,2,7200,1.00330141961
356384,356451,359593,67,3142,2,7200,1.02132399745
357528,357536,360615,8,3079,2,7200,1.00259824618
357790,357799,360915,9,3116,2,7200,1.00288831836
357936,357944,360866,8,2922,2,7200,1.00273785079
357957,357967,361139,10,3172,2,7200,1.00315258512
358038,358047,360843,9,2796,2,7200,1.00321888412
358053,358063,360958,10,2895,2,7200,1.00345423143
358137,358145,361105,8,2960,2,7200,1.0027027027
358194,358203,361203,9,3000,2,7200,1.003
358315,358332,361523,17,3191,2,7200,1.00532748355
358334,358345,361165,11,2820,2,7200,1.00390070922
358373,358399,361621,26,3222,2,7200,1.00806952204
358388,358405,361510,17,3105,2,7200,1.00547504026
358467,358477,361534,10,3057,2,7200,1.0032711809
358506,358516,361564,10,3048,2,7200,1.0032808399
358741,358749,361933,8,3184,2,7200,1.00251256281
359206,359215,362081,9,2866,2,7200,1.00314026518
359410,359419,362242,9,2823,2,7200,1.00318809777
359594,359604,362476,10,2872,2,7200,1.00348189415
360618,360626,363729,8,3103,2,7200,1.00257815018
360843,360854,363954,11,3100,2,7200,1.0035483871
360867,360877,363935,10,3058,2,7200,1.00327011118
360916,360926,363968,10,3042,2,7200,1.00328731098
360961,360970,364089,9,3119,2,7200,1.00288554024
361108,361116,364131,8,3015,2,7200,1.00265339967
361141,361150,364005,9,2855,2,7200,1.00315236427
361165,361176,364106,11,2930,2,7200,1.00375426621
361204,361521,364675,317,3154,2,7200,1.10050729233
361512,361527,364466,15,2939,2,7200,1.00510377679
361529,361545,364582,16,3037,2,7200,1.00526835693
361545,361573,364696,28,3123,2,7200,1.00896573807
361566,361578,364628,12,3050,2,7200,1.00393442623
361621,361632,364673,11,3041,2,7200,1.00361723117
361779,361785,376215,6,14430,1,14400,1.00041580042
361933,361944,364938,11,2994,2,7200,1.0036740147
362084,362093,365469,9,3376,2,7200,1.00266587678
362243,362253,365123,10,2870,2,7200,1.00348432056
362478,362487,365676,9,3189,2,7200,1.00282220132
363729,363741,366828,12,3087,2,7200,1.00388726919
363937,363946,367134,9,3188,2,7200,1.00282308657
363955,363965,366799,10,2834,2,7200,1.00352858151
363969,363979,366807,10,2828,2,7200,1.00353606789
364009,364017,366872,8,2855,2,7200,1.00280210158
364090,364100,367073,10,2973,2,7200,1.00336360579
364108,364118,367278,10,3160,2,7200,1.00316455696
364133,364139,382151,6,18012,2,18000,1.00033311126
364133,364477,367494,344,3017,2,7200,1.11402055022
364467,364482,367680,15,3198,2,7200,1.00469043152
364585,364593,367562,8,2969,2,7200,1.00269450994
364630,364639,367652,9,3013,2,7200,1.00298705609
364675,364684,367809,9,3125,2,7200,1.00288
364690,364707,367733,17,3026,2,7200,1.00561797753
364705,364774,367548,69,2774,2,7200,1.02487382841
364940,364949,367936,9,2987,2,7200,1.00301305658
365127,365135,368228,8,3093,2,7200,1.00258648561
365470,365480,368583,10,3103,2,7200,1.00322268772
365671,365677,423290,6,57613,11,57600,1.00010414316
365678,365687,368716,9,3029,2,7200,1.00297127765
366801,366810,369871,9,3061,2,7200,1.00294021562
366815,366836,369928,21,3092,2,7200,1.00679172057
366830,366842,369921,12,3079,2,7200,1.00389736928
366872,366883,369866,11,2983,2,7200,1.00368756286
367074,367084,370207,10,3123,2,7200,1.00320204931
367138,367146,370243,8,3097,2,7200,1.00258314498
367279,367289,370373,10,3084,2,7200,1.00324254215
367496,367559,370665,63,3106,2,7200,1.0202833226
367550,367564,370657,14,3093,2,7200,1.00452634982
367565,367573,370660,8,3087,2,7200,1.0025915128
367652,367663,370721,11,3058,2,7200,1.0035971223
367683,367691,370602,8,2911,2,7200,1.0027481965
367734,367744,370925,10,3181,2,7200,1.00314366551
367810,367820,370790,10,2970,2,7200,1.00336700337
367936,367947,370910,11,2963,2,7200,1.00371245359
368229,368240,371363,11,3123,2,7200,1.00352225424
368584,368594,371585,10,2991,2,7200,1.00334336342
368717,368728,371799,11,3071,2,7200,1.00358189515
369867,369877,372874,10,2997,2,7200,1.00333667
369882,369930,372933,48,3003,2,7200,1.01598401598
369924,369936,373179,12,3243,2,7200,1.00370027752
369939,370007,373179,68,3172,2,7200,1.02143757881
370210,370219,373336,9,3117,2,7200,1.00288739172
370246,370255,373242,9,2987,2,7200,1.00301305658
370376,370384,373471,8,3087,2,7200,1.0025915128
370605,370669,373927,64,3258,2,7200,1.01964395335
370659,370675,373777,16,3102,2,7200,1.0051579626
370674,370682,373703,8,3021,2,7200,1.00264812976
370676,370688,373540,12,2852,2,7200,1.00420757363
370725,370732,373967,7,3235,2,7200,1.00216383308
370791,370801,373632,10,2831,2,7200,1.00353232073
370909,370921,374023,12,3102,2,7200,1.00386847195
370927,370936,374087,9,3151,2,7200,1.00285623612
371364,371374,374535,10,3161,2,7200,1.00316355584
371587,371597,374444,10,2847,2,7200,1.00351246927
371800,371811,374987,11,3176,2,7200,1.00346347607
372875,372885,375959,10,3074,2,7200,1.00325309044
372936,372945,376077,9,3132,2,7200,1.00287356322
373148,376221,390667,3073,14446,1,14400,1.21272324519
373155,391951,406358,18796,14407,1,14400,2.30464357604
373183,373190,376246,7,3056,2,7200,1.00229057592
373184,373195,376285,11,3090,2,7200,1.00355987055
373244,373254,376283,10,3029,2,7200,1.00330141961
373338,373345,376585,7,3240,2,7200,1.00216049383
373474,373482,376510,8,3028,2,7200,1.00264200793
373543,373643,376812,100,3169,2,7200,1.0315556958
373633,373649,376629,16,2980,2,7200,1.00536912752
373706,373714,376575,8,2861,2,7200,1.0027962251
373778,373788,376972,10,3184,2,7200,1.00314070352
373928,373939,376837,11,2898,2,7200,1.00379572119
373971,373978,377172,7,3194,2,7200,1.00219160927
374025,374034,377000,9,2966,2,7200,1.00303438975
374088,374098,377215,10,3117,2,7200,1.00320821303
374447,374455,377476,8,3021,2,7200,1.00264812976
374537,374546,377558,9,3012,2,7200,1.00298804781
374994,375062,378136,68,3074,2,7200,1.02212101496
375961,375971,378959,10,2988,2,7200,1.00334672021
376078,376088,379027,10,2939,2,7200,1.00340251786
376247,376257,379334,10,3077,2,7200,1.00324991875
376286,376294,379198,8,2904,2,7200,1.00275482094
376288,376299,379369,11,3070,2,7200,1.00358306189
376511,376521,379493,10,2972,2,7200,1.00336473755
376577,376637,379502,60,2865,2,7200,1.02094240838
376592,376643,379811,51,3168,2,7200,1.01609848485
376631,376648,379772,17,3124,2,7200,1.00544174136
376816,376823,379852,7,3029,2,7200,1.00231099373
376837,376848,379870,11,3022,2,7200,1.00363997353
376973,376983,380134,10,3151,2,7200,1.00317359568
377003,377012,380341,9,3329,2,7200,1.00270351457
377175,377183,380209,8,3026,2,7200,1.00264375413
377217,377226,380172,9,2946,2,7200,1.00305498982
377479,377487,380587,8,3100,2,7200,1.00258064516
377560,377569,380613,9,3044,2,7200,1.00295663601
378024,378030,382806,6,4776,8,28800,1.00125628141
378025,378036,382796,11,4760,8,28800,1.00231092437
378026,378048,383015,22,4967,8,28800,1.00442923294
378026,378042,382815,16,4773,8,28800,1.0033521894
378027,378053,382881,26,4828,8,28800,1.00538525269
378027,378058,382887,31,4829,8,28800,1.00641954856
378031,378064,383051,33,4987,8,28800,1.00661720473
378032,378069,383104,37,5035,8,28800,1.00734856008
378032,384255,389270,6223,5015,8,28800,2.2408773679
378033,389574,394538,11541,4964,8,28800,3.32493956487
378033,384731,389563,6698,4832,8,28800,2.38617549669
378034,390067,395019,12033,4952,8,28800,3.4299273021
378643,384233,413071,5590,28838,12,28800,1.19384145919
378679,384239,427469,5560,43230,12,43200,1.12861438816
378735,384244,434669,5509,50425,12,50400,1.10925136341
378961,378970,382023,9,3053,2,7200,1.00294792008
379030,379039,382110,9,3071,2,7200,1.00293064148
379061,383063,420173,4002,37110,2,54000,1.10784155214
379202,379209,382392,7,3183,2,7200,1.00219918316
379334,379350,382570,16,3220,2,7200,1.0049689441
379370,379380,382292,10,2912,2,7200,1.00343406593
379494,379504,382490,10,2986,2,7200,1.00334896182
379509,379783,382786,274,3003,2,7200,1.09124209124
379706,383115,422736,3409,39621,2,54000,1.08604023119
379774,379789,382716,15,2927,2,7200,1.00512470106
379810,379822,382934,12,3112,2,7200,1.00385604113
379853,379863,383208,10,3345,2,7200,1.00298953662
379871,379881,382889,10,3008,2,7200,1.00332446809
379971,380680,381056,709,376,4,1800,2.88563829787
379971,380333,380674,362,341,1,1800,2.06158357771
379971,379977,380321,6,344,2,1800,1.01744186047
379971,382163,382578,2192,415,8,1800,6.28192771084
379972,383552,384222,3580,670,64,1800,6.34328358209
379972,383027,383540,3055,513,32,1800,6.95516569201
379972,382824,383360,2852,536,16,1800,6.32089552239
379973,499661,500381,119688,720,128,1800,167.233333333
380136,380142,383306,6,3164,2,7200,1.00189633375
380175,380181,383268,6,3087,2,7200,1.0019436346
380209,380215,383289,6,3074,2,7200,1.00195185426
380342,380348,383465,6,3117,2,7200,1.00192492782
380589,380595,383679,6,3084,2,7200,1.00194552529
380616,380622,383708,6,3086,2,7200,1.00194426442
380674,382808,382878,2134,70,8,1800,31.4857142857
380693,384249,393350,3556,9101,16,28800,1.39072629381
380949,381068,621643,119,240575,1,604800,1.00049464824
381411,382589,382812,1178,223,8,3600,6.28251121076
381423,381431,381447,8,16,2,615,1.5
382025,382031,385252,6,3221,2,7200,1.00186277554
382112,382118,385049,6,2931,2,7200,1.00204708291
382293,382299,385326,6,3027,2,7200,1.00198216056
382395,382401,385415,6,3014,2,7200,1.00199071002
382492,382498,385745,6,3247,2,7200,1.00184785956
382573,382579,385585,6,3006,2,7200,1.00199600798
382717,382724,385616,7,2892,2,7200,1.00242047026
382787,382792,385946,5,3154,2,7200,1.00158528852
382836,382894,383895,58,1001,1,14400,1.05794205794
382854,382899,383554,45,655,1,14400,1.06870229008
382892,382905,386072,13,3167,2,7200,1.00410483107
382937,382944,385934,7,2990,2,7200,1.00234113712
383212,383218,386329,6,3111,2,7200,1.00192864031
383269,383275,386419,6,3144,2,7200,1.00190839695
383290,383296,386389,6,3093,2,7200,1.00193986421
383308,383314,386249,6,2935,2,7200,1.00204429302
383346,383353,383378,7,25,1,7200,1.28
383468,383474,386326,6,2852,2,7200,1.00210378682
383553,383559,383719,6,160,1,7200,1.0375
383683,383689,386720,6,3031,2,7200,1.0019795447
383713,383719,386572,6,2853,2,7200,1.00210304942
383818,391907,391986,8089,79,8,1800,103.392405063
383969,383975,383985,6,10,1,7200,1.6
384022,384028,384720,6,692,1,7200,1.00867052023
384656,391997,392226,7341,229,8,3600,33.056768559
384682,384689,384705,7,16,1,3600,1.4375
384723,392237,392463,7514,226,8,3600,34.2477876106
384745,392474,392693,7729,219,8,3600,36.2922374429
384802,392705,392926,7903,221,8,3600,36.7601809955
385022,389288,390041,4266,753,1,7200,6.66533864542
385050,385056,388139,6,3083,2,7200,1.00194615634
385121,483912,606602,98791,122690,6,216000,1.80520824843
385254,385261,388156,7,2895,2,7200,1.002417962
385327,385333,388434,6,3101,2,7200,1.00193485972
385380,489847,612546,104467,122699,6,180000,1.85140873194
385417,385423,388523,6,3100,2,7200,1.00193548387
385503,389294,389305,3791,11,1,3600,345.636363636
385577,389282,389305,3705,23,2,3600,162.086956522
385586,385592,388577,6,2985,2,7200,1.00201005025
385619,385625,388610,6,2985,2,7200,1.00201005025
385746,385752,388909,6,3157,2,7200,1.00190053849
385935,385941,389034,6,3093,2,7200,1.00193986421
385950,385956,389048,6,3092,2,7200,1.00194049159
386074,386080,389201,6,3121,2,7200,1.00192246075
386103,389310,389312,3207,2,1,3615,320.9
386252,386258,389141,6,2883,2,7200,1.00208116545
386327,386333,389364,6,3031,2,7200,1.0019795447
386342,386348,389344,6,2996,2,7200,1.00200267023
386390,386396,389639,6,3243,2,7200,1.00185013876
386420,386426,389568,6,3142,2,7200,1.00190961171
386574,386580,389583,6,3003,2,7200,1.001998002
386723,386728,389746,5,3018,2,7200,1.00165672631
386814,389299,390050,2485,751,1,7200,4.30892143808
386967,389304,390055,2337,751,1,7200,4.11185086551
387624,406368,420814,18744,14446,1,14400,2.29752180534
387630,420820,435247,33190,14427,1,14400,3.30054758439
387635,435254,449700,47619,14446,1,14400,4.296345009
388141,388148,391202,7,3054,2,7200,1.00229207597
388159,388166,391173,7,3007,2,7200,1.00232790156
388438,388444,391561,6,3117,2,7200,1.00192492782
388525,388532,391760,7,3228,2,7200,1.0021685254
388581,388587,391826,6,3239,2,7200,1.00185242359
388611,388617,391519,6,2902,2,7200,1.00206753963
388909,388915,392114,6,3199,2,7200,1.00187558612
388981,389315,389486,334,171,1,3540,2.95321637427
389036,389042,392034,6,2992,2,7200,1.00200534759
389051,389057,392294,6,3237,2,7200,1.00185356812
389144,389150,392132,6,2982,2,7200,1.00201207243
389201,389207,392389,6,3182,2,7200,1.00188560654
389347,389353,392468,6,3115,2,7200,1.00192616372
389365,389371,392540,6,3169,2,7200,1.00189334175
389570,389581,392345,11,2764,2,7200,1.00397973951
389585,389591,392460,6,2869,2,7200,1.00209132102
389642,389648,392751,6,3103,2,7200,1.00193361263
389747,389754,392769,7,3015,2,7200,1.00232172471
390546,391912,391939,1366,27,1,10800,51.5925925926
390795,390801,392020,6,1219,1,7200,1.00492206727
391175,391181,394138,6,2957,2,7200,1.00202908353
391202,391208,394530,6,3322,2,7200,1.00180614088
391259,391265,391752,6,487,1,7200,1.01232032854
391521,391527,394704,6,3177,2,7200,1.00188857413
391564,391570,394610,6,3040,2,7200,1.00197368421
391762,391769,395003,7,3234,2,7200,1.00216450216
391829,391835,394963,6,3128,2,7200,1.00191815857
391891,391897,392714,6,817,1,7200,1.00734394125
392037,392043,395204,6,3161,2,7200,1.0018981335
392115,392121,395167,6,3046,2,7200,1.00196979645
392133,392139,394975,6,2836,2,7200,1.00211565585
392147,469467,667498,77320,198031,3,360000,1.3904439204
392187,392193,392854,6,661,1,7200,1.00907715582
392296,392302,395424,6,3122,2,7200,1.00192184497
392347,392353,395397,6,3044,2,7200,1.00197109067
392392,392398,395469,6,3071,2,7200,1.00195376099
392461,392467,395525,6,3058,2,7200,1.00196206671
392476,392482,395374,6,2892,2,7200,1.0020746888
392542,392548,395679,6,3131,2,7200,1.00191632066
392753,392759,396028,6,3269,2,7200,1.00183542368
392771,392777,395731,6,2954,2,7200,1.00203114421
393004,393361,393583,357,222,8,3600,2.60810810811
393228,393234,394156,6,922,1,7200,1.00650759219
393273,393367,395649,94,2282,8,3600,1.0411919369
393297,393303,394027,6,724,1,7200,1.00828729282
393770,395627,774477,1857,378850,1,576000,1.00490167613
394139,394145,397369,6,3224,2,7200,1.00186104218
394533,394539,397682,6,3143,2,7200,1.00190900414
394538,394546,394883,8,337,2,10860,1.0237388724
394611,394618,397584,7,2966,2,7200,1.00236008092
394705,394711,397800,6,3089,2,7200,1.00194237617
394964,394971,395533,7,562,1,7200,1.01245551601
394967,394978,397896,11,2918,2,7200,1.00376970528
394981,394987,397895,6,2908,2,7200,1.00206327373
395005,395012,398286,7,3274,2,7200,1.00213805742
395026,395032,395809,6,777,1,7200,1.00772200772
395168,395174,398171,6,2997,2,7200,1.002002002
395208,395214,398460,6,3246,2,7200,1.00184842884
395239,395245,396221,6,976,1,7200,1.00614754098
395319,395325,395917,6,592,1,7200,1.01013513514
395362,395369,395958,7,589,1,7200,1.01188455008
395377,395383,398543,6,3160,2,7200,1.00189873418
395398,395404,398337,6,2933,2,7200,1.00204568701
395425,395431,398320,6,2889,2,7200,1.0020768432
395425,395437,396024,12,587,1,7200,1.02044293015
395444,395450,395787,6,337,14,300,1.0178041543
395444,395456,395788,12,332,14,300,1.03614457831
395470,395476,398658,6,3182,2,7200,1.00188560654
395527,395533,398679,6,3146,2,7200,1.00190718373
395555,395561,395565,6,4,2,600,1.0
395590,413082,413195,17492,113,64,1800,155.796460177
395620,395798,396146,178,348,14,300,1.51149425287
395620,395660,395961,40,301,14,300,1.13289036545
395681,395687,398972,6,3285,2,7200,1.00182648402
395735,395741,399026,6,3285,2,7200,1.00182648402
395834,395840,396148,6,308,14,300,1.01948051948
395834,395972,396244,138,272,14,300,1.50735294118
395986,396354,396573,368,219,8,3600,2.6803652968
396010,396359,396580,349,221,8,3600,2.57918552036
396031,396038,399117,7,3079,2,7200,1.00227346541
396046,396364,396585,318,221,8,3600,2.43891402715
396091,396157,396234,66,77,16,300,1.85714285714
396091,396164,396296,73,132,16,300,1.55303030303
396092,396245,396296,153,51,16,300,4.0
396092,396255,396296,163,41,16,300,4.9756097561
396093,396312,396342,219,30,16,300,8.3
396093,396307,396342,214,35,16,300,7.11428571429
396093,396318,396342,225,24,16,300,10.375
396402,396584,396911,182,327,14,300,1.55657492355
396402,396409,396727,7,318,14,300,1.02201257862
396524,396530,397605,6,1075,1,7200,1.00558139535
396616,396622,397609,6,987,1,7200,1.00607902736
396719,396726,396923,7,197,1,600,1.03553299492
396939,396951,400556,12,3605,1,3600,1.00332871012
396939,396945,400686,6,3741,2,10800,1.00160384924
397028,397035,397753,7,718,1,7200,1.00974930362
397194,397202,397423,8,221,8,3600,1.03619909502
397248,397254,397474,6,220,8,3600,1.02727272727
397373,397384,397603,11,219,8,3600,1.0502283105
397373,397379,400324,6,2945,2,7200,1.00203735144
397394,397400,397627,6,227,8,3600,1.02643171806
397572,397578,404785,6,7207,8,7200,1.00083252394
397587,397593,400771,6,3178,2,7200,1.00188797986
397683,397689,400663,6,2974,2,7200,1.00201748487
397803,397810,400895,7,3085,2,7200,1.00226904376
397897,397903,400835,6,2932,2,7200,1.00204638472
397898,397910,400926,12,3016,2,7200,1.00397877984
398173,398179,401110,6,2931,2,7200,1.00204708291
398287,398293,401126,6,2833,2,7200,1.00211789622
398320,398326,401409,6,3083,2,7200,1.00194615634
398338,398344,401348,6,3004,2,7200,1.00199733688
398462,398468,401287,6,2819,2,7200,1.00212841433
398546,398552,401743,6,3191,2,7200,1.00188028831
398644,398650,399693,6,1043,1,7200,1.00575263663
398660,398666,401810,6,3144,2,7200,1.00190839695
398681,398687,401679,6,2992,2,7200,1.00200534759
398718,398730,399068,12,338,14,300,1.03550295858
398718,398724,399029,6,305,14,300,1.01967213115
398762,398768,399505,6,737,1,7200,1.00814111262
398975,398981,401941,6,2960,2,7200,1.00202702703
399029,399035,402112,6,3077,2,7200,1.00194995125
399121,399127,402316,6,3189,2,7200,1.00188146754
399427,399433,402910,6,3477,1,7200,1.00172562554
399465,399471,399611,6,140,1,3540,1.04285714286
400040,400046,400782,6,736,1,7200,1.00815217391
400040,500392,680393,100352,180001,16,180000,1.55750801384
400121,400128,400346,7,218,8,3600,1.03211009174
400126,400134,404681,8,4547,1,7200,1.0017594018
400140,400147,400368,7,221,8,3600,1.03167420814
400159,400167,400385,8,218,8,3600,1.03669724771
400211,500398,520955,100187,20557,4,108000,5.87361969159
400326,400333,403391,7,3058,2,7200,1.00228907783
400350,400356,400607,6,251,2,3600,1.02390438247
400501,413212,422099,12711,8887,12,43200,2.43029143693
400517,400523,400524,6,1,1,900,1.0
400540,413217,432624,12677,19407,12,43200,1.65321791106
400635,413222,424429,12587,11207,12,43200,2.12313732489
400664,400670,403544,6,2874,2,7200,1.00208768267
400752,421777,434539,21025,12762,12,43200,2.64746904874
400772,400778,403970,6,3192,2,7200,1.00187969925
400835,400841,403925,6,3084,2,7200,1.00194552529
400835,400846,408067,11,7221,16,7200,1.00152333472
400835,400852,411667,17,10815,2,10800,1.00157189089
400896,400902,403976,6,3074,2,7200,1.00195185426
400929,400935,403940,6,3005,2,7200,1.00199667221
401112,401118,404183,6,3065,2,7200,1.00195758564
401127,401133,404075,6,2942,2,7200,1.00203942896
401290,401296,404223,6,2927,2,7200,1.00204988042
401350,401357,404411,7,3054,2,7200,1.00229207597
401411,401417,404507,6,3090,2,7200,1.00194174757
401682,401688,404810,6,3122,2,7200,1.00192184497
401731,401737,402488,6,751,1,7200,1.00798934754
401745,401754,404748,9,2994,2,7200,1.00300601202
401812,401818,405057,6,3239,2,7200,1.00185242359
401944,401950,404863,6,2913,2,7200,1.00205973223
401982,401988,401989,6,1,1,300,1.0
402113,402119,405082,6,2963,2,7200,1.00202497469
402262,402275,402276,13,1,1,300,1.4
402318,402324,405624,6,3300,2,7200,1.00181818182
402990,402997,402998,7,1,1,300,1.0
403070,403077,403166,7,89,1,900,1.07865168539
403197,403209,403210,12,1,1,300,1.3
403356,403362,403592,6,230,1,900,1.02608695652
403390,403396,405688,6,2292,1,7200,1.00261780105
403394,403402,406351,8,2949,2,7200,1.00271278399
403491,403497,404372,6,875,1,7200,1.00685714286
403548,403554,406509,6,2955,2,7200,1.00203045685
403804,403810,404031,6,221,8,3600,1.02714932127
403927,403933,407308,6,3375,2,7200,1.00177777778
403942,403948,406935,6,2987,2,7200,1.00200870439
403945,403955,404174,10,219,8,3600,1.04566210046
403964,404042,404261,78,219,8,3600,1.35616438356
403972,403978,406842,6,2864,2,7200,1.00209497207
403987,403993,407220,6,3227,2,7200,1.00185931205
404034,404185,404409,151,224,8,3600,1.67410714286
404053,404274,404495,221,221,8,3600,2.0
404071,404077,404083,6,6,2,540,1.2
404077,404083,407356,6,3273,2,7200,1.00183318057
404101,404425,404650,324,225,8,3600,2.44
404185,404192,407031,7,2839,2,7200,1.00246565692
404223,404236,404237,13,1,4,540,1.4
404224,404230,407199,6,2969,2,7200,1.00202088245
404297,404303,404456,6,153,1,900,1.03921568627
404413,404420,407642,7,3222,2,7200,1.00217256363
404510,404516,407666,6,3150,2,7200,1.0019047619
404751,404757,407828,6,3071,2,7200,1.00195376099
404811,404817,407776,6,2959,2,7200,1.00202771206
404865,404872,407883,7,3011,2,7200,1.00232480903
405058,405064,408127,6,3063,2,7200,1.00195886386
405082,405088,408054,6,2966,2,7200,1.0020229265
405102,405108,406207,6,1099,1,7200,1.00545950864
405183,405189,407248,6,2059,1,68400,1.00291403594
405441,405686,425839,245,20153,3,21600,1.01215699896
405564,405570,411649,6,6079,4,7200,1.00098700444
405625,405631,408890,6,3259,2,7200,1.00184105554
405797,422110,435466,16313,13356,4,14400,2.22139862234
405819,405825,407525,6,1700,1,7200,1.00352941176
405910,405916,406137,6,221,8,3600,1.02714932127
405926,405933,406158,7,225,8,3600,1.03111111111
406041,406048,406274,7,226,8,3600,1.03097345133
406125,406132,407943,7,1811,1,7200,1.00386526781
406149,406156,406407,7,251,8,3600,1.02788844622
406171,406178,406428,7,250,8,3600,1.028
406196,406286,406535,90,249,8,3600,1.36144578313
406249,413206,499650,6957,86444,20,86400,1.08047984823
406354,406360,409682,6,3322,2,7200,1.00180614088
406467,406475,406697,8,222,8,3600,1.03603603604
406485,406491,406711,6,220,8,3600,1.02727272727
406510,406517,409765,7,3248,2,7200,1.00215517241
406548,406554,406776,6,222,8,3600,1.02702702703
406574,406708,406931,134,223,8,3600,1.60089686099
406622,406722,406948,100,226,8,3600,1.44247787611
406631,406639,406713,8,74,1,3540,1.10810810811
406680,406788,407009,108,221,8,3600,1.48868778281
406701,406947,407176,246,229,8,3600,2.07423580786
406721,406959,407181,238,222,8,3600,2.07207207207
406790,407021,407286,231,265,8,3600,1.87169811321
406842,406848,409836,6,2988,2,7200,1.00200803213
406935,406942,409914,7,2972,2,7200,1.00235531629
407032,407038,409939,6,2901,2,7200,1.00206825233
407200,407206,410434,6,3228,2,7200,1.00185873606
407222,407228,410155,6,2927,2,7200,1.00204988042
407305,407311,407491,6,180,1,3540,1.03333333333
407310,407317,410606,7,3289,2,7200,1.00212830648
407358,407364,410172,6,2808,2,7200,1.00213675214
407645,407651,411022,6,3371,2,7200,1.00177988727
407666,407672,410766,6,3094,2,7200,1.00193923723
407698,407704,408722,6,1018,1,7200,1.00589390963
407778,407784,410745,6,2961,2,7200,1.00202634245
407800,407806,411391,6,3585,3,10800,1.00167364017
407830,407836,410795,6,2959,2,7200,1.00202771206
407872,407879,409366,7,1487,1,7200,1.00470746469
407875,423303,430774,15428,7471,16,14400,3.06505153259
407881,407889,408110,8,221,8,3600,1.03619909502
407884,407895,410902,11,3007,2,7200,1.00365813103
407898,407904,408130,6,226,8,3600,1.02654867257
407948,407954,408175,6,221,8,3600,1.02714932127
407993,408079,408304,86,225,8,3600,1.38222222222
408057,408063,411347,6,3284,2,7200,1.00182704019
408129,408135,411085,6,2950,2,7200,1.00203389831
408140,408146,408410,6,264,8,3600,1.02272727273
408168,408175,408441,7,266,8,3600,1.02631578947
408891,408897,412105,6,3208,2,7200,1.00187032419
409308,409314,409536,6,222,8,3600,1.02702702703
409311,409321,452401,10,43080,2,54000,1.00023212628
409385,409391,409611,6,220,8,3600,1.02727272727
409404,409410,409634,6,224,8,3600,1.02678571429
409684,409690,412672,6,2982,2,7200,1.00201207243
409739,409745,411264,6,1519,1,7200,1.00394996708
409769,409775,413062,6,3287,2,7200,1.00182537268
409837,409843,412781,6,2938,2,7200,1.00204220558
409916,409922,413004,6,3082,2,7200,1.0019467878
409943,409949,413171,6,3222,2,7200,1.00186219739
410157,410163,413248,6,3085,2,7200,1.00194489465
410175,410181,413290,6,3109,2,7200,1.00192988099
410437,410443,413333,6,2890,2,7200,1.00207612457
410454,413228,413450,2774,222,8,3600,13.4954954955
410535,413461,413683,2926,222,8,3600,14.1801801802
410609,410615,413941,6,3326,2,7200,1.00180396873
410613,413694,413914,3081,220,8,3600,15.0045454545
410630,413925,414148,3295,223,8,3600,15.7757847534
410747,410753,413837,6,3084,2,7200,1.00194552529
410768,410774,413883,6,3109,2,7200,1.00192988099
410798,410805,413808,7,3003,2,7200,1.00233100233
410904,410910,413762,6,2852,2,7200,1.00210378682
411024,411030,414021,6,2991,2,7200,1.00200601805
411087,411093,414079,6,2986,2,7200,1.00200937709
411349,411356,414442,7,3086,2,7200,1.00226830849
411475,411481,417149,6,5668,3,14400,1.00105857445
412109,412115,415138,6,3023,2,7200,1.00198478333
412676,412682,415665,6,2983,2,7200,1.00201139792
412784,412790,415798,6,3008,2,7200,1.00199468085
413007,413013,416073,6,3060,2,7200,1.00196078431
413064,413070,416084,6,3014,2,7200,1.00199071002
413173,413179,416126,6,2947,2,7200,1.00203596878
413251,413257,416222,6,2965,2,7200,1.00202360877
413293,413299,416238,6,2939,2,7200,1.00204151072
413335,413341,416414,6,3073,2,7200,1.00195248942
413764,413770,416812,6,3042,2,7200,1.00197238659
413812,413818,416812,6,2994,2,7200,1.00200400802
413839,413845,416936,6,3091,2,7200,1.00194111938
413884,413891,417102,7,3211,2,7200,1.00218000623
413942,413948,416850,6,2902,2,7200,1.00206753963
414023,414029,416895,6,2866,2,7200,1.00209351012
414080,414086,417197,6,3111,2,7200,1.00192864031
414445,414451,417465,6,3014,2,7200,1.00199071002
415141,415147,418331,6,3184,2,7200,1.00188442211
415669,415675,418663,6,2988,2,7200,1.00200803213
415799,415805,418829,6,3024,2,7200,1.00198412698
416040,416046,416233,6,187,1,3540,1.0320855615
416076,416082,419138,6,3056,2,7200,1.00196335079
416091,416097,419151,6,3054,2,7200,1.00196463654
416127,416133,418915,6,2782,2,7200,1.00215672178
416223,416229,419094,6,2865,2,7200,1.00209424084
416241,416247,419348,6,3101,2,7200,1.00193485972
416416,416422,419611,6,3189,2,7200,1.00188146754
416823,416829,419794,6,2965,2,7200,1.00202360877
416824,416835,419896,11,3061,2,7200,1.00359359686
416852,416858,420243,6,3385,2,7200,1.00177252585
416906,416912,419832,6,2920,2,7200,1.00205479452
416939,416946,419996,7,3050,2,7200,1.00229508197
417105,417113,419948,8,2835,2,7200,1.00282186949
417199,417205,420366,6,3161,2,7200,1.0018981335
417468,417474,420478,6,3004,2,7200,1.00199733688
417582,417588,417842,6,254,2,7200,1.02362204724
417590,417601,417862,11,261,2,7200,1.04214559387
417590,417596,417856,6,260,2,7200,1.02307692308
417601,417868,418127,267,259,2,7200,2.03088803089
417601,417854,418116,253,262,2,7200,1.96564885496
417856,417875,418136,19,261,2,7200,1.07279693487
417867,418127,418384,260,257,2,7200,2.01167315175
417878,418138,418398,260,260,2,7200,2.0
417953,417959,418070,6,111,1,3615,1.05405405405
417982,418147,418408,165,261,2,1800,1.63218390805
418136,418342,418602,206,260,2,1800,1.79230769231
418147,418395,418655,248,260,2,1800,1.95384615385
418334,418409,421304,75,2895,2,7200,1.02590673575
418392,418419,418679,27,260,2,1800,1.10384615385
418413,418613,418876,200,263,2,1800,1.76045627376
418424,418667,418926,243,259,2,1800,1.93822393822
418610,418674,418931,64,257,2,1800,1.24902723735
418665,418690,421664,25,2974,2,7200,1.00840618695
418671,418841,419095,170,254,2,1800,1.66929133858
418692,418887,419145,195,258,2,1800,1.75581395349
418831,418927,421879,96,2952,2,7200,1.0325203252
418854,419299,419301,445,2,2,3540,44.7
418886,418937,419194,51,257,2,1800,1.19844357977
418919,418944,421985,25,3041,2,7200,1.00822097994
418938,419106,419362,168,256,2,1800,1.65625
418949,419111,419366,162,255,2,1800,1.63529411765
419064,424441,435247,5377,10806,4,10800,1.4975939293
419064,419313,430129,249,10816,2,10800,1.0230214497
419096,419150,422320,54,3170,2,7200,1.01703470032
419112,419156,419412,44,256,2,1800,1.171875
419142,419162,422211,20,3049,2,7200,1.00655952771
419154,419205,419468,51,263,2,1800,1.19391634981
419157,419359,422481,202,3122,2,7200,1.06470211403
419205,419373,419630,168,257,2,1800,1.65369649805
419349,419380,422278,31,2898,2,7200,1.01069703244
419369,419423,419682,54,259,2,1800,1.20849420849
419380,419479,419735,99,256,2,1800,1.38671875
419421,419622,419878,201,256,2,1800,1.78515625
419483,419641,419898,158,257,2,1800,1.61478599222
419612,419694,422798,82,3104,2,7200,1.02641752577
419647,419747,420005,100,258,2,1800,1.38759689922
419698,419805,420066,107,261,2,1800,1.40996168582
419749,419844,420100,95,256,2,1800,1.37109375
419795,419889,423048,94,3159,2,7200,1.02975625198
419836,419907,422610,71,2703,2,7200,1.02626711062
419893,419914,420172,21,258,2,1800,1.08139534884
419899,419959,423018,60,3059,2,7200,1.01961425302
419914,420007,420268,93,261,2,1800,1.35632183908
419951,420016,422854,65,2838,2,7200,1.02290345314
419999,420077,423175,78,3098,2,7200,1.02517753389
420016,420112,420370,96,258,2,1800,1.37209302326
420078,420183,420447,105,264,2,1800,1.39772727273
420109,420254,420512,145,258,2,1800,1.56201550388
420181,420279,420542,98,263,2,1800,1.37262357414
420244,420377,423405,133,3028,2,7200,1.04392338177
420283,420384,420644,101,260,2,1800,1.38846153846
420368,420458,423220,90,2762,2,7200,1.03258508327
420386,420489,420749,103,260,2,1800,1.39615384615
420458,420523,420787,65,264,2,1800,1.24621212121
420479,420554,423468,75,2914,2,7200,1.02573781743
420520,420655,420918,135,263,2,1800,1.51330798479
420551,420760,421023,209,263,2,1800,1.79467680608
420653,420799,421061,146,262,2,1800,1.5572519084
420756,420929,421193,173,264,2,1800,1.6553030303
420797,421034,421299,237,265,2,1800,1.89433962264
420931,421072,421337,141,265,2,1800,1.5320754717
421034,421204,421440,170,236,2,1800,1.72033898305
421075,421310,421564,235,254,2,1800,1.92519685039
421209,421318,421596,109,278,2,1800,1.39208633094
421306,421348,424481,42,3133,2,7200,1.01340568146
421321,421453,421750,132,297,2,1800,1.44444444444
421352,421575,421896,223,321,2,1800,1.69470404984
421455,421607,421910,152,303,2,1800,1.50165016502
421560,421566,421908,6,342,2,10860,1.01754385965
421578,421675,421988,97,313,2,1800,1.30990415335
421605,422747,427278,1142,4531,2,10860,1.25204149194
421609,421761,422083,152,322,2,1800,1.47204968944
421667,421891,424830,224,2939,2,7200,1.07621640014
421762,421907,422222,145,315,2,1800,1.46031746032
421881,421922,425159,41,3237,2,7200,1.01266604881
421905,421996,422313,91,317,2,1800,1.28706624606
421926,422003,422323,77,320,2,1800,1.240625
421987,422094,425167,107,3073,2,7200,1.03481939473
422008,422222,422545,214,323,2,1800,1.66253869969
422091,422233,422555,142,322,2,1800,1.44099378882
422214,422290,425236,76,2946,2,7200,1.02579769179
422234,422324,422648,90,324,2,1800,1.27777777778
422281,422331,425226,50,2895,2,7200,1.01727115717
422324,422337,425392,13,3055,2,7200,1.00425531915
422326,422492,422819,166,327,2,1800,1.50764525994
422337,422556,422806,219,250,2,1800,1.876
422484,422567,425651,83,3084,2,7200,1.02691309987
422552,422621,422876,69,255,2,1800,1.27058823529
422572,422659,422916,87,257,2,1800,1.33852140078
422611,422809,425835,198,3026,2,7200,1.06543291474
422655,422830,423089,175,259,2,1800,1.67567567568
422781,424446,435250,1665,10804,2,10860,1.15410958904
422801,422817,425891,16,3074,2,7200,1.0052049447
422818,422866,423125,48,259,2,1800,1.18532818533
422829,422888,423145,59,257,2,1800,1.22957198444
422855,422927,425784,72,2857,2,7200,1.02520126006
422891,423030,423285,139,255,2,1800,1.54509803922
422932,423059,423312,127,253,2,1800,1.50197628458
423022,423100,426149,78,3049,2,7200,1.02558215808
423050,423136,425922,86,2786,2,7200,1.03086862886
423096,423156,423409,60,253,2,1800,1.2371541502
423137,423188,423452,51,264,2,1800,1.19318181818
423158,423231,423491,73,260,2,1800,1.28076923077
423180,423296,426298,116,3002,2,7200,1.03864090606
423223,423323,426279,100,2956,2,7200,1.03382949932
423292,423416,423670,124,254,2,1800,1.48818897638
423323,423423,423681,100,258,2,1800,1.38759689922
423406,423463,426725,57,3262,2,7200,1.01747394237
423425,423480,423735,55,255,2,1800,1.21568627451
423467,423502,423757,35,255,2,1800,1.13725490196
423469,423681,426939,212,3258,2,7200,1.06507059546
423498,423692,423946,194,254,2,1800,1.76377952756
423682,423746,424003,64,257,2,1800,1.24902723735
423692,423768,424024,76,256,2,1800,1.296875
423744,423957,424213,213,256,2,1800,1.83203125
423765,424014,424271,249,257,2,1800,1.96887159533
423959,424036,424289,77,253,2,1800,1.30434782609
424011,424224,424481,213,257,2,1800,1.82879377432
424042,424282,424535,240,253,2,1800,1.94861660079
424227,424300,424555,73,255,2,1800,1.2862745098
424279,424492,424747,213,255,2,1800,1.83529411765
424300,424497,424750,197,253,2,1800,1.77865612648
424483,424547,427373,64,2826,2,7200,1.02264685067
424494,424567,424820,73,253,2,1800,1.28853754941
424545,424758,425013,213,255,2,1800,1.83529411765
424566,424765,425018,199,253,2,1800,1.78656126482
424760,424831,425084,71,253,2,1800,1.28063241107
424761,424841,425098,80,257,2,1800,1.31128404669
424762,500408,1105217,75646,604809,4,604800,1.12507419698
424833,425032,428220,199,3188,2,7200,1.06242158093
424833,425025,425284,192,259,2,1800,1.74131274131
425027,425095,425353,68,258,2,1800,1.26356589147
425038,425110,425369,72,259,2,1800,1.27799227799
425099,425171,425433,72,262,2,1800,1.27480916031
425110,425179,425436,69,257,2,1800,1.26848249027
425161,425237,428386,76,3149,2,7200,1.02413464592
425176,425247,428321,71,3074,2,7200,1.02309694209
425228,425296,428461,68,3165,2,7200,1.0214849921
425243,425381,425639,138,258,2,1800,1.53488372093
425243,425364,428341,121,2977,2,7200,1.04064494458
425366,425403,425659,37,256,2,1800,1.14453125
425377,425445,425707,68,262,2,1800,1.25954198473
425394,425451,428499,57,3048,2,7200,1.0187007874
425448,425650,425910,202,260,2,1800,1.77692307692
425449,425662,425927,213,265,2,1800,1.80377358491
425550,425855,425927,305,72,8,1800,5.23611111111
425650,425670,425927,20,257,2,1800,1.07782101167
425653,425718,428741,65,3023,2,7200,1.02150181938
425671,425795,426050,124,255,2,1800,1.4862745098
425722,425847,426101,125,254,2,1800,1.49212598425
425786,425902,428828,116,2926,2,7200,1.03964456596
425837,425921,429234,84,3313,2,7200,1.02535466345
425894,425933,429063,39,3130,2,7200,1.0124600639
425917,425939,426194,22,255,2,1800,1.0862745098
425924,425945,428911,21,2966,2,7200,1.00708024275
425938,426061,426360,123,299,2,1800,1.41137123746
425948,426113,426405,165,292,2,1800,1.56506849315
426061,426160,426475,99,315,2,1800,1.31428571429
426112,426205,426522,93,317,2,1800,1.29337539432
426150,426290,429161,140,2871,2,7200,1.04876349704
426177,426184,426405,7,221,8,3600,1.03167420814
426205,426310,426628,105,318,2,1800,1.33018867925
426256,426421,426642,165,221,8,3600,1.74660633484
426280,426654,426874,374,220,8,3600,2.7
426280,426371,429516,91,3145,2,7200,1.02893481717
426301,426416,429557,115,3141,2,7200,1.03661254378
426350,426834,427056,484,222,8,3600,3.18018018018
426366,426885,427111,519,226,8,3600,3.29646017699
426369,426486,426814,117,328,2,1800,1.35670731707
426403,427068,427288,665,220,8,3600,4.02272727273
426420,426533,426851,113,318,2,1800,1.35534591195
426454,434686,434811,8232,125,64,1800,66.856
426482,426639,426959,157,320,2,1800,1.490625
426533,426736,427057,203,321,2,1800,1.63239875389
426559,427122,430542,563,3420,8,3600,1.16461988304
426636,426825,427146,189,321,2,1800,1.58878504673
426728,426863,430147,135,3284,2,7200,1.04110840438
426830,426950,427273,120,323,2,1800,1.37151702786
426861,426971,427295,110,324,2,1800,1.33950617284
426942,427074,430026,132,2952,2,7200,1.04471544715
426974,427157,427488,183,331,2,1800,1.55287009063
427077,427284,427609,207,325,2,1800,1.63692307692
427159,427306,427633,147,327,2,1800,1.4495412844
427282,427384,427637,102,253,2,1800,1.40316205534
427303,427499,427749,196,250,2,1800,1.784
427376,427620,430585,244,2965,2,7200,1.08229342327
427505,427644,427895,139,251,2,1800,1.55378486056
427617,427651,427902,34,251,2,1800,1.13545816733
427648,427761,428016,113,255,2,1800,1.4431372549
427649,427906,428160,257,254,2,1800,2.01181102362
427748,427755,463780,7,36025,1,43200,1.00019430951
427762,427914,428166,152,252,2,1800,1.60317460317
427888,427894,463922,6,36028,1,43200,1.00016653714
427905,428027,428281,122,254,2,1800,1.48031496063
427916,428172,428424,256,252,2,1800,2.01587301587
428028,428179,428429,151,250,2,1800,1.604
428079,428086,435251,7,7165,2,10860,1.00097697139
428094,430554,435251,2460,4697,2,10860,1.52373855653
428095,432636,435251,4541,2615,2,10860,2.73652007648
428096,434551,435251,6455,700,2,10860,10.2214285714
428097,434556,435252,6459,696,2,10860,10.2801724138
428133,428141,428368,8,227,8,3600,1.03524229075
428172,428231,428482,59,251,2,1800,1.23505976096
428182,428293,428544,111,251,2,1800,1.4422310757
428193,428199,428422,6,223,8,3600,1.0269058296
428223,428332,431358,109,3026,2,7200,1.03602115003
428289,428300,464317,11,36017,1,43200,1.00030541133
428295,428352,428603,57,251,2,1800,1.22709163347
428323,428397,431604,74,3207,2,7200,1.02307452448
428344,428435,431491,91,3056,2,7200,1.02977748691
428381,428389,428555,8,166,1,3540,1.04819277108
428389,428441,431317,52,2876,2,7200,1.01808066759
428439,428473,428721,34,248,2,1800,1.13709677419
428439,428493,428741,54,248,2,1800,1.21774193548
428464,428510,431539,46,3029,2,7200,1.01518653021
428490,428556,428799,66,243,2,1800,1.27160493827
428500,428614,431810,114,3196,2,7200,1.03566958698
428518,428524,428560,6,36,8,7200,1.16666666667
428552,428733,428986,181,253,2,1800,1.71541501976
428614,428752,429000,138,248,2,1800,1.5564516129
428685,428692,428787,7,95,8,7200,1.07368421053
428737,428758,429007,21,249,2,1800,1.0843373494
428745,428810,431922,65,3112,2,7200,1.02088688946
428758,428839,429088,81,249,2,1800,1.32530120482
428809,428923,429172,114,249,2,1800,1.4578313253
428829,428998,432044,169,3046,2,7200,1.05548260013
428899,428905,429002,6,97,8,7200,1.0618556701
428914,429012,432365,98,3353,2,7200,1.02922755741
428994,429019,429266,25,247,2,1800,1.1012145749
429015,429099,429346,84,247,2,1800,1.34008097166
429015,429074,429324,59,250,2,1800,1.236
429065,429173,432202,108,3029,2,7200,1.03565533179
429097,429183,429430,86,247,2,1800,1.34817813765
429164,429246,432451,82,3205,2,7200,1.0255850234
429179,429278,429526,99,248,2,1800,1.39919354839
429217,429223,429268,6,45,8,7200,1.13333333333
429251,429335,429587,84,252,2,1800,1.33333333333
429282,429358,429606,76,248,2,1800,1.3064516129
429334,429441,429689,107,248,2,1800,1.4314516129
429352,429364,429544,12,180,8,7200,1.06666666667
429354,429370,429592,16,222,8,3600,1.07207207207
429355,429527,429777,172,250,2,1800,1.688
429384,429391,429392,7,1,1,240,1.0
429393,429557,429780,164,223,8,3600,1.73542600897
429413,429606,429824,193,218,8,3600,1.88532110092
429438,429537,429786,99,249,2,1800,1.39759036145
429502,429839,430060,337,221,8,3600,2.52488687783
429531,429568,429820,37,252,2,1800,1.14682539683
429541,429598,429849,57,251,2,1800,1.22709163347
429572,429617,429870,45,253,2,1800,1.17786561265
429603,429700,429952,97,252,2,1800,1.38492063492
429614,429788,430044,174,256,2,1800,1.6796875
429673,429680,429882,7,202,1,3540,1.03465346535
429679,429687,429846,8,159,1,3540,1.05031446541
429696,429801,430054,105,253,2,1800,1.41501976285
429784,429795,430093,11,298,8,7200,1.03691275168
429788,429831,430105,43,274,2,1800,1.15693430657
429799,429860,430119,61,259,2,1800,1.23552123552
429830,429881,430142,51,261,2,1800,1.19540229885
429861,429964,430231,103,267,2,1800,1.38576779026
429882,430037,430302,155,265,2,1800,1.58490566038
429964,430055,430324,91,269,2,1800,1.33828996283
429968,430141,466166,173,36025,1,43200,1.00480222068
429971,430073,430293,102,220,8,3600,1.46363636364
429996,430105,430331,109,226,8,3600,1.48230088496
430036,430065,430342,29,277,2,1800,1.10469314079
430057,430116,430388,59,272,2,1800,1.21691176471
430068,430130,430423,62,293,2,1800,1.21160409556
430119,430154,430451,35,297,2,1800,1.11784511785
430130,430160,430470,30,310,2,1800,1.09677419355
430151,430242,430566,91,324,2,1800,1.28086419753
430161,430313,430636,152,323,2,1800,1.47058823529
430211,430305,431070,94,765,8,7200,1.12287581699
430244,430335,430659,91,324,2,1800,1.28086419753
430316,430353,430675,37,322,2,1800,1.1149068323
430336,430399,430721,63,322,2,1800,1.19565217391
430357,430434,430755,77,321,2,1800,1.23987538941
430399,430462,430787,63,325,2,1800,1.19384615385
430430,430481,430806,51,325,2,1800,1.15692307692
430461,430577,430903,116,326,2,1800,1.35582822086
430482,430596,430933,114,337,2,1800,1.33827893175
430574,430648,430983,74,335,2,1800,1.22089552239
430595,430670,430998,75,328,2,1800,1.22865853659
430646,430690,430965,44,275,2,1800,1.16
430667,430732,431008,65,276,2,1800,1.23550724638
430677,430684,430907,7,223,1,3540,1.03139013453
430688,430766,431040,78,274,2,1800,1.28467153285
430729,430798,431061,69,263,2,1800,1.26235741445
430771,430817,431085,46,268,2,1800,1.17164179104
430802,430924,431198,122,274,2,1800,1.44525547445
430823,430944,431216,121,272,2,1800,1.44485294118
430925,430977,431254,52,277,2,1800,1.18772563177
430946,430994,431266,48,272,2,1800,1.17647058824
430947,430952,431177,5,225,8,3600,1.02222222222
430977,431014,431286,37,272,2,1800,1.13602941176
430998,431021,431296,23,275,2,1800,1.08363636364
431001,431008,431146,7,138,1,3540,1.05072463768
431019,431051,431325,32,274,2,1800,1.11678832117
431019,431073,431349,54,276,2,1800,1.19565217391
431050,431096,431366,46,270,2,1800,1.17037037037
431071,431209,431480,138,271,2,1800,1.50922509225
431092,431228,431493,136,265,2,1800,1.51320754717
431205,431265,431524,60,259,2,1800,1.23166023166
431226,431277,431538,51,261,2,1800,1.19540229885
431248,431254,431478,6,224,8,3600,1.02678571429
431267,431297,431562,30,265,2,1800,1.11320754717
431277,431307,431572,30,265,2,1800,1.11320754717
431298,431328,431596,30,268,2,1800,1.11194029851
431309,431336,431601,27,265,2,1800,1.10188679245
431330,431360,431628,30,268,2,1800,1.11194029851
431340,431370,431635,30,265,2,1800,1.11320754717
431361,431377,431641,16,264,2,1800,1.06060606061
431372,431492,431755,120,263,2,1800,1.45627376426
431383,431502,431767,119,265,2,1800,1.44905660377
431475,431482,434909,7,3427,8,3600,1.00204260286
431495,431508,431773,13,265,2,1800,1.04905660377
431509,431535,431794,26,259,2,1800,1.10038610039
431509,431549,431810,40,261,2,1800,1.15325670498
431512,431518,431960,6,442,8,3600,1.01357466063
431540,431556,431819,16,263,2,1800,1.0608365019
431551,431573,431840,22,267,2,1800,1.08239700375
431562,431583,431862,21,279,2,1800,1.0752688172
431572,431607,431887,35,280,2,1800,1.125
431583,431614,431893,31,279,2,1800,1.11111111111
431604,431620,431899,16,279,2,1800,1.05734767025
431614,431640,431928,26,288,2,1800,1.09027777778
431625,431646,431925,21,279,2,1800,1.0752688172
431636,431653,431934,17,281,2,1800,1.06049822064
431646,431767,432062,121,295,2,1800,1.41016949153
431657,431778,432076,121,298,2,1800,1.40604026846
431747,431753,431981,6,228,8,3600,1.02631578947
431770,431785,432085,15,300,2,1800,1.05
431780,431805,432115,25,310,2,1800,1.08064516129
431781,431821,432120,40,299,2,1800,1.13377926421
431802,431827,432123,25,296,2,1800,1.08445945946
431823,431851,432148,28,297,2,1800,1.09427609428
431823,431833,432128,10,295,2,1800,1.03389830508
431834,431873,432188,39,315,2,1800,1.12380952381
431854,431898,432222,44,324,2,1800,1.13580246914
431875,431905,432230,30,325,2,1800,1.09230769231
431896,431911,432235,15,324,2,1800,1.0462962963
431907,431933,432256,26,323,2,1800,1.08049535604
431907,431940,432264,33,324,2,1800,1.10185185185
431938,431947,432272,9,325,2,1800,1.02769230769
431939,431953,432276,14,323,2,1800,1.04334365325
431949,432055,432383,106,328,2,1800,1.32317073171
431950,432073,432402,123,329,2,1800,1.37386018237
432052,432087,432414,35,327,2,1800,1.10703363914
432073,432097,432428,24,331,2,1800,1.07250755287
432084,432126,432457,42,331,2,1800,1.12688821752
432095,432133,432400,38,267,2,1800,1.14232209738
432126,432140,432426,14,286,2,1800,1.04895104895
432136,432147,432438,11,291,2,1800,1.03780068729
432137,432159,432449,22,290,2,1800,1.07586206897
432147,432199,432489,52,290,2,1800,1.17931034483
432158,432213,432506,55,293,2,1800,1.18771331058
432199,432234,432526,35,292,2,1800,1.1198630137
432210,432241,432538,31,297,2,1800,1.10437710438
432222,432228,432248,6,20,2,1200,1.3
432230,432247,432541,17,294,2,1800,1.05782312925
432241,432267,432561,26,294,2,1800,1.08843537415
432251,432276,432569,25,293,2,1800,1.08532423208
432272,432291,432585,19,294,2,1800,1.06462585034
432272,432284,432578,12,294,2,1800,1.04081632653
432283,432376,432669,93,293,2,1800,1.31740614334
432293,432394,432688,101,294,2,1800,1.34353741497
432375,432412,432695,37,283,2,1800,1.13074204947
432396,432419,432700,23,281,2,1800,1.08185053381
432416,432426,432715,10,289,2,1800,1.03460207612
432417,432437,432731,20,294,2,1800,1.06802721088
432427,432443,432738,16,295,2,1800,1.05423728814
432438,432449,432744,11,295,2,1800,1.03728813559
432448,432460,432752,12,292,2,1800,1.04109589041
432448,432467,432758,19,291,2,1800,1.06529209622
432459,432474,432766,15,292,2,1800,1.05136986301
432469,432500,432795,31,295,2,1800,1.10508474576
432470,432517,432810,47,293,2,1800,1.16040955631
432501,432537,432829,36,292,2,1800,1.12328767123
432521,432549,432851,28,302,2,1800,1.09271523179
432542,432556,432842,14,286,2,1800,1.04895104895
432552,432572,432865,20,293,2,1800,1.06825938567
432553,432580,432874,27,294,2,1800,1.09183673469
432574,432594,432887,20,293,2,1800,1.06825938567
432578,432588,432604,10,16,2,1200,1.625
432584,432601,432895,17,294,2,1800,1.05782312925
432595,432681,432976,86,295,2,1800,1.29152542373
432605,432700,432994,95,294,2,1800,1.3231292517
432608,432615,432630,7,15,2,1200,1.46666666667
432677,432706,433004,29,298,2,1800,1.09731543624
432697,432713,433012,16,299,2,1800,1.05351170569
432708,432726,433026,18,300,2,1800,1.06
432710,432742,433045,32,303,2,1800,1.10561056106
432731,432749,433058,18,309,2,1800,1.05825242718
432741,432756,433055,15,299,2,1800,1.05016722408
432752,432762,433061,10,299,2,1800,1.03344481605
432752,432769,433073,17,304,2,1800,1.05592105263
432763,432777,433081,14,304,2,1800,1.04605263158
432773,432806,433111,33,305,2,1800,1.10819672131
432773,432821,433118,48,297,2,1800,1.16161616162
432804,432840,433137,36,297,2,1800,1.12121212121
432825,432862,433180,37,318,2,1800,1.11635220126
432835,432853,433178,18,325,2,1800,1.05538461538
432856,432876,433204,20,328,2,1800,1.06097560976
432867,432886,433216,19,330,2,1800,1.05757575758
432877,432905,433234,28,329,2,1800,1.08510638298
432888,432912,433241,24,329,2,1800,1.07294832827
432891,432899,432915,8,16,2,1200,1.5
432905,432918,432933,13,15,2,1200,1.86666666667
432908,432988,433316,80,328,2,1800,1.24390243902
432909,433005,433336,96,331,2,1800,1.29003021148
432991,433015,433344,24,329,2,1800,1.07294832827
433001,433023,433352,22,329,2,1800,1.06686930091
433012,433037,433371,25,334,2,1800,1.0748502994
433022,433056,433389,34,333,2,1800,1.1021021021
433033,433074,433405,41,331,2,1800,1.12386706949
433054,433067,433346,13,279,2,1800,1.04659498208
433065,433080,433358,15,278,2,1800,1.05395683453
433075,433086,433379,11,293,2,1800,1.03754266212
433076,433093,433387,17,294,2,1800,1.05782312925
433086,433122,433416,36,294,2,1800,1.12244897959
433097,433128,433422,31,294,2,1800,1.10544217687
433118,433148,433450,30,302,2,1800,1.09933774834
433128,433189,433486,61,297,2,1800,1.20538720539
433149,433195,433491,46,296,2,1800,1.15540540541
433191,433228,433528,37,300,2,1800,1.12333333333
433191,433216,433512,25,296,2,1800,1.08445945946
433212,433245,433542,33,297,2,1800,1.11111111111
433233,433252,433560,19,308,2,1800,1.06168831169
433243,433327,433623,84,296,2,1800,1.28378378378
433250,434824,435267,1574,443,8,3600,4.55304740406
433254,433348,433644,94,296,2,1800,1.31756756757
433295,434829,435271,1534,442,8,3600,4.47058823529
433326,433355,433643,29,288,2,1800,1.10069444444
433347,433361,433650,14,289,2,1800,1.04844290657
433357,433368,433664,11,296,2,1800,1.03716216216
433358,433374,433675,16,301,2,1800,1.05315614618
433368,433382,433676,14,294,2,1800,1.04761904762
433379,433390,433685,11,295,2,1800,1.03728813559
433380,433398,433693,18,295,2,1800,1.06101694915
433390,433405,433699,15,294,2,1800,1.05102040816
433401,433416,433710,15,294,2,1800,1.05102040816
433401,433427,433723,26,296,2,1800,1.08783783784
433412,433434,433728,22,294,2,1800,1.07482993197
433423,433461,433755,38,294,2,1800,1.12925170068
433433,433497,433791,64,294,2,1800,1.21768707483
433464,433504,433799,40,295,2,1800,1.13559322034
433495,433523,433819,28,296,2,1800,1.09459459459
433506,433540,433835,34,295,2,1800,1.11525423729
433527,433553,433850,26,297,2,1800,1.08754208754
433537,433571,433872,34,301,2,1800,1.11295681063
433558,433634,433933,76,299,2,1800,1.25418060201
433569,433661,433961,92,300,2,1800,1.30666666667
433631,433654,433954,23,300,2,1800,1.07666666667
433651,433666,433966,15,300,2,1800,1.05
433662,433675,433976,13,301,2,1800,1.04318936877
433663,433686,433987,23,301,2,1800,1.07641196013
433673,433692,433993,19,301,2,1800,1.06312292359
433684,433699,434003,15,304,2,1800,1.04934210526
433694,433706,434011,12,305,2,1800,1.0393442623
433695,433713,434017,18,304,2,1800,1.05921052632
433705,433721,434027,16,306,2,1800,1.0522875817
433716,433734,434041,18,307,2,1800,1.05863192182
433717,433741,434040,24,299,2,1800,1.08026755853
433738,433766,434065,28,299,2,1800,1.09364548495
433738,433802,434111,64,309,2,1800,1.2071197411
433769,433810,434143,41,333,2,1800,1.12312312312
433800,433830,434160,30,330,2,1800,1.09090909091
433811,433846,434179,35,333,2,1800,1.10510510511
433832,433861,434189,29,328,2,1800,1.08841463415
433842,433883,434217,41,334,2,1800,1.12275449102
433863,433944,434277,81,333,2,1800,1.24324324324
433884,433966,434295,82,329,2,1800,1.24924012158
433946,433973,434301,27,328,2,1800,1.08231707317
433967,433979,434312,12,333,2,1800,1.03603603604
433978,433999,434336,21,337,2,1800,1.06231454006
433978,433987,434320,9,333,2,1800,1.02702702703
433989,434006,434345,17,339,2,1800,1.05014749263
433999,434014,434291,15,277,2,1800,1.05415162455
434010,434030,434325,20,295,2,1800,1.06779661017
434010,434023,434307,13,284,2,1800,1.04577464789
434021,434038,434332,17,294,2,1800,1.05782312925
434032,434058,434350,26,292,2,1800,1.08904109589
434042,434051,434348,9,297,2,1800,1.0303030303
434053,434076,434373,23,297,2,1800,1.07744107744
434064,434123,434419,59,296,2,1800,1.19932432432
434074,434154,434450,80,296,2,1800,1.27027027027
434126,434171,434469,45,298,2,1800,1.15100671141
434157,434191,434493,34,302,2,1800,1.11258278146
434168,434200,434501,32,301,2,1800,1.10631229236
434189,434228,434530,39,302,2,1800,1.12913907285
434199,434288,434587,89,299,2,1800,1.29765886288
434231,434302,434598,71,296,2,1800,1.23986486486
434292,434309,434604,17,295,2,1800,1.05762711864
434303,434315,434611,12,296,2,1800,1.04054054054
434314,434322,434620,8,298,2,1800,1.02684563758
434314,434328,434626,14,298,2,1800,1.04697986577
434325,434335,434635,10,300,2,1800,1.03333333333
434325,434341,434640,16,299,2,1800,1.05351170569
434336,434348,434645,12,297,2,1800,1.0404040404
434347,434355,434651,8,296,2,1800,1.02702702703
434347,434361,434660,14,299,2,1800,1.04682274247
434358,434368,434664,10,296,2,1800,1.03378378378
434358,434374,434670,16,296,2,1800,1.05405405405
434369,434384,434687,15,303,2,1800,1.0495049505
434369,434430,434729,61,299,2,1800,1.20401337793
434380,434461,434759,81,298,2,1800,1.27181208054
434432,434480,434778,48,298,2,1800,1.1610738255
434463,434504,434798,41,294,2,1800,1.13945578231
434484,434512,434815,28,303,2,1800,1.09240924092
434505,434541,434847,36,306,2,1800,1.11764705882
434515,434599,434897,84,298,2,1800,1.28187919463
434546,434610,434907,64,297,2,1800,1.21548821549
434598,434617,434918,19,301,2,1800,1.06312292359
434609,434624,434928,15,304,2,1800,1.04934210526
434620,434637,434939,17,302,2,1800,1.05629139073
434620,434631,434937,11,306,2,1800,1.03594771242
434631,434646,434950,15,304,2,1800,1.04934210526
434641,434653,434957,12,304,2,1800,1.03947368421
434642,434659,434963,17,304,2,1800,1.05592105263
434653,434666,434972,13,306,2,1800,1.04248366013
434663,434673,434981,10,308,2,1800,1.03246753247
434664,434680,434991,16,311,2,1800,1.05144694534
434674,434692,434993,18,301,2,1800,1.05980066445
434685,434699,435007,14,308,2,1800,1.04545454545
434696,434741,435057,45,316,2,1800,1.14240506329
434696,434770,435096,74,326,2,1800,1.22699386503
434738,434790,435118,52,328,2,1800,1.15853658537
434769,434810,435140,41,330,2,1800,1.12424242424
434790,434835,435168,45,333,2,1800,1.13513513514
434812,434858,435189,46,331,2,1800,1.13897280967
434833,434908,435244,75,336,2,1800,1.22321428571
434854,434918,435258,64,340,2,1800,1.18823529412
434905,434929,435268,24,339,2,1800,1.07079646018
434916,434939,435273,23,334,2,1800,1.06886227545
434926,434948,435283,22,335,2,1800,1.06567164179
434937,434955,435290,18,335,2,1800,1.05373134328
434948,434962,435299,14,337,2,1800,1.04154302671
434958,434968,435246,10,278,2,1800,1.03597122302
434959,434975,435259,16,284,2,1800,1.05633802817
434969,434983,435274,14,291,2,1800,1.04810996564
434980,434992,435288,12,296,2,1800,1.04054054054
434981,435002,435299,21,297,2,1800,1.07070707071
434991,435009,435305,18,296,2,1800,1.06081081081
435002,435018,435319,16,301,2,1800,1.05315614618
435012,435068,435368,56,300,2,1800,1.18666666667
435023,435107,435410,84,303,2,1800,1.27722772277
435064,435130,435432,66,302,2,1800,1.21854304636
435109,435151,435462,42,311,2,1800,1.13504823151
435130,435179,435486,49,307,2,1800,1.15960912052
435150,435200,435505,50,305,2,1800,1.16393442623
435181,435261,435565,80,304,2,1800,1.26315789474
435202,435266,435569,64,303,2,1800,1.21122112211
435264,435273,435566,9,293,2,1800,1.03071672355
435264,435278,435576,14,298,2,1800,1.04697986577
435275,435284,435581,9,297,2,1800,1.0303030303
435276,435290,435592,14,302,2,1800,1.04635761589
435286,435296,435595,10,299,2,1800,1.03344481605
435287,435302,435603,15,301,2,1800,1.04983388704
435297,435308,435607,11,299,2,1800,1.03678929766
435298,435314,435612,16,298,2,1800,1.05369127517
435308,435320,435620,12,300,2,1800,1.04
435319,435333,435634,14,301,2,1800,1.04651162791
435319,435327,435635,8,308,2,1800,1.02597402597
435330,435339,435641,9,302,2,1800,1.0298013245
435330,435379,435680,49,301,2,1800,1.16279069767
435341,435421,435725,80,304,2,1800,1.26315789474
435382,435443,435742,61,299,2,1800,1.20401337793
435424,435473,435768,49,295,2,1800,1.16610169492
435444,435497,435795,53,298,2,1800,1.17785234899
435476,435516,435821,40,305,2,1800,1.13114754098
435496,435576,435881,80,305,2,1800,1.26229508197
435517,435582,435889,65,307,2,1800,1.21172638436
435579,435595,435898,16,303,2,1800,1.05280528053
435579,435589,435898,10,309,2,1800,1.03236245955
435590,435601,435905,11,304,2,1800,1.03618421053
435590,435608,435915,18,307,2,1800,1.05863192182
435601,435614,435916,13,302,2,1800,1.04304635762
435612,435620,435931,8,311,2,1800,1.02572347267
435612,435626,435936,14,310,2,1800,1.04516129032
435623,435632,435942,9,310,2,1800,1.02903225806
435623,435638,435953,15,315,2,1800,1.04761904762
435634,435645,435947,11,302,2,1800,1.03642384106
435634,435652,435968,18,316,2,1800,1.05696202532
435645,435658,435964,13,306,2,1800,1.04248366013
435656,435692,436004,36,312,2,1800,1.11538461538
435656,435736,436071,80,335,2,1800,1.23880597015
435697,435753,436087,56,334,2,1800,1.16766467066
435732,435779,436115,47,336,2,1800,1.13988095238
435752,435806,436143,54,337,2,1800,1.16023738872
435783,435832,436168,49,336,2,1800,1.14583333333
435804,435892,436229,88,337,2,1800,1.26112759644
435835,435900,436236,65,336,2,1800,1.19345238095
435897,435909,436250,12,341,2,1800,1.03519061584
435897,435915,436252,18,337,2,1800,1.05341246291
435908,435921,436261,13,340,2,1800,1.03823529412
435919,435928,436267,9,339,2,1800,1.02654867257
435919,435934,436275,15,341,2,1800,1.04398826979
435930,435942,436225,12,283,2,1800,1.04240282686
435930,435948,436234,18,286,2,1800,1.06293706294
435941,435954,436249,13,295,2,1800,1.04406779661
435951,435961,436264,10,303,2,1800,1.03300330033
435952,435968,436271,16,303,2,1800,1.05280528053
435963,435975,436279,12,304,2,1800,1.03947368421
435973,435982,436285,9,303,2,1800,1.0297029703
435974,436015,436322,41,307,2,1800,1.1335504886
435984,436082,436390,98,308,2,1800,1.31818181818
436015,436098,436402,83,304,2,1800,1.27302631579
436077,436127,436435,50,308,2,1800,1.16233766234
436098,436154,436460,56,306,2,1800,1.18300653595
436129,436180,436487,51,307,2,1800,1.1661237785
436150,436236,436545,86,309,2,1800,1.2783171521
436181,436243,436549,62,306,2,1800,1.20261437908
436232,436250,436545,18,295,2,1800,1.06101694915
436243,436256,436555,13,299,2,1800,1.04347826087
436254,436262,436561,8,299,2,1800,1.02675585284
436254,436268,436570,14,302,2,1800,1.04635761589
436265,436274,436578,9,304,2,1800,1.02960526316
436265,436280,436585,15,305,2,1800,1.04918032787
436276,436292,436594,16,302,2,1800,1.05298013245
436276,436286,436597,10,311,2,1800,1.03215434084
436287,436304,436611,17,307,2,1800,1.05537459283
436287,436298,436605,11,307,2,1800,1.03583061889
436298,436310,436613,12,303,2,1800,1.0396039604
436309,436333,436635,24,302,2,1800,1.07947019868
436309,436317,436622,8,305,2,1800,1.0262295082
436320,436401,436701,81,300,2,1800,1.27
436331,436413,436716,82,303,2,1800,1.27062706271
436402,436446,436748,44,302,2,1800,1.14569536424
436413,436471,436770,58,299,2,1800,1.19397993311
436444,436498,436801,54,303,2,1800,1.17821782178
436475,436556,436864,81,308,2,1800,1.26298701299
436496,436563,436868,67,305,2,1800,1.21967213115
436558,436571,436879,13,308,2,1800,1.04220779221
436568,436577,436884,9,307,2,1800,1.02931596091
436569,436583,436890,14,307,2,1800,1.04560260586
436580,436589,436897,9,308,2,1800,1.02922077922
436580,436595,436906,15,311,2,1800,1.04823151125
436591,436608,436918,17,310,2,1800,1.05483870968
436591,436601,436908,10,307,2,1800,1.0325732899
436602,436614,436928,12,314,2,1800,1.03821656051
436612,436621,436936,9,315,2,1800,1.02857142857
436613,436628,436942,15,314,2,1800,1.04777070064
436623,436634,436936,11,302,2,1800,1.03642384106
436624,436639,436953,15,314,2,1800,1.04777070064
436634,436646,436960,12,314,2,1800,1.03821656051
436635,436712,437038,77,326,2,1800,1.23619631902
436646,436728,437065,82,337,2,1800,1.24332344214
436717,436760,437105,43,345,2,1800,1.12463768116
436728,436781,437121,53,340,2,1800,1.15588235294
436759,436813,437153,54,340,2,1800,1.15882352941
436780,436875,437215,95,340,2,1800,1.27941176471
436811,436882,437223,71,341,2,1800,1.2082111437
436873,436890,437232,17,342,2,1800,1.04970760234
436884,436897,437239,13,342,2,1800,1.03801169591
436894,436904,437246,10,342,2,1800,1.02923976608
436895,436911,437256,16,345,2,1800,1.04637681159
436905,436917,437257,12,340,2,1800,1.03529411765
436916,436930,437212,14,282,2,1800,1.04964539007
436916,436923,437208,7,285,2,1800,1.02456140351
436927,436947,437251,20,304,2,1800,1.06578947368
436927,436939,437233,12,294,2,1800,1.04081632653
436938,436953,437256,15,303,2,1800,1.0495049505
436949,436965,437270,16,305,2,1800,1.05245901639
436949,436959,437263,10,304,2,1800,1.03289473684
436960,436972,437278,12,306,2,1800,1.03921568627
436970,437049,437357,79,308,2,1800,1.25649350649
436971,437076,437381,105,305,2,1800,1.34426229508
437053,437116,437419,63,303,2,1800,1.20792079208
437074,437133,437439,59,306,2,1800,1.19281045752
437115,437164,437466,49,302,2,1800,1.16225165563
437136,437219,437523,83,304,2,1800,1.27302631579
437167,437226,437530,59,304,2,1800,1.19407894737
437218,437232,437530,14,298,2,1800,1.04697986577
437229,437238,437541,9,303,2,1800,1.0297029703
437229,437245,437546,16,301,2,1800,1.05315614618
437240,437252,437556,12,304,2,1800,1.03947368421
437251,437259,437565,8,306,2,1800,1.02614379085
437251,437265,437574,14,309,2,1800,1.04530744337
437262,437271,437585,9,314,2,1800,1.02866242038
437262,437277,437593,15,316,2,1800,1.04746835443
437273,437283,437593,10,310,2,1800,1.03225806452
437273,437289,437597,16,308,2,1800,1.05194805195
437284,437295,437603,11,308,2,1800,1.03571428571
437284,437300,437607,16,307,2,1800,1.05211726384
437295,437307,437611,12,304,2,1800,1.03947368421
437305,437368,437672,63,304,2,1800,1.20723684211
437306,437397,437702,91,305,2,1800,1.29836065574
437367,437431,437722,64,291,2,1800,1.21993127148
437384,437390,437834,6,444,8,3600,1.01351351351
437399,437450,437755,51,305,2,1800,1.16721311475
437430,437478,437785,48,307,2,1800,1.15635179153
437451,437535,437840,84,305,2,1800,1.27540983607
437482,437542,437851,60,309,2,1800,1.19417475728
437533,437548,437855,15,307,2,1800,1.04885993485
437544,437554,437861,10,307,2,1800,1.0325732899
437544,437561,437869,17,308,2,1800,1.05519480519
437555,437567,437876,12,309,2,1800,1.03883495146
437566,437586,437899,20,313,2,1800,1.06389776358
437566,437576,437890,10,314,2,1800,1.03184713376
437577,437596,437908,19,312,2,1800,1.0608974359
437587,437604,437920,17,316,2,1800,1.05379746835
437598,437609,437928,11,319,2,1800,1.03448275862
437609,437622,437929,13,307,2,1800,1.04234527687
437609,437616,437933,7,317,2,1800,1.02208201893
437620,437628,437954,8,326,2,1800,1.0245398773
437620,437634,437960,14,326,2,1800,1.04294478528
437631,437684,438012,53,328,2,1800,1.16158536585
437631,437713,438054,82,341,2,1800,1.24046920821
437683,437733,438080,50,347,2,1800,1.14409221902
437714,437766,438108,52,342,2,1800,1.15204678363
437735,437796,438141,61,345,2,1800,1.1768115942
437766,437852,438196,86,344,2,1800,1.25
437797,437862,438209,65,347,2,1800,1.18731988473
437848,437869,438211,21,342,2,1800,1.06140350877
437859,437876,438217,17,341,2,1800,1.04985337243
437870,437882,438226,12,344,2,1800,1.03488372093
437881,437901,438243,20,342,2,1800,1.05847953216
437881,437889,438231,8,342,2,1800,1.02339181287
437892,437910,438202,18,292,2,1800,1.06164383562
437902,437919,438204,17,285,2,1800,1.05964912281
437913,437931,438221,18,290,2,1800,1.06206896552
437924,437939,438243,15,304,2,1800,1.04934210526
437934,437946,438254,12,308,2,1800,1.03896103896
437935,437952,438258,17,306,2,1800,1.05555555556
437945,437965,438274,20,309,2,1800,1.06472491909
437956,437973,438282,17,309,2,1800,1.05501618123
437967,438023,438337,56,314,2,1800,1.17834394904
437977,438065,438376,88,311,2,1800,1.28295819936
438019,438091,438402,72,311,2,1800,1.23151125402
438070,438119,438429,49,310,2,1800,1.15806451613
438091,438152,438459,61,307,2,1800,1.1986970684
438122,438207,438518,85,311,2,1800,1.27331189711
438153,438214,438518,61,304,2,1800,1.20065789474
438205,438221,438524,16,303,2,1800,1.05280528053
438215,438227,438531,12,304,2,1800,1.03947368421
438226,438233,438536,7,303,2,1800,1.02310231023
438227,438239,438552,12,313,2,1800,1.03833865815
438237,438245,438552,8,307,2,1800,1.02605863192
438238,438251,438559,13,308,2,1800,1.04220779221
438248,438257,438566,9,309,2,1800,1.02912621359
438249,438263,438572,14,309,2,1800,1.04530744337
438259,438269,438575,10,306,2,1800,1.03267973856
438260,438275,438586,15,311,2,1800,1.04823151125
438271,438281,438589,10,308,2,1800,1.03246753247
438271,438287,438598,16,311,2,1800,1.05144694534
438282,438294,438610,12,316,2,1800,1.03797468354
438292,438348,438653,56,305,2,1800,1.18360655738
438293,438387,438697,94,310,2,1800,1.30322580645
438344,438413,438715,69,302,2,1800,1.22847682119
438386,438440,438744,54,304,2,1800,1.17763157895
438417,438471,438787,54,316,2,1800,1.17088607595
438438,438529,438838,91,309,2,1800,1.29449838188
438469,438535,438846,66,311,2,1800,1.21221864952
438530,438541,438855,11,314,2,1800,1.03503184713
438531,438547,438865,16,318,2,1800,1.05031446541
438542,438553,438869,11,316,2,1800,1.03481012658
438552,438563,438882,11,319,2,1800,1.03448275862
438553,438569,438883,16,314,2,1800,1.05095541401
438563,438575,438889,12,314,2,1800,1.03821656051
438574,438582,438894,8,312,2,1800,1.02564102564
438574,438589,438902,15,313,2,1800,1.04792332268
438585,438596,438911,11,315,2,1800,1.03492063492
438586,438602,438917,16,315,2,1800,1.05079365079
438596,438608,438914,12,306,2,1800,1.03921568627
438607,438614,438938,7,324,2,1800,1.02160493827
438607,438622,438947,15,325,2,1800,1.04615384615
438618,438664,438999,46,335,2,1800,1.13731343284
438618,438708,439051,90,343,2,1800,1.26239067055
438660,438726,439068,66,342,2,1800,1.19298245614
438711,438755,439096,44,341,2,1800,1.12903225806
438722,438798,439144,76,346,2,1800,1.21965317919
438753,438849,439192,96,343,2,1800,1.27988338192
438794,438857,439201,63,344,2,1800,1.18313953488
438846,438867,439212,21,345,2,1800,1.06086956522
438856,438876,439220,20,344,2,1800,1.05813953488
438867,438883,439232,16,349,2,1800,1.04584527221
438878,438893,439241,15,348,2,1800,1.04310344828
438888,438900,439244,12,344,2,1800,1.03488372093
438889,438905,439196,16,291,2,1800,1.05498281787
438899,438911,439209,12,298,2,1800,1.04026845638
438910,438918,439212,8,294,2,1800,1.02721088435
438911,438925,439231,14,306,2,1800,1.04575163399
438921,438931,439244,10,313,2,1800,1.03194888179
438922,438936,439244,14,308,2,1800,1.04545454545
438932,438949,439256,17,307,2,1800,1.05537459283
438933,438958,439270,25,312,2,1800,1.08012820513
438953,439010,439324,57,314,2,1800,1.18152866242
438954,439063,439374,109,311,2,1800,1.35048231511
439016,439080,439393,64,313,2,1800,1.20447284345
439067,439107,439416,40,309,2,1800,1.12944983819
439078,439155,439469,77,314,2,1800,1.24522292994
439109,439203,439509,94,306,2,1800,1.30718954248
439160,439209,439514,49,305,2,1800,1.1606557377
439202,439216,439518,14,302,2,1800,1.04635761589
439212,439223,439534,11,311,2,1800,1.03536977492
439213,439228,439535,15,307,2,1800,1.04885993485
439223,439235,439543,12,308,2,1800,1.03896103896
439224,439241,439549,17,308,2,1800,1.05519480519
439235,439247,439558,12,311,2,1800,1.038585209
439245,439254,439568,9,314,2,1800,1.02866242038
439246,439259,439573,13,314,2,1800,1.04140127389
439256,439266,439580,10,314,2,1800,1.03184713376
439257,439272,439583,15,311,2,1800,1.04823151125
439267,439278,439591,11,313,2,1800,1.03514376997
439268,439284,439596,16,312,2,1800,1.05128205128
439278,439290,439605,12,315,2,1800,1.0380952381
439289,439335,439644,46,309,2,1800,1.14886731392
439289,439385,439698,96,313,2,1800,1.30670926518
439331,439404,439702,73,298,2,1800,1.24496644295
439382,439428,439736,46,308,2,1800,1.14935064935
439403,439480,439789,77,309,2,1800,1.24919093851
439424,439520,439832,96,312,2,1800,1.30769230769
439485,439527,439841,42,314,2,1800,1.13375796178
439516,439534,439850,18,316,2,1800,1.05696202532
439527,439545,439874,18,329,2,1800,1.0547112462
439538,439551,439866,13,315,2,1800,1.04126984127
439548,439557,439871,9,314,2,1800,1.02866242038
439549,439563,439878,14,315,2,1800,1.04444444444
439559,439569,439883,10,314,2,1800,1.03184713376
439560,439579,439893,19,314,2,1800,1.06050955414
439570,439586,439905,16,319,2,1800,1.05015673981
439581,439593,439914,12,321,2,1800,1.03738317757
439592,439608,439905,16,297,2,1800,1.05387205387
439592,439599,439923,7,324,2,1800,1.02160493827
439603,439636,439966,33,330,2,1800,1.1
439603,439642,439958,39,316,2,1800,1.12341772152
439637,439655,439995,18,340,2,1800,1.05294117647
439647,439710,440054,63,344,2,1800,1.18313953488
439658,439717,440059,59,342,2,1800,1.17251461988
439709,439747,440091,38,344,2,1800,1.11046511628
439720,439800,440141,80,341,2,1800,1.23460410557
439751,439843,440187,92,344,2,1800,1.26744186047
439803,439852,440195,49,343,2,1800,1.14285714286
439844,439860,440202,16,342,2,1800,1.04678362573
439854,439884,440228,30,344,2,1800,1.08720930233
439865,439877,440220,12,343,2,1800,1.03498542274
439876,439891,440237,15,346,2,1800,1.04335260116
439886,439898,440240,12,342,2,1800,1.0350877193
439887,439904,440198,17,294,2,1800,1.05782312925
439897,439910,440207,13,297,2,1800,1.04377104377
439908,439917,440212,9,295,2,1800,1.03050847458
439908,439923,440236,15,313,2,1800,1.04792332268
439919,439929,440243,10,314,2,1800,1.03184713376
439920,439935,440248,15,313,2,1800,1.04792332268
439930,439978,440292,48,314,2,1800,1.15286624204
439941,439969,440288,28,319,2,1800,1.08777429467
439972,440006,440321,34,315,2,1800,1.10793650794
439982,440065,440382,83,317,2,1800,1.261829653
440003,440072,440387,69,315,2,1800,1.21904761905
440065,440102,440416,37,314,2,1800,1.1178343949
440076,440152,440466,76,314,2,1800,1.24203821656
440107,440199,440516,92,317,2,1800,1.29022082019
440149,440206,440511,57,305,2,1800,1.1868852459
440202,440212,440516,10,304,2,1800,1.03289473684
440202,440219,440528,17,309,2,1800,1.05501618123
440213,440224,440533,11,309,2,1800,1.0355987055
440224,440231,440546,7,315,2,1800,1.02222222222
440224,440236,440549,12,313,2,1800,1.03833865815
440235,440242,440560,7,318,2,1800,1.02201257862
440235,440249,440574,14,325,2,1800,1.04307692308
440246,440255,440568,9,313,2,1800,1.02875399361
440246,440261,440572,15,311,2,1800,1.04823151125
440257,440267,440583,10,316,2,1800,1.03164556962
440257,440272,440586,15,314,2,1800,1.04777070064
440268,440307,440623,39,316,2,1800,1.12341772152
440268,440300,440613,32,313,2,1800,1.10223642173
440299,440333,440644,34,311,2,1800,1.10932475884
440310,440393,440705,83,312,2,1800,1.26602564103
440331,440400,440677,69,277,2,1800,1.24909747292
440392,440427,440736,35,309,2,1800,1.11326860841
440403,440477,440793,74,316,2,1800,1.23417721519
440423,440528,440840,105,312,2,1800,1.33653846154
440475,440522,440840,47,318,2,1800,1.14779874214
440526,440535,440854,9,319,2,1800,1.02821316614
440527,440542,440858,15,316,2,1800,1.04746835443
440537,440549,440868,12,319,2,1800,1.03761755486
440538,440558,440875,20,317,2,1800,1.06309148265
440548,440565,440880,17,315,2,1800,1.05396825397
440559,440571,440892,12,321,2,1800,1.03738317757
440570,440580,440907,10,327,2,1800,1.03058103976
440570,440586,440910,16,324,2,1800,1.04938271605
440581,440593,440920,12,327,2,1800,1.03669724771
440591,440599,440929,8,330,2,1800,1.02424242424
440592,440605,440907,13,302,2,1800,1.04304635762
440603,440624,440950,21,326,2,1800,1.06441717791
440603,440639,440957,36,318,2,1800,1.11320754717
440624,440655,440985,31,330,2,1800,1.09393939394
440627,440633,444240,6,3607,1,3600,1.00166343222
440645,440717,441066,72,349,2,1800,1.20630372493
440655,440688,441031,33,343,2,1800,1.09620991254
440686,440748,441090,62,342,2,1800,1.18128654971
440717,440804,441150,87,346,2,1800,1.25144508671
440748,440851,441192,103,341,2,1800,1.30205278592
440800,440856,441201,56,345,2,1800,1.16231884058
440852,440865,441208,13,343,2,1800,1.03790087464
440852,440872,441214,20,342,2,1800,1.05847953216
440863,440879,441225,16,346,2,1800,1.04624277457
440873,440886,441228,13,342,2,1800,1.03801169591
440884,440892,441237,8,345,2,1800,1.0231884058
440884,440903,441201,19,298,2,1800,1.06375838926
440895,440918,441215,23,297,2,1800,1.07744107744
440906,440924,441215,18,291,2,1800,1.0618556701
440916,440930,441241,14,311,2,1800,1.04501607717
440927,440937,441249,10,312,2,1800,1.03205128205
440927,440943,441261,16,318,2,1800,1.05031446541
440938,440961,441276,23,315,2,1800,1.07301587302
440949,440968,441282,19,314,2,1800,1.06050955414
440959,440996,441318,37,322,2,1800,1.1149068323
440970,441042,441361,72,319,2,1800,1.22570532915
441001,441077,441395,76,318,2,1800,1.23899371069
441042,441101,441421,59,320,2,1800,1.184375
441073,441161,441478,88,317,2,1800,1.27760252366
441104,441203,441520,99,317,2,1800,1.31230283912
441166,441212,441527,46,315,2,1800,1.14603174603
441207,441218,441517,11,299,2,1800,1.03678929766
441208,441224,441529,16,305,2,1800,1.05245901639
441218,441231,441546,13,315,2,1800,1.04126984127
441229,441238,441555,9,317,2,1800,1.02839116719
441229,441244,441557,15,313,2,1800,1.04792332268
441240,441250,441567,10,317,2,1800,1.03154574132
441241,441256,441574,15,318,2,1800,1.04716981132
441251,441262,441579,11,317,2,1800,1.03470031546
441252,441268,441588,16,320,2,1800,1.05
441262,441274,441595,12,321,2,1800,1.03738317757
441273,441288,441614,15,326,2,1800,1.04601226994
441273,441281,441601,8,320,2,1800,1.025
441284,441295,441614,11,319,2,1800,1.03448275862
441285,441329,441647,44,318,2,1800,1.13836477987
441295,441373,441692,78,319,2,1800,1.24451410658
441326,441406,441713,80,307,2,1800,1.26058631922
441378,441432,441740,54,308,2,1800,1.17532467532
441409,441489,441802,80,313,2,1800,1.25559105431
441430,441529,441842,99,313,2,1800,1.31629392971
441492,441536,441849,44,313,2,1800,1.14057507987
441533,441543,441863,10,320,2,1800,1.03125
441533,441549,441866,16,317,2,1800,1.05047318612
441544,441567,441888,23,321,2,1800,1.07165109034
441544,441557,441878,13,321,2,1800,1.04049844237
441551,449713,462140,8162,12427,1,14400,1.65679568681
441555,441573,441897,18,324,2,1800,1.05555555556
441561,462152,462172,20591,20,1,14400,1030.55
441562,462221,462232,20659,11,1,14400,1879.09090909
441562,462179,462193,20617,14,1,14400,1473.64285714
441563,462251,462292,20688,41,1,14400,505.585365854
441564,462299,462309,20735,10,1,14400,2074.5
441566,441580,441912,14,332,2,1800,1.0421686747
441576,441587,441917,11,330,2,1800,1.03333333333
441577,441593,441918,16,325,2,1800,1.04923076923
441588,441600,441934,12,334,2,1800,1.03592814371
441598,441607,441940,9,333,2,1800,1.02702702703
441599,441614,441918,15,304,2,1800,1.04934210526
441609,441625,441952,16,327,2,1800,1.04892966361
441610,441631,441953,21,322,2,1800,1.0652173913
441621,441658,441977,37,319,2,1800,1.11598746082
441631,441703,442039,72,336,2,1800,1.21428571429
441662,441724,442067,62,343,2,1800,1.18075801749
441704,441751,442093,47,342,2,1800,1.13742690058
441725,441813,442155,88,342,2,1800,1.25730994152
441756,441853,442194,97,341,2,1800,1.28445747801
441817,441861,442202,44,341,2,1800,1.12903225806
441859,441880,442223,21,343,2,1800,1.0612244898
441859,441874,442215,15,341,2,1800,1.04398826979
441870,441889,442235,19,346,2,1800,1.0549132948
441880,441899,442238,19,339,2,1800,1.05604719764
441891,441908,442258,17,350,2,1800,1.04857142857
441902,441923,442224,21,301,2,1800,1.06976744186
441912,441930,442233,18,303,2,1800,1.05940594059
441923,441936,442232,13,296,2,1800,1.04391891892
441934,441948,442262,14,314,2,1800,1.04458598726
441934,441942,442247,8,305,2,1800,1.0262295082
441945,441955,442270,10,315,2,1800,1.03174603175
441945,441963,442275,18,312,2,1800,1.05769230769
441956,441970,442293,14,323,2,1800,1.04334365325
441967,441988,442304,21,316,2,1800,1.0664556962
441967,442050,442370,83,320,2,1800,1.259375
441988,442079,442401,91,322,2,1800,1.28260869565
442050,442104,442422,54,318,2,1800,1.16981132075
442081,442166,442496,85,330,2,1800,1.25757575758
442102,442206,442522,104,316,2,1800,1.32911392405
442163,442213,442527,50,314,2,1800,1.15923566879
442205,442227,442527,22,300,2,1800,1.07333333333
442215,442234,442546,19,312,2,1800,1.0608974359
442226,442240,442552,14,312,2,1800,1.04487179487
442237,442246,442562,9,316,2,1800,1.02848101266
442237,442252,442566,15,314,2,1800,1.04777070064
442248,442258,442576,10,318,2,1800,1.03144654088
442248,442264,442588,16,324,2,1800,1.04938271605
442259,442270,442589,11,319,2,1800,1.03448275862
442259,442276,442601,17,325,2,1800,1.05230769231
442270,442282,442603,12,321,2,1800,1.03738317757
442280,442289,442607,9,318,2,1800,1.02830188679
442281,442295,442622,14,327,2,1800,1.04281345566
442291,442304,442623,13,319,2,1800,1.0407523511
442292,442316,442629,24,313,2,1800,1.07667731629
442302,442381,442699,79,318,2,1800,1.24842767296
442313,442412,442713,99,301,2,1800,1.32890365449
442385,442433,442749,48,316,2,1800,1.15189873418
442416,442508,442818,92,310,2,1800,1.29677419355
442437,442533,442843,96,310,2,1800,1.30967741935
442509,442540,442859,31,319,2,1800,1.09717868339
442530,442546,442869,16,323,2,1800,1.04953560372
442540,442557,442880,17,323,2,1800,1.05263157895
442551,442563,442889,12,326,2,1800,1.03680981595
442562,442573,442900,11,327,2,1800,1.03363914373
442562,442580,442908,18,328,2,1800,1.05487804878
442573,442587,442914,14,327,2,1800,1.04281345566
442583,442599,442932,16,333,2,1800,1.04804804805
442584,442606,442939,22,333,2,1800,1.06606606607
442605,442623,442957,18,334,2,1800,1.05389221557
442605,442630,442966,25,336,2,1800,1.0744047619
442620,442636,442936,16,300,2,1800,1.05333333333
442630,442642,442973,12,331,2,1800,1.03625377644
442641,442654,442973,13,319,2,1800,1.0407523511
442641,442649,442969,8,320,2,1800,1.025
442652,442724,443066,72,342,2,1800,1.21052631579
442652,442710,443051,58,341,2,1800,1.17008797654
442714,442760,443101,46,341,2,1800,1.1348973607
442725,442829,443172,104,343,2,1800,1.30320699708
442756,442854,443195,98,341,2,1800,1.28739002933
442828,442870,443215,42,345,2,1800,1.12173913043
442859,442880,443224,21,344,2,1800,1.06104651163
442870,442891,443237,21,346,2,1800,1.06069364162
442880,442900,443241,20,341,2,1800,1.05865102639
442891,442911,443254,20,343,2,1800,1.0583090379
442901,442919,443264,18,345,2,1800,1.05217391304
442912,442926,443223,14,297,2,1800,1.04713804714
442923,442950,443222,27,272,2,1800,1.09926470588
442923,442943,443234,20,291,2,1800,1.06872852234
442944,442956,443230,12,274,2,1800,1.04379562044
442955,442977,443265,22,288,2,1800,1.07638888889
442955,442969,443238,14,269,2,1800,1.05204460967
442966,442984,443282,18,298,2,1800,1.06040268456
442976,442990,443280,14,290,2,1800,1.04827586207
442987,442996,443293,9,297,2,1800,1.0303030303
442987,443062,443355,75,293,2,1800,1.25597269625
442998,443077,443374,79,297,2,1800,1.26599326599
443060,443113,443418,53,305,2,1800,1.1737704918
443081,443183,443493,102,310,2,1800,1.32903225806
443112,443206,443524,94,318,2,1800,1.29559748428
443184,443226,443541,42,315,2,1800,1.13333333333
443204,443233,443525,29,292,2,1800,1.09931506849
443225,443239,443545,14,306,2,1800,1.04575163399
443236,443251,443556,15,305,2,1800,1.04918032787
443236,443245,443556,9,311,2,1800,1.02893890675
443247,443263,443571,16,308,2,1800,1.05194805195
443247,443257,443566,10,309,2,1800,1.03236245955
443258,443275,443582,17,307,2,1800,1.05537459283
443258,443269,443578,11,309,2,1800,1.0355987055
443269,443281,443585,12,304,2,1800,1.03947368421
443280,443287,443592,7,305,2,1800,1.02295081967
443280,443292,443594,12,302,2,1800,1.03973509934
443291,443299,443600,8,301,2,1800,1.02657807309
443291,443305,443608,14,303,2,1800,1.04620462046
443302,443367,443671,65,304,2,1800,1.21381578947
443302,443311,443618,9,307,2,1800,1.02931596091
443313,443385,443676,72,291,2,1800,1.24742268041
443364,443430,443715,66,285,2,1800,1.23157894737
443385,443504,443788,119,284,2,1800,1.41901408451
443426,443535,443814,109,279,2,1800,1.39068100358
443509,443542,443851,33,309,2,1800,1.1067961165
443532,443552,443865,20,313,2,1800,1.06389776358
443542,443559,443870,17,311,2,1800,1.05466237942
443553,443567,443893,14,326,2,1800,1.04294478528
443563,443573,443894,10,321,2,1800,1.03115264798
443564,443580,443904,16,324,2,1800,1.04938271605
443574,443587,443908,13,321,2,1800,1.04049844237
443585,443594,443910,9,316,2,1800,1.02848101266
443586,443600,443930,14,330,2,1800,1.04242424242
443596,443606,443917,10,311,2,1800,1.03215434084
443597,443611,443925,14,314,2,1800,1.04458598726
443607,443618,443912,11,294,2,1800,1.03741496599
443608,443624,443922,16,298,2,1800,1.05369127517
443618,443630,443946,12,316,2,1800,1.03797468354
443629,443637,443983,8,346,2,1800,1.02312138728
443629,443682,444026,53,344,2,1800,1.15406976744
443640,443688,444032,48,344,2,1800,1.13953488372
443681,443727,444068,46,341,2,1800,1.1348973607
443692,443799,444135,107,336,2,1800,1.31845238095
443725,443825,444162,100,337,2,1800,1.29673590504
443797,443862,444201,65,339,2,1800,1.19174041298
443829,443877,444213,48,336,2,1800,1.14285714286
443860,443884,444225,24,341,2,1800,1.07038123167
443880,443904,444244,24,340,2,1800,1.07058823529
443881,443911,444248,30,337,2,1800,1.08902077151
443901,443918,444241,17,323,2,1800,1.05263157895
443912,443924,444225,12,301,2,1800,1.03986710963
443923,443937,444234,14,297,2,1800,1.04713804714
443923,443931,444238,8,307,2,1800,1.02605863192
443934,443949,444241,15,292,2,1800,1.05136986301
443934,443943,444226,9,283,2,1800,1.03180212014
443944,443955,444239,11,284,2,1800,1.03873239437
443945,443960,444238,15,278,2,1800,1.05395683453
443955,443967,444242,12,275,2,1800,1.04363636364
443966,443994,444287,28,293,2,1800,1.09556313993
443966,444038,444319,72,281,2,1800,1.25622775801
443997,444045,444338,48,293,2,1800,1.1638225256
444038,444079,444366,41,287,2,1800,1.14285714286
444048,444146,444444,98,298,2,1800,1.3288590604
444079,444173,444468,94,295,2,1800,1.3186440678
444151,444212,444508,61,296,2,1800,1.20608108108
444172,444224,444512,52,288,2,1800,1.18055555556
444186,444192,444199,6,7,1,1800,1.3
444213,444236,444521,23,285,2,1800,1.08070175439
444223,444242,444531,19,289,2,1800,1.06574394464
444234,444248,444538,14,290,2,1800,1.04827586207
444244,444256,444540,12,284,2,1800,1.04225352113
444245,444261,444552,16,291,2,1800,1.05498281787
444255,444267,444554,12,287,2,1800,1.04181184669
444266,444273,444562,7,289,2,1800,1.02422145329
444266,444278,444571,12,293,2,1800,1.0409556314
444276,444285,444573,9,288,2,1800,1.03125
444277,444290,444587,13,297,2,1800,1.04377104377
444287,444297,444588,10,291,2,1800,1.03436426117
444288,444302,444594,14,292,2,1800,1.04794520548
444298,444330,444627,32,297,2,1800,1.10774410774
444298,444309,444602,11,293,2,1800,1.03754266212
444309,444352,444620,43,268,2,1800,1.16044776119
444330,444378,444652,48,274,2,1800,1.17518248175
444340,444346,444425,6,79,1,1800,1.07594936709
444344,444358,444473,14,115,1,3600,1.12173913043
444351,444455,444748,104,293,2,1800,1.35494880546
444382,444479,444767,97,288,2,1800,1.33680555556
444455,444519,444812,64,293,2,1800,1.21843003413
444475,444526,444817,51,291,2,1800,1.17525773196
444509,500418,680455,55909,180037,10,180000,1.31054172198
444516,444533,444822,17,289,2,1800,1.05882352941
444527,444542,444828,15,286,2,1800,1.05244755245
444537,444549,444860,12,311,2,1800,1.038585209
444538,444556,444871,18,315,2,1800,1.05714285714
444548,444563,444888,15,325,2,1800,1.04615384615
444559,444581,444922,22,341,2,1800,1.06451612903
444559,444569,444909,10,340,2,1800,1.02941176471
444561,444575,444692,14,117,1,3600,1.11965811966
444570,444587,444927,17,340,2,1800,1.05
444581,444593,444937,12,344,2,1800,1.03488372093
444591,444599,444895,8,296,2,1800,1.02702702703
444592,444604,444906,12,302,2,1800,1.03973509934
444597,444617,444873,20,256,1,3600,1.078125
444602,444611,444940,9,329,2,1800,1.0273556231
444603,444623,444970,20,347,2,1800,1.05763688761
444614,444639,444992,25,353,2,1800,1.07082152975
444624,444632,444968,8,336,2,1800,1.02380952381
444635,444663,444997,28,334,2,1800,1.08383233533
444635,444759,445099,124,340,2,1800,1.36470588235
444640,444646,444748,6,102,1,1800,1.05882352941
444651,500423,500429,55772,6,10,180000,5577.8
444666,444779,445118,113,339,2,1800,1.33333333333
444760,444823,445164,63,341,2,1800,1.18475073314
444781,444830,445180,49,350,2,1800,1.14
444822,444842,445181,20,339,2,1800,1.05899705015
444823,444836,445181,13,345,1,3600,1.03768115942
444832,444848,445188,16,340,2,1800,1.04705882353
444843,444872,445208,29,336,2,1800,1.08630952381
444844,444882,445207,38,325,2,1800,1.11692307692
444875,444900,445175,25,275,2,1800,1.09090909091
444886,444907,445185,21,278,2,1800,1.07553956835
444896,444917,445198,21,281,2,1800,1.07473309609
444907,444924,445212,17,288,2,1800,1.05902777778
444917,444934,445223,17,289,2,1800,1.05882352941
444928,444940,445227,12,287,2,1800,1.04181184669
444939,444955,445234,16,279,2,1800,1.05734767025
444939,444949,445230,10,281,2,1800,1.03558718861
444950,444986,445260,36,274,2,1800,1.13138686131
444960,444979,445250,19,271,2,1800,1.07011070111
444981,445003,445277,22,274,2,1800,1.0802919708
444992,445010,445284,18,274,2,1800,1.06569343066
445002,445111,445391,109,280,2,1800,1.38928571429
445013,445129,445408,116,279,2,1800,1.41577060932
445113,445120,445719,7,599,1,3600,1.01168614357
445115,445175,445460,60,285,2,1800,1.21052631579
445126,445186,445462,60,276,2,1800,1.21739130435
445177,445193,445467,16,274,2,1800,1.05839416058
445189,445200,445481,11,281,2,1800,1.03914590747
445189,445206,445496,17,290,2,1800,1.05862068966
445200,445212,445502,12,290,2,1800,1.04137931034
445210,445219,445500,9,281,2,1800,1.03202846975
445211,445225,445505,14,280,2,1800,1.05
445221,445231,445522,10,291,2,1800,1.03436426117
445222,445237,445521,15,284,2,1800,1.05281690141
445232,445243,445530,11,287,2,1800,1.03832752613
445233,445249,445539,16,290,2,1800,1.05517241379
445243,445255,445541,12,286,2,1800,1.04195804196
445254,445262,445542,8,280,2,1800,1.02857142857
445254,445268,445558,14,290,2,1800,1.04827586207
445265,445288,445603,23,315,2,1800,1.07301587302
445265,445274,445567,9,293,2,1800,1.03071672355
445276,445295,445618,19,323,2,1800,1.05882352941
445287,445402,445711,115,309,2,1800,1.37216828479
445297,445423,445744,126,321,2,1800,1.39252336449
445303,445309,445691,6,382,1,1800,1.01570680628
445400,445471,445805,71,334,2,1800,1.2125748503
445410,445417,445986,7,569,1,3600,1.01230228471
445421,445478,445807,57,329,2,1800,1.17325227964
445472,445484,445811,12,327,2,1800,1.03669724771
445483,445492,445827,9,335,2,1800,1.02686567164
445483,445508,445849,25,341,2,1800,1.07331378299
445494,445515,445866,21,351,2,1800,1.05982905983
445505,445521,445875,16,354,2,1800,1.04519774011
445515,445527,445868,12,341,2,1800,1.03519061584
445526,445534,445881,8,347,2,1800,1.02305475504
445527,445540,445884,13,344,2,1800,1.03779069767
445537,445546,445890,9,344,2,1800,1.0261627907
445538,445554,445840,16,286,2,1800,1.05594405594
445549,445560,445862,11,302,2,1800,1.03642384106
445549,445566,445887,17,321,2,1800,1.05295950156
445560,445572,445919,12,347,2,1800,1.03458213256
445570,445578,445918,8,340,2,1800,1.02352941176
445571,445614,445950,43,336,2,1800,1.12797619048
445582,445629,445971,47,342,2,1800,1.13742690058
445613,445723,446060,110,337,2,1800,1.32640949555
445634,445756,446093,122,337,2,1800,1.36201780415
445728,445817,446159,89,342,2,1800,1.26023391813
445759,445824,446163,65,339,2,1800,1.19174041298
445822,445831,446173,9,342,2,1800,1.02631578947
445822,445838,446174,16,336,2,1800,1.04761904762
445833,445851,446181,18,330,2,1800,1.05454545455
445843,445860,446189,17,329,2,1800,1.05167173252
445854,445873,446191,19,318,2,1800,1.05974842767
445865,445880,446203,15,323,2,1800,1.04643962848
445875,445887,446213,12,326,2,1800,1.03680981595
445876,445893,446215,17,322,2,1800,1.05279503106
445886,445899,446229,13,330,2,1800,1.03939393939
445897,445906,446226,9,320,2,1800,1.028125
445897,445918,446233,21,315,2,1800,1.06666666667
445919,445931,446232,12,301,2,1800,1.03986710963
445919,445925,446238,6,313,2,1800,1.01916932907
445930,445961,446259,31,298,2,1800,1.10402684564
445930,445938,446243,8,305,2,1800,1.0262295082
445940,445982,446278,42,296,2,1800,1.14189189189
445961,446072,446384,111,312,2,1800,1.35576923077
445982,446104,446415,122,311,2,1800,1.3922829582
446074,446170,446490,96,320,2,1800,1.3
446105,446177,446479,72,302,2,1800,1.23841059603
446167,446184,446487,17,303,2,1800,1.05610561056
446177,446190,446492,13,302,2,1800,1.04304635762
446188,446196,446498,8,302,2,1800,1.02649006623
446188,446202,446498,14,296,2,1800,1.0472972973
446199,446209,446515,10,306,2,1800,1.03267973856
446199,446215,446527,16,312,2,1800,1.05128205128
446209,446229,446539,20,310,2,1800,1.06451612903
446214,446222,446228,8,6,1,3600,1.4
446220,446235,446550,15,315,2,1800,1.04761904762
446230,446241,446552,11,311,2,1800,1.03536977492
446231,446247,446573,16,326,2,1800,1.0490797546
446241,446253,446573,12,320,2,1800,1.0375
446252,446260,446572,8,312,2,1800,1.02564102564
446252,446265,446583,13,318,2,1800,1.04088050314
446263,446272,446595,9,323,2,1800,1.02786377709
446263,446278,446598,15,320,2,1800,1.046875
446273,446289,446612,16,323,2,1800,1.04953560372
446274,446395,446714,121,319,2,1800,1.37931034483
446294,446426,446737,132,311,2,1800,1.42443729904
446323,446330,446336,7,6,1,1800,1.3
446333,446339,446421,6,82,1,3600,1.07317073171
446397,446502,446828,105,326,2,1800,1.32208588957
446428,446495,446829,67,334,2,1800,1.2005988024
446482,446489,446529,7,40,1,1800,1.175
446500,446509,446840,9,331,2,1800,1.02719033233
446500,446514,446856,14,342,2,1800,1.04093567251
446511,446521,446866,10,345,2,1800,1.02898550725
446511,446527,446872,16,345,2,1800,1.04637681159
446522,446533,446880,11,347,2,1800,1.03170028818
446522,446540,446884,18,344,2,1800,1.0523255814
446533,446550,446896,17,346,2,1800,1.04913294798
446543,446562,446908,19,346,2,1800,1.0549132948
446546,446556,447077,10,521,1,3600,1.01919385797
446554,446569,446917,15,348,2,1800,1.04310344828
446565,446583,446835,18,252,2,1800,1.07142857143
446565,446589,446933,24,344,2,1800,1.06976744186
446586,446602,446939,16,337,2,1800,1.04747774481
446586,446596,446940,10,344,2,1800,1.02906976744
446597,446608,446943,11,335,2,1800,1.0328358209
446597,446615,446960,18,345,2,1800,1.05217391304
446608,446623,446965,15,342,2,1800,1.04385964912
446618,446725,447065,107,340,2,1800,1.31470588235
446619,446748,447087,129,339,2,1800,1.38053097345
446721,446839,447179,118,340,2,1800,1.34705882353
446752,446845,447188,93,343,2,1800,1.27113702624
446756,446762,446842,6,80,1,1800,1.075
446816,446823,446963,7,140,1,3600,1.05
446845,446851,447191,6,340,2,1800,1.01764705882
446846,446858,447192,12,334,2,1800,1.03592814371
446856,446868,447206,12,338,2,1800,1.03550295858
446857,446878,447206,21,328,2,1800,1.06402439024
446867,446884,447210,17,326,2,1800,1.05214723926
446878,446891,447218,13,327,2,1800,1.03975535168
446889,446897,447230,8,333,2,1800,1.02402402402
446889,446908,447242,19,334,2,1800,1.05688622754
446900,446919,447257,19,338,2,1800,1.05621301775
446910,446929,447267,19,338,2,1800,1.05621301775
446921,446944,447275,23,331,2,1800,1.06948640483
446932,446951,447281,19,330,2,1800,1.05757575758
446942,446956,447275,14,319,2,1800,1.04388714734
446953,446971,447289,18,318,2,1800,1.05660377358
446953,446962,447278,9,316,2,1800,1.02848101266
446964,446978,447296,14,318,2,1800,1.04402515723
446975,447076,447395,101,319,2,1800,1.31661442006
446975,447101,447426,126,325,2,1800,1.38769230769
447077,447190,447524,113,334,2,1800,1.33832335329
447089,447095,447344,6,249,1,3600,1.02409638554
447098,447199,447517,101,318,2,1800,1.31761006289
447191,447206,447522,15,316,2,1800,1.04746835443
447202,447213,447526,11,313,2,1800,1.03514376997
447202,447219,447542,17,323,2,1800,1.05263157895
447212,447225,447538,13,313,2,1800,1.04153354633
447223,447237,447573,14,336,2,1800,1.04166666667
447223,447231,447564,8,333,2,1800,1.02402402402
447234,447243,447578,9,335,2,1800,1.02686567164
447234,447253,447592,19,339,2,1800,1.05604719764
447245,447268,447605,23,337,2,1800,1.06824925816
447255,447278,447617,23,339,2,1800,1.06784660767
447266,447286,447624,20,338,2,1800,1.05917159763
447276,447291,447628,15,337,2,1800,1.04451038576
447287,447304,447648,17,344,2,1800,1.04941860465
447287,447298,447640,11,342,2,1800,1.03216374269
447298,447310,447629,12,319,2,1800,1.03761755486
447308,447317,447637,9,320,2,1800,1.028125
447308,447406,447718,98,312,2,1800,1.3141025641
447319,447437,447749,118,312,2,1800,1.37820512821
447365,447371,447848,6,477,1,3600,1.01257861635
447412,447536,447867,124,331,2,1800,1.3746223565
447442,447529,447859,87,330,2,1800,1.26363636364
447531,447554,447805,23,251,1,1800,1.09163346614
447534,447543,447882,9,339,2,1800,1.02654867257
447535,447549,447887,14,338,2,1800,1.04142011834
447545,447560,447902,15,342,2,1800,1.04385964912
447546,447566,447911,20,345,2,1800,1.05797101449
447556,447575,447921,19,346,2,1800,1.0549132948
447567,447584,447938,17,354,2,1800,1.04802259887
447578,447591,447935,13,344,2,1800,1.03779069767
447588,447603,447947,15,344,2,1800,1.04360465116
447589,447617,447959,28,342,2,1800,1.08187134503
447599,447628,447902,29,274,2,1800,1.10583941606
447620,447635,447981,15,346,2,1800,1.04335260116
447624,447640,448129,16,489,1,3600,1.0327198364
447631,447653,447989,22,336,2,1800,1.06547619048
447631,447647,447987,16,340,2,1800,1.04705882353
447652,447659,448003,7,344,2,1800,1.02034883721
447652,447664,448005,12,341,2,1800,1.03519061584
447663,447671,448011,8,340,2,1800,1.02352941176
447663,447729,448074,66,345,2,1800,1.19130434783
447674,447761,448103,87,342,2,1800,1.25438596491
447725,447871,448211,146,340,2,1800,1.42941176471
447757,447878,448223,121,345,2,1800,1.35072463768
447870,447894,448230,24,336,2,1800,1.07142857143
447881,447901,448233,20,332,2,1800,1.06024096386
447891,447913,448240,22,327,2,1800,1.06727828746
447902,447918,448235,16,317,2,1800,1.05047318612
447913,447925,448259,12,334,2,1800,1.03592814371
447923,447932,448259,9,327,2,1800,1.02752293578
447924,447952,448284,28,332,2,1800,1.0843373494
447934,447946,448278,12,332,2,1800,1.03614457831
447945,447958,448294,13,336,2,1800,1.03869047619
447956,447970,448310,14,340,2,1800,1.04117647059
447956,447992,448338,36,346,2,1800,1.10404624277
447967,447998,448333,31,335,2,1800,1.09253731343
447988,448005,448333,17,328,2,1800,1.05182926829
447998,448014,448338,16,324,2,1800,1.04938271605
448009,448021,448345,12,324,2,1800,1.03703703704
448019,448027,448348,8,321,2,1800,1.02492211838
448020,448085,448410,65,325,2,1800,1.2
448031,448114,448439,83,325,2,1800,1.25538461538
448082,448222,448550,140,328,2,1800,1.42682926829
448113,448234,448560,121,326,2,1800,1.37116564417
448226,448241,448566,15,325,2,1800,1.04615384615
448237,448248,448570,11,322,2,1800,1.03416149068
448237,448254,448578,17,324,2,1800,1.0524691358
448248,448260,448587,12,327,2,1800,1.03669724771
448258,448271,448599,13,328,2,1800,1.03963414634
448259,448276,448610,17,334,2,1800,1.05089820359
448270,448289,448630,19,341,2,1800,1.05571847507
448280,448296,448638,16,342,2,1800,1.04678362573
448291,448305,448645,14,340,2,1800,1.04117647059
448302,448322,448660,20,338,2,1800,1.05917159763
448302,448344,448683,42,339,2,1800,1.12389380531
448323,448349,448685,26,336,2,1800,1.07738095238
448344,448355,448696,11,341,2,1800,1.03225806452
448354,448362,448704,8,342,2,1800,1.02339181287
448355,448368,448688,13,320,2,1800,1.040625
448366,448374,448690,8,316,2,1800,1.0253164557
448366,448421,448737,55,316,2,1800,1.17405063291
448377,448450,448770,73,320,2,1800,1.228125
448418,448561,448889,143,328,2,1800,1.43597560976
448449,448571,448901,122,330,2,1800,1.3696969697
448562,448578,448920,16,342,2,1800,1.04678362573
448573,448584,448931,11,347,2,1800,1.03170028818
448583,448591,448943,8,352,2,1800,1.02272727273
448584,448598,448940,14,342,2,1800,1.04093567251
448594,448610,448952,16,342,2,1800,1.04678362573
448595,448621,448967,26,346,2,1800,1.07514450867
448616,448641,448987,25,346,2,1800,1.07225433526
448626,448649,448994,23,345,2,1800,1.06666666667
448637,448656,449001,19,345,2,1800,1.05507246377
448648,448671,448978,23,307,2,1800,1.07491856678
448658,448700,449040,42,340,2,1800,1.12352941176
448669,448694,449028,25,334,2,1800,1.0748502994
448690,448706,449049,16,343,2,1800,1.04664723032
448701,448712,449058,11,346,2,1800,1.03179190751
448701,448718,449059,17,341,2,1800,1.04985337243
448712,448724,449065,12,341,2,1800,1.03519061584
448723,448749,449089,26,340,2,1800,1.07647058824
448723,448781,449122,58,341,2,1800,1.17008797654
448754,448900,449241,146,341,2,1800,1.42815249267
448785,448919,449253,134,334,2,1800,1.40119760479
448898,448931,449271,33,340,2,1800,1.09705882353
448919,448942,449277,23,335,2,1800,1.06865671642
448930,448959,449291,29,332,2,1800,1.08734939759
448940,448952,449264,12,312,2,1800,1.03846153846
448951,448966,449301,15,335,2,1800,1.0447761194
448962,448989,449323,27,334,2,1800,1.08083832335
448962,448978,449310,16,332,2,1800,1.04819277108
448983,448999,449330,16,331,2,1800,1.04833836858
448994,449006,449337,12,331,2,1800,1.03625377644
449004,449013,449354,9,341,2,1800,1.02639296188
449005,449040,449384,35,344,2,1800,1.10174418605
449015,449051,449389,36,338,2,1800,1.10650887574
449036,449060,449388,24,328,2,1800,1.07317073171
449047,449069,449399,22,330,2,1800,1.06666666667
449058,449076,449405,18,329,2,1800,1.0547112462
449068,449082,449400,14,318,2,1800,1.04402515723
449079,449101,449425,22,324,2,1800,1.06790123457
449079,449133,449458,54,325,2,1800,1.16615384615
449100,449252,449575,152,323,2,1800,1.47058823529
449132,449264,449596,132,332,2,1800,1.39759036145
449249,449276,449603,27,327,2,1800,1.08256880734
449260,449283,449607,23,324,2,1800,1.07098765432
449281,449289,449608,8,319,2,1800,1.02507836991
449281,449303,449632,22,329,2,1800,1.06686930091
449292,449312,449640,20,328,2,1800,1.06097560976
449303,449321,449657,18,336,2,1800,1.05357142857
449313,449334,449670,21,336,2,1800,1.0625
449324,449341,449689,17,348,2,1800,1.04885057471
449335,449349,449693,14,344,2,1800,1.04069767442
449345,449366,449708,21,342,2,1800,1.06140350877
449346,449395,449734,49,339,2,1800,1.14454277286
449366,449402,449740,36,338,2,1800,1.10650887574
449398,449409,449750,11,341,2,1800,1.03225806452
449398,449416,449758,18,342,2,1800,1.05263157895
449409,449421,449741,12,320,2,1800,1.0375
449419,449428,449751,9,323,2,1800,1.02786377709
449420,449436,449752,16,316,2,1800,1.05063291139
449430,449469,449786,39,317,2,1800,1.12302839117
449441,449586,449923,145,337,2,1800,1.43026706231
449472,449607,449938,135,331,2,1800,1.40785498489
449586,449614,449949,28,335,2,1800,1.08358208955
449607,449620,449965,13,345,2,1800,1.03768115942
449617,449627,449974,10,347,2,1800,1.0288184438
449618,449643,449994,25,351,2,1800,1.07122507123
449628,449651,449996,23,345,2,1800,1.06666666667
449639,449668,450014,29,346,2,1800,1.0838150289
449650,449681,450026,31,345,2,1800,1.08985507246
449670,449701,450048,31,347,2,1800,1.08933717579
449681,449707,450062,26,355,2,1800,1.07323943662
449702,449719,450045,17,326,2,1800,1.05214723926
449713,449746,450085,33,339,2,1800,1.09734513274
449723,449753,450091,30,338,2,1800,1.08875739645
449744,449759,450103,15,344,2,1800,1.04360465116
449755,449765,450109,10,344,2,1800,1.02906976744
449755,449771,450111,16,340,2,1800,1.04705882353
449766,449777,450120,11,343,2,1800,1.03206997085
449766,449783,450123,17,340,2,1800,1.05
449777,449797,450152,20,355,2,1800,1.05633802817
449788,449934,450278,146,344,2,1800,1.42441860465
449798,449949,450292,151,343,2,1800,1.44023323615
449931,449960,450293,29,333,2,1800,1.08708708709
449952,449976,450312,24,336,2,1800,1.07142857143
449963,449985,450314,22,329,2,1800,1.06686930091
449973,450006,450315,33,309,2,1800,1.1067961165
449984,450013,450344,29,331,2,1800,1.08761329305
450005,450026,450366,21,340,2,1800,1.06176470588
450016,450038,450370,22,332,2,1800,1.06626506024
450026,450056,450390,30,334,2,1800,1.08982035928
450037,450063,450393,26,330,2,1800,1.07878787879
450058,450073,450411,15,338,2,1800,1.04437869822
450068,450096,450438,28,342,2,1800,1.08187134503
450069,450103,450443,34,340,2,1800,1.1
450100,450115,450458,15,343,2,1800,1.04373177843
450100,450121,450458,21,337,2,1800,1.06231454006
450111,450127,450457,16,330,2,1800,1.04848484848
450122,450134,450455,12,321,2,1800,1.03738317757
450132,450140,450460,8,320,2,1800,1.025
450133,450163,450483,30,320,2,1800,1.09375
450143,450289,450611,146,322,2,1800,1.45341614907
450164,450303,450630,139,327,2,1800,1.4250764526
450287,450309,450635,22,326,2,1800,1.06748466258
450308,450323,450645,15,322,2,1800,1.04658385093
450308,450329,450653,21,324,2,1800,1.06481481481
450319,450335,450657,16,322,2,1800,1.04968944099
450330,450355,450689,25,334,2,1800,1.0748502994
450330,450377,450713,47,336,2,1800,1.13988095238
450351,450383,450729,32,346,2,1800,1.09248554913
450382,450401,450744,19,343,2,1800,1.05539358601
450383,450408,450754,25,346,2,1800,1.07225433526
450403,450422,450766,19,344,2,1800,1.05523255814
450404,450449,450791,45,342,2,1800,1.13157894737
450425,450456,450802,31,346,2,1800,1.08959537572
450445,450466,450811,21,345,2,1800,1.06086956522
450456,450472,450818,16,346,2,1800,1.04624277457
450467,450479,450800,12,321,2,1800,1.03738317757
450477,450486,450805,9,319,2,1800,1.02821316614
450478,450492,450806,14,314,2,1800,1.04458598726
450488,450498,450806,10,308,2,1800,1.03246753247
450489,450623,450949,134,326,2,1800,1.41104294479
450499,450642,450974,143,332,2,1800,1.43072289157
450622,450648,450982,26,334,2,1800,1.07784431138
450643,450656,451000,13,344,2,1800,1.03779069767
450644,450664,451009,20,345,2,1800,1.05797101449
450654,450671,451014,17,343,2,1800,1.04956268222
450665,450700,451044,35,344,2,1800,1.10174418605
450676,450724,451082,48,358,2,1800,1.13407821229
450696,450740,451085,44,345,2,1800,1.12753623188
450728,450756,451102,28,346,2,1800,1.08092485549
450739,450765,451111,26,346,2,1800,1.07514450867
450760,450777,451115,17,338,2,1800,1.05029585799
450771,450802,451141,31,339,2,1800,1.09144542773
450781,450812,451155,31,343,2,1800,1.09037900875
450802,450819,451170,17,351,2,1800,1.04843304843
450813,450824,451165,11,341,2,1800,1.03225806452
450823,450830,451169,7,339,2,1800,1.02064896755
450824,450836,451178,12,342,2,1800,1.0350877193
450834,450842,451181,8,339,2,1800,1.02359882006
450835,450847,451189,12,342,2,1800,1.0350877193
450845,450960,451307,115,347,2,1800,1.33141210375
450846,450985,451323,139,338,2,1800,1.41124260355
450959,450993,451329,34,336,2,1800,1.10119047619
450990,451020,451347,30,327,2,1800,1.09174311927
450990,451011,451350,21,339,2,1800,1.06194690265
451011,451027,451336,16,309,2,1800,1.05177993528
451022,451055,451392,33,337,2,1800,1.09792284866
451032,451093,451424,61,331,2,1800,1.18429003021
451053,451099,451428,46,329,2,1800,1.13981762918
451095,451122,451453,27,331,2,1800,1.08157099698
451095,451114,451449,19,335,2,1800,1.05671641791
451116,451129,451463,13,334,2,1800,1.03892215569
451127,451166,451507,39,341,2,1800,1.11436950147
451127,451152,451492,25,340,2,1800,1.07352941176
451148,451183,451523,35,340,2,1800,1.10294117647
451169,451177,451518,8,341,2,1800,1.02346041056
451179,451190,451525,11,335,2,1800,1.0328358209
451180,451196,451520,16,324,2,1800,1.04938271605
451190,451202,451523,12,321,2,1800,1.03738317757
451201,451208,451531,7,323,2,1800,1.02167182663
451201,451319,451641,118,322,2,1800,1.36645962733
451212,451334,451666,122,332,2,1800,1.36746987952
451325,451341,451669,16,328,2,1800,1.0487804878
451335,451348,451676,13,328,2,1800,1.03963414634
451346,451366,451686,20,320,2,1800,1.0625
451346,451359,451686,13,327,2,1800,1.03975535168
451357,451403,451735,46,332,2,1800,1.13855421687
451368,451435,451772,67,337,2,1800,1.19881305638
451409,451442,451781,33,339,2,1800,1.09734513274
451440,451460,451801,20,341,2,1800,1.05865102639
451440,451467,451812,27,345,2,1800,1.07826086957
451461,451474,451815,13,341,2,1800,1.03812316716
451472,451503,451844,31,341,2,1800,1.09090909091
451472,451519,451860,47,341,2,1800,1.13782991202
451503,451529,451873,26,344,2,1800,1.07558139535
451524,451536,451879,12,343,2,1800,1.03498542274
451535,451543,451865,8,322,2,1800,1.0248447205
451535,451549,451870,14,321,2,1800,1.04361370717
451546,451560,451874,14,314,2,1800,1.04458598726
451546,451555,451877,9,322,2,1800,1.02795031056
451557,451652,451983,95,331,2,1800,1.28700906344
451557,451677,452008,120,331,2,1800,1.36253776435
451656,451684,452019,28,335,2,1800,1.08358208955
451677,451691,452036,14,345,2,1800,1.04057971014
451687,451698,452045,11,347,2,1800,1.03170028818
451688,451703,452043,15,340,2,1800,1.04411764706
451699,451747,452091,48,344,2,1800,1.13953488372
451699,451783,452128,84,345,2,1800,1.24347826087
451750,451792,452136,42,344,2,1800,1.12209302326
451781,451813,452158,32,345,2,1800,1.09275362319
451792,451823,452168,31,345,2,1800,1.08985507246
451813,451829,452168,16,339,2,1800,1.04719764012
451824,451856,452195,32,339,2,1800,1.09439528024
451829,451836,451914,7,78,1,1800,1.08974358974
451834,451871,452214,37,343,2,1800,1.10787172012
451855,451878,452222,23,344,2,1800,1.06686046512
451876,451884,452227,8,343,2,1800,1.02332361516
451877,451890,452236,13,346,2,1800,1.03757225434
451887,451896,452238,9,342,2,1800,1.02631578947
451888,451902,452245,14,343,2,1800,1.04081632653
451898,451908,452250,10,342,2,1800,1.02923976608
451899,451994,452337,95,343,2,1800,1.27696793003
451909,452020,452356,111,336,2,1800,1.33035714286
451992,452030,452360,38,330,2,1800,1.11515151515
452023,452047,452381,24,334,2,1800,1.07185628743
452033,452060,452376,27,316,2,1800,1.08544303797
452044,452054,452367,10,313,2,1800,1.03194888179
452055,452102,452435,47,333,2,1800,1.14114114114
452065,452139,452472,74,333,2,1800,1.22222222222
452107,452153,452490,46,337,2,1800,1.13649851632
452138,452170,452506,32,336,2,1800,1.09523809524
452140,452147,452238,7,91,1,1800,1.07692307692
452159,452179,452510,20,331,2,1800,1.06042296073
452169,452184,452516,15,332,2,1800,1.04518072289
452180,452206,452548,26,342,2,1800,1.07602339181
452180,452225,452564,45,339,2,1800,1.13274336283
452211,452233,452574,22,341,2,1800,1.06451612903
452222,452240,452579,18,339,2,1800,1.05309734513
452233,452247,452587,14,340,2,1800,1.04117647059
452244,452254,452587,10,333,2,1800,1.03003003003
452244,452261,452590,17,329,2,1800,1.05167173252
452255,452267,452601,12,334,2,1800,1.03592814371
452265,452348,452674,83,326,2,1800,1.25460122699
452266,452368,452704,102,336,2,1800,1.30357142857
452348,452374,452698,26,324,2,1800,1.08024691358
452369,452381,452702,12,321,2,1800,1.03738317757
452379,452387,452711,8,324,2,1800,1.02469135802
452380,452394,452728,14,334,2,1800,1.04191616766
452390,452446,452780,56,334,2,1800,1.16766467066
452391,452484,452819,93,335,2,1800,1.2776119403
452442,452501,452842,59,341,2,1800,1.17302052786
452484,452518,452879,34,361,2,1800,1.09418282548
452505,452525,452874,20,349,2,1800,1.05730659026
452515,452532,452874,17,342,2,1800,1.04970760234
452526,452559,452900,33,341,2,1800,1.09677419355
452537,452575,452918,38,343,2,1800,1.11078717201
452557,452585,452929,28,344,2,1800,1.08139534884
452578,452592,452934,14,342,2,1800,1.04093567251
452589,452599,452925,10,326,2,1800,1.03067484663
452589,452605,452924,16,319,2,1800,1.05015673981
452600,452611,452930,11,319,2,1800,1.03448275862
452600,452618,452933,18,315,2,1800,1.05714285714
452611,452685,453010,74,325,2,1800,1.22769230769
452622,452717,453053,95,336,2,1800,1.28273809524
452683,452710,453042,27,332,2,1800,1.0813253012
452712,452723,453083,11,360,1,1800,1.03055555556
452715,452735,453079,20,344,2,1800,1.05813953488
452715,452729,453077,14,348,2,1800,1.04022988506
452726,452741,453086,15,345,2,1800,1.04347826087
452736,452791,453137,55,346,2,1800,1.15895953757
452737,452831,453176,94,345,2,1800,1.27246376812
452788,452853,453199,65,346,2,1800,1.18786127168
452830,452885,453230,55,345,2,1800,1.15942028986
452851,452891,453244,40,353,2,1800,1.11331444759
452882,452897,453232,15,335,2,1800,1.0447761194
452892,452912,453252,20,340,2,1800,1.05882352941
452893,452929,453273,36,344,2,1800,1.10465116279
452914,452936,453277,22,341,2,1800,1.06451612903
452935,452949,453291,14,342,2,1800,1.04093567251
452935,452943,453285,8,342,2,1800,1.02339181287
452946,452961,453309,15,348,2,1800,1.04310344828
452946,452955,453301,9,346,2,1800,1.02601156069
452957,453021,453360,64,339,2,1800,1.18879056047
452957,452967,453307,10,340,2,1800,1.02941176471
452968,453053,453388,85,335,2,1800,1.25373134328
453019,453064,453402,45,338,2,1800,1.13313609467
453050,453088,453427,38,339,2,1800,1.11209439528
453061,453095,453408,34,313,2,1800,1.10862619808
453093,453101,453404,8,303,2,1800,1.02640264026
453093,453148,453478,55,330,2,1800,1.16666666667
453104,453187,453519,83,332,2,1800,1.25
453145,453210,453545,65,335,2,1800,1.19402985075
453187,453248,453579,61,331,2,1800,1.18429003021
453208,453242,453573,34,331,2,1800,1.10271903323
453239,453255,453586,16,331,2,1800,1.04833836858
453249,453263,453603,14,340,2,1800,1.04117647059
453260,453284,453628,24,344,2,1800,1.06976744186
453260,453291,453633,31,342,2,1800,1.09064327485
453281,453298,453638,17,340,2,1800,1.05
453291,453305,453646,14,341,2,1800,1.04105571848
453302,453318,453651,16,333,2,1800,1.04804804805
453302,453312,453648,10,336,2,1800,1.02976190476
453313,453325,453658,12,333,2,1800,1.03603603604
453324,453372,453696,48,324,2,1800,1.14814814815
453324,453399,453738,75,339,2,1800,1.22123893805
453376,453413,453741,37,328,2,1800,1.11280487805
453396,453420,453748,24,328,2,1800,1.07317073171
453418,453426,453746,8,320,2,1800,1.025
453419,453438,453769,19,331,2,1800,1.05740181269
453429,453490,453823,61,333,2,1800,1.18318318318
453440,453530,453870,90,340,2,1800,1.26470588235
453491,453556,453894,65,338,2,1800,1.19230769231
453532,453585,453930,53,345,2,1800,1.15362318841
453553,453592,453936,39,344,2,1800,1.11337209302
453584,453599,453940,15,341,2,1800,1.04398826979
453595,453614,453958,19,344,2,1800,1.05523255814
453595,453639,453980,44,341,2,1800,1.12903225806
453616,453646,453998,30,352,2,1800,1.08522727273
453637,453653,453996,16,343,2,1800,1.04664723032
453648,453660,453983,12,323,2,1800,1.03715170279
453658,453667,453986,9,319,2,1800,1.02821316614
453659,453672,453992,13,320,2,1800,1.040625
453669,453679,453992,10,313,2,1800,1.03194888179
453670,453707,454031,37,324,2,1800,1.11419753086
453680,453749,454082,69,333,2,1800,1.20720720721
453711,453756,454088,45,332,2,1800,1.13554216867
453753,453769,454111,16,342,2,1800,1.04678362573
453753,453763,454116,10,353,2,1800,1.0283286119
453764,453781,454126,17,345,2,1800,1.04927536232
453764,453834,454181,70,347,2,1800,1.20172910663
453785,453881,454223,96,342,2,1800,1.28070175439
453836,453905,454251,69,346,2,1800,1.19942196532
453878,453941,454289,63,348,2,1800,1.18103448276
453909,453948,454298,39,350,2,1800,1.11142857143
453940,453954,454293,14,339,2,1800,1.0412979351
453950,453969,454312,19,343,2,1800,1.05539358601
453951,453991,454337,40,346,2,1800,1.11560693642
453972,453998,454336,26,338,2,1800,1.07692307692
453992,454004,454345,12,341,2,1800,1.03519061584
454003,454010,454351,7,341,2,1800,1.02052785924
454003,454016,454360,13,344,2,1800,1.03779069767
454014,454022,454368,8,346,2,1800,1.02312138728
454014,454027,454370,13,343,2,1800,1.03790087464
454025,454042,454378,17,336,2,1800,1.0505952381
454025,454093,454426,68,333,2,1800,1.2042042042
454046,454100,454427,54,327,2,1800,1.16513761468
454098,454129,454456,31,327,2,1800,1.09480122324
454098,454122,454431,24,309,2,1800,1.07766990291
454119,454138,454436,19,298,2,1800,1.06375838926
454130,454192,454530,62,338,2,1800,1.18343195266
454140,454234,454573,94,339,2,1800,1.27728613569
454187,454200,454237,13,37,1,1800,1.35135135135
454192,454262,454592,70,330,2,1800,1.21212121212
454233,454300,454628,67,328,2,1800,1.20426829268
454264,454307,454636,43,329,2,1800,1.13069908815
454305,454315,454648,10,333,2,1800,1.03003003003
454307,454323,454659,16,336,2,1800,1.04761904762
454318,454353,454690,35,337,2,1800,1.10385756677
454319,454347,454689,28,342,2,1800,1.08187134503
454350,454366,454707,16,341,2,1800,1.04692082111
454350,454359,454706,9,347,2,1800,1.02593659942
454361,454373,454721,12,348,2,1800,1.03448275862
454371,454379,454718,8,339,2,1800,1.02359882006
454372,454386,454722,14,336,2,1800,1.04166666667
454382,454393,454722,11,329,2,1800,1.03343465046
454383,454438,454764,55,326,2,1800,1.16871165644
454393,454443,454774,50,331,2,1800,1.15105740181
454435,454449,454771,14,322,2,1800,1.04347826087
454445,454456,454775,11,319,2,1800,1.03448275862
454446,454467,454787,21,320,2,1800,1.065625
454456,454541,454872,85,331,2,1800,1.25679758308
454467,454584,454921,117,337,2,1800,1.3471810089
454469,454475,454544,6,69,1,1800,1.08695652174
454539,454603,454940,64,337,2,1800,1.18991097923
454580,454639,454979,59,340,2,1800,1.17352941176
454601,454648,454992,47,344,2,1800,1.13662790698
454642,454659,455000,17,341,2,1800,1.04985337243
454653,454670,455016,17,346,2,1800,1.04913294798
454663,454700,455042,37,342,2,1800,1.1081871345
454674,454707,455048,33,341,2,1800,1.09677419355
454705,454717,455060,12,343,2,1800,1.03498542274
454705,454723,455043,18,320,2,1800,1.05625
454716,454730,455049,14,319,2,1800,1.04388714734
454727,454737,455054,10,317,2,1800,1.03154574132
454727,454743,455050,16,307,2,1800,1.05211726384
454738,454749,455078,11,329,2,1800,1.03343465046
454738,454782,455113,44,331,2,1800,1.1329305136
454749,454775,455108,26,333,2,1800,1.07807807808
454780,454788,455125,8,337,2,1800,1.0237388724
454780,454794,455138,14,344,2,1800,1.04069767442
454791,454884,455231,93,347,2,1800,1.26801152738
454791,454800,455147,9,347,2,1800,1.02593659942
454802,454933,455280,131,347,2,1800,1.37752161383
454884,454952,455300,68,348,2,1800,1.19540229885
454935,454990,455334,55,344,2,1800,1.15988372093
454956,455004,455348,48,344,2,1800,1.13953488372
454987,455012,455357,25,345,2,1800,1.07246376812
455008,455027,455370,19,343,2,1800,1.05539358601
455008,455053,455407,45,354,2,1800,1.12711864407
455029,455060,455402,31,342,2,1800,1.09064327485
455050,455066,455407,16,341,2,1800,1.04692082111
455060,455072,455416,12,344,2,1800,1.03488372093
455071,455078,455424,7,346,2,1800,1.02023121387
455071,455083,455424,12,341,2,1800,1.03519061584
455082,455095,455420,13,325,2,1800,1.04
455082,455090,455424,8,334,2,1800,1.02395209581
455093,455126,455446,33,320,2,1800,1.103125
455093,455119,455441,26,322,2,1800,1.08074534161
455125,455136,455452,11,316,2,1800,1.03481012658
455125,455152,455461,27,309,2,1800,1.08737864078
455136,455158,455452,22,294,2,1800,1.07482993197
455140,455146,455386,6,240,1,1800,1.025
455156,455242,455576,86,334,2,1800,1.25748502994
455157,455292,455624,135,332,2,1800,1.40662650602
455239,455312,455647,73,335,2,1800,1.21791044776
455290,455345,455679,55,334,2,1800,1.16467065868
455311,455359,455695,48,336,2,1800,1.14285714286
455342,455368,455699,26,331,2,1800,1.07854984894
455363,455381,455712,18,331,2,1800,1.05438066465
455374,455420,455755,46,335,2,1800,1.13731343284
455384,455413,455756,29,343,2,1800,1.08454810496
455416,455427,455765,11,338,2,1800,1.0325443787
455416,455432,455772,16,340,2,1800,1.04705882353
455427,455439,455781,12,342,2,1800,1.0350877193
455438,455452,455794,14,342,2,1800,1.04093567251
455438,455446,455788,8,342,2,1800,1.02339181287
455449,455458,455797,9,339,2,1800,1.02654867257
455449,455464,455791,15,327,2,1800,1.04587155963
455460,455470,455796,10,326,2,1800,1.03067484663
455460,455476,455802,16,326,2,1800,1.0490797546
455471,455482,455807,11,325,2,1800,1.03384615385
455471,455488,455810,17,322,2,1800,1.05279503106
455482,455587,455915,105,328,2,1800,1.32012195122
455493,455635,455968,142,333,2,1800,1.42642642643
455585,455659,455994,74,335,2,1800,1.22089552239
455637,455690,456036,53,346,2,1800,1.15317919075
455657,455707,456050,50,343,2,1800,1.14577259475
455689,455714,456054,25,340,2,1800,1.07352941176
455709,455723,456068,14,345,2,1800,1.04057971014
455710,455767,456110,57,343,2,1800,1.16618075802
455721,455772,456116,51,344,2,1800,1.14825581395
455772,455778,456122,6,344,2,1800,1.01744186047
455773,455784,456101,11,317,2,1800,1.03470031546
455783,455792,456108,9,316,2,1800,1.02848101266
455784,455799,456112,15,313,2,1800,1.04792332268
455794,455806,456119,12,313,2,1800,1.03833865815
455795,455812,456128,17,316,2,1800,1.05379746835
455805,455818,456149,13,331,2,1800,1.03927492447
455817,455825,456155,8,330,2,1800,1.02424242424
455818,455831,456164,13,333,2,1800,1.03903903904
455828,455837,456180,9,343,2,1800,1.02623906706
455829,455842,456186,13,344,2,1800,1.03779069767
455839,455926,456273,87,347,2,1800,1.2507204611
455840,455980,456329,140,349,2,1800,1.40114613181
455922,456005,456349,83,344,2,1800,1.24127906977
455984,456047,456399,63,352,2,1800,1.17897727273
456005,456061,456405,56,344,2,1800,1.16279069767
456046,456068,456408,22,340,2,1800,1.06470588235
456067,456079,456421,12,342,2,1800,1.0350877193
456067,456112,456453,45,341,2,1800,1.13196480938
456078,456119,456461,41,342,2,1800,1.11988304094
456109,456126,456463,17,337,2,1800,1.05044510386
456120,456131,456468,11,337,2,1800,1.03264094955
456130,456138,456466,8,328,2,1800,1.0243902439
456131,456144,456468,13,324,2,1800,1.04012345679
456141,456150,456478,9,328,2,1800,1.02743902439
456142,456156,456475,14,319,2,1800,1.04388714734
456153,456162,456480,9,318,2,1800,1.02830188679
456153,456169,456483,16,314,2,1800,1.05095541401
456164,456175,456467,11,292,2,1800,1.03767123288
456174,456191,456498,17,307,2,1800,1.05537459283
456175,456198,456492,23,294,2,1800,1.07823129252
456196,456284,456624,88,340,2,1800,1.25882352941
456196,456340,456673,144,333,2,1800,1.43243243243
456288,456360,456693,72,333,2,1800,1.21621621622
456340,456410,456743,70,333,2,1800,1.21021021021
456361,456417,456749,56,332,2,1800,1.1686746988
456412,456424,456754,12,330,2,1800,1.03636363636
456413,456431,456766,18,335,2,1800,1.05373134328
456424,456464,456801,40,337,2,1800,1.11869436202
456434,456472,456813,38,341,2,1800,1.11143695015
456465,456479,456824,14,345,2,1800,1.04057971014
456476,456491,456830,15,339,2,1800,1.04424778761
456476,456485,456826,9,341,2,1800,1.02639296188
456487,456497,456844,10,347,2,1800,1.0288184438
456487,456503,456847,16,344,2,1800,1.04651162791
456498,456509,456861,11,352,2,1800,1.03125
456498,456515,456841,17,326,2,1800,1.05214723926
456509,456521,456844,12,323,2,1800,1.03715170279
456520,456527,456850,7,323,2,1800,1.02167182663
456520,456532,456855,12,323,2,1800,1.03715170279
456531,456539,456863,8,324,2,1800,1.02469135802
456531,456635,456959,104,324,2,1800,1.32098765432
456542,456684,457013,142,329,2,1800,1.43161094225
456634,456705,457035,71,330,2,1800,1.21515151515
456686,456754,457091,68,337,2,1800,1.20178041543
456708,456761,457103,53,342,2,1800,1.15497076023
456750,456768,457109,18,341,2,1800,1.05278592375
456760,456777,457120,17,343,2,1800,1.04956268222
456771,456812,457160,41,348,2,1800,1.11781609195
456782,456825,457170,43,345,2,1800,1.12463768116
456813,456835,457186,22,351,2,1800,1.06267806268
456823,456842,457165,19,323,2,1800,1.05882352941
456834,456848,457163,14,315,2,1800,1.04444444444
456844,456854,457173,10,319,2,1800,1.03134796238
456845,456860,457170,15,310,2,1800,1.04838709677
456856,456866,457193,10,327,2,1800,1.03058103976
456856,456872,457206,16,334,2,1800,1.04790419162
456867,456878,457210,11,332,2,1800,1.03313253012
456867,456884,457221,17,337,2,1800,1.05044510386
456878,456890,457234,12,344,2,1800,1.03488372093
456888,456897,457244,9,347,2,1800,1.02593659942
456889,456970,457316,81,346,2,1800,1.23410404624
456899,457024,457372,125,348,2,1800,1.3591954023
456971,457046,457391,75,345,2,1800,1.21739130435
457023,457102,457447,79,345,2,1800,1.22898550725
457044,457114,457459,70,345,2,1800,1.20289855072
457105,457121,457458,16,337,2,1800,1.04747774481
457116,457131,457466,15,335,2,1800,1.0447761194
457127,457171,457506,44,335,2,1800,1.13134328358
457127,457178,457502,51,324,2,1800,1.15740740741
457168,457184,457512,16,328,2,1800,1.0487804878
457179,457190,457516,11,326,2,1800,1.03374233129
457179,457196,457519,17,323,2,1800,1.05263157895
457190,457202,457524,12,322,2,1800,1.03726708075
457201,457208,457527,7,319,2,1800,1.02194357367
457201,457214,457527,13,313,2,1800,1.04153354633
457212,457227,457532,15,305,2,1800,1.04918032787
457212,457220,457532,8,312,2,1800,1.02564102564
457223,457245,457541,22,296,2,1800,1.07432432432
457223,457233,457519,10,286,2,1800,1.03496503497
457234,457256,457556,22,300,2,1800,1.07333333333
457245,457327,457665,82,338,2,1800,1.2426035503
457255,457383,457712,128,329,2,1800,1.38905775076
457327,457402,457734,75,332,2,1800,1.22590361446
457379,457458,457788,79,330,2,1800,1.23939393939
457400,457476,457810,76,334,2,1800,1.22754491018
457461,457469,457803,8,334,2,1800,1.02395209581
457472,457483,457816,11,333,2,1800,1.03303303303
457472,457520,457856,48,336,2,1800,1.14285714286
457483,457513,457858,30,345,2,1800,1.08695652174
457514,457526,457870,12,344,2,1800,1.03488372093
457525,457539,457876,14,337,2,1800,1.04154302671
457525,457533,457879,8,346,2,1800,1.02312138728
457536,457551,457900,15,349,2,1800,1.04297994269
457536,457545,457889,9,344,2,1800,1.0261627907
457547,457557,457911,10,354,2,1800,1.02824858757
457547,457563,457890,16,327,2,1800,1.04892966361
457558,457569,457894,11,325,2,1800,1.03384615385
457558,457574,457895,16,321,2,1800,1.04984423676
457569,457581,457908,12,327,2,1800,1.03669724771
457579,457587,457921,8,334,2,1800,1.02395209581
457580,457676,458000,96,324,2,1800,1.2962962963
457590,457723,458052,133,329,2,1800,1.40425531915
457673,457745,458089,72,344,2,1800,1.20930232558
457724,457799,458143,75,344,2,1800,1.21802325581
457745,457814,458161,69,347,2,1800,1.19884726225
457796,457821,458165,25,344,2,1800,1.0726744186
457817,457827,458175,10,348,2,1800,1.02873563218
457818,457874,458221,56,347,2,1800,1.1613832853
457828,457867,458211,39,344,2,1800,1.11337209302
457870,457894,458217,24,323,2,1800,1.07430340557
457870,457880,458224,10,344,2,1800,1.02906976744
457881,457887,458209,6,322,2,1800,1.01863354037
457891,457900,458216,9,316,2,1800,1.02848101266
457892,457907,458220,15,313,2,1800,1.04792332268
457903,457914,458251,11,337,2,1800,1.03264094955
457903,457920,458252,17,332,2,1800,1.05120481928
457914,457926,458260,12,334,2,1800,1.03592814371
457924,457932,458271,8,339,2,1800,1.02359882006
457925,457938,458274,13,336,2,1800,1.03869047619
457935,457944,458288,9,344,2,1800,1.0261627907
457936,458011,458356,75,345,2,1800,1.21739130435
457946,458064,458410,118,346,2,1800,1.34104046243
458008,458100,458447,92,347,2,1800,1.265129683
458070,458154,458501,84,347,2,1800,1.24207492795
458101,458172,458521,71,349,2,1800,1.20343839542
458152,458178,458506,26,328,2,1800,1.07926829268
458173,458186,458510,13,324,2,1800,1.04012345679
458184,458220,458539,36,319,2,1800,1.11285266458
458184,458227,458549,43,322,2,1800,1.13354037267
458225,458234,458553,9,319,2,1800,1.02821316614
458226,458240,458559,14,319,2,1800,1.04388714734
458236,458246,458565,10,319,2,1800,1.03134796238
458237,458252,458569,15,317,2,1800,1.04731861199
458247,458258,458569,11,311,2,1800,1.03536977492
458248,458265,458578,17,313,2,1800,1.05431309904
458258,458271,458584,13,313,2,1800,1.04153354633
458269,458277,458572,8,295,2,1800,1.02711864407
458269,458283,458564,14,281,2,1800,1.04982206406
458280,458289,458573,9,284,2,1800,1.03169014085
458280,458299,458592,19,293,2,1800,1.06484641638
458291,458368,458654,77,286,2,1800,1.26923076923
458302,458421,458710,119,289,2,1800,1.41176470588
458373,458458,458759,85,301,2,1800,1.28239202658
458425,458513,458815,88,302,2,1800,1.29139072848
458456,458520,458814,64,294,2,1800,1.21768707483
458518,458527,458827,9,300,2,1800,1.03
458518,458533,458841,15,308,2,1800,1.0487012987
458529,458550,458874,21,324,2,1800,1.06481481481
458529,458561,458889,32,328,2,1800,1.09756097561
458550,458568,458900,18,332,2,1800,1.05421686747
458561,458575,458896,14,321,2,1800,1.04361370717
458571,458582,458910,11,328,2,1800,1.03353658537
458572,458588,458920,16,332,2,1800,1.04819277108
458582,458594,458929,12,335,2,1800,1.03582089552
458593,458605,458892,12,287,2,1800,1.04181184669
458593,458600,458929,7,329,2,1800,1.02127659574
458604,458612,458906,8,294,2,1800,1.02721088435
458604,458617,458909,13,292,2,1800,1.04452054795
458615,458624,458893,9,269,2,1800,1.03345724907
458615,458629,458907,14,278,2,1800,1.05035971223
458626,458721,458998,95,277,2,1800,1.34296028881
458626,458665,458943,39,278,2,1800,1.14028776978
458667,458770,459054,103,284,2,1800,1.36267605634
458719,458832,459114,113,282,2,1800,1.40070921986
458770,458825,459103,55,278,2,1800,1.19784172662
458822,458838,459124,16,286,2,1800,1.05594405594
458832,458852,459139,20,287,2,1800,1.06968641115
458843,458886,459180,43,294,2,1800,1.1462585034
458854,458900,459194,46,294,2,1800,1.15646258503
458885,458907,459196,22,289,2,1800,1.07612456747
458905,458913,459192,8,279,2,1800,1.02867383513
458906,458918,459221,12,303,2,1800,1.0396039604
458916,458925,459210,9,285,2,1800,1.03157894737
458917,458931,459250,14,319,2,1800,1.04388714734
458927,458937,459277,10,340,2,1800,1.02941176471
458928,458943,459285,15,342,2,1800,1.04385964912
458938,458949,459297,11,348,2,1800,1.0316091954
458939,458955,459301,16,346,2,1800,1.04624277457
458949,458961,459305,12,344,2,1800,1.03488372093
458960,458972,459316,12,344,2,1800,1.03488372093
458960,458967,459310,7,343,2,1800,1.02040816327
458971,459009,459352,38,343,2,1800,1.11078717201
458972,459065,459404,93,339,2,1800,1.27433628319
459013,459114,459456,101,342,2,1800,1.29532163743
459064,459125,459466,61,341,2,1800,1.1788856305
459116,459135,459439,19,304,2,1800,1.0625
459127,459150,459472,23,322,2,1800,1.07142857143
459137,459191,459518,54,327,2,1800,1.16513761468
459148,459203,459552,55,349,2,1800,1.15759312321
459189,459210,459555,21,345,2,1800,1.06086956522
459200,459216,459556,16,340,2,1800,1.04705882353
459210,459222,459562,12,340,2,1800,1.03529411765
459221,459233,459572,12,339,2,1800,1.03539823009
459222,459261,459602,39,341,2,1800,1.11436950147
459232,459288,459628,56,340,2,1800,1.16470588235
459263,459297,459640,34,343,2,1800,1.09912536443
459284,459308,459652,24,344,2,1800,1.06976744186
459295,459315,459664,20,349,2,1800,1.05730659026
459306,459321,459657,15,336,2,1800,1.04464285714
459316,459328,459649,12,321,2,1800,1.03738317757
459317,459334,459669,17,335,2,1800,1.05074626866
459328,459363,459689,35,326,2,1800,1.10736196319
459338,459416,459747,78,331,2,1800,1.23564954683
459359,459451,459777,92,326,2,1800,1.28220858896
459421,459467,459796,46,329,2,1800,1.13981762918
459452,459477,459799,25,322,2,1800,1.07763975155
459473,459484,459808,11,324,2,1800,1.03395061728
459473,459529,459856,56,327,2,1800,1.17125382263
459484,459563,459900,79,337,2,1800,1.23442136499
459525,459570,459906,45,336,2,1800,1.13392857143
459566,459577,459917,11,340,2,1800,1.03235294118
459567,459583,459918,16,335,2,1800,1.04776119403
459578,459589,459927,11,338,2,1800,1.0325443787
459578,459613,459952,35,339,2,1800,1.10324483776
459589,459639,459975,50,336,2,1800,1.14880952381
459610,459651,459967,41,316,2,1800,1.12974683544
459641,459661,459978,20,317,2,1800,1.06309148265
459651,459668,459989,17,321,2,1800,1.05295950156
459662,459673,460004,11,331,2,1800,1.0332326284
459673,459685,459990,12,305,2,1800,1.0393442623
459673,459680,459978,7,298,2,1800,1.02348993289
459684,459758,460056,74,298,2,1800,1.24832214765
459684,459700,460003,16,303,2,1800,1.05280528053
459705,459788,460081,83,293,2,1800,1.28327645051
459757,459807,460104,50,297,2,1800,1.16835016835
459788,459814,460108,26,294,2,1800,1.08843537415
459809,459821,460118,12,297,2,1800,1.0404040404
459819,459867,460170,48,303,2,1800,1.15841584158
459820,459912,460238,92,326,2,1800,1.28220858896
459871,459918,460251,47,333,2,1800,1.14114114114
459912,459928,460246,16,318,2,1800,1.05031446541
459923,459935,460257,12,322,2,1800,1.03726708075
459924,459942,460285,18,343,2,1800,1.05247813411
459935,459963,460296,28,333,2,1800,1.08408408408
459945,459986,460326,41,340,2,1800,1.12058823529
459966,459978,460325,12,347,2,1800,1.03458213256
459977,459992,460338,15,346,2,1800,1.04335260116
459987,459999,460337,12,338,2,1800,1.03550295858
459988,460006,460358,18,352,2,1800,1.05113636364
459999,460012,460358,13,346,2,1800,1.03757225434
460010,460018,460361,8,343,2,1800,1.02332361516
460010,460024,460365,14,341,2,1800,1.04105571848
460021,460092,460434,71,342,2,1800,1.20760233918
460021,460067,460420,46,353,2,1800,1.13031161473
460073,460115,460458,42,343,2,1800,1.12244897959
460093,460122,460427,29,305,2,1800,1.09508196721
460114,460129,460452,15,323,2,1800,1.04643962848
460125,460181,460507,56,326,2,1800,1.1717791411
460125,460249,460593,124,344,2,1800,1.36046511628
460177,460264,460606,87,342,2,1800,1.25438596491
460249,460257,460602,8,345,2,1800,1.0231884058
460260,460271,460616,11,345,2,1800,1.03188405797
460260,460297,460640,37,343,2,1800,1.10787172012
460271,460307,460647,36,340,2,1800,1.10588235294
460302,460336,460679,34,343,2,1800,1.09912536443
460312,460343,460688,31,345,2,1800,1.08985507246
460333,460350,460696,17,346,2,1800,1.04913294798
460344,460355,460695,11,340,2,1800,1.03235294118
460354,460369,460699,15,330,2,1800,1.04545454545
460355,460374,460682,19,308,2,1800,1.06168831169
460365,460381,460712,16,331,2,1800,1.04833836858
460376,460388,460724,12,336,2,1800,1.03571428571
460387,460431,460760,44,329,2,1800,1.13373860182
460387,460438,460769,51,331,2,1800,1.15407854985
460428,460445,460772,17,327,2,1800,1.05198776758
460439,460470,460797,31,327,2,1800,1.09480122324
460450,460463,460790,13,327,2,1800,1.03975535168
460460,460518,460847,58,329,2,1800,1.17629179331
460471,460604,460943,133,339,2,1800,1.39233038348
460522,460613,460950,91,337,2,1800,1.27002967359
460604,460620,460960,16,340,2,1800,1.04705882353
460615,460627,460969,12,342,2,1800,1.0350877193
460616,460689,461028,73,339,2,1800,1.21533923304
460626,460695,461035,69,340,2,1800,1.20294117647
460628,460656,475617,28,14961,1,36000,1.00187153265
460628,460634,475531,6,14897,1,36000,1.00040276566
460628,460639,475500,11,14861,1,36000,1.00074019245
460628,460646,475518,18,14872,1,36000,1.00121032813
460628,460651,475664,23,15013,1,36000,1.0015320056
460629,460672,475606,43,14934,1,36000,1.00287933574
460629,460667,475582,38,14915,1,36000,1.0025477707
460629,460662,475680,33,15018,1,36000,1.00219736316
460630,460683,475642,53,14959,1,36000,1.00354301758
460630,460678,475526,48,14848,1,36000,1.00323275862
460688,460701,461039,13,338,2,1800,1.03846153846
460699,460713,461040,14,327,2,1800,1.04281345566
460699,460708,461039,9,331,2,1800,1.02719033233
460710,460720,461049,10,329,2,1800,1.03039513678
460710,460726,461054,16,328,2,1800,1.0487804878
460721,460737,461064,16,327,2,1800,1.04892966361
460721,460732,461066,11,334,2,1800,1.03293413174
460732,460744,461060,12,316,2,1800,1.03797468354
460742,460771,461086,29,315,2,1800,1.09206349206
460743,460780,461086,37,306,2,1800,1.12091503268
460774,460786,461086,12,300,2,1800,1.04
460784,460801,461097,17,296,2,1800,1.05743243243
460785,460808,461113,23,305,2,1800,1.07540983607
460806,460954,461293,148,339,2,1800,1.43657817109
460806,460858,461171,52,313,2,1800,1.1661341853
460859,460961,461298,102,337,2,1800,1.30267062315
460952,460972,461264,20,292,2,1800,1.06849315068
460962,460980,461296,18,316,2,1800,1.05696202532
460973,461040,461354,67,314,2,1800,1.21337579618
460984,461047,461375,63,328,2,1800,1.19207317073
460992,461054,461400,62,346,2,1800,1.17919075145
461045,461060,461410,15,350,2,1800,1.04285714286
461054,461088,477380,34,16292,1,36000,1.00208691382
461054,461077,477338,23,16261,1,36000,1.00141442716
461054,461083,477199,29,16116,1,36000,1.00179945396
461054,461093,477241,39,16148,1,36000,1.00241515977
461055,461110,477355,55,16245,1,36000,1.00338565713
461055,461099,477321,44,16222,1,36000,1.00271236592
461055,461104,477250,49,16146,1,36000,1.00303480738
461056,461120,477252,64,16132,1,36000,1.00396727002
461056,461066,461412,10,346,2,1800,1.0289017341
461056,461126,477551,70,16425,1,36000,1.00426179604
461056,461115,477316,59,16201,1,36000,1.00364175051
461056,461072,461417,16,345,2,1800,1.04637681159
461067,461133,461479,66,346,2,1800,1.19075144509
461068,461138,461486,70,348,2,1800,1.20114942529
461129,461144,461486,15,342,2,1800,1.04385964912
461140,461151,461498,11,347,2,1800,1.03170028818
461140,461157,461502,17,345,2,1800,1.04927536232
461151,461163,461505,12,342,2,1800,1.0350877193
461162,461176,461482,14,306,2,1800,1.04575163399
461162,461170,461519,8,349,2,1800,1.0229226361
461173,461182,461519,9,337,2,1800,1.02670623145
461173,461187,461519,14,332,2,1800,1.0421686747
461184,461305,461651,121,346,2,1800,1.34971098266
461184,461275,461616,91,341,2,1800,1.26686217009
461276,461312,461654,36,342,2,1800,1.10526315789
461307,461319,461657,12,338,2,1800,1.03550295858
461308,461366,461706,58,340,2,1800,1.17058823529
461319,461386,461726,67,340,2,1800,1.19705882353
461338,461345,464051,7,2706,12,14400,1.00258684405
461370,461411,461753,41,342,2,1800,1.11988304094
461381,461393,464532,12,3139,12,14400,1.00382287353
461391,461422,461774,31,352,2,1800,1.08806818182
461412,461429,461771,17,342,2,1800,1.04970760234
461422,461440,464872,18,3432,12,14400,1.00524475524
461423,461435,461772,12,337,2,1800,1.03560830861
461433,461490,461821,57,331,2,1800,1.17220543807
461434,461497,461798,63,301,2,1800,1.20930232558
461475,461482,465165,7,3683,12,14400,1.00190062449
461496,461504,461846,8,342,2,1800,1.02339181287
461496,461519,461845,23,326,2,1800,1.07055214724
461507,461526,461855,19,329,2,1800,1.05775075988
461507,461531,461858,24,327,2,1800,1.07339449541
461529,461537,461872,8,335,2,1800,1.02388059701
461530,461543,461878,13,335,2,1800,1.03880597015
461540,461549,461877,9,328,2,1800,1.02743902439
461541,500403,586816,38862,86413,24,86400,1.44972399986
461541,461554,461881,13,327,2,1800,1.03975535168
461551,461628,461969,77,341,2,1800,1.22580645161
461552,461662,462012,110,350,2,1800,1.31428571429
461624,461669,462008,45,339,2,1800,1.13274336283
461665,461676,462017,11,341,2,1800,1.03225806452
461666,461717,462056,51,339,2,1800,1.15044247788
461676,461737,462078,61,341,2,1800,1.1788856305
461677,461683,462662,6,979,8,7200,1.00612870276
461718,461764,462107,46,343,2,1800,1.13411078717
461739,461789,462121,50,332,2,1800,1.15060240964
461770,461782,462121,12,339,2,1800,1.03539823009
461780,461795,462125,15,330,2,1800,1.04545454545
461791,461832,462160,41,328,2,1800,1.125
461792,461811,462141,19,330,2,1800,1.05757575758
461812,461857,462195,45,338,2,1800,1.13313609467
461833,461863,462188,30,325,2,1800,1.09230769231
461854,461869,462187,15,318,2,1800,1.04716981132
461865,461876,462186,11,310,2,1800,1.03548387097
461865,461883,462193,18,310,2,1800,1.05806451613
461876,461889,462203,13,314,2,1800,1.04140127389
461887,461895,462212,8,317,2,1800,1.02523659306
461887,461901,462227,14,326,2,1800,1.04294478528
461898,461980,462307,82,327,2,1800,1.25076452599
461898,462027,462359,129,332,2,1800,1.38855421687
461981,462020,462335,39,315,2,1800,1.12380952381
462022,462034,462342,12,308,2,1800,1.03896103896
462033,462068,462383,35,315,2,1800,1.11111111111
462033,462090,462408,57,318,2,1800,1.17924528302
462064,462127,462471,63,344,2,1800,1.18313953488
462095,462134,462467,39,333,2,1800,1.11711711712
462126,462140,462484,14,344,2,1800,1.04069767442
462137,462146,462491,9,345,2,1800,1.02608695652
462137,462158,462503,21,345,2,1800,1.06086956522
462148,462171,462514,23,343,2,1800,1.06705539359
462159,462198,462543,39,345,2,1800,1.11304347826
462169,462203,462549,34,346,2,1800,1.09826589595
462200,462210,462555,10,345,2,1800,1.02898550725
462201,462216,462559,15,343,2,1800,1.04373177843
462211,462228,462581,17,353,2,1800,1.04815864023
462212,462234,462534,22,300,2,1800,1.07333333333
462233,462246,462589,13,343,2,1800,1.03790087464
462233,462240,462564,7,324,2,1800,1.02160493827
462244,462319,462656,75,337,2,1800,1.22255192878
462244,462347,462690,103,343,2,1800,1.30029154519
462316,462353,462691,37,338,2,1800,1.10946745562
462348,462370,462711,22,341,2,1800,1.06451612903
462358,462395,462736,37,341,2,1800,1.10850439883
462369,462419,462762,50,343,2,1800,1.14577259475
462400,462484,462824,84,340,2,1800,1.24705882353
462421,462478,462819,57,341,2,1800,1.16715542522
462483,462502,462835,19,333,2,1800,1.05705705706
462483,462496,462836,13,340,2,1800,1.03823529412
462494,462514,462844,20,330,2,1800,1.06060606061
462505,462526,462824,21,298,2,1800,1.07046979866
462515,462545,462885,30,340,2,1800,1.08823529412
462526,462554,462886,28,332,2,1800,1.0843373494
462530,462536,476940,6,14404,1,14400,1.00041655096
462531,507446,521882,44915,14436,1,14400,4.11131892491
462531,476947,491377,14416,14430,1,14400,1.99902979903
462532,521888,536319,59356,14431,1,14400,5.11308987596
462533,536344,550764,73811,14420,1,14400,6.11865464632
462534,550770,565211,88236,14441,1,14400,7.11010317845
462535,565217,579656,102682,14439,1,14400,8.11143430986
462535,579663,594109,117128,14446,1,14400,9.10798837048
462536,594135,608555,131599,14420,1,14400,10.1261442441
462537,608573,622997,146036,14424,1,14400,11.1245146977
462547,462561,462893,14,332,2,1800,1.0421686747
462557,462568,462907,11,339,2,1800,1.03244837758
462558,462574,462903,16,329,2,1800,1.04863221884
462569,462581,462910,12,329,2,1800,1.03647416413
462579,462593,462921,14,328,2,1800,1.04268292683
462580,462600,462927,20,327,2,1800,1.06116207951
462590,462667,463003,77,336,2,1800,1.22916666667
462601,462701,463041,100,340,2,1800,1.29411764706
462663,462708,463050,45,342,2,1800,1.13157894737
462704,462722,463064,18,342,2,1800,1.05263157895
462705,462747,463089,42,342,2,1800,1.12280701754
462726,462773,463114,47,341,2,1800,1.13782991202
462747,462830,463167,83,337,2,1800,1.24629080119
462778,462837,463167,59,330,2,1800,1.17878787879
462830,462843,463169,13,326,2,1800,1.03987730061
462836,462861,470083,25,7222,8,7200,1.00346164497
462840,462850,463182,10,332,2,1800,1.03012048193
462841,462855,463185,14,330,2,1800,1.04242424242
462851,462867,463199,16,332,2,1800,1.04819277108
462852,462896,463235,44,339,2,1800,1.12979351032
462873,462903,463240,30,337,2,1800,1.08902077151
462894,462910,463238,16,328,2,1800,1.0487804878
462904,462917,463238,13,321,2,1800,1.04049844237
462915,462925,463239,10,314,2,1800,1.03184713376
462916,462930,463238,14,308,2,1800,1.04545454545
462926,462937,463251,11,314,2,1800,1.03503184713
462927,462943,463252,16,309,2,1800,1.05177993528
462937,463014,463331,77,317,2,1800,1.2429022082
462948,463053,463375,105,322,2,1800,1.32608695652
463010,463061,463375,51,314,2,1800,1.16242038217
463051,463075,463380,24,305,2,1800,1.07868852459
463062,463100,463418,38,318,2,1800,1.11949685535
463073,463125,463453,52,328,2,1800,1.15853658537
463104,463178,463508,74,330,2,1800,1.22424242424
463125,463183,463521,58,338,2,1800,1.17159763314
463176,463190,463535,14,345,2,1800,1.04057971014
463187,463197,463542,10,345,2,1800,1.02898550725
463188,463202,463546,14,344,2,1800,1.04069767442
463198,463210,463562,12,352,2,1800,1.03409090909
463199,463246,463591,47,345,2,1800,1.13623188406
463209,463254,463600,45,346,2,1800,1.13005780347
463251,463260,463605,9,345,2,1800,1.02608695652
463251,463266,463613,15,347,2,1800,1.04322766571
463262,463272,463619,10,347,2,1800,1.0288184438
463263,463278,463584,15,306,2,1800,1.04901960784
463273,463284,463602,11,318,2,1800,1.03459119497
463274,463290,463625,16,335,2,1800,1.04776119403
463284,463342,463681,58,339,2,1800,1.17109144543
463295,463386,463729,91,343,2,1800,1.26530612245
463347,463393,463735,46,342,2,1800,1.13450292398
463388,463400,463744,12,344,2,1800,1.03488372093
463399,463464,463806,65,342,2,1800,1.19005847953
463399,463429,463771,30,342,2,1800,1.08771929825
463430,463532,463882,102,350,2,1800,1.29142857143
463462,463519,463859,57,340,2,1800,1.16764705882
463510,464339,464341,829,2,1,72000,83.1
463510,464368,464369,858,1,1,72000,85.9
463510,464352,464353,842,1,1,72000,84.3
463511,464381,464382,870,1,1,72000,87.1
463511,464394,464395,883,1,1,72000,88.4
463511,464407,464408,896,1,1,72000,89.7
463512,464421,464422,909,1,1,72000,91.0
463512,464435,464440,923,5,1,72000,92.8
463523,463546,463879,23,333,2,1800,1.06906906907
463534,463553,463885,19,332,2,1800,1.05722891566
463545,463559,463873,14,314,2,1800,1.04458598726
463556,463574,463875,18,301,2,1800,1.05980066445
463556,463595,463931,39,336,2,1800,1.11607142857
463577,463602,463934,25,332,2,1800,1.07530120482
463598,463619,463952,21,333,2,1800,1.06306306306
463598,463612,463943,14,331,2,1800,1.04229607251
463609,463625,463955,16,330,2,1800,1.04848484848
463620,463637,463969,17,332,2,1800,1.05120481928
463620,463632,463958,12,326,2,1800,1.03680981595
463631,463643,463970,12,327,2,1800,1.03669724771
463642,463740,464078,98,338,2,1800,1.2899408284
463642,463692,464030,50,338,2,1800,1.14792899408
463644,463651,465399,7,1748,1,7200,1.00400457666
463694,463747,464086,53,339,2,1800,1.15634218289
463721,463728,464992,7,1264,1,7200,1.00553797468
463746,463782,464122,36,340,2,1800,1.10588235294
463746,463756,464095,10,339,2,1800,1.02949852507
463757,463817,464156,60,339,2,1800,1.17699115044
463778,463870,464207,92,337,2,1800,1.27299703264
463819,463884,464217,65,333,2,1800,1.1951951952
463871,463891,464224,20,333,2,1800,1.06006006006
463881,463897,464237,16,340,2,1800,1.04705882353
463892,463909,464237,17,328,2,1800,1.05182926829
463892,463903,464239,11,336,2,1800,1.03273809524
463903,463942,464280,39,338,2,1800,1.11538461538
463914,463949,464293,35,344,2,1800,1.10174418605
463945,463963,464285,18,322,2,1800,1.05590062112
463945,463955,464288,10,333,2,1800,1.03003003003
463956,463970,464287,14,317,2,1800,1.04416403785
463967,463984,464291,17,307,2,1800,1.05537459283
463967,463977,464291,10,314,2,1800,1.03184713376
463978,463989,464297,11,308,2,1800,1.03571428571
463989,464041,464349,52,308,2,1800,1.16883116883
463989,464089,464400,100,311,2,1800,1.32154340836
464041,464097,464414,56,317,2,1800,1.17665615142
464051,464107,467087,56,2980,2,7200,1.01879194631
464053,464134,467303,81,3169,2,7200,1.0255601136
464054,464167,467296,113,3129,2,7200,1.03611377437
464055,464219,467249,164,3030,2,7200,1.05412541254
464057,464228,466938,171,2710,2,7200,1.063099631
464058,464235,467133,177,2898,2,7200,1.06107660455
464059,464248,467242,189,2994,2,7200,1.06312625251
464061,464260,467278,199,3018,2,7200,1.06593770709
464062,464254,467223,192,2969,2,7200,1.06466823846
464064,464291,467650,227,3359,2,7200,1.0675796368
464065,464310,467510,245,3200,2,7200,1.0765625
464066,464316,467464,250,3148,2,7200,1.07941550191
464068,464298,467165,230,2867,2,7200,1.08022322986
464069,464303,467340,234,3037,2,7200,1.07704972012
464070,464321,467455,251,3134,2,7200,1.08008934269
464072,464327,467257,255,2930,2,7200,1.08703071672
464073,464332,467510,259,3178,2,7200,1.08149779736
464328,464361,464672,33,311,2,1800,1.10610932476
464328,464413,464743,85,330,2,1800,1.25757575758
464359,464427,464770,68,343,2,1800,1.19825072886
464411,464683,465025,272,342,2,1800,1.79532163743
464415,464453,474835,38,10382,1,72000,1.00366018108
464432,464754,465102,322,348,2,1800,1.92528735632
464547,500445,510803,35898,10358,1,36000,4.46572697432
464548,500461,510920,35913,10459,1,36000,4.43369346974
464548,500466,510894,35918,10428,1,36000,4.444380514
464548,500450,510808,35902,10358,1,36000,4.46611314926
464548,500456,510871,35908,10415,1,36000,4.44771963514
464549,500482,510736,35933,10254,1,36000,4.50429100839
464549,500488,510778,35939,10290,1,36000,4.49261418853
464549,500477,510893,35928,10416,1,36000,4.44930875576
464549,500472,510848,35923,10376,1,36000,4.46212413261
464550,500493,510785,35943,10292,1,36000,4.49232413525
464688,464782,465128,94,346,2,1800,1.27167630058
464760,465036,465373,276,337,2,1800,1.81899109792
464781,465124,465468,343,344,2,1800,1.99709302326
465037,465140,465484,103,344,2,1800,1.29941860465
465119,465384,465733,265,349,2,1800,1.75931232092
465140,465479,465824,339,345,2,1800,1.98260869565
465356,465362,494197,6,28835,12,28800,1.00020808046
465363,465370,494199,7,28829,12,28800,1.00024281106
465369,465376,494208,7,28832,12,28800,1.00024278579
465385,465495,465843,110,348,2,1800,1.31609195402
465478,465744,466094,266,350,2,1800,1.76
465499,465835,466182,336,347,2,1800,1.96829971182
465744,465854,466156,110,302,2,1800,1.3642384106
465837,466105,466427,268,322,2,1800,1.83229813665
465858,466193,466531,335,338,2,1800,1.99112426036
465881,483760,483901,17879,141,64,1800,127.80141844
466103,466167,466506,64,339,2,1800,1.18879056047
466165,466439,466774,274,335,2,1800,1.81791044776
466196,466517,466859,321,342,2,1800,1.93859649123
466407,500434,515230,34027,14796,2,36000,3.29974317383
466444,466543,466887,99,344,2,1800,1.28779069767
466516,466786,467128,270,342,2,1800,1.78947368421
466541,466550,468191,9,1641,8,14400,1.00548446069
466547,466870,467219,323,349,2,1800,1.92550143266
466603,466610,467222,7,612,1,14400,1.0114379085
466672,466679,470977,7,4298,12,10800,1.0016286645
466783,466898,467237,115,339,2,1800,1.33923303835
466875,466949,467288,74,339,2,1800,1.21828908555
466896,467098,467435,202,337,2,1800,1.59940652819
466899,466906,467151,7,245,12,21600,1.02857142857
466940,467139,469929,199,2790,2,7200,1.07132616487
466986,467164,476046,178,8882,12,21600,1.02004053141
467021,500439,501111,33418,672,2,54000,50.7291666667
467088,467146,470195,58,3049,2,7200,1.01902263037
467089,468202,489835,1113,21633,12,21600,1.05144917487
467138,467176,470216,38,3040,2,7200,1.0125
467152,467230,467566,78,336,2,1800,1.23214285714
467168,471541,482465,4373,10924,12,21600,1.4003112413
467170,467237,470241,67,3004,2,7200,1.02230359521
467224,467248,470296,24,3048,2,7200,1.00787401575
467234,467255,467563,21,308,2,1800,1.06818181818
467245,467262,467554,17,292,2,1800,1.05821917808
467245,467269,470341,24,3072,2,7200,1.0078125
467260,467289,470270,29,2981,2,7200,1.0097282791
467261,467299,470374,38,3075,2,7200,1.01235772358
467279,467308,470375,29,3067,2,7200,1.00945549397
467296,467315,467646,19,331,2,1800,1.05740181269
467297,467352,470686,55,3334,2,7200,1.01649670066
467312,467446,470622,134,3176,2,7200,1.04219143577
467342,467467,470459,125,2992,2,7200,1.04177807487
467450,467475,467808,25,333,2,1800,1.07507507508
467457,467521,470626,64,3105,2,7200,1.02061191626
467471,467527,467858,56,331,2,1800,1.16918429003
467472,467581,470581,109,3000,2,7200,1.03633333333
467512,467574,470610,62,3036,2,7200,1.02042160738
467513,467566,470466,53,2900,2,7200,1.01827586207
467573,467658,467989,85,331,2,1800,1.25679758308
467584,467664,467996,80,332,2,1800,1.24096385542
467652,467819,470963,167,3144,2,7200,1.05311704835
467666,467870,468199,204,329,2,1800,1.62006079027
467820,468000,468329,180,329,2,1800,1.54711246201
467872,468007,468334,135,327,2,1800,1.4128440367
468005,468210,468542,205,332,2,1800,1.61746987952
468005,468340,468681,335,341,2,1800,1.98240469208
468210,468347,468687,137,340,2,1800,1.40294117647
468343,468553,468895,210,342,2,1800,1.61403508772
468344,468692,469031,348,339,2,1800,2.02654867257
468559,468699,469038,140,339,2,1800,1.41297935103
468574,471769,472347,3195,578,8,3600,6.5276816609
468692,468906,469249,214,343,2,1800,1.62390670554
468703,469042,469381,339,339,2,1800,2.0
468873,470095,470636,1222,541,8,1800,3.25878003697
468890,470648,471188,1758,540,8,1800,4.25555555556
468907,469049,469389,142,340,2,1800,1.41764705882
468952,470989,471529,2037,540,8,1800,4.77222222222
469041,469260,469588,219,328,2,1800,1.66768292683
469051,469392,469721,341,329,2,1800,2.03647416413
469256,469401,469732,145,331,2,1800,1.43806646526
469312,471200,471755,1888,555,8,1800,4.4018018018
469389,469600,469928,211,328,2,1800,1.64329268293
469400,469732,470073,332,341,2,1800,1.97360703812
469605,469743,470083,138,340,2,1800,1.40588235294
469694,469700,483446,6,13746,4,21600,1.00043649062
469728,469940,470274,212,334,2,1800,1.63473053892
469739,469946,470267,207,321,2,1800,1.64485981308
469931,470084,473165,153,3081,2,7200,1.04965920156
469944,470161,470479,217,318,2,1800,1.68238993711
470087,470206,470520,119,314,2,1800,1.37898089172
470159,470228,470538,69,310,2,1800,1.22258064516
470196,470253,473462,57,3209,2,7200,1.01776254285
470217,470285,473365,68,3080,2,7200,1.02207792208
470244,470278,473384,34,3106,2,7200,1.01094655505
470272,470290,473488,18,3198,2,7200,1.00562851782
470282,470307,470611,25,304,2,1800,1.08223684211
470293,470352,470658,59,306,2,1800,1.19281045752
470299,470386,473401,87,3015,2,7200,1.02885572139
470346,470391,473622,45,3231,2,7200,1.0139275766
470376,470470,473543,94,3073,2,7200,1.03058900098
470377,470477,473607,100,3130,2,7200,1.03194888179
470462,470490,473428,28,2938,2,7200,1.00953029272
470477,470532,473647,55,3115,2,7200,1.0176565008
470488,470550,470869,62,319,2,1800,1.19435736677
470529,470592,470899,63,307,2,1800,1.20521172638
470550,470622,470931,72,309,2,1800,1.23300970874
470582,470628,473714,46,3086,2,7200,1.01490602722
470612,470634,473412,22,2778,2,7200,1.00791936645
470627,470641,473547,14,2906,2,7200,1.00481761872
470629,470669,473900,40,3231,2,7200,1.01238006809
470642,470697,471045,55,348,2,1800,1.15804597701
470674,470880,471213,206,333,2,1800,1.61861861862
470689,470910,473721,221,2811,2,7200,1.07861970829
470878,470942,471275,64,333,2,1800,1.19219219219
470910,470974,471317,64,343,2,1800,1.18658892128
470941,471057,471394,116,337,2,1800,1.34421364985
470964,471225,474272,261,3047,2,7200,1.08565802429
471054,471287,471636,233,349,2,1800,1.6676217765
471070,472360,473941,1290,1581,12,3600,1.81593927894
471228,471328,471672,100,344,2,1800,1.29069767442
471289,471405,471751,116,346,2,1800,1.33526011561
471331,471648,471994,317,346,2,1800,1.9161849711
471403,471683,472026,280,343,2,1800,1.81632653061
471650,471762,472106,112,344,2,1800,1.32558139535
471681,472005,472358,324,353,2,1800,1.9178470255
471763,472037,472339,274,302,2,1800,1.90728476821
472009,472117,472450,108,333,2,1800,1.32432432432
472040,472370,472694,330,324,2,1800,2.01851851852
472123,472351,472689,228,338,2,1800,1.67455621302
472348,472462,472804,114,342,2,1800,1.33333333333
472369,472700,473057,331,357,2,1800,1.92717086835
472461,472707,473047,246,340,2,1800,1.72352941176
472697,472815,473157,118,342,2,1800,1.34502923977
472707,473069,473407,362,338,2,1800,2.07100591716
472820,473058,473405,238,347,2,1800,1.68587896254
473055,473168,473506,113,338,2,1800,1.33431952663
473066,473176,473506,110,330,2,1800,1.33333333333
473167,473376,476493,209,3117,2,7200,1.06705165223
473178,473395,473719,217,324,2,1800,1.66975308642
473366,473412,476725,46,3313,2,7200,1.01388469665
473387,473419,476455,32,3036,2,7200,1.01054018445
473402,473425,476385,23,2960,2,7200,1.00777027027
473416,473431,476621,15,3190,2,7200,1.00470219436
473424,473440,473742,16,302,2,1800,1.05298013245
473431,473473,476464,42,2991,2,7200,1.01404212638
473445,473499,473792,54,293,2,1800,1.1843003413
473464,473517,476561,53,3044,2,7200,1.01741130092
473488,473523,476687,35,3164,2,7200,1.0110619469
473518,473561,473895,43,334,2,1800,1.12874251497
473518,473555,473891,37,336,2,1800,1.11011904762
473546,473618,476509,72,2891,2,7200,1.02490487721
473559,473634,473967,75,333,2,1800,1.22522522523
473561,473658,476831,97,3173,2,7200,1.03057043807
473609,473725,476949,116,3224,2,7200,1.03598014888
473624,473732,476684,108,2952,2,7200,1.03658536585
473648,473737,476582,89,2845,2,7200,1.03128295255
473718,473754,476800,36,3046,2,7200,1.01181877873
473733,473803,477049,70,3246,2,7200,1.02156500308
473754,473902,474233,148,331,2,1800,1.44712990937
473806,473909,474238,103,329,2,1800,1.31306990881
473898,473916,474246,18,330,2,1800,1.05454545455
473902,473979,476761,77,2782,2,7200,1.02767792955
473919,474244,474574,325,330,2,1800,1.98484848485
473981,474251,474579,270,328,2,1800,1.82317073171
474247,474257,474588,10,331,2,1800,1.03021148036
474247,474283,474623,36,340,2,1800,1.10588235294
474258,474585,474928,327,343,2,1800,1.95335276968
474275,474592,477550,317,2958,2,7200,1.10716700473
474586,474600,474940,14,340,2,1800,1.04117647059
474596,474634,474973,38,339,2,1800,1.11209439528
474597,474939,475279,342,340,2,1800,2.00588235294
474638,474951,475290,313,339,2,1800,1.92330383481
474661,500429,500436,25768,7,6,604800,2577.5
474945,474985,475316,40,331,2,1800,1.12084592145
474955,475291,475620,336,329,2,1800,2.02127659574
474987,475302,475636,315,334,2,1800,1.94311377246
475293,475328,475659,35,331,2,1800,1.10574018127
475304,475631,475958,327,327,2,1800,2.0
475325,475647,475980,322,333,2,1800,1.96696696697
475632,475670,476004,38,334,2,1800,1.11377245509
475643,475969,476310,326,341,2,1800,1.95601173021
475674,475991,476330,317,339,2,1800,1.93510324484
475971,476016,476350,45,334,2,1800,1.13473053892
475992,476321,476639,329,318,2,1800,2.03459119497
476012,476342,476658,330,316,2,1800,2.04430379747
476024,476031,476807,7,776,1,4200,1.00902061856
476083,476090,476534,7,444,2,3600,1.01576576577
476131,476137,476409,6,272,4,1800,1.02205882353
476177,476183,476375,6,192,8,1800,1.03125
476319,476361,476669,42,308,2,1800,1.13636363636
476340,476396,476709,56,313,2,1800,1.17891373802
476361,476467,476768,106,301,2,1800,1.35215946844
476387,476475,479526,88,3051,2,7200,1.02884300229
476459,476504,479664,45,3160,2,7200,1.01424050633
476474,476520,479434,46,2914,2,7200,1.01578586136
476474,476572,476890,98,318,2,1800,1.30817610063
476495,476593,479446,98,2853,2,7200,1.03434980722
476510,476632,479544,122,2912,2,7200,1.0418956044
476548,476554,476555,6,1,1,300,1.0
476564,476656,479659,92,3003,2,7200,1.03063603064
476585,476669,479652,84,2983,2,7200,1.0281595709
476624,476680,479848,56,3168,2,7200,1.01767676768
476643,476650,476968,7,318,2,300,1.02201257862
476669,476695,477015,26,320,2,1800,1.08125
476680,476702,477019,22,317,2,1800,1.06940063091
476685,476720,479774,35,3054,2,7200,1.01146037983
476700,476736,479610,36,2874,2,7200,1.01252609603
476721,476772,477117,51,345,2,1800,1.14782608696
476726,476779,479922,53,3143,2,7200,1.01686286987
476762,476812,479821,50,3009,2,7200,1.01661681622
476783,476842,477177,59,335,2,1800,1.17611940299
476801,476901,479983,100,3082,2,7200,1.03244646334
476832,476960,480093,128,3133,2,7200,1.04085541015
476906,477026,477362,120,336,2,1800,1.35714285714
476951,477033,480095,82,3062,2,7200,1.02677988243
477029,477061,477404,32,343,2,1800,1.09329446064
477030,477128,477473,98,345,2,1800,1.28405797101
477052,477188,480025,136,2837,2,7200,1.04793796264
477132,477373,477724,241,351,2,1800,1.68660968661
477184,477416,477759,232,343,2,1800,1.67638483965
477379,477485,477830,106,345,2,1800,1.30724637681
477420,477561,477907,141,346,2,1800,1.40751445087
477482,477736,478085,254,349,2,1800,1.72779369628
477553,477771,480966,218,3195,2,7200,1.06823161189
477732,477841,478184,109,343,2,1800,1.31778425656
477774,477918,478268,144,350,2,1800,1.41142857143
477846,478096,478394,250,298,2,1800,1.8389261745
477918,478195,478535,277,340,2,1800,1.81470588235
478092,478279,478615,187,336,2,1800,1.55654761905
478194,478406,478748,212,342,2,1800,1.61988304094
478277,478546,478888,269,342,2,1800,1.7865497076
478410,478626,478967,216,341,2,1800,1.63343108504
478543,478759,479099,216,340,2,1800,1.63529411765
478625,478899,479239,274,340,2,1800,1.80588235294
478759,478978,479314,219,336,2,1800,1.65178571429
478902,479110,479453,208,343,2,1800,1.60641399417
478974,479251,479588,277,337,2,1800,1.82195845697
479107,479326,479655,219,329,2,1800,1.66565349544
479254,479445,479759,191,314,2,1800,1.60828025478
479326,479457,479752,131,295,2,1800,1.44406779661
479435,479465,482541,30,3076,2,7200,1.00975292588
479450,479537,482570,87,3033,2,7200,1.02868447082
479469,479556,479843,87,287,2,1800,1.3031358885
479528,479599,482642,71,3043,2,7200,1.02333223792
479546,479622,482582,76,2960,2,7200,1.02567567568
479602,479663,479996,61,333,2,1800,1.18318318318
479613,479669,482678,56,3009,2,7200,1.01861083416
479646,479652,479997,6,345,8,1800,1.01739130435
479655,479675,482608,20,2933,2,7200,1.0068189567
479670,479681,482702,11,3021,2,7200,1.00364117842
479672,479770,482860,98,3090,2,7200,1.03171521036
479684,479763,480096,79,333,2,1800,1.23723723724
479767,479832,480163,65,331,2,1800,1.19637462236
479767,479785,480117,18,332,2,1800,1.05421686747
479777,479854,482704,77,2850,2,7200,1.02701754386
479823,479861,482862,38,3001,2,7200,1.01266244585
479828,479839,483748,11,3909,12,7200,1.00281401893
479850,479933,483051,83,3118,2,7200,1.02661962797
479862,479994,480327,132,333,2,1800,1.3963963964
479923,480007,483079,84,3072,2,7200,1.02734375
479935,479941,480591,6,650,8,1800,1.00923076923
479986,480036,482999,50,2963,2,7200,1.01687478907
480006,480105,480442,99,337,2,1800,1.29376854599
480025,480111,483130,86,3019,2,7200,1.02848625373
480053,480059,480708,6,649,8,1800,1.0092449923
480084,480091,480096,7,5,8,1800,1.2
480095,480117,483326,22,3209,2,7200,1.00685571829
480096,480128,483367,32,3239,2,7200,1.00987959247
480118,480176,480507,58,331,2,1800,1.1752265861
480129,480135,480139,6,4,8,1800,1.0
480129,480339,480671,210,332,2,1800,1.63253012048
480163,480170,480838,7,668,8,1800,1.01047904192
480181,480454,480783,273,329,2,1800,1.82978723404
480242,480248,480257,6,9,8,1800,1.5
480345,480518,480856,173,338,2,1800,1.51183431953
480357,480363,480908,6,545,8,1800,1.01100917431
480450,480682,481022,232,340,2,1800,1.68235294118
480522,480794,481142,272,348,2,1800,1.7816091954
480544,480551,481097,7,546,8,1800,1.01282051282
480605,480612,481157,7,545,8,1800,1.0128440367
480686,480867,481205,181,338,2,1800,1.53550295858
480689,480720,480724,31,4,8,1800,3.5
480799,480977,481316,178,339,2,1800,1.52507374631
480871,481033,481378,162,345,2,1800,1.46956521739
480970,481153,484012,183,2859,2,7200,1.06400839454
481035,481217,481547,182,330,2,1800,1.55151515152
481093,481099,481753,6,654,1,600,1.00917431193
481158,481327,481659,169,332,2,1800,1.50903614458
481220,481389,481722,169,333,2,1800,1.50750750751
481332,481558,481888,226,330,2,1800,1.68484848485
481394,481670,482000,276,330,2,1800,1.83636363636
481408,481414,481738,6,324,2,300,1.01851851852
481558,481734,482064,176,330,2,1800,1.53333333333
481671,481899,482232,228,333,2,1800,1.68468468468
481733,482011,482350,278,339,2,1800,1.82005899705
481897,482075,482416,178,341,2,1800,1.5219941349
482009,482244,482583,235,339,2,1800,1.69321533923
482071,482361,482701,290,340,2,1800,1.85294117647
482126,482133,487671,7,5538,1,7800,1.00126399422
482239,482251,485403,12,3152,2,5400,1.0038071066
482245,482427,482746,182,319,2,1800,1.57053291536
482268,500543,576659,18275,76116,1,374400,1.24009406695
482272,482280,484163,8,1883,4,3600,1.00424853956
482313,482320,483576,7,1256,8,3600,1.00557324841
482358,482552,482866,194,314,2,1800,1.6178343949
482430,482581,482893,151,312,2,1800,1.48397435897
482542,482593,485864,51,3271,2,7200,1.01559156221
482572,482599,485721,27,3122,2,7200,1.00864830237
482586,482619,485448,33,2829,2,7200,1.01166489926
482604,482653,482960,49,307,2,1800,1.15960912052
482610,482690,485781,80,3091,2,7200,1.02588159172
482643,482712,485890,69,3178,2,7200,1.02171176841
482657,483934,491145,1277,7211,1,7200,1.17709055609
482680,482719,485652,39,2933,2,7200,1.01329696556
482704,482724,486033,20,3309,2,7200,1.00604412209
482717,482758,483075,41,317,2,1800,1.12933753943
482719,482873,485861,154,2988,2,7200,1.0515394913
482758,482879,483179,121,300,2,1800,1.40333333333
482864,482885,485873,21,2988,2,7200,1.00702811245
482865,482904,486343,39,3439,2,7200,1.01134050596
482881,482971,483280,90,309,2,1800,1.29126213592
482902,483010,483345,108,335,2,1800,1.3223880597
482974,483062,483402,88,340,2,1800,1.25882352941
483001,483087,486050,86,2963,2,7200,1.02902463719
483052,483094,486108,42,3014,2,7200,1.01393497014
483082,483141,486006,59,2865,2,7200,1.02059336824
483097,483190,483525,93,335,2,1800,1.2776119403
483098,483923,487953,825,4030,12,10800,1.2047146402
483131,483291,486230,160,2939,2,7200,1.05444028581
483190,483337,483667,147,330,2,1800,1.44545454545
483292,483356,483690,64,334,2,1800,1.19161676647
483327,483379,486306,52,2927,2,7200,1.01776563034
483354,483414,483764,60,350,2,1800,1.17142857143
483369,483536,486488,167,2952,2,7200,1.05657181572
483416,483679,484027,263,348,2,1800,1.75574712644
483450,483929,493308,479,9379,4,10800,1.05107154281
483480,500554,576308,17074,75754,1,212400,1.22538743829
483539,483705,484052,166,347,2,1800,1.47838616715
483628,500566,576423,16938,75857,1,248400,1.2232885561
483682,483775,484121,93,346,2,1800,1.26878612717
483703,484023,484367,320,344,2,1800,1.93023255814
483772,484038,484397,266,359,2,1800,1.74094707521
483843,483918,491168,75,7250,8,7200,1.01034482759
483849,500571,576308,16722,75737,1,284400,1.22079036666
483860,500577,576423,16717,75846,1,248400,1.22040714079
484015,484063,486784,48,2721,2,7200,1.01764057332
484038,484132,484475,94,343,2,1800,1.27405247813
484069,484378,484699,309,321,2,1800,1.96261682243
484131,484408,484724,277,316,2,1800,1.87658227848
484376,484487,484830,111,343,2,1800,1.32361516035
484407,484710,485069,303,359,2,1800,1.84401114206
484490,484735,485079,245,344,2,1800,1.71220930233
484715,484841,485183,126,342,2,1800,1.36842105263
484735,485080,485419,345,339,2,1800,2.01769911504
484745,484752,487802,7,3050,1,3600,1.00229508197
484746,484763,488393,17,3630,1,3600,1.00468319559
484746,484769,488400,23,3631,1,3600,1.00633434316
484746,484757,488394,11,3637,1,3600,1.00302447072
484747,484775,488398,28,3623,1,3600,1.00772840188
484747,484780,488392,33,3612,1,3600,1.00913621262
484747,484786,488391,39,3605,1,3600,1.01081830791
484748,484797,488442,49,3645,1,3600,1.0134430727
484748,484802,488438,54,3636,1,3600,1.01485148515
484748,484791,488437,43,3646,1,3600,1.01179374657
484838,485090,485429,252,339,2,1800,1.74336283186
484928,500521,500525,15593,4,3,259200,1559.7
485083,485194,485533,111,339,2,1800,1.32743362832
485094,485431,485764,337,333,2,1800,2.01201201201
485197,485440,485771,243,331,2,1800,1.73413897281
485380,485386,485394,6,8,8,1800,1.4
485386,485392,485398,6,6,8,1800,1.2
485432,485460,485781,28,321,2,1800,1.08722741433
485443,485544,485848,101,304,2,1800,1.33223684211
485452,485663,488677,211,3014,2,7200,1.0700066357
485482,500527,500530,15045,3,3,518400,1504.8
485533,500532,500535,14999,3,3,259200,1500.2
485545,485732,486027,187,295,2,1800,1.63389830508
485550,500548,507435,14998,6887,2,14400,3.17772615072
485572,485579,486386,7,807,8,3600,1.00867410161
485590,500537,500541,14947,4,3,518400,1495.1
485654,485775,488717,121,2942,2,7200,1.04112848402
485673,485679,486330,6,651,8,1800,1.00921658986
485690,485696,486348,6,652,8,1800,1.00920245399
485723,485782,488864,59,3082,2,7200,1.01914341337
485780,485792,486077,12,285,2,1800,1.04210526316
485781,485798,486132,17,334,2,1800,1.05089820359
485783,485860,488979,77,3119,2,7200,1.02468739981
485802,485872,486209,70,337,2,1800,1.20771513353
485862,485879,489086,17,3207,2,7200,1.00530090427
485874,485886,486222,12,336,2,1800,1.03571428571
485877,485901,489113,24,3212,2,7200,1.00747198007
485878,486017,489091,139,3074,2,7200,1.04521795706
485893,486038,489019,145,2981,2,7200,1.0486413955
485951,486342,487152,391,810,8,3600,1.48271604938
486008,486044,489092,36,3048,2,7200,1.01181102362
486035,486061,489133,26,3072,2,7200,1.00846354167
486048,486088,486419,40,331,2,1800,1.12084592145
486053,486119,489153,66,3034,2,7200,1.02175346078
486073,486362,487171,289,809,8,3600,1.35723114957
486089,486144,486473,55,329,2,1800,1.16717325228
486110,486220,489100,110,2880,2,7200,1.03819444444
486141,486234,486565,93,331,2,1800,1.28096676737
486224,486241,486583,17,342,2,1800,1.04970760234
486233,486317,489423,84,3106,2,7200,1.02704443014
486245,486354,486685,109,331,2,1800,1.32930513595
486309,486430,489301,121,2871,2,7200,1.04214559387
486345,486484,489673,139,3189,2,7200,1.04358733145
486430,486499,486828,69,329,2,1800,1.20972644377
486483,486576,486915,93,339,2,1800,1.27433628319
486490,486594,489638,104,3044,2,7200,1.03416557162
486495,486506,487318,11,812,8,3600,1.01354679803
486513,487163,487971,650,808,8,3600,1.80445544554
486576,486696,487041,120,345,2,1800,1.34782608696
486597,486795,487135,198,340,2,1800,1.58235294118
486646,500582,507509,13936,6927,2,28800,3.01183773639
486699,486839,487182,140,343,2,1800,1.40816326531
486724,500514,518551,13790,18037,4,18000,1.76453955758
486785,486927,489742,142,2815,2,7200,1.05044404973
486843,487052,487392,209,340,2,1800,1.61470588235
486888,487183,490822,295,3639,8,3600,1.08106622699
486925,487147,487485,222,338,2,1800,1.65680473373
487048,487193,487526,145,333,2,1800,1.43543543544
487151,487404,487735,253,331,2,1800,1.76435045317
487192,487497,487825,305,328,2,1800,1.92987804878
487407,487537,487869,130,332,2,1800,1.39156626506
487499,487746,488073,247,327,2,1800,1.75535168196
487541,487837,488169,296,332,2,1800,1.89156626506
487745,487881,488211,136,330,2,1800,1.41212121212
487838,488084,488421,246,337,2,1800,1.72997032641
487879,488181,488522,302,341,2,1800,1.88563049853
488088,488223,488565,135,342,2,1800,1.39473684211
488180,488432,488769,252,337,2,1800,1.74777448071
488222,488533,488867,311,334,2,1800,1.93113772455
488437,488576,488898,139,322,2,1800,1.43167701863
488536,488688,489009,152,321,2,1800,1.47352024922
488578,488728,489039,150,311,2,1800,1.48231511254
488678,488780,491827,102,3047,2,7200,1.03347554972
488717,488876,492005,159,3129,2,7200,1.05081495686
488783,488883,489199,100,316,2,1800,1.3164556962
488868,488909,492114,41,3205,2,7200,1.0127925117
488885,489015,489329,130,314,2,1800,1.41401273885
488906,489022,489335,116,313,2,1800,1.37060702875
488952,488959,491696,7,2737,1,7200,1.00255754476
488953,488970,493086,17,4116,1,7200,1.00413022352
488953,488982,493959,29,4977,1,7200,1.0058268033
488953,488964,492252,11,3288,1,7200,1.00334549878
488953,488976,493493,23,4517,1,7200,1.00509187514
488954,488998,493213,44,4215,1,7200,1.01043890866
488954,488992,493024,38,4032,1,7200,1.00942460317
488954,488987,492678,33,3691,1,7200,1.00894066649
488955,489003,494029,48,5026,1,7200,1.00955033824
488955,489009,494029,54,5020,1,7200,1.01075697211
488981,489029,491940,48,2911,2,7200,1.01648917898
489019,489051,489373,32,322,2,1800,1.09937888199
489020,489097,491962,77,2865,2,7200,1.02687609075
489050,489104,489437,54,333,2,1800,1.16216216216
489090,489110,492163,20,3053,2,7200,1.00655093351
489102,489116,489452,14,336,2,1800,1.04166666667
489105,489124,492095,19,2971,2,7200,1.00639515315
489106,489144,492179,38,3035,2,7200,1.01252059308
489108,489164,491877,56,2713,2,7200,1.02064135643
489123,489211,492095,88,2884,2,7200,1.03051317614
489137,489312,492448,175,3136,2,7200,1.05580357143
489155,489340,492342,185,3002,2,7200,1.06162558294
489303,489346,492319,43,2973,2,7200,1.01446350488
489337,489384,489719,47,335,2,1800,1.14029850746
489348,489434,489764,86,330,2,1800,1.26060606061
489389,489448,489796,59,348,2,1800,1.16954022989
489424,489464,492518,40,3054,2,7200,1.01309757695
489442,489454,489456,12,2,2,480,1.4
489451,489650,489997,199,347,2,1800,1.5734870317
489462,489684,490027,222,343,2,1800,1.6472303207
489642,489730,492907,88,3177,2,7200,1.02769908719
489674,489753,492783,79,3030,2,7200,1.02607260726
489704,489710,489748,6,38,2,480,1.15789473684
489712,489718,490533,6,815,8,3600,1.00736196319
489730,489775,490120,45,345,2,1800,1.13043478261
489744,489807,492854,63,3047,2,7200,1.02067607483
489771,490008,490351,237,343,2,1800,1.69096209913
489784,489792,493443,8,3651,8,3600,1.0021911805
489812,490038,490392,226,354,2,1800,1.6384180791
489830,489837,489838,7,1,2,480,1.0
489904,489910,489912,6,2,2,480,1.0
489945,489951,493939,6,3988,12,7200,1.00150451354
489957,489964,489965,7,1,2,480,1.0
490007,490131,490478,124,347,2,1800,1.35734870317
490016,490022,490023,6,1,2,480,1.0
490038,490363,490655,325,292,2,1800,2.11301369863
490100,500587,507617,10487,7030,2,28800,2.49174964438
490130,490403,490739,273,336,2,1800,1.8125
490130,490137,490139,7,2,2,480,1.0
490366,490490,490831,124,341,2,1800,1.36363636364
490407,490666,491007,259,341,2,1800,1.75953079179
490490,490750,491089,260,339,2,1800,1.76696165192
490664,490842,491182,178,340,2,1800,1.52352941176
490746,491018,491352,272,334,2,1800,1.81437125749
490838,491100,491434,262,334,2,1800,1.78443113772
491023,491193,491525,170,332,2,1800,1.51204819277
491105,491363,491689,258,326,2,1800,1.79141104294
491197,491445,491759,248,314,2,1800,1.7898089172
491360,491536,491862,176,326,2,1800,1.53987730061
491441,491701,491996,260,295,2,1800,1.8813559322
491534,491771,492058,237,287,2,1800,1.82578397213
491621,507434,536240,15813,28806,1,28800,1.54894813581
491706,491838,492119,132,281,2,1800,1.46975088968
491752,491759,492589,7,830,8,3600,1.00843373494
491768,491873,492207,105,334,2,1800,1.31437125749
491831,491889,494626,58,2737,2,7200,1.02119108513
491869,491951,492284,82,333,2,1800,1.24624624625
491879,491973,494945,94,2972,2,7200,1.03162853297
491943,492007,495078,64,3071,2,7200,1.02084011723
491963,492017,495019,54,3002,2,7200,1.01798800799
492009,492069,495087,60,3018,2,7200,1.01988071571
492022,492106,492439,84,333,2,1800,1.25225225225
492073,492111,492446,38,335,2,1800,1.11343283582
492096,492125,495124,29,2999,2,7200,1.00966988996
492098,492132,495239,34,3107,2,7200,1.01094303186
492116,492174,495288,58,3114,2,7200,1.01862556198
492134,492190,492524,56,334,2,1800,1.16766467066
492164,492219,495233,55,3014,2,7200,1.01824817518
492182,492295,495375,113,3080,2,7200,1.03668831169
492216,492330,492662,114,332,2,1800,1.34337349398
492297,492353,492682,56,329,2,1800,1.17021276596
492321,492450,495472,129,3022,2,7200,1.04268696228
492345,492457,495593,112,3136,2,7200,1.03571428571
492451,492529,492860,78,331,2,1800,1.23564954683
492451,492463,495554,12,3091,2,7200,1.00388223876
492462,492536,492869,74,333,2,1800,1.22222222222
492517,492673,495718,156,3045,2,7200,1.05123152709
492535,492693,493032,158,339,2,1800,1.46607669617
492679,492794,493132,115,338,2,1800,1.34023668639
492689,492865,493205,176,340,2,1800,1.51764705882
492785,492872,495887,87,3015,2,7200,1.02885572139
492854,492880,496084,26,3204,2,7200,1.00811485643
492874,492919,493262,45,343,2,1800,1.13119533528
492885,493043,493381,158,338,2,1800,1.4674556213
492909,493144,496123,235,2979,2,7200,1.07888553206
493047,493216,493557,169,341,2,1800,1.49560117302
493148,493274,493605,126,331,2,1800,1.38066465257
493220,493393,493725,173,332,2,1800,1.52108433735
493271,493568,493898,297,330,2,1800,1.9
493393,493617,493946,224,329,2,1800,1.68085106383
493530,501122,507414,7592,6292,2,28800,2.20661157025
493566,493736,494073,170,337,2,1800,1.50445103858
493617,493909,494236,292,327,2,1800,1.89296636086
493739,493957,494289,218,332,2,1800,1.65662650602
493912,494085,494421,173,336,2,1800,1.51488095238
493952,494247,494586,295,339,2,1800,1.87020648968
494001,494007,494822,6,815,8,3600,1.00736196319
494080,494091,495029,11,938,8,1800,1.01172707889
494085,494300,494642,215,342,2,1800,1.62865497076
494251,494432,494771,181,339,2,1800,1.53392330383
494261,494267,496331,6,2064,8,3600,1.00290697674
494302,494597,494937,295,340,2,1800,1.86764705882
494435,494637,494964,202,327,2,1800,1.61773700306
494599,494653,494975,54,322,2,1800,1.16770186335
494629,494782,497820,153,3038,2,7200,1.05036208032
494651,494948,495266,297,318,2,1800,1.93396226415
494676,500498,543745,5822,43247,12,43200,1.13462205471
494709,500504,510296,5795,9792,12,43200,1.59180964052
494731,500509,510256,5778,9747,12,43200,1.59279778393
494784,494957,495279,173,322,2,1800,1.53726708075
494921,507426,521834,12505,14408,2,14400,1.86792059967
494948,494987,498083,39,3096,2,7200,1.01259689922
494948,494976,495296,28,320,2,1800,1.0875
494979,495031,495345,52,314,2,1800,1.16560509554
494990,495089,495409,99,320,2,1800,1.309375
495021,495098,498125,77,3027,2,7200,1.02543772712
495081,495135,498008,54,2873,2,7200,1.01879568395
495096,495244,498099,148,2855,2,7200,1.05183887916
495126,495251,498281,125,3030,2,7200,1.04125412541
495234,495277,498083,43,2806,2,7200,1.01532430506
495249,495291,498483,42,3192,2,7200,1.01315789474
495276,495300,495644,24,344,2,1800,1.06976744186
495287,495308,495642,21,334,2,1800,1.0628742515
495291,495357,498389,66,3032,2,7200,1.02176781003
495308,495387,495724,79,337,2,1800,1.23442136499
495359,495420,495762,61,342,2,1800,1.1783625731
495378,495483,498506,105,3023,2,7200,1.03473370824
495421,495565,495903,144,338,2,1800,1.42603550296
495475,495604,498572,129,2968,2,7200,1.04346361186
495556,495660,498614,104,2954,2,7200,1.03520649966
495595,495653,498658,58,3005,2,7200,1.01930116473
495657,495729,496064,72,335,2,1800,1.21492537313
495657,495736,496083,79,347,2,1800,1.22766570605
495719,495773,498727,54,2954,2,7200,1.0182802979
495739,495899,496246,160,347,2,1800,1.46109510086
495770,495915,496260,145,345,2,1800,1.42028985507
495891,496075,499248,184,3173,2,7200,1.05798928459
495914,496094,496438,180,344,2,1800,1.52325581395
495988,495994,498868,6,2874,8,3600,1.00208768267
496077,496100,496444,23,344,2,1800,1.06686046512
496088,496135,499172,47,3037,2,7200,1.01547579849
496098,496257,496570,159,313,2,1800,1.50798722045
496124,496271,499356,147,3085,2,7200,1.04764991896
496262,496449,496790,187,341,2,1800,1.54838709677
496273,496456,496794,183,338,2,1800,1.54142011834
496447,496581,496920,134,339,2,1800,1.39528023599
496458,496801,497139,343,338,2,1800,2.01479289941
496581,496808,497147,227,339,2,1800,1.66961651917
496806,496931,497266,125,335,2,1800,1.37313432836
496806,497151,497481,345,330,2,1800,2.04545454545
496932,497157,497482,225,325,2,1800,1.69230769231
497147,497277,497597,130,320,2,1800,1.40625
497157,497492,497804,335,312,2,1800,2.07371794872
497280,497499,497807,219,308,2,1800,1.71103896104
497495,497608,497895,113,287,2,1800,1.393728223
497496,497815,498086,319,271,2,1800,2.17712177122
497609,497822,498091,213,269,2,1800,1.79182156134
497610,500598,500976,2988,378,1,7200,8.90476190476
497610,501202,501415,3592,213,1,7200,17.8638497653
497610,501431,501606,3821,175,1,7200,22.8342857143
497610,501622,501823,4012,201,1,7200,20.960199005
497610,500992,501186,3382,194,1,7200,18.4329896907
497611,502008,502182,4397,174,1,7200,26.2701149425
497611,502560,502726,4949,166,1,7200,30.813253012
497611,502390,502544,4779,154,1,7200,32.0324675325
497611,502197,502374,4586,177,1,7200,26.9096045198
497611,501838,501993,4227,155,1,7200,28.2709677419
497813,497832,498172,19,340,2,1800,1.05588235294
497821,497906,500996,85,3090,2,7200,1.02750809061
497834,498019,498353,185,334,2,1800,1.55389221557
497906,498094,498429,188,335,2,1800,1.56119402985
498011,498100,501056,89,2956,2,7200,1.0301082544
498086,498105,501103,19,2998,2,7200,1.00633755837
498087,498112,501137,25,3025,2,7200,1.00826446281
498101,498118,498452,17,334,2,1800,1.05089820359
498102,498136,501314,34,3178,2,7200,1.01069855255
498122,498183,498515,61,332,2,1800,1.18373493976
498126,498293,501333,167,3040,2,7200,1.05493421053
498183,498364,498695,181,331,2,1800,1.54682779456
498283,498400,501177,117,2777,2,7200,1.0421317969
498368,498440,498772,72,332,2,1800,1.21686746988
498392,498463,501682,71,3219,2,7200,1.0220565393
498440,498494,498826,54,332,2,1800,1.16265060241
498460,498517,498845,57,328,2,1800,1.1737804878
498485,498527,501508,42,2981,2,7200,1.0140892318
498506,498583,501671,77,3088,2,7200,1.02493523316
498532,498625,498958,93,333,2,1800,1.27927927928
498573,498669,501762,96,3093,2,7200,1.03103782735
498615,498706,501763,91,3057,2,7200,1.02976774616
498660,498738,501553,78,2815,2,7200,1.02770870337
498707,498783,499130,76,347,2,1800,1.21902017291
498729,498837,502003,108,3166,2,7200,1.03411244473
498779,498856,499197,77,341,2,1800,1.22580645161
498841,498970,499312,129,342,2,1800,1.37719298246
498862,499141,499483,279,342,2,1800,1.81578947368
498974,499184,499522,210,338,2,1800,1.62130177515
499138,499208,499542,70,334,2,1800,1.20958083832
499176,499259,502310,83,3051,2,7200,1.02720419535
499210,499323,499656,113,333,2,1800,1.33933933934
499248,499367,502465,119,3098,2,7200,1.03841187863
499323,499494,499825,171,331,2,1800,1.5166163142
499357,499533,502579,176,3046,2,7200,1.05778069599
499497,499553,499882,56,329,2,1800,1.17021276596
499539,499668,499998,129,330,2,1800,1.39090909091
499549,499837,500166,288,329,2,1800,1.87537993921
499672,499893,500229,221,336,2,1800,1.65773809524
499836,500009,500342,173,333,2,1800,1.51951951952
499898,500177,500518,279,341,2,1800,1.81818181818
500011,500240,500582,229,342,2,1800,1.66959064327
500175,500353,500692,178,339,2,1800,1.52507374631
500236,500561,500897,325,336,2,1800,1.96726190476
500349,500604,500941,255,337,2,1800,1.75667655786
500564,500703,501035,139,332,2,1800,1.4186746988
500606,500908,501222,302,314,2,1800,1.96178343949
500708,500952,501271,244,319,2,1800,1.76489028213
500913,501007,501330,94,323,2,1800,1.29102167183
500954,501047,501365,93,318,2,1800,1.29245283019
500999,501067,504234,68,3167,2,7200,1.02147142406
501047,501115,501442,68,327,2,1800,1.20795107034
501059,501148,504341,89,3193,2,7200,1.02787347322
501104,501188,504336,84,3148,2,7200,1.02668360864
501140,501233,504335,93,3102,2,7200,1.02998065764
501179,501282,504317,103,3035,2,7200,1.03393739703
501231,501325,501652,94,327,2,1800,1.2874617737
501283,501341,501672,58,331,2,1800,1.1752265861
501315,501348,504234,33,2886,2,7200,1.01143451143
501336,501376,504578,40,3202,2,7200,1.01249219238
501344,501453,501792,109,339,2,1800,1.3215339233
501376,501519,501855,143,336,2,1800,1.4255952381
501458,501564,501907,106,343,2,1800,1.30903790087
501511,501663,504714,152,3051,2,7200,1.04981973124
501556,501682,504947,126,3265,2,7200,1.03859111792
501662,501689,502033,27,344,2,1800,1.07848837209
501674,501695,504779,21,3084,2,7200,1.00680933852
501689,501773,505015,84,3242,2,7200,1.02590993214
501694,501779,502123,85,344,2,1800,1.24709302326
501765,501803,505052,38,3249,2,7200,1.01169590643
501766,501866,504886,100,3020,2,7200,1.03311258278
501806,501918,502267,112,349,2,1800,1.32091690544
501868,502015,502361,147,346,2,1800,1.42485549133
501920,502044,502393,124,349,2,1800,1.3553008596
502004,502134,505247,130,3113,2,7200,1.04176035978
502043,502279,502625,236,346,2,1800,1.68208092486
502135,502322,502635,187,313,2,1800,1.59744408946
502279,502372,502715,93,343,2,1800,1.27113702624
502312,502405,505521,93,3116,2,7200,1.02984595635
502371,502476,502826,105,350,2,1800,1.3
502402,502590,502928,188,338,2,1800,1.55621301775
502466,502636,505668,170,3032,2,7200,1.05606860158
502580,502646,505893,66,3247,2,7200,1.02032645519
502638,502726,503063,88,337,2,1800,1.26112759644
502648,502838,503172,190,334,2,1800,1.56886227545
502731,502939,503271,208,332,2,1800,1.6265060241
502843,503075,503402,232,327,2,1800,1.70948012232
502936,503183,503503,247,320,2,1800,1.771875
503079,503282,503597,203,315,2,1800,1.64444444444
503182,503413,503709,231,296,2,1800,1.78040540541
503284,503515,503803,231,288,2,1800,1.80208333333
503418,503608,503886,190,278,2,1800,1.68345323741
503520,503721,503990,201,269,2,1800,1.74721189591
503613,503815,504081,202,266,2,1800,1.75939849624
503725,503897,504231,172,334,2,1800,1.51497005988
503818,504001,504339,183,338,2,1800,1.54142011834
503900,504092,504426,192,334,2,1800,1.5748502994
504003,504243,504574,240,331,2,1800,1.7250755287
504095,504249,504592,154,343,2,1800,1.44897959184
504238,504255,507258,17,3003,2,7200,1.00566100566
504239,504328,507419,89,3091,2,7200,1.02879327079
504259,504347,504676,88,329,2,1800,1.26747720365
504317,504353,507278,36,2925,2,7200,1.01230769231
504339,504359,507460,20,3101,2,7200,1.00644953241
504340,504365,507206,25,2841,2,7200,1.00879971841
504355,504437,507439,82,3002,2,7200,1.02731512325
504361,504585,504916,224,331,2,1800,1.67673716012
504433,504592,504924,159,332,2,1800,1.47891566265
504581,504603,507515,22,2912,2,7200,1.00755494505
504597,504687,505015,90,328,2,1800,1.2743902439
504608,504725,505058,117,333,2,1800,1.35135135135
504690,504790,505131,100,341,2,1800,1.29325513196
504717,504897,507981,180,3084,2,7200,1.05836575875
504780,504928,507962,148,3034,2,7200,1.0487804878
504888,504935,507980,47,3045,2,7200,1.01543513957
504925,504958,505299,33,341,2,1800,1.09677419355
504936,505026,505366,90,340,2,1800,1.26470588235
504949,505032,508138,83,3106,2,7200,1.02672247263
505018,505063,507919,45,2856,2,7200,1.01575630252
505028,505070,505410,42,340,2,1800,1.12352941176
505054,505142,508013,88,2871,2,7200,1.030651341
505070,505258,505598,188,340,2,1800,1.55294117647
505142,505310,505643,168,333,2,1800,1.5045045045
505250,505378,508357,128,2979,2,7200,1.04296743874
505316,505421,505758,105,337,2,1800,1.3115727003
505377,505532,505864,155,332,2,1800,1.46686746988
505419,505609,505942,190,333,2,1800,1.57057057057
505525,505654,508839,129,3185,2,7200,1.04050235479
505538,507520,507522,1982,2,2,3540,198.4
505613,505679,506012,66,333,2,1800,1.1981981982
505654,505769,506098,115,329,2,1800,1.34954407295
505670,505875,508882,205,3007,2,7200,1.06817426006
505767,505904,506235,137,331,2,1800,1.41389728097
505880,505954,506285,74,331,2,1800,1.22356495468
505896,506023,509191,127,3168,2,7200,1.04008838384
505952,506109,506449,157,340,2,1800,1.46176470588
506024,506247,506588,223,341,2,1800,1.65395894428
506106,506296,506634,190,338,2,1800,1.56213017751
506249,506461,506798,212,337,2,1800,1.62908011869
506301,506599,506938,298,339,2,1800,1.8790560472
506465,506645,506982,180,337,2,1800,1.53412462908
506598,506809,507137,211,328,2,1800,1.64329268293
506649,506950,507275,301,325,2,1800,1.92615384615
506813,506993,507314,180,321,2,1800,1.56074766355
506947,507148,507465,201,317,2,1800,1.63406940063
506998,507217,507537,219,320,2,1800,1.684375
507152,507269,507592,117,323,2,1800,1.36222910217
507207,507287,510499,80,3212,2,7200,1.02490660025
507261,507293,510189,32,2896,2,7200,1.01104972376
507279,507325,510407,46,3082,2,7200,1.01492537313
507295,507440,507782,145,342,2,1800,1.42397660819
507326,507452,507790,126,338,2,1800,1.37278106509
507420,507471,510534,51,3063,2,7200,1.0166503428
507441,507477,510472,36,2995,2,7200,1.01202003339
507463,507526,510545,63,3019,2,7200,1.02086783703
507480,507548,507886,68,338,2,1800,1.20118343195
507517,507603,510403,86,2800,2,7200,1.03071428571
507552,507793,508126,241,333,2,1800,1.72372372372
507603,507802,508147,199,345,2,1800,1.5768115942
507789,507897,508243,108,346,2,1800,1.31213872832
507800,507930,508283,130,353,2,1800,1.36827195467
507902,507973,508317,71,344,2,1800,1.20639534884
507921,507991,511068,70,3077,2,7200,1.02274943126
507963,507998,511208,35,3210,2,7200,1.01090342679
507984,508024,510972,40,2948,2,7200,1.01356852103
507985,508137,511011,152,2874,2,7200,1.05288796103
508016,508149,511346,133,3197,2,7200,1.04160150141
508138,508158,508503,20,345,2,1800,1.05797101449
508139,508254,511351,115,3097,2,7200,1.03713270907
508158,508294,508639,136,345,2,1800,1.39420289855
508251,508328,508665,77,337,2,1800,1.22848664688
508292,508368,508711,76,343,2,1800,1.22157434402
508333,508514,508855,181,341,2,1800,1.53079178886
508359,508650,511791,291,3141,2,7200,1.09264565425
508518,508676,509011,158,335,2,1800,1.47164179104
508651,508722,509056,71,334,2,1800,1.2125748503
508672,508850,509180,178,330,2,1800,1.53939393939
508723,508866,509184,143,318,2,1800,1.44968553459
508842,508893,511984,51,3091,2,7200,1.01649951472
508867,509022,509329,155,307,2,1800,1.50488599349
508884,509067,511941,183,2874,2,7200,1.0636743215
509020,509192,509490,172,298,2,1800,1.57718120805
509072,509198,509491,126,293,2,1800,1.43003412969
509194,509204,512237,10,3033,2,7200,1.00329706561
509195,509340,509627,145,287,2,1800,1.50522648084
509205,509502,509771,297,269,2,1800,2.10408921933
509339,509507,509785,168,278,2,1800,1.60431654676
509503,509783,510044,280,261,2,1800,2.07279693487
509503,509638,509909,135,271,2,1800,1.49815498155
509636,509797,510130,161,333,2,1800,1.48348348348
509782,509920,510253,138,333,2,1800,1.41441441441
509803,510055,510396,252,341,2,1800,1.73900293255
509926,510141,510483,215,342,2,1800,1.62865497076
510059,510200,510533,141,333,2,1800,1.42342342342
510141,510264,510600,123,336,2,1800,1.36607142857
510203,510407,510737,204,330,2,1800,1.61818181818
510264,510415,510744,151,329,2,1800,1.45896656535
510278,510307,546111,29,35804,12,43200,1.00080996537
510408,510421,510747,13,326,2,1800,1.03987730061
510410,510883,520571,473,9688,12,21600,1.04882328654
510418,510483,510814,65,331,2,1800,1.19637462236
510419,510494,510836,75,342,2,1800,1.21929824561
510481,510510,510850,29,340,2,1800,1.08529411765
510491,510544,510884,53,340,2,1800,1.15588235294
510512,510550,510896,38,346,2,1800,1.1098265896
510543,510556,510898,13,342,2,1800,1.03801169591
510554,510611,510946,57,335,2,1800,1.17014925373
510554,510748,511084,194,336,2,1800,1.57738095238
510616,510755,511093,139,338,2,1800,1.41124260355
510749,510761,511095,12,334,2,1800,1.03592814371
510760,510825,511155,65,330,2,1800,1.19696969697
510760,510847,511176,87,329,2,1800,1.26443768997
510822,510861,511194,39,333,2,1800,1.11711711712
510843,510896,511226,53,330,2,1800,1.16060606061
510864,510907,511244,43,337,2,1800,1.12759643917
510895,510913,511255,18,342,2,1800,1.05263157895
510905,510957,511296,52,339,2,1800,1.15339233038
510916,510983,511321,67,338,2,1800,1.19822485207
510957,511022,511362,65,340,2,1800,1.19117647059
510988,511079,511420,91,341,2,1800,1.26686217009
511019,511095,511439,76,344,2,1800,1.22093023256
511081,511104,511427,23,323,2,1800,1.07120743034
511091,511110,511431,19,321,2,1800,1.05919003115
511102,511166,511485,64,319,2,1800,1.20062695925
511113,511187,511513,74,326,2,1800,1.22699386503
511164,511205,511531,41,326,2,1800,1.12576687117
511185,511219,511556,34,337,2,1800,1.10089020772
511206,511237,511579,31,342,2,1800,1.09064327485
511217,511255,511593,38,338,2,1800,1.1124260355
511238,511266,511610,28,344,2,1800,1.08139534884
511258,511308,511649,50,341,2,1800,1.14662756598
511269,511332,511678,63,346,2,1800,1.18208092486
511310,511357,511706,47,349,2,1800,1.13467048711
511331,511363,511715,32,352,2,1800,1.09090909091
511362,511373,511717,11,344,2,1800,1.03197674419
511363,511431,511783,68,352,2,1800,1.19318181818
511373,511438,511774,65,336,2,1800,1.19345238095
511435,511451,511787,16,336,2,1800,1.04761904762
511435,511445,511779,10,334,2,1800,1.02994011976
511446,511497,511824,51,327,2,1800,1.15596330275
511457,511524,511837,67,313,2,1800,1.21405750799
511498,511542,511845,44,303,2,1800,1.14521452145
511529,511567,511867,38,300,2,1800,1.12666666667
511539,511590,511886,51,296,2,1800,1.1722972973
511571,511604,511893,33,289,2,1800,1.11418685121
511591,511621,511908,30,287,2,1800,1.10452961672
511602,511660,511940,58,280,2,1800,1.20714285714
511623,511689,511948,66,259,2,1800,1.25482625483
511664,511717,511989,53,272,2,1800,1.19485294118
511685,511726,511998,41,272,2,1800,1.15073529412
511716,511732,511994,16,262,2,1800,1.06106870229
511727,511791,512127,64,336,2,1800,1.19047619048
511737,511785,512121,48,336,2,1800,1.14285714286
511789,511797,512130,8,333,2,1800,1.02402402402
511789,511803,512135,14,332,2,1800,1.0421686747
511800,511836,512172,36,336,2,1800,1.10714285714
511800,511809,512143,9,334,2,1800,1.02694610778
511811,511848,512178,37,330,2,1800,1.11212121212
511832,511856,512186,24,330,2,1800,1.07272727273
511852,511878,512212,26,334,2,1800,1.07784431138
511853,511897,512229,44,332,2,1800,1.13253012048
511874,511904,512245,30,341,2,1800,1.08797653959
511895,511919,512272,24,353,2,1800,1.06798866856
511905,511951,512292,46,341,2,1800,1.1348973607
511916,511957,512298,41,341,2,1800,1.12023460411
511947,511963,512301,16,338,2,1800,1.04733727811
511958,511996,512339,38,343,2,1800,1.11078717201
511968,512002,512340,34,338,2,1800,1.10059171598
511999,512008,512341,9,333,2,1800,1.02702702703
512000,512014,512344,14,330,2,1800,1.04242424242
512010,512132,512461,122,329,2,1800,1.37082066869
512011,512139,512466,128,327,2,1800,1.39143730887
512134,512145,512482,11,337,2,1800,1.03264094955
512144,512151,512479,7,328,2,1800,1.02134146341
512145,512157,512504,12,347,2,1800,1.03458213256
512155,512183,512525,28,342,2,1800,1.08187134503
512156,512189,512528,33,339,2,1800,1.09734513274
512187,512223,512565,36,342,2,1800,1.10526315789
512187,512197,512536,10,339,2,1800,1.02949852507
512198,512240,512584,42,344,2,1800,1.12209302326
512219,512248,512592,29,344,2,1800,1.08430232558
512239,512256,512583,17,327,2,1800,1.05198776758
512250,512283,512607,33,324,2,1800,1.10185185185
512261,512304,512616,43,312,2,1800,1.13782051282
512283,512310,512631,27,321,2,1800,1.08411214953
512304,512316,512640,12,324,2,1800,1.03703703704
512315,512351,512676,36,325,2,1800,1.11076923077
512315,512357,512697,42,340,2,1800,1.12352941176
512356,512363,512707,7,344,2,1800,1.02034883721
512357,512368,512705,11,337,2,1800,1.03264094955
512367,512472,512821,105,349,2,1800,1.30085959885
512368,512478,512821,110,343,2,1800,1.32069970845
512470,512496,512835,26,339,2,1800,1.07669616519
512481,512490,512834,9,344,2,1800,1.0261627907
512492,512516,512860,24,344,2,1800,1.06976744186
512492,512536,512883,44,347,2,1800,1.12680115274
512513,512542,512876,29,334,2,1800,1.08682634731
512534,512548,512869,14,321,2,1800,1.04361370717
512544,512576,512882,32,306,2,1800,1.1045751634
512545,512594,512891,49,297,2,1800,1.16498316498
512576,512600,512897,24,297,2,1800,1.08080808081
512597,512618,512903,21,285,2,1800,1.07368421053
512597,512606,512893,9,287,2,1800,1.03135888502
512608,512627,512909,19,282,2,1800,1.06737588652
512618,512642,512918,24,276,2,1800,1.08695652174
512629,512651,512927,22,276,2,1800,1.07971014493
512640,512687,512956,47,269,2,1800,1.17472118959
512650,512708,512969,58,261,2,1800,1.22222222222
512691,512717,512974,26,257,2,1800,1.10116731518
512712,512723,512983,11,260,2,1800,1.04230769231
512713,512832,513097,119,265,2,1800,1.44905660377
512724,512837,513177,113,340,2,1800,1.33235294118
512836,512845,513177,9,332,2,1800,1.02710843373
512837,512851,513187,14,336,2,1800,1.04166666667
512847,512871,513206,24,335,2,1800,1.07164179104
512848,512880,513214,32,334,2,1800,1.09580838323
512869,512893,513227,24,334,2,1800,1.07185628743
512879,512887,513225,8,338,2,1800,1.02366863905
512890,512906,513238,16,332,2,1800,1.04819277108
512890,512899,513236,9,337,2,1800,1.02670623145
512901,512912,513246,11,334,2,1800,1.03293413174
512911,512918,513252,7,334,2,1800,1.02095808383
512912,512923,513258,11,335,2,1800,1.0328358209
512923,512935,513278,12,343,2,1800,1.03498542274
512923,512930,513268,7,338,2,1800,1.02071005917
512934,512941,513284,7,343,2,1800,1.02040816327
512934,512967,513309,33,342,2,1800,1.09649122807
512945,512980,513305,35,325,2,1800,1.10769230769
512965,512986,513279,21,293,2,1800,1.07167235495
512976,512995,513264,19,269,2,1800,1.07063197026
512987,513188,513461,201,273,2,1800,1.73626373626
512997,513108,513382,111,274,2,1800,1.40510948905
513110,513194,513449,84,255,2,1800,1.32941176471
513192,513200,513460,8,260,2,1800,1.03076923077
513193,513217,513492,24,275,2,1800,1.08727272727
513203,513225,513503,22,278,2,1800,1.07913669065
513214,513236,513524,22,288,2,1800,1.07638888889
513225,513242,513550,17,308,2,1800,1.05519480519
513235,513249,513561,14,312,2,1800,1.04487179487
513246,513255,513562,9,307,2,1800,1.02931596091
513247,513261,513573,14,312,2,1800,1.04487179487
513257,513267,513611,10,344,2,1800,1.02906976744
513258,513273,513604,15,331,2,1800,1.04531722054
513269,513279,513605,10,326,2,1800,1.03067484663
513269,513285,513607,16,322,2,1800,1.04968944099
513280,513291,513615,11,324,2,1800,1.03395061728
513290,513297,513616,7,319,2,1800,1.02194357367
513291,513303,513624,12,321,2,1800,1.03738317757
513301,513323,513652,22,329,2,1800,1.06686930091
513302,513317,513650,15,333,2,1800,1.04504504505
513313,513393,513727,80,334,2,1800,1.23952095808
513323,513478,513816,155,338,2,1800,1.45857988166
513395,513461,513805,66,344,2,1800,1.19186046512
513457,513471,513818,14,347,2,1800,1.04034582133
513468,513503,513847,35,344,2,1800,1.10174418605
513478,513515,513856,37,341,2,1800,1.10850439883
513499,513535,513863,36,328,2,1800,1.10975609756
513520,513562,513890,42,328,2,1800,1.12804878049
513531,513572,513894,41,322,2,1800,1.12732919255
513562,513578,513903,16,325,2,1800,1.04923076923
513572,513585,513909,13,324,2,1800,1.04012345679
513583,513615,513924,32,309,2,1800,1.10355987055
513583,513621,513936,38,315,2,1800,1.12063492063
513615,513627,513936,12,309,2,1800,1.03883495146
513625,513634,513940,9,306,2,1800,1.02941176471
513626,513639,513947,13,308,2,1800,1.04220779221
513636,513645,513953,9,308,2,1800,1.02922077922
513637,513651,513955,14,304,2,1800,1.04605263158
513647,513661,513961,14,300,2,1800,1.04666666667
513648,513667,513954,19,287,2,1800,1.06620209059
513658,513739,514031,81,292,2,1800,1.27739726027
513669,513816,514159,147,343,2,1800,1.42857142857
513741,513833,514169,92,336,2,1800,1.27380952381
513813,513827,514159,14,332,2,1800,1.0421686747
513824,513858,514195,34,337,2,1800,1.10089020772
513834,513867,514207,33,340,2,1800,1.09705882353
513855,513875,514209,20,334,2,1800,1.05988023952
513866,513901,514236,35,335,2,1800,1.10447761194
513876,513908,514241,32,333,2,1800,1.0960960961
513897,513914,514247,17,333,2,1800,1.05105105105
513908,513920,514251,12,331,2,1800,1.03625377644
513919,513935,514267,16,332,2,1800,1.04819277108
513919,513947,514278,28,331,2,1800,1.08459214502
513940,513953,514288,13,335,2,1800,1.03880597015
513951,513959,514301,8,342,2,1800,1.02339181287
513951,513965,514307,14,342,2,1800,1.04093567251
513962,513977,514296,15,319,2,1800,1.04702194357
513962,513972,514309,10,337,2,1800,1.0296735905
513973,513983,514305,10,322,2,1800,1.03105590062
513973,513989,514266,16,277,2,1800,1.05776173285
513984,514042,514306,58,264,2,1800,1.2196969697
513985,514170,514441,185,271,2,1800,1.68265682657
514046,514176,514443,130,267,2,1800,1.48689138577
514169,514182,514440,13,258,2,1800,1.0503875969
514180,514217,514484,37,267,2,1800,1.13857677903
514180,514206,514470,26,264,2,1800,1.09848484848
514211,514224,514505,13,281,2,1800,1.0462633452
514222,514247,514529,25,282,2,1800,1.08865248227
514222,514253,514555,31,302,2,1800,1.10264900662
514243,514259,514566,16,307,2,1800,1.05211726384
514254,514265,514573,11,308,2,1800,1.03571428571
514264,514277,514629,13,352,2,1800,1.03693181818
514265,514283,514622,18,339,2,1800,1.05309734513
514276,514289,514612,13,323,2,1800,1.04024767802
514286,514300,514623,14,323,2,1800,1.04334365325
514287,514307,514629,20,322,2,1800,1.06211180124
514297,514313,514632,16,319,2,1800,1.05015673981
514308,514319,514650,11,331,2,1800,1.0332326284
514318,514325,514650,7,325,2,1800,1.02153846154
514319,514331,514664,12,333,2,1800,1.03603603604
514330,514337,514671,7,334,2,1800,1.02095808383
514330,514451,514790,121,339,2,1800,1.35693215339
514341,514457,514803,116,346,2,1800,1.33526011561
514453,514463,514806,10,343,2,1800,1.02915451895
514454,514482,514807,28,325,2,1800,1.08615384615
514464,514495,514833,31,338,2,1800,1.09171597633
514485,514517,514846,32,329,2,1800,1.09726443769
514496,514541,514866,45,325,2,1800,1.13846153846
514517,514566,514892,49,326,2,1800,1.15030674847
514537,514577,514902,40,325,2,1800,1.12307692308
514568,514584,514906,16,322,2,1800,1.04968944099
514579,514623,514944,44,321,2,1800,1.13707165109
514590,514639,514955,49,316,2,1800,1.15506329114
514621,514633,514943,12,310,2,1800,1.03870967742
514631,514645,514963,14,318,2,1800,1.04402515723
514642,514652,514961,10,309,2,1800,1.03236245955
514643,514658,514965,15,307,2,1800,1.04885993485
514653,514664,514971,11,307,2,1800,1.03583061889
514654,514670,514968,16,298,2,1800,1.05369127517
514664,514676,514966,12,290,2,1800,1.04137931034
514675,514682,514953,7,271,2,1800,1.0258302583
514675,514802,515141,127,339,2,1800,1.37463126844
514686,514814,515147,128,333,2,1800,1.38438438438
514799,514821,515155,22,334,2,1800,1.06586826347
514819,514827,515160,8,333,2,1800,1.02402402402
514820,514844,515178,24,334,2,1800,1.07185628743
514831,514857,515188,26,331,2,1800,1.07854984894
514841,514877,515211,36,334,2,1800,1.10778443114
514862,514903,515236,41,333,2,1800,1.12312312312
514873,514913,515243,40,330,2,1800,1.12121212121
514904,514920,515253,16,333,2,1800,1.04804804805
514914,514960,515292,46,332,2,1800,1.13855421687
514925,514954,515282,29,328,2,1800,1.08841463415
514956,514966,515301,10,335,2,1800,1.02985074627
514956,514972,515312,16,340,2,1800,1.04705882353
514967,514984,515315,17,331,2,1800,1.05135951662
514967,514979,515316,12,337,2,1800,1.03560830861
514978,514990,515324,12,334,2,1800,1.03592814371
514989,515002,515315,13,313,2,1800,1.04153354633
514989,514996,515310,7,314,2,1800,1.02229299363
515000,515008,515302,8,294,2,1800,1.02721088435
515000,515152,515420,152,268,2,1800,1.5671641791
515011,515159,515433,148,274,2,1800,1.5401459854
515154,515166,515428,12,262,2,1800,1.04580152672
515165,515172,515442,7,270,2,1800,1.02592592593
515165,515189,515454,24,265,2,1800,1.09056603774
515176,515200,515466,24,266,2,1800,1.09022556391
515186,515222,515495,36,273,2,1800,1.13186813187
515197,515247,515542,50,295,2,1800,1.16949152542
515218,515254,515554,36,300,2,1800,1.12
515249,515264,515570,15,306,2,1800,1.04901960784
515260,515303,515631,43,328,2,1800,1.13109756098
515260,515293,515629,33,336,2,1800,1.09821428571
515291,515312,515637,21,325,2,1800,1.06461538462
515302,515318,515633,16,315,2,1800,1.05079365079
515312,515324,515646,12,322,2,1800,1.03726708075
515323,515336,515645,13,309,2,1800,1.04207119741
515323,515330,515644,7,314,2,1800,1.02229299363
515334,515342,515653,8,311,2,1800,1.02572347267
515334,515348,515674,14,326,2,1800,1.04294478528
515345,515354,515682,9,328,2,1800,1.02743902439
515345,515431,515749,86,318,2,1800,1.27044025157
515356,515445,515767,89,322,2,1800,1.27639751553
515428,515439,515753,11,314,2,1800,1.03503184713
515438,515453,515768,15,315,2,1800,1.04761904762
515449,515466,515803,17,337,2,1800,1.05044510386
515449,515477,515811,28,334,2,1800,1.08383233533
515470,515506,515839,36,333,2,1800,1.10810810811
515481,515553,515873,72,320,2,1800,1.225
515512,515565,515892,53,327,2,1800,1.1620795107
515553,515582,515911,29,329,2,1800,1.08814589666
515564,515640,515955,76,315,2,1800,1.24126984127
515584,515646,515959,62,313,2,1800,1.19808306709
515636,515652,515967,16,315,2,1800,1.05079365079
515647,515658,515962,11,304,2,1800,1.03618421053
515647,515664,515968,17,304,2,1800,1.05592105263
515658,515670,515977,12,307,2,1800,1.03908794788
515668,515676,515976,8,300,2,1800,1.02666666667
515669,515682,515984,13,302,2,1800,1.04304635762
515679,515688,515981,9,293,2,1800,1.03071672355
515680,515694,515971,14,277,2,1800,1.05054151625
515690,515760,516099,70,339,2,1800,1.20648967552
515691,515766,516099,75,333,2,1800,1.22522522523
515763,515784,516112,21,328,2,1800,1.06402439024
515763,515778,516108,15,330,2,1800,1.04545454545
515774,515817,516150,43,333,2,1800,1.12912912913
515777,515790,515791,13,1,1,240,1.4
515784,515824,516154,40,330,2,1800,1.12121212121
515815,515850,516177,35,327,2,1800,1.10703363914
515826,515885,516214,59,329,2,1800,1.17933130699
515847,515904,516241,57,337,2,1800,1.16913946588
515888,515922,516249,34,327,2,1800,1.10397553517
515909,515966,516294,57,328,2,1800,1.1737804878
515920,515973,516304,53,331,2,1800,1.16012084592
515971,515979,516306,8,327,2,1800,1.0244648318
515972,515984,516317,12,333,2,1800,1.03603603604
515982,515991,516330,9,339,2,1800,1.02654867257
515983,515996,516317,13,321,2,1800,1.04049844237
515993,516002,516311,9,309,2,1800,1.02912621359
515994,516008,516318,14,310,2,1800,1.04516129032
516004,516014,516324,10,310,2,1800,1.03225806452
516005,516020,516329,15,309,2,1800,1.04854368932
516015,516110,516395,95,285,2,1800,1.33333333333
516016,516116,516393,100,277,2,1800,1.36101083032
516108,516122,516398,14,276,2,1800,1.05072463768
516119,516128,516404,9,276,2,1800,1.03260869565
516119,516161,516436,42,275,2,1800,1.15272727273
516130,516167,516438,37,271,2,1800,1.13653136531
516161,516188,516466,27,278,2,1800,1.09712230216
516171,516225,516513,54,288,2,1800,1.1875
516192,516252,516552,60,300,2,1800,1.2
516223,516260,516552,37,292,2,1800,1.12671232877
516254,516306,516624,52,318,2,1800,1.16352201258
516265,516316,516635,51,319,2,1800,1.15987460815
516306,516322,516626,16,304,2,1800,1.05263157895
516317,516328,516642,11,314,2,1800,1.03503184713
516328,516335,516636,7,301,2,1800,1.02325581395
516328,516340,516645,12,305,2,1800,1.0393442623
516339,516346,516650,7,304,2,1800,1.02302631579
516339,516352,516654,13,302,2,1800,1.04304635762
516350,516363,516673,13,310,2,1800,1.04193548387
516350,516358,516667,8,309,2,1800,1.02588996764
516361,516404,516746,43,342,2,1800,1.12573099415
516361,516410,516731,49,321,2,1800,1.15264797508
516402,516416,516737,14,321,2,1800,1.04361370717
516413,516422,516762,9,340,2,1800,1.02647058824
516413,516448,516791,35,343,2,1800,1.10204081633
516424,516454,516774,30,320,2,1800,1.09375
516445,516477,516801,32,324,2,1800,1.0987654321
516456,516524,516847,68,323,2,1800,1.21052631579
516476,516563,516892,87,329,2,1800,1.26443768997
516528,516568,516893,40,325,2,1800,1.12307692308
516559,516635,516953,76,318,2,1800,1.23899371069
516570,516642,516954,72,312,2,1800,1.23076923077
516631,516648,516963,17,315,2,1800,1.05396825397
516642,516654,516958,12,304,2,1800,1.03947368421
516653,516666,516967,13,301,2,1800,1.04318936877
516653,516660,516972,7,312,2,1800,1.02243589744
516664,516678,516968,14,290,2,1800,1.04827586207
516664,516672,516968,8,296,2,1800,1.02702702703
516675,516684,516970,9,286,2,1800,1.03146853147
516675,516690,516966,15,276,2,1800,1.05434782609
516686,516748,517074,62,326,2,1800,1.19018404908
516686,516742,517064,56,322,2,1800,1.17391304348
516738,516757,517078,19,321,2,1800,1.05919003115
516749,516773,517094,24,321,2,1800,1.07476635514
516759,516802,517118,43,316,2,1800,1.13607594937
516770,516785,517107,15,322,2,1800,1.04658385093
516781,516812,517128,31,316,2,1800,1.09810126582
516802,516859,517180,57,321,2,1800,1.17757009346
516812,516904,517221,92,317,2,1800,1.29022082019
516864,516909,517227,45,318,2,1800,1.14150943396
516905,516965,517279,60,314,2,1800,1.19108280255
516905,516971,517288,66,317,2,1800,1.20820189274
516967,516978,517295,11,317,2,1800,1.03470031546
516968,516983,517307,15,324,2,1800,1.0462962963
516978,516990,517316,12,326,2,1800,1.03680981595
516979,516995,517316,16,321,2,1800,1.04984423676
516989,517001,517318,12,317,2,1800,1.03785488959
517000,517007,517325,7,318,2,1800,1.02201257862
517001,517013,517324,12,311,2,1800,1.038585209
517011,517019,517337,8,318,2,1800,1.0251572327
517012,517075,517400,63,325,2,1800,1.19384615385
517022,517086,517381,64,295,2,1800,1.21694915254
517074,517092,517357,18,265,2,1800,1.0679245283
517084,517105,517395,21,290,2,1800,1.0724137931
517095,517118,517408,23,290,2,1800,1.07931034483
517106,517129,517411,23,282,2,1800,1.08156028369
517117,517139,517427,22,288,2,1800,1.07638888889
517127,517191,517489,64,298,2,1800,1.21476510067
517138,517232,517526,94,294,2,1800,1.31972789116
517189,517238,517549,49,311,2,1800,1.1575562701
517231,517299,517603,68,304,2,1800,1.22368421053
517241,517290,517598,49,308,2,1800,1.15909090909
517293,517306,517600,13,294,2,1800,1.04421768707
517304,517327,517631,23,304,2,1800,1.07565789474
517304,517319,517631,15,312,2,1800,1.04807692308
517315,517333,517631,18,298,2,1800,1.06040268456
517325,517340,517642,15,302,2,1800,1.04966887417
517336,517346,517660,10,314,2,1800,1.03184713376
517337,517351,517681,14,330,2,1800,1.04242424242
517347,517358,517695,11,337,2,1800,1.03264094955
517348,517368,517710,20,342,2,1800,1.05847953216
517358,517413,517753,55,340,2,1800,1.16176470588
517369,517393,517705,24,312,2,1800,1.07692307692
517390,517407,517748,17,341,2,1800,1.04985337243
517411,517425,517745,14,320,2,1800,1.04375
517411,517419,517763,8,344,2,1800,1.02325581395
517422,517438,517769,16,331,2,1800,1.04833836858
517422,517501,517819,79,318,2,1800,1.24842767296
517443,517537,517864,94,327,2,1800,1.2874617737
517505,517560,517880,55,320,2,1800,1.171875
517536,517618,517930,82,312,2,1800,1.26282051282
517557,517636,517947,79,311,2,1800,1.2540192926
517631,517647,517944,16,297,2,1800,1.05387205387
517631,517642,517950,11,308,2,1800,1.03571428571
517642,517653,517945,11,292,2,1800,1.03767123288
517643,517659,517960,16,301,2,1800,1.05315614618
517654,517665,517963,11,298,2,1800,1.03691275168
517654,517671,517967,17,296,2,1800,1.05743243243
517665,517693,517988,28,295,2,1800,1.09491525424
517676,517706,517994,30,288,2,1800,1.10416666667
517696,517723,518042,27,319,2,1800,1.08463949843
517707,517716,518038,9,322,2,1800,1.02795031056
517718,517756,518072,38,316,2,1800,1.12025316456
517728,517762,518078,34,316,2,1800,1.10759493671
517760,517769,518087,9,318,2,1800,1.02830188679
517760,517775,518094,15,319,2,1800,1.04702194357
517771,517781,518105,10,324,2,1800,1.03086419753
517771,517830,518152,59,322,2,1800,1.18322981366
517782,517875,518193,93,318,2,1800,1.29245283019
517833,517892,518210,59,318,2,1800,1.18553459119
517875,517941,518265,66,324,2,1800,1.2037037037
517895,517955,518269,60,314,2,1800,1.19108280255
517937,517961,518274,24,313,2,1800,1.07667731629
517957,517967,518292,10,325,2,1800,1.03076923077
517958,517973,518299,15,326,2,1800,1.04601226994
517969,517979,518298,10,319,2,1800,1.03134796238
517969,517985,518298,16,313,2,1800,1.05111821086
517980,517991,518319,11,328,2,1800,1.03353658537
517990,517999,518319,9,320,2,1800,1.028125
517991,518005,518320,14,315,2,1800,1.04444444444
518001,518049,518380,48,331,2,1800,1.14501510574
518002,518055,518379,53,324,2,1800,1.16358024691
518053,518083,518387,30,304,2,1800,1.09868421053
518054,518089,518363,35,274,2,1800,1.12773722628
518085,518099,518389,14,290,2,1800,1.04827586207
518085,518105,518397,20,292,2,1800,1.06849315068
518096,518116,518410,20,294,2,1800,1.06802721088
518106,518163,518454,57,291,2,1800,1.19587628866
518117,518204,518505,87,301,2,1800,1.28903654485
518168,518221,518532,53,311,2,1800,1.17041800643
518199,518276,518587,77,311,2,1800,1.24758842444
518221,518282,518585,61,303,2,1800,1.20132013201
518273,518288,518597,15,309,2,1800,1.04854368932
518283,518303,518608,20,305,2,1800,1.06557377049
518284,518309,518619,25,310,2,1800,1.08064516129
518305,518315,518639,10,324,2,1800,1.03086419753
518305,518321,518647,16,326,2,1800,1.0490797546
518316,518330,518669,14,339,2,1800,1.0412979351
518316,518335,518672,19,337,2,1800,1.05637982196
518327,518341,518678,14,337,2,1800,1.04154302671
518337,518374,518721,37,347,2,1800,1.10662824207
518338,518396,518704,58,308,2,1800,1.18831168831
518379,518390,518732,11,342,2,1800,1.03216374269
518390,518402,518744,12,342,2,1800,1.0350877193
518400,518408,518747,8,339,2,1800,1.02359882006
518401,518414,518719,13,305,2,1800,1.04262295082
518411,518421,518742,10,321,2,1800,1.03115264798
518412,518465,518779,53,314,2,1800,1.16878980892
518422,518516,518837,94,321,2,1800,1.29283489097
518464,518543,518863,79,320,2,1800,1.246875
518515,518603,518916,88,313,2,1800,1.28115015974
518546,518597,518912,51,315,2,1800,1.1619047619
518598,518609,518915,11,306,2,1800,1.03594771242
518608,518619,518922,11,303,2,1800,1.03630363036
518609,518630,518933,21,303,2,1800,1.06930693069
518620,518650,518951,30,301,2,1800,1.09966777409
518630,518658,518957,28,299,2,1800,1.09364548495
518651,518680,518978,29,298,2,1800,1.09731543624
518662,518686,518975,24,289,2,1800,1.0830449827
518682,518692,518974,10,282,2,1800,1.03546099291
518683,518716,519043,33,327,2,1800,1.10091743119
518693,518730,519060,37,330,2,1800,1.11212121212
518714,518736,519065,22,329,2,1800,1.06686930091
518735,518743,519070,8,327,2,1800,1.0244648318
518736,518753,519091,17,338,2,1800,1.05029585799
518746,518759,519095,13,336,2,1800,1.03869047619
518757,518766,519100,9,334,2,1800,1.02694610778
518757,518790,519128,33,338,2,1800,1.09763313609
518768,518848,519180,80,332,2,1800,1.24096385542
518789,518874,519210,85,336,2,1800,1.25297619048
518850,518923,519259,73,336,2,1800,1.21726190476
518871,518929,519268,58,339,2,1800,1.17109144543
518922,518935,519265,13,330,2,1800,1.03939393939
518933,518947,519290,14,343,2,1800,1.04081632653
518933,518941,519277,8,336,2,1800,1.02380952381
518944,518969,519300,25,331,2,1800,1.07552870091
518944,518963,519297,19,334,2,1800,1.05688622754
518965,518985,519320,20,335,2,1800,1.05970149254
518965,518991,519330,26,339,2,1800,1.07669616519
518986,518997,519333,11,336,2,1800,1.03273809524
518996,519054,519390,58,336,2,1800,1.17261904762
518997,519071,519413,74,342,2,1800,1.21637426901
519058,519077,519412,19,335,2,1800,1.05671641791
519068,519083,519379,15,296,2,1800,1.05067567568
519079,519102,519398,23,296,2,1800,1.0777027027
519079,519108,519403,29,295,2,1800,1.09830508475
519100,519114,519408,14,294,2,1800,1.04761904762
519111,519139,519431,28,292,2,1800,1.09589041096
519111,519192,519488,81,296,2,1800,1.27364864865
519142,519221,519529,79,308,2,1800,1.25649350649
519193,519270,519597,77,327,2,1800,1.23547400612
519224,519276,519606,52,330,2,1800,1.15757575758
519275,519282,519607,7,325,2,1800,1.02153846154
519276,519288,519612,12,324,2,1800,1.03703703704
519286,519302,519628,16,326,2,1800,1.0490797546
519286,519309,519630,23,321,2,1800,1.07165109034
519307,519315,519638,8,323,2,1800,1.02476780186
519308,519331,519665,23,334,2,1800,1.06886227545
519318,519341,519680,23,339,2,1800,1.06784660767
519329,519347,519690,18,343,2,1800,1.05247813411
519339,519391,519722,52,331,2,1800,1.15709969789
519350,519402,519742,52,340,2,1800,1.15294117647
519391,519409,519753,18,344,2,1800,1.0523255814
519401,519416,519753,15,337,2,1800,1.04451038576
519412,519428,519746,16,318,2,1800,1.05031446541
519412,519422,519753,10,331,2,1800,1.03021148036
519423,519434,519747,11,313,2,1800,1.03514376997
519433,519442,519760,9,318,2,1800,1.02830188679
519434,519499,519820,65,321,2,1800,1.20249221184
519444,519540,519857,96,317,2,1800,1.30283911672
519495,519608,519926,113,318,2,1800,1.35534591195
519536,519618,519930,82,312,2,1800,1.26282051282
519608,519623,519941,15,318,2,1800,1.04716981132
519619,519629,519935,10,306,2,1800,1.03267973856
519619,519639,519943,20,304,2,1800,1.06578947368
519629,519645,519933,16,288,2,1800,1.05555555556
519640,519651,519946,11,295,2,1800,1.03728813559
519651,519692,519975,41,283,2,1800,1.14487632509
519651,519676,519963,25,287,2,1800,1.08710801394
519672,519701,519972,29,271,2,1800,1.10701107011
519693,519733,520071,40,338,2,1800,1.11834319527
519703,519753,520084,50,331,2,1800,1.15105740181
519734,519759,520092,25,333,2,1800,1.07507507508
519755,519765,520099,10,334,2,1800,1.02994011976
519756,519771,520105,15,334,2,1800,1.04491017964
519766,519777,520113,11,336,2,1800,1.03273809524
519767,519783,520120,16,337,2,1800,1.04747774481
519777,519789,520127,12,338,2,1800,1.03550295858
519788,519831,520173,43,342,2,1800,1.12573099415
519788,519868,520204,80,336,2,1800,1.2380952381
519829,519937,520274,108,337,2,1800,1.32047477745
519871,519943,520281,72,338,2,1800,1.21301775148
519943,519949,520288,6,339,2,1800,1.01769911504
519943,519955,520290,12,335,2,1800,1.03582089552
519954,519961,520302,7,341,2,1800,1.02052785924
519954,519967,520305,13,338,2,1800,1.03846153846
519965,519979,520314,14,335,2,1800,1.04179104478
519965,519973,520307,8,334,2,1800,1.02395209581
519976,519985,520320,9,335,2,1800,1.02686567164
519976,519991,520329,15,338,2,1800,1.04437869822
519987,520095,520432,108,337,2,1800,1.32047477745
519987,520082,520420,95,338,2,1800,1.28106508876
520079,520104,520443,25,339,2,1800,1.07374631268
520100,520110,520453,10,343,2,1800,1.02915451895
520101,520116,520423,15,307,2,1800,1.04885993485
520111,520124,520414,13,290,2,1800,1.04482758621
520112,520131,520424,19,293,2,1800,1.06484641638
520122,520139,520436,17,297,2,1800,1.05723905724
520133,520184,520472,51,288,2,1800,1.17708333333
520143,520215,520517,72,302,2,1800,1.23841059603
520185,520285,520615,100,330,2,1800,1.30303030303
520216,520292,520621,76,329,2,1800,1.23100303951
520288,520299,520629,11,330,2,1800,1.03333333333
520288,520306,520636,18,330,2,1800,1.05454545455
520299,520313,520642,14,329,2,1800,1.04255319149
520310,520325,520655,15,330,2,1800,1.04545454545
520310,520319,520647,9,328,2,1800,1.02743902439
520321,520331,520668,10,337,2,1800,1.0296735905
520321,520337,520672,16,335,2,1800,1.04776119403
520332,520425,520746,93,321,2,1800,1.28971962617
520332,520343,520687,11,344,2,1800,1.03197674419
520343,520431,520775,88,344,2,1800,1.25581395349
520425,520438,520781,13,343,2,1800,1.03790087464
520436,520451,520776,15,325,2,1800,1.04615384615
520436,520445,520780,9,335,2,1800,1.02686567164
520447,520457,520784,10,327,2,1800,1.03058103976
520447,520463,520791,16,328,2,1800,1.0487804878
520458,520469,520788,11,319,2,1800,1.03448275862
520458,520484,520793,26,309,2,1800,1.08414239482
520469,520528,520848,59,320,2,1800,1.184375
520480,520627,520938,147,311,2,1800,1.47266881029
520531,520633,520950,102,317,2,1800,1.32176656151
520624,520640,520952,16,312,2,1800,1.05128205128
520634,520647,520955,13,308,2,1800,1.04220779221
520645,520653,520951,8,298,2,1800,1.02684563758
520646,520660,520950,14,290,2,1800,1.04827586207
520656,520666,520953,10,287,2,1800,1.03484320557
520657,520679,520967,22,288,2,1800,1.07638888889
520667,520685,520964,18,279,2,1800,1.06451612903
520678,520698,520967,20,269,2,1800,1.07434944238
520689,520757,521094,68,337,2,1800,1.20178041543
520699,520786,521120,87,334,2,1800,1.26047904192
520761,520793,521128,32,335,2,1800,1.09552238806
520782,520799,521132,17,333,2,1800,1.05105105105
520792,520806,521143,14,337,2,1800,1.04154302671
520803,520812,521147,9,335,2,1800,1.02686567164
520804,520818,521162,14,344,2,1800,1.04069767442
520814,520824,521160,10,336,2,1800,1.02976190476
520815,520829,521172,14,343,2,1800,1.04081632653
520825,520859,521195,34,336,2,1800,1.10119047619
520826,520950,521286,124,336,2,1800,1.36904761905
520857,520961,521303,104,342,2,1800,1.30409356725
520954,520967,521314,13,347,2,1800,1.03746397695
520965,520973,521317,8,344,2,1800,1.02325581395
520965,520979,521318,14,339,2,1800,1.0412979351
520976,520991,521330,15,339,2,1800,1.04424778761
520976,520985,521331,9,346,2,1800,1.02601156069
520987,520997,521338,10,341,2,1800,1.0293255132
520987,521003,521338,16,335,2,1800,1.04776119403
520998,521106,521446,108,340,2,1800,1.31764705882
520998,521009,521346,11,337,2,1800,1.03264094955
521009,521132,521476,123,344,2,1800,1.35755813953
521112,521139,521486,27,347,2,1800,1.07780979827
521133,521145,521486,12,341,2,1800,1.03519061584
521143,521154,521496,11,342,2,1800,1.03216374269
521144,521160,521477,16,317,2,1800,1.05047318612
521154,521171,521457,17,286,2,1800,1.05944055944
521165,521177,521467,12,290,2,1800,1.04137931034
521176,521183,521477,7,294,2,1800,1.02380952381
521176,521206,521498,30,292,2,1800,1.10273972603
521187,521297,521630,110,333,2,1800,1.33033033033
521207,521314,521646,107,332,2,1800,1.32228915663
521300,521325,521654,25,329,2,1800,1.07598784195
521310,521331,521658,21,327,2,1800,1.06422018349
521321,521337,521660,16,323,2,1800,1.04953560372
521332,521343,521670,11,327,2,1800,1.03363914373
521332,521348,521678,16,330,2,1800,1.04848484848
521343,521355,521700,12,345,2,1800,1.0347826087
521353,521361,521705,8,344,2,1800,1.02325581395
521354,521367,521671,13,304,2,1800,1.04276315789
521364,521457,521802,93,345,2,1800,1.26956521739
521365,521469,521824,104,355,2,1800,1.29295774648
521457,521478,521811,21,333,2,1800,1.06306306306
521468,521488,521817,20,329,2,1800,1.06079027356
521478,521493,521823,15,330,2,1800,1.04545454545
521489,521505,521829,16,324,2,1800,1.04938271605
521489,521499,521829,10,330,2,1800,1.0303030303
521500,521517,521836,17,319,2,1800,1.05329153605
521500,521511,521840,11,329,2,1800,1.03343465046
521511,521523,521818,12,295,2,1800,1.0406779661
521522,521641,521940,119,299,2,1800,1.39799331104
521522,521658,521962,136,304,2,1800,1.44736842105
521645,521665,521982,20,317,2,1800,1.06309148265
521655,521671,521973,16,302,2,1800,1.05298013245
521666,521678,521973,12,295,2,1800,1.0406779661
521677,521684,521971,7,287,2,1800,1.0243902439
521677,521690,521964,13,274,2,1800,1.04744525547
521688,521696,521969,8,273,2,1800,1.0293040293
521688,521711,521991,23,280,2,1800,1.08214285714
521699,521717,521975,18,258,2,1800,1.06976744186
521709,521813,522152,104,339,2,1800,1.30678466077
521720,521829,522163,109,334,2,1800,1.32634730539
521812,521822,522158,10,336,2,1800,1.02976190476
521823,521834,522168,11,334,2,1800,1.03293413174
521833,521840,522179,7,339,2,1800,1.02064896755
521834,521846,522191,12,345,2,1800,1.0347826087
521844,521852,522190,8,338,2,1800,1.02366863905
521845,521858,522194,13,336,2,1800,1.03869047619
521855,521864,522204,9,340,2,1800,1.02647058824
521856,521870,522209,14,339,2,1800,1.0412979351
521866,521951,522288,85,337,2,1800,1.25222551929
521867,521973,522317,106,344,2,1800,1.30813953488
521949,521979,522319,30,340,2,1800,1.08823529412
521970,521985,522327,15,342,2,1800,1.04385964912
521980,521991,522331,11,340,2,1800,1.03235294118
521981,521997,522337,16,340,2,1800,1.04705882353
521991,522003,522345,12,342,2,1800,1.0350877193
522002,522009,522345,7,336,2,1800,1.02083333333
522003,522014,522351,11,337,2,1800,1.03264094955
522013,522021,522368,8,347,2,1800,1.02305475504
522014,522163,522504,149,341,2,1800,1.43695014663
522024,522169,522515,145,346,2,1800,1.41907514451
522168,522175,522514,7,339,2,1800,1.02064896755
522169,522181,522526,12,345,2,1800,1.0347826087
522179,522190,522538,11,348,2,1800,1.0316091954
522180,522202,522544,22,342,2,1800,1.06432748538
522190,522207,522511,17,304,2,1800,1.05592105263
522201,522213,522500,12,287,2,1800,1.04181184669
522212,522219,522508,7,289,2,1800,1.02422145329
522212,522226,522518,14,292,2,1800,1.04794520548
522223,522328,522666,105,338,2,1800,1.31065088757
522223,522299,522639,76,340,2,1800,1.22352941176
522295,522334,522663,39,329,2,1800,1.11854103343
522326,522340,522670,14,330,2,1800,1.04242424242
522337,522346,522673,9,327,2,1800,1.02752293578
522337,522352,522681,15,329,2,1800,1.04559270517
522348,522358,522693,10,335,2,1800,1.02985074627
522348,522364,522704,16,340,2,1800,1.04705882353
522359,522380,522717,21,337,2,1800,1.06231454006
522359,522370,522689,11,319,2,1800,1.03448275862
522370,522511,522854,141,343,2,1800,1.4110787172
522380,522517,522855,137,338,2,1800,1.40532544379
522514,522523,522848,9,325,2,1800,1.02769230769
522514,522529,522854,15,325,2,1800,1.04615384615
522525,522535,522856,10,321,2,1800,1.03115264798
522525,522541,522869,16,328,2,1800,1.0487804878
522536,522547,522869,11,322,2,1800,1.03416149068
522536,522553,522874,17,321,2,1800,1.05295950156
522547,522559,522866,12,307,2,1800,1.03908794788
522557,522565,522874,8,309,2,1800,1.02588996764
522558,522650,522950,92,300,2,1800,1.30666666667
522568,522680,522982,112,302,2,1800,1.37086092715
522651,522674,522977,23,303,2,1800,1.07590759076
522671,522686,522984,15,298,2,1800,1.05033557047
522682,522692,522987,10,295,2,1800,1.03389830508
522682,522698,522979,16,281,2,1800,1.05693950178
522693,522709,522981,16,272,2,1800,1.05882352941
522693,522704,522979,11,275,2,1800,1.04
522704,522715,522978,11,263,2,1800,1.04182509506
522705,522728,522976,23,248,2,1800,1.09274193548
522715,522860,523200,145,340,2,1800,1.42647058824
522726,522866,523212,140,346,2,1800,1.40462427746
522859,522872,523203,13,331,2,1800,1.03927492447
522870,522883,523217,13,334,2,1800,1.03892215569
522870,522878,523210,8,332,2,1800,1.02409638554
522881,522896,523231,15,335,2,1800,1.0447761194
522881,522890,523226,9,336,2,1800,1.02678571429
522892,522902,523250,10,348,2,1800,1.02873563218
522892,522907,523244,15,337,2,1800,1.04451038576
522903,522961,523297,58,336,2,1800,1.17261904762
522903,522914,523252,11,338,2,1800,1.0325443787
522914,522987,523324,73,337,2,1800,1.21661721068
522965,522994,523330,29,336,2,1800,1.08630952381
522986,522999,523336,13,337,2,1800,1.03857566766
522997,523005,523345,8,340,2,1800,1.02352941176
522997,523011,523372,14,361,2,1800,1.03878116343
523008,523017,523363,9,346,2,1800,1.02601156069
523008,523022,523359,14,337,2,1800,1.04154302671
523019,523034,523371,15,337,2,1800,1.04451038576
523019,523029,523366,10,337,2,1800,1.0296735905
523030,523211,523547,181,336,2,1800,1.53869047619
523030,523217,523551,187,334,2,1800,1.55988023952
523214,523223,523566,9,343,2,1800,1.02623906706
523214,523229,523567,15,338,2,1800,1.04437869822
523225,523235,523587,10,352,2,1800,1.02840909091
523225,523241,523586,16,345,2,1800,1.04637681159
523236,523247,523590,11,343,2,1800,1.03206997085
523247,523255,523542,8,287,2,1800,1.02787456446
523247,523261,523559,14,298,2,1800,1.04697986577
523258,523308,523651,50,343,2,1800,1.14577259475
523258,523267,523558,9,291,2,1800,1.03092783505
523269,523336,523682,67,346,2,1800,1.1936416185
523310,523342,523676,32,334,2,1800,1.09580838323
523341,523356,523688,15,332,2,1800,1.04518072289
523341,523348,523678,7,330,2,1800,1.02121212121
523352,523376,523707,24,331,2,1800,1.07250755287
523352,523370,523702,18,332,2,1800,1.05421686747
523373,523382,523714,9,332,2,1800,1.02710843373
523374,523388,523721,14,333,2,1800,1.04204204204
523384,523394,523736,10,342,2,1800,1.02923976608
523385,523553,523888,168,335,2,1800,1.50149253731
523395,523559,523889,164,330,2,1800,1.49696969697
523549,523565,523887,16,322,2,1800,1.04968944099
523559,523571,523893,12,322,2,1800,1.03726708075
523570,523577,523888,7,311,2,1800,1.02250803859
523570,523583,523898,13,315,2,1800,1.04126984127
523581,523589,523899,8,310,2,1800,1.02580645161
523582,523597,523905,15,308,2,1800,1.0487012987
523592,523604,523906,12,302,2,1800,1.03973509934
523603,523610,523916,7,306,2,1800,1.02287581699
523603,523662,523959,59,297,2,1800,1.19865319865
523614,523693,523988,79,295,2,1800,1.26779661017
523665,523687,523975,22,288,2,1800,1.07638888889
523686,523699,523988,13,289,2,1800,1.04498269896
523697,523705,523999,8,294,2,1800,1.02721088435
523697,523713,524001,16,288,2,1800,1.05555555556
523708,523719,524003,11,284,2,1800,1.03873239437
523718,523725,524004,7,279,2,1800,1.02508960573
523719,523732,523995,13,263,2,1800,1.04942965779
523729,523747,524001,18,254,2,1800,1.07086614173
523730,523898,524235,168,337,2,1800,1.49851632047
523751,523905,524244,154,339,2,1800,1.45427728614
523894,523910,524250,16,340,2,1800,1.04705882353
523905,523916,524252,11,336,2,1800,1.03273809524
523915,523922,524254,7,332,2,1800,1.02108433735
523916,523928,524264,12,336,2,1800,1.03571428571
523927,523934,524276,7,342,2,1800,1.02046783626
523927,523940,524281,13,341,2,1800,1.03812316716
523938,523946,524284,8,338,2,1800,1.02366863905
523938,523952,524287,14,335,2,1800,1.04179104478
523949,523970,524316,21,346,2,1800,1.06069364162
523949,523987,524323,38,336,2,1800,1.1130952381
523970,523999,524341,29,342,2,1800,1.08479532164
523991,524004,524339,13,335,2,1800,1.03880597015
524002,524010,524348,8,338,2,1800,1.02366863905
524002,524016,524364,14,348,2,1800,1.04022988506
524013,524028,524364,15,336,2,1800,1.04464285714
524013,524022,524370,9,348,2,1800,1.02586206897
524024,524034,524373,10,339,2,1800,1.02949852507
524024,524040,524376,16,336,2,1800,1.04761904762
524035,524255,524591,220,336,2,1800,1.65476190476
524035,524246,524581,211,335,2,1800,1.62985074627
524250,524261,524602,11,341,2,1800,1.03225806452
524251,524267,524605,16,338,2,1800,1.04733727811
524261,524273,524610,12,337,2,1800,1.03560830861
524272,524279,524621,7,342,2,1800,1.02046783626
524273,524287,524633,14,346,2,1800,1.04046242775
524283,524293,524640,10,347,2,1800,1.0288184438
524284,524299,524589,15,290,2,1800,1.05172413793
524295,524327,524672,32,345,2,1800,1.09275362319
524295,524306,524589,11,283,2,1800,1.03886925795
524306,524334,524676,28,342,2,1800,1.08187134503
524327,524356,524686,29,330,2,1800,1.08787878788
524337,524350,524683,13,333,2,1800,1.03903903904
524348,524362,524699,14,337,2,1800,1.04154302671
524358,524375,524716,17,341,2,1800,1.04985337243
524359,524381,524724,22,343,2,1800,1.06413994169
524380,524393,524731,13,338,2,1800,1.03846153846
524380,524388,524705,8,317,2,1800,1.02523659306
524391,524399,524741,8,342,2,1800,1.02339181287
524391,524591,524920,200,329,2,1800,1.60790273556
524402,524600,524924,198,324,2,1800,1.61111111111
524597,524613,524922,16,309,2,1800,1.05177993528
524597,524607,524927,10,320,2,1800,1.03125
524608,524625,524940,17,315,2,1800,1.05396825397
524608,524619,524922,11,303,2,1800,1.03630363036
524619,524631,524942,12,311,2,1800,1.038585209
524630,524644,524940,14,296,2,1800,1.0472972973
524630,524637,524948,7,311,2,1800,1.02250803859
524641,524652,524951,11,299,2,1800,1.03678929766
524641,524683,524981,42,298,2,1800,1.14093959732
524652,524689,524987,37,298,2,1800,1.12416107383
524683,524695,524998,12,303,2,1800,1.0396039604
524694,524710,524997,16,287,2,1800,1.05574912892
524694,524701,524997,7,296,2,1800,1.02364864865
524705,524716,525010,11,294,2,1800,1.03741496599
524715,524727,525021,12,294,2,1800,1.04081632653
524716,524735,524996,19,261,2,1800,1.07279693487
524727,524743,525003,16,260,2,1800,1.06153846154
524737,524752,525002,15,250,2,1800,1.06
524748,524931,525266,183,335,2,1800,1.54626865672
524748,524937,525271,189,334,2,1800,1.56586826347
524933,524944,525280,11,336,2,1800,1.03273809524
524933,524950,525284,17,334,2,1800,1.05089820359
524944,524956,525292,12,336,2,1800,1.03571428571
524954,524963,525298,9,335,2,1800,1.02686567164
524955,524969,525308,14,339,2,1800,1.0412979351
524966,524981,525317,15,336,2,1800,1.04464285714
524966,524975,525315,9,340,2,1800,1.02647058824
524977,524993,525330,16,337,2,1800,1.04747774481
524977,524987,525327,10,340,2,1800,1.02941176471
524988,524999,525337,11,338,2,1800,1.0325443787
524998,525007,525349,9,342,2,1800,1.02631578947
524999,525014,525348,15,334,2,1800,1.04491017964
525010,525020,525370,10,350,2,1800,1.02857142857
525010,525026,525370,16,344,2,1800,1.04651162791
525021,525037,525379,16,342,2,1800,1.04678362573
525021,525032,525381,11,349,2,1800,1.03151862464
525032,525043,525382,11,339,2,1800,1.03244837758
525043,525049,525385,6,336,2,1800,1.01785714286
525043,525278,525613,235,335,2,1800,1.70149253731
525054,525284,525623,230,339,2,1800,1.6784660767
525279,525291,525628,12,337,2,1800,1.03560830861
525289,525297,525637,8,340,2,1800,1.02352941176
525290,525303,525642,13,339,2,1800,1.0383480826
525301,525309,525653,8,344,2,1800,1.02325581395
525301,525319,525664,18,345,2,1800,1.05217391304
525312,525326,525669,14,343,2,1800,1.04081632653
525322,525332,525683,10,351,2,1800,1.02849002849
525323,525338,525641,15,303,2,1800,1.0495049505
525333,525344,525691,11,347,2,1800,1.03170028818
525334,525350,525692,16,342,2,1800,1.04678362573
525344,525359,525699,15,340,2,1800,1.04411764706
525355,525366,525696,11,330,2,1800,1.03333333333
525356,525381,525709,25,328,2,1800,1.0762195122
525366,525387,525721,21,334,2,1800,1.0628742515
525377,525393,525700,16,307,2,1800,1.05211726384
525387,525399,525734,12,335,2,1800,1.03582089552
525398,525411,525736,13,325,2,1800,1.04
525398,525405,525739,7,334,2,1800,1.02095808383
525409,525624,525945,215,321,2,1800,1.66978193146
525410,525634,525947,224,313,2,1800,1.71565495208
525624,525640,525950,16,310,2,1800,1.05161290323
525635,525648,525949,13,301,2,1800,1.04318936877
525636,525654,525948,18,294,2,1800,1.0612244898
525646,525660,525966,14,306,2,1800,1.04575163399
525657,525666,525966,9,300,2,1800,1.03
525657,525675,525977,18,302,2,1800,1.05960264901
525668,525681,525984,13,303,2,1800,1.04290429043
525679,525702,526002,23,300,2,1800,1.07666666667
525679,525695,526009,16,314,2,1800,1.05095541401
525700,525708,526001,8,293,2,1800,1.02730375427
525700,525714,526008,14,294,2,1800,1.04761904762
525711,525725,526016,14,291,2,1800,1.04810996564
525711,525720,526010,9,290,2,1800,1.03103448276
525722,525737,526024,15,287,2,1800,1.05226480836
525722,525731,526020,9,289,2,1800,1.03114186851
525733,525745,526005,12,260,2,1800,1.04615384615
525733,525751,526010,18,259,2,1800,1.0694980695
525744,525757,526001,13,244,2,1800,1.05327868852
525755,525956,526297,201,341,2,1800,1.58944281525
525755,525963,526299,208,336,2,1800,1.61904761905
525960,525969,526306,9,337,2,1800,1.02670623145
525960,525974,526307,14,333,2,1800,1.04204204204
525971,525981,526312,10,331,2,1800,1.03021148036
525971,525986,526319,15,333,2,1800,1.04504504505
525982,525998,526342,16,344,2,1800,1.04651162791
525982,525993,526328,11,335,2,1800,1.0328358209
525993,526005,526344,12,339,2,1800,1.03539823009
526003,526013,526351,10,338,2,1800,1.02958579882
526004,526020,526360,16,340,2,1800,1.04705882353
526014,526026,526365,12,339,2,1800,1.03539823009
526025,526032,526369,7,337,2,1800,1.02077151335
526025,526038,526377,13,339,2,1800,1.0383480826
526036,526044,526384,8,340,2,1800,1.02352941176
526036,526050,526388,14,338,2,1800,1.04142011834
526047,526056,526401,9,345,2,1800,1.02608695652
526047,526061,526408,14,347,2,1800,1.04034582133
526058,526067,526412,9,345,2,1800,1.02608695652
526058,526073,526411,15,338,2,1800,1.04437869822
526069,526314,526648,245,334,2,1800,1.73353293413
526069,526308,526645,239,337,2,1800,1.70919881306
526305,526320,526662,15,342,2,1800,1.04385964912
526315,526326,526665,11,339,2,1800,1.03244837758
526316,526332,526668,16,336,2,1800,1.04761904762
526326,526338,526676,12,338,2,1800,1.03550295858
526337,526353,526703,16,350,2,1800,1.04571428571
526337,526344,526689,7,345,2,1800,1.02028985507
526348,526359,526702,11,343,2,1800,1.03206997085
526349,526365,526710,16,345,2,1800,1.04637681159
526359,526371,526718,12,347,2,1800,1.03458213256
526370,526383,526714,13,331,2,1800,1.03927492447
526370,526377,526721,7,344,2,1800,1.02034883721
526381,526389,526717,8,328,2,1800,1.0243902439
526381,526395,526722,14,327,2,1800,1.04281345566
526392,526401,526728,9,327,2,1800,1.02752293578
526392,526412,526735,20,323,2,1800,1.06191950464
526403,526420,526754,17,334,2,1800,1.05089820359
526414,526426,526756,12,330,2,1800,1.03636363636
526424,526432,526753,8,321,2,1800,1.02492211838
526425,526656,526970,231,314,2,1800,1.73566878981
526435,526662,526968,227,306,2,1800,1.74183006536
526654,526673,526974,19,301,2,1800,1.06312292359
526664,526679,526971,15,292,2,1800,1.05136986301
526675,526685,526986,10,301,2,1800,1.03322259136
526675,526691,527007,16,316,2,1800,1.05063291139
526686,526700,527015,14,315,2,1800,1.04444444444
526697,526713,527012,16,299,2,1800,1.05351170569
526697,526719,527025,22,306,2,1800,1.07189542484
526718,526725,527024,7,299,2,1800,1.02341137124
526718,526731,527034,13,303,2,1800,1.04290429043
526729,526743,527042,14,299,2,1800,1.04682274247
526729,526737,527039,8,302,2,1800,1.02649006623
526740,526749,527037,9,288,2,1800,1.03125
526741,526755,527035,14,280,2,1800,1.05
526751,526761,527046,10,285,2,1800,1.0350877193
526752,526767,527049,15,282,2,1800,1.05319148936
526762,526773,527050,11,277,2,1800,1.03971119134
526763,526779,527039,16,260,2,1800,1.06153846154
526773,526785,527030,12,245,2,1800,1.04897959184
526784,526979,527315,195,336,2,1800,1.58035714286
526784,526985,527324,201,339,2,1800,1.59292035398
526979,526991,527327,12,336,2,1800,1.03571428571
526989,526997,527330,8,333,2,1800,1.02402402402
526990,527002,527334,12,332,2,1800,1.03614457831
527000,527018,527355,18,337,2,1800,1.05341246291
527001,527024,527359,23,335,2,1800,1.06865671642
527022,527036,527377,14,341,2,1800,1.04105571848
527022,527030,527370,8,340,2,1800,1.02352941176
527033,527048,527387,15,339,2,1800,1.04424778761
527033,527043,527388,10,345,2,1800,1.02898550725
527044,527056,527394,12,338,2,1800,1.03550295858
527044,527061,527400,17,339,2,1800,1.05014749263
527048,527066,530673,18,3607,1,3600,1.00499029665
527055,527072,527409,17,337,2,1800,1.05044510386
527065,527078,527415,13,337,2,1800,1.03857566766
527076,527090,527430,14,340,2,1800,1.04117647059
527076,527084,527421,8,337,2,1800,1.0237388724
527087,527101,527441,14,340,2,1800,1.04117647059
527087,527096,527436,9,340,2,1800,1.02647058824
527098,527326,527671,228,345,2,1800,1.66086956522
527098,527107,527443,9,336,2,1800,1.02678571429
527109,527335,527672,226,337,2,1800,1.6706231454
527324,527341,527684,17,343,2,1800,1.04956268222
527334,527347,527684,13,337,2,1800,1.03857566766
527345,527353,527689,8,336,2,1800,1.02380952381
527346,527367,527710,21,343,2,1800,1.0612244898
527356,527373,527713,17,340,2,1800,1.05
527367,527381,527724,14,343,2,1800,1.04081632653
527377,527388,527729,11,341,2,1800,1.03225806452
527378,527404,527752,26,348,2,1800,1.07471264368
527389,527398,527743,9,345,2,1800,1.02608695652
527399,527411,527753,12,342,2,1800,1.0350877193
527410,527417,527754,7,337,2,1800,1.02077151335
527410,527423,527754,13,331,2,1800,1.03927492447
527421,527435,527737,14,302,2,1800,1.04635761589
527421,527429,527751,8,322,2,1800,1.0248447205
527432,527441,527776,9,335,2,1800,1.02686567164
527433,527448,527774,15,326,2,1800,1.04601226994
527443,527454,527776,11,322,2,1800,1.03416149068
527444,527460,527773,16,313,2,1800,1.05111821086
527454,527682,527989,228,307,2,1800,1.74267100977
527465,527688,527986,223,298,2,1800,1.74832214765
527680,527695,527987,15,292,2,1800,1.05136986301
527691,527701,528027,10,326,2,1800,1.03067484663
527691,527707,528023,16,316,2,1800,1.05063291139
527702,527721,528024,19,303,2,1800,1.06270627063
527702,527727,528034,25,307,2,1800,1.08143322476
527723,527736,528043,13,307,2,1800,1.04234527687
527724,527742,528042,18,300,2,1800,1.06
527734,527749,528045,15,296,2,1800,1.05067567568
527745,527762,528063,17,301,2,1800,1.05647840532
527745,527755,528052,10,297,2,1800,1.03367003367
527756,527769,528061,13,292,2,1800,1.04452054795
527767,527776,528061,9,285,2,1800,1.03157894737
527767,527782,528065,15,283,2,1800,1.05300353357
527778,527789,528068,11,279,2,1800,1.0394265233
527778,527794,528071,16,277,2,1800,1.05776173285
527789,527800,528063,11,263,2,1800,1.04182509506
527790,527806,528059,16,253,2,1800,1.06324110672
527800,527812,528058,12,246,2,1800,1.0487804878
527811,528003,528338,192,335,2,1800,1.57313432836
527811,527998,528338,187,340,2,1800,1.55
527996,528009,528350,13,341,2,1800,1.03812316716
528006,528035,528370,29,335,2,1800,1.08656716418
528007,528040,528379,33,339,2,1800,1.09734513274
528038,528052,528382,14,330,2,1800,1.04242424242
528038,528046,528380,8,334,2,1800,1.02395209581
528049,528064,528388,15,324,2,1800,1.0462962963
528049,528058,528388,9,330,2,1800,1.02727272727
528060,528075,528396,15,321,2,1800,1.04672897196
528060,528070,528397,10,327,2,1800,1.03058103976
528071,528082,528404,11,322,2,1800,1.03416149068
528071,528088,528413,17,325,2,1800,1.05230769231
528082,528094,528417,12,323,2,1800,1.03715170279
528093,528100,528432,7,332,2,1800,1.02108433735
528093,528106,528446,13,340,2,1800,1.03823529412
528104,528112,528451,8,339,2,1800,1.02359882006
528104,528118,528450,14,332,2,1800,1.0421686747
528115,528124,528463,9,339,2,1800,1.02654867257
528115,528130,528460,15,330,2,1800,1.04545454545
528126,528355,528688,229,333,2,1800,1.68768768769
528126,528349,528682,223,333,2,1800,1.66966966967
528351,528361,528697,10,336,2,1800,1.02976190476
528352,528390,528728,38,338,2,1800,1.1124260355
528362,528382,528716,20,334,2,1800,1.05988023952
528383,528396,528727,13,331,2,1800,1.03927492447
528394,528409,528741,15,332,2,1800,1.04518072289
528394,528403,528735,9,332,2,1800,1.02710843373
528405,528415,528749,10,334,2,1800,1.02994011976
528406,528421,528751,15,330,2,1800,1.04545454545
528416,528427,528766,11,339,2,1800,1.03244837758
528417,528433,528762,16,329,2,1800,1.04863221884
528427,528439,528688,12,249,2,1800,1.04819277108
528438,528451,528715,13,264,2,1800,1.04924242424
528438,528445,528698,7,253,2,1800,1.02766798419
528449,528463,528758,14,295,2,1800,1.04745762712
528449,528457,528737,8,280,2,1800,1.02857142857
528460,528469,528769,9,300,2,1800,1.03
528460,528475,528786,15,311,2,1800,1.04823151125
528471,528481,528797,10,316,2,1800,1.03164556962
528471,528693,529018,222,325,2,1800,1.68307692308
528482,528700,529024,218,324,2,1800,1.67283950617
528697,528712,529039,15,327,2,1800,1.04587155963
528697,528706,529030,9,324,2,1800,1.02777777778
528708,528718,529047,10,329,2,1800,1.03039513678
528708,528726,529064,18,338,2,1800,1.05325443787
528719,528732,529068,13,336,2,1800,1.03869047619
528730,528738,529070,8,332,2,1800,1.02409638554
528730,528744,529082,14,338,2,1800,1.04142011834
528741,528756,529079,15,323,2,1800,1.04643962848
528741,528750,529081,9,331,2,1800,1.02719033233
528752,528762,529095,10,333,2,1800,1.03003003003
528752,528767,529101,15,334,2,1800,1.04491017964
528763,528779,529098,16,319,2,1800,1.05015673981
528763,528773,529100,10,327,2,1800,1.03058103976
528774,528785,529103,11,318,2,1800,1.03459119497
528774,528791,529106,17,315,2,1800,1.05396825397
528785,528797,529114,12,317,2,1800,1.03785488959
528795,528803,529114,8,311,2,1800,1.02572347267
528796,528809,529123,13,314,2,1800,1.04140127389
528807,529029,529367,222,338,2,1800,1.65680473373
528807,529036,529374,229,338,2,1800,1.6775147929
529032,529042,529375,10,333,2,1800,1.03003003003
529033,529050,529389,17,339,2,1800,1.05014749263
529043,529058,529389,15,331,2,1800,1.04531722054
529054,529075,529409,21,334,2,1800,1.0628742515
529054,529081,529410,27,329,2,1800,1.0820668693
529075,529087,529418,12,331,2,1800,1.03625377644
529086,529093,529420,7,327,2,1800,1.02140672783
529086,529098,529425,12,327,2,1800,1.03669724771
529097,529104,529425,7,321,2,1800,1.02180685358
529097,529110,529435,13,325,2,1800,1.04
529108,529122,529446,14,324,2,1800,1.04320987654
529108,529116,529446,8,330,2,1800,1.02424242424
529119,529134,529475,15,341,2,1800,1.04398826979
529119,529128,529448,9,320,2,1800,1.028125
529130,529146,529476,16,330,2,1800,1.04848484848
529130,529140,529480,10,340,2,1800,1.02941176471
529141,529152,529481,11,329,2,1800,1.03343465046
529141,529157,529493,16,336,2,1800,1.04761904762
529152,529378,529716,226,338,2,1800,1.66863905325
529163,529385,529714,222,329,2,1800,1.67477203647
529378,529391,529725,13,334,2,1800,1.03892215569
529388,529400,529731,12,331,2,1800,1.03625377644
529389,529406,529740,17,334,2,1800,1.05089820359
529399,529420,529751,21,331,2,1800,1.06344410876
529410,529426,529754,16,328,2,1800,1.0487804878
529421,529433,529765,12,332,2,1800,1.03614457831
529431,529439,529773,8,334,2,1800,1.02395209581
529432,529445,529786,13,341,2,1800,1.03812316716
529442,529456,529793,14,337,2,1800,1.04154302671
529443,529462,529797,19,335,2,1800,1.05671641791
529453,529468,529803,15,335,2,1800,1.0447761194
529464,529474,529716,10,242,2,1800,1.04132231405
529465,529479,529738,14,259,2,1800,1.05405405405
529475,529486,529759,11,273,2,1800,1.04029304029
529476,529492,529780,16,288,2,1800,1.05555555556
529486,529498,529799,12,301,2,1800,1.03986710963
529497,529504,529810,7,306,2,1800,1.02287581699
529497,529509,529832,12,323,2,1800,1.03715170279
529508,529725,530052,217,327,2,1800,1.66360856269
529508,529731,530054,223,323,2,1800,1.69040247678
529723,529737,530067,14,330,2,1800,1.04242424242
529734,529743,530070,9,327,2,1800,1.02752293578
529734,529749,530078,15,329,2,1800,1.04559270517
529745,529755,530092,10,337,2,1800,1.0296735905
529745,529761,530095,16,334,2,1800,1.04790419162
529756,529767,530103,11,336,2,1800,1.03273809524
529756,529773,530106,17,333,2,1800,1.05105105105
529767,529779,530112,12,333,2,1800,1.03603603604
529778,529785,530118,7,333,2,1800,1.02102102102
529778,529790,530117,12,327,2,1800,1.03669724771
529789,529802,530117,13,315,2,1800,1.04126984127
529789,529797,530121,8,324,2,1800,1.02469135802
529800,529809,530124,9,315,2,1800,1.02857142857
529800,529815,530138,15,323,2,1800,1.04643962848
529811,529821,530135,10,314,2,1800,1.03184713376
529811,529827,530138,16,311,2,1800,1.05144694534
529822,529833,530146,11,313,2,1800,1.03514376997
529822,529843,530160,21,317,2,1800,1.06624605678
529833,530064,530404,231,340,2,1800,1.67941176471
529843,530070,530408,227,338,2,1800,1.67159763314
530068,530079,530419,11,340,2,1800,1.03235294118
530069,530085,530420,16,335,2,1800,1.04776119403
530079,530091,530430,12,339,2,1800,1.03539823009
530090,530103,530434,13,331,2,1800,1.03927492447
530091,530109,530436,18,327,2,1800,1.05504587156
530101,530115,530448,14,333,2,1800,1.04204204204
530113,530121,530447,8,326,2,1800,1.0245398773
530114,530127,530449,13,322,2,1800,1.04037267081
530124,530133,530459,9,326,2,1800,1.02760736196
530125,530139,530464,14,325,2,1800,1.04307692308
530135,530145,530478,10,333,2,1800,1.03003003003
530136,530151,530469,15,318,2,1800,1.04716981132
530146,530157,530477,11,320,2,1800,1.034375
530147,530163,530500,16,337,2,1800,1.04747774481
530158,530175,530508,17,333,2,1800,1.05105105105
530158,530169,530503,11,334,2,1800,1.03293413174
530170,530181,530513,11,332,2,1800,1.03313253012
530170,530187,530513,17,326,2,1800,1.05214723926
530181,530415,530745,234,330,2,1800,1.70909090909
530192,530421,530751,229,330,2,1800,1.69393939394
530416,530430,530760,14,330,2,1800,1.04242424242
530417,530436,530766,19,330,2,1800,1.05757575758
530427,530442,530774,15,332,2,1800,1.04518072289
530438,530448,530778,10,330,2,1800,1.0303030303
530438,530454,530780,16,326,2,1800,1.0490797546
530449,530460,530789,11,329,2,1800,1.03343465046
530449,530466,530795,17,329,2,1800,1.05167173252
530460,530472,530798,12,326,2,1800,1.03680981595
530470,530478,530806,8,328,2,1800,1.0243902439
530471,530484,530808,13,324,2,1800,1.04012345679
530481,530490,530823,9,333,2,1800,1.02702702703
530482,530496,530828,14,332,2,1800,1.0421686747
530492,530502,530749,10,247,2,1800,1.04048582996
530493,530511,530768,18,257,2,1800,1.07003891051
530503,530517,530792,14,275,2,1800,1.05090909091
530514,530523,530816,9,293,2,1800,1.03071672355
530514,530529,530824,15,295,2,1800,1.05084745763
530525,530535,530849,10,314,2,1800,1.03184713376
530525,530756,531088,231,332,2,1800,1.69578313253
530536,530762,531089,226,327,2,1800,1.69113149847
530687,530694,530702,7,8,1,1800,1.5
530761,530774,531101,13,327,2,1800,1.03975535168
530761,530768,531096,7,328,2,1800,1.02134146341
530772,530780,531116,8,336,2,1800,1.02380952381
530772,530786,531117,14,331,2,1800,1.04229607251
530782,530803,531100,21,297,1,3600,1.07070707071
530783,530792,531123,9,331,2,1800,1.02719033233
530783,530798,531132,15,334,2,1800,1.04491017964
530794,530809,531136,15,327,2,1800,1.04587155963
530794,530814,531141,20,327,2,1800,1.06116207951
530805,530821,531148,16,327,2,1800,1.04892966361
530815,530826,531156,11,330,2,1800,1.03333333333
530826,530833,531157,7,324,2,1800,1.02160493827
530826,530838,531164,12,326,2,1800,1.03680981595
530837,530845,531167,8,322,2,1800,1.0248447205
530837,530851,531179,14,328,2,1800,1.04268292683
530848,530863,531171,15,308,2,1800,1.0487012987
530848,530857,531172,9,315,2,1800,1.02857142857
530859,530875,531179,16,304,2,1800,1.05263157895
530859,530869,531180,10,311,2,1800,1.03215434084
530870,531099,531441,229,342,2,1800,1.66959064327
530870,531105,531445,235,340,2,1800,1.69117647059
530912,530918,531000,6,82,1,1800,1.07317073171
530986,530992,531351,6,359,1,3600,1.01671309192
531095,531116,531443,21,327,2,1800,1.06422018349
531107,531122,531455,15,333,2,1800,1.04504504505
531116,531128,531455,12,327,2,1800,1.03669724771
531127,531135,531459,8,324,2,1800,1.02469135802
531127,531141,531466,14,325,2,1800,1.04307692308
531138,531147,531473,9,326,2,1800,1.02760736196
531138,531152,531481,14,329,2,1800,1.04255319149
531149,531158,531479,9,321,2,1800,1.02803738318
531149,531164,531493,15,329,2,1800,1.04559270517
531160,531171,531501,11,330,2,1800,1.03333333333
531160,531177,531506,17,329,2,1800,1.05167173252
531171,531183,531508,12,325,2,1800,1.03692307692
531182,531189,531512,7,323,2,1800,1.02167182663
531182,531195,531527,13,332,2,1800,1.03915662651
531193,531201,531535,8,334,2,1800,1.02395209581
531193,531207,531538,14,331,2,1800,1.04229607251
531204,531213,531534,9,321,2,1800,1.02803738318
531204,531219,531547,15,328,2,1800,1.04573170732
531215,531452,531774,237,322,2,1800,1.73602484472
531215,531459,531788,244,329,2,1800,1.74164133739
531239,531245,531922,6,677,1,3600,1.00886262925
531356,531362,531453,6,91,1,1800,1.06593406593
531451,531464,531789,13,325,2,1800,1.04
531462,531470,531794,8,324,2,1800,1.02469135802
531462,531476,531800,14,324,2,1800,1.04320987654
531473,531482,531813,9,331,2,1800,1.02719033233
531473,531488,531816,15,328,2,1800,1.04573170732
531481,531505,531982,24,477,1,3600,1.05031446541
531484,531500,531823,16,323,2,1800,1.04953560372
531484,531494,531821,10,327,2,1800,1.03058103976
531495,531511,531836,16,325,2,1800,1.04923076923
531496,531517,531848,21,331,2,1800,1.06344410876
531516,531523,531857,7,334,2,1800,1.02095808383
531517,531528,531857,11,329,2,1800,1.03343465046
531528,531540,531851,12,311,2,1800,1.038585209
531528,531534,531875,6,341,2,1800,1.01759530792
531539,531552,531824,13,272,2,1800,1.04779411765
531539,531546,531785,7,239,2,1800,1.02928870293
531550,531558,531828,8,270,2,1800,1.02962962963
531550,531563,531851,13,288,2,1800,1.04513888889
531561,531569,531870,8,301,2,1800,1.02657807309
531561,531785,532108,224,323,2,1800,1.69349845201
531572,531796,532130,224,334,2,1800,1.67065868263
531787,531802,532133,15,331,2,1800,1.04531722054
531798,531808,532135,10,327,2,1800,1.03058103976
531798,531814,532143,16,329,2,1800,1.04863221884
531809,531827,532160,18,333,2,1800,1.05405405405
531809,531820,532157,11,337,2,1800,1.03264094955
531820,531832,532162,12,330,2,1800,1.03636363636
531831,531838,532172,7,334,2,1800,1.02095808383
531831,531844,532178,13,334,2,1800,1.03892215569
531842,531856,532175,14,319,2,1800,1.04388714734
531842,531850,532177,8,327,2,1800,1.0244648318
531853,531862,532190,9,328,2,1800,1.02743902439
531853,531867,532185,14,318,2,1800,1.04402515723
531864,531873,532190,9,317,2,1800,1.02839116719
531864,531879,532202,15,323,2,1800,1.04643962848
531875,531891,532195,16,304,2,1800,1.05263157895
531875,531885,532203,10,318,2,1800,1.03144654088
531886,531897,532205,11,308,2,1800,1.03571428571
531887,531903,532199,16,296,2,1800,1.05405405405
531897,532119,532449,222,330,2,1800,1.67272727273
531908,532141,532473,233,332,2,1800,1.70180722892
532113,532125,532507,12,382,1,1800,1.03141361257
532122,532147,532478,25,331,2,1800,1.07552870091
532143,532154,532487,11,333,2,1800,1.03303303303
532143,532159,532488,16,329,2,1800,1.04863221884
532154,532168,532494,14,326,2,1800,1.04294478528
532164,532174,532503,10,329,2,1800,1.03039513678
532165,532180,532509,15,329,2,1800,1.04559270517
532168,532185,533222,17,1037,1,3600,1.01639344262
532175,532191,532519,16,328,2,1800,1.0487804878
532176,532197,532525,21,328,2,1800,1.06402439024
532197,532209,532533,12,324,2,1800,1.03703703704
532197,532203,532523,6,320,2,1800,1.01875
532208,532216,532540,8,324,2,1800,1.02469135802
532208,532221,532554,13,333,2,1800,1.03903903904
532215,532241,533163,26,922,1,3600,1.02819956616
532219,532227,532554,8,327,2,1800,1.0244648318
532219,532233,532558,14,325,2,1800,1.04307692308
532230,532247,532573,17,326,2,1800,1.05214723926
532231,532253,532575,22,322,2,1800,1.06832298137
532251,532259,532580,8,321,2,1800,1.02492211838
532252,532265,532590,13,325,2,1800,1.04
532262,532460,532788,198,328,2,1800,1.60365853659
532263,532484,532818,221,334,2,1800,1.66167664671
532457,532490,532816,33,326,2,1800,1.10122699387
532488,532498,532822,10,324,2,1800,1.03086419753
532489,532504,532826,15,322,2,1800,1.04658385093
532499,532510,532837,11,327,2,1800,1.03363914373
532500,532516,532845,16,329,2,1800,1.04863221884
532512,532522,532851,10,329,2,1800,1.03039513678
532512,532530,532862,18,332,2,1800,1.05421686747
532523,532536,532867,13,331,2,1800,1.03927492447
532534,532542,532869,8,327,2,1800,1.0244648318
532534,532548,532879,14,331,2,1800,1.04229607251
532545,532554,532889,9,335,2,1800,1.02686567164
532545,532565,532903,20,338,2,1800,1.05917159763
532556,532570,532916,14,346,2,1800,1.04046242775
532566,532576,532789,10,213,2,1800,1.04694835681
532567,532584,532831,17,247,2,1800,1.06882591093
532578,532590,532867,12,277,2,1800,1.04332129964
532588,532596,532879,8,283,2,1800,1.02826855124
532589,532602,532918,13,316,2,1800,1.04113924051
532599,532799,533112,200,313,2,1800,1.63897763578
532600,532805,533140,205,335,2,1800,1.61194029851
532802,532827,533159,25,332,2,1800,1.07530120482
532802,532833,533164,31,331,2,1800,1.09365558912
532823,532839,533172,16,333,2,1800,1.04804804805
532833,532845,533181,12,336,2,1800,1.03571428571
532844,532858,533189,14,331,2,1800,1.04229607251
532844,532852,533190,8,338,2,1800,1.02366863905
532855,532864,533186,9,322,2,1800,1.02795031056
532855,532870,533195,15,325,2,1800,1.04615384615
532866,532882,533211,16,329,2,1800,1.04863221884
532866,532876,533202,10,326,2,1800,1.03067484663
532876,532888,533210,12,322,2,1800,1.03726708075
532887,532894,533212,7,318,2,1800,1.02201257862
532887,532900,533218,13,318,2,1800,1.04088050314
532898,532906,533225,8,319,2,1800,1.02507836991
532898,532912,533226,14,314,2,1800,1.04458598726
532909,532918,533226,9,308,2,1800,1.02922077922
532909,532927,533238,18,311,2,1800,1.0578778135
532920,532933,533232,13,299,2,1800,1.04347826087
532931,533151,533484,220,333,2,1800,1.66066066066
532931,533124,533458,193,334,2,1800,1.57784431138
533125,533169,533501,44,332,2,1800,1.13253012048
533156,533176,533509,20,333,2,1800,1.06006006006
533167,533183,533516,16,333,2,1800,1.04804804805
533178,533192,533523,14,331,2,1800,1.04229607251
533189,533198,533527,9,329,2,1800,1.0273556231
533189,533204,533533,15,329,2,1800,1.04559270517
533197,533210,533215,13,5,1,1800,1.8
533200,533216,533546,16,330,2,1800,1.04848484848
533200,533222,533547,22,325,2,1800,1.06769230769
533221,533228,533556,7,328,2,1800,1.02134146341
533221,533233,533563,12,330,2,1800,1.03636363636
533233,533245,533581,12,336,2,1800,1.03571428571
533233,533239,533572,6,333,2,1800,1.01801801802
533244,533251,533579,7,328,2,1800,1.02134146341
533244,533256,533586,12,330,2,1800,1.03636363636
533255,533263,533596,8,333,2,1800,1.02402402402
533255,533268,533601,13,333,2,1800,1.03903903904
533266,533275,533602,9,327,2,1800,1.02752293578
533266,533281,533609,15,328,2,1800,1.04573170732
533277,533469,533806,192,337,2,1800,1.56973293769
533277,533495,533828,218,333,2,1800,1.65465465465
533384,533390,533430,6,40,1,1800,1.15
533471,533512,533843,41,331,2,1800,1.12386706949
533492,533520,533854,28,334,2,1800,1.08383233533
533512,533527,533858,15,331,2,1800,1.04531722054
533523,533541,533869,18,328,2,1800,1.05487804878
533523,533535,533869,12,334,2,1800,1.03592814371
533534,533547,533889,13,342,2,1800,1.03801169591
533544,533557,533897,13,340,2,1800,1.03823529412
533545,533563,533905,18,342,2,1800,1.05263157895
533555,533569,533905,14,336,2,1800,1.04166666667
533566,533583,533916,17,333,2,1800,1.05105105105
533566,533575,533904,9,329,2,1800,1.0273556231
533576,533590,533921,14,331,2,1800,1.04229607251
533587,533596,533929,9,333,2,1800,1.02702702703
533587,533602,533942,15,340,2,1800,1.04411764706
533598,533614,533867,16,253,2,1800,1.06324110672
533598,533608,533838,10,230,2,1800,1.04347826087
533608,533620,533902,12,282,2,1800,1.04255319149
533619,533817,534122,198,305,2,1800,1.64918032787
533619,533626,533918,7,292,2,1800,1.02397260274
533630,533839,534173,209,334,2,1800,1.62574850299
533641,533647,533723,6,76,1,1800,1.07894736842
533755,533762,533767,7,5,1,3600,1.2
533813,533849,534191,36,342,2,1800,1.10526315789
533844,533855,534203,11,348,2,1800,1.0316091954
533854,533866,534192,12,326,2,1800,1.03680981595
533855,533872,534209,17,337,2,1800,1.05044510386
533865,533878,534206,13,328,2,1800,1.03963414634
533874,533895,533981,21,86,1,3600,1.24418604651
533876,533884,534207,8,323,2,1800,1.02476780186
533876,533890,534212,14,322,2,1800,1.04347826087
533887,533901,534219,14,318,2,1800,1.04402515723
533887,533908,534230,21,322,2,1800,1.0652173913
533898,533914,534235,16,321,2,1800,1.04984423676
533908,533920,534241,12,321,2,1800,1.03738317757
533919,533927,534246,8,319,2,1800,1.02507836991
533919,533933,534254,14,321,2,1800,1.04361370717
533930,533939,534258,9,319,2,1800,1.02821316614
533930,533945,534252,15,307,2,1800,1.04885993485
533941,533957,534257,16,300,2,1800,1.05333333333
533941,533951,534264,10,313,2,1800,1.03194888179
533951,533963,534256,12,293,2,1800,1.0409556314
533962,534184,534514,222,330,2,1800,1.67272727273
533962,534134,534467,172,333,2,1800,1.51651651652
534062,534068,534154,6,86,1,3600,1.06976744186
534105,534112,534686,7,574,1,3600,1.01219512195
534136,534203,534544,67,341,2,1800,1.19648093842
534188,534209,534539,21,330,2,1800,1.06363636364
534208,534215,534551,7,336,2,1800,1.02083333333
534209,534221,534554,12,333,2,1800,1.03603603604
534219,534228,534561,9,333,2,1800,1.02702702703
534220,534234,534565,14,331,2,1800,1.04229607251
534230,534240,534572,10,332,2,1800,1.03012048193
534231,534246,534573,15,327,2,1800,1.04587155963
534241,534252,534583,11,331,2,1800,1.0332326284
534242,534258,534586,16,328,2,1800,1.0487804878
534252,534264,534597,12,333,2,1800,1.03603603604
534263,534271,534607,8,336,2,1800,1.02380952381
534263,534277,534608,14,331,2,1800,1.04229607251
534274,534283,534617,9,334,2,1800,1.02694610778
534274,534289,534625,15,336,2,1800,1.04464285714
534283,534306,534735,23,429,1,3600,1.05361305361
534285,534295,534629,10,334,2,1800,1.02994011976
534285,534300,534633,15,333,2,1800,1.04504504505
534296,534312,534644,16,332,2,1800,1.04819277108
534296,534478,534812,182,334,2,1800,1.54491017964
534317,534525,534857,208,332,2,1800,1.6265060241
534459,534465,534735,6,270,1,1800,1.02222222222
534481,534556,534890,75,334,2,1800,1.2245508982
534522,534550,534881,28,331,2,1800,1.08459214502
534553,534568,534908,15,340,2,1800,1.04411764706
534553,534562,534902,9,340,2,1800,1.02647058824
534564,534574,534904,10,330,2,1800,1.0303030303
534564,534580,534910,16,330,2,1800,1.04848484848
534575,534586,534917,11,331,2,1800,1.0332326284
534586,534592,534929,6,337,2,1800,1.0178041543
534586,534598,534931,12,333,2,1800,1.03603603604
534597,534605,534941,8,336,2,1800,1.02380952381
534597,534611,534946,14,335,2,1800,1.04179104478
534608,534618,534951,10,333,2,1800,1.03003003003
534608,534624,534956,16,332,2,1800,1.04819277108
534619,534631,534967,12,336,2,1800,1.03571428571
534630,534643,534879,13,236,2,1800,1.05508474576
534630,534637,534954,7,317,2,1800,1.02208201893
534641,534655,534943,14,288,2,1800,1.04861111111
534641,534649,534915,8,266,2,1800,1.03007518797
534652,534868,535183,216,315,2,1800,1.68571428571
534652,534823,535138,171,315,2,1800,1.54285714286
534827,534891,535233,64,342,2,1800,1.18713450292
534868,534897,535239,29,342,2,1800,1.08479532164
534889,534905,535218,16,313,2,1800,1.05111821086
534900,534913,535245,13,332,2,1800,1.03915662651
534900,534919,535246,19,327,2,1800,1.05810397554
534911,534925,535250,14,325,2,1800,1.04307692308
534921,534932,535258,11,326,2,1800,1.03374233129
534921,534937,535263,16,326,2,1800,1.0490797546
534932,534943,535262,11,319,2,1800,1.03448275862
534932,534949,535271,17,322,2,1800,1.05279503106
534943,534955,535277,12,322,2,1800,1.03726708075
534954,534967,535287,13,320,2,1800,1.040625
534954,534961,535285,7,324,2,1800,1.02160493827
534964,534973,535285,9,312,2,1800,1.02884615385
534965,534979,535283,14,304,2,1800,1.04605263158
534975,534985,535290,10,305,2,1800,1.03278688525
534976,534991,535292,15,301,2,1800,1.04983388704
534986,534997,535295,11,298,2,1800,1.03691275168
534987,535149,535481,162,332,2,1800,1.48795180723
534997,535194,535528,197,334,2,1800,1.58982035928
535000,535006,535547,6,541,1,3600,1.01109057301
535035,535041,535633,6,592,1,3600,1.01013513514
535151,535229,535565,78,336,2,1800,1.23214285714
535192,535244,535580,52,336,2,1800,1.15476190476
535233,535250,535583,17,333,2,1800,1.05105105105
535244,535256,535591,12,335,2,1800,1.03582089552
535255,535268,535597,13,329,2,1800,1.03951367781
535255,535262,535598,7,336,2,1800,1.02083333333
535266,535274,535607,8,333,2,1800,1.02402402402
535266,535280,535612,14,332,2,1800,1.0421686747
535277,535286,535615,9,329,2,1800,1.0273556231
535277,535292,535625,15,333,2,1800,1.04504504505
535288,535298,535636,10,338,2,1800,1.02958579882
535288,535304,535636,16,332,2,1800,1.04819277108
535299,535310,535645,11,335,2,1800,1.0328358209
535299,535316,535647,17,331,2,1800,1.05135951662
535310,535322,535656,12,334,2,1800,1.03592814371
535321,535328,535659,7,331,2,1800,1.02114803625
535321,535333,535673,12,340,2,1800,1.03529411765
535332,535340,535671,8,331,2,1800,1.02416918429
535332,535492,535824,160,332,2,1800,1.48192771084
535343,535539,535871,196,332,2,1800,1.59036144578
535497,535576,535909,79,333,2,1800,1.23723723724
535538,535591,535932,53,341,2,1800,1.15542521994
535580,535598,535931,18,333,2,1800,1.05405405405
535590,535604,535934,14,330,2,1800,1.04242424242
535601,535610,535949,9,339,2,1800,1.02654867257
535602,535616,535950,14,334,2,1800,1.04191616766
535612,535622,535958,10,336,2,1800,1.02976190476
535613,535628,535964,15,336,2,1800,1.04464285714
535624,535635,535973,11,338,2,1800,1.0325443787
535624,535641,535983,17,342,2,1800,1.04970760234
535635,535647,535985,12,338,2,1800,1.03550295858
535645,535653,535989,8,336,2,1800,1.02380952381
535646,535659,535992,13,333,2,1800,1.03903903904
535656,535665,535993,9,328,2,1800,1.02743902439
535657,535671,536019,14,348,2,1800,1.04022988506
535668,535684,535942,16,258,2,1800,1.06201550388
535668,535678,535968,10,290,2,1800,1.03448275862
535679,535690,535954,11,264,2,1800,1.04166666667
535689,535835,536112,146,277,2,1800,1.52707581227
535690,535882,536210,192,328,2,1800,1.58536585366
535833,535920,536256,87,336,2,1800,1.25892857143
535885,535942,536280,57,338,2,1800,1.16863905325
535916,535948,536253,32,305,2,1800,1.10491803279
535947,535960,536284,13,324,2,1800,1.04012345679
535947,535954,536279,7,325,2,1800,1.02153846154
535958,535972,536298,14,326,2,1800,1.04294478528
535958,535966,536295,8,329,2,1800,1.02431610942
535969,535984,536311,15,327,2,1800,1.04587155963
535969,535978,536303,9,325,2,1800,1.02769230769
535980,535990,536310,10,320,2,1800,1.03125
535980,535996,536316,16,320,2,1800,1.05
535991,536002,536324,11,322,2,1800,1.03416149068
535991,536008,536324,17,316,2,1800,1.05379746835
536002,536014,536328,12,314,2,1800,1.03821656051
536013,536020,536329,7,309,2,1800,1.02265372168
536013,536025,536331,12,306,2,1800,1.03921568627
536024,536037,536328,13,291,2,1800,1.04467353952
536024,536031,536329,7,298,2,1800,1.02348993289
536035,536123,536453,88,330,2,1800,1.26666666667
536035,536221,536550,186,329,2,1800,1.56534954407
536127,536264,536595,137,331,2,1800,1.41389728097
536220,536270,536598,50,328,2,1800,1.15243902439
536261,536297,536634,36,337,2,1800,1.10682492582
536272,536290,536624,18,334,2,1800,1.05389221557
536292,536303,536634,11,331,2,1800,1.0332326284
536293,536309,536645,16,336,2,1800,1.04761904762
536303,536315,536644,12,329,2,1800,1.03647416413
536314,536321,536653,7,332,2,1800,1.02108433735
536314,536327,536657,13,330,2,1800,1.03939393939
536325,536333,536671,8,338,2,1800,1.02366863905
536326,536339,536667,13,328,2,1800,1.03963414634
536336,536351,536685,15,334,2,1800,1.04491017964
536337,536356,536690,19,334,2,1800,1.05688622754
536347,536362,536701,15,339,2,1800,1.04424778761
536358,536373,536712,15,339,2,1800,1.04424778761
536358,536368,536703,10,335,2,1800,1.02985074627
536369,536386,536717,17,331,2,1800,1.05135951662
536369,536380,536718,11,338,2,1800,1.0325443787
536380,536465,536801,85,336,2,1800,1.25297619048
536391,536562,536899,171,337,2,1800,1.50741839763
536462,536606,536939,144,333,2,1800,1.43243243243
536565,536612,536947,47,335,2,1800,1.14029850746
536606,536635,536972,29,337,2,1800,1.08605341246
536617,536645,536984,28,339,2,1800,1.08259587021
536638,536650,536986,12,336,2,1800,1.03571428571
536648,536657,536990,9,333,2,1800,1.02702702703
536649,536663,536999,14,336,2,1800,1.04166666667
536659,536669,537009,10,340,2,1800,1.02941176471
536660,536675,537011,15,336,2,1800,1.04464285714
536670,536681,537020,11,339,2,1800,1.03244837758
536671,536687,537028,16,341,2,1800,1.04692082111
536681,536696,537032,15,336,2,1800,1.04464285714
536692,536702,537037,10,335,2,1800,1.02985074627
536692,536712,537044,20,332,2,1800,1.06024096386
536703,536718,537053,15,335,2,1800,1.0447761194
536714,536730,537005,16,275,2,1800,1.05818181818
536714,536724,537071,10,347,2,1800,1.0288184438
536725,536736,536998,11,262,2,1800,1.04198473282
536735,536812,537098,77,286,2,1800,1.26923076923
536736,536910,537215,174,305,2,1800,1.57049180328
536808,536950,537284,142,334,2,1800,1.4251497006
536910,536958,537267,48,309,2,1800,1.15533980583
536952,536983,537322,31,339,2,1800,1.09144542773
536962,536995,537316,33,321,2,1800,1.10280373832
536983,537001,537324,18,323,2,1800,1.05572755418
536994,537007,537329,13,322,2,1800,1.04037267081
537004,537013,537339,9,326,2,1800,1.02760736196
537005,537019,537342,14,323,2,1800,1.04334365325
537015,537025,537347,10,322,2,1800,1.03105590062
537016,537031,537349,15,318,2,1800,1.04716981132
537026,537037,537361,11,324,2,1800,1.03395061728
537027,537043,537372,16,329,2,1800,1.04863221884
537037,537049,537358,12,309,2,1800,1.03883495146
537048,537055,537361,7,306,2,1800,1.02287581699
537048,537061,537359,13,298,2,1800,1.04362416107
537059,537073,537362,14,289,2,1800,1.04844290657
537059,537067,537366,8,299,2,1800,1.02675585284
537070,537109,537440,39,331,2,1800,1.11782477341
537070,537082,537370,12,288,2,1800,1.04166666667
537081,537226,537557,145,331,2,1800,1.43806646526
537112,537295,537627,183,332,2,1800,1.55120481928
537225,537278,537609,53,331,2,1800,1.16012084592
537276,537333,537662,57,329,2,1800,1.17325227964
537297,537327,537659,30,332,2,1800,1.09036144578
537328,537339,537667,11,328,2,1800,1.03353658537
537329,537345,537674,16,329,2,1800,1.04863221884
537339,537351,537681,12,330,2,1800,1.03636363636
537350,537357,537684,7,327,2,1800,1.02140672783
537351,537364,537694,13,330,2,1800,1.03939393939
537361,537370,537698,9,328,2,1800,1.02743902439
537362,537375,537704,13,329,2,1800,1.03951367781
537372,537383,537709,11,326,2,1800,1.03374233129
537373,537388,537723,15,335,2,1800,1.0447761194
537383,537394,537738,11,344,2,1800,1.03197674419
537384,537400,537733,16,333,2,1800,1.04804804805
537394,537406,537747,12,341,2,1800,1.03519061584
537405,537412,537745,7,333,2,1800,1.02102102102
537405,537417,537749,12,332,2,1800,1.03614457831
537416,537452,537790,36,338,2,1800,1.10650887574
537416,537568,537901,152,333,2,1800,1.45645645646
537448,537620,537956,172,336,2,1800,1.5119047619
537571,537638,537971,67,333,2,1800,1.2012012012
537622,537670,538005,48,335,2,1800,1.14328358209
537643,537676,538010,33,334,2,1800,1.09880239521
537674,537682,538017,8,335,2,1800,1.02388059701
537674,537688,538032,14,344,2,1800,1.04069767442
537685,537700,538038,15,338,2,1800,1.04437869822
537685,537694,538030,9,336,2,1800,1.02678571429
537696,537707,538047,11,340,2,1800,1.03235294118
537696,537713,538057,17,344,2,1800,1.04941860465
537708,537719,538058,11,339,2,1800,1.03244837758
537718,537725,538066,7,341,2,1800,1.02052785924
537719,537734,538068,15,334,2,1800,1.04491017964
537729,537750,538098,21,348,2,1800,1.06034482759
537730,537744,538075,14,331,2,1800,1.04229607251
537740,537756,538108,16,352,2,1800,1.04545454545
537751,537763,538072,12,309,2,1800,1.03883495146
537762,537769,538044,7,275,2,1800,1.02545454545
537762,537801,538081,39,280,2,1800,1.13928571429
537773,537912,538207,139,295,2,1800,1.47118644068
537804,537968,538274,164,306,2,1800,1.53594771242
537916,537982,538296,66,314,2,1800,1.2101910828
537968,538016,538358,48,342,2,1800,1.14035087719
537978,538022,538345,44,323,2,1800,1.13622291022
538020,538028,538352,8,324,2,1800,1.02469135802
538020,538047,538371,27,324,2,1800,1.08333333333
538031,538041,538363,10,322,2,1800,1.03105590062
538041,538053,538374,12,321,2,1800,1.03738317757
538052,538059,538385,7,326,2,1800,1.02147239264
538053,538065,538383,12,318,2,1800,1.03773584906
538063,538071,538393,8,322,2,1800,1.0248447205
538064,538077,538400,13,323,2,1800,1.04024767802
538074,538083,538389,9,306,2,1800,1.02941176471
538075,538088,538383,13,295,2,1800,1.04406779661
538085,538094,538396,9,302,2,1800,1.0298013245
538086,538100,538398,14,298,2,1800,1.04697986577
538096,538106,538402,10,296,2,1800,1.03378378378
538097,538112,538409,15,297,2,1800,1.05050505051
538107,538123,538454,16,331,2,1800,1.04833836858
538108,538219,538547,111,328,2,1800,1.33841463415
538129,538288,538614,159,326,2,1800,1.48773006135
538221,538307,538632,86,325,2,1800,1.26461538462
538276,538282,538363,6,81,1,1800,1.07407407407
538293,538363,538688,70,325,2,1800,1.21538461538
538303,538357,538681,54,324,2,1800,1.16666666667
538355,538369,538705,14,336,2,1800,1.04166666667
538366,538376,538707,10,331,2,1800,1.03021148036
538366,538383,538710,17,327,2,1800,1.05198776758
538377,538389,538713,12,324,2,1800,1.03703703704
538388,538395,538729,7,334,2,1800,1.02095808383
538388,538401,538732,13,331,2,1800,1.03927492447
538399,538412,538735,13,323,2,1800,1.04024767802
538399,538407,538742,8,335,2,1800,1.02388059701
538410,538418,538751,8,333,2,1800,1.02402402402
538410,538424,538763,14,339,2,1800,1.0412979351
538421,538430,538772,9,342,2,1800,1.02631578947
538421,538436,538773,15,337,2,1800,1.04451038576
538432,538442,538777,10,335,2,1800,1.02985074627
538433,538448,538778,15,330,2,1800,1.04545454545
538443,538465,538798,22,333,2,1800,1.06606606607
538444,538558,538892,114,334,2,1800,1.34131736527
538465,538625,538957,160,332,2,1800,1.48192771084
538557,538644,538984,87,340,2,1800,1.25588235294
538599,538605,538696,6,91,1,1800,1.06593406593
538629,538693,539033,64,340,2,1800,1.18823529412
538650,538699,539035,49,336,2,1800,1.14583333333
538691,538717,539052,26,335,2,1800,1.0776119403
538702,538723,539063,21,340,2,1800,1.06176470588
538722,538729,539063,7,334,2,1800,1.02095808383
538723,538735,539072,12,337,2,1800,1.03560830861
538734,538741,539082,7,341,2,1800,1.02052785924
538734,538747,539089,13,342,2,1800,1.03801169591
538745,538759,539098,14,339,2,1800,1.0412979351
538745,538753,539095,8,342,2,1800,1.02339181287
538756,538765,539099,9,334,2,1800,1.02694610778
538756,538774,539111,18,337,2,1800,1.05341246291
538767,538783,539112,16,329,2,1800,1.04863221884
538777,538789,539124,12,335,2,1800,1.03582089552
538788,538795,539140,7,345,2,1800,1.02028985507
538789,538801,539113,12,312,2,1800,1.03846153846
538799,538809,539085,10,276,2,1800,1.03623188406
538800,538903,539194,103,291,2,1800,1.35395189003
538810,538968,539269,158,301,2,1800,1.52491694352
538903,538995,539335,92,340,2,1800,1.27058823529
538964,539044,539384,80,340,2,1800,1.23529411765
538995,539050,539368,55,318,2,1800,1.17295597484
539047,539064,539385,17,321,2,1800,1.05295950156
539047,539074,539400,27,326,2,1800,1.08282208589
539068,539080,539405,12,325,2,1800,1.03692307692
539079,539086,539407,7,321,2,1800,1.02180685358
539079,539093,539412,14,319,2,1800,1.04388714734
539090,539105,539422,15,317,2,1800,1.04731861199
539090,539099,539426,9,327,2,1800,1.02752293578
539101,539112,539426,11,314,2,1800,1.03503184713
539101,539117,539423,16,306,2,1800,1.0522875817
539112,539123,539423,11,300,2,1800,1.03666666667
539112,539129,539434,17,305,2,1800,1.05573770492
539123,539135,539425,12,290,2,1800,1.04137931034
539134,539142,539433,8,291,2,1800,1.02749140893
539134,539148,539434,14,286,2,1800,1.04895104895
539145,539154,539487,9,333,2,1800,1.02702702703
539145,539206,539543,61,337,2,1800,1.18100890208
539156,539281,539612,125,331,2,1800,1.37764350453
539187,539193,539554,6,361,1,1800,1.01662049861
539208,539346,539679,138,333,2,1800,1.41441441441
539279,539395,539726,116,331,2,1800,1.35045317221
539351,539380,539707,29,327,2,1800,1.08868501529
539382,539401,539726,19,325,2,1800,1.05846153846
539393,539411,539742,18,331,2,1800,1.05438066465
539404,539417,539747,13,330,2,1800,1.03939393939
539414,539423,539752,9,329,2,1800,1.0273556231
539415,539429,539753,14,324,2,1800,1.04320987654
539425,539435,539763,10,328,2,1800,1.03048780488
539426,539441,539769,15,328,2,1800,1.04573170732
539436,539447,539777,11,330,2,1800,1.03333333333
539437,539453,539781,16,328,2,1800,1.0487804878
539447,539459,539800,12,341,2,1800,1.03519061584
539458,539465,539802,7,337,2,1800,1.02077151335
539458,539471,539824,13,353,2,1800,1.03682719547
539469,539483,539819,14,336,2,1800,1.04166666667
539469,539477,539823,8,346,2,1800,1.02312138728
539480,539498,539835,18,337,2,1800,1.05341246291
539480,539555,539888,75,333,2,1800,1.22522522523
539501,539623,539961,122,338,2,1800,1.36094674556
539553,539690,540024,137,334,2,1800,1.41017964072
539625,539718,540050,93,332,2,1800,1.28012048193
539687,539737,540077,50,340,2,1800,1.14705882353
539718,539743,540076,25,333,2,1800,1.07507507508
539739,539753,540089,14,336,2,1800,1.04166666667
539739,539759,540096,20,337,2,1800,1.05934718101
539750,539765,540096,15,331,2,1800,1.04531722054
539760,539771,540112,11,341,2,1800,1.03225806452
539761,539777,540119,16,342,2,1800,1.04678362573
539771,539783,540125,12,342,2,1800,1.0350877193
539782,539789,540124,7,335,2,1800,1.02089552239
539782,539795,540137,13,342,2,1800,1.03801169591
539793,539818,540145,25,327,2,1800,1.07645259939
539793,539824,540156,31,332,2,1800,1.09337349398
539821,539830,540160,9,330,2,1800,1.02727272727
539822,539837,540175,15,338,2,1800,1.04437869822
539832,539843,540184,11,341,2,1800,1.03225806452
539833,539849,540139,16,290,2,1800,1.05517241379
539843,539899,540181,56,282,2,1800,1.19858156028
539854,539972,540294,118,322,2,1800,1.36645962733
539895,540035,540378,140,343,2,1800,1.40816326531
539977,540062,540407,85,345,2,1800,1.24637681159
540039,540094,540418,55,324,2,1800,1.16975308642
540060,540087,540420,27,333,2,1800,1.08108108108
540091,540100,540419,9,319,2,1800,1.02821316614
540091,540107,540424,16,317,2,1800,1.05047318612
540102,540113,540435,11,322,2,1800,1.03416149068
540112,540123,540435,11,312,2,1800,1.03525641026
540113,540130,540452,17,322,2,1800,1.05279503106
540123,540136,540451,13,315,2,1800,1.04126984127
540134,540148,540461,14,313,2,1800,1.0447284345
540134,540142,540455,8,313,2,1800,1.02555910543
540145,540154,540453,9,299,2,1800,1.03010033445
540145,540160,540460,15,300,2,1800,1.05
540156,540166,540462,10,296,2,1800,1.03378378378
540156,540172,540462,16,290,2,1800,1.05517241379
540167,540186,540485,19,299,2,1800,1.0635451505
540168,540192,540528,24,336,2,1800,1.07142857143
540189,540198,540537,9,339,2,1800,1.02654867257
540189,540305,540641,116,336,2,1800,1.34523809524
540200,540389,540722,189,333,2,1800,1.56756756757
540302,540424,540755,122,331,2,1800,1.36858006042
540395,540430,540762,35,332,2,1800,1.10542168675
540420,540436,540770,16,334,2,1800,1.04790419162
540431,540442,540777,11,335,2,1800,1.0328358209
540431,540448,540778,17,330,2,1800,1.05151515152
540442,540454,540783,12,329,2,1800,1.03647416413
540453,540466,540796,13,330,2,1800,1.03939393939
540453,540460,540793,7,333,2,1800,1.02102102102
540464,540478,540813,14,335,2,1800,1.04179104478
540464,540472,540799,8,327,2,1800,1.0244648318
540475,540484,540817,9,333,2,1800,1.02702702703
540475,540490,540827,15,337,2,1800,1.04451038576
540486,540496,540836,10,340,2,1800,1.02941176471
540486,540502,540837,16,335,2,1800,1.04776119403
540497,540514,540846,17,332,2,1800,1.05120481928
540497,540508,540846,11,338,2,1800,1.0325443787
540508,540539,540873,31,334,2,1800,1.09281437126
540518,540549,540889,31,340,2,1800,1.09117647059
540539,540652,540986,113,334,2,1800,1.33832335329
540550,540733,541066,183,333,2,1800,1.54954954955
540652,540767,541105,115,338,2,1800,1.34023668639
540734,540773,541107,39,334,2,1800,1.11676646707
540765,540781,541117,16,336,2,1800,1.04761904762
540776,540788,541124,12,336,2,1800,1.03571428571
540787,540800,541138,13,338,2,1800,1.03846153846
540787,540794,541131,7,337,2,1800,1.02077151335
540798,540812,541158,14,346,2,1800,1.04046242775
540798,540806,541149,8,343,2,1800,1.02332361516
540809,540824,541161,15,337,2,1800,1.04451038576
540809,540818,541157,9,339,2,1800,1.02654867257
540820,540839,541177,19,338,2,1800,1.05621301775
540820,540830,541167,10,337,2,1800,1.0296735905
540831,540847,541176,16,329,2,1800,1.04863221884
540841,540853,541187,12,334,2,1800,1.03592814371
540852,540859,541199,7,340,2,1800,1.02058823529
540852,540865,541203,13,338,2,1800,1.03846153846
540863,540885,541204,22,319,2,1800,1.06896551724
540863,540900,541228,37,328,2,1800,1.11280487805
540884,540997,541284,113,287,2,1800,1.393728223
540905,541078,541419,173,341,2,1800,1.5073313783
540997,541116,541460,119,344,2,1800,1.34593023256
541080,541122,541441,42,319,2,1800,1.13166144201
541121,541135,541457,14,322,2,1800,1.04347826087
541121,541128,541451,7,323,2,1800,1.02167182663
541132,541142,541457,10,315,2,1800,1.03174603175
541132,541149,541467,17,318,2,1800,1.0534591195
541143,541160,541475,17,315,2,1800,1.05396825397
541154,541168,541487,14,319,2,1800,1.04388714734
541164,541174,541485,10,311,2,1800,1.03215434084
541165,541180,541484,15,304,2,1800,1.04934210526
541175,541186,541499,11,313,2,1800,1.03514376997
541176,541192,541494,16,302,2,1800,1.05298013245
541186,541198,541504,12,306,2,1800,1.03921568627
541197,541210,541508,13,298,2,1800,1.04362416107
541197,541204,541513,7,309,2,1800,1.02265372168
541208,541216,541512,8,296,2,1800,1.02702702703
541208,541222,541561,14,339,2,1800,1.0412979351
541219,541239,541576,20,337,2,1800,1.05934718101
541219,541296,541631,77,335,2,1800,1.22985074627
541240,541430,541777,190,347,2,1800,1.54755043228
541292,541462,541796,170,334,2,1800,1.50898203593
541435,541452,541786,17,334,2,1800,1.05089820359
541456,541468,541806,12,338,2,1800,1.03550295858
541466,541474,541808,8,334,2,1800,1.02395209581
541467,541480,541816,13,336,2,1800,1.03869047619
541478,541486,541819,8,333,2,1800,1.02402402402
541478,541491,541830,13,339,2,1800,1.0383480826
541488,541497,541835,9,338,2,1800,1.02662721893
541489,541503,541839,14,336,2,1800,1.04166666667
541499,541509,541842,10,333,2,1800,1.03003003003
541500,541515,541852,15,337,2,1800,1.04451038576
541501,541520,541559,19,39,1,1800,1.48717948718
541511,541532,541870,21,338,2,1800,1.06213017751
541511,541527,541861,16,334,2,1800,1.04790419162
541532,541538,541874,6,336,2,1800,1.01785714286
541532,541543,541876,11,333,2,1800,1.03303303303
541543,541549,541882,6,333,2,1800,1.01801801802
541543,541573,541906,30,333,2,1800,1.09009009009
541554,541587,541921,33,334,2,1800,1.09880239521
541575,541642,541977,67,335,2,1800,1.2
541585,541788,542130,203,342,2,1800,1.59356725146
541647,541797,542132,150,335,2,1800,1.44776119403
541790,541807,542139,17,332,2,1800,1.05120481928
541801,541818,542154,17,336,2,1800,1.0505952381
541812,541824,542156,12,332,2,1800,1.03614457831
541822,541830,542167,8,337,2,1800,1.0237388724
541823,541836,542170,13,334,2,1800,1.03892215569
541829,541848,541918,19,70,1,1800,1.27142857143
541834,541842,542186,8,344,2,1800,1.02325581395
541834,541854,542201,20,347,2,1800,1.05763688761
541845,541860,542206,15,346,2,1800,1.04335260116
541855,541866,542208,11,342,2,1800,1.03216374269
541856,541872,542207,16,335,2,1800,1.04776119403
541866,541878,542214,12,336,2,1800,1.03571428571
541877,541885,542215,8,330,2,1800,1.02424242424
541878,541890,542220,12,330,2,1800,1.03636363636
541888,541896,542236,8,340,2,1800,1.02352941176
541889,541902,542229,13,327,2,1800,1.03975535168
541899,541917,542258,18,341,2,1800,1.05278592375
541900,541933,542278,33,345,2,1800,1.09565217391
541922,541988,542330,66,342,2,1800,1.19298245614
541932,542141,542482,209,341,2,1800,1.61290322581
541984,542148,542504,164,356,2,1800,1.4606741573
542137,542155,542474,18,319,2,1800,1.05642633229
542148,542165,542484,17,319,2,1800,1.05329153605
542159,542171,542493,12,322,2,1800,1.03726708075
542169,542178,542502,9,324,2,1800,1.02777777778
542170,542184,542506,14,322,2,1800,1.04347826087
542180,542197,542517,17,320,2,1800,1.053125
542181,542212,542529,31,317,2,1800,1.09779179811
542202,542218,542529,16,311,2,1800,1.05144694534
542212,542224,542535,12,311,2,1800,1.038585209
542223,542231,542536,8,305,2,1800,1.0262295082
542223,542236,542551,13,315,2,1800,1.04126984127
542234,542242,542548,8,306,2,1800,1.02614379085
542235,542248,542550,13,302,2,1800,1.04304635762
542245,542254,542552,9,298,2,1800,1.03020134228
542246,542260,542547,14,287,2,1800,1.0487804878
542256,542269,542603,13,334,2,1800,1.03892215569
542257,542289,542634,32,345,2,1800,1.09275362319
542267,542342,542677,75,335,2,1800,1.22388059701
542288,542485,542821,197,336,2,1800,1.58630952381
542340,542493,542826,153,333,2,1800,1.45945945946
542483,542499,542836,16,337,2,1800,1.04747774481
542493,542505,542846,12,341,2,1800,1.03519061584
542504,542519,542853,15,334,2,1800,1.04491017964
542505,542513,542849,8,336,2,1800,1.02380952381
542515,542525,542859,10,334,2,1800,1.02994011976
542516,542531,542862,15,331,2,1800,1.04531722054
542526,542540,542872,14,332,2,1800,1.0421686747
542527,542546,542880,19,334,2,1800,1.05688622754
542536,542558,542796,22,238,1,1800,1.09243697479
542538,542552,542884,14,332,2,1800,1.0421686747
542548,542564,542902,16,338,2,1800,1.04733727811
542549,542570,542904,21,334,2,1800,1.0628742515
542570,542576,542914,6,338,2,1800,1.01775147929
542570,542581,542919,11,338,2,1800,1.0325443787
542581,542593,542924,12,331,2,1800,1.03625377644
542581,542587,542922,6,335,2,1800,1.01791044776
542592,542614,542946,22,332,2,1800,1.06626506024
542592,542645,542985,53,340,2,1800,1.15588235294
542613,542688,543024,75,336,2,1800,1.22321428571
542644,542833,543167,189,334,2,1800,1.56586826347
542686,542839,543176,153,337,2,1800,1.45400593472
542830,542847,543186,17,339,2,1800,1.05014749263
542841,542857,543189,16,332,2,1800,1.04819277108
542851,542863,543196,12,333,2,1800,1.03603603604
542862,542869,543205,7,336,2,1800,1.02083333333
542863,542876,543207,13,331,2,1800,1.03927492447
542873,542883,543243,10,360,2,1800,1.02777777778
542874,542888,543231,14,343,2,1800,1.04081632653
542884,542894,543237,10,343,2,1800,1.02915451895
542885,542900,543243,15,343,2,1800,1.04373177843
542896,542913,543251,17,338,2,1800,1.05029585799
542896,542920,543253,24,333,2,1800,1.07207207207
542917,542927,543255,10,328,2,1800,1.03048780488
542917,542933,543267,16,334,2,1800,1.04790419162
542928,542940,543285,12,345,2,1800,1.0347826087
542939,542946,543276,7,330,2,1800,1.02121212121
542939,542957,543292,18,335,2,1800,1.05373134328
542950,542997,543348,47,351,2,1800,1.1339031339
542961,543035,543379,74,344,2,1800,1.21511627907
543002,543178,543523,176,345,2,1800,1.51014492754
543033,543187,543534,154,347,2,1800,1.44380403458
543176,543197,543516,21,319,2,1800,1.065830721
543187,543203,543519,16,316,2,1800,1.05063291139
543198,543209,543522,11,313,2,1800,1.03514376997
543208,543216,543536,8,320,2,1800,1.025
543209,543222,543527,13,305,2,1800,1.04262295082
543219,543248,543568,29,320,2,1800,1.090625
543220,543242,543557,22,315,2,1800,1.06984126984
543240,543254,543570,14,316,2,1800,1.04430379747
543251,543260,543570,9,310,2,1800,1.02903225806
543251,543266,543577,15,311,2,1800,1.04823151125
543262,543273,543577,11,304,2,1800,1.03618421053
543262,543279,543586,17,307,2,1800,1.05537459283
543273,543285,543586,12,301,2,1800,1.03986710963
543284,543291,543592,7,301,2,1800,1.02325581395
543284,543297,543590,13,293,2,1800,1.04436860068
543295,543303,543637,8,334,2,1800,1.02395209581
543295,543359,543692,64,333,2,1800,1.19219219219
543306,543390,543724,84,334,2,1800,1.25149700599
543357,543527,543868,170,341,2,1800,1.49853372434
543388,543533,543868,145,335,2,1800,1.4328358209
543498,543504,544101,6,597,1,36000,1.01005025126
543532,543539,543878,7,339,2,1800,1.02064896755
543532,543545,543885,13,340,2,1800,1.03823529412
543543,543551,543887,8,336,2,1800,1.02380952381
543543,543557,543891,14,334,2,1800,1.04191616766
543554,543563,543898,9,335,2,1800,1.02686567164
543554,543569,543905,15,336,2,1800,1.04464285714
543565,543585,543923,20,338,2,1800,1.05917159763
543565,543579,543917,14,338,2,1800,1.04142011834
543576,543591,543926,15,335,2,1800,1.0447761194
543587,543597,543930,10,333,2,1800,1.03003003003
543587,543602,543941,15,339,2,1800,1.04424778761
543598,543614,543953,16,339,2,1800,1.04719764012
543598,543608,543953,10,345,2,1800,1.02898550725
543609,543626,543968,17,342,2,1800,1.04970760234
543609,543620,543969,11,349,2,1800,1.03151862464
543620,543648,543990,28,342,2,1800,1.08187134503
543631,543703,544040,72,337,2,1800,1.21364985163
543651,543735,544069,84,334,2,1800,1.25149700599
543703,543879,544211,176,332,2,1800,1.53012048193
543734,543885,544216,151,331,2,1800,1.45619335347
543877,543891,544228,14,337,2,1800,1.04154302671
543888,543903,544236,15,333,2,1800,1.04504504505
543888,543897,544232,9,335,2,1800,1.02686567164
543899,543909,544249,10,340,2,1800,1.02941176471
543899,543915,544250,16,335,2,1800,1.04776119403
543910,543921,544223,11,302,2,1800,1.03642384106
543911,543928,544223,17,295,2,1800,1.05762711864
543921,543934,544202,13,268,2,1800,1.04850746269
543932,543946,544205,14,259,2,1800,1.05405405405
543932,543940,544180,8,240,2,1800,1.03333333333
543943,543952,544290,9,338,2,1800,1.02662721893
543943,543964,544309,21,345,2,1800,1.06086956522
543954,543969,544314,15,345,2,1800,1.04347826087
543965,543979,544324,14,345,2,1800,1.04057971014
543965,543985,544330,20,345,2,1800,1.05797101449
543976,544001,544340,25,339,2,1800,1.07374631268
543986,544051,544382,65,331,2,1800,1.19637462236
543997,544080,544403,83,323,2,1800,1.25696594427
544048,544191,544518,143,327,2,1800,1.4373088685
544079,544213,544542,134,329,2,1800,1.40729483283
544192,544219,544512,27,293,2,1800,1.09215017065
544213,544225,544509,12,284,2,1800,1.04225352113
544224,544237,544514,13,277,2,1800,1.04693140794
544224,544231,544510,7,279,2,1800,1.02508960573
544235,544243,544517,8,274,2,1800,1.02919708029
544235,544248,544520,13,272,2,1800,1.04779411765
544246,544260,544517,14,257,2,1800,1.05447470817
544246,544254,544518,8,264,2,1800,1.0303030303
544257,544266,544515,9,249,2,1800,1.03614457831
544257,544272,544507,15,235,2,1800,1.06382978723
544268,544301,544529,33,228,2,1800,1.14473684211
544268,544320,544539,52,219,2,1800,1.23744292237
544299,544326,544536,27,210,2,1800,1.12857142857
544320,544335,544535,15,200,2,1800,1.075
544331,544341,544539,10,198,2,1800,1.05050505051
544331,544351,544688,20,337,2,1800,1.05934718101
544342,544393,544728,51,335,2,1800,1.15223880597
544352,544414,544759,62,345,2,1800,1.17971014493
544393,544518,544865,125,347,2,1800,1.36023054755
544414,544524,544862,110,338,2,1800,1.32544378698
544517,544530,544868,13,338,2,1800,1.03846153846
544527,544537,544875,10,338,2,1800,1.02958579882
544528,544542,544878,14,336,2,1800,1.04166666667
544538,544548,544885,10,337,2,1800,1.0296735905
544539,544554,544887,15,333,2,1800,1.04504504505
544549,544560,544903,11,343,2,1800,1.03206997085
544550,544566,544897,16,331,2,1800,1.04833836858
544560,544572,544907,12,335,2,1800,1.03582089552
544571,544578,544912,7,334,2,1800,1.02095808383
544572,544584,544918,12,334,2,1800,1.03592814371
544582,544590,544934,8,344,2,1800,1.02325581395
544583,544595,544943,12,348,2,1800,1.03448275862
544593,544601,544940,8,339,2,1800,1.02359882006
544594,544606,544946,12,340,2,1800,1.03529411765
544604,544613,544947,9,334,2,1800,1.02694610778
544605,544699,545037,94,338,2,1800,1.27810650888
544615,544739,545077,124,338,2,1800,1.36686390533
544697,544770,545099,73,329,2,1800,1.22188449848
544739,544879,545212,140,333,2,1800,1.42042042042
544770,544873,545202,103,329,2,1800,1.31306990881
544872,544885,545215,13,330,2,1800,1.03939393939
544883,544897,545225,14,328,2,1800,1.04268292683
544883,544891,545222,8,331,2,1800,1.02416918429
544894,544903,545231,9,328,2,1800,1.02743902439
544894,544909,545245,15,336,2,1800,1.04464285714
544905,544915,545165,10,250,2,1800,1.04
544905,544921,545161,16,240,2,1800,1.06666666667
544916,544933,545241,17,308,2,1800,1.05519480519
544916,544927,545186,11,259,2,1800,1.04247104247
544927,544939,545280,12,341,2,1800,1.03519061584
544938,544945,545290,7,345,2,1800,1.02028985507
544938,544951,545294,13,343,2,1800,1.03790087464
544949,544963,545306,14,343,2,1800,1.04081632653
544949,544957,545298,8,341,2,1800,1.02346041056
544960,545048,545387,88,339,2,1800,1.25958702065
544960,544969,545314,9,345,2,1800,1.02608695652
544971,545088,545410,117,322,2,1800,1.36335403727
545053,545110,545434,57,324,2,1800,1.17592592593
545084,545173,545494,89,321,2,1800,1.27725856698
545115,545179,545501,64,322,2,1800,1.19875776398
545177,545197,545492,20,295,2,1800,1.06779661017
545177,545213,545499,36,286,2,1800,1.12587412587
545198,545223,545509,25,286,2,1800,1.08741258741
545209,545229,545500,20,271,2,1800,1.07380073801
545219,545235,545510,16,275,2,1800,1.05818181818
545230,545241,545513,11,272,2,1800,1.04044117647
545240,545247,545506,7,259,2,1800,1.02702702703
545241,545253,545504,12,251,2,1800,1.04780876494
545252,545291,545530,39,239,2,1800,1.16317991632
545252,545259,545499,7,240,2,1800,1.02916666667
545263,545302,545532,39,230,2,1800,1.16956521739
545294,545308,545530,14,222,2,1800,1.06306306306
545304,545314,545528,10,214,2,1800,1.04672897196
545305,545320,545523,15,203,2,1800,1.07389162562
545315,545326,545522,11,196,2,1800,1.05612244898
545316,545398,545731,82,333,2,1800,1.24624624625
545326,545422,545765,96,343,2,1800,1.27988338192
545398,545445,545778,47,333,2,1800,1.14114114114
545419,545503,545841,84,338,2,1800,1.24852071006
545445,545451,631867,6,86416,1,86400,1.00006943159
545450,545509,545843,59,334,2,1800,1.17664670659
545502,545517,545854,15,337,2,1800,1.04451038576
545513,545523,545859,10,336,2,1800,1.02976190476
545513,545529,545863,16,334,2,1800,1.04790419162
545524,545541,545876,17,335,2,1800,1.05074626866
545524,545535,545868,11,333,2,1800,1.03303303303
545535,545548,545886,13,338,2,1800,1.03846153846
545546,545560,545897,14,337,2,1800,1.04154302671
545546,545554,545892,8,338,2,1800,1.02366863905
545557,545566,545901,9,335,2,1800,1.02686567164
545557,545572,545903,15,331,2,1800,1.04531722054
545568,545583,545917,15,334,2,1800,1.04491017964
545568,545578,545907,10,329,2,1800,1.03039513678
545579,545590,545924,11,334,2,1800,1.03293413174
545580,545596,545927,16,331,2,1800,1.04833836858
545590,545602,545941,12,339,2,1800,1.03539823009
545601,545742,546070,141,328,2,1800,1.42987804878
545601,545776,546102,175,326,2,1800,1.53680981595
545745,545789,546117,44,328,2,1800,1.13414634146
545776,545852,546181,76,329,2,1800,1.23100303951
545786,545858,546182,72,324,2,1800,1.22222222222
545848,545865,546189,17,324,2,1800,1.0524691358
545859,545871,546204,12,333,2,1800,1.03603603604
545870,545877,546207,7,330,2,1800,1.02121212121
545870,545884,546208,14,324,2,1800,1.04320987654
545881,545902,546151,21,249,2,1800,1.0843373494
545881,545890,546220,9,330,2,1800,1.02727272727
545882,545896,603510,14,57614,12,57600,1.00024299649
545892,545909,546169,17,260,2,1800,1.06538461538
545903,545914,546242,11,328,2,1800,1.03353658537
545913,545921,546258,8,337,2,1800,1.0237388724
545914,545926,546266,12,340,2,1800,1.03529411765
545924,545932,546277,8,345,2,1800,1.0231884058
545925,545938,546293,13,355,2,1800,1.03661971831
545936,545944,546285,8,341,2,1800,1.02346041056
545936,545950,546297,14,347,2,1800,1.04034582133
545947,546081,546421,134,340,2,1800,1.39411764706
545947,545956,546298,9,342,2,1800,1.02631578947
545958,546117,546441,159,324,2,1800,1.49074074074
546017,546023,553910,6,7887,12,21600,1.00076074553
546081,546128,546457,47,329,2,1800,1.14285714286
546122,546162,546487,40,325,2,1800,1.12307692308
546133,546180,546509,47,329,2,1800,1.14285714286
546143,546149,568297,6,22148,12,43200,1.00027090482
546164,546192,546485,28,293,2,1800,1.09556313993
546185,546198,546483,13,285,2,1800,1.04561403509
546195,546204,546486,9,282,2,1800,1.03191489362
546196,546215,546488,19,273,2,1800,1.0695970696
546207,546221,546477,14,256,2,1800,1.0546875
546217,546228,546490,11,262,2,1800,1.04198473282
546218,546234,546496,16,262,2,1800,1.06106870229
546228,546253,546504,25,251,2,1800,1.09960159363
546239,546269,546505,30,236,2,1800,1.12711864407
546250,546277,546511,27,234,2,1800,1.11538461538
546271,546288,546504,17,216,2,1800,1.0787037037
546281,546296,546507,15,211,2,1800,1.07109004739
546292,546304,546507,12,203,2,1800,1.05911330049
546292,546311,546507,19,196,2,1800,1.09693877551
546303,546317,546512,14,195,2,1800,1.07179487179
546314,546432,546764,118,332,2,1800,1.35542168675
546314,546452,546786,138,334,2,1800,1.41317365269
546428,546468,546804,40,336,2,1800,1.11904761905
546448,546489,546821,41,332,2,1800,1.1234939759
546469,546495,546831,26,336,2,1800,1.07738095238
546491,546503,546840,12,337,2,1800,1.03560830861
546491,546508,546842,17,334,2,1800,1.05089820359
546502,546514,546849,12,335,2,1800,1.03582089552
546512,546521,546851,9,330,2,1800,1.02727272727
546513,546526,546856,13,330,2,1800,1.03939393939
546523,546532,546864,9,332,2,1800,1.02710843373
546524,546538,546865,14,327,2,1800,1.04281345566
546535,546550,546881,15,331,2,1800,1.04531722054
546535,546544,546888,9,344,2,1800,1.0261627907
546546,546556,546881,10,325,2,1800,1.03076923077
546546,546562,546893,16,331,2,1800,1.04833836858
546557,546568,546902,11,334,2,1800,1.03293413174
546557,546574,546907,17,333,2,1800,1.05105105105
546568,546580,546912,12,332,2,1800,1.03614457831
546579,546776,547104,197,328,2,1800,1.6006097561
546579,546586,546918,7,332,2,1800,1.02108433735
546590,546797,547122,207,325,2,1800,1.63692307692
546774,546815,547149,41,334,2,1800,1.12275449102
546795,546832,547158,37,326,2,1800,1.11349693252
546816,546842,547164,26,322,2,1800,1.08074534161
546837,546851,547176,14,325,2,1800,1.04307692308
546847,546857,547182,10,325,2,1800,1.03076923077
546848,546864,547191,16,327,2,1800,1.04892966361
546858,546869,547198,11,329,2,1800,1.03343465046
546869,546881,547173,12,292,2,1800,1.04109589041
546869,546876,547202,7,326,2,1800,1.02147239264
546880,546887,547172,7,285,2,1800,1.02456140351
546880,546893,547182,13,289,2,1800,1.04498269896
546891,546899,547215,8,316,2,1800,1.0253164557
546892,546905,547240,13,335,2,1800,1.03880597015
546902,546911,547250,9,339,2,1800,1.02654867257
546903,546917,547259,14,342,2,1800,1.04093567251
546913,546923,547269,10,346,2,1800,1.0289017341
546914,546929,547277,15,348,2,1800,1.04310344828
546924,546935,547274,11,339,2,1800,1.03244837758
546925,547115,547447,190,332,2,1800,1.57228915663
546935,547134,547462,199,328,2,1800,1.60670731707
547120,547160,547487,40,327,2,1800,1.12232415902
547130,547169,547498,39,329,2,1800,1.11854103343
547161,547175,547502,14,327,2,1800,1.04281345566
547172,547183,547476,11,293,2,1800,1.03754266212
547172,547189,547470,17,281,2,1800,1.06049822064
547183,547195,547475,12,280,2,1800,1.04285714286
547194,547201,547475,7,274,2,1800,1.02554744526
547194,547207,547474,13,267,2,1800,1.04868913858
547205,547213,547483,8,270,2,1800,1.02962962963
547205,547218,547481,13,263,2,1800,1.04942965779
547216,547225,547475,9,250,2,1800,1.036
547216,547231,547467,15,236,2,1800,1.06355932203
547227,547262,547478,35,216,2,1800,1.16203703704
547227,547251,547486,24,235,2,1800,1.10212765957
547248,547270,547476,22,206,2,1800,1.1067961165
547259,547280,547487,21,207,2,1800,1.10144927536
547270,547286,547477,16,191,2,1800,1.08376963351
547280,547292,547480,12,188,2,1800,1.06382978723
547291,547458,547789,167,331,2,1800,1.50453172205
547291,547473,547802,182,329,2,1800,1.55319148936
547455,547480,547809,25,329,2,1800,1.07598784195
547476,547486,547817,10,331,2,1800,1.03021148036
547477,547492,547820,15,328,2,1800,1.04573170732
547487,547499,547829,12,330,2,1800,1.03636363636
547488,547504,547834,16,330,2,1800,1.04848484848
547498,547510,547839,12,329,2,1800,1.03647416413
547509,547516,547847,7,331,2,1800,1.02114803625
547509,547522,547850,13,328,2,1800,1.03963414634
547520,547528,547857,8,329,2,1800,1.02431610942
547520,547533,547861,13,328,2,1800,1.03963414634
547531,547540,547867,9,327,2,1800,1.02752293578
547531,547545,547871,14,326,2,1800,1.04294478528
547542,547557,547878,15,321,2,1800,1.04672897196
547542,547552,547881,10,329,2,1800,1.03039513678
547553,547564,547888,11,324,2,1800,1.03395061728
547553,547569,547894,16,325,2,1800,1.04923076923
547564,547576,547905,12,329,2,1800,1.03647416413
547575,547801,548133,226,332,2,1800,1.68072289157
547575,547582,547912,7,330,2,1800,1.02121212121
547586,547813,548138,227,325,2,1800,1.69846153846
547689,547695,727714,6,180019,10,180000,1.00003332982
547801,547821,548151,20,330,2,1800,1.06060606061
547811,547828,548151,17,323,2,1800,1.05263157895
547822,547834,548151,12,317,2,1800,1.03785488959
547832,547840,548161,8,321,2,1800,1.02492211838
547833,547846,548171,13,325,2,1800,1.04
547844,547852,548176,8,324,2,1800,1.02469135802
547844,547859,548186,15,327,2,1800,1.04587155963
547855,547871,548168,16,297,2,1800,1.05387205387
547855,547865,548203,10,338,2,1800,1.02958579882
547866,547878,548167,12,289,2,1800,1.04152249135
547876,547884,548168,8,284,2,1800,1.02816901408
547877,547890,548175,13,285,2,1800,1.04561403509
547887,547896,548200,9,304,2,1800,1.02960526316
547888,547902,548228,14,326,2,1800,1.04294478528
547899,547908,548246,9,338,2,1800,1.02662721893
547899,547914,548252,15,338,2,1800,1.04437869822
547910,547920,548260,10,340,2,1800,1.02941176471
547910,547926,548267,16,341,2,1800,1.04692082111
547921,548144,548478,223,334,2,1800,1.66766467066
547931,548150,548471,219,321,2,1800,1.68224299065
548146,548162,548488,16,326,2,1800,1.0490797546
548147,548168,548494,21,326,2,1800,1.06441717791
548167,548174,548500,7,326,2,1800,1.02147239264
548168,548179,548465,11,286,2,1800,1.03846153846
548179,548190,548464,11,274,2,1800,1.0401459854
548179,548185,548463,6,278,2,1800,1.02158273381
548190,548202,548462,12,260,2,1800,1.04615384615
548190,548197,548468,7,271,2,1800,1.0258302583
548201,548214,548471,13,257,2,1800,1.05058365759
548201,548208,548476,7,268,2,1800,1.02611940299
548212,548220,548462,8,242,2,1800,1.03305785124
548212,548226,548453,14,227,2,1800,1.06167400881
548223,548239,548455,16,216,2,1800,1.07407407407
548223,548232,548464,9,232,2,1800,1.03879310345
548234,548257,548463,23,206,2,1800,1.11165048544
548245,548263,548471,18,208,2,1800,1.08653846154
548255,548271,548466,16,195,2,1800,1.08205128205
548266,548279,548469,13,190,2,1800,1.06842105263
548276,548464,548787,188,323,2,1800,1.58204334365
548277,548470,548794,193,324,2,1800,1.59567901235
548461,548477,548804,16,327,2,1800,1.04892966361
548472,548483,548810,11,327,2,1800,1.03363914373
548482,548489,548813,7,324,2,1800,1.02160493827
548483,548495,548821,12,326,2,1800,1.03680981595
548493,548501,548826,8,325,2,1800,1.02461538462
548494,548507,548832,13,325,2,1800,1.04
548504,548513,548843,9,330,2,1800,1.02727272727
548505,548519,548843,14,324,2,1800,1.04320987654
548516,548525,548855,9,330,2,1800,1.02727272727
548516,548531,548859,15,328,2,1800,1.04573170732
548527,548537,548864,10,327,2,1800,1.03058103976
548527,548542,548868,15,326,2,1800,1.04601226994
548538,548555,548877,17,322,2,1800,1.05279503106
548538,548549,548879,11,330,2,1800,1.03333333333
548549,548561,548889,12,328,2,1800,1.03658536585
548559,548567,548900,8,333,2,1800,1.02402402402
548560,548573,548900,13,327,2,1800,1.03975535168
548571,548799,549128,228,329,2,1800,1.69300911854
548571,548579,548900,8,321,2,1800,1.02492211838
548582,548805,549127,223,322,2,1800,1.69254658385
548797,548816,549135,19,319,2,1800,1.05956112853
548807,548822,549148,15,326,2,1800,1.04601226994
548818,548834,549155,16,321,2,1800,1.04984423676
548818,548828,549154,10,326,2,1800,1.03067484663
548829,548840,549168,11,328,2,1800,1.03353658537
548840,548846,549173,6,327,2,1800,1.01834862385
548840,548854,549185,14,331,2,1800,1.04229607251
548851,548860,549186,9,326,2,1800,1.02760736196
548851,548866,549168,15,302,2,1800,1.04966887417
548862,548872,549165,10,293,2,1800,1.03412969283
548862,548878,549167,16,289,2,1800,1.0553633218
548873,548884,549175,11,291,2,1800,1.03780068729
548884,548890,549173,6,283,2,1800,1.02120141343
548884,548896,549187,12,291,2,1800,1.0412371134
548895,548902,549223,7,321,2,1800,1.02180685358
548895,548911,549246,16,335,2,1800,1.04776119403
548906,548917,549256,11,339,2,1800,1.03244837758
548916,548923,549264,7,341,2,1800,1.02052785924
548917,549144,549476,227,332,2,1800,1.68373493976
548927,549138,549466,211,328,2,1800,1.64329268293
549142,549150,549472,8,322,2,1800,1.0248447205
549143,549159,549485,16,326,2,1800,1.0490797546
549154,549165,549490,11,325,2,1800,1.03384615385
549164,549171,549462,7,291,2,1800,1.02405498282
549165,549178,549464,13,286,2,1800,1.04545454545
549175,549185,549466,10,281,2,1800,1.03558718861
549176,549190,549462,14,272,2,1800,1.05147058824
549187,549202,549459,15,257,2,1800,1.05836575875
549187,549196,549469,9,273,2,1800,1.03296703297
549198,549208,549466,10,258,2,1800,1.03875968992
549198,549214,549452,16,238,2,1800,1.06722689076
549209,549220,549460,11,240,2,1800,1.04583333333
549210,549226,549458,16,232,2,1800,1.06896551724
549220,549232,549448,12,216,2,1800,1.05555555556
549231,549257,549464,26,207,2,1800,1.12560386473
549231,549238,549454,7,216,2,1800,1.03240740741
549242,549268,549463,26,195,2,1800,1.13333333333
549253,549275,549467,22,192,2,1800,1.11458333333
549274,549459,549781,185,322,2,1800,1.57453416149
549274,549466,549787,192,321,2,1800,1.59813084112
549458,549471,549796,13,325,2,1800,1.04
549469,549478,549803,9,325,2,1800,1.02769230769
549470,549483,549805,13,322,2,1800,1.04037267081
549480,549490,549816,10,326,2,1800,1.03067484663
549481,549495,549816,14,321,2,1800,1.04361370717
549491,549501,549824,10,323,2,1800,1.03095975232
549492,549507,549840,15,333,2,1800,1.04504504505
549503,549513,549836,10,323,2,1800,1.03095975232
549503,549519,549847,16,328,2,1800,1.0487804878
549514,549531,549856,17,325,2,1800,1.05230769231
549514,549525,549853,11,328,2,1800,1.03353658537
549525,549537,549861,12,324,2,1800,1.03703703704
549536,549549,549865,13,316,2,1800,1.04113924051
549536,549543,549864,7,321,2,1800,1.02180685358
549547,549555,549877,8,322,2,1800,1.0248447205
549547,549561,549884,14,323,2,1800,1.04334365325
549558,549573,549896,15,323,2,1800,1.04643962848
549558,549567,549891,9,324,2,1800,1.02777777778
549569,549792,550115,223,323,2,1800,1.69040247678
549570,549799,550122,229,323,2,1800,1.70897832817
549795,549807,550126,12,319,2,1800,1.03761755486
549795,549814,550138,19,324,2,1800,1.05864197531
549806,549820,550147,14,327,2,1800,1.04281345566
549817,549833,550154,16,321,2,1800,1.04984423676
549817,549827,550156,10,329,2,1800,1.03039513678
549828,549839,550161,11,322,2,1800,1.03416149068
549828,549854,550177,26,323,2,1800,1.08049535604
549839,549847,550170,8,323,2,1800,1.02476780186
549850,549860,550166,10,306,2,1800,1.03267973856
549850,549866,550164,16,298,2,1800,1.05369127517
549861,549873,550165,12,292,2,1800,1.04109589041
549871,549879,550171,8,292,2,1800,1.02739726027
549872,549885,550173,13,288,2,1800,1.04513888889
549883,549891,550180,8,289,2,1800,1.0276816609
549883,549897,550174,14,277,2,1800,1.05054151625
549894,549903,550209,9,306,2,1800,1.02941176471
549894,549909,550234,15,325,2,1800,1.04615384615
549905,550126,550456,221,330,2,1800,1.6696969697
549905,549915,550257,10,342,2,1800,1.02923976608
549916,550134,550463,218,329,2,1800,1.66261398176
550131,550149,550472,18,323,2,1800,1.05572755418
550131,550140,550460,9,320,2,1800,1.028125
550142,550158,550478,16,320,2,1800,1.05
550153,550166,550455,13,289,2,1800,1.04498269896
550164,550172,550453,8,281,2,1800,1.02846975089
550164,550178,550456,14,278,2,1800,1.05035971223
550175,550190,550445,15,255,2,1800,1.05882352941
550175,550185,550450,10,265,2,1800,1.03773584906
550186,550202,550455,16,253,2,1800,1.06324110672
550186,550197,550461,11,264,2,1800,1.04166666667
550197,550208,550454,11,246,2,1800,1.04471544715
550198,550214,550449,16,235,2,1800,1.06808510638
550208,550220,550450,12,230,2,1800,1.05217391304
550219,550233,550433,14,200,2,1800,1.07
550219,550227,550437,8,210,2,1800,1.0380952381
550230,550239,550438,9,199,2,1800,1.04522613065
550231,550245,550444,14,199,2,1800,1.07035175879
550241,550268,550457,27,189,2,1800,1.14285714286
550242,550444,550763,202,319,2,1800,1.63322884013
550273,550450,550770,177,320,2,1800,1.553125
550447,550463,550785,16,322,2,1800,1.04968944099
550447,550457,550779,10,322,2,1800,1.03105590062
550458,550475,550796,17,321,2,1800,1.05295950156
550458,550470,550791,12,321,2,1800,1.03738317757
550469,550481,550807,12,326,2,1800,1.03680981595
550480,550487,550812,7,325,2,1800,1.02153846154
550480,550493,550813,13,320,2,1800,1.040625
550491,550505,550826,14,321,2,1800,1.04361370717
550491,550499,550821,8,322,2,1800,1.0248447205
550502,550511,550835,9,324,2,1800,1.02777777778
550502,550517,550840,15,323,2,1800,1.04643962848
550513,550523,550847,10,324,2,1800,1.03086419753
550514,550529,550856,15,327,2,1800,1.04587155963
550524,550535,550856,11,321,2,1800,1.03426791277
550525,550541,550865,16,324,2,1800,1.04938271605
550535,550547,550865,12,318,2,1800,1.03773584906
550546,550553,550878,7,325,2,1800,1.02153846154
550546,550559,550881,13,322,2,1800,1.04037267081
550557,550776,551099,219,323,2,1800,1.67801857585
550558,550782,551103,224,321,2,1800,1.69781931464
550772,550790,551112,18,322,2,1800,1.05590062112
550783,550796,551115,13,319,2,1800,1.0407523511
550794,550808,551130,14,322,2,1800,1.04347826087
550794,550802,551125,8,323,2,1800,1.02476780186
550805,550824,551148,19,324,2,1800,1.05864197531
550805,550818,551148,13,330,2,1800,1.03939393939
550816,550830,551154,14,324,2,1800,1.04320987654
550827,550836,551154,9,318,2,1800,1.02830188679
550827,550843,551156,16,313,2,1800,1.05111821086
550838,550849,551154,11,305,2,1800,1.03606557377
550848,550855,551152,7,297,2,1800,1.02356902357
550849,550861,551155,12,294,2,1800,1.04081632653
550860,550868,551157,8,289,2,1800,1.0276816609
550860,550874,551158,14,284,2,1800,1.04929577465
550871,550880,551165,9,285,2,1800,1.03157894737
550871,550886,551165,15,279,2,1800,1.05376344086
550882,550892,551189,10,297,2,1800,1.03367003367
550882,550898,551212,16,314,2,1800,1.05095541401
550893,551111,551440,218,329,2,1800,1.66261398176
550893,551117,551439,224,322,2,1800,1.69565217391
551108,551123,551444,15,321,2,1800,1.04672897196
551119,551129,551450,10,321,2,1800,1.03115264798
551120,551136,551448,16,312,2,1800,1.05128205128
551130,551142,551441,12,299,2,1800,1.04013377926
551141,551164,551427,23,263,2,1800,1.08745247148
551141,551159,551439,18,280,2,1800,1.06428571429
551162,551171,551432,9,261,2,1800,1.03448275862
551163,551176,551438,13,262,2,1800,1.04961832061
551173,551182,551432,9,250,2,1800,1.036
551174,551188,551440,14,252,2,1800,1.05555555556
551184,551194,551427,10,233,2,1800,1.04291845494
551185,551199,551428,14,229,2,1800,1.06113537118
551195,551206,551430,11,224,2,1800,1.04910714286
551196,551212,551424,16,212,2,1800,1.07547169811
551207,551218,551424,11,206,2,1800,1.05339805825
551217,551224,551422,7,198,2,1800,1.03535353535
551218,551230,551419,12,189,2,1800,1.06349206349
551228,551236,551420,8,184,2,1800,1.04347826087
551229,551430,551747,201,317,2,1800,1.63406940063
551239,551437,551755,198,318,2,1800,1.62264150943
551434,551449,551768,15,319,2,1800,1.04702194357
551434,551444,551762,10,318,2,1800,1.03144654088
551445,551455,551776,10,321,2,1800,1.03115264798
551445,551461,551793,16,332,2,1800,1.04819277108
551456,551467,551789,11,322,2,1800,1.03416149068
551456,551473,551796,17,323,2,1800,1.05263157895
551467,551479,551801,12,322,2,1800,1.03726708075
551478,551485,551806,7,321,2,1800,1.02180685358
551478,551491,551815,13,324,2,1800,1.04012345679
551489,551497,551822,8,325,2,1800,1.02461538462
551489,551502,551827,13,325,2,1800,1.04
551500,551509,551831,9,322,2,1800,1.02795031056
551500,551515,551849,15,334,2,1800,1.04491017964
551511,551521,551838,10,317,2,1800,1.03154574132
551511,551527,551848,16,321,2,1800,1.04984423676
551522,551533,551852,11,319,2,1800,1.03448275862
551522,551539,551859,17,320,2,1800,1.053125
551533,551545,551867,12,322,2,1800,1.03726708075
551544,551758,552076,214,318,2,1800,1.67295597484
551544,551766,552083,222,317,2,1800,1.70031545741
551759,551773,552096,14,323,2,1800,1.04334365325
551770,551787,552108,17,321,2,1800,1.05295950156
551770,551779,552097,9,318,2,1800,1.02830188679
551781,551806,552127,25,321,2,1800,1.07788161994
551792,551800,552125,8,325,2,1800,1.02461538462
551802,551812,552143,10,331,2,1800,1.03021148036
551803,551817,552144,14,327,2,1800,1.04281345566
551813,551824,552145,11,321,2,1800,1.03426791277
551814,551830,552142,16,312,2,1800,1.05128205128
551824,551836,552141,12,305,2,1800,1.0393442623
551835,551842,552143,7,301,2,1800,1.02325581395
551835,551848,552145,13,297,2,1800,1.04377104377
551846,551860,552148,14,288,2,1800,1.04861111111
551846,551854,552150,8,296,2,1800,1.02702702703
551857,551866,552151,9,285,2,1800,1.03157894737
551858,551872,552155,14,283,2,1800,1.04946996466
551868,551878,552159,10,281,2,1800,1.03558718861
551869,551884,552175,15,291,2,1800,1.05154639175
551879,552087,552394,208,307,2,1800,1.67752442997
551890,552094,552417,204,323,2,1800,1.63157894737
552084,552107,552420,23,313,2,1800,1.07348242812
552095,552113,552426,18,313,2,1800,1.05750798722
552106,552118,552436,12,318,2,1800,1.03773584906
552116,552137,552428,21,291,2,1800,1.07216494845
552117,552143,552431,26,288,2,1800,1.09027777778
552138,552152,552429,14,277,2,1800,1.05054151625
552148,552159,552436,11,277,2,1800,1.03971119134
552149,552164,552420,15,256,2,1800,1.05859375
552160,552176,552420,16,244,2,1800,1.06557377049
552160,552170,552427,10,257,2,1800,1.03891050584
552171,552188,552421,17,233,2,1800,1.07296137339
552171,552182,552415,11,233,2,1800,1.04721030043
552182,552194,552418,12,224,2,1800,1.05357142857
552193,552207,552410,14,203,2,1800,1.06896551724
552193,552201,552413,8,212,2,1800,1.03773584906
552204,552219,552412,15,193,2,1800,1.07772020725
552204,552213,552406,9,193,2,1800,1.04663212435
552215,552225,552403,10,178,2,1800,1.05617977528
552215,552405,552725,190,320,2,1800,1.59375
552226,552415,552731,189,316,2,1800,1.59810126582
552410,552421,552735,11,314,2,1800,1.03503184713
552411,552427,552743,16,316,2,1800,1.05063291139
552422,552434,552753,12,319,2,1800,1.03761755486
552432,552440,552764,8,324,2,1800,1.02469135802
552433,552445,552764,12,319,2,1800,1.03761755486
552443,552451,552775,8,324,2,1800,1.02469135802
552444,552457,552778,13,321,2,1800,1.04049844237
552454,552463,552785,9,322,2,1800,1.02795031056
552455,552469,552787,14,318,2,1800,1.04402515723
552465,552475,552802,10,327,2,1800,1.03058103976
552466,552481,552800,15,319,2,1800,1.04702194357
552477,552492,552812,15,320,2,1800,1.046875
552477,552487,552814,10,327,2,1800,1.03058103976
552488,552499,552810,11,311,2,1800,1.03536977492
552488,552505,552825,17,320,2,1800,1.053125
552499,552511,552833,12,322,2,1800,1.03726708075
552509,552517,552834,8,317,2,1800,1.02523659306
552510,552523,552845,13,322,2,1800,1.04037267081
552520,552737,553058,217,321,2,1800,1.67601246106
552521,552744,553063,223,319,2,1800,1.69905956113
552736,552751,553072,15,321,2,1800,1.04672897196
552747,552764,553091,17,327,2,1800,1.05198776758
552747,552757,553071,10,314,2,1800,1.03184713376
552758,552775,553098,17,323,2,1800,1.05263157895
552768,552780,553102,12,322,2,1800,1.03726708075
552779,552786,553108,7,322,2,1800,1.02173913043
552780,552792,553120,12,328,2,1800,1.03658536585
552790,552798,553122,8,324,2,1800,1.02469135802
552791,552804,553119,13,315,2,1800,1.04126984127
552801,552818,553128,17,310,2,1800,1.05483870968
552802,552811,553114,9,303,2,1800,1.0297029703
552812,552825,553124,13,299,2,1800,1.04347826087
552823,552831,553128,8,297,2,1800,1.02693602694
552824,552837,553126,13,289,2,1800,1.04498269896
552834,552843,553133,9,290,2,1800,1.03103448276
552835,552849,553132,14,283,2,1800,1.04946996466
552845,552856,553140,11,284,2,1800,1.03873239437
552846,552862,553135,16,273,2,1800,1.05860805861
552857,553076,553385,219,309,2,1800,1.70873786408
552857,553069,553344,212,275,2,1800,1.77090909091
553072,553089,553396,17,307,2,1800,1.05537459283
553072,553082,553382,10,300,2,1800,1.03333333333
553083,553103,553423,20,320,2,1800,1.0625
553094,553109,553395,15,286,2,1800,1.05244755245
553105,553122,553402,17,280,2,1800,1.06071428571
553105,553115,553392,10,277,2,1800,1.03610108303
553116,553128,553397,12,269,2,1800,1.04460966543
553126,553134,553398,8,264,2,1800,1.0303030303
553127,553140,553388,13,248,2,1800,1.05241935484
553138,553152,553383,14,231,2,1800,1.06060606061
553138,553146,553384,8,238,2,1800,1.03361344538
553149,553164,553383,15,219,2,1800,1.06849315068
553149,553158,553383,9,225,2,1800,1.04
553160,553170,553374,10,204,2,1800,1.04901960784
553160,553176,553379,16,203,2,1800,1.07881773399
553171,553182,553381,11,199,2,1800,1.05527638191
553172,553188,553371,16,183,2,1800,1.08743169399
553182,553194,553374,12,180,2,1800,1.06666666667
553193,553382,553703,189,321,2,1800,1.58878504673
553193,553355,553675,162,320,2,1800,1.50625
553357,553389,553703,32,314,2,1800,1.10191082803
553378,553395,553712,17,317,2,1800,1.05362776025
553389,553402,553724,13,322,2,1800,1.04037267081
553399,553408,553730,9,322,2,1800,1.02795031056
553400,553414,553747,14,333,2,1800,1.04204204204
553410,553420,553739,10,319,2,1800,1.03134796238
553411,553426,553749,15,323,2,1800,1.04643962848
553421,553432,553754,11,322,2,1800,1.03416149068
553422,553438,553759,16,321,2,1800,1.04984423676
553433,553444,553765,11,321,2,1800,1.03426791277
553433,553450,553770,17,320,2,1800,1.053125
553444,553456,553785,12,329,2,1800,1.03647416413
553455,553468,553781,13,313,2,1800,1.04153354633
553455,553462,553787,7,325,2,1800,1.02153846154
553466,553480,553801,14,321,2,1800,1.04361370717
553466,553474,553792,8,318,2,1800,1.0251572327
553477,553486,553806,9,320,2,1800,1.028125
553477,553492,553808,15,316,2,1800,1.04746835443
553488,553686,554005,198,319,2,1800,1.62068965517
553488,553714,554028,226,314,2,1800,1.71974522293
553683,553719,554042,36,323,2,1800,1.11145510836
553714,553725,554046,11,321,2,1800,1.03426791277
553715,553735,554055,20,320,2,1800,1.0625
553725,553742,554065,17,323,2,1800,1.05263157895
553736,553751,554071,15,320,2,1800,1.046875
553747,553758,554084,11,326,2,1800,1.03374233129
553747,553764,554086,17,322,2,1800,1.05279503106
553758,553771,554098,13,327,2,1800,1.03975535168
553768,553778,554099,10,321,2,1800,1.03115264798
553769,553784,554094,15,310,2,1800,1.04838709677
553780,553790,554099,10,309,2,1800,1.03236245955
553780,553797,554099,17,302,2,1800,1.05629139073
553791,553802,554099,11,297,2,1800,1.03703703704
553801,553808,554100,7,292,2,1800,1.02397260274
553802,553814,554102,12,288,2,1800,1.04166666667
553813,553820,554108,7,288,2,1800,1.02430555556
553813,553826,554111,13,285,2,1800,1.04561403509
553824,553832,554114,8,282,2,1800,1.02836879433
553824,554016,554292,192,276,2,1800,1.69565217391
553835,554053,554326,218,273,2,1800,1.79853479853
554019,554039,554333,20,294,2,1800,1.06802721088
554040,554059,554341,19,282,2,1800,1.06737588652
554051,554066,554363,15,297,2,1800,1.05050505051
554061,554076,554361,15,285,2,1800,1.05263157895
554072,554095,554371,23,276,2,1800,1.08333333333
554072,554082,554369,10,287,2,1800,1.03484320557
554083,554101,554376,18,275,2,1800,1.06545454545
554094,554107,554366,13,259,2,1800,1.05019305019
554104,554114,554357,10,243,2,1800,1.04115226337
554105,554119,554365,14,246,2,1800,1.05691056911
554115,554125,554353,10,228,2,1800,1.04385964912
554116,554131,554358,15,227,2,1800,1.06607929515
554126,554137,554348,11,211,2,1800,1.05213270142
554127,554143,554344,16,201,2,1800,1.07960199005
554137,554149,554350,12,201,2,1800,1.05970149254
554148,554161,554351,13,190,2,1800,1.06842105263
554148,554155,554350,7,195,2,1800,1.0358974359
554159,554167,554342,8,175,2,1800,1.04571428571
554159,554303,554629,144,326,2,1800,1.44171779141
554170,554344,554667,174,323,2,1800,1.5386996904
554303,554338,554660,35,322,2,1800,1.10869565217
554334,554352,554671,18,319,2,1800,1.05642633229
554345,554359,554678,14,319,2,1800,1.04388714734
554355,554365,554689,10,324,2,1800,1.03086419753
554356,554371,554690,15,319,2,1800,1.04702194357
554367,554383,554706,16,323,2,1800,1.04953560372
554367,554378,554702,11,324,2,1800,1.03395061728
554378,554389,554719,11,330,2,1800,1.03333333333
554388,554396,554716,8,320,2,1800,1.025
554389,554402,554720,13,318,2,1800,1.04088050314
554399,554408,554731,9,323,2,1800,1.02786377709
554400,554413,554734,13,321,2,1800,1.04049844237
554410,554420,554747,10,327,2,1800,1.03058103976
554411,554426,554749,15,323,2,1800,1.04643962848
554421,554432,554752,11,320,2,1800,1.034375
554422,554438,554754,16,316,2,1800,1.05063291139
554432,554444,554765,12,321,2,1800,1.03738317757
554443,554450,554772,7,322,2,1800,1.02173913043
554443,554641,554962,198,321,2,1800,1.61682242991
554454,554671,554987,217,316,2,1800,1.68670886076
554638,554678,555000,40,322,2,1800,1.12422360248
554669,554684,555009,15,325,2,1800,1.04615384615
554680,554700,555024,20,324,2,1800,1.06172839506
554680,554690,555009,10,319,2,1800,1.03134796238
554691,554706,555027,15,321,2,1800,1.04672897196
554701,554713,555038,12,325,2,1800,1.03692307692
554702,554719,555043,17,324,2,1800,1.0524691358
554712,554728,555059,16,331,2,1800,1.04833836858
554723,554734,555054,11,320,2,1800,1.034375
554734,554746,555060,12,314,2,1800,1.03821656051
554734,554740,555055,6,315,2,1800,1.01904761905
554745,554752,555057,7,305,2,1800,1.02295081967
554745,554758,555061,13,303,2,1800,1.04290429043
554756,554764,555061,8,297,2,1800,1.02693602694
554756,554769,555062,13,293,2,1800,1.04436860068
554767,554776,555063,9,287,2,1800,1.03135888502
554767,554782,555073,15,291,2,1800,1.05154639175
554778,554788,555075,10,287,2,1800,1.03484320557
554778,554973,555255,195,282,2,1800,1.6914893617
554789,554998,555275,209,277,2,1800,1.75451263538
554973,555011,555281,38,270,2,1800,1.14074074074
554994,555020,555271,26,251,2,1800,1.10358565737
555015,555025,555304,10,279,2,1800,1.03584229391
555025,555035,555329,10,294,2,1800,1.03401360544
555026,555041,555327,15,286,2,1800,1.05244755245
555036,555049,555333,13,284,2,1800,1.04577464789
555037,555055,555318,18,263,2,1800,1.06844106464
555047,555071,555333,24,262,2,1800,1.09160305344
555058,555065,555305,7,240,2,1800,1.02916666667
555069,555077,555321,8,244,2,1800,1.03278688525
555069,555083,555316,14,233,2,1800,1.06008583691
555080,555089,555311,9,222,2,1800,1.04054054054
555080,555095,555304,15,209,2,1800,1.07177033493
555091,555106,555308,15,202,2,1800,1.07425742574
555091,555101,555305,10,204,2,1800,1.04901960784
555102,555113,555309,11,196,2,1800,1.05612244898
555102,555119,555304,17,185,2,1800,1.09189189189
555113,555125,555308,12,183,2,1800,1.06557377049
555123,555266,555597,143,331,2,1800,1.43202416918
555124,555282,555604,158,322,2,1800,1.49068322981
555267,555288,555612,21,324,2,1800,1.06481481481
555278,555294,555625,16,331,2,1800,1.04833836858
555288,555315,555643,27,328,2,1800,1.08231707317
555299,555320,555644,21,324,2,1800,1.06481481481
555320,555327,555649,7,322,2,1800,1.02173913043
555320,555332,555653,12,321,2,1800,1.03738317757
555331,555344,555669,13,325,2,1800,1.04
555331,555338,555661,7,323,2,1800,1.02167182663
555342,555350,555671,8,321,2,1800,1.02492211838
555342,555356,555683,14,327,2,1800,1.04281345566
555353,555368,555693,15,325,2,1800,1.04615384615
555353,555362,555693,9,331,2,1800,1.02719033233
555364,555380,555695,16,315,2,1800,1.05079365079
555364,555374,555703,10,329,2,1800,1.03039513678
555375,555386,555713,11,327,2,1800,1.03363914373
555375,555392,555716,17,324,2,1800,1.0524691358
555386,555398,555725,12,327,2,1800,1.03669724771
555397,555404,555733,7,329,2,1800,1.02127659574
555397,555609,555935,212,326,2,1800,1.65030674847
555408,555615,555943,207,328,2,1800,1.63109756098
555612,555624,555947,12,323,2,1800,1.03715170279
555613,555636,555959,23,323,2,1800,1.07120743034
555623,555654,555983,31,329,2,1800,1.09422492401
555634,555660,555987,26,327,2,1800,1.07951070336
555655,555667,555997,12,330,2,1800,1.03636363636
555666,555678,556008,12,330,2,1800,1.03636363636
555666,555673,556007,7,334,2,1800,1.02095808383
555677,555685,556018,8,333,2,1800,1.02402402402
555678,555691,556016,13,325,2,1800,1.04
555688,555697,556015,9,318,2,1800,1.02830188679
555689,555704,556016,15,312,2,1800,1.04807692308
555700,555710,556015,10,305,2,1800,1.03278688525
555700,555716,556017,16,301,2,1800,1.05315614618
555711,555722,556019,11,297,2,1800,1.03703703704
555711,555728,556025,17,297,2,1800,1.05723905724
555722,555733,556028,11,295,2,1800,1.03728813559
555734,555740,556027,6,287,2,1800,1.02090592334
555735,555746,556032,11,286,2,1800,1.03846153846
555745,555947,556229,202,282,2,1800,1.71631205674
555746,555954,556235,208,281,2,1800,1.74021352313
555950,555960,556237,10,277,2,1800,1.03610108303
555951,555970,556242,19,272,2,1800,1.06985294118
555962,555994,556249,32,255,2,1800,1.12549019608
555972,556000,556295,28,295,2,1800,1.09491525424
555993,556008,556296,15,288,2,1800,1.05208333333
556004,556019,556299,15,280,2,1800,1.05357142857
556004,556024,556289,20,265,2,1800,1.07547169811
556015,556031,556288,16,257,2,1800,1.06225680934
556025,556037,556277,12,240,2,1800,1.05
556036,556049,556286,13,237,2,1800,1.05485232068
556036,556043,556273,7,230,2,1800,1.03043478261
556047,556055,556274,8,219,2,1800,1.03652968037
556047,556060,556274,13,214,2,1800,1.06074766355
556058,556072,556266,14,194,2,1800,1.07216494845
556058,556066,556265,8,199,2,1800,1.04020100503
556069,556083,556272,14,189,2,1800,1.07407407407
556069,556078,556262,9,184,2,1800,1.04891304348
556080,556090,556267,10,177,2,1800,1.05649717514
556080,556240,556561,160,321,2,1800,1.4984423676
556091,556248,556572,157,324,2,1800,1.48456790123
556245,556254,556581,9,327,2,1800,1.02752293578
556245,556260,556584,15,324,2,1800,1.0462962963
556256,556273,556602,17,329,2,1800,1.05167173252
556256,556266,556593,10,327,2,1800,1.03058103976
556267,556279,556607,12,328,2,1800,1.03658536585
556278,556287,556621,9,334,2,1800,1.02694610778
556278,556292,556623,14,331,2,1800,1.04229607251
556289,556304,556639,15,335,2,1800,1.0447761194
556289,556299,556630,10,331,2,1800,1.03021148036
556300,556310,556640,10,330,2,1800,1.0303030303
556300,556316,556647,16,331,2,1800,1.04833836858
556311,556322,556656,11,334,2,1800,1.03293413174
556311,556328,556660,17,332,2,1800,1.05120481928
556322,556334,556668,12,334,2,1800,1.03592814371
556333,556340,556671,7,331,2,1800,1.02114803625
556333,556346,556677,13,331,2,1800,1.03927492447
556344,556358,556684,14,326,2,1800,1.04294478528
556344,556352,556685,8,333,2,1800,1.02402402402
556355,556572,556898,217,326,2,1800,1.66564417178
556355,556584,556914,229,330,2,1800,1.69393939394
556570,556592,556921,22,329,2,1800,1.06686930091
556581,556598,556927,17,329,2,1800,1.05167173252
556591,556605,556935,14,330,2,1800,1.04242424242
556602,556619,556946,17,327,2,1800,1.05198776758
556602,556613,556948,11,335,2,1800,1.0328358209
556613,556632,556967,19,335,2,1800,1.05671641791
556624,556638,556967,14,329,2,1800,1.04255319149
556634,556644,556979,10,335,2,1800,1.02985074627
556635,556651,556983,16,332,2,1800,1.04819277108
556646,556657,556978,11,321,2,1800,1.03426791277
556656,556663,556981,7,318,2,1800,1.02201257862
556657,556669,556980,12,311,2,1800,1.038585209
556667,556676,556983,9,307,2,1800,1.02931596091
556668,556683,556986,15,303,2,1800,1.0495049505
556679,556690,556988,11,298,2,1800,1.03691275168
556679,556696,556986,17,290,2,1800,1.05862068966
556690,556702,556993,12,291,2,1800,1.0412371134
556700,556708,556991,8,283,2,1800,1.02826855124
556701,556909,557187,208,278,2,1800,1.74820143885
556711,556925,557204,214,279,2,1800,1.76702508961
556906,556932,557201,26,269,2,1800,1.09665427509
556927,556938,557199,11,261,2,1800,1.04214559387
556937,556946,557206,9,260,2,1800,1.03461538462
556938,556964,557258,26,294,2,1800,1.08843537415
556948,556957,557244,9,287,2,1800,1.03135888502
556959,556978,557261,19,283,2,1800,1.06713780919
556960,556983,557257,23,274,2,1800,1.08394160584
556981,556997,557237,16,240,2,1800,1.06666666667
556981,556989,557253,8,264,2,1800,1.0303030303
556992,557009,557230,17,221,2,1800,1.07692307692
556992,557004,557241,12,237,2,1800,1.05063291139
557003,557015,557232,12,217,2,1800,1.05529953917
557014,557027,557226,13,199,2,1800,1.06532663317
557014,557021,557233,7,212,2,1800,1.03301886792
557025,557038,557224,13,186,2,1800,1.06989247312
557025,557033,557231,8,198,2,1800,1.0404040404
557036,557045,557225,9,180,2,1800,1.05
557036,557051,557221,15,170,2,1800,1.08823529412
557047,557198,557523,151,325,2,1800,1.46461538462
557047,557210,557537,163,327,2,1800,1.49847094801
557201,557216,557542,15,326,2,1800,1.04601226994
557212,557228,557549,16,321,2,1800,1.04984423676
557212,557222,557552,10,330,2,1800,1.0303030303
557223,557234,557565,11,331,2,1800,1.0332326284
557223,557240,557570,17,330,2,1800,1.05151515152
557234,557246,557576,12,330,2,1800,1.03636363636
557245,557252,557585,7,333,2,1800,1.02102102102
557245,557258,557590,13,332,2,1800,1.03915662651
557256,557264,557597,8,333,2,1800,1.02402402402
557256,557270,557610,14,340,2,1800,1.04117647059
557267,557282,557616,15,334,2,1800,1.04491017964
557267,557276,557609,9,333,2,1800,1.02702702703
557278,557288,557638,10,350,2,1800,1.02857142857
557279,557294,557621,15,327,2,1800,1.04587155963
557289,557300,557622,11,322,2,1800,1.03416149068
557290,557306,557639,16,333,2,1800,1.04804804805
557300,557312,557652,12,340,2,1800,1.03529411765
557311,557318,557650,7,332,2,1800,1.02108433735
557311,557534,557861,223,327,2,1800,1.68195718654
557322,557548,557881,226,333,2,1800,1.67867867868
557537,557554,557887,17,333,2,1800,1.05105105105
557548,557560,557891,12,331,2,1800,1.03625377644
557558,557566,557902,8,336,2,1800,1.02380952381
557559,557575,557907,16,332,2,1800,1.04819277108
557569,557581,557913,12,332,2,1800,1.03614457831
557580,557587,557924,7,337,2,1800,1.02077151335
557580,557596,557932,16,336,2,1800,1.04761904762
557591,557602,557937,11,335,2,1800,1.0328358209
557602,557608,557936,6,328,2,1800,1.01829268293
557602,557620,557942,18,322,2,1800,1.05590062112
557613,557626,557941,13,315,2,1800,1.04126984127
557623,557632,557944,9,312,2,1800,1.02884615385
557624,557638,557950,14,312,2,1800,1.04487179487
557634,557644,557950,10,306,2,1800,1.03267973856
557635,557650,557951,15,301,2,1800,1.04983388704
557645,557656,557948,11,292,2,1800,1.03767123288
557646,557662,557955,16,293,2,1800,1.05460750853
557656,557668,557944,12,276,2,1800,1.04347826087
557667,557873,558148,206,275,2,1800,1.74909090909
557668,557892,558158,224,266,2,1800,1.84210526316
557873,557898,558185,25,287,2,1800,1.08710801394
557894,557904,558162,10,258,2,1800,1.03875968992
557894,557913,558168,19,255,2,1800,1.07450980392
557905,557919,558200,14,281,2,1800,1.04982206406
557916,557925,558207,9,282,2,1800,1.03191489362
557916,557935,558210,19,275,2,1800,1.06909090909
557927,557943,558215,16,272,2,1800,1.05882352941
557937,557949,558219,12,270,2,1800,1.04444444444
557948,557956,558203,8,247,2,1800,1.03238866397
557948,557961,558193,13,232,2,1800,1.05603448276
557959,557967,558195,8,228,2,1800,1.0350877193
557959,557973,558185,14,212,2,1800,1.06603773585
557970,557979,558187,9,208,2,1800,1.04326923077
557970,557985,558171,15,186,2,1800,1.08064516129
557981,557996,558176,15,180,2,1800,1.08333333333
557981,557991,558176,10,185,2,1800,1.05405405405
557992,558003,558185,11,182,2,1800,1.06043956044
557993,558009,558176,16,167,2,1800,1.09580838323
558626,558633,561491,7,2858,2,7200,1.00244926522
558628,558639,561673,11,3034,2,7200,1.0036255768
558629,558644,561641,15,2997,2,7200,1.00500500501
558631,558650,561677,19,3027,2,7200,1.00627684176
558632,558655,561655,23,3000,2,7200,1.00766666667
558633,558660,561619,27,2959,2,7200,1.00912470429
558635,558666,561744,31,3078,2,7200,1.01007147498
558636,558671,561728,35,3057,2,7200,1.01144913314
558637,558677,561662,40,2985,2,7200,1.01340033501
558639,558682,561881,43,3199,2,7200,1.01344170053
558640,558687,561776,47,3089,2,7200,1.01521528003
558641,558693,561760,52,3067,2,7200,1.01695467884
558643,558698,561741,55,3043,2,7200,1.01807426881
558644,558703,561797,59,3094,2,7200,1.01906916613
558645,558709,561719,64,3010,2,7200,1.02126245847
558647,558714,561710,67,2996,2,7200,1.02236315087
558648,558720,561827,72,3107,2,7200,1.02317347924
561494,561500,564575,6,3075,2,7200,1.00195121951
561620,561626,564621,6,2995,2,7200,1.0020033389
561641,561648,564753,7,3105,2,7200,1.00225442834
561659,561665,564711,6,3046,2,7200,1.00196979645
561674,561680,564651,6,2971,2,7200,1.00201952205
561675,561686,564545,11,2859,2,7200,1.00384749913
561690,561696,564687,6,2991,2,7200,1.00200601805
561711,561717,564833,6,3116,2,7200,1.00192554557
561726,561732,564655,6,2923,2,7200,1.0020526856
561741,561747,564554,6,2807,2,7200,1.00213751336
561756,561762,564618,6,2856,2,7200,1.00210084034
561757,561768,564829,11,3061,2,7200,1.00359359686
561772,561778,564858,6,3080,2,7200,1.00194805195
561787,561793,564604,6,2811,2,7200,1.00213447172
561802,561808,564882,6,3074,2,7200,1.00195185426
561829,561835,564774,6,2939,2,7200,1.00204151072
561883,561890,565189,7,3299,2,7200,1.00212185511
564547,564553,567473,6,2920,2,7200,1.00205479452
564561,564568,567783,7,3215,2,7200,1.00217729393
564576,564583,567406,7,2823,2,7200,1.0024796316
564607,564613,567687,6,3074,2,7200,1.00195185426
564622,564628,567663,6,3035,2,7200,1.00197693575
564623,564634,567800,11,3166,2,7200,1.00347441567
564654,564660,567422,6,2762,2,7200,1.00217233888
564669,564675,567687,6,3012,2,7200,1.00199203187
564690,564696,567672,6,2976,2,7200,1.00201612903
564714,564720,567801,6,3081,2,7200,1.00194741967
564756,564762,567896,6,3134,2,7200,1.00191448628
564777,564784,567874,7,3090,2,7200,1.00226537217
564832,564838,568054,6,3216,2,7200,1.00186567164
564833,564844,568170,11,3326,2,7200,1.00330727601
564861,564867,568041,6,3174,2,7200,1.00189035917
564868,564873,622497,5,57624,12,57600,1.0000867694
564885,564891,568008,6,3117,2,7200,1.00192492782
565191,565197,568231,6,3034,2,7200,1.00197758734
567407,567413,570361,6,2948,2,7200,1.00203527815
567425,567431,570359,6,2928,2,7200,1.00204918033
567476,567483,570766,7,3283,2,7200,1.00213219616
567666,567672,570683,6,3011,2,7200,1.00199269346
567681,567687,570847,6,3160,2,7200,1.00189873418
567696,567703,570479,7,2776,2,7200,1.00252161383
567698,567708,570684,10,2976,2,7200,1.00336021505
567785,567791,570902,6,3111,2,7200,1.00192864031
567803,567810,570895,7,3085,2,7200,1.00226904376
567805,567816,570852,11,3036,2,7200,1.00362318841
567877,567883,571185,6,3302,2,7200,1.00181708056
567899,567905,570876,6,2971,2,7200,1.00201952205
568010,568016,571114,6,3098,2,7200,1.00193673338
568043,568049,570789,6,2740,2,7200,1.00218978102
568058,568064,571156,6,3092,2,7200,1.00194049159
568173,568179,571189,6,3010,2,7200,1.00199335548
568233,568240,571208,7,2968,2,7200,1.00235849057
570363,570369,573527,6,3158,2,7200,1.00189993667
570364,570375,573435,11,3060,2,7200,1.00359477124
570504,570510,575827,6,5317,12,43200,1.0011284559
572007,572013,581059,6,9046,2,9000,1.00066327659
572008,572018,581050,10,9032,2,9000,1.00110717449
572018,572024,581049,6,9025,2,9000,1.00066481994
572019,572030,581050,11,9020,2,9000,1.0012195122
572029,572035,581054,6,9019,2,9000,1.00066526222
572030,572041,581052,11,9011,2,9000,1.00122073022
572040,572047,581093,7,9046,2,9000,1.00077382268
572041,572052,581058,11,9006,2,9000,1.00122140795
572051,572058,581100,7,9042,2,9000,1.00077416501
572052,572063,581081,11,9018,2,9000,1.00121978266
572062,572070,581075,8,9005,2,9000,1.00088839534
572063,572075,581080,12,9005,2,9000,1.001332593
572073,572082,581128,9,9046,2,9000,1.00099491488
572074,572088,581128,14,9040,2,9000,1.00154867257
572085,572094,581103,9,9009,2,9000,1.000999001
572085,572100,581113,15,9013,2,9000,1.00166426273
572096,572111,581131,15,9020,2,9000,1.00166297118
572096,572106,581138,10,9032,2,9000,1.00110717449
572107,572117,581151,10,9034,2,9000,1.00110692938
572107,572122,581152,15,9030,2,9000,1.00166112957
572118,572129,581158,11,9029,2,9000,1.0012182966
572118,572134,581180,16,9046,2,9000,1.00176873756
572129,572140,581174,11,9034,2,9000,1.00121762232
572139,572148,581184,9,9036,2,9000,1.00099601594
572140,572154,581169,14,9015,2,9000,1.00155296728
576218,576224,576692,6,468,1,230400,1.01282051282
576362,576368,632740,6,56372,1,284400,1.00010643582
576436,576442,623490,6,47048,1,248400,1.00012752933
576478,576484,613081,6,36597,1,212400,1.00016394786
576511,576517,642554,6,66037,1,248400,1.00009085816
576630,576637,638247,7,61610,1,68400,1.00011361792
576667,576674,576692,7,18,1,230400,1.38888888889
576700,576706,807138,6,230432,1,230400,1.00002603805
576821,576828,597755,7,20927,2,90000,1.00033449611
577009,577015,577057,6,42,4,284400,1.14285714286
577207,577213,577381,6,168,4,104400,1.03571428571
577239,577245,609501,6,32256,4,104400,1.0001860119
577538,577544,637495,6,59951,2,176400,1.00010008173
579918,990078,990352,410160,274,256,1800,1497.93430657
581253,581259,638876,6,57617,12,57600,1.00010413593
583612,583618,589375,6,5757,2,9000,1.00104220948
583612,583623,589375,11,5752,2,9000,1.0019123783
583623,583630,589375,7,5745,2,9000,1.00121845083
583623,583636,589375,13,5739,2,9000,1.002265203
583634,583642,589375,8,5733,2,9000,1.00139542997
583634,583647,589376,13,5729,2,9000,1.00226915692
583645,583654,589375,9,5721,2,9000,1.00157315155
583645,583660,589407,15,5747,2,9000,1.00261005742
583656,583672,589407,16,5735,2,9000,1.00278988666
583656,583666,589407,10,5741,2,9000,1.00174185682
583667,583678,589407,11,5729,2,9000,1.00192005586
583667,583684,589407,17,5723,2,9000,1.00297047003
583678,583690,589407,12,5717,2,9000,1.00209900297
583689,583696,589407,7,5711,2,9000,1.00122570478
583689,583702,589407,13,5705,2,9000,1.00227870289
583700,583708,589407,8,5699,2,9000,1.00140375504
583700,583713,589407,13,5694,2,9000,1.00228310502
583711,583719,589407,8,5688,2,9000,1.00140646976
583711,583724,589407,13,5683,2,9000,1.00228752419
583722,583731,589408,9,5677,2,9000,1.00158534437
583722,583737,589407,15,5670,2,9000,1.00264550265
583733,583743,589408,10,5665,2,9000,1.00176522507
583733,583749,589408,16,5659,2,9000,1.00282735466
583744,583755,589408,11,5653,2,9000,1.00194586945
583744,583761,589407,17,5646,2,9000,1.00301098123
589513,589519,596311,6,6792,2,9000,1.00088339223
589514,589525,596311,11,6786,2,9000,1.00162098438
589524,589531,596311,7,6780,2,9000,1.00103244838
589525,589536,596311,11,6775,2,9000,1.00162361624
589535,589543,596311,8,6768,2,9000,1.0011820331
589536,589549,596311,13,6762,2,9000,1.00192250813
589546,589555,596311,9,6756,2,9000,1.0013321492
589547,589565,596311,18,6746,2,9000,1.00266824785
589557,589571,596311,14,6740,2,9000,1.00207715134
589558,589577,596311,19,6734,2,9000,1.00282150282
589568,589583,596311,15,6728,2,9000,1.0022294887
589579,589589,596311,10,6722,2,9000,1.00148765248
589579,589595,596311,16,6716,2,9000,1.00238237046
589590,589601,596311,11,6710,2,9000,1.00163934426
589591,589606,596311,15,6705,2,9000,1.00223713647
589601,589613,596311,12,6698,2,9000,1.00179157958
589612,589619,596311,7,6692,2,9000,1.0010460251
589612,589625,596311,13,6686,2,9000,1.00194436135
589623,589631,596311,8,6680,2,9000,1.00119760479
589623,589637,596311,14,6674,2,9000,1.00209769254
589634,589649,596312,15,6663,2,9000,1.00225123818
589634,589643,596311,9,6668,2,9000,1.00134973005
589645,589661,596311,16,6650,2,9000,1.00240601504
589645,589655,596311,10,6656,2,9000,1.00150240385
589656,589667,596311,11,6644,2,9000,1.00165562914
591431,594120,594123,2689,3,2,3540,269.2
596396,596403,597322,7,919,2,9000,1.00761697497
596397,596408,597322,11,914,2,9000,1.01203501094
596407,596414,597322,7,908,2,9000,1.0077092511
596408,596419,597322,11,903,2,9000,1.01218161683
596418,596425,597322,7,897,2,9000,1.00780379041
596419,596430,597322,11,892,2,9000,1.01233183857
596429,596437,597322,8,885,2,9000,1.00903954802
596430,596443,597322,13,879,2,9000,1.01478953356
596440,596449,597322,9,873,2,9000,1.01030927835
596441,596455,597322,14,867,2,9000,1.01614763552
596451,596461,597322,10,861,2,9000,1.01161440186
596452,596467,597322,15,855,2,9000,1.01754385965
596462,596473,597322,11,849,2,9000,1.01295641932
596463,596478,597322,15,844,2,9000,1.01777251185
596474,596485,597322,11,837,2,9000,1.01314217443
596474,596490,597322,16,832,2,9000,1.01923076923
596485,596497,597323,12,826,2,9000,1.01452784504
596495,596503,597323,8,820,2,9000,1.00975609756
596496,596509,597323,13,814,2,9000,1.01597051597
596506,596515,597323,9,808,2,9000,1.01113861386
596507,596520,597323,13,803,2,9000,1.01618929016
596517,596527,597323,10,796,2,9000,1.01256281407
596518,596533,597323,15,790,2,9000,1.01898734177
596528,596539,597323,11,784,2,9000,1.01403061224
597596,597608,599165,12,1557,2,9000,1.00770712909
597596,597602,599165,6,1563,2,9000,1.00383877159
597607,597614,599173,7,1559,2,9000,1.00449005773
597607,597619,599188,12,1569,2,9000,1.00764818356
597618,597626,599209,8,1583,2,9000,1.00505369551
597618,597631,599215,13,1584,2,9000,1.00820707071
597628,597638,599251,10,1613,2,9000,1.00619962802
597629,597644,599251,15,1607,2,9000,1.00933416304
597639,597655,599254,16,1599,2,9000,1.01000625391
597639,597650,599276,11,1626,2,9000,1.00676506765
597650,597661,599262,11,1601,2,9000,1.00687070581
597660,597667,599281,7,1614,2,9000,1.00433705081
597661,597673,599269,12,1596,2,9000,1.00751879699
597671,597684,599289,13,1605,2,9000,1.00809968847
597671,597679,599297,8,1618,2,9000,1.00494437577
597682,597696,599315,14,1619,2,9000,1.00864731316
597682,597690,599317,8,1627,2,9000,1.0049170252
597693,597707,599318,14,1611,2,9000,1.0086902545
597693,597702,599326,9,1624,2,9000,1.00554187192
597704,597714,599307,10,1593,2,9000,1.0062774639
597704,597719,599381,15,1662,2,9000,1.00902527076
597715,597732,599340,17,1608,2,9000,1.0105721393
597715,597726,599349,11,1623,2,9000,1.0067775724
597726,597738,599341,12,1603,2,9000,1.00748596382
599189,599195,600860,6,1665,2,9000,1.0036036036
599215,599221,600818,6,1597,2,9000,1.00375704446
599215,599226,600887,11,1661,2,9000,1.00662251656
599226,599237,600909,11,1672,2,9000,1.00657894737
599226,599232,600875,6,1643,2,9000,1.00365185636
599237,599244,600898,7,1654,2,9000,1.00423216445
599237,599250,600945,13,1695,2,9000,1.00766961652
599248,599261,600950,13,1689,2,9000,1.00769686205
599248,599256,600951,8,1695,2,9000,1.00471976401
599259,599268,600880,9,1612,2,9000,1.00558312655
599260,599274,600911,14,1637,2,9000,1.00855222969
599270,599280,600989,10,1709,2,9000,1.00585137507
599271,599285,600936,14,1651,2,9000,1.00847970927
599281,599292,600950,11,1658,2,9000,1.0066344994
599282,599298,600922,16,1624,2,9000,1.00985221675
599292,599304,600964,12,1660,2,9000,1.00722891566
599303,599310,600968,7,1658,2,9000,1.00422195416
599304,599316,600989,12,1673,2,9000,1.00717274357
599314,599322,600955,8,1633,2,9000,1.00489895897
599315,599328,600991,13,1663,2,9000,1.00781719784
599325,599334,600998,9,1664,2,9000,1.00540865385
599326,599340,600987,14,1647,2,9000,1.00850030358
599336,599346,601020,10,1674,2,9000,1.00597371565
599337,599352,601063,15,1711,2,9000,1.00876680304
599348,599358,601033,10,1675,2,9000,1.00597014925
599348,599364,600980,16,1616,2,9000,1.0099009901
599359,599370,601004,11,1634,2,9000,1.00673194614
599359,599376,601032,17,1656,2,9000,1.01026570048
599370,599382,601037,12,1655,2,9000,1.00725075529
599381,599388,601050,7,1662,2,9000,1.00421179302
599381,599394,601071,13,1677,2,9000,1.00775193798
599392,599400,601055,8,1655,2,9000,1.00483383686
599392,599406,601070,14,1664,2,9000,1.00841346154
599403,599412,601079,9,1667,2,9000,1.00539892022
599404,599418,601015,14,1597,2,9000,1.00876643707
599414,599424,601017,10,1593,2,9000,1.0062774639
599415,599430,601046,15,1616,2,9000,1.00928217822
599425,599436,601053,11,1617,2,9000,1.00680272109
599426,599442,601056,16,1614,2,9000,1.00991325898
599437,599448,601074,11,1626,2,9000,1.00676506765
599437,599454,601086,17,1632,2,9000,1.01041666667
599458,599464,601106,6,1642,2,9000,1.00365408039
599469,599475,601156,6,1681,2,9000,1.00356930399
599480,599486,601137,6,1651,2,9000,1.00363416111
599490,599496,601139,6,1643,2,9000,1.00365185636
599501,599507,601190,6,1683,2,9000,1.00356506239
599512,600829,602577,1317,1748,2,9000,1.75343249428
600831,600871,602537,40,1666,2,9000,1.02400960384
600873,600886,602480,13,1594,2,9000,1.00815558344
600883,600892,602517,9,1625,2,9000,1.00553846154
600894,600900,602506,6,1606,2,9000,1.00373599004
600905,600911,602542,6,1631,2,9000,1.00367872471
600915,600922,602556,7,1634,2,9000,1.00428396573
600926,600932,602539,6,1607,2,9000,1.00373366521
600937,600943,602594,6,1651,2,9000,1.00363416111
600948,600954,602662,6,1708,2,9000,1.00351288056
600958,600964,602604,6,1640,2,9000,1.00365853659
600969,600975,602602,6,1627,2,9000,1.0036877689
600980,600986,602640,6,1654,2,9000,1.00362756953
600990,600996,602724,6,1728,2,9000,1.00347222222
600991,601003,602658,12,1655,2,9000,1.00725075529
601001,601010,602637,9,1627,2,9000,1.00553165335
601002,601015,602644,13,1629,2,9000,1.00798035605
601013,601021,602648,8,1627,2,9000,1.0049170252
601013,601027,602711,14,1684,2,9000,1.00831353919
601024,601033,602634,9,1601,2,9000,1.00562148657
601024,601039,602664,15,1625,2,9000,1.00923076923
601035,601045,602664,10,1619,2,9000,1.00617665225
601035,601051,602683,16,1632,2,9000,1.00980392157
601046,601057,602726,11,1669,2,9000,1.00659077292
601046,601063,602712,17,1649,2,9000,1.01030927835
601057,601069,602731,12,1662,2,9000,1.00722021661
601068,601081,602701,13,1620,2,9000,1.00802469136
601068,601076,602731,8,1655,2,9000,1.00483383686
601079,601094,602702,15,1608,2,9000,1.00932835821
601079,601088,602694,9,1606,2,9000,1.00560398506
601090,601106,602720,16,1614,2,9000,1.00991325898
601090,601100,602723,10,1623,2,9000,1.00616142945
601101,601112,602740,11,1628,2,9000,1.00675675676
601102,601118,602753,16,1635,2,9000,1.00978593272
601112,601124,602787,12,1663,2,9000,1.00721587492
601123,601130,602770,7,1640,2,9000,1.00426829268
601123,601135,602818,12,1683,2,9000,1.00713012478
601134,601142,602820,8,1678,2,9000,1.00476758045
601145,601151,602778,6,1627,2,9000,1.0036877689
601155,601162,602769,7,1607,2,9000,1.00435594275
601166,601172,602824,6,1652,2,9000,1.00363196126
601177,601183,602824,6,1641,2,9000,1.00365630713
601187,601194,602857,7,1663,2,9000,1.00420926037
601198,601204,602820,6,1616,2,9000,1.00371287129
601209,601215,602845,6,1630,2,9000,1.0036809816
601220,601226,602919,6,1693,2,9000,1.00354400473
601230,602492,604146,1262,1654,2,9000,1.76299879081
602490,602517,604200,27,1683,2,9000,1.01604278075
602522,602528,604199,6,1671,2,9000,1.00359066427
602532,602548,604200,16,1652,2,9000,1.00968523002
602553,602559,604252,6,1693,2,9000,1.00354400473
602564,602570,604276,6,1706,2,9000,1.00351699883
602575,602581,604273,6,1692,2,9000,1.00354609929
602585,602592,604276,7,1684,2,9000,1.0041567696
602596,602605,604265,9,1660,2,9000,1.00542168675
602607,602613,604298,6,1685,2,9000,1.00356083086
602617,602623,604287,6,1664,2,9000,1.00360576923
602628,602645,604309,17,1664,2,9000,1.01021634615
602649,602655,604326,6,1671,2,9000,1.00359066427
602660,602666,604320,6,1654,2,9000,1.00362756953
602670,602677,604333,7,1656,2,9000,1.00422705314
602681,602687,604359,6,1672,2,9000,1.00358851675
602692,602698,604347,6,1649,2,9000,1.00363856883
602702,602709,604375,7,1666,2,9000,1.00420168067
602703,602714,604370,11,1656,2,9000,1.00664251208
602713,602720,604373,7,1653,2,9000,1.00423472474
602714,602725,604370,11,1645,2,9000,1.00668693009
602725,602732,604414,7,1682,2,9000,1.00416171225
602725,602737,604417,12,1680,2,9000,1.00714285714
602736,602749,604407,13,1658,2,9000,1.00784077201
602736,602744,604411,8,1667,2,9000,1.00479904019
602747,602755,604419,8,1664,2,9000,1.00480769231
602747,602761,604425,14,1664,2,9000,1.00841346154
602758,602767,604423,9,1656,2,9000,1.00543478261
602758,602773,604446,15,1673,2,9000,1.00896592947
602769,602779,604419,10,1640,2,9000,1.00609756098
602780,602786,604421,6,1635,2,9000,1.00366972477
602780,602792,604448,12,1656,2,9000,1.00724637681
602791,602799,604451,8,1652,2,9000,1.00484261501
602802,602818,604482,16,1664,2,9000,1.00961538462
602821,602827,604500,6,1673,2,9000,1.00358637179
602821,602832,604468,11,1636,2,9000,1.00672371638
602832,602838,604476,6,1638,2,9000,1.00366300366
602832,602844,604507,12,1663,2,9000,1.00721587492
602843,602850,604489,7,1639,2,9000,1.00427089689
602854,602860,604506,6,1646,2,9000,1.00364520049
602864,602870,604509,6,1639,2,9000,1.00366076876
602875,602881,604482,6,1601,2,9000,1.00374765771
602886,602892,604568,6,1676,2,9000,1.00357995227
602896,602902,604559,6,1657,2,9000,1.00362100181
602907,602913,604563,6,1650,2,9000,1.00363636364
602918,602930,604590,12,1660,2,9000,1.00722891566
602928,603521,605181,593,1660,2,9000,1.35722891566
603522,603528,605125,6,1597,2,9000,1.00375704446
603533,603539,605195,6,1656,2,9000,1.00362318841
603543,603550,605209,7,1659,2,9000,1.00421940928
603554,603560,605229,6,1669,2,9000,1.00359496705
603565,603571,605235,6,1664,2,9000,1.00360576923
603575,604157,605825,582,1668,2,9000,1.34892086331
604159,604211,605845,52,1634,2,9000,1.03182374541
604211,604217,605842,6,1625,2,9000,1.00369230769
604221,604228,605886,7,1658,2,9000,1.00422195416
604232,604263,605908,31,1645,2,9000,1.0188449848
604263,604276,605953,13,1677,2,9000,1.00775193798
604274,604284,605959,10,1675,2,9000,1.00597014925
604285,604291,605950,6,1659,2,9000,1.00361663653
604295,604301,605942,6,1641,2,9000,1.00365630713
604306,604312,605969,6,1657,2,9000,1.00362100181
604317,604323,605962,6,1639,2,9000,1.00366076876
604327,604334,605968,7,1634,2,9000,1.00428396573
604338,604344,605985,6,1641,2,9000,1.00365630713
604349,604355,605980,6,1625,2,9000,1.00369230769
604360,604366,605956,6,1590,2,9000,1.00377358491
604370,604376,606033,6,1657,2,9000,1.00362100181
604381,604387,606009,6,1622,2,9000,1.00369913687
604392,604398,606035,6,1637,2,9000,1.0036652413
604402,604408,606084,6,1676,2,9000,1.00357995227
604413,604419,606074,6,1655,2,9000,1.00362537764
604424,604429,606065,5,1636,2,9000,1.00305623472
604434,604440,606068,6,1628,2,9000,1.00368550369
604445,604451,606103,6,1652,2,9000,1.00363196126
604456,604462,606096,6,1634,2,9000,1.00367197062
604466,604472,606072,6,1600,2,9000,1.00375
604477,604483,606070,6,1587,2,9000,1.00378071834
604488,604494,606067,6,1573,2,9000,1.00381436745
604498,604505,606152,7,1647,2,9000,1.00425015179
604509,604515,606157,6,1642,2,9000,1.00365408039
604509,604520,606146,11,1626,2,9000,1.00676506765
604520,604528,606156,8,1628,2,9000,1.00491400491
604531,604537,606169,6,1632,2,9000,1.00367647059
604541,604548,606198,7,1650,2,9000,1.00424242424
604552,604558,606195,6,1637,2,9000,1.0036652413
604563,604569,606198,6,1629,2,9000,1.00368324125
604574,604579,606213,5,1634,2,9000,1.00305997552
604584,604590,606186,6,1596,2,9000,1.0037593985
604595,604601,606203,6,1602,2,9000,1.00374531835
604606,604612,606196,6,1584,2,9000,1.00378787879
604616,604622,606272,6,1650,2,9000,1.00363636364
604627,604633,606265,6,1632,2,9000,1.00367647059
604638,604644,606304,6,1660,2,9000,1.00361445783
604648,604654,606294,6,1640,2,9000,1.00365853659
604659,604665,606317,6,1652,2,9000,1.00363196126
604670,604676,606319,6,1643,2,9000,1.00365185636
604680,604687,606351,7,1664,2,9000,1.00420673077
604691,605136,606765,445,1629,2,9000,1.27317372621
