SubmitTime,StartTime,EndTime,QueuedTime,RunTime,NodesRequested,walltime,bslowdown
51,57,80,6,23,4,144000,1.26086956522
53,63,253,10,190,1,3540,1.05263157895
104,110,238,6,128,1,3540,1.046875
106,117,39638,11,39521,4,259200,1.00027833304
1266,1272,16433,6,15161,4,144000,1.00039575226
2310,2317,2920,7,603,1,18000,1.01160862355
2310,2322,2931,12,609,1,18000,1.0197044335
2311,2327,2922,16,595,1,18000,1.0268907563
2311,2335,2935,24,600,1,18000,1.04
2311,2340,2942,29,602,1,18000,1.04817275748
2312,2351,2960,39,609,1,18000,1.06403940887
2312,2356,2954,44,598,1,18000,1.07357859532
2312,2345,2947,33,602,1,18000,1.05481727575
2313,2372,2975,59,603,1,18000,1.09784411277
2313,2367,2963,54,596,1,18000,1.09060402685
2313,2362,2972,49,610,1,18000,1.08032786885
2313,2378,2934,65,556,1,18000,1.11690647482
2314,2383,2953,69,570,1,18000,1.12105263158
2314,2389,2981,75,592,1,18000,1.12668918919
2314,2394,2974,80,580,1,18000,1.13793103448
2315,2400,2968,85,568,1,18000,1.14964788732
2315,2411,2986,96,575,1,18000,1.16695652174
2315,2416,3000,101,584,1,18000,1.17294520548
2315,2405,2970,90,565,1,18000,1.1592920354
2316,2422,2977,106,555,1,18000,1.19099099099
2316,2432,3010,116,578,1,18000,1.20069204152
2316,2427,3091,111,664,1,18000,1.1671686747
3220,8157,20092,4937,11935,5,16200,1.41365731043
3455,4359,14917,904,10558,5,16200,1.08562227695
4359,4786,16544,427,11758,5,16200,1.03631569995
4785,8022,19834,3237,11812,5,16200,1.27404334575
8028,13002,26566,4974,13564,5,16200,1.36670598643
8157,18717,33812,10560,15095,5,16200,1.69956939384
8659,8665,8673,6,8,1,3600,1.4
8788,8794,8903,6,109,1,3600,1.05504587156
9037,9200,9549,163,349,1,3600,1.4670487106
9796,9803,10403,7,600,1,3600,1.01166666667
10943,10949,10956,6,7,1,3600,1.3
11075,11081,11190,6,109,1,3600,1.05504587156
11329,11335,11693,6,358,1,3600,1.01675977654
11999,12005,13340,6,1335,1,3600,1.00449438202
12763,12848,12856,85,8,1,1800,9.3
13002,14928,22841,1926,7913,5,16200,1.24339694174
13275,13281,13356,6,75,1,1800,1.08
13677,13684,13781,7,97,1,1800,1.07216494845
14658,14664,15037,6,373,1,1800,1.01608579088
14934,16556,28787,1622,12231,5,16200,1.13261385005
15744,15750,15757,6,7,1,1800,1.3
15936,15943,15982,7,39,1,1800,1.17948717949
16235,16242,16316,7,74,1,1800,1.09459459459
16558,19846,31375,3288,11529,5,16200,1.28519385896
16999,17005,17288,6,283,1,1800,1.02120141343
18724,20104,28567,1380,8463,5,16200,1.16306274371
19848,26583,34239,6735,7656,5,16200,1.87970219436
20104,22852,32740,2748,9888,5,16200,1.27791262136
22854,28578,39247,5724,10669,5,16200,1.53650763895
25081,25087,26501,6,1414,1,86400,1.00424328147
26316,26322,26504,6,182,1,86400,1.03296703297
26340,26346,112774,6,86428,1,86400,1.00006942195
26519,26525,112970,6,86445,1,86400,1.00006940829
26528,26534,112555,6,86021,1,86400,1.00006975041
26570,26576,69567,6,42991,1,86400,1.00013956409
26585,28799,36732,2214,7933,5,16200,1.27908735661
26593,26600,69571,7,42971,1,86400,1.00016290056
26633,26639,69580,6,42941,1,86400,1.0001397266
26650,26656,69588,6,42932,1,86400,1.00013975589
28579,33823,43506,5244,9683,5,16200,1.54156769596
28802,31386,39256,2584,7870,5,16200,1.32833545108
29091,29097,201916,6,172819,4,172800,1.0000347184
29160,29166,147583,6,118417,1,172800,1.0000506684
29553,29560,29606,7,46,64,1800,1.15217391304
31390,32752,47048,1362,14296,5,16200,1.09527140459
31653,31660,31734,7,74,64,1800,1.09459459459
32748,34251,45186,1503,10935,5,16200,1.13744855967
33007,33014,33019,7,5,64,1800,1.2
33829,39258,53027,5429,13769,5,16200,1.39429152444
34254,36744,44795,2490,8051,5,16200,1.30927835052
35065,35071,78288,6,43217,1,43200,1.00013883426
35072,35078,81718,6,46640,1,129600,1.00012864494
35080,35086,81718,6,46632,1,129600,1.00012866701
35085,35093,81720,8,46627,1,129600,1.00017157441
35092,35099,81727,7,46628,1,129600,1.00015012439
35102,35108,35800,6,692,64,1800,1.00867052023
35116,35123,78364,7,43241,1,43200,1.0001618834
35451,35457,35464,6,7,4,600,1.3
35524,35530,35817,6,287,64,3540,1.02090592334
36068,36074,36253,6,179,64,1800,1.03351955307
36527,36533,37185,6,652,64,1800,1.00920245399
36748,39267,47312,2519,8045,5,16200,1.31311373524
37069,37075,37084,6,9,16,108000,1.5
37183,37189,37200,6,11,64,1800,1.54545454545
37337,37343,39184,6,1841,64,1800,1.00325909832
37346,37352,37381,6,29,64,1800,1.20689655172
37682,37688,37694,6,6,64,1800,1.2
37746,37752,37921,6,169,64,1800,1.03550295858
38076,38155,56013,79,17858,16,36000,1.00442378766
38088,38150,38159,62,9,64,1800,7.1
39264,44807,58160,5543,13353,5,16200,1.41511270875
39265,43518,51355,4253,7837,5,16200,1.54268214878
39278,39284,56059,6,16775,16,36000,1.00035767511
39671,39677,147709,6,108032,16,108000,1.0000555391
39726,39732,39906,6,174,64,1800,1.03448275862
39772,39778,63591,6,23813,4,259200,1.00025196321
40149,40157,40194,8,37,64,1800,1.21621621622
40608,40614,40619,6,5,64,1800,1.1
41309,41316,41320,7,4,64,1800,1.1
41389,41395,41562,6,167,64,1800,1.03592814371
41846,41852,41854,6,2,1,7200,1.0
41846,41858,41907,12,49,1,7200,1.24489795918
41847,41863,41864,16,1,1,7200,1.7
41847,41869,42100,22,231,1,7200,1.09523809524
41847,41875,41963,28,88,1,7200,1.31818181818
41848,41880,41891,32,11,1,7200,3.90909090909
41848,41897,42422,49,525,1,7200,1.09333333333
41848,41891,42230,43,339,1,7200,1.12684365782
41849,41913,41914,64,1,1,7200,6.5
41849,41908,49154,59,7246,1,7200,1.00814242341
41849,41902,43662,53,1760,1,7200,1.03011363636
41849,41919,43878,70,1959,1,7200,1.03573251659
41850,41924,41926,74,2,1,7200,7.6
41850,41935,45645,85,3710,1,7200,1.02291105121
41850,41930,41932,80,2,1,7200,8.2
41851,41987,41989,136,2,1,7200,13.8
41851,41992,41993,141,1,1,7200,14.2
41851,41976,41982,125,6,1,7200,13.1
41852,41999,42000,147,1,1,7200,14.8
41852,42005,49238,153,7233,1,7200,1.02115304853
41852,42010,43089,158,1079,1,7200,1.14643188137
41853,42015,42018,162,3,1,7200,16.5
41853,42021,49253,168,7232,1,7200,1.0232300885
41853,42028,42053,175,25,1,7200,8.0
41854,42039,42040,185,1,1,7200,18.6
41854,42033,42046,179,13,1,7200,14.7692307692
41854,42046,42047,192,1,1,7200,19.3
41855,42052,42413,197,361,1,7200,1.54570637119
41855,42065,42881,210,816,1,7200,1.25735294118
41855,42060,42061,205,1,1,7200,20.6
41855,42071,42072,216,1,1,7200,21.7
41856,42093,42180,237,87,1,7200,3.72413793103
41857,42117,43968,260,1851,1,7200,1.14046461372
41857,42192,42206,335,14,1,7200,24.9285714286
41857,42112,42322,255,210,1,7200,2.21428571429
41858,42231,42232,373,1,1,7200,37.4
41858,42242,42243,384,1,1,7200,38.5
41858,42218,42220,360,2,1,7200,36.2
41859,42266,43355,407,1089,1,7200,1.37373737374
41859,42334,49566,475,7232,1,7200,1.06568030973
41859,42248,43498,389,1250,1,7200,1.3112
41860,42440,42518,580,78,1,7200,8.4358974359
41860,42425,42426,565,1,1,7200,56.6
41860,42433,42894,573,461,1,7200,2.24295010846
41861,42674,42700,813,26,1,7200,32.2692307692
41861,42531,42532,670,1,1,7200,67.1
41861,42544,42662,683,118,1,7200,6.78813559322
41862,42711,42724,849,13,1,7200,66.3076923077
41862,42717,42727,855,10,1,7200,86.5
41862,42735,42736,873,1,1,7200,87.4
41862,42743,43669,881,926,1,7200,1.95140388769
41863,42749,44601,886,1852,1,7200,1.47840172786
41863,42893,42912,1030,19,1,7200,55.2105263158
41863,42925,42926,1062,1,1,7200,106.3
41863,42906,42930,1043,24,1,7200,44.4583333333
41864,41942,42699,78,757,1,7200,1.10303830911
41864,41948,41981,84,33,1,7200,3.54545454545
41865,41953,41954,88,1,1,7200,8.9
41865,41964,41977,99,13,1,7200,8.61538461538
41866,43101,43239,1235,138,1,7200,9.94927536232
41866,43108,50341,1242,7233,1,7200,1.17171298217
41866,42945,43090,1079,145,1,7200,8.44137931034
41866,42937,50177,1071,7240,1,7200,1.1479281768
41867,43367,43369,1500,2,1,7200,150.2
41867,43252,50460,1385,7208,1,7200,1.19214761376
41867,43382,43998,1515,616,1,7200,3.45941558442
41868,43674,50887,1806,7213,1,7200,1.25038125607
41868,43572,43806,1704,234,1,7200,8.28205128205
41868,43510,43560,1642,50,1,7200,33.84
41868,43682,44675,1814,993,1,7200,2.82678751259
41869,43817,43920,1948,103,1,7200,19.9126213592
41869,43890,43892,2021,2,1,7200,202.3
41869,43904,51114,2035,7210,1,7200,1.28224687933
41869,43931,43933,2062,2,1,7200,206.4
41870,43979,45943,2109,1964,1,7200,2.07382892057
41870,43944,44225,2074,281,1,7200,8.38078291815
41870,44011,44102,2141,91,1,7200,24.5274725275
41871,44184,44263,2313,79,1,7200,30.2784810127
41871,44170,44172,2299,2,1,7200,230.1
41871,44114,44158,2243,44,1,7200,51.9772727273
41872,44274,51488,2402,7214,1,7200,1.33296368173
41872,44237,44487,2365,250,1,7200,10.46
41872,44512,46282,2640,1770,1,7200,2.49152542373
41872,44500,44501,2628,1,1,7200,262.9
41873,44686,44688,2813,2,1,7200,281.5
41873,44699,44700,2826,1,1,7200,282.7
41873,44613,45171,2740,558,1,7200,5.91039426523
41874,44735,44736,2861,1,1,7200,286.2
41874,44752,44755,2878,3,1,7200,288.1
41875,44779,44850,2904,71,1,7200,41.9014084507
41875,44862,44914,2987,52,1,7200,58.4423076923
41876,45695,45771,3819,76,1,7200,51.25
41876,45184,45802,3308,618,1,7200,6.35275080906
41876,45657,45683,3781,26,1,7200,146.423076923
41876,44926,46109,3050,1183,1,7200,3.57819103973
41877,45782,45784,3905,2,1,7200,390.7
41877,45813,46495,3936,682,1,7200,6.77126099707
41877,45795,53041,3918,7246,1,7200,1.54071211703
41878,46079,50138,4201,4059,1,7200,2.0349839862
41878,45977,45979,4099,2,1,7200,410.1
41878,45956,45965,4078,9,1,7200,408.7
41878,45991,46068,4113,77,1,7200,54.4155844156
41879,46294,46296,4415,2,1,7200,441.7
41879,46308,46429,4429,121,1,7200,37.6033057851
41879,46120,48335,4241,2215,1,7200,2.91467268623
41880,46545,46547,4665,2,1,7200,466.7
41880,46519,46534,4639,15,1,7200,310.266666667
41880,46506,46507,4626,1,1,7200,462.7
41880,46440,46569,4560,129,1,7200,36.3488372093
41881,46581,46582,4700,1,1,7200,470.1
41881,46593,46594,4712,1,1,7200,471.3
41881,46558,46710,4677,152,1,7200,31.7697368421
41882,46617,47848,4735,1231,1,7200,4.84646628757
41882,46605,46606,4723,1,1,7200,472.4
41882,47859,47861,5977,2,1,7200,597.9
41882,46723,50538,4841,3815,1,7200,2.26893840105
41883,47884,47885,6001,1,1,7200,600.2
41883,47897,47932,6014,35,1,7200,172.828571429
41884,48344,48349,6460,5,1,7200,646.5
41884,48134,48332,6250,198,1,7200,32.5656565657
41884,47944,48108,6060,164,1,7200,37.9512195122
41884,48120,48122,6236,2,1,7200,623.8
41885,48352,48418,6467,66,1,7200,98.9848484848
41885,48429,48435,6544,6,1,7200,655.0
41885,48360,48557,6475,197,1,7200,33.8680203046
41886,48569,55469,6683,6900,1,7200,1.96855072464
41886,48447,48583,6561,136,1,7200,49.2426470588
41886,48595,48684,6709,89,1,7200,76.3820224719
41887,49250,49359,7363,109,1,7200,68.5504587156
41887,48696,49544,6809,848,1,7200,9.02948113208
41887,49166,49313,7279,147,1,7200,50.5170068027
41887,49265,49346,7378,81,1,7200,92.0864197531
41888,49358,49847,7470,489,1,7200,16.2760736196
41888,49324,49332,7436,8,1,7200,744.4
41888,49343,49357,7455,14,1,7200,533.5
41889,49572,49853,7683,281,1,7200,28.3416370107
41889,49368,49780,7479,412,1,7200,19.1529126214
41889,49376,49559,7487,183,1,7200,41.912568306
41889,49556,49782,7667,226,1,7200,34.9247787611
41890,49691,49775,7801,84,1,7200,93.869047619
41890,49676,49679,7786,3,1,7200,778.9
41890,49579,49664,7689,85,1,7200,91.4588235294
41891,49788,49804,7897,16,1,7200,494.5625
41891,49795,49841,7904,46,1,7200,172.826086957
41891,49800,49980,7909,180,1,7200,44.9388888889
41891,49816,49822,7925,6,1,7200,793.1
41892,49853,57078,7961,7225,1,7200,2.10186851211
41892,49859,50205,7967,346,1,7200,24.0260115607
41892,49834,49868,7942,34,1,7200,234.588235294
41893,49885,53044,7992,3159,1,7200,3.52991452991
41894,49892,49893,7998,1,1,7200,799.9
41895,49964,50551,8069,587,1,7200,14.7461669506
41896,50178,50789,8282,611,1,7200,14.5548281506
41896,50188,50282,8292,94,1,7200,89.2127659574
41896,50150,50608,8254,458,1,7200,19.0218340611
41896,49991,50167,8095,176,1,7200,46.9943181818
41897,50294,54116,8397,3822,1,7200,3.19701726845
41897,50218,50343,8321,125,1,7200,67.568
41898,50354,52630,8456,2276,1,7200,4.71528998243
41898,50551,50552,8653,1,1,7200,865.4
41898,50361,57578,8463,7217,1,7200,2.17264791465
41898,50471,50771,8573,300,1,7200,29.5766666667
41899,50569,50590,8670,21,1,7200,413.857142857
41899,50587,50590,8688,3,1,7200,869.1
41900,50607,51150,8707,543,1,7200,17.0349907919
41900,50620,50933,8720,313,1,7200,28.8594249201
41900,50602,50781,8702,179,1,7200,49.6145251397
41900,50783,50831,8883,48,1,7200,186.0625
41901,50842,50859,8941,17,1,7200,526.941176471
41901,50800,52054,8899,1254,1,7200,8.09649122807
41901,50792,58038,8891,7246,1,7200,2.22702180513
41902,50945,58184,9043,7239,1,7200,2.24920569139
41902,50899,50994,8997,95,1,7200,95.7052631579
41902,51006,51219,9104,213,1,7200,43.7417840376
41902,50871,51605,8969,734,1,7200,13.219346049
41903,51125,51144,9222,19,1,7200,486.368421053
41903,51156,51206,9253,50,1,7200,186.06
41903,51164,51288,9261,124,1,7200,75.685483871
41904,51250,51303,9346,53,1,7200,177.339622642
41904,51231,51238,9327,7,1,7200,933.4
41904,51218,51360,9314,142,1,7200,66.5915492958
41905,51374,51782,9469,408,1,7200,24.2083333333
41905,51301,51674,9396,373,1,7200,26.1903485255
41905,51412,51757,9507,345,1,7200,28.5565217391
41905,51316,51400,9411,84,1,7200,113.035714286
41906,51500,51623,9594,123,1,7200,79.0
41906,51634,51651,9728,17,1,7200,573.235294118
41906,51618,51666,9712,48,1,7200,203.333333333
41907,51686,52709,9779,1023,1,7200,10.5591397849
41907,51662,52938,9755,1276,1,7200,8.64498432602
41907,51769,51795,9862,26,1,7200,380.307692308
41907,51678,51877,9771,199,1,7200,50.1005025126
41908,51793,53651,9885,1858,1,7200,6.32023681378
41908,51807,51985,9899,178,1,7200,56.6123595506
41908,51889,52115,9981,226,1,7200,45.1637168142
41909,51996,59216,10087,7220,1,7200,2.39709141274
41909,52066,52128,10157,62,1,7200,164.822580645
41909,52128,52129,10219,1,1,7200,1022.0
41910,52165,52205,10255,40,1,7200,257.375
41910,52146,52147,10236,1,1,7200,1023.7
41910,52139,52152,10229,13,1,7200,787.846153846
41912,52223,52224,10311,1,1,7200,1031.2
41912,52217,52258,10305,41,1,7200,252.341463415
41913,52270,52304,10357,34,1,7200,305.617647059
41913,52235,52236,10322,1,1,7200,1032.3
41914,52301,56539,10387,4238,1,7200,3.4509202454
41914,52276,52277,10362,1,1,7200,1036.3
41915,52642,53273,10727,631,1,7200,18.0
41915,52721,52754,10806,33,1,7200,328.454545455
41915,52738,56298,10823,3560,1,7200,4.04016853933
41915,52316,52726,10401,410,1,7200,26.3682926829
41916,52795,52803,10879,8,1,7200,1088.7
41916,52766,52783,10850,17,1,7200,639.235294118
41916,52814,60054,10898,7240,1,7200,2.50524861878
41917,53059,53273,11142,214,1,7200,53.0654205607
41917,52949,53100,11032,151,1,7200,74.059602649
41917,53052,53435,11135,383,1,7200,30.0731070496
41918,53351,53360,11433,9,1,7200,1144.2
41918,53111,55112,11193,2001,1,7200,6.59370314843
41918,53285,53339,11367,54,1,7200,211.5
41918,53290,53494,11372,204,1,7200,56.7450980392
41919,53371,56975,11452,3604,1,7200,4.17758046615
41919,53446,53461,11527,15,1,7200,769.466666667
41920,53473,53484,11553,11,1,7200,1051.27272727
41920,53495,60696,11575,7201,1,7200,2.60741563672
41920,53662,53684,11742,22,1,7200,534.727272727
41920,53506,54262,11586,756,1,7200,16.3253968254
41921,53697,53997,11776,300,1,7200,40.2533333333
41921,54009,54158,12088,149,1,7200,82.1275167785
41921,54129,54143,12208,14,1,7200,873.0
41921,54154,55530,12233,1376,1,7200,9.89026162791
41922,54274,54464,12352,190,1,7200,66.0105263158
41922,54242,54501,12320,259,1,7200,48.5675675676
41922,54169,54230,12247,61,1,7200,201.770491803
41923,54598,55830,12675,1232,1,7200,11.2881493506
41923,54513,54518,12590,5,1,7200,1259.5
41923,54529,54587,12606,58,1,7200,218.344827586
41923,54475,54677,12552,202,1,7200,63.1386138614
41924,54688,54692,12764,4,1,7200,1276.8
41924,55123,55174,13199,51,1,7200,259.803921569
41924,54704,55937,12780,1233,1,7200,11.3649635036
41925,55190,55220,13265,30,1,7200,443.166666667
41925,55245,55260,13320,15,1,7200,889.0
41925,55231,55234,13306,3,1,7200,1330.9
41926,55481,55522,13555,41,1,7200,331.609756098
41926,55534,55617,13608,83,1,7200,164.951807229
41926,55271,55462,13345,191,1,7200,70.8691099476
41926,55474,55531,13548,57,1,7200,238.684210526
41927,55542,57363,13615,1821,1,7200,8.47666117518
41927,55548,55556,13621,8,1,7200,1362.9
41927,55567,55581,13640,14,1,7200,975.285714286
41928,55732,57698,13804,1966,1,7200,8.02136317396
41928,55592,55973,13664,381,1,7200,36.8635170604
41928,55637,55669,13709,32,1,7200,429.40625
41928,55680,55721,13752,41,1,7200,336.414634146
41929,55842,55911,13913,69,1,7200,202.637681159
41929,55985,56054,14056,69,1,7200,204.710144928
41929,55924,56217,13995,293,1,7200,48.7645051195
41929,55948,63166,14019,7218,1,7200,2.94222776392
41930,56065,56080,14135,15,1,7200,943.333333333
41930,56118,56603,14188,485,1,7200,30.2536082474
41930,56091,56106,14161,15,1,7200,945.066666667
41931,56228,56412,14297,184,1,7200,78.7010869565
41931,56423,56451,14492,28,1,7200,518.571428571
41931,56309,63522,14378,7213,1,7200,2.99334534868
41932,56578,56765,14646,187,1,7200,79.320855615
41932,56551,57141,14619,590,1,7200,25.7779661017
41932,56508,56566,14576,58,1,7200,252.310344828
41932,56462,56496,14530,34,1,7200,428.352941176
41933,56614,63826,14681,7212,1,7200,3.03563505269
41933,56778,56790,14845,12,1,7200,1238.08333333
41933,56801,56902,14868,101,1,7200,148.207920792
41933,56914,56932,14981,18,1,7200,833.277777778
41934,56967,57213,15033,246,1,7200,62.1097560976
41934,56987,57441,15053,454,1,7200,34.1563876652
41934,56943,56955,15009,12,1,7200,1251.75
41935,57224,57382,15289,158,1,7200,97.7658227848
41935,57207,57286,15272,79,1,7200,194.316455696
41935,57089,57284,15154,195,1,7200,78.7128205128
41935,57154,57195,15219,41,1,7200,372.195121951
41936,57302,57417,15366,115,1,7200,134.617391304
41936,57295,57359,15359,64,1,7200,240.984375
41936,57370,57775,15434,405,1,7200,39.1086419753
41937,57394,57513,15457,119,1,7200,130.890756303
41937,57428,57477,15491,49,1,7200,317.142857143
41937,57378,57438,15441,60,1,7200,258.35
41938,57495,57504,15557,9,1,7200,1556.6
41938,57450,57478,15512,28,1,7200,555.0
41938,57456,57480,15518,24,1,7200,647.583333333
41938,57489,57495,15551,6,1,7200,1555.7
41939,57515,64744,15576,7229,1,7200,3.15465486236
41939,57501,57510,15562,9,1,7200,1557.1
41939,57508,57543,15569,35,1,7200,445.828571429
41939,57522,57549,15583,27,1,7200,578.148148148
41940,57554,57937,15614,383,1,7200,41.7676240209
41940,57529,57716,15589,187,1,7200,84.3636363636
41940,57561,57572,15621,11,1,7200,1421.09090909
41941,57584,57608,15643,24,1,7200,652.791666667
41941,57619,57688,15678,69,1,7200,228.217391304
41941,57700,57778,15759,78,1,7200,203.038461538
41941,57592,57780,15651,188,1,7200,84.25
41942,57710,58579,15768,869,1,7200,19.1449942463
41942,57728,58255,15786,527,1,7200,30.954459203
41942,57786,65026,15844,7240,1,7200,3.18839779006
41943,57794,57801,15851,7,1,7200,1585.8
41943,57799,57802,15856,3,1,7200,1585.9
41943,57813,57879,15870,66,1,7200,241.454545455
41943,57819,58031,15876,212,1,7200,75.8867924528
41944,57890,57894,15946,4,1,7200,1595.0
41944,57905,57917,15961,12,1,7200,1331.08333333
41944,57928,57972,15984,44,1,7200,364.272727273
41945,57950,58431,16005,481,1,7200,34.2744282744
41945,58045,58186,16100,141,1,7200,115.184397163
41945,57983,58004,16038,21,1,7200,764.714285714
41945,58015,58067,16070,52,1,7200,310.038461538
41946,58078,58261,16132,183,1,7200,89.1530054645
41946,58092,58310,16146,218,1,7200,75.0642201835
41946,58052,58081,16106,29,1,7200,556.379310345
41947,58269,58696,16322,427,1,7200,39.224824356
41947,58276,58286,16329,10,1,7200,1633.9
41947,58203,58498,16256,295,1,7200,56.1050847458
41947,58195,58268,16248,73,1,7200,223.575342466
41948,58298,65525,16350,7227,1,7200,3.26234952262
41948,58305,58380,16357,75,1,7200,219.093333333
41948,58283,58287,16335,4,1,7200,1633.9
41949,58321,59184,16372,863,1,7200,19.9710312862
41949,58405,58425,16456,20,1,7200,823.8
41949,58391,58394,16442,3,1,7200,1644.5
41950,58481,58499,16531,18,1,7200,919.388888889
41950,58443,58928,16493,485,1,7200,35.006185567
41950,58467,58470,16517,3,1,7200,1652.0
41950,58437,58456,16487,19,1,7200,868.736842105
41951,58509,58762,16558,253,1,7200,66.4466403162
41951,58517,58518,16566,1,1,7200,1656.7
41951,58529,58530,16578,1,1,7200,1657.9
41952,58591,58594,16639,3,1,7200,1664.2
41952,58605,58606,16653,1,1,7200,1665.4
41952,58542,58697,16590,155,1,7200,108.032258065
41952,58618,58813,16666,195,1,7200,86.4666666667
41953,58708,58710,16755,2,1,7200,1675.7
41953,58722,58726,16769,4,1,7200,1677.3
41954,58729,60440,16775,1711,1,7200,10.8042080655
41954,58738,58739,16784,1,1,7200,1678.5
41955,58763,58764,16808,1,1,7200,1680.9
41955,58781,58803,16826,22,1,7200,765.818181818
41955,58774,66020,16819,7246,1,7200,3.32114269942
41955,58815,58816,16860,1,1,7200,1686.1
41956,58844,58896,16888,52,1,7200,325.769230769
41956,58831,58832,16875,1,1,7200,1687.6
41957,58917,58943,16960,26,1,7200,653.307692308
41957,58850,58905,16893,55,1,7200,308.145454545
41957,58907,58908,16950,1,1,7200,1695.1
41957,58923,58924,16966,1,1,7200,1696.7
41958,58935,58936,16977,1,1,7200,1697.8
41958,58943,58944,16985,1,1,7200,1698.6
41958,58955,58959,16997,4,1,7200,1700.1
41958,58949,58994,16991,45,1,7200,378.577777778
41959,58961,59149,17002,188,1,7200,91.4361702128
41959,58970,58976,17011,6,1,7200,1701.7
41960,59007,59306,17047,299,1,7200,58.0133779264
41961,59086,59087,17125,1,1,7200,1712.6
41961,59100,59105,17139,5,1,7200,1714.4
41961,59026,59073,17065,47,1,7200,364.085106383
41962,59161,59203,17199,42,1,7200,410.5
41962,59129,59564,17167,435,1,7200,40.4643678161
41962,59196,59197,17234,1,1,7200,1723.5
41963,59233,59237,17270,4,1,7200,1727.4
41963,59245,66458,17282,7213,1,7200,3.39595175378
41963,59208,59221,17245,13,1,7200,1327.53846154
41963,59216,59218,17253,2,1,7200,1725.5
41964,59266,59276,17302,10,1,7200,1731.2
41964,59257,59276,17293,19,1,7200,911.157894737
41964,59250,59253,17286,3,1,7200,1728.9
41965,59301,59765,17336,464,1,7200,38.3620689655
41965,59287,59289,17322,2,1,7200,1732.4
41965,59292,66497,17327,7205,1,7200,3.40485773768
41966,59332,59353,17366,21,1,7200,827.952380952
41966,59364,59369,17398,5,1,7200,1740.3
41966,59381,59382,17415,1,1,7200,1741.6
41967,59576,59591,17609,15,1,7200,1174.93333333
41967,59568,59573,17601,5,1,7200,1760.6
41967,59394,59542,17427,148,1,7200,118.75
41967,59554,59555,17587,1,1,7200,1758.8
41968,59604,59639,17636,35,1,7200,504.885714286
41968,59650,59684,17682,34,1,7200,521.058823529
41968,59586,59638,17618,52,1,7200,339.807692308
41969,59681,59683,17712,2,1,7200,1771.4
41969,59695,66902,17726,7207,1,7200,3.45955321215
41970,59702,59703,17732,1,1,7200,1773.3
41970,59778,59780,17808,2,1,7200,1781.0
41970,59715,66942,17745,7227,1,7200,3.45537567455
41971,60066,60179,18095,113,1,7200,161.132743363
41971,59792,59969,17821,177,1,7200,101.683615819
41971,59980,62387,18009,2407,1,7200,8.48192771084
41972,60230,60231,18258,1,1,7200,1825.9
41972,60204,60207,18232,3,1,7200,1823.5
41972,60218,60219,18246,1,1,7200,1824.7
41972,60191,60192,18219,1,1,7200,1822.0
41973,60242,60243,18269,1,1,7200,1827.0
41973,60254,60310,18281,56,1,7200,327.446428571
41973,60321,60477,18348,156,1,7200,118.615384615
41974,60493,60546,18519,53,1,7200,350.41509434
41974,60451,60463,18477,12,1,7200,1540.75
41974,60474,60476,18500,2,1,7200,1850.2
41975,60537,60540,18562,3,1,7200,1856.5
41975,60525,60526,18550,1,1,7200,1855.1
41975,60499,60502,18524,3,1,7200,1852.7
41975,60513,60514,18538,1,1,7200,1853.9
41976,60557,60559,18581,2,1,7200,1858.3
41976,60580,60607,18604,27,1,7200,690.037037037
41976,60551,60556,18575,5,1,7200,1858.0
41976,60567,60580,18591,13,1,7200,1431.07692308
41977,60591,60593,18614,2,1,7200,1861.6
41977,60616,60617,18639,1,1,7200,1864.0
41977,60604,60605,18627,1,1,7200,1862.8
41978,60636,63466,18658,2830,1,7200,7.59293286219
41978,60642,67855,18664,7213,1,7200,3.58755025648
41978,60623,60629,18645,6,1,7200,1865.1
41979,60792,60793,18813,1,1,7200,1881.4
41979,60734,60747,18755,13,1,7200,1443.69230769
41979,60760,60777,18781,17,1,7200,1105.76470588
41979,60708,60722,18729,14,1,7200,1338.78571429
41980,60817,60818,18837,1,1,7200,1883.8
41980,60830,68056,18850,7226,1,7200,3.60863548298
41980,60804,60805,18824,1,1,7200,1882.5
41980,62399,62401,20419,2,1,7200,2042.1
41981,62412,62414,20431,2,1,7200,2043.3
41981,62426,62427,20445,1,1,7200,2044.6
41981,62438,62439,20457,1,1,7200,2045.8
41982,62450,62467,20468,17,1,7200,1205.0
41982,62480,62482,20498,2,1,7200,2050.0
41982,62493,62504,20511,11,1,7200,1865.63636364
41983,62515,62518,20532,3,1,7200,2053.5
41983,62529,62612,20546,83,1,7200,248.542168675
41983,62624,62626,20641,2,1,7200,2064.3
41983,62638,63599,20655,961,1,7200,22.4932362123
41984,63477,63573,21493,96,1,7200,224.885416667
41984,63177,63178,21193,1,1,7200,2119.4
41984,63189,63835,21205,646,1,7200,33.8250773994
41985,63626,65307,21641,1681,1,7200,13.8738845925
41985,63584,70817,21599,7233,1,7200,3.98617447809
41985,63533,63904,21548,371,1,7200,59.0808625337
41985,63612,63615,21627,3,1,7200,2163.0
41986,63837,63840,21851,3,1,7200,2185.4
41986,63846,63848,21860,2,1,7200,2186.2
41986,63852,66411,21866,2559,1,7200,9.54474404064
41987,63859,63860,21872,1,1,7200,2187.3
41987,63871,63872,21884,1,1,7200,2188.5
41987,63883,63884,21896,1,1,7200,2189.7
41988,63907,65192,21919,1285,1,7200,18.0575875486
41988,63895,63896,21907,1,1,7200,2190.8
41988,63917,64050,21929,133,1,7200,165.879699248
41989,64062,64754,22073,692,1,7200,32.8973988439
41989,64755,64758,22766,3,1,7200,2276.9
41989,64772,64791,22783,19,1,7200,1200.10526316
41989,64765,64767,22776,2,1,7200,2277.8
41990,64779,71993,22789,7214,1,7200,4.1589963959
41990,64803,64972,22813,169,1,7200,135.98816568
41990,64997,64998,23007,1,1,7200,2300.8
41990,64983,64986,22993,3,1,7200,2299.6
41991,65009,65340,23018,331,1,7200,70.5407854985
41991,65204,65211,23213,7,1,7200,2322.0
41991,65038,65430,23047,392,1,7200,59.7933673469
41992,65332,65335,23340,3,1,7200,2334.3
41992,65319,65321,23327,2,1,7200,2332.9
41992,65347,66660,23355,1313,1,7200,18.7875095202
41992,65224,66736,23232,1512,1,7200,16.3650793651
41993,65455,65501,23462,46,1,7200,511.043478261
41993,65442,65443,23449,1,1,7200,2345.0
41993,65355,65960,23362,605,1,7200,39.6148760331
41994,65553,65618,23559,65,1,7200,363.446153846
41994,65538,65541,23544,3,1,7200,2354.7
41994,65514,72746,23520,7232,1,7200,4.25221238938
41995,65631,65963,23636,332,1,7200,72.1927710843
41995,66032,66033,24037,1,1,7200,2403.8
41995,65972,66611,23977,639,1,7200,38.5226917058
41995,65979,67021,23984,1042,1,7200,24.0172744722
41996,66084,68859,24088,2775,1,7200,9.68036036036
41996,66070,66072,24074,2,1,7200,2407.6
41996,66045,66059,24049,14,1,7200,1718.78571429
41997,66486,66487,24489,1,1,7200,2449.0
41997,66469,66475,24472,6,1,7200,2447.8
41997,66498,66583,24501,85,1,7200,289.247058824
41997,66422,66496,24425,74,1,7200,331.067567568
41998,66507,66511,24509,4,1,7200,2451.3
41998,66522,66812,24524,290,1,7200,85.5655172414
41999,66530,66532,24531,2,1,7200,2453.3
41999,66594,66609,24595,15,1,7200,1640.66666667
41999,66545,66691,24546,146,1,7200,169.123287671
42000,66671,73917,24671,7246,1,7200,4.4047750483
42000,66620,66885,24620,265,1,7200,93.9056603774
42000,66627,66628,24627,1,1,7200,2462.8
42000,66641,66857,24641,216,1,7200,115.078703704
42001,66747,66810,24746,63,1,7200,393.793650794
42001,66821,66900,24820,79,1,7200,315.17721519
42001,66703,66844,24702,141,1,7200,176.191489362
42002,66912,68660,24910,1748,1,7200,15.2505720824
42002,66828,66829,24826,1,1,7200,2482.7
42002,67056,69616,25054,2560,1,7200,10.78671875
42002,67659,67720,25657,61,1,7200,421.606557377
42003,67715,67734,25712,19,1,7200,1354.26315789
42003,66840,66868,24837,28,1,7200,888.035714286
42004,66856,66860,24852,4,1,7200,2485.6
42004,66882,66885,24878,3,1,7200,2488.1
42004,66869,66906,24865,37,1,7200,673.027027027
42004,66875,74092,24871,7217,1,7200,4.44616876819
42005,67732,67733,25727,1,1,7200,2572.8
42005,66902,66903,24897,1,1,7200,2489.8
42005,66897,67296,24892,399,1,7200,63.3859649123
42006,66920,67030,24914,110,1,7200,227.490909091
42006,66925,67089,24919,164,1,7200,152.945121951
42006,67746,74950,25740,7204,1,7200,4.57301499167
42007,66943,66944,24936,1,1,7200,2493.7
42007,66953,66956,24946,3,1,7200,2494.9
42007,66959,66960,24952,1,1,7200,2495.3
42008,66967,66983,24959,16,1,7200,1560.9375
42008,66994,74207,24986,7213,1,7200,4.46402329128
42008,66973,67056,24965,83,1,7200,301.78313253
42008,67034,67038,25026,4,1,7200,2503.0
42009,67068,67150,25059,82,1,7200,306.597560976
42009,67102,67103,25093,1,1,7200,2509.4
42009,67041,67044,25032,3,1,7200,2503.5
42009,67049,67389,25040,340,1,7200,74.6470588235
42010,67163,67181,25153,18,1,7200,1398.38888889
42010,67115,67564,25105,449,1,7200,56.9131403118
42011,67308,67310,25297,2,1,7200,2529.9
42011,67194,67195,25183,1,1,7200,2518.4
42011,67208,67435,25197,227,1,7200,112.0
42011,67323,67603,25312,280,1,7200,91.4
42012,67448,68629,25436,1181,1,7200,22.5376799323
42012,67402,67471,25390,69,1,7200,368.971014493
42012,67483,67491,25471,8,1,7200,2547.9
42012,67503,67579,25491,76,1,7200,336.407894737
42013,67577,67646,25564,69,1,7200,371.492753623
42014,67640,67667,25626,27,1,7200,950.111111111
42014,67615,67626,25601,11,1,7200,2328.36363636
42015,67684,67752,25669,68,1,7200,378.485294118
42016,67881,67884,25865,3,1,7200,2586.8
42017,67867,67869,25850,2,1,7200,2585.2
42017,67751,68710,25734,959,1,7200,27.8342022941
42017,67764,67768,25747,4,1,7200,2575.1
42017,67780,68903,25763,1123,1,7200,23.9412288513
42018,67915,67990,25897,75,1,7200,346.293333333
42018,68002,68250,25984,248,1,7200,105.774193548
42018,67896,67903,25878,7,1,7200,2588.5
42162,42169,42335,7,166,64,1800,1.0421686747
42300,42307,131748,7,89441,1,108000,1.00007826388
42317,42323,131759,6,89436,1,108000,1.00006708708
42406,42412,131759,6,89347,1,108000,1.00006715391
42449,42457,131760,8,89303,1,108000,1.00008958266
42452,42464,42631,12,167,64,1800,1.07185628743
42471,42477,131774,6,89297,1,108000,1.00006719151
42485,42492,131776,7,89284,1,108000,1.00007840151
42503,42511,131778,8,89267,1,108000,1.00008961878
42617,42624,43284,7,660,64,1800,1.01060606061
43185,43192,43196,7,4,4,600,1.1
43430,43436,43994,6,558,64,1800,1.01075268817
43522,47059,54751,3537,7692,5,16200,1.45982839314
43658,43664,43683,6,19,4,3600,1.31578947368
43787,43793,43814,6,21,4,3600,1.28571428571
44315,44321,45390,6,1069,4,3600,1.00561272217
44402,44408,44461,6,53,4,3600,1.11320754717
44635,44642,44868,7,226,4,3600,1.03097345133
44740,44747,45845,7,1098,1,43200,1.00637522769
44779,44785,44941,6,156,4,3600,1.03846153846
44789,44795,44846,6,51,4,3600,1.11764705882
44804,45198,59469,394,14271,5,16200,1.02760843669
45200,53038,63359,7838,10321,5,16200,1.75942253658
45580,45587,45791,7,204,64,1800,1.03431372549
45837,45843,46044,6,201,64,1800,1.02985074627
46505,46512,236939,7,190427,18,198000,1.00003675949
47063,47323,59216,260,11893,5,16200,1.02186159926
47161,47168,50809,7,3641,1,3600,1.00192254875
47319,51366,60773,4047,9407,5,16200,1.43021154459
51371,54762,66356,3391,11594,5,16200,1.29247886838
52925,52932,92951,7,40019,20,86399,1.00017491691
52967,52973,52978,6,5,5,172800,1.1
52987,52993,53009,6,16,10,172800,1.375
53021,53028,225896,7,172868,10,172800,1.00004049332
53039,58171,65896,5132,7725,5,16200,1.66433656958
54767,59480,70897,4713,11417,5,16200,1.41280546553
55171,55177,66835,6,11658,4,28800,1.00051466804
55175,55183,73799,8,18616,4,28800,1.00042973786
55618,55625,70101,7,14476,4,28800,1.00048355899
55622,55632,73721,10,18089,4,28800,1.00055282216
57128,57134,58190,6,1056,4,28800,1.00568181818
57747,57753,57761,6,8,4,600,1.4
57938,57944,57948,6,4,4,600,1.0
58032,58039,58042,7,3,4,600,1.0
58103,58109,58299,6,190,64,1800,1.03157894737
58112,58312,58614,200,302,64,1800,1.66225165563
58167,59228,70181,1061,10953,5,16200,1.09686843787
58222,58228,58741,6,513,4,28800,1.01169590643
58558,58564,58574,6,10,4,600,1.6
58589,58597,74830,8,16233,4,28800,1.00049282326
58645,58651,58876,6,225,64,1800,1.02666666667
58657,58887,59217,230,330,64,1800,1.69696969697
58826,58838,59704,12,866,4,28800,1.01385681293
58961,59239,59395,278,156,64,1800,2.78205128205
58966,59408,59605,442,197,64,1800,3.24365482234
59233,60784,74441,1551,13657,5,16200,1.11356813356
59448,59616,59832,168,216,64,1800,1.77777777778
59453,59845,60161,392,316,64,1800,2.24050632911
59483,63370,70686,3887,7316,5,16200,1.53130125752
59772,59785,73288,13,13503,4,28800,1.00096274902
59891,59897,61699,6,1802,4,28800,1.00332963374
60342,60348,60352,6,4,4,600,1.0
60563,60574,60580,11,6,4,600,1.7
60622,60630,61208,8,578,64,1800,1.01384083045
60715,61220,62186,505,966,64,1800,1.52277432712
60784,66367,77387,5583,11020,5,16200,1.50662431942
61107,61113,62966,6,1853,4,28800,1.00323799244
61843,61849,62180,6,331,4,28800,1.01812688822
62231,62237,62796,6,559,4,28800,1.01073345259
63369,65907,76053,2538,10146,5,16200,1.25014784151
65204,65211,65903,7,692,64,1800,1.01011560694
65208,65914,66768,706,854,64,1800,1.82669789227
65907,70192,82965,4285,12773,5,16200,1.33547326392
66363,70697,86229,4334,15532,5,16200,1.2790368272
67064,67074,67942,10,868,64,1800,1.01152073733
67069,67954,68535,885,581,64,1800,2.52323580034
67081,68547,68832,1466,285,64,1800,6.14385964912
67087,68843,69213,1756,370,64,1800,5.74594594595
67108,69224,69422,2116,198,64,1800,11.6868686869
67113,69433,69724,2320,291,64,1800,8.97250859107
67237,67244,67248,7,4,4,28800,1.1
69544,69550,71786,6,2236,4,21600,1.00268336315
69547,69557,73216,10,3659,4,21600,1.00273298715
69553,69563,78341,10,8778,4,21600,1.00113921167
69641,69647,139869,6,70222,1,86400,1.00008544331
69660,69666,125034,6,55368,1,86400,1.00010836584
69676,69682,112357,6,42675,1,86400,1.00014059754
69693,69699,69701,6,2,1,86400,1.0
69761,69768,70030,7,262,1,36000,1.02671755725
69786,69792,71601,6,1809,4,28800,1.00331674959
69792,69798,140007,6,70209,1,86400,1.00008545913
70062,70068,140041,6,69973,1,86400,1.00008574736
70138,70144,156589,6,86445,1,86400,1.00006940829
70189,70908,85118,719,14210,5,16200,1.0505981703
70695,74452,86413,3757,11961,5,16200,1.31410417189
70912,76064,84123,5152,8059,5,16200,1.63928527113
71002,71008,72844,6,1836,4,28800,1.00326797386
71508,71514,73050,6,1536,4,28800,1.00390625
71782,71788,71794,6,6,1,172800,1.2
71958,71964,73730,6,1766,4,28800,1.00339750849
72084,72090,72091,6,1,1,172800,1.0
72106,72113,87449,7,15336,4,21600,1.00045644236
72134,72140,72145,6,5,1,172800,1.1
72176,72182,72183,6,1,1,172800,1.0
72233,72240,72241,7,1,1,172800,1.0
72305,72311,72332,6,21,1,172800,1.28571428571
74457,77399,85099,2942,7700,5,16200,1.38207792208
76065,82976,95475,6911,12499,5,16200,1.55292423394
77404,84134,96659,6730,12525,5,16200,1.5373253493
80407,80414,115989,7,35575,16,36000,1.00019676739
80854,80860,87719,6,6859,4,36000,1.00087476308
81597,81603,115944,6,34341,16,36000,1.00017471827
82977,85110,94036,2133,8926,5,16200,1.23896482187
84131,86241,94192,2110,7951,5,16200,1.26537542447
84544,84550,133285,6,48735,1,129600,1.0001231148
84596,84602,133282,6,48680,1,129600,1.0001232539
84638,84644,133284,6,48640,1,129600,1.00012335526
84669,84675,133285,6,48610,1,129600,1.00012343139
85009,85015,85276,6,261,1,3540,1.02298850575
85113,85129,92972,16,7843,5,16200,1.0020400357
85134,86425,93902,1291,7477,5,16200,1.17266283269
85411,85417,87609,6,2192,1,3540,1.00273722628
85487,85493,85679,6,186,1,3540,1.03225806452
85536,85543,85818,7,275,1,3540,1.02545454545
85588,85595,85884,7,289,1,3540,1.02422145329
85661,85667,85904,6,237,1,3540,1.0253164557
85672,85678,85696,6,18,4,3600,1.33333333333
85710,85716,86009,6,293,1,3540,1.0204778157
85759,85765,86264,6,499,1,3540,1.0120240481
85776,85782,85815,6,33,4,3600,1.18181818182
85779,85789,85960,10,171,4,3600,1.05847953216
85808,85814,86339,6,525,1,3540,1.01142857143
85857,85863,86358,6,495,1,3540,1.01212121212
85906,85912,86436,6,524,1,3540,1.01145038168
85946,85952,85968,6,16,4,3600,1.375
85949,85958,86133,9,175,4,3600,1.05142857143
85952,85963,85974,11,11,4,3600,2.0
85982,85988,86545,6,557,1,3540,1.01077199282
86184,86190,86462,6,272,1,3540,1.02205882353
86237,92983,101562,6746,8579,5,16200,1.78633873412
86423,93913,104992,7490,11079,5,16200,1.67605379547
86438,86444,86627,6,183,1,3540,1.03278688525
86476,86482,87078,6,596,4,3600,1.01006711409
86479,86488,86489,9,1,4,3600,1.0
86483,86495,86506,12,11,4,3600,2.09090909091
86490,86501,86634,11,133,1,3540,1.08270676692
87736,87742,130962,6,43220,1,43200,1.00013882462
88401,88408,88637,7,229,4,3600,1.03056768559
92984,94048,109193,1064,15145,5,16200,1.07025420931
93911,94203,101979,292,7776,5,16200,1.03755144033
94046,95486,109261,1440,13775,5,16200,1.10453720508
94201,96670,110139,2469,13469,5,16200,1.18330982256
95060,95066,98674,6,3608,1,3600,1.00166297118
95490,101573,113991,6083,12418,5,16200,1.48985343856
96674,101990,111976,5316,9986,5,16200,1.5323452834
98657,98663,98670,6,7,1,1800,1.3
98790,98796,98906,6,110,1,3600,1.05454545455
98839,98845,98915,6,70,1,1800,1.08571428571
99048,99054,99304,6,250,1,3600,1.024
99168,99175,99260,7,85,1,1800,1.08235294118
99557,99563,100133,6,570,1,3600,1.01052631579
99804,99810,100180,6,370,1,1800,1.01621621622
100669,100675,100680,6,5,1,3600,1.1
100797,100803,100949,6,146,1,3600,1.04109589041
100866,100872,100878,6,6,1,1800,1.2
101058,101064,101106,6,42,1,1800,1.14285714286
101089,101095,101341,6,246,1,3600,1.0243902439
101272,101278,101358,6,80,1,3600,1.075
101367,101373,101451,6,78,1,1800,1.07692307692
101577,105003,112863,3426,7860,5,16200,1.4358778626
101652,101659,102133,7,474,1,3600,1.01476793249
101990,109204,121235,7214,12031,5,16200,1.59961765439
102141,102147,102405,6,258,1,1800,1.02325581395
102593,102599,102690,6,91,1,3600,1.06593406593
102792,102798,102865,6,67,1,3600,1.08955223881
103018,103024,103031,6,7,1,3600,1.3
103172,103178,103363,6,185,1,3600,1.03243243243
103473,103479,103579,6,100,1,3600,1.06
104576,104582,104583,6,1,1,3600,1.0
105007,109272,117182,4265,7910,5,16200,1.5391908976
109200,110150,117618,950,7468,5,16200,1.12720942689
109273,114002,129936,4729,15934,5,16200,1.29678674532
110149,111988,125645,1839,13657,5,16200,1.13465622025
110531,110537,110538,6,1,1,3600,1.0
110595,110601,110602,6,1,1,3600,1.0
110618,110624,111299,6,675,1,3600,1.00888888889
111992,112874,121829,882,8955,5,16200,1.09849246231
112366,112372,112420,6,48,1,3600,1.125
112403,112410,198854,7,86444,1,86400,1.00008097728
112435,112441,112515,6,74,1,3600,1.08108108108
112589,112596,199010,7,86414,1,86400,1.00008100539
112838,112844,112862,6,18,1,3600,1.33333333333
112879,121246,128909,8367,7663,5,16200,2.09187002479
113583,113589,117201,6,3612,1,3600,1.00166112957
114002,117193,125645,3191,8452,5,16200,1.37754377662
116619,116625,116883,6,258,18,172800,1.02325581395
116632,116638,161159,6,44521,4,172800,1.00013476786
117195,117629,132643,434,15014,5,16200,1.02890635407
117226,117232,297245,6,180013,18,180000,1.00003333093
117326,117332,117432,6,100,1,172800,1.06
117335,117341,131866,6,14525,16,14400,1.0004130809
117460,117467,118232,7,765,1,172800,1.0091503268
117628,125656,140805,8028,15149,5,16200,1.52993596937
118495,118501,135073,6,16572,1,172800,1.00036205648
118538,118545,203895,7,85350,1,90000,1.00008201523
118793,118799,145682,6,26883,2,54000,1.00022318938
118993,118999,119000,6,1,1,90000,1.0
119027,119034,119856,7,822,1,3600,1.00851581509
119028,119039,209063,11,90024,1,90000,1.00012218964
119106,119113,209132,7,90019,1,90000,1.00007776136
119193,119199,209200,6,90001,1,90000,1.00006666593
119291,119297,200165,6,80868,1,90000,1.00007419498
119394,119401,197796,7,78395,1,90000,1.00008929141
119727,119733,191750,6,72017,4,72000,1.00008331366
119737,119744,119747,7,3,1,172800,1.0
119764,119770,191818,6,72048,4,72000,1.00008327781
120483,120489,192497,6,72008,4,72000,1.00008332408
120527,120533,192544,6,72011,4,72000,1.0000833206
120566,120572,192618,6,72046,4,72000,1.00008328013
120680,120686,121194,6,508,4,144000,1.01181102362
120765,120771,120794,6,23,1,172800,1.26086956522
120765,120777,120800,12,23,1,172800,1.52173913043
120766,120783,120806,17,23,1,172800,1.73913043478
120766,120789,120811,23,22,1,172800,2.04545454545
120766,120794,120817,28,23,1,172800,2.21739130435
120767,120799,120822,32,23,1,172800,2.39130434783
120767,120805,120828,38,23,1,172800,2.65217391304
120826,120833,122036,7,1203,1,1740,1.00581878637
120827,120838,122038,11,1200,1,1740,1.00916666667
120828,120844,122037,16,1193,1,1740,1.01341156748
120829,120850,122037,21,1187,1,1740,1.01769165965
120830,120855,122045,25,1190,1,1740,1.02100840336
120831,120861,122048,30,1187,1,1740,1.02527379949
120832,120866,122055,34,1189,1,1740,1.02859545837
120833,120871,122057,38,1186,1,1740,1.03204047218
120992,120998,121001,6,3,1,172800,1.0
120992,121004,121006,12,2,1,172800,1.4
120993,121010,121013,17,3,1,172800,2.0
120993,121016,121018,23,2,1,172800,2.5
120994,121021,121024,27,3,1,172800,3.0
120994,121027,121031,33,4,1,172800,3.7
120994,121032,121034,38,2,1,172800,4.0
121246,121840,133670,594,11830,5,16200,1.05021132713
121308,121326,225381,18,104055,1,172800,1.00017298544
121308,121320,225636,12,104316,1,172800,1.00011503509
121308,121314,228622,6,107308,1,172800,1.00005591382
121309,121331,227482,22,106151,1,172800,1.00020725193
121309,121337,226462,28,105125,1,172800,1.00026634958
121310,121342,226667,32,105325,1,172800,1.0003038215
121310,121348,225775,38,104427,1,172800,1.00036389056
121339,121360,121361,21,1,1,172800,2.2
121339,121365,121367,26,2,1,172800,2.8
121340,121376,121379,36,3,1,172800,3.9
121340,121371,121373,31,2,1,172800,3.3
121340,121387,121390,47,3,1,172800,5.0
121340,121382,121384,42,2,1,172800,4.4
121341,121393,121395,52,2,1,172800,5.4
121341,121354,121502,13,148,2,10800,1.08783783784
121612,121619,229721,7,108102,1,172800,1.00006475366
121613,121624,229183,11,107559,1,172800,1.00010226945
121613,121636,229236,23,107600,1,172800,1.00021375465
121613,121630,229431,17,107801,1,172800,1.00015769798
121614,121642,228780,28,107138,1,172800,1.00026134518
121614,121647,228327,33,106680,1,172800,1.00030933633
121615,121653,226472,38,104819,1,172800,1.00036252969
121741,121747,224550,6,102803,1,172800,1.00005836406
121845,125662,140786,3817,15124,5,16200,1.25238032267
121990,121996,121997,6,1,1,180000,1.0
122165,122171,147079,6,24908,1,180000,1.00024088646
122190,122196,153304,6,31108,20,86399,1.00019287643
122226,122233,141436,7,19203,2,54000,1.00036452638
122401,122413,123618,12,1205,1,1740,1.00995850622
122401,122408,123620,7,1212,1,1740,1.00577557756
122403,122420,123619,17,1199,1,1740,1.01417848207
122405,122426,123620,21,1194,1,1740,1.0175879397
122410,122431,123621,21,1190,1,1740,1.01764705882
122413,122437,123626,24,1189,1,1740,1.02018502944
122415,122442,123633,27,1191,1,1740,1.02267002519
122418,122448,123637,30,1189,1,1740,1.0252312868
122636,122642,122645,6,3,4,600,1.0
122647,122654,122658,7,4,64,1800,1.1
122669,122675,142849,6,20174,2,54000,1.00029741251
122769,122775,157715,6,34940,4,72000,1.00017172295
122852,122859,122861,7,2,4,600,1.0
122923,122929,446975,6,324046,5,324000,1.00001851589
123008,123014,171319,6,48305,1,90000,1.00012421074
123014,123020,123022,6,2,4,600,1.0
123075,123081,162821,6,39740,1,90000,1.00015098138
123148,123160,160855,12,37695,1,90000,1.00031834461
123160,123167,124127,7,960,1,3600,1.00729166667
123241,123247,123249,6,2,4,600,1.0
123322,123328,178574,6,55246,4,144000,1.00010860515
123326,123334,123338,8,4,4,600,1.2
123409,123416,124965,7,1549,4,144000,1.00451904454
123476,123481,123485,5,4,4,600,1.0
123633,123639,123958,6,319,4,7200,1.01880877743
123722,123728,123734,6,6,4,600,1.2
123775,123781,123785,6,4,4,72000,1.0
123778,123787,124989,9,1202,1,1740,1.0074875208
123779,123793,124989,14,1196,1,1740,1.01170568562
123780,123798,124989,18,1191,1,1740,1.01511335013
123781,123804,124990,23,1186,1,1740,1.01939291737
123782,123809,124999,27,1190,1,1740,1.02268907563
123783,123815,125004,32,1189,1,1740,1.02691337258
123784,123821,125008,37,1187,1,1740,1.03117101938
123785,123826,125012,41,1186,1,1740,1.03456998314
123855,123861,123870,6,9,4,72000,1.5
123998,124004,145099,6,21095,2,54000,1.00028442759
124009,124015,124122,6,107,4,72000,1.05607476636
124016,124022,124032,6,10,4,600,1.6
124099,124105,124732,6,627,4,600,1.00956937799
124173,124180,124189,7,9,16,72000,1.6
124182,124188,147307,6,23119,16,72000,1.0002595268
124284,124290,124291,6,1,4,72000,1.0
124323,124329,124348,6,19,1,900,1.31578947368
124323,124334,203632,11,79298,1,108000,1.00013871724
124358,124364,181030,6,56666,4,72000,1.0001058836
124365,181036,214594,56671,33558,4,72000,2.68874783956
124527,124533,141620,6,17087,2,54000,1.00035114414
124746,124752,125769,6,1017,1,3600,1.00589970501
124814,124820,221559,6,96739,1,108000,1.00006202256
124868,124874,125491,6,617,4,600,1.00972447326
124895,124901,124906,6,5,4,7200,1.1
125048,125054,125525,6,471,2,3600,1.0127388535
125101,125107,211512,6,86405,1,86400,1.00006944043
125290,125295,126539,5,1244,1,1740,1.0040192926
125291,125301,126504,10,1203,1,1740,1.00831255195
125291,125307,126505,16,1198,1,1740,1.01335559265
125292,125312,126503,20,1191,1,1740,1.01679261125
125293,125318,126510,25,1192,1,1740,1.02097315436
125294,125323,126509,29,1186,1,1740,1.02445193929
125295,125329,126518,34,1189,1,1740,1.02859545837
125296,125334,126522,38,1188,1,1740,1.03198653199
125329,125340,127602,11,2262,8,72000,1.00486295314
125332,125346,135323,14,9977,2,54000,1.00140322742
125556,125562,127124,6,1562,2,3600,1.00384122919
125584,125590,125595,6,5,4,7200,1.1
125657,128920,137914,3263,8994,5,16200,1.3627974205
125658,129948,145666,4290,15718,5,16200,1.27293548798
125737,125743,127366,6,1623,4,7200,1.00369685767
125875,125882,208842,7,82960,1,86400,1.00008437801
126271,126277,126292,6,15,8,72000,1.4
126331,126338,131467,7,5129,8,72000,1.00136478846
126345,126351,198391,6,72040,8,72000,1.00008328706
127145,127151,128650,6,1499,2,3600,1.00400266845
127147,127157,128341,10,1184,1,1740,1.00844594595
127148,127163,128348,15,1185,1,1740,1.01265822785
127149,127168,128353,19,1185,1,1740,1.01603375527
127150,127174,128362,24,1188,1,1740,1.0202020202
127151,127179,128367,28,1188,1,1740,1.02356902357
127153,127185,128372,32,1187,1,1740,1.02695871946
127155,127191,128377,36,1186,1,1740,1.03035413153
127156,127196,128380,40,1184,1,1740,1.03378378378
127331,127337,204474,6,77137,1,108000,1.00007778368
127387,127393,204508,6,77115,1,108000,1.00007780587
127421,127427,127431,6,4,4,600,1.0
127428,127434,204539,6,77105,1,108000,1.00007781597
127504,127510,127512,6,2,4,600,1.0
127627,128373,143372,746,14999,16,72000,1.04973664911
127677,127683,204584,6,76901,1,108000,1.00007802239
127678,127691,204585,13,76894,1,108000,1.00016906391
127903,166855,205526,38952,38671,8,72000,2.00726642704
127927,127933,232399,6,104466,1,108000,1.00005743495
127969,141270,141521,13301,251,4,144000,53.9920318725
127986,135080,243119,7094,108039,1,108000,1.0656614741
128497,128504,129659,7,1155,1,1740,1.00606060606
128498,128510,129667,12,1157,1,1740,1.01037165082
128499,128517,129675,18,1158,1,1740,1.01554404145
128501,128522,129678,21,1156,1,1740,1.01816608997
128502,128661,129846,159,1185,1,1740,1.13417721519
128503,128667,129827,164,1160,1,1740,1.14137931034
128504,129672,130832,1168,1160,1,1740,2.00689655172
128505,129679,130839,1174,1160,1,1740,2.01206896552
128923,132654,144441,3731,11787,5,16200,1.31653516586
129086,131503,133674,2417,2171,4,36000,2.11331183786
129130,129691,129705,561,14,2,1200,41.0714285714
129734,129741,134599,7,4858,2,18000,1.00144092219
129817,131764,134402,1947,2638,4,36000,1.73805913571
129825,131790,134479,1965,2689,4,36000,1.73075492748
129832,131876,133891,2044,2015,4,36000,2.01439205955
129900,129906,131073,6,1167,1,1740,1.00514138817
129901,129912,131074,11,1162,1,1740,1.00946643718
129902,130843,132007,941,1164,1,1740,1.80841924399
129903,130851,132015,948,1164,1,1740,1.81443298969
129906,130974,132173,1068,1199,1,1740,1.89074228524
129907,131085,132255,1178,1170,1,1740,2.00683760684
129908,131090,132253,1182,1163,1,1740,2.01633705933
129908,131479,132678,1571,1199,1,1740,2.31025854879
129948,133682,144414,3734,10732,5,16200,1.34793142005
130445,139470,170033,9025,30563,1,108000,1.29529169257
131022,131484,131491,462,7,4,600,46.9
131567,168427,179095,36860,10668,8,72000,4.45519310086
132575,132582,132586,7,4,4,600,1.1
132656,137926,149445,5270,11519,5,16200,1.45750499175
132984,132991,132993,7,2,4,600,1.0
133096,133104,133106,8,2,4,600,1.0
133213,133220,133221,7,1,4,600,1.0
133335,133341,133343,6,2,4,600,1.0
133502,133508,133510,6,2,4,600,1.0
133537,168438,211891,34901,43453,1,129600,1.80318965319
133555,171332,211892,37777,40560,1,129600,1.93138560158
133583,172744,211894,39161,39150,1,129600,2.00028097063
133609,179112,211897,45503,32785,1,129600,2.38792130548
133623,133630,133634,7,4,4,600,1.1
133680,140816,149523,7136,8707,5,16200,1.81957046055
133695,133701,133703,6,2,4,600,1.0
133834,133842,133844,8,2,4,600,1.0
133979,133986,133989,7,3,4,600,1.0
134236,179117,211899,44881,32782,1,129600,2.3690744921
134364,134371,134374,7,3,4,600,1.0
134423,134431,135015,8,584,1,1740,1.01369863014
134425,134438,135035,13,597,1,1740,1.02177554439
134426,134443,135034,17,591,1,1740,1.02876480541
134427,134454,135033,27,579,1,1740,1.04663212435
134427,134448,135034,21,586,1,1740,1.03583617747
134428,134459,135057,31,598,1,1740,1.05183946488
134429,134465,135058,36,593,1,1740,1.06070826307
134429,134471,135058,42,587,1,1740,1.07155025554
134625,134632,134637,7,5,4,600,1.2
134841,134847,136563,6,1716,4,36000,1.0034965035
134904,134910,134990,6,80,8,28800,1.075
135024,135031,155654,7,20623,8,28800,1.00033942685
135087,135094,135605,7,511,2,14400,1.01369863014
135582,135589,136748,7,1159,1,1740,1.00603968939
135583,135595,136752,12,1157,1,1740,1.01037165082
135584,135601,136754,17,1153,1,1740,1.01474414571
135585,135606,136761,21,1155,1,1740,1.01818181818
135586,135612,136767,26,1155,1,1740,1.02251082251
135589,135617,136772,28,1155,1,1740,1.02424242424
135592,135624,136790,32,1166,1,1740,1.02744425386
135594,135629,136793,35,1164,1,1740,1.03006872852
135745,160721,167514,24976,6793,16,36000,4.67672604151
135883,153317,185895,17434,32578,2,54000,1.53514641783
135966,135972,136674,6,702,2,3600,1.00854700855
136687,136694,139800,7,3106,2,3600,1.00225370251
136849,136856,138009,7,1153,1,1740,1.00607111882
136850,136861,138010,11,1149,1,1740,1.00957354221
136851,136868,138019,17,1151,1,1740,1.01476976542
136852,136873,138023,21,1150,1,1740,1.01826086957
136853,136879,138031,26,1152,1,1740,1.02256944444
136854,136889,138098,35,1209,1,1740,1.02894954508
136854,136884,138035,30,1151,1,1740,1.02606429192
136855,136895,138048,40,1153,1,1740,1.03469210755
137036,159559,160460,22523,901,8,21600,25.9977802442
137162,139987,160689,2825,20702,8,28800,1.13646024539
137178,160695,160696,23517,1,8,21600,2351.8
137231,141252,162973,4021,21721,8,28800,1.18512039041
137477,162984,164448,25507,1464,8,21600,18.4228142077
137537,141257,168427,3720,27170,8,28800,1.13691571586
137552,168445,173221,30893,4776,8,21600,7.46838358459
137646,157726,179639,20080,21913,8,28800,1.91635102451
137696,179645,182442,41949,2797,8,21600,15.9978548445
137882,158414,187218,20532,28804,8,28800,1.71281766421
137921,182448,187133,44527,4685,8,21600,10.5041622199
137924,140798,151092,2874,10294,5,16200,1.27919176219
138279,158496,187307,20217,28811,8,28800,1.70171115199
138290,187316,193839,49026,6523,8,21600,8.51586693239
138386,158502,187303,20116,28801,8,28800,1.69844797056
138402,187309,195068,48907,7759,8,21600,7.30326072948
138458,158507,178719,20049,20212,8,28800,1.99193548387
138465,178725,178730,40260,5,8,21600,4026.5
138485,138492,138497,7,5,1,2400,1.2
138570,138588,139482,18,894,1,23400,1.02013422819
138570,138577,141239,7,2662,1,23400,1.0026296018
138570,138593,141239,23,2646,1,23400,1.00869236584
138570,138582,139989,12,1407,1,23400,1.00852878465
138571,138617,141240,46,2623,1,23400,1.01753717118
138571,138611,140716,40,2105,1,23400,1.0190023753
138571,138606,141240,35,2634,1,23400,1.01328777525
138571,138622,141240,51,2618,1,23400,1.01948051948
138572,138633,141240,61,2607,1,23400,1.02339854239
138572,138628,141240,56,2612,1,23400,1.02143950995
138572,138639,139976,67,1337,1,23400,1.05011219147
138573,138661,141015,88,2354,1,23400,1.03738317757
138573,138650,141240,77,2590,1,23400,1.02972972973
138573,138655,141240,82,2585,1,23400,1.03172147002
138573,138644,139681,71,1037,1,23400,1.06846673095
138574,138666,141240,92,2574,1,23400,1.03574203574
138574,138672,141240,98,2568,1,23400,1.03816199377
138574,138677,141240,103,2563,1,23400,1.04018728053
138575,138683,139439,108,756,1,23400,1.14285714286
138575,138699,139999,124,1300,1,23400,1.09538461538
138575,138693,139643,118,950,1,23400,1.12421052632
138575,138688,139878,113,1190,1,23400,1.09495798319
138576,138710,140942,134,2232,1,23400,1.06003584229
138576,138704,141240,128,2536,1,23400,1.05047318612
138576,138715,141240,139,2525,1,23400,1.05504950495
138577,141027,141240,2450,213,1,23400,12.5023474178
138577,140011,141240,1434,1229,1,23400,2.16680227828
138577,138721,141240,144,2519,1,23400,1.05716554188
138586,138600,160227,14,21627,8,25200,1.00064733897
138653,139451,139457,798,6,1,2400,80.4
138678,160233,161098,21555,865,8,21600,25.9190751445
139167,139812,139817,645,5,4,600,65.0
139901,141263,172732,1362,31469,1,90000,1.04328068893
140800,144427,156017,3627,11590,5,16200,1.31294219154
140822,145677,155005,4855,9328,5,16200,1.52047598628
141284,141291,144724,7,3433,1,23400,1.00203903292
141284,141449,142852,165,1403,1,23400,1.11760513186
141284,142788,143752,1504,964,1,23400,2.5601659751
141285,143387,162108,2102,18721,1,23400,1.11228032691
141285,142867,146272,1582,3405,1,23400,1.46461086637
141285,142861,148943,1576,6082,1,23400,1.25912528773
141285,142874,145028,1589,2154,1,23400,1.73769730734
141286,143398,148815,2112,5417,1,23400,1.38988369946
141286,143392,152658,2106,9266,1,23400,1.22728253831
141286,143403,147024,2117,3621,1,23400,1.58464512566
141287,143409,144755,2122,1346,1,23400,2.5765230312
141287,143419,150740,2132,7321,1,23400,1.29121704685
141287,143414,144505,2127,1091,1,23400,2.94958753437
141288,143436,163538,2148,20102,1,23400,1.1068550393
141288,143430,145698,2142,2268,1,23400,1.94444444444
141288,143425,146170,2137,2745,1,23400,1.77850637523
141289,143452,144189,2163,737,1,23400,3.93487109905
141289,143441,152428,2152,8987,1,23400,1.23945699343
141289,143446,149946,2157,6500,1,23400,1.33184615385
141290,143462,144394,2172,932,1,23400,3.330472103
141290,143457,144715,2167,1258,1,23400,2.72257551669
141290,143468,144898,2178,1430,1,23400,2.52307692308
141291,143763,146608,2472,2845,1,23400,1.86889279438
141291,144202,146325,2911,2123,1,23400,2.37117286858
141291,144406,148029,3115,3623,1,23400,1.8597847088
141292,144767,145967,3475,1200,1,23400,3.89583333333
141292,144736,145479,3444,743,1,23400,5.63526244953
141292,144517,151351,3225,6834,1,23400,1.47190517998
141292,144727,149997,3435,5270,1,23400,1.65180265655
141293,145111,147810,3818,2699,1,23400,2.41459799926
141293,145040,146674,3747,1634,1,23400,3.29314565483
141293,144910,145854,3617,944,1,23400,4.83156779661
141294,148258,152663,6964,4405,1,23400,2.5809307605
141294,145116,147317,3822,2201,1,23400,2.73648341663
141294,160257,167995,18963,7738,1,23400,3.45063323856
141295,160263,166089,18968,5826,1,23400,4.25575008582
141295,160703,160965,19408,262,1,23400,75.0763358779
141295,160708,160743,19413,35,1,23400,555.657142857
141296,160761,160807,19465,46,1,23400,424.152173913
141296,160747,161416,19451,669,1,23400,30.0747384155
141296,160819,160850,19523,31,1,23400,630.774193548
141296,160714,160735,19418,21,1,23400,925.666666667
141297,161165,161206,19868,41,1,23400,485.585365854
141297,160978,161153,19681,175,1,23400,113.462857143
141297,160862,163411,19565,2549,1,23400,8.67555904276
141298,161219,169926,19921,8707,1,23400,3.28792925233
141298,161428,163446,20130,2018,1,23400,10.9752229931
141298,162120,162652,20822,532,1,23400,40.1390977444
141298,162665,184276,21367,21611,1,23400,1.98870945352
141299,163425,178336,22126,14911,1,23400,2.48387096774
141299,163458,166612,22159,3154,1,23400,8.02568167406
141299,164429,167587,23130,3158,1,23400,8.32425585814
141300,164460,164880,23160,420,1,23400,56.1428571429
141300,164465,164661,23165,196,1,23400,119.18877551
141300,164471,174118,23171,9647,1,23400,3.40188659687
141301,164476,166059,23175,1583,1,23400,15.6399241946
141301,164481,165278,23180,797,1,23400,30.0840652447
141301,164487,186102,23186,21615,1,23400,2.07268100856
141302,164892,186504,23590,21612,1,23400,2.09152322784
141302,164673,170361,23371,5688,1,23400,5.10882559775
141302,164492,186237,23190,21745,1,23400,2.06645205794
141302,165290,186911,23988,21621,1,23400,2.10947689746
141303,166067,187685,24764,21618,1,23400,2.14552687575
141303,166079,187698,24776,21619,1,23400,2.14602895601
141303,166072,187686,24769,21614,1,23400,2.1459702045
141304,166101,187714,24797,21613,1,23400,2.14731874335
141311,168008,171145,26697,3137,1,23400,9.51036021677
141311,166624,173217,25313,6593,1,23400,4.8393750948
141311,167599,182411,26288,14812,1,23400,2.77477720767
141320,170374,171229,29054,855,1,23400,34.9812865497
141320,171286,171884,29966,598,1,23400,51.110367893
141320,169938,171273,28618,1335,1,23400,22.4367041199
141321,142782,162489,1461,19707,2,23400,1.07413609377
141321,142777,164417,1456,21640,4,23400,1.06728280961
141324,171242,172234,29918,992,1,23400,31.1592741935
141324,171157,192786,29833,21629,1,23400,2.37930556198
141936,153322,166844,11386,13522,2,36000,1.84203520189
142427,142434,142663,7,229,2,7200,1.03056768559
142903,158408,189719,15505,31311,24,32400,1.49519338252
143199,160241,178466,17042,18225,2,36000,1.93508916324
143703,160246,179979,16543,19733,2,36000,1.83834186388
143941,147095,257606,3154,110511,1,169200,1.02854014532
144424,144452,153058,28,8606,5,16200,1.00325354404
144456,149466,157790,5010,8324,5,16200,1.60187409899
144807,148220,148246,3413,26,1,432000,132.269230769
144843,147722,157898,2879,10176,16,18000,1.28292059748
145675,150991,152426,5316,1435,5,14400,4.70452961672
145767,156604,156806,10837,202,64,1800,54.6485148515
146084,146091,146094,7,3,4,600,1.0
146113,146120,146220,7,100,2,7200,1.07
146182,146189,146194,7,5,4,600,1.2
146342,156817,157068,10475,251,64,1800,42.7330677291
147472,157079,158397,9607,1318,20,21599,8.28907435508
147493,157085,158485,9592,1400,20,21599,7.85142857143
147511,157090,159548,9579,2458,20,21599,4.89707078926
147582,160252,166054,12670,5802,2,36000,3.18372974836
147754,162502,162511,14748,9,16,36000,1475.7
147829,147835,152675,6,4840,4,14400,1.00123966942
147973,223002,331047,75029,108045,16,108000,1.69442361979
149222,168432,168443,19210,11,6,604800,1747.36363636
149240,168454,168460,19214,6,6,604800,1922.0
149469,149535,150979,66,1444,5,14400,1.04570637119
149532,151103,152581,1571,1478,5,14400,2.06292286874
150450,150457,152368,7,1911,1,1800,1.00366300366
150591,152675,224269,2084,71594,1,432000,1.02910858452
150994,152439,153945,1445,1506,5,14400,1.95949535193
151109,152593,153939,1484,1346,5,14400,2.10252600297
152436,153951,155410,1515,1459,5,14400,2.03838245374
152593,153070,154585,477,1515,5,14400,1.31485148515
153070,153958,155368,888,1410,5,14400,1.62978723404
153952,154596,156130,644,1534,5,14400,1.41981747066
153963,155379,156809,1416,1430,5,14400,1.99020979021
154596,155016,156443,420,1427,5,14400,1.29432375613
155012,155421,156933,409,1512,5,14400,1.2705026455
155376,156028,157451,652,1423,5,14400,1.45818692902
155418,157801,159298,2383,1497,5,14400,2.5918503674
156030,156141,157501,111,1360,5,14400,1.08161764706
156145,156454,157881,309,1427,5,14400,1.21653819201
156456,156825,158220,369,1395,5,14400,1.26451612903
156830,156944,158363,114,1419,5,14400,1.08033826638
156945,157462,158951,517,1489,5,14400,1.34721289456
157463,157512,158937,49,1425,5,14400,1.03438596491
157516,157892,159323,376,1431,5,14400,1.26275331936
157807,158231,159641,424,1410,5,14400,1.30070921986
157890,158374,159818,484,1444,5,14400,1.3351800554
158233,158962,160421,729,1459,5,14400,1.49965729952
158379,158948,160369,569,1421,5,14400,1.40042223786
158411,189731,221011,31320,31280,24,32400,2.00127877238
158949,159310,160779,361,1469,5,14400,1.24574540504
158961,159334,160742,373,1408,5,14400,1.26491477273
159314,159653,161140,339,1487,5,14400,1.22797579018
159335,159830,161269,495,1439,5,14400,1.34398888117
159657,160381,161885,724,1504,5,14400,1.48138297872
159834,160432,161852,598,1420,5,14400,1.42112676056
160114,160120,160122,6,2,2,3540,1.0
160385,160790,162210,405,1420,5,14400,1.28521126761
160438,160753,162171,315,1418,5,14400,1.2221438646
160749,161153,162601,404,1448,5,14400,1.27900552486
160792,161280,162723,488,1443,5,14400,1.33818433818
161155,161897,163406,742,1509,5,14400,1.49171636846
161280,161864,163324,584,1460,5,14400,1.4
161860,162183,163678,323,1495,5,14400,1.21605351171
161902,162222,163635,320,1413,5,14400,1.22646850672
162179,162612,164296,433,1684,5,14400,1.25712589074
162221,162735,164156,514,1421,5,14400,1.36171710063
162615,163336,164758,721,1422,5,14400,1.5070323488
162740,163417,164924,677,1507,5,14400,1.44923689449
163341,163689,165193,348,1504,5,14400,1.23138297872
163414,163646,165130,232,1484,5,14400,1.15633423181
163643,164307,165807,664,1500,5,14400,1.44266666667
163695,164168,165690,473,1522,5,14400,1.31077529566
164172,164769,166195,597,1426,5,14400,1.41865357644
164307,164935,166352,628,1417,5,14400,1.44318983769
164773,165141,166656,368,1515,5,14400,1.24290429043
164940,165205,166638,265,1433,5,14400,1.18492672715
165137,165702,167240,565,1538,5,14400,1.36736020806
165210,165819,167243,609,1424,5,14400,1.42766853933
165698,166206,167625,508,1419,5,14400,1.35799859056
165823,166363,167776,540,1413,5,14400,1.3821656051
166207,166667,168108,460,1441,5,14400,1.31922276197
166363,166651,168106,288,1455,5,14400,1.19793814433
166654,167251,168693,597,1442,5,14400,1.41400832178
166665,167258,168822,593,1564,5,14400,1.37915601023
167255,167788,169256,533,1468,5,14400,1.36307901907
167255,167637,169178,382,1541,5,14400,1.24789097988
167497,178589,202344,11092,23755,16,36000,1.4669332772
167639,168117,169680,478,1563,5,14400,1.30582213692
167784,168124,169490,340,1366,5,14400,1.24890190337
168116,168704,170134,588,1430,5,14400,1.41118881119
168127,168833,170278,706,1445,5,14400,1.48858131488
168706,169190,170790,484,1600,5,14400,1.3025
168831,169268,170754,437,1486,5,14400,1.29407806191
169194,169692,171121,498,1429,5,14400,1.34849545136
169229,169235,175088,6,5853,4,14400,1.00102511533
169267,169501,170977,234,1476,5,14400,1.15853658537
169506,170146,171590,640,1444,5,14400,1.4432132964
169692,170289,171772,597,1483,5,14400,1.40256237357
170148,170801,172361,653,1560,5,14400,1.41858974359
170294,170765,172257,471,1492,5,14400,1.31568364611
170492,170499,170508,7,9,1,240,1.6
170770,170988,172415,218,1427,5,14400,1.15276804485
170802,171132,172573,330,1441,5,14400,1.22900763359
170989,171602,173058,613,1456,5,14400,1.42101648352
171134,171783,173211,649,1428,5,14400,1.45448179272
171414,171420,171681,6,261,1,3540,1.02298850575
171600,172268,173832,668,1564,5,14400,1.42710997442
171787,172372,173768,585,1396,5,14400,1.41905444126
171819,171826,173982,7,2156,1,3540,1.00324675325
171897,171905,172090,8,185,1,3540,1.04324324324
171950,171957,172235,7,278,1,3540,1.02517985612
171999,172006,172293,7,287,1,3540,1.0243902439
172072,172079,172314,7,235,1,3540,1.02978723404
172121,172128,172428,7,300,1,3540,1.02333333333
172170,172246,172750,76,504,1,3540,1.15079365079
172225,172251,172771,26,520,1,3540,1.05
172264,172426,173918,162,1492,5,14400,1.10857908847
172274,172305,172796,31,491,1,3540,1.06313645621
172333,172339,172865,6,526,1,3540,1.01140684411
172378,172584,174093,206,1509,5,14400,1.13651424785
172428,172440,172998,12,558,1,3540,1.02150537634
172429,179107,202352,6678,23245,16,36000,1.28728758873
172431,173069,174570,638,1501,5,14400,1.42504996669
172586,173222,174707,636,1485,5,14400,1.42828282828
172633,172762,173033,129,271,1,3540,1.47601476015
172908,172914,173098,6,184,1,3540,1.03260869565
172972,172978,173110,6,132,1,3540,1.04545454545
173073,173843,175347,770,1504,5,14400,1.51196808511
173218,173779,175257,561,1478,5,14400,1.37956698241
173777,173929,175405,152,1476,5,14400,1.10298102981
173840,174104,175535,264,1431,5,14400,1.18448637317
173934,174582,176246,648,1664,5,14400,1.38942307692
174109,174719,176149,610,1430,5,14400,1.42657342657
174585,175268,176698,683,1430,5,14400,1.47762237762
174720,175358,176810,638,1452,5,14400,1.43939393939
175268,175416,176867,148,1451,5,14400,1.10199862164
175362,175547,176974,185,1427,5,14400,1.12964260687
175414,176257,177736,843,1479,5,14400,1.56997971602
175549,176160,177619,611,1459,5,14400,1.41877998629
176159,176709,178171,550,1462,5,14400,1.37619699042
176253,176823,178314,570,1491,5,14400,1.38229376258
176708,176878,178403,170,1525,5,14400,1.11147540984
176823,176987,178426,164,1439,5,14400,1.11396803336
176877,177630,179135,753,1505,5,14400,1.50033222591
176989,177747,190967,758,13220,5,16200,1.05733736762
177631,178182,190598,551,12416,5,16200,1.04437822165
177745,178325,190706,580,12381,5,16200,1.04684597367
178180,178414,192305,234,13891,5,16200,1.01684543949
178325,178437,189629,112,11192,5,16200,1.01000714796
178419,179146,188520,727,9374,5,16200,1.07755493919
178440,188531,200522,10091,11991,5,16200,1.84154782754
179143,189640,199391,10497,9751,5,16200,2.07650497385
181445,181451,185058,6,3607,1,3600,1.00166343222
185046,185052,185060,6,8,1,1800,1.4
185175,185181,185292,6,111,1,3600,1.05405405405
185232,185238,185314,6,76,1,1800,1.07894736842
185435,185441,185691,6,250,1,3600,1.024
185497,186515,201033,1018,14518,16,14400,1.07011985122
185574,185580,185668,6,88,1,1800,1.06818181818
185948,185954,186514,6,560,1,3600,1.01071428571
186221,186227,186609,6,382,1,1800,1.01570680628
187050,187056,187062,6,6,1,3600,1.2
187179,187186,187270,7,84,1,3600,1.08333333333
187309,187322,187328,13,6,1,1800,1.9
187413,187419,187667,6,248,1,3600,1.02419354839
187509,187516,187558,7,42,1,1800,1.16666666667
187818,187824,187903,6,79,1,1800,1.07594936709
187982,187988,188402,6,414,1,3600,1.01449275362
188528,190978,200751,2450,9773,5,16200,1.2506906784
188591,188597,188804,6,207,1,1800,1.02898550725
189642,190610,203422,968,12812,5,16200,1.07555416797
189732,226540,257584,36808,31044,24,32400,2.18567194949
190612,190718,199212,106,8494,5,16200,1.01247939722
190717,192316,200392,1599,8076,5,16200,1.19799405646
190975,199223,214924,8248,15701,5,16200,1.5253168588
192316,200403,209184,8087,8781,5,16200,1.92096572144
198116,198122,198125,6,3,1,108000,1.0
198119,198128,198130,9,2,1,108000,1.1
198154,198160,198162,6,2,1,108000,1.0
198213,198219,287794,6,89575,1,108000,1.00006698298
198258,198264,275419,6,77155,1,86400,1.00007776554
198279,198285,268387,6,70102,1,86400,1.00008558957
199123,199130,202372,7,3242,8,21600,1.00215916101
199222,199403,210832,181,11429,5,16200,1.01583690612
199339,199346,307353,7,108007,1,108000,1.00006481061
199408,200534,210725,1126,10191,5,16200,1.11048964773
199424,199430,282480,6,83050,1,108000,1.00007224564
200409,203434,210990,3025,7556,5,16200,1.40034409741
200430,200436,218496,6,18060,1,172800,1.00033222591
200533,200762,209209,229,8447,5,16200,1.02711021664
200556,200562,200575,6,13,20,10799,1.46153846154
200596,200602,200607,6,5,20,10799,1.1
200638,200644,200649,6,5,20,10799,1.1
200713,200719,200727,6,8,20,10799,1.4
200737,200744,200753,7,9,20,10799,1.6
200760,209196,219148,8436,9952,5,16200,1.84766881029
201169,201175,475547,6,274372,6,349200,1.00002186812
201192,201198,323618,6,122420,1,122400,1.0000490116
201788,201795,218788,7,16993,1,23400,1.00041193433
202376,202382,202711,6,329,1,3600,1.01823708207
202470,202477,206127,7,3650,1,3600,1.00191780822
202708,202714,206287,6,3573,1,3600,1.00167926113
202723,202730,221921,7,19191,24,36000,1.00036475431
203192,203256,205029,64,1773,24,36000,1.03609701072
203431,237604,237605,34173,1,5,16200,3417.4
203568,203574,289995,6,86421,4,86400,1.00006942757
203582,203589,290018,7,86429,4,86400,1.00008099133
203922,203928,270662,6,66734,1,90000,1.00008990919
204041,204555,204772,514,217,16,1800,3.36866359447
204256,204601,217410,345,12809,2,54000,1.0269341869
204416,204782,265341,366,60559,1,90000,1.00604369293
205025,205941,212761,916,6820,24,36000,1.13431085044
205533,205947,208621,414,2674,8,72000,1.15482423336
205592,205952,210373,360,4421,8,72000,1.08142954083
206163,206169,214866,6,8697,1,18000,1.00068989307
206194,206200,209801,6,3601,1,18000,1.00166620383
206273,206280,214399,7,8119,1,18000,1.00086217514
206296,206302,230254,6,23952,1,180000,1.000250501
206701,206707,236692,6,29985,4,144000,1.00020010005
206737,208634,209837,1897,1203,4,144000,2.57689110557
206755,222835,223041,16080,206,64,1800,79.0582524272
206756,223052,223249,16296,197,64,1800,83.7208121827
206757,223262,223456,16505,194,64,1800,86.0773195876
206761,223467,223766,16706,299,64,1800,56.872909699
206763,223778,224076,17015,298,64,1800,58.0973154362
206764,224088,224387,17324,299,64,1800,58.9397993311
206799,224398,224623,17599,225,64,1800,79.2177777778
206800,224635,224866,17835,231,64,1800,78.2077922078
206801,224879,225113,18078,234,64,1800,78.2564102564
206805,225126,225507,18321,381,64,1800,49.0866141732
206806,225519,225888,18713,369,64,1800,51.7127371274
206807,225900,226274,19093,374,64,1800,52.050802139
206830,225909,226528,19079,619,20,10799,31.8222940226
206877,226286,226962,19409,676,20,10799,29.7115384615
206932,226291,227297,19359,1006,20,10799,20.2435387674
209200,237598,237599,28398,1,5,16200,2839.9
209221,237621,237622,28400,1,5,16200,2840.1
210344,210351,228000,7,17649,8,28800,1.00039662304
210499,222841,222890,12342,49,8,72000,252.87755102
210574,210581,228014,7,17433,8,28800,1.00040153731
210574,210586,228022,12,17436,8,28800,1.00068823125
210575,211286,228025,711,16739,8,28800,1.04247565565
210575,210599,218542,24,7943,8,28800,1.00302152839
210575,210592,225429,17,14837,8,28800,1.00114578419
210661,211910,255122,1249,43212,2,43200,1.02890400815
210690,220316,222989,9626,2673,8,72000,4.60119715675
210737,237616,237617,26879,1,5,16200,2688.0
210841,237593,237594,26752,1,5,16200,2675.3
210956,223972,228031,13016,4059,6,25200,4.20670115792
211007,237610,251116,26603,13506,5,16200,2.96971716274
211794,220484,228034,8690,7550,8,14400,2.15099337748
211873,211903,212033,30,130,1,129600,1.23076923077
212073,212079,212154,6,75,1,129600,1.08
212264,212270,217780,6,5510,1,129600,1.00108892922
212483,212490,215332,7,2842,1,129600,1.00246305419
212771,226974,230216,14203,3242,24,36000,5.38093769278
213313,213693,228039,380,14346,8,14400,1.02648821971
213348,213678,213681,330,3,16,600,33.3
213381,213698,228042,317,14344,8,14400,1.02209983268
213523,213530,215330,7,1800,1,129600,1.00388888889
214180,222846,253555,8666,30709,4,144000,1.28219740141
214941,237587,252541,22646,14954,5,16200,2.5143774241
214945,220496,222761,5551,2265,4,72000,3.45077262693
215497,217422,218624,1925,1202,1,129600,2.60149750416
218656,218663,254231,7,35568,1,129600,1.00019680612
220303,220322,229384,19,9062,1,36000,1.0020966674
220934,220941,220943,7,2,2,3600,1.0
221464,221575,225043,111,3468,3,7140,1.03200692042
221809,221815,221817,6,2,4,1800,1.0
221847,221854,221856,7,2,2,1800,1.0
222172,223673,223676,1501,3,2,1800,150.4
222998,223010,223149,12,139,1,1200,1.08633093525
223164,228955,241839,5791,12884,8,72000,1.4494722136
223312,230352,235629,7040,5277,8,72000,2.33409133978
223392,223398,224009,6,611,1,600,1.00981996727
223631,227309,241172,3678,13863,16,36000,1.26531053884
223976,223983,224368,7,385,1,1200,1.01818181818
224108,224116,224442,8,326,1,172800,1.0245398773
224510,224520,290005,10,65485,1,172800,1.00015270673
225211,225218,226425,7,1207,1,1200,1.0057995029
225264,225270,225900,6,630,1,600,1.00952380952
225302,226296,233226,994,6930,16,36000,1.14343434343
225491,225787,232173,296,6386,3,25140,1.04635139367
226128,226135,226750,7,615,1,600,1.01138211382
226542,257590,288707,31048,31117,24,32400,1.99778256259
226613,226619,262088,6,35469,1,86400,1.0001691618
226654,226660,226663,6,3,1,86400,1.0
226680,226687,288213,7,61526,1,86400,1.00011377304
226765,226771,246390,6,19619,4,72000,1.00030582599
226772,246396,302257,19624,55861,4,72000,1.35130054958
226987,226993,389787,6,162794,4,345600,1.0000368564
227282,228042,285676,760,57634,2,57600,1.01318666065
227361,228034,230382,673,2348,20,7199,1.28662691652
227575,227582,227583,7,1,1,600,1.0
227796,228052,230334,256,2282,20,7199,1.11218229623
227825,227832,227959,7,127,1,604800,1.05511811024
227834,227971,228099,137,128,1,604800,2.0703125
227840,227885,227898,45,13,1,600,4.46153846154
228074,228083,243502,9,15419,2,604800,1.00058369544
228122,228132,243260,10,15128,2,604800,1.00066102591
228145,230347,234301,2202,3954,20,7199,1.55690440061
228820,228826,228846,6,20,1,1200,1.3
229019,229025,254239,6,25214,1,129600,1.00023796304
229041,229049,254241,8,25192,1,129600,1.00031756113
229071,229077,254244,6,25167,1,129600,1.00023840744
229105,229196,254247,91,25051,1,129600,1.00363258952
229586,229594,229596,8,2,1,600,1.0
229947,229954,229973,7,19,1,600,1.36842105263
230062,230069,230174,7,105,1,600,1.06666666667
230552,230558,231566,6,1008,1,900,1.00595238095
230602,230608,247977,6,17369,20,86399,1.00034544303
230616,231132,317540,516,86408,20,86399,1.00597166929
230691,234139,236565,3448,2426,20,7199,2.42126957955
230754,234313,236792,3559,2479,20,7199,2.43565954014
230838,230844,232081,6,1237,2,3600,1.00485044462
231590,231597,231634,7,37,4,3600,1.18918918919
231829,231835,231934,6,99,1,600,1.06060606061
231915,231922,231925,7,3,4,3600,1.0
231936,231942,231990,6,48,1,600,1.125
232051,232058,232315,7,257,1,600,1.02723735409
232127,232133,232829,6,696,2,36000,1.00862068966
232779,232786,254442,7,21656,1,23400,1.00032323605
232869,232875,239215,6,6340,2,36000,1.00094637224
233064,233070,233078,6,8,4,600,1.4
233217,241184,241409,7967,225,64,1800,36.4088888889
233236,241420,241631,8184,211,64,1800,39.7867298578
233237,241642,241868,8405,226,64,1800,38.1902654867
233486,236704,236716,3218,12,16,60,269.166666667
234885,234892,234900,7,8,2,300,1.5
235180,235187,235193,7,6,2,300,1.3
235635,236578,240662,943,4084,20,7199,1.23090107738
235818,235826,235838,8,12,2,1200,1.66666666667
236127,236133,236141,6,8,2,1200,1.4
236387,236394,259160,7,22766,1,180000,1.00030747606
236388,236401,236412,13,11,2,1200,2.18181818182
236793,236799,236811,6,12,2,300,1.5
236881,236951,308959,70,72008,8,72000,1.00097211421
236995,237002,237016,7,14,2,300,1.5
237157,241879,244450,4722,2571,20,7199,2.83663943991
237167,237174,237180,7,6,2,300,1.3
237218,241885,245387,4667,3502,20,7199,2.3326670474
237223,237230,237576,7,346,1,1200,1.02023121387
237618,237629,245453,11,7824,5,16200,1.00140593047
237618,237634,249532,16,11898,5,16200,1.00134476383
237629,237641,248885,12,11244,5,16200,1.00106723586
237630,237647,245951,17,8304,5,16200,1.00204720617
237641,245464,252983,7823,7519,5,16200,2.04043090837
237652,245962,256485,8310,10523,5,16200,1.78969875511
238678,238684,238966,6,282,1,1800,1.02127659574
238913,238925,238928,12,3,1,172800,1.5
238913,238920,238923,7,3,1,172800,1.0
238914,238932,238934,18,2,1,172800,2.0
238914,238937,238940,23,3,1,172800,2.6
238914,238942,238945,28,3,1,172800,3.1
238915,238948,238950,33,2,1,172800,3.5
238915,238953,238955,38,2,1,172800,4.0
238955,238967,290406,12,51439,1,172800,1.00023328603
238955,238962,290403,7,51441,1,172800,1.00013607823
238956,238974,290408,18,51434,1,172800,1.00034996306
238956,238984,290412,28,51428,1,172800,1.00054445049
238956,238979,290410,23,51431,1,172800,1.0004472011
238957,238990,290415,33,51425,1,172800,1.00064171123
238957,238995,290416,38,51421,1,172800,1.00073899769
238972,239228,290426,256,51198,1,172800,1.00500019532
238972,239007,290424,35,51417,1,172800,1.00068070872
238972,239002,290422,30,51420,1,172800,1.00058343057
238973,241189,290431,2216,49242,1,172800,1.04500223387
238973,239233,290428,260,51195,1,172800,1.00507862096
238974,241195,290434,2221,49239,1,172800,1.04510652125
238974,241200,290436,2226,49236,1,172800,1.04521082135
239363,239370,242991,7,3621,2,3600,1.00193316763
245463,248896,259012,3433,10116,5,16200,1.33936338474
245958,249543,257537,3585,7994,5,16200,1.44846134601
246033,246039,246040,6,1,2,3540,1.0
246399,319978,376120,73579,56142,4,72000,2.31058743899
246600,246612,640214,12,393602,6,604800,1.00003048765
246600,246606,631985,6,385379,6,604800,1.00001556909
247420,247426,253355,6,5929,20,10799,1.00101197504
247474,247480,254813,6,7333,20,10799,1.00081821901
247547,247553,251511,6,3958,20,7199,1.00151591713
248454,248460,248701,6,241,8,14400,1.02489626556
248542,248548,249195,6,647,8,21600,1.00927357032
248726,248732,256777,6,8045,8,25200,1.00074580485
248880,248886,249691,6,805,8,14400,1.00745341615
248895,252552,262696,3657,10144,5,16200,1.36050867508
248962,248968,255209,6,6241,8,25200,1.00096138439
249101,249206,249207,105,1,8,21600,10.6
249169,249218,253800,49,4582,8,25200,1.01069402008
249225,249703,250342,478,639,8,10800,1.74804381847
249281,250353,252408,1072,2055,8,7200,1.52165450122
249512,251522,252204,2010,682,8,7200,3.94721407625
249545,251128,258908,1583,7780,5,16200,1.20347043702
249587,251528,251530,1941,2,8,7200,194.3
249688,251536,262470,1848,10934,8,25200,1.16901408451
251133,252994,267340,1861,14346,5,16200,1.12972257075
251890,251896,252231,6,335,2,18000,1.01791044776
252301,252307,257970,6,5663,2,18000,1.00105950909
252452,254824,255183,2372,359,64,1800,7.60724233983
252454,255194,255558,2740,364,64,1800,8.52747252747
252455,255570,255934,3115,364,64,1800,9.55769230769
252557,256496,267145,3939,10649,5,16200,1.36989388675
252810,254255,255469,1445,1214,16,36000,2.1902800659
252990,259023,272117,6033,13094,5,16200,1.46074537956
254779,254785,302090,6,47305,1,129600,1.00012683649
254789,254795,302090,6,47295,1,129600,1.0001268633
254871,255220,428074,349,172854,10,172800,1.00201904497
255525,255945,256696,420,751,24,36000,1.55925432756
255547,255951,257111,404,1160,24,18000,1.34827586207
256495,257548,265629,1053,8081,5,16200,1.13030565524
256896,256902,256904,6,2,1,240,1.0
257422,257429,258074,7,645,1,900,1.01085271318
257423,257447,258074,24,627,1,900,1.03827751196
257423,257435,258074,12,639,1,900,1.01877934272
257423,257441,258074,18,633,1,900,1.02843601896
257424,257452,258074,28,622,1,900,1.04501607717
257424,257458,258074,34,616,1,900,1.05519480519
257424,257464,258074,40,610,1,900,1.06557377049
257425,257469,258074,44,605,1,900,1.07272727273
257425,257475,258074,50,599,1,900,1.08347245409
257426,257480,258074,54,594,1,900,1.09090909091
257547,258920,266884,1373,7964,5,16200,1.17240080362
257592,288713,319973,31121,31260,24,32400,1.9955534229
257751,257757,258012,6,255,1,3540,1.02352941176
258061,258067,258069,6,2,1,900,1.0
258061,258073,258074,12,1,1,900,1.3
258062,258078,258079,16,1,1,900,1.7
258081,258092,258819,11,727,1,900,1.015130674
258081,258087,258832,6,745,1,900,1.00805369128
258081,258098,258824,17,726,1,900,1.02341597796
258082,258104,258835,22,731,1,900,1.03009575923
258082,258110,258842,28,732,1,900,1.03825136612
258082,258115,258849,33,734,1,900,1.04495912807
258083,258126,258849,43,723,1,900,1.05947441217
258083,258131,258854,48,723,1,900,1.06639004149
258083,258121,258854,38,733,1,900,1.05184174625
258084,258137,258868,53,731,1,900,1.07250341997
258158,258164,260259,6,2095,1,3540,1.00286396181
258235,258241,258426,6,185,1,3540,1.03243243243
258284,258290,258569,6,279,1,3540,1.02150537634
258333,258340,258629,7,289,1,3540,1.02422145329
258408,258414,258659,6,245,1,3540,1.02448979592
258459,258465,258760,6,295,1,3540,1.02033898305
258509,258515,259015,6,500,1,3540,1.012
258558,258564,259088,6,524,1,3540,1.01145038168
258607,258613,259106,6,493,1,3540,1.0121703854
258656,258662,259186,6,524,1,3540,1.01145038168
258732,258738,259295,6,557,1,3540,1.01077199282
258919,262707,276363,3788,13656,5,16200,1.27738722906
258933,258939,259216,6,277,1,3540,1.02166064982
259022,265640,273669,6618,8029,5,16200,1.82426205007
259188,259195,259389,7,194,1,3540,1.03608247423
259243,259249,259377,6,128,1,3540,1.046875
262710,266895,274479,4185,7584,5,16200,1.55181962025
265010,265016,265098,6,82,32,1200,1.07317073171
265636,267351,281933,1715,14582,5,16200,1.11761075298
266893,267156,277483,263,10327,5,16200,1.02546722185
267162,272128,284941,4966,12813,5,16200,1.38757511902
267348,276374,287083,9026,10709,5,16200,1.84284246895
267826,267832,271438,6,3606,1,3600,1.00166389351
269166,269172,269210,6,38,16,600,1.15789473684
269253,269260,269276,7,16,16,600,1.4375
269344,269350,269367,6,17,16,600,1.35294117647
269410,269416,269607,6,191,16,1200,1.03141361257
269847,269853,298672,6,28819,16,28800,1.00020819598
271558,271570,271682,12,112,1,3600,1.10714285714
271558,271564,271573,6,9,1,1800,1.5
271747,271753,271824,6,71,1,1800,1.08450704225
271819,271825,272166,6,341,1,3600,1.01759530792
272108,272114,272203,6,89,1,1800,1.06741573034
272127,273680,285621,1553,11941,5,16200,1.1300561092
272311,272317,272525,6,208,1,300,1.02884615385
272422,272429,273055,7,626,1,3600,1.01118210863
272681,272687,272749,6,62,1,300,1.09677419355
272764,272770,273148,6,378,1,1800,1.01587301587
272809,272815,273156,6,341,1,300,1.01759530792
273567,273573,273881,6,308,1,300,1.01948051948
273587,273593,273599,6,6,1,3600,1.2
273683,274490,282333,807,7843,5,16200,1.10289430065
273716,273722,273802,6,80,1,3600,1.075
273829,273835,273841,6,6,1,1800,1.2
273942,273948,274194,6,246,1,3600,1.0243902439
274044,274050,274090,6,40,1,1800,1.15
274342,274348,274428,6,80,1,1800,1.075
274487,277494,287676,3007,10182,5,16200,1.29532508348
274508,274514,274988,6,474,1,3600,1.01265822785
275133,275139,275396,6,257,1,1800,1.0233463035
276220,276226,276362,6,136,1,120,1.04411764706
276371,281944,292247,5573,10303,5,16200,1.54091041444
276430,276436,276587,6,151,1,120,1.03973509934
276714,276720,277037,6,317,1,300,1.01892744479
277494,282344,293901,4850,11557,5,16200,1.41965908108
281581,281587,288273,6,6686,1,23400,1.00089739755
281727,281738,303498,11,21760,1,23400,1.00050551471
281727,281733,303420,6,21687,1,23400,1.00027666344
281727,281744,303734,17,21990,1,23400,1.00077307867
281727,281750,304543,23,22793,1,23400,1.00100908174
281943,284952,292290,3009,7338,5,16200,1.4100572363
282345,285632,296316,3287,10684,5,16200,1.3076563085
283781,283787,292324,6,8537,8,25200,1.00070282301
283941,283947,285323,6,1376,8,7200,1.00436046512
284401,284407,285117,6,710,8,21600,1.00845070423
284440,284446,291821,6,7375,20,10799,1.00081355932
284489,284495,295317,6,10822,20,10799,1.00055442617
284535,284542,291178,7,6636,20,10799,1.00105485232
284952,287094,297350,2142,10256,5,16200,1.20885335413
285632,287687,300451,2055,12764,5,16200,1.16099968662
287096,292259,306344,5163,14085,5,16200,1.36656017039
287684,293913,307705,6229,13792,5,16200,1.45163863109
288719,321890,321892,33171,2,24,32400,3317.3
289334,289340,297061,6,7721,1,18000,1.00077710141
289776,289784,290577,8,793,1,900,1.01008827238
289777,289807,290568,30,761,1,900,1.0394218134
289777,289801,290573,24,772,1,900,1.0310880829
289777,289789,290574,12,785,1,900,1.0152866242
289777,289795,290554,18,759,1,900,1.02371541502
289778,289818,290572,40,754,1,900,1.05305039788
289778,289813,290559,35,746,1,900,1.04691689008
289779,289824,290568,45,744,1,900,1.06048387097
289779,289829,290588,50,759,1,900,1.06587615283
289779,289835,290580,56,745,1,900,1.07516778523
289946,289952,292408,6,2456,1,18000,1.00244299674
290367,290373,301502,6,11129,8,72000,1.000539132
290970,290976,290988,6,12,2,600,1.5
291303,291309,291391,6,82,2,7200,1.07317073171
291640,291645,291653,5,8,2,600,1.3
292030,292036,292044,6,8,2,600,1.4
292258,292301,306357,43,14056,5,16200,1.0030591918
292300,296329,304605,4029,8276,5,16200,1.48682938618
292394,292400,292407,6,7,2,600,1.3
292838,292844,292852,6,8,2,600,1.4
293006,293012,293041,6,29,8,8,1.20689655172
293045,293051,293128,6,77,8,28800,1.07792207792
293129,293138,293298,9,160,8,28800,1.05625
293192,293199,293216,7,17,2,1800,1.41176470588
293273,293279,295651,6,2372,2,3600,1.00252951096
293475,293481,293491,6,10,2,1800,1.6
293813,293819,293829,6,10,2,1800,1.6
293916,297361,305121,3445,7760,5,16200,1.44394329897
293961,293967,299448,6,5481,20,10799,1.00109469075
294012,294018,304852,6,10834,20,10799,1.00055381207
294604,294611,294614,7,3,4,600,1.0
294693,294699,295709,6,1010,2,3600,1.00594059406
294766,294772,294780,6,8,4,600,1.4
295060,295072,295073,12,1,4,600,1.3
295142,295149,295543,7,394,2,3600,1.01776649746
295275,295281,295360,6,79,2,3600,1.07594936709
295352,295358,295362,6,4,4,600,1.0
295551,295557,295639,6,82,2,3600,1.07317073171
295575,295581,301670,6,6089,2,14400,1.00098538348
295673,295679,306498,6,10819,20,10799,1.00055457991
295682,295688,310134,6,14446,2,14400,1.00041533989
295728,295734,296238,6,504,2,14400,1.0119047619
296188,296194,296282,6,88,2,3600,1.06818181818
296251,296257,297503,6,1246,2,14400,1.00481540931
296294,296300,296303,6,3,4,600,1.0
296317,296323,299896,6,3573,8,7200,1.00167926113
296325,300462,313652,4137,13190,5,16200,1.31364670205
296494,296501,296626,7,125,2,3600,1.056
296581,296587,296603,6,16,1,1200,1.375
296616,296622,296645,6,23,1,1200,1.26086956522
296827,296833,297032,6,199,2,10800,1.03015075377
296936,296942,297573,6,631,4,600,1.00950871632
297154,297160,318132,6,20972,8,28800,1.00028609575
297365,304616,316504,7251,11888,5,16200,1.60994279946
297539,297550,297601,11,51,1,7200,1.21568627451
297539,297568,297821,29,253,1,7200,1.11462450593
297539,297545,297546,6,1,1,7200,1.0
297540,297579,297591,39,12,1,7200,4.25
297540,297584,297585,44,1,1,7200,4.5
297540,297573,297667,33,94,1,7200,1.35106382979
297541,297595,298145,54,550,1,7200,1.09818181818
297541,297590,297939,49,349,1,7200,1.14040114613
297541,297562,298460,21,898,2,14400,1.02338530067
297541,297601,299615,60,2014,1,7200,1.02979145978
297542,297607,304827,65,7220,1,7200,1.00900277008
297542,297618,299681,76,2063,1,7200,1.03683955405
297542,297612,297613,70,1,1,7200,7.1
297543,297623,297624,80,1,1,7200,8.1
297543,297634,301491,91,3857,1,7200,1.02359346642
297543,297629,297630,86,1,1,7200,8.7
297544,297697,297699,153,2,1,7200,15.5
297544,297704,297706,160,2,1,7200,16.2
297544,297686,297693,142,7,1,7200,14.9
297545,297715,304920,170,7205,1,7200,1.02359472588
297545,297709,297710,164,1,1,7200,16.5
297545,297722,298871,177,1149,1,7200,1.15404699739
297546,297732,304965,186,7233,1,7200,1.02571547076
297546,297727,297728,181,1,1,7200,18.2
297546,297738,297769,192,31,1,7200,7.1935483871
297547,297750,297763,203,13,1,7200,16.6153846154
297547,297776,297778,229,2,1,7200,23.1
297547,297783,297784,236,1,1,7200,23.7
297547,297789,298165,242,376,1,7200,1.64361702128
297548,297833,297834,285,1,1,7200,28.6
297548,297809,298678,261,869,1,7200,1.3003452244
297549,297846,297847,297,1,1,7200,29.8
297549,297871,297956,322,85,1,7200,4.78823529412
297550,297970,299930,420,1960,1,7200,1.21428571429
297550,297950,297952,400,2,1,7200,40.2
297550,298157,298169,607,12,1,7200,51.5833333333
297550,297964,298177,414,213,1,7200,2.94366197183
297551,298176,298178,625,2,1,7200,62.7
297551,298183,298184,632,1,1,7200,63.3
297552,298208,299352,656,1144,1,7200,1.57342657343
297552,298196,299543,644,1347,1,7200,1.47809948033
297552,298202,298203,650,1,1,7200,65.1
297553,298689,298775,1136,86,1,7200,14.2093023256
297553,298214,305442,661,7228,1,7200,1.09144991699
297553,298503,298504,950,1,1,7200,95.1
297553,298518,298989,965,471,1,7200,3.04883227176
297554,298787,298812,1233,25,1,7200,50.32
297554,298708,298826,1154,118,1,7200,10.7796610169
297554,298695,298696,1141,1,1,7200,114.2
297555,298824,298838,1269,14,1,7200,91.6428571429
297555,298838,298851,1283,13,1,7200,99.6923076923
297555,298851,298852,1296,1,1,7200,129.7
297556,297641,298677,85,1036,1,7200,1.08204633205
297556,297658,297676,102,18,1,7200,6.66666666667
297556,297663,297685,107,22,1,7200,5.86363636364
297556,297652,299771,96,2119,1,7200,1.04530438886
297557,297674,298491,117,817,1,7200,1.14320685435
297558,298869,298870,1311,1,1,7200,131.2
297558,298887,298901,1329,14,1,7200,95.9285714286
297558,298862,298901,1304,39,1,7200,34.4358974359
297559,298915,299985,1356,1070,1,7200,2.26728971963
297559,298893,298894,1334,1,1,7200,133.5
297559,298908,306145,1349,7237,1,7200,1.18640320575
297560,298920,299059,1360,139,1,7200,10.7841726619
297560,299364,299365,1804,1,1,7200,180.5
297560,299071,306277,1511,7206,1,7200,1.20968637247
297560,299006,306211,1446,7205,1,7200,1.20069396253
297561,299377,300053,1816,676,1,7200,3.68639053254
297561,299615,299831,2054,216,1,7200,10.5092592593
297561,299554,299602,1993,48,1,7200,42.5208333333
297562,299783,299892,2221,109,1,7200,21.376146789
297562,299843,299844,2281,1,1,7200,228.2
297562,299693,305254,2131,5561,1,7200,1.38320445963
297562,299626,306840,2064,7214,1,7200,1.286110341
297563,299916,300204,2353,288,1,7200,9.17013888889
297563,299903,299905,2340,2,1,7200,234.2
297563,299856,307072,2293,7216,1,7200,1.31776607539
297564,300098,300100,2534,2,1,7200,253.6
297564,300065,300114,2501,49,1,7200,52.0408163265
297564,299942,301935,2378,1993,1,7200,2.19317611641
297564,299997,300086,2433,89,1,7200,28.3370786517
297565,300112,300188,2547,76,1,7200,34.5131578947
297565,300125,300388,2560,263,1,7200,10.7338403042
297565,300203,307416,2638,7213,1,7200,1.36572854568
297566,300216,300218,2650,2,1,7200,265.2
297566,300400,300980,2834,580,1,7200,5.88620689655
297566,300229,302057,2663,1828,1,7200,2.4567833698
297566,300992,300993,3426,1,1,7200,342.7
297567,301041,301042,3474,1,1,7200,347.5
297568,301054,301055,3486,1,1,7200,348.7
297569,301079,301149,3510,70,1,7200,51.1428571429
297569,301161,301213,3592,52,1,7200,70.0769230769
297569,301514,302130,3945,616,1,7200,7.40422077922
297569,301225,302386,3656,1161,1,7200,4.14900947459
297570,302107,302179,4537,72,1,7200,64.0138888889
297570,302101,302123,4531,22,1,7200,206.954545455
297570,302136,302137,4566,1,1,7200,456.7
297571,302143,305730,4572,3587,1,7200,2.27460273209
297571,302192,302201,4621,9,1,7200,463.0
297571,302213,302214,4642,1,1,7200,464.3
297571,302150,302787,4579,637,1,7200,8.18838304553
297572,302398,304564,4826,2166,1,7200,3.22807017544
297572,302318,306215,4746,3897,1,7200,2.21785989222
297572,302226,302306,4654,80,1,7200,59.175
297573,306128,306224,8555,96,1,7200,90.1145833333
297573,307953,308068,10380,115,1,7200,91.2608695652
297573,306114,306116,8541,2,1,7200,854.3
297576,308972,312384,11396,3412,1,7200,4.33997655334
297576,308977,309079,11401,102,1,7200,112.774509804
297576,309091,309093,11515,2,1,7200,1151.7
297576,308166,309157,10590,991,1,7200,11.6861755802
297577,309169,309170,11592,1,1,7200,1159.3
297577,309182,309307,11605,125,1,7200,93.84
297577,309105,309497,11528,392,1,7200,30.4081632653
297578,309320,309321,11742,1,1,7200,1174.3
297578,309333,309509,11755,176,1,7200,67.7897727273
297578,309510,309514,11932,4,1,7200,1193.6
297578,309521,309576,11943,55,1,7200,218.145454545
297579,309588,309592,12009,4,1,7200,1201.3
297579,309529,309680,11950,151,1,7200,80.1390728477
297580,309692,311413,12112,1721,1,7200,8.03776873911
297580,309811,310396,12231,585,1,7200,21.9076923077
297580,309729,309799,12149,70,1,7200,174.557142857
297580,309605,309717,12025,112,1,7200,108.366071429
297581,310537,310611,12956,74,1,7200,176.081081081
297581,310409,310525,12828,116,1,7200,111.586206897
297581,310623,310682,13042,59,1,7200,222.050847458
297582,310714,310723,13132,9,1,7200,1314.1
297582,310736,311084,13154,348,1,7200,38.7988505747
297582,311096,311324,13514,228,1,7200,60.2719298246
297582,310695,310701,13113,6,1,7200,1311.9
297583,311336,311475,13753,139,1,7200,99.9424460432
297583,311488,311668,13905,180,1,7200,78.25
297583,311561,311797,13978,236,1,7200,60.2288135593
297584,311567,311636,13983,69,1,7200,203.652173913
297584,311648,311651,14064,3,1,7200,1406.7
297584,311680,311695,14096,15,1,7200,940.733333333
297584,311663,311726,14079,63,1,7200,224.476190476
297585,311738,311886,14153,148,1,7200,96.6283783784
297585,311707,311745,14122,38,1,7200,372.631578947
297586,311809,311810,14223,1,1,7200,1422.4
297586,311757,311762,14171,5,1,7200,1417.6
297586,311774,311800,14188,26,1,7200,546.692307692
297587,311817,312095,14230,278,1,7200,52.1870503597
297588,311933,312527,14345,594,1,7200,25.1498316498
297588,311860,311920,14272,60,1,7200,238.866666667
297588,311898,312391,14310,493,1,7200,30.0263691684
297589,312359,313080,14770,721,1,7200,21.4854368932
297589,312349,315863,14760,3514,1,7200,5.20034149118
297589,312107,312756,14518,649,1,7200,23.3697996918
297589,312354,312803,14765,449,1,7200,33.8841870824
297590,312365,312582,14775,217,1,7200,69.0875576037
297590,312371,312715,14781,344,1,7200,43.9680232558
297591,312377,312996,14786,619,1,7200,24.886914378
297591,312387,312534,14796,147,1,7200,101.653061224
297591,312393,315859,14802,3466,1,7200,5.27062896711
297591,312382,312491,14791,109,1,7200,136.697247706
297592,312398,314581,14806,2183,1,7200,7.78240952817
297592,312404,319607,14812,7203,1,7200,3.0563654033
297592,312411,312412,14819,1,1,7200,1482.0
297593,312471,312675,14878,204,1,7200,73.931372549
297593,312416,312556,14823,140,1,7200,106.878571429
297593,312436,312459,14843,23,1,7200,646.347826087
297594,312540,312634,14946,94,1,7200,160.0
297594,312519,312724,14925,205,1,7200,73.8048780488
297594,312503,312507,14909,4,1,7200,1491.3
297595,312632,313867,15037,1235,1,7200,13.175708502
297595,312568,312619,14973,51,1,7200,294.588235294
297595,312547,312866,14952,319,1,7200,47.8714733542
297595,312594,319840,14999,7246,1,7200,3.06996963842
297596,312646,312660,15050,14,1,7200,1076.0
297596,312687,312786,15091,99,1,7200,153.434343434
297596,312673,313438,15077,765,1,7200,20.708496732
297597,312736,312962,15139,226,1,7200,67.9867256637
297597,312768,312787,15171,19,1,7200,799.473684211
297597,312728,319966,15131,7238,1,7200,3.09049461177
297598,312798,312837,15200,39,1,7200,390.743589744
297598,312805,312983,15207,178,1,7200,86.4325842697
297598,312815,312816,15217,1,1,7200,1521.8
297599,312849,313215,15250,366,1,7200,42.6666666667
297600,312878,313236,15278,358,1,7200,43.6759776536
297602,313008,313537,15406,529,1,7200,30.1228733459
297602,312974,313879,15372,905,1,7200,17.9856353591
297602,312995,313020,15393,25,1,7200,616.72
297603,313032,313184,15429,152,1,7200,102.506578947
297603,313093,313190,15490,97,1,7200,160.690721649
297603,313204,313206,15601,2,1,7200,1560.3
297604,313228,313272,15624,44,1,7200,356.090909091
297605,313317,313383,15712,66,1,7200,239.060606061
297605,313262,313304,15657,42,1,7200,373.785714286
297605,313284,313419,15679,135,1,7200,117.140740741
297605,313254,318987,15649,5733,1,7200,3.72963544392
297606,313451,313500,15845,49,1,7200,324.367346939
297606,313396,313503,15790,107,1,7200,148.570093458
297606,313431,313601,15825,170,1,7200,94.0882352941
297607,313512,320714,15905,7202,1,7200,3.20841432935
297607,313519,313543,15912,24,1,7200,664.0
297608,313620,313687,16012,67,1,7200,239.985074627
297608,313550,313556,15942,6,1,7200,1594.8
297608,313568,313600,15960,32,1,7200,499.75
297608,313558,313618,15950,60,1,7200,266.833333333
297609,313700,314298,16091,598,1,7200,27.9080267559
297609,313633,317181,16024,3548,1,7200,5.51634723788
297609,313626,313645,16017,19,1,7200,844.0
297609,313657,313991,16048,334,1,7200,49.0479041916
297610,313880,313905,16270,25,1,7200,651.8
297610,313891,317003,16281,3112,1,7200,6.23168380463
297610,313917,313931,16307,14,1,7200,1165.78571429
297611,313944,313953,16333,9,1,7200,1634.2
297611,317820,318079,20209,259,1,7200,79.027027027
297611,314009,314314,16398,305,1,7200,54.7639344262
297611,313965,321211,16354,7246,1,7200,3.25696936241
297612,320726,320759,23114,33,1,7200,701.424242424
297612,319990,321391,22378,1401,1,7200,16.9728765168
297612,318091,318257,20479,166,1,7200,124.36746988
297613,320772,320910,23159,138,1,7200,168.81884058
297613,320922,320929,23309,7,1,7200,2331.6
297613,320941,324070,23328,3129,1,7200,8.45541706616
297614,321265,328505,23651,7240,1,7200,4.26671270718
297614,321223,321233,23609,10,1,7200,2361.9
297614,321245,321253,23631,8,1,7200,2363.9
297614,321403,321896,23789,493,1,7200,49.2535496957
297615,321938,322070,24323,132,1,7200,185.265151515
297615,321920,321935,24305,15,1,7200,1621.33333333
297615,321925,322155,24310,230,1,7200,106.695652174
297616,321956,322002,24340,46,1,7200,530.130434783
297616,321951,323135,24335,1184,1,7200,21.5532094595
297616,321945,321957,24329,12,1,7200,2028.41666667
297617,321962,322193,24345,231,1,7200,106.38961039
297617,321967,322128,24350,161,1,7200,152.242236025
297617,321991,321995,24374,4,1,7200,2437.8
297617,321986,322167,24369,181,1,7200,135.635359116
297618,322082,322086,24464,4,1,7200,2446.8
297618,322031,323087,24413,1056,1,7200,24.1183712121
297618,322026,323028,24408,1002,1,7200,25.3592814371
297619,322226,322252,24607,26,1,7200,947.423076923
297619,322167,322214,24548,47,1,7200,523.29787234
297619,322098,323118,24479,1020,1,7200,24.9990196078
297620,322302,322462,24682,160,1,7200,155.2625
297620,322279,322290,24659,11,1,7200,2242.72727273
297620,322475,322520,24855,45,1,7200,553.333333333
297620,322264,322267,24644,3,1,7200,2464.7
297621,322574,322643,24953,69,1,7200,362.637681159
297621,322656,323930,25035,1274,1,7200,20.6507064364
297621,323130,323137,25509,7,1,7200,2551.6
297621,322531,322562,24910,31,1,7200,804.548387097
297622,323943,323952,26321,9,1,7200,2633.0
297622,324082,324103,26460,21,1,7200,1261.0
297622,323965,324234,26343,269,1,7200,98.9293680297
297623,324154,325261,26531,1107,1,7200,24.9665763324
297623,324115,324142,26492,27,1,7200,982.185185185
297623,324246,324290,26623,44,1,7200,606.068181818
297624,324302,324475,26678,173,1,7200,155.208092486
297624,324487,331698,26863,7211,1,7200,4.72528082097
297624,325273,325322,27649,49,1,7200,565.265306122
297625,325334,325343,27709,9,1,7200,2771.8
297625,325355,325365,27730,10,1,7200,2774.0
297625,325377,325716,27752,339,1,7200,82.8643067847
297625,325728,325865,28103,137,1,7200,206.131386861
297626,326512,326530,28886,18,1,7200,1605.77777778
297626,326518,326543,28892,25,1,7200,1156.68
297626,325877,333096,28251,7219,1,7200,4.91342291176
297627,326541,326577,28914,36,1,7200,804.166666667
297627,326589,326720,28962,131,1,7200,222.083969466
297627,326555,326994,28928,439,1,7200,66.8952164009
297627,326731,333971,29104,7240,1,7200,5.01988950276
297628,327027,327232,29399,205,1,7200,144.409756098
297628,327244,327259,29616,15,1,7200,1975.4
297628,327271,327280,29643,9,1,7200,2965.2
297628,327005,327016,29377,11,1,7200,2671.63636364
297629,327292,327332,29663,40,1,7200,742.575
297629,327344,327730,29715,386,1,7200,77.981865285
297630,327742,327860,30112,118,1,7200,256.186440678
297630,327872,327901,30242,29,1,7200,1043.82758621
297630,327913,327964,30283,51,1,7200,594.784313725
297630,327975,328077,30345,102,1,7200,298.5
297631,328089,328133,30458,44,1,7200,693.227272727
297631,328146,328317,30515,171,1,7200,179.450292398
297631,328328,328615,30697,287,1,7200,107.958188153
297632,328571,328674,30939,103,1,7200,301.378640777
297632,328516,328559,30884,43,1,7200,719.23255814
297632,328674,328697,31042,23,1,7200,1350.65217391
297632,328627,328663,30995,36,1,7200,861.972222222
297633,328687,328703,31054,16,1,7200,1941.875
297633,328709,328713,31076,4,1,7200,3108.0
297633,328715,328722,31082,7,1,7200,3108.9
297634,328724,328730,31090,6,1,7200,3109.6
297634,328735,328760,31101,25,1,7200,1245.04
297634,328772,328793,31138,21,1,7200,1483.76190476
297634,328741,335954,31107,7213,1,7200,5.31262997366
297635,328804,328859,31169,55,1,7200,567.709090909
297635,328870,329135,31235,265,1,7200,118.867924528
297635,329146,329154,31511,8,1,7200,3151.9
297636,329344,329392,31708,48,1,7200,661.583333333
297636,329193,329332,31557,139,1,7200,228.028776978
297636,329165,329181,31529,16,1,7200,1971.5625
297637,329867,330225,32230,358,1,7200,91.0279329609
297637,329477,329855,31840,378,1,7200,85.2328042328
297637,329403,329465,31766,62,1,7200,513.35483871
297638,331059,331066,33421,7,1,7200,3342.8
297638,331065,331068,33427,3,1,7200,3343.0
297638,330236,337467,32598,7231,1,7200,5.50809016734
297639,331081,331083,33442,2,1,7200,3344.4
297639,331103,331112,33464,9,1,7200,3347.3
297639,331070,331120,33431,50,1,7200,669.62
297639,331076,331274,33437,198,1,7200,169.873737374
297640,331119,331134,33479,15,1,7200,2232.93333333
297640,331114,331596,33474,482,1,7200,70.4481327801
297640,331108,331141,33468,33,1,7200,1015.18181818
297641,331142,331319,33501,177,1,7200,190.271186441
297641,331132,331272,33491,140,1,7200,240.221428571
297641,331125,331171,33484,46,1,7200,728.913043478
297641,331137,331161,33496,24,1,7200,1396.66666667
297642,331153,331220,33511,67,1,7200,501.164179104
297642,331160,331448,33518,288,1,7200,117.381944444
297642,331148,331341,33506,193,1,7200,174.606217617
297643,331183,331187,33540,4,1,7200,3354.4
297643,331165,331622,33522,457,1,7200,74.352297593
297643,331173,331186,33530,13,1,7200,2580.23076923
297644,331197,338432,33553,7235,1,7200,5.63759502419
297644,331233,331802,33589,569,1,7200,60.0316344464
297644,331283,331286,33639,3,1,7200,3364.2
297644,331205,331274,33561,69,1,7200,487.391304348
297645,331295,331307,33650,12,1,7200,2805.16666667
297645,331290,331314,33645,24,1,7200,1402.875
297645,331301,331722,33656,421,1,7200,80.9429928741
297646,331319,331321,33673,2,1,7200,3367.5
297646,331333,331584,33687,251,1,7200,135.211155378
297646,331327,331344,33681,17,1,7200,1982.23529412
297647,331351,331352,33704,1,1,7200,3370.5
297647,331357,331507,33710,150,1,7200,225.733333333
297648,331383,331384,33735,1,1,7200,3373.6
297648,331376,331564,33728,188,1,7200,180.404255319
297649,331424,333070,33775,1646,1,7200,21.5194410693
297649,331395,331396,33746,1,1,7200,3374.7
297649,331459,331461,33810,2,1,7200,3381.2
297649,331407,331411,33758,4,1,7200,3376.2
297650,331496,338718,33846,7222,1,7200,5.68651343118
297650,331484,331485,33834,1,1,7200,3383.5
297650,331472,331473,33822,1,1,7200,3382.3
297651,331555,331556,33904,1,1,7200,3390.5
297651,331576,331578,33925,2,1,7200,3392.7
297651,331518,331542,33867,24,1,7200,1412.125
297651,331567,331568,33916,1,1,7200,3391.7
297652,331583,331637,33931,54,1,7200,629.351851852
297652,331597,331599,33945,2,1,7200,3394.7
297652,331590,331646,33938,56,1,7200,607.035714286
297653,331627,331628,33974,1,1,7200,3397.5
297653,331609,331636,33956,27,1,7200,1258.62962963
297654,331634,331636,33980,2,1,7200,3398.2
297654,331647,331649,33993,2,1,7200,3399.5
297654,331640,331682,33986,42,1,7200,810.19047619
297655,331670,331671,34015,1,1,7200,3401.6
297655,331664,331665,34009,1,1,7200,3401.0
297655,331659,331662,34004,3,1,7200,3400.7
297655,331652,331853,33997,201,1,7200,170.139303483
297656,331689,331739,34033,50,1,7200,681.66
297656,331695,331697,34039,2,1,7200,3404.1
297656,331678,331921,34022,243,1,7200,141.008230453
297657,331708,331709,34051,1,1,7200,3405.2
297657,331714,332159,34057,445,1,7200,77.5325842697
297657,331701,331704,34044,3,1,7200,3404.7
297658,331722,331757,34064,35,1,7200,974.257142857
297658,331734,331748,34076,14,1,7200,2435.0
297659,331740,331741,34081,1,1,7200,3408.2
297659,331751,331757,34092,6,1,7200,3409.8
297659,331758,338986,34099,7228,1,7200,5.71762589928
297660,331777,331788,34117,11,1,7200,3102.54545455
297660,331772,331783,34112,11,1,7200,3102.09090909
297660,331765,331767,34105,2,1,7200,3410.7
297660,331783,331784,34123,1,1,7200,3412.4
297661,331807,331809,34146,2,1,7200,3414.8
297661,331801,332386,34140,585,1,7200,59.358974359
297661,331795,339012,34134,7217,1,7200,5.72966606623
297662,331846,331998,34184,152,1,7200,225.894736842
297662,331821,331825,34159,4,1,7200,3416.3
297662,331814,331835,34152,21,1,7200,1627.28571429
297662,331836,331837,34174,1,1,7200,3417.5
297663,331852,331853,34189,1,1,7200,3419.0
297663,331870,331887,34207,17,1,7200,2013.17647059
297663,331864,331871,34201,7,1,7200,3420.8
297664,331932,331974,34268,42,1,7200,816.904761905
297664,331883,331936,34219,53,1,7200,646.641509434
297664,331898,331931,34234,33,1,7200,1038.39393939
297665,331962,339167,34297,7205,1,7200,5.76016655101
297665,331942,331944,34277,2,1,7200,3427.9
297665,331948,331949,34283,1,1,7200,3428.4
297666,331981,339215,34315,7234,1,7200,5.74357202101
297666,331987,331989,34321,2,1,7200,3432.3
297667,332009,334307,34342,2298,1,7200,15.9442993908
297667,332000,332185,34333,185,1,7200,186.583783784
297668,332224,332225,34556,1,1,7200,3455.7
297668,332170,333809,34502,1639,1,7200,22.0506406345
297668,332209,332213,34541,4,1,7200,3454.5
297668,332197,332198,34529,1,1,7200,3453.0
297669,332236,332237,34567,1,1,7200,3456.8
297669,332248,332249,34579,1,1,7200,3458.0
297670,332397,332411,34727,14,1,7200,2481.5
297670,332325,332481,34655,156,1,7200,223.147435897
297670,332260,332314,34590,54,1,7200,641.555555556
297671,332492,332494,34821,2,1,7200,3482.3
297671,332447,332501,34776,54,1,7200,645.0
297671,332422,332424,34751,2,1,7200,3475.3
297672,332506,332507,34834,1,1,7200,3483.5
297672,332518,332522,34846,4,1,7200,3485.0
297672,332526,332529,34854,3,1,7200,3485.7
297672,332512,332514,34840,2,1,7200,3484.2
297673,332547,332571,34874,24,1,7200,1454.08333333
297673,332540,332552,34867,12,1,7200,2906.58333333
297673,332533,332534,34860,1,1,7200,3486.1
297674,332563,332565,34889,2,1,7200,3489.1
297674,332583,332585,34909,2,1,7200,3491.1
297675,332596,335512,34921,2916,1,7200,12.9756515775
297675,332607,339848,34932,7241,1,7200,5.8241955531
297675,332590,332596,34915,6,1,7200,3492.1
297675,333081,333095,35406,14,1,7200,2530.0
297676,333113,333130,35437,17,1,7200,2085.52941176
297676,333107,333121,35431,14,1,7200,2531.78571429
297677,333133,333134,35456,1,1,7200,3545.7
297677,333141,333142,35464,1,1,7200,3546.5
297678,333162,333165,35484,3,1,7200,3548.7
297678,333156,340387,35478,7231,1,7200,5.90637532845
297678,333177,333178,35499,1,1,7200,3550.0
297679,333214,333235,35535,21,1,7200,1693.14285714
297679,333246,333249,35567,3,1,7200,3557.0
297680,333261,333272,35581,11,1,7200,3235.63636364
297680,333285,333286,35605,1,1,7200,3560.6
297680,333820,333821,36140,1,1,7200,3614.1
297680,333298,335645,35618,2347,1,7200,16.1759693225
297681,333982,333983,36301,1,1,7200,3630.2
297681,333833,334720,36152,887,1,7200,41.7576099211
297682,334319,334403,36637,84,1,7200,437.154761905
297682,333994,334546,36312,552,1,7200,66.7826086957
297682,334416,334700,36734,284,1,7200,130.345070423
297682,334557,334559,36875,2,1,7200,3687.7
297683,334594,334595,36911,1,1,7200,3691.2
297683,334582,334583,36899,1,1,7200,3690.0
297684,334731,336139,37047,1408,1,7200,27.3117897727
297684,334619,336675,36935,2056,1,7200,18.9644941634
297684,334607,334608,36923,1,1,7200,3692.4
297684,334711,334730,37027,19,1,7200,1949.78947368
297685,334741,334769,37056,28,1,7200,1324.42857143
297685,334781,334784,37096,3,1,7200,3709.9
297685,335523,335610,37838,87,1,7200,435.91954023
297685,334795,335962,37110,1167,1,7200,32.7994858612
297686,335621,336140,37935,519,1,7200,74.0924855491
297686,335656,335660,37970,4,1,7200,3797.4
297686,335671,335673,37985,2,1,7200,3798.7
297687,335965,336140,38278,175,1,7200,219.731428571
297687,335684,335702,37997,18,1,7200,2111.94444444
297687,335713,342917,38026,7204,1,7200,6.2784564131
297688,335988,335989,38300,1,1,7200,3830.1
297688,336000,336325,38312,325,1,7200,118.883076923
297688,335974,335977,38286,3,1,7200,3828.9
297689,336151,336540,38462,389,1,7200,99.8740359897
297689,336162,337451,38473,1289,1,7200,30.8471683476
297689,336156,336162,38467,6,1,7200,3847.3
297690,336188,336192,38498,4,1,7200,3850.2
297690,336336,336849,38646,513,1,7200,76.3333333333
297690,336203,337284,38513,1081,1,7200,36.6271970398
297690,336174,336177,38484,3,1,7200,3848.7
297691,336615,343836,38924,7221,1,7200,6.39038914278
297691,336564,336604,38873,40,1,7200,972.825
297691,336551,336553,38860,2,1,7200,3886.2
297692,336701,336755,39009,54,1,7200,723.388888889
297692,336767,337003,39075,236,1,7200,166.572033898
297692,336687,336690,38995,3,1,7200,3899.8
297693,336861,337422,39168,561,1,7200,70.8181818182
297693,337015,337916,39322,901,1,7200,44.6426193119
297694,337331,337332,39637,1,1,7200,3963.8
297694,337434,337506,39740,72,1,7200,552.944444444
297694,337308,337319,39614,11,1,7200,3602.27272727
297694,337343,339508,39649,2165,1,7200,19.3136258661
297695,337462,337467,39767,5,1,7200,3977.2
297695,337478,337479,39783,1,1,7200,3978.4
297695,337490,337493,39795,3,1,7200,3979.8
297695,337484,337557,39789,73,1,7200,546.054794521
297696,337517,337769,39821,252,1,7200,159.01984127
297696,337504,337505,39808,1,1,7200,3980.9
297697,337592,337813,39895,221,1,7200,181.520361991
297697,337534,337659,39837,125,1,7200,319.696
297697,337568,337581,39871,13,1,7200,3068.0
297697,337670,337672,39973,2,1,7200,3997.5
297698,337683,338662,39985,979,1,7200,41.8426966292
297698,337780,345015,40082,7235,1,7200,6.5400138217
297699,337824,337968,40125,144,1,7200,279.645833333
297699,337927,338008,40228,81,1,7200,497.641975309
297699,337979,338052,40280,73,1,7200,552.780821918
297700,338020,338023,40320,3,1,7200,4032.3
297700,338998,339048,41298,50,1,7200,826.96
297700,338793,341167,41093,2374,1,7200,18.3096040438
297700,338146,339389,40446,1243,1,7200,33.5390185036
297701,338063,338087,40362,24,1,7200,1682.75
297701,338034,338035,40333,1,1,7200,4033.4
297701,338046,338062,40345,16,1,7200,2522.5625
297702,338073,338075,40371,2,1,7200,4037.3
297702,338086,338119,40384,33,1,7200,1224.75757576
297702,338098,345338,40396,7240,1,7200,6.57955801105
297703,338131,338135,40428,4,1,7200,4043.2
297703,339532,339533,41829,1,1,7200,4183.0
297703,339519,339521,41816,2,1,7200,4181.8
297703,339024,339289,41321,265,1,7200,156.928301887
297704,338543,338682,40839,139,1,7200,294.805755396
297704,339544,346764,41840,7220,1,7200,6.79501385042
297704,338443,338532,40739,89,1,7200,458.741573034
297705,338674,338676,40969,2,1,7200,4097.1
297705,338694,338698,40989,4,1,7200,4099.3
297706,338700,338701,40994,1,1,7200,4099.5
297706,338709,338722,41003,13,1,7200,3155.07692308
297706,338716,338781,41010,65,1,7200,631.923076923
297707,338742,338746,41035,4,1,7200,4103.9
297707,338757,338758,41050,1,1,7200,4105.1
297707,338770,339075,41063,305,1,7200,135.632786885
297707,338735,345976,41028,7241,1,7200,6.66606822262
297708,339662,340057,41954,395,1,7200,107.212658228
297708,339649,339651,41941,2,1,7200,4194.3
297708,339583,339638,41875,55,1,7200,762.363636364
297709,339086,339089,41377,3,1,7200,4138.0
297709,339682,339695,41973,13,1,7200,3229.69230769
297709,339059,339061,41350,2,1,7200,4135.2
297709,339072,339235,41363,163,1,7200,254.760736196
297710,339178,339227,41468,49,1,7200,847.285714286
297710,339100,339309,41390,209,1,7200,199.038277512
297710,339226,340133,41516,907,1,7200,46.7728776185
297711,339247,339325,41536,78,1,7200,533.512820513
297711,339238,339246,41527,8,1,7200,4153.5
297711,339257,339264,41546,7,1,7200,4155.3
297712,339275,339280,41563,5,1,7200,4156.8
297712,339291,339994,41579,703,1,7200,60.1450924609
297712,339320,339372,41608,52,1,7200,801.153846154
297712,339300,339311,41588,11,1,7200,3781.72727273
297713,339336,339337,41623,1,1,7200,4162.4
297713,339327,339571,41614,244,1,7200,171.549180328
297713,339348,339349,41635,1,1,7200,4163.6
297714,339360,339361,41646,1,1,7200,4164.7
297714,339384,339386,41670,2,1,7200,4167.2
297715,339397,339400,41682,3,1,7200,4168.5
297715,339403,340146,41688,743,1,7200,57.1076716016
297716,339416,340332,41700,916,1,7200,46.5240174672
297716,339422,339423,41706,1,1,7200,4170.7
297716,339434,339439,41718,5,1,7200,4172.3
297717,339450,339498,41733,48,1,7200,870.4375
297717,339509,339670,41792,161,1,7200,260.577639752
297748,297756,297761,8,5,4,600,1.3
297972,297978,298615,6,637,4,600,1.00941915228
298504,298510,299233,6,723,2,14400,1.00829875519
298895,298901,298907,6,6,4,600,1.2
298994,299000,299065,6,65,4,600,1.09230769231
299212,299219,307242,7,8023,1,43200,1.00087249159
299246,299252,299257,6,5,4,600,1.1
299271,299278,308829,7,9551,2,14400,1.00073290755
299342,299348,299357,6,9,4,600,1.5
299422,299428,299434,6,6,4,600,1.2
299466,299472,310289,6,10817,20,10799,1.00055468244
299533,299539,299544,6,5,4,600,1.1
299636,299642,299647,6,5,4,600,1.1
299702,299708,316903,6,17195,2,43200,1.00034893864
299883,299889,299892,6,3,4,600,1.0
300189,300195,300523,6,328,2,300,1.01829268293
300460,305133,313990,4673,8857,5,16200,1.52760528396
300466,300473,300476,7,3,4,600,1.0
300533,300540,364938,7,64398,20,86399,1.00010869903
300560,300567,369558,7,68991,20,86399,1.00010146251
300563,300574,300577,11,3,4,600,1.4
300654,301947,311544,1293,9597,20,10799,1.134729603
300903,300909,307941,6,7032,1,129600,1.00085324232
301312,319351,510802,18039,191451,18,198000,1.09422254258
302131,321904,321938,19773,34,8,36000,582.558823529
302580,304864,326473,2284,21609,16,21600,1.10569670045
302656,304869,326490,2213,21621,16,21600,1.10235419268
302665,311037,332668,8372,21631,16,21600,1.38703712265
302881,302888,302902,7,14,1,1200,1.5
302951,302958,302984,7,26,1,1200,1.26923076923
304232,305454,305459,1222,5,4,600,122.7
304619,306356,314275,1737,7919,5,16200,1.219345877
304880,321914,391651,17034,69737,4,72000,1.24426057903
305129,306368,314184,1239,7816,5,16200,1.1585209826
305398,311555,333195,6157,21640,16,21600,1.2845194085
305560,305566,305568,6,2,4,600,1.0
305624,322008,356159,16384,34151,1,108000,1.47975169102
305659,305665,305668,6,3,4,600,1.0
306107,310301,311025,4194,724,64,1800,6.79281767956
306203,306236,307668,33,1432,8,6300,1.02304469274
306352,307718,315002,1366,7284,5,16200,1.1875343218
306375,313663,322282,7288,8619,5,16200,1.84557373245
307090,307098,307113,8,15,2,600,1.53333333333
307267,322002,451645,14735,129643,1,129600,1.11365827696
307724,314196,324960,6472,10764,5,16200,1.60126347083
307971,322013,451644,14042,129631,1,129600,1.10832285487
308211,308217,308252,6,35,1,1800,1.17142857143
308645,308652,308668,7,16,2,600,1.4375
309407,309414,309426,7,12,2,600,1.58333333333
309700,311054,311077,1354,23,2,600,59.8695652174
309947,311043,321878,1096,10835,20,10799,1.10115366867
309986,311065,311264,1079,199,2,3600,6.42211055276
309991,311048,321864,1057,10816,20,10799,1.09772559172
310215,311070,311199,855,129,2,1800,7.62790697674
310490,311161,311274,671,113,2,1800,6.93805309735
310822,311211,311313,389,102,2,3600,4.8137254902
310873,311060,311149,187,89,2,1200,3.10112359551
311139,311146,311158,7,12,2,600,1.58333333333
311415,311422,311432,7,10,2,600,1.7
312342,317551,327614,5209,10063,20,10799,1.51763887509
312539,318999,319339,6460,340,20,7199,20.0
312937,312945,314189,8,1244,1,1200,1.00643086817
313133,321997,358096,8864,36099,4,36060,1.24554696806
313172,313197,313607,25,410,1,1200,1.06097560976
313599,313612,314860,13,1248,1,1200,1.01041666667
313669,314001,328973,332,14972,5,16200,1.02217472616
314006,316515,324442,2509,7927,5,16200,1.31651318279
314195,314286,329201,91,14915,5,16200,1.00610124036
314290,315013,328743,723,13730,5,16200,1.05265841224
314749,331087,345502,16338,14415,1,14400,2.13340270552
315016,322293,334061,7277,11768,5,16200,1.61837185588
316521,324454,334325,7933,9871,5,16200,1.80366730828
317834,331092,364828,13258,33736,2,43200,1.3929926488
319485,321973,323411,2488,1438,1,3000,2.73018080668
319679,319985,339091,306,19106,20,86399,1.01601591123
319793,321876,332709,2083,10833,20,10799,1.19228283947
319824,321909,321911,2085,2,10,345600,208.7
319835,319996,320205,161,209,1,1800,1.77033492823
319982,376126,432103,56144,55977,4,72000,2.00298336817
320610,321932,321933,1322,1,10,172800,132.3
320753,320760,320811,7,51,1,600,1.13725490196
320808,322018,358086,1210,36068,4,36060,1.03354774315
320976,320983,321378,7,395,1,600,1.01772151899
321377,321978,322740,601,762,1,1800,1.78871391076
322109,323634,496498,1525,172864,10,172800,1.00882196409
322137,326507,672165,4370,345658,10,345600,1.0126425542
322293,328754,336652,6461,7898,5,16200,1.81805520385
323868,326501,337314,2633,10813,20,10799,1.2435031906
323908,327625,338465,3717,10840,20,10799,1.34289667897
324451,324971,335786,520,10815,5,16200,1.04808136847
324975,328984,337088,4009,8104,5,16200,1.49469397828
325535,331098,435745,5563,104647,1,172800,1.05315967013
328760,329212,336560,452,7348,5,16200,1.06151333696
328980,334072,350278,5092,16206,5,16200,1.31420461557
329211,334336,347320,5125,12984,5,16200,1.39471657425
332659,332666,332669,7,3,2,3540,1.0
332872,332878,332901,6,23,4,18000,1.26086956522
332908,332914,332924,6,10,4,18000,1.6
332930,332936,338389,6,5453,4,18000,1.00110031175
334078,335797,344235,1719,8438,5,16200,1.20372126096
334337,336571,344370,2234,7799,5,16200,1.28644698038
334592,334601,337059,9,2458,20,7199,1.00366151343
335250,335256,338933,6,3677,4,18000,1.00163176503
335259,335265,337388,6,2123,4,18000,1.00282618935
335797,336663,345194,866,8531,5,16200,1.10151213222
336574,337099,350200,525,13101,5,16200,1.04007327685
336668,344246,358675,7578,14429,5,16200,1.52519232102
337103,344381,356208,7278,11827,5,16200,1.61537160734
337176,337182,340432,6,3250,4,18000,1.00184615385
338194,338200,338219,6,19,16,18000,1.31578947368
338229,338235,339780,6,1545,16,36000,1.00388349515
339007,339013,339950,6,937,16,36000,1.00640341515
339831,339837,342662,6,2825,16,36000,1.00212389381
339961,339968,342668,7,2700,16,36000,1.00259259259
340960,340966,340972,6,6,16,36000,1.2
341134,341141,342702,7,1561,16,36000,1.00448430493
341465,341471,345391,6,3920,4,18000,1.00153061224
342719,342725,343713,6,988,16,36000,1.00607287449
343472,343478,343480,6,2,1,240,1.0
343968,343974,344447,6,473,3,25140,1.01268498943
344157,344163,344424,6,261,1,3540,1.02298850575
344252,345205,360128,953,14923,5,16200,1.06386115392
344386,350289,359326,5903,9037,5,16200,1.65320349674
344561,344568,346661,7,2093,1,3540,1.00334448161
344637,344643,344831,6,188,1,3540,1.03191489362
344687,344693,344970,6,277,1,3540,1.02166064982
344735,344742,345027,7,285,1,3540,1.02456140351
344809,344815,345054,6,239,1,3540,1.02510460251
344857,344864,345160,7,296,1,3540,1.02364864865
344908,344914,345414,6,500,1,3540,1.012
344957,344964,345491,7,527,1,3540,1.01328273245
345008,345014,345510,6,496,1,3540,1.01209677419
345057,345063,345594,6,531,1,3540,1.01129943503
345136,345142,345700,6,558,1,3540,1.01075268817
345210,347331,363534,2121,16203,5,16200,1.13090168487
345229,345235,347405,6,2170,24,36000,1.00276497696
345336,345342,345619,6,277,1,3540,1.02166064982
345589,345595,345785,6,190,1,3540,1.03157894737
345640,345646,345773,6,127,1,3540,1.04724409449
347330,350212,362619,2882,12407,5,16200,1.23228822439
350210,358686,369830,8476,11144,5,16200,1.76058865757
350293,356219,367638,5926,11419,5,16200,1.51895962869
353296,382143,410948,28847,28805,16,28800,2.00145808019
353296,353302,382136,6,28834,16,28800,1.00020808767
353297,416773,445609,63476,28836,16,28800,3.20127618255
353298,445615,474422,92317,28807,16,28800,4.20467247544
353299,474777,503625,121478,28848,16,28800,5.21096783139
353300,535001,563814,181701,28813,16,28800,7.30621594419
353300,506192,534995,152892,28803,16,28800,6.30819706281
353301,563820,592657,210519,28837,16,28800,8.30030863127
353302,592664,621493,239362,28829,16,28800,9.30282007701
353303,621499,650316,268196,28817,16,28800,10.3068674741
354229,354236,354242,7,6,1,3600,1.3
354358,354364,354475,6,111,1,3600,1.05405405405
354610,354616,355201,6,585,1,3600,1.01025641026
355447,355454,356176,7,722,1,3600,1.00969529086
356218,359338,368373,3120,9035,5,16200,1.34532374101
356719,356725,356730,6,5,1,3600,1.1
356848,356854,356932,6,78,1,3600,1.07692307692
357069,357076,357312,7,236,1,3600,1.02966101695
357619,357626,358176,7,550,1,3600,1.01272727273
357821,357828,357836,7,8,1,1800,1.5
358036,358042,358115,6,73,1,1800,1.08219178082
358354,358360,358450,6,90,1,1800,1.06666666667
358688,360139,369876,1451,9737,5,16200,1.14901920509
358958,358964,359335,6,371,1,1800,1.01617250674
359337,363545,375967,4208,12422,5,16200,1.33875382386
360059,360065,360070,6,5,1,1800,1.1
360140,362630,372386,2490,9756,5,16200,1.25522755228
360241,360247,360285,6,38,1,1800,1.15789473684
360560,360566,360642,6,76,1,1800,1.07894736842
360610,360616,530088,6,169472,10,259200,1.00003540408
361296,361302,361553,6,251,1,1800,1.02390438247
362271,362277,515391,6,153114,10,345600,1.00003918649
362630,367649,376332,5019,8683,5,16200,1.57802602787
363546,369826,377687,6280,7861,5,16200,1.79888054955
367653,368385,369815,732,1430,5,14400,1.51188811189
368384,369841,371276,1457,1435,5,14400,2.01533101045
369825,369888,371357,63,1469,5,14400,1.04288631722
369846,371287,372810,1441,1523,5,14400,1.94615889691
369888,371368,372725,1480,1357,5,14400,2.09064112012
370092,370098,373010,6,2912,20,7199,1.00206043956
370287,370293,381117,6,10824,20,10799,1.00055432373
370341,370347,381148,6,10801,20,10799,1.00055550412
370524,370530,381277,6,10747,20,10799,1.00055829534
371288,372397,373804,1109,1407,5,14400,1.7882018479
371371,372736,374203,1365,1467,5,14400,1.93047034765
372401,372821,374223,420,1402,5,14400,1.29957203994
372741,373815,375365,1074,1550,5,14400,1.69290322581
372824,374214,375643,1390,1429,5,14400,1.97270818754
373813,374234,375693,421,1459,5,14400,1.28855380398
373821,373827,425310,6,51483,1,108000,1.00011654332
374215,375376,376881,1161,1505,5,14400,1.77142857143
374236,375654,377060,1418,1406,5,14400,2.00853485064
374456,374462,374808,6,346,3,25140,1.01734104046
374929,374935,375401,6,466,3,25140,1.01287553648
375379,375704,377194,325,1490,5,14400,1.21812080537
375657,375978,377331,321,1353,5,14400,1.23725055432
375709,376343,377754,634,1411,5,14400,1.44932671864
375977,377698,379098,1721,1400,5,14400,2.22928571429
376128,432120,488318,55992,56198,4,72000,1.99633438912
376348,376892,378305,544,1413,5,14400,1.38499646143
376450,376456,412475,6,36019,8,36000,1.00016657875
376894,377071,378541,177,1470,5,14400,1.12040816327
376964,376971,381118,7,4147,24,36000,1.00168796721
377070,377205,378630,135,1425,5,14400,1.09473684211
377191,377197,379794,6,2597,4,18000,1.00231035811
377205,377343,378767,138,1424,5,14400,1.09691011236
377339,377766,379190,427,1424,5,14400,1.29985955056
377527,377533,380311,6,2778,20,7199,1.00215982721
377684,377690,380370,6,2680,4,18000,1.00223880597
377700,378316,379733,616,1417,5,14400,1.43472124206
377762,378553,379992,791,1439,5,14400,1.54968728284
378159,378165,382723,6,4558,8,7200,1.00131636683
378319,378641,380044,322,1403,5,14400,1.22950819672
378556,378780,380220,224,1440,5,14400,1.15555555556
378639,379109,380518,470,1409,5,14400,1.33356990774
378784,379201,380707,417,1506,5,14400,1.27689243028
379114,379744,381150,630,1406,5,14400,1.44807965861
379197,380004,381506,807,1502,5,14400,1.53728362184
379487,379493,394145,6,14652,2,28800,1.00040950041
379743,380055,381490,312,1435,5,14400,1.21742160279
380002,380231,381627,229,1396,5,14400,1.16404011461
380054,380529,381969,475,1440,5,14400,1.32986111111
380229,380718,382171,489,1453,5,14400,1.33654507915
380354,380360,380364,6,4,14,345600,1.0
380529,381161,382567,632,1406,5,14400,1.44950213371
380715,381518,383024,803,1506,5,14400,1.53320053121
380932,380938,382161,6,1223,4,18000,1.00490596893
381107,381114,381665,7,551,1,900,1.01270417423
381158,381501,382989,343,1488,5,14400,1.23051075269
381456,381462,383166,6,1704,2,3600,1.00352112676
381481,381487,385678,6,4191,4,18000,1.00143163923
381498,381638,383128,140,1490,5,14400,1.09395973154
381520,381980,383384,460,1404,5,14400,1.32763532764
381644,382183,383631,539,1448,5,14400,1.37223756906
381740,381746,386299,6,4553,2,18000,1.00131781243
381897,381904,489126,7,107222,16,108000,1.00006528511
381984,382579,384043,595,1464,5,14400,1.40642076503
382180,383000,384404,820,1404,5,14400,1.58404558405
382212,382219,385768,7,3549,4,18000,1.00197238659
382406,382412,414848,6,32436,5,432000,1.00018497965
382582,383035,384524,453,1489,5,14400,1.30423102754
382683,382689,382866,6,177,4,144000,1.03389830508
382763,382769,385418,6,2649,20,7199,1.00226500566
382840,382847,382979,7,132,4,144000,1.05303030303
383005,383139,384677,134,1538,5,14400,1.08712613784
383036,383395,384879,359,1484,5,14400,1.24191374663
383140,383642,385087,502,1445,5,14400,1.34740484429
383202,383209,395562,7,12353,2,14400,1.00056666397
383398,384055,385591,657,1536,5,14400,1.427734375
383646,384415,385828,769,1413,5,14400,1.54423213022
383841,383847,394198,6,10351,4,36060,1.00057965414
383934,383940,384080,6,140,1,3600,1.04285714286
384058,384535,385936,477,1401,5,14400,1.34047109208
384274,384280,384416,6,136,1,600,1.04411764706
384418,384688,386169,270,1481,5,14400,1.18230925051
384532,384890,386313,358,1423,5,14400,1.25158116655
384687,385098,386677,411,1579,5,14400,1.26029132362
384894,385602,387011,708,1409,5,14400,1.50248403123
385100,385840,387279,740,1439,5,14400,1.51424600417
385605,385948,387366,343,1418,5,14400,1.2418899859
385842,386180,387602,338,1422,5,14400,1.23769338959
385929,385935,386064,6,129,1,600,1.04651162791
385946,386324,387756,378,1432,5,14400,1.26396648045
386088,386094,386133,6,39,1,600,1.15384615385
386184,386694,388171,510,1477,5,14400,1.34529451591
386208,386214,386229,6,15,2,600,1.4
386265,386271,386303,6,32,1,600,1.1875
386329,387022,388582,693,1560,5,14400,1.44423076923
386528,386534,386546,6,12,2,900,1.5
386623,386629,386816,6,187,1,600,1.0320855615
386649,386655,386825,6,170,1,3540,1.03529411765
386699,387290,388782,591,1492,5,14400,1.39611260054
386783,386789,394433,6,7644,2,18000,1.00078492936
386789,386796,391577,7,4781,10,10800,1.00146412884
386957,386964,388063,7,1099,1,3540,1.00636942675
387018,387028,387061,10,33,2,1800,1.30303030303
387019,387377,388875,358,1498,5,14400,1.23898531375
387025,387034,387175,9,141,1,3540,1.06382978723
387062,387068,387247,6,179,1,3540,1.03351955307
387099,387105,387322,6,217,1,3540,1.02764976959
387165,387171,387363,6,192,1,3540,1.03125
387201,387208,387433,7,225,1,3540,1.03111111111
387237,387243,387590,6,347,1,3540,1.01729106628
387272,387278,387637,6,359,1,3540,1.01671309192
387288,387613,389177,325,1564,5,14400,1.20780051151
387307,387314,387659,7,345,1,3540,1.02028985507
387344,387350,387710,6,360,1,3540,1.01666666667
387378,387384,387474,6,90,1,600,1.06666666667
387381,387772,389150,391,1378,5,14400,1.28374455733
387422,387428,387700,6,272,1,3540,1.02205882353
387507,387513,387530,6,17,2,900,1.35294117647
387532,387538,387707,6,169,1,3540,1.03550295858
387619,388182,389607,563,1425,5,14400,1.3950877193
387725,387731,387857,6,126,1,3540,1.04761904762
387760,387766,387834,6,68,1,3540,1.08823529412
387774,388593,390005,819,1412,5,14400,1.58002832861
387805,387811,390612,6,2801,20,7199,1.00214209211
387857,387863,387875,6,12,2,600,1.5
388148,388155,388167,7,12,2,600,1.58333333333
388186,388793,390372,607,1579,5,14400,1.38442051932
388325,388331,388343,6,12,16,60,1.5
388596,388602,430258,6,41656,10,57600,1.00014403687
388599,388886,390387,287,1501,5,14400,1.19120586276
388795,389189,390638,394,1449,5,14400,1.27191166322
388888,389161,390589,273,1428,5,14400,1.19117647059
389157,389619,391058,462,1439,5,14400,1.32105628909
389186,389195,389364,9,169,1,3540,1.05325443787
389188,390016,391578,828,1562,5,14400,1.53008962868
389345,389351,390278,6,927,4,18000,1.00647249191
389431,389437,400266,6,10829,2,10800,1.00055406778
389437,389443,390524,6,1081,1,3540,1.00555041628
389467,389474,389610,7,136,1,3540,1.05147058824
389493,389499,389675,6,176,1,3540,1.03409090909
389518,389524,400325,6,10801,20,10799,1.00055550412
389519,389530,389749,11,219,1,3540,1.0502283105
389547,389553,389744,6,191,1,3540,1.03141361257
389573,389580,389806,7,226,1,3540,1.03097345133
389599,389605,389949,6,344,1,3540,1.01744186047
389622,390384,391832,762,1448,5,14400,1.52624309392
389624,389630,389985,6,355,1,3540,1.01690140845
389650,389656,390000,6,344,1,3540,1.01744186047
389675,389682,390044,7,362,1,3540,1.01933701657
389779,389785,389947,6,162,1,3540,1.03703703704
389878,389884,390016,6,132,1,3540,1.04545454545
389904,389910,389982,6,72,1,3540,1.08333333333
390014,390398,391915,384,1517,5,14400,1.25313117996
390309,390315,391324,6,1009,1,900,1.00594648167
390385,390600,392005,215,1405,5,14400,1.15302491103
390396,390649,392064,253,1415,5,14400,1.17879858657
390603,391069,392511,466,1442,5,14400,1.32316227462
390655,391590,393009,935,1419,5,14400,1.65891472868
391067,391844,393405,777,1561,5,14400,1.49775784753
391196,391202,415087,6,23885,10,57600,1.00025120368
391423,391429,463445,6,72016,4,72000,1.00008331482
391462,391468,463506,6,72038,4,72000,1.00008328938
391494,391501,463525,7,72024,4,72000,1.00009718983
391529,391536,463562,7,72026,4,72000,1.00009718713
391563,391569,461708,6,70139,4,72000,1.00008554442
391594,391926,393296,332,1370,5,14400,1.24233576642
391841,392017,393509,176,1492,5,14400,1.11796246649
391924,392075,393569,151,1494,5,14400,1.10107095047
392018,392523,394029,505,1506,5,14400,1.33532536521
392080,393020,394519,940,1499,5,14400,1.62708472315
392423,392429,393461,6,1032,1,900,1.00581395349
392525,393416,394907,891,1491,5,14400,1.59758551308
393020,393307,394764,287,1457,5,14400,1.19698009609
393309,393520,394989,211,1469,5,14400,1.14363512594
393413,393580,395078,167,1498,5,14400,1.11148197597
393489,393495,394497,6,1002,1,900,1.00598802395
393517,394040,395527,523,1487,5,14400,1.35171486214
393579,394534,395993,955,1459,5,14400,1.65455791638
393892,393898,393914,6,16,2,900,1.375
394043,394779,396205,736,1426,5,14400,1.51612903226
394081,394090,394283,9,193,1,3540,1.04663212435
394226,394232,394233,6,1,4,3000,1.0
394256,394262,401009,6,6747,2,28800,1.00088928413
394381,394388,395470,7,1082,1,3540,1.00646950092
394449,394455,394599,6,144,1,3540,1.04166666667
394475,394482,408202,7,13720,2,28800,1.00051020408
394485,394491,394695,6,204,1,3540,1.02941176471
394486,394497,394498,11,1,4,3000,1.2
394521,394527,394749,6,222,1,3540,1.02702702703
394538,394919,396358,381,1439,5,14400,1.26476719944
394590,394596,394789,6,193,1,3540,1.0310880829
394626,394632,394855,6,223,1,3540,1.0269058296
394661,394667,395038,6,371,1,3540,1.01617250674
394697,394703,395096,6,393,1,3540,1.01526717557
394732,394738,395104,6,366,1,3540,1.01639344262
394767,394773,395157,6,384,1,3540,1.015625
394775,395000,396475,225,1475,5,14400,1.15254237288
394843,394849,394870,6,21,2,900,1.28571428571
394845,394855,395128,10,273,1,3540,1.03663003663
394920,395089,396564,169,1475,5,14400,1.11457627119
394934,394940,397983,6,3043,4,3000,1.00197173842
394941,394948,397596,7,2648,20,7199,1.00264350453
394957,394963,395178,6,215,1,3540,1.02790697674
395003,395538,397053,535,1515,5,14400,1.35313531353
395086,396004,397446,918,1442,5,14400,1.63661581137
395150,395158,395289,8,131,1,3540,1.06106870229
395188,395194,395290,6,96,1,3540,1.0625
395434,395440,395459,6,19,2,900,1.31578947368
395539,396216,397660,677,1444,5,14400,1.4688365651
395613,395619,413985,6,18366,2,28800,1.00032669062
395746,395752,396085,6,333,2,144000,1.01801801802
395802,395809,395824,7,15,2,600,1.46666666667
395872,395878,396336,6,458,2,144000,1.01310043668
396004,396369,397869,365,1500,5,14400,1.24333333333
396163,396169,396180,6,11,2,600,1.54545454545
396221,396486,398082,265,1596,5,14400,1.16604010025
396366,396575,398008,209,1433,5,14400,1.1458478716
396490,397065,398590,575,1525,5,14400,1.37704918033
396572,397458,410354,886,12896,5,16200,1.06870347395
396624,396630,396640,6,10,2,600,1.6
396719,396725,396916,6,191,1,3540,1.03141361257
396749,396755,397832,6,1077,1,3540,1.00557103064
396771,396777,396918,6,141,1,3540,1.04255319149
396790,396796,396999,6,203,1,3540,1.02955665025
396808,396814,397033,6,219,1,3540,1.02739726027
396829,396835,397025,6,190,1,3540,1.03157894737
396847,396853,397081,6,228,1,3540,1.02631578947
396866,396872,397247,6,375,1,3540,1.016
396886,396892,397288,6,396,1,3540,1.01515151515
396904,396910,397279,6,369,1,3540,1.0162601626
396922,396928,397316,6,388,1,3540,1.01546391753
396943,396949,397218,6,269,1,3540,1.02230483271
397040,397046,397257,6,211,1,3540,1.02843601896
397067,397671,409971,604,12300,5,16200,1.04910569106
397118,397124,397253,6,129,1,3540,1.04651162791
397137,397143,397238,6,95,1,3540,1.06315789474
397459,397880,410569,421,12689,5,16200,1.03317834345
397676,398093,411620,417,13527,5,16200,1.03082723442
397738,397745,398448,7,703,4,18000,1.00995732575
397883,398020,409838,137,11818,5,16200,1.01159248604
398018,398650,407852,632,9202,5,16200,1.06868072158
398090,407863,421724,9773,13861,5,16200,1.70507178414
398553,398565,398669,12,104,1,7200,1.11538461538
398553,398559,398561,6,2,1,7200,1.0
398554,398576,399084,22,508,1,7200,1.04330708661
398554,398582,398880,28,298,1,7200,1.09395973154
398554,398570,398571,16,1,1,7200,1.7
398555,398598,399223,43,625,1,7200,1.0688
398555,398593,398594,38,1,1,7200,3.9
398555,398587,398610,32,23,1,7200,2.39130434783
398556,398610,401358,54,2748,1,7200,1.01965065502
398556,398615,405855,59,7240,1,7200,1.00814917127
398556,398604,399513,48,909,1,7200,1.05280528053
398556,398621,398622,65,1,1,7200,6.6
398557,398632,398634,75,2,1,7200,7.7
398557,398626,401698,69,3072,1,7200,1.0224609375
398557,398638,398641,81,3,1,7200,8.4
398558,398694,398696,136,2,1,7200,13.8
398558,398643,404848,85,6205,1,7200,1.01369863014
398558,398684,398698,126,14,1,7200,10.0
398559,398701,398702,142,1,1,7200,14.3
398559,398714,405929,155,7215,1,7200,1.02148302148
398560,398719,400185,159,1466,1,7200,1.10845839018
398560,398726,398727,166,1,1,7200,16.7
398561,398738,398804,177,66,1,7200,3.68181818182
398561,398743,398768,182,25,1,7200,8.28
398561,398732,405957,171,7225,1,7200,1.02366782007
398562,398781,398782,219,1,1,7200,22.0
398562,398794,398798,232,4,1,7200,23.6
398562,398816,398820,254,4,1,7200,25.8
398562,398809,399386,247,577,1,7200,1.4280762565
398563,398904,398905,341,1,1,7200,34.2
398563,398891,398893,328,2,1,7200,33.0
398563,398831,399853,268,1022,1,7200,1.26223091977
398564,398929,399065,365,136,1,7200,3.68382352941
398564,399077,399079,513,2,1,7200,51.5
398564,398916,398917,352,1,1,7200,35.3
398565,399096,402087,531,2991,1,7200,1.17753259779
398565,399235,399254,670,19,1,7200,36.2631578947
398565,399090,399413,525,323,1,7200,2.6253869969
398566,399266,399267,700,1,1,7200,70.1
398567,399302,401182,735,1880,1,7200,1.39095744681
398567,399410,400794,843,1384,1,7200,1.60910404624
398567,399397,399399,830,2,1,7200,83.2
398568,399525,399527,957,2,1,7200,95.9
398568,399539,400147,971,608,1,7200,2.59703947368
398568,399425,406639,857,7214,1,7200,1.11879678403
398569,400038,400039,1469,1,1,7200,147.0
398569,399866,400026,1297,160,1,7200,9.10625
398569,400051,400197,1482,146,1,7200,11.1506849315
398570,400159,400173,1589,14,1,7200,114.5
398570,400150,400163,1580,13,1,7200,122.538461538
398570,400104,400138,1534,34,1,7200,46.1176470588
398571,398666,402081,95,3415,1,7200,1.02781844802
398571,398661,400093,90,1432,1,7200,1.06284916201
398571,398655,398657,84,2,1,7200,8.6
398572,398672,398705,100,33,1,7200,4.0303030303
398572,398677,398716,105,39,1,7200,3.69230769231
398573,400184,401608,1611,1424,1,7200,2.13132022472
398573,400199,400200,1626,1,1,7200,162.7
398573,400192,400232,1619,40,1,7200,41.475
398573,400209,400210,1636,1,1,7200,163.7
398574,400235,407476,1661,7241,1,7200,1.22938820605
398574,400215,400231,1641,16,1,7200,103.5625
398574,400222,400223,1648,1,1,7200,164.9
398575,400250,400390,1675,140,1,7200,12.9642857143
398575,400242,400846,1667,604,1,7200,3.75993377483
398575,400402,407621,1827,7219,1,7200,1.25308214434
398576,400858,400860,2282,2,1,7200,228.4
398576,401194,401291,2618,97,1,7200,27.9896907216
398576,400807,408032,2231,7225,1,7200,1.30878892734
398576,400873,402131,2297,1258,1,7200,2.82591414944
398577,401370,408583,2793,7213,1,7200,1.38721752392
398577,401303,401742,2726,439,1,7200,7.20956719818
398578,401620,407911,3042,6291,1,7200,1.48354792561
398578,401711,401890,3133,179,1,7200,18.5027932961
398578,401755,401757,3177,2,1,7200,317.9
398579,401916,402442,3337,526,1,7200,7.34410646388
398579,402093,405649,3514,3556,1,7200,1.98818897638
398579,401902,401904,3323,2,1,7200,332.5
398579,401768,408980,3189,7212,1,7200,1.4421797005
398580,402099,402259,3519,160,1,7200,22.99375
398580,402143,402218,3563,75,1,7200,48.5066666667
398580,402229,402231,3649,2,1,7200,365.1
398581,402242,402382,3661,140,1,7200,27.15
398581,402271,402740,3690,469,1,7200,8.86780383795
398581,402394,409617,3813,7223,1,7200,1.52789699571
398582,402454,402456,3872,2,1,7200,387.4
398582,402752,403752,4170,1000,1,7200,5.17
398582,402467,405693,3885,3226,1,7200,2.20427774334
398583,403779,410989,5196,7210,1,7200,1.72066574202
398583,409663,409666,11080,3,1,7200,1108.3
398583,403763,403766,5180,3,1,7200,518.3
398584,409678,409679,11094,1,1,7200,1109.5
398584,416778,416780,18194,2,1,7200,1819.6
398585,416794,416840,18209,46,1,7200,396.847826087
398585,416783,416784,18198,1,1,7200,1819.9
398585,416789,416852,18204,63,1,7200,289.952380952
398586,416800,418011,18214,1211,1,7200,16.0404624277
398586,416805,417424,18219,619,1,7200,30.4329563813
398586,416810,416832,18224,22,1,7200,829.363636364
398587,416840,417527,18253,687,1,7200,27.5691411936
398587,416816,416894,18229,78,1,7200,234.705128205
398587,416821,416822,18234,1,1,7200,1823.5
398587,416827,421925,18240,5098,1,7200,4.57787367595
398588,416859,416957,18271,98,1,7200,187.43877551
398588,416845,416853,18257,8,1,7200,1826.5
398589,416877,416878,18288,1,1,7200,1828.9
398589,416864,424076,18275,7212,1,7200,3.53397115918
398589,416872,419150,18283,2278,1,7200,9.0258999122
398590,416906,416907,18316,1,1,7200,1831.7
398590,416890,417030,18300,140,1,7200,131.714285714
398590,416883,417030,18293,147,1,7200,125.442176871
398591,416919,416942,18328,23,1,7200,797.869565217
398591,416954,416956,18363,2,1,7200,1836.5
398591,416974,416976,18383,2,1,7200,1838.5
398591,416967,417122,18376,155,1,7200,119.55483871
398592,417011,418505,18419,1494,1,7200,13.328647925
398592,416987,416988,18395,1,1,7200,1839.6
398593,417054,417055,18461,1,1,7200,1846.2
398593,417042,417043,18449,1,1,7200,1845.0
398593,417047,417178,18454,131,1,7200,141.870229008
398595,417102,417103,18507,1,1,7200,1850.8
398595,417134,417204,18539,70,1,7200,265.842857143
398596,417140,417141,18544,1,1,7200,1854.5
398596,417152,417153,18556,1,1,7200,1855.7
398596,417164,417165,18568,1,1,7200,1856.9
398597,417205,417358,18608,153,1,7200,122.620915033
398597,417197,418109,18600,912,1,7200,21.3947368421
398597,417176,417177,18579,1,1,7200,1858.0
398598,417369,417378,18771,9,1,7200,1878.0
398598,417350,417439,18752,89,1,7200,211.696629213
398598,417217,417338,18619,121,1,7200,154.876033058
398599,417414,417881,18815,467,1,7200,41.2890792291
398599,417438,417858,18839,420,1,7200,45.8547619048
398599,417390,417403,18791,13,1,7200,1446.46153846
398600,417539,417772,18939,233,1,7200,82.2832618026
398600,417450,417644,18850,194,1,7200,98.1649484536
398600,417656,417946,19056,290,1,7200,66.7103448276
398601,417784,417876,19183,92,1,7200,209.510869565
398601,417886,417973,19285,87,1,7200,222.666666667
398601,417870,417874,19269,4,1,7200,1927.3
398602,417900,417956,19298,56,1,7200,345.607142857
398602,417957,417959,19355,2,1,7200,1935.7
398602,417924,418104,19322,180,1,7200,108.344444444
398602,417895,417913,19293,18,1,7200,1072.83333333
398603,417975,417976,19372,1,1,7200,1937.3
398603,417968,418004,19365,36,1,7200,538.916666667
398603,417984,418377,19381,393,1,7200,50.3155216285
398604,417992,425210,19388,7218,1,7200,3.68606262122
398604,418015,419658,19411,1643,1,7200,12.8143639684
398605,418023,420979,19418,2956,1,7200,7.56901217862
398605,418116,418185,19511,69,1,7200,283.768115942
398605,418123,418602,19518,479,1,7200,41.7473903967
398606,418518,418519,19912,1,1,7200,1991.3
398606,418388,419124,19782,736,1,7200,27.8777173913
398606,418197,418916,19591,719,1,7200,28.247566064
398607,418530,418531,19923,1,1,7200,1992.4
398607,418542,418543,19935,1,1,7200,1993.6
398607,418554,418555,19947,1,1,7200,1994.8
398608,418567,418867,19959,300,1,7200,67.53
398608,418613,419191,20005,578,1,7200,35.6107266436
398608,418879,418978,20271,99,1,7200,205.757575758
398609,418989,422408,20380,3419,1,7200,6.96080725358
398609,419077,421177,20468,2100,1,7200,10.7466666667
398609,418928,419064,20319,136,1,7200,150.404411765
398610,419161,419459,20551,298,1,7200,69.9630872483
398610,419136,426370,20526,7234,1,7200,3.83743433785
398611,419202,419323,20591,121,1,7200,171.173553719
398611,419335,419343,20724,8,1,7200,2073.2
398611,419359,419379,20748,20,1,7200,1038.4
398612,419472,419475,20860,3,1,7200,2086.3
398612,419391,419567,20779,176,1,7200,119.0625
398612,419488,419667,20876,179,1,7200,117.625698324
398613,419686,426890,21073,7204,1,7200,3.9251804553
398613,419578,419664,20965,86,1,7200,244.779069767
398613,419678,419723,21065,45,1,7200,469.111111111
398613,419671,419966,21058,295,1,7200,72.3830508475
398614,420003,420686,21389,683,1,7200,32.3162518302
398614,419977,419991,21363,14,1,7200,1526.92857143
398614,419735,420864,21121,1129,1,7200,19.7077059345
398615,420876,421069,22261,193,1,7200,116.341968912
398615,420802,428014,22187,7212,1,7200,4.0764004437
398615,420698,420791,22083,93,1,7200,238.451612903
398616,420992,421009,22376,17,1,7200,1317.23529412
398616,421069,421191,22453,122,1,7200,185.040983607
398616,421021,421057,22405,36,1,7200,623.361111111
398617,421082,421217,22465,135,1,7200,167.407407407
398617,421204,421258,22587,54,1,7200,419.277777778
398617,421189,421196,22572,7,1,7200,2257.9
398618,421229,421310,22611,81,1,7200,280.148148148
398618,421210,421556,22592,346,1,7200,66.2947976879
398618,421270,421652,22652,382,1,7200,60.2984293194
398619,421321,421652,22702,331,1,7200,69.586102719
398619,421569,421678,22950,109,1,7200,211.550458716
398619,421669,421686,23050,17,1,7200,1356.88235294
398619,421663,421708,23044,45,1,7200,513.088888889
398620,421697,421877,23077,180,1,7200,129.205555556
398620,421689,422835,23069,1146,1,7200,21.130017452
398620,421720,422540,23100,820,1,7200,29.1707317073
398621,421923,422359,23302,436,1,7200,54.4449541284
398621,421888,421912,23267,24,1,7200,970.458333333
398621,421938,422076,23317,138,1,7200,169.963768116
398622,422186,422188,23564,2,1,7200,2356.6
398622,422087,422174,23465,87,1,7200,270.712643678
398624,422247,422248,23623,1,1,7200,2362.4
398624,422259,422260,23635,1,1,7200,2363.6
398625,422319,422320,23694,1,1,7200,2369.5
398625,422295,422296,23670,1,1,7200,2367.1
398626,422356,422361,23730,5,1,7200,2373.5
398627,422372,422425,23745,53,1,7200,449.018867925
398627,422379,422406,23752,27,1,7200,880.703703704
398628,422425,422446,23797,21,1,7200,1134.19047619
398628,422417,422485,23789,68,1,7200,350.838235294
398628,422438,426108,23810,3670,1,7200,7.48773841962
398629,422551,422578,23922,27,1,7200,887.0
398629,422458,422784,23829,326,1,7200,74.0950920245
398629,422496,423053,23867,557,1,7200,43.8491921005
398630,422589,425826,23959,3237,1,7200,8.4016064257
398630,422820,422828,24190,8,1,7200,2419.8
398630,422795,422809,24165,14,1,7200,1727.07142857
398631,423065,423253,24434,188,1,7200,130.968085106
398631,422998,423336,24367,338,1,7200,73.0917159763
398631,422847,422986,24216,139,1,7200,175.215827338
398631,422839,430080,24208,7241,1,7200,4.34318464301
398632,423347,423400,24715,53,1,7200,467.320754717
398632,423266,425068,24634,1802,1,7200,14.6703662597
398633,423621,427063,24988,3442,1,7200,8.25973271354
398633,423601,423609,24968,8,1,7200,2497.6
398633,423411,423589,24778,178,1,7200,140.202247191
398634,427118,434327,28484,7209,1,7200,4.95117214593
398634,427075,427085,28441,10,1,7200,2845.1
398634,427098,427106,28464,8,1,7200,2847.2
398635,430275,430526,31640,251,1,7200,127.055776892
398635,430270,430286,31635,16,1,7200,1978.1875
398635,430091,430656,31456,565,1,7200,56.6743362832
398635,430280,430408,31645,128,1,7200,248.2265625
398636,430291,431522,31655,1231,1,7200,26.7148659626
398636,430286,430295,31650,9,1,7200,3165.9
398636,430297,430344,31661,47,1,7200,674.638297872
398637,430302,430547,31665,245,1,7200,130.244897959
398637,430307,430473,31670,166,1,7200,191.78313253
398637,430320,430503,31683,183,1,7200,174.131147541
398638,430356,431470,31718,1114,1,7200,29.4721723519
398638,430325,430328,31687,3,1,7200,3169.0
398638,430340,430524,31702,184,1,7200,173.293478261
398639,430485,430537,31846,52,1,7200,613.423076923
398639,430419,430423,31780,4,1,7200,3178.4
398639,430435,431601,31796,1166,1,7200,28.269296741
398640,430537,430539,31897,2,1,7200,3189.9
398640,430514,430544,31874,30,1,7200,1063.46666667
398640,430551,430729,31911,178,1,7200,180.275280899
398640,430544,430558,31904,14,1,7200,2279.85714286
398641,430570,430642,31929,72,1,7200,444.458333333
398641,430557,430604,31916,47,1,7200,680.063829787
398641,430564,430602,31923,38,1,7200,841.078947368
398642,430614,430620,31972,6,1,7200,3197.8
398642,430623,430631,31981,8,1,7200,3198.9
398642,430577,432198,31935,1621,1,7200,20.7008019741
398643,430643,430670,32000,27,1,7200,1186.18518519
398643,430632,430963,31989,331,1,7200,97.6435045317
398643,430654,430688,32011,34,1,7200,942.5
398644,430699,430939,32055,240,1,7200,134.5625
398644,430682,430747,32038,65,1,7200,493.892307692
398644,430667,432290,32023,1623,1,7200,20.730745533
398645,430834,430845,32189,11,1,7200,2927.27272727
398645,430742,437988,32097,7246,1,7200,5.42961634005
398645,430758,430822,32113,64,1,7200,502.765625
398646,430951,431128,32305,177,1,7200,183.514124294
398646,430881,431337,32235,456,1,7200,71.6907894737
398646,430856,430869,32210,13,1,7200,2478.69230769
398647,431140,431166,32493,26,1,7200,1250.73076923
398647,431179,431210,32532,31,1,7200,1050.41935484
398647,430976,438215,32329,7239,1,7200,5.46594833541
398648,431278,431800,32630,522,1,7200,63.5095785441
398648,431349,431509,32701,160,1,7200,205.38125
398648,431222,431267,32574,45,1,7200,724.866666667
398648,409849,417560,11201,7711,5,16200,2.45260018156
398648,431483,438714,32835,7231,1,7200,5.54086571705
398649,431521,431532,32872,11,1,7200,2989.36363636
398649,431551,431570,32902,19,1,7200,1732.68421053
398649,431534,431688,32885,154,1,7200,214.538961039
398650,431607,431617,32957,10,1,7200,3296.7
398650,431581,431594,32931,13,1,7200,2534.15384615
398651,431614,432068,32963,454,1,7200,73.6057268722
398651,431630,431790,32979,160,1,7200,207.11875
398651,431699,431736,33048,37,1,7200,894.189189189
398651,431748,431817,33097,69,1,7200,480.666666667
398652,431811,431865,33159,54,1,7200,615.055555556
398652,431802,431935,33150,133,1,7200,250.248120301
398652,431828,432044,33176,216,1,7200,154.592592593
398653,431948,432005,33295,57,1,7200,585.122807018
398653,432016,432136,33363,120,1,7200,279.025
398653,431876,432250,33223,374,1,7200,89.8315508021
398654,432080,432107,33426,27,1,7200,1239.0
398654,432055,432102,33401,47,1,7200,711.659574468
398654,432114,432133,33460,19,1,7200,1762.05263158
398655,432126,432131,33471,5,1,7200,3347.6
398655,432143,432152,33488,9,1,7200,3349.7
398655,432151,432158,33496,7,1,7200,3350.3
398656,432163,439409,33507,7246,1,7200,5.62420645874
398656,432156,432189,33500,33,1,7200,1016.15151515
398656,432170,432196,33514,26,1,7200,1290.0
398657,432208,432541,33551,333,1,7200,101.753753754
398657,432216,432224,33559,8,1,7200,3356.7
398657,432200,432209,33543,9,1,7200,3355.2
398658,432236,432416,33578,180,1,7200,187.544444444
398658,432224,432242,33566,18,1,7200,1865.77777778
398658,432253,432320,33595,67,1,7200,502.417910448
398659,432301,432798,33642,497,1,7200,68.6901408451
398659,432261,432333,33602,72,1,7200,467.694444444
398659,432331,432757,33672,426,1,7200,80.0422535211
398660,432345,439559,33685,7214,1,7200,5.66939284724
398660,432427,432436,33767,9,1,7200,3377.6
398660,432448,432452,33788,4,1,7200,3379.2
398661,432533,432714,33872,181,1,7200,188.138121547
398661,432465,432522,33804,57,1,7200,594.052631579
398662,432591,432633,33929,42,1,7200,808.833333333
398662,432645,433056,33983,411,1,7200,83.6836982968
398662,432569,432578,33907,9,1,7200,3391.6
398662,432554,432557,33892,3,1,7200,3389.5
398663,432769,432898,34106,129,1,7200,265.387596899
398663,432726,432745,34063,19,1,7200,1793.78947368
398663,432757,432801,34094,44,1,7200,775.863636364
398664,432810,432839,34146,29,1,7200,1178.44827586
398664,432818,432975,34154,157,1,7200,218.541401274
398664,432850,433038,34186,188,1,7200,182.840425532
398665,432982,433234,34317,252,1,7200,137.178571429
398665,433049,433060,34384,11,1,7200,3126.81818182
398665,432909,432971,34244,62,1,7200,553.322580645
398665,432990,433358,34325,368,1,7200,94.2744565217
398666,433068,433073,34402,5,1,7200,3440.7
398666,433075,440300,34409,7225,1,7200,5.76249134948
398667,433085,433145,34418,60,1,7200,574.633333333
398667,433246,433249,34579,3,1,7200,3458.2
398667,433156,433670,34489,514,1,7200,68.0992217899
398668,433261,433280,34593,19,1,7200,1821.68421053
398668,433315,433751,34647,436,1,7200,80.4655963303
398668,433291,433304,34623,13,1,7200,2664.30769231
398668,433369,433371,34701,2,1,7200,3470.3
398669,433411,433636,34742,225,1,7200,155.408888889
398669,433383,433399,34714,16,1,7200,2170.625
398669,433647,433649,34978,2,1,7200,3498.0
398670,433673,433797,35003,124,1,7200,283.282258065
398670,433660,433661,34990,1,1,7200,3499.1
398670,433682,433683,35012,1,1,7200,3501.3
398671,433695,433696,35024,1,1,7200,3502.5
398671,433707,433871,35036,164,1,7200,214.634146341
398671,433763,433764,35092,1,1,7200,3509.3
398672,433803,435265,35131,1462,1,7200,25.0294117647
398672,433787,433791,35115,4,1,7200,3511.9
398673,433824,433825,35151,1,1,7200,3515.2
398673,433811,433812,35138,1,1,7200,3513.9
398674,433883,433904,35209,21,1,7200,1677.61904762
398674,433916,433917,35242,1,1,7200,3524.3
398674,433848,441094,35174,7246,1,7200,5.85426442175
398675,433940,433941,35265,1,1,7200,3526.6
398675,433953,433999,35278,46,1,7200,767.913043478
398675,434011,434060,35336,49,1,7200,722.142857143
398676,434072,434073,35396,1,1,7200,3539.7
398676,434084,434104,35408,20,1,7200,1771.4
398676,434116,434117,35440,1,1,7200,3544.1
398677,434155,434197,35478,42,1,7200,845.714285714
398678,434338,434342,35660,4,1,7200,3566.4
398678,434223,434390,35545,167,1,7200,213.844311377
398678,434209,434212,35531,3,1,7200,3553.4
398679,434366,434367,35687,1,1,7200,3568.8
398679,434354,434355,35675,1,1,7200,3567.6
398679,434378,434571,35699,193,1,7200,185.968911917
398680,434415,434461,35735,46,1,7200,777.847826087
398680,434485,434488,35805,3,1,7200,3580.8
398680,434472,434474,35792,2,1,7200,3579.4
398680,434402,434404,35722,2,1,7200,3572.4
398681,434584,434613,35903,29,1,7200,1239.03448276
398681,434512,434858,35831,346,1,7200,104.557803468
398681,434500,434501,35819,1,1,7200,3582.0
398682,434637,434647,35955,10,1,7200,3596.5
398682,434660,434661,35978,1,1,7200,3597.9
398682,434624,434626,35942,2,1,7200,3594.4
398683,434870,434872,36187,2,1,7200,3618.9
398683,434883,434889,36200,6,1,7200,3620.6
398683,434688,441933,36005,7245,1,7200,5.9696342305
398683,434673,434676,35990,3,1,7200,3599.3
398684,434923,434925,36239,2,1,7200,3624.1
398684,434901,434912,36217,11,1,7200,3293.45454545
398685,435276,435612,36591,336,1,7200,109.901785714
398685,435623,435625,36938,2,1,7200,3694.0
398685,434936,442176,36251,7240,1,7200,6.0070441989
398686,435648,435668,36962,20,1,7200,1849.1
398686,435689,435693,37003,4,1,7200,3700.7
398686,435717,435853,37031,136,1,7200,273.286764706
398687,435865,435867,37178,2,1,7200,3718.0
398687,435881,435886,37194,5,1,7200,3719.9
398687,435898,435913,37211,15,1,7200,2481.73333333
398688,435981,436008,37293,27,1,7200,1382.22222222
398688,435925,435968,37237,43,1,7200,866.976744186
398688,436019,436050,37331,31,1,7200,1205.22580645
398689,436062,436064,37373,2,1,7200,3737.5
398689,436087,436088,37398,1,1,7200,3739.9
398690,436099,443322,37409,7223,1,7200,6.1791499377
398690,436545,436546,37855,1,1,7200,3785.6
398690,436558,443761,37868,7203,1,7200,6.25725392198
398691,436664,436834,37973,170,1,7200,224.370588235
398691,436702,439121,38011,2419,1,7200,16.7135179826
398692,436756,436757,38064,1,1,7200,3806.5
398692,436735,438105,38043,1370,1,7200,28.7686131387
398693,436768,436772,38075,4,1,7200,3807.9
398693,436783,436784,38090,1,1,7200,3809.1
398693,436795,436796,38102,1,1,7200,3810.3
398694,436845,437013,38151,168,1,7200,228.089285714
398694,436807,436808,38113,1,1,7200,3811.4
398694,436819,436874,38125,55,1,7200,694.181818182
398695,436911,436912,38216,1,1,7200,3821.7
398695,436923,436924,38228,1,1,7200,3822.9
398695,436885,436899,38190,14,1,7200,2728.85714286
398696,437009,437011,38313,2,1,7200,3831.5
398696,436936,436998,38240,62,1,7200,617.774193548
398696,437022,437023,38326,1,1,7200,3832.7
398697,437036,437038,38339,2,1,7200,3834.1
398697,437042,437046,38345,4,1,7200,3834.9
398697,437029,437030,38332,1,1,7200,3833.3
398698,437063,437091,38365,28,1,7200,1371.17857143
398698,437057,437071,38359,14,1,7200,2740.92857143
398698,437050,437051,38352,1,1,7200,3835.3
398699,437103,437105,38404,2,1,7200,3840.6
398699,437095,437096,38396,1,1,7200,3839.7
398699,437082,437084,38383,2,1,7200,3838.5
398700,437125,444335,38425,7210,1,7200,6.3294036061
398700,437110,437114,38410,4,1,7200,3841.4
398700,437116,440436,38416,3320,1,7200,12.5710843373
398700,437999,438013,39299,14,1,7200,2808.07142857
398701,438049,438066,39348,17,1,7200,2315.58823529
398701,438078,438079,39377,1,1,7200,3937.8
398701,438025,438038,39324,13,1,7200,3025.92307692
398702,438090,438091,39388,1,1,7200,3938.9
398702,438102,438103,39400,1,1,7200,3940.1
398703,438114,442515,39411,4401,1,7200,9.95501022495
398703,438121,438123,39418,2,1,7200,3942.0
398703,438135,438136,39432,1,1,7200,3943.3
398704,438160,438161,39456,1,1,7200,3945.7
398704,438172,438198,39468,26,1,7200,1519.0
398704,438147,438148,39443,1,1,7200,3944.4
398705,438209,438212,39504,3,1,7200,3950.7
398705,438223,438236,39518,13,1,7200,3040.84615385
398705,438229,438231,39524,2,1,7200,3952.6
398706,438262,439493,39556,1231,1,7200,33.1332250203
398706,438248,438250,39542,2,1,7200,3954.4
398706,438242,438363,39536,121,1,7200,327.743801653
398707,438374,438377,39667,3,1,7200,3967.0
398707,438388,439108,39681,720,1,7200,56.1125
398707,438725,438823,40018,98,1,7200,409.346938776
398708,439133,439137,40425,4,1,7200,4042.9
398708,439120,439122,40412,2,1,7200,4041.4
398708,438835,439182,40127,347,1,7200,116.639769452
398709,439148,439149,40439,1,1,7200,4044.0
398709,439138,440790,40429,1652,1,7200,25.4727602906
398709,439160,439161,40451,1,1,7200,4045.2
398710,439172,439173,40462,1,1,7200,4046.3
398710,439184,439204,40474,20,1,7200,2024.7
398710,439193,440977,40483,1784,1,7200,23.692264574
398711,439263,439264,40552,1,1,7200,4055.3
398711,439215,439251,40504,36,1,7200,1126.11111111
398711,439276,440461,40565,1185,1,7200,35.2320675105
398712,439540,439544,40828,4,1,7200,4083.2
398712,439505,440125,40793,620,1,7200,66.7951612903
398712,439420,439528,40708,108,1,7200,377.925925926
398713,439600,439794,40887,194,1,7200,211.757731959
398713,439574,446804,40861,7230,1,7200,6.65159059474
398713,439567,439589,40854,22,1,7200,1858.0
398713,439555,439556,40842,1,1,7200,4084.3
398714,439806,439807,41092,1,1,7200,4109.3
398715,439832,440201,41117,369,1,7200,112.428184282
398715,440213,440224,41498,11,1,7200,3773.54545455
398715,440137,440574,41422,437,1,7200,95.7871853547
398716,440311,440314,41595,3,1,7200,4159.8
398716,440325,440328,41609,3,1,7200,4161.2
398716,440235,441569,41519,1334,1,7200,32.1236881559
398717,440447,440984,41730,537,1,7200,78.7094972067
398717,440472,440474,41755,2,1,7200,4175.7
398717,440340,441475,41623,1135,1,7200,37.672246696
398718,440585,440589,41867,4,1,7200,4187.1
398718,440600,440660,41882,60,1,7200,699.033333333
398718,440485,440529,41767,44,1,7200,950.25
398718,440541,447763,41823,7222,1,7200,6.79105510939
398719,440671,440948,41952,277,1,7200,152.451263538
398719,440802,441378,42083,576,1,7200,74.0607638889
398719,440959,441821,42240,862,1,7200,50.0023201856
398720,440988,440989,42268,1,1,7200,4226.9
398720,441003,441004,42283,1,1,7200,4228.4
398720,440997,441006,42277,9,1,7200,4228.6
398721,441022,441099,42301,77,1,7200,550.363636364
398721,441016,443419,42295,2403,1,7200,18.6009155223
398722,441130,441132,42408,2,1,7200,4241.0
398722,441112,441113,42390,1,1,7200,4239.1
398722,441105,441111,42383,6,1,7200,4238.9
398722,441123,441190,42401,67,1,7200,633.850746269
398723,441157,441390,42434,233,1,7200,183.120171674
398723,441201,441203,42478,2,1,7200,4248.0
398724,441215,441336,42491,121,1,7200,352.165289256
398724,441371,441572,42647,201,1,7200,213.174129353
398724,441347,441359,42623,12,1,7200,3552.91666667
398725,441402,441485,42677,83,1,7200,515.180722892
398725,441390,441391,42665,1,1,7200,4266.6
398725,441618,448835,42893,7217,1,7200,6.94332825274
398725,442129,442280,43404,151,1,7200,288.443708609
398726,441408,441471,42682,63,1,7200,678.492063492
398726,442187,442251,43461,64,1,7200,680.078125
398727,441502,441552,42775,50,1,7200,856.5
398727,441497,444330,42770,2833,1,7200,16.0970702436
398727,441489,442953,42762,1464,1,7200,30.2090163934
398727,441483,441485,42756,2,1,7200,4275.8
398728,441563,441565,42835,2,1,7200,4283.7
398728,441583,441606,42855,23,1,7200,1864.26086957
398728,441577,441591,42849,14,1,7200,3061.64285714
398729,441589,441590,42860,1,1,7200,4286.1
398729,441602,441634,42873,32,1,7200,1340.78125
398729,441607,448853,42878,7246,1,7200,6.91747170853
398730,441832,441834,43102,2,1,7200,4310.4
398730,441645,441944,42915,299,1,7200,144.528428094
398730,442210,442214,43480,4,1,7200,4348.4
398731,441845,441846,43114,1,1,7200,4311.5
398731,441956,442108,43225,152,1,7200,285.375
398731,441857,449078,43126,7221,1,7200,6.97230300512
398731,441945,442040,43214,95,1,7200,455.884210526
398732,442076,442079,43344,3,1,7200,4334.7
398732,442064,442065,43332,1,1,7200,4333.3
398732,442051,442053,43319,2,1,7200,4332.1
398733,442121,442198,43388,77,1,7200,564.480519481
398733,442090,442091,43357,1,1,7200,4335.8
398733,442103,442117,43370,14,1,7200,3098.85714286
398734,442225,449444,43491,7219,1,7200,7.02451863139
398734,442277,442279,43543,2,1,7200,4354.5
398734,442262,442266,43528,4,1,7200,4353.2
398735,442734,442735,43999,1,1,7200,4400.0
398735,442978,442979,44243,1,1,7200,4424.4
398735,442617,442931,43882,314,1,7200,140.751592357
398736,442990,443484,44254,494,1,7200,90.5829959514
398736,443346,443347,44610,1,1,7200,4461.1
398736,443013,443026,44277,13,1,7200,3406.92307692
398737,442290,442494,43553,204,1,7200,214.495098039
398737,442311,442565,43574,254,1,7200,172.551181102
398737,442296,442299,43559,3,1,7200,4356.2
398738,442506,442568,43768,62,1,7200,706.935483871
398738,442527,443564,43789,1037,1,7200,43.2266152363
398739,442596,442606,43857,10,1,7200,4386.7
398739,442577,442585,43838,8,1,7200,4384.6
398739,442584,442663,43845,79,1,7200,556.0
398740,442674,442675,43934,1,1,7200,4393.5
398740,442686,442687,43946,1,1,7200,4394.7
398741,442710,442711,43969,1,1,7200,4397.0
398742,442779,442843,44037,64,1,7200,689.078125
398742,442855,450059,44113,7204,1,7200,7.12340366463
398742,442746,442768,44004,22,1,7200,2001.18181818
398743,442942,443002,44199,60,1,7200,737.65
398743,442964,442966,44221,2,1,7200,4422.3
398743,443527,444427,44784,900,1,7200,50.76
398744,443037,443042,44293,5,1,7200,4429.8
398744,443333,443334,44589,1,1,7200,4459.0
398744,443053,443855,44309,802,1,7200,56.2481296758
398745,443430,443432,44685,2,1,7200,4468.7
398745,443358,444234,44613,876,1,7200,51.9280821918
398746,443444,443450,44698,6,1,7200,4470.4
398746,443461,443516,44715,55,1,7200,814.0
398746,443496,443690,44750,194,1,7200,231.670103093
399665,399671,402157,6,2486,20,7199,1.00241351569
399839,399846,400626,7,780,2,3600,1.00897435897
400397,400409,400435,12,26,2,1800,1.46153846154
400679,400685,400700,6,15,2,1200,1.4
400756,400763,401669,7,906,2,25200,1.00772626932
401666,401673,423231,7,21558,2,25200,1.00032470545
401676,401682,402715,6,1033,1,900,1.00580832527
402624,402631,425465,7,22834,1,169200,1.00030656039
403740,403747,403749,7,2,8,28800,1.0
403801,403808,405079,7,1271,2,28800,1.00550747443
403857,403863,404870,6,1007,1,900,1.00595829196
403897,403903,405900,6,1997,8,28800,1.00300450676
404207,404224,405900,17,1676,8,28800,1.01014319809
404207,404218,405900,11,1682,8,28800,1.00653983353
404207,404213,405900,6,1687,8,28800,1.00355660937
404208,404241,405900,33,1659,8,28800,1.0198915009
404208,404235,405900,27,1665,8,28800,1.01621621622
404208,404230,405900,22,1670,8,28800,1.01317365269
404209,407948,407949,3739,1,8,28800,374.0
404209,407924,407936,3715,12,8,28800,310.583333333
404209,406813,435630,2604,28817,8,28800,1.0903633272
404414,405913,413129,1499,7216,20,7199,1.20773281596
404533,404539,405073,6,534,2,3600,1.01123595506
404732,405918,416736,1186,10818,20,10799,1.10963209466
404884,405924,416761,1040,10837,20,10799,1.09596751869
404986,404993,406000,7,1007,1,900,1.00695134062
405064,405071,406183,7,1112,1,3540,1.00629496403
405226,416832,419587,11606,2755,2,28800,5.21270417423
405545,435642,435643,30097,1,8,14400,3009.8
405908,405970,406006,62,36,2,1800,2.72222222222
405999,407960,407961,1961,1,8,28800,196.2
405999,407972,407974,1973,2,8,28800,197.5
406000,410959,439773,4959,28814,8,28800,1.17210383841
406000,407999,436825,1999,28826,8,28800,1.06934711719
406000,410965,439787,4965,28822,8,28800,1.17226424259
406001,415099,443914,9098,28815,8,28800,1.31573833073
406147,436837,436838,30690,1,8,14400,3069.1
406163,439779,439787,33616,8,8,14400,3362.4
406174,439793,439794,33619,1,8,14400,3362.0
406193,443920,443927,37727,7,8,14400,3773.4
406322,408214,408243,1892,29,2,1800,66.2413793103
406470,423244,424632,16774,1388,4,18000,13.0850144092
407101,408255,408276,1154,21,2,1200,55.9523809524
407862,410367,419340,2505,8973,5,16200,1.27917084587
408342,408349,409353,7,1004,1,900,1.00697211155
409242,430313,433617,21071,3304,2,144000,7.37742130751
409519,416748,445585,7229,28837,8,28800,1.250684884
409650,433628,442603,23978,8975,2,144000,3.67164345404
409750,416753,445555,7003,28802,8,28800,1.2431428373
409799,445562,445569,35763,7,8,14400,3577.0
409843,445591,445592,35748,1,8,14400,3574.9
409854,409983,423881,129,13898,5,16200,1.00928191107
409983,410581,419815,598,9234,5,16200,1.0647606671
410367,411631,419523,1264,7892,5,16200,1.16016218956
410582,419352,434781,8770,15429,5,16200,1.56841013676
411075,413140,493290,2065,80150,20,86399,1.02576419214
411094,414860,448714,3766,33854,20,86399,1.11124239381
411637,417571,425967,5934,8396,5,16200,1.70676512625
417569,419535,431109,1966,11574,5,16200,1.16986348713
418986,419599,419601,613,2,2,3540,61.5
419103,435655,460831,16552,25176,3,25140,1.65745154115
419352,419827,429605,475,9778,5,16200,1.0485784414
419532,421736,429119,2204,7383,5,16200,1.29852363538
419830,423892,434123,4062,10231,5,16200,1.39702863845
421735,425978,436148,4243,10170,5,16200,1.41720747296
423742,425325,454170,1583,28845,8,28800,1.05487952851
423825,454177,454183,30352,6,8,14400,3035.8
423894,429130,444172,5236,15042,5,16200,1.34809200904
423927,428087,456925,4160,28838,8,28800,1.14425410916
423989,428092,456937,4103,28845,8,28800,1.14224302305
424011,456943,456944,32932,1,8,14400,3293.3
425978,429617,441847,3639,12230,5,16200,1.29754701554
429132,434792,445378,5660,10586,5,16200,1.53466843
429616,431120,443875,1504,12755,5,16200,1.11791454332
429730,435661,435663,5931,2,1,240,593.3
430565,435666,435930,5101,264,1,3540,20.321969697
430974,435672,437778,4698,2106,1,3540,3.23076923077
431052,435677,435863,4625,186,1,3540,25.8655913978
431102,435683,435956,4581,273,1,3540,17.7802197802
431119,434135,445234,3016,11099,5,16200,1.27173619245
431151,435695,435987,4544,292,1,3540,16.5616438356
431224,435756,435997,4532,241,1,3540,19.8049792531
431273,435874,436176,4601,302,1,3540,16.2350993377
431323,435941,436437,4618,496,1,3540,10.310483871
431371,435967,436496,4596,529,1,3540,9.68809073724
431421,435998,436494,4577,496,1,3540,10.2278225806
431469,436009,436532,4540,523,1,3540,9.68068833652
431546,436187,436745,4641,558,1,3540,9.31720430108
431745,436449,436723,4704,274,1,3540,18.1678832117
432000,436505,436691,4505,186,1,3540,25.2204301075
432068,436512,436640,4444,128,1,3540,35.71875
432122,494362,550340,62240,55978,4,72000,2.11186537568
434133,436160,450097,2027,13937,5,16200,1.14544019516
434790,444183,459120,9393,14937,5,16200,1.62884113276
436166,441864,449851,5698,7987,5,16200,1.7134092901
440633,440639,444244,6,3605,1,3600,1.00166435506
441868,443886,455750,2018,11864,5,16200,1.17009440324
443891,445245,456581,1354,11336,5,16200,1.11944248412
444180,445390,453464,1210,8074,5,16200,1.14986376022
444234,444240,444249,6,9,1,1800,1.5
444360,444366,444477,6,111,1,3600,1.05405405405
444407,444413,444489,6,76,1,1800,1.07894736842
444620,444627,444881,7,254,1,3600,1.02755905512
444731,444737,444827,6,90,1,1800,1.06666666667
444886,444893,444976,7,83,1,1800,1.0843373494
444917,444923,445214,6,291,1,3600,1.0206185567
445242,450108,457569,4866,7461,5,16200,1.65219139526
445387,449862,459600,4475,9738,5,16200,1.4595399466
445645,445651,445666,6,15,1,1800,1.4
445720,445726,445732,6,6,1,3600,1.2
445831,445837,445878,6,41,1,1800,1.14634146341
445849,445855,445939,6,84,1,3600,1.07142857143
446083,446089,446336,6,247,1,3600,1.02429149798
446149,446155,446240,6,85,1,1800,1.07058823529
446302,446308,446389,6,81,1,1800,1.07407407407
446379,446385,446675,6,290,1,3600,1.02068965517
447176,447182,447191,6,9,1,3600,1.5
447307,447313,447423,6,110,1,3600,1.05454545455
447558,447564,447816,6,252,1,3600,1.02380952381
447851,447857,448150,6,293,1,3600,1.0204778157
448689,448695,448700,6,5,1,3600,1.1
448818,448824,448903,6,79,1,3600,1.07594936709
449041,449047,449286,6,239,1,3600,1.02510460251
449323,449329,449612,6,283,1,3600,1.02120141343
449867,453475,463500,3608,10025,5,16200,1.35990024938
450105,455761,463707,5656,7946,5,16200,1.7118046816
452695,452701,454605,6,1904,2,18000,1.0031512605
453472,457580,467674,4108,10094,5,16200,1.40697444026
454624,454630,463721,6,9091,2,18000,1.0006599934
455757,456592,464463,835,7871,5,16200,1.1060856308
456511,456517,456518,6,1,8,28800,1.0
456538,456545,456546,7,1,8,28800,1.0
456572,456578,456579,6,1,8,28800,1.0
456586,456597,456598,11,1,8,28800,1.2
456591,459131,474977,2540,15846,5,16200,1.16029281838
456604,456610,456611,6,1,8,28800,1.0
456611,456617,456622,6,5,8,28800,1.1
456619,456625,456626,6,1,8,28800,1.0
456633,456639,456640,6,1,8,28800,1.0
456829,456835,456836,6,1,8,28800,1.0
456851,456857,456858,6,1,8,28800,1.0
456857,456864,456865,7,1,8,28800,1.0
457026,457032,465485,6,8453,8,28800,1.00070980717
457078,457084,464793,6,7709,8,28800,1.00077831106
457085,457092,462960,7,5868,8,28800,1.0011929107
457091,457098,457100,7,2,8,28800,1.0
457110,457116,464945,6,7829,8,28800,1.0007663814
457126,457132,457135,6,3,8,28800,1.0
457134,457140,461186,6,4046,8,28800,1.00148294612
457139,457146,465741,7,8595,8,28800,1.00081442699
457145,457153,468115,8,10962,8,28800,1.00072979383
457151,457159,467685,8,10526,8,28800,1.0007600228
457451,457457,457461,6,4,8,28800,1.0
457580,459611,470090,2031,10479,5,16200,1.19381620384
457804,457810,466079,6,8269,8,10800,1.00072560164
457907,457913,465976,6,8063,8,10800,1.0007441399
459136,463512,477161,4376,13649,5,16200,1.32060956847
459613,463718,471955,4105,8237,5,16200,1.49836105378
462813,462820,474494,7,11674,8,36000,1.00059962309
463097,463109,465129,12,2020,1,7200,1.00594059406
463097,463103,463975,6,872,1,7200,1.00688073394
463098,463121,464089,23,968,1,7200,1.02376033058
463098,463114,468189,16,5075,1,7200,1.00315270936
463099,463126,465138,27,2012,1,7200,1.0134194831
463099,463137,463875,38,738,1,7200,1.05149051491
463099,463131,469700,32,6569,1,7200,1.0048713655
463100,463142,465020,42,1878,1,7200,1.02236421725
463100,463148,468031,48,4883,1,7200,1.00983002253
463100,463153,464026,53,873,1,7200,1.06071019473
463101,463170,463286,69,116,1,7200,1.59482758621
463101,463159,465043,58,1884,1,7200,1.03078556263
463101,463164,468756,63,5592,1,7200,1.01126609442
463102,463186,463616,84,430,1,7200,1.19534883721
463102,463175,463338,73,163,1,7200,1.44785276074
463102,463181,463367,79,186,1,7200,1.4247311828
463103,463192,465706,89,2514,1,7200,1.0354017502
463103,463197,463435,94,238,1,7200,1.39495798319
463103,463203,463793,100,590,1,7200,1.16949152542
463104,463208,467536,104,4328,1,7200,1.02402957486
463104,463219,470454,115,7235,1,7200,1.01589495508
463104,463214,470447,110,7233,1,7200,1.0152080741
463509,464474,472583,965,8109,5,16200,1.11900357627
463716,467685,481382,3969,13697,5,16200,1.28977148281
463749,463755,463765,6,10,2,18000,1.6
463777,463783,470705,6,6922,2,28800,1.0008668015
464285,464291,896304,6,432013,20,432000,1.00001388847
464479,471554,479651,7075,8097,5,16200,1.8737804125
464609,464615,473858,6,9243,20,10799,1.00064913989
464656,464805,475630,149,10825,20,10799,1.01376443418
464867,465497,475371,630,9874,20,10799,1.06380392951
464881,464956,465972,75,1016,2,18000,1.07381889764
465687,465752,509558,65,43806,4,432000,1.001483815
465993,465999,469681,6,3682,2,144000,1.00162954916
466009,466015,468898,6,2883,2,28800,1.00208116545
466057,466063,467549,6,1486,2,3600,1.00403768506
466269,466275,467339,6,1064,4,144000,1.00563909774
466391,466398,898419,7,432021,4,432000,1.00001620292
466441,466447,898473,6,432026,4,432000,1.00001388805
467580,467586,467593,6,7,2,3600,1.3
467616,467622,471864,6,4242,2,28800,1.00141442716
467681,470101,471542,2420,1441,5,14400,2.67938931298
469587,469594,469598,7,4,16,28800,1.1
469693,469699,469713,6,14,24,36000,1.42857142857
469719,474771,476548,5052,1777,16,36000,3.84299380979
469748,470625,481446,877,10821,20,10799,1.08104611404
470101,471967,473409,1866,1442,5,14400,2.29403606103
470159,679135,707967,208976,28832,16,28800,8.24805771365
470159,650322,679129,180163,28807,16,28800,7.25413961884
470160,707973,708025,237813,52,16,28800,4574.32692308
470208,473869,474760,3661,891,24,28800,5.1088664422
470226,474436,474771,4210,335,24,32400,13.5671641791
471168,475382,507816,4214,32434,10,57600,1.12992538694
471419,475388,511833,3969,36445,10,57600,1.10890382769
471554,472594,474107,1040,1513,5,14400,1.68737607403
471862,471868,471872,6,4,16,7200,1.0
471931,472173,472542,242,369,2,144000,1.65582655827
471966,473420,474943,1454,1523,5,14400,1.95469468155
471990,475563,475663,3573,100,4,144000,36.73
472167,473875,481076,1708,7201,8,7200,1.23718927927
472240,472246,472274,6,28,1,300,1.21428571429
472595,474123,475466,1528,1343,5,14400,2.13775130305
472822,475641,487076,2819,11435,2,144000,1.24652383035
473419,474954,476451,1535,1497,5,14400,2.02538410154
474120,474988,476495,868,1507,5,14400,1.57597876576
474276,474505,474507,229,2,8,28800,23.1
474957,475477,477031,520,1554,5,14400,1.33462033462
474989,476462,478055,1473,1593,5,14400,1.92467043315
475353,475558,476564,205,1006,1,3600,1.20377733598
475474,476506,477956,1032,1450,5,14400,1.71172413793
476463,477042,478445,579,1403,5,14400,1.41268709907
476505,477172,478648,667,1476,5,14400,1.45189701897
476549,476555,477650,6,1095,32,36000,1.00547945205
476568,476578,476579,10,1,16,36000,1.1
476703,477460,563872,757,86412,20,86399,1.00876035736
476731,478694,478748,1963,54,4,144000,37.3518518519
476734,478562,518334,1828,39772,20,86399,1.0459619833
477039,477049,477100,10,51,2,1800,1.19607843137
477042,477967,479359,925,1392,5,14400,1.66451149425
477178,478067,479575,889,1508,5,14400,1.58952254642
477654,478568,479745,914,1177,16,36000,1.77655055225
477972,478456,479814,484,1358,5,14400,1.35640648012
478065,478659,480107,594,1448,5,14400,1.41022099448
478222,478573,478683,351,110,8,18000,4.19090909091
478460,479371,480759,911,1388,5,14400,1.65634005764
478657,479587,481002,930,1415,5,14400,1.65724381625
479308,479314,485911,6,6597,4,18000,1.00090950432
479371,481394,482867,2023,1473,5,14400,2.37338764426
479510,479516,479953,6,437,1,3600,1.01372997712
479517,480658,481117,1141,459,4,18000,3.48583877996
479588,479663,481087,75,1424,5,14400,1.05266853933
479660,479825,481250,165,1425,5,14400,1.11578947368
479747,479753,483360,6,3607,1,3600,1.00166343222
479825,480118,481545,293,1427,5,14400,1.20532585844
479879,479886,481810,7,1924,1,1800,1.00363825364
480115,480770,482201,655,1431,5,14400,1.45772187282
480634,480777,480785,143,8,8,28800,15.1
480775,481013,482448,238,1435,5,14400,1.16585365854
480882,481457,485401,575,3944,32,36000,1.14579107505
481012,481098,482519,86,1421,5,14400,1.06052076003
481055,481087,494350,32,13263,8,28800,1.00241272714
481095,481261,482709,166,1448,5,14400,1.11464088398
481212,483366,484551,2154,1185,8,28800,2.81772151899
481261,481556,482990,295,1434,5,14400,1.20571827057
481345,484562,503004,3217,18442,8,28800,1.17443878104
481395,482212,483727,817,1515,5,14400,1.53927392739
481487,481493,481515,6,22,2,1200,1.27272727273
481561,482459,483914,898,1455,5,14400,1.61718213058
481829,481835,481849,6,14,2,1200,1.42857142857
482210,482530,484053,320,1523,5,14400,1.2101116218
482458,482720,484155,262,1435,5,14400,1.18257839721
482531,482878,484297,347,1419,5,14400,1.24453840733
482717,483001,484414,284,1413,5,14400,1.20099079972
482882,483738,485201,856,1463,5,14400,1.58509911141
482943,485418,485450,2475,32,2,1200,78.34375
483007,483925,485373,918,1448,5,14400,1.63397790055
483304,485423,485444,2119,21,2,1200,101.904761905
483480,485434,485546,1954,112,1,3600,18.4464285714
483658,485444,550893,1786,65449,1,108000,1.02728842305
483738,484064,485640,326,1576,5,14400,1.20685279188
483811,485454,550903,1643,65449,1,108000,1.02510351571
483844,485428,485474,1584,46,2,1800,35.4347826087
483925,484166,485652,241,1486,5,14400,1.16218034993
484070,484309,485790,239,1481,5,14400,1.16137744767
484163,484426,485867,263,1441,5,14400,1.18251214434
484308,485303,486710,995,1407,5,14400,1.70717839375
484432,485385,486855,953,1470,5,14400,1.64829931973
484962,485412,493985,450,8573,20,10799,1.05249037676
485307,485651,487077,344,1426,5,14400,1.2412342216
485391,485663,487177,272,1514,5,14400,1.17965653897
485649,485802,487390,153,1588,5,14400,1.09634760705
485660,485879,487378,219,1499,5,14400,1.14609739827
485688,485694,516589,6,30895,2,43200,1.00019420618
485690,485700,485958,10,258,1,3600,1.03875968992
485806,486722,488208,916,1486,5,14400,1.61641991925
485881,486866,488407,985,1541,5,14400,1.63919532771
486185,493996,494018,7811,22,24,32400,356.045454545
486200,486206,486627,6,421,1,3600,1.01425178147
486202,494029,494053,7827,24,24,28800,327.125
486727,487093,488552,366,1459,5,14400,1.2508567512
486872,487188,488626,316,1438,5,14400,1.21974965229
486994,487087,520158,93,33071,2,43200,1.00281213147
487092,487401,488907,309,1506,5,14400,1.20517928287
487136,487142,487781,6,639,6,600,1.00938967136
487152,487158,487165,6,7,1,3600,1.3
487185,487389,488849,204,1460,5,14400,1.1397260274
487285,487292,487370,7,78,1,3600,1.08974358974
487393,488219,489770,826,1551,5,14400,1.53255963894
487403,488418,489844,1015,1426,5,14400,1.71178120617
487483,505320,536483,17837,31163,2,43200,1.57237749896
487507,490201,490246,2694,45,4,18000,60.8666666667
487509,487515,487752,6,237,1,3600,1.0253164557
487785,506203,540641,18418,34438,2,43200,1.53481619142
487999,488005,488407,6,402,1,3600,1.01492537313
488217,488563,489991,346,1428,5,14400,1.24229691877
488302,490038,505303,1736,15265,20,86399,1.1137242057
488325,493301,507116,4976,13815,20,86399,1.36018820123
488414,488637,490073,223,1436,5,14400,1.15529247911
488559,488860,490568,301,1708,5,14400,1.1762295082
488642,488918,490369,276,1451,5,14400,1.19021364576
488859,489781,491234,922,1453,5,14400,1.63454920853
488922,488929,488937,7,8,1,3600,1.5
488922,489855,491432,933,1577,5,14400,1.5916296766
489053,489059,489170,6,111,1,3600,1.05405405405
489310,489316,489599,6,283,1,3600,1.02120141343
489777,490002,491467,225,1465,5,14400,1.15358361775
489836,489842,490263,6,421,1,3600,1.01425178147
489860,490085,491580,225,1495,5,14400,1.15050167224
489971,496509,596287,6538,99778,16,108000,1.06552546654
490005,490579,492134,574,1555,5,14400,1.3691318328
490088,490380,491775,292,1395,5,14400,1.20931899642
490118,494065,495107,3947,1042,24,36000,4.78790786948
490378,491245,492134,867,889,5,14400,1.97525309336
490585,491443,492134,858,691,5,14400,2.24167872648
490746,490754,490759,8,5,1,3600,1.3
490874,490882,490961,8,79,1,3600,1.10126582278
491088,495606,563554,4518,67948,4,72000,1.06649202331
491103,491110,491346,7,236,1,3600,1.02966101695
491128,491134,491818,6,684,4,18000,1.00877192982
491128,496265,557094,5137,60829,4,72000,1.08444985122
491160,506198,506376,15038,178,4,72000,85.4831460674
491248,491479,492134,231,655,5,14400,1.35267175573
491445,491591,492134,146,543,5,14400,1.26887661142
491476,491786,492134,310,348,5,14400,1.8908045977
491605,491612,491984,7,372,1,3600,1.0188172043
492242,492249,495595,7,3346,4,18000,1.00209205021
492306,492312,492371,6,59,5,14400,1.10169491525
492306,492317,492371,11,54,5,14400,1.2037037037
492317,492324,492371,7,47,5,14400,1.14893617021
492318,492330,492371,12,41,5,14400,1.29268292683
492418,492429,504686,11,12257,5,16200,1.00089744636
492418,492424,507704,6,15280,5,16200,1.00039267016
492491,492496,503304,5,10808,5,16200,1.00046262028
492492,492509,503953,17,11444,5,16200,1.00148549458
492492,492503,504002,11,11499,5,16200,1.00095660492
492503,492515,508018,12,15503,5,16200,1.00077404373
492511,503315,510883,10804,7568,5,16200,2.42758985201
492512,503964,517311,11452,13347,5,16200,1.85802052896
494886,505314,512592,10428,7278,16,36000,2.43281121187
494946,494952,495409,6,457,8,28800,1.01312910284
495348,506209,611453,10861,105244,1,172800,1.10319828209
495391,495853,495915,462,62,2,1200,8.45161290323
495666,495858,496252,192,394,2,1200,1.48730964467
495846,496020,522296,174,26276,20,86399,1.00662201248
495888,495895,495896,7,1,2,1200,1.0
496986,503636,505275,6650,1639,24,36000,5.05735204393
497026,506387,506503,9361,116,4,18000,81.6982758621
502409,502416,502417,7,1,1,2040,1.0
502508,502514,502515,6,1,1,2040,1.0
502600,502608,502609,8,1,1,2040,1.0
502708,502715,502716,7,1,1,2040,1.0
503315,504014,513433,699,9419,5,16200,1.07421169976
503964,507715,519788,3751,12073,5,16200,1.31069328253
504016,504697,514685,681,9988,5,16200,1.06818181818
504696,508030,520300,3334,12270,5,16200,1.2717196414
504999,505006,505008,7,2,2,3540,1.0
505362,507128,511830,1766,4702,16,36000,1.37558485751
507712,510895,518837,3183,7942,5,16200,1.40078065978
508031,517323,526985,9292,9662,5,16200,1.961705651
510270,510276,517353,6,7077,4,18000,1.00084781687
510379,510385,514735,6,4350,4,21600,1.00137931034
510896,513444,523819,2548,10375,5,16200,1.24559036145
510931,510937,514184,6,3247,4,28800,1.00184785956
510939,514190,517786,3251,3596,4,28800,1.90406006674
510993,510999,514250,6,3251,4,28800,1.00184558597
511001,514256,517837,3255,3581,4,28800,1.90896397654
511010,511016,514270,6,3254,4,28800,1.00184388445
511019,514276,517884,3257,3608,4,28800,1.90271618625
512079,512085,548130,6,36045,16,36000,1.00016645859
513443,514697,526456,1254,11759,5,16200,1.10664172123
513887,513893,516485,6,2592,4,18000,1.00231481481
514192,517792,521695,3600,3903,4,28800,1.92236740968
514257,517843,521734,3586,3891,4,28800,1.92161398098
514282,517890,521795,3608,3905,4,28800,1.92394366197
514696,518848,526100,4152,7252,5,16200,1.57253171539
516108,516115,516124,7,9,1,240,1.6
517142,517148,517593,6,445,1,3540,1.01348314607
517325,519799,530664,2474,10865,5,16200,1.22770363553
517789,517799,520353,10,2554,1,3540,1.00391542678
517796,521702,524946,3906,3244,4,28800,2.20406905055
517845,521740,524975,3895,3235,4,28800,2.20401854714
517867,517873,518196,6,323,1,3540,1.01857585139
517893,521801,525047,3908,3246,4,28800,2.20394331485
518054,518060,518348,6,288,1,3540,1.02083333333
518103,518110,518408,7,298,1,3540,1.02348993289
518176,518182,518427,6,245,1,3540,1.02448979592
518226,518232,518663,6,431,1,3540,1.01392111369
518276,518283,519050,7,767,1,3540,1.00912646675
518325,518331,519129,6,798,1,3540,1.00751879699
518374,518380,519145,6,765,1,3540,1.00784313725
518424,518430,519213,6,783,1,3540,1.00766283525
518631,518638,519450,7,812,1,3540,1.00862068966
518832,518838,519244,6,406,1,3540,1.01477832512
518847,520311,530204,1464,9893,5,16200,1.14798342262
519221,519227,519538,6,311,1,3540,1.0192926045
519422,519428,519676,6,248,1,3540,1.02419354839
519803,523831,537235,4028,13404,5,16200,1.30050731125
520307,526111,541322,5804,15211,5,16200,1.38156597199
521705,524952,528204,3247,3252,4,28800,1.99846248462
521741,524982,528222,3241,3240,4,28800,2.00030864198
521802,525053,528305,3251,3252,4,28800,1.99969249692
523830,526467,540336,2637,13869,5,16200,1.19013627515
524954,528211,531471,3257,3260,4,28800,1.9990797546
524983,528228,531489,3245,3261,4,28800,1.99509352959
525054,528311,531576,3257,3265,4,28800,1.99754977029
526110,526996,538784,886,11788,5,16200,1.07516118086
526470,530675,538816,4205,8141,5,16200,1.51652131188
526995,530215,538012,3220,7797,5,16200,1.41297935103
527029,527035,530641,6,3606,1,3600,1.00166389351
528212,531477,534748,3265,3271,4,28800,1.99816569856
528229,531495,534781,3266,3286,4,28800,1.99391357273
528312,531582,534844,3270,3262,4,28800,2.00245248314
530220,537246,549495,7026,12249,5,16200,1.57359784472
530603,530609,530616,6,7,1,1800,1.3
530672,538023,550007,7351,11984,5,16200,1.6134012016
530752,530758,530900,6,142,1,3600,1.04225352113
530768,530774,530849,6,75,1,1800,1.08
531041,531047,531390,6,343,1,3600,1.01749271137
531110,531116,531205,6,89,1,1800,1.06741573034
531480,534754,538031,3274,3277,4,28800,1.99908452853
531496,534788,538066,3292,3278,4,28800,2.00427089689
531583,534850,538142,3267,3292,4,28800,1.99240583232
531634,531640,532035,6,395,1,3600,1.01518987342
531714,531720,531928,6,208,1,1800,1.02884615385
532570,532576,532582,6,6,1,3600,1.2
532584,532592,532599,8,7,1,1800,1.5
532698,532705,532785,7,80,1,3600,1.0875
532754,532760,532799,6,39,1,1800,1.15384615385
532932,532938,533448,6,510,1,3600,1.01176470588
533072,533079,533155,7,76,1,1800,1.09210526316
533709,533715,534154,6,439,1,3600,1.01366742597
533761,533767,533919,6,152,1,1800,1.03947368421
534656,534663,534670,7,7,1,3600,1.4
534757,538037,541285,3280,3248,4,28800,2.00985221675
534787,534795,534998,8,203,1,3600,1.039408867
534789,538072,541337,3283,3265,4,28800,2.00551301685
534851,538148,541423,3297,3275,4,28800,2.00671755725
535139,535145,535491,6,346,1,3600,1.01734104046
535726,535733,536121,7,388,1,3600,1.01804123711
536661,536668,536674,7,6,1,3600,1.3
536794,536801,536884,7,83,1,3600,1.0843373494
537022,537028,537328,6,300,1,3600,1.02
537243,538796,547634,1553,8838,5,16200,1.17571848835
537583,537589,537998,6,409,1,3600,1.01466992665
538024,538827,546746,803,7919,5,16200,1.10140169213
538039,541291,544560,3252,3269,4,28800,1.99479963292
538073,541343,544602,3270,3259,4,28800,2.00337526849
538149,541429,544686,3280,3257,4,28800,2.00706171323
538794,541333,549479,2539,8146,5,16200,1.31168671741
538826,540347,547808,1521,7461,5,16200,1.20386007238
540346,546758,555900,6412,9142,5,16200,1.70137825421
541292,544567,544568,3275,1,4,28800,327.6
541332,547645,558676,6313,11031,5,16200,1.57229625601
541344,544608,544609,3264,1,4,28800,326.5
541430,544692,544693,3262,1,4,28800,326.3
544991,544998,565260,7,20262,20,86399,1.00034547429
545166,545173,556006,7,10833,20,10799,1.00064617373
546761,547819,562511,1058,14692,5,16200,1.07201197931
547645,549490,557413,1845,7923,5,16200,1.23286633851
547820,549506,561028,1686,11522,5,16200,1.14632876237
549493,550019,564480,526,14461,5,16200,1.03637369477
549504,555911,567829,6407,11918,5,16200,1.5375901997
549760,549766,551987,6,2221,8,25200,1.00270148582
549810,549816,551674,6,1858,8,25200,1.00322927879
549840,549846,552694,6,2848,8,25200,1.00210674157
549852,549858,550867,6,1009,8,25200,1.00594648167
549893,549899,551017,6,1118,8,25200,1.0053667263
549908,549918,550910,10,992,8,25200,1.01008064516
549943,549949,554767,6,4818,8,25200,1.00124533001
550002,550008,553305,6,3297,8,25200,1.00181983621
550017,557424,567241,7407,9817,5,16200,1.75450748701
550994,551000,586269,6,35269,1,108000,1.00017012107
551016,551022,551028,6,6,1,108000,1.2
551049,551055,585997,6,34942,1,108000,1.00017171312
551052,551061,586003,9,34942,1,108000,1.00025756969
555910,558687,566496,2777,7809,5,16200,1.35561531566
557429,562522,573329,5093,10807,5,16200,1.47126862219
558692,561039,569367,2347,8328,5,16200,1.28182036503
559151,559157,595202,6,36045,16,36000,1.00016645859
559264,559270,590406,6,31136,24,32400,1.00019270298
559272,590412,617034,31140,26622,24,32400,2.16970926302
561036,564491,571892,3455,7401,5,16200,1.46682880692
562524,566507,582262,3983,15755,5,16200,1.25280863218
564495,567840,580958,3345,13118,5,16200,1.2549931392
566508,567252,575301,744,8049,5,16200,1.09243384271
567257,569379,576927,2122,7548,5,16200,1.28113407525
567842,573344,582142,5502,8798,5,16200,1.62536940214
569383,571904,586808,2521,14904,5,16200,1.16914922169
571907,576938,592031,5031,15093,5,16200,1.33333333333
572734,572740,572742,6,2,1,7200,1.0
572734,572746,572945,12,199,1,7200,1.06030150754
572735,572751,572752,16,1,1,7200,1.7
572735,572758,573106,23,348,1,7200,1.06609195402
572736,572763,572945,27,182,1,7200,1.14835164835
572736,572775,572776,39,1,1,7200,4.0
572736,572769,572794,33,25,1,7200,2.32
572737,572780,573348,43,568,1,7200,1.07570422535
572737,572791,580014,54,7223,1,7200,1.00747611796
572737,572786,573700,49,914,1,7200,1.05361050328
572737,572797,580024,60,7227,1,7200,1.00830220008
572738,572808,575263,70,2455,1,7200,1.02851323829
572738,572802,572803,64,1,1,7200,6.5
572738,572813,572815,75,2,1,7200,7.7
572739,572861,572867,122,6,1,7200,12.8
572739,572825,577462,86,4637,1,7200,1.01854647401
572739,572819,572822,80,3,1,7200,8.3
572739,572866,572867,127,1,1,7200,12.8
572740,572957,572958,217,1,1,7200,21.8
572740,572878,572948,138,70,1,7200,2.97142857143
572740,572952,572953,212,1,1,7200,21.3
572741,572975,572977,234,2,1,7200,23.6
572741,572968,574754,227,1786,1,7200,1.12709966405
572741,572962,572963,221,1,1,7200,22.2
572742,572991,573007,249,16,1,7200,16.5625
572742,572986,573084,244,98,1,7200,3.48979591837
572742,572981,574384,239,1403,1,7200,1.1703492516
572743,573014,573577,271,563,1,7200,1.48134991119
572743,572997,572998,254,1,1,7200,25.5
572744,573036,573084,292,48,1,7200,7.08333333333
572744,573098,573099,354,1,1,7200,35.5
572744,573091,573093,347,2,1,7200,34.9
572744,573026,573085,282,59,1,7200,5.77966101695
572745,573116,573117,371,1,1,7200,37.2
572745,573103,573104,358,1,1,7200,35.9
572746,573126,575496,380,2370,1,7200,1.16033755274
572746,573134,573150,388,16,1,7200,25.25
572746,573121,573837,375,716,1,7200,1.52374301676
572747,573139,573140,392,1,1,7200,39.3
572748,573171,575324,423,2153,1,7200,1.1964700418
572748,573166,573167,418,1,1,7200,41.9
572749,573185,573186,436,1,1,7200,43.7
572749,573199,573328,450,129,1,7200,4.48837209302
572752,572837,572868,85,31,1,7200,3.74193548387
572752,572832,572851,80,19,1,7200,5.21052631579
572753,572848,573915,95,1067,1,7200,1.08903467666
572753,572854,572931,101,77,1,7200,2.31168831169
572755,573350,580572,595,7222,1,7200,1.08238715037
572755,573364,573721,609,357,1,7200,2.70588235294
572762,573594,580822,832,7228,1,7200,1.11510791367
572765,573716,573823,951,107,1,7200,9.88785046729
572766,573733,575323,967,1590,1,7200,1.60817610063
572768,573835,573954,1067,119,1,7200,9.96638655462
572773,573938,574164,1165,226,1,7200,6.15486725664
572774,573951,573952,1177,1,1,7200,117.8
572774,573966,574200,1192,234,1,7200,6.09401709402
572780,574096,574097,1316,1,1,7200,131.7
572782,574124,574125,1342,1,1,7200,134.3
572784,574181,581409,1397,7228,1,7200,1.19327614831
572785,574214,575110,1429,896,1,7200,2.59486607143
572794,574406,574407,1612,1,1,7200,161.3
572794,574401,574947,1607,546,1,7200,3.94322344322
572796,574454,574455,1658,1,1,7200,165.9
572810,574775,574830,1965,55,1,7200,36.7272727273
572811,574787,574788,1976,1,1,7200,197.7
572813,574849,574867,2036,18,1,7200,114.111111111
572813,574844,575058,2031,214,1,7200,10.4906542056
572814,574879,575224,2065,345,1,7200,6.98550724638
572816,574965,575028,2149,63,1,7200,35.1111111111
572818,575040,575147,2222,107,1,7200,21.7663551402
572820,575099,575151,2279,52,1,7200,44.8269230769
572820,575070,575086,2250,16,1,7200,141.625
572821,575125,575479,2304,354,1,7200,7.50847457627
572821,575118,575214,2297,96,1,7200,24.9270833333
572822,575226,575239,2404,13,1,7200,185.923076923
572822,575237,575258,2415,21,1,7200,116.0
572822,575159,582378,2337,7219,1,7200,1.32372904834
572822,575166,575249,2344,83,1,7200,29.2409638554
572823,575271,582490,2448,7219,1,7200,1.33910513922
572823,575251,575872,2428,621,1,7200,4.90982286634
572823,575262,575491,2439,229,1,7200,11.6506550218
572824,575335,575393,2511,58,1,7200,44.2931034483
572824,575322,575360,2498,38,1,7200,66.7368421053
572824,575340,576122,2516,782,1,7200,4.21739130435
572824,575278,575310,2454,32,1,7200,77.6875
572825,575405,582637,2580,7232,1,7200,1.35674778761
572825,575372,575616,2547,244,1,7200,11.4385245902
572825,575491,575508,2666,17,1,7200,157.823529412
572826,575503,575785,2677,282,1,7200,10.4929078014
572826,575546,575633,2720,87,1,7200,32.2643678161
572826,575510,575534,2684,24,1,7200,112.833333333
572826,575520,575534,2694,14,1,7200,193.428571429
572827,575551,575988,2724,437,1,7200,7.23340961098
572827,575628,575861,2801,233,1,7200,13.0214592275
572827,575645,575697,2818,52,1,7200,55.1923076923
572828,575797,575992,2969,195,1,7200,16.2256410256
572828,575820,575891,2992,71,1,7200,43.1408450704
572828,575709,575807,2881,98,1,7200,30.3979591837
572829,575873,576027,3044,154,1,7200,20.7662337662
572829,575903,575985,3074,82,1,7200,38.487804878
572829,575998,576112,3169,114,1,7200,28.798245614
572829,575884,576468,3055,584,1,7200,6.23116438356
572830,576039,576067,3209,28,1,7200,115.607142857
572830,576005,576087,3175,82,1,7200,39.7195121951
572830,576010,576054,3180,44,1,7200,73.2727272727
572831,576067,576155,3236,88,1,7200,37.7727272727
572831,576100,576112,3269,12,1,7200,273.416666667
572831,576107,576160,3276,53,1,7200,62.8113207547
572831,576079,576095,3248,16,1,7200,204.0
572832,576129,576171,3297,42,1,7200,79.5
572832,576136,576155,3304,19,1,7200,174.894736842
572832,576124,583342,3292,7218,1,7200,1.45608201718
572833,576179,576208,3346,29,1,7200,116.379310345
572833,576166,576167,3333,1,1,7200,333.4
572833,576172,576185,3339,13,1,7200,257.846153846
572834,576191,576289,3357,98,1,7200,35.2551020408
572834,576203,577127,3369,924,1,7200,4.6461038961
572835,576220,583427,3385,7207,1,7200,1.46968225336
572837,576306,576959,3469,653,1,7200,6.3124042879
572839,576385,576479,3546,94,1,7200,38.7234042553
572840,576481,576873,3641,392,1,7200,10.2882653061
572840,576911,576917,4071,6,1,7200,407.7
572840,576491,577058,3651,567,1,7200,7.43915343915
572840,576884,576899,4044,15,1,7200,270.6
572841,576929,584158,4088,7229,1,7200,1.56550006917
572841,577070,577735,4229,665,1,7200,7.35939849624
572841,576971,577061,4130,90,1,7200,46.8888888889
572842,577139,577716,4297,577,1,7200,8.44714038128
572842,577131,577147,4289,16,1,7200,269.0625
572842,577092,577119,4250,27,1,7200,158.407407407
572842,577077,577080,4235,3,1,7200,423.8
572843,577159,577160,4316,1,1,7200,431.7
572843,577173,577196,4330,23,1,7200,189.260869565
572843,577208,577509,4365,301,1,7200,15.5016611296
572844,577475,577476,4631,1,1,7200,463.2
572844,577489,577490,4645,1,1,7200,464.6
572844,577502,577674,4658,172,1,7200,28.0813953488
572845,577521,577523,4676,2,1,7200,467.8
572845,577686,577688,4841,2,1,7200,484.3
572845,577547,577758,4702,211,1,7200,23.2843601896
572846,577728,579918,4882,2190,1,7200,3.22922374429
572846,577712,577716,4866,4,1,7200,487.0
572846,577733,577734,4887,1,1,7200,488.8
572847,577760,584979,4913,7219,1,7200,1.68056517523
572847,577753,577754,4906,1,1,7200,490.7
572848,577774,577775,4926,1,1,7200,492.7
572848,577767,577790,4919,23,1,7200,214.869565217
572849,577807,577867,4958,60,1,7200,83.6333333333
572849,577879,577881,5030,2,1,7200,503.2
572849,577814,577885,4965,71,1,7200,70.9295774648
572850,577900,577902,5050,2,1,7200,505.2
572850,577893,577905,5043,12,1,7200,421.25
572851,577928,577981,5077,53,1,7200,96.7924528302
572851,577935,577938,5084,3,1,7200,508.7
572851,577921,577922,5070,1,1,7200,507.1
572851,577951,578177,5100,226,1,7200,23.5663716814
572852,577994,577999,5142,5,1,7200,514.7
572853,578037,578372,5184,335,1,7200,16.4746268657
572853,578189,578190,5336,1,1,7200,533.7
572853,578203,578253,5350,50,1,7200,108.0
572853,578266,578267,5413,1,1,7200,541.4
572854,578295,578296,5441,1,1,7200,544.2
572854,578308,579181,5454,873,1,7200,7.24742268041
572854,578280,578283,5426,3,1,7200,542.9
572855,578443,578445,5588,2,1,7200,559.0
572855,578384,578431,5529,47,1,7200,118.638297872
572855,578457,578468,5602,11,1,7200,510.272727273
572856,578480,578482,5624,2,1,7200,562.6
572856,578510,585742,5654,7232,1,7200,1.78180309735
572856,578494,578497,5638,3,1,7200,564.1
572857,579208,579219,6351,11,1,7200,578.363636364
572857,579193,579196,6336,3,1,7200,633.9
572857,579231,579257,6374,26,1,7200,246.153846154
572857,579270,579273,6413,3,1,7200,641.6
572858,579930,579935,7072,5,1,7200,707.7
572858,579285,579305,6427,20,1,7200,322.35
572858,579317,580460,6459,1143,1,7200,6.65091863517
572858,579948,579967,7090,19,1,7200,374.157894737
572859,579979,579983,7120,4,1,7200,712.4
572859,580008,580169,7149,161,1,7200,45.4037267081
572860,580063,580127,7203,64,1,7200,113.546875
572860,580026,580028,7166,2,1,7200,716.8
572860,580043,580060,7183,17,1,7200,423.529411765
572860,580036,580050,7176,14,1,7200,513.571428571
572861,580072,580121,7211,49,1,7200,148.163265306
572861,580134,580181,7273,47,1,7200,155.744680851
572862,580141,580143,7279,2,1,7200,728.1
572862,580180,587406,7318,7226,1,7200,2.01273180183
572862,580154,580155,7292,1,1,7200,729.3
572863,580187,580190,7324,3,1,7200,732.7
572863,580194,587440,7331,7246,1,7200,2.01173060999
572864,580584,580586,7720,2,1,7200,772.2
572864,580424,582654,7560,2230,1,7200,4.39013452915
572864,580215,580411,7351,196,1,7200,38.5051020408
572864,580473,581200,7609,727,1,7200,11.4662998624
572865,580598,580602,7733,4,1,7200,773.7
572866,580651,580706,7785,55,1,7200,142.545454545
572866,580718,580874,7852,156,1,7200,51.3333333333
572866,580834,580920,7968,86,1,7200,93.6511627907
572867,580887,580888,8020,1,1,7200,802.1
572867,580914,580972,8047,58,1,7200,139.74137931
572869,580989,580992,8120,3,1,7200,812.3
572870,581004,581030,8134,26,1,7200,313.846153846
572871,581062,588295,8191,7233,1,7200,2.13244849993
572871,581049,585025,8178,3976,1,7200,3.05684104628
572871,581042,581050,8171,8,1,7200,817.9
572872,581240,581254,8368,14,1,7200,598.714285714
572872,581266,581286,8394,20,1,7200,420.7
572872,581298,581299,8426,1,1,7200,842.7
572872,581212,581227,8340,15,1,7200,557.0
572873,581312,581313,8439,1,1,7200,844.0
572874,581337,582423,8463,1086,1,7200,8.79281767956
572874,581421,581425,8547,4,1,7200,855.1
572875,581506,581508,8631,2,1,7200,863.3
572875,581474,581494,8599,20,1,7200,430.95
572876,581520,581530,8644,10,1,7200,865.4
572876,581556,581647,8680,91,1,7200,96.3846153846
572876,581542,581544,8666,2,1,7200,866.8
572877,581674,582596,8797,922,1,7200,10.5412147505
572877,582403,582857,9526,454,1,7200,21.9823788546
572877,582390,582391,9513,1,1,7200,951.4
572877,581659,581662,8782,3,1,7200,878.5
572878,582434,582525,9556,91,1,7200,106.010989011
572878,582608,582611,9730,3,1,7200,973.3
572878,582502,582801,9624,299,1,7200,33.1872909699
572878,582537,589776,9659,7239,1,7200,2.33430031772
572879,582671,584852,9792,2181,1,7200,5.48968363136
572879,582649,582651,9770,2,1,7200,977.2
572879,582623,583992,9744,1369,1,7200,8.11760409058
572880,582678,582696,9798,18,1,7200,545.333333333
572880,582709,584304,9829,1595,1,7200,7.16238244514
572880,582813,582842,9933,29,1,7200,343.517241379
572881,582854,582855,9973,1,1,7200,997.4
572881,582868,584035,9987,1167,1,7200,9.55784061697
572881,582875,582975,9994,100,1,7200,100.94
572881,582988,583512,10107,524,1,7200,20.2881679389
572882,583415,590631,10533,7216,1,7200,2.459672949
572882,583354,583359,10472,5,1,7200,1047.7
572882,583385,583402,10503,17,1,7200,618.823529412
572883,583439,583651,10556,212,1,7200,50.7924528302
572883,583537,583538,10654,1,1,7200,1065.5
572883,583524,583525,10641,1,1,7200,1064.2
572884,583889,583896,11005,7,1,7200,1101.2
572884,583664,584056,10780,392,1,7200,28.5
572884,583550,583876,10666,326,1,7200,33.717791411
572885,583908,585173,11023,1265,1,7200,9.71383399209
572885,584005,584008,11120,3,1,7200,1112.3
572885,584021,584023,11136,2,1,7200,1113.8
572886,584036,585124,11150,1088,1,7200,11.2481617647
572886,584069,584070,11183,1,1,7200,1118.4
572886,584082,584123,11196,41,1,7200,274.073170732
572886,584048,584558,11162,510,1,7200,22.8862745098
572887,584170,584173,11283,3,1,7200,1128.6
572887,584185,584241,11298,56,1,7200,202.75
572887,584135,591347,11248,7212,1,7200,2.5596228508
572888,584508,585416,11620,908,1,7200,13.7973568282
572888,584253,584496,11365,243,1,7200,47.7695473251
572888,584570,584571,11682,1,1,7200,1168.3
572888,584317,584886,11429,569,1,7200,21.086115993
572889,584606,584607,11717,1,1,7200,1171.8
572889,584864,584939,11975,75,1,7200,160.666666667
572889,584584,584593,11695,9,1,7200,1170.4
572889,584620,587150,11731,2530,1,7200,5.63675889328
572890,584899,584904,12009,5,1,7200,1201.4
572890,584929,585072,12039,143,1,7200,85.1888111888
572891,584951,584954,12060,3,1,7200,1206.3
572891,584980,585234,12089,254,1,7200,48.594488189
572892,585137,585364,12245,227,1,7200,54.9427312775
572892,585124,585135,12232,11,1,7200,1113.0
572892,585110,585240,12218,130,1,7200,94.9846153846
572893,585158,592373,12265,7215,1,7200,2.69993069993
572893,585185,585330,12292,145,1,7200,85.7724137931
572893,585144,585145,12251,1,1,7200,1225.2
572893,585151,585243,12258,92,1,7200,134.239130435
572894,585037,585038,12143,1,1,7200,1214.4
572894,585003,585093,12109,90,1,7200,135.544444444
572895,585084,585085,12189,1,1,7200,1219.0
572896,585246,585247,12350,1,1,7200,1235.1
572896,585098,585112,12202,14,1,7200,872.571428571
572896,585104,585128,12208,24,1,7200,509.666666667
572897,585260,592494,12363,7234,1,7200,2.70901299419
572897,585253,585290,12356,37,1,7200,334.945945946
572897,585265,585268,12368,3,1,7200,1237.1
572898,585280,585617,12382,337,1,7200,37.7418397626
572898,585302,585303,12404,1,1,7200,1240.5
572899,585342,585430,12443,88,1,7200,142.397727273
572899,585376,585530,12477,154,1,7200,82.0194805195
572899,585428,585429,12529,1,1,7200,1253.0
572899,585329,590845,12430,5516,1,7200,3.25344452502
572900,585441,585443,12541,2,1,7200,1254.3
572900,585447,585449,12547,2,1,7200,1254.9
572901,585469,585550,12568,81,1,7200,156.160493827
572901,585455,585456,12554,1,1,7200,1255.5
572901,585462,585482,12561,20,1,7200,629.05
572902,585494,592712,12592,7218,1,7200,2.74452756996
572902,585565,585960,12663,395,1,7200,33.0582278481
572902,585558,585559,12656,1,1,7200,1265.7
572902,585542,585546,12640,4,1,7200,1264.4
572903,585643,592868,12740,7225,1,7200,2.76332179931
572903,585630,585632,12727,2,1,7200,1272.9
572903,585572,585642,12669,70,1,7200,181.985714286
572904,585654,585668,12750,14,1,7200,911.714285714
572904,585754,585785,12850,31,1,7200,415.516129032
572904,585694,585922,12790,228,1,7200,57.0964912281
572904,585680,585682,12776,2,1,7200,1277.8
572905,585934,585999,13029,65,1,7200,201.446153846
572905,585797,586079,12892,282,1,7200,46.7163120567
572906,585972,587047,13066,1075,1,7200,13.1544186047
572906,586012,586023,13106,11,1,7200,1192.45454545
572906,586092,586103,13186,11,1,7200,1199.72727273
572906,586034,586113,13128,79,1,7200,167.17721519
572907,586116,586124,13209,8,1,7200,1321.7
572907,586136,586149,13229,13,1,7200,1018.61538462
572908,586161,586189,13253,28,1,7200,474.321428571
572909,586208,587371,13299,1163,1,7200,12.4350816853
572909,586201,586204,13292,3,1,7200,1329.5
572910,586230,587067,13320,837,1,7200,16.9139784946
572910,586215,586218,13305,3,1,7200,1330.8
572911,587073,587903,14162,830,1,7200,18.0626506024
572911,587059,587061,14148,2,1,7200,1415.0
572911,587080,587081,14169,1,1,7200,1417.0
572912,587094,587099,14182,5,1,7200,1418.7
572912,587163,587347,14251,184,1,7200,78.4510869565
572912,587112,587167,14200,55,1,7200,259.181818182
573341,575313,587684,1972,12371,5,16200,1.15940506022
575315,582153,596890,6838,14737,5,16200,1.46400217141
576938,580974,589940,4036,8966,5,16200,1.45014499219
580978,582274,598009,1296,15735,5,16200,1.08236415634
582156,586819,598594,4663,11775,5,16200,1.39600849257
582270,587695,599297,5425,11602,5,16200,1.46759179452
586377,586383,610531,6,24148,1,108000,1.00024846778
586420,586426,604871,6,18445,1,108000,1.00032529141
586822,592042,603786,5220,11744,5,16200,1.44448228883
587424,587430,607150,6,19720,20,86399,1.00030425963
587590,587597,619870,7,32273,20,86399,1.00021689958
587665,587671,598480,6,10809,20,10799,1.00055509298
587695,589951,598897,2256,8946,5,16200,1.25217974514
589955,596901,607265,6946,10364,5,16200,1.67020455423
590420,617040,643608,26620,26568,24,32400,2.00195724179
592040,598020,610942,5980,12922,5,16200,1.46277665996
595977,595983,631997,6,36014,16,36000,1.00016660188
596898,598605,607909,1707,9304,5,16200,1.18346947549
598018,599308,607605,1290,8297,5,16200,1.15547788357
598604,598908,607025,304,8117,5,16200,1.03745226069
598912,603800,605250,4888,1450,5,14400,4.37103448276
599313,605261,606722,5948,1461,5,14400,5.07118412047
603377,603383,603642,6,259,1,3540,1.02316602317
603786,603794,605900,8,2106,1,3540,1.00379867047
603801,606733,608226,2932,1493,5,14400,2.96383121232
603864,603870,604064,6,194,1,3540,1.03092783505
603914,603921,604197,7,276,1,3540,1.02536231884
603963,603970,604270,7,300,1,3540,1.02333333333
604036,604042,604284,6,242,1,3540,1.02479338843
604088,604094,604402,6,308,1,3540,1.01948051948
604137,604144,604663,7,519,1,3540,1.01348747592
604186,604193,604747,7,554,1,3540,1.01263537906
604238,604245,604746,7,501,1,3540,1.01397205589
604289,604295,604820,6,525,1,3540,1.01142857143
604368,604375,604937,7,562,1,3540,1.01245551601
604568,604574,604845,6,271,1,3540,1.0221402214
