SubmitTime,StartTime,EndTime,QueuedTime,RunTime,NodesRequested,walltime,bslowdown
282,1395,10865,1113,9470,5,16200,1.11752903907
303,8947,16966,8644,8019,5,16200,2.07793989275
1399,6475,17143,5076,10668,5,16200,1.47581552306
6473,10753,19187,4280,8434,5,16200,1.50746976524
8655,8661,8668,6,7,1,3600,1.3
8776,8782,8897,6,115,1,3600,1.05217391304
8952,10881,18453,1929,7572,5,16200,1.25475435816
9023,9029,9290,6,261,1,3600,1.02298850575
9517,9523,10094,6,571,1,3600,1.01050788091
10610,10616,14222,6,3606,1,3600,1.00166389351
10756,10874,25342,118,14468,5,16200,1.00815593033
10879,11932,24010,1053,12078,5,16200,1.08718330849
10880,12585,20751,1705,8166,5,16200,1.20879255449
11935,17154,25048,5219,7894,5,16200,1.66113503927
12222,12228,12236,6,8,1,1800,1.4
12382,12389,12467,7,78,1,1800,1.08974358974
12581,16978,25624,4397,8646,5,16200,1.50855887115
12600,12606,12725,6,119,1,3600,1.05042016807
12683,12689,12790,6,101,1,1800,1.05940594059
12855,12862,13126,7,264,1,3600,1.02651515152
13246,13252,13636,6,384,1,1800,1.015625
13357,13364,13941,7,577,1,3600,1.01213171577
14258,14264,14271,6,7,1,1800,1.3
14328,14334,14476,6,142,1,3600,1.04225352113
14413,14420,14462,7,42,1,1800,1.16666666667
14607,14613,14890,6,277,1,3600,1.02166064982
14745,14751,14828,6,77,1,1800,1.07792207792
14815,14821,14934,6,113,1,3600,1.05309734513
15048,15054,15334,6,280,1,3600,1.02142857143
15183,15189,15739,6,550,1,3600,1.01090909091
15417,15423,15684,6,261,1,1800,1.02298850575
15622,15629,16126,7,497,1,3600,1.01408450704
16975,18464,29519,1489,11055,5,16200,1.13469018544
17150,19198,33778,2048,14580,5,16200,1.14046639232
17167,17174,103188,7,86014,1,86400,1.0000813821
18463,20762,31597,2299,10835,5,16200,1.21218274112
19201,25059,36001,5858,10942,5,16200,1.53536830561
19836,19843,19922,7,79,1,1800,1.08860759494
20143,20149,20248,6,99,1,1800,1.06060606061
20710,20716,21082,6,366,1,1800,1.01639344262
20758,24021,33162,3263,9141,5,16200,1.35696313314
22176,22182,22221,6,39,1,1800,1.15384615385
22449,22455,22532,6,77,1,1800,1.07792207792
23118,23124,23366,6,242,1,1800,1.02479338843
24026,25353,36547,1327,11194,5,16200,1.11854564946
25061,25635,37288,574,11653,5,16200,1.04925770188
25359,29530,40077,4171,10547,5,16200,1.39546790557
25636,33789,45696,8153,11907,5,16200,1.68472327202
26546,26553,27160,7,607,64,9000,1.01153212521
27252,27259,112822,7,85563,25,86399,1.00008181106
27460,27466,70702,6,43236,20,43199,1.00013877324
28415,28421,28431,6,10,64,1800,1.6
28467,28474,28605,7,131,64,1800,1.0534351145
28719,28725,28937,6,212,64,1800,1.02830188679
29119,29125,29925,6,800,64,9000,1.0075
29314,29320,29325,6,5,2,600,1.1
29386,29392,29395,6,3,4,600,1.0
29530,31608,40094,2078,8486,5,16200,1.24487390997
30132,30138,30145,6,7,64,1800,1.3
30212,30218,30355,6,137,64,1800,1.04379562044
30692,30699,30836,7,137,64,1800,1.05109489051
30840,30848,31077,8,229,64,1800,1.03493449782
31527,31533,31541,6,8,64,1800,1.4
31611,33173,42923,1562,9750,5,16200,1.16020512821
31628,31634,31869,6,235,64,1800,1.02553191489
31681,31880,32029,199,149,64,1800,2.3355704698
32301,32308,39544,7,7236,32,7200,1.0009673853
32422,39552,46781,7130,7229,32,7200,1.98630515977
32435,46815,54036,14380,7221,32,7200,2.99141393159
32441,54051,61286,21610,7235,32,7200,3.98686938493
32448,61292,68524,28844,7232,32,7200,4.98838495575
32452,68530,75760,36078,7230,32,7200,5.99004149378
32456,75767,83002,43311,7235,32,7200,6.98631651693
32461,83009,90233,50548,7224,32,7200,7.99723145072
32465,90239,97444,57774,7205,32,7200,9.0185981957
32474,97450,104696,64976,7246,32,7200,9.96715429202
32484,104703,111942,72219,7239,32,7200,10.9763779528
33169,36012,47705,2843,11693,5,16200,1.24313691952
33785,36558,45932,2773,9374,5,16200,1.29581822061
34629,34635,34652,6,17,1,900,1.35294117647
34629,34641,34652,12,11,1,900,2.09090909091
34630,34648,34652,18,4,1,900,2.2
34659,34666,34919,7,253,1,900,1.02766798419
34660,34671,34915,11,244,1,900,1.04508196721
34660,34677,34920,17,243,1,900,1.06995884774
35334,35351,35485,17,134,1,90,1.12686567164
35334,35345,35467,11,122,1,90,1.09016393443
35334,35340,35459,6,119,1,90,1.05042016807
35334,35357,35449,23,92,1,90,1.25
35335,35362,35484,27,122,1,90,1.22131147541
35335,35373,35476,38,103,1,90,1.36893203883
35335,35368,35490,33,122,1,90,1.27049180328
35336,35395,35530,59,135,1,90,1.43703703704
35336,35378,35491,42,113,1,90,1.37168141593
35336,35389,35480,53,91,1,90,1.58241758242
35336,35384,35500,48,116,1,90,1.41379310345
35337,35417,35552,80,135,1,90,1.59259259259
35337,35400,35528,63,128,1,90,1.4921875
35337,35411,35546,74,135,1,90,1.54814814815
35337,35406,35521,69,115,1,90,1.6
35338,35433,35547,95,114,1,90,1.83333333333
35338,35427,35550,89,123,1,90,1.72357723577
35338,35422,35557,84,135,1,90,1.62222222222
35338,35439,35564,101,125,1,90,1.808
35339,35444,35540,105,96,1,90,2.09375
35339,35455,35561,116,106,1,90,2.09433962264
35339,35449,35585,110,136,1,90,1.80882352941
35340,35460,35576,120,116,1,90,2.03448275862
35340,35466,35584,126,118,1,90,2.06779661017
35340,35471,35584,131,113,1,90,2.1592920354
35341,35488,35595,147,107,1,90,2.3738317757
35341,35477,35580,136,103,1,90,2.32038834951
35341,35482,35585,141,103,1,90,2.36893203883
35342,35499,35595,157,96,1,90,2.63541666667
35342,35504,35639,162,135,1,90,2.2
35342,35493,35619,151,126,1,90,2.19841269841
35342,35509,35636,167,127,1,90,2.31496062992
35343,35526,35641,183,115,1,90,2.59130434783
35343,35520,35628,177,108,1,90,2.63888888889
35343,35515,35612,172,97,1,90,2.77319587629
35343,35531,35629,188,98,1,90,2.91836734694
35344,35542,35642,198,100,1,90,2.98
35344,35536,35672,192,136,1,90,2.41176470588
35344,35547,35683,203,136,1,90,2.49264705882
35345,35552,35644,207,92,1,90,3.25
35345,35558,35651,213,93,1,90,3.29032258065
35345,35563,35684,218,121,1,90,2.80165289256
35346,35569,35668,223,99,1,90,3.25252525253
35346,35579,35677,233,98,1,90,3.37755102041
35346,35585,35696,239,111,1,90,3.15315315315
35346,35574,35702,228,128,1,90,2.78125
35347,35601,35730,254,129,1,90,2.96899224806
35347,35595,35698,248,103,1,90,3.40776699029
35347,35590,35704,243,114,1,90,3.13157894737
35348,35606,35718,258,112,1,90,3.30357142857
35348,35620,35741,272,121,1,90,3.2479338843
35348,35626,35742,278,116,1,90,3.39655172414
35348,35615,35710,267,95,1,90,3.81052631579
35349,35642,35760,293,118,1,90,3.48305084746
35349,35631,35751,282,120,1,90,3.35
35349,35636,35758,287,122,1,90,3.35245901639
35350,35663,35780,313,117,1,90,3.67521367521
35350,35647,35750,297,103,1,90,3.88349514563
35350,35653,35751,303,98,1,90,4.09183673469
35350,35658,35755,308,97,1,90,4.17525773196
35351,35674,35796,323,122,1,90,3.64754098361
35351,35669,35799,318,130,1,90,3.44615384615
35435,35764,35864,329,100,1,90,4.29
36013,37299,45995,1286,8696,5,16200,1.14788408464
36556,39139,47183,2583,8044,5,16200,1.32110890104
36593,36600,62813,7,26213,2,288000,1.00026704307
40068,40074,58089,6,18015,2,18000,1.00033305579
40284,40289,58312,5,18023,2,18000,1.00027742329
40529,40535,52077,6,11542,2,86400,1.00051984058
40605,40611,41494,6,883,8,3600,1.00679501699
41502,41508,41526,6,18,8,14400,1.33333333333
42254,42260,42339,6,79,1,3540,1.07594936709
44503,44509,45403,6,894,8,6000,1.0067114094
44504,45707,46614,1203,907,8,6000,2.32635060639
44515,45414,46316,899,902,8,6000,1.99667405765
44989,44996,45002,7,6,64,1800,1.3
45227,45233,45239,6,6,64,1800,1.2
45413,45943,46856,530,913,8,6000,1.58050383352
45706,46328,47219,622,891,8,6000,1.69809203143
45946,46626,47513,680,887,8,6000,1.76662908681
46333,46868,47754,535,886,8,6000,1.60383747178
46360,46366,46381,6,15,64,1800,1.4
46626,47194,48110,568,916,8,6000,1.62008733624
46867,47717,48610,850,893,8,6000,1.95184770437
47191,47230,48137,39,907,8,6000,1.04299889746
47191,47206,47213,15,7,64,1800,2.2
47233,47524,48421,291,897,8,6000,1.32441471572
47526,47765,48654,239,889,8,6000,1.26884139483
47715,48121,49020,406,899,8,6000,1.45161290323
47768,48148,49032,380,884,8,6000,1.42986425339
47910,47916,47925,6,9,64,1800,1.5
48124,48432,49320,308,888,8,6000,1.34684684685
48132,48139,48278,7,139,64,1800,1.05035971223
48139,48291,48543,152,252,64,1800,1.60317460317
48145,48621,49515,476,894,8,6000,1.53243847875
48428,48666,49585,238,919,8,6000,1.25897714908
48618,49031,49929,413,898,8,6000,1.45991091314
48671,49043,49935,372,892,8,6000,1.41704035874
48941,48949,49098,8,149,64,1800,1.05369127517
48953,49109,49359,156,250,64,1800,1.624
49037,49332,50217,295,885,8,6000,1.33333333333
49048,49527,50428,479,901,8,6000,1.53163152053
49333,49596,50490,263,894,8,6000,1.29418344519
49532,49940,50837,408,897,8,6000,1.45484949833
49595,49946,50847,351,901,8,6000,1.38956714761
49941,50229,51123,288,894,8,6000,1.32214765101
49952,50439,51331,487,892,8,6000,1.54596412556
50234,50501,51387,267,886,8,6000,1.30135440181
50444,50849,51763,405,914,8,6000,1.44310722101
50507,50861,51756,354,895,8,6000,1.39553072626
50853,51134,52023,281,889,8,6000,1.31608548931
50864,51342,52232,478,890,8,6000,1.53707865169
51136,51398,52327,262,929,8,6000,1.28202368138
51265,51271,87465,6,36194,16,36000,1.00016577333
51346,51774,52691,428,917,8,6000,1.4667393675
51399,51767,52659,368,892,8,6000,1.41255605381
51765,52035,52927,270,892,8,6000,1.30269058296
51776,52245,53142,469,897,8,6000,1.52285395764
52038,52339,53225,301,886,8,6000,1.33972911964
52248,52671,53590,423,919,8,6000,1.46028291621
52343,52702,53603,359,901,8,6000,1.39844617092
52667,52938,53818,271,880,8,6000,1.30795454545
52699,53153,54058,454,905,8,6000,1.50165745856
52940,53236,54145,296,909,8,6000,1.32563256326
53150,53601,54481,451,880,8,6000,1.5125
53234,53614,54498,380,884,8,6000,1.42986425339
53600,53830,54729,230,899,8,6000,1.25583982202
53612,54069,54974,457,905,8,6000,1.50497237569
53832,54169,55064,337,895,8,6000,1.37653631285
54072,54492,55384,420,892,8,6000,1.47085201794
54167,54509,55427,342,918,8,6000,1.37254901961
54492,54740,55654,248,914,8,6000,1.27133479212
54513,54985,55904,472,919,8,6000,1.51360174102
54744,55075,55974,331,899,8,6000,1.3681868743
54985,55395,56294,410,899,8,6000,1.45606229143
55079,55439,56357,360,918,8,6000,1.39215686275
55393,55665,56573,272,908,8,6000,1.29955947137
55436,55916,56841,480,925,8,6000,1.51891891892
55666,55985,56875,319,890,8,6000,1.35842696629
55918,56305,57204,387,899,8,6000,1.43047830923
55981,56368,57294,387,926,8,6000,1.41792656587
56307,56584,57492,277,908,8,6000,1.3050660793
56370,56852,57778,482,926,8,6000,1.52051835853
56590,56886,57781,296,895,8,6000,1.33072625698
56852,57215,58132,363,917,8,6000,1.39585605234
56884,57306,58211,422,905,8,6000,1.46629834254
57219,57503,58416,284,913,8,6000,1.31106243154
57303,57811,58716,508,905,8,6000,1.56132596685
57502,57817,58750,315,933,8,6000,1.33762057878
57816,58144,59057,328,913,8,6000,1.35925520263
57817,58222,59150,405,928,8,6000,1.43642241379
58141,58427,59328,286,901,8,6000,1.31742508324
58225,58761,59669,536,908,8,6000,1.59030837004
58425,58767,59672,342,905,8,6000,1.37790055249
58496,58502,58505,6,3,8,600,1.0
58759,59068,59988,309,920,8,6000,1.33586956522
58771,59161,60081,390,920,8,6000,1.42391304348
59074,59339,60245,265,906,8,6000,1.29249448124
59158,59681,60579,523,898,8,6000,1.58240534521
59336,59688,60593,352,905,8,6000,1.38895027624
59492,59498,59500,6,2,8,600,1.0
59681,59999,60909,318,910,8,6000,1.34945054945
59693,60092,61007,399,915,8,6000,1.43606557377
59875,59881,59883,6,2,8,600,1.0
59996,60256,61154,260,898,8,6000,1.28953229399
60091,60590,61514,499,924,8,6000,1.54004329004
60259,60604,61535,345,931,8,6000,1.37056928034
60431,60437,60438,6,1,8,600,1.0
60564,60570,60571,6,1,8,600,1.0
60594,60920,61841,326,921,8,6000,1.3539630836
60605,61018,61943,413,925,8,6000,1.44648648649
60684,60690,60742,6,52,8,2100,1.11538461538
60788,60795,61056,7,261,8,2100,1.02681992337
60919,61166,62092,247,926,8,6000,1.26673866091
61024,61549,62467,525,918,8,6000,1.57189542484
61171,61554,62466,383,912,8,6000,1.41995614035
61188,61194,61229,6,35,8,2100,1.17142857143
61446,61453,69667,7,8214,4,86400,1.00085220355
61547,61852,62774,305,922,8,6000,1.33080260304
61558,61955,62859,397,904,8,6000,1.43915929204
61852,62103,63018,251,915,8,6000,1.27431693989
61957,62484,63412,527,928,8,6000,1.56788793103
62104,62477,63415,373,938,8,6000,1.39765458422
62293,62300,182683,7,120383,25,129599,1.00005814775
62480,62785,63697,305,912,8,6000,1.33442982456
62481,62870,63807,389,937,8,6000,1.4151547492
62784,63029,63952,245,923,8,6000,1.26543878657
62869,63430,64368,561,938,8,6000,1.59808102345
63026,63423,64349,397,926,8,6000,1.42872570194
63424,63709,64655,285,946,8,6000,1.30126849894
63435,63818,64735,383,917,8,6000,1.41766630316
63707,63963,64888,256,925,8,6000,1.27675675676
63822,64361,72123,539,7762,5,16200,1.06944086576
63968,64379,71553,411,7174,5,16200,1.05729021466
64366,64385,71525,19,7140,5,16200,1.00266106443
64377,64666,72158,289,7492,5,16200,1.03857447944
64388,64746,71551,358,6805,5,16200,1.05260837619
64671,64752,70105,81,5353,5,16200,1.01513170185
64745,64913,71777,168,6864,5,16200,1.02447552448
64756,64919,69872,163,4953,5,16200,1.03290934787
64913,69883,75722,4970,5839,5,16200,1.85117314609
64924,70117,77664,5193,7547,5,16200,1.68808798198
65810,65816,221453,6,155637,1,360000,1.00003855124
66199,66206,70787,7,4581,1,55800,1.00152805064
67469,67475,67708,6,233,3,3600,1.02575107296
68157,68163,68397,6,234,3,3600,1.02564102564
69880,71536,76802,1656,5266,5,16200,1.3144701861
70117,71562,76760,1445,5198,5,16200,1.27799153521
71536,71568,76355,32,4787,5,16200,1.00668477126
71567,71788,79126,221,7338,5,16200,1.03011719815
71568,72134,80616,566,8482,5,16200,1.06672954492
71784,72169,77168,385,4999,5,16200,1.07701540308
72135,75734,82304,3599,6570,5,16200,1.54779299848
72166,76366,81889,4200,5523,5,16200,1.76045627376
74180,74186,75325,6,1139,8,2100,1.00526777875
75735,76771,80990,1036,4219,5,16200,1.24555581891
75748,75755,75827,7,72,8,600,1.09722222222
75986,75992,76387,6,395,8,2100,1.01518987342
76363,77179,83304,816,6125,5,16200,1.1332244898
76775,76813,85417,38,8604,5,16200,1.00441655044
76817,77675,84214,858,6539,5,16200,1.13121272366
77177,79138,84970,1961,5832,5,16200,1.33624828532
77238,77245,77248,7,3,8,600,1.0
77681,80628,87412,2947,6784,5,16200,1.43440448113
78022,78029,78389,7,360,64,9000,1.01944444444
78631,78637,78920,6,283,64,9000,1.02120141343
79142,81001,86545,1859,5544,5,16200,1.33531746032
80624,82315,89540,1691,7225,5,16200,1.23404844291
81005,81900,88970,895,7070,5,16200,1.12659123055
81901,85428,93552,3527,8124,5,16200,1.43414574101
82313,83315,89562,1002,6247,5,16200,1.16039699056
83311,84225,91490,914,7265,5,16200,1.12580867171
84227,84982,92888,755,7906,5,16200,1.09549709082
84978,87423,92028,2445,4605,5,16200,1.53094462541
85432,86556,93535,1124,6979,5,16200,1.16105459235
86553,88981,95212,2428,6231,5,16200,1.38966458032
87428,89551,93959,2123,4408,5,16200,1.48162431942
88981,89573,94579,592,5006,5,16200,1.11825809029
89548,91502,95967,1954,4465,5,16200,1.43762597984
89569,92039,97465,2470,5426,5,16200,1.45521562846
91503,92899,98910,1396,6011,5,16200,1.2322408917
92039,93563,98376,1524,4813,5,16200,1.31664242676
92903,93546,99800,643,6254,5,16200,1.10281419891
93552,95223,100187,1671,4964,5,16200,1.33662369057
93563,93970,102098,407,8128,5,16200,1.0500738189
93975,94590,100618,615,6028,5,16200,1.10202388852
94592,95978,103020,1386,7042,5,16200,1.19681908549
95061,95068,95075,7,7,1,3600,1.4
95180,95186,95302,6,116,1,3600,1.05172413793
95220,97476,103008,2256,5532,5,16200,1.40780911063
95427,95433,95692,6,259,1,3600,1.02316602317
95921,95927,96501,6,574,1,3600,1.01045296167
95982,98387,107085,2405,8698,5,16200,1.27650034491
97010,97016,97023,6,7,1,3600,1.3
97132,97138,97221,6,83,1,3600,1.07228915663
97346,97352,97595,6,243,1,3600,1.02469135802
97473,98921,103697,1448,4776,5,16200,1.30318257956
97842,97848,98853,6,1005,1,900,1.00597014925
97882,97888,98363,6,475,1,3600,1.01263157895
98390,99811,104564,1421,4753,5,16200,1.29896907216
98673,98679,98687,6,8,1,1800,1.4
98835,98841,98921,6,80,1,1800,1.075
98926,100198,107516,1272,7318,5,16200,1.17381798306
99031,99038,99155,7,117,1,3600,1.05982905983
99137,99143,99236,6,93,1,1800,1.06451612903
99285,99291,99548,6,257,1,3600,1.0233463035
99692,99699,100085,7,386,1,1800,1.01813471503
99779,99785,100358,6,573,1,3600,1.01047120419
99811,102109,106908,2298,4799,5,16200,1.47884976037
100202,100629,105525,427,4896,5,16200,1.08721405229
100625,103031,110878,2406,7847,5,16200,1.30661399261
100723,100729,100737,6,8,1,1800,1.4
100883,100889,100930,6,41,1,1800,1.14634146341
101152,101158,101232,6,74,1,1800,1.08108108108
101206,101213,101296,7,83,1,3600,1.0843373494
101423,101454,101759,31,305,1,3600,1.10163934426
101883,101889,102151,6,262,1,1800,1.02290076336
102040,102046,102505,6,459,1,3600,1.01307189542
102107,103019,109202,912,6183,5,16200,1.147501213
103022,105536,112418,2514,6882,5,16200,1.36530078466
103033,103708,109481,675,5773,5,16200,1.11692360991
103712,104576,111175,864,6599,5,16200,1.13092892863
103843,103850,118370,7,14520,2,14400,1.00048209366
104576,106919,111632,2343,4713,5,16200,1.49713558243
105536,107096,113480,1560,6384,5,16200,1.24436090226
106289,106296,106378,7,82,1,1800,1.08536585366
106538,106544,232595,6,126051,3,126000,1.00004759978
106600,106606,106711,6,105,1,1800,1.05714285714
106916,107527,113383,611,5856,5,16200,1.10433743169
107101,109213,115711,2112,6498,5,16200,1.32502308403
107180,107187,107554,7,367,1,1800,1.01907356948
107524,110889,118278,3365,7389,5,16200,1.45540668561
108644,108650,108690,6,40,1,1800,1.15
108921,108944,109019,23,75,1,1800,1.30666666667
108944,108951,126317,7,17366,1,360000,1.00040308649
109211,109492,113648,281,4156,5,16200,1.06761308951
109489,111186,117599,1697,6413,5,16200,1.26461874318
109604,109610,109851,6,241,1,1800,1.02489626556
110887,112430,117436,1543,5006,5,16200,1.30823012385
111186,111644,118702,458,7058,5,16200,1.06489090394
111649,113491,121685,1842,8194,5,16200,1.22479863315
112059,112065,113675,6,1610,4,18000,1.00372670807
112432,113394,121288,962,7894,5,16200,1.12186470737
113399,115723,122485,2324,6762,5,16200,1.34368530021
113492,113659,118719,167,5060,5,16200,1.03300395257
113657,117447,122069,3790,4622,5,16200,1.81999134574
114500,114507,121738,7,7231,32,7200,1.00096805421
114534,121744,128961,7210,7217,32,7200,1.9990300679
114541,129300,136545,14759,7245,32,7200,3.03712905452
115398,115404,115772,6,368,2,14400,1.01630434783
115724,118290,124965,2566,6675,5,16200,1.38441947566
117452,117610,124298,158,6688,5,16200,1.02362440191
117607,118713,123815,1106,5102,5,16200,1.21677773422
118055,118061,118607,6,546,1,3600,1.01098901099
118058,118067,118607,9,540,1,3600,1.01666666667
118286,118731,123440,445,4709,5,16200,1.09449989382
118353,118360,118486,7,126,3,604800,1.05555555556
118599,118605,118744,6,139,1,1800,1.04316546763
118624,118630,120454,6,1824,1,3600,1.00328947368
118627,118637,120454,10,1817,1,3600,1.00550357733
118668,118675,119129,7,454,128,1800,1.0154185022
118677,119140,119280,463,140,64,1800,4.30714285714
118684,118691,118811,7,120,32,1800,1.05833333333
118688,118823,118952,135,129,16,1800,2.04651162791
118692,118700,118893,8,193,8,1800,1.0414507772
118699,118707,118964,8,257,4,1800,1.03112840467
118703,118718,119048,15,330,2,1800,1.04545454545
118710,121301,125769,2591,4468,5,16200,1.57990152193
118731,121699,126130,2968,4431,5,16200,1.66982622433
118750,118828,723656,78,604828,3,604800,1.00012896228
118757,118834,723656,77,604822,3,604800,1.00012731018
118767,118839,723676,72,604837,3,604800,1.00011904034
119644,120048,120183,404,135,64,1800,3.99259259259
119644,119650,120037,6,387,128,1800,1.01550387597
119644,119656,119765,12,109,32,1800,1.11009174312
119645,119778,119908,133,130,16,1800,2.02307692308
119645,119783,119972,138,189,8,1800,1.73015873016
119646,119668,119992,22,324,2,1800,1.06790123457
119646,119663,119920,17,257,4,1800,1.06614785992
119646,119673,119826,27,153,1,1800,1.17647058824
120125,136557,143789,16432,7232,32,7200,3.27212389381
120136,144283,146893,24147,2610,32,7200,10.2517241379
120205,120211,173631,6,53420,2,53400,1.00011231748
120424,120430,120434,6,4,4,259200,1.0
120475,120482,121284,7,802,1,3600,1.00872817955
120479,120488,121289,9,801,1,3600,1.01123595506
120625,120632,176581,7,55949,4,259200,1.00012511394
120992,121003,164015,11,43012,1,43200,1.00025574258
120992,121015,164120,23,43105,1,43200,1.00053358079
120992,120998,164014,6,43016,1,43200,1.00013948298
120992,121009,164086,17,43077,1,43200,1.00039464215
120993,121028,164103,35,43075,1,43200,1.00081253627
120993,121021,164035,28,43014,1,43200,1.00065095085
120993,121033,164168,40,43135,1,43200,1.0009273212
120994,121049,164138,55,43089,1,43200,1.00127642786
120994,121055,164066,61,43011,1,43200,1.00141824185
120994,121038,164060,44,43022,1,43200,1.00102273256
120994,121044,164065,50,43021,1,43200,1.0011622231
120995,121066,164141,71,43075,1,43200,1.00164828787
120995,121076,136884,81,15808,1,43200,1.00512398785
120995,121071,164144,76,43073,1,43200,1.0017644464
120995,121060,164081,65,43021,1,43200,1.00151089003
120996,121087,123662,91,2575,1,43200,1.03533980583
120996,121082,161393,86,40311,1,43200,1.00213341272
120996,121093,164102,97,43009,1,43200,1.00225534191
120997,121098,164108,101,43010,1,43200,1.0023482911
121305,122496,127513,1191,5017,5,16200,1.23739286426
121496,121502,129415,6,7913,4,259200,1.00075824592
121696,122081,128323,385,6242,5,16200,1.06167894905
122009,122015,125884,6,3869,4,259200,1.00155078832
122078,123456,131134,1378,7678,5,16200,1.17947382131
122302,122309,126683,7,4374,6,259200,1.0016003658
122501,123826,128547,1325,4721,5,16200,1.28066087693
122543,122549,122551,6,2,2,7200,1.0
122596,122602,122724,6,122,1,3600,1.04918032787
122600,122609,122731,9,122,1,3600,1.0737704918
122795,122801,127035,6,4234,4,259200,1.00141709967
122885,122891,175661,6,52770,25,86399,1.00011370097
122921,122927,123199,6,272,1,3600,1.02205882353
122925,122933,123205,8,272,1,3600,1.02941176471
122953,122959,123209,6,250,2,7200,1.024
122984,122990,163979,6,40989,20,43199,1.00014638074
123442,123464,189998,22,66534,4,259200,1.00033065801
123459,124309,132077,850,7768,5,16200,1.10942327497
123534,123540,124034,6,494,2,7200,1.01214574899
123830,124977,132700,1147,7723,5,16200,1.14851741551
123864,123870,123874,6,4,4,259200,1.0
123891,123897,188258,6,64361,4,259200,1.00009322416
123945,123951,124755,6,804,2,7200,1.00746268657
124028,124034,190328,6,66294,4,259200,1.00009050593
124118,124124,190361,6,66237,4,259200,1.00009058381
124308,125780,132299,1472,6519,5,16200,1.2258015033
124337,124343,183063,6,58720,4,259200,1.00010217984
124461,124468,124607,7,139,2,7200,1.05035971223
124566,124572,173159,6,48587,4,259200,1.00012348982
124774,124780,124891,6,111,2,7200,1.05405405405
124845,124851,178419,6,53568,4,259200,1.00011200717
124914,124920,125423,6,503,2,18000,1.01192842942
124978,126141,131711,1163,5570,5,16200,1.20879712747
125017,125024,174902,7,49878,4,259200,1.00014034244
125163,125170,125175,7,5,4,259200,1.2
125245,125252,125262,7,10,4,259200,1.7
125300,125307,127997,7,2690,4,259200,1.00260223048
125524,125530,204123,6,78593,16,108000,1.00007634268
125541,125547,125606,6,59,2,18000,1.10169491525
125783,128334,133021,2551,4687,5,16200,1.54427138895
125894,125900,190045,6,64145,4,259200,1.00009353808
125959,125965,126260,6,295,2,18000,1.02033898305
125978,125984,126022,6,38,1,1800,1.15789473684
126033,126039,126245,6,206,1,1800,1.02912621359
126142,127524,133593,1382,6069,5,16200,1.22771461526
126358,126364,128389,6,2025,2,18000,1.00296296296
126384,126390,126497,6,107,1,5400,1.05607476636
126583,126589,126670,6,81,1,1800,1.07407407407
126630,126636,126662,6,26,1,5400,1.23076923077
126697,126704,190189,7,63485,4,259200,1.00011026227
126990,126996,127126,6,130,2,7200,1.04615384615
127032,127038,190261,6,63223,4,259200,1.00009490217
127044,127050,127418,6,368,1,1800,1.01630434783
127222,127228,127673,6,445,1,1800,1.01348314607
127261,127267,127681,6,414,2,7200,1.01449275362
127522,131146,136206,3624,5060,5,16200,1.7162055336
127554,127560,127912,6,352,1,1800,1.01704545455
127893,127901,487925,8,360024,1,360000,1.00002222074
127905,127911,487956,6,360045,1,360000,1.00001666458
127978,127985,128436,7,451,1,1800,1.0155210643
127999,128005,128524,6,519,1,1800,1.01156069364
128339,128558,133136,219,4578,5,16200,1.04783748362
128380,128972,129155,592,183,64,1800,4.2349726776
128381,129177,129388,796,211,8,1800,4.77251184834
128381,129172,129336,791,164,16,1800,5.82317073171
128381,129167,129288,786,121,32,1800,7.4958677686
128381,129348,129622,967,274,4,1800,4.52919708029
128382,128400,128617,18,217,1,1800,1.08294930876
128382,128536,128913,154,377,2,1800,1.40848806366
128395,128924,137216,529,8292,2,18000,1.06379643029
128554,131723,140582,3169,8859,5,16200,1.35771531776
128752,128758,129276,6,518,1,1800,1.01158301158
129114,129183,244413,69,115230,1,115200,1.0005988024
129114,129193,244439,79,115246,1,115200,1.00068549017
129114,129188,244406,74,115218,1,115200,1.00064226076
129114,129199,244432,85,115233,1,115200,1.00073763592
129115,129204,244450,89,115246,1,115200,1.00077226108
129121,129287,244533,166,115246,1,115200,1.00144039706
129121,129221,244446,100,115225,1,115200,1.00086786722
129121,129215,244444,94,115229,1,115200,1.00081576686
129121,129209,244426,88,115217,1,115200,1.00076377618
129122,129400,244622,278,115222,1,115200,1.00241273368
129128,129406,244620,278,115214,1,115200,1.00241290121
129128,129416,244626,288,115210,1,115200,1.002499783
129128,129427,244635,299,115208,1,115200,1.00259530588
129128,129411,244622,283,115211,1,115200,1.00245636267
129128,129422,244668,294,115246,1,115200,1.00255106468
129135,129354,186975,219,57621,1,57600,1.00380069766
129135,129359,186972,224,57613,1,57600,1.00388801139
129135,129370,187006,235,57636,1,57600,1.00407731279
129135,129364,186987,229,57623,1,57600,1.00397410756
129136,129375,187000,239,57625,1,57600,1.00414750542
129460,129466,129987,6,521,1,1800,1.01151631478
129672,129678,129721,6,43,1,1800,1.13953488372
129859,129866,129906,7,40,1,1800,1.175
129992,129999,131827,7,1828,1,1800,1.00382932166
130677,130683,131974,6,1291,5,21600,1.00464756003
131723,132089,139930,366,7841,5,16200,1.04667771968
131959,132711,137556,752,4845,5,16200,1.15521155831
131960,131966,145956,6,13990,5,21600,1.00042887777
132092,132311,137156,219,4845,5,16200,1.04520123839
132307,133604,138657,1297,5053,5,16200,1.25667920047
132717,133034,140558,317,7524,5,16200,1.04213184476
132800,132806,132966,6,160,2,7200,1.0375
133034,133147,141275,113,8128,5,16200,1.01390255906
133102,133108,133576,6,468,2,7200,1.01282051282
133148,136218,142928,3070,6710,5,16200,1.45752608048
133148,133154,151007,6,17853,1,37800,1.00033607797
133401,133407,133840,6,433,2,7200,1.01385681293
133597,136855,396078,3258,259223,5,259200,1.0125683292
133907,133914,135111,7,1197,2,7200,1.00584795322
134206,134213,135695,7,1482,2,7200,1.00472334683
134597,134603,135266,6,663,1,7200,1.00904977376
134711,134718,136734,7,2016,1,7200,1.00347222222
134730,134736,135451,6,715,1,7200,1.00839160839
135652,135659,135926,7,267,2,14400,1.02621722846
136215,137167,144551,952,7384,5,16200,1.12892741062
136480,136486,137232,6,746,1,7200,1.00804289544
136514,136520,137213,6,693,1,7200,1.00865800866
136859,137568,142804,709,5236,5,16200,1.13540870894
137060,137066,137812,6,746,1,7200,1.00804289544
137165,141571,149766,4406,8195,5,16200,1.53764490543
137340,137347,137734,7,387,2,18000,1.0180878553
137450,137456,137464,6,8,1,43200,1.4
137572,139942,141560,2370,1618,8,6000,2.46477132262
137758,137765,137979,7,214,2,3600,1.03271028037
138008,138015,138016,7,1,1,240,1.0
138018,138024,138095,6,71,1,37800,1.08450704225
138080,138088,138808,8,720,1,7200,1.01111111111
138099,138107,139136,8,1029,1,7200,1.00777453839
138150,138156,138900,6,744,1,7200,1.00806451613
138158,138164,138360,6,196,2,3600,1.0306122449
138573,138581,140007,8,1426,2,18000,1.00561009818
138874,138880,139475,6,595,2,7200,1.01008403361
138917,138923,138928,6,5,4,3600,1.1
138917,138934,138937,17,3,1,3600,2.0
138917,138928,138931,11,3,2,3600,1.4
138918,138941,138945,23,4,8,3600,2.7
139111,139123,139695,12,572,1,3600,1.02097902098
139112,139117,140397,5,1280,2,3600,1.00390625
139112,139129,139677,17,548,8,3600,1.03102189781
139112,139149,140024,37,875,4,3600,1.04228571429
139113,140409,140747,1296,338,16,3600,4.83431952663
139223,139488,140159,265,671,2,7200,1.39493293592
139376,140992,160344,1616,19352,4,86400,1.08350558082
139946,140594,142475,648,1881,8,6000,1.34449760766
140066,140073,140388,7,315,2,18000,1.02222222222
140205,140211,141010,6,799,1,7200,1.00750938673
140239,140245,140994,6,749,1,7200,1.00801068091
140494,140764,144310,270,3546,2,18000,1.07614213198
140524,140759,141190,235,431,2,7200,1.54524361949
140591,141286,142905,695,1619,8,6000,1.42927733169
140832,140839,141312,7,473,2,7200,1.01479915433
141287,142486,144108,1199,1622,8,6000,1.7392108508
141316,141322,141324,6,2,2,3600,1.0
141317,141342,141343,25,1,4,3600,2.6
141317,141335,141336,18,1,8,3600,1.9
141532,141539,144808,7,3269,4,7200,1.00214132762
141574,142815,144411,1241,1596,8,6000,1.77756892231
141601,141608,143357,7,1749,1,43200,1.00400228702
141706,141718,142644,12,926,2,3600,1.01295896328
141706,141723,142386,17,663,1,3600,1.02564102564
141707,144011,144457,2304,446,8,3600,6.16591928251
141707,143801,143994,2094,193,32,3600,11.8497409326
141707,141712,142428,5,716,4,3600,1.00698324022
141707,144006,144231,2299,225,16,3600,11.2177777778
141708,178706,179314,36998,608,128,3600,61.8519736842
141708,163991,164227,22283,236,64,3600,95.4194915254
141779,141786,141968,7,182,1,3540,1.03846153846
141881,141980,143537,99,1557,1,3540,1.06358381503
141915,142398,142546,483,148,1,3540,4.26351351351
141935,142440,142658,505,218,1,3540,3.31651376147
141955,142445,142677,490,232,1,3540,3.11206896552
141987,142451,142641,464,190,1,3540,3.44210526316
142006,142456,142714,450,258,1,3540,2.74418604651
142026,142559,142927,533,368,1,3540,2.44836956522
142046,142654,143081,608,427,1,3540,2.42388758782
142066,142661,143033,595,372,1,3540,2.59946236559
142086,142666,143095,580,429,1,3540,2.35198135198
142124,142673,142895,549,222,1,3540,3.47297297297
142191,142689,142856,498,167,1,3540,3.98203592814
142236,142726,142854,490,128,1,3540,4.828125
142256,142866,142945,610,79,1,3540,8.72151898734
142341,142907,142992,566,85,2,7200,7.65882352941
142484,142916,144504,432,1588,8,6000,1.27204030227
142812,144119,145719,1307,1600,8,6000,1.816875
142830,174914,175645,32084,731,4,604800,44.8905608755
142915,144424,146038,1509,1614,8,6000,1.93494423792
143089,143096,143102,7,6,3,43200,1.3
143164,143170,143179,6,9,3,43200,1.5
143219,143227,144270,8,1043,3,52200,1.00767018217
143281,175657,175659,32376,2,4,604800,3237.8
143423,175671,175672,32248,1,4,604800,3224.9
143595,175686,175688,32091,2,4,604800,3209.3
144122,144516,146118,394,1602,8,6000,1.24594257179
144410,144418,144715,8,297,3,3600,1.02693602694
144430,144563,146174,133,1611,8,6000,1.08255741775
144512,145730,147318,1218,1588,8,6000,1.76700251889
144563,146049,147630,1486,1581,8,6000,1.93991144845
144724,179332,308972,34608,129640,25,129599,1.26695464363
144764,144771,144776,7,5,3,3600,1.2
144807,144814,144817,7,3,3,3600,1.0
144935,144942,146075,7,1133,2,7200,1.00617828773
144955,144962,144997,7,35,8,60,1.2
144956,144967,148347,11,3380,3,3600,1.00325443787
145143,145149,145182,6,33,8,60,1.18181818182
145217,145224,146300,7,1076,2,7200,1.00650557621
145348,145354,145394,6,40,8,60,1.15
145407,145973,147751,566,1778,1,43200,1.3183352081
145407,145413,163351,6,17938,1,43200,1.00033448545
145476,145968,146012,492,44,8,60,12.1818181818
145699,145706,145749,7,43,2,18000,1.16279069767
145729,146129,147745,400,1616,8,6000,1.24752475248
145802,179337,308970,33535,129633,25,129599,1.25869184544
146047,146186,147764,139,1578,8,6000,1.08808618504
146129,147329,148931,1200,1602,8,6000,1.74906367041
146158,146165,146846,7,681,2,7200,1.01027900147
146162,146172,146200,10,28,2,18000,1.35714285714
146181,147641,149241,1460,1600,8,6000,1.9125
146414,146421,147190,7,769,2,7200,1.00910273082
146789,147806,155043,1017,7237,32,7200,1.14052784303
147326,147756,149360,430,1604,8,6000,1.2680798005
147643,147775,149374,132,1599,8,6000,1.08255159475
147756,148942,150526,1186,1584,8,6000,1.74873737374
147777,149252,150850,1475,1598,8,6000,1.92302878598
147947,173172,497187,25225,324015,5,324000,1.07785133404
148486,148493,164477,7,15984,3,43200,1.00043793794
148942,149371,150959,429,1588,8,6000,1.2701511335
149249,149385,150992,136,1607,8,6000,1.08462974487
149373,149778,151393,405,1615,8,6000,1.25077399381
149383,150538,152150,1155,1612,8,6000,1.71650124069
149782,150861,152465,1079,1604,8,6000,1.67269326683
150539,150970,152560,431,1590,8,6000,1.27106918239
150866,151003,152617,137,1614,8,6000,1.08488228005
150968,151404,153013,436,1609,8,6000,1.27097576134
150976,150983,151045,7,62,1,3600,1.11290322581
150980,150989,151050,9,61,1,3600,1.14754098361
151000,152163,153773,1163,1610,8,6000,1.72236024845
151409,152476,154083,1067,1607,8,6000,1.66397013068
151423,151430,151601,7,171,1,3540,1.04093567251
151729,151735,152803,6,1068,1,3540,1.00561797753
151796,151801,151940,5,139,1,3540,1.03597122302
151830,151837,152015,7,178,1,3540,1.0393258427
151865,151872,152091,7,219,1,3540,1.03196347032
151930,151936,152126,6,190,1,3540,1.03157894737
151963,151971,152193,8,222,1,3540,1.03603603604
151997,152005,152348,8,343,1,3540,1.02332361516
152032,152039,152400,7,361,1,3540,1.01939058172
152066,152073,152418,7,345,1,3540,1.02028985507
152104,152111,152467,7,356,1,3540,1.01966292135
152163,152571,154171,408,1600,8,6000,1.255
152182,152189,152457,7,268,1,3540,1.02611940299
152269,152276,152432,7,156,1,3540,1.04487179487
152346,152352,152482,6,130,1,3540,1.04615384615
152382,152388,152460,6,72,1,3540,1.08333333333
152480,152628,154233,148,1605,8,6000,1.09221183801
152521,152529,152562,8,33,8,60,1.24242424242
152572,153026,154904,454,1878,8,6000,1.24174653887
152596,152603,152636,7,33,8,60,1.21212121212
152634,153784,155402,1150,1618,8,6000,1.71075401731
153023,154094,155688,1071,1594,8,6000,1.67189460477
153255,153262,153305,7,43,8,60,1.16279069767
153789,154182,155776,393,1594,8,6000,1.24654956085
154096,154245,155841,149,1596,8,6000,1.09335839599
154179,154916,156521,737,1605,8,6000,1.45919003115
154251,155413,157007,1162,1594,8,6000,1.72898368883
154656,154663,154704,7,41,8,60,1.17073170732
154835,154841,154868,6,27,8,60,1.22222222222
154915,155700,157308,785,1608,8,6000,1.4881840796
155416,155787,157372,371,1585,8,6000,1.23406940063
155482,155489,162693,7,7204,32,7200,1.0009716824
155509,164239,171469,8730,7230,32,7200,2.20746887967
155513,171476,178694,15963,7218,32,7200,3.21155444722
155518,179362,186590,23844,7228,32,7200,4.29883785279
155522,186601,193842,31079,7241,32,7200,5.29208672835
155527,193849,201081,38322,7232,32,7200,6.29894911504
155536,201087,208292,45551,7205,32,7200,7.32213740458
155542,208298,215524,52756,7226,32,7200,8.30085801273
155547,215536,222770,59989,7234,32,7200,9.29264583909
155552,224644,224649,69092,5,32,7200,6909.7
155703,155852,157427,149,1575,8,6000,1.0946031746
155756,155763,155797,7,34,8,60,1.20588235294
155785,156532,158148,747,1616,8,6000,1.46225247525
155857,157018,158625,1161,1607,8,6000,1.72246421904
156532,157319,158914,787,1595,8,6000,1.4934169279
157023,157384,158997,361,1613,8,6000,1.22380657161
157319,157438,159040,119,1602,8,6000,1.07428214732
157381,158159,159783,778,1624,8,6000,1.47906403941
157443,158636,160252,1193,1616,8,6000,1.73824257426
158159,158925,160543,766,1618,8,6000,1.47342398022
158523,158529,158766,6,237,3,3600,1.0253164557
158640,159008,160626,368,1618,8,6000,1.22744128554
158836,158843,159082,7,239,3,3600,1.02928870293
158926,159051,160637,125,1586,8,6000,1.07881462799
159008,159794,161405,786,1611,8,6000,1.48789571695
159050,160263,161875,1213,1612,8,6000,1.75248138958
159532,159538,159774,6,236,3,3600,1.02542372881
159796,160554,162173,758,1619,8,6000,1.46819024089
160116,160124,160125,8,1,2,3540,1.0
160267,160637,162235,370,1598,8,6000,1.23153942428
160555,160648,162258,93,1610,8,6000,1.05776397516
160637,161416,163023,779,1607,8,6000,1.48475420037
160648,161886,163481,1238,1595,8,6000,1.77617554859
160989,160996,161033,7,37,8,60,1.18918918919
161415,162184,163786,769,1602,8,6000,1.48002496879
161832,179326,195623,17494,16297,20,86399,2.07344910106
161886,162246,163855,360,1609,8,6000,1.22374145432
162182,162269,163896,87,1627,8,6000,1.05347264905
162244,163035,164630,791,1595,8,6000,1.49592476489
162265,163493,165094,1228,1601,8,6000,1.76702061212
163032,163797,165422,765,1625,8,6000,1.47076923077
163394,163401,163662,7,261,1,3600,1.02681992337
163425,163431,163713,6,282,1,3600,1.02127659574
163493,163866,165493,373,1627,8,6000,1.22925629994
163879,163885,163886,6,1,1,3600,1.0
164009,164016,164077,7,61,1,3600,1.11475409836
164012,164023,164084,11,61,1,3600,1.18032786885
164423,164430,164691,7,261,1,3600,1.02681992337
164497,164503,164785,6,282,1,3600,1.02127659574
165309,165316,165376,7,60,1,3600,1.11666666667
165320,165326,165388,6,62,1,3600,1.09677419355
165503,165510,165559,7,49,8,6000,1.14285714286
165504,165515,165559,11,44,8,6000,1.25
165507,165521,165559,14,38,8,6000,1.36842105263
165544,165556,167160,12,1604,8,6000,1.00748129676
165544,165550,167124,6,1574,8,6000,1.00381194409
165555,165570,167168,15,1598,8,6000,1.00938673342
165556,165576,167178,20,1602,8,6000,1.01248439451
165566,165582,167194,16,1612,8,6000,1.00992555831
165577,167136,168753,1559,1617,8,6000,1.96413110699
165578,167172,168767,1594,1595,8,6000,1.99937304075
167136,167179,168086,43,907,8,6000,1.04740904079
167168,167189,168785,21,1596,8,6000,1.01315789474
167177,167205,168098,28,893,8,6000,1.0313549832
167188,168097,168983,909,886,8,6000,2.02595936795
167209,168109,169001,900,892,8,6000,2.00896860987
167990,167996,168168,6,172,1,3540,1.03488372093
168098,168780,170368,682,1588,8,6000,1.42947103275
168098,168765,169660,667,895,8,6000,1.74525139665
168281,168289,169361,8,1072,1,3540,1.00746268657
168341,168348,168485,7,137,1,3540,1.05109489051
168373,168379,168555,6,176,1,3540,1.03409090909
168404,168410,168629,6,219,1,3540,1.02739726027
168463,168469,168654,6,185,1,3540,1.03243243243
168493,168500,168723,7,223,1,3540,1.03139013453
168525,168532,168873,7,341,1,3540,1.02052785924
168556,168563,168922,7,359,1,3540,1.01949860724
168587,168594,168931,7,337,1,3540,1.02077151335
168617,168625,168982,8,357,1,3540,1.02240896359
168688,168694,168960,6,266,1,3540,1.02255639098
168762,168796,169712,34,916,8,6000,1.03711790393
168768,168774,168931,6,157,1,3540,1.03821656051
168783,168994,169886,211,892,8,6000,1.2365470852
168794,169012,169894,218,882,8,6000,1.24716553288
168794,169671,171287,877,1616,8,6000,1.5426980198
168835,168841,168964,6,123,1,3540,1.0487804878
168867,168875,168948,8,73,1,3540,1.1095890411
169009,169723,170602,714,879,8,6000,1.81228668942
169009,170379,171295,1370,916,8,6000,2.49563318777
169009,169897,171777,888,1880,8,6000,1.47234042553
169792,169799,169806,7,7,32,21600,1.4
169898,169905,170794,7,889,8,6000,1.00787401575
169898,171298,172182,1400,884,8,6000,2.58371040724
170379,170613,171524,234,911,8,6000,1.25686059276
170379,170805,172396,426,1591,8,6000,1.26775612822
170379,171788,172678,1409,890,8,6000,2.58314606742
170676,170683,170684,7,1,1,240,1.0
171299,171306,172201,7,895,8,6000,1.00782122905
171299,171535,172415,236,880,8,6000,1.26818181818
171299,172407,174027,1108,1620,8,6000,1.68395061728
171378,171384,171624,6,240,3,3600,1.025
171789,172193,173062,404,869,8,6000,1.46490218642
172135,172141,183663,6,11522,1,55800,1.00052074293
172189,172426,173312,237,886,8,6000,1.26749435666
172189,172212,173825,23,1613,8,6000,1.01425914445
172404,173073,174686,669,1613,8,6000,1.41475511469
172404,172689,173605,285,916,8,6000,1.31113537118
172501,172508,172746,7,238,3,3600,1.02941176471
172688,173323,174231,635,908,8,6000,1.69933920705
173077,173837,174744,760,907,8,6000,1.83792723264
173322,173616,174510,294,894,8,6000,1.3288590604
173322,174038,175639,716,1601,8,6000,1.4472204872
173392,175699,209943,2307,34244,2,34200,1.06736946618
173833,174697,175583,864,886,8,6000,1.97516930023
174036,174521,175399,485,878,8,6000,1.55239179954
174036,174242,175825,206,1583,8,6000,1.13013265951
174396,179343,179351,4947,8,32,21600,495.5
174518,174755,175668,237,913,8,6000,1.2595837897
174700,175594,176503,894,909,8,6000,1.98349834983
174700,175410,177020,710,1610,8,6000,1.44099378882
175408,175650,176550,242,900,8,6000,1.26888888889
175592,175837,176729,245,892,8,6000,1.27466367713
175650,175679,177282,29,1603,8,6000,1.01809107923
175651,177031,177941,1380,910,8,6000,2.51648351648
175835,176561,177464,726,903,8,6000,1.80398671096
175835,176515,178124,680,1609,8,6000,1.42262274705
175862,178431,191975,2569,13544,5,604800,1.18967808624
175916,179348,192698,3432,13350,5,604800,1.25707865169
175945,179353,192960,3408,13607,5,604800,1.25045932241
176560,176740,177633,180,893,8,6000,1.20156774916
176560,177293,178892,733,1599,8,6000,1.45841150719
177031,178135,179743,1104,1608,8,6000,1.68656716418
177031,177475,178373,444,898,8,6000,1.49443207127
177472,177644,178544,172,900,8,6000,1.19111111111
177644,178904,179811,1260,907,8,6000,2.38919514884
177644,177952,179591,308,1639,8,6000,1.18791946309
178135,178384,179271,249,887,8,6000,1.28072153326
178381,178555,179466,174,911,8,6000,1.19099890231
178381,179602,181206,1221,1604,8,6000,1.76122194514
178902,179755,180651,853,896,8,6000,1.95200892857
178902,179282,180182,380,900,8,6000,1.42222222222
178902,179477,181067,575,1590,8,6000,1.36163522013
179494,179500,193935,6,14435,11,14400,1.00041565639
179608,179823,180728,215,905,8,6000,1.23756906077
179608,180740,181633,1132,893,8,6000,2.26763717805
179608,180194,181815,586,1621,8,6000,1.36150524368
180190,181078,181975,888,897,8,6000,1.98996655518
180190,180662,182249,472,1587,8,6000,1.29741650914
180742,181827,182727,1085,900,8,6000,2.20555555556
180742,181217,182107,475,890,8,6000,1.53370786517
180742,181644,183228,902,1584,8,6000,1.56944444444
181481,181487,185094,6,3607,1,3600,1.00166343222
181642,182260,183161,618,901,8,6000,1.6859045505
181642,181987,183578,345,1591,8,6000,1.21684475173
181642,182118,183016,476,898,8,6000,1.53006681514
182122,182739,184332,617,1593,8,6000,1.38731952291
182122,183027,183934,905,907,8,6000,1.99779492834
182122,183239,184132,1117,893,8,6000,2.25083986562
183032,183173,184787,141,1614,8,6000,1.0873605948
183032,183589,184474,557,885,8,6000,1.62937853107
183236,184343,185937,1107,1594,8,6000,1.69447929737
183236,184143,185056,907,913,8,6000,1.99342825849
183236,183945,184850,709,905,8,6000,1.78342541436
184146,184485,185365,339,880,8,6000,1.38522727273
184146,184798,185699,652,901,8,6000,1.72364039956
184483,184861,185753,378,892,8,6000,1.42376681614
184483,185068,185974,585,906,8,6000,1.64569536424
184483,185948,187564,1465,1616,8,6000,1.90655940594
184917,184923,190315,6,5392,2,14400,1.00111275964
185053,185059,185067,6,8,1,1800,1.4
185066,185764,187367,698,1603,8,6000,1.43543356207
185066,185376,186281,310,905,8,6000,1.34254143646
185066,185710,186602,644,892,8,6000,1.72197309417
185200,185206,185325,6,119,1,3600,1.05042016807
185206,185213,185292,7,79,1,1800,1.08860759494
185406,185413,185527,7,114,1,3600,1.06140350877
185453,185459,185726,6,267,1,3600,1.02247191011
185506,185513,185616,7,103,1,1800,1.06796116505
185657,185664,185952,7,288,1,3600,1.02430555556
185761,186293,187194,532,901,8,6000,1.59045504994
185761,185985,186892,224,907,8,6000,1.24696802646
185969,185975,186588,6,613,1,3600,1.00978792822
185984,186613,199360,629,12747,5,16200,1.04934494391
186075,186081,186464,6,383,1,1800,1.01566579634
186184,186191,186767,7,576,1,3600,1.01215277778
186280,186287,226133,7,39846,1,360000,1.00017567635
186291,186903,198715,612,11812,5,16200,1.0518117169
186609,187378,188282,769,904,8,6000,1.85066371681
186609,187205,188094,596,889,8,6000,1.67041619798
187113,187119,187125,6,6,1,3600,1.2
187118,187125,187132,7,7,1,1800,1.4
187202,188105,188986,903,881,8,6000,2.02497162316
187202,187575,188493,373,918,8,6000,1.40631808279
187227,187233,187317,6,84,1,3600,1.07142857143
187300,187306,187348,6,42,1,1800,1.14285714286
187455,187462,187703,7,241,1,3600,1.02904564315
187570,187581,187659,11,78,1,1800,1.14102564103
187578,187587,198506,9,10919,5,16200,1.00082425131
187589,188293,200201,704,11908,5,16200,1.05911991938
187611,187617,187702,6,85,1,3600,1.07058823529
187819,187825,188070,6,245,1,3600,1.02448979592
188002,188008,188519,6,511,1,3600,1.01174168297
188101,188504,189415,403,911,8,6000,1.44237102086
188251,188257,188522,6,265,1,1800,1.02264150943
188294,188997,199352,703,10355,5,16200,1.06788990826
188360,188366,188845,6,479,1,3600,1.01252609603
188500,189427,190329,927,902,8,6000,2.02771618625
188951,188957,209656,6,20699,4,259200,1.00028986908
189000,189433,199213,433,9780,5,16200,1.04427402863
189000,190340,191231,1340,891,8,6000,2.50392817059
189227,189234,191563,7,2329,8,259200,1.00300558179
189352,189358,195874,6,6516,8,259200,1.00092081031
189429,192145,204917,2716,12772,5,16200,1.21265267773
189429,191243,192134,1814,891,8,6000,3.03591470258
189827,189834,209664,7,19830,8,259200,1.0003530005
189906,189912,189923,6,11,8,259200,1.54545454545
189939,189945,209673,6,19728,8,259200,1.00030413625
191247,199225,200125,7978,900,8,6000,9.86444444444
191247,198517,199406,7270,889,8,6000,9.17772778403
191248,199371,207963,8123,8592,5,16200,1.94541433892
191413,191419,195055,6,3636,2,14400,1.00165016502
192634,192641,192722,7,81,1,1800,1.08641975309
192942,192949,193043,7,94,1,1800,1.07446808511
193508,193515,193878,7,363,1,1800,1.01928374656
194672,194678,206903,6,12225,4,18000,1.00049079755
194966,194972,195017,6,45,1,1800,1.13333333333
195137,195143,209676,6,14533,2,14400,1.00041285351
195242,195248,195324,6,76,1,1800,1.07894736842
195914,195920,196177,6,257,1,1800,1.0233463035
197013,197019,206123,6,9104,4,18000,1.00065905097
199221,199363,200259,142,896,8,6000,1.15848214286
199364,200212,201104,848,892,8,6000,1.95067264574
199375,199417,209084,42,9667,5,16200,1.00434467777
199375,200137,201064,762,927,8,6000,1.82200647249
200141,201116,212308,975,11192,5,16200,1.087115797
200141,201075,201982,934,907,8,6000,2.02976846748
200141,200270,201180,129,910,8,6000,1.14175824176
201071,202111,211022,1040,8911,5,16200,1.11670968466
201071,201192,202100,121,908,8,6000,1.13325991189
201071,201993,202884,922,891,8,6000,2.03479236813
201990,203825,212810,1835,8985,5,16200,1.20422927101
201990,202896,203808,906,912,8,6000,1.99342105263
201990,203820,204725,1830,905,8,6000,3.02209944751
203817,204736,213355,919,8619,5,16200,1.10662489848
203817,204928,205834,1111,906,8,6000,2.22626931567
204066,204072,204429,6,357,2,7200,1.01680672269
204155,204166,204167,11,1,8,60,1.2
204208,204214,248108,6,43894,16,108000,1.00013669294
204737,207974,208889,3237,915,8,6000,4.53770491803
204737,205846,206768,1109,922,8,6000,2.20281995662
204737,206779,221618,2042,14839,5,16200,1.1376103511
204745,204752,205129,7,377,2,7200,1.01856763926
205054,205060,551299,6,346239,2,346200,1.00001732907
205100,205106,205239,6,133,2,346200,1.04511278195
205784,205791,295229,7,89438,2,89400,1.00007826651
206660,206666,206668,6,2,6,604800,1.0
206779,209823,222085,3044,12262,5,16200,1.24824661556
206779,208900,209806,2121,906,8,6000,3.34105960265
206965,224662,224667,17697,5,32,7200,1770.2
206973,224681,224686,17708,5,32,7200,1771.3
206978,224699,224706,17721,7,32,7200,1772.8
206983,224718,224723,17735,5,32,7200,1774.0
206988,224736,224745,17748,9,32,7200,1775.7
206993,224758,224765,17765,7,32,7200,1777.2
206998,224777,224782,17779,5,32,7200,1778.4
207002,224794,224803,17792,9,32,7200,1780.1
207006,224816,224821,17810,5,32,7200,1781.5
207114,207121,207817,7,696,2,7200,1.01005747126
207349,207355,208129,6,774,2,7200,1.00775193798
207774,207780,526904,6,319124,4,604800,1.00001880147
207829,207835,733414,6,525579,6,604800,1.00001141598
208056,208063,208603,7,540,8,259200,1.01296296296
208643,208649,338253,6,129604,25,129599,1.00004629487
208651,208657,209330,6,673,8,259200,1.00891530461
208692,208698,208917,6,219,2,18000,1.02739726027
208718,208725,210565,7,1840,2,18000,1.00380434783
208761,208767,241984,6,33217,20,43199,1.0001806304
208902,210741,219347,1839,8606,5,16200,1.21368812456
208903,209817,210730,914,913,8,6000,2.00109529025
209111,209117,209126,6,9,4,259200,1.5
209149,209155,209522,6,367,8,259200,1.01634877384
209400,209406,209596,6,190,8,259200,1.03157894737
209419,209430,212955,11,3525,4,18000,1.00312056738
209419,209425,216538,6,7113,4,18000,1.00084352594
209674,209680,221276,6,11596,8,259200,1.0005174198
209745,209751,221126,6,11375,8,259200,1.00052747253
209822,211034,211928,1212,894,8,6000,2.35570469799
209822,211939,223291,2117,11352,5,16200,1.18648696265
210098,210104,221236,6,11132,4,259200,1.0005389867
210100,308984,312600,98884,3616,128,3600,28.3462389381
210739,210748,216854,9,6106,2,7200,1.00147396004
210963,210969,217294,6,6325,2,7200,1.0009486166
211038,212320,213242,1282,922,8,6000,2.39045553145
211038,213259,223579,2221,10320,5,16200,1.21521317829
211106,211113,211134,7,21,8,60,1.33333333333
211341,211348,220049,7,8701,2,14400,1.00080450523
211539,211546,211577,7,31,8,60,1.22580645161
211696,211708,211736,12,28,8,60,1.42857142857
211696,211703,212449,7,746,1,7200,1.00938337802
211722,211728,212730,6,1002,1,7200,1.00598802395
211915,211921,215338,6,3417,2,7200,1.00175592625
211978,211984,212012,6,28,8,60,1.21428571429
212047,212054,254462,7,42408,8,259200,1.0001650632
212169,212176,215301,7,3125,2,7200,1.00224
212211,212218,307214,7,94996,2,142200,1.00007368731
212277,212283,212311,6,28,8,60,1.21428571429
212316,213253,214166,937,913,8,6000,2.02628696605
212451,212458,212486,7,28,8,60,1.25
212637,212644,212672,7,28,8,60,1.25
212724,212730,212756,6,26,8,60,1.23076923077
212784,212791,213385,7,594,2,7200,1.01178451178
212790,224625,224631,11835,6,32,21600,1184.1
213055,213061,213093,6,32,8,60,1.1875
213187,213193,213789,6,596,2,7200,1.01006711409
213255,213366,221044,111,7678,5,16200,1.01445688982
213255,214177,215065,922,888,8,6000,2.03828828829
213342,213349,223340,7,9991,2,14400,1.00070063057
213368,219360,220280,5992,920,8,6000,7.51304347826
213368,215077,224660,1709,9583,5,16200,1.1783366378
213395,213403,214148,8,745,1,7200,1.01073825503
213416,213424,214170,8,746,1,7200,1.01072386059
213440,213447,213474,7,27,8,60,1.25925925926
213539,220875,230838,7336,9963,20,86399,1.73632440028
213592,213598,213683,6,85,2,7200,1.07058823529
213797,213803,551753,6,337950,2,346200,1.00001775411
213819,213827,214565,8,738,2,7200,1.0108401084
214373,214380,218233,7,3853,2,7200,1.00181676616
214614,214622,219153,8,4531,2,7200,1.00176561465
214879,214886,219485,7,4599,2,7200,1.00152207002
215074,221056,221973,5982,917,8,6000,7.52344601963
215074,220291,233831,5217,13540,5,16200,1.3853028065
215121,280291,282359,65170,2068,64,3600,32.5135396518
215123,215130,215164,7,34,1,72000,1.20588235294
215194,217306,217624,2112,318,16,1800,7.64150943396
215200,222782,224613,7582,1831,32,1800,5.14090660841
215300,215307,218428,7,3121,1,3000,1.00224287087
215470,215477,215712,7,235,1,72000,1.02978723404
215513,215520,216181,7,661,1,7200,1.01059001513
215534,215544,216288,10,744,1,7200,1.01344086022
216081,216088,216754,7,666,2,7200,1.01051051051
216331,216338,223555,7,7217,2,7200,1.0009699321
216637,216644,220863,7,4219,2,7200,1.00165916094
217013,217020,217258,7,238,3,3600,1.02941176471
217705,217712,218213,7,501,8,259200,1.01397205589
218510,218517,225740,7,7223,2,7200,1.0009691264
218729,218736,221838,7,3102,1,3000,1.00225660864
218797,218804,226020,7,7216,2,7200,1.00097006652
218947,219126,219127,179,1,8,259200,18.0
219045,219052,226297,7,7245,2,7200,1.00096618357
220290,221984,222878,1694,894,8,6000,2.89485458613
221056,222102,222994,1046,892,8,6000,2.17264573991
221057,222889,223799,1832,910,8,6000,3.01318681319
221057,223005,233803,1948,10798,5,16200,1.18040377848
221366,230855,344555,9489,113700,8,259200,1.08345646438
221505,221512,221595,7,83,8,60,1.0843373494
221704,221711,221780,7,69,8,60,1.10144927536
221792,223347,741785,1555,518438,3,518400,1.00299939433
221877,221883,225022,6,3139,1,3000,1.00191143676
221970,221977,222890,7,913,1,7200,1.00766703176
222089,222096,222831,7,735,1,7200,1.00952380952
222109,222116,222851,7,735,1,7200,1.00952380952
222385,222392,230255,7,7863,1,16200,1.00089024545
222400,222407,226899,7,4492,16,16200,1.00155832591
222886,223810,234848,924,11038,5,16200,1.08371081718
222886,223302,224208,416,906,8,6000,1.4591611479
222921,222928,222933,7,5,2,180,1.2
223233,223241,223242,8,1,1,180,1.0
223302,223590,224489,288,899,8,6000,1.32035595106
223341,223354,223356,13,2,2,180,1.5
223497,223504,223506,7,2,2,180,1.0
223552,223558,223559,6,1,2,180,1.0
223589,224219,225127,630,908,8,6000,1.69383259912
223686,223693,223697,7,4,2,180,1.1
223807,225140,236666,1333,11526,5,16200,1.11565157036
223807,224503,225402,696,899,8,6000,1.77419354839
223898,224833,260853,935,36020,16,36000,1.02595780122
223974,223981,224746,7,765,1,7200,1.0091503268
223992,223999,224795,7,796,1,7200,1.00879396985
224504,224673,225590,169,917,8,6000,1.18429661941
224504,225413,235443,909,10030,5,16200,1.09062811565
224566,224572,276568,6,51996,1,57600,1.00011539349
224566,224578,276313,12,51735,1,57600,1.00023195129
224566,224583,274688,17,50105,1,57600,1.0003392875
224567,224807,275374,240,50567,1,57600,1.00474617834
224567,224763,274786,196,50023,1,57600,1.00391819763
224726,230861,590881,6135,360020,2,360000,1.01704071996
224902,224909,232267,7,7358,2,55800,1.00095134547
225024,225032,226506,8,1474,1,3000,1.00542740841
225139,225602,226519,463,917,8,6000,1.50490730643
225139,225608,236610,469,11002,5,16200,1.04262861298
225599,226530,227443,931,913,8,6000,2.01971522453
225599,227454,239318,1855,11864,5,16200,1.15635536076
225850,230866,341868,5016,111002,1,115200,1.04518837498
225850,226917,339132,1067,112215,1,115200,1.00950853273
225850,230877,337114,5027,106237,1,115200,1.04731873076
225850,230871,339322,5021,108451,1,115200,1.0462974062
225851,230882,336095,5031,105213,1,115200,1.04781728494
225896,225903,229906,7,4003,1,43200,1.00174868848
225975,230898,338764,4923,107866,1,115200,1.04563996069
225975,230893,339862,4918,108969,1,115200,1.04513210179
225975,230887,341650,4912,110763,1,115200,1.04434693896
225975,242001,347438,16026,105437,1,115200,1.15199597864
225975,242206,341702,16231,99496,1,115200,1.16313218622
225982,242211,351148,16229,108937,1,115200,1.14897601366
225983,242227,341950,16244,99723,1,115200,1.16289120865
225983,242217,350307,16234,108090,1,115200,1.15018965677
225983,242222,350473,16239,108251,1,115200,1.15001247102
225984,242233,342489,16249,100256,1,115200,1.16207508778
226082,226912,226919,830,7,32,7200,83.7
226123,226931,226935,808,4,32,21600,81.2
226279,226286,233313,7,7027,2,18000,1.00099615768
226296,226303,228333,7,2030,2,7200,1.00344827586
226531,234754,235654,8223,900,8,6000,10.1366666667
226531,233815,234743,7284,928,8,6000,8.84913793103
226531,233842,245770,7311,11928,5,16200,1.61292756539
227193,227200,231243,7,4043,2,7200,1.00173138758
227416,227423,231734,7,4311,2,7200,1.00162375319
228257,228264,228461,7,197,1,3540,1.03553299492
228574,228581,228627,7,46,1,3540,1.15217391304
228644,228652,228790,8,138,1,3540,1.05797101449
228655,228662,229228,7,566,2,7200,1.01236749117
228682,228689,228899,7,210,1,3540,1.03333333333
228720,228727,228954,7,227,1,3540,1.03083700441
228790,228797,228992,7,195,1,3540,1.0358974359
228826,228833,229059,7,226,1,3540,1.03097345133
228860,228868,229248,8,380,1,3540,1.02105263158
228889,230850,230863,1961,13,32,21600,151.846153846
228895,228902,229297,7,395,1,3540,1.01772151899
228933,228940,229307,7,367,1,3540,1.01907356948
228970,228977,229369,7,392,1,3540,1.01785714286
229025,230905,237771,1880,6866,32,7200,1.27381299155
229050,229057,229338,7,281,1,3540,1.02491103203
229168,229175,229382,7,207,1,3540,1.03381642512
229226,229233,229823,7,590,2,7200,1.01186440678
229354,229362,229502,8,140,1,3540,1.05714285714
229391,229398,229498,7,100,1,3540,1.07
229760,229768,230506,8,738,2,7200,1.0108401084
230272,230279,257318,7,27039,1,37800,1.00025888531
231383,231389,233372,6,1983,2,7200,1.00302571861
231681,241996,242182,10315,186,20,7199,56.4569892473
231752,231759,233761,7,2002,2,7200,1.0034965035
232137,232144,234397,7,2253,2,7200,1.00310696849
232306,232610,233384,304,774,2,55800,1.39276485788
232447,232605,232610,158,5,1,600,16.3
232659,237783,245001,5124,7218,32,7200,1.70989193682
232778,245014,252238,12236,7224,32,7200,2.69379844961
232784,252251,259475,19467,7224,32,7200,3.69476744186
232792,259487,266733,26695,7246,32,7200,4.68410157328
232805,266739,273944,33934,7205,32,7200,5.70978487162
232810,273951,281195,41141,7244,32,7200,6.67932081723
232814,281208,288435,48394,7227,32,7200,7.69627784696
232877,232884,233003,7,119,1,1800,1.05882352941
233844,235455,236354,1611,899,8,6000,2.79199110122
233844,235666,246304,1822,10638,5,16200,1.17127279564
234001,234008,255405,7,21397,2,55800,1.00032714867
234078,234090,234396,12,306,1,1800,1.03921568627
234602,234609,235249,7,640,1,600,1.0109375
234728,234736,241968,8,7232,2,7200,1.00110619469
234963,234970,242203,7,7233,2,7200,1.00096778653
235238,235244,241734,6,6490,2,7200,1.00092449923
235454,236371,248936,917,12565,5,16200,1.07298050139
235454,236365,237281,911,916,8,6000,1.99454148472
236156,236163,279485,7,43322,4,43200,1.00016158072
236304,242201,280279,5897,38078,4,86400,1.15486632701
236369,236677,237589,308,912,8,6000,1.33771929825
236370,237292,238205,922,913,8,6000,2.00985761227
236396,260907,290936,24511,30029,20,129599,1.81624429718
236676,237600,238511,924,911,8,6000,2.01427003293
236676,238216,251544,1540,13328,5,16200,1.11554621849
237367,241746,248969,4379,7223,2,7200,1.60625778762
237542,241981,249213,4439,7232,2,7200,1.61379977876
237597,238523,239413,926,890,8,6000,2.0404494382
237709,242195,249440,4486,7245,2,7200,1.61918564527
238215,239424,248202,1209,8778,5,16200,1.13773069036
238215,239329,240249,1114,920,8,6000,2.21086956522
239326,240260,241160,934,900,8,6000,2.03777777778
239429,241178,253198,1749,12020,5,16200,1.14550748752
239429,241172,242097,1743,925,8,6000,2.88432432432
241172,242108,243026,936,918,8,6000,2.01960784314
241172,243038,254838,1866,11800,5,16200,1.15813559322
242107,245782,246685,3675,903,8,6000,5.06976744186
243036,246316,254410,3280,8094,5,16200,1.40523844823
243036,246697,247604,3661,907,8,6000,5.03638368247
245948,245954,245956,6,2,2,3540,1.0
246009,246016,260444,7,14428,8,14400,1.00048516773
246128,246136,260558,8,14422,8,14400,1.00055470808
246199,246206,260617,7,14411,8,14400,1.00048574006
246314,247616,256278,1302,8662,5,16200,1.1503117063
246314,248213,249137,1899,924,8,6000,3.05519480519
246321,249067,263498,2746,14431,8,14400,1.19028480355
246326,249073,263495,2747,14422,8,14400,1.19047288864
247614,249154,257091,1540,7937,5,16200,1.19402797027
247614,249148,250065,1534,917,8,6000,2.67284623773
247984,260535,260895,12551,360,20,10799,35.8638888889
248062,260866,261225,12804,359,25,10799,36.6657381616
248068,248981,248985,913,4,2,36000,91.7
248807,249021,249055,214,34,16,36000,7.29411764706
248933,248941,249051,8,110,1,1800,1.07272727273
249069,249080,249622,11,542,1,1800,1.02029520295
249102,260456,260486,11354,30,16,36000,379.466666667
249145,260498,260523,11353,25,16,36000,455.12
249148,253210,254104,4062,894,8,6000,5.54362416107
249148,250077,259924,929,9847,5,16200,1.09434345486
250078,254115,255013,4037,898,8,6000,5.49554565702
250078,250145,259760,67,9615,5,16200,1.00696827873
252437,252444,252493,7,49,1,5400,1.14285714286
252506,252513,263009,7,10496,2,36000,1.00066692073
252530,252537,252829,7,292,1,5400,1.02397260274
252880,252887,253336,7,449,1,5400,1.01559020045
253205,255024,255945,1819,921,8,6000,2.97502714441
253619,253626,253873,7,247,1,5400,1.02834008097
254113,255764,264199,1651,8435,5,16200,1.19573206876
254113,254850,255751,737,901,8,6000,1.8179800222
254956,254963,255010,7,47,1,5400,1.14893617021
255023,255956,256871,933,915,8,6000,2.01967213115
255023,255769,266935,746,11166,5,16200,1.0668099588
255026,255033,255345,7,312,1,5400,1.02243589744
255142,255149,255258,7,109,2,3600,1.06422018349
255297,255304,255325,7,21,1,5400,1.33333333333
255372,255380,276819,8,21439,2,36000,1.00037315173
255769,256289,264741,520,8452,5,16200,1.06152389967
255769,256883,257797,1114,914,8,6000,2.21881838074
256291,257808,258700,1517,892,8,6000,2.70067264574
256291,258711,259607,2420,896,8,6000,3.70089285714
256291,257814,271483,1523,13669,5,16200,1.11142000146
257027,257034,257035,7,1,1,240,1.0
257813,259618,269706,1805,10088,5,16200,1.17892545599
257813,259772,260691,1959,919,8,6000,3.1316648531
259621,259935,271842,314,11907,5,16200,1.02637104224
259621,260702,261608,1081,906,8,6000,2.19315673289
259622,261619,262535,1997,916,8,6000,3.18013100437
260701,263452,272200,2751,8748,5,16200,1.31447187929
260701,262546,263441,1845,895,8,6000,3.06145251397
262542,264211,265130,1669,919,8,6000,2.81610446137
263034,263042,263054,8,12,16,21600,1.66666666667
263449,265141,266046,1692,905,8,6000,2.86961325967
263449,264752,277936,1303,13184,5,16200,1.09883191748
264757,266988,275551,2231,8563,5,16200,1.26053953054
264757,266057,266971,1300,914,8,6000,2.42231947484
264757,266982,268035,2225,1053,8,6000,3.11301044634
266983,268046,268950,1063,904,8,6000,2.17588495575
267114,271494,272412,4380,918,8,6000,5.77124183007
267114,269717,270628,2603,911,8,6000,3.85729967069
267115,268962,277529,1847,8567,5,16200,1.21559472394
267870,267878,271486,8,3608,1,3600,1.0022172949
269719,272423,284625,2704,12202,5,16200,1.2216030159
269719,271856,272776,2137,920,8,6000,3.32282608696
271421,271428,271436,7,8,1,1800,1.5
271575,271582,271664,7,82,1,1800,1.08536585366
271593,271600,271715,7,115,1,3600,1.06086956522
271788,271795,271973,7,178,1,3600,1.0393258427
271842,271849,272132,7,283,1,3600,1.02473498233
271854,272273,273192,419,919,8,6000,1.45593035909
271854,272787,281242,933,8455,5,16200,1.11034890597
271878,271885,271988,7,103,1,1800,1.06796116505
272104,272111,272371,7,260,1,3600,1.02692307692
272380,272388,272979,8,591,1,3600,1.01353637902
272426,273203,274098,777,895,8,6000,1.86815642458
272426,273209,281216,783,8007,5,16200,1.09778943425
272426,274109,275028,1683,919,8,6000,2.83133841132
272448,272455,272842,7,387,1,1800,1.0180878553
272612,272619,273228,7,609,1,3600,1.01149425287
273213,275039,287027,1826,11988,5,16200,1.15231898565
273213,275563,276486,2350,923,8,6000,3.54604550379
273213,276497,277413,3284,916,8,6000,4.58515283843
273485,273491,273499,6,8,1,1800,1.4
273497,273504,273510,7,6,1,3600,1.3
273613,273620,273702,7,82,1,3600,1.08536585366
273637,273644,273684,7,40,1,1800,1.175
273829,273835,274076,6,241,1,3600,1.02489626556
273897,273905,273979,8,74,1,1800,1.10810810811
274081,274088,274176,7,88,1,3600,1.07954545455
274289,274295,274541,6,246,1,3600,1.0243902439
274370,274377,274863,7,486,1,3600,1.01440329218
274570,274576,274837,6,261,1,1800,1.02298850575
274829,274836,275313,7,477,1,3600,1.01467505241
275562,277947,278873,2385,926,8,6000,3.57559395248
275562,278349,287493,2787,9144,5,16200,1.30479002625
275562,277424,278337,1862,913,8,6000,3.03943044907
277951,278884,279806,933,922,8,6000,2.01193058568
278349,279817,280729,1468,912,8,6000,2.60964912281
278880,280740,281640,1860,900,8,6000,3.06666666667
279023,279029,279107,6,78,1,1800,1.07692307692
279333,279341,279432,8,91,1,1800,1.08791208791
279820,281253,282169,1433,916,8,6000,2.56441048035
279820,281227,282126,1407,899,8,6000,2.56507230256
279900,279906,280269,6,363,1,1800,1.01652892562
281229,281651,282555,422,904,8,6000,1.46681415929
281249,282566,294121,1317,11555,5,16200,1.11397663349
281250,282180,283126,930,946,8,6000,1.98308668076
281250,282137,283064,887,927,8,6000,1.95685005394
281353,281361,281404,8,43,1,1800,1.18604651163
281630,281637,281712,7,75,1,1800,1.09333333333
282179,283075,283978,896,903,8,6000,1.99224806202
282179,283137,284061,958,924,8,6000,2.0367965368
282179,284072,293990,1893,9918,5,16200,1.19086509377
282298,282304,282546,6,242,1,1800,1.02479338843
283138,283989,284902,851,913,8,6000,1.93209200438
283139,284078,294460,939,10382,5,16200,1.09044500096
284068,284919,293695,851,8776,5,16200,1.09696900638
284068,285843,286755,1775,912,8,6000,2.94627192982
284068,284913,285832,845,919,8,6000,1.91947769314
284915,287038,287951,2123,913,8,6000,3.32530120482
284916,286766,297755,1850,10989,5,16200,1.16835016835
286764,288872,289792,2108,920,8,6000,3.29130434783
286764,287964,288861,1200,897,8,6000,2.33779264214
286764,288878,298802,2114,9924,5,16200,1.21301894397
288877,289803,290716,926,913,8,6000,2.01423877327
288877,290727,301376,1850,10649,5,16200,1.17372523242
288878,294132,295063,5254,931,8,6000,6.64339419979
288878,293706,294630,4828,924,8,6000,6.22510822511
289659,289666,294561,7,4895,2,7200,1.00143003064
290138,290145,294396,7,4251,2,7200,1.00164667137
291021,291028,296587,7,5559,2,7200,1.00125921928
291777,291783,300342,6,8559,2,10800,1.00070101647
292058,292064,302542,6,10478,2,10800,1.00057262836
292318,292325,302087,7,9762,2,10800,1.00071706617
292714,292720,292724,6,4,4,43200,1.0
292742,292748,300976,6,8228,4,43200,1.00072921731
293143,293151,293236,8,85,16,14400,1.09411764706
293318,293326,293410,8,84,16,60,1.09523809524
293470,293477,293546,7,69,16,14400,1.10144927536
293575,293581,293588,6,7,2,3600,1.3
293598,293605,304974,7,11369,2,36000,1.00061570939
293627,293634,293737,7,103,16,14400,1.06796116505
293705,294642,306521,937,11879,5,16200,1.07887869349
293705,294471,295404,766,933,8,6000,1.82100750268
293763,293770,293810,7,40,11,14400,1.175
293985,293992,294027,7,35,11,14400,1.2
294137,294144,294180,7,36,16,30,1.19444444444
294170,294177,308594,7,14417,11,14400,1.00048553791
294297,294304,294406,7,102,16,60,1.06862745098
294465,294477,294554,12,77,16,60,1.15584415584
294471,295415,303036,944,7621,5,16200,1.12386825876
294471,295074,295996,603,922,8,6000,1.65401301518
294663,294670,301886,7,7216,32,7200,1.00097006652
294692,319986,327230,25294,7244,32,7200,4.49171728327
294701,294708,302768,7,8060,2,10800,1.00086848635
294705,365696,372943,70991,7247,32,7200,10.7959155513
295074,296008,296908,934,900,8,6000,2.03777777778
295074,295421,306578,347,11157,5,16200,1.0311015506
295110,295116,303564,6,8448,20,43199,1.00071022727
295262,295270,295990,8,720,2,10800,1.01111111111
295396,295403,308929,7,13526,2,89400,1.00051752181
295414,312623,328857,17209,16234,32,16200,2.06005913515
295421,296919,297820,1498,901,8,6000,2.66259711432
295421,297837,307414,2416,9577,5,16200,1.2522710661
295439,312612,319962,17173,7350,64,16200,3.33646258503
295822,295829,304963,7,9134,2,10800,1.00076636742
296923,298777,311381,1854,12604,5,16200,1.14709615995
296923,297831,298765,908,934,8,6000,1.9721627409
297110,297117,307932,7,10815,2,10800,1.00064724919
297832,298814,299748,982,934,8,6000,2.05139186296
297915,297922,297925,7,3,2,36000,1.0
298021,298029,298072,8,43,2,36000,1.18604651163
298521,300986,333401,2465,32415,16,32400,1.07604504088
298627,298634,299578,7,944,1,7200,1.00741525424
298648,298654,299426,6,772,1,7200,1.00777202073
298773,299759,300673,986,914,8,6000,2.07877461707
298811,300687,301606,1876,919,8,6000,3.04134929271
299285,299291,299340,6,49,2,36000,1.12244897959
299324,303576,315594,4252,12018,20,43199,1.35380262939
299431,299438,300642,7,1204,2,36000,1.00581395349
299631,299638,299726,7,88,1,7200,1.07954545455
299689,299695,300489,6,794,1,7200,1.00755667506
299740,299748,299799,8,51,16,30,1.1568627451
299759,301617,302538,1858,921,8,6000,3.01737242128
299767,299775,300084,8,309,1,7200,1.02588996764
299820,299828,300182,8,354,1,7200,1.02259887006
299966,299973,300007,7,34,16,30,1.20588235294
300059,300066,300103,7,37,16,30,1.18918918919
300112,300119,300183,7,64,1,1800,1.109375
300550,300557,301222,7,665,1,37800,1.01052631579
300673,300680,301105,7,425,1,7200,1.01647058824
300683,302550,303469,1867,919,8,6000,3.03155603917
300692,300700,301007,8,307,1,7200,1.02605863192
300721,300728,301607,7,879,1,7200,1.00796359499
301021,301028,301765,7,737,1,1800,1.00949796472
301106,301113,311384,7,10271,1,43200,1.00068153052
301128,301135,301136,7,1,1,2400,1.0
301226,301234,318125,8,16891,2,73800,1.00047362501
301423,301429,301468,6,39,16,30,1.15384615385
301615,303480,304382,1865,902,8,6000,3.06762749446
301768,304985,307161,3217,2176,2,73800,2.47840073529
301807,312721,314009,10914,1288,1,14400,9.47360248447
302550,302557,316163,7,13606,5,16200,1.00051447891
302553,304393,305311,1840,918,8,6000,3.00435729847
303156,307174,313094,4018,5920,2,10800,1.67871621622
303480,303487,316359,7,12872,5,16200,1.00054381603
303490,306533,318503,3043,11970,5,16200,1.25421888053
303491,305322,306275,1831,953,8,6000,2.92130115425
303627,338265,374346,34638,36081,16,36060,1.9600066517
303983,338776,338804,34793,28,16,36120,1243.60714286
304260,304268,307878,8,3610,1,3600,1.00221606648
304955,372949,380157,67994,7208,32,7200,10.4331298557
304967,430774,437978,125807,7204,32,7200,18.4634925042
304971,437990,445223,133019,7233,32,7200,19.3905709941
304975,445230,452451,140255,7221,32,7200,20.4232100817
304979,452457,459672,147478,7215,32,7200,21.4404712405
304982,459679,466918,154697,7239,32,7200,22.3699405995
304992,466924,469317,161932,2393,32,7200,68.6690346845
305322,306589,315858,1267,9269,5,16200,1.13669219981
305322,306286,307202,964,916,8,6000,2.05240174672
306188,313953,318119,7765,4166,1,25200,2.86389822372
306529,307213,308154,684,941,8,6000,1.72688629118
306589,308171,316553,1582,8382,5,16200,1.18873777141
306589,308165,309114,1576,949,8,6000,2.66069546891
306677,307226,307870,549,644,2,10800,1.85248447205
306917,313105,313359,6188,254,8,7200,25.3622047244
307302,307881,311737,579,3856,2,7200,1.15015560166
307660,308941,316164,1281,7223,2,7200,1.17735013152
307662,343969,393353,36307,49384,4,259200,1.73519763486
307995,311750,316581,3755,4831,2,7200,1.77727178638
308161,309126,310065,965,939,8,6000,2.02768903088
308172,310076,310992,1904,916,8,6000,3.07860262009
308367,312628,312995,4261,367,1,7200,12.6103542234
309122,311003,322324,1881,11321,5,16200,1.16615140005
309122,311400,312336,2278,936,8,6000,3.43376068376
309474,315200,329622,5726,14422,8,14400,1.39703231175
310011,342185,471816,32174,129631,25,129599,1.24819680478
310064,314022,315445,3958,1423,1,3600,3.78144764582
310194,312617,442252,2423,129635,25,129599,1.01869093995
310204,315606,320877,5402,5271,8,7200,2.02485296908
310263,315611,321380,5348,5769,8,14400,1.92702374762
310776,311394,312709,618,1315,1,1800,1.46996197719
310999,312347,313266,1348,919,8,6000,2.4668117519
311038,316594,326872,5556,10278,8,14400,1.54057209574
311125,319975,324242,8850,4267,8,7200,3.07405671432
311266,333413,343942,22147,10529,8,14400,3.1034286257
311399,313277,314191,1878,914,8,6000,3.05470459519
311516,319980,320241,8464,261,8,7200,33.4291187739
311554,333418,341482,21864,8064,8,14400,3.71130952381
312343,314202,315147,1859,945,8,6000,2.9671957672
312343,316092,328096,3749,12004,5,16200,1.31231256248
312827,312833,312834,6,1,1,1800,1.0
313068,313074,313569,6,495,1,7200,1.01212121212
313138,313371,313941,233,570,1,7200,1.40877192982
313274,313376,315188,102,1812,1,1800,1.05629139073
313288,313382,314696,94,1314,1,1800,1.07153729072
314200,315158,316075,958,917,8,6000,2.04471101418
315159,316086,317026,927,940,8,6000,1.98617021277
315907,318137,318834,2230,697,2,7200,4.19942611191
316087,316370,317280,283,910,8,6000,1.31098901099
316087,316564,317495,477,931,8,6000,1.51235230934
316367,317292,326206,925,8914,5,16200,1.10376935158
316367,317038,317968,671,930,8,6000,1.72150537634
317036,317506,318423,470,917,8,6000,1.51254089422
317291,318516,319423,1225,907,8,6000,2.35060639471
317506,317979,318915,473,936,8,6000,1.50534188034
317538,317544,318180,6,636,1,2400,1.00943396226
317976,318435,319364,459,929,8,6000,1.49407965554
318157,318846,320158,689,1312,2,10800,1.52515243902
318218,318225,319108,7,883,1,7200,1.00792751982
318361,329635,365651,11274,36016,128,36000,1.31302754331
318435,318926,319829,491,903,8,6000,1.54374307863
318512,319375,320325,863,950,8,6000,1.90842105263
318512,319435,328013,923,8578,5,16200,1.10760083936
318919,319991,320004,1072,13,16,7200,83.4615384615
319011,338816,364193,19805,25377,4,86400,1.78043109903
319140,319147,319259,7,112,1,110400,1.0625
319141,319271,319382,130,111,1,110400,2.17117117117
319141,319394,319505,253,111,1,110400,3.27927927928
319141,319518,319629,377,111,1,110400,4.3963963964
319373,319840,320776,467,936,8,6000,1.49893162393
319376,319996,320559,620,563,2,10800,2.10124333925
319432,320336,328439,904,8103,5,16200,1.11156361841
319839,320342,328102,503,7760,5,16200,1.06481958763
320075,320081,320380,6,299,1,3600,1.02006688963
320112,320119,330964,7,10845,2,10800,1.00064545874
320335,320787,321705,452,918,8,6000,1.49237472767
320339,321716,328934,1377,7218,5,16200,1.19077306733
320620,320626,327856,6,7230,2,7200,1.00082987552
320759,320766,321643,7,877,1,7200,1.00798175599
320770,320777,320976,7,199,20,7199,1.0351758794
320786,322335,323265,1549,930,8,6000,2.66559139785
320900,320906,321619,6,713,1,7200,1.00841514727
320907,320914,321095,7,181,1,110400,1.03867403315
320908,320919,321100,11,181,1,110400,1.06077348066
320921,320927,321577,6,650,1,7200,1.00923076923
321038,321109,322071,71,962,1,110400,1.0738045738
321552,321558,321910,6,352,2,10800,1.01704545455
321715,323276,324218,1561,942,8,6000,2.65711252654
322009,322015,325668,6,3653,2,10800,1.00164248563
322162,343954,343957,21792,3,8,14400,2179.5
322215,322223,322912,8,689,1,7200,1.01161103048
322276,322284,323028,8,744,1,7200,1.01075268817
322332,324229,332236,1897,8007,5,16200,1.23691769702
322374,325680,326329,3306,649,2,10800,6.09399075501
322968,322975,326676,7,3701,4,3600,1.00189138071
323272,328107,333629,4835,5522,5,16200,1.87558855487
323272,324235,331873,963,7638,5,16200,1.12608012569
324233,328945,336123,4712,7178,5,16200,1.6564502647
324233,328114,337174,3881,9060,5,16200,1.42836644592
324233,328024,328948,3791,924,8,6000,5.10281385281
328114,328959,340291,845,11332,5,16200,1.07456759619
328114,328450,332867,336,4417,5,16200,1.07606973059
328943,333196,344619,4253,11423,5,16200,1.37231900552
328943,328965,334513,22,5548,5,16200,1.00396539293
328943,332247,333179,3304,932,8,6000,4.54506437768
330360,333423,337133,3063,3710,4,3600,1.825606469
332249,333190,334125,941,935,8,6000,2.0064171123
332585,332592,332593,7,1,2,3540,1.0
333187,334136,341176,949,7040,5,16200,1.13480113636
333191,334141,338971,950,4830,5,16200,1.1966873706
333192,333640,342233,448,8593,5,16200,1.05213545909
334132,334524,345614,392,11090,5,16200,1.0353471596
334137,337185,343963,3048,6778,5,16200,1.44969017409
334300,365664,366010,31364,346,20,7199,91.6473988439
334520,336134,348386,1614,12252,5,16200,1.13173359452
336133,338982,343292,2849,4310,5,16200,1.66102088167
336133,340304,350621,4171,10317,5,16200,1.40428419114
338543,338549,338666,6,117,1,2400,1.05128205128
338978,343303,350156,4325,6853,5,16200,1.63111046257
338982,338989,339105,7,116,1,600,1.06034482759
339184,341880,342878,2696,998,1,85200,3.70140280561
339184,342890,408541,3706,65651,1,85200,1.05645001599
339184,341962,349906,2778,7944,1,85200,1.3496978852
339230,339236,339237,6,1,1,600,1.0
339231,339242,339243,11,1,1,600,1.2
339231,339254,339255,23,1,1,600,2.4
339231,339249,339250,18,1,1,600,1.9
339232,339265,339266,33,1,1,600,3.4
339232,339270,339834,38,564,1,600,1.06737588652
340300,342245,351620,1945,9375,5,16200,1.20746666667
340300,341187,346271,887,5084,5,16200,1.17446892211
341142,344571,344576,3429,5,8,14400,343.4
341148,344589,344591,3441,2,8,14400,344.3
341195,341201,341253,6,52,4,3600,1.11538461538
341195,341206,341272,11,66,4,3600,1.16666666667
341195,341212,341235,17,23,4,3600,1.73913043478
342241,343975,350011,1734,6036,5,16200,1.28727634195
342241,344631,353231,2390,8600,5,16200,1.27790697674
343971,345625,353034,1654,7409,5,16200,1.22324200297
344631,346282,350326,1651,4044,5,16200,1.40825914936
344631,348397,358715,3766,10318,5,16200,1.36499321574
346283,350022,356203,3739,6181,5,16200,1.60491829801
346426,346432,346627,6,195,1,3540,1.03076923077
346714,346720,347794,6,1074,1,3540,1.00558659218
346776,346784,346923,8,139,1,3540,1.05755395683
346809,346816,347020,7,204,1,3540,1.03431372549
346841,346849,347064,8,215,1,3540,1.03720930233
346902,346909,347095,7,186,1,3540,1.0376344086
346934,346941,347161,7,220,1,3540,1.03181818182
346966,346972,347335,6,363,1,3540,1.01652892562
346998,347004,347389,6,385,1,3540,1.01558441558
347030,347037,347395,7,358,1,3540,1.01955307263
347062,347069,347456,7,387,1,3540,1.0180878553
347136,347143,347423,7,280,1,3540,1.025
347219,347225,347426,6,201,1,3540,1.02985074627
347266,347273,347335,7,62,1,3540,1.11290322581
347298,347305,347404,7,99,1,3540,1.07070707071
348395,350167,357145,1772,6978,5,16200,1.25394095729
348959,348966,360632,7,11666,2,18000,1.00060003429
348960,348976,361915,16,12939,2,18000,1.00123657161
348960,348982,364306,22,15324,2,18000,1.00143565649
348960,348971,360910,11,11939,2,18000,1.0009213502
348960,348988,360350,28,11362,2,18000,1.00246435487
348961,350319,362597,1358,12278,2,18000,1.11060433295
348961,351160,366947,2199,15787,2,18000,1.13929182239
348961,348998,361071,37,12073,2,18000,1.0030646898
348961,348993,360891,32,11898,2,18000,1.00268952765
349073,360644,371566,11571,10922,2,18000,2.0594213514
349073,360363,371709,11290,11346,2,18000,1.99506433986
349073,360903,372234,11830,11331,2,18000,2.04403847851
349073,360922,373028,11849,12106,2,18000,1.97877085743
349074,364206,375558,15132,11352,2,18000,2.33298097252
349074,361928,373305,12854,11377,2,18000,2.12982332777
349074,362609,373977,13535,11368,2,18000,2.19062280084
349074,361083,372027,12009,10944,2,18000,2.09731359649
349075,364318,375261,15243,10943,2,18000,2.39294526181
349075,364211,375142,15136,10931,2,18000,2.38468575611
349075,365674,380325,16599,14651,2,18000,2.13296020749
349075,365669,383707,16594,18038,2,18000,1.91994677902
349076,365706,377831,16630,12125,2,18000,2.37154639175
349076,365712,381370,16636,15658,2,18000,2.0624600843
349076,365722,377142,16646,11420,2,18000,2.45761821366
349076,365701,380750,16625,15049,2,18000,2.10472456642
349076,365717,377959,16641,12242,2,18000,2.35933670969
349077,365728,377395,16651,11667,2,18000,2.42718779463
349077,365744,380617,16667,14873,2,18000,2.12062126
349077,365738,377890,16661,12152,2,18000,2.37105003292
349077,365733,382789,16656,17056,2,18000,1.9765478424
349078,365754,377316,16676,11562,2,18000,2.44231101885
349078,365749,378517,16671,12768,2,18000,2.30568609023
349078,365765,377176,16687,11411,2,18000,2.46236087985
349078,365760,377384,16682,11624,2,18000,2.43513420509
349079,365775,377094,16696,11319,2,18000,2.47504196484
349079,365770,380626,16691,14856,2,18000,2.12351911686
350019,350338,355510,319,5172,5,16200,1.06167826759
350163,350633,356550,470,5917,5,16200,1.07943214467
350337,351631,358645,1294,7014,5,16200,1.18448816652
350634,353243,358505,2609,5262,5,16200,1.4958190802
350634,356561,365168,5927,8607,5,16200,1.68862553735
350634,353046,359111,2412,6065,5,16200,1.39769167354
353239,356214,362446,2975,6232,5,16200,1.47737483954
353240,355522,360778,2282,5256,5,16200,1.43417047184
353240,358516,366499,5276,7983,5,16200,1.6609044219
354255,365680,365686,11425,6,1,3600,1143.1
356559,357156,362209,597,5053,5,16200,1.11814763507
357152,358727,366606,1575,7879,5,16200,1.19989846427
357152,358656,363076,1504,4420,5,16200,1.34027149321
357813,365685,365693,7872,8,1,1800,788.0
358195,365690,365925,7495,235,1,3600,32.8936170213
358654,360789,367506,2135,6717,5,16200,1.31785023076
358654,359122,373836,468,14714,5,16200,1.03180644284
359124,362457,370562,3333,8105,5,16200,1.41122763726
359124,362220,366883,3096,4663,5,16200,1.66395024662
359124,365180,377085,6056,11905,5,16200,1.50869382612
362454,366511,375098,4057,8587,5,16200,1.4724583673
362454,363087,368890,633,5803,5,16200,1.10908150956
365181,366617,374645,1436,8028,5,16200,1.17887394121
365181,368902,374283,3721,5381,5,16200,1.6915071548
365181,366894,371364,1713,4470,5,16200,1.38322147651
365797,365805,366012,8,207,1,3600,1.038647343
365843,365849,365927,6,78,1,1800,1.07692307692
366046,366053,366437,7,384,1,3600,1.01822916667
366054,366060,366138,6,78,1,1800,1.07692307692
366138,366148,366246,10,98,1,1800,1.10204081633
366144,366155,366786,11,631,1,3600,1.01743264659
366411,366419,366516,8,97,1,1800,1.0824742268
366670,366677,367510,7,833,1,3600,1.00840336134
366819,366826,367214,7,388,1,1800,1.01804123711
366897,371375,375686,4478,4311,5,16200,2.03873811181
366897,367518,376274,621,8756,5,16200,1.0709227958
367032,367038,368248,6,1210,1,3600,1.00495867769
367115,380169,416204,13054,36035,128,36000,1.36225891494
367145,367151,367534,6,383,1,1800,1.01566579634
367160,383719,398519,16559,14800,32,18000,2.11885135135
367859,367866,367872,7,6,1,1800,1.3
368010,368017,368059,7,42,1,1800,1.16666666667
368265,368272,368349,7,77,1,1800,1.09090909091
368379,368386,368469,7,83,1,3600,1.0843373494
368576,368583,368943,7,360,1,3600,1.01944444444
368656,368663,368705,7,42,1,1800,1.16666666667
368754,368761,368768,7,7,1,3600,1.4
368873,368880,368966,7,86,1,3600,1.08139534884
368899,374294,380621,5395,6327,5,16200,1.85269480006
368899,370573,382059,1674,11486,5,16200,1.14574264322
368899,373847,380380,4948,6533,5,16200,1.7573855809
368931,368938,369021,7,83,1,1800,1.0843373494
368955,368961,369226,6,265,1,1800,1.02264150943
369096,369103,369473,7,370,1,3600,1.01891891892
369229,369236,369799,7,563,1,3600,1.01243339254
369631,369638,369895,7,257,1,1800,1.02723735409
369774,369781,370267,7,486,1,3600,1.01440329218
372134,372141,372146,7,5,2,600,1.2
372177,372184,372254,7,70,64,1800,1.1
372191,372266,372452,75,186,64,1800,1.40322580645
372217,398682,398709,26465,27,8,14400,981.185185185
372220,416222,416248,44002,26,8,14400,1693.38461538
372224,416227,416254,44003,27,8,14400,1630.74074074
373355,380529,617660,7174,237131,5,259200,1.03025331989
374291,374657,380325,366,5668,5,16200,1.06457304164
374659,375109,379075,450,3966,5,16200,1.11346444781
375109,375698,381792,589,6094,5,16200,1.09665244503
375701,377097,390655,1396,13558,5,16200,1.10296503909
375702,376286,384928,584,8642,5,16200,1.06757694978
375702,379086,387335,3384,8249,5,16200,1.41023154322
375882,375888,379575,6,3687,2,10800,1.0016273393
376458,376465,377917,7,1452,2,10800,1.00482093664
377060,377106,380167,46,3061,2,10800,1.0150277687
377170,380179,380236,3009,57,4,7200,53.7894736842
377416,377423,377434,7,11,4,3600,1.63636363636
378285,378292,378433,7,141,1,600,1.04964539007
378286,378298,378434,12,136,1,600,1.08823529412
378286,378310,378541,24,231,1,600,1.1038961039
378286,378305,378472,19,167,1,600,1.11377245509
378287,378321,378720,34,399,1,600,1.08521303258
378287,378316,378609,29,293,1,600,1.09897610922
378288,378327,378894,39,567,1,600,1.06878306878
378320,378334,389638,14,11304,1,32400,1.00123849965
378378,378384,378399,6,15,2,3600,1.4
378543,378550,382157,7,3607,2,3600,1.00194067092
378779,378785,379118,6,333,4,300,1.01801801802
378912,378919,381270,7,2351,4,3600,1.0029774564
378973,416275,416811,37302,536,8,7200,70.5932835821
378985,398700,405941,19715,7241,16,7200,3.72269023616
379082,380336,386995,1254,6659,5,16200,1.18831656405
379391,379587,380105,196,518,2,10800,1.37837837838
379957,379965,380018,8,53,4,120,1.15094339623
380337,382070,392096,1733,10026,5,16200,1.17285058847
380337,380391,384956,54,4565,5,16200,1.01182913472
380443,380449,381773,6,1324,8,1800,1.00453172205
380522,413204,526151,32682,112947,25,129599,1.28935695503
380531,380633,392467,102,11834,5,16200,1.00861923272
380532,381803,386169,1271,4366,5,16200,1.29111314705
380782,405958,452081,25176,46123,4,259200,1.54584480628
381799,384939,391076,3140,6137,5,16200,1.51165064364
381976,393369,403108,11393,9739,4,18000,2.16983263169
381976,396090,404369,14114,8279,4,18000,2.70479526513
382066,386180,390531,4114,4351,5,16200,1.94552976327
382066,384967,394416,2901,9449,5,16200,1.30701661551
382983,382989,383328,6,339,4,300,1.01769911504
383862,404386,490822,20524,86436,3,86400,1.2374473599
384915,389648,492432,4733,102784,1,129600,1.04604802304
384918,396113,525745,11195,129632,1,129600,1.08635984942
384966,387006,393771,2040,6765,5,16200,1.30155210643
386181,390542,396715,4361,6173,5,16200,1.70646363195
387008,387346,401333,338,13987,5,16200,1.02416529635
387008,390666,395279,3658,4613,5,16200,1.79297637113
387862,398731,398848,10869,117,1,180,93.8974358974
387924,398737,399756,10813,1019,1,1200,11.6113837095
388547,416217,433314,27670,17097,16,36000,2.618412587
389137,398654,398662,9517,8,8,28800,952.5
389286,398659,398661,9373,2,8,28800,937.5
389404,398664,398666,9260,2,8,28800,926.2
389504,398670,398671,9166,1,8,28800,916.7
390540,391087,396877,547,5790,5,16200,1.09447322971
390663,392478,399446,1815,6968,5,16200,1.26047646383
391085,392107,398564,1022,6457,5,16200,1.15827783801
392103,394427,400294,2324,5867,5,16200,1.39611385717
392475,393782,400324,1307,6542,5,16200,1.19978599817
393782,395290,402971,1508,7681,5,16200,1.19632860305
394426,400305,407083,5879,6778,5,16200,1.86736500443
394555,396095,396101,1540,6,1,3600,154.6
395140,398689,402430,3549,3741,4,3600,1.94867682438
395287,396726,403552,1439,6826,5,16200,1.2108116027
396203,398721,398732,2518,11,1,3600,229.909090909
396390,398531,398537,2141,6,1,3600,214.7
396726,396890,403868,164,6978,5,16200,1.02350243623
396890,398575,406156,1685,7581,5,16200,1.2222661918
397161,398726,398940,1565,214,1,600,8.31308411215
398203,398694,405922,491,7228,4,7200,1.06793027117
398348,398536,398642,188,106,31,180,2.77358490566
398575,399457,403664,882,4207,5,16200,1.20965058236
398576,401344,406066,2768,4722,5,16200,1.5861922914
398744,405953,413187,7209,7234,31,7200,1.99654409732
398948,398954,398960,6,6,1,3600,1.2
399012,399019,402672,7,3653,1,3600,1.00191623323
400302,400335,406888,33,6553,5,16200,1.00503586144
400331,402983,408221,2652,5238,5,16200,1.50630011455
400533,416259,448743,15726,32484,16,32460,1.48411525674
400602,400609,400847,7,238,1,600,1.02941176471
400973,400980,401145,7,165,1,600,1.04242424242
401270,401276,401291,6,15,4,3600,1.4
401342,403564,411452,2222,7888,5,16200,1.28169371197
401579,413492,419678,11913,6186,2,14400,2.92580019399
401871,401877,401953,6,76,6,2400,1.07894736842
401977,416315,422800,14338,6485,2,14400,3.21094834233
402010,402017,402688,7,671,6,2400,1.01043219076
402148,416265,448829,14117,32564,16,32520,1.43351553863
402215,416320,422193,14105,5873,2,14400,3.40166865316
402255,404381,405180,2126,799,1,7200,3.66082603254
402895,416270,448875,13375,32605,16,32580,1.41021315749
402904,413972,417688,11068,3716,4,3600,3.9784714747
402986,403675,410608,689,6933,5,16200,1.09937977787
402987,403879,407839,892,3960,5,16200,1.22525252525
403114,416294,416302,13180,8,6,34800,1318.8
403202,403209,403322,7,113,1,600,1.06194690265
403220,416288,416296,13068,8,8,14400,1307.6
403232,416299,416306,13067,7,6,34800,1307.4
403281,416325,430743,13044,14418,2,14400,1.90470245526
403671,406077,410507,2406,4430,5,16200,1.54311512415
403671,406167,411321,2496,5154,5,16200,1.48428405122
403712,416331,430756,12619,14425,2,14400,1.87480069324
403762,403769,404565,7,796,1,1200,1.00879396985
403839,403845,403943,6,98,1,180,1.0612244898
404026,416338,430778,12312,14440,2,14400,1.85263157895
404497,404504,404619,7,115,1,600,1.06086956522
404828,405192,405194,364,2,1,144000,36.6
404831,405206,534782,375,129576,1,144000,1.00289405445
404835,405963,535094,1128,129131,1,144000,1.0087353153
404918,408553,537071,3635,128518,1,144000,1.02828397579
405474,416354,430762,10880,14408,2,14400,1.75513603554
405492,416283,448962,10791,32679,16,32640,1.33021206279
405620,416233,416245,10613,12,8,28800,885.416666667
405694,416238,416247,10544,9,8,28800,1055.3
405702,416243,416248,10541,5,8,28800,1054.6
405709,416249,416258,10540,9,8,28800,1054.9
405717,416254,416269,10537,15,8,28800,703.466666667
405743,416359,430768,10616,14409,2,14400,1.73676174613
406019,416365,430769,10346,14404,2,14400,1.71827270203
406080,407094,414622,1014,7528,5,16200,1.13469713071
406164,406900,412049,736,5149,5,16200,1.14294037677
406396,413199,413960,6803,761,4,1800,9.93955321945
406599,416343,427279,9744,10936,3,72000,1.89100219459
406719,416349,416350,9630,1,3,72000,963.1
406750,416304,421145,9554,4841,6,34800,2.97355918199
406752,416309,416316,9557,7,6,34800,956.4
406896,407850,416981,954,9131,5,16200,1.10447924652
407019,413210,413302,6191,92,2,1800,68.2934782609
407090,408232,416631,1142,8399,5,16200,1.13596856769
407146,413322,413471,6176,149,2,1800,42.4496644295
407347,416370,430588,9023,14218,2,14400,1.63461808975
407658,416375,430788,8717,14413,2,14400,1.60480122112
407848,410519,415023,2671,4504,5,16200,1.59302841918
407864,416381,430785,8517,14404,2,14400,1.59129408498
408232,411463,418892,3231,7429,5,16200,1.43491721631
408534,416386,429451,7852,13065,2,14400,1.60099502488
408748,416391,428126,7643,11735,2,14400,1.65129953132
408932,416396,427801,7464,11405,2,14400,1.65444980272
409239,416409,427932,7170,11523,2,14400,1.62223379328
410519,410619,415182,100,4563,5,16200,1.02191540653
410519,411332,417390,813,6058,5,16200,1.13420270716
411337,414633,420588,3296,5955,5,16200,1.55348446683
411337,412060,416399,723,4339,5,16200,1.16662825536
412063,415194,421580,3131,6386,5,16200,1.49029126214
414637,415034,421625,397,6591,5,16200,1.06023365195
414637,416415,421323,1778,4908,5,16200,1.36226568867
415199,416645,422703,1446,6058,5,16200,1.23869263783
415199,416993,421584,1794,4591,5,16200,1.39076453932
416640,417401,422195,761,4794,5,16200,1.15874009178
416997,418904,423540,1907,4636,5,16200,1.41134598792
417406,420599,424726,3193,4127,5,16200,1.77368548583
418496,418504,418505,8,1,2,1800,1.0
418611,418618,418620,7,2,2,3540,1.0
418624,418631,418632,7,1,2,1800,1.0
418646,418653,418654,7,1,2,1800,1.0
418907,421599,427267,2692,5668,5,16200,1.47494707128
418907,421334,427718,2427,6384,5,16200,1.38016917293
421338,421592,428654,254,7062,5,16200,1.03596714812
421594,421637,426765,43,5128,5,16200,1.00838533541
421604,422206,427103,602,4897,5,16200,1.1229324076
421604,422715,428771,1111,6056,5,16200,1.18345442536
421987,421993,425698,6,3705,4,3600,1.0016194332
422207,423551,431837,1344,8286,5,16200,1.1622013034
422208,424737,429813,2529,5076,5,16200,1.49822695035
423555,426777,431159,3222,4382,5,16200,1.73528069375
424308,424316,429115,8,4799,6,34800,1.00166701396
424667,424673,429576,6,4903,6,34800,1.00122374057
424682,424689,429382,7,4693,6,34800,1.00149158321
424738,427115,435595,2377,8480,5,16200,1.28030660377
424744,425708,425720,964,12,6,34800,81.3333333333
424791,425732,425738,941,6,6,34800,94.7
424909,425750,425758,841,8,6,34800,84.9
425950,425957,429659,7,3702,4,3600,1.0018908698
426022,427291,441753,1269,14462,6,70800,1.08774719956
426072,428138,442447,2066,14309,6,70800,1.14438465302
426774,427278,434307,504,7029,5,16200,1.07170294494
427112,427729,434583,617,6854,5,16200,1.09002042603
427275,428665,434219,1390,5554,5,16200,1.25027007562
427725,428782,435572,1057,6790,5,16200,1.15567010309
428665,431848,437310,3183,5462,5,16200,1.58275357012
428781,429824,435225,1043,5401,5,16200,1.1931123866
429824,431170,435786,1346,4616,5,16200,1.29159445407
430110,430117,430126,7,9,1,240,1.6
431167,434230,440308,3063,6078,5,16200,1.50394866732
431846,435236,442058,3390,6822,5,16200,1.49692172383
434229,434318,439212,89,4894,5,16200,1.01818553331
434322,434594,440871,272,6277,5,16200,1.04333280229
434598,435606,441078,1008,5472,5,16200,1.18421052632
435232,435583,441820,351,6237,5,16200,1.05627705628
435579,435797,443390,218,7593,5,16200,1.02871065455
435580,437321,441752,1741,4431,5,16200,1.39291356353
435794,440320,444368,4526,4048,5,16200,2.11808300395
435795,439223,443320,3428,4097,5,16200,1.83670978765
439225,440882,447149,1657,6267,5,16200,1.26440082974
439225,441763,450747,2538,8984,5,16200,1.28250222618
440668,440675,444282,7,3607,1,3600,1.00194067092
440879,441090,446259,211,5169,5,16200,1.04082027471
440879,442069,450438,1190,8369,5,16200,1.14219142072
441767,441831,446660,64,4829,5,16200,1.01325326154
441829,443331,449968,1502,6637,5,16200,1.22630706645
441829,443401,447775,1572,4374,5,16200,1.35939643347
443330,444379,452255,1049,7876,5,16200,1.13318943626
443331,447160,454811,3829,7651,5,16200,1.50045745654
444252,444258,444266,6,8,1,1800,1.4
444382,446270,454639,1888,8369,5,16200,1.22559445573
444389,444396,444512,7,116,1,3600,1.06034482759
444404,444411,444493,7,82,1,1800,1.08536585366
444606,444613,444793,7,180,1,3600,1.03888888889
444640,444647,444955,7,308,1,3600,1.02272727273
444768,444774,444880,6,106,1,1800,1.05660377358
444928,444935,445284,7,349,1,3600,1.02005730659
445191,445197,445625,6,428,1,3600,1.01401869159
445396,445403,445634,7,231,1,1800,1.0303030303
445518,445525,446222,7,697,1,3600,1.01004304161
446162,446169,446174,7,5,1,3600,1.2
446271,446672,454184,401,7512,5,16200,1.05338125666
446271,447786,454365,1515,6579,5,16200,1.23027815777
446289,446296,446534,7,238,1,3600,1.02941176471
446291,446303,446309,12,6,1,1800,1.8
446555,446562,446606,7,44,1,1800,1.15909090909
446668,446679,447803,11,1124,1,3600,1.00978647687
447138,447145,447410,7,265,1,3600,1.02641509434
447155,447166,447253,11,87,1,1800,1.12643678161
447160,449979,457851,2819,7872,5,16200,1.3581046748
447160,450758,458376,3598,7618,5,16200,1.47230244159
447549,447555,448133,6,578,1,3600,1.01038062284
447952,447960,448130,8,170,1,1800,1.04705882353
448056,448062,448573,6,511,1,3600,1.01174168297
448429,448435,449000,6,565,1,3600,1.01061946903
449112,449118,449126,6,8,1,3600,1.4
449235,449241,449359,6,118,1,3600,1.05084745763
449490,449497,449759,7,262,1,3600,1.02671755725
449977,450449,455966,472,5517,5,16200,1.08555374298
449984,449992,450420,8,428,1,3600,1.01869158879
450447,454650,459670,4203,5020,5,16200,1.83725099602
450447,452266,461069,1819,8803,5,16200,1.20663410201
450956,450963,450968,7,5,1,3600,1.2
451081,451087,451530,6,443,1,3600,1.01354401806
451669,451675,452369,6,694,1,3600,1.00864553314
452263,454196,458972,1933,4776,5,16200,1.4047319933
452626,452632,453543,6,911,1,3600,1.00658616905
452695,452702,452780,7,78,1,1800,1.08974358974
453312,453319,453412,7,93,1,1800,1.0752688172
454192,454376,461284,184,6908,5,16200,1.0266357846
454192,454822,461627,630,6805,5,16200,1.09257898604
454226,454232,454612,6,380,1,1800,1.01578947368
454464,454470,454507,6,37,11,3600,1.16216216216
454652,455978,462068,1326,6090,5,16200,1.21773399015
454652,457863,464677,3211,6814,5,16200,1.47123569122
455838,455845,455884,7,39,1,1800,1.17948717949
455979,459685,464646,3706,4961,5,16200,1.74702680911
455979,458387,463367,2408,4980,5,16200,1.48353413655
456116,456122,456199,6,77,1,1800,1.07792207792
456809,456816,457061,7,245,1,1800,1.02857142857
458388,458984,464172,596,5188,5,16200,1.11488049345
458980,461084,468707,2104,7623,5,16200,1.27600682146
459685,461295,466686,1610,5391,5,16200,1.2986458913
460486,460493,460636,7,143,1,36000,1.04895104895
460650,460656,466432,6,5776,1,36000,1.00103878116
461071,461078,533101,7,72023,1,72000,1.00009719118
461083,461638,466530,555,4892,5,16200,1.11345053148
461172,461178,462870,6,1692,8,14400,1.00354609929
461263,461269,462960,6,1691,8,14400,1.00354819633
461267,461275,462963,8,1688,8,14400,1.00473933649
461298,462079,467102,781,5023,5,16200,1.15548477006
461299,464688,469329,3389,4641,5,16200,1.73023055376
461953,461960,492570,7,30610,4,32400,1.00022868344
462076,463379,467867,1303,4488,5,16200,1.29032976827
463295,463302,468491,7,5189,1,36000,1.00134900752
463380,464184,468502,804,4318,5,16200,1.18619731357
464019,464027,470549,8,6522,8,14400,1.0012266176
464129,464135,470645,6,6510,8,14400,1.00092165899
464171,464177,470635,6,6458,8,14400,1.00092908021
464187,464658,470155,471,5497,5,16200,1.08568309987
464657,466541,473088,1884,6547,5,16200,1.28776538873
464689,468721,476660,4032,7939,5,16200,1.50787252803
464877,464884,479300,7,14416,2,14400,1.00048557159
465212,465219,470249,7,5030,16,32640,1.0013916501
465360,465366,479791,6,14425,2,14400,1.00041594454
465659,465666,480087,7,14421,2,14400,1.00048540323
466051,466058,466927,7,869,2,10800,1.0080552359
466333,466341,475951,8,9610,2,10800,1.00083246618
466537,466697,471921,160,5224,5,16200,1.03062787136
466537,467113,471987,576,4874,5,16200,1.11817808781
466968,466975,468911,7,1936,2,7200,1.00361570248
467110,467878,475369,768,7491,5,16200,1.10252302763
467406,467412,469986,6,2574,2,7200,1.00233100233
467670,467677,467687,7,10,2,7200,1.7
467876,468513,475207,637,6694,5,16200,1.09515984464
467923,467929,597548,6,129619,25,129599,1.00004628951
467966,467973,468596,7,623,2,7200,1.01123595506
468509,470167,476774,1658,6607,5,16200,1.2509459664
468708,468715,473091,7,4376,2,7200,1.00159963437
468724,469340,474493,616,5153,5,16200,1.11954201436
469163,469169,552009,6,82840,1,144000,1.00007242878
469337,473099,478029,3762,4930,5,16200,1.7630831643
469346,469353,556090,7,86737,25,259200,1.00008070374
469619,469628,557612,9,87984,15,129600,1.00010229133
469711,469718,522516,7,52798,1,86400,1.00013258078
469738,470231,477446,493,7215,32,7200,1.06832986833
469769,553878,561094,84109,7216,32,7200,12.6559035477
469776,651500,658721,181724,7221,32,7200,26.1660434843
469779,658734,665959,188955,7225,32,7200,27.1529411765
469784,683385,690623,213601,7238,32,7200,30.511052777
469788,690635,697870,220847,7235,32,7200,31.5248099516
469793,716001,723238,246208,7237,32,7200,35.0207268205
469800,723250,730484,253450,7234,32,7200,36.0359413879
469804,730496,737723,260692,7227,32,7200,37.0719524007
469808,737735,744969,267927,7234,32,7200,38.0371855129
469812,744980,752215,275168,7235,32,7200,39.0328956462
470165,471932,477965,1767,6033,5,16200,1.2928891099
470247,470561,470907,314,346,16,32640,1.90751445087
470504,470510,470522,6,12,8,28800,1.5
470770,470776,470787,6,11,4,3600,1.54545454545
470830,470919,471005,89,86,31,120,2.03488372093
470905,471022,473017,117,1995,16,32640,1.05864661654
470995,471016,471034,21,18,8,28800,2.16666666667
471113,471120,475813,7,4693,6,34800,1.00149158321
471205,471211,476069,6,4858,6,34800,1.00123507616
471347,471828,474393,481,2565,31,2520,1.18752436647
471629,471640,693094,11,221454,1,230400,1.00004967172
471629,471635,690413,6,218778,1,230400,1.00002742506
471629,471834,685943,205,214109,1,230400,1.00095745625
471629,471839,684622,210,212783,1,230400,1.00098692095
471630,471845,681388,215,209543,1,230400,1.00102604239
471637,471856,688355,219,216499,1,230400,1.00101155202
471637,471850,691503,213,219653,1,230400,1.00096971132
471638,471872,671083,234,199211,1,230400,1.00117463393
471638,471861,691682,223,219821,1,230400,1.00101446177
471638,471867,683357,229,211490,1,230400,1.00108279351
471643,471878,690949,235,219071,1,230400,1.00107271159
471643,471883,687712,240,215829,1,230400,1.00111199144
471644,471894,672186,250,200292,1,230400,1.00124817766
471644,471888,684968,244,213080,1,230400,1.00114510982
471644,471899,671045,255,199146,1,230400,1.0012804676
471650,473056,577323,1406,104267,1,115200,1.01348461162
471650,473072,572124,1422,99052,1,115200,1.01435609579
471650,473066,573340,1416,100274,1,115200,1.01412130762
471650,473061,576095,1411,103034,1,115200,1.01369450861
471651,473077,576693,1426,103616,1,115200,1.0137623533
471933,471998,477004,65,5006,5,16200,1.0129844187
471947,473050,473353,1103,303,4,1200,4.6402640264
471994,474504,479076,2510,4572,5,16200,1.54899387577
473016,473029,473039,13,10,16,32640,2.3
473098,475380,482981,2282,7601,5,16200,1.30022365478
473332,474405,474422,1073,17,16,32640,64.1176470588
474147,474411,474420,264,9,16,30,27.3
474450,474456,715938,6,241482,16,345600,1.00002484657
474504,474511,716062,7,241551,16,345600,1.00002897939
474505,475218,480127,713,4909,5,16200,1.14524343043
474541,479382,716066,4841,236684,16,345600,1.02045343158
474666,553873,589953,79207,36080,16,36030,3.19531596452
474865,474871,474886,6,15,8,28800,1.4
475080,475087,503908,7,28821,8,28800,1.00024287846
475125,475962,504771,837,28809,8,28800,1.02905342081
475126,492117,492162,16991,45,16,30,378.577777778
475145,477458,491848,2313,14390,8,28800,1.16073662265
475177,477464,506294,2287,28830,8,28800,1.07932708984
475198,477469,500682,2271,23213,8,28800,1.09783311076
475221,476671,483507,1450,6836,5,16200,1.2121123464
475376,476785,481753,1409,4968,5,16200,1.28361513688
475564,475570,480165,6,4595,4,86400,1.00130576714
476673,477976,482206,1303,4230,5,16200,1.30803782506
476786,477015,481404,229,4389,5,16200,1.05217589428
476822,568774,698406,91952,129632,25,129599,1.70933102938
477011,478040,482455,1029,4415,5,16200,1.23306908267
477011,479088,483775,2077,4687,5,16200,1.44314060166
478044,481415,486314,3371,4899,5,16200,1.68809961217
478044,480138,488301,2094,8163,5,16200,1.25652333701
479007,479015,479262,8,247,1,120,1.03238866397
479114,479120,479376,6,256,1,120,1.0234375
480140,482218,489735,2078,7517,5,16200,1.27644006918
480517,480524,482035,7,1511,8,3600,1.00463269358
481417,482993,490709,1576,7716,5,16200,1.20425090721
481418,481765,489858,347,8093,5,16200,1.04287655999
482215,483518,490195,1303,6677,5,16200,1.19514752134
482215,482466,487999,251,5533,5,16200,1.04536417856
482447,482453,482462,6,9,4,7200,1.5
482567,482573,483850,6,1277,1,7200,1.00469851214
482587,482593,482594,6,1,1,7200,1.0
482635,482641,484617,6,1976,1,14400,1.00303643725
482668,482679,484617,11,1938,1,14400,1.00567595459
482952,482959,483173,7,214,1,7200,1.03271028037
482992,488010,496936,5018,8926,5,16200,1.56217790724
482992,483786,491078,794,7292,5,16200,1.10888645091
483009,483184,484617,175,1433,1,18000,1.12212142359
483010,483379,484628,369,1249,1,18000,1.29543634908
483360,483385,483714,25,329,1,1200,1.07598784195
483700,483706,483707,6,1,2,14400,1.0
483789,486326,491907,2537,5581,5,16200,1.45457803261
483816,568592,601096,84776,32504,16,32460,3.60817130199
484060,568780,601337,84720,32557,16,32520,3.6022053629
484123,484129,484628,6,499,2,14400,1.0120240481
484337,506900,511251,22563,4351,31,4320,6.18570443576
484841,484847,485547,6,700,2,1800,1.00857142857
484847,484854,486051,7,1197,1,3600,1.00584795322
484865,492179,506614,7314,14435,2,14400,1.50668514028
484893,484899,492105,6,7206,1,7200,1.00083263947
485095,526163,540578,41068,14415,32,14400,3.84897676032
485120,492449,506888,7329,14439,2,14400,1.50758362768
485151,485158,492392,7,7234,1,7200,1.00096765275
485183,485189,494324,6,9135,2,14400,1.00065681445
485469,485475,499721,6,14246,1,18000,1.00042117085
485469,488938,503185,3469,14247,1,18000,1.24348985751
485630,487938,488926,2308,988,4,28800,3.33603238866
485772,591738,604438,105966,12700,2,36000,9.34377952756
485772,591744,604438,105972,12694,2,36000,9.34819599811
485772,547037,583064,61265,36027,2,36000,2.70053015794
485773,591760,604443,105987,12683,2,36000,9.35661909643
485773,591754,604443,105981,12689,2,36000,9.35219481441
485773,591749,604438,105976,12689,2,36000,9.35180077232
485774,597559,597572,111785,13,2,36000,8599.84615385
485774,591770,627782,105996,36012,2,36000,3.94335221593
485774,591765,604443,105991,12678,2,36000,9.36023032024
485774,591776,604443,106002,12667,2,36000,9.3683587274
485775,597570,604443,111795,6873,2,36000,17.2658227848
485775,597565,604443,111790,6878,2,36000,17.2532712998
485775,597575,604443,111800,6868,2,36000,17.2783925451
485776,597581,597593,111805,12,2,36000,9318.08333333
485776,597586,604443,111810,6857,2,36000,17.3059647076
485776,597591,604444,111815,6853,2,36000,17.316211878
485777,597610,597621,111833,11,2,36000,10167.6363636
485777,597632,597643,111855,11,2,36000,10169.6363636
485777,597639,597651,111862,12,2,36000,9322.83333333
485777,597615,597627,111838,12,2,36000,9320.83333333
485778,597662,597674,111884,12,2,36000,9324.66666667
485778,597654,597665,111876,11,2,36000,10171.5454545
485778,597676,597687,111898,11,2,36000,10173.5454545
485779,597685,597697,111906,12,2,36000,9326.5
485779,597698,597710,111919,12,2,36000,9327.58333333
485779,597708,597720,111929,12,2,36000,9328.41666667
485780,597721,597732,111941,11,2,36000,10177.4545455
485780,597731,597743,111951,12,2,36000,9330.25
485780,597743,597757,111963,14,2,36000,7998.35714286
485780,597755,597771,111975,16,2,36000,6999.4375
485781,597790,597801,112009,11,2,36000,10183.6363636
485781,597768,597779,111987,11,2,36000,10181.6363636
485781,597783,597795,112002,12,2,36000,9334.5
485782,597813,597824,112031,11,2,36000,10185.6363636
485782,597819,597830,112037,11,2,36000,10186.1818182
485782,597836,597847,112054,11,2,36000,10187.7272727
486324,488312,494654,1988,6342,5,16200,1.31346578366
486729,489610,491066,2881,1456,4,1440,2.97870879121
487074,526916,550242,39842,23326,4,86400,2.70805110177
487981,487987,488159,6,172,1,1200,1.03488372093
488012,489870,495746,1858,5876,5,16200,1.31620149762
488050,488170,489598,120,1428,1,3540,1.08403361345
488309,489746,498823,1437,9077,5,16200,1.15831221769
489743,490720,498905,977,8185,5,16200,1.11936469151
489866,490206,497021,340,6815,5,16200,1.04988994864
490105,490839,490905,734,66,1,600,12.1212121212
490136,490834,491081,698,247,1,3600,3.82591093117
490154,490844,491373,690,529,1,1200,2.30434782609
490204,491089,497089,885,6000,5,16200,1.1475
490465,492174,492254,1709,80,2,10800,22.3625
490716,491918,498836,1202,6918,5,16200,1.17374963862
491085,495759,502438,4674,6679,5,16200,1.69980536008
491914,494665,499535,2751,4870,5,16200,1.56488706366
492207,511268,525674,19061,14406,2,14400,2.3231292517
492435,492441,492443,6,2,1,600,1.0
492566,492572,492992,6,420,1,1800,1.01428571429
492669,492676,492678,7,2,1,600,1.0
493003,493010,493011,7,1,1,600,1.0
493052,493060,493078,8,18,1,600,1.44444444444
493094,493100,493700,6,600,1,3600,1.01
494174,494181,494196,7,15,2,1800,1.46666666667
494197,494203,494221,6,18,2,1800,1.33333333333
494661,496948,502499,2287,5551,5,16200,1.41199783823
494833,511295,512023,16462,728,1,21600,23.6126373626
494833,511290,512083,16457,793,1,21600,21.7528373266
494833,511306,512557,16473,1251,1,21600,14.1678657074
494833,511313,512507,16480,1194,1,21600,14.8023450586
494833,511301,512010,16468,709,1,21600,24.2270803949
494834,511334,511550,16500,216,1,21600,77.3888888889
494834,511329,511560,16495,231,1,21600,72.4069264069
494834,511324,511750,16490,426,1,21600,39.7089201878
494834,511318,511799,16484,481,1,21600,35.2702702703
494835,511762,512085,16927,323,1,21600,53.4055727554
494835,511340,512311,16505,971,1,21600,17.9979402678
494835,511572,511988,16737,416,1,21600,41.2331730769
494835,511562,511925,16727,363,1,21600,47.0798898072
494835,511812,512068,16977,256,1,21600,67.31640625
494836,511937,512186,17101,249,1,21600,69.6787148594
494836,512022,512226,17186,204,1,21600,85.2450980392
494836,512000,512845,17164,845,1,21600,21.3124260355
494836,511976,512797,17140,821,1,21600,21.8769792935
494837,512198,512637,17361,439,1,21600,40.5466970387
494837,512102,512679,17265,577,1,21600,30.9220103986
494837,512035,512257,17198,222,1,21600,78.4684684685
494837,512080,512280,17243,200,1,21600,87.215
494837,512095,512296,17258,201,1,21600,86.8606965174
494838,512292,512842,17454,550,1,21600,32.7345454545
494838,512238,512673,17400,435,1,21600,41.0
494838,512308,512655,17470,347,1,21600,51.3458213256
494838,512269,512760,17431,491,1,21600,36.5010183299
494839,512323,512854,17484,531,1,21600,33.9265536723
494839,512519,512847,17680,328,1,21600,54.9024390244
494839,512570,512793,17731,223,1,21600,80.5112107623
494839,512649,512996,17810,347,1,21600,52.325648415
494839,512667,513257,17828,590,1,21600,31.2169491525
494840,512685,514437,17845,1752,1,21600,11.1855022831
494840,512772,513868,17932,1096,1,21600,17.3613138686
494840,512693,513721,17853,1028,1,21600,18.3667315175
494840,512805,513370,17965,565,1,21600,32.796460177
494841,512812,513005,17971,193,1,21600,94.1139896373
494841,512854,513261,18013,407,1,21600,45.257985258
494841,512861,514603,18020,1742,1,21600,11.3444316877
494841,512866,513571,18025,705,1,21600,26.5673758865
494841,512873,513260,18032,387,1,21600,47.5943152455
494842,513009,513563,18167,554,1,21600,33.7924187726
494842,513017,513885,18175,868,1,21600,21.9389400922
494842,513270,513901,18428,631,1,21600,30.204437401
494842,513277,514158,18435,881,1,21600,21.9250851305
494843,513583,514144,18740,561,1,21600,34.4046345811
494843,513282,513664,18439,382,1,21600,49.2696335079
494843,513382,513809,18539,427,1,21600,44.4168618267
494843,513575,514345,18732,770,1,21600,25.3272727273
494843,513676,515279,18833,1603,1,21600,12.7485963818
494844,513733,514031,18889,298,1,21600,64.3859060403
494844,513822,514119,18978,297,1,21600,64.898989899
494844,513880,514792,19036,912,1,21600,21.8728070175
494844,513897,514459,19053,562,1,21600,34.9021352313
494844,513913,514538,19069,625,1,21600,31.5104
494845,514157,514820,19312,663,1,21600,30.1282051282
494845,514170,515616,19325,1446,1,21600,14.3644536653
494845,514044,514876,19199,832,1,21600,24.0757211538
494845,514131,515121,19286,990,1,21600,20.4808080808
494846,514471,517094,19625,2623,1,21600,8.48189096454
494846,514550,515486,19704,936,1,21600,22.0512820513
494846,514357,514977,19511,620,1,21600,32.4693548387
494846,514615,514938,19769,323,1,21600,62.2043343653
494846,514449,514896,19603,447,1,21600,44.8545861298
494847,514803,515252,19956,449,1,21600,45.4454342984
494847,514889,515120,20042,231,1,21600,87.7619047619
494847,514832,515071,19985,239,1,21600,84.6192468619
494847,514908,515331,20061,423,1,21600,48.4255319149
494847,514950,515434,20103,484,1,21600,42.5351239669
494848,515138,515508,20290,370,1,21600,55.8378378378
494848,515133,515527,20285,394,1,21600,52.4847715736
494848,515083,515542,20235,459,1,21600,45.0849673203
494848,514989,515669,20141,680,1,21600,30.6191176471
494849,515498,516473,20649,975,1,21600,22.1784615385
494849,515265,515798,20416,533,1,21600,39.3039399625
494849,515344,516005,20495,661,1,21600,32.0060514372
494849,515447,516452,20598,1005,1,21600,21.4955223881
494849,515292,516515,20443,1223,1,21600,17.7154538021
494850,515555,515846,20705,291,1,21600,72.1512027491
494850,515539,516317,20689,778,1,21600,27.5925449871
494850,515628,516378,20778,750,1,21600,28.704
494850,515521,516391,20671,870,1,21600,24.7597701149
494851,515681,516117,20830,436,1,21600,48.7752293578
494851,515858,516398,21007,540,1,21600,39.9018518519
494851,516021,516730,21170,709,1,21600,30.8589562764
494851,515810,516792,20959,982,1,21600,22.3431771894
494851,516016,516693,21165,677,1,21600,32.2629246677
494852,516129,516760,21277,631,1,21600,34.7194928685
494852,516329,516574,21477,245,1,21600,88.6612244898
494852,516027,516751,21175,724,1,21600,30.2472375691
494852,516034,516658,21182,624,1,21600,34.9455128205
494853,516390,516876,21537,486,1,21600,45.3148148148
494853,516485,517132,21632,647,1,21600,34.4343122102
494853,516410,517108,21557,698,1,21600,31.8839541547
494853,516403,516891,21550,488,1,21600,45.1598360656
494853,516465,516812,21612,347,1,21600,63.2824207493
494854,516527,516791,21673,264,1,21600,83.0946969697
494854,516586,516829,21732,243,1,21600,90.4320987654
494854,516670,517589,21816,919,1,21600,24.7388465724
494854,516706,517209,21852,503,1,21600,44.4433399602
494855,516810,517188,21955,378,1,21600,59.082010582
494855,516742,517277,21887,535,1,21600,41.9102803738
494855,516804,517349,21949,545,1,21600,41.2733944954
494855,516763,517109,21908,346,1,21600,64.3179190751
494855,516772,517496,21917,724,1,21600,31.2720994475
494856,517106,517738,22250,632,1,21600,36.2056962025
494856,516888,517502,22032,614,1,21600,36.8827361564
494856,516903,517409,22047,506,1,21600,44.5711462451
494856,516825,517359,21969,534,1,21600,42.1404494382
494856,516841,518243,21985,1402,1,21600,16.6811697575
494857,517222,517802,22365,580,1,21600,39.5603448276
494857,517120,517850,22263,730,1,21600,31.497260274
494857,517144,517474,22287,330,1,21600,68.5363636364
494857,517126,517461,22269,335,1,21600,67.4746268657
494857,517200,518210,22343,1010,1,21600,23.1217821782
494858,517371,517792,22513,421,1,21600,54.4750593824
494858,517422,519246,22564,1824,1,21600,13.3706140351
494858,517288,518032,22430,744,1,21600,31.1478494624
494858,517362,517829,22504,467,1,21600,49.1884368308
494859,517601,518588,22742,987,1,21600,24.0415400203
494859,517508,517872,22649,364,1,21600,63.2225274725
494859,517473,518335,22614,862,1,21600,27.2343387471
494859,517515,518043,22656,528,1,21600,43.9090909091
494859,517486,517958,22627,472,1,21600,48.938559322
494860,518254,519428,23394,1174,1,21600,20.926746167
494860,518304,518688,23444,384,1,21600,62.0520833333
494860,518523,519048,23663,525,1,21600,46.0723809524
494860,517750,518441,22890,691,1,21600,34.1259044863
494861,517863,518372,23002,509,1,21600,46.1905697446
494861,517841,518368,22980,527,1,21600,44.605313093
494861,517814,518326,22953,512,1,21600,45.830078125
494861,517804,518292,22943,488,1,21600,48.0143442623
494862,517884,518750,23022,866,1,21600,27.584295612
494862,518222,518605,23360,383,1,21600,61.9921671018
494862,518056,518511,23194,455,1,21600,51.9758241758
494862,518044,518857,23182,813,1,21600,29.5141451415
494862,517970,519012,23108,1042,1,21600,23.1765834933
494863,518600,519128,23737,528,1,21600,45.9564393939
494863,518338,519757,23475,1419,1,21600,17.5433403805
494863,518777,519863,23914,1086,1,21600,23.0202578269
494863,529727,530277,34864,550,1,21600,64.3890909091
494864,518387,518764,23523,377,1,21600,63.3952254642
494864,518348,518899,23484,551,1,21600,43.6206896552
494864,518453,518924,23589,471,1,21600,51.0828025478
494864,518380,519542,23516,1162,1,21600,21.2375215146
494865,518762,519187,23897,425,1,21600,57.2282352941
494865,518700,519200,23835,500,1,21600,48.67
494865,518617,518989,23752,372,1,21600,64.8494623656
494865,518911,519686,24046,775,1,21600,32.0270967742
494865,518870,519363,24005,493,1,21600,49.69168357
494866,519024,519631,24158,607,1,21600,40.7990115321
494866,518936,519651,24070,715,1,21600,34.6643356643
494866,519060,519963,24194,903,1,21600,27.7929125138
494866,519002,519737,24136,735,1,21600,33.8380952381
494867,519200,520692,24333,1492,1,21600,17.3089812332
494867,519749,520722,24882,973,1,21600,26.5724563207
494867,519140,519822,24273,682,1,21600,36.5909090909
494867,519698,520382,24831,684,1,21600,37.3026315789
494868,520977,521480,26109,503,1,21600,52.9065606362
494868,520734,520958,25866,224,1,21600,116.473214286
494868,520704,521522,25836,818,1,21600,32.5843520782
494868,520970,521214,26102,244,1,21600,107.975409836
494868,520394,520961,25526,567,1,21600,46.0194003527
494869,521973,524261,27104,2288,1,21600,12.8461538462
494869,521493,521961,26624,468,1,21600,57.8888888889
494869,521226,522675,26357,1449,1,21600,19.1897860594
494869,521535,522652,26666,1117,1,21600,24.872873769
494870,523026,523242,28156,216,1,21600,131.351851852
494870,522665,523014,27795,349,1,21600,80.6418338109
494870,522528,522825,27658,297,1,21600,94.1245791246
494870,522837,524138,27967,1301,1,21600,22.4965411222
494870,522687,523386,27817,699,1,21600,40.7954220315
494871,523254,523599,28383,345,1,21600,83.2695652174
494871,523398,523596,28527,198,1,21600,145.075757576
494871,523609,524066,28738,457,1,21600,63.8840262582
494871,523616,524099,28745,483,1,21600,60.5134575569
494872,524150,524363,29278,213,1,21600,138.455399061
494872,524111,524387,29239,276,1,21600,106.938405797
494872,524278,524575,29406,297,1,21600,100.01010101
494873,524376,524617,29503,241,1,21600,123.419087137
494873,524399,524685,29526,286,1,21600,104.237762238
494920,524596,526758,29676,2162,1,21600,14.7261794635
494921,524629,526977,29708,2348,1,21600,13.6524701874
494921,525791,528537,30870,2746,1,21600,12.2418062637
494921,524697,526563,29776,1866,1,21600,16.9571275456
494922,530290,531128,35368,838,1,21600,43.2052505967
494922,530038,531115,35116,1077,1,21600,33.6053853296
494922,526142,529267,31220,3125,1,21600,10.9904
494923,527161,528000,32238,839,1,21600,39.4243146603
494923,526770,527270,31847,500,1,21600,64.694
494923,526575,527148,31652,573,1,21600,56.2390924956
494923,526990,529174,32067,2184,1,21600,15.6826923077
494924,527283,528346,32359,1063,1,21600,31.4412041392
494924,528358,528981,33434,623,1,21600,54.6661316212
494924,528013,529065,33089,1052,1,21600,32.4534220532
494925,528549,529282,33624,733,1,21600,46.8717598909
494925,529187,529601,34262,414,1,21600,83.7584541063
494925,529077,530705,34152,1628,1,21600,21.9778869779
494925,528993,531897,34068,2904,1,21600,12.7314049587
494926,529294,529664,34368,370,1,21600,93.8864864865
494926,529279,529715,34353,436,1,21600,79.7912844037
494926,529613,530026,34687,413,1,21600,84.9878934625
494927,529676,530684,34749,1008,1,21600,35.4732142857
494927,530696,531578,35769,882,1,21600,41.5544217687
494927,530718,531780,35791,1062,1,21600,34.7015065913
494927,534302,535584,39375,1282,1,21600,31.7137285491
494928,531140,531931,36212,791,1,21600,46.7800252845
494928,531127,532304,36199,1177,1,21600,31.7553101105
494928,531792,532399,36864,607,1,21600,61.7314662273
494928,531590,532532,36662,942,1,21600,39.9193205945
494929,531909,532447,36980,538,1,21600,69.7360594796
494929,531943,532544,37014,601,1,21600,62.5873544093
494929,532315,533591,37386,1276,1,21600,30.2993730408
494930,532556,533256,37626,700,1,21600,54.7514285714
494930,532543,534192,37613,1649,1,21600,23.8095815646
494930,532411,536290,37481,3879,1,21600,10.6625418922
494930,532459,534523,37529,2064,1,21600,19.1826550388
494931,533603,538167,38672,4564,1,21600,9.47326906223
494931,534536,534904,39605,368,1,21600,108.622282609
494931,533268,534290,38337,1022,1,21600,38.511741683
494932,535600,536760,40668,1160,1,21600,36.0586206897
494932,534205,535202,39273,997,1,21600,40.3911735206
494932,534916,536552,39984,1636,1,21600,25.4400977995
494932,534797,536336,39865,1539,1,21600,26.9031838856
494933,535106,536125,40173,1019,1,21600,40.4239450442
494933,535214,537084,40281,1870,1,21600,22.5406417112
494933,536137,537712,41204,1575,1,21600,27.1612698413
494934,536302,537235,41368,933,1,21600,45.3386923901
494934,536564,539499,41630,2935,1,21600,15.1839863714
494934,544391,545901,49457,1510,1,21600,33.7529801325
494934,536349,537480,41415,1131,1,21600,37.6180371353
494935,537082,537643,42147,561,1,21600,76.128342246
494935,536772,537530,41837,758,1,21600,56.1939313984
494935,537097,539427,42162,2330,1,21600,19.09527897
494936,537246,538651,42310,1405,1,21600,31.1138790036
494936,537542,537874,42606,332,1,21600,129.331325301
494936,537492,538842,42556,1350,1,21600,32.522962963
494936,537655,539588,42719,1933,1,21600,23.0998448008
494937,537724,539105,42787,1381,1,21600,31.9826212889
494937,537886,541202,42949,3316,1,21600,13.9520506634
494937,538180,539641,43243,1461,1,21600,30.598220397
494938,539122,540634,44184,1512,1,21600,30.2222222222
494938,539439,540154,44501,715,1,21600,63.2391608392
494938,538663,539775,43725,1112,1,21600,40.3210431655
494938,538854,542377,43916,3523,1,21600,13.4655123474
494939,539511,540455,44572,944,1,21600,48.2161016949
494939,539793,540309,44854,516,1,21600,87.9263565891
494939,540166,540663,45227,497,1,21600,92.0
494940,542079,543202,47139,1123,1,21600,42.9759572573
494940,540467,542066,45527,1599,1,21600,29.4721701063
494940,542026,543303,47086,1277,1,21600,37.8723570869
494940,540322,542014,45382,1692,1,21600,27.8215130024
494941,544817,547717,49876,2900,1,21600,18.1986206897
494941,542389,544379,47448,1990,1,21600,24.8432160804
494941,543214,544805,48273,1591,1,21600,31.3412947832
494941,543315,545726,48374,2411,1,21600,21.0638739112
494942,545738,548424,50796,2686,1,21600,19.9113924051
494942,545913,547576,50971,1663,1,21600,31.6500300661
494942,551756,552889,56814,1133,1,21600,51.1447484554
494943,548436,549066,53493,630,1,21600,85.9095238095
494943,547729,550346,52786,2617,1,21600,21.1704241498
494943,549025,550416,54082,1391,1,21600,39.8799424874
494943,547588,549013,52645,1425,1,21600,37.9438596491
494944,549946,552491,55002,2545,1,21600,22.6117878193
494944,549078,549934,54134,856,1,21600,64.2406542056
494944,550254,551379,55310,1125,1,21600,50.1644444444
494945,550260,551861,55315,1601,1,21600,35.5502810743
494945,550358,551582,55413,1224,1,21600,46.2720588235
494945,550265,551749,55320,1484,1,21600,38.2776280323
494945,550270,551744,55325,1474,1,21600,38.5339213026
494946,551391,551922,56445,531,1,21600,107.299435028
494946,550428,551850,55482,1422,1,21600,40.0168776371
494946,551594,552864,56648,1270,1,21600,45.6047244094
494947,551862,552583,56915,721,1,21600,79.9389736477
494947,551873,553654,56926,1781,1,21600,32.9629421673
494947,551934,552949,56987,1015,1,21600,57.1448275862
494947,551763,553716,56816,1953,1,21600,30.0916538658
494948,552595,554991,57647,2396,1,21600,25.0596828047
494948,552026,552594,57078,568,1,21600,101.48943662
494948,552503,553027,57555,524,1,21600,110.83778626
494948,552606,553641,57658,1035,1,21600,56.7082125604
494949,552901,553669,57952,768,1,21600,76.4583333333
494949,552876,553931,57927,1055,1,21600,55.9071090047
494949,552961,554282,58012,1321,1,21600,44.9152157456
494950,557840,559082,62890,1242,1,21600,51.6360708535
494950,553039,553805,58089,766,1,21600,76.8342036554
494950,553654,554053,58704,399,1,21600,148.127819549
494950,553666,556333,58716,2667,1,21600,23.0157480315
494951,553817,555081,58866,1264,1,21600,47.5712025316
494951,553681,556926,58730,3245,1,21600,19.0986132512
494951,553728,557545,58777,3817,1,21600,16.3987424679
494952,554294,555212,59342,918,1,21600,65.6427015251
494952,554065,555376,59113,1311,1,21600,46.0900076278
494952,555003,555842,60051,839,1,21600,72.5744934446
494952,553943,555085,58991,1142,1,21600,52.6558669002
494953,555388,556412,60435,1024,1,21600,60.0185546875
494953,555093,558233,60140,3140,1,21600,20.152866242
494953,555225,556754,60272,1529,1,21600,40.4192282538
494953,555100,557038,60147,1938,1,21600,32.0356037152
494954,555854,559196,60900,3342,1,21600,19.2226211849
494954,556424,559778,61470,3354,1,21600,19.3273703041
494954,556345,558381,61391,2036,1,21600,31.1527504912
494955,557050,557828,62095,778,1,21600,80.8136246787
494955,556766,559026,61811,2260,1,21600,28.35
494955,556939,557857,61984,918,1,21600,68.5206971678
494956,558245,559135,63289,890,1,21600,72.1112359551
494956,557557,560372,62601,2815,1,21600,23.238365897
494956,558393,561472,63437,3079,1,21600,21.6031178954
494956,557869,558595,62913,726,1,21600,87.6570247934
494957,559039,562225,64082,3186,1,21600,21.1136220967
494957,559147,561373,64190,2226,1,21600,29.8364779874
494957,558607,560096,63650,1489,1,21600,43.7468099396
494958,559208,560860,64250,1652,1,21600,39.892251816
494958,559094,560502,64136,1408,1,21600,46.5511363636
494958,559791,561310,64833,1519,1,21600,43.6813693219
494958,560109,561556,65151,1447,1,21600,46.0248790601
494959,568796,569963,73837,1167,1,21600,64.2707797772
494959,560514,562687,65555,2173,1,21600,31.1679705476
494959,560384,561254,65425,870,1,21600,76.2011494253
494959,568791,569762,73832,971,1,21600,77.0370751802
494960,568807,570554,73847,1747,1,21600,43.2707498569
494960,601143,602646,106183,1503,1,21600,71.6473719228
494960,568801,574265,73841,5464,1,21600,14.5140922401
494961,597796,598779,102835,983,1,21600,105.613428281
494961,568818,569617,73857,799,1,21600,93.436795995
494961,568823,569910,73862,1087,1,21600,68.9503219871
494961,568812,571674,73851,2862,1,21600,26.8039832285
494962,597807,598885,102845,1078,1,21600,96.4035250464
494962,601116,604140,106154,3024,1,21600,36.1038359788
494962,601110,602200,106148,1090,1,21600,98.3834862385
494962,597801,598879,102839,1078,1,21600,96.3979591837
494963,601127,602959,106164,1832,1,21600,58.9497816594
494963,601132,602973,106169,1841,1,21600,58.6692015209
494963,601121,603123,106158,2002,1,21600,54.025974026
494964,601159,611022,106195,9863,1,21600,11.7670080097
494964,601148,602901,106184,1753,1,21600,61.5727324586
494964,601138,603728,106174,2590,1,21600,41.9938223938
494964,601154,605077,106190,3923,1,21600,28.068569972
494965,601175,603411,106210,2236,1,21600,48.5
494965,601164,605676,106199,4512,1,21600,24.5370124113
494965,601170,602685,106205,1515,1,21600,71.102310231
494965,601186,602542,106221,1356,1,21600,79.3340707965
494966,602212,605975,107246,3763,1,21600,29.5001328727
494966,601700,603123,106734,1423,1,21600,76.0063246662
494966,601180,601688,106214,508,1,21600,210.082677165
494967,602696,607632,107729,4936,1,21600,22.8251620746
494967,602658,604842,107691,2184,1,21600,50.3090659341
494967,602553,603611,107586,1058,1,21600,102.688090737
494968,602917,603806,107949,889,1,21600,122.427446569
494968,602990,604537,108022,1547,1,21600,70.8267614738
494968,603135,606427,108167,3292,1,21600,33.8575334143
494968,602971,604239,108003,1268,1,21600,86.1758675079
494969,603424,604222,108455,798,1,21600,136.908521303
494969,603558,604082,108589,524,1,21600,208.230916031
494969,603140,603547,108171,407,1,21600,266.776412776
494970,603623,604167,108653,544,1,21600,200.729779412
494970,603818,604540,108848,722,1,21600,151.75900277
494970,603741,604953,108771,1212,1,21600,90.745049505
494970,604094,604542,109124,448,1,21600,244.580357143
494971,604240,604990,109269,750,1,21600,146.692
494971,604152,604735,109181,583,1,21600,188.274442539
494971,604180,604769,109209,589,1,21600,186.41426146
494988,604251,613421,109263,9170,1,21600,12.9152671756
494989,604549,605744,109560,1195,1,21600,92.6820083682
494989,604556,605835,109567,1279,1,21600,86.6661454261
494989,604561,606210,109572,1649,1,21600,67.447543966
494990,604750,613142,109760,8392,1,21600,14.0791229743
494990,606243,608014,111253,1771,1,21600,63.8193111237
494990,604783,606608,109793,1825,1,21600,61.1605479452
494991,604854,605716,109863,862,1,21600,128.451276102
494991,604965,607489,109974,2524,1,21600,44.5713153724
494991,605003,608128,110012,3125,1,21600,36.20384
494991,605089,606231,110098,1142,1,21600,97.408056042
494992,606621,607732,111629,1111,1,21600,101.476147615
494992,607501,610411,112509,2910,1,21600,39.6628865979
494992,608937,610383,113945,1446,1,21600,79.8001383126
494993,607650,611428,112657,3778,1,21600,30.8192165167
494993,607743,608457,112750,714,1,21600,158.913165266
494993,607643,608504,112650,861,1,21600,131.836236934
494993,607656,610394,112663,2738,1,21600,42.1479181885
494994,608140,608787,113146,647,1,21600,175.877897991
494994,608026,608910,113032,884,1,21600,128.864253394
494994,608468,609137,113474,669,1,21600,170.617339312
494995,611359,612905,116364,1546,1,21600,76.2677878396
494995,608798,610087,113803,1289,1,21600,89.2878200155
494995,608921,609712,113926,791,1,21600,145.027812895
494995,608516,609672,113521,1156,1,21600,99.2015570934
494996,608947,610057,113951,1110,1,21600,103.658558559
494996,609149,610113,114153,964,1,21600,119.415975104
494996,608953,610269,113957,1316,1,21600,87.5934650456
494996,608942,610312,113946,1370,1,21600,84.1722627737
494997,609724,610443,114727,719,1,21600,160.564673157
494997,609683,610447,114686,764,1,21600,151.112565445
494997,610069,611751,115072,1682,1,21600,69.4137931034
494998,610098,615348,115100,5250,1,21600,22.9238095238
494998,610327,611558,115329,1231,1,21600,94.6872461413
494998,610125,611941,115127,1816,1,21600,64.3959251101
494998,610281,611832,115283,1551,1,21600,75.3281753707
494999,610423,618293,115424,7870,1,21600,15.6663278272
494999,610395,612311,115396,1916,1,21600,61.2275574113
494999,610406,611348,115407,942,1,21600,123.512738854
495000,611440,614179,116440,2739,1,21600,43.5118656444
495000,610462,612194,115462,1732,1,21600,67.6639722864
495000,610455,611865,115455,1410,1,21600,82.8829787234
495000,611034,612106,116034,1072,1,21600,109.240671642
495001,611570,613721,116569,2151,1,21600,55.1929335193
495001,611766,612978,116765,1212,1,21600,97.3407590759
495001,612118,614564,117117,2446,1,21600,48.8810302535
495002,611880,614394,116878,2514,1,21600,47.4908512331
495002,611847,613238,116845,1391,1,21600,85.0007189073
495002,611953,613221,116951,1268,1,21600,93.2326498423
495003,612207,621497,117204,9290,1,21600,13.616146394
495003,612996,615808,117993,2812,1,21600,42.9605263158
495003,612917,614061,117914,1144,1,21600,104.071678322
495003,612323,614801,117320,2478,1,21600,48.3446327684
495004,613233,614194,118229,961,1,21600,124.027055151
495004,613154,614395,118150,1241,1,21600,96.2054794521
495004,613251,615395,118247,2144,1,21600,56.1525186567
495005,511263,511441,16258,178,4,18000,92.3370786517
495005,613734,615660,118729,1926,1,21600,62.6453790239
495005,614072,617956,119067,3884,1,21600,31.6557672503
495005,613432,616621,118427,3189,1,21600,38.1360928191
495006,614191,615973,119185,1782,1,21600,67.8827160494
495006,614206,616143,119200,1937,1,21600,62.5384615385
495006,614406,627444,119400,13038,1,21600,10.1578462954
495007,614576,615969,119569,1393,1,21600,86.8356066045
495007,614412,616812,119405,2400,1,21600,50.7520833333
495007,614817,616683,119810,1866,1,21600,65.2068595927
495008,615672,616232,120664,560,1,21600,216.471428571
495008,615407,616333,120399,926,1,21600,131.020518359
495008,615360,616371,120352,1011,1,21600,120.042532146
495009,615820,617512,120811,1692,1,21600,72.4013002364
495009,615990,617598,120981,1608,1,21600,76.2369402985
495009,615983,617743,120974,1760,1,21600,69.7352272727
495010,616244,617513,121234,1269,1,21600,96.5350669819
495010,616345,618753,121335,2408,1,21600,51.3882890365
495010,616155,617642,121145,1487,1,21600,82.4694014795
495011,616636,619958,121625,3322,1,21600,37.6119807345
495011,616384,626902,121373,10518,1,21600,12.5395512455
495011,616696,619611,121685,2915,1,21600,42.7444253859
495011,616825,619304,121814,2479,1,21600,50.1383622428
495012,617677,618596,122665,919,1,21600,134.476605005
495012,617610,620756,122598,3146,1,21600,39.9694850604
495012,617660,624091,122648,6431,1,21600,20.0713730369
495013,617754,618935,122741,1181,1,21600,104.929720576
495013,618306,622199,123293,3893,1,21600,32.6704341125
495013,617968,620998,122955,3030,1,21600,41.5792079208
495014,618608,619849,123594,1241,1,21600,100.592264303
495014,619320,621516,124306,2196,1,21600,57.6056466302
495014,618765,620209,123751,1444,1,21600,86.7001385042
495014,618947,620286,123933,1339,1,21600,93.5563853622
495015,619971,621207,124956,1236,1,21600,102.097087379
495015,619624,621855,124609,2231,1,21600,56.8534289556
495015,619866,621746,124851,1880,1,21600,67.410106383
495016,620298,621859,125282,1561,1,21600,81.2575272261
495016,620768,622251,125752,1483,1,21600,85.7956844235
495016,620221,621419,125205,1198,1,21600,105.511686144
495017,621015,623012,125998,1997,1,21600,64.0936404607
495017,621431,622825,126414,1394,1,21600,91.6843615495
495017,621219,622589,126202,1370,1,21600,93.1182481752
495017,621517,622682,126500,1165,1,21600,109.583690987
495018,621534,624580,126516,3046,1,21600,42.5351280368
495018,621881,623306,126863,1425,1,21600,90.0266666667
495018,621759,623175,126741,1416,1,21600,90.5063559322
495019,621888,624243,126869,2355,1,21600,54.8721868365
495019,622607,624593,127588,1986,1,21600,65.2437059416
495019,622210,625132,127191,2922,1,21600,44.5287474333
495020,622263,623871,127243,1608,1,21600,80.1312189055
495020,622842,626483,127822,3641,1,21600,36.1062894809
495020,622694,625232,127674,2538,1,21600,51.304964539
495021,623196,624681,128175,1485,1,21600,87.3131313131
495021,623319,625191,128298,1872,1,21600,69.5352564103
495021,623024,625062,128003,2038,1,21600,63.8081452404
495022,625074,627302,130052,2228,1,21600,59.3716337522
495022,624104,625966,129082,1862,1,21600,70.3243823845
495022,623883,625800,128861,1917,1,21600,68.2201356286
495023,625978,628554,130955,2576,1,21600,51.836568323
495023,625247,627806,130224,2559,1,21600,51.8886283705
495023,624254,626329,129231,2075,1,21600,63.28
495024,624611,627615,129587,3004,1,21600,44.1381491345
495024,624698,632579,129674,7881,1,21600,17.4540032991
495024,624597,627926,129573,3329,1,21600,39.922499249
495025,625206,628971,130181,3765,1,21600,35.576626826
495025,625811,629716,130786,3905,1,21600,34.4919334187
495025,625149,630479,130124,5330,1,21600,25.4135084428
495026,626343,633477,131317,7134,1,21600,19.4072049341
495026,626035,627653,131009,1618,1,21600,81.9697156984
495026,626029,627699,131003,1670,1,21600,79.4449101796
495027,627633,628062,132606,429,1,21600,310.104895105
495027,626495,628022,131468,1527,1,21600,87.0956123117
495027,626924,629188,131897,2264,1,21600,59.2583922261
495028,627666,632968,132638,5302,1,21600,26.0165975104
495028,627314,628988,132286,1674,1,21600,80.0238948626
495028,627717,629861,132689,2144,1,21600,62.8885261194
495028,627458,629483,132430,2025,1,21600,66.3975308642
495029,628033,630464,133004,2431,1,21600,55.7116412999
495029,627819,629685,132790,1866,1,21600,72.1629153269
495029,627937,630293,132908,2356,1,21600,57.4125636672
495030,628566,629603,133536,1037,1,21600,129.771456123
495030,628989,630628,133959,1639,1,21600,82.7321537523
495030,628083,631507,133053,3424,1,21600,39.8589369159
495031,629008,630448,133977,1440,1,21600,94.0395833333
495031,629618,629889,134587,271,1,21600,497.63099631
495031,629200,632269,134169,3069,1,21600,44.7174975562
495032,629702,632745,134670,3043,1,21600,45.2556687479
495032,629882,632049,134850,2167,1,21600,63.2288878634
495032,629728,630982,134696,1254,1,21600,108.41307815
495032,629494,631238,134462,1744,1,21600,78.0997706422
495033,630315,632698,135282,2383,1,21600,57.7696181284
495033,630420,633544,135387,3124,1,21600,44.3377080666
495033,629901,631809,134868,1908,1,21600,71.6855345912
495034,630640,637166,135606,6526,1,21600,21.7793441618
495034,630479,630784,135445,305,1,21600,445.081967213
495034,630462,633955,135428,3493,1,21600,39.7712567993
495034,630497,633381,135463,2884,1,21600,47.9705270458
495035,630795,634488,135760,3693,1,21600,37.7614405632
495035,631822,634900,136787,3078,1,21600,45.4402209227
495035,630996,633408,135961,2412,1,21600,57.3685737977
495036,631518,634216,136482,2698,1,21600,51.5863602669
495036,631255,639190,136219,7935,1,21600,18.1668557026
495036,632060,636148,137024,4088,1,21600,34.518590998
495036,632280,637893,137244,5613,1,21600,25.4510956708
495037,632596,633797,137559,1201,1,21600,115.537052456
495037,632710,633434,137673,724,1,21600,191.156077348
495037,632756,633782,137719,1026,1,21600,135.229044834
495038,632981,634719,137943,1738,1,21600,80.3688147296
495038,633426,634811,138388,1385,1,21600,100.919133574
495038,633393,644594,138355,11201,1,21600,13.3520221409
495038,633446,636728,138408,3282,1,21600,43.1718464351
495039,633555,634367,138516,812,1,21600,171.586206897
495039,633794,634402,138755,608,1,21600,229.215460526
495039,633490,642962,138451,9472,1,21600,15.616870777
495040,633810,635525,138770,1715,1,21600,81.915451895
495040,633971,636604,138931,2633,1,21600,53.7652867452
495040,634228,635320,139188,1092,1,21600,128.461538462
495041,634499,637111,139458,2612,1,21600,54.3912710567
495041,634420,635048,139379,628,1,21600,222.941082803
495041,634379,635245,139338,866,1,21600,161.898383372
495042,634823,635468,139781,645,1,21600,217.714728682
495042,634731,635618,139689,887,1,21600,158.484780158
495042,634912,635867,139870,955,1,21600,147.460732984
495043,635257,636021,140214,764,1,21600,184.52617801
495043,635060,636396,140017,1336,1,21600,105.803143713
495043,635332,636170,140289,838,1,21600,168.409307876
495067,635480,635924,140413,444,1,21600,317.245495495
495068,635543,635713,140475,170,1,21600,827.323529412
495068,635629,635745,140561,116,1,21600,1212.73275862
495068,635726,635927,140658,201,1,21600,700.791044776
495068,635882,636648,140814,766,1,21600,184.830287206
495069,635936,636194,140867,258,1,21600,546.996124031
495069,635889,636306,140820,417,1,21600,338.697841727
495069,636160,637015,141091,855,1,21600,166.01871345
495070,636186,636494,141116,308,1,21600,459.168831169
495070,635943,636505,140873,562,1,21600,251.663701068
495070,636034,636865,140964,831,1,21600,170.631768953
495071,636443,636751,141372,308,1,21600,460.0
495071,636207,636426,141136,219,1,21600,645.456621005
495071,636318,636541,141247,223,1,21600,634.394618834
495071,636408,636565,141337,157,1,21600,901.23566879
495072,636558,636957,141486,399,1,21600,355.601503759
495072,636525,636804,141453,279,1,21600,508.0
495072,636506,636839,141434,333,1,21600,425.726726727
495073,636660,637046,141587,386,1,21600,367.805699482
495073,636578,636962,141505,384,1,21600,369.502604167
495073,636616,636948,141543,332,1,21600,427.334337349
495074,636815,637044,141741,229,1,21600,619.956331878
495074,636977,637260,141903,283,1,21600,502.424028269
495074,636741,637079,141667,338,1,21600,420.133136095
495074,636763,636997,141689,234,1,21600,606.508547009
495075,637010,637898,141935,888,1,21600,160.836711712
495075,637095,637354,142020,259,1,21600,549.33976834
495075,636989,637292,141914,303,1,21600,469.363036304
495076,637123,637486,142047,363,1,21600,392.314049587
495076,637273,637484,142197,211,1,21600,674.91943128
495076,637178,637923,142102,745,1,21600,191.740939597
495076,637208,637779,142132,571,1,21600,249.917688266
495077,637313,638063,142236,750,1,21600,190.648
495077,637366,638816,142289,1450,1,21600,99.1303448276
495077,637496,637716,142419,220,1,21600,648.359090909
495078,637503,637727,142425,224,1,21600,636.825892857
495078,637728,637952,142650,224,1,21600,637.830357143
495078,637739,638174,142661,435,1,21600,328.956321839
495079,637916,638309,142837,393,1,21600,364.452926209
495079,637792,638403,142713,611,1,21600,234.572831424
495079,637909,638609,142830,700,1,21600,205.042857143
495080,637936,638205,142856,269,1,21600,532.063197026
495080,637972,638221,142892,249,1,21600,574.863453815
495080,638048,638235,142968,187,1,21600,765.534759358
495080,638055,638619,142975,564,1,21600,254.50177305
495081,638076,638627,142995,551,1,21600,260.519056261
495081,638186,638649,143105,463,1,21600,310.082073434
495081,638240,638652,143159,412,1,21600,348.473300971
495082,638415,638956,143333,541,1,21600,265.940850277
495082,638321,639062,143239,741,1,21600,194.304993252
495082,638252,638658,143170,406,1,21600,353.63546798
495082,638218,638490,143136,272,1,21600,527.235294118
495083,638622,639091,143539,469,1,21600,307.053304904
495083,638631,639152,143548,521,1,21600,276.523992322
495083,638639,639289,143556,650,1,21600,221.855384615
495083,638661,640596,143578,1935,1,21600,75.2005167959
495084,638673,638914,143589,241,1,21600,596.804979253
495084,638685,638935,143601,250,1,21600,575.404
495085,638828,639033,143743,205,1,21600,702.185365854
495085,638805,639364,143720,559,1,21600,258.1019678
495085,638947,639301,143862,354,1,21600,407.389830508
495085,638926,639262,143841,336,1,21600,429.098214286
495086,639090,639547,144004,457,1,21600,316.107221007
495086,639045,639332,143959,287,1,21600,502.599303136
495086,638968,639250,143882,282,1,21600,511.219858156
495087,639164,639666,144077,502,1,21600,288.005976096
495087,639103,639861,144016,758,1,21600,190.994722955
495087,639203,639542,144116,339,1,21600,426.120943953
495088,639314,639591,144226,277,1,21600,521.671480144
495088,639296,639584,144208,288,1,21600,501.722222222
495088,639290,639752,144202,462,1,21600,313.125541126
495089,639326,639582,144237,256,1,21600,564.42578125
495089,639381,639851,144292,470,1,21600,308.004255319
495089,639356,639572,144267,216,1,21600,668.902777778
495090,639588,640138,144498,550,1,21600,263.723636364
495090,639567,639893,144477,326,1,21600,444.180981595
495090,639559,639963,144469,404,1,21600,358.596534653
495090,639595,640040,144505,445,1,21600,325.730337079
495091,639614,640318,144523,704,1,21600,206.288352273
495091,639679,640392,144588,713,1,21600,203.788218794
495091,639764,640822,144673,1058,1,21600,137.741965974
495092,639878,640223,144786,345,1,21600,420.669565217
495092,639870,640232,144778,362,1,21600,400.939226519
495092,639906,640882,144814,976,1,21600,149.375
495093,639975,640785,144882,810,1,21600,179.866666667
495093,640409,640953,145316,544,1,21600,268.125
495093,640151,641247,145058,1096,1,21600,133.352189781
495093,640053,641189,144960,1136,1,21600,128.605633803
495094,640245,640557,145151,312,1,21600,466.227564103
495094,640200,640707,145106,507,1,21600,287.205128205
495094,640235,640820,145141,585,1,21600,249.104273504
495095,640609,641213,145514,604,1,21600,241.917218543
495095,640334,642358,145239,2024,1,21600,72.7583992095
495095,640719,641166,145624,447,1,21600,326.780760626
495096,640894,641426,145798,532,1,21600,275.056390977
495096,640810,641267,145714,457,1,21600,319.849015317
495096,640850,641140,145754,290,1,21600,503.6
495096,640832,641237,145736,405,1,21600,360.841975309
495097,641226,641840,146129,614,1,21600,238.995114007
495097,640965,641859,145868,894,1,21600,164.163310962
495097,641158,642106,146061,948,1,21600,155.07278481
495098,641249,641589,146151,340,1,21600,430.855882353
495098,641204,642035,146106,831,1,21600,176.819494585
495098,641259,641552,146161,293,1,21600,499.843003413
495099,641438,642303,146339,865,1,21600,170.178034682
495099,641564,642611,146465,1047,1,21600,140.890162369
495099,641280,642830,146181,1550,1,21600,95.3103225806
495099,641609,641971,146510,362,1,21600,405.723756906
495100,641853,642262,146753,409,1,21600,359.809290954
495100,641984,642844,146884,860,1,21600,171.795348837
495100,641880,642942,146780,1062,1,21600,139.210922787
495101,642315,643441,147214,1126,1,21600,131.740674956
495101,642104,643079,147003,975,1,21600,151.772307692
495101,642278,643426,147177,1148,1,21600,129.202961672
495101,642050,642450,146949,400,1,21600,368.3725
495102,642842,643270,147740,428,1,21600,346.186915888
495102,642466,642854,147364,388,1,21600,380.804123711
495102,642479,642859,147377,380,1,21600,388.834210526
495103,642856,643170,147753,314,1,21600,471.550955414
495103,642873,643320,147770,447,1,21600,331.581655481
495103,642866,645824,147763,2958,1,21600,50.9536849222
495104,642973,644092,147869,1119,1,21600,133.143878463
495104,643095,644939,147991,1844,1,21600,81.2554229935
495104,643300,643391,148196,91,1,21600,1629.52747253
495105,643332,643668,148227,336,1,21600,442.151785714
495105,643192,643282,148087,90,1,21600,1646.41111111
495105,643389,644491,148284,1102,1,21600,135.558983666
495106,643403,643529,148297,126,1,21600,1177.96031746
495106,643464,643803,148358,339,1,21600,438.634218289
495106,643452,643721,148346,269,1,21600,552.472118959
495107,643519,643733,148412,214,1,21600,694.514018692
495107,643680,643833,148573,153,1,21600,972.065359477
495107,643733,643838,148626,105,1,21600,1416.48571429
495108,643820,644499,148712,679,1,21600,220.016200295
495108,643852,644220,148744,368,1,21600,405.195652174
495108,643845,644176,148737,331,1,21600,450.356495468
495108,643745,643955,148637,210,1,21600,708.795238095
495109,643976,644858,148867,882,1,21600,169.783446712
495109,644179,644483,149070,304,1,21600,491.361842105
495109,644024,644187,148915,163,1,21600,914.588957055
495110,644189,644651,149079,462,1,21600,323.681818182
495138,644238,644856,149100,618,1,21600,242.262135922
495138,644203,645184,149065,981,1,21600,152.952089704
495139,644443,646320,149304,1877,1,21600,80.5439531167
495139,644389,644911,149250,522,1,21600,286.91954023
495139,644394,644857,149255,463,1,21600,323.365010799
495140,644510,645317,149370,807,1,21600,186.092936803
495140,644502,645489,149362,987,1,21600,152.329280648
495140,644663,645988,149523,1325,1,21600,113.84754717
495140,644868,646148,149728,1280,1,21600,117.975
495141,645050,645719,149909,669,1,21600,225.07922272
495141,645329,646239,150188,910,1,21600,166.041758242
495141,644929,647111,149788,2182,1,21600,69.6471127406
495141,645198,646473,150057,1275,1,21600,118.691764706
495142,646160,647653,151018,1493,1,21600,102.150703282
495142,645501,646024,150359,523,1,21600,288.493307839
495142,646037,646666,150895,629,1,21600,240.896661367
495143,645730,646434,150587,704,1,21600,214.901988636
495143,645842,646883,150699,1041,1,21600,145.763688761
495143,646000,647333,150857,1333,1,21600,114.171042761
495143,646251,647030,151108,779,1,21600,194.976893453
495144,646287,647221,151143,934,1,21600,162.823340471
495144,646446,647325,151302,879,1,21600,173.129692833
495144,646292,647170,151148,878,1,21600,173.150341686
495144,646332,648142,151188,1810,1,21600,84.529281768
495145,646485,647681,151340,1196,1,21600,127.538461538
495145,646678,647587,151533,909,1,21600,167.702970297
495145,646895,647640,151750,745,1,21600,204.691275168
495146,647131,648693,151985,1562,1,21600,98.3015364917
495146,647048,648762,151902,1714,1,21600,89.6242707118
495146,647233,648593,152087,1360,1,21600,112.828676471
495146,647182,649229,152036,2047,1,21600,75.2725940401
495147,647345,649843,152198,2498,1,21600,61.9279423539
495147,647337,647744,152190,407,1,21600,374.931203931
495147,647599,652907,152452,5308,1,21600,29.721175584
495148,647654,648347,152506,693,1,21600,221.066378066
495148,647756,648577,152608,821,1,21600,186.880633374
495148,647697,648483,152549,786,1,21600,195.082697201
495148,647666,648408,152518,742,1,21600,206.549865229
495149,648494,649203,153345,709,1,21600,217.283497884
495149,648154,649916,153005,1762,1,21600,87.8359818388
495149,648358,650525,153209,2167,1,21600,71.7009690817
495149,648420,649584,153271,1164,1,21600,132.676116838
495150,648590,649412,153440,822,1,21600,187.666666667
495150,648606,649162,153456,556,1,21600,277.0
495150,648710,650260,153560,1550,1,21600,100.070967742
495151,649244,649785,154093,541,1,21600,285.829944547
495151,648777,651532,153626,2755,1,21600,56.7626134301
495151,649174,650196,154023,1022,1,21600,151.707436399
495151,649215,650745,154064,1530,1,21600,101.695424837
495152,649596,651065,154444,1469,1,21600,106.135466304
495152,649424,650342,154272,918,1,21600,169.052287582
495152,649803,651308,154651,1505,1,21600,103.758139535
495153,650364,651390,155211,1026,1,21600,152.277777778
495153,649929,651463,154776,1534,1,21600,101.897001304
495153,650357,651472,155204,1115,1,21600,140.196412556
495153,649855,650905,154702,1050,1,21600,148.335238095
495154,650762,651313,155608,551,1,21600,283.410163339
495154,650542,651133,155388,591,1,21600,263.923857868
495154,651077,651576,155923,499,1,21600,313.470941884
495155,651146,652514,155991,1368,1,21600,115.028508772
495155,651310,652471,156155,1161,1,21600,135.500430663
495155,651320,652387,156165,1067,1,21600,147.358950328
495155,651327,652034,156172,707,1,21600,221.893917963
495156,651476,652784,156320,1308,1,21600,120.510703364
495156,651403,652086,156247,683,1,21600,229.765739385
495156,651506,653150,156350,1644,1,21600,96.103406326
495157,652097,652798,156940,701,1,21600,224.880171184
495157,652057,653533,156900,1476,1,21600,107.300813008
495157,651589,653013,156432,1424,1,21600,110.853932584
495157,651543,652904,156386,1361,1,21600,115.905216752
495158,652483,653594,157325,1111,1,21600,142.606660666
495158,652404,653434,157246,1030,1,21600,153.666019417
495158,652530,654236,157372,1706,1,21600,93.2461899179
495159,652924,654498,157765,1574,1,21600,101.231893266
495159,652810,654211,157651,1401,1,21600,113.527480371
495159,653026,653921,157867,895,1,21600,177.387709497
495159,652796,654041,157637,1245,1,21600,127.616064257
495160,653445,654421,158285,976,1,21600,163.177254098
495160,653165,653988,158005,823,1,21600,192.986634265
495160,653549,655067,158389,1518,1,21600,105.34057971
495161,654000,655215,158839,1215,1,21600,131.731687243
495161,654053,655167,158892,1114,1,21600,143.631956912
495161,653934,654967,158773,1033,1,21600,154.700871249
495161,653606,655773,158445,2167,1,21600,74.1172127365
495162,654248,655603,159086,1355,1,21600,118.406642066
495162,654224,656939,159062,2715,1,21600,59.5863720074
495162,654434,656836,159272,2402,1,21600,67.3080766028
495163,655079,655655,159916,576,1,21600,278.631944444
495163,655184,657259,160021,2075,1,21600,78.1185542169
495163,654978,656311,159815,1333,1,21600,120.891222806
495163,654511,656771,159348,2260,1,21600,71.5079646018
495164,655790,656709,160626,919,1,21600,175.783460283
495164,655616,658453,160452,2837,1,21600,57.5569263306
495164,655227,657813,160063,2586,1,21600,62.8959783449
495164,655666,656803,160502,1137,1,21600,142.162708883
495165,656771,658594,161606,1823,1,21600,89.6483817883
495165,656721,657673,161556,952,1,21600,170.701680672
495165,656328,657514,161163,1186,1,21600,136.887858347
495166,656777,659960,161611,3183,1,21600,51.7731699654
495166,656950,658977,161784,2027,1,21600,80.8145041934
495166,656793,658180,161627,1387,1,21600,117.529920692
495166,657276,664754,162110,7478,1,21600,22.6782562182
495167,657527,659076,162360,1549,1,21600,105.816010329
495167,656856,657588,161689,732,1,21600,221.886612022
495167,656819,657650,161652,831,1,21600,195.527075812
495168,657601,658566,162433,965,1,21600,169.324352332
495168,657661,658643,162493,982,1,21600,166.471486762
495168,657685,659860,162517,2175,1,21600,75.7204597701
495168,657837,660156,162669,2319,1,21600,71.1461836999
495169,658472,661173,163303,2701,1,21600,61.460199926
495169,658581,659765,163412,1184,1,21600,139.016891892
495169,658191,660446,163022,2255,1,21600,73.2935698448
495170,658605,660743,163435,2138,1,21600,77.4429373246
495170,659091,662360,163921,3269,1,21600,51.1440807586
495170,658655,662071,163485,3416,1,21600,48.8586065574
495170,658988,659712,163818,724,1,21600,227.267955801
495171,659875,660604,164704,729,1,21600,226.931412894
495171,659724,660515,164553,791,1,21600,209.031605563
495171,659777,660997,164606,1220,1,21600,135.92295082
495172,660459,662967,165287,2508,1,21600,66.903907496
495172,660526,668927,165354,8401,1,21600,20.6826568266
495172,659971,663612,164799,3641,1,21600,46.2620159297
495172,660167,661269,164995,1102,1,21600,150.72323049
495173,661009,661623,165836,614,1,21600,271.091205212
495173,660616,661029,165443,413,1,21600,401.588377724
495173,661046,663475,165873,2429,1,21600,69.2885961301
495173,660757,661235,165584,478,1,21600,347.410041841
495174,661247,661782,166073,535,1,21600,311.41682243
495174,661281,661950,166107,669,1,21600,249.291479821
495174,661184,661848,166010,664,1,21600,251.015060241
495175,661793,663525,166618,1732,1,21600,97.1997690531
495175,661634,661957,166459,323,1,21600,516.352941176
495175,661961,662590,166786,629,1,21600,266.160572337
495175,661859,662172,166684,313,1,21600,533.536741214
495176,661974,663947,166798,1973,1,21600,85.5402939686
495176,662086,663194,166910,1108,1,21600,151.640794224
495176,662184,663065,167008,881,1,21600,190.566401816
495177,662978,663458,167801,480,1,21600,350.585416667
495177,662372,664384,167195,2012,1,21600,84.0989065606
495177,662601,663041,167424,440,1,21600,381.509090909
495178,663057,663763,167879,706,1,21600,238.788951841
495188,663079,664120,167891,1041,1,21600,162.27857829
495188,663207,663556,168019,349,1,21600,482.429799427
495189,663488,663724,168299,236,1,21600,714.131355932
495189,663567,664380,168378,813,1,21600,208.10701107
495189,663536,664958,168347,1422,1,21600,119.387482419
495189,663469,663796,168280,327,1,21600,515.617737003
495190,663735,664268,168545,533,1,21600,317.219512195
495190,663624,664628,168434,1004,1,21600,168.762948207
495190,663774,664708,168584,934,1,21600,181.496788009
495191,664279,664672,169088,393,1,21600,431.249363868
495191,664131,664517,168940,386,1,21600,438.668393782
495191,663961,664342,168770,381,1,21600,443.965879265
495191,663807,665286,168616,1479,1,21600,115.006761325
495192,664355,664639,169163,284,1,21600,596.644366197
495192,664392,664991,169200,599,1,21600,283.470784641
495192,664534,665120,169342,586,1,21600,289.979522184
495193,664398,664990,169205,592,1,21600,286.819256757
495193,664652,665066,169459,414,1,21600,410.321256039
495193,664639,665366,169446,727,1,21600,234.07565337
495194,665167,665819,169973,652,1,21600,261.694785276
495194,664766,665155,169572,389,1,21600,436.917737789
495194,664686,665354,169492,668,1,21600,254.730538922
495194,664728,665392,169534,664,1,21600,256.322289157
495195,665298,665895,170103,597,1,21600,285.929648241
495195,665010,665427,169815,417,1,21600,408.230215827
495195,665081,665687,169886,606,1,21600,281.339933993
495195,665137,665709,169942,572,1,21600,298.101398601
495196,665404,666370,170208,966,1,21600,177.198757764
495196,665377,665946,170181,569,1,21600,300.087873462
495196,665366,667275,170170,1909,1,21600,90.140911472
495197,665438,666770,170241,1332,1,21600,128.808558559
495197,665698,666082,170501,384,1,21600,445.013020833
495197,665720,667361,170523,1641,1,21600,104.914076782
495197,665831,667070,170634,1239,1,21600,138.719128329
495198,665958,666401,170760,443,1,21600,386.46275395
495198,665906,666296,170708,390,1,21600,438.712820513
495198,666413,666813,171215,400,1,21600,429.0375
495199,666307,667550,171108,1243,1,21600,138.657280772
495199,666782,667898,171583,1116,1,21600,154.748207885
495199,666094,666982,170895,888,1,21600,193.449324324
495199,666381,667686,171182,1305,1,21600,132.17394636
495200,666993,667465,171793,472,1,21600,364.968220339
495200,667084,667442,171884,358,1,21600,481.122905028
495200,666824,667282,171624,458,1,21600,375.72489083
495201,667293,668278,172092,985,1,21600,175.712690355
495201,667477,668523,172276,1046,1,21600,165.699808795
495201,667372,668281,172171,909,1,21600,190.407040704
495201,667286,668182,172085,896,1,21600,193.059151786
495202,667572,668322,172370,750,1,21600,230.826666667
495202,667455,667977,172253,522,1,21600,330.986590038
495202,667909,669955,172707,2046,1,21600,85.4120234604
495203,667697,668739,172494,1042,1,21600,166.541266795
495203,668000,668908,172797,908,1,21600,191.305066079
495203,668290,669486,173087,1196,1,21600,145.721571906
495203,668194,669160,172991,966,1,21600,180.079710145
495204,668298,669218,173094,920,1,21600,189.145652174
495204,668547,669002,173343,455,1,21600,381.973626374
495204,668751,669098,173547,347,1,21600,501.135446686
495204,668333,668821,173129,488,1,21600,355.772540984
495205,668920,669578,173715,658,1,21600,265.004559271
495205,668946,670300,173741,1354,1,21600,129.316838996
495205,668832,669936,173627,1104,1,21600,158.270833333
495206,669014,669532,173808,518,1,21600,336.536679537
495206,669173,669879,173967,706,1,21600,247.412181303
495206,669110,669632,173904,522,1,21600,334.149425287
495207,669498,670141,174291,643,1,21600,272.059097978
495207,669547,670818,174340,1271,1,21600,138.167584579
495207,669230,670183,174023,953,1,21600,183.605456453
495208,669644,670143,174436,499,1,21600,350.571142285
495208,669891,670378,174683,487,1,21600,359.691991786
495208,669972,670440,174764,468,1,21600,374.427350427
495208,669595,670151,174387,556,1,21600,314.645683453
495209,669954,670552,174745,598,1,21600,293.215719064
495209,670152,670958,174943,806,1,21600,218.050868486
495209,670159,671177,174950,1018,1,21600,172.856581532
495210,670311,670870,175101,559,1,21600,314.239713775
495210,670165,671011,174955,846,1,21600,207.802600473
495210,670389,671114,175179,725,1,21600,242.626206897
495210,670194,670740,174984,546,1,21600,321.483516484
495211,670569,671258,175358,689,1,21600,255.510885341
495211,670970,673013,175759,2043,1,21600,87.0298580519
495211,670455,671793,175244,1338,1,21600,131.974588939
495212,671057,671956,175845,899,1,21600,196.600667408
495212,670882,671797,175670,915,1,21600,192.989071038
495212,670830,671614,175618,784,1,21600,225.00255102
495212,670756,671432,175544,676,1,21600,260.680473373
495213,671096,672113,175883,1017,1,21600,173.942969518
495213,671188,672280,175975,1092,1,21600,162.149267399
495213,671024,673189,175811,2165,1,21600,82.2060046189
495214,671443,674073,176229,2630,1,21600,68.0072243346
495214,671627,672651,176413,1024,1,21600,173.278320312
495214,671125,672122,175911,997,1,21600,177.440320963
495214,671273,671894,176059,621,1,21600,284.508856683
495215,671817,672728,176602,911,1,21600,194.855104281
495215,671805,672759,176590,954,1,21600,186.104821803
495215,671906,672625,176691,719,1,21600,246.745479833
495216,672144,673193,176928,1049,1,21600,169.663489037
495216,672124,673181,176908,1057,1,21600,168.368022706
495216,671967,672535,176751,568,1,21600,312.181338028
495216,672198,673945,176982,1747,1,21600,102.306239267
495217,672291,675385,177074,3094,1,21600,58.2314156432
495217,672637,673291,177420,654,1,21600,272.28440367
495217,672546,673670,177329,1124,1,21600,158.766014235
495218,672741,674166,177523,1425,1,21600,125.57754386
495218,672773,674982,177555,2209,1,21600,81.3779990946
495218,672663,673217,177445,554,1,21600,321.297833935
495218,673024,673803,177806,779,1,21600,229.249037227
495219,673956,675961,178737,2005,1,21600,90.1456359102
495219,673923,674691,178704,768,1,21600,233.6875
495219,673198,673912,177979,714,1,21600,250.270308123
495220,673236,675648,178016,2412,1,21600,74.8043117745
495220,673816,675288,178596,1472,1,21600,122.328804348
495220,673304,674133,178084,829,1,21600,215.817852835
495220,673682,675201,178462,1519,1,21600,118.486504279
495221,674090,676387,178869,2297,1,21600,78.8707009142
495221,674178,674928,178957,750,1,21600,239.609333333
495221,674144,674838,178923,694,1,21600,258.814121037
495222,674940,677831,179718,2891,1,21600,63.1646489104
495222,674849,675537,179627,688,1,21600,262.085755814
495222,674710,675537,179488,827,1,21600,218.035066505
495223,675300,677075,180077,1775,1,21600,102.451830986
495223,675218,678215,179995,2997,1,21600,61.0583917251
495223,674994,675721,179771,727,1,21600,248.277854195
495224,675584,675738,180360,154,1,21600,1172.16883117
495224,675659,676205,180435,546,1,21600,331.467032967
495224,675738,678038,180514,2300,1,21600,79.4843478261
495224,675402,675572,180178,170,1,21600,1060.87058824
495225,675751,675982,180526,231,1,21600,782.497835498
495225,675972,676456,180747,484,1,21600,374.444214876
495225,676222,676467,180997,245,1,21600,739.763265306
495225,675994,676573,180769,579,1,21600,313.208981002
495226,676467,677195,181241,728,1,21600,249.957417582
495226,676400,676592,181174,192,1,21600,944.614583333
495226,676484,676952,181258,468,1,21600,388.303418803
495227,676603,677648,181376,1045,1,21600,174.565550239
495227,676963,677725,181736,762,1,21600,239.498687664
495227,677086,678452,181859,1366,1,21600,134.13250366
495227,676584,677932,181357,1348,1,21600,135.537833828
495228,677665,678320,182437,655,1,21600,279.529770992
495228,677484,677779,182256,295,1,21600,618.816949153
495228,677206,677472,181978,266,1,21600,685.127819549
495423,589985,614255,94562,24270,16,36000,4.89625051504
495433,589990,626002,94557,36012,16,36000,3.6257080973
495757,497100,497112,1343,12,8,6000,112.916666667
495758,497124,501517,1366,4393,5,16200,1.31094923742
495895,495902,495917,7,15,2,1800,1.46666666667
497098,498835,498847,1737,12,8,6000,145.75
497099,498859,503368,1760,4509,5,16200,1.39033045021
498711,500694,511058,1983,10364,32,28800,1.19133539174
498836,498848,504289,12,5441,5,16200,1.00220547693
498836,498917,498929,81,12,8,6000,7.75
498859,498965,503353,106,4388,5,16200,1.02415679125
498859,498940,498953,81,13,8,6000,7.23076923077
498937,499571,504719,634,5148,5,16200,1.12315462315
498937,499546,499559,609,13,8,6000,47.8461538462
499553,501529,501540,1976,11,8,6000,180.636363636
499553,501553,507554,2000,6001,5,16200,1.33327778704
501528,501558,507570,30,6012,5,16200,1.00499001996
501552,502534,506673,982,4139,5,16200,1.23725537569
501555,502511,502523,956,12,8,6000,80.6666666667
502308,568785,569644,66477,859,16,32700,78.3888242142
502507,503396,509643,889,6247,5,16200,1.14230830799
502508,503366,503379,858,13,8,6000,67.0
502878,511970,539545,9092,27575,48,28800,1.32971894832
503363,503391,503404,28,13,8,6000,3.15384615385
503394,503416,507838,22,4422,5,16200,1.00497512438
503396,503421,507656,25,4235,5,16200,1.00590318772
503419,504756,513033,1337,8277,5,16200,1.16153195602
503419,504731,504744,1312,13,8,6000,101.923076923
503420,504762,508992,1342,4230,5,16200,1.31725768322
503656,511274,529378,7618,18104,2,18060,1.42079098542
504561,511279,511904,6718,625,1,3600,11.7488
504754,507566,507577,2812,11,8,6000,256.636363636
504766,507590,507602,2824,12,8,6000,236.333333333
504767,507614,507627,2847,13,8,6000,220.0
505009,511284,511467,6275,183,2,3540,35.2896174863
507591,507638,507651,47,13,8,6000,4.61538461538
507615,507663,507675,48,12,8,6000,5.0
507615,507670,507683,55,13,8,6000,5.23076923077
507660,507687,507698,27,11,8,6000,3.45454545455
507660,507694,507709,34,15,8,6000,3.26666666667
507683,507710,507724,27,14,8,6000,2.92857142857
507694,507721,507733,27,12,8,6000,3.25
507717,507744,507758,27,14,8,6000,2.92857142857
507717,507737,507749,20,12,8,6000,2.66666666667
507718,507760,507773,42,13,8,6000,4.23076923077
507741,507769,507781,28,12,8,6000,3.33333333333
507762,507784,507799,22,15,8,6000,2.46666666667
507774,507793,507807,19,14,8,6000,2.35714285714
507775,507810,507828,35,18,8,6000,2.94444444444
507797,507818,507833,21,15,8,6000,2.4
507798,507840,507852,42,12,8,6000,4.5
507820,507847,507861,27,14,8,6000,2.92857142857
507844,507853,507867,9,14,8,6000,1.64285714286
507844,507864,507880,20,16,8,6000,2.25
507856,507881,507895,25,14,8,6000,2.78571428571
507856,507873,507888,17,15,8,6000,2.13333333333
507879,507900,507914,21,14,8,6000,2.5
507879,507892,507905,13,13,8,6000,2.0
507891,507916,507932,25,16,8,6000,2.5625
507891,507908,507921,17,13,8,6000,2.30769230769
507914,507926,507940,12,14,8,6000,1.85714285714
507914,507932,507947,18,15,8,6000,2.2
507927,507943,507959,16,16,8,6000,2.0
507927,507951,507965,24,14,8,6000,2.71428571429
507950,507958,507974,8,16,8,6000,1.5
507950,507970,507985,20,15,8,6000,2.33333333333
507962,507987,508005,25,18,8,6000,2.38888888889
507962,507977,507993,15,16,8,6000,1.9375
507974,507997,508013,23,16,8,6000,2.4375
507975,508005,508020,30,15,8,6000,3.0
507998,508016,508033,18,17,8,6000,2.05882352941
507998,508024,508039,26,15,8,6000,2.73333333333
508021,508044,508059,23,15,8,6000,2.53333333333
508021,508031,508047,10,16,8,6000,1.625
508033,508051,508072,18,21,8,6000,1.85714285714
508033,508058,508074,25,16,8,6000,2.5625
508056,508072,508086,16,14,8,6000,2.14285714286
508056,508084,508100,28,16,8,6000,2.75
508068,508098,508115,30,17,8,6000,2.76470588235
508068,508091,508107,23,16,8,6000,2.4375
508092,508119,508135,27,16,8,6000,2.6875
508092,508111,508127,19,16,8,6000,2.1875
508115,508139,508155,24,16,8,6000,2.5
508115,508128,508143,13,15,8,6000,1.86666666667
508127,508147,508163,20,16,8,6000,2.25
508127,508154,508171,27,17,8,6000,2.58823529412
508150,508174,508192,24,18,8,6000,2.33333333333
508150,508167,508183,17,16,8,6000,2.0625
508173,508184,508199,11,15,8,6000,1.73333333333
508173,508194,508212,21,18,8,6000,2.16666666667
508186,508204,508221,18,17,8,6000,2.05882352941
508186,508211,508227,25,16,8,6000,2.5625
508209,508224,508242,15,18,8,6000,1.83333333333
508209,508232,508249,23,17,8,6000,2.35294117647
508221,508240,508257,19,17,8,6000,2.11764705882
508221,508254,508269,33,15,8,6000,3.2
508244,508261,508279,17,18,8,6000,1.94444444444
508244,508269,508286,25,17,8,6000,2.47058823529
508267,508280,508299,13,19,8,6000,1.68421052632
508267,508290,508311,23,21,8,6000,2.09523809524
508280,508310,508329,30,19,8,6000,2.57894736842
508280,508298,508315,18,17,8,6000,2.05882352941
508303,508330,508350,27,20,8,6000,2.35
508303,508322,508339,19,17,8,6000,2.11764705882
508326,508351,508370,25,19,8,6000,2.31578947368
508326,508341,508358,15,17,8,6000,1.88235294118
508338,508370,508389,32,19,8,6000,2.68421052632
508338,508361,508380,23,19,8,6000,2.21052631579
508361,508382,508400,21,18,8,6000,2.16666666667
508361,508393,508412,32,19,8,6000,2.68421052632
508384,508400,508419,16,19,8,6000,1.84210526316
508385,508411,508436,26,25,8,6000,2.04
508397,508424,508443,27,19,8,6000,2.42105263158
508409,508430,508451,21,21,8,6000,2.0
508421,508447,508467,26,20,8,6000,2.3
508429,508455,508473,26,18,8,6000,2.44444444444
508444,508463,508483,19,20,8,6000,1.95
508452,508479,508496,27,17,8,6000,2.58823529412
508465,508485,508504,20,19,8,6000,2.05263157895
508477,508495,508514,18,19,8,6000,1.94736842105
508489,508509,508528,20,19,8,6000,2.05263157895
508489,508516,508536,27,20,8,6000,2.35
508512,508540,508560,28,20,8,6000,2.4
508512,508526,508544,14,18,8,6000,1.77777777778
508513,508547,508567,34,20,8,6000,2.7
508536,508557,508576,21,19,8,6000,2.10526315789
508547,508572,508592,25,20,8,6000,2.25
508559,508579,508604,20,25,8,6000,1.8
508559,508588,508607,29,19,8,6000,2.52631578947
508582,508604,508626,22,22,8,6000,2.0
508582,508615,508635,33,20,8,6000,2.65
508605,508639,508658,34,19,8,6000,2.78947368421
508605,508622,508643,17,21,8,6000,1.80952380952
508628,508646,508667,18,21,8,6000,1.85714285714
508629,508656,508676,27,20,8,6000,2.35
508652,508670,508692,18,22,8,6000,1.81818181818
508652,508679,508702,27,23,8,6000,2.17391304348
508675,508687,508707,12,20,8,6000,1.6
508675,508703,508726,28,23,8,6000,2.21739130435
508687,508721,508743,34,22,8,6000,2.54545454545
508687,508714,508734,27,20,8,6000,2.35
508710,508745,508767,35,22,8,6000,2.59090909091
508710,508738,508758,28,20,8,6000,2.4
508744,508754,508775,10,21,8,6000,1.47619047619
508744,508769,508791,25,22,8,6000,2.13636363636
508745,508780,508800,35,20,8,6000,2.75
508768,508787,508808,19,21,8,6000,1.90476190476
508768,508803,508824,35,21,8,6000,2.66666666667
508791,508813,508834,22,21,8,6000,2.04761904762
508792,508820,508841,28,21,8,6000,2.33333333333
508814,508835,508858,21,23,8,6000,1.91304347826
508815,508845,508867,30,22,8,6000,2.36363636364
508837,508853,508876,16,23,8,6000,1.69565217391
508838,508870,508892,32,22,8,6000,2.45454545455
508850,508879,508900,29,21,8,6000,2.38095238095
508871,508889,508911,18,22,8,6000,1.81818181818
508883,508904,508926,21,22,8,6000,1.95454545455
508884,508911,508932,27,21,8,6000,2.28571428571
508906,508922,508945,16,23,8,6000,1.69565217391
508907,508939,508965,32,26,8,6000,2.23076923077
508908,508946,508968,38,22,8,6000,2.72727272727
508941,508958,508979,17,21,8,6000,1.80952380952
508942,508977,509001,35,24,8,6000,2.45833333333
508942,508983,509006,41,23,8,6000,2.78260869565
508976,508991,509014,15,23,8,6000,1.65217391304
508976,509012,509038,36,26,8,6000,2.38461538462
508988,509019,509043,31,24,8,6000,2.29166666667
508988,509027,509049,39,22,8,6000,2.77272727273
509022,509050,509075,28,25,8,6000,2.12
509022,509057,509079,35,22,8,6000,2.59090909091
509023,509063,509088,40,25,8,6000,2.6
509056,509087,509109,31,22,8,6000,2.40909090909
509057,509095,509119,38,24,8,6000,2.58333333333
509090,509102,509125,12,23,8,6000,1.52173913043
509091,509121,509144,30,23,8,6000,2.30434782609
509092,509131,509152,39,21,8,6000,2.85714285714
509126,509138,509160,12,22,8,6000,1.54545454545
509126,509156,509179,30,23,8,6000,2.30434782609
509138,509163,509188,25,25,8,6000,2.0
509138,509171,509196,33,25,8,6000,2.32
509161,509191,509216,30,25,8,6000,2.2
509161,509201,509225,40,24,8,6000,2.66666666667
509195,509208,509230,13,22,8,6000,1.59090909091
509196,509228,509254,32,26,8,6000,2.23076923077
509207,509237,509263,30,26,8,6000,2.15384615385
509208,509244,509272,36,28,8,6000,2.28571428571
509241,509265,509294,24,29,8,6000,1.8275862069
509242,509274,509300,32,26,8,6000,2.23076923077
509243,509285,509308,42,23,8,6000,2.82608695652
509276,509305,509334,29,29,8,6000,2.0
509277,509313,509337,36,24,8,6000,2.5
509310,509319,509350,9,31,8,6000,1.29032258065
509311,509345,509373,34,28,8,6000,2.21428571429
509312,509353,509381,41,28,8,6000,2.46428571429
509345,509362,509386,17,24,8,6000,1.70833333333
509346,509385,509411,39,26,8,6000,2.5
509358,509394,509420,36,26,8,6000,2.38461538462
509381,509401,509429,20,28,8,6000,1.71428571429
509390,509424,509456,34,32,8,6000,2.0625
509402,509432,509461,30,29,8,6000,2.03448275862
509425,509441,509468,16,27,8,6000,1.59259259259
509426,509469,509498,43,29,8,6000,2.48275862069
509438,509476,509509,38,33,8,6000,2.15151515152
509438,509483,509511,45,28,8,6000,2.60714285714
509472,509510,509545,38,35,8,6000,2.08571428571
509483,509521,509546,38,25,8,6000,2.52
509507,509527,509554,20,27,8,6000,1.74074074074
509519,509557,509584,38,27,8,6000,2.40740740741
509528,509564,509590,36,26,8,6000,2.38461538462
509553,509570,509596,17,26,8,6000,1.65384615385
509562,509596,509626,34,30,8,6000,2.13333333333
509574,509603,509630,29,27,8,6000,2.07407407407
509597,509610,509640,13,30,8,6000,1.43333333333
509598,509638,509669,40,31,8,6000,2.29032258065
509610,509645,509672,35,27,8,6000,2.2962962963
509610,509651,509684,41,33,8,6000,2.24242424242
509642,509656,509661,14,5,5,16200,1.9
509654,509681,509685,27,4,5,16200,3.1
509655,509672,509699,17,27,8,6000,1.62962962963
509656,509686,509691,30,5,5,16200,3.5
509678,509694,509719,16,25,8,6000,1.64
509679,509706,509710,27,4,5,16200,3.1
509690,509701,509730,11,29,8,6000,1.37931034483
509691,509714,509718,23,4,5,16200,2.7
509703,509719,509723,16,4,5,16200,2.0
509713,509726,509752,13,26,8,6000,1.5
509715,509738,509742,23,4,5,16200,2.7
509725,509733,509763,8,30,8,6000,1.26666666667
509738,509746,509776,8,30,8,6000,1.26666666667
509739,509751,509755,12,4,5,16200,1.6
509747,509759,509763,12,4,5,16200,1.6
509749,509765,509770,16,5,5,16200,2.1
509761,509773,509777,12,4,5,16200,1.6
509762,509780,509784,18,4,5,16200,2.2
509762,509785,509789,23,4,5,16200,2.7
509785,509792,509796,7,4,5,16200,1.1
509785,509797,509801,12,4,5,16200,1.6
509786,509805,509809,19,4,5,16200,2.3
509798,509810,509814,12,4,5,16200,1.6
509799,509816,509820,17,4,5,16200,2.1
509810,509823,509826,13,3,5,16200,1.6
509811,509828,509832,17,4,5,16200,2.1
509822,509836,509840,14,4,5,16200,1.8
509834,509843,509846,9,3,5,16200,1.2
509834,509848,509852,14,4,5,16200,1.8
509846,509856,509865,10,9,5,16200,1.9
509846,509861,509865,15,4,5,16200,1.9
509859,509874,509878,15,4,5,16200,1.9
509859,509869,509873,10,4,5,16200,1.4
509871,509887,509891,16,4,5,16200,2.0
509871,509882,509886,11,4,5,16200,1.5
509883,509895,509899,12,4,5,16200,1.6
509883,509900,509904,17,4,5,16200,2.1
509895,509908,509912,13,4,5,16200,1.7
509895,509913,509917,18,4,5,16200,2.2
509908,509920,509924,12,4,5,16200,1.6
509908,509925,509929,17,4,5,16200,2.1
509920,509933,509937,13,4,5,16200,1.7
509920,509938,509942,18,4,5,16200,2.2
509932,509946,509950,14,4,5,16200,1.8
509933,509951,509955,18,4,5,16200,2.2
509945,509959,509963,14,4,5,16200,1.8
509945,509964,509968,19,4,5,16200,2.3
509957,509972,509976,15,4,5,16200,1.9
509957,509977,509981,20,4,5,16200,2.4
509969,509985,509989,16,4,5,16200,2.0
509969,509990,509994,21,4,5,16200,2.5
509981,509998,510002,17,4,5,16200,2.1
509981,510003,510006,22,3,5,16200,2.5
510004,510010,510014,6,4,5,16200,1.0
510005,510017,510021,12,4,5,16200,1.6
510006,510023,510029,17,6,5,16200,2.3
510017,510031,510035,14,4,5,16200,1.8
510018,510036,510040,18,4,5,16200,2.2
510029,510043,510047,14,4,5,16200,1.8
510030,510048,510052,18,4,5,16200,2.2
510041,510056,510059,15,3,5,16200,1.8
510042,510061,510065,19,4,5,16200,2.3
510053,510069,510073,16,4,5,16200,2.0
510054,510074,510078,20,4,5,16200,2.4
510066,510082,510086,16,4,5,16200,2.0
510066,510087,510096,21,9,5,16200,3.0
510078,510095,510099,17,4,5,16200,2.1
510079,510100,510104,21,4,5,16200,2.5
510101,510107,510111,6,4,5,16200,1.0
510102,510115,510119,13,4,5,16200,1.7
510103,510120,510124,17,4,5,16200,2.1
510114,510128,510132,14,4,5,16200,1.8
510115,510133,510137,18,4,5,16200,2.2
510126,510141,510145,15,4,5,16200,1.9
510127,510146,510150,19,4,5,16200,2.3
510138,510154,510158,16,4,5,16200,2.0
510139,510159,510163,20,4,5,16200,2.4
510150,510166,510170,16,4,5,16200,2.0
510151,510171,510175,20,4,5,16200,2.4
510162,510179,510183,17,4,5,16200,2.1
510164,510184,510188,20,4,5,16200,2.4
510175,510191,510195,16,4,5,16200,2.0
510176,510196,510200,20,4,5,16200,2.4
510187,510203,510207,16,4,5,16200,2.0
510188,510208,510212,20,4,5,16200,2.4
510199,510215,510219,16,4,5,16200,2.0
510200,510220,510224,20,4,5,16200,2.4
510211,510227,510231,16,4,5,16200,2.0
510223,510234,510238,11,4,5,16200,1.5
510224,510239,510243,15,4,5,16200,1.9
510225,510245,510249,20,4,5,16200,2.4
510236,510252,510256,16,4,5,16200,2.0
510237,510257,510261,20,4,5,16200,2.4
510248,510264,510268,16,4,5,16200,2.0
510249,510269,510272,20,3,5,16200,2.3
510260,510277,510281,17,4,5,16200,2.1
510272,510284,510288,12,4,5,16200,1.6
510272,510289,510294,17,5,5,16200,2.2
510284,510302,510306,18,4,5,16200,2.2
510284,510297,510301,13,4,5,16200,1.7
510297,510309,510313,12,4,5,16200,1.6
510297,510314,510318,17,4,5,16200,2.1
510309,510321,510325,12,4,5,16200,1.6
510309,510326,510330,17,4,5,16200,2.1
510321,510334,510338,13,4,5,16200,1.7
510322,510339,510343,17,4,5,16200,2.1
510334,510352,510360,18,8,5,16200,2.6
510334,510347,510351,13,4,5,16200,1.7
510346,510365,510369,19,4,5,16200,2.3
510346,510360,510364,14,4,5,16200,1.8
510358,510378,510382,20,4,5,16200,2.4
510358,510373,510376,15,3,5,16200,1.8
510371,510390,510394,19,4,5,16200,2.3
510371,510385,510389,14,4,5,16200,1.8
510383,510397,510401,14,4,5,16200,1.8
510383,510402,510406,19,4,5,16200,2.3
510395,510415,510419,20,4,5,16200,2.4
510395,510410,510414,15,4,5,16200,1.9
510407,510422,510426,15,4,5,16200,1.9
510407,510427,510431,20,4,5,16200,2.4
510419,510435,510439,16,4,5,16200,2.0
510420,510440,510444,20,4,5,16200,2.4
510432,510448,510452,16,4,5,16200,2.0
510432,510453,510457,21,4,5,16200,2.5
510444,510461,510465,17,4,5,16200,2.1
510455,510468,510472,13,4,5,16200,1.7
510467,510474,510478,7,4,5,16200,1.1
510467,510480,510484,13,4,5,16200,1.7
510468,510485,510489,17,4,5,16200,2.1
510479,510493,510497,14,4,5,16200,1.8
510480,510498,510502,18,4,5,16200,2.2
510492,510506,510510,14,4,5,16200,1.8
510504,510518,510521,14,3,5,16200,1.7
510504,510513,510517,9,4,5,16200,1.3
510516,510526,510530,10,4,5,16200,1.4
510516,510531,510535,15,4,5,16200,1.9
510528,510539,510543,11,4,5,16200,1.5
510529,510544,510548,15,4,5,16200,1.9
510541,510552,510556,11,4,5,16200,1.5
510541,510557,510561,16,4,5,16200,2.0
510553,510564,510568,11,4,5,16200,1.5
510553,510569,510573,16,4,5,16200,2.0
510565,510581,510585,16,4,5,16200,2.0
510565,510576,510580,11,4,5,16200,1.5
510577,510594,510599,17,5,5,16200,2.2
510577,510589,510593,12,4,5,16200,1.6
510590,510602,510606,12,4,5,16200,1.6
510590,510607,510612,17,5,5,16200,2.2
510602,510620,510624,18,4,5,16200,2.2
510602,510615,510619,13,4,5,16200,1.7
510614,510633,510637,19,4,5,16200,2.3
510614,510628,510632,14,4,5,16200,1.8
510626,510641,510645,15,4,5,16200,1.9
510627,510646,510650,19,4,5,16200,2.3
510638,510654,510658,16,4,5,16200,2.0
510639,510659,510663,20,4,5,16200,2.4
510650,510666,510670,16,4,5,16200,2.0
510651,510671,510675,20,4,5,16200,2.4
510662,510678,510683,16,5,5,16200,2.1
510663,510684,510688,21,4,5,16200,2.5
510675,510691,510695,16,4,5,16200,2.0
510685,510698,510702,13,4,5,16200,1.7
510688,510703,510707,15,4,5,16200,1.9
510697,510710,510713,13,3,5,16200,1.6
510700,510715,510719,15,4,5,16200,1.9
510709,510722,510726,13,4,5,16200,1.7
510712,510727,510732,15,5,5,16200,2.0
510721,510735,510739,14,4,5,16200,1.8
510724,510740,510744,16,4,5,16200,2.0
510734,510748,510752,14,4,5,16200,1.8
510746,510754,510758,8,4,5,16200,1.2
510747,510760,510764,13,4,5,16200,1.7
510747,510765,510769,18,4,5,16200,2.2
510759,510773,510777,14,4,5,16200,1.8
510759,510778,510782,19,4,5,16200,2.3
510771,510786,510790,15,4,5,16200,1.9
510771,510791,510795,20,4,5,16200,2.4
510783,510799,510803,16,4,5,16200,2.0
510784,510804,510808,20,4,5,16200,2.4
510795,510811,510815,16,4,5,16200,2.0
510796,510816,510820,20,4,5,16200,2.4
510807,510824,510828,17,4,5,16200,2.1
510808,510829,510833,21,4,5,16200,2.5
510820,510836,510840,16,4,5,16200,2.0
510830,510843,510847,13,4,5,16200,1.7
510832,510848,510852,16,4,5,16200,2.0
510842,510856,510860,14,4,5,16200,1.8
510844,510861,510865,17,4,5,16200,2.1
510854,510869,510873,15,4,5,16200,1.9
510866,510876,510880,10,4,5,16200,1.4
510867,510881,510885,14,4,5,16200,1.8
510868,510887,510891,19,4,5,16200,2.3
510879,510894,510898,15,4,5,16200,1.9
510880,510899,510903,19,4,5,16200,2.3
510892,510907,510911,15,4,5,16200,1.9
510892,510912,510916,20,4,5,16200,2.4
510904,510924,510928,20,4,5,16200,2.4
510904,510918,510922,14,4,5,16200,1.8
510916,510931,510935,15,4,5,16200,1.9
510916,510936,510940,20,4,5,16200,2.4
510928,510943,510947,15,4,5,16200,1.9
510928,510948,510952,20,4,5,16200,2.4
510940,510956,510960,16,4,5,16200,2.0
510941,510961,510965,20,4,5,16200,2.4
510952,510969,510973,17,4,5,16200,2.1
510964,510976,510980,12,4,5,16200,1.6
511950,540591,552960,28641,12369,32,28800,3.31554693185
511971,539558,567226,27587,27668,48,28800,1.99707243024
516402,519212,519213,2810,1,1,240,281.1
520225,520232,521855,7,1623,8,6000,1.00431300062
520227,520238,521840,11,1602,8,6000,1.00686641698
520231,520246,521858,15,1612,8,6000,1.00930521092
520238,520251,521859,13,1608,8,6000,1.00808457711
520243,520258,521874,15,1616,8,6000,1.00928217822
520250,521868,523464,1618,1596,8,6000,2.01378446115
520255,521851,523470,1596,1619,8,6000,1.98579369981
521851,521874,523497,23,1623,8,6000,1.01417128774
521867,521880,523499,13,1619,8,6000,1.00802964793
521873,521886,523498,13,1612,8,6000,1.00806451613
521879,523482,525091,1603,1609,8,6000,1.99627097576
521885,523476,525078,1591,1602,8,6000,1.99313358302
523419,523426,523460,7,34,2,7200,1.20588235294
523420,523433,523465,13,32,2,7200,1.40625
523476,523508,525111,32,1603,8,6000,1.01996257018
523479,523516,525118,37,1602,8,6000,1.02309612984
523481,523490,523521,9,31,2,7200,1.29032258065
523483,523495,523527,12,32,2,7200,1.375
523509,523521,525131,12,1610,8,6000,1.00745341615
523513,525096,526699,1583,1603,8,6000,1.98752339364
523521,525102,526712,1581,1610,8,6000,1.98198757764
523736,523743,523804,7,61,2,7200,1.11475409836
523737,523750,523834,13,84,2,7200,1.15476190476
523738,523755,523870,17,115,2,7200,1.14782608696
523740,523760,523834,20,74,2,7200,1.27027027027
523741,523766,523825,25,59,2,7200,1.42372881356
523742,523816,523870,74,54,2,7200,2.37037037037
523744,523837,523907,93,70,2,7200,2.32857142857
523745,523846,523906,101,60,2,7200,2.68333333333
523747,523851,523918,104,67,2,7200,2.55223880597
523748,523882,523935,134,53,2,7200,3.52830188679
523749,523887,523948,138,61,2,7200,3.26229508197
523751,523918,523993,167,75,2,7200,3.22666666667
523752,523924,523980,172,56,2,7200,4.07142857143
523753,523931,524003,178,72,2,7200,3.47222222222
523755,523947,524002,192,55,2,7200,4.49090909091
523756,523960,524060,204,100,2,7200,3.04
523757,523992,524164,235,172,2,7200,2.36627906977
523759,524006,524064,247,58,2,7200,5.25862068966
523760,524014,524075,254,61,2,7200,5.16393442623
523761,524021,524141,260,120,2,7200,3.16666666667
523763,524072,524126,309,54,2,7200,6.72222222222
523764,524079,524142,315,63,2,7200,6.0
523766,524084,524190,318,106,2,7200,4.0
523767,524091,524161,324,70,2,7200,5.62857142857
523768,524138,524182,370,44,2,7200,9.40909090909
523770,524157,524227,387,70,2,7200,6.52857142857
523771,524163,524223,392,60,2,7200,7.53333333333
523772,524173,524245,401,72,2,7200,6.56944444444
523774,524179,524256,405,77,2,7200,6.25974025974
523775,524193,524252,418,59,2,7200,8.08474576271
523776,524202,524280,426,78,2,7200,6.46153846154
523778,524235,524303,457,68,2,7200,7.72058823529
523779,524242,524392,463,150,2,7200,4.08666666667
523780,524257,524313,477,56,2,7200,9.51785714286
523782,524264,524333,482,69,2,7200,7.98550724638
523783,524271,524351,488,80,2,7200,7.1
523785,524293,524403,508,110,2,7200,5.61818181818
523786,524315,524400,529,85,2,7200,7.22352941176
523787,524325,524378,538,53,2,7200,11.1509433962
523789,524345,524399,556,54,2,7200,11.2962962963
524169,524363,524470,194,107,2,7200,2.81308411215
524170,524390,524452,220,62,2,7200,4.54838709677
524171,524406,524473,235,67,2,7200,4.50746268657
524173,524413,524482,240,69,2,7200,4.47826086957
524174,524418,524506,244,88,2,7200,3.77272727273
524176,524426,524490,250,64,2,7200,4.90625
524177,524464,524560,287,96,2,7200,3.98958333333
524179,524482,524549,303,67,2,7200,5.5223880597
524180,524489,524579,309,90,2,7200,4.43333333333
524181,524496,524565,315,69,2,7200,5.5652173913
524183,524503,524584,320,81,2,7200,4.95061728395
524184,524518,524562,334,44,2,7200,8.59090909091
524185,524562,524623,377,61,2,7200,7.18032786885
524187,524572,524660,385,88,2,7200,5.375
524188,524579,524641,391,62,2,7200,7.3064516129
524189,524584,524641,395,57,2,7200,7.9298245614
524191,524591,524644,400,53,2,7200,8.54716981132
524192,524603,524714,411,111,2,7200,4.7027027027
524193,524636,524694,443,58,2,7200,8.63793103448
524195,524653,524721,458,68,2,7200,7.73529411765
524196,524658,524720,462,62,2,7200,8.45161290323
524198,524665,524788,467,123,2,7200,4.79674796748
524199,524672,524737,473,65,2,7200,8.27692307692
524214,524705,524771,491,66,2,7200,8.43939393939
524215,524727,524783,512,56,2,7200,10.1428571429
524230,524734,524817,504,83,2,7200,7.07228915663
524231,524739,524813,508,74,2,7200,7.86486486486
524246,524749,524927,503,178,2,7200,3.82584269663
524261,524783,524882,522,99,2,7200,6.27272727273
524262,524795,524873,533,78,2,7200,7.83333333333
524283,524802,524970,519,168,2,7200,4.08928571429
524304,524824,524938,520,114,2,7200,5.56140350877
524319,524831,524882,512,51,2,7200,11.0392156863
524336,524886,524946,550,60,2,7200,10.1666666667
524354,524894,524992,540,98,2,7200,6.51020408163
524381,524899,524959,518,60,2,7200,9.63333333333
524395,524939,524996,544,57,2,7200,10.5438596491
524410,524950,525052,540,102,2,7200,6.29411764706
524412,524958,525038,546,80,2,7200,7.825
524413,524971,525033,558,62,2,7200,10.0
524455,524982,525104,527,122,2,7200,5.31967213115
524473,525005,525077,532,72,2,7200,8.38888888889
524474,525012,525054,538,42,2,7200,13.8095238095
524489,525045,525110,556,65,2,7200,9.55384615385
524503,525052,525103,549,51,2,7200,11.7647058824
524518,525064,525114,546,50,2,7200,11.92
524551,525071,525141,520,70,2,7200,8.42857142857
524566,525089,525132,523,43,2,7200,13.1627906977
524567,525115,525210,548,95,2,7200,6.76842105263
524569,525121,525179,552,58,2,7200,10.5172413793
524584,525128,525215,544,87,2,7200,7.25287356322
524598,525133,525199,535,66,2,7200,9.10606060606
524625,525139,525209,514,70,2,7200,8.34285714286
524643,525144,525209,501,65,2,7200,8.70769230769
524644,525150,525212,506,62,2,7200,9.16129032258
524659,525155,525234,496,79,2,7200,7.27848101266
524674,525162,525222,488,60,2,7200,9.13333333333
524695,525167,525243,472,76,2,7200,7.21052631579
524716,525173,525232,457,59,2,7200,8.74576271186
524730,525178,525229,448,51,2,7200,9.78431372549
524732,525183,525286,451,103,2,7200,5.3786407767
524746,525189,525240,443,51,2,7200,9.6862745098
524773,525194,525245,421,51,2,7200,9.25490196078
524788,525199,525272,411,73,2,7200,6.6301369863
524803,525205,525275,402,70,2,7200,6.74285714286
524817,525210,525321,393,111,2,7200,4.54054054054
524832,525217,525269,385,52,2,7200,8.40384615385
524874,525222,525283,348,61,2,7200,6.70491803279
524889,525230,525293,341,63,2,7200,6.4126984127
524890,525235,525297,345,62,2,7200,6.56451612903
524929,525241,525302,312,61,2,7200,6.11475409836
524944,525246,525376,302,130,2,7200,3.32307692308
524958,525251,525333,293,82,2,7200,4.57317073171
524973,525258,525312,285,54,2,7200,6.27777777778
524975,525264,525343,289,79,2,7200,4.6582278481
524995,525269,525382,274,113,2,7200,3.42477876106
525010,525274,525344,264,70,2,7200,4.77142857143
525034,525280,525400,246,120,2,7200,3.05
525048,525285,525406,237,121,2,7200,2.95867768595
525063,525291,525378,228,87,2,7200,3.62068965517
525065,525298,525359,233,61,2,7200,4.81967213115
525079,525304,525374,225,70,2,7200,4.21428571429
525106,525309,525369,203,60,2,7200,4.38333333333
525108,525314,525376,206,62,2,7200,4.32258064516
525123,525320,525404,197,84,2,7200,3.34523809524
525124,525327,525396,203,69,2,7200,3.94202898551
525139,525332,525394,193,62,2,7200,4.11290322581
525153,525338,525405,185,67,2,7200,3.76119402985
525180,525343,525419,163,76,2,7200,3.14473684211
525201,525350,525469,149,119,2,7200,2.25210084034
525216,525355,525421,139,66,2,7200,3.10606060606
525218,525363,525420,145,57,2,7200,3.54385964912
525219,525368,525427,149,59,2,7200,3.52542372881
525220,525376,525449,156,73,2,7200,3.13698630137
525222,525383,525440,161,57,2,7200,3.82456140351
525237,525390,525480,153,90,2,7200,2.7
525238,525395,525438,157,43,2,7200,4.6511627907
525240,525400,525482,160,82,2,7200,2.9512195122
525241,525406,525480,165,74,2,7200,3.22972972973
525256,525413,525502,157,89,2,7200,2.76404494382
525257,525419,525477,162,58,2,7200,3.79310344828
525259,525424,525487,165,63,2,7200,3.61904761905
525274,525429,525474,155,45,2,7200,4.44444444444
525275,525436,525487,161,51,2,7200,4.1568627451
525290,525442,525516,152,74,2,7200,3.05405405405
525292,525447,525505,155,58,2,7200,3.6724137931
525293,525452,525622,159,170,2,7200,1.93529411765
525308,525458,525512,150,54,2,7200,3.77777777778
525309,525463,525534,154,71,2,7200,3.16901408451
525311,525470,525533,159,63,2,7200,3.52380952381
525326,525476,525642,150,166,2,7200,1.90361445783
525327,525481,525653,154,172,2,7200,1.89534883721
525342,525486,525544,144,58,2,7200,3.48275862069
525357,525494,525558,137,64,2,7200,3.140625
525358,525499,525571,141,72,2,7200,2.95833333333
525373,525505,525553,132,48,2,7200,3.75
525374,525510,525606,136,96,2,7200,2.41666666667
525390,525515,525578,125,63,2,7200,2.98412698413
525391,525521,525575,130,54,2,7200,3.40740740741
525392,525528,525580,136,52,2,7200,3.61538461538
525394,525533,525591,139,58,2,7200,3.39655172414
525395,525538,525598,143,60,2,7200,3.38333333333
525411,525544,525653,133,109,2,7200,2.22018348624
525412,525549,525720,137,171,2,7200,1.80116959064
525414,525554,525661,140,107,2,7200,2.30841121495
525415,525562,525641,147,79,2,7200,2.86075949367
525416,525567,525644,151,77,2,7200,2.96103896104
525418,525573,525743,155,170,2,7200,1.91176470588
525433,525580,525649,147,69,2,7200,3.13043478261
525434,525585,525660,151,75,2,7200,3.01333333333
525436,525592,525697,156,105,2,7200,2.48571428571
525437,525598,525674,161,76,2,7200,3.11842105263
525452,525603,525671,151,68,2,7200,3.22058823529
525453,525608,525776,155,168,2,7200,1.92261904762
525455,525615,525664,160,49,2,7200,4.26530612245
525469,525620,525683,151,63,2,7200,3.39682539683
525485,525627,525683,142,56,2,7200,3.53571428571
525486,525634,525690,148,56,2,7200,3.64285714286
525488,525654,525704,166,50,2,7200,4.32
525489,525659,525833,170,174,2,7200,1.97701149425
525490,525666,525721,176,55,2,7200,4.2
525506,525671,525713,165,42,2,7200,4.92857142857
525507,525677,525848,170,171,2,7200,1.99415204678
525508,525682,525759,174,77,2,7200,3.25974025974
525510,525689,525736,179,47,2,7200,4.8085106383
525525,525694,525761,169,67,2,7200,3.5223880597
525526,525700,525772,174,72,2,7200,3.41666666667
525541,525705,525764,164,59,2,7200,3.77966101695
525542,525710,525765,168,55,2,7200,4.05454545455
525557,525716,525788,159,72,2,7200,3.20833333333
525559,525723,525794,164,71,2,7200,3.30985915493
525574,525729,525802,155,73,2,7200,3.12328767123
525575,525734,525781,159,47,2,7200,4.3829787234
525590,525739,525793,149,54,2,7200,3.75925925926
525592,525745,525816,153,71,2,7200,3.15492957746
525593,525752,525804,159,52,2,7200,4.05769230769
525608,525757,525827,149,70,2,7200,3.12857142857
525609,525762,525830,153,68,2,7200,3.25
525611,525768,525860,157,92,2,7200,2.70652173913
525625,525775,525819,150,44,2,7200,4.40909090909
525643,525780,525851,137,71,2,7200,2.92957746479
525645,525786,525845,141,59,2,7200,3.38983050847
525660,525798,525873,138,75,2,7200,2.84
525661,525804,525864,143,60,2,7200,3.38333333333
525663,525809,525978,146,169,2,7200,1.86390532544
525664,525814,525870,150,56,2,7200,3.67857142857
525679,525820,525897,141,77,2,7200,2.83116883117
525681,525827,525897,146,70,2,7200,3.08571428571
525682,525832,525894,150,62,2,7200,3.41935483871
525684,525838,525900,154,62,2,7200,3.48387096774
525685,525843,525893,158,50,2,7200,4.16
525700,525849,525955,149,106,2,7200,2.40566037736
525701,525856,525922,155,66,2,7200,3.34848484848
525704,525862,526034,158,172,2,7200,1.91860465116
525706,525867,525923,161,56,2,7200,3.875
525721,525872,525923,151,51,2,7200,3.96078431373
525722,525877,526013,155,136,2,7200,2.13970588235
525724,525885,526006,161,121,2,7200,2.3305785124
525725,525891,526055,166,164,2,7200,2.01219512195
525740,525896,525969,156,73,2,7200,3.13698630137
525755,525901,526065,146,164,2,7200,1.89024390244
525770,525906,525960,136,54,2,7200,3.51851851852
525772,525912,525979,140,67,2,7200,3.08955223881
525773,525917,525975,144,58,2,7200,3.48275862069
525774,525924,525982,150,58,2,7200,3.58620689655
525789,525930,525979,141,49,2,7200,3.87755102041
525791,525935,526064,144,129,2,7200,2.11627906977
525792,525940,525997,148,57,2,7200,3.59649122807
525794,525946,526106,152,160,2,7200,1.95
525809,525953,526070,144,117,2,7200,2.23076923077
525810,525958,526026,148,68,2,7200,3.17647058824
525812,525963,526026,151,63,2,7200,3.39682539683
525813,525971,526040,158,69,2,7200,3.28985507246
525828,525978,526113,150,135,2,7200,2.11111111111
525829,525985,526053,156,68,2,7200,3.29411764706
525831,525992,526062,161,70,2,7200,3.3
525846,525997,526113,151,116,2,7200,2.30172413793
525847,526002,526053,155,51,2,7200,4.03921568627
525848,526008,526084,160,76,2,7200,3.10526315789
525863,526015,526077,152,62,2,7200,3.45161290323
525865,526020,526113,155,93,2,7200,2.66666666667
525866,526028,526113,162,85,2,7200,2.90588235294
525881,526033,526112,152,79,2,7200,2.92405063291
525883,526041,526108,158,67,2,7200,3.35820895522
525884,526046,526105,162,59,2,7200,3.74576271186
525899,526053,526113,154,60,2,7200,3.56666666667
525901,526058,526113,157,55,2,7200,3.85454545455
525902,526065,526113,163,48,2,7200,4.39583333333
525903,526070,526113,167,43,2,7200,4.88372093023
525918,526078,526113,160,35,2,7200,5.57142857143
525933,526083,526113,150,30,2,7200,6.0
525934,526089,526113,155,24,2,7200,7.45833333333
525936,526094,526113,158,19,2,7200,9.31578947368
525957,526101,526113,144,12,2,7200,13.0
525971,526107,526113,136,6,2,7200,14.2
525973,526112,526113,139,1,2,7200,14.0
526115,526131,527741,16,1610,8,6000,1.0099378882
526116,526136,527726,20,1590,8,6000,1.01257861635
526128,526148,527755,20,1607,8,6000,1.01244555072
526134,526711,528300,577,1589,8,6000,1.36312146004
526146,526723,528332,577,1609,8,6000,1.35860783095
526708,527752,529358,1044,1606,8,6000,1.6500622665
526720,527739,529342,1019,1603,8,6000,1.6356830942
527736,527745,527807,9,62,2,7200,1.14516129032
527742,527767,529352,25,1585,8,6000,1.01577287066
527748,528312,529915,564,1603,8,6000,1.35184029944
527749,527760,527806,11,46,2,7200,1.23913043478
527763,527774,527862,11,88,2,7200,1.125
527770,527818,527882,48,64,2,7200,1.75
527771,528345,529985,574,1640,8,6000,1.35
528310,529354,530964,1044,1610,8,6000,1.64844720497
528343,529371,530965,1028,1594,8,6000,1.64491844417
529350,529364,530985,14,1621,8,6000,1.00863664405
529362,529926,531544,564,1618,8,6000,1.34857849197
529367,529996,531596,629,1600,8,6000,1.393125
529924,530975,532585,1051,1610,8,6000,1.65279503106
529924,529934,529985,10,51,2,7200,1.19607843137
529994,530003,530047,9,44,2,7200,1.20454545455
529994,530983,532559,989,1576,8,6000,1.62753807107
530616,530623,530631,7,8,1,1800,1.5
530777,530784,530864,7,80,1,1800,1.0875
530972,531002,532619,30,1617,8,6000,1.0185528757
530979,530989,531076,10,87,2,7200,1.11494252874
530987,530996,531041,9,45,2,7200,1.2
530987,531556,533161,569,1605,8,6000,1.35451713396
530999,531608,533224,609,1616,8,6000,1.37685643564
531001,531010,531158,9,148,1,3600,1.06081081081
531076,531083,531184,7,101,1,1800,1.06930693069
531290,531297,531626,7,329,1,3600,1.02127659574
531554,531563,531607,9,44,2,7200,1.20454545455
531561,532597,534207,1036,1610,8,6000,1.64347826087
531562,531570,531653,8,83,2,7200,1.09638554217
531604,531615,531672,11,57,2,7200,1.19298245614
531611,531622,531684,11,62,2,7200,1.17741935484
531619,532570,534178,951,1608,8,6000,1.59141791045
531619,531636,531695,17,59,2,7200,1.28813559322
531625,531665,531875,40,210,1,1800,1.19047619048
531853,531859,532488,6,629,1,3600,1.00953895072
532518,532524,532531,6,7,1,1800,1.3
532567,532630,534221,63,1591,8,6000,1.03959773727
532598,532606,532653,8,47,2,7200,1.17021276596
532603,533173,534772,570,1599,8,6000,1.3564727955
532629,532637,532711,8,74,2,7200,1.10810810811
532636,532644,532701,8,57,2,7200,1.14035087719
532636,533237,534824,601,1587,8,6000,1.37870195337
532685,532692,532734,7,42,1,1800,1.16666666667
532943,532949,533023,6,74,1,1800,1.08108108108
533170,533179,533233,9,54,2,7200,1.16666666667
533171,534190,535799,1019,1609,8,6000,1.63331261653
533235,533244,533304,9,60,2,7200,1.15
533236,534218,535812,982,1594,8,6000,1.61606022585
533381,533389,533599,8,210,1,3600,1.0380952381
533617,533624,533787,7,163,1,1800,1.04294478528
533725,533732,533983,7,251,1,3600,1.02788844622
534186,534785,534839,599,54,2,7200,12.0925925926
534187,534232,535830,45,1598,8,6000,1.02816020025
534228,534790,534885,562,95,2,7200,6.91578947368
534268,534275,534762,7,487,1,3600,1.01437371663
534782,534841,534915,59,74,2,7200,1.7972972973
534789,534835,536427,46,1592,8,6000,1.02889447236
534789,534846,534893,57,47,2,7200,2.21276595745
534839,534927,536518,88,1591,8,6000,1.05531112508
534843,535811,537407,968,1596,8,6000,1.60651629073
534925,535824,537421,899,1597,8,6000,1.56293049468
535811,536439,536495,628,56,2,7200,12.2142857143
535812,535841,537416,29,1575,8,6000,1.01841269841
535841,536444,536515,603,71,2,7200,9.49295774648
536439,536507,536558,68,51,2,7200,2.33333333333
536441,536527,536585,86,58,2,7200,2.48275862069
536442,536533,538134,91,1601,8,6000,1.05683947533
536523,536539,536588,16,49,2,7200,1.32653061224
536531,537419,537535,888,116,2,7200,8.65517241379
536538,537424,537481,886,57,2,7200,16.5438596491
536538,536601,538193,63,1592,8,6000,1.03957286432
537417,537436,537491,19,55,2,7200,1.34545454545
537424,537441,537515,17,74,2,7200,1.22972972973
537424,537431,539035,7,1604,8,6000,1.00436408978
537424,537448,539044,24,1596,8,6000,1.01503759398
537438,537498,537541,60,43,2,7200,2.39534883721
537445,537506,537625,61,119,2,7200,1.51260504202
537498,537527,537603,29,76,2,7200,1.38157894737
537506,537549,537606,43,57,2,7200,1.75438596491
537525,537556,537692,31,136,2,7200,1.22794117647
537549,537616,537671,67,55,2,7200,2.21818181818
537553,538145,539774,592,1629,8,6000,1.36341313689
537553,537704,539301,151,1597,8,6000,1.09455228554
537703,539056,539105,1353,49,2,7200,28.612244898
537704,538204,539797,500,1593,8,6000,1.31387319523
537704,539046,540649,1342,1603,8,6000,1.83718028696
539043,539061,539117,18,56,2,7200,1.32142857143
539057,539117,539169,60,52,2,7200,2.15384615385
539058,539313,540920,255,1607,8,6000,1.15868077162
539058,539181,540797,123,1616,8,6000,1.07611386139
539128,539551,539632,423,81,1,1800,6.22222222222
539177,539785,541380,608,1595,8,6000,1.38119122257
539315,539808,541450,493,1642,8,6000,1.30024360536
539561,568587,596172,29026,27585,48,28800,2.05223853544
539784,540661,542278,877,1617,8,6000,1.54236239951
539807,540809,542406,1002,1597,8,6000,1.62742642455
539807,540931,542832,1124,1901,8,6000,1.59126775381
539885,539891,539984,6,93,1,1800,1.06451612903
540476,540483,540844,7,361,1,1800,1.01939058172
540808,541391,543018,583,1627,8,6000,1.35832821143
540937,541461,543060,524,1599,8,6000,1.32770481551
540938,542291,543881,1353,1590,8,6000,1.85094339623
541459,542418,544066,959,1648,8,6000,1.58191747573
541990,541997,542043,7,46,1,1800,1.15217391304
542270,542277,542355,7,78,1,1800,1.08974358974
542289,542844,544463,555,1619,8,6000,1.34280420012
542290,543029,544628,739,1599,8,6000,1.46216385241
542843,543893,545476,1050,1583,8,6000,1.66329753632
542843,543073,544664,230,1591,8,6000,1.14456316782
542939,542946,543192,7,246,1,1800,1.02845528455
543077,544078,545684,1001,1606,8,6000,1.62328767123
543078,544475,546053,1397,1578,8,6000,1.88529784537
544077,544676,546263,599,1587,8,6000,1.37744171393
544077,544639,546255,562,1616,8,6000,1.34777227723
544641,545696,547300,1055,1604,8,6000,1.65773067332
544641,545488,547107,847,1619,8,6000,1.52316244595
545492,546064,547665,572,1601,8,6000,1.35727670206
545492,546267,547876,775,1609,8,6000,1.48166563083
545972,617671,894777,71699,277106,4,360000,1.258742142
546043,626013,894423,79970,268410,4,360000,1.29793971909
546067,546275,547896,208,1621,8,6000,1.12831585441
546107,626019,894522,79912,268503,4,360000,1.29762051076
546270,547120,548736,850,1616,8,6000,1.52599009901
546270,547312,548924,1042,1612,8,6000,1.64640198511
546271,547677,549293,1406,1616,8,6000,1.87004950495
547031,561106,563857,14075,2751,64,9000,6.1163213377
547057,563869,567687,16812,3818,64,9000,5.4033525406
547315,547909,549531,594,1622,8,6000,1.36621454994
547315,547887,549488,572,1601,8,6000,1.35727670206
547891,548748,550353,857,1605,8,6000,1.53395638629
547891,548936,550550,1045,1614,8,6000,1.64745972739
548752,549305,550916,553,1611,8,6000,1.34326505276
548752,549500,551090,748,1590,8,6000,1.47044025157
549305,549542,551151,237,1609,8,6000,1.14729645743
549305,550365,551960,1060,1595,8,6000,1.66457680251
549539,550561,552160,1022,1599,8,6000,1.63914946842
549539,550927,552542,1388,1615,8,6000,1.85944272446
550559,551101,552721,542,1620,8,6000,1.33456790123
550559,551164,552753,605,1589,8,6000,1.38074260541
551102,551973,553587,871,1614,8,6000,1.53965303594
551103,552171,553790,1068,1619,8,6000,1.65966646078
551616,617530,762141,65914,144611,2,144600,1.4558021174
551785,626024,770667,74239,144643,2,144600,1.51325677703
551819,608931,650003,57112,41072,25,129599,2.39053369692
551974,552553,554179,579,1626,8,6000,1.35608856089
551975,552733,554330,758,1597,8,6000,1.47463994991
552558,552766,554390,208,1624,8,6000,1.12807881773
552739,553598,555202,859,1604,8,6000,1.5355361596
552739,553801,555436,1062,1635,8,6000,1.6495412844
553599,554190,555813,591,1623,8,6000,1.36414048059
553599,554342,555968,743,1626,8,6000,1.4569495695
553661,589965,589973,36304,8,32,28800,3631.2
554194,554402,556004,208,1602,8,6000,1.12983770287
554194,555214,556813,1020,1599,8,6000,1.63789868668
554407,555825,557437,1418,1612,8,6000,1.87965260546
554407,555447,557066,1040,1619,8,6000,1.64237183447
555447,555981,557603,534,1622,8,6000,1.32922318126
555448,556016,557622,568,1606,8,6000,1.35367372354
555979,556825,558444,846,1619,8,6000,1.52254478073
555979,557077,558685,1098,1608,8,6000,1.6828358209
556828,557448,559067,620,1619,8,6000,1.38295243978
557083,557633,559228,550,1595,8,6000,1.34482758621
557083,557614,559247,531,1633,8,6000,1.32516840171
557614,558455,560062,841,1607,8,6000,1.52333540759
557615,558696,560299,1081,1603,8,6000,1.67436057392
558452,559078,560682,626,1604,8,6000,1.39027431421
558694,559259,560890,565,1631,8,6000,1.34641324341
559037,559046,559275,9,229,40,300,1.03930131004
559075,559240,560842,165,1602,8,6000,1.10299625468
559236,560075,561675,839,1600,8,6000,1.524375
559256,560310,561936,1054,1626,8,6000,1.64821648216
559985,590892,591727,30907,835,16,32760,38.0143712575
560072,560693,562292,621,1599,8,6000,1.38836772983
560150,614267,627124,54117,12857,16,32820,5.2091467683
560313,560853,562478,540,1625,8,6000,1.33230769231
560695,560901,562526,206,1625,8,6000,1.12676923077
560818,568179,568181,7361,2,64,9000,736.3
560834,567239,567247,6405,8,64,1800,641.3
560855,561949,563587,1094,1638,8,6000,1.66788766789
560855,561687,563302,832,1615,8,6000,1.51517027864
561010,567259,567485,6249,226,64,1800,28.6504424779
561014,567498,567844,6484,346,64,1800,19.7398843931
561118,568184,568369,7066,185,64,1800,39.1945945946
561130,568193,568433,7063,240,64,1800,30.4291666667
561260,568381,568574,7121,193,64,1800,37.896373057
561267,568445,568762,7178,317,64,1800,23.643533123
561693,562489,564111,796,1622,8,6000,1.49075215783
561693,562304,563923,611,1619,8,6000,1.37739345275
562308,563314,564969,1006,1655,8,6000,1.60785498489
562308,562537,564133,229,1596,8,6000,1.14348370927
562541,563934,565551,1393,1617,8,6000,1.86147186147
562541,563599,565202,1058,1603,8,6000,1.66001247661
563599,564122,565720,523,1598,8,6000,1.32728410513
563938,564145,565779,207,1634,8,6000,1.12668298654
564119,564981,566578,862,1597,8,6000,1.53976205385
564141,565214,566837,1073,1623,8,6000,1.66112138016
564142,565562,567186,1420,1624,8,6000,1.87438423645
564457,564464,564664,7,200,16,300,1.035
564705,567936,568167,3231,231,128,300,14.987012987
564879,601349,601563,36470,214,32,300,171.420560748
565153,567699,567924,2546,225,64,300,12.3155555556
565211,565732,567343,521,1611,8,6000,1.3234016139
565562,565791,567424,229,1633,8,6000,1.14023270055
565562,566589,568501,1027,1912,8,6000,1.53713389121
565796,567197,568831,1401,1634,8,6000,1.85740514076
565796,566850,568473,1054,1623,8,6000,1.6494146642
566846,567354,568976,508,1622,8,6000,1.31319358816
566846,567435,569041,589,1606,8,6000,1.36674968867
567355,568485,570105,1130,1620,8,6000,1.6975308642
567355,568513,570129,1158,1616,8,6000,1.71658415842
568490,568842,570469,352,1627,8,6000,1.21634910879
568512,569053,570660,541,1607,8,6000,1.33665214686
568512,568987,570605,475,1618,8,6000,1.2935723115
568588,596184,623761,27596,27577,48,28800,2.00068897995
568989,570116,571750,1127,1634,8,6000,1.68971848225
568989,570140,571775,1151,1635,8,6000,1.70397553517
570121,570480,572089,359,1609,8,6000,1.22311995028
570143,570617,572236,474,1619,8,6000,1.29277331686
570143,570671,572275,528,1604,8,6000,1.32917705736
570619,571761,573378,1142,1617,8,6000,1.70624613482
570619,571788,573405,1169,1617,8,6000,1.72294372294
571761,572102,573734,341,1632,8,6000,1.20894607843
571761,572247,573888,486,1641,8,6000,1.29616087751
572101,572287,573911,186,1624,8,6000,1.1145320197
572101,573389,575267,1288,1878,8,6000,1.68583599574
572292,573418,575048,1126,1630,8,6000,1.69079754601
572292,573745,575402,1453,1657,8,6000,1.87688593844
573414,573900,575523,486,1623,8,6000,1.29944547135
573743,573922,575527,179,1605,8,6000,1.11152647975
573899,575279,576912,1380,1633,8,6000,1.84507042254
573921,575059,576705,1138,1646,8,6000,1.69137302552
575063,575413,577043,350,1630,8,6000,1.21472392638
575276,575535,577206,259,1671,8,6000,1.15499700778
575414,575543,577188,129,1645,8,6000,1.07841945289
575414,576716,578319,1302,1603,8,6000,1.81222707424
575542,576923,578552,1381,1629,8,6000,1.84775936157
576717,577054,578683,337,1629,8,6000,1.20687538367
576929,577217,578881,288,1664,8,6000,1.17307692308
577057,577199,578837,142,1638,8,6000,1.08669108669
577196,578331,579942,1135,1611,8,6000,1.70453134699
577218,578564,580208,1346,1644,8,6000,1.81873479319
578328,578696,580328,368,1632,8,6000,1.22549019608
578562,578849,580462,287,1613,8,6000,1.17792932424
578701,578894,580524,193,1630,8,6000,1.11840490798
578850,579955,581573,1105,1618,8,6000,1.68294190358
578893,580220,581847,1327,1627,8,6000,1.81561155501
578934,578940,578969,6,29,1,600,1.20689655172
579347,579354,579382,7,28,1,600,1.25
579400,579407,581517,7,2110,8,3600,1.00331753555
579489,579496,586728,7,7232,20,7200,1.00096792035
579961,580340,581933,379,1593,8,6000,1.23791588198
579983,631284,634925,51301,3641,16,3600,15.0898104916
580017,634938,638569,54921,3631,16,3600,16.1255852382
580022,638581,642214,58559,3633,16,3600,17.1186347371
580026,642639,646259,62613,3620,16,3600,18.2964088398
580029,646271,649904,66242,3633,16,3600,19.2334159097
580032,716131,719741,136099,3610,16,3600,38.7005540166
580036,719748,723376,139712,3628,16,3600,39.5093715546
580041,723670,727295,143629,3625,16,3600,40.6217931034
580226,580474,582106,248,1632,8,6000,1.15196078431
580344,580535,582176,191,1641,8,6000,1.11639244363
580471,581584,583189,1113,1605,8,6000,1.69345794393
580536,581860,583480,1324,1620,8,6000,1.81728395062
580538,581529,583341,991,1812,8,1800,1.54690949227
580592,583353,586418,2761,3065,8,3600,1.90081566069
580703,597597,600676,16894,3079,8,3600,6.48684637869
580803,605132,607639,24329,2507,8,7200,10.7044276027
580898,605355,605470,24457,115,8,3600,213.669565217
580906,605482,606719,24576,1237,8,3600,20.8674211803
580911,605849,608919,24938,3070,8,3600,9.12312703583
581587,581945,583550,358,1605,8,6000,1.2230529595
581863,582118,583759,255,1641,8,6000,1.15539305302
581949,582188,583826,239,1638,8,6000,1.14590964591
582119,583202,584836,1083,1634,8,6000,1.66279069767
582194,583493,585094,1299,1601,8,6000,1.81136789507
583207,583562,585178,355,1616,8,6000,1.21967821782
583495,583770,585410,275,1640,8,6000,1.16768292683
583559,583838,585472,279,1634,8,6000,1.17074663403
583772,584847,586476,1075,1629,8,6000,1.6599140577
583837,585106,586708,1269,1602,8,6000,1.79213483146
584845,585190,586817,345,1627,8,6000,1.21204671174
590199,604450,605112,14251,662,4,7200,22.5271903323
590622,630410,636825,39788,6415,31,7920,7.20233826968
592159,597602,597604,5443,2,2,3540,544.5
596187,623772,638348,27585,14576,48,28800,2.89249451153
598171,630415,631273,32244,858,16,32760,38.5804195804
599291,601574,630398,2283,28824,32,28800,1.07920482931
599614,636837,642622,37223,5785,8,7200,7.43439930856
599657,636842,642582,37185,5740,8,7200,7.47822299652
600521,600527,600962,6,435,2,7200,1.01379310345
600523,600535,600954,12,419,2,7200,1.02863961814
600525,600540,600972,15,432,2,7200,1.03472222222
600532,600548,601029,16,481,2,7200,1.03326403326
600540,600553,601005,13,452,2,7200,1.02876106195
600548,600560,601003,12,443,2,7200,1.02708803612
600550,600565,601001,15,436,2,7200,1.03440366972
600557,600571,601048,14,477,2,7200,1.02935010482
600565,600577,601001,12,424,2,7200,1.02830188679
600572,600584,601027,12,443,2,7200,1.02708803612
600574,600589,601023,15,434,2,7200,1.03456221198
600582,600595,601040,13,445,2,7200,1.02921348315
600590,600601,601028,11,427,2,7200,1.02576112412
600592,600607,601026,15,419,2,7200,1.03579952267
600599,600613,601064,14,451,2,7200,1.0310421286
600607,600619,601055,12,436,2,7200,1.02752293578
600609,600625,601060,16,435,2,7200,1.0367816092
600617,600631,601082,14,451,2,7200,1.0310421286
600624,600637,601107,13,470,2,7200,1.02765957447
600632,600643,601072,11,429,2,7200,1.02564102564
600634,600966,601428,332,462,2,7200,1.71861471861
600642,600975,601421,333,446,2,7200,1.7466367713
600966,600984,601435,18,451,2,7200,1.0399113082
600974,601013,601457,39,444,2,7200,1.08783783784
600982,601018,601460,36,442,2,7200,1.0814479638
601012,601025,601463,13,438,2,7200,1.0296803653
601014,601030,601483,16,453,2,7200,1.0353200883
601022,601037,601468,15,431,2,7200,1.03480278422
601029,601043,601463,14,420,2,7200,1.03333333333
601037,601049,601495,12,446,2,7200,1.0269058296
601045,601056,601491,11,435,2,7200,1.02528735632
601047,601061,601530,14,469,2,7200,1.02985074627
601054,601068,601497,14,429,2,7200,1.03263403263
601062,601075,601532,13,457,2,7200,1.0284463895
601064,601080,601498,16,418,2,7200,1.03827751196
601072,601087,601506,15,419,2,7200,1.03579952267
601080,601092,601548,12,456,2,7200,1.02631578947
601087,601099,601561,12,462,2,7200,1.02597402597
601089,601104,601556,15,452,2,7200,1.03318584071
601097,601433,601861,336,428,2,7200,1.78504672897
601107,601193,601642,86,449,2,7200,1.19153674833
601189,601440,601882,251,442,2,7200,1.56787330317
601434,601447,601883,13,436,2,7200,1.02981651376
601436,601470,601916,34,446,2,7200,1.07623318386
601443,601477,601895,34,418,2,7200,1.08133971292
601468,601482,601909,14,427,2,7200,1.03278688525
601476,601489,601908,13,419,2,7200,1.03102625298
601483,601496,601921,13,425,2,7200,1.03058823529
601485,601501,601942,16,441,2,7200,1.03628117914
601493,601508,601928,15,420,2,7200,1.03571428571
601501,601513,601973,12,460,2,7200,1.02608695652
601508,601520,601914,12,394,2,7200,1.03045685279
601510,601525,601942,15,417,2,7200,1.03597122302
601518,601531,602006,13,475,2,7200,1.02736842105
601526,601542,601989,16,447,2,7200,1.03579418345
601528,601549,601988,21,439,2,7200,1.04783599089
601541,601561,602007,20,446,2,7200,1.04484304933
601549,601568,602055,19,487,2,7200,1.03901437372
601562,601580,602004,18,424,2,7200,1.04245283019
601564,601654,602073,90,419,2,7200,1.21479713604
601582,601874,602310,292,436,2,7200,1.66972477064
601651,601894,602328,243,434,2,7200,1.5599078341
601874,601900,602344,26,444,2,7200,1.05855855856
601893,601907,602335,14,428,2,7200,1.03271028037
601901,601921,602375,20,454,2,7200,1.04405286344
601903,601926,602350,23,424,2,7200,1.05424528302
601922,601933,602372,11,439,2,7200,1.02505694761
601924,601938,602360,14,422,2,7200,1.03317535545
601931,601945,602370,14,425,2,7200,1.03294117647
601939,601951,602380,12,429,2,7200,1.02797202797
601941,601959,602418,18,459,2,7200,1.03921568627
601949,601964,602452,15,488,2,7200,1.03073770492
601956,601986,602438,30,452,2,7200,1.06637168142
601964,602000,602464,36,464,2,7200,1.0775862069
601983,602007,602432,24,425,2,7200,1.05647058824
601996,602016,602443,20,427,2,7200,1.04683840749
602004,602023,602470,19,447,2,7200,1.04250559284
602012,602028,602467,16,439,2,7200,1.03644646925
602019,602067,602482,48,415,2,7200,1.1156626506
602037,602085,602525,48,440,2,7200,1.10909090909
602067,602322,602801,255,479,2,7200,1.53235908142
602086,602340,602801,254,461,2,7200,1.55097613883
602319,602346,602772,27,426,2,7200,1.06338028169
602338,602357,602781,19,424,2,7200,1.04481132075
602346,602364,602789,18,425,2,7200,1.04235294118
602354,602372,602853,18,481,2,7200,1.03742203742
602361,602383,602854,22,471,2,7200,1.04670912951
602369,602390,602834,21,444,2,7200,1.0472972973
602382,602395,602844,13,449,2,7200,1.0289532294
602390,602403,602866,13,463,2,7200,1.02807775378
602392,602430,602892,38,462,2,7200,1.08225108225
602400,602444,602907,44,463,2,7200,1.09503239741
602430,602451,602914,21,463,2,7200,1.04535637149
602443,602457,602902,14,445,2,7200,1.03146067416
602451,602464,602897,13,433,2,7200,1.03002309469
602459,602476,602860,17,384,2,7200,1.04427083333
602461,602483,602952,22,469,2,7200,1.04690831557
602474,602488,602972,14,484,2,7200,1.02892561983
602492,602499,602920,7,421,2,7200,1.01662707838
602494,602537,602971,43,434,2,7200,1.09907834101
602496,602784,603229,288,445,2,7200,1.64719101124
602537,602793,603259,256,466,2,7200,1.54935622318
602654,604457,604458,1803,1,1,240,180.4
602782,602801,603267,19,466,2,7200,1.04077253219
602790,602813,603260,23,447,2,7200,1.0514541387
602798,602818,603235,20,417,2,7200,1.0479616307
602811,602847,603272,36,425,2,7200,1.08470588235
602819,602856,603329,37,473,2,7200,1.07822410148
602843,602865,603314,22,449,2,7200,1.04899777283
602857,602872,603317,15,445,2,7200,1.03370786517
602864,602877,603323,13,446,2,7200,1.02914798206
602872,602884,603360,12,476,2,7200,1.02521008403
602874,602904,603328,30,424,2,7200,1.07075471698
602882,602911,603366,29,455,2,7200,1.06373626374
602901,602923,603347,22,424,2,7200,1.05188679245
602909,602930,603415,21,485,2,7200,1.04329896907
602922,602935,603385,13,450,2,7200,1.02888888889
602930,602942,603347,12,405,2,7200,1.02962962963
602932,602964,603383,32,419,2,7200,1.07637231504
602939,602983,603431,44,448,2,7200,1.09821428571
602962,602995,603329,33,334,2,7200,1.09880239521
602981,603241,603722,260,481,2,7200,1.54054054054
602995,603248,603761,253,513,2,7200,1.49317738791
603239,603271,603715,32,444,2,7200,1.07207207207
603247,603278,603746,31,468,2,7200,1.06623931624
603272,603285,603752,13,467,2,7200,1.0278372591
603274,603290,603767,16,477,2,7200,1.03354297694
603282,603326,603781,44,455,2,7200,1.0967032967
603289,603333,603793,44,460,2,7200,1.09565217391
603325,603339,603807,14,468,2,7200,1.02991452991
603333,603347,603842,14,495,2,7200,1.02828282828
603341,603354,603753,13,399,2,7200,1.03258145363
603349,603361,603807,12,446,2,7200,1.0269058296
603351,603367,603872,16,505,2,7200,1.03168316832
603358,603374,603841,16,467,2,7200,1.03426124197
603366,603379,603821,13,442,2,7200,1.02941176471
603374,603387,603838,13,451,2,7200,1.0288248337
603376,603395,603850,19,455,2,7200,1.04175824176
603384,603402,603846,18,444,2,7200,1.04054054054
603401,603431,603885,30,454,2,7200,1.06607929515
603403,603443,603857,40,414,2,7200,1.09661835749
603428,603727,604194,299,467,2,7200,1.64025695931
603441,603734,604207,293,473,2,7200,1.61945031712
603725,603758,604243,33,485,2,7200,1.06804123711
603733,603765,604235,32,470,2,7200,1.06808510638
603758,603771,604226,13,455,2,7200,1.02857142857
603765,603778,604247,13,469,2,7200,1.02771855011
603767,603785,604196,18,411,2,7200,1.04379562044
603775,603793,604267,18,474,2,7200,1.03797468354
603783,603805,604259,22,454,2,7200,1.04845814978
603791,603824,604244,33,420,2,7200,1.07857142857
603804,603830,604220,26,390,2,7200,1.06666666667
603823,603837,604290,14,453,2,7200,1.03090507726
603831,603850,604314,19,464,2,7200,1.04094827586
603838,603857,604265,19,408,2,7200,1.04656862745
603846,603862,604365,16,503,2,7200,1.03180914513
603854,603870,604322,16,452,2,7200,1.03539823009
603861,603875,604305,14,430,2,7200,1.03255813953
603869,603881,604358,12,477,2,7200,1.0251572327
603887,603893,604408,6,515,2,7200,1.01165048544
603889,603901,604364,12,463,2,7200,1.02591792657
603891,604206,604689,315,483,2,7200,1.65217391304
603898,604213,604724,315,511,2,7200,1.61643835616
604205,604219,604650,14,431,2,7200,1.03248259861
604213,604233,604725,20,492,2,7200,1.0406504065
604220,604245,604772,25,527,2,7200,1.04743833017
604234,604257,604753,23,496,2,7200,1.04637096774
604241,604264,604768,23,504,2,7200,1.04563492063
604254,650917,651288,46663,371,1,55800,126.776280323
604255,604269,604724,14,455,2,7200,1.03076923077
604262,604276,604719,14,443,2,7200,1.0316027088
604270,604282,604802,12,520,2,7200,1.02307692308
604278,604289,604770,11,481,2,7200,1.02286902287
604280,604294,604765,14,471,2,7200,1.02972399151
604287,604302,604729,15,427,2,7200,1.03512880562
604295,604317,604827,22,510,2,7200,1.0431372549
604303,604326,604803,23,477,2,7200,1.04821802935
604316,604335,604803,19,468,2,7200,1.0405982906
604324,604370,604852,46,482,2,7200,1.09543568465
604331,604376,604843,45,467,2,7200,1.09635974304
604367,604382,604859,15,477,2,7200,1.03144654088
604375,604420,604896,45,476,2,7200,1.09453781513
604392,604662,605130,270,468,2,7200,1.57692307692
604417,604701,605155,284,454,2,7200,1.62555066079
604661,604731,605213,70,482,2,7200,1.14522821577
604697,604738,605247,41,509,2,7200,1.08055009823
604727,604743,605266,16,523,2,7200,1.03059273423
604735,604755,605255,20,500,2,7200,1.04
604742,604760,605237,18,477,2,7200,1.03773584906
604756,604767,605231,11,464,2,7200,1.02370689655
604758,604777,605285,19,508,2,7200,1.0374015748
604765,604789,605283,24,494,2,7200,1.04858299595
604773,604794,605293,21,499,2,7200,1.04208416834
604786,604801,605295,15,494,2,7200,1.03036437247
604794,604814,605308,20,494,2,7200,1.04048582996
