SubmitTime,StartTime,EndTime,QueuedTime,RunTime,NodesRequested,walltime,bslowdown
438,446,3714,8,3268,2,7200,1.00244798042
540,550,3960,10,3410,2,7200,1.00293255132
720,727,10487,7,9760,20,14400,1.00071721311
808,817,4750,9,3933,2,7200,1.00228832952
907,916,4556,9,3640,2,7200,1.00247252747
1079,1089,4644,10,3555,2,7200,1.00281293952
1286,1296,4421,10,3125,2,7200,1.0032
1361,1370,4409,9,3039,2,7200,1.00296150049
1605,1614,4940,9,3326,2,7200,1.0027059531
2195,2203,5841,8,3638,2,7200,1.00219901045
2722,2731,6350,9,3619,2,7200,1.00248687483
2739,2748,6272,9,3524,2,7200,1.002553916
3158,3168,6576,10,3408,2,7200,1.0029342723
3293,3304,6673,11,3369,2,7200,1.00326506382
3561,3571,6793,10,3222,2,7200,1.00310366232
3576,3583,7629,7,4046,2,7200,1.00173010381
3717,3725,6893,8,3168,2,7200,1.00252525253
3964,3972,7601,8,3629,2,7200,1.00220446404
4409,4420,7634,11,3214,2,7200,1.00342252645
4424,4433,8085,9,3652,2,7200,1.00246440307
4556,4567,8101,11,3534,2,7200,1.00311262026
4646,4655,7633,9,2978,2,7200,1.00302216253
4751,4761,8752,10,3991,2,7200,1.00250563768
4941,4951,8574,10,3623,2,7200,1.00276014353
5844,5852,9482,8,3630,2,7200,1.00220385675
6274,6283,9875,9,3592,2,7200,1.00250556793
6353,6362,9797,9,3435,2,7200,1.00262008734
6578,6587,10378,9,3791,2,7200,1.00237404379
6674,6685,10262,11,3577,2,7200,1.00307520268
6795,6804,10510,9,3706,2,7200,1.00242849433
6894,6904,10534,10,3630,2,7200,1.00275482094
7601,7612,11499,11,3887,2,7200,1.00282994597
7631,7640,10844,9,3204,2,7200,1.00280898876
7646,7652,11368,6,3716,2,7200,1.0016146394
7647,7658,10843,11,3185,2,7200,1.00345368917
8087,8096,11022,9,2926,2,7200,1.0030758715
8101,8112,11801,11,3689,2,7200,1.0029818379
8577,8586,11680,9,3094,2,7200,1.00290885585
8755,8763,12514,8,3751,2,7200,1.0021327646
9483,9493,13513,10,4020,2,7200,1.00248756219
9799,9808,13594,9,3786,2,7200,1.00237717908
9877,9886,13635,9,3749,2,7200,1.00240064017
10265,10274,13788,9,3514,2,7200,1.00256118384
10380,10389,13452,9,3063,2,7200,1.00293829579
10512,10521,14265,9,3744,2,7200,1.00240384615
10536,10545,14383,9,3838,2,7200,1.00234497134
10843,10854,14057,11,3203,2,7200,1.00343428036
10858,10864,14550,6,3686,2,7200,1.00162778079
11023,11033,14891,10,3858,2,7200,1.00259201659
11370,11379,14910,9,3531,2,7200,1.00254885302
11502,11510,14807,8,3297,2,7200,1.00242644829
11682,11692,15325,10,3633,2,7200,1.00275254611
11803,11813,15495,10,3682,2,7200,1.00271591526
12516,12525,16312,9,3787,2,7200,1.00237655136
13455,13463,16515,8,3052,2,7200,1.00262123198
13515,13524,16817,9,3293,2,7200,1.00273307015
13596,13605,16972,9,3367,2,7200,1.00267300267
13639,13647,17028,8,3381,2,7200,1.00236616386
13789,13799,17032,10,3233,2,7200,1.00309310238
14060,14068,17586,8,3518,2,7200,1.00227401933
14268,14276,17870,8,3594,2,7200,1.00222593211
14385,14395,18161,10,3766,2,7200,1.00265533723
14550,14561,17792,11,3231,2,7200,1.00340451872
14809,14819,18285,10,3466,2,7200,1.00288517023
14893,14902,18421,9,3519,2,7200,1.00255754476
14911,14921,18265,10,3344,2,7200,1.00299043062
15326,15336,18358,10,3022,2,7200,1.00330906684
15498,15506,18887,8,3381,2,7200,1.00236616386
16314,16323,19598,9,3275,2,7200,1.0027480916
16515,16526,20098,11,3572,2,7200,1.00307950728
16819,16828,20124,9,3296,2,7200,1.00273058252
16973,16983,20304,10,3321,2,7200,1.00301114122
17030,17040,20624,10,3584,2,7200,1.00279017857
17045,17051,20487,6,3436,2,7200,1.00174621653
17590,17598,20937,8,3339,2,7200,1.00239592692
17794,17803,21295,9,3492,2,7200,1.00257731959
17872,17882,20925,10,3043,2,7200,1.00328623069
18164,18172,21624,8,3452,2,7200,1.0023174971
18266,18276,22223,10,3947,2,7200,1.0025335698
18287,18296,22369,9,4073,2,7200,1.00220967346
18359,18369,22004,10,3635,2,7200,1.00275103164
18422,18432,22107,10,3675,2,7200,1.00272108844
18889,18898,22054,9,3156,2,7200,1.00285171103
19599,19609,23022,10,3413,2,7200,1.00292997363
20099,20109,23344,10,3235,2,7200,1.00309119011
20126,20135,24227,9,4092,2,7200,1.00219941349
20306,20315,23914,9,3599,2,7200,1.00250069464
20490,20498,23828,8,3330,2,7200,1.0024024024
20625,20635,24233,10,3598,2,7200,1.00277932185
20926,20936,24426,10,3490,2,7200,1.00286532951
20941,20948,23896,7,2948,2,7200,1.00237449118
21296,21306,24694,10,3388,2,7200,1.00295159386
21627,21635,25045,8,3410,2,7200,1.00234604106
22006,22016,25476,10,3460,2,7200,1.00289017341
22057,22066,25079,9,3013,2,7200,1.00298705609
22108,22118,26008,10,3890,2,7200,1.00257069409
22225,22235,25470,10,3235,2,7200,1.00309119011
22370,22380,25558,10,3178,2,7200,1.0031466331
23023,23033,26642,10,3609,2,7200,1.00277085065
23345,23355,26937,10,3582,2,7200,1.00279173646
23830,23840,27229,10,3389,2,7200,1.00295072293
23899,23907,27702,8,3795,2,7200,1.00210803689
23914,23925,27077,11,3152,2,7200,1.00348984772
24230,24239,27402,9,3163,2,7200,1.00284539994
24244,24251,27385,7,3134,2,7200,1.00223356733
24428,24437,27773,9,3336,2,7200,1.00269784173
24696,24705,28666,9,3961,2,7200,1.0022721535
25048,25056,28708,8,3652,2,7200,1.0021905805
25081,25090,28504,9,3414,2,7200,1.00263620387
25472,25481,28591,9,3110,2,7200,1.00289389068
25487,25493,29251,6,3758,2,7200,1.00159659393
25559,25569,28679,10,3110,2,7200,1.00321543408
26010,26019,29081,9,3062,2,7200,1.00293925539
26646,26653,30143,7,3490,2,7200,1.00200573066
26937,26948,30618,11,3670,2,7200,1.0029972752
27054,27060,27408,6,348,20,7199,1.01724137931
27079,27088,30481,9,3393,2,7200,1.00265251989
27121,27127,27473,6,346,20,7199,1.01734104046
27160,27167,28100,7,933,20,3599,1.00750267953
27229,27241,30678,12,3437,2,7200,1.00349141693
27240,27247,28215,7,968,20,7199,1.00723140496
27284,27290,28243,6,953,20,10799,1.00629590766
27325,27331,27649,6,318,20,7199,1.01886792453
27386,27396,30759,10,3363,2,7200,1.00297353553
27403,27413,30923,10,3510,2,7200,1.00284900285
27413,27419,28335,6,916,20,7199,1.00655021834
27451,27457,28418,6,961,20,7199,1.00624349636
27505,27512,28392,7,880,20,7199,1.00795454545
27561,27567,85553,6,57986,20,86399,1.00010347325
27646,27652,45446,6,17794,20,86399,1.00033719231
27704,27713,30666,9,2953,2,7200,1.00304774805
27777,27784,31569,7,3785,2,7200,1.00184940555
27863,27869,47055,6,19186,24,28800,1.00031272803
28505,28515,32179,10,3664,2,7200,1.00272925764
28592,28603,32281,11,3678,2,7200,1.00299075585
28667,28677,32438,10,3761,2,7200,1.00265886732
28682,28691,32431,9,3740,2,7200,1.00240641711
28709,28719,32333,10,3614,2,7200,1.00276701716
28736,28742,29183,6,441,128,43200,1.01360544218
29082,29092,32574,10,3482,2,7200,1.00287191269
29254,29262,32610,8,3348,2,7200,1.00238948626
29515,29521,30433,6,912,128,43200,1.00657894737
29669,66305,85442,36636,19137,24,28800,2.91440664681
29669,47061,66299,17392,19238,24,28800,1.90404407943
29670,104771,122280,75101,17509,24,28800,5.28927979896
29670,85449,104764,55779,19315,24,28800,3.88785917681
30145,30154,33232,9,3078,2,7200,1.00292397661
30482,30493,33894,11,3401,2,7200,1.00323434284
30576,30583,43793,7,13210,128,13200,1.00052990159
30621,30630,33797,9,3167,2,7200,1.00284180613
30669,30677,34320,8,3643,2,7200,1.00219599231
30684,30689,33820,5,3131,2,7200,1.00159693389
30762,30770,34676,8,3906,2,7200,1.00204813108
30924,30934,34700,10,3766,2,7200,1.00265533723
31571,31581,35204,10,3623,2,7200,1.00276014353
32176,32190,35920,14,3730,2,7200,1.00375335121
32285,32292,35909,7,3617,2,7200,1.0019353055
32335,32344,36188,9,3844,2,7200,1.00234131113
32435,32443,36021,8,3578,2,7200,1.00223588597
32449,32455,35562,6,3107,2,7200,1.00193112327
32576,32585,36234,9,3649,2,7200,1.00246642916
32612,32622,36394,10,3772,2,7200,1.00265111347
33235,33243,36511,8,3268,2,7200,1.00244798042
33798,33808,37313,10,3505,2,7200,1.00285306705
33822,33831,37253,9,3422,2,7200,1.00263004091
33897,33906,37242,9,3336,2,7200,1.00269784173
34321,34331,37384,10,3053,2,7200,1.00327546675
34679,34687,38052,8,3365,2,7200,1.00237741456
34703,34711,37658,8,2947,2,7200,1.00271462504
35206,35215,38572,9,3357,2,7200,1.00268096515
35564,35573,38616,9,3043,2,7200,1.00295760762
35573,35579,122181,6,86602,8,345000,1.00006928246
35910,35921,39089,11,3168,2,7200,1.00347222222
35925,35931,39632,6,3701,2,7200,1.00162118346
36024,36032,39224,8,3192,2,7200,1.00250626566
36190,36200,39623,10,3423,2,7200,1.00292141396
36235,36245,39652,10,3407,2,7200,1.00293513355
36350,43811,44730,7461,919,20,7199,9.11860718172
36394,36405,39770,11,3365,2,7200,1.00326894502
36420,43816,44742,7396,926,20,7199,8.98704103672
36444,36450,36451,6,1,1,900,1.0
36484,43805,44742,7321,937,24,7199,8.81323372465
36511,36522,40135,11,3613,2,7200,1.00304456131
36671,43821,44309,7150,488,20,3599,15.6516393443
36702,43827,44016,7125,189,20,7199,38.6984126984
36739,43832,44156,7093,324,20,10799,22.8919753086
36975,44027,44868,7052,841,20,7199,9.38525564804
36998,44167,45091,7169,924,20,7199,8.75865800866
37034,44320,45183,7286,863,20,7199,9.4426419467
37083,37090,37091,7,1,1,1500,1.0
37152,37159,37181,7,22,1,1500,1.31818181818
37243,37253,41042,10,3789,2,7200,1.00263921879
37258,37264,40242,6,2978,2,7200,1.00201477502
37315,37324,40974,9,3650,2,7200,1.00246575342
37387,37395,40992,8,3597,2,7200,1.00222407562
37661,37669,40956,8,3287,2,7200,1.00243383024
38055,38063,41791,8,3728,2,7200,1.00214592275
38576,38584,42248,8,3664,2,7200,1.00218340611
38618,38627,42355,9,3728,2,7200,1.00241416309
39090,39101,42432,11,3331,2,7200,1.00330231162
39225,39235,42273,10,3038,2,7200,1.00329163924
39626,39635,43057,9,3422,2,7200,1.00263004091
39640,39647,43045,7,3398,2,7200,1.00206003531
39655,39663,43058,8,3395,2,7200,1.00235640648
39772,39781,43167,9,3386,2,7200,1.00265800354
40136,40146,43541,10,3395,2,7200,1.0029455081
40245,40253,44129,8,3876,2,7200,1.00206398349
40958,40967,44332,9,3365,2,7200,1.00267459138
40976,40985,43939,9,2954,2,7200,1.00304671632
40994,41004,44530,10,3526,2,7200,1.00283607487
41045,41053,44411,8,3358,2,7200,1.00238237046
41794,41803,45407,9,3604,2,7200,1.00249722531
42252,42260,45535,8,3275,2,7200,1.00244274809
42275,42284,45322,9,3038,2,7200,1.00296247531
42357,42366,45814,9,3448,2,7200,1.00261020882
42435,42443,45569,8,3126,2,7200,1.00255918106
43046,43056,46764,10,3708,2,7200,1.00269687163
43061,43069,46508,8,3439,2,7200,1.00232625763
43062,43075,46810,13,3735,2,7200,1.00348058902
43171,43178,46716,7,3538,2,7200,1.00197851894
43544,43552,47266,8,3714,2,7200,1.00215401185
43941,43950,47834,9,3884,2,7200,1.00231719876
44130,44140,47932,10,3792,2,7200,1.0026371308
44335,44343,47506,8,3163,2,7200,1.00252924439
44413,44422,47886,9,3464,2,7200,1.00259815242
44533,44542,47645,9,3103,2,7200,1.00290041895
45325,45334,48717,9,3383,2,7200,1.00266036063
45409,45418,48807,9,3389,2,7200,1.00265565063
45535,45546,49372,11,3826,2,7200,1.00287506534
45571,45580,49399,9,3819,2,7200,1.00235663786
45815,45825,49413,10,3588,2,7200,1.002787068
46510,46519,50067,9,3548,2,7200,1.00253664036
46718,46727,50239,9,3512,2,7200,1.00256264237
46766,46775,50269,9,3494,2,7200,1.0025758443
46811,46821,50670,10,3849,2,7200,1.00259807742
47268,47277,50988,9,3711,2,7200,1.00242522231
47509,47518,50512,9,2994,2,7200,1.00300601202
47647,47657,50672,10,3015,2,7200,1.00331674959
47837,47846,51029,9,3183,2,7200,1.00282752121
47888,47898,50818,10,2920,2,7200,1.00342465753
47933,47943,51324,10,3381,2,7200,1.00295770482
48719,48729,52594,10,3865,2,7200,1.00258732212
48810,48819,51845,9,3026,2,7200,1.0029742234
49375,49384,52556,9,3172,2,7200,1.00283732661
49399,49410,52576,11,3166,2,7200,1.00347441567
49414,49425,52985,11,3560,2,7200,1.00308988764
50070,50078,53724,8,3646,2,7200,1.00219418541
50242,50250,53830,8,3580,2,7200,1.00223463687
50272,50280,53521,8,3241,2,7200,1.00246837396
50515,50524,54178,9,3654,2,7200,1.00246305419
50672,50682,54483,10,3801,2,7200,1.00263088661
50687,50693,54171,6,3478,2,7200,1.00172512938
50819,50830,54270,11,3440,2,7200,1.00319767442
50991,50999,54541,8,3542,2,7200,1.00225861095
51030,51040,54617,10,3577,2,7200,1.0027956388
51266,51272,52425,6,1153,8,7200,1.00520381613
51325,51335,54478,10,3143,2,7200,1.00318167356
51697,51703,54899,6,3196,10,7200,1.00187734668
51848,51857,55051,9,3194,2,7200,1.00281778334
51978,51984,55684,6,3700,12,7200,1.00162162162
52002,52008,52014,6,6,12,3600,1.2
52468,52474,66895,6,14421,12,14400,1.00041605991
52559,52567,56062,8,3495,2,7200,1.00228898426
52580,52588,56172,8,3584,2,7200,1.00223214286
52597,52605,56014,8,3409,2,7200,1.00234672925
52759,52765,53303,6,538,10,7200,1.01115241636
52877,52883,56084,6,3201,10,7200,1.00187441425
52989,52997,56153,8,3156,2,7200,1.00253485425
53521,53532,56786,11,3254,2,7200,1.00338045482
53726,53735,57574,9,3839,2,7200,1.00234436051
53831,53841,57605,10,3764,2,7200,1.00265674814
54172,54182,57475,10,3293,2,7200,1.00303674461
54186,54193,58057,7,3864,2,7200,1.0018115942
54271,54281,57472,10,3191,2,7200,1.00313381385
54481,54489,58387,8,3898,2,7200,1.00205233453
54496,54502,58063,6,3561,2,7200,1.00168491997
54544,54553,58136,9,3583,2,7200,1.00251186157
54619,54629,58206,10,3577,2,7200,1.0027956388
55053,55062,58772,9,3710,2,7200,1.00242587601
55980,55986,63214,6,7228,10,7200,1.00083010515
56016,56025,59689,9,3664,2,7200,1.00245633188
56064,56073,59981,9,3908,2,7200,1.00230296827
56154,56164,59530,10,3366,2,7200,1.00297088532
56175,56183,60126,8,3943,2,7200,1.002028912
56789,56797,59957,8,3160,2,7200,1.00253164557
56938,56945,57503,7,558,10,7200,1.01254480287
57476,57487,61234,11,3747,2,7200,1.00293568188
57477,57493,61332,16,3839,2,7200,1.00416775202
57576,57585,61147,9,3562,2,7200,1.00252667041
57606,57617,61097,11,3480,2,7200,1.00316091954
58058,58068,61369,10,3301,2,7200,1.00302938503
58073,58079,61598,6,3519,2,7200,1.00170502984
58140,58147,62021,7,3874,2,7200,1.00180691791
58209,58218,61453,9,3235,2,7200,1.0027820711
58389,58398,61958,9,3560,2,7200,1.00252808989
58402,58408,61082,6,2674,6,7200,1.00224382947
58774,58783,62311,9,3528,2,7200,1.00255102041
58995,59001,69979,6,10978,12,14400,1.00054654764
59103,59109,59111,6,2,12,14400,1.0
59533,59541,62895,8,3354,2,7200,1.00238521169
59693,59701,62703,8,3002,2,7200,1.00266489007
59960,59968,63259,8,3291,2,7200,1.00243087208
59981,59992,63417,11,3425,2,7200,1.00321167883
60128,60137,64128,9,3991,2,7200,1.00225507392
61098,61108,65059,10,3951,2,7200,1.00253100481
61149,61158,64652,9,3494,2,7200,1.0025758443
61236,61245,64913,9,3668,2,7200,1.00245365322
61332,61343,65006,11,3663,2,7200,1.003003003
61371,61380,64857,9,3477,2,7200,1.00258843831
61455,61464,64974,9,3510,2,7200,1.00256410256
61599,61609,65332,10,3723,2,7200,1.00268600591
61960,61969,65581,9,3612,2,7200,1.00249169435
62023,62032,65710,9,3678,2,7200,1.00244698206
62312,62322,66067,10,3745,2,7200,1.00267022697
62704,62714,65640,10,2926,2,7200,1.003417635
62896,62907,66558,11,3651,2,7200,1.00301287319
63260,63270,66580,10,3310,2,7200,1.00302114804
63419,63428,67042,9,3614,2,7200,1.00249031544
64130,64140,67893,10,3753,2,7200,1.00266453504
64654,64663,68403,9,3740,2,7200,1.00240641711
64858,64868,68658,10,3790,2,7200,1.00263852243
64915,64924,67839,9,2915,2,7200,1.00308747856
64975,64985,68272,10,3287,2,7200,1.0030422878
65008,65017,67922,9,2905,2,7200,1.00309810671
65062,65070,69086,8,4016,2,7200,1.00199203187
65333,65344,68440,11,3096,2,7200,1.00355297158
65583,65592,68766,9,3174,2,7200,1.00283553875
65643,65651,68816,8,3165,2,7200,1.00252764613
65712,65721,69299,9,3578,2,7200,1.00251537172
66067,66078,69263,11,3185,2,7200,1.00345368917
66561,66569,69816,8,3247,2,7200,1.00246381275
66582,66591,69704,9,3113,2,7200,1.00289110183
67042,67053,70374,11,3321,2,7200,1.00331225534
67840,67850,71603,10,3753,2,7200,1.00266453504
67894,67904,71285,10,3381,2,7200,1.00295770482
67924,67933,71380,9,3447,2,7200,1.00261096606
68273,68284,71840,11,3556,2,7200,1.00309336333
68406,68414,71636,8,3222,2,7200,1.00248292986
68442,68452,72390,10,3938,2,7200,1.00253936008
68661,68669,72088,8,3419,2,7200,1.00233986546
68769,68778,71906,9,3128,2,7200,1.00287723785
68817,68827,71746,10,2919,2,7200,1.00342583076
69088,69097,72442,9,3345,2,7200,1.00269058296
69266,69274,72402,8,3128,2,7200,1.00255754476
69302,69311,73125,9,3814,2,7200,1.00235972732
69705,69715,73013,10,3298,2,7200,1.00303214069
69819,69827,73875,8,4048,2,7200,1.00197628458
70376,70385,73948,9,3563,2,7200,1.00252596127
71285,71296,74808,11,3512,2,7200,1.00313211845
71381,71391,74544,10,3153,2,7200,1.00317158262
71605,71615,74376,10,2761,2,7200,1.00362187613
71638,71647,75618,9,3971,2,7200,1.00226643163
71749,71757,75353,8,3596,2,7200,1.0022246941
71842,71852,75326,10,3474,2,7200,1.00287852619
71902,71917,75226,15,3309,2,7200,1.00453309157
72089,72099,75898,10,3799,2,7200,1.00263227165
72393,72402,76248,9,3846,2,7200,1.0023400936
72408,72414,75263,6,2849,2,7200,1.00210600211
72444,72454,76196,10,3742,2,7200,1.00267236772
73016,73024,76106,8,3082,2,7200,1.00259571707
73127,73136,76330,9,3194,2,7200,1.00281778334
73877,73887,77380,10,3493,2,7200,1.00286286859
73949,73960,77983,11,4023,2,7200,1.0027342779
74170,74177,74237,7,60,1,900,1.11666666667
74379,74388,77971,9,3583,2,7200,1.00251186157
74545,74555,77666,10,3111,2,7200,1.00321440051
74811,74819,77901,8,3082,2,7200,1.00259571707
74912,74918,75134,6,216,20,7199,1.02777777778
74952,74958,75309,6,351,20,7199,1.01709401709
74979,74985,75221,6,236,24,7199,1.02542372881
75229,75238,78744,9,3506,2,7200,1.00256702795
75266,75274,78336,8,3062,2,7200,1.00261267146
75329,75337,78991,8,3654,2,7200,1.0021893815
75355,75364,78878,9,3514,2,7200,1.00256118384
75588,75595,76452,7,857,20,7199,1.008168028
75612,75618,76498,6,880,20,7199,1.00681818182
75621,75629,79444,8,3815,2,7200,1.00209698558
75640,75646,76548,6,902,20,7199,1.0066518847
75704,75711,82933,7,7222,20,7199,1.00096926059
75901,75910,79776,9,3866,2,7200,1.00232798758
76109,76117,79555,8,3438,2,7200,1.00232693426
76199,76207,79699,8,3492,2,7200,1.00229095074
76250,76259,79592,9,3333,2,7200,1.00270027003
76332,76342,80275,10,3933,2,7200,1.00254258835
77386,77394,81310,8,3916,2,7200,1.00204290092
77388,77399,80547,11,3148,2,7200,1.00349428208
77389,77405,80910,16,3505,2,7200,1.00456490728
77390,77411,81294,21,3883,2,7200,1.00540818954
77392,77416,80946,24,3530,2,7200,1.00679886686
77393,77422,80641,29,3219,2,7200,1.00900900901
77451,77457,81322,6,3865,2,7200,1.00155239327
77453,77464,80799,11,3335,2,7200,1.00329835082
77454,77469,80624,15,3155,2,7200,1.00475435816
77455,77474,81049,19,3575,2,7200,1.00531468531
77457,77480,81110,23,3630,2,7200,1.00633608815
77458,77486,81109,28,3623,2,7200,1.00772840188
77460,77492,81033,32,3541,2,7200,1.0090369952
77461,77497,81388,36,3891,2,7200,1.00925212028
77462,77503,80863,41,3360,2,7200,1.01220238095
77464,77508,81419,44,3911,2,7200,1.01125031961
77466,77514,81113,48,3599,2,7200,1.01333703807
77467,77519,81141,52,3622,2,7200,1.014356709
77468,77524,81043,56,3519,2,7200,1.01591361182
77470,77530,81350,60,3820,2,7200,1.01570680628
77471,77535,81321,64,3786,2,7200,1.01690438457
77473,77541,81307,68,3766,2,7200,1.01805629315
77474,77546,80927,72,3381,2,7200,1.02129547471
77475,77551,81184,76,3633,2,7200,1.0209193504
77477,77557,81425,80,3868,2,7200,1.02068252327
77478,77562,81056,84,3494,2,7200,1.02404121351
77480,77568,80887,88,3319,2,7200,1.02651401024
77481,77574,81475,93,3901,2,7200,1.02384004102
77482,77580,81378,98,3798,2,7200,1.02580305424
77484,77585,81596,101,4011,2,7200,1.02518075293
77485,77590,81178,105,3588,2,7200,1.02926421405
77487,77596,81181,109,3585,2,7200,1.03040446304
77488,77601,81259,113,3658,2,7200,1.03089119738
77490,77607,81385,117,3778,2,7200,1.03096876654
77491,77612,81324,121,3712,2,7200,1.03259698276
77493,77617,81258,124,3641,2,7200,1.03405657786
77680,77686,81590,6,3904,2,7200,1.00153688525
77682,77693,81264,11,3571,2,7200,1.00308036964
77683,77698,81396,15,3698,2,7200,1.00405624662
77684,77704,81186,20,3482,2,7200,1.00574382539
77686,77709,81300,23,3591,2,7200,1.00640490114
77687,77714,80431,27,2717,2,7200,1.00993743099
77688,77721,80760,33,3039,2,7200,1.01085883514
77690,77726,81544,36,3818,2,7200,1.00942902043
77691,77731,81451,40,3720,2,7200,1.01075268817
77693,77737,81734,44,3997,2,7200,1.01100825619
77694,77742,81627,48,3885,2,7200,1.01235521236
77695,77747,81300,52,3553,2,7200,1.01463551928
77697,77753,80864,56,3111,2,7200,1.01800064288
77698,77758,81298,60,3540,2,7200,1.01694915254
77699,77763,81576,64,3813,2,7200,1.01678468398
77701,77769,81536,68,3767,2,7200,1.01805149987
77702,77774,80805,72,3031,2,7200,1.02375453646
77704,77779,81553,75,3774,2,7200,1.01987281399
77705,77785,80553,80,2768,2,7200,1.0289017341
77706,77790,80842,84,3052,2,7200,1.02752293578
77708,77795,81556,87,3761,2,7200,1.02313214571
77904,77910,81789,6,3879,2,7200,1.00154679041
77973,77980,81752,7,3772,2,7200,1.00185577943
77989,77995,81926,6,3931,2,7200,1.00152632918
78337,78343,82266,6,3923,2,7200,1.00152944175
78747,78753,82269,6,3516,2,7200,1.00170648464
78879,78887,82825,8,3938,2,7200,1.00203148807
78994,79000,82574,6,3574,2,7200,1.00167879127
79446,79452,82718,6,3266,2,7200,1.00183710961
79558,79564,83368,6,3804,2,7200,1.00157728707
79594,79600,82871,6,3271,2,7200,1.00183430144
79702,79709,83243,7,3534,2,7200,1.00198075835
79778,79784,83706,6,3922,2,7200,1.00152983172
80275,80282,84052,7,3770,2,7200,1.00185676393
80432,80438,84023,6,3585,2,7200,1.00167364017
80550,80556,83867,6,3311,2,7200,1.00181214135
80564,80571,84191,7,3620,2,7200,1.00193370166
80628,80634,84135,6,3501,2,7200,1.00171379606
80643,80649,84254,6,3605,2,7200,1.00166435506
80763,80769,83600,6,2831,2,7200,1.00211939244
80799,80805,84571,6,3766,2,7200,1.00159320234
80814,80820,84336,6,3516,2,7200,1.00170648464
80844,80850,84482,6,3632,2,7200,1.00165198238
80866,80872,84816,6,3944,2,7200,1.00152129817
80867,80880,84362,13,3482,2,7200,1.0037334865
80888,80894,84398,6,3504,2,7200,1.00171232877
80912,80918,84625,6,3707,2,7200,1.00161855948
80930,80936,85011,6,4075,2,7200,1.00147239264
80948,80954,84449,6,3495,2,7200,1.0017167382
81035,81041,84303,6,3262,2,7200,1.00183936235
81050,81058,84699,8,3641,2,7200,1.00219719857
81052,81063,84388,11,3325,2,7200,1.00330827068
81067,81073,84884,6,3811,2,7200,1.00157438992
81112,81119,84835,7,3716,2,7200,1.00188374596
81114,81126,84329,12,3203,2,7200,1.00374648767
81129,81135,84811,6,3676,2,7200,1.00163220892
81144,81151,84497,7,3346,2,7200,1.00209205021
81180,81186,84720,6,3534,2,7200,1.00169779287
81195,81201,84912,6,3711,2,7200,1.00161681487
81197,81207,84658,10,3451,2,7200,1.00289771081
81198,81213,84311,15,3098,2,7200,1.00484183344
81262,81268,85116,6,3848,2,7200,1.00155925156
81263,81275,84414,12,3139,2,7200,1.00382287353
81278,81284,84518,6,3234,2,7200,1.00185528757
81296,81304,85142,8,3838,2,7200,1.00208441897
81312,81318,84799,6,3481,2,7200,1.00172364263
81313,81325,84389,12,3064,2,7200,1.00391644909
81315,81330,85254,15,3924,2,7200,1.00382262997
81316,81335,84654,19,3319,2,7200,1.00572461585
81318,81341,84819,23,3478,2,7200,1.00661299597
81333,81348,84732,15,3384,2,7200,1.00443262411
81334,81353,84989,19,3636,2,7200,1.00522552255
81336,81358,85084,22,3726,2,7200,1.00590445518
81351,81364,84979,13,3615,2,7200,1.00359612725
81381,81387,85052,6,3665,2,7200,1.00163710778
81396,81402,85356,6,3954,2,7200,1.00151745068
81397,81409,84293,12,2884,2,7200,1.00416088766
81399,81414,84702,15,3288,2,7200,1.0045620438
81420,81426,85173,6,3747,2,7200,1.00160128102
81435,81441,85166,6,3725,2,7200,1.00161073826
81450,81456,85090,6,3634,2,7200,1.0016510732
81477,81483,85123,6,3640,2,7200,1.00164835165
81540,81546,84414,6,2868,2,7200,1.00209205021
81555,81561,85225,6,3664,2,7200,1.00163755459
81556,81567,84920,11,3353,2,7200,1.0032806442
81571,81577,84554,6,2977,2,7200,1.0020154518
81586,81592,85320,6,3728,2,7200,1.00160944206
81601,81607,85269,6,3662,2,7200,1.00163844894
81602,81614,85368,12,3754,2,7200,1.0031965903
81630,81636,84541,6,2905,2,7200,1.00206540448
81735,81741,85174,6,3433,2,7200,1.0017477425
81753,81759,85075,6,3316,2,7200,1.00180940893
81792,81798,85185,6,3387,2,7200,1.00177147919
81928,81934,85553,6,3619,2,7200,1.00165791655
82269,82276,85910,7,3634,2,7200,1.00192625206
82284,82290,86029,6,3739,2,7200,1.00160470714
82577,82583,86154,6,3571,2,7200,1.00168020162
82718,82725,86373,7,3648,2,7200,1.00191885965
82828,82834,86806,6,3972,2,7200,1.00151057402
82873,82879,86958,6,4079,2,7200,1.00147094876
83247,83253,87119,6,3866,2,7200,1.00155199172
83370,83376,86858,6,3482,2,7200,1.00172314762
83602,83608,87176,6,3568,2,7200,1.00168161435
83708,83715,87147,7,3432,2,7200,1.00203962704
83871,83877,87391,6,3514,2,7200,1.00170745589
84024,84030,87499,6,3469,2,7200,1.00172960507
84054,84060,87581,6,3521,2,7200,1.00170406135
84138,84145,87811,7,3666,2,7200,1.00190943808
84193,84199,87525,6,3326,2,7200,1.00180396873
84256,84262,88095,6,3833,2,7200,1.00156535351
84295,84301,87526,6,3225,2,7200,1.00186046512
84310,84316,87765,6,3449,2,7200,1.00173963468
84325,84331,88086,6,3755,2,7200,1.00159786951
84340,84347,87920,7,3573,2,7200,1.00195913798
84341,84353,88218,12,3865,2,7200,1.00310478655
84365,84372,88029,7,3657,2,7200,1.00191413727
84389,84395,88069,6,3674,2,7200,1.00163309744
84390,84402,88096,12,3694,2,7200,1.0032485111
84405,84411,87844,6,3433,2,7200,1.0017477425
84420,84426,88006,6,3580,2,7200,1.00167597765
84422,84433,88161,11,3728,2,7200,1.00295064378
84452,84459,87906,7,3447,2,7200,1.00203075138
84485,84491,87846,6,3355,2,7200,1.00178837556
84500,84506,87935,6,3429,2,7200,1.00174978128
84521,84527,87867,6,3340,2,7200,1.00179640719
84545,84551,87573,6,3022,2,7200,1.00198544011
84560,84565,87492,5,2927,2,7200,1.00170823369
84574,84581,88408,7,3827,2,7200,1.00182910896
84626,84632,88130,6,3498,2,7200,1.00171526587
84656,84663,88100,7,3437,2,7200,1.00203665988
84671,84677,88502,6,3825,2,7200,1.00156862745
84701,84707,88167,6,3460,2,7200,1.00173410405
84715,84723,88083,8,3360,2,7200,1.00238095238
84730,84737,88013,7,3276,2,7200,1.00213675214
84745,84753,88491,8,3738,2,7200,1.00214018192
84803,84810,88742,7,3932,2,7200,1.0017802645
84818,84824,88364,6,3540,2,7200,1.00169491525
84819,84831,88522,12,3691,2,7200,1.00325115145
84834,84841,88538,7,3697,2,7200,1.0018934271
84849,84856,88126,7,3270,2,7200,1.00214067278
84885,84893,88265,8,3372,2,7200,1.00237247924
84916,84922,88603,6,3681,2,7200,1.00162999185
84931,84937,88721,6,3784,2,7200,1.00158562368
84979,84986,88937,7,3951,2,7200,1.00177170337
84994,85001,88034,7,3033,2,7200,1.00230794593
85012,85018,89020,6,4002,2,7200,1.00149925037
85054,85060,88837,6,3777,2,7200,1.00158856235
85078,85085,88508,7,3423,2,7200,1.00204498978
85093,85100,88633,7,3533,2,7200,1.00198131899
85095,85106,88784,11,3678,2,7200,1.00299075585
85119,85126,88376,7,3250,2,7200,1.00215384615
85134,85141,88695,7,3554,2,7200,1.00196961171
85149,85155,88390,6,3235,2,7200,1.00185471406
85170,85177,88417,7,3240,2,7200,1.00216049383
85185,85192,88579,7,3387,2,7200,1.00206672572
85186,85198,88963,12,3765,2,7200,1.003187251
85188,85204,88996,16,3792,2,7200,1.00421940928
85227,85233,88884,6,3651,2,7200,1.00164338537
85257,85263,89107,6,3844,2,7200,1.00156087409
85272,85278,88858,6,3580,2,7200,1.00167597765
85323,85329,88792,6,3463,2,7200,1.00173260179
85359,85365,89139,6,3774,2,7200,1.00158982512
85374,85380,88557,6,3177,2,7200,1.00188857413
85555,85562,88734,7,3172,2,7200,1.00220680958
85912,85918,88997,6,3079,2,7200,1.00194868464
86032,86039,89938,7,3899,2,7200,1.00179533214
86156,86162,89916,6,3754,2,7200,1.00159829515
86376,86382,89757,6,3375,2,7200,1.00177777778
86808,86814,90471,6,3657,2,7200,1.00164068909
86859,86865,90808,6,3943,2,7200,1.001521684
86959,86966,90208,7,3242,2,7200,1.00215916101
87121,87127,90822,6,3695,2,7200,1.00162381597
87148,87155,90805,7,3650,2,7200,1.00191780822
87178,87184,90380,6,3196,2,7200,1.00187734668
87392,87399,91156,7,3757,2,7200,1.00186318871
87495,87501,90978,6,3477,2,7200,1.00172562554
87510,87516,91220,6,3704,2,7200,1.00161987041
87528,87534,91282,6,3748,2,7200,1.00160085379
87529,87541,91307,12,3766,2,7200,1.00318640467
87575,87581,91172,6,3591,2,7200,1.00167084378
87590,87596,91285,6,3689,2,7200,1.00162645703
87768,87774,91882,6,4108,2,7200,1.00146056475
87813,87819,91335,6,3516,2,7200,1.00170648464
87846,87852,90962,6,3110,2,7200,1.00192926045
87847,87859,91487,12,3628,2,7200,1.0033076075
87869,87875,91085,6,3210,2,7200,1.00186915888
87908,87914,91614,6,3700,2,7200,1.00162162162
87922,87929,91378,7,3449,2,7200,1.00202957379
87937,87944,91608,7,3664,2,7200,1.00191048035
88007,88014,91625,7,3611,2,7200,1.00193852119
88022,88029,91236,7,3207,2,7200,1.00218272529
88037,88043,91822,6,3779,2,7200,1.00158772162
88038,88051,91823,13,3772,2,7200,1.00344644751
88071,88077,91761,6,3684,2,7200,1.0016286645
88086,88092,91564,6,3472,2,7200,1.0017281106
88087,88098,91727,11,3629,2,7200,1.00303113805
88103,88109,91705,6,3596,2,7200,1.00166852058
88104,88116,91817,12,3701,2,7200,1.00324236693
88106,88122,91623,16,3501,2,7200,1.00457012282
88127,88133,91115,6,2982,2,7200,1.00201207243
88141,88148,91808,7,3660,2,7200,1.00191256831
88162,88169,91775,7,3606,2,7200,1.0019412091
88177,88184,91727,7,3543,2,7200,1.00197572679
88219,88226,91392,7,3166,2,7200,1.00221099179
88268,88274,92178,6,3904,2,7200,1.00153688525
88367,88373,91970,6,3597,2,7200,1.00166805671
88382,88388,92212,6,3824,2,7200,1.00156903766
88397,88403,91891,6,3488,2,7200,1.00172018349
88412,88418,91565,6,3147,2,7200,1.00190657769
88427,88433,92188,6,3755,2,7200,1.00159786951
88493,88499,92028,6,3529,2,7200,1.00170019836
88508,88514,92360,6,3846,2,7200,1.0015600624
88523,88529,92016,6,3487,2,7200,1.0017206768
88525,88536,92210,11,3674,2,7200,1.00299401198
88540,88546,92239,6,3693,2,7200,1.00162469537
88561,88567,92455,6,3888,2,7200,1.00154320988
88582,88589,92275,7,3686,2,7200,1.00189907759
88605,88612,92196,7,3584,2,7200,1.001953125
88635,88642,92058,7,3416,2,7200,1.00204918033
88715,88721,92444,6,3723,2,7200,1.00161160355
88732,88738,92328,6,3590,2,7200,1.00167130919
88747,88754,92666,7,3912,2,7200,1.00178936605
88749,88760,92623,11,3863,2,7200,1.00284752783
88785,88791,92463,6,3672,2,7200,1.00163398693
88800,88806,92105,6,3299,2,7200,1.00181873295
88839,88846,92300,7,3454,2,7200,1.00202663578
88860,88866,92706,6,3840,2,7200,1.0015625
88887,88893,91914,6,3021,2,7200,1.00198609732
88938,88945,92767,7,3822,2,7200,1.00183150183
88966,88972,92115,6,3143,2,7200,1.00190900414
88999,89005,92821,6,3816,2,7200,1.00157232704
89000,89011,92546,11,3535,2,7200,1.00311173975
89021,89027,92406,6,3379,2,7200,1.00177567328
89109,89115,92755,6,3640,2,7200,1.00164835165
89142,89148,92650,6,3502,2,7200,1.00171330668
89758,89764,93191,6,3427,2,7200,1.00175080245
89917,89924,93970,7,4046,2,7200,1.00173010381
89941,89948,93340,7,3392,2,7200,1.00206367925
90210,90216,94158,6,3942,2,7200,1.00152207002
90382,90388,94081,6,3693,2,7200,1.00162469537
90472,90478,94015,6,3537,2,7200,1.00169635284
90807,90813,94189,6,3376,2,7200,1.00177725118
90822,90828,94675,6,3847,2,7200,1.00155965688
90837,90843,94454,6,3611,2,7200,1.00166158959
90964,90969,94812,5,3843,2,7200,1.00130106687
90979,90985,94037,6,3052,2,7200,1.00196592398
91087,91093,94027,6,2934,2,7200,1.00204498978
91117,91123,94721,6,3598,2,7200,1.00166759311
91159,91165,94741,6,3576,2,7200,1.00167785235
91174,91180,94932,6,3752,2,7200,1.00159914712
91222,91229,94119,7,2890,2,7200,1.00242214533
91237,91243,94941,6,3698,2,7200,1.00162249865
91285,91292,94433,7,3141,2,7200,1.00222858962
91287,91298,95028,11,3730,2,7200,1.00294906166
91308,91314,95159,6,3845,2,7200,1.00156046814
91338,91344,95000,6,3656,2,7200,1.00164113786
91380,91386,94945,6,3559,2,7200,1.00168586682
91395,91401,95457,6,4056,2,7200,1.00147928994
91488,91494,94643,6,3149,2,7200,1.00190536678
91567,91573,95266,6,3693,2,7200,1.00162469537
91568,91580,95574,12,3994,2,7200,1.00300450676
91611,91617,95221,6,3604,2,7200,1.00166481687
91628,91634,95242,6,3608,2,7200,1.00166297118
91629,91640,95170,11,3530,2,7200,1.00311614731
91631,91646,95370,15,3724,2,7200,1.00402792696
91706,91712,95664,6,3952,2,7200,1.00151821862
91730,91737,95371,7,3634,2,7200,1.00192625206
91732,91743,95213,11,3470,2,7200,1.00317002882
91762,91768,95108,6,3340,2,7200,1.00179640719
91777,91783,95771,6,3988,2,7200,1.00150451354
91810,91816,95074,6,3258,2,7200,1.00184162063
91825,91832,95650,7,3818,2,7200,1.00183342064
91827,91838,95310,11,3472,2,7200,1.00316820276
91828,91844,95065,16,3221,2,7200,1.00496740143
91885,91892,95621,7,3729,2,7200,1.00187717887
91900,91906,95288,6,3382,2,7200,1.00177409817
91915,91921,95904,6,3983,2,7200,1.00150640221
91973,91979,95550,6,3571,2,7200,1.00168020162
92018,92024,96007,6,3983,2,7200,1.00150640221
92033,92039,95441,6,3402,2,7200,1.00176366843
92060,92067,95855,7,3788,2,7200,1.00184794087
92108,92114,95968,6,3854,2,7200,1.00155682408
92123,92130,95440,7,3310,2,7200,1.00211480363
92180,92187,95471,7,3284,2,7200,1.00213154689
92195,92201,95732,6,3531,2,7200,1.00169923534
92210,92217,95752,7,3535,2,7200,1.00198019802
92212,92223,95929,11,3706,2,7200,1.00296815974
92227,92234,95989,7,3755,2,7200,1.00186418109
92242,92248,95542,6,3294,2,7200,1.00182149362
92278,92284,95977,6,3693,2,7200,1.00162469537
92302,92308,95589,6,3281,2,7200,1.00182871076
92329,92335,95975,6,3640,2,7200,1.00164835165
92362,92368,96159,6,3791,2,7200,1.00158269586
92407,92413,95740,6,3327,2,7200,1.00180342651
92446,92453,95802,7,3349,2,7200,1.00209017617
92461,92468,96212,7,3744,2,7200,1.00186965812
92477,92483,96162,6,3679,2,7200,1.00163087796
92549,92556,96016,7,3460,2,7200,1.00202312139
92625,92631,95662,6,3031,2,7200,1.0019795447
92651,92658,96096,7,3438,2,7200,1.00203606748
92669,92675,96180,6,3505,2,7200,1.00171184023
92708,92715,95933,7,3218,2,7200,1.00217526414
92757,92763,96472,6,3709,2,7200,1.00161768671
92772,92778,96434,6,3656,2,7200,1.00164113786
92823,92829,96699,6,3870,2,7200,1.0015503876
93194,93200,96622,6,3422,2,7200,1.00175336061
93342,93349,97038,7,3689,2,7200,1.00189753321
93973,93979,97574,6,3595,2,7200,1.0016689847
94015,94022,97091,7,3069,2,7200,1.00228087325
94030,94036,97580,6,3544,2,7200,1.00169300226
94045,94051,97933,6,3882,2,7200,1.00154559505
94084,94091,97861,7,3770,2,7200,1.00185676393
94120,94126,97673,6,3547,2,7200,1.00169157034
94159,94165,97728,6,3563,2,7200,1.00168397418
94192,94198,97416,6,3218,2,7200,1.00186451212
94433,94439,97771,6,3332,2,7200,1.00180072029
94454,94460,98087,6,3627,2,7200,1.00165425972
94644,94650,97952,6,3302,2,7200,1.00181708056
94677,94683,98312,6,3629,2,7200,1.00165334803
94719,94726,98045,7,3319,2,7200,1.002109069
94744,94750,98127,6,3377,2,7200,1.0017767249
94816,94822,98684,6,3862,2,7200,1.00155359917
94933,94940,98192,7,3252,2,7200,1.00215252153
94949,94955,98491,6,3536,2,7200,1.00169683258
94950,94962,98078,12,3116,2,7200,1.00385109114
95001,95007,98020,6,3013,2,7200,1.00199137073
95031,95039,98763,8,3724,2,7200,1.00214822771
95068,95074,98909,6,3835,2,7200,1.00156453716
95083,95089,98350,6,3261,2,7200,1.0018399264
95110,95116,98645,6,3529,2,7200,1.00170019836
95161,95167,98559,6,3392,2,7200,1.00176886792
95176,95182,99005,6,3823,2,7200,1.00156944808
95215,95222,98342,7,3120,2,7200,1.00224358974
95230,95236,98897,6,3661,2,7200,1.00163889648
95245,95251,98923,6,3672,2,7200,1.00163398693
95269,95275,99014,6,3739,2,7200,1.00160470714
95290,95296,98750,6,3454,2,7200,1.00173711639
95311,95317,98961,6,3644,2,7200,1.00164654226
95371,95377,99017,6,3640,2,7200,1.00164835165
95386,95392,99048,6,3656,2,7200,1.00164113786
95444,95450,99331,6,3881,2,7200,1.0015459933
95445,95457,99221,12,3764,2,7200,1.00318809777
95460,95466,99214,6,3748,2,7200,1.00160085379
95475,95481,98816,6,3335,2,7200,1.00179910045
95545,95551,99087,6,3536,2,7200,1.00169683258
95559,95566,98690,7,3124,2,7200,1.00224071703
95577,95584,98893,7,3309,2,7200,1.00211544273
95592,95598,99056,6,3458,2,7200,1.001735107
95623,95630,98503,7,2873,2,7200,1.00243647755
95653,95659,99316,6,3657,2,7200,1.00164068909
95668,95675,99026,7,3351,2,7200,1.00208892868
95670,95681,99166,11,3485,2,7200,1.00315638451
95733,95739,98812,6,3073,2,7200,1.00195248942
95748,95754,99085,6,3331,2,7200,1.00180126088
95763,95769,99533,6,3764,2,7200,1.00159404888
95778,95784,99634,6,3850,2,7200,1.00155844156
95805,95811,98974,6,3163,2,7200,1.00189693329
95856,95862,99485,6,3623,2,7200,1.00165608612
95907,95913,99361,6,3448,2,7200,1.00174013921
95931,95937,99305,6,3368,2,7200,1.00178147268
95946,95952,99517,6,3565,2,7200,1.00168302945
95970,95976,99099,6,3123,2,7200,1.00192122959
95985,95991,99934,6,3943,2,7200,1.001521684
95987,95997,99762,10,3765,2,7200,1.0026560425
96002,96009,100012,7,4003,2,7200,1.00174868848
96017,96023,99432,6,3409,2,7200,1.00176004693
96018,96031,99561,13,3530,2,7200,1.00368271955
96099,96106,100139,7,4033,2,7200,1.00173568063
96160,96166,99283,6,3117,2,7200,1.00192492782
96175,96181,100089,6,3908,2,7200,1.00153531218
96189,96196,99750,7,3554,2,7200,1.00196961171
96214,96220,99991,6,3771,2,7200,1.0015910899
96270,96276,122145,6,25869,24,36000,1.00023193784
96435,96441,99547,6,3106,2,7200,1.00193174501
96474,96480,99451,6,2971,2,7200,1.00201952205
96625,96631,99616,6,2985,2,7200,1.00201005025
96700,96706,99853,6,3147,2,7200,1.00190657769
97041,97047,100570,6,3523,2,7200,1.00170309395
97092,97098,100661,6,3563,2,7200,1.00168397418
97419,97425,100783,6,3358,2,7200,1.00178677784
97575,97581,100842,6,3261,2,7200,1.0018399264
97590,97596,101078,6,3482,2,7200,1.00172314762
97674,97681,101045,7,3364,2,7200,1.00208085612
97729,97735,101654,6,3919,2,7200,1.00153100281
97774,97780,101371,6,3591,2,7200,1.00167084378
97864,97870,101368,6,3498,2,7200,1.00171526587
97936,97942,101404,6,3462,2,7200,1.00173310225
97954,97960,101839,6,3879,2,7200,1.00154679041
98023,98029,101600,6,3571,2,7200,1.00168020162
98047,98053,101360,6,3307,2,7200,1.00181433323
98080,98086,101240,6,3154,2,7200,1.00190234623
98095,98101,101322,6,3221,2,7200,1.00186277554
98128,98134,101887,6,3753,2,7200,1.00159872102
98194,98200,101968,6,3768,2,7200,1.00159235669
98315,98322,101807,7,3485,2,7200,1.00200860832
98342,98350,101308,8,2958,2,7200,1.00270453009
98357,98364,102094,7,3730,2,7200,1.0018766756
98493,98499,101565,6,3066,2,7200,1.00195694716
98508,98514,101946,6,3432,2,7200,1.00174825175
98562,98568,101680,6,3112,2,7200,1.00192802057
98608,144684,385798,46076,241114,1,432000,1.19109632788
98646,98654,102290,8,3636,2,7200,1.00220022002
98687,98693,102399,6,3706,2,7200,1.00161899622
98701,98708,102581,7,3873,2,7200,1.00180738446
98753,98759,102216,6,3457,2,7200,1.00173560891
98768,98774,102312,6,3538,2,7200,1.00169587337
98813,98819,102618,6,3799,2,7200,1.00157936299
98828,98834,102213,6,3379,2,7200,1.00177567328
98894,98900,102647,6,3747,2,7200,1.00160128102
98909,98915,102127,6,3212,2,7200,1.00186799502
98924,98930,102668,6,3738,2,7200,1.00160513644
98926,98937,102646,11,3709,2,7200,1.00296575896
98962,98968,102414,6,3446,2,7200,1.00174114916
98976,98984,102263,8,3279,2,7200,1.00243976822
99007,99013,102514,6,3501,2,7200,1.00171379606
99022,99028,102736,6,3708,2,7200,1.00161812298
99023,99035,102516,12,3481,2,7200,1.00344728526
99038,99046,102597,8,3551,2,7200,1.00225288651
99054,99060,102660,6,3600,2,7200,1.00166666667
99068,99076,102654,8,3578,2,7200,1.00223588597
99087,99093,102477,6,3384,2,7200,1.00177304965
99102,99108,102205,6,3097,2,7200,1.00193735873
99103,99115,102445,12,3330,2,7200,1.0036036036
99170,99176,102748,6,3572,2,7200,1.00167973124
99215,99221,102991,6,3770,2,7200,1.00159151194
99230,99236,102844,6,3608,2,7200,1.00166297118
99284,99291,103085,7,3794,2,7200,1.00184501845
99308,99315,102868,7,3553,2,7200,1.00197016606
99324,99331,103229,7,3898,2,7200,1.00179579271
99338,99345,102863,7,3518,2,7200,1.00198976691
99364,99370,102934,6,3564,2,7200,1.00168350168
99433,99439,103138,6,3699,2,7200,1.00162206002
99454,99460,103223,6,3763,2,7200,1.0015944725
99487,99493,102983,6,3490,2,7200,1.00171919771
99520,99526,103359,6,3833,2,7200,1.00156535351
99535,99541,103097,6,3556,2,7200,1.00168728909
99550,99556,103247,6,3691,2,7200,1.00162557572
99565,99571,103019,6,3448,2,7200,1.00174013921
99619,99625,103391,6,3766,2,7200,1.00159320234
99634,99640,102720,6,3080,2,7200,1.00194805195
99752,99758,103071,6,3313,2,7200,1.00181104739
99767,99773,103284,6,3511,2,7200,1.00170891484
99855,99861,103046,6,3185,2,7200,1.00188383046
99937,99943,102979,6,3036,2,7200,1.00197628458
99992,99998,103692,6,3694,2,7200,1.00162425555
100013,100019,103528,6,3509,2,7200,1.00170988886
100092,100098,103600,6,3502,2,7200,1.00171330668
100143,100151,103813,8,3662,2,7200,1.00218459858
100572,100578,104368,6,3790,2,7200,1.00158311346
100663,100669,104736,6,4067,2,7200,1.00147528891
100786,100793,104423,7,3630,2,7200,1.00192837466
100844,100851,104265,7,3414,2,7200,1.00205038079
101046,101052,104406,6,3354,2,7200,1.00178890877
101079,101085,104700,6,3615,2,7200,1.00165975104
101242,101248,105032,6,3784,2,7200,1.00158562368
101311,101318,105052,7,3734,2,7200,1.00187466524
101326,101332,104801,6,3469,2,7200,1.00172960507
101362,101368,104864,6,3496,2,7200,1.00171624714
101377,101383,104989,6,3606,2,7200,1.00166389351
101378,101389,105413,11,4024,2,7200,1.00273359841
101406,101412,105413,6,4001,2,7200,1.00149962509
101566,101572,105390,6,3818,2,7200,1.0015715034
101602,101609,105246,7,3637,2,7200,1.00192466318
101656,101662,105186,6,3524,2,7200,1.00170261067
101680,101686,105110,6,3424,2,7200,1.00175233645
101810,101816,104944,6,3128,2,7200,1.00191815857
101840,101846,105049,6,3203,2,7200,1.00187324383
101888,101894,105579,6,3685,2,7200,1.00162822252
101949,101955,105839,6,3884,2,7200,1.00154479918
101970,101976,104998,6,3022,2,7200,1.00198544011
102031,102039,123414,8,21375,1,36000,1.00037426901
102096,102103,105345,7,3242,2,7200,1.00215916101
102129,102135,105717,6,3582,2,7200,1.00167504188
102208,102214,105996,6,3782,2,7200,1.00158646219
102223,102229,106138,6,3909,2,7200,1.00153491942
102224,102235,105653,11,3418,2,7200,1.00321825629
102266,102273,106156,7,3883,2,7200,1.00180272985
102293,102300,105730,7,3430,2,7200,1.00204081633
102315,102321,106148,6,3827,2,7200,1.00156780768
102402,102408,105766,6,3358,2,7200,1.00178677784
102417,102423,105973,6,3550,2,7200,1.00169014085
102447,102453,106251,6,3798,2,7200,1.00157977883
102480,102486,106104,6,3618,2,7200,1.00165837479
102517,102523,106105,6,3582,2,7200,1.00167504188
102518,102530,106071,12,3541,2,7200,1.0033888732
102584,102590,106254,6,3664,2,7200,1.00163755459
102599,102605,106191,6,3586,2,7200,1.00167317345
102620,102628,106189,8,3561,2,7200,1.00224655996
102648,102654,106738,6,4084,2,7200,1.00146914789
102649,102661,106343,12,3682,2,7200,1.00325909832
102665,102671,105931,6,3260,2,7200,1.0018404908
102666,102677,106406,11,3729,2,7200,1.00294985251
102683,102689,106434,6,3745,2,7200,1.00160213618
102722,102728,106949,6,4221,2,7200,1.00142146411
102737,102743,106194,6,3451,2,7200,1.00173862649
102752,102758,105965,6,3207,2,7200,1.00187090739
102846,102852,106405,6,3553,2,7200,1.00168871376
102864,102871,106287,7,3416,2,7200,1.00204918033
102879,102885,106712,6,3827,2,7200,1.00156780768
102936,102942,106674,6,3732,2,7200,1.00160771704
102982,102988,106403,6,3415,2,7200,1.00175695461
102997,103004,106581,7,3577,2,7200,1.00195694716
102998,103010,106096,12,3086,2,7200,1.00388852884
103023,103030,106907,7,3877,2,7200,1.00180551973
103048,103056,106202,8,3146,2,7200,1.00254291163
103072,103079,106161,7,3082,2,7200,1.00227125243
103087,103093,106321,6,3228,2,7200,1.00185873606
103102,103109,106822,7,3713,2,7200,1.00188526798
103139,103145,106571,6,3426,2,7200,1.00175131349
103224,103230,106288,6,3058,2,7200,1.00196206671
103240,103247,107069,7,3822,2,7200,1.00183150183
103255,103261,106426,6,3165,2,7200,1.0018957346
103282,103288,107063,6,3775,2,7200,1.00158940397
103360,103367,106573,7,3206,2,7200,1.00218340611
103393,103399,106730,6,3331,2,7200,1.00180126088
103529,103536,106866,7,3330,2,7200,1.0021021021
103602,103608,107216,6,3608,2,7200,1.00166297118
103695,103701,107077,6,3376,2,7200,1.00177725118
103815,103821,107293,6,3472,2,7200,1.0017281106
104268,104274,107758,6,3484,2,7200,1.00172215844
104370,104376,108034,6,3658,2,7200,1.00164024057
104407,104413,108119,6,3706,2,7200,1.00161899622
104425,104431,108046,6,3615,2,7200,1.00165975104
104703,104709,108661,6,3952,2,7200,1.00151821862
104739,104745,108083,6,3338,2,7200,1.00179748352
104802,104810,108353,8,3543,2,7200,1.00225797347
104866,104872,108525,6,3653,2,7200,1.00164248563
104947,104953,108467,6,3514,2,7200,1.00170745589
104989,104995,108249,6,3254,2,7200,1.00184388445
105004,105010,108826,6,3816,2,7200,1.00157232704
105034,105040,108890,6,3850,2,7200,1.00155844156
105052,105058,108890,6,3832,2,7200,1.001565762
105054,105064,108989,10,3925,2,7200,1.0025477707
105111,105117,109173,6,4056,2,7200,1.00147928994
105189,105195,108938,6,3743,2,7200,1.00160299225
105250,105256,109123,6,3867,2,7200,1.00155159038
105346,105352,109014,6,3662,2,7200,1.00163844894
105391,105399,109134,8,3735,2,7200,1.00214190094
105416,105422,109029,6,3607,2,7200,1.00166343222
105417,105429,108705,12,3276,2,7200,1.00366300366
105580,105588,109216,8,3628,2,7200,1.00220507166
105656,105662,109153,6,3491,2,7200,1.00171870524
105719,105725,109674,6,3949,2,7200,1.00151937199
105734,105740,109224,6,3484,2,7200,1.00172215844
105767,105774,109629,7,3855,2,7200,1.00181582361
105839,105846,109657,7,3811,2,7200,1.00183678824
105933,105939,109035,6,3096,2,7200,1.0019379845
105966,105972,109492,6,3520,2,7200,1.00170454545
105981,105987,109144,6,3157,2,7200,1.00190053849
105999,106006,109013,7,3007,2,7200,1.00232790156
106073,106080,109390,7,3310,2,7200,1.00211480363
106097,106104,110075,7,3971,2,7200,1.00176278016
106113,106119,109686,6,3567,2,7200,1.00168208579
106114,106125,109143,11,3018,2,7200,1.00364479788
106141,106147,109435,6,3288,2,7200,1.00182481752
106156,106162,109482,6,3320,2,7200,1.00180722892
106158,106169,109600,11,3431,2,7200,1.00320606237
106173,106179,109993,6,3814,2,7200,1.00157315155
106191,106197,110241,6,4044,2,7200,1.00148367953
106206,106213,109926,7,3713,2,7200,1.00188526798
106208,106220,110201,12,3981,2,7200,1.00301431801
106209,106225,109457,16,3232,2,7200,1.00495049505
106255,106262,109404,7,3142,2,7200,1.00222788033
106256,106269,109845,13,3576,2,7200,1.00363534676
106290,106296,109558,6,3262,2,7200,1.00183936235
106291,106303,109700,12,3397,2,7200,1.0035325287
106322,106328,109989,6,3661,2,7200,1.00163889648
106346,106352,110001,6,3649,2,7200,1.00164428611
106406,106413,110486,7,4073,2,7200,1.00171863491
106408,106420,110381,12,3961,2,7200,1.003029538
106409,106425,109782,16,3357,2,7200,1.00476616026
106427,106433,110414,6,3981,2,7200,1.00150715901
106442,106448,110521,6,4073,2,7200,1.00147311564
106572,106578,110404,6,3826,2,7200,1.00156821746
106587,106593,109803,6,3210,2,7200,1.00186915888
106588,106599,110096,11,3497,2,7200,1.00314555333
106677,106683,110160,6,3477,2,7200,1.00172562554
106713,106720,109738,7,3018,2,7200,1.00231941683
106731,106744,110202,13,3458,2,7200,1.0037593985
106747,106753,110201,6,3448,2,7200,1.00174013921
106825,106831,110798,6,3967,2,7200,1.00151247794
106867,106873,110487,6,3614,2,7200,1.00166021029
106909,106916,110516,7,3600,2,7200,1.00194444444
106950,106956,110118,6,3162,2,7200,1.00189753321
107065,107072,110965,7,3893,2,7200,1.00179809915
107080,107086,110695,6,3609,2,7200,1.00166251039
107082,107094,110958,12,3864,2,7200,1.00310559006
107218,107224,110274,6,3050,2,7200,1.00196721311
107296,107302,111029,6,3727,2,7200,1.00160987389
107758,107765,111826,7,4061,2,7200,1.00172371337
108038,108044,111879,6,3835,2,7200,1.00156453716
108053,108059,111607,6,3548,2,7200,1.00169109357
108086,108093,111140,7,3047,2,7200,1.00229734165
108122,108128,111610,6,3482,2,7200,1.00172314762
108252,108258,111384,6,3126,2,7200,1.0019193858
108355,108361,111757,6,3396,2,7200,1.00176678445
108470,108476,112231,6,3755,2,7200,1.00159786951
108527,108533,112150,6,3617,2,7200,1.00165883329
108665,108671,112060,6,3389,2,7200,1.00177043376
108707,108713,112397,6,3684,2,7200,1.0016286645
108828,108834,112242,6,3408,2,7200,1.00176056338
108891,108897,112366,6,3469,2,7200,1.00172960507
108893,108905,112447,12,3542,2,7200,1.00338791643
108941,108947,112107,6,3160,2,7200,1.00189873418
108990,108997,112777,7,3780,2,7200,1.00185185185
109015,109021,112854,6,3833,2,7200,1.00156535351
109016,109027,111952,11,2925,2,7200,1.00376068376
109031,109037,111999,6,2962,2,7200,1.00202565834
109046,109052,112333,6,3281,2,7200,1.00182871076
109125,109131,112489,6,3358,2,7200,1.00178677784
109139,109145,112561,6,3416,2,7200,1.00175644028
109156,109162,112603,6,3441,2,7200,1.00174367916
109157,109169,112593,12,3424,2,7200,1.0035046729
109159,109175,113078,16,3903,2,7200,1.00409941071
109173,109181,112861,8,3680,2,7200,1.00217391304
109219,109225,112950,6,3725,2,7200,1.00161073826
109234,109240,112952,6,3712,2,7200,1.00161637931
109391,109397,113048,6,3651,2,7200,1.00164338537
109406,109412,113133,6,3721,2,7200,1.00161246977
109437,109443,113060,6,3617,2,7200,1.00165883329
109458,109464,113178,6,3714,2,7200,1.00161550889
109482,109488,113140,6,3652,2,7200,1.00164293538
109497,109503,113409,6,3906,2,7200,1.00153609831
109560,109567,113423,7,3856,2,7200,1.0018153527
109603,109609,112950,6,3341,2,7200,1.0017958695
109630,109636,113056,6,3420,2,7200,1.00175438596
109660,109666,112770,6,3104,2,7200,1.00193298969
109675,109681,113498,6,3817,2,7200,1.00157191512
109705,109711,113297,6,3586,2,7200,1.00167317345
109741,109748,112790,7,3042,2,7200,1.00230111769
109783,109790,113773,7,3983,2,7200,1.00175746924
109804,109811,113664,7,3853,2,7200,1.00181676616
109847,109853,113135,6,3282,2,7200,1.00182815356
109928,109935,113643,7,3708,2,7200,1.00188781014
109993,109999,113234,6,3235,2,7200,1.00185471406
110008,110014,113395,6,3381,2,7200,1.00177462289
110009,110020,113910,11,3890,2,7200,1.0028277635
110076,110082,113424,6,3342,2,7200,1.00179533214
110097,110104,113639,7,3535,2,7200,1.00198019802
110118,110125,113695,7,3570,2,7200,1.00196078431
110161,110167,113298,6,3131,2,7200,1.00191632066
110204,110210,113490,6,3280,2,7200,1.00182926829
110205,110217,113267,12,3050,2,7200,1.00393442623
110207,110222,114193,15,3971,2,7200,1.00377738605
110243,110249,113868,6,3619,2,7200,1.00165791655
110276,110282,113388,6,3106,2,7200,1.00193174501
110382,110388,113941,6,3553,2,7200,1.00168871376
110406,110412,114121,6,3709,2,7200,1.00161768671
110421,110427,113546,6,3119,2,7200,1.00192369349
110488,110493,114070,5,3577,2,7200,1.0013978194
110489,110499,114099,10,3600,2,7200,1.00277777778
110520,110526,113707,6,3181,2,7200,1.00188619931
110535,110541,114287,6,3746,2,7200,1.00160170849
110698,110704,114434,6,3730,2,7200,1.00160857909
110800,110807,114221,7,3414,2,7200,1.00205038079
110960,110967,114642,7,3675,2,7200,1.0019047619
110975,110981,114617,6,3636,2,7200,1.00165016502
111029,111036,114449,7,3413,2,7200,1.00205098154
111141,111147,114637,6,3490,2,7200,1.00171919771
111386,111392,114515,6,3123,2,7200,1.00192122959
111610,111617,114812,7,3195,2,7200,1.00219092332
111612,111624,115409,12,3785,2,7200,1.00317040951
111760,111766,115359,6,3593,2,7200,1.00166991372
111827,111832,115355,5,3523,2,7200,1.00141924496
111882,111888,115735,6,3847,2,7200,1.00155965688
111955,111961,115283,6,3322,2,7200,1.00180614088
112003,112009,115378,6,3369,2,7200,1.0017809439
112063,112069,115839,6,3770,2,7200,1.00159151194
112108,112114,115860,6,3746,2,7200,1.00160170849
112150,112157,115937,7,3780,2,7200,1.00185185185
112232,112238,116155,6,3917,2,7200,1.00153178453
112247,112253,115334,6,3081,2,7200,1.00194741967
112334,112341,115249,7,2908,2,7200,1.00240715268
112368,112374,115190,6,2816,2,7200,1.00213068182
112398,112404,116193,6,3789,2,7200,1.00158353127
112449,112455,115608,6,3153,2,7200,1.00190294957
112492,112498,116356,6,3858,2,7200,1.00155520995
112561,112567,116025,6,3458,2,7200,1.001735107
112594,112600,115424,6,2824,2,7200,1.00212464589
112609,112615,115888,6,3273,2,7200,1.00183318057
112772,112778,116142,6,3364,2,7200,1.00178359096
112787,112793,116144,6,3351,2,7200,1.0017905103
112802,112808,116009,6,3201,2,7200,1.00187441425
112856,112862,116711,6,3849,2,7200,1.00155884645
112871,112877,116140,6,3263,2,7200,1.00183879865
112953,112959,116881,6,3922,2,7200,1.00152983172
112954,112965,116640,11,3675,2,7200,1.00299319728
112956,112971,116523,15,3552,2,7200,1.00422297297
113049,113056,116522,7,3466,2,7200,1.00201961916
113065,113071,116366,6,3295,2,7200,1.00182094082
113066,113078,116679,12,3601,2,7200,1.00333240766
113081,113087,116825,6,3738,2,7200,1.00160513644
113135,113142,116799,7,3657,2,7200,1.00191413727
113137,113148,116855,11,3707,2,7200,1.00296735905
113152,113158,116853,6,3695,2,7200,1.00162381597
113179,113185,116643,6,3458,2,7200,1.001735107
113236,113242,116904,6,3662,2,7200,1.00163844894
113269,113275,116771,6,3496,2,7200,1.00171624714
113300,113306,116922,6,3616,2,7200,1.00165929204
113301,113313,117236,12,3923,2,7200,1.00305888351
113389,113395,117045,6,3650,2,7200,1.00164383562
113404,113410,117283,6,3873,2,7200,1.00154918668
113418,113425,117188,7,3763,2,7200,1.00186021791
113433,113440,116545,7,3105,2,7200,1.00225442834
113435,113447,117045,12,3598,2,7200,1.00333518621
113492,113499,116643,7,3144,2,7200,1.0022264631
113507,113514,117149,7,3635,2,7200,1.00192572215
113550,113556,117337,6,3781,2,7200,1.00158688178
113640,113646,116503,6,2857,2,7200,1.00210010501
113655,113662,117045,7,3383,2,7200,1.00206916938
113670,113676,116807,6,3131,2,7200,1.00191632066
113697,113703,117720,6,4017,2,7200,1.00149365198
113712,113718,117361,6,3643,2,7200,1.00164699424
113775,113782,116866,7,3084,2,7200,1.00226977951
113869,113876,117123,7,3247,2,7200,1.00215583616
113911,113917,117415,6,3498,2,7200,1.00171526587
113945,113951,117725,6,3774,2,7200,1.00158982512
114071,114078,117616,7,3538,2,7200,1.00197851894
114101,114108,117404,7,3296,2,7200,1.00212378641
114122,114129,117589,7,3460,2,7200,1.00202312139
114195,114201,117934,6,3733,2,7200,1.00160728636
114222,114228,118164,6,3936,2,7200,1.00152439024
114288,114294,118007,6,3713,2,7200,1.00161594398
114436,114442,118248,6,3806,2,7200,1.00157645822
114451,114457,118343,6,3886,2,7200,1.00154400412
114517,114525,118332,8,3807,2,7200,1.00210139217
114620,114626,118064,6,3438,2,7200,1.0017452007
114638,114644,118398,6,3754,2,7200,1.00159829515
114653,114659,118324,6,3665,2,7200,1.00163710778
114813,114819,118097,6,3278,2,7200,1.00183038438
115191,115197,119038,6,3841,2,7200,1.0015620932
115251,115258,118630,7,3372,2,7200,1.00207591934
115285,115291,118799,6,3508,2,7200,1.00171037628
115336,115342,118679,6,3337,2,7200,1.00179802218
115357,115363,118980,6,3617,2,7200,1.00165883329
115358,115369,118874,11,3505,2,7200,1.00313837375
115379,115387,119200,8,3813,2,7200,1.0020980855
115410,115416,118423,6,3007,2,7200,1.0019953442
115425,115431,118994,6,3563,2,7200,1.00168397418
115609,115615,119123,6,3508,2,7200,1.00171037628
115739,115744,119082,5,3338,2,7200,1.00149790294
115841,115847,119670,6,3823,2,7200,1.00156944808
115862,115869,119586,7,3717,2,7200,1.00188323917
115890,115896,119297,6,3401,2,7200,1.001764187
115938,115944,119520,6,3576,2,7200,1.00167785235
116010,116017,119136,7,3119,2,7200,1.00224430907
116025,116031,119381,6,3350,2,7200,1.00179104478
116144,116150,119400,6,3250,2,7200,1.00184615385
116145,116157,120087,12,3930,2,7200,1.00305343511
116161,116166,119824,5,3658,2,7200,1.00136686714
116162,116173,119116,11,2943,2,7200,1.00373768264
116195,116201,119937,6,3736,2,7200,1.00160599572
116417,116423,120265,6,3842,2,7200,1.00156168662
116419,116430,119955,11,3525,2,7200,1.00312056738
116504,116510,120264,6,3754,2,7200,1.00159829515
116526,116533,119839,7,3306,2,7200,1.00211736237
116527,116539,119907,12,3368,2,7200,1.00356294537
116548,116554,119750,6,3196,2,7200,1.00187734668
116642,116648,120450,6,3802,2,7200,1.00157811678
116657,116664,120157,7,3493,2,7200,1.00200400802
116658,116671,120501,13,3830,2,7200,1.00339425587
116682,116689,120175,7,3486,2,7200,1.00200803213
116713,116719,120723,6,4004,2,7200,1.0014985015
116773,116779,120214,6,3435,2,7200,1.00174672489
116800,116806,120580,6,3774,2,7200,1.00158982512
116815,116822,120273,7,3451,2,7200,1.00202839757
116830,116836,120724,6,3888,2,7200,1.00154320988
116855,116861,120132,6,3271,2,7200,1.00183430144
116870,116876,120527,6,3651,2,7200,1.00164338537
116871,116883,120456,12,3573,2,7200,1.00335852225
116886,116892,119900,6,3008,2,7200,1.00199468085
116907,116913,120787,6,3874,2,7200,1.00154878678
116925,116931,120646,6,3715,2,7200,1.00161507402
117047,117053,120744,6,3691,2,7200,1.00162557572
117048,117059,120683,11,3624,2,7200,1.00303532009
117050,117065,120961,15,3896,2,7200,1.00385010267
117125,117131,120435,6,3304,2,7200,1.00181598063
117150,117156,120802,6,3646,2,7200,1.00164563906
117189,117195,120567,6,3372,2,7200,1.00177935943
117237,117245,121186,8,3941,2,7200,1.00202994164
117261,144603,214561,27342,69958,10,86400,1.3908345007
117286,117292,120930,6,3638,2,7200,1.00164925783
117340,117346,121294,6,3948,2,7200,1.00151975684
117364,117371,120614,7,3243,2,7200,1.00215849522
117407,117413,121247,6,3834,2,7200,1.00156494523
117422,117428,121119,6,3691,2,7200,1.00162557572
117591,117598,121495,7,3897,2,7200,1.00179625353
117618,117624,121124,6,3500,2,7200,1.00171428571
117721,117727,120701,6,2974,2,7200,1.00201748487
117736,117742,121418,6,3676,2,7200,1.00163220892
117935,117942,121719,7,3777,2,7200,1.00185332274
118008,118014,121386,6,3372,2,7200,1.00177935943
118065,118072,122055,7,3983,2,7200,1.00175746924
118098,118104,121567,6,3463,2,7200,1.00173260179
118165,118170,121436,5,3266,2,7200,1.00153092468
118249,118255,121221,6,2966,2,7200,1.0020229265
118325,118331,121635,6,3304,2,7200,1.00181598063
118340,118346,121701,6,3355,2,7200,1.00178837556
118355,118361,121446,6,3085,2,7200,1.00194489465
118400,118406,121597,6,3191,2,7200,1.00188028831
118424,118430,121808,6,3378,2,7200,1.00177619893
118633,118639,122189,6,3550,2,7200,1.00169014085
118681,118687,122565,6,3878,2,7200,1.00154718927
118804,118810,122259,6,3449,2,7200,1.00173963468
118876,118884,122561,8,3677,2,7200,1.0021756867
118982,118989,126297,7,7308,2,7200,1.00095785441
118997,119003,126375,6,7372,2,7200,1.0008138904
119039,119046,122431,7,3385,2,7200,1.00206794682
119084,119091,122575,7,3484,2,7200,1.00200918485
119118,119124,122312,6,3188,2,7200,1.00188205772
119133,119141,122917,8,3776,2,7200,1.00211864407
119148,119155,123099,7,3944,2,7200,1.00177484787
119203,119209,122664,6,3455,2,7200,1.0017366136
119300,119306,123371,6,4065,2,7200,1.00147601476
119384,119390,123208,6,3818,2,7200,1.0015715034
119402,119409,122938,7,3529,2,7200,1.00198356475
120651,144598,153457,23947,8859,10,10800,3.70312676374
120852,144711,314611,23859,169900,1,252000,1.14042966451
120884,144717,325458,23833,180741,1,252000,1.13186272069
120894,144722,326002,23828,181280,1,252000,1.13144307149
120902,120908,124102,6,3194,10,7200,1.00187852223
120910,144727,312129,23817,167402,1,252000,1.14227428585
120920,144733,324207,23813,179474,1,252000,1.13268217123
120928,144738,320159,23810,175421,1,252000,1.13573061378
120936,144744,322425,23808,177681,1,252000,1.13399294241
120945,144749,318454,23804,173705,1,252000,1.13703693043
120971,144755,321778,23784,177023,1,252000,1.13435542274
120978,144760,324506,23782,179746,1,252000,1.13230892482
120985,144766,312837,23781,168071,1,252000,1.14149377346
120991,120999,122198,8,1199,12,14400,1.00667222686
120993,144771,317302,23778,172531,1,252000,1.13781871084
120999,144777,313647,23778,168870,1,252000,1.14080653757
121006,144782,322555,23776,177773,1,252000,1.13374359436
121013,144787,320926,23774,176139,1,252000,1.1349729475
121020,144793,311446,23773,166653,1,252000,1.14264969728
121029,144798,322440,23769,177642,1,252000,1.1338028169
121042,144804,314435,23762,169631,1,252000,1.14008052773
121067,121074,126390,7,5316,12,14400,1.00131677953
121110,121117,121120,7,3,6,432000,1.0
121160,121166,122238,6,1072,12,14400,1.00559701493
121682,144678,164743,22996,20065,4,144000,2.14607525542
121930,121936,122930,6,994,20,10799,1.0060362173
122817,122823,123730,6,907,1,1500,1.00661521499
123212,144689,149501,21477,4812,1,18000,5.46321695761
123273,144695,149329,21422,4634,1,18000,5.62278808804
143670,144869,145262,1199,393,1,3540,4.05089058524
143670,144880,145272,1210,392,1,3540,4.08673469388
143670,144831,145913,1161,1082,1,3540,2.073012939
143670,144662,153402,992,8740,10,14400,1.11350114416
143670,144673,147877,1003,3204,10,7200,1.31304619226
143670,144635,159046,965,14411,12,14400,1.0669627368
143670,144630,159046,960,14416,12,14400,1.06659267481
143670,144907,149018,1237,4111,1,18000,1.30090002432
143670,144875,145239,1205,364,1,3540,4.31043956044
143670,144815,216816,1145,72001,2,72000,1.01590255691
143670,144864,145238,1194,374,1,3540,4.19251336898
143670,144842,145047,1172,205,1,3540,6.71707317073
143670,144886,145168,1216,282,1,3540,5.31205673759
143670,144809,144896,1139,87,4,3540,14.091954023
143670,144657,145218,987,561,10,7200,2.75935828877
143670,144836,144981,1166,145,1,3540,9.04137931034
143670,144902,144999,1232,97,1,3540,13.7010309278
143670,144825,145020,1155,195,1,3540,6.92307692308
143670,144667,144975,997,308,10,7200,4.23701298701
143670,144853,145044,1183,191,1,3540,7.19371727749
143670,144847,145070,1177,223,1,3540,6.27802690583
143670,144858,145085,1188,227,1,3540,6.23348017621
143670,144891,145097,1221,206,1,3540,6.92718446602
143670,144896,145029,1226,133,1,3540,10.2180451128
143670,144641,151977,971,7336,12,14400,1.13236095965
143842,143848,143853,6,5,20,3600,1.1
143844,143855,143860,11,5,20,3600,1.6
143845,143861,143865,16,4,20,3600,2.0
143846,143866,143871,20,5,20,3600,2.5
143847,143871,143876,24,5,20,3600,2.9
143848,143877,143881,29,4,20,3600,3.3
144234,144576,163852,342,19276,24,28800,1.01774227018
144338,144625,221525,287,76900,6,86400,1.00373211964
144395,144646,190491,251,45845,6,86400,1.00547497001
144451,144651,186831,200,42180,6,86400,1.00474158369
144573,144914,144915,341,1,1,240,34.2
144577,163864,183054,19287,19190,24,28800,2.005054716
146041,146047,147849,6,1802,5,1800,1.00332963374
146294,146300,159833,6,13533,2,43200,1.00044336067
146353,146359,167457,6,21098,2,43200,1.00028438715
146632,146638,146665,6,27,1,1740,1.22222222222
146769,146775,154374,6,7599,2,14400,1.00078957758
146804,146811,148019,7,1208,1,1740,1.00579470199
146871,146877,150183,6,3306,2,7200,1.00181488203
146872,146883,150373,11,3490,2,7200,1.00315186246
146874,146888,150380,14,3492,2,7200,1.0040091638
146875,146894,150092,19,3198,2,7200,1.00594121326
146876,146899,149867,23,2968,2,7200,1.00774932615
146878,146905,150883,27,3978,2,7200,1.00678733032
146879,146911,150294,32,3383,2,7200,1.00945906001
146880,146916,150490,36,3574,2,7200,1.01007274762
146882,146922,150717,40,3795,2,7200,1.01054018445
146883,146927,150780,44,3853,2,7200,1.01141967298
146885,146933,150401,48,3468,2,7200,1.01384083045
146886,146938,150737,52,3799,2,7200,1.01368781258
146887,146943,150787,56,3844,2,7200,1.01456815817
146889,146949,150781,60,3832,2,7200,1.01565762004
146890,146954,150382,64,3428,2,7200,1.0186697783
146892,146960,150013,68,3053,2,7200,1.02227317393
146893,146965,150264,72,3299,2,7200,1.02182479539
146894,146970,150694,76,3724,2,7200,1.02040816327
146896,146976,150723,80,3747,2,7200,1.02135041366
146897,146981,150569,84,3588,2,7200,1.02341137124
146899,146986,150740,87,3754,2,7200,1.0231752797
146900,146992,150465,92,3473,2,7200,1.02649006623
146901,146997,150677,96,3680,2,7200,1.02608695652
146903,147002,150859,99,3857,2,7200,1.02566761732
146904,147008,150699,104,3691,2,7200,1.0281766459
146906,147013,150828,107,3815,2,7200,1.02804718218
146907,147019,150659,112,3640,2,7200,1.03076923077
146908,147024,151064,116,4040,2,7200,1.02871287129
146910,147030,150426,120,3396,2,7200,1.03533568905
146911,147035,150175,124,3140,2,7200,1.03949044586
146912,147040,151111,128,4071,2,7200,1.03144190617
146914,147046,150253,132,3207,2,7200,1.04115996258
146915,147051,150852,136,3801,2,7200,1.03578005788
146917,147057,150663,140,3606,2,7200,1.03882418192
146918,147062,150421,144,3359,2,7200,1.04286990176
146919,147067,150173,148,3106,2,7200,1.04764971024
146921,147073,150734,152,3661,2,7200,1.04151871073
146922,147078,150653,156,3575,2,7200,1.04363636364
146923,147083,150681,160,3598,2,7200,1.04446914953
146925,147089,150989,164,3900,2,7200,1.04205128205
146926,147094,150575,168,3481,2,7200,1.04826199368
146928,147099,150565,171,3466,2,7200,1.04933641085
146929,147105,150192,176,3087,2,7200,1.0570132815
146931,147110,150545,179,3435,2,7200,1.05211062591
146932,150025,153417,3093,3392,2,7200,1.91185141509
146933,150276,153797,3343,3521,2,7200,1.94944618006
146935,150394,153904,3459,3510,2,7200,1.98547008547
146936,150477,154019,3541,3542,2,7200,1.99971767363
146938,150557,154481,3619,3924,2,7200,1.92227319062
146939,150502,154160,3563,3658,2,7200,1.97402952433
146940,150507,154185,3567,3678,2,7200,1.96982055465
146942,150513,153810,3571,3297,2,7200,2.08310585381
146943,150518,153487,3575,2969,2,7200,2.20410912765
146945,150523,153834,3578,3311,2,7200,2.08064028994
146946,150529,154483,3583,3954,2,7200,1.90617096611
146947,150534,154157,3587,3623,2,7200,1.9900634833
146949,150539,153959,3590,3420,2,7200,2.04970760234
146950,150580,154341,3630,3761,2,7200,1.96516883807
146951,150671,153872,3720,3201,2,7200,2.16213683224
146953,150689,153912,3736,3223,2,7200,2.15916847657
146954,150705,154114,3751,3409,2,7200,2.10032267527
146956,150713,154425,3757,3712,2,7200,2.01212284483
146957,150735,154771,3778,4036,2,7200,1.9360753221
146959,150788,154676,3829,3888,2,7200,1.98482510288
146961,150749,154061,3788,3312,2,7200,2.14371980676
146962,150754,154395,3792,3641,2,7200,2.04147212304
146963,150759,154302,3796,3543,2,7200,2.07140841095
146965,150765,154458,3800,3693,2,7200,2.02897373409
146966,150770,154938,3804,4168,2,7200,1.91266794626
146968,150775,154457,3807,3682,2,7200,2.03394894079
147117,154966,159368,7849,4402,2,14400,2.78305315766
147166,150205,152120,3039,1915,10,7200,2.58694516971
147336,150210,151342,2874,1132,6,604800,3.53886925795
147637,151359,164121,3722,12762,8,57600,1.29164707726
147846,147852,147860,6,8,1,900,1.4
147850,147888,255894,38,108006,16,108000,1.00035183231
148321,151354,154546,3033,3192,10,7200,1.95018796992
148820,148826,150014,6,1188,1,1740,1.00505050505
149510,150781,158697,1271,7916,4,360060,1.16056088934
149996,152132,160281,2136,8149,4,144060,1.26211805129
150266,154971,155159,4705,188,2,14400,26.0265957447
150575,154977,155003,4402,26,2,7200,170.307692308
150597,153468,159697,2871,6229,20,10799,1.46090865307
150728,150795,154712,67,3917,2,7200,1.01710492724
150743,150801,153999,58,3198,2,7200,1.01813633521
150745,150839,153779,94,2940,2,7200,1.03197278912
150746,150871,154403,125,3532,2,7200,1.03539071348
150782,152137,155963,1355,3826,2,7200,1.35415577627
150784,152143,155136,1359,2993,2,7200,1.4540594721
150798,152148,155681,1350,3533,2,7200,1.38211151995
150831,152153,156049,1322,3896,2,7200,1.33932238193
150855,152159,156022,1304,3863,2,7200,1.33756148071
150870,152164,155806,1294,3642,2,7200,1.35529928611
150885,153429,156420,2544,2991,2,7200,1.85055165496
150990,153791,157519,2801,3728,2,7200,1.75134120172
151017,159105,165423,8088,6318,20,10799,2.28015194682
151065,153809,156705,2744,2896,2,7200,1.94751381215
151113,153884,157586,2771,3702,2,7200,1.74851431659
151224,159708,165316,8484,5608,20,10799,2.51283880171
151739,151989,152005,250,16,1,1790,16.625
152476,152484,152942,8,458,1,3600,1.01746724891
153420,153917,157069,497,3152,2,7200,1.15767766497
153489,153924,157854,435,3930,2,7200,1.1106870229
153781,154011,157266,230,3255,2,7200,1.07066052227
153798,154031,157491,233,3460,2,7200,1.06734104046
153813,154073,157159,260,3086,2,7200,1.0842514582
153837,154078,157191,241,3113,2,7200,1.07741728236
153873,154084,156983,211,2899,2,7200,1.07278371852
153906,154089,157991,183,3902,2,7200,1.04689902614
153921,154094,157500,173,3406,2,7200,1.05079271873
153960,154100,158010,140,3910,2,7200,1.0358056266
153999,154105,157551,106,3446,2,7200,1.0307603018
154020,154110,157461,90,3351,2,7200,1.02685765443
154062,154126,157313,64,3187,2,7200,1.02008158142
154116,154353,157765,237,3412,2,7200,1.06946072685
154158,154414,158030,256,3616,2,7200,1.07079646018
154173,154437,157685,264,3248,2,7200,1.08128078818
154188,154490,158291,302,3801,2,7200,1.07945277559
154305,154495,157844,190,3349,2,7200,1.05673335324
154344,154501,157816,157,3315,2,7200,1.04736048265
154398,154506,157932,108,3426,2,7200,1.03152364273
154413,154511,157482,98,2971,2,7200,1.03298552676
154427,154517,158004,90,3487,2,7200,1.02581015199
154460,154522,158113,62,3591,2,7200,1.01726538569
154462,154527,158150,65,3623,2,7200,1.01794093293
154483,154688,158294,205,3606,2,7200,1.05684969495
154497,154725,158426,228,3701,2,7200,1.06160497163
154679,154784,158199,105,3415,2,7200,1.03074670571
154715,154950,158909,235,3959,2,7200,1.05935842384
154774,154955,158307,181,3352,2,7200,1.05399761337
154940,154961,158455,21,3494,2,7200,1.00601030338
155139,155146,158410,7,3264,2,7200,1.00214460784
155684,155693,159098,9,3405,2,7200,1.00264317181
155807,156123,159341,316,3218,2,7200,1.09819763828
155966,156128,159537,162,3409,2,7200,1.04752126723
156023,156134,159838,111,3704,2,7200,1.02996760259
156050,156139,159807,89,3668,2,7200,1.02426390403
156421,156431,159745,10,3314,2,7200,1.00301750151
156707,156718,160472,11,3754,2,7200,1.00293020778
156983,157082,160121,99,3039,2,7200,1.03257650543
157070,157278,160824,208,3546,2,7200,1.05865764241
157160,157325,160826,165,3501,2,7200,1.0471293916
157193,157503,160451,310,2948,2,7200,1.10515603799
157268,157513,160530,245,3017,2,7200,1.08120649652
157316,157518,160426,202,2908,2,7200,1.06946354883
157390,157396,157528,6,132,4,1800,1.04545454545
157464,157524,161320,60,3796,2,7200,1.0158061117
157485,157529,160933,44,3404,2,7200,1.01292596945
157499,157535,161062,36,3527,2,7200,1.01020697477
157514,157542,161092,28,3550,2,7200,1.00788732394
157529,157598,160902,69,3304,2,7200,1.02088377724
157553,157697,161039,144,3342,2,7200,1.04308797127
157589,157777,161378,188,3601,2,7200,1.05220772008
157685,157856,161543,171,3687,2,7200,1.04637917006
157766,157861,161671,95,3810,2,7200,1.0249343832
157817,157867,161580,50,3713,2,7200,1.01346619984
157847,157872,161398,25,3526,2,7200,1.00709018718
157862,157879,161480,17,3601,2,7200,1.00472091086
157934,158023,161583,89,3560,2,7200,1.025
157994,158028,161349,34,3321,2,7200,1.01023788016
158009,158034,161248,25,3214,2,7200,1.0077784692
158024,158042,161961,18,3919,2,7200,1.00459300842
158039,158163,161788,124,3625,2,7200,1.03420689655
158114,158211,161928,97,3717,2,7200,1.02609631423
158153,158306,161878,153,3572,2,7200,1.0428331467
158201,158319,161248,118,2929,2,7200,1.0402867873
158294,158324,161661,30,3337,2,7200,1.00899011088
158296,158330,161405,34,3075,2,7200,1.01105691057
158310,158335,162336,25,4001,2,7200,1.00624843789
158413,158423,161898,10,3475,2,7200,1.00287769784
158428,158438,161809,10,3371,2,7200,1.00296647879
158458,158590,162395,132,3805,2,7200,1.0346911958
158913,158920,161900,7,2980,2,7200,1.00234899329
159099,159111,162784,12,3673,2,7200,1.00326708413
159343,159349,162751,6,3402,2,7200,1.00176366843
159539,159545,163021,6,3476,2,7200,1.00172612198
159747,159754,162947,7,3193,2,7200,1.00219229565
159810,159816,163618,6,3802,2,7200,1.00157811678
159839,159846,163939,7,4093,2,7200,1.00171023699
159851,159858,159860,7,2,2,3540,1.0
160122,160129,163499,7,3370,2,7200,1.00207715134
160265,160292,346993,27,186701,18,198000,1.00014461626
160430,160436,164284,6,3848,2,7200,1.00155925156
160453,160460,163901,7,3441,2,7200,1.00203429236
160474,160480,164185,6,3705,2,7200,1.0016194332
160531,160537,164283,6,3746,2,7200,1.00160170849
160826,160833,164742,7,3909,2,7200,1.00179073932
160828,160839,164124,11,3285,2,7200,1.00334855403
160903,160909,163981,6,3072,2,7200,1.001953125
160936,160942,164463,6,3521,2,7200,1.00170406135
161044,161050,164996,6,3946,2,7200,1.00152052712
161065,161071,164380,6,3309,2,7200,1.00181323663
161095,161101,165027,6,3926,2,7200,1.00152827305
161251,161257,164936,6,3679,2,7200,1.00163087796
161252,161264,164309,12,3045,2,7200,1.0039408867
161321,161360,165039,39,3679,2,7200,1.01060070671
161352,161390,164693,38,3303,2,7200,1.0115046927
161378,161418,165256,40,3838,2,7200,1.01042209484
161399,161491,165248,92,3757,2,7200,1.0244876231
161414,161595,165287,181,3692,2,7200,1.04902491874
161483,161600,164974,117,3374,2,7200,1.03467694132
161546,161605,165297,59,3692,2,7200,1.01598049837
161582,161611,165375,29,3764,2,7200,1.00770456961
161597,161821,165717,224,3896,2,7200,1.05749486653
161663,161889,165687,226,3798,2,7200,1.05950500263
161678,161910,165131,232,3221,2,7200,1.07202732071
161790,161915,165149,125,3234,2,7200,1.03865182437
161810,161920,165781,110,3861,2,7200,1.02849002849
161880,161926,165808,46,3882,2,7200,1.01184956208
161901,161931,164949,30,3018,2,7200,1.00994035785
161902,161936,164776,34,2840,2,7200,1.01197183099
161929,161942,165567,13,3625,2,7200,1.0035862069
161963,161972,165634,9,3662,2,7200,1.0024576734
162337,162960,166593,623,3633,2,7200,1.17148362235
162397,162965,166518,568,3553,2,7200,1.1598649029
162752,162971,166751,219,3780,2,7200,1.05793650794
162785,162976,166460,191,3484,2,7200,1.05482204363
162951,162981,166441,30,3460,2,7200,1.00867052023
163023,163870,167114,847,3244,2,7200,1.2610974106
163502,163875,167474,373,3599,2,7200,1.10363989997
163619,163881,167346,262,3465,2,7200,1.07561327561
163865,183067,202301,19202,19234,24,28800,1.99833627951
163902,163992,167425,90,3433,2,7200,1.02621613749
163941,164133,167450,192,3317,2,7200,1.05788362979
163983,164138,167329,155,3191,2,7200,1.0485741147
164127,164144,167777,17,3633,2,7200,1.00467932838
164188,164197,167694,9,3497,2,7200,1.00257363454
164284,164294,167947,10,3653,2,7200,1.00273747605
164285,164302,168163,17,3861,2,7200,1.0044030044
164309,164321,168087,12,3766,2,7200,1.00318640467
164381,164391,167691,10,3300,2,7200,1.00303030303
164398,164754,177805,356,13051,12,28800,1.02727760325
164466,164475,167967,9,3492,2,7200,1.00257731959
164569,165332,204210,763,38878,8,72000,1.01962549514
164578,168926,176762,4348,7836,8,72000,1.55487493619
164678,166437,169627,1759,3190,10,7200,1.55141065831
164695,164704,168698,9,3994,2,7200,1.00225338007
164743,164759,168160,16,3401,2,7200,1.00470449868
164779,164785,168290,6,3505,2,7200,1.00171184023
164799,165309,166425,510,1116,12,7200,1.45698924731
164902,165327,176280,425,10953,12,14400,1.03880215466
164938,164944,168226,6,3282,2,7200,1.00182815356
164953,164960,168122,7,3162,2,7200,1.00221378874
164977,164983,168724,6,3741,2,7200,1.00160384924
164983,165434,194236,451,28802,20,28800,1.01565863482
164998,165050,168914,52,3864,2,7200,1.01345755694
165028,165142,168568,114,3426,2,7200,1.03327495622
165043,165161,168347,118,3186,2,7200,1.03703703704
165133,165261,168751,128,3490,2,7200,1.03667621777
165151,165314,169081,163,3767,2,7200,1.04327050703
165250,165320,169257,70,3937,2,7200,1.01778003556
165265,165387,168759,122,3372,2,7200,1.03618030842
165289,165578,169106,289,3528,2,7200,1.08191609977
165303,165645,169246,342,3601,2,7200,1.09497361844
165379,165699,169216,320,3517,2,7200,1.09098663634
165568,165729,169462,161,3733,2,7200,1.04312885079
165631,166442,170266,811,3824,2,7200,1.21208158996
165688,166447,169609,759,3162,2,7200,1.24003795066
165718,166453,169690,735,3237,2,7200,1.22706209453
165782,166459,170409,677,3950,2,7200,1.17139240506
165808,166472,170222,664,3750,2,7200,1.17706666667
166444,166530,170280,86,3750,2,7200,1.02293333333
166462,167437,171134,975,3697,2,7200,1.2637273465
166519,167491,170918,972,3427,2,7200,1.28362999708
166594,167497,170377,903,2880,2,7200,1.31354166667
166754,167704,170943,950,3239,2,7200,1.29330040136
167115,167710,171557,595,3847,2,7200,1.15466597349
167261,167486,177293,225,9807,12,14400,1.02294279596
167332,167788,170904,456,3116,2,7200,1.14634146341
167349,167959,171203,610,3244,2,7200,1.18803945746
167428,167978,171284,550,3306,2,7200,1.16636418633
167452,168100,171022,648,2922,2,7200,1.22176591376
167475,168175,171581,700,3406,2,7200,1.20551967117
167693,168710,172235,1017,3525,2,7200,1.2885106383
167708,168736,171849,1028,3113,2,7200,1.33022807581
167780,168762,172653,982,3891,2,7200,1.2523772809
167948,168931,172235,983,3304,2,7200,1.29751815981
167969,168936,172891,967,3955,2,7200,1.24450063211
168090,168942,172158,852,3216,2,7200,1.26492537313
168126,168947,172660,821,3713,2,7200,1.22111500135
168162,169118,172880,956,3762,2,7200,1.25412014886
168177,169234,172745,1057,3511,2,7200,1.30105383082
168228,169259,172841,1031,3582,2,7200,1.28782802903
168291,169475,173193,1184,3718,2,7200,1.31845077999
168348,169639,173410,1291,3771,2,7200,1.34234950941
168571,169644,173415,1073,3771,2,7200,1.28453990984
168700,169649,173046,949,3397,2,7200,1.27936414483
168727,169655,172981,928,3326,2,7200,1.27901383043
168751,169660,173087,909,3427,2,7200,1.26524657135
168766,169665,173036,899,3371,2,7200,1.26668644319
168917,169671,172734,754,3063,2,7200,1.24616389161
169082,169676,173404,594,3728,2,7200,1.15933476395
169106,170915,174671,1809,3756,2,7200,1.48162939297
169218,170955,174224,1737,3269,2,7200,1.53135515448
169248,171034,174412,1786,3378,2,7200,1.5287152161
169263,171146,174679,1883,3533,2,7200,1.53297480894
169465,171216,174943,1751,3727,2,7200,1.4698148645
169612,171296,174840,1684,3544,2,7200,1.47516930023
169691,171568,175277,1877,3709,2,7200,1.50606632516
170143,172170,777009,2027,604839,6,604800,1.00335130506
170224,171592,175522,1368,3930,2,7200,1.34809160305
170269,171862,175802,1593,3940,2,7200,1.40431472081
170284,172181,175768,1897,3587,2,7200,1.52885419571
170380,172186,175631,1806,3445,2,7200,1.52423802612
170407,172246,175896,1839,3650,2,7200,1.50383561644
170520,170526,170528,6,2,1,240,1.0
170760,172175,219428,1415,47253,6,86400,1.02994518867
170906,172665,176255,1759,3590,2,7200,1.48997214485
170921,172672,175921,1751,3249,2,7200,1.53893505694
170945,172758,176232,1813,3474,2,7200,1.52187679908
171023,172853,176028,1830,3175,2,7200,1.57637795276
171135,172892,176915,1757,4023,2,7200,1.43673875217
171207,172902,176213,1695,3311,2,7200,1.51192993053
171288,173205,176825,1917,3620,2,7200,1.52955801105
171559,173422,176988,1863,3566,2,7200,1.52243409983
171583,173427,177116,1844,3689,2,7200,1.49986446191
171724,177409,208538,5685,31129,24,36000,1.18262713226
171850,173433,176671,1583,3238,2,7200,1.48888202594
172161,173438,176950,1277,3512,2,7200,1.36361047836
172236,173444,177087,1208,3643,2,7200,1.33159483942
172237,173449,177393,1212,3944,2,7200,1.30730223124
172656,173454,176804,798,3350,2,7200,1.23820895522
172670,173460,176833,790,3373,2,7200,1.23421286688
172736,174236,177838,1500,3602,2,7200,1.41643531371
172751,174424,178125,1673,3701,2,7200,1.45203998919
172842,174683,178063,1841,3380,2,7200,1.54467455621
172881,174691,177638,1810,2947,2,7200,1.61418391585
172896,174729,178065,1833,3336,2,7200,1.54946043165
172983,174734,177954,1751,3220,2,7200,1.54378881988
173037,174739,177726,1702,2987,2,7200,1.5698024774
173052,174745,178035,1693,3290,2,7200,1.51458966565
173088,174750,178566,1662,3816,2,7200,1.43553459119
173196,174756,178320,1560,3564,2,7200,1.43771043771
173407,174761,178241,1354,3480,2,7200,1.38908045977
173422,174766,178235,1344,3469,2,7200,1.38743153647
173424,174853,178508,1429,3655,2,7200,1.39097127223
174226,174956,178819,730,3863,2,7200,1.18897230132
174413,175289,179046,876,3757,2,7200,1.23316475912
174671,175533,179251,862,3718,2,7200,1.231845078
174686,175814,179137,1128,3323,2,7200,1.33945230214
174843,175907,179790,1064,3883,2,7200,1.2740149369
174945,175933,179142,988,3209,2,7200,1.30788407604
175280,176041,179804,761,3763,2,7200,1.20223226149
175524,176244,180045,720,3801,2,7200,1.18942383583
175632,176267,179760,635,3493,2,7200,1.18179215574
175771,176292,179827,521,3535,2,7200,1.14738330976
175804,176297,179892,493,3595,2,7200,1.1371349096
175897,176303,179337,406,3034,2,7200,1.13381674357
175924,176308,180104,384,3796,2,7200,1.10115911486
176029,176313,179614,284,3301,2,7200,1.08603453499
176216,176319,179809,103,3490,2,7200,1.02951289398
176233,176324,179595,91,3271,2,7200,1.02782023846
176257,176329,180042,72,3713,2,7200,1.01939132777
176673,176775,180486,102,3711,2,7200,1.02748585287
176806,176812,180665,6,3853,2,7200,1.00155722813
176827,176837,180510,10,3673,2,7200,1.00272257011
176842,176849,180443,7,3594,2,7200,1.0019476906
176917,176927,180624,10,3697,2,7200,1.00270489586
176953,177000,180175,47,3175,2,7200,1.01480314961
176989,177005,180690,16,3685,2,7200,1.00434192673
177089,177190,180548,101,3358,2,7200,1.03007742704
177119,177195,180883,76,3688,2,7200,1.02060737527
177396,177403,180416,7,3013,2,7200,1.00232326585
177412,213159,244926,35747,31767,24,36000,2.12528724777
177640,177650,181565,10,3915,2,7200,1.00255427842
177727,177739,181328,12,3589,2,7200,1.00334354974
177842,177848,181777,6,3929,2,7200,1.00152710613
177956,177962,181181,6,3219,2,7200,1.0018639329
178037,178043,181606,6,3563,2,7200,1.00168397418
178064,178070,181435,6,3365,2,7200,1.00178306092
178079,178085,181571,6,3486,2,7200,1.0017211704
178127,178133,181432,6,3299,2,7200,1.00181873295
178235,178241,181456,6,3215,2,7200,1.00186625194
178250,178256,182345,6,4089,2,7200,1.00146735143
178322,178328,182022,6,3694,2,7200,1.00162425555
178509,178520,182095,11,3575,2,7200,1.00307692308
178569,178830,182410,261,3580,2,7200,1.07290502793
178822,179058,182119,236,3061,2,7200,1.07709898726
179048,179148,182463,100,3315,2,7200,1.03016591252
179138,179155,182748,17,3593,2,7200,1.00473142221
179153,179161,182508,8,3347,2,7200,1.00239020018
179253,179259,183164,6,3905,2,7200,1.00153649168
179340,179346,182362,6,3016,2,7200,1.00198938992
179596,179602,183079,6,3477,2,7200,1.00172562554
179617,179623,183206,6,3583,2,7200,1.00167457438
179761,179767,183473,6,3706,2,7200,1.00161899622
179791,179797,183670,6,3873,2,7200,1.00154918668
179806,179812,183424,6,3612,2,7200,1.00166112957
179821,179827,183744,6,3917,2,7200,1.00153178453
179836,179842,183731,6,3889,2,7200,1.00154281306
179896,179903,183160,7,3257,2,7200,1.00214921707
180043,180057,183538,14,3481,2,7200,1.00402183281
180058,180116,183868,58,3752,2,7200,1.01545842217
180106,180121,183727,15,3606,2,7200,1.00415973378
180175,180181,183783,6,3602,2,7200,1.00166574125
180417,180423,184452,6,4029,2,7200,1.00148920328
180447,180453,184304,6,3851,2,7200,1.00155803687
180489,180495,183808,6,3313,2,7200,1.00181104739
180513,180519,184290,6,3771,2,7200,1.0015910899
180552,180558,184216,6,3658,2,7200,1.00164024057
180627,180635,184173,8,3538,2,7200,1.0022611645
180666,180702,184364,36,3662,2,7200,1.00983069361
180693,180707,184192,14,3485,2,7200,1.00401721664
180885,181193,184489,308,3296,2,7200,1.09344660194
181184,181340,184661,156,3321,2,7200,1.04697380307
181322,181345,184267,23,2922,2,7200,1.00787132101
181434,181444,185219,10,3775,2,7200,1.00264900662
181449,181468,184781,19,3313,2,7200,1.0057349834
181463,181577,184630,114,3053,2,7200,1.037340321
181566,181584,184729,18,3145,2,7200,1.00572337043
181581,181618,185674,37,4056,2,7200,1.00912228797
181607,181623,185109,16,3486,2,7200,1.00458978772
181779,182034,185680,255,3646,2,7200,1.0699396599
182023,182039,185241,16,3202,2,7200,1.00499687695
182095,182106,186096,11,3990,2,7200,1.00275689223
182123,182131,185121,8,2990,2,7200,1.00267558528
182348,182374,185677,26,3303,2,7200,1.00787163185
182363,182421,185854,58,3433,2,7200,1.01689484416
182411,182474,186138,63,3664,2,7200,1.01719432314
182465,182520,185945,55,3425,2,7200,1.01605839416
182510,182525,185587,15,3062,2,7200,1.00489875898
182751,183072,186962,321,3890,2,7200,1.08251928021
183069,208550,228651,25481,20101,24,28800,2.2676483757
183083,183089,186030,6,2941,2,7200,1.00204012241
183164,183170,186221,6,3051,2,7200,1.00196656834
183179,183185,186335,6,3150,2,7200,1.0019047619
183209,183215,186915,6,3700,2,7200,1.00162162162
183425,183431,186729,6,3298,2,7200,1.00181928441
183473,183480,186888,7,3408,2,7200,1.00205399061
183539,183546,187541,7,3995,2,7200,1.00175219024
183673,183679,186695,6,3016,2,7200,1.00198938992
183730,183736,187728,6,3992,2,7200,1.00150300601
183745,183757,186935,12,3178,2,7200,1.00377595972
183746,183762,187290,16,3528,2,7200,1.00453514739
183786,183792,187168,6,3376,2,7200,1.00177725118
183810,183816,187369,6,3553,2,7200,1.00168871376
183870,183876,186954,6,3078,2,7200,1.00194931774
184177,184183,187540,6,3357,2,7200,1.0017873101
184196,184202,187659,6,3457,2,7200,1.00173560891
184217,184223,187837,6,3614,2,7200,1.00166021029
184268,184275,187455,7,3180,2,7200,1.00220125786
184292,184299,187850,7,3551,2,7200,1.0019712757
184307,184377,188093,70,3716,2,7200,1.01883745963
184367,184382,187825,15,3443,2,7200,1.0043566657
184454,184461,187730,7,3269,2,7200,1.00214132762
184490,184497,188367,7,3870,2,7200,1.00180878553
184632,184638,188342,6,3704,2,7200,1.00161987041
184662,184668,188106,6,3438,2,7200,1.0017452007
184731,184737,188009,6,3272,2,7200,1.00183374083
184782,184788,188371,6,3583,2,7200,1.00167457438
184844,184850,357690,6,172840,10,172800,1.00003471419
185111,185117,188610,6,3493,2,7200,1.00171772116
185125,185132,188811,7,3679,2,7200,1.00190269095
185220,185230,188273,10,3043,2,7200,1.00328623069
185244,185689,189498,445,3809,2,7200,1.11682856393
185591,185866,189031,275,3165,2,7200,1.0868878357
185676,186108,189514,432,3406,2,7200,1.12683499706
185691,186150,189693,459,3543,2,7200,1.12955122777
185693,186234,189847,541,3613,2,7200,1.14973706061
185739,186271,210275,532,24004,1,36000,1.02216297284
185855,186239,190343,384,4104,2,7200,1.09356725146
185946,186244,190192,298,3948,2,7200,1.07548125633
186033,186250,189807,217,3557,2,7200,1.06100646612
186099,186255,189496,156,3241,2,7200,1.04813329219
186141,186260,189815,119,3555,2,7200,1.03347398031
186222,186266,190107,44,3841,2,7200,1.01145535017
186337,186347,190373,10,4026,2,7200,1.00248385494
186698,186707,190063,9,3356,2,7200,1.002681764
186732,186900,190434,168,3534,2,7200,1.04753820034
186891,186975,190750,84,3775,2,7200,1.02225165563
186918,186980,190816,62,3836,2,7200,1.01616266945
186937,186986,190096,49,3110,2,7200,1.01575562701
186955,186991,190830,36,3839,2,7200,1.00937744204
186970,187467,191371,497,3904,2,7200,1.12730532787
187168,187552,190989,384,3437,2,7200,1.11172534187
187292,187558,191251,266,3693,2,7200,1.07202816139
187370,187563,191091,193,3528,2,7200,1.05470521542
187457,187568,191044,111,3476,2,7200,1.03193325662
187542,187574,191311,32,3737,2,7200,1.00856301846
187543,187579,190549,36,2970,2,7200,1.01212121212
187661,187671,191261,10,3590,2,7200,1.00278551532
187730,187740,191641,10,3901,2,7200,1.00256344527
187731,188021,191813,290,3792,2,7200,1.07647679325
187828,188026,191354,198,3328,2,7200,1.05949519231
187843,188032,190882,189,2850,2,7200,1.06631578947
187858,188037,191304,179,3267,2,7200,1.05479032752
188012,188042,191676,30,3634,2,7200,1.00825536599
188096,188102,191310,6,3208,2,7200,1.00187032419
188111,188117,191771,6,3654,2,7200,1.00164203612
188274,188284,191612,10,3328,2,7200,1.00300480769
188343,188354,191962,11,3608,2,7200,1.00304878049
188370,188622,192014,252,3392,2,7200,1.07429245283
188385,188823,192586,438,3763,2,7200,1.11639649216
188504,188511,188521,7,10,8,600,1.7
188613,189043,192168,430,3125,2,7200,1.1376
188812,189510,192901,698,3391,2,7200,1.20583898555
188897,188904,188911,7,7,8,600,1.4
189032,189525,192861,493,3336,2,7200,1.14778177458
189499,189705,192882,206,3177,2,7200,1.06484104501
189500,189827,193669,327,3842,2,7200,1.08511192087
189515,189832,193463,317,3631,2,7200,1.08730377307
189696,189837,192898,141,3061,2,7200,1.04606337798
189810,189843,193164,33,3321,2,7200,1.00993676603
189825,190075,193690,250,3615,2,7200,1.06915629322
189849,190109,194016,260,3907,2,7200,1.06654722293
190066,190356,194008,290,3652,2,7200,1.07940854326
190099,190361,193885,262,3524,2,7200,1.07434733258
190114,190366,193692,252,3326,2,7200,1.07576668671
190195,190372,193165,177,2793,2,7200,1.06337271751
190346,190377,193792,31,3415,2,7200,1.00907759883
190376,190385,194347,9,3962,2,7200,1.00227158001
190436,190445,193768,9,3323,2,7200,1.00270839603
190551,190557,194043,6,3486,2,7200,1.0017211704
190752,190828,193951,76,3123,2,7200,1.02433557477
190819,190833,194859,14,4026,2,7200,1.00347739692
190834,190894,194599,60,3705,2,7200,1.01619433198
190884,190899,194619,15,3720,2,7200,1.00403225806
190971,190977,190986,6,9,8,600,1.5
190990,191001,194783,11,3782,2,7200,1.00290851401
191047,191056,194897,9,3841,2,7200,1.00234313981
191092,191103,194941,11,3838,2,7200,1.00286607608
191255,191273,194609,18,3336,2,7200,1.00539568345
191269,191316,194877,47,3561,2,7200,1.01319853974
191305,191321,194455,16,3134,2,7200,1.00510529675
191321,191328,194721,7,3393,2,7200,1.00206307103
191322,191334,194866,12,3532,2,7200,1.00339750849
191355,191362,194747,7,3385,2,7200,1.00206794682
191373,191379,195092,6,3713,2,7200,1.00161594398
191614,191620,195440,6,3820,2,7200,1.00157068063
191644,191650,194905,6,3255,2,7200,1.00184331797
191677,191683,195544,6,3861,2,7200,1.00155400155
191707,191713,191721,6,8,8,600,1.4
191773,191780,195231,7,3451,2,7200,1.00202839757
191816,191822,194886,6,3064,2,7200,1.00195822454
191964,191974,195603,10,3629,2,7200,1.00275558005
191994,192000,192015,6,15,8,600,1.4
192015,192026,195690,11,3664,2,7200,1.00300218341
192168,192179,195616,11,3437,2,7200,1.00320046552
192587,192598,195888,11,3290,2,7200,1.00334346505
192758,192765,192773,7,8,8,600,1.5
192864,192872,196365,8,3493,2,7200,1.00229029488
192885,192893,196522,8,3629,2,7200,1.00220446404
192900,192911,196125,11,3214,2,7200,1.00342252645
192915,192921,196169,6,3248,2,7200,1.00184729064
193168,193177,197082,9,3905,2,7200,1.00230473752
193169,193182,196379,13,3197,2,7200,1.00406631217
193266,193273,193280,7,7,8,600,1.4
193465,193474,197239,9,3765,2,7200,1.00239043825
193670,193682,197496,12,3814,2,7200,1.00314630309
193691,193701,196878,10,3177,2,7200,1.00314762354
193706,193712,197499,6,3787,2,7200,1.00158436757
193769,193780,197106,11,3326,2,7200,1.00330727601
193793,193898,196940,105,3042,2,7200,1.03451676529
193886,193903,197262,17,3359,2,7200,1.00506103007
193953,194020,197939,67,3919,2,7200,1.01709619801
194010,194025,197566,15,3541,2,7200,1.0042360915
194025,194032,196977,7,2945,2,7200,1.00237691002
194046,194054,197708,8,3654,2,7200,1.0021893815
194350,194356,197890,6,3534,2,7200,1.00169779287
194455,194463,198107,8,3644,2,7200,1.00219538968
194600,194606,198231,6,3625,2,7200,1.00165517241
194615,194621,198461,6,3840,2,7200,1.0015625
194630,194636,198273,6,3637,2,7200,1.0016497113
194723,194729,198645,6,3916,2,7200,1.00153217569
194750,194756,198541,6,3785,2,7200,1.00158520476
194786,194792,198173,6,3381,2,7200,1.00177462289
194862,194868,198507,6,3639,2,7200,1.00164880462
194876,194883,198438,7,3555,2,7200,1.00196905767
194892,194897,198198,5,3301,2,7200,1.00151469252
194893,194904,198493,11,3589,2,7200,1.00306492059
194908,194914,198353,6,3439,2,7200,1.00174469322
194909,194921,198483,12,3562,2,7200,1.00336889388
194942,194950,198270,8,3320,2,7200,1.00240963855
195093,195099,198350,6,3251,2,7200,1.00184558597
195231,195238,199240,7,4002,2,7200,1.00174912544
195442,195449,199431,7,3982,2,7200,1.0017579106
195545,195551,199022,6,3471,2,7200,1.00172860847
195605,195612,199339,7,3727,2,7200,1.00187818621
195620,195626,199106,6,3480,2,7200,1.00172413793
195692,195698,199300,6,3602,2,7200,1.00166574125
195891,195898,199386,7,3488,2,7200,1.00200688073
196125,196132,199292,7,3160,2,7200,1.00221518987
196170,196177,199426,7,3249,2,7200,1.00215450908
196329,196335,196339,6,4,2,3600,1.0
196366,196372,199917,6,3545,2,7200,1.00169252468
196381,196387,200029,6,3642,2,7200,1.00164744646
196405,196412,196414,7,2,2,3600,1.0
196522,196528,200254,6,3726,2,7200,1.00161030596
196576,196582,196585,6,3,2,3600,1.0
196881,196887,200524,6,3637,2,7200,1.0016497113
196941,196947,200167,6,3220,2,7200,1.00186335404
196974,196980,196987,6,7,2,3600,1.3
196980,196986,200878,6,3892,2,7200,1.00154162384
197017,197024,197027,7,3,2,3600,1.0
197024,197030,197034,6,4,2,3600,1.0
197031,197037,197041,6,4,2,3600,1.0
197047,197053,197055,6,2,2,3600,1.0
197086,197092,201121,6,4029,2,7200,1.00148920328
197106,197112,200750,6,3638,2,7200,1.00164925783
197155,197162,197165,7,3,2,3600,1.0
197242,197248,200534,6,3286,2,7200,1.00182592818
197263,197270,201277,7,4007,2,7200,1.00174694285
197438,197444,197447,6,3,2,3600,1.0
197498,197505,201153,7,3648,2,7200,1.00191885965
197512,197518,200608,6,3090,2,7200,1.00194174757
197569,197576,201490,7,3914,2,7200,1.00178845171
197711,197717,201670,6,3953,2,7200,1.00151783456
197763,197770,201171,7,3401,2,3600,1.00205821817
197805,197811,201156,6,3345,2,3600,1.00179372197
197823,197829,201208,6,3379,2,3600,1.00177567328
197832,197838,201320,6,3482,2,3600,1.00172314762
197838,201168,204521,3330,3353,2,3600,1.99314047122
197892,197898,201917,6,4019,2,7200,1.00149290868
197940,197946,202013,6,4067,2,7200,1.00147528891
198109,198116,202111,7,3995,2,7200,1.00175219024
198175,198182,201596,7,3414,2,7200,1.00205038079
198199,198206,201853,7,3647,2,7200,1.0019193858
198232,198238,201395,6,3157,2,7200,1.00190053849
198272,198278,201992,6,3714,2,7200,1.00161550889
198286,198292,201794,6,3502,2,7200,1.00171330668
198353,198358,201929,5,3571,2,7200,1.00140016802
198368,198374,201825,6,3451,2,7200,1.00173862649
198440,198446,201493,6,3047,2,7200,1.00196914998
198464,198470,201925,6,3455,2,7200,1.0017366136
198485,198491,201564,6,3073,2,7200,1.00195248942
198500,198506,202172,6,3666,2,7200,1.00163666121
198515,198522,201936,7,3414,2,7200,1.00205038079
198542,198548,202595,6,4047,2,7200,1.00148257969
198647,198653,202137,6,3484,2,7200,1.00172215844
199024,199030,202794,6,3764,2,7200,1.00159404888
199108,199114,202938,6,3824,2,7200,1.00156903766
199243,199249,202757,6,3508,2,7200,1.00171037628
199294,199300,203380,6,4080,2,7200,1.00147058824
199309,199315,202722,6,3407,2,7200,1.00176108013
199341,199348,202972,7,3624,2,7200,1.00193156733
199386,199393,202711,7,3318,2,7200,1.00210970464
199429,199435,203225,6,3790,2,7200,1.00158311346
199443,199450,203287,7,3837,2,7200,1.00182434193
199919,199926,203367,7,3441,2,7200,1.00203429236
200031,200037,203829,6,3792,2,7200,1.00158227848
200169,200176,203931,7,3755,2,7200,1.00186418109
200257,200263,203955,6,3692,2,7200,1.00162513543
200525,200531,203845,6,3314,2,7200,1.00181050091
200539,200545,203799,6,3254,2,7200,1.00184388445
200585,202312,213144,1727,10832,64,10800,1.15943500739
200609,200615,204418,6,3803,2,7200,1.00157770181
200747,200754,204382,7,3628,2,7200,1.00192943771
200879,200886,204264,7,3378,2,7200,1.00207223209
201091,201097,202107,6,1010,1,72000,1.00594059406
201123,201130,204657,7,3527,2,7200,1.00198468954
201156,201162,205006,6,3844,2,7200,1.00156087409
201280,201286,205161,6,3875,2,7200,1.0015483871
201397,201403,204506,6,3103,2,7200,1.00193361263
201494,201501,205435,7,3934,2,7200,1.00177935943
201495,201508,205087,13,3579,2,7200,1.00363229953
201567,201573,205564,6,3991,2,7200,1.00150338261
201597,201603,204630,6,3027,2,7200,1.00198216056
201673,201679,205263,6,3584,2,7200,1.00167410714
201796,201930,205438,134,3508,2,7200,1.03819840365
201826,202025,205633,199,3608,2,7200,1.05515521064
201856,202123,205470,267,3347,2,7200,1.07977293098
201919,202770,206255,851,3485,2,7200,1.24418938307
201935,202776,206621,841,3845,2,7200,1.21872561769
201936,202781,205959,845,3178,2,7200,1.26589049717
201951,202786,206383,835,3597,2,7200,1.23213789269
201967,202128,203648,161,1520,1,18000,1.10592105263
201993,202792,206308,799,3516,2,7200,1.22724687144
202014,202797,206702,783,3905,2,7200,1.20051216389
202113,202803,205949,690,3146,2,7200,1.21932612842
202137,202808,206824,671,4016,2,7200,1.16708167331
202173,203816,207360,1643,3544,2,7200,1.46360045147
202598,203822,207465,1224,3643,2,7200,1.33598682405
202712,203966,207454,1254,3488,2,7200,1.35951834862
202727,204277,207974,1550,3697,2,7200,1.41925885853
202760,204394,207844,1634,3450,2,7200,1.47362318841
202796,204429,208308,1633,3879,2,7200,1.42098478989
202941,204518,208224,1577,3706,2,7200,1.42552617377
202974,204643,208655,1669,4012,2,7200,1.41600199402
203542,203811,214998,269,11187,12,14400,1.02404576741
203611,208157,232457,4546,24300,20,28800,1.1870781893
203631,213170,222977,9539,9807,12,14400,1.97267258081
204212,244943,245177,40731,234,2,10800,175.064102564
204384,204533,204563,149,30,16,1200,5.96666666667
204384,204670,208261,286,3591,2,7200,1.07964355333
204420,205018,208466,598,3448,2,7200,1.17343387471
204427,244938,244971,40511,33,16,28800,1228.60606061
204427,204575,232162,148,27587,16,28800,1.00536484576
204428,244984,245005,40556,21,16,28800,1932.23809524
204429,275277,304094,70848,28817,16,28800,3.45854877329
204429,267343,267414,62914,71,16,28800,887.112676056
204430,312499,341339,108069,28840,16,28800,4.74719140083
204431,356196,356223,151765,27,16,28800,5621.92592593
204431,341352,356184,136921,14832,16,28800,10.2314590076
204432,356235,356248,151803,13,16,28800,11678.1538462
204433,356259,356276,151826,17,16,28800,8931.94117647
204507,205099,208657,592,3558,2,7200,1.16638560989
204610,245190,245665,40580,475,2,10800,86.4315789474
204634,205174,208623,540,3449,2,7200,1.1565671209
204658,205275,208878,617,3603,2,7200,1.17124618374
204797,206836,208147,2039,1311,16,1200,2.55530129672
205008,205446,209522,438,4076,2,7200,1.10745829244
205089,205453,209431,364,3978,2,7200,1.09150326797
205164,205481,209187,317,3706,2,7200,1.08553696708
205266,205576,209168,310,3592,2,7200,1.08630289532
205438,205645,208517,207,2872,2,7200,1.07207520891
205453,207855,211016,2402,3161,2,7200,1.75988611199
205471,207986,210954,2515,2968,2,7200,1.84737196765
205547,248553,250133,43006,1580,2,10800,28.2189873418
205567,208163,211808,2596,3645,2,7200,1.7122085048
205634,208236,212014,2602,3778,2,7200,1.68872419269
205951,208273,212051,2322,3778,2,7200,1.61461090524
205966,208320,211904,2354,3584,2,7200,1.65680803571
206148,250145,251976,43997,1831,2,10800,25.0289459312
206258,208477,211476,2219,2999,2,7200,1.73991330443
206309,208529,211730,2220,3201,2,7200,1.69353327085
206384,208635,212184,2251,3549,2,7200,1.63426317272
206466,206472,206621,6,149,1,1800,1.04026845638
206622,208667,212065,2045,3398,2,7200,1.60182460271
206627,206633,206674,6,41,1,1800,1.14634146341
206692,214572,217799,7880,3227,10,7200,3.4418964983
206703,208674,212224,1971,3550,2,7200,1.55521126761
206827,208890,212442,2063,3552,2,7200,1.58079954955
207363,209181,212149,1818,2968,2,7200,1.61253369272
207456,209199,212337,1743,3138,2,7200,1.55544933078
207471,209443,213293,1972,3850,2,7200,1.51220779221
207552,207559,379179,7,171620,1,252000,1.00004078779
207572,210288,374508,2716,164220,1,252000,1.01653878943
207582,215103,394092,7521,178989,1,252000,1.04201934197
207589,248559,424757,40970,176198,1,252000,1.23252250309
207596,248942,423542,41346,174600,1,252000,1.23680412371
207603,251515,421143,43912,169628,1,252000,1.25887235598
207610,252022,416091,44412,164069,1,252000,1.27069098977
207616,252027,428010,44411,175983,1,252000,1.25235960292
207622,255928,423519,48306,167591,1,252000,1.28823743518
207631,264849,444606,57218,179757,1,252000,1.31830749289
207847,209535,212968,1688,3433,2,7200,1.49169822313
207977,210967,214380,2990,3413,2,7200,1.87606211544
208226,211028,214690,2802,3662,2,7200,1.76515565265
208262,211488,214714,3226,3226,2,7200,2.0
208311,211742,214994,3431,3252,2,7200,2.05504305043
208467,211916,215340,3449,3424,2,7200,2.00730140187
208518,212026,215815,3508,3789,2,7200,1.92583795197
208551,228664,247870,20113,19206,24,28800,2.04722482558
208624,212064,215457,3440,3393,2,7200,2.01385204833
208657,212077,215778,3420,3701,2,7200,1.92407457444
208672,212161,215457,3489,3296,2,7200,2.05855582524
208879,212196,215629,3317,3433,2,7200,1.96621031168
209141,213164,215087,4023,1923,16,1800,3.09204368175
209172,212236,216036,3064,3800,2,7200,1.80631578947
209189,212348,215731,3159,3383,2,7200,1.93378657996
209265,213175,241709,3910,28534,12,28800,1.13702950866
209434,212454,216219,3020,3765,2,7200,1.802124834
209477,217811,219244,8334,1433,4,7200,6.81577110956
209480,223122,223589,13642,467,4,28800,30.2119914347
209524,212980,216130,3456,3150,2,7200,2.09714285714
209758,217816,222298,8058,4482,4,7200,2.79785809906
209762,223127,223659,13365,532,4,28800,26.1221804511
210670,267235,288308,56565,21073,1,72000,3.68424049732
210670,267229,288308,56559,21079,1,72000,3.68319180227
210670,267240,288308,56570,21068,1,72000,3.68511486615
210671,267904,288308,57233,20404,1,72000,3.8049892178
210671,267251,288308,56580,21057,1,72000,3.68699244907
210671,267246,288308,56575,21062,1,72000,3.68611717786
210672,267909,288308,57237,20399,1,72000,3.8058728369
210672,267914,288309,57242,20395,1,72000,3.80666830105
210672,267920,288309,57248,20389,1,72000,3.80778851341
210673,268004,288309,57331,20305,1,72000,3.8234917508
210957,213305,216583,2348,3278,2,7200,1.71629042099
211017,214422,218218,3405,3796,2,7200,1.89699683878
211150,211820,215197,670,3377,2,3600,1.19840094759
211478,214702,218609,3224,3907,2,7200,1.82518556437
211525,215013,221620,3488,6607,8,72000,1.52792492811
211641,215018,271633,3377,56615,4,72000,1.05964850305
211731,214727,218085,2996,3358,2,7200,1.89219773675
211809,215005,218590,3196,3585,2,7200,1.89149232915
211852,219438,220657,7586,1219,2,3600,7.22313371616
211860,219443,221634,7583,2191,2,3600,4.46097672296
211866,219449,221965,7583,2516,2,3600,4.01391096979
211883,220558,223227,8675,2669,2,3600,4.25028100412
211892,220669,222586,8777,1917,2,3600,5.57850808555
211897,223600,224843,11703,1243,2,3600,10.4151246983
211904,223606,227127,11702,3521,2,3600,4.32348764556
211905,215208,219200,3303,3992,2,7200,1.82740480962
212017,215351,218876,3334,3525,2,7200,1.94581560284
212053,215469,219299,3416,3830,2,7200,1.89190600522
212067,215474,219039,3407,3565,2,7200,1.9556802244
212152,215640,219137,3488,3497,2,7200,1.99742636546
212185,215743,219059,3558,3316,2,7200,2.07297949337
212227,215789,218604,3562,2815,2,7200,2.26536412078
212338,215827,219751,3489,3924,2,7200,1.88914373089
212443,216047,219032,3604,2985,2,7200,2.20737018425
212971,216141,219532,3170,3391,2,7200,1.93482748452
213161,247119,278242,33958,31123,24,36000,2.09109019053
213203,222995,224185,9792,1190,6,604800,9.22857142857
213241,247130,247135,33889,5,1,7200,3389.4
213296,216231,219607,2935,3376,2,7200,1.86937203791
213978,215097,733550,1119,518453,15,518400,1.00215834415
214162,222990,237468,8828,14478,8,57600,1.60975272828
214342,250883,264837,36541,13954,2,43200,3.61867564856
214380,216594,220101,2214,3507,2,7200,1.63130881095
214382,251510,252267,37128,757,2,43200,50.0462351387
214693,216828,220546,2135,3718,2,7200,1.57423345885
214717,217822,221635,3105,3813,2,7200,1.81431943352
214997,218098,221791,3101,3693,2,7200,1.83969672353
215020,280618,336515,65598,55897,4,72000,2.17355135338
215343,218230,222040,2887,3810,2,7200,1.75774278215
215458,218602,222231,3144,3629,2,7200,1.86635436759
215459,218615,222097,3156,3482,2,7200,1.90637564618
215631,218623,222287,2992,3664,2,7200,1.81659388646
215733,218888,222785,3155,3897,2,7200,1.80959712599
215778,219044,222844,3266,3800,2,7200,1.85947368421
215817,219051,222637,3234,3586,2,7200,1.9018404908
216037,219071,222392,3034,3321,2,7200,1.91358024691
216135,219149,223077,3014,3928,2,7200,1.76731160896
216219,219212,223109,2993,3897,2,7200,1.7680266872
216443,221646,232598,5203,10952,12,14400,1.47507304602
216458,223133,223223,6675,90,4,28800,75.1666666667
216461,223138,223139,6677,1,4,28800,667.8
216584,219256,223030,2672,3774,2,7200,1.70800211977
218087,219261,223079,1174,3818,2,7200,1.3074908329
218219,219311,222684,1092,3373,2,7200,1.32374740587
218592,219545,222955,953,3410,2,7200,1.27947214076
218607,219620,222781,1013,3161,2,7200,1.32046820626
218621,219763,223717,1142,3954,2,7200,1.28882144664
218877,220113,223490,1236,3377,2,7200,1.36600533017
219034,221804,225033,2770,3229,2,7200,1.85785072778
219050,222052,225833,3002,3781,2,7200,1.79396984925
219065,222108,225425,3043,3317,2,7200,1.91739523666
219140,222243,225667,3103,3424,2,7200,1.90625
219146,221658,222219,2512,561,1,600,5.47771836007
219200,222299,225582,3099,3283,2,7200,1.94395370088
219300,222404,225933,3104,3529,2,7200,1.87956928308
219535,222649,226513,3114,3864,2,7200,1.80590062112
219547,221537,221541,1990,4,1,10,199.4
219610,222696,226417,3086,3721,2,7200,1.82934694974
219754,222793,226264,3039,3471,2,7200,1.87554019015
220103,222800,226264,2697,3464,2,7200,1.77857967667
220297,221651,222331,1354,680,4,3600,2.99117647059
220548,222856,226143,2308,3287,2,7200,1.70216002434
221638,222967,226343,1329,3376,2,7200,1.39366113744
221795,223001,226697,1206,3696,2,7200,1.3262987013
222042,223089,226891,1047,3802,2,7200,1.27538137822
222099,223150,226300,1051,3150,2,7200,1.33365079365
222139,222146,222874,7,728,1,1740,1.00961538462
222234,223156,226498,922,3342,2,7200,1.27588270497
222288,223235,227032,947,3797,2,7200,1.24940742692
222394,223240,227042,846,3802,2,7200,1.22251446607
222640,223247,226911,607,3664,2,7200,1.16566593886
222685,223502,227507,817,4005,2,7200,1.20399500624
222781,223729,227543,948,3814,2,7200,1.24855794442
222796,225044,228505,2248,3461,2,7200,1.64952325917
222847,225437,229311,2590,3874,2,7200,1.66855962829
222958,225594,228843,2636,3249,2,7200,1.81132656202
223033,225678,229043,2645,3365,2,7200,1.78603268945
223078,225845,229568,2767,3723,2,7200,1.74321783508
223093,225946,229350,2853,3404,2,7200,1.83813160987
223111,226155,229818,3044,3663,2,7200,1.83101283101
223491,226275,229547,2784,3272,2,7200,1.85085574572
223719,226282,229576,2563,3294,2,7200,1.77808136005
224409,226312,226338,1903,26,6,43200,74.1923076923
224518,226318,352350,1800,126032,6,604800,1.01428208709
224602,224608,228216,6,3608,4,3600,1.00166297118
224891,226323,226552,1432,229,4,13800,7.25327510917
225035,226355,229364,1320,3009,2,7200,1.43868394816
225428,226429,229862,1001,3433,2,7200,1.29158170696
225585,226525,230171,940,3646,2,7200,1.25781678552
225669,226564,229880,895,3316,2,7200,1.26990349819
225834,226709,230221,875,3512,2,7200,1.24914578588
225889,227044,253486,1155,26442,6,432000,1.04368050828
225933,226903,230250,970,3347,2,7200,1.28981177174
226143,227519,230627,1376,3108,2,7200,1.44272844273
226267,227556,231279,1289,3723,2,7200,1.3462261617
226268,228517,231991,2249,3474,2,7200,1.64738054116
226279,227050,238364,771,11314,6,432000,1.06814566024
226301,228674,232161,2373,3487,2,7200,1.68052767422
226346,228855,232555,2509,3700,2,7200,1.67810810811
226418,229055,232455,2637,3400,2,7200,1.77558823529
226476,227055,251498,579,24443,4,144000,1.02368776337
226499,229322,232651,2823,3329,2,7200,1.84800240312
226514,229363,232496,2849,3133,2,7200,1.90935205873
226569,288326,720371,61757,432045,6,432000,1.14294112882
226698,229377,232611,2679,3234,2,7200,1.82838589981
226812,226860,227079,48,219,4,3600,1.21917808219
226893,229558,233512,2665,3954,2,7200,1.67400101163
226914,229580,232852,2666,3272,2,7200,1.81479217604
227034,229587,233245,2553,3658,2,7200,1.69792236195
227049,229830,233370,2781,3540,2,7200,1.78559322034
227116,241722,304234,14606,62512,16,172200,1.23365113898
227231,247135,248929,19904,1794,1,7200,12.0947603122
227370,227377,229479,7,2102,2,3600,1.00333016175
227385,227392,229600,7,2208,2,3600,1.00317028986
227471,267157,267220,39686,63,12,21600,630.936507937
227471,267893,267987,40422,94,12,21600,431.021276596
227471,267224,267331,39753,107,12,21600,372.523364486
227509,229874,233369,2365,3495,2,7200,1.67668097282
227545,230183,233533,2638,3350,2,7200,1.78746268657
227650,228669,229295,1019,626,6,72000,2.62779552716
228107,228114,228117,7,3,1,3600,1.0
228189,228196,228198,7,2,1,3600,1.0
228508,230262,233374,1754,3112,2,7200,1.56362467866
228667,247881,267083,19214,19202,24,28800,2.0006249349
228672,229305,229311,633,6,1,3600,63.9
228845,230639,234291,1794,3652,2,7200,1.49123767798
229044,231291,235098,2247,3807,2,7200,1.5902285264
229312,232004,235856,2692,3852,2,7200,1.69885773624
229338,229344,229372,6,28,6,6000,1.21428571429
229351,232468,235433,3117,2965,2,7200,2.05126475548
229366,232508,236452,3142,3944,2,7200,1.79665314402
229547,232567,236071,3020,3504,2,7200,1.86187214612
229571,232624,236071,3053,3447,2,7200,1.88569770815
229585,232664,236170,3079,3506,2,7200,1.87820878494
229713,229720,233354,7,3634,4,3600,1.00192625206
229820,232864,236529,3044,3665,2,7200,1.83055934516
229862,233256,237242,3394,3986,2,7200,1.85148018063
229882,233823,247094,3941,13271,64,14400,1.29696330344
229883,233381,236731,3498,3350,2,7200,2.04417910448
229948,278260,326848,48312,48588,6,86400,1.99431958508
230073,280607,367038,50534,86431,6,86400,1.58467448022
230145,280613,321814,50468,41201,6,86400,2.2249217252
230173,233388,236503,3215,3115,2,7200,2.03210272873
230224,233393,236468,3169,3075,2,7200,2.03056910569
230251,233524,237010,3273,3486,2,7200,1.93889845095
230265,255906,256974,25641,1068,10,10799,25.0084269663
230630,233545,236898,2915,3353,2,7200,1.86937071279
230732,230740,230752,8,12,10,3599,1.66666666667
231002,267998,274673,36996,6675,8,72000,6.54247191011
231280,234303,237646,3023,3343,2,7200,1.90427759497
231287,231335,231344,48,9,1,3900,5.7
231287,231341,231349,54,8,1,3900,6.2
231287,231308,231318,21,10,1,3900,3.1
231287,231346,231356,59,10,1,3900,6.9
231287,231319,231328,32,9,1,3900,4.1
231287,231303,231316,16,13,1,3900,2.23076923077
231287,231298,231316,11,18,1,3900,1.61111111111
231287,231314,231323,27,9,1,3900,3.6
231287,231324,231334,37,10,1,3900,4.7
231287,231330,231339,43,9,1,3900,5.2
231292,231353,231503,61,150,1,5400,1.40666666667
231556,254372,263779,22816,9407,4,144060,3.42542787286
231717,231724,233677,7,1953,2,3600,1.00358422939
231727,231734,233443,7,1709,2,3600,1.00409596255
231736,231743,233241,7,1498,2,3600,1.0046728972
231749,231755,233804,6,2049,2,3600,1.00292825769
231759,237485,239223,5726,1738,2,3600,4.29459148446
231774,237490,239003,5716,1513,2,3600,4.77792465301
231846,255922,264524,24076,8602,4,144120,3.79888398047
231925,247124,254360,15199,7236,4,7200,3.10046987286
231994,235110,238556,3116,3446,2,7200,1.90423679629
232010,232017,232560,7,543,2,600,1.01289134438
232168,235446,238862,3278,3416,2,7200,1.95960187354
232457,235868,239600,3411,3732,2,7200,1.91398713826
232499,236082,239548,3583,3466,2,7200,2.03375649163
232556,236088,239223,3532,3135,2,7200,2.12663476874
232577,232585,233157,8,572,2,600,1.01398601399
232613,236182,239126,3569,2944,2,7200,2.21229619565
232652,236464,239789,3812,3325,2,7200,2.14646616541
232697,237480,241087,4783,3607,4,3600,2.32603271417
232853,236481,240106,3628,3625,2,7200,2.00082758621
233165,233171,233811,6,640,2,600,1.009375
233249,236515,240373,3266,3858,2,7200,1.84655261794
233372,236541,239730,3169,3189,2,7200,1.99372844152
233374,236743,240165,3369,3422,2,7200,1.9845119813
233388,236910,240643,3522,3733,2,7200,1.94347709617
233515,237023,240317,3508,3294,2,7200,2.06496660595
233534,264854,273544,31320,8690,1,86400,4.60414269275
233536,237254,240948,3718,3694,2,7200,2.0064970222
234292,237658,241094,3366,3436,2,7200,1.97962747381
234589,267887,291960,33298,24073,24,86399,2.38320940473
234801,251989,251991,17188,2,2,259200,1719.0
235099,238568,242230,3469,3662,2,7200,1.94729655926
235191,267425,313451,32234,46026,25,86399,1.70034328423
235292,252003,252010,16711,7,2,43200,1671.8
235650,247108,252030,11458,4922,20,10799,3.32791548151
235840,245078,251669,9238,6591,20,10799,2.40160825368
235909,247113,252323,11204,5210,20,10799,3.15047984645
238450,255917,270323,17467,14406,6,14399,2.21248091073
238671,238678,239320,7,642,4,600,1.01090342679
238868,238875,242557,7,3682,2,7200,1.00190114068
239127,239137,242548,10,3411,2,7200,1.00293169159
239226,239234,242822,8,3588,2,7200,1.0022296544
239551,239561,242728,10,3167,2,7200,1.00315756236
239603,239612,243455,9,3843,2,7200,1.00234192037
239732,239742,243116,10,3374,2,7200,1.00296384114
239792,239801,243156,9,3355,2,7200,1.00268256334
240108,240118,243474,10,3356,2,7200,1.00297973778
240168,240178,243552,10,3374,2,7200,1.00296384114
240319,240329,243462,10,3133,2,7200,1.00319182892
240376,240385,244402,9,4017,2,7200,1.00224047797
240644,240655,244346,11,3691,2,7200,1.00298022216
240948,240960,244828,12,3868,2,7200,1.00310237849
241096,241106,244779,10,3673,2,7200,1.00272257011
242001,242008,247409,7,5401,4,5400,1.00129605629
242230,242242,245575,12,3333,2,7200,1.00360036004
242549,242560,245935,11,3375,2,7200,1.00325925926
242564,242571,246546,7,3975,2,7200,1.00176100629
242730,242740,246553,10,3813,2,7200,1.00262260687
242823,242835,246514,12,3679,2,7200,1.00326175591
243118,243128,246768,10,3640,2,7200,1.00274725275
243157,243169,246804,12,3635,2,7200,1.00330123796
243458,243468,246910,10,3442,2,7200,1.00290528762
243473,243479,247282,6,3803,2,7200,1.00157770181
243488,243494,246815,6,3321,2,7200,1.00180668473
243554,243565,247069,11,3504,2,7200,1.00313926941
244350,244359,247300,9,2941,2,7200,1.00306018361
244404,244414,247978,10,3564,2,7200,1.00280583614
244780,244792,248282,12,3490,2,7200,1.00343839542
244831,244840,248475,9,3635,2,7200,1.00247592847
245578,245587,249040,9,3453,2,7200,1.00260642919
245850,247140,247142,1290,2,2,3540,129.2
245936,245947,249184,11,3237,2,7200,1.00339820822
246516,246526,250055,10,3529,2,7200,1.00283366393
246549,246559,250233,10,3674,2,7200,1.00272182907
246564,246571,249872,7,3301,2,7200,1.00212056952
246771,246781,250267,10,3486,2,7200,1.00286861733
246807,246816,250114,9,3298,2,7200,1.00272892662
246822,246828,250487,6,3659,2,7200,1.00163979229
246913,246922,250293,9,3371,2,7200,1.00266983091
247072,247081,250400,9,3319,2,7200,1.00271166014
247126,288321,307598,41195,19277,24,36000,3.13700264564
247283,247290,250868,7,3578,2,7200,1.00195640022
247301,247307,250335,6,3028,2,7200,1.00198150594
247530,247536,249763,6,2227,4,3600,1.00269420745
247887,267898,287237,20011,19339,24,28800,2.0347484358
247982,247989,251113,7,3124,2,7200,1.00224071703
248108,249776,249961,1668,185,4,3600,10.0162162162
248154,249973,250187,1819,214,4,3600,9.5
248283,248289,251780,6,3491,2,7200,1.00171870524
248479,248486,251877,7,3391,2,7200,1.00206428782
248609,252334,267870,3725,15536,64,18000,1.23976570546
249041,249048,252839,7,3791,2,7200,1.0018464785
249186,249192,252910,6,3718,2,7200,1.00161377084
249872,249879,253552,7,3673,2,7200,1.00190579907
250056,250063,253213,7,3150,2,7200,1.00222222222
250116,250123,253538,7,3415,2,7200,1.00204978038
250234,250240,253935,6,3695,2,7200,1.00162381597
250270,250277,254270,7,3993,2,7200,1.00175306787
250294,250301,254023,7,3722,2,7200,1.0018807093
250336,250342,254075,6,3733,2,7200,1.00160728636
250402,250408,253953,6,3545,2,7200,1.00169252468
250490,250497,254102,7,3605,2,7200,1.00194174757
250869,250876,254322,7,3446,2,7200,1.00203134068
251116,251123,254830,7,3707,2,7200,1.0018883194
251782,251789,255207,7,3418,2,7200,1.00204798128
251878,251884,255217,6,3333,2,7200,1.00180018002
252843,252850,256320,7,3470,2,7200,1.00201729107
252912,252918,256213,6,3295,2,7200,1.00182094082
253216,253223,256553,7,3330,2,7200,1.0021021021
253538,253545,257312,7,3767,2,7200,1.00185824263
253553,253559,256690,6,3131,2,7200,1.00191632066
253935,253942,257623,7,3681,2,7200,1.00190165716
253956,253966,257203,10,3237,2,7200,1.0030892802
254026,254036,257664,10,3628,2,7200,1.00275633958
254077,254087,257842,10,3755,2,7200,1.00266311585
254104,254115,257644,11,3529,2,7200,1.00311703032
254272,254287,257607,15,3320,2,7200,1.00451807229
254323,254334,257716,11,3382,2,7200,1.00325251331
254833,254842,258962,9,4120,2,7200,1.00218446602
255209,255220,258919,11,3699,2,7200,1.0029737767
255217,255912,256472,695,560,4,3000,2.24107142857
255224,255230,258359,6,3129,2,7200,1.00191754554
256214,256226,259892,12,3666,2,7200,1.00327332242
256323,256332,260068,9,3736,2,7200,1.00240899358
256554,256562,260336,8,3774,2,7200,1.00211976683
256636,294489,334636,37853,40147,6,64800,1.94285998954
256693,256699,260650,6,3951,2,7200,1.00151860289
256904,256986,256987,82,1,1,240,8.3
257102,264537,324652,7435,60115,16,258600,1.12367961407
257205,257212,260743,7,3531,2,7200,1.00198244123
257313,257319,261052,6,3733,2,7200,1.00160728636
257608,257614,261005,6,3391,2,7200,1.00176938956
257628,257635,261396,7,3761,2,7200,1.00186120713
257646,257653,261636,7,3983,2,7200,1.00175746924
257667,257673,261222,6,3549,2,7200,1.00169061708
257718,257725,261522,7,3797,2,7200,1.00184356071
257844,257850,261756,6,3906,2,7200,1.00153609831
258362,258368,261998,6,3630,2,7200,1.00165289256
258919,258925,262080,6,3155,2,7200,1.00190174326
258964,258971,262192,7,3221,2,7200,1.00217323812
259892,259899,263517,7,3618,2,7200,1.00193477059
260070,260076,263748,6,3672,2,7200,1.00163398693
260338,260344,264015,6,3671,2,7200,1.00163443203
260651,260657,264101,6,3444,2,7200,1.00174216028
260744,260750,264389,6,3639,2,7200,1.00164880462
261006,261012,264299,6,3287,2,7200,1.00182537268
261054,261060,264041,6,2981,2,7200,1.0020127474
261223,261230,265271,7,4041,2,7200,1.00173224449
261397,261404,265103,7,3699,2,7200,1.00189240335
261524,261530,265353,6,3823,2,7200,1.00156944808
261638,261645,264869,7,3224,2,7200,1.00217121588
261759,261765,265474,6,3709,2,7200,1.00161768671
262000,262007,265840,7,3833,2,7200,1.00182624576
262084,262091,265889,7,3798,2,7200,1.0018430753
262192,262198,265727,6,3529,2,7200,1.00170019836
263520,263526,267306,6,3780,2,7200,1.00158730159
263749,263756,267227,7,3471,2,7200,1.00201670988
264017,264023,267709,6,3686,2,7200,1.00162778079
264044,264051,267552,7,3501,2,7200,1.00199942873
264104,264111,268059,7,3948,2,7200,1.00177304965
264299,264306,267811,7,3505,2,7200,1.00199714693
264392,264400,267869,8,3469,2,7200,1.0023061401
264871,264878,268262,7,3384,2,7200,1.00206855792
265106,265112,268009,6,2897,2,7200,1.00207110804
265273,265280,268773,7,3493,2,7200,1.00200400802
265354,265361,269062,7,3701,2,7200,1.00189138071
265474,265482,269137,8,3655,2,7200,1.00218878249
265730,265740,269215,10,3475,2,7200,1.00287769784
265842,265853,269130,11,3277,2,7200,1.00335672872
265890,265901,269406,11,3505,2,7200,1.00313837375
267230,267258,271148,28,3890,2,7200,1.00719794344
267308,267318,270332,10,3014,2,7200,1.00331785003
267555,267564,271027,9,3463,2,7200,1.00259890269
267712,267721,270940,9,3219,2,7200,1.00279589935
267815,267822,271087,7,3265,2,7200,1.002143951
267872,267880,271266,8,3386,2,7200,1.00236266982
267901,310558,329751,42657,19193,24,28800,3.22252904705
268010,268016,271329,6,3313,2,7200,1.00181104739
268061,268067,271862,6,3795,2,7200,1.00158102767
268263,268269,271356,6,3087,2,7200,1.0019436346
268775,268781,271938,6,3157,2,7200,1.00190053849
269064,269071,272644,7,3573,2,7200,1.00195913798
269133,269140,272272,7,3132,2,7200,1.00223499361
269148,269155,272794,7,3639,2,7200,1.00192360539
269217,269224,272352,7,3128,2,7200,1.00223785166
269407,269413,272994,6,3581,2,7200,1.00167550963
270335,270342,274068,7,3726,2,7200,1.00187869028
270726,278255,279276,7529,1021,16,1800,8.37414299706
270941,270947,274396,6,3449,2,7200,1.00173963468
271028,271035,274967,7,3932,2,7200,1.0017802645
271091,271098,274353,7,3255,2,7200,1.00215053763
271151,271157,274648,6,3491,2,7200,1.00171870524
271268,271276,274821,8,3545,2,7200,1.00225669958
271332,271339,274952,7,3613,2,7200,1.0019374481
271359,271366,274872,7,3506,2,7200,1.0019965773
271866,271872,275000,6,3128,2,7200,1.00191815857
271941,271948,275261,7,3313,2,7200,1.00211288862
272275,272282,275925,7,3643,2,7200,1.00192149327
272353,272361,275757,8,3396,2,7200,1.0023557126
272645,272652,276505,7,3853,2,7200,1.00181676616
272796,272803,276092,7,3289,2,7200,1.00212830648
272998,273006,276752,8,3746,2,7200,1.00213561132
274070,274077,277549,7,3472,2,7200,1.00201612903
274353,274360,277829,7,3469,2,7200,1.00201787259
274398,274406,278009,8,3603,2,7200,1.00222037191
274648,274654,277730,6,3076,2,7200,1.00195058518
274823,274830,278522,7,3692,2,7200,1.00189599133
274874,274881,278326,7,3445,2,7200,1.00203193033
274956,274963,278594,7,3631,2,7200,1.00192784357
274971,274977,278457,6,3480,2,7200,1.00172413793
275001,275007,278152,6,3145,2,7200,1.00190779014
275263,275269,279098,6,3829,2,7200,1.00156698877
275757,275763,279424,6,3661,2,7200,1.00163889648
275929,275935,279631,6,3696,2,7200,1.00162337662
276094,276101,279469,7,3368,2,7200,1.0020783848
276507,276514,280237,7,3723,2,7200,1.00188020414
276754,276760,280404,6,3644,2,7200,1.00164654226
277550,277557,281255,7,3698,2,7200,1.00189291509
277731,277737,281088,6,3351,2,7200,1.0017905103
277830,277837,281353,7,3516,2,7200,1.00199089875
278011,278017,281749,6,3732,2,7200,1.00160771704
278152,278159,281716,7,3557,2,7200,1.00196795052
278330,278337,281854,7,3517,2,7200,1.00199033267
278459,278465,282035,6,3570,2,7200,1.00168067227
278525,278531,281633,6,3102,2,7200,1.00193423598
278578,279286,280597,708,1311,16,1200,1.54004576659
278598,278605,282380,7,3775,2,7200,1.00185430464
279101,279108,282286,7,3178,2,7200,1.00220264317
279426,279434,282601,8,3167,2,7200,1.00252604989
279472,279479,282779,7,3300,2,7200,1.00212121212
279634,279641,283339,7,3698,2,7200,1.00189291509
280240,280246,283443,6,3197,2,7200,1.00187675946
280405,280412,284140,7,3728,2,7200,1.0018776824
280620,353315,409200,72695,55885,4,72000,2.30079627807
281092,281098,284490,6,3392,2,7200,1.00176886792
281258,281265,284769,7,3504,2,7200,1.00199771689
281354,281360,284348,6,2988,2,7200,1.00200803213
281634,281640,284923,6,3283,2,7200,1.00182759671
281719,281726,285239,7,3513,2,7200,1.00199259892
281751,281758,285355,7,3597,2,7200,1.00194606617
281857,281864,285441,7,3577,2,7200,1.00195694716
282034,282041,285750,7,3709,2,7200,1.00188730116
282287,282293,285949,6,3656,2,7200,1.00164113786
282295,287249,288269,4954,1020,16,1200,5.8568627451
282384,282391,285930,7,3539,2,7200,1.00197795988
282604,282611,285996,7,3385,2,7200,1.00206794682
282781,282787,286809,6,4022,2,7200,1.00149179513
283341,283348,286514,7,3166,2,7200,1.00221099179
283443,283451,287169,8,3718,2,7200,1.00215169446
284142,284149,288065,7,3916,2,7200,1.0017875383
284349,284356,287407,7,3051,2,7200,1.00229432973
284491,284498,288047,7,3549,2,7200,1.00197238659
284544,288332,291593,3788,3261,1,86400,2.16160686906
284771,284778,287778,7,3000,2,7200,1.00233333333
284924,284931,288067,7,3136,2,7200,1.00223214286
285240,285246,288647,6,3401,2,7200,1.001764187
285355,285362,288612,7,3250,2,7200,1.00215384615
285442,285448,288483,6,3035,2,7200,1.00197693575
285752,285758,289280,6,3522,2,7200,1.00170357751
285933,285940,289405,7,3465,2,7200,1.00202020202
285951,285957,289559,6,3602,2,7200,1.00166574125
285999,286006,289853,7,3847,2,7200,1.00181959969
286517,286524,290596,7,4072,2,7200,1.00171905697
286812,286819,290437,7,3618,2,7200,1.00193477059
287170,287177,290462,7,3285,2,7200,1.00213089802
287408,287415,290982,7,3567,2,7200,1.00196243342
287781,287787,290922,6,3135,2,7200,1.0019138756
288049,288056,291879,7,3823,2,7200,1.00183102276
288067,288074,291520,7,3446,2,7200,1.00203134068
288069,288082,291824,13,3742,2,7200,1.00347407803
288485,288491,292110,6,3619,2,7200,1.00165791655
288614,288620,291940,6,3320,2,7200,1.00180722892
288650,288657,291771,7,3114,2,7200,1.00224791265
288747,288754,324792,7,36038,1,36000,1.00019423941
289282,289289,292756,7,3467,2,7200,1.00201903663
289299,294484,294564,5185,80,12,21600,65.8125
289409,289415,293439,6,4024,2,7200,1.00149105368
289562,289569,293225,7,3656,2,7200,1.00191466083
289662,289668,289676,6,8,2,300,1.4
289854,289861,293134,7,3273,2,7200,1.00213871066
290105,290111,290121,6,10,2,300,1.6
290439,290445,293838,6,3393,2,7200,1.0017683466
290463,290470,294061,7,3591,2,7200,1.00194931774
290469,291973,303111,1504,11138,12,14400,1.13503321961
290598,290604,293928,6,3324,2,7200,1.00180505415
290924,290931,294563,7,3632,2,7200,1.00192731278
290984,290990,294842,6,3852,2,7200,1.0015576324
291106,291112,291178,6,66,2,1200,1.09090909091
291493,291500,291575,7,75,2,1200,1.09333333333
291523,291530,294810,7,3280,2,7200,1.00213414634
291741,291748,386295,7,94547,1,162000,1.00007403725
291773,291780,295074,7,3294,2,7200,1.0021250759
291827,291833,295706,6,3873,2,7200,1.00154918668
291870,313487,314949,21617,1462,4,144060,15.7859097127
291881,291887,295486,6,3599,2,7200,1.00166712976
291942,291949,295396,7,3447,2,7200,1.00203075138
292113,292121,295372,8,3251,2,7200,1.0024607813
292257,293242,294471,985,1229,16,1200,1.80146460537
292316,292322,292423,6,101,2,1800,1.05940594059
292547,292554,292666,7,112,2,1800,1.0625
292758,292765,296575,7,3810,2,7200,1.00183727034
293137,293143,297025,6,3882,2,7200,1.00154559505
293227,293235,296258,8,3023,2,7200,1.00264637777
293441,293448,296728,7,3280,2,7200,1.00213414634
293840,293846,297644,6,3798,2,7200,1.00157977883
293931,293939,296838,8,2899,2,7200,1.00275957227
293933,298329,300108,4396,1779,4,28800,3.47105115233
294063,294071,297646,8,3575,2,7200,1.00223776224
294240,298334,315472,4094,17138,4,28800,1.23888435057
294356,304246,309430,9890,5184,20,10799,2.90779320988
294565,294572,297769,7,3197,2,7200,1.00218955271
294737,324664,330487,29927,5823,20,10799,6.13944702044
294812,294818,298691,6,3873,2,7200,1.00154918668
294845,294852,298810,7,3958,2,7200,1.00176856998
294898,331176,336010,36278,4834,20,10799,8.50475796442
295077,295084,298779,7,3695,2,7200,1.00189445196
295092,295098,295358,6,260,2,1200,1.02307692308
295247,353321,355816,58074,2495,4,43200,24.2761523046
295332,295338,295586,6,248,2,1200,1.02419354839
295341,353326,355750,57985,2424,4,43200,24.9212046205
295375,295381,299320,6,3939,2,7200,1.00152322925
295387,295394,296768,7,1374,1,3010,1.00509461426
295399,295405,299124,6,3719,2,7200,1.00161333692
295459,304111,306860,8652,2749,4,14400,4.14732630047
295474,334646,766660,39172,432014,6,432000,1.09067298745
295486,295494,299234,8,3740,2,7200,1.00213903743
295706,295713,298952,7,3239,2,7200,1.00216116085
296261,296267,299630,6,3363,2,7200,1.00178412132
296577,296583,299523,6,2940,2,7200,1.00204081633
296608,296615,296631,7,16,1,3590,1.4375
296730,296737,300701,7,3964,2,7200,1.00176589304
296839,296845,300613,6,3768,2,7200,1.00159235669
297025,297037,300605,12,3568,2,7200,1.0033632287
297220,310494,418533,13274,108039,16,108000,1.1228630402
297311,297318,298313,7,995,1,1800,1.00703517588
297646,297657,301183,11,3526,2,7200,1.00311968236
297648,297663,301605,15,3942,2,7200,1.00380517504
297661,298323,312743,662,14420,8,14400,1.04590846047
297771,297781,301523,10,3742,2,7200,1.00267236772
297933,297939,297950,6,11,2,300,1.54545454545
297999,300161,301523,2162,1362,1,3590,2.58737151248
298693,298702,302246,9,3544,2,7200,1.00253950339
298780,298791,302028,11,3237,2,7200,1.00339820822
298813,298822,302327,9,3505,2,7200,1.00256776034
298907,300119,300129,1212,10,2,300,122.2
298928,303122,303597,4194,475,10,7199,9.82947368421
298955,298964,302132,9,3168,2,7200,1.00284090909
299126,299136,302371,10,3235,2,7200,1.00309119011
299190,300125,300133,935,8,2,300,94.3
299238,299247,303333,9,4086,2,7200,1.00220264317
299322,299332,302419,10,3087,2,7200,1.00323939099
299524,299534,303126,10,3592,2,7200,1.00278396437
299632,299642,302868,10,3226,2,7200,1.00309981401
299861,300141,300148,280,7,2,300,28.7
300133,300148,300155,15,7,2,300,2.2
300603,300610,304497,7,3887,2,7200,1.00180087471
300618,300625,304291,7,3666,2,7200,1.00190943808
300703,300710,304209,7,3499,2,7200,1.00200057159
301015,310564,336663,9549,26099,8,57600,1.36587608721
301185,301192,305053,7,3861,2,7200,1.00181300181
301525,301531,304921,6,3390,2,7200,1.0017699115
301526,303609,305583,2083,1974,4,14400,2.05521783181
301548,301555,301625,7,70,1,120,1.1
301606,301612,305002,6,3390,2,7200,1.0017699115
301750,301756,311004,6,9248,1,18000,1.00064878893
301942,331073,367515,29131,36442,2,43200,1.79937983645
302031,302038,305829,7,3791,2,7200,1.0018464785
302133,302140,305662,7,3522,2,7200,1.0019875071
302247,303614,305583,1367,1969,4,14400,1.69426104622
302247,302254,306132,7,3878,2,7200,1.00180505415
302329,302335,305974,6,3639,2,7200,1.00164880462
302374,302381,305358,7,2977,2,7200,1.00235136043
302422,302429,306207,7,3778,2,7200,1.00185283219
302566,313468,336294,10902,22826,10,57600,1.47761324805
302848,336029,346478,33181,10449,2,43200,4.17551918844
302871,302878,306611,7,3733,2,7200,1.00187516743
303127,303133,306783,6,3650,2,7200,1.00164383562
303335,303342,306667,7,3325,2,7200,1.00210526316
303504,304106,305583,602,1477,4,14700,1.40758293839
304211,304217,308024,6,3807,2,7200,1.00157604413
304292,304299,307689,7,3390,2,7200,1.00206489676
304500,304508,308114,8,3606,2,7200,1.00221852468
304847,304854,304880,7,26,2,1800,1.26923076923
304922,304929,308270,7,3341,2,7200,1.00209518108
305003,305011,308625,8,3614,2,7200,1.00221361372
305055,305062,308685,7,3623,2,7200,1.00193210047
305210,305595,305628,385,33,2,1800,12.6666666667
305359,305365,308716,6,3351,2,7200,1.0017905103
305490,353331,358948,47841,5617,4,28800,9.51717998932
305658,305665,305878,7,213,4,14400,1.03286384977
305663,305672,309336,9,3664,2,7200,1.00245633188
305716,305723,305936,7,213,4,14700,1.03286384977
305765,305890,305936,125,46,4,14400,3.71739130435
305831,305838,309284,7,3446,2,7200,1.00203134068
305976,305982,309315,6,3333,2,7200,1.00180018002
305981,305989,306722,8,733,4,14400,1.01091405184
306052,306735,307619,683,884,4,14700,1.77262443439
306085,306873,307619,788,746,4,14400,2.0563002681
306135,306143,310055,8,3912,2,7200,1.00204498978
306208,306215,309468,7,3253,2,7200,1.00215185982
306374,306797,306830,423,33,2,1800,13.8181818182
306614,306621,310581,7,3960,2,7200,1.00176767677
306669,306676,309739,7,3063,2,7200,1.00228534117
306753,306842,306863,89,21,2,1800,5.2380952381
306783,306790,310248,7,3458,2,7200,1.0020242915
306968,306975,310333,7,3358,2,3600,1.00208457415
307259,307704,307718,445,14,2,300,32.7857142857
307333,307632,314844,299,7212,4,7200,1.04145867998
307480,307731,307738,251,7,2,300,25.8
307690,307697,311392,7,3695,2,7200,1.00189445196
307703,313463,344632,5760,31169,24,36000,1.18479899901
307724,419186,486886,111462,67700,8,86400,2.64641063516
307963,313474,313475,5511,1,4,14700,551.2
308024,308030,311270,6,3240,2,7200,1.00185185185
308115,308122,311889,7,3767,2,7200,1.00185824263
308271,308277,311986,6,3709,2,7200,1.00161768671
308277,331182,353285,22905,22103,20,86399,2.03628466724
308505,336306,768310,27801,432004,6,432000,1.0643535708
308627,308633,312483,6,3850,2,7200,1.00155844156
308687,308693,312365,6,3672,2,7200,1.00163398693
308718,308724,312519,6,3795,2,7200,1.00158102767
309021,336674,599684,27653,263010,6,432000,1.10514048895
309287,309293,312394,6,3101,2,7200,1.00193485972
309317,309323,313285,6,3962,2,7200,1.00151438667
309338,309344,312869,6,3525,2,7200,1.00170212766
309472,309479,313461,7,3982,2,7200,1.0017579106
309740,309747,312754,7,3007,2,7200,1.00232790156
310057,310064,313539,7,3475,2,7200,1.00201438849
310183,310189,310197,6,8,2,300,1.4
310250,310256,313169,6,2913,2,7200,1.00205973223
310472,310478,310546,6,68,32,600,1.08823529412
310516,314856,322093,4340,7237,4,7200,1.59969600663
310560,331170,350404,20610,19234,24,28800,2.07153998128
310584,310590,313978,6,3388,2,7200,1.00177095632
310870,310877,311901,7,1024,1,900,1.0068359375
311271,311277,315292,6,4015,2,7200,1.00149439601
311380,312850,400640,1470,87790,1,150600,1.01674450393
311394,311401,315392,7,3991,2,7200,1.00175394638
311565,312141,319522,576,7381,1,18000,1.07803820621
311889,311895,315375,6,3480,2,7200,1.00172413793
311898,311905,312064,7,159,1,120,1.04402515723
311988,311994,315124,6,3130,2,7200,1.00191693291
312069,312079,312782,10,703,1,600,1.01422475107
312367,312373,316007,6,3634,2,7200,1.0016510732
312397,312404,315893,7,3489,2,7200,1.00200630553
312485,312492,316142,7,3650,2,7200,1.00191780822
312521,312527,316317,6,3790,2,7200,1.00158311346
312566,319530,333434,6964,13904,1,21600,1.50086306099
312756,312766,316407,10,3641,2,7200,1.00274649821
312870,312881,316513,11,3632,2,7200,1.00302863436
313172,313180,316325,8,3145,2,7200,1.00254372019
313286,313297,317013,11,3716,2,7200,1.00296017223
313464,313481,316620,17,3139,2,7200,1.0054157375
313464,344645,375668,31181,31023,24,36000,2.00509299552
313543,313551,316501,8,2950,2,7200,1.00271186441
313581,313658,313685,77,27,1,1740,3.85185185185
313865,313871,315060,6,1189,1,1740,1.00504625736
313979,313990,317537,11,3547,2,7200,1.00310121229
314158,347016,383036,32858,36020,4,36000,1.91221543587
314170,326860,328712,12690,1852,4,29100,7.85205183585
314279,329626,330155,15347,529,4,36000,30.011342155
314387,314447,324675,60,10228,1,36000,1.00586624951
314506,314626,315836,120,1210,1,1740,1.09917355372
314855,314962,316282,107,1320,1,5390,1.08106060606
314855,319537,501009,4682,181472,1,252000,1.02580012344
314999,320175,493089,5176,172914,1,252000,1.02993395561
315057,320942,484795,5885,163853,1,252000,1.03591633965
315063,315070,315071,7,1,1,600,1.0
315086,321790,483282,6704,161492,1,252000,1.04151289228
315108,322452,506978,7344,184526,1,252000,1.03979926948
315115,322567,500359,7452,177792,1,252000,1.04191414687
315122,324224,493773,9102,169549,1,252000,1.05368359589
315127,315133,318280,6,3147,2,7200,1.00190657769
315129,324519,490491,9390,165972,1,252000,1.05657580797
315135,325470,497589,10335,172119,1,252000,1.06004566608
315142,330499,499311,15357,168812,1,252000,1.09097102102
315148,331646,504578,16498,172932,1,252000,1.09540166077
315158,333446,505879,18288,172433,1,252000,1.10605858507
315166,346490,510592,31324,164102,1,252000,1.19088128115
315174,346495,532335,31321,185840,1,252000,1.16853745157
315204,315211,316376,7,1165,1,1740,1.00600858369
315265,315271,315915,6,644,1,600,1.00931677019
315295,315301,319134,6,3833,2,7200,1.00156535351
315376,315384,318831,8,3447,2,7200,1.00232085872
315394,315402,318696,8,3294,2,7200,1.00242865817
315470,315489,316871,19,1382,1,7190,1.01374819103
315473,315484,315518,11,34,2,1800,1.32352941176
315855,315862,315891,7,29,2,1800,1.24137931034
315895,315901,319695,6,3794,2,7200,1.00158144439
316009,316016,319807,7,3791,2,7200,1.0018464785
316144,316152,319305,8,3153,2,7200,1.0025372661
316173,316179,316183,6,4,1,600,1.0
316319,316325,320163,6,3838,2,7200,1.00156331423
316334,316340,319727,6,3387,2,7200,1.00177147919
316409,316415,319742,6,3327,2,7200,1.00180342651
316502,316508,320158,6,3650,2,7200,1.00164383562
316517,316524,320167,7,3643,2,7200,1.00192149327
316567,316573,316598,6,25,2,1800,1.24
316622,316630,319720,8,3090,2,7200,1.00258899676
316631,316638,318020,7,1382,1,7190,1.00506512301
316956,316963,316988,7,25,2,1800,1.28
316957,318198,318199,1241,1,4,14400,124.2
317016,317023,320373,7,3350,2,7200,1.00208955224
317542,317548,320753,6,3205,2,7200,1.00187207488
318190,331067,331157,12877,90,64,600,144.077777778
318284,318291,321793,7,3502,2,7200,1.0019988578
318425,352362,353870,33937,1508,4,144120,23.5046419098
318456,318463,320374,7,1911,1,1800,1.00366300366
318612,318619,318623,7,4,1,600,1.1
318700,318707,322705,7,3998,2,7200,1.00175087544
318833,318840,322503,7,3663,2,7200,1.00191100191
319137,319144,322854,7,3710,2,7200,1.00188679245
319290,322437,323353,3147,916,8,14400,4.43558951965
319308,319315,322895,7,3580,2,7200,1.00195530726
319697,319703,323367,6,3664,2,7200,1.00163755459
319721,319727,322907,6,3180,2,7200,1.00188679245
319736,319743,323257,7,3514,2,7200,1.00199203187
319750,319758,322835,8,3077,2,7200,1.002599935
319808,319815,323220,7,3405,2,7200,1.00205580029
320153,320159,321540,6,1381,1,7190,1.00434467777
320163,320170,323155,7,2985,2,7200,1.00234505863
320178,320186,324023,8,3837,2,7200,1.00208496221
320180,320191,323460,11,3269,2,7200,1.00336494341
320376,320383,324321,7,3938,2,7200,1.00177755206
320715,320722,320848,7,126,1,900,1.05555555556
320755,320762,324580,7,3818,2,7200,1.00183342064
320928,320935,320944,7,9,2,300,1.6
321115,321121,321140,6,19,1,600,1.31578947368
321367,321373,321377,6,4,1,600,1.0
321443,321449,321559,6,110,2,1800,1.05454545455
321542,321549,321732,7,183,1,600,1.03825136612
321794,321801,325290,7,3489,2,7200,1.00200630553
321803,321810,321821,7,11,2,300,1.63636363636
322134,322141,322299,7,158,2,1800,1.04430379747
322505,322511,325905,6,3394,2,7200,1.00176782557
322597,329925,329931,7328,6,32,600,733.4
322707,322714,326364,7,3650,2,7200,1.00191780822
322836,322843,326823,7,3980,2,7200,1.00175879397
322857,322863,326344,6,3481,2,7200,1.00172364263
322896,322902,326242,6,3340,2,7200,1.00179640719
322911,322918,326688,7,3770,2,7200,1.00185676393
323053,336680,358964,13627,22284,2,43200,1.61151498833
323158,323165,326965,7,3800,2,7200,1.00184210526
323221,323229,326577,8,3348,2,7200,1.00238948626
323257,323265,327012,8,3747,2,7200,1.00213504137
323369,323376,326470,7,3094,2,7200,1.00226244344
323462,323470,326863,8,3393,2,7200,1.00235779546
323504,323512,323519,8,7,1,10,1.5
324024,324030,327615,6,3585,2,7200,1.00167364017
324212,324219,324221,7,2,1,10,1.0
324265,336023,358780,11758,22757,20,86399,1.51667618755
324273,324280,325693,7,1413,1,6610,1.00495399858
324322,324328,327793,6,3465,2,7200,1.00173160173
324581,324588,328182,7,3594,2,7200,1.0019476906
324952,353298,353304,28346,6,20,86399,2835.2
325292,325298,329077,6,3779,2,7200,1.00158772162
325909,325915,329880,6,3965,2,7200,1.00151324086
326243,326249,329985,6,3736,2,7200,1.00160599572
326345,326352,330172,7,3820,2,7200,1.00183246073
326366,326373,330311,7,3938,2,7200,1.00177755206
326472,326479,329970,7,3491,2,7200,1.00200515612
326580,326586,330277,6,3691,2,7200,1.00162557572
326689,326696,330423,7,3727,2,7200,1.00187818621
326824,326830,330240,6,3410,2,7200,1.00175953079
326866,326872,330250,6,3378,2,7200,1.00177619893
326969,326976,329909,7,2933,2,7200,1.00238663484
327014,327021,330633,7,3612,2,7200,1.0019379845
327616,327624,331166,8,3542,2,7200,1.00225861095
327794,327800,331467,6,3667,2,7200,1.00163621489
328185,328193,331631,8,3438,2,7200,1.00232693426
328847,336311,365156,7464,28845,4,28800,1.25876235049
329080,329086,332830,6,3744,2,7200,1.0016025641
329881,329887,332880,6,2993,2,7200,1.00200467758
329911,329918,333738,7,3820,2,7200,1.00183246073
329971,329977,333145,6,3168,2,7200,1.00189393939
329986,329992,333388,6,3396,2,7200,1.00176678445
330175,330181,333374,6,3193,2,7200,1.00187911055
330242,330248,333743,6,3495,2,7200,1.0017167382
330256,330263,334258,7,3995,2,7200,1.00175219024
330277,330285,333363,8,3078,2,7200,1.00259909032
330313,330321,333264,8,2943,2,7200,1.00271831464
330414,336527,372540,6113,36013,4,36000,1.16974425902
330425,330432,334193,7,3761,2,7200,1.00186120713
330633,330640,334287,7,3647,2,7200,1.0019193858
331166,331189,334551,23,3362,2,7200,1.00684116597
331171,350417,369660,19246,19243,24,28800,2.00015590085
331468,331475,335202,7,3727,2,7200,1.00187818621
331633,331640,335325,7,3685,2,7200,1.00189959294
332077,335339,335341,3262,2,2,3540,326.4
332788,347027,350025,14239,2998,1,10800,5.74949966644
332788,350036,352977,17248,2941,1,10800,6.86467188031
332788,349736,352883,16948,3147,1,10800,6.38544645694
332789,352372,355518,19583,3146,1,10800,7.22472981564
332789,352367,355439,19578,3072,1,10800,7.373046875
332832,332838,336146,6,3308,2,7200,1.00181378476
332880,332886,336457,6,3571,2,7200,1.00168020162
333148,333155,336922,7,3767,2,7200,1.00185824263
333266,333273,336603,7,3330,2,7200,1.0021021021
333365,333371,336609,6,3238,2,7200,1.00185299568
333380,333386,336872,6,3486,2,7200,1.0017211704
333395,333401,336697,6,3296,2,7200,1.00182038835
333741,333748,337509,7,3761,2,7200,1.00186120713
333756,333763,337345,7,3582,2,7200,1.00195421552
334197,334204,337301,7,3097,2,7200,1.00226025186
334261,334268,338189,7,3921,2,7200,1.00178525886
334288,334294,337622,6,3328,2,7200,1.00180288462
334553,334559,338140,6,3581,2,7200,1.00167550963
335203,335209,339065,6,3856,2,7200,1.0015560166
335297,347011,372546,11714,25535,6,64800,1.4587429019
335326,335332,339167,6,3835,2,7200,1.00156453716
335752,347006,385379,11254,38373,6,64800,1.29327912855
336149,336157,339718,8,3561,2,7200,1.00224655996
336459,336469,339887,10,3418,2,7200,1.00292568754
336607,336615,340122,8,3507,2,7200,1.00228115198
336622,336628,339867,6,3239,2,7200,1.00185242359
336696,347022,349723,10326,2701,1,5400,4.82302850796
336700,336708,340536,8,3828,2,7200,1.00208986416
336875,336884,340658,9,3774,2,7200,1.00238473768
336923,336933,340564,10,3631,2,7200,1.00275406224
337303,337313,340695,10,3382,2,7200,1.00295683028
337345,337356,341164,11,3808,2,7200,1.00288865546
337511,337522,341638,11,4116,2,7200,1.00267249757
337626,337634,340895,8,3261,2,7200,1.0024532352
338141,338151,341689,10,3538,2,7200,1.00282645562
338193,338201,341599,8,3398,2,7200,1.00235432607
339066,339076,342728,10,3652,2,7200,1.00273822563
339168,339178,342563,10,3385,2,7200,1.00295420975
339720,339730,343459,10,3729,2,7200,1.0026816841
339867,339878,343111,11,3233,2,7200,1.00340241262
339888,339899,343279,11,3380,2,7200,1.00325443787
340123,340134,343603,11,3469,2,7200,1.00317094263
340536,340548,344101,12,3553,2,7200,1.00337742753
340566,340577,344335,11,3758,2,7200,1.00292708888
340660,340670,344243,10,3573,2,7200,1.00279876854
340699,340707,344616,8,3909,2,7200,1.00204655922
340898,340907,344690,9,3783,2,7200,1.00237906423
341166,341177,344270,11,3093,2,7200,1.00355641772
341603,341612,345133,9,3521,2,7200,1.00255609202
341639,341649,344826,10,3177,2,7200,1.00314762354
341690,341701,345558,11,3857,2,7200,1.00285195748
342566,342575,346102,9,3527,2,7200,1.00255174369
342729,342740,346532,11,3792,2,7200,1.00290084388
343114,343123,347173,9,4050,2,7200,1.00222222222
343280,343290,347157,10,3867,2,7200,1.00258598397
343461,343471,346937,10,3466,2,7200,1.00288517023
343605,343615,346587,10,2972,2,7200,1.00336473755
344103,344112,347403,9,3291,2,7200,1.00273473108
344244,344254,347683,10,3429,2,7200,1.00291630213
344271,344282,347591,11,3309,2,7200,1.00332426715
344338,344347,347884,9,3537,2,7200,1.00254452926
344619,344628,348329,9,3701,2,7200,1.0024317752
344692,344702,347928,10,3226,2,7200,1.00309981401
344827,344837,348753,10,3916,2,7200,1.00255362615
345135,345145,348504,10,3359,2,7200,1.00297707651
345559,345569,348891,10,3322,2,7200,1.0030102348
346105,346114,349286,9,3172,2,7200,1.00283732661
346536,346543,350163,7,3620,2,7200,1.00193370166
346590,346598,350516,8,3918,2,7200,1.00204185809
346939,346948,350765,9,3817,2,7200,1.00235787267
347159,347170,350627,11,3457,2,7200,1.00318194967
347174,347185,350364,11,3179,2,7200,1.00346020761
347406,347414,350642,8,3228,2,7200,1.00247831475
347593,347603,350659,10,3056,2,7200,1.00327225131
347687,347695,351510,8,3815,2,7200,1.00209698558
347885,347897,350816,12,2919,2,7200,1.00411099692
347930,347939,351417,9,3478,2,7200,1.00258769408
348331,348340,351967,9,3627,2,7200,1.00248138958
348506,348515,352404,9,3889,2,7200,1.00231421959
348756,348764,352399,8,3635,2,7200,1.00220082531
348895,348903,352627,8,3724,2,7200,1.00214822771
349289,349298,352838,9,3540,2,7200,1.00254237288
350163,350175,354052,12,3877,2,7200,1.00309517668
350365,350375,353910,10,3535,2,7200,1.00282885431
350417,369667,388890,19250,19223,24,28800,2.00140456745
350519,350529,354171,10,3642,2,7200,1.0027457441
350630,350639,353832,9,3193,2,7200,1.00281866583
350645,350653,354329,8,3676,2,7200,1.00217627856
350660,350671,354095,11,3424,2,7200,1.00321261682
350766,350777,354226,11,3449,2,7200,1.00318933024
350820,350828,354279,8,3451,2,7200,1.00231816865
351418,351428,354570,10,3142,2,7200,1.00318268619
351511,351521,355296,10,3775,2,7200,1.00264900662
351969,351979,355179,10,3200,2,7200,1.003125
352400,352410,355607,10,3197,2,7200,1.00312793244
352415,352421,356340,6,3919,2,7200,1.00153100281
352629,352639,356543,10,3904,2,7200,1.00256147541
352840,352850,356126,10,3276,2,7200,1.00305250305
353318,419208,475023,65890,55815,4,72000,2.18050703216
353834,353840,357301,6,3461,2,7200,1.001733603
353913,353919,357138,6,3219,2,7200,1.0018639329
354054,354061,357397,7,3336,2,7200,1.00209832134
354097,354104,357836,7,3732,2,7200,1.00187566988
354172,354179,357399,7,3220,2,7200,1.00217391304
354229,354235,357920,6,3685,2,7200,1.00162822252
354280,354286,357713,6,3427,2,7200,1.00175080245
354331,354337,358064,6,3727,2,7200,1.00160987389
354572,354578,357904,6,3326,2,7200,1.00180396873
355181,355187,358517,6,3330,2,7200,1.0018018018
355299,355306,358755,7,3449,2,7200,1.00202957379
355533,355540,358325,7,2785,1,10800,1.00251346499
355534,355551,358548,17,2997,1,10800,1.00567233901
355534,355557,358278,23,2721,1,10800,1.00845277472
355534,355545,358190,11,2645,1,10800,1.00415879017
355534,355563,359219,29,3656,1,10800,1.0079321663
355609,355616,359408,7,3792,2,7200,1.00184599156
356129,356135,360102,6,3967,2,7200,1.00151247794
356343,356348,359763,5,3415,2,7200,1.00146412884
356545,356552,359881,7,3329,2,7200,1.00210273355
356972,356978,371792,6,14814,16,28800,1.00040502228
356972,371798,371816,14826,18,16,28800,824.666666667
356973,371823,371837,14850,14,16,28800,1061.71428571
356974,371846,371862,14872,16,16,28800,930.5
356975,371868,371878,14893,10,16,28800,1490.3
356975,371884,371896,14909,12,16,28800,1243.41666667
356976,371902,371915,14926,13,16,28800,1149.15384615
356977,371925,371937,14948,12,16,28800,1246.66666667
356978,371943,371958,14965,15,16,28800,998.666666667
356979,371965,371975,14986,10,16,28800,1499.6
356979,371981,371991,15002,10,16,28800,1501.2
356980,371998,372013,15018,15,16,28800,1002.2
356981,372018,380323,15037,8305,16,28800,2.81059602649
356982,380329,380363,23347,34,16,28800,687.676470588
356983,380402,380424,23419,22,16,28800,1065.5
356983,380370,380395,23387,25,16,28800,936.48
356984,380434,380461,23450,27,16,28800,869.518518519
356985,380468,380483,23483,15,16,28800,1566.53333333
356986,380490,380511,23504,21,16,28800,1120.23809524
356986,380518,380530,23532,12,16,28800,1962.0
357140,357153,360968,13,3815,2,7200,1.00340760157
357303,357309,360599,6,3290,2,7200,1.00182370821
357400,357406,361157,6,3751,2,7200,1.00159957345
357401,357412,360637,11,3225,2,7200,1.00341085271
357715,357721,361326,6,3605,2,7200,1.00166435506
357838,357844,360770,6,2926,2,7200,1.002050581
357908,357914,361495,6,3581,2,7200,1.00167550963
357923,357930,361650,7,3720,2,7200,1.00188172043
358067,358073,361356,6,3283,2,7200,1.00182759671
358519,358525,361698,6,3173,2,7200,1.00189095493
358758,358765,362225,7,3460,2,7200,1.00202312139
359233,359244,362375,11,3131,1,10800,1.00351325455
359233,359239,362366,6,3127,1,10800,1.00191877199
359233,359250,362175,17,2925,1,10800,1.00581196581
359234,359267,362418,33,3151,1,10800,1.01047286576
359234,359262,362483,28,3221,1,10800,1.0086929525
359234,359256,362137,22,2881,1,10800,1.00763623742
359235,359283,362354,48,3071,1,10800,1.01563008792
359235,359272,362233,37,2961,1,10800,1.01249577845
359235,359278,362174,43,2896,1,10800,1.0148480663
359236,359289,362359,53,3070,1,10800,1.01726384365
359236,359294,362245,58,2951,1,10800,1.01965435446
359236,359299,362100,63,2801,1,10800,1.02249196715
359409,359415,363069,6,3654,2,7200,1.00164203612
359764,359770,363324,6,3554,2,7200,1.0016882386
359882,359888,363858,6,3970,2,7200,1.00151133501
360105,360111,363403,6,3292,2,7200,1.00182260024
360599,360605,364062,6,3457,2,7200,1.00173560891
360638,360646,364288,8,3642,2,7200,1.00219659528
360771,360778,363766,7,2988,2,7200,1.00234270415
360970,360977,364506,7,3529,2,7200,1.00198356475
361160,361166,364628,6,3462,2,7200,1.00173310225
361328,361335,364772,7,3437,2,7200,1.00203665988
361358,361366,365306,8,3940,2,7200,1.00203045685
361499,361506,364668,7,3162,2,7200,1.00221378874
361652,361658,365352,6,3694,2,7200,1.00162425555
361701,361707,365618,6,3911,2,7200,1.00153413449
362228,362235,365897,7,3662,2,7200,1.00191152376
362504,362510,365040,6,2530,1,10800,1.0023715415
362504,362516,365076,12,2560,1,10800,1.0046875
362505,362521,365857,16,3336,1,10800,1.00479616307
362505,362527,365848,22,3321,1,10800,1.00662451069
362505,362538,365934,33,3396,1,10800,1.00971731449
362505,362533,366229,28,3696,1,10800,1.00757575758
362506,362554,365159,48,2605,1,10800,1.01842610365
362506,362543,365879,37,3336,1,10800,1.0110911271
362506,362549,365094,43,2545,1,10800,1.01689587426
362507,362570,365235,63,2665,1,10800,1.02363977486
362507,362565,365110,58,2545,1,10800,1.02278978389
362507,362559,365150,52,2591,1,10800,1.02006947125
363072,363078,366539,6,3461,2,7200,1.001733603
363326,363332,367105,6,3773,2,7200,1.00159024649
363404,363410,366802,6,3392,2,7200,1.00176886792
363769,363775,367378,6,3603,2,7200,1.00166527893
363859,363866,367261,7,3395,2,7200,1.00206185567
364064,364071,366867,7,2796,2,7200,1.00250357654
364290,364297,367378,7,3081,2,7200,1.00227198961
364507,364513,367378,6,2865,2,7200,1.00209424084
364631,364637,367378,6,2741,2,7200,1.00218898212
364670,364676,367378,6,2702,2,7200,1.00222057735
364772,364779,367378,7,2599,2,7200,1.00269334359
365306,365313,367379,7,2066,2,7200,1.00338818974
365354,365361,367378,7,2017,2,7200,1.00347050074
365620,365627,367378,7,1751,2,7200,1.00399771559
365900,365906,367378,6,1472,2,7200,1.00407608696
366246,366252,369628,6,3376,1,10800,1.00177725118
366246,366257,369418,11,3161,1,10800,1.00347991142
366247,366263,369514,16,3251,1,10800,1.0049215626
366247,366275,369376,28,3101,1,10800,1.00902934537
366247,366270,369300,23,3030,1,10800,1.00759075908
366248,366291,369612,43,3321,1,10800,1.01294790726
366248,366296,369272,48,2976,1,10800,1.01612903226
366248,366280,369146,32,2866,1,10800,1.0111653873
366248,366286,369168,38,2882,1,10800,1.01318528799
366249,366307,369323,58,3016,1,10800,1.01923076923
366249,366302,369263,53,2961,1,10800,1.01789935832
366249,366313,369279,64,2966,1,10800,1.02157788267
366542,366550,367378,8,828,2,7200,1.00966183575
366805,366811,367378,6,567,2,7200,1.01058201058
366868,366874,367378,6,504,2,7200,1.0119047619
367106,367112,367378,6,266,2,7200,1.02255639098
367264,367271,367378,7,107,2,7200,1.06542056075
368170,368176,368209,6,33,2,7200,1.18181818182
368171,368183,368216,12,33,2,7200,1.36363636364
368172,368189,368221,17,32,2,7200,1.53125
368174,368194,368227,20,33,2,7200,1.60606060606
368175,368199,368232,24,33,2,7200,1.72727272727
368176,368210,404254,34,36044,1,36000,1.00094329153
368176,368205,368237,29,32,2,7200,1.90625
368178,368216,368249,38,33,2,7200,2.15151515152
368179,368222,368257,43,35,2,7200,2.22857142857
368181,368227,368261,46,34,2,7200,2.35294117647
368182,368232,368265,50,33,2,7200,2.51515151515
368183,368238,368271,55,33,2,7200,2.66666666667
368185,368243,368277,58,34,2,7200,2.70588235294
368186,368249,368281,63,32,2,7200,2.96875
368325,368331,368364,6,33,2,7200,1.18181818182
368327,368337,368371,10,34,2,7200,1.29411764706
368405,368411,371910,6,3499,2,7200,1.00171477565
368406,368417,371822,11,3405,2,7200,1.00323054332
368408,368423,372011,15,3588,2,7200,1.00418060201
368409,368428,372251,19,3823,2,7200,1.00496991891
368410,368433,371817,23,3384,2,7200,1.00679669031
368412,368439,371380,27,2941,2,7200,1.00918055083
368413,368445,371735,32,3290,2,7200,1.00972644377
368415,368450,372092,35,3642,2,7200,1.00961010434
368416,368455,371896,39,3441,2,7200,1.01133391456
368418,368461,371773,43,3312,2,7200,1.01298309179
368419,368466,372013,47,3547,2,7200,1.01325063434
368420,368471,372274,51,3803,2,7200,1.01341046542
368422,368477,372337,55,3860,2,7200,1.01424870466
368423,368482,371795,59,3313,2,7200,1.01780863266
368425,368487,372189,62,3702,2,7200,1.01674770394
369669,391455,410830,21786,19375,24,28800,2.12443870968
369681,369687,369689,6,2,2,3600,1.0
370612,370618,370621,6,3,2,3600,1.0
370658,370664,370666,6,2,2,3600,1.0
370886,370892,371394,6,502,2,3600,1.01195219124
371381,371388,374501,7,3113,2,7200,1.00224863476
371435,371441,373050,6,1609,2,3600,1.00372902424
371735,371741,375127,6,3386,2,7200,1.00177200236
371774,371780,374871,6,3091,2,7200,1.00194111938
371798,371805,375258,7,3453,2,7200,1.0020272227
371819,371830,374895,11,3065,2,7200,1.00358890701
371834,371840,375128,6,3288,2,7200,1.00182481752
371897,371909,372455,12,546,2,7200,1.02197802198
371911,371918,375565,7,3647,2,7200,1.0019193858
372011,372024,375850,13,3826,2,7200,1.0033978045
372026,372032,375629,6,3597,2,7200,1.00166805671
372094,372100,375010,6,2910,2,7200,1.00206185567
372189,372196,375364,7,3168,2,7200,1.00220959596
372252,372258,375451,6,3193,2,7200,1.00187911055
372276,372282,375324,6,3042,2,7200,1.00197238659
372339,372345,375938,6,3593,2,7200,1.00166991372
372456,372462,375976,6,3514,2,7200,1.00170745589
372757,372764,375953,7,3189,1,18000,1.00219504547
372779,372785,373154,6,369,2,3600,1.0162601626
373106,373112,373179,6,67,32,600,1.08955223881
373116,373123,373716,7,593,2,3600,1.01180438449
373202,373208,373890,6,682,2,3600,1.00879765396
373264,373271,373339,7,68,32,600,1.10294117647
373401,373407,373477,6,70,32,600,1.08571428571
373636,373642,373778,6,136,32,43200,1.04411764706
373950,373956,374071,6,115,32,43200,1.05217391304
374097,374103,374260,6,157,32,43200,1.03821656051
374287,374293,374421,6,128,32,43200,1.046875
374503,374510,377397,7,2887,2,7200,1.00242466228
374629,374636,374765,7,129,32,43200,1.05426356589
374873,374879,377993,6,3114,2,7200,1.00192678227
374896,374903,378073,7,3170,2,7200,1.00220820189
374900,374910,375047,10,137,32,43200,1.07299270073
374921,375580,375643,659,63,64,600,11.4603174603
375011,375017,378411,6,3394,2,7200,1.00176782557
375128,375134,378402,6,3268,2,7200,1.00183598531
375143,375149,378403,6,3254,2,7200,1.00184388445
375260,375266,377830,6,2564,2,7200,1.0023400936
375326,375333,379188,7,3855,2,7200,1.00181582361
375365,375372,378281,7,2909,2,7200,1.0024063252
375452,375458,378850,6,3392,2,7200,1.00176886792
375568,375574,378575,6,3001,2,7200,1.00199933356
375631,375637,378179,6,2542,2,7200,1.00236034618
375671,375683,381035,12,5352,4,14400,1.00224215247
375671,375677,378583,6,2906,4,14400,1.00206469374
375673,375690,379253,17,3563,4,14400,1.00477126017
375674,375695,383201,21,7506,4,14400,1.00279776179
375719,375730,381026,11,5296,4,14400,1.00207703927
375719,375725,379069,6,3344,4,14400,1.00179425837
375721,375738,378279,17,2541,4,14400,1.00669027942
375722,375743,380706,21,4963,4,14400,1.00423131171
375747,375759,376186,12,427,4,14400,1.0281030445
375747,375753,375979,6,226,4,14400,1.02654867257
375749,375766,375987,17,221,4,14400,1.07692307692
375750,375771,376207,21,436,4,14400,1.04816513761
375850,375857,379043,7,3186,2,7200,1.00219711237
375940,375948,379598,8,3650,2,7200,1.00219178082
375976,375982,379153,6,3171,2,7200,1.00189214759
376001,376028,376163,27,135,32,43200,1.2
376330,376336,376532,6,196,32,43200,1.0306122449
376511,376543,376866,32,323,32,43200,1.09907120743
376691,376698,376925,7,227,4,14400,1.03083700441
376692,376704,377129,12,425,4,14400,1.02823529412
376693,376710,376937,17,227,4,14400,1.07488986784
376694,376716,377144,22,428,4,14400,1.05140186916
376963,376970,377051,7,81,32,43200,1.08641975309
377387,378090,378233,703,143,64,600,5.91608391608
377400,377406,380959,6,3553,2,7200,1.00168871376
377634,378250,378495,616,245,4,14400,3.51428571429
377635,378255,378678,620,423,4,14400,2.46572104019
377641,378261,378486,620,225,4,14400,3.75555555556
377642,378266,378675,624,409,4,14400,2.52567237164
377728,378244,378417,516,173,32,43200,3.98265895954
377833,377839,381645,6,3806,2,7200,1.00157645822
377998,378004,381364,6,3360,2,7200,1.00178571429
378076,378082,381719,6,3637,2,7200,1.0016497113
378181,378188,381823,7,3635,2,7200,1.00192572215
378283,378290,381959,7,3669,2,7200,1.00190787681
378371,378378,983200,7,604822,6,604800,1.00001157365
378405,378412,381174,7,2762,2,7200,1.00253439537
378407,378419,381444,12,3025,2,7200,1.00396694215
378422,378428,381682,6,3254,2,7200,1.00184388445
378521,378527,378617,6,90,2,4800,1.06666666667
378579,378586,382348,7,3762,2,7200,1.00186071239
378853,378859,379448,6,589,2,7200,1.01018675722
378952,378959,724571,7,345612,3,345600,1.00002025393
379006,379012,379439,6,427,2,3600,1.01405152225
379047,379053,382967,6,3914,2,7200,1.00153295861
379157,379164,382003,7,2839,2,7200,1.00246565692
379190,379197,382497,7,3300,2,7200,1.00212121212
379276,379451,379511,175,60,64,600,3.91666666667
379387,379465,725112,78,345647,3,345600,1.00022566376
379448,379458,382714,10,3256,2,7200,1.00307125307
379510,379522,379609,12,87,1,3600,1.13793103448
379599,379605,382517,6,2912,2,7200,1.00206043956
379612,379618,380601,6,983,2,3600,1.00610376399
380261,380268,380512,7,244,4,14400,1.02868852459
380262,380274,380690,12,416,4,14400,1.02884615385
380264,380280,380507,16,227,4,14400,1.0704845815
380265,380285,380689,20,404,4,14400,1.0495049505
380402,380408,557327,6,176919,1,252000,1.00003391382
380421,380428,564605,7,184177,1,252000,1.00003800692
380515,380525,547177,10,166652,1,252000,1.00006000528
380522,380532,546547,10,166015,1,252000,1.00006023552
380530,380539,561910,9,181371,1,252000,1.00004962205
380537,380546,553609,9,173063,1,252000,1.00005200418
380543,380552,568218,9,187666,1,252000,1.00004795754
380550,380560,552088,10,171528,1,252000,1.00005829952
380557,380566,553749,9,173183,1,252000,1.00005196815
380566,380574,555087,8,174513,1,252000,1.00004584186
380604,380611,557531,7,176920,1,252000,1.00003956591
380611,380618,554281,7,173663,1,252000,1.00004030795
380617,380624,555113,7,174489,1,252000,1.00004011714
380627,380634,547156,7,166522,1,252000,1.00004203649
380630,380640,380641,10,1,1,86400,1.1
380634,380646,551361,12,170715,1,252000,1.00007029259
380643,380653,545882,10,165229,1,252000,1.00006052206
380649,380659,557405,10,176746,1,252000,1.00005657837
380656,380666,568654,10,187988,1,252000,1.00005319488
380662,380673,554309,11,173636,1,252000,1.00006335092
380671,380680,565881,9,185201,1,252000,1.00004859585
380870,380877,567470,7,186593,1,252000,1.0000375148
380894,380901,559654,7,178753,1,252000,1.00003916018
380904,380912,538498,8,157586,1,252000,1.00005076593
380912,380918,542361,6,161443,1,252000,1.00003716482
380919,380926,550702,7,169776,1,252000,1.0000412308
380926,380934,547142,8,166208,1,252000,1.00004813246
380933,380940,541885,7,160945,1,252000,1.00004349312
380939,380946,544876,7,163930,1,252000,1.00004270115
380945,380954,550977,9,170023,1,252000,1.00005293401
380954,380960,551754,6,170794,1,252000,1.00003513004
380959,380966,384249,7,3283,2,7200,1.00213219616
381070,381076,381237,6,161,2,1800,1.03726708075
381176,381182,384435,6,3253,2,7200,1.00184445128
381282,381289,556653,7,175364,1,252000,1.00003991697
381365,381371,384963,6,3592,2,7200,1.00167037862
381447,381453,384493,6,3040,2,7200,1.00197368421
381499,381505,386799,6,5294,1,10800,1.00113335852
381518,381524,387916,6,6392,1,10800,1.00093867334
381649,381655,385233,6,3578,2,7200,1.00167691448
381685,381691,385104,6,3413,2,7200,1.00175798418
381703,381709,468150,6,86441,20,86399,1.00006941151
381721,381727,385908,6,4181,2,7200,1.00143506338
381823,381830,385410,7,3580,2,7200,1.00195530726
381961,381968,384942,7,2974,2,7200,1.00235373235
382003,382010,384988,7,2978,2,7200,1.00235057085
382096,391388,391443,9292,55,64,600,169.945454545
382351,382357,385619,6,3262,2,7200,1.00183936235
382498,382505,385450,7,2945,2,7200,1.00237691002
382519,382525,383032,6,507,2,7200,1.01183431953
382645,391465,438443,8820,46978,20,86399,1.18774745626
382717,382723,386023,6,3300,2,7200,1.00181818182
382971,382978,383557,7,579,2,7200,1.01208981002
383025,383031,384201,6,1170,1,1740,1.00512820513
383026,383038,384201,12,1163,1,1740,1.01031814273
383035,383045,386677,10,3632,2,7200,1.00275330396
383526,383533,385000,7,1467,16,3600,1.00477164281
383560,383566,386815,6,3249,2,7200,1.00184672207
384031,384038,384857,7,819,1,5390,1.00854700855
384118,384125,573967,7,189842,2,604800,1.00003687277
384237,384244,384601,7,357,2,43200,1.01960784314
384253,384259,388019,6,3760,2,7200,1.00159574468
384346,384354,387086,8,2732,2,604800,1.00292825769
384349,384361,399513,12,15152,1,124200,1.00079197466
384398,384405,391765,7,7360,1,160200,1.00095108696
384436,384443,387897,7,3454,2,7200,1.00202663578
384455,419181,439664,34726,20483,10,57600,2.69535712542
384496,384502,387941,6,3439,2,7200,1.00174469322
384598,384606,387871,8,3265,2,43200,1.00245022971
384627,384646,385452,19,806,1,5390,1.02357320099
384627,384633,385440,6,807,1,5390,1.00743494424
384627,384638,385438,11,800,1,5390,1.01375
384628,384656,385445,28,789,1,5390,1.03548795944
384628,384651,385450,23,799,1,5390,1.02878598248
384666,385008,420373,342,35365,2,43200,1.00967057826
384944,384950,388520,6,3570,2,7200,1.00168067227
384959,384965,387003,6,2038,2,7200,1.00294406281
384989,384996,388471,7,3475,2,7200,1.00201438849
385054,391460,399194,6406,7734,16,28800,1.8282906646
385102,385109,385110,7,1,1,1740,1.0
385103,385114,385115,11,1,1,1740,1.2
385106,385120,388230,14,3110,2,7200,1.00450160772
385173,385179,386422,6,1243,1,6610,1.00482703138
385236,385243,387952,7,2709,2,7200,1.00258397933
385263,385271,391741,8,6470,1,10800,1.00123647604
385320,385326,386390,6,1064,1,1740,1.00563909774
385321,385332,386390,11,1058,1,1740,1.01039697543
385414,385420,388676,6,3256,2,7200,1.00184275184
385453,385460,389194,7,3734,2,7200,1.00187466524
385537,385544,390509,7,4965,6,57600,1.00140986908
385565,385572,385631,7,59,16,600,1.1186440678
385622,385630,388671,8,3041,2,7200,1.00263071358
385838,385845,390267,7,4422,1,9000,1.00158299412
385839,385850,405458,11,19608,2,604800,1.00056099551
385911,385918,389466,7,3548,2,7200,1.0019729425
385999,386311,524892,312,138581,2,604800,1.00225139088
386026,386032,389824,6,3792,2,7200,1.00158227848
386075,387111,710046,1036,322935,2,604800,1.00320807593
386196,391508,441987,5312,50479,2,604800,1.1052318786
386273,386280,386345,7,65,16,600,1.10769230769
386282,391676,401335,5394,9659,2,604800,1.55844290299
386340,391703,450076,5363,58373,2,604800,1.09187466808
386385,391790,430683,5405,38893,2,604800,1.13897102306
386400,386407,386467,7,60,16,600,1.11666666667
386428,391917,455583,5489,63666,2,604800,1.08621556247
386481,386488,386612,7,124,16,10800,1.0564516129
386680,386688,388362,8,1674,2,7200,1.00477897252
386731,386739,386951,8,212,16,10800,1.03773584906
386816,386823,390036,7,3213,2,7200,1.00217864924
386973,386980,387104,7,124,16,10800,1.0564516129
387006,387012,390213,6,3201,2,7200,1.00187441425
387157,387163,387510,6,347,16,10800,1.01729106628
387218,387883,410208,665,22325,2,36000,1.02978723404
387321,391471,413113,4150,21642,4,36000,1.19175676924
387608,387614,388043,6,429,16,10800,1.01398601399
387664,391777,391778,4113,1,1,10800,411.4
387901,387908,391377,7,3469,2,7200,1.00201787259
387939,391796,407630,3857,15834,1,18000,1.24358974359
387943,387951,391325,8,3374,2,7200,1.00237107291
387958,387964,389622,6,1658,2,7200,1.00361881785
388021,388027,391775,6,3748,2,7200,1.00160085379
388231,388237,392067,6,3830,2,7200,1.00156657963
388307,419215,430831,30908,11616,4,28800,3.66081267218
388363,388370,391661,7,3291,2,7200,1.00212701307
388472,388478,391688,6,3210,2,7200,1.00186915888
388523,388530,391901,7,3371,2,7200,1.00207653515
388616,419197,427274,30581,8077,6,86400,4.78618298873
388674,388681,392114,7,3433,2,7200,1.00203903292
388689,388696,391494,7,2798,2,7200,1.00250178699
388851,391753,400243,2902,8490,1,169200,1.3418138987
389087,389094,389108,7,14,2,600,1.5
389197,389205,392565,8,3360,2,7200,1.00238095238
389469,389476,392453,7,2977,2,7200,1.00235136043
389537,392083,409209,2546,17126,2,43200,1.1486628518
389626,389632,392357,6,2725,2,7200,1.00220183486
389825,389831,393755,6,3924,2,7200,1.00152905199
390040,390047,393439,7,3392,2,7200,1.00206367925
390112,392129,393271,2017,1142,2,10800,2.76619964974
390214,390220,393356,6,3136,2,7200,1.00191326531
390819,413124,438906,22305,25782,4,144120,1.8651384687
391329,391336,395298,7,3962,2,7200,1.00176678445
391371,391378,394193,7,2815,2,7200,1.00248667851
391456,419176,419177,27720,1,24,28800,2772.1
391495,391501,395251,6,3750,2,7200,1.0016
391663,391670,395576,7,3906,2,7200,1.0017921147
391690,391696,395295,6,3599,2,7200,1.00166712976
391777,391784,395257,7,3473,2,7200,1.00201554852
391904,391910,395059,6,3149,2,7200,1.00190536678
392070,392077,395993,7,3916,2,7200,1.0017875383
392105,399206,400412,7101,1206,16,3600,6.88805970149
392115,392121,395946,6,3825,2,7200,1.00156862745
392359,392369,395476,10,3107,2,7200,1.00321853878
392455,392465,395424,10,2959,2,7200,1.00337952011
392552,393288,398692,736,5404,1,10800,1.13619541081
392560,392577,396114,17,3537,2,7200,1.00480633305
393059,393282,393294,223,12,1,600,19.5833333333
393270,419192,419197,25922,5,6,86400,2592.7
393360,393367,396372,7,3005,2,7200,1.00232945092
393413,400451,401053,7038,602,2,600,12.6910299003
393441,393451,397358,10,3907,2,7200,1.00255950857
393491,400430,401367,6939,937,2,10800,8.40554962647
393758,393766,396901,8,3135,2,7200,1.00255183413
394195,394201,396017,6,1816,2,7200,1.00330396476
394419,400425,400426,6006,1,4,14400,600.7
394871,400435,400474,5564,39,2,1800,143.666666667
394945,419202,445738,24257,26536,6,57600,1.91411667169
395063,395069,395090,6,21,2,7200,1.28571428571
395090,395097,398203,7,3106,2,7200,1.00225370251
395253,395259,398437,6,3178,2,7200,1.00188797986
395267,395274,398710,7,3436,2,7200,1.00203725262
395298,395304,396031,6,727,2,7200,1.00825309491
395301,400441,400481,5140,40,2,1800,129.5
395312,395318,398638,6,3320,2,7200,1.00180722892
395426,395432,397772,6,2340,2,7200,1.00256410256
395478,395484,399211,6,3727,2,7200,1.00160987389
395567,396034,396664,467,630,1,7200,1.74126984127
395577,395584,399335,7,3751,2,7200,1.00186616902
395948,395954,399150,6,3196,2,7200,1.00187734668
395977,413484,413486,17507,2,1,72000,1750.9
395977,413453,413457,17476,4,1,72000,1748.0
395977,413469,413472,17492,3,1,72000,1749.5
395978,413512,413514,17534,2,1,72000,1753.6
395978,413540,413542,17562,2,1,72000,1756.4
395978,413498,413500,17520,2,1,72000,1752.2
395978,413525,413528,17547,3,1,72000,1755.0
395979,413554,413556,17575,2,1,72000,1757.7
395979,413567,413570,17588,3,1,72000,1759.1
395979,413582,413584,17603,2,1,72000,1760.5
395993,395999,399802,6,3803,2,7200,1.00157770181
396020,396027,399816,7,3789,2,7200,1.00184745315
396035,396044,399050,9,3006,2,7200,1.00299401198
396116,396126,396138,10,12,2,7200,1.83333333333
396140,396150,399065,10,2915,2,7200,1.00343053173
396174,409212,445220,13038,36008,4,36000,1.36208620307
396374,396383,399432,9,3049,2,7200,1.00295178747
396572,418544,419164,21972,620,64,600,36.4387096774
396901,396908,400404,7,3496,2,7200,1.00200228833
397254,405469,433253,8215,27784,1,160200,1.29567376908
397359,397366,400712,7,3346,2,7200,1.00209205021
397603,409221,409222,11618,1,1,86400,1161.9
397774,397781,400965,7,3184,2,7200,1.00219849246
398205,398212,401966,7,3754,2,7200,1.00186467768
398439,398446,401543,7,3097,2,7200,1.00226025186
398641,398647,401658,6,3011,2,7200,1.00199269346
398713,398720,398838,7,118,2,7200,1.0593220339
398840,398847,401617,7,2770,2,7200,1.00252707581
398950,399524,405985,574,6461,2,21600,1.08884073673
399050,399057,402116,7,3059,2,7200,1.00228832952
399068,399075,403008,7,3933,2,7200,1.00177981185
399152,399160,402524,8,3364,2,7200,1.00237812128
399213,399219,402651,6,3432,2,7200,1.00174825175
399336,399342,401103,6,1761,2,7200,1.00340715503
399423,400446,400459,1023,13,2,600,79.6923076923
399432,399439,403298,7,3859,2,7200,1.00181394144
399659,409234,436716,9575,27482,1,126000,1.34840986828
399805,399812,403312,7,3500,2,7200,1.002
399820,399826,403474,6,3648,2,7200,1.00164473684
400406,400412,403857,6,3445,2,7200,1.00174165457
400731,400738,403911,7,3173,2,7200,1.00220611409
400733,400744,404469,11,3725,2,7200,1.00295302013
400734,400750,404550,16,3800,2,7200,1.00421052632
400735,400755,404602,20,3847,2,7200,1.00519885625
400737,400760,404222,23,3462,2,7200,1.00664355864
400738,400766,404175,28,3409,2,7200,1.00821355236
400740,400773,404107,33,3334,2,7200,1.0098980204
400741,400778,404027,37,3249,2,7200,1.01138811942
400742,400783,403866,41,3083,2,7200,1.013298735
401001,401121,403895,120,2774,1,14400,1.04325883201
401006,401065,401110,59,45,2,1200,2.31111111111
401248,401254,402638,6,1384,1,14400,1.00433526012
401297,406898,406899,5601,1,2,259200,560.2
401532,406911,416576,5379,9665,2,604800,1.55654423176
401605,410220,412951,8615,2731,2,604800,4.15452215306
401717,410843,410849,9126,6,16,3600,913.2
401746,401752,401768,6,16,2,1200,1.375
402655,402662,405905,7,3243,2,7200,1.00215849522
402661,402668,403823,7,1155,1,1740,1.00606060606
402964,402971,403501,7,530,1,14400,1.01320754717
403010,403017,406665,7,3648,2,7200,1.00191885965
403301,403308,406136,7,2828,2,7200,1.00247524752
403316,403322,406960,6,3638,2,7200,1.00164925783
403475,403481,407264,6,3783,2,7200,1.00158604282
403577,403878,405686,301,1808,2,1800,1.16648230088
403721,403727,413421,6,9694,1,14400,1.00061893955
403742,403835,413424,93,9589,1,14400,1.00969861299
403860,403867,407107,7,3240,2,7200,1.00216049383
403875,403885,407537,10,3652,2,7200,1.00273822563
403914,403920,406942,6,3022,2,7200,1.00198544011
404028,404034,407570,6,3536,2,7200,1.00169683258
404110,404116,404710,6,594,2,7200,1.0101010101
404175,405697,406291,1522,594,4,14400,3.56228956229
404176,404183,407196,7,3013,2,7200,1.00232326585
404224,404230,408031,6,3801,2,7200,1.00157853197
404471,404478,407999,7,3521,2,7200,1.00198807157
404552,404559,407427,7,2868,2,7200,1.00244072524
404603,404610,408334,7,3724,2,7200,1.00187969925
404712,404719,407139,7,2420,2,7200,1.00289256198
405619,413909,424437,8290,10528,2,604800,1.78742401216
405808,405920,406257,112,337,1,3600,1.33234421365
405907,405913,409546,6,3633,2,7200,1.00165152766
405938,407642,422080,1704,14438,1,14400,1.11802188669
406139,406146,409709,7,3563,2,7200,1.00196463654
406549,406556,406818,7,262,1,3600,1.02671755725
406648,406654,406860,6,206,1,3600,1.02912621359
406666,406673,409843,7,3170,2,7200,1.00220820189
406846,410819,411142,3973,323,1,36000,13.3003095975
406943,406949,407213,6,264,2,7200,1.02272727273
406961,406967,408109,6,1142,2,7200,1.00525394046
407098,407104,408928,6,1824,2,1800,1.00328947368
407108,407115,411114,7,3999,2,7200,1.00175043761
407141,407148,410405,7,3257,2,7200,1.00214921707
407198,407206,410556,8,3350,2,7200,1.0023880597
407216,407223,410803,7,3580,2,7200,1.00195530726
407265,407272,410470,7,3198,2,7200,1.00218886804
407430,407437,408095,7,658,2,7200,1.01063829787
407538,407544,410907,6,3363,2,7200,1.00178412132
407571,407578,410061,7,2483,2,7200,1.00281917036
407676,411154,413429,3478,2275,1,14400,2.52879120879
408001,408008,411730,7,3722,2,7200,1.0018807093
408034,408042,411195,8,3153,2,7200,1.0025372661
408081,412963,413898,4882,935,2,86400,6.22139037433
408098,408105,411101,7,2996,2,7200,1.0023364486
408113,408120,411474,7,3354,2,7200,1.00208706023
408336,408342,411246,6,2904,2,7200,1.0020661157
408467,408474,415711,7,7237,1,7200,1.00096725162
408485,413440,413441,4955,1,1,14400,495.6
409546,409552,412404,6,2852,2,7200,1.00210378682
409712,409719,413071,7,3352,2,7200,1.00208830549
409844,409852,413815,8,3963,2,7200,1.00201867272
410064,410070,410740,6,670,2,7200,1.00895522388
410407,410418,413946,11,3528,2,7200,1.00311791383
410471,410478,413871,7,3393,2,7200,1.00206307103
410558,410565,414303,7,3738,2,7200,1.00187265918
410741,410747,414398,6,3651,2,7200,1.00164338537
410804,410812,414008,8,3196,2,7200,1.00250312891
410910,410916,411135,6,219,2,7200,1.02739726027
411103,411110,414988,7,3878,2,7200,1.00180505415
411117,411125,414361,8,3236,2,7200,1.00247218789
411139,411145,414818,6,3673,2,7200,1.00163354206
411195,411203,412328,8,1125,2,7200,1.00711111111
411246,411253,414436,7,3183,2,7200,1.00219918316
411475,411482,414010,7,2528,2,7200,1.00276898734
411731,411738,414402,7,2664,2,7200,1.00262762763
412331,412338,416069,7,3731,2,7200,1.00187617261
412406,412412,415891,6,3479,2,7200,1.00172463352
413071,413078,416533,7,3455,2,7200,1.0020260492
413475,413596,429917,121,16321,1,86400,1.00741376141
413549,416108,432434,2559,16326,1,86400,1.15674384417
413602,416587,421879,2985,5292,1,86400,1.56405895692
413628,416593,421873,2965,5280,1,86400,1.5615530303
413650,419236,421801,5586,2565,1,86400,3.17777777778
413780,419241,421799,5461,2558,1,86400,3.13487099296
413818,413825,416771,7,2946,2,7200,1.00237610319
413872,413878,417567,6,3689,2,7200,1.00162645703
413947,413953,417581,6,3628,2,7200,1.00165380375
414011,414018,417214,7,3196,2,7200,1.0021902378
414012,414025,416089,13,2064,2,7200,1.00629844961
414304,414310,417939,6,3629,2,7200,1.00165334803
414364,414371,417585,7,3214,2,7200,1.00217797138
414400,414407,418041,7,3634,2,7200,1.00192625206
414415,414421,418130,6,3709,2,7200,1.00161768671
414439,414446,417432,7,2986,2,7200,1.00234427328
414818,414825,418312,7,3487,2,7200,1.00200745627
414990,414997,418048,7,3051,2,7200,1.00229432973
415893,415903,419046,10,3143,2,7200,1.00318167356
416071,416080,419204,9,3124,2,7200,1.0028809219
416092,416100,419828,8,3728,2,7200,1.00214592275
416534,416545,419804,11,3259,2,7200,1.00337526849
416773,416783,420654,10,3871,2,7200,1.00258331181
417216,417225,420861,9,3636,2,7200,1.00247524752
417433,417443,421086,10,3643,2,7200,1.00274499039
417568,417578,420559,10,2981,2,7200,1.003354579
417583,417592,420694,9,3102,2,7200,1.00290135397
417598,417604,421539,6,3935,2,7200,1.00152477764
417941,417951,421661,10,3710,2,7200,1.00269541779
418043,418053,420599,10,2546,2,7200,1.00392772977
418058,418065,420956,7,2891,2,7200,1.00242130751
418131,418142,421366,11,3224,2,7200,1.00341191067
418314,418324,421670,10,3346,2,7200,1.00298864316
418632,419225,419227,593,2,2,3540,59.5
419049,419058,422349,9,3291,2,7200,1.00273473108
419128,419231,441748,103,22517,1,86400,1.00457432162
419207,419220,422249,13,3029,2,7200,1.00429184549
419807,419813,423564,6,3751,2,7200,1.00159957345
419831,419837,423536,6,3699,2,7200,1.00162206002
420560,420567,424022,7,3455,2,7200,1.0020260492
420602,420609,424343,7,3734,2,7200,1.00187466524
420656,420662,423937,6,3275,2,7200,1.00183206107
420695,420702,422980,7,2278,2,7200,1.00307287094
420864,420871,424198,7,3327,2,7200,1.0021039976
420957,420963,424355,6,3392,2,7200,1.00176886792
421086,421093,424200,7,3107,2,7200,1.00225297715
421253,428197,428288,6944,91,16,600,77.3076923077
421370,421376,424981,6,3605,2,7200,1.00166435506
421541,421547,425578,6,4031,2,7200,1.0014884644
421665,421672,425033,7,3361,2,7200,1.00208271348
421679,421686,424742,7,3056,2,7200,1.00229057592
422252,422258,425760,6,3502,2,7200,1.00171330668
422351,422357,425963,6,3606,2,7200,1.00166389351
422678,422685,439971,7,17286,1,86400,1.00040495198
422980,422986,426476,6,3490,2,7200,1.00171919771
423017,423025,473814,8,50789,1,79200,1.00015751442
423537,423544,426612,7,3068,2,7200,1.00228161669
423567,423573,427359,6,3786,2,7200,1.00158478605
423938,423944,427656,6,3712,2,7200,1.00161637931
424025,424031,427207,6,3176,2,7200,1.00188916877
424200,424207,427976,7,3769,2,7200,1.00185725657
424215,424222,427953,7,3731,2,7200,1.00187617261
424247,424253,425124,6,871,1,86400,1.00688863375
424344,424352,426471,8,2119,2,7200,1.00377536574
424359,424365,428075,6,3710,2,7200,1.00161725067
424373,424379,425237,6,858,1,86400,1.00699300699
424742,424749,426447,7,1698,2,7200,1.00412249706
424983,424989,428380,6,3391,2,7200,1.00176938956
425034,425040,427966,6,2926,2,7200,1.002050581
425579,425587,428734,8,3147,2,7200,1.00254210359
425763,425770,426496,7,726,2,7200,1.00964187328
425964,425971,426659,7,688,2,7200,1.0101744186
426449,426456,429793,7,3337,2,7200,1.00209769254
426474,426480,429813,6,3333,2,7200,1.00180018002
426488,426494,429791,6,3297,2,7200,1.00181983621
426503,426510,430063,7,3553,2,7200,1.00197016606
426615,426621,429314,6,2693,2,7200,1.00222799851
426660,426667,429257,7,2590,2,7200,1.0027027027
427087,427093,427258,6,165,1,28800,1.03636363636
427209,427216,430213,7,2997,2,7200,1.002335669
427264,427270,427285,6,15,12,21600,1.4
427362,427368,430218,6,2850,2,7200,1.00210526316
427657,427664,431263,7,3599,2,7200,1.00194498472
427956,427962,428659,6,697,2,7200,1.00860832138
427970,427977,431574,7,3597,2,7200,1.00194606617
427985,427991,431729,6,3738,2,7200,1.00160513644
428065,428071,428076,6,5,6,43200,1.1
428079,428085,431350,6,3265,2,7200,1.00183767228
428383,428390,431546,7,3156,2,7200,1.00221799747
428478,428485,428490,7,5,6,43200,1.2
428660,428666,432148,6,3482,2,7200,1.00172314762
428735,428742,431591,7,2849,2,7200,1.00245700246
428857,428864,471238,7,42374,6,86400,1.00016519564
428923,428929,439735,6,10806,2,10800,1.00055524708
428994,429001,429013,7,12,6,43200,1.58333333333
429259,429266,432551,7,3285,2,7200,1.00213089802
429264,429273,472491,9,43218,6,43200,1.00020824656
429317,429324,433021,7,3697,2,7200,1.0018934271
429334,429340,440155,6,10815,2,10800,1.00055478502
429441,429447,430304,6,857,1,86400,1.00700116686
429792,429799,433146,7,3347,2,7200,1.00209142516
429807,429813,433101,6,3288,2,7200,1.00182481752
429822,429828,433119,6,3291,2,7200,1.00182315406
430066,430072,433868,6,3796,2,7200,1.00158061117
430217,430224,433473,7,3249,2,7200,1.00215450908
430231,430239,433733,8,3494,2,7200,1.00228963938
431265,431271,435079,6,3808,2,7200,1.00157563025
431352,431360,434512,8,3152,2,7200,1.00253807107
431548,431554,435247,6,3693,2,7200,1.00162469537
431557,431564,432439,7,875,1,86400,1.008
431575,431582,435377,7,3795,2,7200,1.00184453228
431593,431600,434609,7,3009,2,7200,1.00232635427
431732,431738,434848,6,3110,2,7200,1.00192926045
432148,432155,435068,7,2913,2,7200,1.00240302094
432552,432559,435388,7,2829,2,7200,1.00247437257
433022,433029,436250,7,3221,2,7200,1.00217323812
433103,433109,436117,6,3008,2,7200,1.00199468085
433121,433127,435539,6,2412,2,7200,1.00248756219
433148,433154,436352,6,3198,2,7200,1.00187617261
433477,433483,437043,6,3560,2,7200,1.00168539326
433736,433743,436690,7,2947,2,7200,1.00237529691
433869,433875,437036,6,3161,2,7200,1.0018981335
434513,434519,437122,6,2603,2,7200,1.00230503265
434610,434616,435680,6,1064,2,7200,1.00563909774
434850,434857,437828,7,2971,2,7200,1.00235610905
435070,435076,438496,6,3420,2,7200,1.00175438596
435085,435092,437756,7,2664,2,7200,1.00262762763
435250,435257,438977,7,3720,2,7200,1.00188172043
435380,435386,439284,6,3898,2,7200,1.0015392509
435395,435401,438974,6,3573,2,7200,1.00167926113
435539,435545,438936,6,3391,2,7200,1.00176938956
435681,435688,439576,7,3888,2,7200,1.00180041152
436117,436123,440089,6,3966,2,7200,1.0015128593
436253,436259,439209,6,2950,2,7200,1.00203389831
436355,436362,439869,7,3507,2,7200,1.00199600798
436692,436699,440325,7,3626,2,7200,1.00193050193
437039,437045,440205,6,3160,2,7200,1.00189873418
437054,437060,437599,6,539,2,7200,1.01113172542
437123,437129,441063,6,3934,2,7200,1.00152516523
437602,437608,441035,6,3427,2,7200,1.00175080245
437758,437766,441524,8,3758,2,7200,1.00212879191
437830,437837,440180,7,2343,2,7200,1.00298762271
438500,438506,442343,6,3837,2,7200,1.00156372166
438937,438944,441996,7,3052,2,7200,1.00229357798
438976,438982,441783,6,2801,2,7200,1.00214209211
438990,438997,441730,7,2733,2,7200,1.00256128796
439210,439217,441665,7,2448,2,7200,1.00285947712
439285,439292,442982,7,3690,2,7200,1.00189701897
439361,439367,447129,6,7762,16,28800,1.00077299665
439361,447136,447168,7775,32,16,28800,243.96875
439362,447174,447197,7812,23,16,28800,340.652173913
439363,447236,447268,7873,32,16,28800,247.03125
439364,447279,447300,7915,21,16,28800,377.904761905
439578,439584,443059,6,3475,2,7200,1.00172661871
439870,439876,442819,6,2943,2,7200,1.00203873598
440090,440096,442236,6,2140,2,7200,1.00280373832
440186,440192,444103,6,3911,2,7200,1.00153413449
440207,440213,444054,6,3841,2,7200,1.0015620932
440327,440333,444159,6,3826,2,7200,1.00156821746
440636,440643,440650,7,7,1,3600,1.4
440763,440769,440879,6,110,1,3600,1.05454545455
441009,441015,441273,6,258,1,3600,1.02325581395
441038,441045,444054,7,3009,2,7200,1.00232635427
441041,441052,461161,11,20109,24,28800,1.00054701875
441053,461172,480335,20119,19163,24,28800,2.04988780462
441065,441072,444920,7,3848,2,7200,1.00181912682
441504,441511,441933,7,422,1,3600,1.01658767773
441527,441533,444792,6,3259,2,7200,1.00184105554
441666,441672,445016,6,3344,2,7200,1.00179425837
441732,441738,444139,6,2401,2,7200,1.00249895877
441786,441793,444734,7,2941,2,7200,1.00238014281
441999,442006,444809,7,2803,2,7200,1.0024973243
442237,442243,445555,6,3312,2,7200,1.0018115942
442345,442352,445799,7,3447,2,7200,1.00203075138
442460,442467,442472,7,5,1,3600,1.2
442587,442593,442673,6,80,1,3600,1.075
442805,442812,443054,7,242,1,3600,1.02892561983
442824,442830,446516,6,3686,2,7200,1.00162778079
442983,442991,446372,8,3381,2,7200,1.00236616386
443062,443068,446131,6,3063,2,7200,1.00195886386
443302,443308,443691,6,383,1,3600,1.01566579634
444059,444065,447197,6,3132,2,7200,1.00191570881
444061,444073,446750,12,2677,2,7200,1.00448262981
444106,444112,447436,6,3324,2,7200,1.00180505415
444142,444148,447776,6,3628,2,7200,1.00165380375
444160,444167,447861,7,3694,2,7200,1.00189496481
444182,444188,444195,6,7,1,3600,1.3
444189,444195,444202,6,7,1,1800,1.3
444311,444317,444425,6,108,1,3600,1.05555555556
444342,444349,444420,7,71,1,1800,1.0985915493
444562,444568,444824,6,256,1,3600,1.0234375
444628,444634,444723,6,89,1,1800,1.06741573034
444739,444746,447929,7,3183,2,7200,1.00219918316
444793,444799,448513,6,3714,2,7200,1.00161550889
444811,444818,447956,7,3138,2,7200,1.0022307202
444923,444930,448555,7,3625,2,7200,1.00193103448
444965,444972,445100,7,128,1,1800,1.0546875
445017,445023,448945,6,3922,2,7200,1.00152983172
445063,445069,446276,6,1207,1,3600,1.00497100249
445559,445566,449369,7,3803,2,7200,1.00184065212
445801,445807,449055,6,3248,2,7200,1.00184729064
445934,445940,445946,6,6,1,1800,1.2
446133,446139,449260,6,3121,2,7200,1.00192246075
446245,446251,446294,6,43,1,1800,1.13953488372
446377,446384,449761,7,3377,2,7200,1.00207284572
446520,446526,449675,6,3149,2,7200,1.00190536678
446649,446656,446734,7,78,1,1800,1.08974358974
446754,446760,450435,6,3675,2,7200,1.00163265306
446834,446841,446847,7,6,1,3600,1.3
446964,446971,447080,7,109,1,3600,1.06422018349
447034,447040,447176,6,136,1,1800,1.04411764706
447170,447202,519214,32,72012,1,72000,1.00044437038
447170,447197,519222,27,72025,1,72000,1.00037486984
447170,447180,519217,10,72037,1,72000,1.00013881755
447170,447191,519211,21,72020,1,72000,1.00029158567
447170,447186,519236,16,72050,1,72000,1.00022206801
447171,447218,519238,47,72020,1,72000,1.0006525965
447171,447207,519250,36,72043,1,72000,1.00049970157
447171,447213,519229,42,72016,1,72000,1.00058320373
447171,447223,519245,52,72022,1,72000,1.00072200161
447172,447229,519274,57,72045,1,72000,1.00079117218
447200,447241,450106,41,2865,2,7200,1.01431064572
447228,447246,447494,18,248,1,3600,1.07258064516
447439,447445,450108,6,2663,2,7200,1.00225309801
447750,447756,448169,6,413,1,3600,1.01452784504
447779,447785,451458,6,3673,2,7200,1.00163354206
447863,447871,451543,8,3672,2,7200,1.00217864924
447929,447936,451470,7,3534,2,7200,1.00198075835
447957,447963,450881,6,2918,2,7200,1.00205620288
448344,448351,448389,7,38,16,4800,1.18421052632
448517,448524,452211,7,3687,2,7200,1.00189856252
448557,448563,452080,6,3517,2,7200,1.00170599943
448688,448694,448728,6,34,16,4800,1.17647058824
448818,448824,453664,6,4840,16,4800,1.00123966942
448950,448957,452081,7,3124,2,7200,1.00224071703
449056,449062,452177,6,3115,2,7200,1.00192616372
449261,449268,452169,7,2901,2,7200,1.00241296105
449370,449376,452279,6,2903,2,7200,1.00206682742
449678,449684,452617,6,2933,2,7200,1.00204568701
449762,449769,453035,7,3266,2,7200,1.00214329455
450106,450113,453572,7,3459,2,7200,1.00202370627
450121,450127,453742,6,3615,2,7200,1.00165975104
450438,450444,453364,6,2920,2,7200,1.00205479452
450884,450890,454744,6,3854,2,7200,1.00155682408
451461,451467,454923,6,3456,2,7200,1.00173611111
451476,451482,454419,6,2937,2,7200,1.00204290092
451545,451552,455143,7,3591,2,7200,1.00194931774
451550,453671,482478,2121,28807,16,28800,1.07362793765
451550,483458,512272,31908,28814,16,28800,2.10737835774
451551,512284,541117,60733,28833,16,28800,3.10637117192
451552,541135,569958,89583,28823,16,28800,4.10803871908
451553,569965,598777,118412,28812,16,28800,5.10981535471
451554,598783,627594,147229,28811,16,28800,6.11016625594
451554,627601,635687,176047,8086,16,28800,22.7718278506
451555,635699,635714,184144,15,16,28800,12277.2666667
451556,635727,635738,184171,11,16,28800,16743.8181818
451557,635750,635760,184193,10,16,28800,18420.3
451799,451806,451878,7,72,1,1800,1.09722222222
451813,452556,453503,743,947,16,2400,1.78458289335
452084,452090,455649,6,3559,2,7200,1.00168586682
452086,452097,455737,11,3640,2,7200,1.00302197802
452100,452106,452194,6,88,1,1800,1.06818181818
452170,452177,455894,7,3717,2,7200,1.00188323917
452185,452191,454922,6,2731,2,7200,1.00219699744
452212,452218,455646,6,3428,2,7200,1.00175029172
452281,452287,455417,6,3130,2,7200,1.00191693291
452620,452626,455993,6,3367,2,7200,1.00178200178
452668,452674,453186,6,512,1,1800,1.01171875
453036,453043,456032,7,2989,2,7200,1.00234192037
453368,453375,456875,7,3500,2,7200,1.002
453573,453579,456992,6,3413,2,7200,1.00175798418
453745,453752,457036,7,3284,2,7200,1.00213154689
454335,454342,454380,7,38,1,1800,1.18421052632
454422,454429,457991,7,3562,2,7200,1.0019651881
454599,454605,454676,6,71,1,1800,1.08450704225
454745,454751,454908,6,157,2,7200,1.03821656051
454911,454918,458699,7,3781,2,7200,1.00185136207
454927,454933,458579,6,3646,2,7200,1.00164563906
454928,454940,458650,12,3710,2,7200,1.00323450135
455145,455152,459005,7,3853,2,7200,1.00181676616
455246,455253,455494,7,241,1,1800,1.02904564315
455419,455426,458780,7,3354,2,7200,1.00208706023
455650,455655,459335,5,3680,2,7200,1.00135869565
455651,455663,457746,12,2083,2,7200,1.00576092175
455739,455746,459010,7,3264,2,7200,1.00214460784
455741,455752,462623,11,6871,1,18000,1.00160093145
455895,455902,459428,7,3526,2,7200,1.00198525241
455995,456001,459715,6,3714,2,7200,1.00161550889
456034,456040,459541,6,3501,2,7200,1.00171379606
456878,456886,458752,8,1866,2,7200,1.00428724544
456993,456999,460263,6,3264,2,7200,1.00183823529
457038,457044,460028,6,2984,2,7200,1.00201072386
457747,457753,461470,6,3717,2,7200,1.001614205
457991,457997,461663,6,3666,2,7200,1.00163666121
458582,458589,461894,7,3305,2,7200,1.00211800303
458652,458658,461856,6,3198,2,7200,1.00187617261
458700,458706,461176,6,2470,2,7200,1.0024291498
458754,458760,462148,6,3388,2,7200,1.00177095632
458781,458788,461717,7,2929,2,7200,1.00238989416
459007,459015,462337,8,3322,2,7200,1.00240818784
459022,459028,462633,6,3605,2,7200,1.00166435506
459333,459339,462767,6,3428,2,7200,1.00175029172
459429,459437,461713,8,2276,2,7200,1.00351493849
459544,459550,463099,6,3549,2,7200,1.00169061708
459716,459723,462416,7,2693,2,7200,1.0025993316
460030,460036,463818,6,3782,2,7200,1.00158646219
460195,460201,521663,6,61462,1,86400,1.00009762129
460265,460271,463997,6,3726,2,7200,1.00161030596
461175,480347,499518,19172,19171,24,28800,2.00005216212
461178,461184,464951,6,3767,2,7200,1.0015927794
461471,461477,465051,6,3574,2,7200,1.00167879127
461664,461671,464323,7,2652,2,7200,1.00263951735
461715,461721,464936,6,3215,2,7200,1.00186625194
461730,461736,464494,6,2758,2,7200,1.00217548949
461856,461863,464793,7,2930,2,7200,1.0023890785
461895,461903,465876,8,3973,2,7200,1.00201359174
462149,462155,465493,6,3338,2,7200,1.00179748352
462339,462346,466044,7,3698,2,7200,1.00189291509
462417,462425,465538,8,3113,2,7200,1.00256986829
462634,462642,465484,8,2842,2,7200,1.00281491907
462682,462688,470421,6,7733,1,18000,1.00077589551
462770,462776,465657,6,2881,2,7200,1.0020826102
462891,596182,596201,133291,19,64,600,7016.31578947
463102,463109,466403,7,3294,2,7200,1.0021250759
463799,463805,463817,6,12,2,300,1.5
463820,463826,465753,6,1927,2,7200,1.00311364816
463998,464005,467540,7,3535,2,7200,1.00198019802
464323,464329,467275,6,2946,2,7200,1.00203665988
464495,464503,468389,8,3886,2,7200,1.00205867216
464794,464800,468478,6,3678,2,7200,1.00163132137
464939,464945,468457,6,3512,2,7200,1.00170842825
464953,464960,468633,7,3673,2,7200,1.00190579907
465053,465060,468691,7,3631,2,7200,1.00192784357
465072,465079,465093,7,14,2,300,1.5
465449,465455,465463,6,8,2,300,1.4
465486,465492,467780,6,2288,2,7200,1.00262237762
465501,465507,468089,6,2582,2,7200,1.00232378002
465539,465546,469006,7,3460,2,7200,1.00202312139
465660,465667,465765,7,98,2,7200,1.07142857143
465757,465764,468691,7,2927,2,7200,1.00239152716
465771,465778,468506,7,2728,2,7200,1.0025659824
465851,465858,465864,7,6,16,43200,1.3
465877,465883,468802,6,2919,2,7200,1.00205549846
466046,466052,469053,6,3001,2,7200,1.00199933356
466137,466150,466236,13,86,16,43200,1.1511627907
466405,466411,470077,6,3666,2,7200,1.00163666121
467277,467283,471077,6,3794,2,7200,1.00158144439
467542,467549,471316,7,3767,2,7200,1.00185824263
467739,467747,468783,8,1036,1,900,1.00772200772
467783,467789,471639,6,3850,2,7200,1.00155844156
468091,468097,471902,6,3805,2,7200,1.00157687254
468167,468174,468263,7,89,16,43200,1.07865168539
468392,468399,471562,7,3163,2,7200,1.00221308884
468458,468465,472057,7,3592,2,7200,1.00194877506
468481,468487,469541,6,1054,2,7200,1.00569259962
468509,468516,472163,7,3647,2,7200,1.0019193858
468548,468554,468646,6,92,16,43200,1.0652173913
468638,468644,471581,6,2937,2,7200,1.00204290092
468693,468700,471507,7,2807,2,7200,1.00249376559
468695,468707,472467,12,3760,2,7200,1.00319148936
468702,468714,468797,12,83,16,43200,1.14457831325
468807,468813,471827,6,3014,2,7200,1.00199071002
469009,469015,472046,6,3031,2,7200,1.0019795447
469014,469021,469103,7,82,16,43200,1.08536585366
469054,469060,472500,6,3440,2,7200,1.00174418605
469064,469071,901116,7,432045,6,432000,1.00001620202
469542,469548,473458,6,3910,2,7200,1.00153452685
470070,470076,470657,6,581,4,21600,1.01032702238
470079,470085,473920,6,3835,2,7200,1.00156453716
470186,470192,470277,6,85,16,43200,1.07058823529
470420,470426,471467,6,1041,1,900,1.00576368876
470602,470608,470709,6,101,16,43200,1.05940594059
470903,470910,476686,7,5776,20,86399,1.00121191136
471021,471027,471407,6,380,4,21600,1.01578947368
471034,471040,471572,6,532,4,21600,1.01127819549
471081,471087,474056,6,2969,2,7200,1.00202088245
471243,471250,471714,7,464,4,28200,1.0150862069
471319,471325,474735,6,3410,2,7200,1.00175953079
471509,471515,475111,6,3596,2,7200,1.00166852058
471543,471584,471946,41,362,16,3600,1.11325966851
471566,471573,474483,7,2910,2,7200,1.00240549828
471584,471590,474950,6,3360,2,7200,1.00178571429
471641,471648,474991,7,3343,2,7200,1.00209392761
471828,471834,475171,6,3337,2,7200,1.00179802218
471895,471901,990355,6,518454,3,518400,1.00001157287
471903,471909,475337,6,3428,2,7200,1.00175029172
471947,471957,496729,10,24772,6,57600,1.00040368158
471996,472502,472860,506,358,16,3600,2.41340782123
472048,472055,474811,7,2756,2,7200,1.00253991292
472052,472062,472398,10,336,4,21600,1.02976190476
472063,472069,475520,6,3451,2,7200,1.00173862649
472166,472173,475308,7,3135,2,7200,1.00223285486
472240,472246,472682,6,436,1,1800,1.01376146789
472422,472428,483730,6,11302,2,43200,1.00053087949
472470,472477,474977,7,2500,2,7200,1.0028
472504,472511,476030,7,3519,2,7200,1.00198920148
472785,472791,473134,6,343,4,21600,1.01749271137
472908,472914,473643,6,729,16,3600,1.00823045267
473185,473192,512375,7,39183,2,43200,1.0001786489
473262,476697,480061,3435,3364,20,21599,2.0211058264
473291,480073,483446,6782,3373,20,21599,3.0106729914
473312,522948,526088,49636,3140,20,21599,16.8076433121
473460,473466,477459,6,3993,2,7200,1.0015026296
473472,473478,473846,6,368,4,21600,1.01630434783
473488,473656,505535,168,31879,2,43200,1.00526992691
473692,473827,477322,135,3495,16,3600,1.03862660944
473921,473928,477699,7,3771,2,7200,1.00185627155
474060,474067,477630,7,3563,2,7200,1.00196463654
474172,474179,481415,7,7236,1,7200,1.0009673853
474486,474493,477897,7,3404,2,7200,1.00205640423
474659,475035,561472,376,86437,6,86400,1.00434998901
474736,474743,478231,7,3488,2,7200,1.00200688073
474813,474819,474971,6,152,2,86400,1.03947368421
474815,474827,475480,12,653,2,7200,1.01837672282
474940,474982,511028,42,36046,2,36000,1.00116517783
474953,474960,478892,7,3932,2,7200,1.0017802645
474980,474988,478867,8,3879,2,7200,1.00206238721
474995,475002,477920,7,2918,2,7200,1.00239890336
475110,475116,478054,6,2938,2,7200,1.00204220558
475173,475179,477859,6,2680,2,7200,1.00223880597
475309,475315,479150,6,3835,2,7200,1.00156453716
475339,475346,478311,7,2965,2,7200,1.0023608769
475481,475488,479209,7,3721,2,7200,1.00188121473
475523,475530,478876,7,3346,2,7200,1.00209205021
475599,475606,475641,7,35,1,18000,1.2
476033,476040,477795,7,1755,2,7200,1.00398860399
476555,477339,768923,784,291584,4,291540,1.00268876207
477092,477333,909379,241,432046,6,432000,1.00055781097
477291,477344,480292,53,2948,2,259200,1.01797829037
477372,477379,477380,7,1,1,504000,1.0
477462,477470,480444,8,2974,2,7200,1.00268997983
477495,477506,574690,11,97184,1,504000,1.00011318736
477495,477501,698544,6,221043,1,504000,1.00002714404
477496,477513,817518,17,340005,1,504000,1.00004999926
477496,477519,981590,23,504071,1,504000,1.00004562849
477497,477529,716200,32,238671,1,504000,1.00013407578
477497,477524,506204,27,28680,1,504000,1.00094142259
477498,477651,597982,153,120331,1,504000,1.0012714928
477498,477646,562300,148,84654,1,504000,1.00174829305
477499,477715,503844,216,26129,1,504000,1.00826667687
477499,477720,880267,221,402547,1,504000,1.00054900422
477500,477816,619670,316,141854,1,504000,1.00222764251
477500,477874,529933,374,52059,1,504000,1.00718415644
477500,477811,590974,311,113163,1,504000,1.0027482481
477501,477879,528062,378,50183,1,504000,1.0075324313
477502,478252,716850,750,238598,1,504000,1.00314336248
477502,478247,624653,745,146406,1,504000,1.00508858927
477503,478884,516879,1381,37995,1,504000,1.03634688775
477503,478890,482286,1387,3396,1,504000,1.40842167256
477504,479169,726912,1665,247743,1,504000,1.00672067425
477504,479163,549585,1659,70422,1,504000,1.02355797904
477597,479223,482907,1626,3684,1,18000,1.44136807818
477631,477639,481478,8,3839,2,7200,1.00208387601
477701,477708,480960,7,3252,2,7200,1.00215252153
477797,477803,481538,6,3735,2,7200,1.0016064257
477800,479229,548785,1429,69556,1,86400,1.02054459716
477860,477866,480897,6,3031,2,7200,1.0019795447
477899,477906,481243,7,3337,2,7200,1.00209769254
477923,477930,481203,7,3273,2,7200,1.00213871066
478056,478062,480974,6,2912,2,7200,1.00206043956
478234,478240,481035,6,2795,2,7200,1.00214669052
478312,478319,481835,7,3516,2,7200,1.00199089875
478650,483742,484073,5092,331,4,21600,16.3836858006
478871,478877,481867,6,2990,2,7200,1.00200668896
478886,478898,482566,12,3668,2,7200,1.00327153762
478901,478907,482143,6,3236,2,7200,1.00185414091
479151,479157,482727,6,3570,2,7200,1.00168067227
479211,479217,482803,6,3586,2,7200,1.00167317345
479495,481428,481796,1933,368,1,1800,6.2527173913
480241,496742,499037,16501,2295,8,3600,8.18997821351
480297,483463,539645,3166,56182,4,72000,1.05635256844
480300,481205,497636,905,16431,2,259200,1.05507881444
480347,499530,518645,19183,19115,24,28800,2.00355741564
480447,480455,483686,8,3231,2,7200,1.00247601362
480645,486896,846932,6251,360036,10,360000,1.01736215267
480899,480909,481442,10,533,2,7200,1.01876172608
480962,480971,484457,9,3486,2,7200,1.00258175559
480977,480987,483828,10,2841,2,7200,1.00351988736
481037,481046,484240,9,3194,2,7200,1.00281778334
481045,482490,590520,1445,108030,16,108000,1.0133759141
481206,481214,484649,8,3435,2,7200,1.00232896652
481245,481255,484994,10,3739,2,7200,1.0026745119
481445,481453,484818,8,3365,2,7200,1.00237741456
481478,481490,484747,12,3257,2,7200,1.00368437212
481539,481550,484762,11,3212,2,7200,1.00342465753
481838,481846,485526,8,3680,2,7200,1.00217391304
481868,481879,485000,11,3121,2,7200,1.00352451137
482145,482154,486004,9,3850,2,7200,1.00233766234
482494,541678,541679,59184,1,16,900,5918.5
482568,482575,484618,7,2043,2,7200,1.00342633382
482730,482737,486051,7,3314,2,7200,1.00211225106
482802,482809,486529,7,3720,2,7200,1.00188172043
483466,539651,595789,56185,56138,4,72000,2.00083722256
483689,483697,486793,8,3096,2,7200,1.00258397933
483831,483838,486950,7,3112,2,7200,1.00224935733
484239,526099,530561,41860,4462,20,21599,10.381443299
484241,484248,487011,7,2763,2,7200,1.0025334781
484279,530572,533963,46293,3391,20,21599,14.6517251548
484390,484634,484639,244,5,4,36000,24.9
484458,484465,488035,7,3570,2,7200,1.00196078431
484621,484628,488352,7,3724,2,7200,1.00187969925
484627,484651,491131,24,6480,1,18000,1.0037037037
484651,484657,488122,6,3465,2,7200,1.00173160173
484754,484760,487847,6,3087,2,7200,1.0019436346
484768,484775,488252,7,3477,2,7200,1.0020132298
484820,484827,488547,7,3720,2,7200,1.00188172043
484994,485000,488113,6,3113,2,7200,1.00192740122
485009,485015,488344,6,3329,2,7200,1.00180234305
485528,485535,488989,7,3454,2,7200,1.00202663578
485762,485769,485782,7,13,2,14400,1.53846153846
485833,485840,485981,7,141,4,21600,1.04964539007
485970,485993,486139,23,146,1,300,1.15753424658
486006,486012,488989,6,2977,2,7200,1.0020154518
486044,486075,486087,31,12,2,14400,3.58333333333
486044,486055,486063,11,8,2,14400,1.9
486045,486098,486124,53,26,2,14400,3.03846153846
486045,486136,486184,91,48,2,14400,2.89583333333
486046,486150,486225,104,75,2,14400,2.38666666667
486051,486062,488989,11,2927,2,7200,1.00375811411
486144,486196,486207,52,11,1,25200,5.72727272727
486148,492600,492604,6452,4,4,36000,645.6
486196,486202,493441,6,7239,1,7200,1.00082884376
486211,499049,519269,12838,20220,8,57600,1.63491592483
486530,486537,488989,7,2452,2,7200,1.0028548124
486796,486807,488989,11,2182,2,7200,1.00504124656
486953,486960,488989,7,2029,2,7200,1.00344997536
487013,487019,488989,6,1970,2,7200,1.00304568528
487852,487858,488989,6,1131,2,7200,1.00530503979
487955,487962,488131,7,169,1,1800,1.04142011834
488036,488043,488989,7,946,2,7200,1.00739957717
488114,488121,488653,7,532,2,7200,1.01315789474
488129,488136,488989,7,853,2,7200,1.0082063306
488255,488261,488989,6,728,2,7200,1.00824175824
488260,506216,726607,17956,220391,8,259200,1.0814733814
488346,488353,488989,7,636,2,7200,1.01100628931
488361,488368,488989,7,621,2,7200,1.01127214171
488548,488555,488989,7,434,2,7200,1.01612903226
488657,488663,488989,6,326,2,7200,1.01840490798
489174,489180,492586,6,3406,2,7200,1.00176159718
489175,489186,492376,11,3190,2,7200,1.00344827586
489176,489192,492772,16,3580,2,7200,1.00446927374
489178,489197,493082,19,3885,2,7200,1.00489060489
489179,489202,492892,23,3690,2,7200,1.00623306233
489180,489208,492583,28,3375,2,7200,1.0082962963
489182,489215,492845,33,3630,2,7200,1.00909090909
489183,489220,492283,37,3063,2,7200,1.01207966046
489185,489225,492304,40,3079,2,7200,1.01299123092
489186,489231,492696,45,3465,2,7200,1.01298701299
489187,489236,492482,49,3246,2,7200,1.01509550216
489189,489241,492485,52,3244,2,7200,1.01602959309
489190,489247,492968,57,3721,2,7200,1.01531846278
489192,489252,492833,60,3581,2,7200,1.01675509634
489193,489257,492861,64,3604,2,7200,1.01775804661
489889,519280,522917,29391,3637,20,3600,9.08111080561
490983,522929,522936,31946,7,16,7200,3195.3
492285,492291,496265,6,3974,2,7200,1.00150981379
492306,492313,495468,7,3155,2,7200,1.00221870048
492379,492385,495796,6,3411,2,7200,1.00175901495
492486,492493,496270,7,3777,2,7200,1.00185332274
492487,492500,496444,13,3944,2,7200,1.00329614604
492552,533975,536368,41423,2393,20,21599,18.3100710405
492582,536380,538930,43798,2550,20,21599,18.1756862745
492587,492593,495780,6,3187,2,7200,1.00188264826
492589,492605,496157,16,3552,2,7200,1.0045045045
492601,538943,541666,46342,2723,20,21599,18.0187293426
492698,492705,496630,7,3925,2,7200,1.00178343949
492774,492781,496197,7,3416,2,7200,1.00204918033
492834,492841,496365,7,3524,2,7200,1.00198637911
492849,492855,496358,6,3503,2,7200,1.00171281758
492863,492870,496419,7,3549,2,7200,1.00197238659
492893,492900,496459,7,3559,2,7200,1.00196684462
492973,492979,496511,6,3532,2,7200,1.00169875425
493085,493093,496479,8,3386,2,7200,1.00236266982
493122,493128,493135,6,7,3,60,1.3
493438,493444,493451,6,7,3,60,1.3
493778,493785,594503,7,100718,4,345600,1.00006950098
494542,494548,502018,6,7470,1,32400,1.00080321285
495046,495053,495370,7,317,1,1800,1.02208201893
495471,495477,499453,6,3976,2,7200,1.00150905433
495781,495787,499496,6,3709,2,7200,1.00161768671
495799,495805,499837,6,4032,2,7200,1.00148809524
496160,496167,499475,7,3308,2,7200,1.00211608222
496199,496206,499669,7,3463,2,7200,1.00202136876
496267,496274,499256,7,2982,2,7200,1.00234741784
496282,496288,500210,6,3922,2,7200,1.00152983172
496360,496366,499968,6,3602,2,7200,1.00166574125
496375,496381,499802,6,3421,2,7200,1.00175387314
496420,496427,500230,7,3803,2,7200,1.00184065212
496446,496453,500476,7,4023,2,7200,1.00173999503
496461,496468,500160,7,3692,2,7200,1.00189599133
496482,496489,500087,7,3598,2,7200,1.00194552529
496512,496518,500053,6,3535,2,7200,1.00169731259
496632,496638,500516,6,3878,2,7200,1.00154718927
499259,499266,502611,7,3345,2,7200,1.00209267564
499454,499460,502666,6,3206,2,7200,1.00187149095
499478,499484,502584,6,3100,2,7200,1.00193548387
499499,499506,503138,7,3632,2,7200,1.00192731278
499531,518658,537856,19127,19198,24,28800,1.99630169809
499559,499566,504492,7,4926,1,18000,1.00142103126
499670,499677,503117,7,3440,2,7200,1.00203488372
499803,499810,503426,7,3616,2,7200,1.00193584071
499838,499846,503167,8,3321,2,7200,1.00240891298
499971,499978,503550,7,3572,2,7200,1.00195968645
500055,500062,503398,7,3336,2,7200,1.00209832134
500088,500094,503877,6,3783,2,7200,1.00158604282
500163,500169,503716,6,3547,2,7200,1.00169157034
500211,500217,503806,6,3589,2,7200,1.00167177487
500231,500237,503376,6,3139,2,7200,1.00191143676
500479,500485,504005,6,3520,2,7200,1.00170454545
500518,500525,504154,7,3629,2,7200,1.00192890603
502117,502123,512030,6,9907,1,36000,1.00060563238
502587,502594,506265,7,3671,2,7200,1.00190683737
502614,502620,505754,6,3134,2,7200,1.00191448628
502668,502674,506142,6,3468,2,7200,1.00173010381
503119,503126,506395,7,3269,2,7200,1.00214132762
503140,503146,506869,6,3723,2,7200,1.00161160355
503170,503177,506500,7,3323,2,7200,1.00210653024
503377,503383,506753,6,3370,2,7200,1.00178041543
503401,503408,506928,7,3520,2,7200,1.00198863636
503428,503435,507036,7,3601,2,7200,1.00194390447
503551,503558,506669,7,3111,2,7200,1.00225008036
503719,503726,507313,7,3587,2,7200,1.0019514915
503809,503816,506927,7,3111,2,7200,1.00225008036
503879,503885,507500,6,3615,2,7200,1.00165975104
504006,504013,507586,7,3573,2,7200,1.00195913798
504156,504162,507153,6,2991,2,7200,1.00200601805
504512,504519,510277,7,5758,1,18000,1.0012156999
505374,505380,505382,6,2,2,3540,1.0
505756,505764,509433,8,3669,2,7200,1.00218043064
506144,506151,509800,7,3649,2,7200,1.00191833379
506268,506275,509455,7,3180,2,7200,1.00220125786
506397,506403,509495,6,3092,2,7200,1.00194049159
506502,506509,510469,7,3960,2,7200,1.00176767677
506670,506676,510117,6,3441,2,7200,1.00174367916
506754,506760,510133,6,3373,2,7200,1.0017788319
506871,506878,510511,7,3633,2,7200,1.00192678227
506928,506934,510546,6,3612,2,7200,1.00166112957
506943,506949,510194,6,3245,2,7200,1.00184899846
507036,507043,510398,7,3355,2,7200,1.00208643815
507153,507160,510555,7,3395,2,7200,1.00206185567
507316,507322,511173,6,3851,2,7200,1.00155803687
507502,507508,511335,6,3827,2,7200,1.00156780768
507586,507594,511335,8,3741,2,7200,1.00213846565
507872,507878,509348,6,1470,1,3600,1.00408163265
509410,509416,509973,6,557,1,3600,1.01077199282
509434,509440,512597,6,3157,2,7200,1.00190053849
509457,509464,513343,7,3879,2,7200,1.00180458881
509496,509504,513803,8,4299,2,7200,1.00186089788
509803,509809,513302,6,3493,2,7200,1.00171772116
510119,510125,513552,6,3427,2,7200,1.00175080245
510133,510140,514019,7,3879,2,7200,1.00180458881
510196,510203,513652,7,3449,2,7200,1.00202957379
510401,510407,514121,6,3714,2,7200,1.00161550889
510471,510477,513696,6,3219,2,7200,1.0018639329
510513,510520,514068,7,3548,2,7200,1.0019729425
510549,510556,514390,7,3834,2,7200,1.00182576943
510563,510570,514449,7,3879,2,7200,1.00180458881
511175,511181,514677,6,3496,2,7200,1.00171624714
511337,511343,514601,6,3258,2,7200,1.00184162063
511339,511350,514828,11,3478,2,7200,1.00316273721
512599,512606,516242,7,3636,2,7200,1.00192519252
513105,513357,513362,252,5,4,43200,25.7
513303,513310,516824,7,3514,2,7200,1.00199203187
513344,513350,516852,6,3502,2,7200,1.00171330668
513554,513560,517288,6,3728,2,7200,1.00160944206
513653,513660,517484,7,3824,2,7200,1.00183054393
513698,513705,516764,7,3059,2,7200,1.00228832952
513804,513811,517429,7,3618,2,7200,1.00193477059
514021,514028,517175,7,3147,2,7200,1.00222434064
514069,514075,517393,6,3318,2,7200,1.00180831826
514123,514130,517597,7,3467,2,7200,1.00201903663
514394,514400,517454,6,3054,2,7200,1.00196463654
514450,514457,517999,7,3542,2,7200,1.00197628458
514604,514610,518159,6,3549,2,7200,1.00169061708
514679,514685,518031,6,3346,2,7200,1.00179318589
514830,514838,518490,8,3652,2,7200,1.0021905805
516244,516250,519209,6,2959,2,7200,1.00202771206
516768,516774,520588,6,3814,2,7200,1.00157315155
516825,516831,519670,6,2839,2,7200,1.00211342022
516854,516861,520048,7,3187,2,7200,1.00219642297
517176,517182,520478,6,3296,2,7200,1.00182038835
517290,517296,520693,6,3397,2,7200,1.00176626435
517396,517403,520851,7,3448,2,7200,1.00203016241
517431,517438,520759,7,3321,2,7200,1.00210779886
517455,517461,520656,6,3195,2,7200,1.00187793427
517485,517492,520893,7,3401,2,7200,1.00205821817
517599,517605,521321,6,3716,2,7200,1.0016146394
518002,518010,521574,8,3564,2,7200,1.00224466891
518032,518038,521698,6,3660,2,7200,1.00163934426
518162,518169,521577,7,3408,2,7200,1.00205399061
518492,518498,522082,6,3584,2,7200,1.00167410714
518658,537867,557075,19209,19208,24,28800,2.00005206164
519211,519217,523247,6,4030,2,7200,1.00148883375
519671,519677,523054,6,3377,2,7200,1.0017767249
520049,520055,523390,6,3335,2,7200,1.00179910045
520481,520487,524005,6,3518,2,7200,1.0017055145
520589,520596,524208,7,3612,2,7200,1.0019379845
520658,520665,524131,7,3466,2,7200,1.00201961916
520694,520701,524139,7,3438,2,7200,1.00203606748
520760,520767,524217,7,3450,2,7200,1.00202898551
520853,520860,524071,7,3211,2,7200,1.00218000623
520894,520901,524461,7,3560,2,7200,1.00196629213
521321,521327,525023,6,3696,2,7200,1.00162337662
521570,521576,525454,6,3878,2,7200,1.00154718927
521585,521592,525161,7,3569,2,7200,1.00196133371
521699,521706,525288,7,3582,2,7200,1.00195421552
522083,522089,525539,6,3450,2,7200,1.00173913043
523055,523061,526752,6,3691,2,7200,1.00162557572
523250,523256,526870,6,3614,2,7200,1.00166021029
523391,523399,527144,8,3745,2,7200,1.00213618158
524005,524012,527895,7,3883,2,7200,1.00180272985
524074,524080,527262,6,3182,2,7200,1.00188560654
524134,524140,527468,6,3328,2,7200,1.00180288462
524149,524156,527681,7,3525,2,7200,1.0019858156
524209,524215,528270,6,4055,2,7200,1.00147965475
524224,524231,527917,7,3686,2,7200,1.00189907759
524462,524468,528091,6,3623,2,7200,1.00165608612
525024,525032,528418,8,3386,2,7200,1.00236266982
525163,525169,528946,6,3777,2,7200,1.00158856235
525286,525292,528578,6,3286,2,7200,1.00182592818
525454,525461,529350,7,3889,2,7200,1.00179994857
525541,525548,528914,7,3366,2,7200,1.00207961973
526756,526762,530525,6,3763,2,7200,1.0015944725
526870,526877,530322,7,3445,2,7200,1.00203193033
527017,527023,527029,6,6,1,3600,1.2
527142,527149,527258,7,109,1,3600,1.06422018349
527147,527155,530619,8,3464,2,7200,1.00230946882
527264,527270,530480,6,3210,2,7200,1.00186915888
527391,527398,527655,7,257,1,3600,1.02723735409
527471,527479,531201,8,3722,2,7200,1.00214938205
527682,527689,531189,7,3500,2,7200,1.002
527886,527893,528290,7,397,1,3600,1.01763224181
527899,527905,531398,6,3493,2,7200,1.00171772116
527920,527926,531364,6,3438,2,7200,1.0017452007
528091,528097,531634,6,3537,2,7200,1.00169635284
528269,528275,531682,6,3407,2,7200,1.00176108013
528420,528426,532493,6,4067,2,7200,1.00147528891
528579,528585,532100,6,3515,2,7200,1.00170697013
528819,528825,528831,6,6,1,3600,1.2
528916,528923,532509,7,3586,2,7200,1.00195203569
528946,528958,529036,12,78,1,3600,1.15384615385
528946,528952,532185,6,3233,2,7200,1.00185586143
529170,529177,529414,7,237,1,3600,1.02953586498
529352,529359,533047,7,3688,2,7200,1.00189804772
529663,529669,530025,6,356,1,3600,1.01685393258
530325,530332,534363,7,4031,2,7200,1.0017365418
530350,530356,530363,6,7,1,3600,1.3
530472,530478,530734,6,256,1,3600,1.0234375
530481,530488,533909,7,3421,2,7200,1.00204618533
530494,530500,530508,6,8,1,1800,1.4
530529,530536,533747,7,3211,2,7200,1.00218000623
530621,530627,534034,6,3407,2,7200,1.00176108013
530684,530690,530765,6,75,1,1800,1.08
530871,530878,531157,7,279,1,3600,1.02508960573
530974,530980,531072,6,92,1,1800,1.0652173913
531191,531198,535107,7,3909,2,7200,1.00179073932
531206,531212,534964,6,3752,2,7200,1.00159914712
531311,531318,531452,7,134,1,1800,1.05223880597
531365,531372,534658,7,3286,2,7200,1.00213024954
531392,531398,532244,6,846,1,3600,1.00709219858
531398,531405,534756,7,3351,2,7200,1.00208892868
531635,531641,535286,6,3645,2,7200,1.00164609053
531683,531690,535232,7,3542,2,7200,1.00197628458
532101,532108,535970,7,3862,2,7200,1.00181253237
532189,532195,536221,6,4026,2,7200,1.00149031297
532189,532200,532206,11,6,1,1800,1.7
532389,532395,532436,6,41,1,1800,1.14634146341
532496,532502,536211,6,3709,2,7200,1.00161768671
532511,532517,536323,6,3806,2,7200,1.00157645822
532772,532778,532784,6,6,1,3600,1.2
532785,532794,532870,9,76,1,1800,1.11842105263
532898,532905,533045,7,140,1,3600,1.05
533049,533056,536632,7,3576,2,7200,1.00195749441
533179,533185,533813,6,628,1,3600,1.00955414013
533232,533238,533369,6,131,1,1800,1.04580152672
533751,533757,536811,6,3054,2,7200,1.00196463654
533911,533918,537734,7,3816,2,7200,1.00183438155
534037,534043,537431,6,3388,2,7200,1.00177095632
534063,534070,534597,7,527,1,3600,1.01328273245
534365,534371,537912,6,3541,2,7200,1.0016944366
534660,534666,537990,6,3324,2,7200,1.00180505415
534759,534766,538591,7,3825,2,7200,1.00183006536
534967,534974,537889,7,2915,2,7200,1.00240137221
535108,535115,538341,7,3226,2,7200,1.00216986981
535233,535240,538875,7,3635,2,7200,1.00192572215
535287,535293,538965,6,3672,2,7200,1.00163398693
535973,535980,539837,7,3857,2,7200,1.00181488203
536211,536218,540037,7,3819,2,7200,1.00183294056
536226,536232,540113,6,3881,2,7200,1.0015459933
536325,536331,539921,6,3590,2,7200,1.00167130919
536632,536639,540160,7,3521,2,7200,1.00198807157
536813,536820,540668,7,3848,2,7200,1.00181912682
537432,537438,537455,6,17,1,3600,1.35294117647
537433,537444,541558,11,4114,2,7200,1.00267379679
537601,537607,537666,6,59,1,3600,1.10169491525
537737,537744,541738,7,3994,2,7200,1.00175262894
537868,557081,576304,19213,19223,24,28800,1.99947978984
537891,537897,541875,6,3978,2,7200,1.00150829563
537915,537921,541771,6,3850,2,7200,1.00155844156
537993,538000,541941,7,3941,2,7200,1.00177619893
538342,538350,542112,8,3762,2,7200,1.00212652844
538523,538530,538601,7,71,1,1800,1.0985915493
538592,538600,542125,8,3525,2,7200,1.00226950355
538750,538757,539950,7,1193,2,3600,1.00586756077
538813,538820,538906,7,86,1,1800,1.08139534884
538878,538884,542648,6,3764,2,7200,1.00159404888
538966,538972,542704,6,3732,2,7200,1.00160771704
539349,539356,539716,7,360,1,1800,1.01944444444
539654,595796,651540,56142,55744,4,72000,2.00713978186
539840,539846,543859,6,4013,2,7200,1.00149514079
539924,539931,543638,7,3707,2,7200,1.0018883194
539989,539995,540946,6,951,2,3600,1.00630914826
540040,540047,543259,7,3212,2,7200,1.00217932752
540114,540121,543295,7,3174,2,7200,1.00220541903
540162,540168,543555,6,3387,2,7200,1.00177147919
540671,540677,544390,6,3713,2,7200,1.00161594398
540771,540778,540815,7,37,1,1800,1.18918918919
541032,541039,541110,7,71,1,1800,1.0985915493
541121,541127,541428,6,301,2,3600,1.01993355482
541559,541565,544650,6,3085,2,7200,1.00194489465
541715,541721,544300,6,2579,2,28800,1.00232648313
541740,541747,545123,7,3376,2,7200,1.00207345972
541745,541754,541996,9,242,1,1800,1.03719008264
541772,541779,545293,7,3514,2,7200,1.00199203187
541878,541885,545660,7,3775,2,7200,1.00185430464
541944,541951,545364,7,3413,2,7200,1.00205098154
542113,542119,545914,6,3795,2,7200,1.00158102767
542128,542135,545529,7,3394,2,7200,1.00206246317
542217,542224,545044,7,2820,2,28800,1.0024822695
542649,542655,546120,6,3465,2,7200,1.00173160173
542706,542712,546128,6,3416,2,7200,1.00175644028
543065,543073,545104,8,2031,2,28800,1.00393894633
543260,543267,547279,7,4012,2,7200,1.0017447657
543296,543303,546961,7,3658,2,7200,1.001913614
543557,543563,547434,6,3871,2,7200,1.00154998708
543641,543648,547348,7,3700,2,7200,1.00189189189
543861,543868,547407,7,3539,2,7200,1.00197795988
544371,544378,570086,7,25708,2,64800,1.00027228878
544391,544398,548076,7,3678,2,7200,1.00190320827
544653,544659,547798,6,3139,2,7200,1.00191143676
545063,545069,573879,6,28810,2,28800,1.00020826102
545117,545123,573935,6,28812,2,28800,1.00020824656
545126,545132,548786,6,3654,2,7200,1.00164203612
545294,545300,549086,6,3786,2,7200,1.00158478605
545366,545372,548608,6,3236,2,7200,1.00185414091
545531,545539,549216,8,3677,2,7200,1.0021756867
545661,545667,549083,6,3416,2,7200,1.00175644028
545917,545924,548857,7,2933,2,7200,1.00238663484
546121,546128,549635,7,3507,2,7200,1.00199600798
546136,546142,549748,6,3606,2,7200,1.00166389351
546964,546970,550739,6,3769,2,7200,1.0015919342
547280,547286,550668,6,3382,2,7200,1.00177409817
547350,547357,550630,7,3273,2,7200,1.00213871066
547410,547416,551319,6,3903,2,7200,1.00153727902
547437,547443,551087,6,3644,2,7200,1.00164654226
547801,547808,551651,7,3843,2,7200,1.00182149362
548078,548084,551792,6,3708,2,7200,1.00161812298
548611,548618,552189,7,3571,2,7200,1.00196023523
548789,548795,551729,6,2934,2,7200,1.00204498978
548857,548865,552555,8,3690,2,7200,1.00216802168
549085,549091,552689,6,3598,2,7200,1.00166759311
549100,549107,552676,7,3569,2,7200,1.00196133371
549217,549224,552795,7,3571,2,7200,1.00196023523
549636,549643,553495,7,3852,2,7200,1.0018172378
549750,549756,553621,6,3865,2,7200,1.00155239327
550632,550638,554145,6,3507,2,7200,1.00171086399
550671,550678,554377,7,3699,2,7200,1.00189240335
550740,550746,554637,6,3891,2,7200,1.00154202005
551090,551096,554595,6,3499,2,7200,1.00171477565
551322,551329,554907,7,3578,2,7200,1.00195640022
551653,551659,555165,6,3506,2,7200,1.00171135197
551731,551737,555366,6,3629,2,7200,1.00165334803
551794,551801,555681,7,3880,2,7200,1.00180412371
552191,552198,556105,7,3907,2,7200,1.001791656
552558,552565,556245,7,3680,2,7200,1.00190217391
552679,552685,556237,6,3552,2,7200,1.00168918919
552694,552700,556514,6,3814,2,7200,1.00157315155
552796,552802,556590,6,3788,2,7200,1.00158394931
553497,553504,557174,7,3670,2,7200,1.00190735695
553624,553630,557718,6,4088,2,7200,1.00146771037
554147,554154,557962,7,3808,2,7200,1.00183823529
554214,554221,555476,7,1255,1,3600,1.00557768924
554235,554241,555490,6,1249,1,3600,1.00480384307
554271,554278,555606,7,1328,1,3600,1.00527108434
554379,554385,557655,6,3270,2,7200,1.00183486239
554596,554604,558322,8,3718,2,7200,1.00215169446
554638,554644,558132,6,3488,2,7200,1.00172018349
554909,554915,558392,6,3477,2,7200,1.00172562554
555168,555175,558801,7,3626,2,7200,1.00193050193
555369,555376,558723,7,3347,2,7200,1.00209142516
555682,555689,559282,7,3593,2,7200,1.00194823267
556106,556114,559739,8,3625,2,7200,1.00220689655
556239,556246,559369,7,3123,2,7200,1.00224143452
556254,556261,560034,7,3773,2,7200,1.00185528757
556516,556523,559999,7,3476,2,7200,1.00201380898
556591,556598,560005,7,3407,2,7200,1.00205459348
557084,576315,595538,19231,19223,24,28800,2.00041616813
557175,557181,561144,6,3963,2,7200,1.00151400454
557657,557663,561465,6,3802,2,7200,1.00157811678
557720,557727,561326,7,3599,2,7200,1.00194498472
557964,557971,562010,7,4039,2,7200,1.00173310225
558094,558101,564606,7,6505,1,18000,1.00107609531
558133,558140,561709,7,3569,2,7200,1.00196133371
558323,558329,562322,6,3993,2,7200,1.0015026296
558395,558401,562008,6,3607,2,7200,1.00166343222
558726,558732,562471,6,3739,2,7200,1.00160470714
558801,558807,562113,6,3306,2,7200,1.00181488203
559283,559290,562993,7,3703,2,7200,1.00189035917
559370,559376,563021,6,3645,2,7200,1.00164609053
559662,559669,581503,7,21834,1,86400,1.0003206009
559740,559747,563359,7,3612,2,7200,1.0019379845
559999,560006,563180,7,3174,2,7200,1.00220541903
560014,560020,563990,6,3970,2,7200,1.00151133501
560035,560041,564030,6,3989,2,7200,1.00150413638
561146,561152,564918,6,3766,2,7200,1.00159320234
561329,561335,565147,6,3812,2,7200,1.00157397692
561468,561474,565345,6,3871,2,7200,1.00154998708
561711,561719,565842,8,4123,2,7200,1.00194033471
562010,562016,565132,6,3116,2,7200,1.00192554557
562025,562031,565070,6,3039,2,7200,1.00197433366
562115,562121,565798,6,3677,2,7200,1.00163176503
562323,562329,566259,6,3930,2,7200,1.00152671756
562473,562479,566320,6,3841,2,7200,1.0015620932
562994,563001,566131,7,3130,2,7200,1.00223642173
563024,563031,566658,7,3627,2,7200,1.00192996967
563182,563188,566907,6,3719,2,7200,1.00161333692
563362,563368,567007,6,3639,2,7200,1.00164880462
563992,563999,567833,7,3834,2,7200,1.00182576943
564031,564037,567664,6,3627,2,7200,1.00165425972
564922,564928,568203,6,3275,2,7200,1.00183206107
565072,565078,568978,6,3900,2,7200,1.00153846154
565135,565142,568928,7,3786,2,7200,1.00184891706
565150,565156,568777,6,3621,2,7200,1.00165700083
565346,565352,569306,6,3954,2,7200,1.00151745068
565800,565807,569661,7,3854,2,7200,1.00181629476
565845,565851,569558,6,3707,2,7200,1.00161855948
566134,566141,569847,7,3706,2,7200,1.00188882893
566260,566266,569429,6,3163,2,7200,1.00189693329
566323,566329,569509,6,3180,2,7200,1.00188679245
566660,566667,569967,7,3300,2,7200,1.00212121212
566910,566917,570935,7,4018,2,7200,1.00174216028
567009,567015,570812,6,3797,2,7200,1.00158019489
567665,567671,571561,6,3890,2,7200,1.00154241645
567837,567844,571840,7,3996,2,7200,1.00175175175
568205,568211,572400,6,4189,2,7200,1.00143232275
568779,568786,572517,7,3731,2,7200,1.00187617261
568930,568937,572425,7,3488,2,7200,1.00200688073
568978,568985,572477,7,3492,2,7200,1.0020045819
569306,569312,572758,6,3446,2,7200,1.00174114916
569429,569435,572906,6,3471,2,7200,1.00172860847
569510,569517,573417,7,3900,2,7200,1.00179487179
569561,569567,572893,6,3326,2,7200,1.00180396873
569664,569670,573151,6,3481,2,7200,1.00172364263
569850,569857,573712,7,3855,2,7200,1.00181582361
569970,569976,573823,6,3847,2,7200,1.00155965688
570815,570822,574653,7,3831,2,7200,1.00182719916
570939,570945,574615,6,3670,2,7200,1.00163487738
571562,571569,574981,7,3412,2,7200,1.00205158265
571842,571848,575501,6,3653,2,7200,1.00164248563
571947,571954,579466,7,7512,20,21599,1.00093184239
572017,572023,579987,6,7964,20,21599,1.00075339026
572130,576544,583349,4414,6805,20,21599,1.64864070536
572221,579477,585202,7256,5725,20,21599,2.26742358079
572267,580000,583419,7733,3419,20,21599,3.26177244808
572312,583362,594961,11050,11599,20,21599,1.95266833348
572403,572409,575973,6,3564,2,7200,1.00168350168
572427,572433,576002,6,3569,2,7200,1.00168114318
572478,572485,576409,7,3924,2,7200,1.00178389399
572520,572528,576354,8,3826,2,7200,1.00209095661
572762,572769,576498,7,3729,2,7200,1.00187717887
572894,572901,576746,7,3845,2,7200,1.00182054616
572909,572916,576559,7,3643,2,7200,1.00192149327
573153,573160,577014,7,3854,2,7200,1.00181629476
573418,573424,576971,6,3547,2,7200,1.00169157034
573713,573719,577627,6,3908,2,7200,1.00153531218
573824,573830,577679,6,3849,2,7200,1.00155884645
574618,574626,578276,8,3650,2,7200,1.00219178082
574654,574661,577997,7,3336,2,7200,1.00209832134
574836,574843,577893,7,3050,4,28800,1.00229508197
574983,574990,578282,7,3292,2,7200,1.00212636695
575504,575510,578883,6,3373,2,7200,1.0017788319
575970,575977,579541,7,3564,2,7200,1.0019640853
576004,576010,579834,6,3824,2,7200,1.00156903766
576316,596212,615442,19896,19230,24,28800,2.03463338534
576356,576362,580077,6,3715,2,7200,1.00161507402
576410,576416,580185,6,3769,2,7200,1.0015919342
576500,576506,580306,6,3800,2,7200,1.00157894737
576560,576566,580337,6,3771,2,7200,1.0015910899
576747,576754,580532,7,3778,2,7200,1.00185283219
576972,576979,580374,7,3395,2,7200,1.00206185567
577018,577024,580921,6,3897,2,7200,1.00153964588
577326,577332,577335,6,3,1,7200,1.0
577482,577488,577490,6,2,1,7200,1.0
577629,577635,581548,6,3913,2,7200,1.00153335037
577663,577669,577672,6,3,1,7200,1.0
577680,577687,581612,7,3925,2,7200,1.00178343949
577999,578006,581910,7,3904,2,7200,1.00179303279
578178,578184,578187,6,3,1,7200,1.0
578279,578285,581862,6,3577,2,7200,1.00167738328
578293,578299,582020,6,3721,2,7200,1.00161246977
578324,578332,578335,8,3,1,7200,1.1
578453,578461,578462,8,1,1,7200,1.0
578686,578692,578694,6,2,1,7200,1.0
578852,578859,578860,7,1,1,7200,1.0
578887,578894,582873,7,3979,2,7200,1.00175923599
579187,579194,579196,7,2,1,7200,1.0
579540,579546,583414,6,3868,2,7200,1.00155118925
579684,579690,579693,6,3,1,7200,1.0
579836,579843,583253,7,3410,2,7200,1.00205278592
579840,579849,579851,9,2,1,7200,1.1
579915,579921,579923,6,2,1,7200,1.0
580080,580087,583383,7,3296,2,7200,1.00212378641
580188,580195,583971,7,3776,2,7200,1.00185381356
580309,580315,584014,6,3699,2,7200,1.00162206002
580338,580345,583947,7,3602,2,7200,1.0019433648
580374,580381,584231,7,3850,2,7200,1.00181818182
580473,580480,580483,7,3,1,7200,1.0
580534,580540,583928,6,3388,2,7200,1.00177095632
580922,580928,584633,6,3705,2,7200,1.0016194332
581548,581555,584731,7,3176,2,7200,1.00220403023
581614,581621,585058,7,3437,2,7200,1.00203665988
581621,581627,581629,6,2,1,7200,1.0
581864,581871,585278,7,3407,2,7200,1.00205459348
581912,581919,585707,7,3788,2,7200,1.00184794087
582024,582035,585314,11,3279,2,7200,1.00335468131
582567,582573,582576,6,3,1,7200,1.0
582876,582882,585999,6,3117,2,7200,1.00192492782
582943,582949,584424,6,1475,4,43200,1.00406779661
583160,583166,584663,6,1497,4,43200,1.00400801603
583255,583261,586611,6,3350,2,7200,1.00179104478
583349,583355,587897,6,4542,4,43200,1.00132100396
583385,583392,587162,7,3770,2,7200,1.00185676393
583415,583421,587351,6,3930,2,7200,1.00152671756
583929,583936,587162,7,3226,2,7200,1.00216986981
583950,583956,587477,6,3521,2,7200,1.00170406135
583974,583981,587357,7,3376,2,7200,1.00207345972
584016,584023,587702,7,3679,2,7200,1.00190269095
584233,584240,587880,7,3640,2,7200,1.00192307692
584636,584642,587953,6,3311,2,7200,1.00181214135
584733,584739,588065,6,3326,2,7200,1.00180396873
584848,584854,613692,6,28838,4,28800,1.00020805881
585061,585068,588591,7,3523,2,7200,1.00198694295
585281,585288,589083,7,3795,2,7200,1.00184453228
585317,585324,588561,7,3237,2,7200,1.00216249614
585710,585716,588901,6,3185,2,7200,1.00188383046
585998,586005,587425,7,1420,1,86400,1.00492957746
586002,586011,589778,9,3767,2,7200,1.0023891691
586613,586619,590339,6,3720,2,7200,1.00161290323
587164,587170,590799,6,3629,2,7200,1.00165334803
587165,587176,591359,11,4183,2,7200,1.00262969161
587352,587358,590940,6,3582,2,7200,1.00167504188
587367,587373,591276,6,3903,2,7200,1.00153727902
587448,587456,599436,8,11980,1,86400,1.00066777963
587478,587485,590688,7,3203,2,7200,1.00218545114
587704,587710,590891,6,3181,2,7200,1.00188619931
587881,587888,591604,7,3716,2,7200,1.00188374596
587956,587963,591681,7,3718,2,7200,1.00188273265
588068,588074,591392,6,3318,2,7200,1.00180831826
588564,588570,592122,6,3552,2,7200,1.00168918919
588594,588601,592514,7,3913,2,7200,1.00178890877
588901,588907,592715,6,3808,2,7200,1.00157563025
589085,589091,592467,6,3376,2,7200,1.00177725118
589780,589787,593807,7,4020,2,7200,1.00174129353
590340,590347,593686,7,3339,2,7200,1.00209643606
590690,590696,594601,6,3905,2,7200,1.00153649168
590710,590718,590790,8,72,16,600,1.11111111111
590800,590808,594556,8,3748,2,7200,1.00213447172
590894,590900,593983,6,3083,2,7200,1.00194615634
590942,590948,594662,6,3714,2,7200,1.00161550889
591002,591008,591082,6,74,16,600,1.08108108108
591279,591286,594974,7,3688,2,7200,1.00189804772
591360,591367,595222,7,3855,2,7200,1.00181582361
591387,591393,591395,6,2,2,3540,1.0
591393,591400,595237,7,3837,2,7200,1.00182434193
591606,591613,595259,7,3646,2,7200,1.00191991223
591681,591688,595619,7,3931,2,7200,1.00178071737
591833,591840,602858,7,11018,20,21599,1.00063532402
591921,591928,597533,7,5605,20,21599,1.00124888492
591967,591973,597757,6,5784,20,21599,1.0010373444
592044,596223,603197,4179,6974,20,21599,1.59922569544
592096,596301,601986,4205,5685,20,21599,1.73966578716
592124,592130,596072,6,3942,2,7200,1.00152207002
592468,592476,596167,8,3691,2,7200,1.0021674343
592516,592523,596170,7,3647,2,7200,1.0019193858
592551,594973,595047,2422,74,16,600,33.7297297297
592718,592724,596495,6,3771,2,7200,1.0015910899
593688,593695,597853,7,4158,2,7200,1.00168350168
593808,593814,597599,6,3785,2,7200,1.00158520476
593985,593991,597480,6,3489,2,7200,1.00171969046
594558,594565,598230,7,3665,2,7200,1.00190995907
594603,594609,598588,6,3979,2,7200,1.00150791656
594663,594669,598061,6,3392,2,7200,1.00176886792
594976,594982,598515,6,3533,2,7200,1.00169827342
595014,597632,610112,2618,12480,20,21599,1.20977564103
595223,595230,598891,7,3661,2,7200,1.00191204589
595238,595244,598352,6,3108,2,7200,1.00193050193
595262,595268,599076,6,3808,2,7200,1.00157563025
595487,595493,595582,6,89,16,600,1.06741573034
595620,595626,599534,6,3908,2,7200,1.00153531218
595670,595677,595748,7,71,16,600,1.0985915493
595798,651546,707481,55748,55935,4,72000,1.99665683382
596042,596048,596119,6,71,16,600,1.08450704225
596075,596081,599861,6,3780,2,7200,1.00158730159
596168,596174,599736,6,3562,2,7200,1.00168444694
596183,596189,600152,6,3963,2,7200,1.00151400454
596197,596218,596290,21,72,16,600,1.29166666667
596214,615448,634673,19234,19225,24,28800,2.00046814044
596404,597544,597619,1140,75,16,600,16.2
596499,596505,599879,6,3374,2,7200,1.00177830468
597483,597489,601255,6,3766,2,7200,1.00159320234
597600,597607,601328,7,3721,2,7200,1.00188121473
597856,597862,601131,6,3269,2,7200,1.00183542368
598064,598070,601761,6,3691,2,7200,1.00162557572
598226,598232,598234,6,2,4,28800,1.0
598232,598239,602243,7,4004,2,7200,1.00174825175
598353,598359,601837,6,3478,2,7200,1.00172512938
598500,598506,627325,6,28819,2,28800,1.00020819598
598518,598524,602015,6,3491,2,7200,1.00171870524
598550,598556,627368,6,28812,2,28800,1.00020824656
598591,598597,602063,6,3466,2,7200,1.00173110214
598895,598901,602654,6,3753,2,7200,1.00159872102
599078,599084,602640,6,3556,2,7200,1.00168728909
599536,599542,602979,6,3437,2,7200,1.00174570847
599737,599743,603423,6,3680,2,7200,1.00163043478
599863,599870,603529,7,3659,2,7200,1.00191309101
599881,599888,603466,7,3578,2,7200,1.00195640022
600155,600161,603344,6,3183,2,7200,1.00188501414
601130,601137,604668,7,3531,2,7200,1.00198244123
601258,601265,604740,7,3475,2,7200,1.00201438849
601331,601337,604852,6,3515,2,7200,1.00170697013
601764,601770,605177,6,3407,2,7200,1.00176108013
601839,601845,605522,6,3677,2,7200,1.00163176503
602017,602023,605763,6,3740,2,7200,1.00160427807
602065,602071,605563,6,3492,2,7200,1.00171821306
602177,602184,603216,7,1032,16,3600,1.00678294574
602245,602252,605861,7,3609,2,7200,1.00193959546
602329,602335,602336,6,1,1,240,1.0
602643,602649,606348,6,3699,2,7200,1.00162206002
602658,602664,606441,6,3777,2,7200,1.00158856235
602980,602986,606500,6,3514,2,7200,1.00170745589
603248,603255,604048,7,793,16,3600,1.00882723834
603347,603353,607079,6,3726,2,7200,1.00161030596
603425,603431,607110,6,3679,2,7200,1.00163087796
603467,603473,607231,6,3758,2,7200,1.00159659393
603530,603537,607494,7,3957,2,7200,1.00176901693
604024,604031,604150,7,119,16,3600,1.05882352941
604261,604267,604440,6,173,16,3600,1.03468208092
604515,604521,605749,6,1228,16,3600,1.00488599349
604668,604675,608516,7,3841,2,7200,1.00182244207
604743,604750,608171,7,3421,2,7200,1.00204618533
