SubmitTime,StartTime,EndTime,QueuedTime,RunTime,NodesRequested,walltime,bslowdown
8591,8599,12206,8,3607,1,3600,1.00221790962
12161,12167,12175,6,8,1,1800,1.4
12312,12320,12391,8,71,1,1800,1.11267605634
12316,12326,12434,10,108,1,3600,1.09259259259
12568,12575,12824,7,249,1,3600,1.0281124498
12592,12598,12682,6,84,1,1800,1.07142857143
13065,13071,13634,6,563,1,3600,1.01065719361
13114,13121,13487,7,366,1,1800,1.01912568306
14095,14101,14110,6,9,1,1800,1.5
14125,14132,14137,7,5,1,3600,1.2
14249,14256,14335,7,79,1,3600,1.08860759494
14251,14263,14300,12,37,1,1800,1.32432432432
14470,14476,14709,6,233,1,3600,1.02575107296
14485,14492,14559,7,67,1,1800,1.10447761194
15009,15016,15472,7,456,1,3600,1.01535087719
15139,15145,15388,6,243,1,1800,1.02469135802
20068,20075,20114,7,39,1,1800,1.17948717949
20336,20342,20412,6,70,1,1800,1.08571428571
20989,20996,21234,7,238,1,1800,1.02941176471
27785,27792,30436,7,2644,16,3600,1.00264750378
31012,31019,33795,7,2776,16,7200,1.00252161383
31202,31208,109528,6,78320,24,86400,1.00007660878
34271,34278,34279,7,1,1,7200,1.0
34272,34283,34335,11,52,1,7200,1.21153846154
34272,34290,34291,18,1,1,7200,1.9
34272,34296,34590,24,294,1,7200,1.08163265306
34273,34312,34313,39,1,1,7200,4.0
34273,34307,34319,34,12,1,7200,3.83333333333
34273,34301,34403,28,102,1,7200,1.27450980392
34274,34329,36340,55,2011,1,7200,1.02734957732
34274,34323,35118,49,795,1,7200,1.06163522013
34274,34318,34685,44,367,1,7200,1.11989100817
34275,34346,36867,71,2521,1,7200,1.02816342721
34275,34351,34352,76,1,1,7200,7.7
34275,34340,34341,65,1,1,7200,6.6
34275,34334,41548,59,7214,1,7200,1.00817854172
34276,34363,41608,87,7245,1,7200,1.01200828157
34276,34357,34359,81,2,1,7200,8.3
34277,34409,34410,132,1,1,7200,13.3
34277,34415,34416,138,1,1,7200,13.9
34277,34404,34410,127,6,1,7200,13.3
34278,34428,34429,150,1,1,7200,15.1
34278,34422,34424,144,2,1,7200,14.6
34279,34438,35677,159,1239,1,7200,1.12832929782
34279,34433,41672,154,7239,1,7200,1.02127365658
34279,34444,34445,165,1,1,7200,16.6
34280,34451,41675,171,7224,1,7200,1.02367109635
34280,34468,34469,188,1,1,7200,18.9
34280,34461,34478,181,17,1,7200,11.6470588235
34280,34456,35081,176,625,1,7200,1.2816
34281,34490,34866,209,376,1,7200,1.55585106383
34281,34481,34482,200,1,1,7200,20.1
34282,34606,34608,324,2,1,7200,32.6
34282,34510,35338,228,828,1,7200,1.27536231884
34282,34599,34601,317,2,1,7200,31.9
34283,34628,34629,345,1,1,7200,34.6
34283,34621,34712,338,91,1,7200,4.71428571429
34284,34381,34394,97,13,1,7200,8.46153846154
34284,34375,36394,91,2019,1,7200,1.04507181773
34284,34370,34587,86,217,1,7200,1.39631336406
34285,34397,34398,112,1,1,7200,11.3
34285,34386,34388,101,2,1,7200,10.3
34286,34641,35925,355,1284,1,7200,1.27647975078
34286,34698,34700,412,2,1,7200,41.4
34286,34712,41951,426,7239,1,7200,1.05884790717
34287,34879,34880,592,1,1,7200,59.3
34287,34893,35344,606,451,1,7200,2.34368070953
34287,34724,41942,437,7218,1,7200,1.06054308673
34288,35130,35133,842,3,1,7200,84.5
34288,35093,35177,805,84,1,7200,10.5833333333
34288,35145,35253,857,108,1,7200,8.93518518519
34289,35189,35213,900,24,1,7200,38.5
34289,35226,35239,937,13,1,7200,73.0769230769
34289,35252,35263,963,11,1,7200,88.5454545455
34290,35283,37258,993,1975,1,7200,1.50278481013
34290,35265,35268,975,3,1,7200,97.8
34290,35276,36270,986,994,1,7200,1.99195171026
34291,35349,35374,1058,25,1,7200,43.32
34291,35356,35383,1065,27,1,7200,40.4444444444
34291,35387,35388,1096,1,1,7200,109.7
34292,35396,36134,1104,738,1,7200,2.49593495935
34292,35455,35457,1163,2,1,7200,116.5
34292,35403,35443,1111,40,1,7200,28.775
34293,35509,35511,1216,2,1,7200,121.8
34293,35482,35496,1189,14,1,7200,85.9285714286
34294,35524,42729,1230,7205,1,7200,1.1707147814
34294,35938,36068,1644,130,1,7200,13.6461538462
34294,35689,37566,1395,1877,1,7200,1.7432072456
34295,36080,43300,1785,7220,1,7200,1.2472299169
34295,36283,36285,1988,2,1,7200,199.0
34295,36146,43362,1851,7216,1,7200,1.25651330377
34296,36297,36883,2001,586,1,7200,4.41467576792
34296,36352,36394,2056,42,1,7200,49.9523809524
34296,36406,36613,2110,207,1,7200,11.193236715
34297,36879,36983,2582,104,1,7200,25.8269230769
34297,36625,43836,2328,7211,1,7200,1.32284010539
34297,36412,43616,2115,7204,1,7200,1.29358689617
34298,36909,44154,2611,7245,1,7200,1.36038647343
34298,36895,36896,2597,1,1,7200,259.8
34299,37324,37417,3025,93,1,7200,33.5268817204
34299,37009,37311,2710,302,1,7200,9.97350993377
34299,37271,39197,2972,1926,1,7200,2.54309449637
34299,36995,36996,2696,1,1,7200,269.7
34300,37429,37476,3129,47,1,7200,67.5744680851
34300,37502,37584,3202,82,1,7200,40.0487804878
34300,37488,37490,3188,2,1,7200,319.0
34301,37578,37838,3277,260,1,7200,13.6038461538
34301,37597,44844,3296,7247,1,7200,1.45480888644
34302,39210,46456,4908,7246,1,7200,1.67733922164
34302,37865,45096,3563,7231,1,7200,1.49273959342
34302,37850,37853,3548,3,1,7200,355.1
34303,41575,41576,7272,1,1,7200,727.3
34303,41561,41563,7258,2,1,7200,726.0
34304,41600,41601,7296,1,1,7200,729.7
34304,41620,41623,7316,3,1,7200,731.9
34305,41627,41628,7322,1,1,7200,732.3
34305,41647,41697,7342,50,1,7200,147.84
34305,41634,41701,7329,67,1,7200,110.388059701
34306,41684,42996,7378,1312,1,7200,6.62347560976
34306,41709,41734,7403,25,1,7200,297.12
34306,41691,48920,7385,7229,1,7200,2.02157974824
34307,41716,41799,7409,83,1,7200,90.265060241
34307,41760,42015,7453,255,1,7200,30.2274509804
34307,41746,41748,7439,2,1,7200,744.1
34308,41811,42587,7503,776,1,7200,10.668814433
34308,41954,41964,7646,10,1,7200,765.6
34308,41963,41964,7655,1,1,7200,765.6
34309,42081,42083,7772,2,1,7200,777.4
34309,41976,42069,7667,93,1,7200,83.4408602151
34309,42027,49244,7718,7217,1,7200,2.06941942635
34309,41981,49203,7672,7222,1,7200,2.06230960953
34310,42405,42406,8095,1,1,7200,809.6
34310,42095,42242,7785,147,1,7200,53.9591836735
34310,42254,42392,7944,138,1,7200,58.5652173913
34311,42444,42619,8133,175,1,7200,47.4742857143
34312,42614,42615,8302,1,1,7200,830.3
34312,42600,42602,8288,2,1,7200,829.0
34313,42742,42896,8429,154,1,7200,55.7337662338
34313,42634,43771,8321,1137,1,7200,8.31838170624
34313,42641,49846,8328,7205,1,7200,2.15586398334
34314,42922,43438,8608,516,1,7200,17.6821705426
34314,42908,42909,8594,1,1,7200,859.5
34314,43009,43057,8695,48,1,7200,182.145833333
34315,43281,43496,8966,215,1,7200,42.7023255814
34315,43069,43255,8754,186,1,7200,48.064516129
34315,43267,43268,8952,1,1,7200,895.3
34316,43312,43317,8996,5,1,7200,900.1
34316,43374,43610,9058,236,1,7200,39.3813559322
34316,43428,43434,9112,6,1,7200,911.8
34316,43329,43415,9013,86,1,7200,105.802325581
34317,43446,43622,9129,176,1,7200,52.8693181818
34317,43509,43630,9192,121,1,7200,76.9669421488
34317,43453,44213,9136,760,1,7200,13.0210526316
34318,43629,43785,9311,156,1,7200,60.6858974359
34318,43622,50832,9304,7210,1,7200,2.29042995839
34319,43643,43750,9324,107,1,7200,88.1401869159
34319,43636,43755,9317,119,1,7200,79.2941176471
34319,43762,50991,9443,7229,1,7200,2.30626642689
34320,43769,43787,9449,18,1,7200,525.944444444
34320,43798,44285,9478,487,1,7200,20.4620123203
34320,43786,43787,9466,1,1,7200,946.7
34321,43810,43811,9489,1,1,7200,949.0
34321,43805,43990,9484,185,1,7200,52.2648648649
34322,43847,43852,9525,5,1,7200,953.0
34323,43864,43881,9541,17,1,7200,562.235294118
34324,43901,43936,9577,35,1,7200,274.628571429
34324,43913,51126,9589,7213,1,7200,2.32940524054
34324,43894,43901,9570,7,1,7200,957.7
34325,43949,44362,9624,413,1,7200,24.3026634383
34325,44002,51220,9677,7218,1,7200,2.34067608756
34325,44167,45953,9842,1786,1,7200,6.51063829787
34326,44297,44371,9971,74,1,7200,135.743243243
34326,44374,44782,10048,408,1,7200,25.6274509804
34326,44225,47329,9899,3104,1,7200,4.18911082474
34327,44383,45126,10056,743,1,7200,14.534320323
34327,44794,45501,10467,707,1,7200,15.8048090523
34327,44857,49646,10530,4789,1,7200,3.19878889121
34328,45108,45608,10780,500,1,7200,22.56
34328,45513,45717,11185,204,1,7200,55.8284313725
34328,45138,45798,10810,660,1,7200,17.3787878788
34329,45621,45927,11292,306,1,7200,37.9019607843
34329,45730,46430,11401,700,1,7200,17.2871428571
34330,45928,46061,11598,133,1,7200,88.2030075188
34330,45940,49606,11610,3666,1,7200,4.16693944354
34330,45810,45916,11480,106,1,7200,109.301886792
34331,45965,48087,11634,2122,1,7200,6.48256361923
34331,46468,46810,12137,342,1,7200,36.4883040936
34331,46074,53301,11743,7227,1,7200,2.62487892625
34332,47341,47349,13009,8,1,7200,1301.7
34332,47361,47381,13029,20,1,7200,652.45
34332,46823,54061,12491,7238,1,7200,2.72575297043
34333,47603,47794,13270,191,1,7200,70.4764397906
34333,47588,47592,13255,4,1,7200,1325.9
34333,47806,55015,13473,7209,1,7200,2.86891385768
34333,47394,47575,13061,181,1,7200,73.1602209945
34334,47938,48234,13604,296,1,7200,46.9594594595
34334,48099,48145,13765,46,1,7200,300.239130435
34335,48932,48945,14597,13,1,7200,1123.84615385
34335,48246,49440,13911,1194,1,7200,12.6507537688
34335,48158,55363,13823,7205,1,7200,2.91852879944
34336,49256,56489,14920,7233,1,7200,3.06276786949
34336,48957,49719,14621,762,1,7200,20.187664042
34336,49215,49308,14879,93,1,7200,160.989247312
34337,49453,49484,15116,31,1,7200,488.612903226
34337,49496,49544,15159,48,1,7200,316.8125
34337,49320,49554,14983,234,1,7200,65.0299145299
34338,49566,49705,15228,139,1,7200,110.553956835
34338,49639,49690,15301,51,1,7200,301.019607843
34338,49556,49695,15218,139,1,7200,110.482014388
34338,49619,49627,15281,8,1,7200,1528.9
34339,49710,50129,15371,419,1,7200,37.6849642005
34339,49659,50066,15320,407,1,7200,38.6412776413
34339,49703,49783,15364,80,1,7200,193.05
34340,49718,50067,15378,349,1,7200,45.0630372493
34340,49731,49848,15391,117,1,7200,132.547008547
34340,49795,49849,15455,54,1,7200,287.203703704
34341,49871,50074,15530,203,1,7200,77.5024630542
34341,49859,49881,15518,22,1,7200,706.363636364
34341,49866,55231,15525,5365,1,7200,3.89375582479
34342,50078,50103,15736,25,1,7200,630.44
34342,50085,51770,15743,1685,1,7200,10.3430267062
34342,49893,50825,15551,932,1,7200,17.6856223176
34343,50142,57353,15799,7211,1,7200,3.19095825822
34343,50092,50242,15749,150,1,7200,105.993333333
34343,50115,50324,15772,209,1,7200,76.4641148325
34344,50336,50337,15992,1,1,7200,1599.3
34344,50254,50398,15910,144,1,7200,111.486111111
34346,50410,50472,16064,62,1,7200,260.096774194
34346,50415,50416,16069,1,1,7200,1607.0
34348,50485,50553,16137,68,1,7200,238.308823529
34349,50528,55611,16179,5083,1,7200,4.18296281723
34350,50838,58084,16488,7246,1,7200,3.27546232404
34350,50845,50875,16495,30,1,7200,550.833333333
34350,50565,50944,16215,379,1,7200,43.7836411609
34351,50984,50991,16633,7,1,7200,1664.0
34351,50887,58126,16536,7239,1,7200,3.28429341069
34351,50956,50972,16605,16,1,7200,1038.8125
34352,51003,58236,16651,7233,1,7200,3.30208765381
34352,51008,51173,16656,165,1,7200,101.945454545
34353,51139,51509,16786,370,1,7200,46.3675675676
34353,51233,53952,16880,2719,1,7200,7.20816476646
34353,51185,51400,16832,215,1,7200,79.288372093
34354,51478,51676,17124,198,1,7200,87.4848484848
34354,51412,51466,17058,54,1,7200,316.888888889
34354,51522,51532,17168,10,1,7200,1717.8
34355,51782,51798,17427,16,1,7200,1090.1875
34355,51544,58776,17189,7232,1,7200,3.37679756637
34355,51810,51820,17455,10,1,7200,1746.5
34356,53964,53983,19608,19,1,7200,1033.0
34356,53314,54026,18958,712,1,7200,27.6264044944
34356,53995,54278,19639,283,1,7200,70.3957597173
34356,51832,59055,17476,7223,1,7200,3.41949328534
34357,54039,54194,19682,155,1,7200,127.980645161
34357,54074,54089,19717,15,1,7200,1315.46666667
34358,54101,55480,19743,1379,1,7200,15.3168963017
34358,54207,54265,19849,58,1,7200,343.224137931
34358,54277,54536,19919,259,1,7200,77.9073359073
34359,54549,54555,20190,6,1,7200,2019.6
34359,54290,54484,19931,194,1,7200,103.737113402
34359,54496,54728,20137,232,1,7200,87.7974137931
34360,54567,54625,20207,58,1,7200,349.396551724
34360,54637,55847,20277,1210,1,7200,17.7578512397
34360,54740,54741,20380,1,1,7200,2038.1
34361,54765,54815,20404,50,1,7200,409.08
34361,54827,54855,20466,28,1,7200,731.928571429
34361,54867,54870,20506,3,1,7200,2050.9
34362,54909,55125,20547,216,1,7200,96.125
34362,55027,55095,20665,68,1,7200,304.897058824
34362,54883,54897,20521,14,1,7200,1466.78571429
34363,55166,56954,20803,1788,1,7200,12.634787472
34363,55108,55153,20745,45,1,7200,462.0
34363,55137,62348,20774,7211,1,7200,3.88087643877
34364,55376,55405,21012,29,1,7200,725.551724138
34364,55243,55255,20879,12,1,7200,1740.91666667
34364,55290,55657,20926,367,1,7200,58.0190735695
34364,55268,55278,20904,10,1,7200,2091.4
34365,55470,57625,21105,2155,1,7200,10.7935034803
34365,55417,55458,21052,41,1,7200,514.463414634
34366,55572,55883,21206,311,1,7200,69.1864951768
34366,55492,55560,21126,68,1,7200,311.676470588
34366,55623,62852,21257,7229,1,7200,3.94051736063
34366,55669,55739,21303,70,1,7200,305.328571429
34367,55751,55764,21384,13,1,7200,1645.92307692
34367,55805,56289,21438,484,1,7200,45.2933884298
34367,55776,55793,21409,17,1,7200,1260.35294118
34368,55860,63067,21492,7207,1,7200,3.9821007354
34368,56301,56327,21933,26,1,7200,844.576923077
34368,55895,63106,21527,7211,1,7200,3.98530023575
34369,56339,56372,21970,33,1,7200,666.757575758
34369,56384,56452,22015,68,1,7200,324.75
34369,56464,57125,22095,661,1,7200,34.4266263238
34370,56966,56980,22596,14,1,7200,1615.0
34370,56501,56684,22131,183,1,7200,121.93442623
34370,56696,63914,22326,7218,1,7200,4.09310058188
34371,57138,57157,22767,19,1,7200,1199.26315789
34371,57169,57192,22798,23,1,7200,992.217391304
34371,56992,59702,22621,2710,1,7200,9.34723247232
34372,57239,57520,22867,281,1,7200,82.3772241993
34372,57365,57547,22993,182,1,7200,127.335164835
34372,57204,57226,22832,22,1,7200,1038.81818182
34372,57532,57576,23160,44,1,7200,527.363636364
34373,57560,57637,23187,77,1,7200,302.12987013
34373,57637,57698,23264,61,1,7200,382.37704918
34373,57588,57765,23215,177,1,7200,132.15819209
34374,57649,57777,23275,128,1,7200,182.8359375
34374,57777,57844,23403,67,1,7200,350.298507463
34374,57711,64951,23337,7240,1,7200,4.22334254144
34375,57789,57880,23414,91,1,7200,258.296703297
34375,57856,57908,23481,52,1,7200,452.557692308
34375,57893,57922,23518,29,1,7200,811.965517241
34376,57953,57965,23577,12,1,7200,1965.75
34376,57920,57941,23544,21,1,7200,1122.14285714
34376,57934,57941,23558,7,1,7200,2356.5
34377,57958,57966,23581,8,1,7200,2358.9
34377,57977,58012,23600,35,1,7200,675.285714286
34377,57984,65230,23607,7246,1,7200,4.25793541264
34378,58066,58318,23688,252,1,7200,95.0
34378,58025,58054,23647,29,1,7200,816.413793103
34378,58096,58526,23718,430,1,7200,56.1581395349
34379,58200,58411,23821,211,1,7200,113.895734597
34379,58162,58188,23783,26,1,7200,915.730769231
34379,58248,58317,23869,69,1,7200,346.927536232
34379,58138,58150,23759,12,1,7200,1980.91666667
34380,58335,59215,23955,880,1,7200,28.2215909091
34380,58330,58410,23950,80,1,7200,300.375
34380,58422,58955,24042,533,1,7200,46.1069418386
34381,58539,58551,24158,12,1,7200,2014.16666667
34381,58429,65641,24048,7212,1,7200,4.33444259567
34382,58564,58569,24182,5,1,7200,2418.7
34382,58581,58664,24199,83,1,7200,292.554216867
34382,58788,58792,24406,4,1,7200,2441.0
34382,58677,58917,24295,240,1,7200,102.229166667
34383,58930,59464,24547,534,1,7200,46.968164794
34383,58805,58822,24422,17,1,7200,1437.58823529
34383,58834,66066,24451,7232,1,7200,4.38094579646
34384,59075,59111,24691,36,1,7200,686.861111111
34384,59068,59226,24684,158,1,7200,157.227848101
34384,58968,58997,24584,29,1,7200,848.724137931
34384,59009,59062,24625,53,1,7200,465.622641509
34385,59123,59314,24738,191,1,7200,130.518324607
34385,59228,59480,24843,252,1,7200,99.5833333333
34385,59239,63058,24854,3819,1,7200,7.50798638387
34386,59327,59637,24941,310,1,7200,81.4548387097
34386,59476,59914,25090,438,1,7200,58.2831050228
34386,59493,59506,25107,13,1,7200,1932.30769231
34387,59518,59523,25131,5,1,7200,2513.6
34387,59535,66744,25148,7209,1,7200,4.48841725621
34387,59650,59721,25263,71,1,7200,356.816901408
34388,59750,59768,25362,18,1,7200,1410.0
34388,59715,60354,25327,639,1,7200,40.6353677621
34388,59734,59738,25346,4,1,7200,2535.0
34389,59780,59795,25391,15,1,7200,1693.73333333
34389,59927,59929,25538,2,1,7200,2554.0
34389,59807,60714,25418,907,1,7200,29.0242557883
34390,59941,59960,25551,19,1,7200,1345.78947368
34390,59972,60231,25582,259,1,7200,99.7722007722
34390,60243,60245,25853,2,1,7200,2585.5
34390,60257,60259,25867,2,1,7200,2586.9
34391,60271,60421,25880,150,1,7200,173.533333333
34391,60366,60368,25975,2,1,7200,2597.7
34392,60433,60435,26041,2,1,7200,2604.3
34392,60393,60585,26001,192,1,7200,136.421875
34393,60478,62314,26085,1836,1,7200,15.2075163399
34393,60447,60448,26054,1,1,7200,2605.5
34393,60460,60465,26067,5,1,7200,2607.2
34393,60597,60599,26204,2,1,7200,2620.6
34394,60624,60625,26230,1,1,7200,2623.1
34394,60637,67843,26243,7206,1,7200,4.6418262559
34395,60726,60752,26331,26,1,7200,1013.73076923
34395,60765,60767,26370,2,1,7200,2637.2
34395,60779,60780,26384,1,1,7200,2638.5
34395,60792,60793,26397,1,1,7200,2639.8
34396,60874,60929,26478,55,1,7200,482.418181818
34396,60805,60860,26409,55,1,7200,481.163636364
34396,60941,60943,26545,2,1,7200,2654.7
34397,60994,60995,26597,1,1,7200,2659.8
34397,60980,60982,26583,2,1,7200,2658.5
34397,60955,60968,26558,13,1,7200,2043.92307692
34398,61007,61008,26609,1,1,7200,2661.0
34398,61087,61091,26689,4,1,7200,2669.3
34398,61020,61075,26622,55,1,7200,485.036363636
34399,61103,61309,26704,206,1,7200,130.631067961
34399,61321,61327,26922,6,1,7200,2692.8
34400,61365,61596,26965,231,1,7200,117.731601732
34400,61339,61340,26939,1,1,7200,2694.0
34400,61352,61353,26952,1,1,7200,2695.3
34401,61608,61610,27207,2,1,7200,2720.9
34401,61622,61673,27221,51,1,7200,534.745098039
34401,61685,61687,27284,2,1,7200,2728.6
34402,61728,62151,27326,423,1,7200,65.6004728132
34402,61699,61703,27297,4,1,7200,2730.1
34402,61715,61716,27313,1,1,7200,2731.4
34403,62233,62245,27830,12,1,7200,2320.16666667
34403,62163,62207,27760,44,1,7200,631.909090909
34403,62219,62221,27816,2,1,7200,2781.8
34404,62288,69510,27884,7222,1,7200,4.86098033786
34404,62271,62276,27867,5,1,7200,2787.2
34404,62257,62258,27853,1,1,7200,2785.4
34405,62360,62372,27955,12,1,7200,2330.58333333
34405,62341,62347,27936,6,1,7200,2794.2
34405,62327,62329,27922,2,1,7200,2792.4
34406,62385,62751,27979,366,1,7200,77.4453551913
34406,62763,62765,28357,2,1,7200,2835.9
34406,62378,69617,27972,7239,1,7200,4.86406962288
34407,62828,62829,28421,1,1,7200,2842.2
34407,62810,62815,28403,5,1,7200,2840.8
34407,62777,62798,28370,21,1,7200,1351.95238095
34408,62878,62885,28470,7,1,7200,2847.7
34408,62841,63002,28433,161,1,7200,177.602484472
34408,62864,62866,28456,2,1,7200,2845.8
34409,62898,62918,28489,20,1,7200,1425.45
34409,63004,63049,28595,45,1,7200,636.444444444
34409,62931,62992,28522,61,1,7200,468.573770492
34410,63069,63070,28659,1,1,7200,2866.0
34410,63014,63051,28604,37,1,7200,774.081081081
34410,63062,63064,28652,2,1,7200,2865.4
34411,63094,70310,28683,7216,1,7200,4.97491685144
34411,63082,70328,28671,7246,1,7200,4.9568037538
34411,63076,63077,28665,1,1,7200,2866.6
34412,63107,63288,28695,181,1,7200,159.535911602
34412,63100,63101,28688,1,1,7200,2868.9
34412,63114,65565,28702,2451,1,7200,12.7103223174
34413,63266,63267,28853,1,1,7200,2885.4
34413,63251,63253,28838,2,1,7200,2884.0
34413,63121,63239,28708,118,1,7200,244.288135593
34414,63301,63302,28887,1,1,7200,2888.8
34414,63292,63293,28878,1,1,7200,2887.9
34415,63315,63465,28900,150,1,7200,193.666666667
34415,63373,70583,28958,7210,1,7200,5.01636615811
34415,63308,63361,28893,53,1,7200,546.150943396
34416,63478,63479,29062,1,1,7200,2906.3
34416,63504,63564,29088,60,1,7200,485.8
34417,63577,63578,29160,1,1,7200,2916.1
34418,63645,63646,29227,1,1,7200,2922.8
34418,63629,63632,29211,3,1,7200,2921.4
34418,63614,63617,29196,3,1,7200,2919.9
34418,63659,63670,29241,11,1,7200,2659.27272727
34419,63682,63707,29263,25,1,7200,1171.52
34419,63719,63721,29300,2,1,7200,2930.2
34420,63745,63746,29325,1,1,7200,2932.6
34420,63776,66930,29356,3154,1,7200,10.3075459734
34420,63758,63764,29338,6,1,7200,2934.4
34421,68582,68599,34161,17,1,7200,2010.47058824
34421,68612,68629,34191,17,1,7200,2012.23529412
34421,68448,75671,34027,7223,1,7200,5.71092343901
34421,68641,68661,34220,20,1,7200,1712.0
34422,68673,68675,34251,2,1,7200,3425.3
34423,68713,75946,34290,7233,1,7200,5.74077146412
34423,68851,68858,34428,7,1,7200,3443.5
34424,68902,68924,34478,22,1,7200,1568.18181818
34424,68895,68896,34471,1,1,7200,3447.2
34425,68909,68910,34484,1,1,7200,3448.5
34425,68936,68937,34511,1,1,7200,3451.2
34425,68922,68935,34497,13,1,7200,2654.61538462
34426,68959,70071,34533,1112,1,7200,32.0548561151
34426,68947,69053,34521,106,1,7200,326.669811321
34427,69066,69163,34639,97,1,7200,358.103092784
34427,68979,69620,34552,641,1,7200,54.903276131
34428,69176,69490,34748,314,1,7200,111.662420382
34428,69502,76718,35074,7216,1,7200,5.86058758315
34429,69522,69526,35093,4,1,7200,3509.7
34429,69637,69638,35208,1,1,7200,3520.9
34429,69630,69633,35201,3,1,7200,3520.4
34429,69538,70825,35109,1287,1,7200,28.2797202797
34430,69645,71680,35215,2035,1,7200,18.3046683047
34431,69732,70893,35301,1161,1,7200,31.4056847545
34431,69718,69720,35287,2,1,7200,3528.9
34431,69676,69706,35245,30,1,7200,1175.83333333
34432,70323,70326,35891,3,1,7200,3589.4
34432,70185,70701,35753,516,1,7200,70.2887596899
34432,70083,70173,35651,90,1,7200,397.122222222
34433,70345,70366,35912,21,1,7200,1711.0952381
34433,70352,77555,35919,7203,1,7200,5.98667221991
34434,70595,70596,36161,1,1,7200,3616.2
34434,70587,70589,36153,2,1,7200,3615.5
34434,70602,70896,36168,294,1,7200,124.020408163
34434,70378,70575,35944,197,1,7200,183.456852792
34435,70732,71903,36297,1171,1,7200,31.9965841161
34435,70713,70720,36278,7,1,7200,3628.5
34435,70609,70990,36174,381,1,7200,95.9448818898
34436,70855,70857,36419,2,1,7200,3642.1
34436,70838,70843,36402,5,1,7200,3640.7
34436,70870,71813,36434,943,1,7200,39.6362672322
34437,70913,70914,36476,1,1,7200,3647.7
34437,70906,71207,36469,301,1,7200,122.159468439
34438,71002,71005,36564,3,1,7200,3656.7
34438,71017,71075,36579,58,1,7200,631.672413793
34438,70926,70965,36488,39,1,7200,936.58974359
34438,70977,78204,36539,7227,1,7200,6.05590148056
34439,71220,71726,36781,506,1,7200,73.6897233202
34439,71087,71294,36648,207,1,7200,178.043478261
34440,71707,71719,37267,12,1,7200,3106.58333333
34440,71306,72104,36866,798,1,7200,47.1979949875
34440,71693,71695,37253,2,1,7200,3725.5
34441,71739,73546,37298,1807,1,7200,21.6408411732
34441,71732,71734,37291,2,1,7200,3729.3
34441,71746,71820,37305,74,1,7200,505.121621622
34442,71849,71852,37407,3,1,7200,3741.0
34442,71842,72291,37400,449,1,7200,84.2962138085
34442,71825,71830,37383,5,1,7200,3738.8
34442,71832,71833,37390,1,1,7200,3739.1
34443,71916,71919,37473,3,1,7200,3747.6
34443,71877,72093,37434,216,1,7200,174.305555556
34444,71931,72044,37487,113,1,7200,332.743362832
34444,72057,72067,37613,10,1,7200,3762.3
34444,72079,72271,37635,192,1,7200,197.015625
34445,72116,72158,37671,42,1,7200,897.928571429
34445,72105,72108,37660,3,1,7200,3766.3
34446,72123,79344,37677,7221,1,7200,6.21769837973
34446,72803,72847,38357,44,1,7200,872.75
34446,72171,72315,37725,144,1,7200,262.979166667
34447,72821,72885,38374,64,1,7200,600.59375
34447,63927,63929,29480,2,1,7200,2948.2
34447,63941,65054,29494,1113,1,7200,27.4995507637
34448,65066,65116,30618,50,1,7200,613.36
34448,64963,68886,30515,3923,1,7200,8.77848585266
34448,65128,65131,30680,3,1,7200,3068.3
34449,65168,65190,30719,22,1,7200,1397.31818182
34449,65202,65204,30753,2,1,7200,3075.5
34449,65216,65249,30767,33,1,7200,933.333333333
34449,65143,65156,30694,13,1,7200,2362.07692308
34450,65242,72475,30792,7233,1,7200,5.25715470759
34450,65262,65265,30812,3,1,7200,3081.5
34450,65277,65541,30827,264,1,7200,117.768939394
34451,65577,72790,31126,7213,1,7200,5.31526410647
34451,65553,65555,31102,2,1,7200,3110.4
34452,65584,65664,31132,80,1,7200,390.15
34452,65654,65799,31202,145,1,7200,216.186206897
34452,65676,65678,31224,2,1,7200,3122.6
34453,65702,65705,31249,3,1,7200,3125.2
34453,65717,65718,31264,1,1,7200,3126.5
34454,65811,73021,31357,7210,1,7200,5.34909847434
34454,65864,65868,31410,4,1,7200,3141.4
34454,65765,65852,31311,87,1,7200,360.896551724
34454,65730,65753,31276,23,1,7200,1360.82608696
34455,66079,66143,31624,64,1,7200,495.125
34455,65880,65881,31425,1,1,7200,3142.6
34455,65893,73103,31438,7210,1,7200,5.36033287101
34456,66756,66771,32300,15,1,7200,2154.33333333
34456,66156,66158,31700,2,1,7200,3170.2
34456,66170,67728,31714,1558,1,7200,21.3555840822
34457,66784,66787,32327,3,1,7200,3233.0
34457,66943,66946,32486,3,1,7200,3248.9
34457,66799,66995,32342,196,1,7200,166.010204082
34458,67080,67947,32622,867,1,7200,38.6262975779
34458,67008,67068,32550,60,1,7200,543.5
34458,66958,67202,32500,244,1,7200,134.196721311
34459,67214,67223,32755,9,1,7200,3276.4
34459,67235,67316,32776,81,1,7200,405.641975309
34461,67389,67651,32928,262,1,7200,126.679389313
34461,67663,67682,33202,19,1,7200,1748.47368421
34461,67694,67741,33233,47,1,7200,708.085106383
34461,67741,74978,33280,7237,1,7200,5.59859057621
34462,67826,68839,33364,1013,1,7200,33.935834156
34462,67812,67814,33350,2,1,7200,3335.2
34462,67753,67799,33291,46,1,7200,724.717391304
34463,67959,67961,33496,2,1,7200,3349.8
34463,67856,67861,33393,5,1,7200,3339.8
34463,67873,68570,33410,697,1,7200,48.9340028694
34464,67973,68942,33509,969,1,7200,35.5810113519
34464,68167,68172,33703,5,1,7200,3370.8
34464,68154,68155,33690,1,1,7200,3369.1
34465,68253,68436,33788,183,1,7200,185.633879781
34465,68184,68240,33719,56,1,7200,603.125
34973,34979,35493,6,514,20,21599,1.01167315175
35068,35076,48185,8,13109,20,21599,1.00061026775
36406,36418,47926,12,11508,20,21599,1.00104275287
37049,37056,105246,7,68190,3,108000,1.00010265435
41622,41639,41899,17,260,1,3540,1.06538461538
42030,42037,44151,7,2114,1,3540,1.00331125828
42110,42116,42299,6,183,1,3540,1.03278688525
42159,42167,42448,8,281,1,3540,1.02846975089
42208,42215,42513,7,298,1,3540,1.02348993289
42280,42287,42535,7,248,1,3540,1.02822580645
42331,42338,42640,7,302,1,3540,1.02317880795
42380,42386,42892,6,506,1,3540,1.01185770751
42428,42437,42973,9,536,1,3540,1.01679104478
42478,42485,42987,7,502,1,3540,1.01394422311
42528,42535,43057,7,522,1,3540,1.01340996169
42608,42620,43182,12,562,1,3540,1.02135231317
42813,42820,43098,7,278,1,3540,1.02517985612
43067,43076,43272,9,196,1,3540,1.04591836735
43118,43124,43255,6,131,1,3540,1.04580152672
46090,46097,236781,7,190684,18,198000,1.00003670995
46178,46443,239688,265,193245,18,198000,1.0013713162
51543,51551,112743,8,61192,20,82799,1.00013073604
51682,51689,60854,7,9165,20,17999,1.00076377523
51780,60866,68142,9086,7276,20,21599,2.24876305662
68198,68205,70252,7,2047,6,28799,1.0034196385
68285,70264,79963,1979,9699,20,21599,1.20404165378
72223,72229,72781,6,552,1,900,1.01086956522
72223,72240,72764,17,524,1,900,1.03244274809
72223,72235,72770,12,535,1,900,1.02242990654
72224,72327,72862,103,535,1,900,1.19252336449
72224,72303,72863,79,560,1,900,1.14107142857
72224,72283,72809,59,526,1,900,1.11216730038
72225,72784,73247,559,463,1,900,2.20734341253
72225,72487,73001,262,514,1,900,1.50972762646
72225,72793,73296,568,503,1,900,2.12922465209
72225,72777,73262,552,485,1,900,2.1381443299
72929,72936,72937,7,1,2,3540,1.0
73891,73897,74210,6,313,1,900,1.01916932907
73891,73915,74241,24,326,1,900,1.0736196319
73891,73903,74265,12,362,1,900,1.03314917127
73891,73908,74268,17,360,1,900,1.04722222222
73892,73926,74279,34,353,1,900,1.09631728045
73892,73931,74299,39,368,1,900,1.10597826087
73892,73920,74292,28,372,1,900,1.0752688172
73893,73942,74350,49,408,1,900,1.12009803922
73893,73948,74336,55,388,1,900,1.14175257732
73893,73937,74252,44,315,1,900,1.13968253968
75668,75680,75996,12,316,1,900,1.03797468354
75668,75674,76037,6,363,1,900,1.01652892562
75668,75685,76006,17,321,1,900,1.05295950156
75669,75692,76024,23,332,1,900,1.06927710843
75669,75703,76009,34,306,1,900,1.11111111111
75669,75697,76075,28,378,1,900,1.07407407407
75670,75708,76030,38,322,1,900,1.11801242236
75670,75714,76020,44,306,1,900,1.14379084967
75670,75724,76043,54,319,1,900,1.16927899687
75670,75719,76061,49,342,1,900,1.1432748538
78844,105861,116575,27017,10714,48,32400,3.52165391077
80682,80706,81168,24,462,1,900,1.05194805195
80682,80711,81190,29,479,1,900,1.06054279749
80682,80694,81176,12,482,1,900,1.02489626556
80682,80699,81177,17,478,1,900,1.03556485356
80682,80688,81226,6,538,1,900,1.01115241636
80683,80733,81196,50,463,1,900,1.10799136069
80683,80722,81206,39,484,1,900,1.0805785124
80683,80717,81186,34,469,1,900,1.07249466951
80683,80727,81193,44,466,1,900,1.09442060086
80684,80738,81226,54,488,1,900,1.1106557377
83997,84003,87703,6,3700,16,3600,1.00162162162
84260,84267,84268,7,1,1,240,1.0
94993,94999,95006,6,7,1,3600,1.3
95117,95124,95233,7,109,1,3600,1.06422018349
95360,95367,95611,7,244,1,3600,1.02868852459
95848,95855,96417,7,562,1,3600,1.01245551601
96923,96929,100535,6,3606,1,3600,1.00166389351
98552,98559,98566,7,7,1,1800,1.4
98708,98714,98791,6,77,1,1800,1.07792207792
98994,99001,99082,7,81,1,1800,1.08641975309
99287,99293,99372,6,79,1,3600,1.07594936709
99428,99435,99651,7,216,1,3600,1.03240740741
99519,99526,99899,7,373,1,1800,1.01876675603
99781,99788,100108,7,320,1,3600,1.021875
100500,100507,100515,7,8,1,1800,1.5
100650,100656,100735,6,79,1,3600,1.07594936709
100656,100663,100701,7,38,1,1800,1.18421052632
100871,100878,101111,7,233,1,3600,1.03004291845
100912,100918,100989,6,71,1,1800,1.08450704225
101413,101420,101877,7,457,1,3600,1.01531728665
101571,101578,101820,7,242,1,1800,1.02892561983
106454,106460,106502,6,42,1,1800,1.14285714286
106725,106731,106803,6,72,1,1800,1.08333333333
107379,107386,107625,7,239,1,1800,1.02928870293
112398,112405,119498,7,7093,20,21599,1.00098688848
115057,115069,115118,12,49,1,7200,1.24489795918
115057,115063,115065,6,2,1,7200,1.0
115058,115092,115104,34,12,1,7200,3.83333333333
115058,115086,115174,28,88,1,7200,1.31818181818
115058,115081,115320,23,239,1,7200,1.09623430962
115059,115103,115441,44,338,1,7200,1.13017751479
115059,115108,115693,49,585,1,7200,1.08376068376
115059,115114,116890,55,1776,1,7200,1.03096846847
115060,115119,122352,59,7233,1,7200,1.00815705793
115060,115131,117260,71,2129,1,7200,1.03334899014
115060,115125,115126,65,1,1,7200,6.6
115060,115136,115137,76,1,1,7200,7.7
115061,115188,115195,127,7,1,7200,13.4
115061,115147,118922,86,3775,1,7200,1.02278145695
115061,115142,115143,81,1,1,7200,8.2
115062,115199,115201,137,2,1,7200,13.9
115062,115212,115214,150,2,1,7200,15.2
115063,115223,116360,160,1137,1,7200,1.14072119613
115063,115218,122434,155,7216,1,7200,1.02148004435
115063,115234,122449,171,7215,1,7200,1.0237006237
115063,115228,115231,165,3,1,7200,16.8
115064,115241,115853,177,612,1,7200,1.28921568627
115064,115246,115258,182,12,1,7200,16.1666666667
115064,115252,115253,188,1,1,7200,18.9
115065,115259,115260,194,1,1,7200,19.5
115065,115273,115275,208,2,1,7200,21.0
115065,115266,115633,201,367,1,7200,1.54768392371
115066,115278,116102,212,824,1,7200,1.2572815534
115067,115333,115336,266,3,1,7200,26.9
115067,115326,115427,259,101,1,7200,3.56435643564
115067,115349,115566,282,217,1,7200,2.29953917051
115068,115439,117380,371,1941,1,7200,1.19113858836
115068,115479,115480,411,1,1,7200,41.2
115068,115454,115467,386,13,1,7200,30.6923076923
115069,115517,116775,448,1258,1,7200,1.35612082671
115070,115579,115582,509,3,1,7200,51.2
115070,115646,122884,576,7238,1,7200,1.07957999447
115070,115594,122834,524,7240,1,7200,1.07237569061
115071,115705,115706,634,1,1,7200,63.5
115071,115865,115932,794,67,1,7200,12.8507462687
115071,115945,115946,874,1,1,7200,87.5
115071,115718,116182,647,464,1,7200,2.39439655172
115072,115966,115989,894,23,1,7200,39.8695652174
115072,115959,116073,887,114,1,7200,8.78070175439
115072,116002,116017,930,15,1,7200,63.0
115073,116055,116057,982,2,1,7200,98.4
115073,116069,117002,996,933,1,7200,2.06752411576
115073,116029,116043,956,14,1,7200,69.2857142857
115074,116086,117951,1012,1865,1,7200,1.54262734584
115074,116187,116189,1113,2,1,7200,111.5
115074,116149,116175,1075,26,1,7200,42.3461538462
115074,116115,116137,1041,22,1,7200,48.3181818182
115075,115165,115166,90,1,1,7200,9.1
115075,115160,115194,85,34,1,7200,3.5
115075,115154,115948,79,794,1,7200,1.09949622166
115076,115170,115171,94,1,1,7200,9.5
115076,115176,115189,100,13,1,7200,8.69230769231
115076,115181,115182,105,1,1,7200,10.6
115077,116194,123427,1117,7233,1,7200,1.15443107977
115077,116345,116484,1268,139,1,7200,10.1223021583
115077,116201,116333,1124,132,1,7200,9.51515151515
115078,116787,116788,1709,1,1,7200,171.0
115078,116372,123598,1294,7226,1,7200,1.17907556048
115078,116496,123720,1418,7224,1,7200,1.19629014396
115079,116966,117183,1887,217,1,7200,9.69585253456
115079,116903,116954,1824,51,1,7200,36.7647058824
115079,116801,117384,1722,583,1,7200,3.95368782161
115080,117383,117384,2303,1,1,7200,230.4
115080,117195,123610,2115,6415,1,7200,1.32969602494
115080,117014,124238,1934,7224,1,7200,1.26771871539
115080,117272,117371,2192,99,1,7200,23.1414141414
115081,117399,117401,2318,2,1,7200,232.0
115081,117392,124638,2311,7246,1,7200,1.3189345846
115082,117803,117852,2721,49,1,7200,56.5306122449
115082,117704,117791,2622,87,1,7200,31.1379310345
115082,117405,117691,2323,286,1,7200,9.12237762238
115082,117413,119333,2331,1920,1,7200,2.2140625
115083,117864,117865,2781,1,1,7200,278.2
115083,117877,117960,2794,83,1,7200,34.6626506024
115083,117964,118209,2881,245,1,7200,12.7591836735
115084,118234,125454,3150,7220,1,7200,1.43628808864
115084,117972,125177,2888,7205,1,7200,1.40083275503
115084,118221,118222,3137,1,1,7200,313.8
115085,119373,119374,4288,1,1,7200,428.9
115085,118935,126138,3850,7203,1,7200,1.53449951409
115085,119344,119347,4259,3,1,7200,426.2
115086,119412,119414,4326,2,1,7200,432.8
115087,119439,119504,4352,65,1,7200,67.9538461538
115087,119516,119564,4429,48,1,7200,93.2708333333
115088,119577,120860,4489,1283,1,7200,4.49883086516
115088,120872,121825,5784,953,1,7200,7.06925498426
115088,121837,121858,6749,21,1,7200,322.380952381
115089,121956,121958,6867,2,1,7200,686.9
115089,121970,122211,6881,241,1,7200,29.5518672199
115089,121870,121944,6781,74,1,7200,92.6351351351
115090,122364,122376,7274,12,1,7200,607.166666667
115090,122389,122390,7299,1,1,7200,730.0
115090,122223,122902,7133,679,1,7200,11.5051546392
115090,122402,122486,7312,84,1,7200,88.0476190476
115091,122461,124879,7370,2418,1,7200,4.04797353184
115091,122498,122500,7407,2,1,7200,740.9
115091,122446,129679,7355,7233,1,7200,2.01686713673
115092,122800,122801,7708,1,1,7200,770.9
115092,122512,122642,7420,130,1,7200,58.0769230769
115092,122654,122788,7562,134,1,7200,57.4328358209
115093,122837,123012,7744,175,1,7200,45.2514285714
115093,122846,122847,7753,1,1,7200,775.4
115094,122886,124119,7792,1233,1,7200,7.3195458232
115094,122860,122861,7766,1,1,7200,776.7
115095,122896,130129,7801,7233,1,7200,2.07852896447
115095,123024,123026,7929,2,1,7200,793.1
115095,122914,123057,7819,143,1,7200,55.6783216783
115095,123042,123548,7947,506,1,7200,16.7055335968
115096,123069,123110,7973,41,1,7200,195.463414634
115096,123326,123545,8230,219,1,7200,38.5799086758
115096,123123,123300,8027,177,1,7200,46.3502824859
115096,123313,123314,8217,1,1,7200,821.8
115097,123439,123444,8342,5,1,7200,834.7
115097,123461,123527,8364,66,1,7200,127.727272727
115097,123540,123785,8443,245,1,7200,35.4612244898
115098,123558,123564,8460,6,1,7200,846.6
115098,123577,124336,8479,759,1,7200,12.1712779974
115098,123565,123735,8467,170,1,7200,50.8058823529
115099,123622,123627,8523,5,1,7200,852.8
115099,123610,123740,8511,130,1,7200,66.4692307692
115100,123732,130946,8632,7214,1,7200,2.19656224009
115100,123754,124273,8654,519,1,7200,17.6743737958
115100,123747,123761,8647,14,1,7200,618.642857143
115100,123668,123777,8568,109,1,7200,79.6055045872
115101,123801,124037,8700,236,1,7200,37.8644067797
115101,123778,124189,8677,411,1,7200,22.1119221411
115101,123794,123982,8693,188,1,7200,47.2393617021
115102,124050,124129,8948,79,1,7200,114.265822785
115102,124131,124135,9029,4,1,7200,903.3
115102,124141,124225,9039,84,1,7200,108.607142857
115102,123994,124268,8892,274,1,7200,33.4525547445
115103,124201,124403,9098,202,1,7200,46.0396039604
115103,124148,124167,9045,19,1,7200,477.052631579
115103,124180,124231,9077,51,1,7200,178.980392157
115104,124245,124276,9141,31,1,7200,295.870967742
115104,124252,131483,9148,7231,1,7200,2.26510856037
115104,124238,124244,9134,6,1,7200,914.0
115105,124280,124281,9175,1,1,7200,917.6
115105,124294,127396,9189,3102,1,7200,3.96228239845
115105,124287,126107,9182,1820,1,7200,6.04505494505
115105,124259,124666,9154,407,1,7200,23.4914004914
115106,124348,125153,9242,805,1,7200,12.4807453416
115106,124312,124758,9206,446,1,7200,21.6412556054
115106,124416,125109,9310,693,1,7200,14.4343434343
115107,124678,125150,9571,472,1,7200,21.2775423729
115107,124771,125437,9664,666,1,7200,15.5105105105
115107,124658,128927,9551,4269,1,7200,3.23729210588
115108,125111,125427,10003,316,1,7200,32.6550632911
115108,125122,125849,10014,727,1,7200,14.7744154058
115108,125162,125273,10054,111,1,7200,91.5765765766
115108,124891,125099,9783,208,1,7200,48.0336538462
115109,125293,127390,10184,2097,1,7200,5.85646161183
115109,125169,125312,10060,143,1,7200,71.3496503497
115109,125190,128747,10081,3557,1,7200,3.83412988473
115110,125325,132533,10215,7208,1,7200,2.41717536071
115110,125439,125804,10329,365,1,7200,29.298630137
115110,125449,132695,10339,7246,1,7200,2.42685619652
115111,125467,125474,10356,7,1,7200,1036.3
115111,125486,125507,10375,21,1,7200,495.047619048
115111,125520,125718,10409,198,1,7200,53.5707070707
115112,125861,126163,10749,302,1,7200,36.5927152318
115112,125730,125736,10618,6,1,7200,1062.4
115112,125748,125938,10636,190,1,7200,56.9789473684
115112,125816,133038,10704,7222,1,7200,2.48213791194
115113,126008,133241,10895,7233,1,7200,2.50629061247
115113,126119,127245,11006,1126,1,7200,10.7744227353
115113,125950,125996,10837,46,1,7200,236.586956522
115114,126175,126892,11061,717,1,7200,16.4267782427
115114,126151,126164,11037,13,1,7200,850.0
115114,126182,126274,11068,92,1,7200,121.304347826
115115,126904,127124,11789,220,1,7200,54.5863636364
115115,126287,133519,11172,7232,1,7200,2.54480088496
115115,127136,127156,12021,20,1,7200,602.05
115116,127168,127205,12052,37,1,7200,326.72972973
115116,127257,127386,12141,129,1,7200,95.1162790698
115116,127217,127334,12101,117,1,7200,104.427350427
115117,127346,127355,12229,9,1,7200,1223.8
115117,127367,127415,12250,48,1,7200,256.208333333
115117,127398,127768,12281,370,1,7200,34.1918918919
115117,127405,127486,12288,81,1,7200,152.703703704
115118,127498,127605,12380,107,1,7200,116.700934579
115118,127427,127754,12309,327,1,7200,38.6422018349
115118,127412,127798,12294,386,1,7200,32.8497409326
115119,127677,127698,12558,21,1,7200,599.0
115119,127710,128846,12591,1136,1,7200,12.0836267606
115119,127617,127665,12498,48,1,7200,261.375
115120,127811,127836,12691,25,1,7200,508.64
115120,127767,127952,12647,185,1,7200,69.3621621622
115120,127780,128652,12660,872,1,7200,15.5183486239
115121,127848,129413,12727,1565,1,7200,9.13226837061
115121,127968,128118,12847,150,1,7200,86.6466666667
115121,128131,128337,13010,206,1,7200,64.1553398058
115122,128349,128350,13227,1,1,7200,1322.8
115126,128529,128535,13403,6,1,7200,1340.9
115126,128547,128617,13421,70,1,7200,192.728571429
115127,128675,128698,13548,23,1,7200,590.043478261
115127,128664,128748,13537,84,1,7200,162.154761905
115127,128629,128663,13502,34,1,7200,398.117647059
115128,128858,128886,13730,28,1,7200,491.357142857
115128,128760,129090,13632,330,1,7200,42.3090909091
115128,128711,133680,13583,4969,1,7200,3.73354799759
115128,128765,135975,13637,7210,1,7200,2.89140083218
115129,128899,134859,13770,5960,1,7200,3.31040268456
115129,128969,128978,13840,9,1,7200,1384.9
115129,128940,128956,13811,16,1,7200,864.1875
115130,129102,129284,13972,182,1,7200,77.7692307692
115130,129296,129633,14166,337,1,7200,43.0356083086
115130,128990,136235,13860,7245,1,7200,2.91304347826
115131,129652,129697,14521,45,1,7200,323.688888889
115131,129426,129636,14295,210,1,7200,69.0714285714
115131,129645,132403,14514,2758,1,7200,6.26250906454
115132,129709,129717,14577,8,1,7200,1458.5
115132,129729,136968,14597,7239,1,7200,3.01643873463
115132,129692,129873,14560,181,1,7200,81.4419889503
115133,129886,129901,14753,15,1,7200,984.533333333
115133,129913,129924,14780,11,1,7200,1344.63636364
115133,129936,137152,14803,7216,1,7200,3.0514135255
115134,130958,131127,15824,169,1,7200,94.6331360947
115134,130907,131192,15773,285,1,7200,56.3438596491
115134,130872,130895,15738,23,1,7200,685.260869565
115134,130142,130860,15008,718,1,7200,21.9025069638
115135,131139,131151,16004,12,1,7200,1334.66666667
115135,131163,132653,16028,1490,1,7200,11.7570469799
115135,131204,131262,16069,58,1,7200,278.051724138
115136,131274,131544,16138,270,1,7200,60.7703703704
115136,131497,131721,16361,224,1,7200,74.0401785714
115136,131556,131726,16420,170,1,7200,97.5882352941
115137,131750,133064,16613,1314,1,7200,13.6430745814
115137,131740,131878,16603,138,1,7200,121.311594203
115137,131733,131738,16596,5,1,7200,1660.1
115138,132415,132466,17277,51,1,7200,339.764705882
115138,131906,133149,16768,1243,1,7200,14.4899436846
115138,132478,132509,17340,31,1,7200,560.35483871
115138,131890,131894,16752,4,1,7200,1675.6
115139,132546,132744,17407,198,1,7200,88.9141414141
115139,132538,132553,17399,15,1,7200,1160.93333333
115139,132522,132525,17383,3,1,7200,1738.6
115140,132700,134576,17560,1876,1,7200,10.3603411514
115140,132639,132688,17499,49,1,7200,358.12244898
115140,132566,132627,17426,61,1,7200,286.672131148
115140,132665,135751,17525,3086,1,7200,6.67887232664
115141,132712,132720,17571,8,1,7200,1757.9
115141,132756,133160,17615,404,1,7200,44.6014851485
115141,132732,132744,17591,12,1,7200,1466.91666667
115142,132863,134978,17721,2115,1,7200,9.37872340426
115142,132761,132795,17619,34,1,7200,519.205882353
115142,132808,132851,17666,43,1,7200,411.837209302
115143,133050,133120,17907,70,1,7200,256.814285714
115143,133132,140373,17989,7241,1,7200,3.48432536942
115143,133161,133239,18018,78,1,7200,232.0
115143,133077,133389,17934,312,1,7200,58.4807692308
115144,133172,133184,18028,12,1,7200,1503.33333333
115144,133251,140457,18107,7206,1,7200,3.5127671385
115144,133196,133216,18052,20,1,7200,903.6
115144,133229,133729,18085,500,1,7200,37.17
115145,133401,133429,18256,28,1,7200,653.0
115145,133441,133476,18296,35,1,7200,523.742857143
115145,133488,133560,18343,72,1,7200,255.763888889
115145,133258,140486,18113,7228,1,7200,3.50594908688
115146,133742,140951,18596,7209,1,7200,3.57955333611
115146,133531,134184,18385,653,1,7200,29.1546707504
115146,133572,133760,18426,188,1,7200,99.0106382979
115147,133935,133954,18788,19,1,7200,989.842105263
115147,133797,133923,18650,126,1,7200,149.015873016
115147,133966,133980,18819,14,1,7200,1345.21428571
115147,133772,133785,18625,13,1,7200,1433.69230769
115148,133992,134014,18844,22,1,7200,857.545454545
115148,134027,134310,18879,283,1,7200,67.7102473498
115148,134196,134382,19048,186,1,7200,103.408602151
115148,134322,134363,19174,41,1,7200,468.658536585
115149,134394,134565,19245,171,1,7200,113.543859649
115149,134375,134451,19226,76,1,7200,253.973684211
115150,134577,140842,19427,6265,1,7200,4.10087789306
115150,134465,134523,19315,58,1,7200,334.017241379
115150,134588,134651,19438,63,1,7200,309.53968254
115150,134536,134658,19386,122,1,7200,159.901639344
115151,134663,134822,19512,159,1,7200,123.716981132
115151,134671,134723,19520,52,1,7200,376.384615385
115151,134735,134764,19584,29,1,7200,676.310344828
115151,134776,134797,19625,21,1,7200,935.523809524
115152,134829,134839,19677,10,1,7200,1968.7
115152,134852,134886,19700,34,1,7200,580.411764706
115152,134810,134816,19658,6,1,7200,1966.4
115152,134837,134846,19685,9,1,7200,1969.4
115153,134860,142063,19707,7203,1,7200,3.73594335693
115153,134898,134904,19745,6,1,7200,1975.1
115153,134871,134896,19718,25,1,7200,789.72
115154,134917,134926,19763,9,1,7200,1977.2
115154,134908,135335,19754,427,1,7200,47.262295082
115154,134938,134967,19784,29,1,7200,683.206896552
115155,135069,135151,19914,82,1,7200,243.853658537
115155,134990,135057,19835,67,1,7200,297.044776119
115155,134979,135175,19824,196,1,7200,102.142857143
115156,135187,135666,20031,479,1,7200,42.8183716075
115156,135348,142580,20192,7232,1,7200,3.79203539823
115156,135164,135851,20008,687,1,7200,30.1237263464
115157,135701,135705,20544,4,1,7200,2054.8
115157,135717,135788,20560,71,1,7200,290.577464789
115157,135764,135967,20607,203,1,7200,102.512315271
115157,135679,135689,20522,10,1,7200,2053.2
115158,135816,135827,20658,11,1,7200,1879.0
115158,135800,135803,20642,3,1,7200,2064.5
115158,135840,137302,20682,1462,1,7200,15.146374829
115159,135863,136327,20704,464,1,7200,45.6206896552
115159,135987,136036,20828,49,1,7200,426.06122449
115159,135979,136004,20820,25,1,7200,833.8
115160,136097,136273,20937,176,1,7200,119.960227273
115160,136016,136153,20856,137,1,7200,153.233576642
115160,136048,136085,20888,37,1,7200,565.540540541
115161,136285,136580,21124,295,1,7200,72.606779661
115161,136165,136373,21004,208,1,7200,101.980769231
115161,136248,136319,21087,71,1,7200,298.0
115162,136331,136753,21169,422,1,7200,51.163507109
115162,136382,143586,21220,7204,1,7200,3.94558578567
115162,136339,136352,21177,13,1,7200,1630.0
115162,136365,136370,21203,5,1,7200,2120.8
115163,136390,136461,21227,71,1,7200,299.971830986
115163,136592,136597,21429,5,1,7200,2143.4
115163,136474,137043,21311,569,1,7200,38.453427065
115164,136610,136628,21446,18,1,7200,1192.44444444
115164,136640,136654,21476,14,1,7200,1535.0
115164,136667,137169,21503,502,1,7200,43.8346613546
115165,136765,136766,21600,1,1,7200,2160.1
115165,136778,136796,21613,18,1,7200,1201.72222222
115165,136808,137060,21643,252,1,7200,86.8849206349
115166,136980,136981,21814,1,1,7200,2181.5
115166,136994,136995,21828,1,1,7200,2182.9
115166,137055,137057,21889,2,1,7200,2189.1
115166,137007,137148,21841,141,1,7200,155.90070922
115167,137078,137262,21911,184,1,7200,120.081521739
115167,137086,137087,21919,1,1,7200,2192.0
115168,137129,138941,21961,1812,1,7200,13.1197571744
115168,137160,137161,21992,1,1,7200,2199.3
115168,137112,137116,21944,4,1,7200,2194.8
115168,137099,137100,21931,1,1,7200,2193.2
115169,137184,144397,22015,7213,1,7200,4.05212810204
115169,137168,137169,21999,1,1,7200,2200.0
115170,137190,137215,22020,25,1,7200,881.8
115171,137231,137287,22060,56,1,7200,394.928571429
115171,137223,137224,22052,1,1,7200,2205.3
115171,137239,137309,22068,70,1,7200,316.257142857
115172,137275,137277,22103,2,1,7200,2210.5
115172,137300,137302,22128,2,1,7200,2213.0
115172,137289,137316,22117,27,1,7200,820.148148148
115173,137319,137320,22146,1,1,7200,2214.7
115173,137328,137375,22155,47,1,7200,472.382978723
115173,137314,137315,22141,1,1,7200,2214.2
115174,137346,137350,22172,4,1,7200,2217.6
115174,137333,137338,22159,5,1,7200,2216.4
115174,137341,137555,22167,214,1,7200,104.58411215
115175,137371,137634,22196,263,1,7200,85.3954372624
115175,137379,137380,22204,1,1,7200,2220.5
115176,137409,137413,22233,4,1,7200,2223.7
115176,137388,137443,22212,55,1,7200,404.854545455
115176,137396,137397,22220,1,1,7200,2222.1
115177,137425,137427,22248,2,1,7200,2225.0
115177,137462,137504,22285,42,1,7200,531.595238095
115177,137439,137956,22262,517,1,7200,44.0599613153
115178,137505,137507,22327,2,1,7200,2232.9
115178,137518,137524,22340,6,1,7200,2234.6
115178,137467,137468,22289,1,1,7200,2229.0
115178,137480,137493,22302,13,1,7200,1716.53846154
115179,137536,137537,22357,1,1,7200,2235.8
115179,137524,144757,22345,7233,1,7200,4.08931287156
115179,137549,137556,22370,7,1,7200,2237.7
115180,137573,137574,22393,1,1,7200,2239.4
115180,137586,144820,22406,7234,1,7200,4.09731821952
115180,137568,137605,22388,37,1,7200,606.081081081
115181,137646,137647,22465,1,1,7200,2246.6
115181,137660,137682,22479,22,1,7200,1022.77272727
115181,137694,137698,22513,4,1,7200,2251.7
115181,137617,138015,22436,398,1,7200,57.3718592965
115182,137711,137712,22529,1,1,7200,2253.0
115182,137724,137896,22542,172,1,7200,132.058139535
115182,137909,137910,22727,1,1,7200,2272.8
115183,137968,138017,22785,49,1,7200,466.0
115183,137940,137956,22757,16,1,7200,1423.3125
115183,137922,137928,22739,6,1,7200,2274.5
115184,138021,138055,22837,34,1,7200,672.676470588
115184,138028,138029,22844,1,1,7200,2284.5
115184,137973,138008,22789,35,1,7200,652.114285714
115185,138043,138044,22858,1,1,7200,2285.9
115185,138036,138037,22851,1,1,7200,2285.2
115185,138050,145402,22865,7352,1,7200,4.11003808487
115185,138057,138058,22872,1,1,7200,2287.3
115186,138074,138075,22888,1,1,7200,2288.9
115186,138088,138279,22902,191,1,7200,120.905759162
115186,138067,145420,22881,7353,1,7200,4.11179110567
115187,138953,139130,23766,177,1,7200,135.271186441
115187,139156,139157,23969,1,1,7200,2397.0
115187,138291,140736,23104,2445,1,7200,10.4494887526
115187,139142,139144,23955,2,1,7200,2395.7
115188,139182,139183,23994,1,1,7200,2399.5
115188,139198,139199,24010,1,1,7200,2401.1
115189,139212,139269,24023,57,1,7200,422.456140351
115189,139282,139446,24093,164,1,7200,147.908536585
115189,139458,141004,24269,1546,1,7200,16.6979301423
115190,140469,140472,25279,3,1,7200,2528.2
115190,140400,140401,25210,1,1,7200,2521.1
115190,140386,140388,25196,2,1,7200,2519.8
115190,140413,140472,25223,59,1,7200,428.508474576
115191,140484,140485,25293,1,1,7200,2529.4
115191,140491,140492,25300,1,1,7200,2530.1
115191,140504,140512,25313,8,1,7200,2532.1
115191,140498,140502,25307,4,1,7200,2531.1
115192,140525,140552,25333,27,1,7200,939.259259259
115192,140518,140533,25326,15,1,7200,1689.4
115192,140530,140531,25338,1,1,7200,2533.9
115192,140511,140512,25319,1,1,7200,2532.0
115193,140557,140562,25364,5,1,7200,2536.9
115193,140550,140551,25357,1,1,7200,2535.8
115193,140543,140544,25350,1,1,7200,2535.1
115194,140564,143552,25370,2988,1,7200,9.4906291834
115194,140569,147776,25375,7207,1,7200,4.52088247537
115194,140577,140591,25383,14,1,7200,1814.07142857
115195,140603,140618,25408,15,1,7200,1694.86666667
115195,140630,140648,25435,18,1,7200,1414.05555556
115195,140661,140664,25466,3,1,7200,2546.9
115196,140703,147936,25507,7233,1,7200,4.52647587446
115196,140765,140766,25569,1,1,7200,2557.0
115196,140749,140753,25553,4,1,7200,2555.7
115196,140690,140691,25494,1,1,7200,2549.5
115197,140804,140823,25607,19,1,7200,1348.73684211
115197,140790,140791,25593,1,1,7200,2559.4
115197,140778,140779,25581,1,1,7200,2558.2
115198,140871,140961,25673,90,1,7200,286.255555556
115198,140850,140863,25652,13,1,7200,1974.23076923
115198,140857,140859,25659,2,1,7200,2566.1
115198,140835,140837,25637,2,1,7200,2563.9
115199,145103,146333,29904,1230,1,7200,25.312195122
115202,145432,147717,30230,2285,1,7200,14.2297592998
115202,145195,145196,29993,1,1,7200,2999.4
115202,145421,145426,30219,5,1,7200,3022.4
115203,145439,145460,30236,21,1,7200,1440.80952381
115203,145473,147171,30270,1698,1,7200,18.8268551237
115203,145633,145668,30430,35,1,7200,870.428571429
115204,145854,145943,30650,89,1,7200,345.382022472
115204,145881,146434,30677,553,1,7200,56.4737793852
115204,145680,145682,30476,2,1,7200,3047.8
115204,145694,146883,30490,1189,1,7200,26.6433978133
115205,140908,140926,25703,18,1,7200,1428.94444444
115205,140878,140883,25673,5,1,7200,2567.8
115206,140963,141142,25757,179,1,7200,144.893854749
115206,140974,140975,25768,1,1,7200,2576.9
115206,140938,148171,25732,7233,1,7200,4.55758329877
115207,141001,141309,25794,308,1,7200,84.7467532468
115208,141017,141400,25809,383,1,7200,68.3864229765
115208,141155,141163,25947,8,1,7200,2595.5
115208,141175,142396,25967,1221,1,7200,22.266994267
115209,141352,142248,26143,896,1,7200,30.1774553571
115209,141337,141340,26128,3,1,7200,2613.1
115209,141321,141324,26112,3,1,7200,2611.5
115210,141413,141701,26203,288,1,7200,91.9826388889
115210,141713,141717,26503,4,1,7200,2650.7
115210,141729,141771,26519,42,1,7200,632.404761905
115211,141783,149004,26572,7221,1,7200,4.67982273923
115211,142075,142078,26864,3,1,7200,2686.7
115211,142092,142163,26881,71,1,7200,379.605633803
115212,142175,142387,26963,212,1,7200,128.183962264
115212,142260,142758,27048,498,1,7200,55.313253012
115213,142422,142433,27209,11,1,7200,2474.54545455
115213,142408,142410,27195,2,1,7200,2719.7
115213,142399,143264,27186,865,1,7200,32.4289017341
115214,142460,144791,27246,2331,1,7200,12.6885456885
115214,142446,142448,27232,2,1,7200,2723.4
115214,142593,142669,27379,76,1,7200,361.25
115215,142711,142780,27496,69,1,7200,399.492753623
115215,142698,142699,27483,1,1,7200,2748.4
115215,142681,142686,27466,5,1,7200,2747.1
115216,142771,142775,27555,4,1,7200,2755.9
115216,142787,142788,27571,1,1,7200,2757.2
115216,142795,143052,27579,257,1,7200,108.311284047
115217,142814,142934,27597,120,1,7200,230.975
115217,142969,143172,27752,203,1,7200,137.709359606
115217,142946,142957,27729,11,1,7200,2521.81818182
115218,143161,143764,27943,603,1,7200,47.3399668325
115218,143064,143066,27846,2,1,7200,2784.8
115218,143078,143149,27860,71,1,7200,393.394366197
115219,143341,143413,28122,72,1,7200,391.583333333
115219,143184,143334,27965,150,1,7200,187.433333333
115219,143276,143329,28057,53,1,7200,530.377358491
115220,143425,146327,28205,2902,1,7200,10.7191592006
115220,143361,144758,28141,1397,1,7200,21.1438797423
115220,143348,143349,28128,1,1,7200,2812.9
115221,143564,143617,28343,53,1,7200,535.773584906
115221,143629,143652,28408,23,1,7200,1236.13043478
115221,143613,143627,28392,14,1,7200,2029.0
115221,143599,143601,28378,2,1,7200,2838.0
115222,143640,143642,28418,2,1,7200,2842.0
115222,143654,143686,28432,32,1,7200,889.5
115222,143664,150903,28442,7239,1,7200,4.92899571764
115223,143714,144031,28491,317,1,7200,90.8769716088
115223,143698,143701,28475,3,1,7200,2847.8
115224,143803,151049,28579,7246,1,7200,4.94410709357
115224,144043,144137,28819,94,1,7200,307.585106383
115224,143776,143777,28552,1,1,7200,2855.3
115225,144329,144330,29104,1,1,7200,2910.5
115225,144149,144300,28924,151,1,7200,192.549668874
115225,144312,144317,29087,5,1,7200,2909.2
115226,144342,144344,29116,2,1,7200,2911.8
115226,144369,144386,29143,17,1,7200,1715.29411765
115226,144398,144550,29172,152,1,7200,192.921052632
115227,144410,144416,29183,6,1,7200,2918.9
115227,144428,144429,29201,1,1,7200,2920.2
115227,145955,153194,30728,7239,1,7200,5.24478519132
115228,144562,144642,29334,80,1,7200,367.675
115228,144654,144657,29426,3,1,7200,2942.9
115228,144442,151688,29214,7246,1,7200,5.03174165057
115229,144770,144786,29541,16,1,7200,1847.3125
115229,144776,144778,29547,2,1,7200,2954.9
115229,144669,145945,29440,1276,1,7200,24.0721003135
115230,144790,145010,29560,220,1,7200,135.363636364
115230,144815,144879,29585,64,1,7200,463.265625
115230,144806,145051,29576,245,1,7200,121.718367347
115230,144799,144802,29569,3,1,7200,2957.2
115231,144891,144901,29660,10,1,7200,2967.0
115231,144832,145869,29601,1037,1,7200,29.5448408872
115231,144913,144995,29682,82,1,7200,362.975609756
115232,145027,145842,29795,815,1,7200,37.5582822086
115233,145065,145090,29832,25,1,7200,1194.28
115234,146024,146026,30790,2,1,7200,3079.2
115234,145962,146012,30728,50,1,7200,615.56
115235,146346,147143,31111,797,1,7200,40.035131744
115235,146038,147177,30803,1139,1,7200,28.0438981563
115235,146339,146344,31104,5,1,7200,3110.9
115236,146369,147409,31133,1040,1,7200,30.9355769231
115237,146447,146449,31210,2,1,7200,3121.2
115237,146461,146467,31224,6,1,7200,3123.0
115237,145414,145621,30177,207,1,7200,146.782608696
115237,145209,145270,29972,61,1,7200,492.344262295
117499,117506,119047,7,1541,2,36000,1.00454250487
117570,117577,151808,7,34231,16,86400,1.000204493
118081,118088,119461,7,1373,2,36000,1.00509832484
118359,118366,123095,7,4729,3,72000,1.00148022838
119209,119216,120950,7,1734,2,36000,1.00403690888
119468,119476,128901,8,9425,1,18000,1.00084880637
119994,120001,121200,7,1199,2,36000,1.0058381985
120949,120956,228988,7,108032,2,108000,1.00006479562
121048,121056,146360,8,25304,4,85800,1.00031615555
121531,121539,129968,8,8429,1,17400,1.00094910428
121604,121611,129597,7,7986,20,21599,1.00087653393
122037,122044,166922,7,44878,2,108000,1.00015597843
122154,122161,123013,7,852,1,86400,1.00821596244
122844,122853,123413,9,560,16,1800,1.01607142857
123403,123411,123672,8,261,1,86400,1.030651341
123446,123454,195457,8,72003,4,72000,1.00011110648
123642,123648,195662,6,72014,4,72000,1.00008331713
123764,123771,123774,7,3,4,36000,1.0
123782,123789,123797,7,8,4,36000,1.5
123907,123914,124639,7,725,4,36000,1.00965517241
124360,124367,124931,7,564,20,10799,1.01241134752
124485,124492,124761,7,269,1,3540,1.02602230483
124548,124650,124733,102,83,16,60,2.22891566265
124736,124745,124757,9,12,16,60,1.75
124894,124901,126999,7,2098,1,3540,1.00333651096
124973,124981,125168,8,187,1,3540,1.04278074866
125024,125031,125308,7,277,1,3540,1.02527075812
125072,125080,125372,8,292,1,3540,1.02739726027
125145,125152,125396,7,244,1,3540,1.02868852459
125194,125201,125506,7,305,1,3540,1.02295081967
125243,125251,125759,8,508,1,3540,1.0157480315
125273,125280,161297,7,36017,16,36000,1.00019435267
125276,125287,125836,11,549,16,1800,1.02003642987
125293,125300,125834,7,534,1,3540,1.01310861423
125342,125348,125860,6,512,1,3540,1.01171875
125356,125853,127948,497,2095,16,18000,1.23723150358
125361,127961,129505,2600,1544,16,18000,2.68393782383
125368,129517,132175,4149,2658,16,18000,2.56094808126
125371,129609,131847,4238,2238,16,18000,2.89365504915
125393,125400,125933,7,533,1,3540,1.01313320826
125469,125477,126036,8,559,1,3540,1.01431127013
125673,125680,125976,7,296,1,3540,1.02364864865
125936,125943,126128,7,185,1,3540,1.03783783784
125988,125995,126124,7,129,1,3540,1.05426356589
126015,126022,126026,7,4,4,3600,1.1
126153,126160,126164,7,4,1,3600,1.1
126220,126227,127035,7,808,2,3600,1.00866336634
126612,126619,166206,7,39587,1,86400,1.00017682573
126688,126695,126740,7,45,1,3600,1.15555555556
126694,131860,147081,5166,15221,16,36000,1.33939951383
126831,126838,140778,7,13940,1,144000,1.00050215208
126848,126855,128177,7,1322,1,3600,1.00529500756
126991,126998,127787,7,789,1,36000,1.00887198986
127011,127018,141227,7,14209,2,36000,1.00049264551
127114,132187,204207,5073,72020,16,72000,1.07043876701
127217,147096,219113,19879,72017,16,72000,1.27603204799
127288,151815,193855,24527,42040,16,72000,1.58342055186
127513,158261,158272,30748,11,16,72000,2796.27272727
127928,158285,230331,30357,72046,16,72000,1.42135580046
128351,128358,131229,7,2871,4,3600,1.00243817485
128987,133693,137420,4706,3727,8,7200,2.26267775691
129381,129388,130238,7,850,1,36000,1.00823529412
129600,129615,139179,15,9564,3,72000,1.00156838143
129965,202662,209712,72697,7050,20,17999,11.3116312057
130395,130402,131678,7,1276,1,36000,1.00548589342
130728,131242,132303,514,1061,4,3600,1.48444863336
132175,132315,133613,140,1298,4,36000,1.10785824345
133713,137433,141497,3720,4064,4,36000,1.91535433071
136337,137449,240976,1112,103527,1,172800,1.01074115931
136400,137455,240633,1055,103178,1,172800,1.01022504798
136436,139191,244413,2755,105222,1,172800,1.02618273745
136731,204220,204508,67489,288,20,7199,235.336805556
136931,137444,148141,513,10697,1,36000,1.04795737123
141251,141257,203689,6,62432,3,72000,1.00009610456
141859,141866,145786,7,3920,2,18000,1.00178571429
142151,142415,142417,264,2,3,10800,26.6
143248,143255,144452,7,1197,3,10800,1.00584795322
143471,143478,143479,7,1,1,10800,1.0
143710,143721,143723,11,2,1,10800,1.3
143730,143737,143738,7,1,1,10800,1.0
143857,144468,180475,611,36007,4,36000,1.01696892271
145143,145798,146238,655,440,1,10800,2.48863636364
145480,145804,148287,324,2483,1,6600,1.13048731373
145978,147273,150956,1295,3683,4,3600,1.35161553082
146723,146730,232574,7,85844,2,85800,1.00008154326
146954,146961,148926,7,1965,1,43200,1.00356234097
146954,147155,149153,201,1998,1,43200,1.1006006006
146954,147183,149185,229,2002,1,43200,1.11438561439
146955,147788,149744,833,1956,1,43200,1.42586912065
146955,147190,149148,235,1958,1,43200,1.12002042901
146955,147421,149386,466,1965,1,43200,1.23715012723
146955,147729,149691,774,1962,1,43200,1.39449541284
146956,148183,150140,1227,1957,1,43200,1.62698007154
146956,148154,150280,1198,2126,1,43200,1.56349952963
146956,148938,150898,1982,1960,1,43200,2.0112244898
146957,149016,151017,2059,2001,1,43200,2.02898550725
147901,147948,159089,47,11141,1,52800,1.00421865183
148185,148300,148740,115,440,1,10800,1.26136363636
148386,148752,184772,366,36020,1,36000,1.01016102165
148926,149169,151112,243,1943,1,43200,1.1250643335
149132,149162,151800,30,2638,1,10800,1.01137225171
149148,149197,151148,49,1951,1,43200,1.02511532547
149153,149398,151347,245,1949,1,43200,1.12570548999
149185,149703,151685,518,1982,1,43200,1.26135216953
149197,150967,158249,1770,7282,3,10800,1.24306509201
149386,149756,151699,370,1943,1,43200,1.19042717447
149691,150153,152138,462,1985,1,43200,1.23274559194
149744,150292,152278,548,1986,1,43200,1.27593152064
150140,150910,152893,770,1983,1,43200,1.38830055472
150279,150917,152902,638,1985,1,43200,1.32141057935
150480,151061,191162,581,40101,1,72000,1.01448841675
150898,150972,152963,74,1991,1,43200,1.03716725264
150958,151698,152992,740,1294,4,3600,1.57187017002
151017,151029,153018,12,1989,1,43200,1.0060331825
151059,161309,269341,10250,108032,16,108000,1.09487929502
151174,193867,200634,42693,6767,16,72000,7.30899955667
151179,195674,202650,44495,6976,16,72000,7.37829701835
152287,152293,152296,6,3,4,172800,1.0
154427,154433,154435,6,2,1,10800,1.0
154580,154586,154587,6,1,1,10800,1.0
156098,156105,156114,7,9,1,10800,1.6
156219,156226,156229,7,3,1,10800,1.0
159727,159734,159735,7,1,2,3540,1.0
159729,159752,159753,23,1,1,3600,2.4
159729,159747,159749,18,2,1,3600,2.0
159730,159782,159783,52,1,1,3600,5.3
159732,159824,159825,92,1,1,3600,9.3
160593,160600,163240,7,2640,1,3600,1.00265151515
160593,160605,164213,12,3608,1,3600,1.00332594235
160593,164299,167309,3706,3010,1,3600,2.23122923588
160593,163252,166318,2659,3066,1,3600,1.86725375082
160593,164225,164287,3632,62,1,3600,59.5806451613
160594,165296,167996,4702,2700,1,3600,2.74148148148
160594,165225,165287,4631,62,1,3600,75.6935483871
160594,165219,165283,4625,64,1,3600,73.265625
160595,166174,168872,5579,2698,1,3600,3.06782802076
160595,165303,168173,4708,2870,1,3600,2.64041811847
160595,166180,166243,5585,63,1,3600,89.6507936508
160596,166191,169796,5595,3605,1,3600,2.5520110957
160596,166185,168996,5589,2811,1,3600,2.98826040555
160596,166255,166317,5659,62,1,3600,92.2741935484
160596,166218,169365,5622,3147,1,3600,2.78646329838
160602,160611,160619,9,8,30,172800,1.7
160603,160630,160637,27,7,30,172800,3.4
160614,160648,160654,34,6,30,172800,4.0
160709,160715,160724,6,9,30,172800,1.5
160710,160735,160744,25,9,30,172800,3.4
160837,160843,160852,6,9,30,172800,1.5
160847,160863,160872,16,9,30,172800,2.5
160987,160993,161019,6,26,30,172800,1.23076923077
160998,161030,161057,32,27,30,172800,2.18518518519
161008,161068,161084,60,16,30,172800,4.75
161123,161996,187749,873,25753,30,172800,1.03389896323
161133,187762,213624,26629,25862,30,172800,2.02965741242
161992,213635,239407,51643,25772,30,172800,3.00384137824
162480,168884,170026,6404,1142,8,3600,6.60770577933
163700,165214,166164,1514,950,4,3600,2.59368421053
170334,321331,645344,150997,324013,5,324000,1.46602142507
174579,174585,311404,6,136819,1,136800,1.00004385356
174586,174593,311409,7,136816,1,136800,1.00005116361
174591,174600,311416,9,136816,1,136800,1.00006578178
174601,174608,311411,7,136803,1,136800,1.00005116847
174627,174634,311462,7,136828,1,136800,1.00005115912
174635,174642,311464,7,136822,1,136800,1.00005116136
174643,174651,311469,8,136818,1,136800,1.00005847184
174648,174657,311468,9,136811,1,136800,1.00006578418
181394,181401,181408,7,7,1,3600,1.4
181520,181527,181637,7,110,1,3600,1.06363636364
181763,181769,182018,6,249,1,3600,1.02409638554
182252,182259,182804,7,545,1,3600,1.0128440367
183310,183317,183322,7,5,1,3600,1.2
183437,183444,183523,7,79,1,3600,1.08860759494
183652,183659,183892,7,233,1,3600,1.03004291845
184184,184192,184586,8,394,1,3600,1.02030456853
184938,184945,184953,7,8,1,1800,1.5
185097,185104,185174,7,70,1,1800,1.1
185374,185380,185466,6,86,1,1800,1.06976744186
185896,185903,186270,7,367,1,1800,1.01907356948
186857,186863,186869,6,6,1,1800,1.2
187017,187024,187061,7,37,1,1800,1.18918918919
187267,187274,187344,7,70,1,1800,1.1
187762,239419,265158,51657,25739,30,172800,3.00695442713
187919,187925,188119,6,194,1,1800,1.03092783505
197461,197468,197472,7,4,1,14400,1.1
198712,200646,200655,1934,9,4,14400,194.3
201062,201069,210630,7,9561,4,28800,1.00073214099
202519,202526,202601,7,75,4,86400,1.09333333333
202586,202593,283045,7,80452,4,129600,1.0000870084
205472,205479,205607,7,128,24,32400,1.0546875
205932,205939,207264,7,1325,24,32400,1.00528301887
207042,207277,243319,235,36042,1,36000,1.00652017091
207341,207347,207620,6,273,1,3540,1.02197802198
207711,207718,207719,7,1,1,7200,1.0
207712,207741,207847,29,106,1,7200,1.27358490566
207712,207723,207775,11,52,1,7200,1.21153846154
207712,207736,208055,24,319,1,7200,1.07523510972
207712,207729,207730,17,1,1,7200,1.8
207713,207752,207755,39,3,1,7200,4.2
207713,207747,207759,34,12,1,7200,3.83333333333
207714,207758,208108,44,350,1,7200,1.12571428571
207714,207769,210121,55,2352,1,7200,1.02338435374
207714,207775,214989,61,7214,1,7200,1.00845578043
207714,207764,208899,50,1135,1,7200,1.04405286344
207715,207780,207781,65,1,1,7200,6.6
207715,207791,207792,76,1,1,7200,7.7
207715,207796,207799,81,3,1,7200,8.4
207715,207786,210355,71,2569,1,7200,1.02763721292
207716,207854,207862,138,8,1,7200,14.6
207716,207860,207861,144,1,1,7200,14.5
207716,207802,211663,86,3861,1,7200,1.02227402227
207716,207867,207870,151,3,1,7200,15.4
207717,207873,207877,156,4,1,7200,16.0
207717,207885,215122,168,7237,1,7200,1.02321403897
207717,207878,207882,161,4,1,7200,16.5
207717,207891,209211,174,1320,1,7200,1.13181818182
207718,207896,207898,178,2,1,7200,18.0
207718,207904,215122,186,7218,1,7200,1.02576891106
207719,207914,207930,195,16,1,7200,13.1875
207719,207942,207946,223,4,1,7200,22.7
207719,207909,208529,190,620,1,7200,1.3064516129
207719,207928,207929,209,1,1,7200,21.0
207720,207975,208823,255,848,1,7200,1.30070754717
207720,207948,208320,228,372,1,7200,1.61290322581
207721,208100,208101,379,1,1,7200,38.0
207721,208068,208070,347,2,1,7200,34.9
207721,208087,208088,366,1,1,7200,36.7
207722,208120,208122,398,2,1,7200,40.0
207722,208113,208215,391,102,1,7200,4.83333333333
207722,208138,208358,416,220,1,7200,2.89090909091
207722,208227,210427,505,2200,1,7200,1.22954545455
207723,208333,208347,610,14,1,7200,44.5714285714
207723,208359,208361,636,2,1,7200,63.8
207723,208375,208376,652,1,1,7200,65.3
207724,208397,208398,673,1,1,7200,67.4
207724,208390,209689,666,1299,1,7200,1.51270207852
207724,208383,208384,659,1,1,7200,66.0
207725,208708,208710,983,2,1,7200,98.5
207725,208541,215787,816,7246,1,7200,1.11261385592
207725,208410,215625,685,7215,1,7200,1.09494109494
207726,208723,209156,997,433,1,7200,3.3025404157
207726,208911,208915,1185,4,1,7200,118.9
207726,208836,208947,1110,111,1,7200,11.0
207727,208999,209013,1272,14,1,7200,91.8571428571
207727,208928,209030,1201,102,1,7200,12.7745098039
207727,208959,208987,1232,28,1,7200,45.0
207728,209025,209036,1297,11,1,7200,118.909090909
207728,209050,210051,1322,1001,1,7200,2.32067932068
207728,209042,209046,1314,4,1,7200,131.8
207729,207820,207842,91,22,1,7200,5.13636363636
207729,207815,210169,86,2354,1,7200,1.0365335599
207729,207826,207850,97,24,1,7200,5.04166666667
207730,207831,207832,101,1,1,7200,10.2
207730,207842,207877,112,35,1,7200,4.2
207730,207837,208696,107,859,1,7200,1.12456344587
207731,209059,209060,1328,1,1,7200,132.9
207731,209072,209073,1341,1,1,7200,134.2
207732,209085,209100,1353,15,1,7200,91.2
207732,209112,209115,1380,3,1,7200,138.3
207732,209127,216337,1395,7210,1,7200,1.19348127601
207732,209168,210896,1436,1728,1,7200,1.83101851852
207733,209388,216619,1655,7231,1,7200,1.22887567418
207733,209223,209368,1490,145,1,7200,11.275862069
207733,209710,216937,1977,7227,1,7200,1.27355749274
207734,210071,210072,2337,1,1,7200,233.8
207734,210142,210185,2408,43,1,7200,57.0
207734,210084,210650,2350,566,1,7200,5.1519434629
207735,210375,216755,2640,6380,1,7200,1.41379310345
207735,210189,210416,2454,227,1,7200,11.8105726872
207735,210197,217421,2462,7224,1,7200,1.34080841639
207736,210428,210535,2692,107,1,7200,26.1588785047
207736,210461,217673,2725,7212,1,7200,1.37784248475
207736,210447,210449,2711,2,1,7200,271.3
207737,210547,210549,2810,2,1,7200,281.2
207737,210662,212650,2925,1988,1,7200,2.47132796781
207737,210561,210849,2824,288,1,7200,10.8055555556
207738,210861,210946,3123,85,1,7200,37.7411764706
207738,210916,210960,3178,44,1,7200,73.2272727273
207738,210958,210959,3220,1,1,7200,322.1
207739,211066,218281,3327,7215,1,7200,1.46112266112
207739,210971,211053,3232,82,1,7200,40.4146341463
207739,210978,211225,3239,247,1,7200,14.1133603239
207740,211683,218914,3943,7231,1,7200,1.54529110773
207740,211251,218457,3511,7206,1,7200,1.4872328615
207740,211237,211239,3497,2,1,7200,349.9
207740,212662,212664,4922,2,1,7200,492.4
207741,212690,212692,4949,2,1,7200,495.1
207741,212676,212678,4935,2,1,7200,493.7
207742,212717,212719,4975,2,1,7200,497.7
207742,212731,212733,4989,2,1,7200,499.1
207743,212840,212891,5097,51,1,7200,100.941176471
207743,212758,212828,5015,70,1,7200,72.6428571429
207743,212745,212746,5002,1,1,7200,500.3
207744,214157,214808,6413,651,1,7200,10.8509984639
207744,212904,214145,5160,1241,1,7200,5.15793714746
207744,214820,214858,7076,38,1,7200,187.210526316
207745,214870,214953,7125,83,1,7200,86.843373494
207745,214965,214968,7220,3,1,7200,722.3
207745,214980,218195,7235,3215,1,7200,3.25038880249
207746,234302,234310,26556,8,1,7200,2656.4
207746,234323,234324,26577,1,1,7200,2657.8
207746,215009,215719,7263,710,1,7200,11.2295774648
207747,234368,237204,26621,2836,1,7200,10.3868124118
207747,234335,234419,26588,84,1,7200,317.523809524
207747,234344,241551,26597,7207,1,7200,4.69043985015
207748,234397,234556,26649,159,1,7200,168.603773585
207748,234432,234581,26684,149,1,7200,180.087248322
207748,234447,234448,26699,1,1,7200,2670.0
207748,234383,234384,26635,1,1,7200,2663.6
207749,234461,234466,26712,5,1,7200,2671.7
207749,234470,234645,26721,175,1,7200,153.691428571
207749,234453,234480,26704,27,1,7200,990.037037037
207750,234491,234492,26741,1,1,7200,2674.2
207750,234499,234502,26749,3,1,7200,2675.2
207750,234508,236194,26758,1686,1,7200,16.8706998814
207750,234478,234479,26728,1,1,7200,2672.9
207751,234542,234678,26791,136,1,7200,197.992647059
207751,234517,241731,26766,7214,1,7200,4.71028555586
207751,234569,234570,26818,1,1,7200,2681.9
207752,234593,234594,26841,1,1,7200,2684.2
207752,234582,235329,26830,747,1,7200,36.9170013387
207753,234620,234621,26867,1,1,7200,2686.8
207753,234639,234643,26886,4,1,7200,2689.0
207754,234662,234668,26908,6,1,7200,2691.4
207754,234648,234741,26894,93,1,7200,290.182795699
207755,234667,234908,26912,241,1,7200,112.668049793
207755,234675,234676,26920,1,1,7200,2692.1
207755,234684,234831,26929,147,1,7200,184.19047619
207756,234744,234912,26988,168,1,7200,161.642857143
207756,234697,234910,26941,213,1,7200,127.483568075
207757,234809,242012,27052,7203,1,7200,4.75565736499
207757,234844,234865,27087,21,1,7200,1290.85714286
207757,234754,234900,26997,146,1,7200,185.910958904
207758,234914,235189,27156,275,1,7200,99.7490909091
207758,234879,235517,27121,638,1,7200,43.5094043887
207758,234886,235517,27128,631,1,7200,43.9920760697
207759,234922,235250,27163,328,1,7200,83.8140243902
207759,234929,235335,27170,406,1,7200,67.921182266
207759,207809,209978,50,2169,1,3540,1.02305209774
207759,234935,235076,27176,141,1,7200,193.737588652
207760,234967,234971,27207,4,1,7200,2721.1
207760,235008,235033,27248,25,1,7200,1090.92
207760,234977,235116,27217,139,1,7200,196.805755396
207761,235045,235272,27284,227,1,7200,121.193832599
207761,235112,235164,27351,52,1,7200,526.980769231
207761,235088,235099,27327,11,1,7200,2485.27272727
207761,235024,235109,27263,85,1,7200,321.741176471
207762,235127,242360,27365,7233,1,7200,4.78335407162
207762,235177,242410,27415,7233,1,7200,4.79026683257
207762,235140,235707,27378,567,1,7200,49.2857142857
207763,235286,235482,27523,196,1,7200,141.423469388
207763,235270,238644,27507,3374,1,7200,9.15263781861
207763,235203,237344,27440,2141,1,7200,13.8164409155
207764,235370,236283,27606,913,1,7200,31.2365826944
207764,235341,235929,27577,588,1,7200,47.8996598639
207764,235349,235351,27585,2,1,7200,2758.7
207765,235534,236128,27769,594,1,7200,47.7491582492
207765,235557,236394,27792,837,1,7200,34.2043010753
207765,235495,240215,27730,4720,1,7200,6.875
207766,236157,236278,28391,121,1,7200,235.636363636
207766,235721,235985,27955,264,1,7200,106.890151515
207766,236043,236897,28277,854,1,7200,34.1112412178
207766,235942,236308,28176,366,1,7200,77.9836065574
207767,236220,236221,28453,1,1,7200,2845.4
207767,236206,236208,28439,2,1,7200,2844.1
207767,236233,238562,28466,2329,1,7200,13.2224130528
207768,236321,243567,28553,7246,1,7200,4.94051890698
207768,236292,243504,28524,7212,1,7200,4.95507487521
207768,236299,236785,28531,486,1,7200,59.7057613169
207769,236407,236415,28638,8,1,7200,2864.6
207769,236427,236461,28658,34,1,7200,843.882352941
207770,236743,236748,28973,5,1,7200,2897.8
207770,236760,236958,28990,198,1,7200,147.414141414
207770,236473,236731,28703,258,1,7200,112.251937984
207771,236811,241882,29040,5071,1,7200,6.72668112798
207771,236971,237019,29200,48,1,7200,609.333333333
207771,236910,237231,29139,321,1,7200,91.7757009346
207772,237244,238395,29472,1151,1,7200,26.6055603823
207772,237293,237306,29521,13,1,7200,2271.84615385
207772,237031,244249,29259,7218,1,7200,5.0536159601
207773,237357,237466,29584,109,1,7200,272.412844037
207773,237479,244700,29706,7221,1,7200,5.11383464894
207773,237318,238097,29545,779,1,7200,38.9268292683
207774,238335,238356,30561,21,1,7200,1456.28571429
207774,238369,238411,30595,42,1,7200,729.452380952
207774,238109,238323,30335,214,1,7200,142.752336449
207775,238423,238558,30648,135,1,7200,228.022222222
207775,238407,238536,30632,129,1,7200,238.457364341
207776,238570,238623,30794,53,1,7200,582.018867925
207776,238576,238959,30800,383,1,7200,81.4177545692
207776,238548,238558,30772,10,1,7200,3078.2
207777,238583,238663,30806,80,1,7200,386.075
207777,238675,238796,30898,121,1,7200,256.355371901
207777,238656,239040,30879,384,1,7200,81.4140625
207777,238635,239046,30858,411,1,7200,76.0802919708
207778,238809,238866,31031,57,1,7200,545.403508772
207778,238879,238899,31101,20,1,7200,1556.05
207778,238971,240162,31193,1191,1,7200,27.1905961377
207779,239053,239246,31274,193,1,7200,163.041450777
207779,239061,239976,31282,915,1,7200,35.1879781421
207780,239084,239107,31304,23,1,7200,1362.04347826
207780,239120,240847,31340,1727,1,7200,19.1470758541
207781,239258,239410,31477,152,1,7200,208.085526316
207781,239738,239739,31957,1,1,7200,3195.8
207781,239428,239726,31647,298,1,7200,107.197986577
207782,239765,239766,31983,1,1,7200,3198.4
207782,239778,239779,31996,1,1,7200,3199.7
207783,239791,239792,32008,1,1,7200,3200.9
207783,239804,239805,32021,1,1,7200,3202.2
207783,239817,239860,32034,43,1,7200,745.976744186
207783,239877,240032,32094,155,1,7200,208.058064516
207784,239988,240057,32204,69,1,7200,467.724637681
207784,240070,240247,32286,177,1,7200,183.406779661
207784,240044,241834,32260,1790,1,7200,19.0223463687
207785,240174,240227,32389,53,1,7200,612.113207547
207785,240227,247448,32442,7221,1,7200,5.49272953885
207785,240239,240266,32454,27,1,7200,1203.0
207786,240259,240267,32473,8,1,7200,3248.1
207786,240278,240398,32492,120,1,7200,271.766666667
207787,240417,245605,32630,5188,1,7200,7.28951426369
207787,240285,240316,32498,31,1,7200,1049.32258065
207787,240329,240402,32542,73,1,7200,446.780821918
207787,240410,240434,32623,24,1,7200,1360.29166667
207788,240786,248032,32998,7246,1,7200,5.55396080596
207788,240446,240774,32658,328,1,7200,100.567073171
207788,240859,240890,33071,31,1,7200,1067.80645161
207789,240902,244483,33113,3581,1,7200,10.2468584194
207789,241593,241600,33804,7,1,7200,3381.1
207789,241563,241578,33774,15,1,7200,2252.6
207790,241846,242234,34056,388,1,7200,88.7731958763
207790,241894,242109,34104,215,1,7200,159.623255814
207790,241744,241905,33954,161,1,7200,211.894409938
207790,241613,248841,33823,7228,1,7200,5.67944106253
207791,241917,245206,34126,3289,1,7200,11.3757981149
207791,242024,242080,34233,56,1,7200,612.303571429
207792,242121,242130,34329,9,1,7200,3433.8
207792,242093,242296,34301,203,1,7200,169.97044335
207792,242143,249370,34351,7227,1,7200,5.75314791753
207793,242308,243104,34515,796,1,7200,44.3605527638
207793,242300,249508,34507,7208,1,7200,5.78731964484
207793,242276,242288,34483,12,1,7200,2874.58333333
207793,242247,242264,34454,17,1,7200,2027.70588235
207794,242422,242585,34628,163,1,7200,213.441717791
207794,242372,242392,34578,20,1,7200,1729.9
207794,242404,242737,34610,333,1,7200,104.933933934
207795,242597,242610,34802,13,1,7200,2678.07692308
207795,242622,244128,34827,1506,1,7200,24.125498008
207795,242749,242810,34954,61,1,7200,574.016393443
207796,242822,243101,35026,279,1,7200,126.541218638
207796,243114,243323,35318,209,1,7200,169.985645933
207796,243121,243327,35325,206,1,7200,172.480582524
207797,243339,243343,35542,4,1,7200,3554.6
207797,243346,243405,35549,59,1,7200,603.525423729
207798,243434,244880,35636,1446,1,7200,25.6445366528
207798,243417,243422,35619,5,1,7200,3562.4
207798,243516,243579,35718,63,1,7200,567.952380952
207798,243356,244681,35558,1325,1,7200,27.8362264151
207799,243580,243619,35781,39,1,7200,918.461538462
207799,243607,243625,35808,18,1,7200,1990.33333333
207799,243591,243595,35792,4,1,7200,3579.6
207800,243634,243846,35834,212,1,7200,170.028301887
207800,243642,243708,35842,66,1,7200,544.060606061
207800,243721,243766,35921,45,1,7200,799.244444444
207800,243779,243869,35979,90,1,7200,400.766666667
207801,243882,243890,36081,8,1,7200,3608.9
207801,243859,245913,36058,2054,1,7200,18.5550146056
207801,243902,243913,36101,11,1,7200,3282.90909091
207801,243926,244317,36125,391,1,7200,93.3913043478
207802,244190,244230,36388,40,1,7200,910.7
207802,244140,244177,36338,37,1,7200,983.108108108
207802,244242,246574,36440,2332,1,7200,16.6260720412
207803,244261,244336,36458,75,1,7200,487.106666667
207803,244330,244689,36527,359,1,7200,102.746518106
207803,244348,251587,36545,7239,1,7200,6.04834921951
207804,244495,244578,36691,83,1,7200,443.060240964
207804,244591,244603,36787,12,1,7200,3066.58333333
207805,244693,250416,36888,5723,1,7200,7.44557050498
207805,244647,245174,36842,527,1,7200,70.9089184061
207805,244615,244634,36810,19,1,7200,1938.36842105
207806,244712,244742,36906,30,1,7200,1231.2
207806,244754,244793,36948,39,1,7200,948.384615385
207806,244701,251929,36895,7228,1,7200,6.10445489762
207807,244805,244985,36998,180,1,7200,206.544444444
207807,244997,245192,37190,195,1,7200,191.717948718
207807,244892,245512,37085,620,1,7200,60.814516129
207808,245206,245216,37398,10,1,7200,3740.8
207808,245219,245340,37411,121,1,7200,310.181818182
207808,245187,252416,37379,7229,1,7200,6.17070134182
207809,245228,245247,37419,19,1,7200,1970.42105263
207809,245319,245612,37510,293,1,7200,129.020477816
207809,245259,245271,37450,12,1,7200,3121.83333333
207809,245284,245307,37475,23,1,7200,1630.34782609
207810,245352,245551,37542,199,1,7200,189.653266332
207810,245524,245566,37714,42,1,7200,898.952380952
207811,245563,245641,37752,78,1,7200,485.0
207811,245617,245683,37806,66,1,7200,573.818181818
207811,245578,245761,37767,183,1,7200,207.37704918
207812,245653,246208,37841,555,1,7200,69.181981982
207812,245624,245760,37812,136,1,7200,279.029411765
207812,245696,245774,37884,78,1,7200,486.692307692
207813,245786,245821,37973,35,1,7200,1085.94285714
207813,245779,245867,37966,88,1,7200,432.431818182
207813,245772,245865,37959,93,1,7200,409.161290323
207813,245833,245855,38020,22,1,7200,1729.18181818
207814,245878,245891,38064,13,1,7200,2929.0
207814,245885,245894,38071,9,1,7200,3808.0
207814,245867,245873,38053,6,1,7200,3805.9
207815,245890,245939,38075,49,1,7200,778.040816327
207815,245903,253128,38088,7225,1,7200,6.27169550173
207816,245948,246333,38132,385,1,7200,100.044155844
207816,245926,245936,38110,10,1,7200,3812.0
207816,245910,245948,38094,38,1,7200,1003.47368421
207817,245978,246171,38161,193,1,7200,198.725388601
207817,245964,245986,38147,22,1,7200,1734.95454545
207817,245956,245966,38139,10,1,7200,3814.9
207817,245998,246070,38181,72,1,7200,531.291666667
207818,246169,246902,38351,733,1,7200,53.3206002729
207818,246183,246696,38365,513,1,7200,75.7855750487
207818,246082,246157,38264,75,1,7200,511.186666667
207818,246220,253459,38402,7239,1,7200,6.30487636414
207819,246383,246454,38564,71,1,7200,544.154929577
207819,246345,246355,38526,10,1,7200,3853.6
207819,246367,246371,38548,4,1,7200,3855.2
207820,246587,246592,38767,5,1,7200,3877.2
207820,246604,246619,38784,15,1,7200,2586.6
207820,246466,246679,38646,213,1,7200,182.436619718
207820,246631,246684,38811,53,1,7200,733.283018868
207821,246698,246722,38877,24,1,7200,1620.875
207821,246691,247179,38870,488,1,7200,80.6516393443
207822,246734,246883,38912,149,1,7200,262.154362416
207822,246708,246767,38886,59,1,7200,660.084745763
207822,246779,246816,38957,37,1,7200,1053.89189189
207823,247002,247297,39179,295,1,7200,133.810169492
207823,246914,246990,39091,76,1,7200,515.355263158
207823,246895,247101,39072,206,1,7200,190.669902913
207823,246828,247013,39005,185,1,7200,211.837837838
207824,247113,247128,39289,15,1,7200,2620.26666667
207824,247025,247432,39201,407,1,7200,97.316953317
207824,247140,247145,39316,5,1,7200,3932.1
207825,247157,254367,39332,7210,1,7200,6.45520110957
207825,247191,247257,39366,66,1,7200,597.454545455
207825,247269,248696,39444,1427,1,7200,28.6412053259
207826,247309,247312,39483,3,1,7200,3948.6
207826,247324,247342,39498,18,1,7200,2195.33333333
207827,247382,247939,39555,557,1,7200,72.0143626571
207827,247354,247369,39527,15,1,7200,2636.13333333
207827,247445,247448,39618,3,1,7200,3962.1
207827,247460,247478,39633,18,1,7200,2202.83333333
207828,247490,247492,39662,2,1,7200,3966.4
207828,247505,247506,39677,1,1,7200,3967.8
207828,247465,247742,39637,277,1,7200,144.093862816
207829,247519,247669,39690,150,1,7200,265.6
207829,247681,247684,39852,3,1,7200,3985.5
207830,247709,247932,39879,223,1,7200,179.829596413
207830,247696,247697,39866,1,1,7200,3986.7
207830,247754,247756,39924,2,1,7200,3992.6
207831,247781,247787,39950,6,1,7200,3995.6
207831,247768,247769,39937,1,1,7200,3993.8
207831,247799,249755,39968,1956,1,7200,21.4335378323
207832,247944,247946,40112,2,1,7200,4011.4
207832,247951,247954,40119,3,1,7200,4012.2
207833,247966,255205,40133,7239,1,7200,6.54399778975
207833,247974,248013,40141,39,1,7200,1030.25641026
207833,248025,248028,40192,3,1,7200,4019.5
207834,248047,248052,40213,5,1,7200,4021.8
207834,248055,248106,40221,51,1,7200,789.647058824
207835,248118,248121,40283,3,1,7200,4028.6
207835,248133,248178,40298,45,1,7200,896.511111111
207835,248064,248222,40229,158,1,7200,255.613924051
207836,248190,248193,40354,3,1,7200,4035.7
207836,248205,248206,40369,1,1,7200,4037.0
207836,248218,248219,40382,1,1,7200,4038.3
207837,248238,248247,40401,9,1,7200,4041.0
207837,248231,248294,40394,63,1,7200,642.174603175
207838,248259,248465,40421,206,1,7200,197.218446602
207838,248324,248325,40486,1,1,7200,4048.7
207838,248306,248312,40468,6,1,7200,4047.4
207839,248477,248479,40638,2,1,7200,4064.0
207839,248337,248338,40498,1,1,7200,4049.9
207839,248350,248653,40511,303,1,7200,134.699669967
207840,248491,248538,40651,47,1,7200,865.914893617
207840,248550,248553,40710,3,1,7200,4071.3
207840,248565,248570,40725,5,1,7200,4073.0
207841,248595,249006,40754,411,1,7200,100.158150852
207841,248666,248708,40825,42,1,7200,973.023809524
207842,248720,248739,40878,19,1,7200,2152.47368421
207842,248727,248728,40885,1,1,7200,4088.6
207842,207849,208059,7,210,1,3540,1.03333333333
207842,248708,248712,40866,4,1,7200,4087.0
207843,248740,248744,40897,4,1,7200,4090.1
207843,248751,255976,40908,7225,1,7200,6.66200692042
207844,248771,248778,40927,7,1,7200,4093.4
207844,248790,248801,40946,11,1,7200,3723.36363636
207844,248813,248814,40969,1,1,7200,4097.0
207845,248853,249226,41008,373,1,7200,110.941018767
207845,248827,256044,40982,7217,1,7200,6.67853678814
207846,249019,249021,41173,2,1,7200,4117.5
207846,249033,249054,41187,21,1,7200,1962.28571429
207846,249066,249070,41220,4,1,7200,4122.4
207847,249082,249083,41235,1,1,7200,4123.6
207847,249239,249241,41392,2,1,7200,4139.4
207847,249095,249246,41248,151,1,7200,274.165562914
207848,249289,249330,41441,41,1,7200,1011.75609756
207848,249253,249261,41405,8,1,7200,4141.3
207848,249260,249277,41412,17,1,7200,2437.0
207848,249273,249324,41425,51,1,7200,813.254901961
207849,249343,249344,41494,1,1,7200,4149.5
207849,249356,249357,41507,1,1,7200,4150.8
207849,249336,249371,41487,35,1,7200,1186.34285714
207850,249369,249370,41519,1,1,7200,4152.0
207850,249382,256608,41532,7226,1,7200,6.74757818987
207851,249402,249403,41551,1,1,7200,4155.2
207851,249415,249613,41564,198,1,7200,210.919191919
207851,249395,256602,41544,7207,1,7200,6.76439572638
207851,249520,251631,41669,2111,1,7200,20.7389862624
207852,249625,251829,41773,2204,1,7200,19.9532667877
207852,249767,249769,41915,2,1,7200,4191.7
207852,249781,249782,41929,1,1,7200,4193.0
207853,249807,249808,41954,1,1,7200,4195.5
207853,249794,249795,41941,1,1,7200,4194.2
207853,249820,249821,41967,1,1,7200,4196.8
207854,249833,249891,41979,58,1,7200,724.775862069
207854,249904,250068,42050,164,1,7200,257.402439024
207854,250080,250094,42226,14,1,7200,3017.14285714
207855,250106,250108,42251,2,1,7200,4225.3
207855,250120,250121,42265,1,1,7200,4226.6
207856,250133,250197,42277,64,1,7200,661.578125
207856,250209,250212,42353,3,1,7200,4235.6
207856,250224,250225,42368,1,1,7200,4236.9
207857,250252,250256,42395,4,1,7200,4239.9
207857,250268,250274,42411,6,1,7200,4241.7
207857,250237,250239,42380,2,1,7200,4238.2
207858,250286,250287,42428,1,1,7200,4242.9
207858,250299,250312,42441,13,1,7200,3265.69230769
207858,250324,250353,42466,29,1,7200,1465.34482759
207858,250365,250367,42507,2,1,7200,4250.9
207859,250379,250380,42520,1,1,7200,4252.1
207859,250404,250409,42545,5,1,7200,4255.0
207860,251600,251614,43740,14,1,7200,3125.28571429
207860,250422,253420,42562,2998,1,7200,15.1967978652
207860,250429,257667,42569,7238,1,7200,6.88132080685
207861,251654,251656,43793,2,1,7200,4379.5
207861,251626,251641,43765,15,1,7200,2918.66666667
207861,251643,251658,43782,15,1,7200,2919.8
207862,251676,251677,43814,1,1,7200,4381.5
207863,251690,251692,43827,2,1,7200,4382.9
207863,251704,251705,43841,1,1,7200,4384.2
207863,251683,258922,43820,7239,1,7200,7.05332228208
207864,251743,251760,43879,17,1,7200,2582.11764706
207865,251841,251843,43976,2,1,7200,4397.8
207865,251772,251774,43907,2,1,7200,4390.9
207865,251786,251895,43921,109,1,7200,403.944954128
207865,251855,251936,43990,81,1,7200,544.086419753
207866,251907,251910,44041,3,1,7200,4404.4
207866,251941,251943,44075,2,1,7200,4407.7
207866,251922,252915,44056,993,1,7200,45.3665659617
207867,252068,252361,44201,293,1,7200,151.85665529
207867,251949,252535,44082,586,1,7200,76.2252559727
207867,251956,252056,44089,100,1,7200,441.89
207868,252373,259592,44505,7219,1,7200,7.16498129935
207868,252444,253954,44576,1510,1,7200,30.5205298013
207868,252428,252432,44560,4,1,7200,4456.4
207869,252547,252548,44678,1,1,7200,4467.9
207871,252927,253019,45056,92,1,7200,490.739130435
207871,253032,253617,45161,585,1,7200,78.1982905983
207871,252633,254006,44762,1373,1,7200,33.6016023307
207872,253170,253191,45298,21,1,7200,2158.04761905
207872,253140,253145,45268,5,1,7200,4527.3
207873,253203,260418,45330,7215,1,7200,7.28274428274
207873,253432,253649,45559,217,1,7200,210.949308756
207874,253472,253474,45598,2,1,7200,4560.0
207874,253486,253487,45612,1,1,7200,4561.3
207874,253499,253939,45625,440,1,7200,104.693181818
207875,253662,253674,45787,12,1,7200,3816.58333333
207875,253630,254150,45755,520,1,7200,88.9903846154
207875,253686,255524,45811,1838,1,7200,25.9243743199
207876,253966,253970,46090,4,1,7200,4609.4
207876,253972,255473,46096,1501,1,7200,31.7101932045
207876,253951,253955,46075,4,1,7200,4607.9
207877,254113,261359,46236,7246,1,7200,7.38089980679
207877,253982,254372,46105,390,1,7200,119.217948718
207877,254034,254101,46157,67,1,7200,689.910447761
207877,254019,254022,46142,3,1,7200,4614.5
207878,254256,254583,46378,327,1,7200,142.828746177
207878,254179,254244,46301,65,1,7200,713.323076923
207878,254162,254167,46284,5,1,7200,4628.9
207879,254595,254597,46716,2,1,7200,4671.8
207879,254386,255611,46507,1225,1,7200,38.9648979592
207879,254379,255145,46500,766,1,7200,61.7049608355
207880,254638,254639,46758,1,1,7200,4675.9
207880,254609,254625,46729,16,1,7200,2921.5625
207880,254651,257718,46771,3067,1,7200,16.2497554614
207881,255237,255238,47356,1,1,7200,4735.7
207881,255157,255240,47276,83,1,7200,570.590361446
207881,255218,255225,47337,7,1,7200,4734.4
207882,255257,255261,47375,4,1,7200,4737.9
207882,255250,255344,47368,94,1,7200,504.914893617
207882,255287,255608,47405,321,1,7200,148.679127726
207882,255274,255275,47392,1,1,7200,4739.3
207883,255357,255359,47474,2,1,7200,4747.6
207883,255486,255502,47603,16,1,7200,2976.1875
207883,255371,255542,47488,171,1,7200,278.707602339
207884,255536,255539,47652,3,1,7200,4765.5
207884,255514,255820,47630,306,1,7200,156.653594771
207884,255551,255683,47667,132,1,7200,362.113636364
207885,255628,255696,47743,68,1,7200,703.102941176
207885,255695,255794,47810,99,1,7200,483.929292929
207885,255621,255796,47736,175,1,7200,273.777142857
207885,255558,256238,47673,680,1,7200,71.1073529412
207886,255722,257496,47836,1774,1,7200,27.9650507328
207886,255708,255710,47822,2,1,7200,4782.4
207887,255832,255834,47945,2,1,7200,4794.7
207887,255813,255884,47926,71,1,7200,676.014084507
207887,255806,258586,47919,2780,1,7200,18.2370503597
207888,255846,255864,47958,18,1,7200,2665.33333333
207888,255877,255911,47989,34,1,7200,1412.44117647
207889,255897,255899,48008,2,1,7200,4801.0
207889,256098,263337,48209,7239,1,7200,7.65962149468
207889,255911,255956,48022,45,1,7200,1068.15555556
207890,256105,256110,48215,5,1,7200,4822.0
207890,256221,256222,48331,1,1,7200,4833.2
207890,256123,256508,48233,385,1,7200,126.280519481
207890,256207,256209,48317,2,1,7200,4831.9
207891,255923,263169,48032,7246,1,7200,7.62876069556
207891,255968,256089,48077,121,1,7200,398.330578512
207892,255989,256194,48097,205,1,7200,235.619512195
207892,256056,256058,48164,2,1,7200,4816.6
207892,256083,256086,48191,3,1,7200,4819.4
207893,256247,256263,48354,16,1,7200,3023.125
207893,256254,256349,48361,95,1,7200,510.063157895
207893,256234,256235,48341,1,1,7200,4834.2
207894,256378,256379,48484,1,1,7200,4848.5
207894,256362,256366,48468,4,1,7200,4847.2
207894,256276,263493,48382,7217,1,7200,7.70389358459
207895,256604,256606,48709,2,1,7200,4871.1
207895,256392,263624,48497,7232,1,7200,7.70589048673
207895,256520,256591,48625,71,1,7200,685.85915493
207896,256622,256637,48726,15,1,7200,3249.4
207896,256627,256628,48731,1,1,7200,4873.2
207896,256615,257081,48719,466,1,7200,105.5472103
207897,256640,256870,48743,230,1,7200,212.926086957
207897,256664,256951,48767,287,1,7200,170.919860627
207897,207922,208216,25,294,1,3540,1.08503401361
207897,256649,256652,48752,3,1,7200,4875.5
207898,256882,256949,48984,67,1,7200,732.104477612
207898,256962,258136,49064,1174,1,7200,42.7921635434
207899,257093,257175,49194,82,1,7200,600.926829268
207899,256969,258036,49070,1067,1,7200,46.9887535145
207901,257509,257533,49608,24,1,7200,2068.0
207901,257250,257601,49349,351,1,7200,141.595441595
207901,257546,257609,49645,63,1,7200,789.015873016
207902,257613,264838,49711,7225,1,7200,7.88041522491
207902,257695,258770,49793,1075,1,7200,47.3190697674
207902,257679,257682,49777,3,1,7200,4978.0
207902,257621,257702,49719,81,1,7200,614.814814815
207903,257714,257718,49811,4,1,7200,4981.5
207903,257730,258520,49827,790,1,7200,64.0721518987
207904,258049,258050,50145,1,1,7200,5014.6
207904,257749,258696,49845,947,1,7200,53.6346356917
207904,257735,257736,49831,1,1,7200,4983.2
207905,258080,258137,50175,57,1,7200,881.263157895
207905,258062,258068,50157,6,1,7200,5016.3
207905,258149,258312,50244,163,1,7200,309.245398773
207947,207955,208262,8,307,1,3540,1.02605863192
208022,208030,208283,8,253,1,3540,1.03162055336
208073,208080,208393,7,313,1,3540,1.02236421725
208123,208131,208674,8,543,1,3540,1.01473296501
208173,208180,208731,7,551,1,3540,1.01270417423
208223,208239,208757,16,518,1,3540,1.03088803089
208275,208282,208826,7,544,1,3540,1.01286764706
208311,209724,212846,1413,3122,24,32400,1.45259449071
208363,208370,208941,7,571,1,3540,1.0122591944
208568,208575,208869,7,294,1,3540,1.02380952381
208830,208843,209041,13,198,1,3540,1.06565656566
208884,208891,209030,7,139,1,3540,1.05035971223
211157,211165,234621,8,23456,4,39540,1.00034106412
211337,211344,230380,7,19036,4,39540,1.00036772431
211409,212864,228881,1455,16017,4,39540,1.09084098146
211564,219151,232961,7587,13810,4,39540,1.54938450398
211828,219156,230637,7328,11481,4,39540,1.63827192753
212101,212858,220348,757,7490,20,17999,1.10106809079
212764,321261,377582,108497,56321,16,144000,2.92640400561
213634,265169,290227,51535,25058,30,172800,3.0566286216
214520,235276,235342,20756,66,1,10800,315.484848485
214521,235358,235423,20837,65,1,10800,321.569230769
215008,215731,216102,723,371,1,21600,2.94878706199
215008,215645,216106,637,461,1,21600,2.38177874187
215008,215149,216806,141,1657,1,21600,1.08509354255
215008,215142,217496,134,2354,1,21600,1.05692438403
215009,216122,216659,1113,537,1,21600,3.07262569832
215009,216114,217397,1105,1283,1,21600,1.86126266563
215009,215807,216945,798,1138,1,21600,1.70123022847
215010,216360,216750,1350,390,1,21600,4.46153846154
215010,216762,219172,1752,2410,1,21600,1.72697095436
215010,216671,217185,1661,514,1,21600,4.23151750973
215010,216631,218000,1621,1369,1,21600,2.18407596786
215011,216770,217449,1759,679,1,21600,3.59057437408
215011,216818,217640,1807,822,1,21600,3.19829683698
215011,216957,219589,1946,2632,1,21600,1.73936170213
215011,216950,217440,1939,490,1,21600,4.95714285714
215012,217433,218373,2421,940,1,21600,3.57553191489
215012,217197,217522,2185,325,1,21600,7.72307692308
215012,217410,217798,2398,388,1,21600,7.18041237113
215013,217508,218163,2495,655,1,21600,4.80916030534
215013,217462,218100,2449,638,1,21600,4.83855799373
215013,217534,218828,2521,1294,1,21600,2.94822256569
215013,217453,218492,2440,1039,1,21600,3.34841193455
215014,217810,218287,2796,477,1,21600,6.86163522013
215014,217652,218246,2638,594,1,21600,5.44107744108
215014,217685,217948,2671,263,1,21600,11.1558935361
215014,217962,219046,2948,1084,1,21600,3.71955719557
215015,218112,218411,3097,299,1,21600,11.3578595318
215015,218012,218359,2997,347,1,21600,9.63688760807
215015,218176,219096,3161,920,1,21600,4.43586956522
215016,218294,219436,3278,1142,1,21600,3.8704028021
215016,218258,218835,3242,577,1,21600,6.61871750433
215016,218208,218762,3192,554,1,21600,6.76173285199
215016,218302,219294,3286,992,1,21600,4.3125
215017,218385,219397,3368,1012,1,21600,4.32806324111
215017,218424,219028,3407,604,1,21600,6.64072847682
215017,218373,218850,3356,477,1,21600,8.035639413
215017,218469,219188,3452,719,1,21600,5.80111265647
215018,218774,219161,3756,387,1,21600,10.7054263566
215018,218840,220939,3822,2099,1,21600,2.82086707956
215018,218504,220988,3486,2484,1,21600,2.40338164251
215019,218862,219605,3843,743,1,21600,6.17227456258
215019,219040,219559,4021,519,1,21600,8.74759152216
215019,218926,219396,3907,470,1,21600,9.31276595745
215019,218848,219433,3829,585,1,21600,7.5452991453
215020,219176,222759,4156,3583,1,21600,2.1599218532
215020,219108,219447,4088,339,1,21600,13.0589970501
215020,219058,221084,4038,2026,1,21600,2.99308983218
215021,219307,219702,4286,395,1,21600,11.8506329114
215021,219184,220179,4163,995,1,21600,5.18391959799
215021,219203,219873,4182,670,1,21600,7.24179104478
215021,219408,219983,4387,575,1,21600,8.62956521739
215022,219416,219754,4394,338,1,21600,14.0
215022,219446,219809,4424,363,1,21600,13.1873278237
215022,219454,219878,4432,424,1,21600,11.4528301887
215023,219462,221190,4439,1728,1,21600,3.56886574074
215023,219619,220660,4596,1041,1,21600,5.41498559078
215023,219602,220473,4579,871,1,21600,6.25717566016
215023,219571,220405,4548,834,1,21600,6.45323741007
215024,219886,221995,4862,2109,1,21600,3.30535798957
215024,219714,220136,4690,422,1,21600,12.1137440758
215024,219821,220324,4797,503,1,21600,10.5367793241
215024,219766,221462,4742,1696,1,21600,3.79599056604
215025,219894,221008,4869,1114,1,21600,5.37073608618
215025,220149,220712,5124,563,1,21600,10.1012433393
215025,219995,221017,4970,1022,1,21600,5.86301369863
215026,220371,221075,5345,704,1,21600,8.59232954545
215026,220336,221558,5310,1222,1,21600,5.34533551555
215026,220191,221154,5165,963,1,21600,6.36344755971
215026,220376,221256,5350,880,1,21600,7.07954545455
215027,220393,221767,5366,1374,1,21600,4.90538573508
215027,220387,221792,5360,1405,1,21600,4.81494661922
215027,220382,221937,5355,1555,1,21600,4.44372990354
215028,220398,223229,5370,2831,1,21600,2.89685623455
215028,219162,228185,4134,9023,4,39540,1.45816247368
215028,220409,222182,5381,1773,1,21600,4.03496897913
215028,220404,222712,5376,2308,1,21600,3.32928942808
215028,220414,222147,5386,1733,1,21600,4.10790536642
215029,220425,223412,5396,2987,1,21600,2.80649481085
215029,220420,220793,5391,373,1,21600,15.4530831099
215029,220431,223022,5402,2591,1,21600,3.08490930143
215030,220467,221098,5437,631,1,21600,9.61648177496
215030,220438,220741,5408,303,1,21600,18.8481848185
215030,220472,221824,5442,1352,1,21600,5.02514792899
215031,220491,221001,5460,510,1,21600,11.7058823529
215031,220483,220783,5452,300,1,21600,19.1733333333
215031,220672,220884,5641,212,1,21600,27.608490566
215031,220478,220914,5447,436,1,21600,13.4931192661
215032,220795,221928,5763,1133,1,21600,6.08649602824
215032,220753,221566,5721,813,1,21600,8.036900369
215032,220724,221277,5692,553,1,21600,11.2929475588
215033,220805,221747,5772,942,1,21600,7.12738853503
215033,220951,221364,5918,413,1,21600,15.3292978208
215033,220896,221160,5863,264,1,21600,23.2083333333
215033,220926,221371,5893,445,1,21600,14.2426966292
215034,221000,221490,5966,490,1,21600,13.1755102041
215034,221021,221745,5987,724,1,21600,9.26933701657
215034,221013,221419,5979,406,1,21600,15.7266009852
215035,221029,221386,5994,357,1,21600,17.7899159664
215035,221087,221573,6052,486,1,21600,13.4526748971
215035,221096,221424,6061,328,1,21600,19.4786585366
215035,221110,221516,6075,406,1,21600,15.9630541872
215036,221202,222246,6166,1044,1,21600,6.9061302682
215036,221174,221680,6138,506,1,21600,13.1304347826
215036,221166,221910,6130,744,1,21600,9.23924731183
215037,221290,223842,6253,2552,1,21600,3.45023510972
215037,221475,222927,6438,1452,1,21600,5.43388429752
215037,221268,221849,6231,581,1,21600,11.7246127367
215037,221377,222312,6340,935,1,21600,7.7807486631
215038,221432,221984,6394,552,1,21600,12.5833333333
215038,221398,221892,6360,494,1,21600,13.8744939271
215038,221384,221810,6346,426,1,21600,15.896713615
215039,221440,222002,6401,562,1,21600,12.3896797153
215039,221529,229084,6490,7555,1,21600,1.85903375248
215039,221589,222781,6550,1192,1,21600,6.49496644295
215039,221502,222181,6463,679,1,21600,10.5184094256
215040,221757,222685,6717,928,1,21600,8.23814655172
215040,221765,222609,6725,844,1,21600,8.96800947867
215040,221692,222392,6652,700,1,21600,10.5028571429
215041,221579,222392,6538,813,1,21600,9.0418204182
215041,221779,222372,6738,593,1,21600,12.3625632378
215041,221904,222680,6863,776,1,21600,9.84407216495
215041,221570,221990,6529,420,1,21600,16.5452380952
215042,221822,223268,6780,1446,1,21600,5.6887966805
215042,221836,223098,6794,1262,1,21600,6.38351822504
215042,221804,222904,6762,1100,1,21600,7.14727272727
215043,221949,223009,6906,1060,1,21600,7.51509433962
215043,221922,222301,6879,379,1,21600,19.1503957784
215043,221861,223592,6818,1731,1,21600,4.93876372039
215044,221941,222353,6897,412,1,21600,17.7402912621
215044,221996,222368,6952,372,1,21600,19.688172043
215044,222194,224568,7150,2374,1,21600,4.01179443976
215044,222004,222451,6960,447,1,21600,16.5704697987
215045,222200,222774,7155,574,1,21600,13.4651567944
215045,222020,222703,6975,683,1,21600,11.2122986823
215045,222012,222293,6967,281,1,21600,25.793594306
215046,222306,223178,7260,872,1,21600,9.32568807339
215046,222258,222517,7212,259,1,21600,28.8455598456
215046,222160,223323,7114,1163,1,21600,7.11693895099
215047,222314,222617,7267,303,1,21600,24.9834983498
215047,222324,223008,7277,684,1,21600,11.6388888889
215047,222366,223236,7319,870,1,21600,9.41264367816
215047,222529,223277,7482,748,1,21600,11.0026737968
215108,222404,223754,7296,1350,1,21600,6.40444444444
215108,222381,227596,7273,5215,1,21600,2.39463087248
215108,222388,224537,7280,2149,1,21600,4.38762214984
215109,222771,224122,7662,1351,1,21600,6.67135455218
215109,222463,223307,7354,844,1,21600,9.71327014218
215109,222412,222980,7303,568,1,21600,13.8573943662
215110,222630,223339,7520,709,1,21600,11.6064880113
215110,222693,223539,7583,846,1,21600,9.963356974
215110,222622,226125,7512,3503,1,21600,3.14444761633
215110,222702,224217,7592,1515,1,21600,6.01122112211
215111,222725,224677,7614,1952,1,21600,4.9006147541
215111,222715,225728,7604,3013,1,21600,3.52373050116
215111,224849,227898,9738,3049,1,21600,4.19383404395
215112,222794,223134,7682,340,1,21600,23.5941176471
215112,222786,224068,7674,1282,1,21600,6.98595943838
215112,222939,224538,7827,1599,1,21600,5.89493433396
215112,222916,224193,7804,1277,1,21600,7.1111981206
215113,223029,223737,7916,708,1,21600,12.1807909605
215113,222992,224056,7879,1064,1,21600,8.40507518797
215113,223020,224467,7907,1447,1,21600,6.46440912232
215114,223147,225699,8033,2552,1,21600,4.14772727273
215114,223111,224380,7997,1269,1,21600,7.30181245075
215114,223191,224439,8077,1248,1,21600,7.47195512821
215114,223037,225334,7923,2297,1,21600,4.44928167175
215115,223241,224837,8126,1596,1,21600,6.09147869674
215115,224134,224858,9019,724,1,21600,13.4571823204
215115,223250,227073,8135,3823,1,21600,3.12791001831
215116,223280,224258,8164,978,1,21600,9.34764826176
215116,223289,224424,8173,1135,1,21600,8.20088105727
215116,223336,225390,8220,2054,1,21600,5.00194741967
215116,223320,225660,8204,2340,1,21600,4.50598290598
215117,223552,224631,8435,1079,1,21600,8.81742354032
215117,223424,228021,8307,4597,1,21600,2.80704807483
215117,223351,226097,8234,2746,1,21600,3.99854333576
215118,223766,226104,8648,2338,1,21600,4.69888793841
215118,223750,224143,8632,393,1,21600,22.9643765903
215118,223856,229466,8738,5610,1,21600,2.55757575758
215118,223605,225314,8487,1709,1,21600,5.96606202458
215119,224068,224961,8949,893,1,21600,11.0212765957
215119,224081,228753,8962,4672,1,21600,2.91823630137
215119,224156,226505,9037,2349,1,21600,4.84716900809
215120,224230,225569,9110,1339,1,21600,7.80358476475
215120,224270,225864,9150,1594,1,21600,6.74027603513
215120,224205,226323,9085,2118,1,21600,5.28942398489
215120,224392,225813,9272,1421,1,21600,7.52498240676
215121,224479,226954,9358,2475,1,21600,4.78101010101
215121,224437,225264,9316,827,1,21600,12.2648125756
215121,224451,228491,9330,4040,1,21600,3.30940594059
215122,224643,225621,9521,978,1,21600,10.7351738241
215122,224580,226506,9458,1926,1,21600,5.91069574247
215122,224550,227218,9428,2668,1,21600,4.53373313343
215122,224555,226076,9433,1521,1,21600,7.20184089415
215123,224689,226246,9566,1557,1,21600,7.14386640976
215123,224870,226818,9747,1948,1,21600,6.00359342916
215123,226830,228940,11707,2110,1,21600,6.54834123223
215123,226117,231338,10994,5221,1,21600,3.10572687225
215124,225277,227823,10153,2546,1,21600,4.98782403771
215124,225327,226157,10203,830,1,21600,13.2927710843
215124,224973,227048,9849,2075,1,21600,5.7465060241
215125,225347,227695,10222,2348,1,21600,5.3534923339
215125,225403,226563,10278,1160,1,21600,9.86034482759
215125,225633,227060,10508,1427,1,21600,8.36370007008
215125,225581,227120,10456,1539,1,21600,7.79402209227
215126,225740,227865,10614,2125,1,21600,5.99482352941
215126,225673,228848,10547,3175,1,21600,4.32188976378
215126,225711,228960,10585,3249,1,21600,4.25792551554
215127,226088,228205,10961,2117,1,21600,6.17760982522
215127,226109,229282,10982,3173,1,21600,4.46107784431
215127,225878,227620,10751,1742,1,21600,7.17164179104
215127,225829,233137,10702,7308,1,21600,2.46442255063
215128,226258,229803,11130,3545,1,21600,4.13963328632
215128,226137,229698,11009,3561,1,21600,4.09154731817
215128,226892,232997,11764,6105,1,21600,2.92694512695
215128,226169,229948,11041,3779,1,21600,3.92167240011
215129,226525,227170,11396,645,1,21600,18.6682170543
215129,226337,230254,11208,3917,1,21600,3.86137350013
215129,226517,228149,11388,1632,1,21600,7.97794117647
215130,226966,248574,11836,21608,1,21600,1.54776008886
215130,226575,226879,11445,304,1,21600,38.6480263158
215130,227061,230359,11931,3298,1,21600,4.61764705882
215130,227073,230047,11943,2974,1,21600,5.01580363147
215131,227132,230184,12001,3052,1,21600,4.93217562254
215131,227089,228931,11958,1842,1,21600,7.49185667752
215131,227183,228362,12052,1179,1,21600,11.2222222222
215132,227231,228993,12099,1762,1,21600,7.86662883087
215132,228899,230731,13767,1832,1,21600,8.51473799127
215132,228055,228441,12923,386,1,21600,34.4792746114
215133,228972,230789,13839,1817,1,21600,8.61640066043
215133,227670,229181,12537,1511,1,21600,9.29715420251
215133,227609,228960,12476,1351,1,21600,10.2346410067
215133,227633,229790,12500,2157,1,21600,6.79508576727
215134,227681,228437,12547,756,1,21600,17.5965608466
215134,227676,228615,12542,939,1,21600,14.3567625133
215134,227686,228686,12552,1000,1,21600,13.552
215134,227713,228729,12579,1016,1,21600,13.3809055118
215135,227877,228885,12742,1008,1,21600,13.6408730159
215135,227835,233942,12700,6107,1,21600,3.07958080891
215135,227910,229304,12775,1394,1,21600,10.1642754663
215136,228033,228709,12897,676,1,21600,20.0784023669
215136,228050,230146,12914,2096,1,21600,7.16125954198
215136,228044,229945,12908,1901,1,21600,7.79011046817
215137,228161,229726,13024,1565,1,21600,9.32204472843
215137,228060,229450,12923,1390,1,21600,10.2971223022
215137,229005,230252,13868,1247,1,21600,12.1210906175
215138,228449,229914,13311,1465,1,21600,10.0860068259
215138,228218,228508,13080,290,1,21600,46.1034482759
215138,228376,230798,13238,2422,1,21600,6.46573080099
215138,228457,229615,13319,1158,1,21600,12.5017271157
215139,228505,230756,13366,2251,1,21600,6.93780541981
215139,228520,230022,13381,1502,1,21600,9.90878828229
215139,228627,230535,13488,1908,1,21600,8.06918238994
215140,228699,230626,13559,1927,1,21600,8.03632589517
215140,228742,230126,13602,1384,1,21600,10.8280346821
215140,228766,230122,13626,1356,1,21600,11.0486725664
215140,228722,243677,13582,14955,1,21600,1.90819124039
215141,228893,231406,13752,2513,1,21600,6.47234381218
215141,228860,231125,13719,2265,1,21600,7.05695364238
215141,228904,229942,13763,1038,1,21600,14.2591522158
215142,228953,229300,13811,347,1,21600,40.8011527378
215142,228910,230493,13768,1583,1,21600,9.69740998105
215142,228917,230105,13775,1188,1,21600,12.5951178451
215142,228945,230741,13803,1796,1,21600,8.68541202673
215143,229000,229518,13857,518,1,21600,27.750965251
215143,229013,230844,13870,1831,1,21600,8.57509557619
215143,228977,230078,13834,1101,1,21600,13.5649409628
215144,229803,230502,14659,699,1,21600,21.9713876967
215144,229788,231071,14644,1283,1,21600,12.4138737334
215144,229194,232447,14050,3253,1,21600,5.3190900707
215144,229096,229776,13952,680,1,21600,21.5176470588
215145,229294,231432,14149,2138,1,21600,7.61786716558
215145,229320,231096,14175,1776,1,21600,8.98141891892
215145,229312,236031,14167,6719,1,21600,3.10849828844
215146,229463,230169,14317,706,1,21600,21.2790368272
215146,229479,230165,14333,686,1,21600,21.8935860058
215146,229530,229981,14384,451,1,21600,32.8935698448
215147,229627,230048,14480,421,1,21600,35.3942992874
215147,229738,230806,14591,1068,1,21600,14.6619850187
215147,229710,231613,14563,1903,1,21600,8.65265370468
215148,229816,231102,14668,1286,1,21600,12.4059097978
215148,229926,231204,14778,1278,1,21600,12.5633802817
215148,229954,232258,14806,2304,1,21600,7.42621527778
215210,229963,231919,14753,1956,1,21600,8.54243353783
215210,229993,236344,14783,6351,1,21600,3.32766493466
215211,230273,231096,15062,823,1,21600,19.3013365735
215211,230034,233895,14823,3861,1,21600,4.83916083916
215211,229968,231226,14757,1258,1,21600,12.7305246423
215211,230264,232906,15053,2642,1,21600,6.69757759273
215212,230059,231967,14847,1908,1,21600,8.78144654088
215212,230068,230959,14856,891,1,21600,17.6734006734
215212,230117,231504,14905,1387,1,21600,11.7462148522
215212,230090,231891,14878,1801,1,21600,9.26096612993
215213,230144,232404,14931,2260,1,21600,7.60663716814
215213,230136,234995,14923,4859,1,21600,4.0712080675
215213,230159,234966,14946,4807,1,21600,4.10921572706
215214,230354,231617,15140,1263,1,21600,12.9873317498
215214,230185,232692,14971,2507,1,21600,6.97167929797
215214,230197,231416,14983,1219,1,21600,13.2912223134
215214,230178,235955,14964,5777,1,21600,3.59027176735
215215,230349,231801,15134,1452,1,21600,11.4228650138
215215,230344,231962,15129,1618,1,21600,10.3504326329
215215,230360,231288,15145,928,1,21600,17.3200431034
215216,230515,231509,15299,994,1,21600,16.3913480885
215216,230376,232652,15160,2276,1,21600,7.66080843585
215216,230366,232255,15150,1889,1,21600,9.02011646374
215216,230371,231861,15155,1490,1,21600,11.1711409396
215217,230392,233399,15175,3007,1,21600,6.04655803126
215217,230387,238188,15170,7801,1,21600,2.9446224843
215217,230382,231987,15165,1605,1,21600,10.4485981308
215218,230398,231383,15180,985,1,21600,16.4111675127
215218,230409,231917,15191,1508,1,21600,11.0736074271
215218,230403,232339,15185,1936,1,21600,8.84349173554
215218,230419,232251,15201,1832,1,21600,9.29748908297
215219,230424,234371,15205,3947,1,21600,4.85229288067
215219,230430,233725,15211,3295,1,21600,5.61638846737
215219,230439,231500,15220,1061,1,21600,15.3449575872
215219,230444,233014,15225,2570,1,21600,6.92412451362
215220,230460,238003,15240,7543,1,21600,3.02041627999
215220,230449,233435,15229,2986,1,21600,6.10013395847
215220,230455,236145,15235,5690,1,21600,3.67750439367
215221,230506,231804,15285,1298,1,21600,12.7758089368
215221,230530,233107,15309,2577,1,21600,6.94062863795
215221,230754,232442,15533,1688,1,21600,10.202014218
215221,230524,232440,15303,1916,1,21600,8.9869519833
215222,230541,232363,15319,1822,1,21600,9.40779363337
215222,230549,232907,15327,2358,1,21600,7.5
215222,230638,231854,15416,1216,1,21600,13.6776315789
215222,230535,232625,15313,2090,1,21600,8.32679425837
215223,230743,234123,15520,3380,1,21600,5.59171597633
215223,230777,237281,15554,6504,1,21600,3.39145141451
215223,230802,232615,15579,1813,1,21600,9.59293987865
215224,230972,232319,15748,1347,1,21600,12.6911655531
215224,230810,232253,15586,1443,1,21600,11.8011088011
215224,230818,232455,15594,1637,1,21600,10.5259621258
215224,230858,233602,15634,2744,1,21600,6.69752186589
215225,231108,233656,15883,2548,1,21600,7.23351648352
215225,231083,232851,15858,1768,1,21600,9.96945701357
215225,231395,234101,16170,2706,1,21600,6.9756097561
215226,231418,233454,16192,2036,1,21600,8.95284872299
215226,231521,235484,16295,3963,1,21600,5.11178400202
215226,231526,232779,16300,1253,1,21600,14.0087789306
215226,231113,236622,15887,5509,1,21600,3.88382646578
215227,231122,232626,15895,1504,1,21600,11.5684840426
215227,231217,233037,15990,1820,1,21600,9.78571428571
215227,231138,233086,15911,1948,1,21600,9.16786447639
215228,231301,233308,16073,2007,1,21600,9.00847035376
215228,231429,234137,16201,2708,1,21600,6.98264401773
215228,231238,252841,16010,21603,1,21600,1.74110077304
215228,231350,234529,16122,3179,1,21600,6.07140610255
215229,231625,235802,16396,4177,1,21600,4.925305243
215229,231444,231901,16215,457,1,21600,36.4814004376
215229,231512,234435,16283,2923,1,21600,6.57064659596
215229,231813,236902,16584,5089,1,21600,4.25879347612
215230,231634,236078,16404,4444,1,21600,4.69126912691
215230,231866,237029,16636,5163,1,21600,4.22215766028
215230,231822,241093,16592,9271,1,21600,2.78966670262
215231,231904,235381,16673,3477,1,21600,5.79522576934
215231,231913,232916,16682,1003,1,21600,17.6321036889
215231,231930,233580,16699,1650,1,21600,11.1206060606
215231,231875,240700,16644,8825,1,21600,2.88600566572
215232,231939,241258,16707,9319,1,21600,2.79278892585
215232,232628,234152,17396,1524,1,21600,12.4146981627
215232,232468,233287,17236,819,1,21600,22.0451770452
215233,231984,233930,16751,1946,1,21600,9.60791366906
215233,232639,234684,17406,2045,1,21600,9.51149144254
215233,231976,232953,16743,977,1,21600,18.1371545548
215233,232786,233839,17553,1053,1,21600,17.6695156695
215234,232333,234280,17099,1947,1,21600,9.78222907036
215234,231999,232773,16765,774,1,21600,22.6602067183
215234,232264,233986,17030,1722,1,21600,10.8896631823
215235,232375,236801,17140,4426,1,21600,4.87257117036
215235,232417,233096,17182,679,1,21600,26.3048600884
215235,232351,233204,17116,853,1,21600,21.0656506448
215236,232588,233392,17352,804,1,21600,22.5820895522
215236,232475,234283,17239,1808,1,21600,10.5348451327
215236,232453,234080,17217,1627,1,21600,11.582052858
215236,232462,235118,17226,2656,1,21600,7.48569277108
215237,232793,234253,17556,1460,1,21600,13.0246575342
215237,232664,234011,17427,1347,1,21600,13.9376391982
215237,232593,234955,17356,2362,1,21600,8.34801016088
215237,232644,234025,17407,1381,1,21600,13.604634323
215238,232918,234452,17680,1534,1,21600,12.5254237288
215238,232863,239855,17625,6992,1,21600,3.52073798627
215238,232705,236993,17467,4288,1,21600,5.0734608209
215239,232966,237085,17727,4119,1,21600,5.30371449381
215239,233009,235789,17770,2780,1,21600,7.39208633094
215239,232935,234732,17696,1797,1,21600,10.8475236505
215239,232926,235822,17687,2896,1,21600,7.10738950276
215240,233051,234025,17811,974,1,21600,19.2864476386
215240,234070,235741,18830,1671,1,21600,12.2687013764
215240,233026,234692,17786,1666,1,21600,11.6758703481
215240,234092,235814,18852,1722,1,21600,11.9477351916
215241,234149,237778,18908,3629,1,21600,6.21025075778
215241,234135,235777,18894,1642,1,21600,12.5066991474
215241,234114,240292,18873,6178,1,21600,4.0548721269
215242,233098,235544,17856,2446,1,21600,8.30008176615
215242,233109,235208,17867,2099,1,21600,9.51214864221
215242,233121,247548,17879,14427,1,21600,2.23927358425
215242,233155,236218,17913,3063,1,21600,6.84818805093
215243,233216,234434,17973,1218,1,21600,15.7561576355
215243,233320,234056,18077,736,1,21600,25.5611413043
215243,233300,235113,18057,1813,1,21600,10.9597352454
215244,233467,234353,18223,886,1,21600,21.5677200903
215244,233448,234155,18204,707,1,21600,26.7482319661
215244,233412,233977,18168,565,1,21600,33.1557522124
215244,233404,234608,18160,1204,1,21600,16.0830564784
215245,233593,235796,18348,2203,1,21600,9.32864275987
215245,233616,234322,18371,706,1,21600,27.0212464589
215245,233737,234870,18492,1133,1,21600,17.321270962
215245,233669,234627,18424,958,1,21600,20.2317327766
215246,233852,235088,18606,1236,1,21600,16.0533980583
215246,233943,237536,18697,3593,1,21600,6.20372947398
215246,233907,235722,18661,1815,1,21600,11.2815426997
215247,233989,234797,18742,808,1,21600,24.1955445545
215247,233998,236992,18751,2994,1,21600,7.26285905144
215247,233955,234969,18708,1014,1,21600,19.449704142
215248,234037,235011,18789,974,1,21600,20.2905544148
215248,234165,239531,18917,5366,1,21600,4.52534476332
215248,234024,234961,18776,937,1,21600,21.0384204909
215248,234043,237081,18795,3038,1,21600,7.1866359447
215249,234293,238274,19044,3981,1,21600,5.78372268274
215249,234265,235757,19016,1492,1,21600,13.745308311
215249,234172,235702,18923,1530,1,21600,13.3679738562
215337,235220,235224,19883,4,1,3600,1988.7
215863,219125,219139,3262,14,16,60,234.0
216024,247065,250113,31041,3048,24,32400,11.1840551181
216049,235391,235408,19342,17,1,14400,1138.76470588
216864,219167,226281,2303,7114,4,39540,1.32372786056
216958,220360,227068,3402,6708,4,39540,1.50715563506
218975,220366,220455,1391,89,4,60,16.6292134831
222004,235145,235260,13141,115,1,3600,115.269565217
224133,235133,235343,11000,210,1,86400,53.380952381
224155,235240,238875,11085,3635,1,3600,4.04951856946
224379,240545,248116,16166,7571,20,17999,3.13525293885
225499,235101,235102,9602,1,1,300,960.3
225818,226293,226757,475,464,4,36000,2.02370689655
226767,227080,227691,313,611,4,36000,1.51227495908
227679,227704,228031,25,327,4,36000,1.07645259939
228039,228197,228299,158,102,4,36000,2.54901960784
228296,228311,228479,15,168,4,36000,1.08928571429
228482,228492,230512,10,2020,4,36000,1.00495049505
230598,230650,230750,52,100,4,36000,1.52
230752,230762,234347,10,3585,4,14400,1.00278940028
230770,238784,240148,8014,1364,8,3600,6.87536656891
230801,232975,234347,2174,1372,4,14400,2.58454810496
230810,239707,275741,8897,36034,4,36000,1.24690570017
230820,234360,248767,3540,14407,4,14400,1.24571388908
230841,234634,249039,3793,14405,4,14400,1.26331135023
230877,235260,249671,4383,14411,4,14400,1.30414266879
230895,235529,249969,4634,14440,4,14400,1.32091412742
230914,235754,250200,4840,14446,4,14400,1.33504084176
230942,235810,250246,4868,14436,4,14400,1.33721252424
230962,235998,250426,5036,14428,4,14400,1.34904352648
230979,236636,251076,5657,14440,4,14400,1.39175900277
231243,232271,304310,1028,72039,3,72000,1.01427004817
231290,234706,306739,3416,72033,3,72000,1.04742270904
231333,234985,307031,3652,72046,3,72000,1.05068983705
232398,239712,240399,7314,687,4,18000,11.6462882096
232415,235363,235379,2948,16,1,7200,185.25
232680,239859,240533,7179,674,4,18000,11.6513353116
232840,239865,240088,7025,223,4,18000,32.5022421525
233585,236793,238772,3208,1979,8,7200,2.62102071753
233656,235119,245916,1463,10797,1,28800,1.13550060202
233662,236799,238104,3137,1305,8,7200,3.40383141762
233720,238116,240107,4396,1991,8,7200,3.2079357107
234068,321368,368883,87300,47515,3,144000,2.83731453225
234229,321374,405638,87145,84264,3,144000,2.03419016425
234461,237006,251443,2545,14437,4,14400,1.17628316132
234586,237216,251661,2630,14445,4,14400,1.18206992039
235086,238015,242791,2929,4776,4,7200,1.61327470687
235106,238911,243196,3805,4285,4,7200,1.88798133022
235401,235408,235659,7,251,1,3600,1.02788844622
235668,240100,240101,4432,1,6,43199,443.3
235693,240113,240114,4420,1,6,43199,442.1
235737,240121,245884,4384,5763,6,43199,1.76071490543
235777,240128,240129,4351,1,6,43199,435.2
235820,240142,243960,4322,3818,6,43199,2.13200628601
235899,235906,236470,7,564,1,3600,1.01241134752
236079,236140,236703,61,563,2,43200,1.10834813499
236218,239701,239847,3483,146,10,25199,24.8561643836
236665,236818,236845,153,27,1,7200,6.66666666667
236741,236804,264063,63,27259,2,43200,1.00231116329
237370,237549,237631,179,82,1,3600,3.18292682927
237734,237741,239071,7,1330,1,43200,1.00526315789
237765,237772,238006,7,234,1,3600,1.02991452991
238298,238305,238768,7,463,1,3600,1.0151187905
239421,290238,316178,50817,25940,30,172800,2.95902081727
239524,239543,242044,19,2501,1,90000,1.00759696122
239720,239870,239935,150,65,1,10800,3.30769230769
241298,243331,247055,2033,3724,8,3600,1.54591836735
241324,241331,245072,7,3741,5,3600,1.00187115744
241642,242056,245295,414,3239,1,7200,1.12781722754
241642,242803,245356,1161,2553,1,7200,1.45475910693
246239,246246,246248,7,2,2,3540,1.0
246607,321250,513554,74643,192304,18,198000,1.3881510525
246655,321255,512269,74600,191014,18,198000,1.39054728973
257057,257064,257073,7,9,1,240,1.6
259702,259709,259743,7,34,1,7200,1.20588235294
259777,259784,262246,7,2462,1,36000,1.0028432169
260296,260302,262360,6,2058,1,7200,1.0029154519
265168,316191,341888,51023,25697,30,172800,2.98556251703
267792,267799,267805,7,6,1,3600,1.3
267916,267923,268030,7,107,1,3600,1.06542056075
268157,268164,268561,7,397,1,3600,1.01763224181
268795,268802,269390,7,588,1,3600,1.0119047619
269894,269901,273503,7,3602,1,3600,1.0019433648
271374,271380,271388,6,8,1,1800,1.4
271682,271688,271758,6,70,1,1800,1.08571428571
271989,271996,272077,7,81,1,1800,1.08641975309
272570,272577,272943,7,366,1,1800,1.01912568306
273589,273596,273603,7,7,1,1800,1.4
273618,273626,273703,8,77,1,3600,1.1038961039
273750,273757,273793,7,36,1,1800,1.19444444444
273836,273842,274107,6,265,1,3600,1.02264150943
274003,274009,274076,6,67,1,1800,1.08955223881
274403,274410,274891,7,481,1,3600,1.01455301455
274650,274657,274899,7,242,1,1800,1.02892561983
285196,285203,292287,7,7084,4,14400,1.00098814229
285574,285581,300027,7,14446,4,14400,1.0004845632
285700,285707,302330,7,16623,20,17999,1.00042110329
285895,321379,321696,35484,317,6,43199,112.936908517
285915,321385,322846,35470,1461,6,43199,25.2778918549
285968,321390,330843,35422,9453,6,28799,4.74717021052
285986,285993,300426,7,14433,4,14400,1.00048499965
286025,286032,300477,7,14445,4,14400,1.00048459675
286069,286076,311279,7,25203,4,25200,1.00027774471
286110,286116,299713,6,13597,4,27000,1.00044127381
286155,286163,304426,8,18263,4,27000,1.00043804413
286214,286222,310270,8,24048,4,27000,1.000332668
288376,288383,292981,7,4598,1,14400,1.00152240104
288538,288544,288614,6,70,4,10800,1.08571428571
289826,323808,324237,33982,429,24,32400,80.2121212121
290163,290170,290437,7,267,1,3540,1.02621722846
290236,342120,367754,51884,25634,30,172800,3.02403058438
290341,290348,300683,7,10335,4,10800,1.00067731011
290574,290581,292736,7,2155,1,3540,1.00324825986
290653,290660,290853,7,193,1,3540,1.03626943005
290706,290713,290994,7,281,1,3540,1.02491103203
290755,290763,291055,8,292,1,3540,1.02739726027
290830,290836,291081,6,245,1,3540,1.02448979592
290880,290886,291189,6,303,1,3540,1.0198019802
290928,290936,291442,8,506,1,3540,1.01581027668
290979,290986,291524,7,538,1,3540,1.01301115242
291028,291035,291544,7,509,1,3540,1.0137524558
291079,291085,291619,6,534,1,3540,1.01123595506
291158,291165,291733,7,568,1,3540,1.01232394366
291362,291369,291651,7,282,1,3540,1.02482269504
291621,291627,291817,6,190,1,3540,1.03157894737
291683,291690,291823,7,133,1,3540,1.05263157895
291714,291731,291732,17,1,1,7200,1.8
291714,291720,291721,6,1,1,7200,1.0
291714,291738,292013,24,275,1,7200,1.08727272727
291714,291726,291776,12,50,1,7200,1.24
291715,291744,291844,29,100,1,7200,1.29
291715,291749,291761,34,12,1,7200,3.83333333333
291716,291760,292120,44,360,1,7200,1.12222222222
291716,291765,292859,49,1094,1,7200,1.04478976234
291716,291754,291755,38,1,1,7200,3.9
291716,291771,294036,55,2265,1,7200,1.02428256071
291717,291776,299012,59,7236,1,7200,1.00815367606
291717,291787,294167,70,2380,1,7200,1.02941176471
291718,291805,295687,87,3882,1,7200,1.02241112828
291718,291793,291794,75,1,1,7200,7.6
291718,291799,291801,81,2,1,7200,8.3
291719,291847,291853,128,6,1,7200,13.4
291719,291852,291853,133,1,1,7200,13.4
291719,291858,291861,139,3,1,7200,14.2
291720,291876,299091,156,7215,1,7200,1.02162162162
291720,291870,291872,150,2,1,7200,15.2
291720,291863,291864,143,1,1,7200,14.4
291721,291894,299110,173,7216,1,7200,1.02397450111
291721,291887,291888,166,1,1,7200,16.7
291721,291882,293227,161,1345,1,7200,1.11970260223
291722,291899,292562,177,663,1,7200,1.26696832579
291722,291910,291913,188,3,1,7200,19.1
291722,291905,291919,183,14,1,7200,14.0714285714
291723,291925,292296,202,371,1,7200,1.54447439353
291723,291932,291934,209,2,1,7200,21.1
291723,291917,291919,194,2,1,7200,19.6
291724,291946,291947,222,1,1,7200,22.3
291724,291938,292782,214,844,1,7200,1.25355450237
291724,291959,291960,235,1,1,7200,23.6
291724,291972,291977,248,5,1,7200,25.3
291725,292043,292270,318,227,1,7200,2.40088105727
291725,291989,292080,264,91,1,7200,3.9010989011
291725,292026,292031,301,5,1,7200,30.6
291725,292092,294175,367,2083,1,7200,1.17618819011
291726,292132,292147,406,15,1,7200,28.0666666667
291726,292175,292176,449,1,1,7200,45.0
291726,292159,292163,433,4,1,7200,43.7
291727,292283,292286,556,3,1,7200,55.9
291727,292201,293517,474,1316,1,7200,1.36018237082
291727,292188,292189,461,1,1,7200,46.2
291728,292574,292575,846,1,1,7200,84.7
291728,292309,299513,581,7204,1,7200,1.08064963909
291728,292587,293035,859,448,1,7200,2.91741071429
291728,292299,299521,571,7222,1,7200,1.0790639712
291729,292794,292796,1065,2,1,7200,106.7
291729,292800,292917,1071,117,1,7200,10.1538461538
291729,292699,292782,970,83,1,7200,12.686746988
291730,292848,292863,1118,15,1,7200,75.5333333333
291730,292871,292882,1141,11,1,7200,104.727272727
291730,292808,292835,1078,27,1,7200,40.9259259259
291731,292899,294974,1168,2075,1,7200,1.56289156627
291731,292930,292950,1199,20,1,7200,60.95
291731,292878,292879,1147,1,1,7200,114.8
291731,292892,293872,1161,980,1,7200,2.18469387755
291732,291818,291821,86,3,1,7200,8.9
291732,291812,291834,80,22,1,7200,4.63636363636
291732,291823,292687,91,864,1,7200,1.10532407407
291733,291829,291867,96,38,1,7200,3.52631578947
291734,292997,292998,1263,1,1,7200,126.4
291734,293010,300233,1276,7223,1,7200,1.17665789838
291734,292968,292984,1234,16,1,7200,78.125
291735,293239,293376,1504,137,1,7200,11.9781021898
291735,293048,293243,1313,195,1,7200,7.73333333333
291735,293255,300489,1520,7234,1,7200,1.21011888305
291736,293388,300607,1652,7219,1,7200,1.22884055963
291736,293529,293531,1793,2,1,7200,179.5
291736,293543,294193,1807,650,1,7200,3.78
291737,294049,301295,2312,7246,1,7200,1.31907259177
291737,293884,293935,2147,51,1,7200,43.0980392157
291737,293947,294174,2210,227,1,7200,10.7356828194
291738,294186,294300,2448,114,1,7200,22.4736842105
291738,294179,301425,2441,7246,1,7200,1.33687551753
291739,294195,294198,2456,3,1,7200,245.9
291739,294212,294213,2473,1,1,7200,247.4
291739,294225,294550,2486,325,1,7200,8.64923076923
291739,294205,301413,2466,7208,1,7200,1.34211986681
291740,294313,296319,2573,2006,1,7200,2.28265204387
291740,294663,294713,2923,50,1,7200,59.46
291740,294562,294651,2822,89,1,7200,32.7078651685
291741,294725,294727,2984,2,1,7200,298.6
291741,294739,294821,2998,82,1,7200,37.5609756098
291741,294833,295098,3092,265,1,7200,12.6679245283
291742,295699,302915,3957,7216,1,7200,1.54836474501
291742,295110,295112,3368,2,1,7200,337.0
291742,294987,302233,3245,7246,1,7200,1.44783328733
291742,295125,298562,3383,3437,1,7200,1.9842886238
291743,296331,296333,4588,2,1,7200,459.0
291744,296384,296386,4640,2,1,7200,464.2
291744,296398,296400,4654,2,1,7200,465.6
291744,296412,296413,4668,1,1,7200,466.9
291745,296571,297824,4826,1253,1,7200,4.85155626496
291745,296506,296558,4761,52,1,7200,92.5576923077
291745,296425,296493,4680,68,1,7200,69.8235294118
291746,297837,298449,6091,612,1,7200,10.9526143791
291746,298461,298485,6715,24,1,7200,280.791666667
291746,298502,298578,6756,76,1,7200,89.8947368421
291747,298575,298578,6828,3,1,7200,683.1
291747,298590,299033,6843,443,1,7200,16.4469525959
291747,299024,299035,7277,11,1,7200,662.545454545
291747,298595,299361,6848,766,1,7200,9.93994778068
291748,299059,306299,7311,7240,1,7200,2.00980662983
291748,299045,299047,7297,2,1,7200,729.9
291748,299052,299147,7304,95,1,7200,77.8842105263
291749,299103,301659,7354,2556,1,7200,3.87715179969
291749,299122,299124,7373,2,1,7200,737.5
291750,299160,299296,7410,136,1,7200,55.4852941176
291750,299307,299323,7557,16,1,7200,473.3125
291750,299294,299295,7544,1,1,7200,754.5
291750,299136,299282,7386,146,1,7200,51.5890410959
291751,299314,299316,7563,2,1,7200,756.5
291751,299335,299337,7584,2,1,7200,758.6
291752,299356,300675,7604,1319,1,7200,6.76497346475
291752,299342,299343,7590,1,1,7200,759.1
291753,299373,299517,7620,144,1,7200,53.9166666667
291753,299525,299529,7772,4,1,7200,777.6
291753,299363,305415,7610,6052,1,7200,2.25743555849
291754,299532,300072,7778,540,1,7200,15.4037037037
291754,299546,299739,7792,193,1,7200,41.3730569948
291754,299539,299582,7785,43,1,7200,182.046511628
291755,299595,299597,7840,2,1,7200,784.2
291755,299751,299756,7996,5,1,7200,800.1
291755,299609,299841,7854,232,1,7200,34.8534482759
291756,299853,300076,8097,223,1,7200,37.3094170404
291756,299769,299848,8013,79,1,7200,102.430379747
291756,299860,299866,8104,6,1,7200,811.0
291756,299879,300049,8123,170,1,7200,48.7823529412
291757,300084,300236,8327,152,1,7200,55.7828947368
291757,300091,307306,8334,7215,1,7200,2.15509355509
291757,300062,300960,8305,898,1,7200,10.2483296214
291758,300252,300385,8494,133,1,7200,64.8646616541
291758,300414,301557,8656,1143,1,7200,8.57305336833
291758,300397,300494,8639,97,1,7200,90.0618556701
291758,300245,300402,8487,157,1,7200,55.0573248408
291759,300619,300812,8860,193,1,7200,46.9067357513
291759,300527,300976,8768,449,1,7200,20.5278396437
291759,300508,301029,8749,521,1,7200,17.792706334
291759,300501,300515,8742,14,1,7200,625.428571429
291760,300942,301023,9182,81,1,7200,114.358024691
291760,300687,300930,8927,243,1,7200,37.7366255144
291760,300824,301121,9064,297,1,7200,31.5185185185
291761,300972,300975,9211,3,1,7200,921.4
291761,300994,301017,9233,23,1,7200,402.434782609
291761,300987,301071,9226,84,1,7200,110.833333333
291762,301043,301051,9281,8,1,7200,928.9
291762,301029,301081,9267,52,1,7200,179.211538462
291762,301036,301241,9274,205,1,7200,46.2390243902
291763,301084,308289,9321,7205,1,7200,2.29368494101
291763,301063,301111,9300,48,1,7200,194.75
291763,301093,301548,9330,455,1,7200,21.5054945055
291764,301124,308356,9360,7232,1,7200,2.29424778761
291764,301133,301135,9369,2,1,7200,937.1
291765,301184,301941,9419,757,1,7200,13.4425363276
291765,301254,301960,9489,706,1,7200,14.440509915
291766,301438,302111,9672,673,1,7200,15.3714710253
291766,301431,301894,9665,463,1,7200,21.8747300216
291766,301308,307750,9542,6442,1,7200,2.48121701335
291767,301561,301778,9794,217,1,7200,46.133640553
291767,301570,301891,9803,321,1,7200,31.53894081
291767,301672,302342,9905,670,1,7200,15.7835820896
291768,301910,307661,10142,5751,1,7200,2.76351938793
291768,301903,302044,10135,141,1,7200,72.8794326241
291768,301790,301893,10022,103,1,7200,98.3009708738
291769,301953,309158,10184,7205,1,7200,2.413462873
291769,302056,309258,10287,7202,1,7200,2.42835323521
291769,301916,305049,10147,3133,1,7200,4.23874880306
291769,301973,302329,10204,356,1,7200,29.6629213483
291770,302180,302374,10410,194,1,7200,54.6597938144
291770,302123,302130,10353,7,1,7200,1036.0
291770,302142,302168,10372,26,1,7200,399.923076923
291771,302262,302448,10491,186,1,7200,57.4032258065
291771,302341,302976,10570,635,1,7200,17.6456692913
291771,302246,302250,10475,4,1,7200,1047.9
291772,302386,302434,10614,48,1,7200,222.125
291772,302354,302671,10582,317,1,7200,34.38170347
291772,302446,309692,10674,7246,1,7200,2.47308860061
291772,302461,304431,10689,1970,1,7200,6.42588832487
291773,302684,302699,10911,15,1,7200,728.4
291773,302711,304060,10938,1349,1,7200,9.10822831727
291773,302928,303081,11155,153,1,7200,73.908496732
291774,303519,303582,11745,63,1,7200,187.428571429
291774,302988,310203,11214,7215,1,7200,2.55426195426
291774,303093,303450,11319,357,1,7200,32.7058823529
291774,303462,303507,11688,45,1,7200,260.733333333
291775,303594,303812,11819,218,1,7200,55.2155963303
291775,303824,304060,12049,236,1,7200,52.0550847458
291775,304072,304084,12297,12,1,7200,1025.75
291776,304096,304727,12320,631,1,7200,20.5245641838
291776,304187,304320,12411,133,1,7200,94.3157894737
291776,304077,304174,12301,97,1,7200,127.81443299
291777,304444,305031,12667,587,1,7200,22.5792163543
291777,304741,304951,12964,210,1,7200,62.7333333333
291777,304332,305041,12555,709,1,7200,18.7080394922
291778,305053,307000,13275,1947,1,7200,7.81818181818
291778,305062,305390,13284,328,1,7200,41.5
291778,304968,305053,13190,85,1,7200,156.176470588
291778,305043,305068,13265,25,1,7200,531.6
291779,305069,306791,13290,1722,1,7200,8.71777003484
291779,305144,307927,13365,2783,1,7200,5.8023715415
291779,305083,305131,13304,48,1,7200,278.166666667
291780,305403,305640,13623,237,1,7200,58.4810126582
291780,305527,305528,13747,1,1,7200,1374.8
291780,305427,305515,13647,88,1,7200,156.079545455
291784,305738,312976,13954,7238,1,7200,2.92788063001
291784,305657,305725,13873,68,1,7200,205.014705882
291784,305650,305987,13866,337,1,7200,42.1454005935
291784,306000,306048,14216,48,1,7200,297.166666667
291785,306061,306074,14276,13,1,7200,1099.15384615
291785,306086,306183,14301,97,1,7200,148.432989691
291785,306195,306250,14410,55,1,7200,263.0
291786,306368,310960,14582,4592,1,7200,4.17552264808
291786,306262,306373,14476,111,1,7200,131.414414414
291786,306311,306355,14525,44,1,7200,331.113636364
291787,306386,306998,14599,612,1,7200,24.8545751634
291787,312012,312038,20225,26,1,7200,778.884615385
291787,306803,314014,15016,7211,1,7200,3.0823741506
291788,312017,314784,20229,2767,1,7200,8.310805927
291788,312051,312065,20263,14,1,7200,1448.35714286
291789,312077,312083,20288,6,1,7200,2029.4
291789,314796,314916,23007,120,1,7200,192.725
291789,314928,315189,23139,261,1,7200,89.6551724138
291789,312095,319303,20306,7208,1,7200,3.81714761376
291790,315371,318203,23581,2832,1,7200,9.32662429379
291790,318215,318252,26425,37,1,7200,715.189189189
291790,315202,315358,23412,156,1,7200,151.076923077
291791,318265,318411,26474,146,1,7200,182.328767123
291791,318424,318431,26633,7,1,7200,2664.0
291791,319315,319331,27524,16,1,7200,1721.25
291791,318443,325652,26652,7209,1,7200,4.69704535997
291792,319344,319352,27552,8,1,7200,2756.0
291792,321411,322324,29619,913,1,7200,33.4414019715
291792,319365,326593,27573,7228,1,7200,4.81474820144
291793,321422,321763,29629,341,1,7200,87.8885630499
291793,321417,321433,29624,16,1,7200,1852.5
291793,321428,321582,29635,154,1,7200,193.435064935
291794,321433,321447,29639,14,1,7200,2118.07142857
291794,321438,323114,29644,1676,1,7200,18.6873508353
291794,321447,321505,29653,58,1,7200,512.25862069
291795,321452,321776,29657,324,1,7200,92.5339506173
291795,321458,321676,29663,218,1,7200,137.068807339
291795,321463,321664,29668,201,1,7200,148.60199005
291796,321479,322936,29683,1457,1,7200,21.3726835964
291796,321484,321488,29688,4,1,7200,2969.2
291796,321468,321473,29672,5,1,7200,2967.7
291796,321474,321531,29678,57,1,7200,521.666666667
291797,321502,323178,29705,1676,1,7200,18.7237470167
291797,321507,321566,29710,59,1,7200,504.559322034
291797,321512,321550,29715,38,1,7200,782.973684211
291798,321535,321554,29737,19,1,7200,1566.10526316
291798,321519,321523,29721,4,1,7200,2972.5
291798,321544,321787,29746,243,1,7200,123.411522634
291799,321569,321618,29770,49,1,7200,608.551020408
291799,321562,321631,29763,69,1,7200,432.347826087
291800,321578,321663,29778,85,1,7200,351.329411765
291800,321630,321638,29830,8,1,7200,2983.8
291800,321595,323891,29795,2296,1,7200,13.9769163763
291801,321675,321714,29874,39,1,7200,767.0
291801,321643,321664,29842,21,1,7200,1422.04761905
291801,321650,322075,29849,425,1,7200,71.2329411765
291802,321682,321731,29880,49,1,7200,610.795918367
291802,321687,324319,29885,2632,1,7200,12.3544832827
291802,321694,321776,29892,82,1,7200,365.536585366
291803,321743,328946,29940,7203,1,7200,5.15660141608
291803,321776,321857,29973,81,1,7200,371.037037037
291803,321788,321798,29985,10,1,7200,2999.5
291803,321726,322126,29923,400,1,7200,75.8075
291804,321811,322022,30007,211,1,7200,143.213270142
291804,321800,322432,29996,632,1,7200,48.4620253165
291804,321793,321811,29989,18,1,7200,1667.05555556
291805,321916,321955,30111,39,1,7200,773.076923077
291805,321869,321903,30064,34,1,7200,885.235294118
291805,321823,329027,30018,7204,1,7200,5.16685174903
291806,322087,322319,30281,232,1,7200,131.521551724
291806,321967,322192,30161,225,1,7200,135.048888889
291806,322034,322763,30228,729,1,7200,42.4650205761
291807,322139,329364,30332,7225,1,7200,5.19820069204
291807,322233,322358,30426,125,1,7200,244.408
291807,322204,322220,30397,16,1,7200,1900.8125
291807,322334,322357,30527,23,1,7200,1328.26086957
291808,322374,322762,30566,388,1,7200,79.7783505155
291808,322340,322355,30532,15,1,7200,2036.46666667
291808,322367,322402,30559,35,1,7200,874.114285714
291809,322419,322478,30610,59,1,7200,519.813559322
291809,322490,322727,30681,237,1,7200,130.455696203
291809,322445,322557,30636,112,1,7200,274.535714286
291809,322379,322677,30570,298,1,7200,103.583892617
291810,322690,323212,30880,522,1,7200,60.1570881226
291810,322570,322666,30760,96,1,7200,321.416666667
291810,322740,322813,30930,73,1,7200,424.698630137
291810,322679,326181,30869,3502,1,7200,9.81467732724
291811,322780,322847,30969,67,1,7200,463.223880597
291811,322825,322862,31014,37,1,7200,839.216216216
291811,322775,322876,30964,101,1,7200,307.574257426
291812,322859,322883,31047,24,1,7200,1294.625
291812,322888,322898,31076,10,1,7200,3108.6
291812,322874,322880,31062,6,1,7200,3106.8
291813,322911,330143,31098,7232,1,7200,5.30005530973
291813,322894,322905,31081,11,1,7200,2826.54545455
291813,322900,322942,31087,42,1,7200,741.166666667
291814,322954,323461,31140,507,1,7200,62.4201183432
291814,322948,322955,31134,7,1,7200,3114.1
291814,322918,322948,31104,30,1,7200,1037.8
291815,322969,322998,31154,29,1,7200,1075.27586207
291815,322962,322980,31147,18,1,7200,1731.38888889
291815,322993,323237,31178,244,1,7200,128.778688525
291816,323126,324066,31310,940,1,7200,34.3085106383
291816,323009,323097,31193,88,1,7200,355.465909091
291816,323110,323199,31294,89,1,7200,352.617977528
291817,323247,323251,31430,4,1,7200,3143.4
291817,323224,323235,31407,11,1,7200,2856.18181818
291817,323190,323837,31373,647,1,7200,49.4899536321
291817,323211,330440,31394,7229,1,7200,5.34278600083
291818,323254,323337,31436,83,1,7200,379.746987952
291818,323263,323526,31445,263,1,7200,120.562737643
291819,323393,323451,31574,58,1,7200,545.379310345
291819,323365,323380,31546,15,1,7200,2104.06666667
291819,323349,323353,31530,4,1,7200,3153.4
291820,323538,323705,31718,167,1,7200,190.928143713
291820,323515,323574,31695,59,1,7200,538.203389831
291820,323474,323498,31654,24,1,7200,1319.91666667
291820,323464,324060,31644,596,1,7200,54.0939597315
291821,323638,323843,31817,205,1,7200,156.204878049
291821,323717,323959,31896,242,1,7200,132.801652893
291821,323586,323626,31765,40,1,7200,795.125
291822,323849,323932,32027,83,1,7200,386.86746988
291822,323943,323958,32121,15,1,7200,2142.4
291822,323904,324456,32082,552,1,7200,59.1195652174
291822,323856,324214,32034,358,1,7200,90.4804469274
291823,323982,331204,32159,7222,1,7200,5.45292162836
291823,323989,324073,32166,84,1,7200,383.928571429
291823,323969,323975,32146,6,1,7200,3215.2
291824,324086,324107,32262,21,1,7200,1537.28571429
291824,324078,324085,32254,7,1,7200,3226.1
291824,324097,324110,32273,13,1,7200,2483.53846154
291824,324072,324824,32248,752,1,7200,43.8829787234
291825,324119,324763,32294,644,1,7200,51.1459627329
291825,324140,324164,32315,24,1,7200,1347.45833333
291825,324126,324128,32301,2,1,7200,3230.3
291826,324239,324240,32413,1,1,7200,3241.4
291826,324252,324457,32426,205,1,7200,159.175609756
291826,324176,324502,32350,326,1,7200,100.233128834
291826,324225,324227,32399,2,1,7200,3240.1
291827,324345,324346,32518,1,1,7200,3251.9
291827,324332,324333,32505,1,1,7200,3250.6
291827,324358,324607,32531,249,1,7200,131.646586345
291828,324468,324471,32640,3,1,7200,3264.3
291828,324473,324475,32645,2,1,7200,3264.7
291828,324483,324489,32655,6,1,7200,3266.1
291829,324500,324504,32671,4,1,7200,3267.5
291829,324514,324516,32685,2,1,7200,3268.7
291829,324490,326459,32661,1969,1,7200,17.5876079228
291830,324528,331739,32698,7211,1,7200,5.53446123977
291830,324535,324561,32705,26,1,7200,1258.88461538
291831,324574,324576,32743,2,1,7200,3274.5
291831,324600,324601,32769,1,1,7200,3277.0
291831,324588,324589,32757,1,1,7200,3275.8
291832,324613,324677,32781,64,1,7200,513.203125
291832,324621,324685,32789,64,1,7200,513.328125
291832,324696,324709,32864,13,1,7200,2529.0
291832,324690,324692,32858,2,1,7200,3286.0
291833,324716,324717,32883,1,1,7200,3288.4
291833,324723,324724,32890,1,1,7200,3289.1
291834,324736,324740,32902,4,1,7200,3290.6
291834,324730,324787,32896,57,1,7200,578.122807018
291835,324752,324978,32917,226,1,7200,146.650442478
291835,324776,324780,32941,4,1,7200,3294.5
291836,324800,324801,32964,1,1,7200,3296.5
291836,324807,325079,32971,272,1,7200,122.216911765
291836,324826,324881,32990,55,1,7200,600.818181818
291837,324837,324839,33000,2,1,7200,3300.2
291837,324852,324857,33015,5,1,7200,3302.0
291837,324870,324871,33033,1,1,7200,3303.4
291838,324893,324941,33055,48,1,7200,689.645833333
291838,324953,324954,33115,1,1,7200,3311.6
291838,324966,324977,33128,11,1,7200,3012.63636364
291838,324883,325396,33045,513,1,7200,65.4152046784
291839,325004,332213,33165,7209,1,7200,5.60049937578
291839,324990,324991,33151,1,1,7200,3315.2
291839,324995,325000,33156,5,1,7200,3316.1
291840,325025,325033,33185,8,1,7200,3319.3
291840,325045,325058,33205,13,1,7200,2555.23076923
291840,325069,325071,33229,2,1,7200,3323.1
291841,325083,332286,33242,7203,1,7200,5.61502151881
291841,325421,325446,33580,25,1,7200,1344.2
291841,325408,325409,33567,1,1,7200,3356.8
291841,325091,325535,33250,444,1,7200,75.8873873874
291842,325458,325464,33616,6,1,7200,3362.2
291842,325476,325477,33634,1,1,7200,3363.5
291843,325547,325551,33704,4,1,7200,3370.8
291843,325563,325569,33720,6,1,7200,3372.6
291843,325582,325603,33739,21,1,7200,1607.61904762
291843,325489,325669,33646,180,1,7200,187.922222222
291844,325680,325716,33836,36,1,7200,940.888888889
291844,325615,325677,33771,62,1,7200,545.693548387
291844,325665,325711,33821,46,1,7200,736.239130435
291845,325716,325717,33871,1,1,7200,3387.2
291845,325689,325690,33844,1,1,7200,3384.5
291846,325724,332934,33878,7210,1,7200,5.6987517337
291846,325731,325733,33885,2,1,7200,3388.7
291846,325736,332954,33890,7218,1,7200,5.69520642837
291847,326009,328537,34162,2528,1,7200,14.5134493671
291847,325758,325997,33911,239,1,7200,142.887029289
291848,326193,330272,34345,4079,1,7200,9.41995587154
291848,326471,326472,34623,1,1,7200,3462.4
291848,326484,326485,34636,1,1,7200,3463.7
291849,326497,326498,34648,1,1,7200,3464.9
291849,326510,326511,34661,1,1,7200,3466.2
291849,326524,326525,34675,1,1,7200,3467.6
291849,326537,326603,34688,66,1,7200,526.575757576
291850,326640,326641,34790,1,1,7200,3479.1
291850,326605,326782,34755,177,1,7200,197.355932203
291850,326615,326628,34765,13,1,7200,2675.23076923
291851,326667,326727,34816,60,1,7200,581.266666667
291851,326739,326740,34888,1,1,7200,3488.9
291852,326776,326780,34924,4,1,7200,3492.8
291853,326792,326796,34939,4,1,7200,3494.3
291853,326808,326820,34955,12,1,7200,2913.91666667
291854,326832,326833,34978,1,1,7200,3497.9
291854,326815,326844,34961,29,1,7200,1206.55172414
291855,326879,334099,35024,7220,1,7200,5.85096952909
291855,326856,326857,35001,1,1,7200,3500.2
291855,326862,326867,35007,5,1,7200,3501.2
291855,326870,330072,35015,3202,1,7200,11.9353529044
291856,328549,328563,36693,14,1,7200,2621.92857143
291856,328608,328625,36752,17,1,7200,2162.88235294
291856,328575,328596,36719,21,1,7200,1749.52380952
291857,328637,328638,36780,1,1,7200,3678.1
291857,328674,335897,36817,7223,1,7200,6.09718953343
291858,328960,328963,37102,3,1,7200,3710.5
291858,328975,328976,37117,1,1,7200,3711.8
291859,329012,329031,37153,19,1,7200,1956.42105263
291859,329039,329040,37180,1,1,7200,3718.1
291860,329046,329059,37186,13,1,7200,2861.46153846
291860,329066,329164,37206,98,1,7200,380.653061224
291861,329086,330210,37225,1124,1,7200,34.1183274021
291861,329189,329857,37328,668,1,7200,56.880239521
291861,329072,329074,37211,2,1,7200,3721.3
291861,329176,329177,37315,1,1,7200,3731.6
291862,329818,337027,37956,7209,1,7200,6.26508531003
291862,329485,329806,37623,321,1,7200,118.205607477
291862,329376,329473,37514,97,1,7200,387.742268041
291863,329870,329873,38007,3,1,7200,3801.0
291863,330084,330087,38221,3,1,7200,3822.4
291863,329885,331376,38022,1491,1,7200,26.5010060362
291864,330155,330173,38291,18,1,7200,2128.27777778
291864,330184,331841,38320,1657,1,7200,24.1261315631
291864,330112,332388,38248,2276,1,7200,17.8049209139
291865,330277,331520,38412,1243,1,7200,31.9026548673
291865,330222,330251,38357,29,1,7200,1323.65517241
291865,330263,330264,38398,1,1,7200,3839.9
291866,330451,330455,38585,4,1,7200,3858.9
291866,330409,331001,38543,592,1,7200,66.1064189189
291866,330284,330397,38418,113,1,7200,340.982300885
291867,330508,337713,38641,7205,1,7200,6.36308119362
291867,330479,330496,38612,17,1,7200,2272.29411765
291868,331014,331197,39146,183,1,7200,214.912568306
291868,331216,331217,39348,1,1,7200,3934.9
291868,331209,331210,39341,1,1,7200,3934.2
291869,331230,331631,39361,401,1,7200,99.1571072319
291869,331223,331558,39354,335,1,7200,118.474626866
291870,331407,332774,39537,1367,1,7200,29.9224579371
291870,331532,331538,39662,6,1,7200,3966.8
291870,331388,331395,39518,7,1,7200,3952.5
291871,331572,331869,39701,297,1,7200,134.673400673
291871,331565,332599,39694,1034,1,7200,39.3887814313
291871,331550,331553,39679,3,1,7200,3968.2
291872,331658,331707,39786,49,1,7200,812.959183673
291872,331644,331645,39772,1,1,7200,3977.3
291872,331719,338965,39847,7246,1,7200,6.49917195694
291873,331830,332056,39957,226,1,7200,177.800884956
291873,331854,332381,39981,527,1,7200,76.8652751423
291873,331765,331818,39892,53,1,7200,753.679245283
291873,331751,331753,39878,2,1,7200,3988.0
291874,332069,332070,40195,1,1,7200,4019.6
291874,332082,332092,40208,10,1,7200,4021.8
291874,331881,332744,40007,863,1,7200,47.3580533024
291875,332105,332107,40230,2,1,7200,4023.2
291875,332225,332296,40350,71,1,7200,569.309859155
291875,332119,335377,40244,3258,1,7200,13.3523634131
291876,332298,332302,40422,4,1,7200,4042.6
291876,332315,332380,40439,65,1,7200,623.138461538
291876,332308,332311,40432,3,1,7200,4043.5
291877,332323,332325,40446,2,1,7200,4044.8
291877,332349,332591,40472,242,1,7200,168.239669421
291878,332398,332523,40520,125,1,7200,325.16
291878,332405,332418,40527,13,1,7200,3118.46153846
291878,332392,332394,40514,2,1,7200,4051.6
291879,332444,332525,40565,81,1,7200,501.802469136
291879,332412,332631,40533,219,1,7200,186.082191781
291880,332535,333167,40655,632,1,7200,65.3275316456
291880,332603,332655,40723,52,1,7200,784.134615385
291880,332542,332680,40662,138,1,7200,295.652173913
291881,332657,334830,40776,2173,1,7200,19.7648412333
291881,332611,332678,40730,67,1,7200,608.910447761
291881,332643,332645,40762,2,1,7200,4076.4
291882,332690,332742,40808,52,1,7200,785.769230769
291882,332667,336202,40785,3535,1,7200,12.5374823197
291882,332697,332703,40815,6,1,7200,4082.1
291883,332715,332730,40832,15,1,7200,2723.13333333
291883,332742,332766,40859,24,1,7200,1703.45833333
291884,332761,332794,40877,33,1,7200,1239.6969697
291884,332754,332756,40870,2,1,7200,4087.2
291885,332767,332768,40882,1,1,7200,4088.3
291885,333182,333704,41297,522,1,7200,80.1130268199
291885,333175,333179,41290,4,1,7200,4129.4
291886,332790,332874,40904,84,1,7200,487.952380952
291886,332785,339998,40899,7213,1,7200,6.67017884375
291886,332777,332779,40891,2,1,7200,4089.3
291887,332806,332808,40919,2,1,7200,4092.1
291887,332819,332820,40932,1,1,7200,4093.3
291887,332797,332938,40910,141,1,7200,291.141843972
291888,332862,332877,40974,15,1,7200,2732.6
291888,332832,332834,40944,2,1,7200,4094.6
291888,332846,332850,40958,4,1,7200,4096.2
291889,332886,332964,40997,78,1,7200,526.602564103
291889,332946,332950,41057,4,1,7200,4106.1
291889,332893,340131,41004,7238,1,7200,6.66510085659
291890,332952,332955,41062,3,1,7200,4106.5
291890,333187,340400,41297,7213,1,7200,6.72535699432
291890,333195,333270,41305,75,1,7200,551.733333333
291891,333282,333283,41391,1,1,7200,4139.2
291891,333289,334026,41398,737,1,7200,57.170963365
291891,333296,333312,41405,16,1,7200,2588.8125
291892,333805,333809,41913,4,1,7200,4191.7
291892,333325,333327,41433,2,1,7200,4143.5
291892,333444,333792,41552,348,1,7200,120.402298851
291893,332961,333274,41068,313,1,7200,132.207667732
291893,332969,333059,41076,90,1,7200,457.4
291893,332974,334558,41081,1584,1,7200,26.9349747475
291894,333011,333092,41117,81,1,7200,508.617283951
291894,332981,332999,41087,18,1,7200,2283.61111111
291895,333072,333081,41177,9,1,7200,4118.6
291895,333093,333098,41198,5,1,7200,4120.3
291896,333111,333121,41215,10,1,7200,4122.5
291897,333821,333924,41924,103,1,7200,408.029126214
291897,333137,333161,41240,24,1,7200,1719.33333333
291898,333937,333939,42039,2,1,7200,4204.1
291898,333951,335640,42053,1689,1,7200,25.8981645944
291899,334022,334032,42123,10,1,7200,4213.3
291899,334038,335269,42139,1231,1,7200,35.2315190902
291899,334057,335608,42158,1551,1,7200,28.1811734365
291900,334125,334132,42225,7,1,7200,4223.2
291900,334110,334113,42210,3,1,7200,4221.3
291901,333339,333432,41438,93,1,7200,446.569892473
291901,333717,334009,41816,292,1,7200,144.205479452
292954,292961,303190,7,10229,8,10800,1.00068432887
293662,293670,293748,8,78,1,3600,1.10256410256
294464,294471,303958,7,9487,4,18000,1.0007378518
294548,294555,294557,7,2,1,36000,1.0
295082,321266,429274,26184,108008,16,108000,1.24242648693
295346,295353,300560,7,5207,4,18000,1.00134434415
295468,295475,302078,7,6603,4,18000,1.00106012419
295839,295846,310866,7,15020,8,18000,1.00046604527
296018,296025,299487,7,3462,4,18000,1.00202195263
296297,296304,312513,7,16209,4,16200,1.00043185884
296299,296311,300798,12,4487,1,14400,1.00267439269
296507,296513,301323,6,4810,4,16200,1.00124740125
296703,296711,297768,8,1057,4,16200,1.00756859035
296879,296886,298407,7,1521,4,16200,1.00460223537
297021,297028,301931,7,4903,4,16200,1.00142769733
297158,297165,303428,7,6263,4,16200,1.00111767524
297166,297173,298442,7,1269,1,86400,1.00551615445
298488,298495,384901,7,86406,1,86400,1.00008101289
298819,298826,385242,7,86416,1,86400,1.00008100352
298853,298861,298884,8,23,8,3599,1.34782608696
301069,301076,301077,7,1,1,300,1.0
301417,301424,301425,7,1,1,300,1.0
301477,301484,301485,7,1,1,300,1.0
301531,301538,312397,7,10859,4,10800,1.00064462658
301899,321490,342765,19591,21275,1,36000,1.92084606345
301984,301991,301993,7,2,1,300,1.0
303357,321395,325959,18038,4564,6,35999,4.95223488168
303555,321272,336183,17717,14911,20,17999,2.18818322044
304720,304726,307453,6,2727,8,7200,1.00220022002
304974,304982,313985,8,9003,8,9000,1.00088859269
305066,305076,310059,10,4983,8,9000,1.0020068232
307785,307792,307796,7,4,64,600,1.1
307802,307808,307809,6,1,1,600,1.0
308469,308476,310731,7,2255,1,3600,1.00310421286
309008,321336,327757,12328,6421,4,86400,2.91995016353
309487,321347,357388,11860,36041,4,36000,1.32906967065
314328,321401,393440,7073,72039,3,72000,1.09818292869
316196,367765,393054,51569,25289,30,172800,3.0391869983
318034,321352,321413,3318,61,4,18000,55.393442623
318043,321358,321424,3315,66,4,18000,51.2272727273
318048,321363,321406,3315,43,4,18000,78.0930232558
318530,321406,335844,2876,14438,4,14400,1.19919656462
318862,321495,323331,2633,1836,1,1800,2.43409586057
318953,321277,326695,2324,5418,8,7200,1.42894056848
319224,321283,323796,2059,2513,8,7200,1.81933943494
319300,321288,325566,1988,4278,8,14400,1.4647031323
319315,321309,326200,1994,4891,12,43200,1.40768758945
319606,321315,333021,1709,11706,12,86400,1.1459935076
319918,321320,346861,1402,25541,12,86400,1.05489213422
319999,321326,340112,1327,18786,12,86400,1.07063770893
320416,321293,325764,877,4471,8,28800,1.19615298591
320469,321299,328364,830,7065,8,7200,1.11748053786
320701,321304,323415,603,2111,8,14400,1.28564661298
322320,322327,322329,7,2,1,600,1.0
322342,322349,339523,7,17174,4,86400,1.00040759287
322404,322411,322418,7,7,4,600,1.4
322996,323003,330248,7,7245,1,7200,1.00096618357
323444,323451,323572,7,121,6,35999,1.05785123967
323501,323508,323774,7,266,6,32399,1.02631578947
323879,323886,324029,7,143,1,3600,1.04895104895
323969,323977,327362,8,3385,6,32399,1.0023633678
324073,325150,325381,1077,231,6,32399,5.66233766234
325314,325393,325397,79,4,24,32400,8.3
325435,325442,356445,7,31003,24,32400,1.0002257846
326507,326517,328734,10,2217,12,7200,1.00451059991
332138,332144,332146,6,2,2,3540,1.0
332723,332729,335075,6,2346,8,7200,1.00255754476
333998,334004,334038,6,34,4,600,1.17647058824
334227,334233,334713,6,480,4,600,1.0125
335076,335082,339466,6,4384,8,7200,1.00136861314
335151,335157,341579,6,6422,12,14400,1.00093428838
335598,335604,335848,6,244,4,600,1.02459016393
337610,337616,380849,6,43233,1,43200,1.00013878287
337623,337629,380849,6,43220,1,43200,1.00013882462
337628,337635,380857,7,43222,1,43200,1.00016195456
337633,337641,380851,8,43210,1,43200,1.00018514233
337699,337705,380944,6,43239,1,43200,1.00013876362
338004,338010,352782,6,14772,20,17999,1.00040617384
338097,338103,347046,6,8943,20,21599,1.0006709158
338202,338208,359842,6,21634,20,21599,1.00027734122
338613,338619,338623,6,4,1,900,1.0
338874,338880,339118,6,238,4,600,1.02521008403
339151,339157,339171,6,14,4,172800,1.42857142857
339207,339213,339563,6,350,4,3600,1.01714285714
339312,339319,367887,7,28568,4,259200,1.0002450294
339477,339483,339487,6,4,5,324000,1.0
339518,339524,339535,6,11,4,259200,1.54545454545
339549,339555,367882,6,28327,4,259200,1.00021181205
339552,339562,382812,10,43250,1,43200,1.00023121387
339624,339630,382845,6,43215,1,43200,1.00013884068
339626,339637,376478,11,36841,4,144000,1.00029858039
339692,339698,663710,6,324012,5,324000,1.00001851783
340024,340031,340040,7,9,1,900,1.6
340439,340445,340446,6,1,1,900,1.0
340566,340573,340598,7,25,1,900,1.28
340792,340799,340808,7,9,1,900,1.6
340979,340985,382143,6,41158,4,43200,1.00014577968
340982,340992,384226,10,43234,4,43200,1.00023129944
341035,341041,341042,6,1,1,900,1.0
341086,341093,341986,7,893,1,900,1.0078387458
341880,341886,341920,6,34,1,18000,1.17647058824
341880,341898,341920,18,22,1,18000,1.81818181818
341880,341892,341920,12,28,1,18000,1.42857142857
341881,341903,341923,22,20,1,18000,2.1
341881,341909,341928,28,19,1,18000,2.47368421053
341882,341925,341948,43,23,1,18000,2.86956521739
341882,341931,341953,49,22,1,18000,3.22727272727
341882,341914,341936,32,22,1,18000,2.45454545455
341882,341920,341939,38,19,1,18000,3.0
341883,341936,341955,53,19,1,18000,3.78947368421
341883,341952,341972,69,20,1,18000,4.45
341883,341941,341961,58,20,1,18000,3.9
341883,341947,341967,64,20,1,18000,4.2
341884,341958,341977,74,19,1,18000,4.89473684211
341884,341969,341989,85,20,1,18000,5.25
341884,341963,341983,79,20,1,18000,4.95
341885,341980,341999,95,19,1,18000,6.0
341885,341985,342005,100,20,1,18000,6.0
341885,341991,342011,106,20,1,18000,6.3
341885,341974,341994,89,20,1,18000,5.45
341886,341996,342015,110,19,1,18000,6.78947368421
341886,342007,342026,121,19,1,18000,7.36842105263
341886,342001,342027,115,26,1,18000,5.42307692308
341887,342012,342032,125,20,1,18000,7.25
341887,342018,342037,131,19,1,18000,7.89473684211
341887,342023,342042,136,19,1,18000,8.15789473684
341888,342029,342048,141,19,1,18000,8.42105263158
341888,342034,342053,146,19,1,18000,8.68421052632
341888,342040,342059,152,19,1,18000,9.0
341888,342045,342065,157,20,1,18000,8.85
341889,342062,342084,173,22,1,18000,8.86363636364
341889,342051,342070,162,19,1,18000,9.52631578947
341889,342056,342077,167,21,1,18000,8.95238095238
341889,342068,342087,179,19,1,18000,10.4210526316
341890,342073,342092,183,19,1,18000,10.6315789474
341890,342084,342102,194,18,1,18000,11.7777777778
341890,342078,342097,188,19,1,18000,10.8947368421
341891,342094,342113,203,19,1,18000,11.6842105263
341891,342100,342120,209,20,1,18000,11.45
341891,342105,342125,214,20,1,18000,11.7
341891,342089,342109,198,20,1,18000,10.9
341892,342110,342135,218,25,1,18000,9.72
341892,342125,342142,233,17,1,18000,14.7058823529
341892,342130,342148,238,18,1,18000,14.2222222222
341893,342136,342154,243,18,1,18000,14.5
341893,342141,342159,248,18,1,18000,14.7777777778
341893,342146,342165,253,19,1,18000,14.3157894737
341894,342152,342170,258,18,1,18000,15.3333333333
341894,342168,342187,274,19,1,18000,15.4210526316
341894,342163,342181,269,18,1,18000,15.9444444444
341894,342157,342174,263,17,1,18000,16.4705882353
341895,342173,342192,278,19,1,18000,15.6315789474
341895,342195,342213,300,18,1,18000,17.6666666667
341895,342190,342208,295,18,1,18000,17.3888888889
341895,342184,342203,289,19,1,18000,16.2105263158
341896,342201,342218,305,17,1,18000,18.9411764706
341896,342206,342224,310,18,1,18000,18.2222222222
341896,342211,342229,315,18,1,18000,18.5
341897,342233,342249,336,16,1,18000,22.0
341897,342217,342234,320,17,1,18000,19.8235294118
341897,342222,342240,325,18,1,18000,19.0555555556
341897,342227,342245,330,18,1,18000,19.3333333333
341898,342243,342261,345,18,1,18000,20.1666666667
341898,342238,342256,340,18,1,18000,19.8888888889
341899,342249,342267,350,18,1,18000,20.4444444444
341899,342254,342272,355,18,1,18000,20.7222222222
341899,342259,342276,360,17,1,18000,22.1764705882
341899,342265,342281,366,16,1,18000,23.875
341900,342281,342299,381,18,1,18000,22.1666666667
341900,342286,342302,386,16,1,18000,25.125
341900,342270,342287,370,17,1,18000,22.7647058824
341900,342275,342292,375,17,1,18000,23.0588235294
341901,342302,342320,401,18,1,18000,23.2777777778
341901,342297,342314,396,17,1,18000,24.2941176471
341901,342291,342310,390,19,1,18000,21.5263157895
341902,342313,342331,411,18,1,18000,23.8333333333
341902,342318,342336,416,18,1,18000,24.1111111111
341902,342323,351599,421,9276,1,18000,1.04538594222
341902,342307,342324,405,17,1,18000,24.8235294118
341903,342329,342347,426,18,1,18000,24.6666666667
341903,342342,342359,439,17,1,18000,26.8235294118
341903,342348,342364,445,16,1,18000,28.8125
341904,342353,342371,449,18,1,18000,25.9444444444
341904,342358,342375,454,17,1,18000,27.7058823529
341904,342364,342379,460,15,1,18000,31.6666666667
341905,342375,342391,470,16,1,18000,30.375
341905,342369,342386,464,17,1,18000,28.2941176471
341905,342385,342401,480,16,1,18000,31.0
341905,342380,342397,475,17,1,18000,28.9411764706
341906,342391,342409,485,18,1,18000,27.9444444444
341906,342396,342413,490,17,1,18000,29.8235294118
341906,342402,342420,496,18,1,18000,28.5555555556
341907,342407,342425,500,18,1,18000,28.7777777778
341907,342413,342429,506,16,1,18000,32.625
341907,342418,342434,511,16,1,18000,32.9375
341907,342423,342441,516,18,1,18000,29.6666666667
341908,342439,342456,531,17,1,18000,32.2352941176
341908,342429,342446,521,17,1,18000,31.6470588235
341908,342434,342451,526,17,1,18000,31.9411764706
341909,342450,342468,541,18,1,18000,31.0555555556
341909,342455,342473,546,18,1,18000,31.3333333333
341909,342445,342462,536,17,1,18000,32.5294117647
341910,342471,342489,561,18,1,18000,32.1666666667
341910,342466,342483,556,17,1,18000,33.7058823529
341910,342461,342477,551,16,1,18000,35.4375
341910,342477,342494,567,17,1,18000,34.3529411765
341911,342482,342499,571,17,1,18000,34.5882352941
341911,342488,342503,577,15,1,18000,39.4666666667
341911,342493,342512,582,19,1,18000,31.6315789474
341912,342503,342524,591,21,1,18000,29.1428571429
341912,342509,342525,597,16,1,18000,38.3125
341912,342514,342532,602,18,1,18000,34.4444444444
341912,342498,342519,586,21,1,18000,28.9047619048
341913,342520,342537,607,17,1,18000,36.7058823529
341913,342525,342543,612,18,1,18000,35.0
341913,342530,342548,617,18,1,18000,35.2777777778
341914,342555,351836,641,9281,1,18000,1.06906583342
341914,342550,342568,636,18,1,18000,36.3333333333
341914,342536,342554,622,18,1,18000,35.5555555556
341914,342541,342558,627,17,1,18000,37.8823529412
341915,342561,351826,646,9265,1,18000,1.06972477064
342116,393065,468792,50949,75727,30,172800,1.67279834141
342311,342337,342338,26,1,1,60,2.7
342446,342566,385774,120,43208,1,43200,1.00277726347
343252,343259,415283,7,72024,4,72000,1.00009718983
343311,343317,379342,6,36025,1,36000,1.00016655101
343461,343467,343477,6,10,1,240,1.6
343715,343721,386963,6,43242,1,43200,1.00013875399
348369,348375,348377,6,2,1,3540,1.0
353775,353781,353786,6,5,24,32400,1.1
354197,354203,357812,6,3609,1,3600,1.00166251039
357750,357756,357764,6,8,1,1800,1.4
357904,357910,357986,6,76,1,1800,1.07894736842
357924,357930,358039,6,109,1,3600,1.05504587156
358172,358179,358429,7,250,1,3600,1.028
358192,358198,358283,6,85,1,1800,1.07058823529
358672,358678,359244,6,566,1,3600,1.01060070671
358719,358725,359093,6,368,1,1800,1.01630434783
359702,359708,359715,6,7,1,1800,1.3
359734,359740,359745,6,5,1,3600,1.1
359857,359863,359900,6,37,1,1800,1.16216216216
359858,359870,359953,12,83,1,3600,1.14457831325
360090,360096,360335,6,239,1,3600,1.02510460251
360114,360120,360194,6,74,1,1800,1.08108108108
360637,360643,361102,6,459,1,3600,1.01307189542
360781,360787,361034,6,247,1,1800,1.02429149798
364784,364791,365675,7,884,1,18000,1.00791855204
366618,366624,367505,6,881,1,18000,1.00681044268
367762,468803,520376,101041,51573,30,172800,2.95918406918
367893,367900,372803,7,4903,4,259200,1.00142769733
367953,367970,377290,17,9320,1,18000,1.00182403433
367953,367959,377284,6,9325,1,18000,1.00064343164
367953,367965,377261,12,9296,1,18000,1.0012908778
367954,367982,377332,28,9350,1,18000,1.00299465241
367954,367987,377300,33,9313,1,18000,1.00354343391
367954,367976,377296,22,9320,1,18000,1.00236051502
367955,368009,377302,54,9293,1,18000,1.00581082535
367955,367998,377312,43,9314,1,18000,1.00461670603
367955,367993,377309,38,9316,1,18000,1.00407900386
367955,368004,377326,49,9322,1,18000,1.00525638275
367956,368015,377343,59,9328,1,18000,1.00632504288
367956,368026,377318,70,9292,1,18000,1.00753336203
367956,368020,377316,64,9296,1,18000,1.00688468158
367957,368048,377362,91,9314,1,18000,1.00977023835
367957,368031,377325,74,9294,1,18000,1.0079621261
367957,368042,377338,85,9296,1,18000,1.00914371773
367957,368036,377390,79,9354,1,18000,1.00844558478
367958,368059,377355,101,9296,1,18000,1.01086488812
367958,368064,377355,106,9291,1,18000,1.01140889032
367958,368053,377366,95,9313,1,18000,1.01020079459
367959,368081,377374,122,9293,1,18000,1.01312816098
367959,368070,377369,111,9299,1,18000,1.01193676739
367959,368075,377379,116,9304,1,18000,1.0124677558
367960,368097,377432,137,9335,1,18000,1.01467595072
367960,368091,377365,131,9274,1,18000,1.01412551218
367960,368086,377394,126,9308,1,18000,1.01353674259
367960,368102,377405,142,9303,1,18000,1.01526389337
367961,368119,377497,158,9378,1,18000,1.01684794199
367961,368108,377446,147,9338,1,18000,1.01574212894
367961,368113,377451,152,9338,1,18000,1.0162775755
367962,368141,377421,179,9280,1,18000,1.0192887931
367962,368124,377443,162,9319,1,18000,1.01738383947
367962,368136,377450,174,9314,1,18000,1.01868155465
367962,368129,377433,167,9304,1,18000,1.01794926913
367963,368146,377446,183,9300,1,18000,1.01967741935
367963,368157,377447,194,9290,1,18000,1.02088266954
367963,368152,377431,189,9279,1,18000,1.0203685742
367963,368163,377473,200,9310,1,18000,1.02148227712
367964,368168,377493,204,9325,1,18000,1.0218766756
367964,368184,377498,220,9314,1,18000,1.02362035645
367964,368174,377455,210,9281,1,18000,1.0226268721
367965,368195,377477,230,9282,1,18000,1.02477914243
367965,368200,377570,235,9370,1,18000,1.02508004269
367965,368189,377489,224,9300,1,18000,1.02408602151
367966,368211,377514,245,9303,1,18000,1.02633559067
367966,368216,377531,250,9315,1,18000,1.02683843264
367966,368222,377539,256,9317,1,18000,1.02747665558
367966,368206,377519,240,9313,1,18000,1.02577042843
367967,368233,377553,266,9320,1,18000,1.02854077253
367967,368227,377586,260,9359,1,18000,1.02778074581
367967,368238,377538,271,9300,1,18000,1.02913978495
367968,368254,377556,286,9302,1,18000,1.03074607611
367968,368260,377551,292,9291,1,18000,1.03142826391
367968,368249,377543,281,9294,1,18000,1.03023455993
367968,368244,377597,276,9353,1,18000,1.02950924837
367969,368266,377572,297,9306,1,18000,1.03191489362
367969,368276,377560,307,9284,1,18000,1.03306764326
367969,368271,377609,302,9338,1,18000,1.03234097237
367970,368290,377572,320,9282,1,18000,1.03447532859
367970,368285,377575,315,9290,1,18000,1.03390742734
367970,368296,377580,326,9284,1,18000,1.03511417492
367970,368302,377609,332,9307,1,18000,1.03567207478
367971,368318,377621,347,9303,1,18000,1.03729979576
367971,368309,377596,338,9287,1,18000,1.0363949607
367971,368324,377606,353,9282,1,18000,1.03803059685
367972,368329,377594,357,9265,1,18000,1.03853211009
367972,368334,377634,362,9300,1,18000,1.03892473118
367972,368340,377658,368,9318,1,18000,1.03949345353
367973,368362,377637,389,9275,1,18000,1.04194070081
367973,368345,377639,372,9294,1,18000,1.04002582311
367973,368356,377672,383,9316,1,18000,1.04111206526
367973,368351,377646,378,9295,1,18000,1.04066702528
367974,368372,377717,398,9345,1,18000,1.04258962012
367974,368378,377705,404,9327,1,18000,1.04331510668
367974,368367,377636,393,9269,1,18000,1.04239939584
367975,368394,377689,419,9295,1,18000,1.04507799892
367975,368383,377676,408,9293,1,18000,1.04390401377
367975,368389,377662,414,9273,1,18000,1.04464574571
367976,368405,377703,429,9298,1,18000,1.04613895461
367976,368410,377696,434,9286,1,18000,1.04673702348
367976,368400,377690,424,9290,1,18000,1.04564047363
367976,368416,377729,440,9313,1,18000,1.04724578546
367977,368432,377706,455,9274,1,18000,1.04906189347
367977,368427,377726,450,9299,1,18000,1.04839230025
367977,368421,377736,444,9315,1,18000,1.04766505636
367978,368443,377729,465,9286,1,18000,1.0500753823
367978,368448,377784,470,9336,1,18000,1.05034275921
367978,368437,377753,459,9316,1,18000,1.04927007299
367979,368454,377736,475,9282,1,18000,1.05117431588
367979,368470,377781,491,9311,1,18000,1.05273332617
367979,368464,377780,485,9316,1,18000,1.05206097037
367979,368459,377774,480,9315,1,18000,1.05152979066
367980,368475,377856,495,9381,1,18000,1.05276622961
367980,368487,377779,507,9292,1,18000,1.054563065
367980,368481,377825,501,9344,1,18000,1.05361729452
367981,368497,377812,516,9315,1,18000,1.05539452496
367981,368492,377806,511,9314,1,18000,1.05486364612
367981,368508,377775,527,9267,1,18000,1.05686845797
367981,368503,377813,522,9310,1,18000,1.05606874329
367982,368513,377794,531,9281,1,18000,1.05721366232
367982,377371,386687,9389,9316,1,18000,2.00783598111
367982,377377,386667,9395,9290,1,18000,2.01130247578
367983,377394,386685,9411,9291,1,18000,2.0129157249
367983,377389,386685,9406,9296,1,18000,2.01183304647
367983,377382,386668,9399,9286,1,18000,2.01216885634
367984,377424,386734,9440,9310,1,18000,2.01396348013
367984,377419,386699,9435,9280,1,18000,2.01670258621
367984,377413,386742,9429,9329,1,18000,2.01071926251
367984,377399,386691,9415,9292,1,18000,2.01323719328
367985,377435,386789,9450,9354,1,18000,2.0102629891
367985,377440,386702,9455,9262,1,18000,2.020837832
367985,377429,386718,9444,9289,1,18000,2.01668640327
367986,377464,386771,9478,9307,1,18000,2.01837326743
367986,377458,386770,9472,9312,1,18000,2.01718213058
367986,377453,386750,9467,9297,1,18000,2.01828546843
367986,377446,386710,9460,9264,1,18000,2.02115716753
367987,377482,386767,9495,9285,1,18000,2.02261712439
367987,377475,386825,9488,9350,1,18000,2.01475935829
367987,377469,386739,9482,9270,1,18000,2.02286947141
367988,377488,386778,9500,9290,1,18000,2.02260495156
367988,377493,386779,9505,9286,1,18000,2.02358388973
371025,371031,377229,6,6198,12,43200,1.00096805421
371085,371091,379198,6,8107,12,50400,1.00074010115
372780,372786,466264,6,93478,4,259200,1.00006418623
372800,372806,466264,6,93458,4,259200,1.00006419996
373080,373087,373359,7,272,1,3540,1.02573529412
373491,373497,375665,6,2168,1,3540,1.00276752768
373571,373578,373766,7,188,1,3540,1.03723404255
373623,373629,373910,6,281,1,3540,1.02135231317
373672,373680,373970,8,290,1,3540,1.0275862069
373745,373751,373992,6,241,1,3540,1.02489626556
373794,373800,374100,6,300,1,3540,1.02
373843,373850,374361,7,511,1,3540,1.01369863014
373896,373903,374435,7,532,1,3540,1.01315789474
373946,373952,374452,6,500,1,3540,1.012
373995,374001,374535,6,534,1,3540,1.01123595506
374073,374079,374644,6,565,1,3540,1.01061946903
374274,374280,374553,6,273,1,3540,1.02197802198
374529,374536,374720,7,184,1,3540,1.03804347826
374579,374586,374715,7,129,1,3540,1.05426356589
375017,375024,375050,7,26,1,43200,1.26923076923
375091,375098,379454,7,4356,1,43200,1.00160697888
375112,375118,375165,6,47,1,43200,1.12765957447
375133,375139,375149,6,10,1,43200,1.6
375180,375187,375202,7,15,1,43200,1.46666666667
375218,375225,379457,7,4232,1,43200,1.00165406427
375237,375243,379460,6,4217,1,43200,1.00142281243
376094,376101,412138,7,36037,1,36000,1.0001942448
376183,376190,412210,7,36020,1,36000,1.00019433648
376195,376202,412214,7,36012,1,36000,1.00019437965
376206,376212,376413,6,201,1,86400,1.02985074627
376206,376223,376417,17,194,1,86400,1.08762886598
376206,376218,376415,12,197,1,86400,1.06091370558
376207,376236,376423,29,187,1,86400,1.1550802139
376207,376231,376419,24,188,1,86400,1.12765957447
376406,376428,377017,22,589,8,21600,1.03735144312
376705,376711,482245,6,105534,1,172800,1.00005685372
376705,376717,480894,12,104177,1,172800,1.00011518857
376706,376729,480285,23,103556,1,172800,1.00022210205
376706,376722,481374,16,104652,1,172800,1.00015288767
376707,376735,480457,28,103722,1,172800,1.00026995237
377001,377242,380702,241,3460,12,86400,1.06965317919
377040,377302,385362,262,8060,12,21600,1.03250620347
377086,377336,395791,250,18455,8,28800,1.01354646437
377385,377407,482878,22,105471,1,172800,1.00020858814
377512,377519,385013,7,7494,1,14400,1.0009340806
377554,377592,408552,38,30960,24,32400,1.00122739018
377607,377614,384971,7,7357,1,14400,1.00095147479
377660,377667,385028,7,7361,1,14400,1.00095095775
377718,377726,449731,8,72005,4,72000,1.0001111034
377742,377749,385059,7,7310,1,25200,1.00095759234
377806,377813,385296,7,7483,1,25200,1.0009354537
377859,377865,385243,6,7378,1,25200,1.00081322852
377880,377886,377889,6,3,16,72000,1.0
377993,377999,385362,6,7363,1,25200,1.00081488524
378124,378131,385652,7,7521,1,14400,1.0009307273
378612,378618,440193,6,61575,12,86400,1.00009744214
378873,378880,382763,7,3883,1,14400,1.00180272985
378883,378890,422140,7,43250,1,43200,1.00016184971
378902,378908,451042,6,72134,16,72000,1.00008317853
378922,378929,386386,7,7457,1,504000,1.0009387153
379332,379338,401579,6,22241,6,32399,1.00026977204
379425,379431,411863,6,32432,6,32399,1.00018500247
379523,379529,379657,6,128,1,43200,1.046875
379589,379595,451609,6,72014,16,72000,1.00008331713
379592,379601,379660,9,59,1,43200,1.15254237288
379671,379678,379679,7,1,1,600,1.0
379680,379687,380952,7,1265,1,43200,1.00553359684
379708,379714,380952,6,1238,1,43200,1.00484652666
379717,379724,380953,7,1229,1,43200,1.00569568755
379911,379917,379918,6,1,1,600,1.0
379932,379938,379939,6,1,1,600,1.0
380124,419613,421689,39489,2076,6,32399,20.0216763006
380525,420706,422081,40181,1375,6,32399,30.2225454545
380577,380583,381233,6,650,1,600,1.00923076923
380710,381615,395835,905,14220,20,17999,1.06364275668
380713,391130,434572,10417,43442,12,86400,1.23979098568
380926,385374,391118,4448,5744,20,21599,1.77437325905
381004,386800,395823,5796,9023,20,21599,1.64235841738
381034,393623,414622,12589,20999,1,36000,1.59950473832
381216,391135,400124,9919,8989,12,86400,2.10345978418
381292,393250,401913,11958,8663,12,86400,2.38035322637
381399,401925,411429,20526,9504,12,86400,3.15972222222
381435,381441,381444,6,3,1,600,1.0
381467,411441,420695,29974,9254,12,86400,4.23903177005
381477,381973,383375,496,1402,1,3600,1.35378031384
381565,381573,381960,8,387,1,1800,1.02067183463
381956,421239,461882,39283,40643,1,43200,1.96653790321
382095,382775,383176,680,401,1,1800,2.6957605985
382121,382155,385192,34,3037,4,3600,1.01119525848
382153,382824,382825,671,1,1,7200,67.2
382154,382870,383051,716,181,1,7200,4.95580110497
382154,382996,383009,842,13,1,7200,65.7692307692
382154,382905,382983,751,78,1,7200,10.6282051282
382154,382838,382893,684,55,1,7200,13.4363636364
382154,382857,382858,703,1,1,7200,70.4
382155,383188,384478,1033,1290,1,7200,1.8007751938
382155,383064,383527,909,463,1,7200,2.96328293737
382155,383022,383023,867,1,1,7200,86.8
382155,383325,390551,1170,7226,1,7200,1.16191530584
382155,383035,383312,880,277,1,7200,4.17689530686
382156,384913,384914,2757,1,1,7200,275.8
382156,383400,384959,1244,1559,1,7200,1.79794740218
382156,384922,384924,2766,2,1,7200,276.8
382156,383387,383388,1231,1,1,7200,123.2
382157,384967,384969,2810,2,1,7200,281.2
382157,384954,384955,2797,1,1,7200,279.8
382157,384938,384942,2781,4,1,7200,278.5
382157,384930,388574,2773,3644,1,7200,1.76097694841
382158,384988,392229,2830,7241,1,7200,1.39082999586
382158,384996,386017,2838,1021,1,7200,3.77962781587
382158,384975,384977,2817,2,1,7200,281.9
382158,385002,385003,2844,1,1,7200,284.5
382159,385040,385052,2881,12,1,7200,241.083333333
382159,385380,385381,3221,1,1,7200,322.2
382159,385064,385066,2905,2,1,7200,290.7
382159,385015,392229,2856,7214,1,7200,1.3958968672
382159,385026,385511,2867,485,1,7200,6.91134020619
382160,385393,385394,3233,1,1,7200,323.4
382160,385385,385762,3225,377,1,7200,9.55437665782
382160,385406,386282,3246,876,1,7200,4.70547945205
382160,385453,385454,3293,1,1,7200,329.4
382161,385458,385459,3297,1,1,7200,329.8
382161,385477,385478,3316,1,1,7200,331.7
382161,385469,385559,3308,90,1,7200,37.7555555556
382162,385483,385719,3321,236,1,7200,15.0720338983
382162,385488,387538,3326,2050,1,7200,2.62243902439
382162,385511,385512,3349,1,1,7200,335.0
382162,385519,385522,3357,3,1,7200,336.0
382162,385496,385507,3334,11,1,7200,304.090909091
382163,385532,387021,3369,1489,1,7200,3.26259234385
382163,385553,392786,3390,7233,1,7200,1.46868519287
382163,385545,392776,3382,7231,1,7200,1.46770847739
382164,385571,385573,3407,2,1,7200,340.9
382164,385731,385735,3567,4,1,7200,357.1
382164,385664,385756,3500,92,1,7200,39.0434782609
382164,385585,386074,3421,489,1,7200,7.99591002045
382165,385786,385801,3621,15,1,7200,242.4
382165,385805,385807,3640,2,1,7200,364.2
382165,385769,385799,3604,30,1,7200,121.133333333
382165,385748,385879,3583,131,1,7200,28.3511450382
382165,385777,385792,3612,15,1,7200,241.8
382166,385812,386907,3646,1095,1,7200,4.3296803653
382166,385819,387827,3653,2008,1,7200,2.81922310757
382166,385824,385845,3658,21,1,7200,175.19047619
382166,385858,385884,3692,26,1,7200,143.0
382167,385899,386845,3732,946,1,7200,4.94503171247
382167,385892,385893,3725,1,1,7200,372.6
382167,385959,385961,3792,2,1,7200,379.4
382167,385906,385946,3739,40,1,7200,94.475
382168,385985,386001,3817,16,1,7200,239.5625
382168,386029,393238,3861,7209,1,7200,1.53558052434
382168,386013,386018,3845,5,1,7200,385.0
382168,386036,386227,3868,191,1,7200,21.2513089005
382169,386269,393507,4100,7238,1,7200,1.56645482177
382169,386240,393462,4071,7222,1,7200,1.56369426752
382169,386086,386256,3917,170,1,7200,24.0411764706
382169,386309,387158,4140,849,1,7200,5.87632508834
382169,386295,386297,4126,2,1,7200,412.8
382170,393452,393485,11282,33,1,7200,342.878787879
382170,393458,393611,11288,153,1,7200,74.7777777778
382170,393498,396509,11328,3011,1,7200,4.76220524743
382170,393463,400693,11293,7230,1,7200,2.56196403873
382171,396521,396523,14350,2,1,7200,1435.2
382172,396728,396730,14556,2,1,7200,1455.8
382172,396596,396667,14424,71,1,7200,204.154929577
382172,396679,396716,14507,37,1,7200,393.081081081
382172,396744,396811,14572,67,1,7200,218.492537313
382173,396824,397053,14651,229,1,7200,64.9781659389
382173,400142,400143,17969,1,1,7200,1797.0
382173,397065,404297,14892,7232,1,7200,3.05918141593
382173,400148,401864,17975,1716,1,7200,11.4749417249
382174,400153,403059,17979,2906,1,7200,7.18685478321
382174,400181,400182,18007,1,1,7200,1800.8
382174,400158,400159,17984,1,1,7200,1798.5
382175,400197,400199,18022,2,1,7200,1802.4
382175,400189,400190,18014,1,1,7200,1801.5
382175,400220,400267,18045,47,1,7200,384.936170213
382175,400212,400281,18037,69,1,7200,262.405797101
382176,400279,401431,18103,1152,1,7200,16.7144097222
382176,400293,400911,18117,618,1,7200,30.3155339806
382176,400705,400726,18529,21,1,7200,883.333333333
382176,400738,400814,18562,76,1,7200,245.236842105
382177,401444,401454,19267,10,1,7200,1927.7
382177,400827,400829,18650,2,1,7200,1865.2
382177,400841,401693,18664,852,1,7200,22.9061032864
382177,400923,401559,18746,636,1,7200,30.4748427673
382177,401466,401468,19289,2,1,7200,1929.1
382178,403071,403073,20893,2,1,7200,2089.5
382178,401480,401553,19302,73,1,7200,265.410958904
382178,403085,403184,20907,99,1,7200,212.181818182
382178,401573,403593,19395,2020,1,7200,10.6014851485
382178,401565,408785,19387,7220,1,7200,3.6851800554
382179,403196,403332,21017,136,1,7200,155.536764706
382179,403344,403346,21165,2,1,7200,2116.7
382180,403440,404522,21260,1082,1,7200,20.6487985213
382181,403605,406205,21424,2600,1,7200,9.24
382181,404310,404430,22129,120,1,7200,185.408333333
382181,404457,404844,22276,387,1,7200,58.5607235142
382181,404534,404569,22353,35,1,7200,639.657142857
382181,404442,404445,22261,3,1,7200,2226.4
382182,404873,404938,22691,65,1,7200,350.092307692
382182,404856,404860,22674,4,1,7200,2267.8
382182,404727,404729,22545,2,1,7200,2254.7
382182,404581,404714,22399,133,1,7200,169.413533835
382182,404742,404922,22560,180,1,7200,126.333333333
382183,404937,404940,22754,3,1,7200,2275.7
382183,404952,405583,22769,631,1,7200,37.0839936609
382183,404931,405162,22748,231,1,7200,99.4761904762
382183,404944,405081,22761,137,1,7200,167.138686131
382184,405253,405324,23069,71,1,7200,325.915492958
382184,405066,409597,22882,4531,1,7200,6.05009931582
382184,405175,405275,22991,100,1,7200,230.91
382184,405093,405240,22909,147,1,7200,156.843537415
382184,404959,405053,22775,94,1,7200,243.287234043
382185,405596,405755,23411,159,1,7200,148.238993711
382185,405332,405731,23147,399,1,7200,59.0125313283
382185,405340,405666,23155,326,1,7200,72.027607362
382185,405307,405319,23122,12,1,7200,1927.83333333
382185,405287,405294,23102,7,1,7200,2310.9
382186,408336,408537,26150,201,1,7200,131.099502488
382186,408798,408863,26612,65,1,7200,410.415384615
382186,408550,408793,26364,243,1,7200,109.49382716
382187,408854,409011,26667,157,1,7200,170.853503185
382187,408876,408881,26689,5,1,7200,2669.4
382188,409023,409339,26835,316,1,7200,85.9208860759
382188,409351,416559,27163,7208,1,7200,4.76845172031
382188,408894,408927,26706,33,1,7200,810.272727273
382188,408939,416167,26751,7228,1,7200,4.70102379635
382189,409609,411012,27420,1403,1,7200,20.5438346401
382189,411024,411140,28835,116,1,7200,249.577586207
382189,411152,411714,28963,562,1,7200,52.5355871886
382189,410775,413692,28586,2917,1,7200,10.7997943092
382190,411881,412533,29691,652,1,7200,46.5383435583
382190,411860,416710,29670,4850,1,7200,7.1175257732
382190,411866,412255,29676,389,1,7200,77.2879177378
382190,411447,412057,29257,610,1,7200,48.962295082
382190,411727,412384,29537,657,1,7200,45.9573820396
382191,412078,412867,29887,789,1,7200,38.8795944233
382191,412150,412257,29959,107,1,7200,280.990654206
382191,411887,412066,29696,179,1,7200,166.899441341
382191,412069,412382,29878,313,1,7200,96.4568690096
382192,412376,412938,30184,562,1,7200,54.7081850534
382192,412231,415838,30039,3607,1,7200,9.32797338508
382192,412267,414435,30075,2168,1,7200,14.8722324723
382192,412223,412364,30031,141,1,7200,213.985815603
382192,412275,419521,30083,7246,1,7200,5.15166988683
382193,412394,419601,30201,7207,1,7200,5.19050922714
382193,412413,412625,30220,212,1,7200,143.547169811
382193,412420,412423,30227,3,1,7200,3023.0
382193,412399,412406,30206,7,1,7200,3021.3
382193,412405,412430,30212,25,1,7200,1209.48
382194,412637,412696,30443,59,1,7200,516.983050847
382194,412442,412960,30248,518,1,7200,59.3938223938
382194,412546,412922,30352,376,1,7200,81.7234042553
382194,412435,412655,30241,220,1,7200,138.459090909
382195,421701,421711,39506,10,1,7200,3951.6
382195,412708,413890,30513,1182,1,7200,26.8147208122
382195,421712,421798,39517,86,1,7200,460.5
382195,412667,419901,30472,7234,1,7200,5.21233066077
382195,421706,422381,39511,675,1,7200,59.5348148148
382196,421736,421770,39540,34,1,7200,1163.94117647
382196,421729,421747,39533,18,1,7200,2197.27777778
382196,421718,428925,39522,7207,1,7200,6.48383516026
382196,421723,421921,39527,198,1,7200,200.631313131
382197,421759,421865,39562,106,1,7200,374.226415094
382197,421810,421817,39613,7,1,7200,3962.0
382197,421877,422204,39680,327,1,7200,122.345565749
382197,421782,421903,39585,121,1,7200,328.148760331
382197,421829,421874,39632,45,1,7200,881.711111111
382198,421975,422078,39777,103,1,7200,387.184466019
382198,422091,422137,39893,46,1,7200,868.239130435
382198,421934,422252,39736,318,1,7200,125.955974843
382198,421916,422267,39718,351,1,7200,114.156695157
382198,421887,421963,39689,76,1,7200,523.223684211
382199,424074,424212,41875,138,1,7200,304.442028986
382199,422279,422304,40080,25,1,7200,1604.2
382199,422316,423318,40117,1002,1,7200,41.0369261477
382199,424225,424840,42026,615,1,7200,69.3349593496
382200,425913,425998,43713,85,1,7200,515.270588235
382200,424886,425735,42686,849,1,7200,51.2779740872
382200,425747,425901,43547,154,1,7200,283.772727273
382200,424853,424874,42653,21,1,7200,2032.0952381
382201,426011,426013,43810,2,1,7200,4381.2
382202,426086,426119,43884,33,1,7200,1330.81818182
382202,426131,426243,43929,112,1,7200,393.223214286
382202,426255,426305,44053,50,1,7200,882.06
382203,434158,434179,51955,21,1,7200,2475.04761905
382203,426900,434146,44697,7246,1,7200,7.16850676235
382203,426318,426701,44115,383,1,7200,116.182767624
382203,426713,426842,44510,129,1,7200,346.03875969
382203,426854,426888,44651,34,1,7200,1314.26470588
382204,434371,434390,52167,19,1,7200,2746.63157895
382204,434271,434294,52067,23,1,7200,2264.7826087
382204,434209,434259,52005,50,1,7200,1041.1
382204,434192,434197,51988,5,1,7200,5199.3
382204,434307,434359,52103,52,1,7200,1002.98076923
382205,434441,441687,52236,7246,1,7200,8.20894286503
382205,434436,434824,52231,388,1,7200,135.615979381
382205,434402,439716,52197,5314,1,7200,10.8225442228
382205,434446,434469,52241,23,1,7200,2272.34782609
382206,434463,434469,52257,6,1,7200,5226.3
382206,434452,438382,52246,3930,1,7200,14.2941475827
382206,434473,434617,52267,144,1,7200,363.965277778
382206,434468,441688,52262,7220,1,7200,8.23850415512
382206,434457,434470,52251,13,1,7200,4020.30769231
382207,434486,434703,52279,217,1,7200,241.917050691
382207,434585,434650,52378,65,1,7200,806.815384615
382207,434493,436558,52286,2065,1,7200,26.3200968523
382207,434481,434899,52274,418,1,7200,126.057416268
382208,434612,434622,52404,10,1,7200,5241.4
382208,434606,434623,52398,17,1,7200,3083.23529412
382208,434590,434831,52382,241,1,7200,218.352697095
382208,434601,441815,52393,7214,1,7200,8.26268367064
382208,434596,434605,52388,9,1,7200,5239.7
382209,434647,435017,52438,370,1,7200,142.724324324
382209,434641,434662,52432,21,1,7200,2497.76190476
382209,434662,434806,52453,144,1,7200,365.256944444
382209,434636,435510,52427,874,1,7200,60.9851258581
382209,434624,441856,52415,7232,1,7200,8.24764933628
382210,434674,434691,52464,17,1,7200,3087.11764706
382210,434715,434787,52505,72,1,7200,730.236111111
382210,434703,436220,52493,1517,1,7200,35.6031641397
382210,434799,435117,52589,318,1,7200,166.374213836
382211,434861,434912,52650,51,1,7200,1033.35294118
382211,434911,436276,52700,1365,1,7200,39.6080586081
382211,434844,434849,52633,5,1,7200,5263.8
382211,434818,435048,52607,230,1,7200,229.726086957
382211,434836,435087,52625,251,1,7200,210.661354582
382212,434941,436831,52729,1890,1,7200,28.8989417989
382212,435029,435088,52817,59,1,7200,896.203389831
382212,435060,435096,52848,36,1,7200,1469.0
382212,434924,434929,52712,5,1,7200,5271.7
382213,435129,435182,52916,53,1,7200,999.41509434
382213,435112,435353,52899,241,1,7200,220.497925311
382213,435100,435104,52887,4,1,7200,5289.1
382213,435119,435196,52906,77,1,7200,688.090909091
382213,435105,435122,52892,17,1,7200,3112.29411765
382214,435194,437309,52980,2115,1,7200,26.0496453901
382214,435228,435241,53014,13,1,7200,4079.0
382214,435136,435226,52922,90,1,7200,589.022222222
382214,435208,435216,52994,8,1,7200,5300.2
382214,435239,435629,53025,390,1,7200,136.961538462
382215,435462,435823,53247,361,1,7200,148.498614958
382215,435309,435364,53094,55,1,7200,966.345454545
382215,435253,435298,53038,45,1,7200,1179.62222222
382215,435376,435449,53161,73,1,7200,729.232876712
382215,435366,437705,53151,2339,1,7200,23.7238135956
382216,435769,435789,53553,20,1,7200,2678.65
382216,435523,442761,53307,7238,1,7200,8.36487980105
382216,435743,435757,53527,14,1,7200,3824.35714286
382216,435642,435730,53426,88,1,7200,608.113636364
382217,435801,436385,53584,584,1,7200,92.7534246575
382217,436274,436311,54057,37,1,7200,1462.0
382217,435835,436036,53618,201,1,7200,267.756218905
382217,436049,443261,53832,7212,1,7200,8.46422628952
382217,436232,436261,54015,29,1,7200,1863.5862069
382218,436288,436714,54070,426,1,7200,127.924882629
382218,436570,443811,54352,7241,1,7200,8.50614556001
382218,436653,436665,54435,12,1,7200,4537.25
382218,436398,436641,54180,243,1,7200,223.962962963
382218,436324,437020,54106,696,1,7200,78.7385057471
382219,436786,436811,54567,25,1,7200,2183.68
382219,436762,436774,54543,12,1,7200,4546.25
382219,436727,436750,54508,23,1,7200,2370.91304348
382219,436677,436788,54458,111,1,7200,491.612612613
382220,436900,436985,54680,85,1,7200,644.294117647
382220,436824,437034,54604,210,1,7200,261.019047619
382220,436800,437345,54580,545,1,7200,101.146788991
382220,437003,437188,54783,185,1,7200,297.124324324
382220,436844,436888,54624,44,1,7200,1242.45454545
382221,437200,437265,54979,65,1,7200,846.830769231
382221,437046,444261,54825,7215,1,7200,8.59875259875
382221,437032,437101,54811,69,1,7200,795.362318841
382221,437277,437374,55056,97,1,7200,568.587628866
382221,437113,437567,54892,454,1,7200,121.907488987
382222,437321,437382,55099,61,1,7200,904.262295082
382222,437357,437391,55135,34,1,7200,1622.61764706
382222,437394,437400,55172,6,1,7200,5517.8
382222,437386,437411,55164,25,1,7200,2207.56
382222,437403,437421,55181,18,1,7200,3066.61111111
382223,437432,444678,55209,7246,1,7200,8.61923820039
382223,437439,437469,55216,30,1,7200,1841.53333333
382223,437423,437463,55200,40,1,7200,1381.0
382223,437412,437420,55189,8,1,7200,5519.7
382224,437482,437922,55258,440,1,7200,126.586363636
382224,437579,437607,55355,28,1,7200,1977.96428571
382224,437567,437580,55343,13,1,7200,4258.15384615
382224,437475,437555,55251,80,1,7200,691.6375
382225,437704,437782,55479,78,1,7200,712.269230769
382225,437619,437692,55394,73,1,7200,759.821917808
382225,437794,438323,55569,529,1,7200,106.04536862
382225,437592,437799,55367,207,1,7200,268.473429952
382225,437717,438478,55492,761,1,7200,73.9198423127
382226,437977,438057,55751,80,1,7200,697.8875
382226,437935,437947,55709,12,1,7200,4643.41666667
382226,437959,437964,55733,5,1,7200,5573.8
382226,437811,445026,55585,7215,1,7200,8.70408870409
382227,438343,438401,56116,58,1,7200,968.517241379
382227,438069,438309,55842,240,1,7200,233.675
382227,438322,438327,56095,5,1,7200,5610.0
382227,438336,438349,56109,13,1,7200,4317.07692308
382227,438361,438864,56134,503,1,7200,112.598409543
382228,438490,438672,56262,182,1,7200,310.131868132
382228,438394,438419,56166,25,1,7200,2247.64
382228,438414,438468,56186,54,1,7200,1041.48148148
382228,438480,438520,56252,40,1,7200,1407.3
382228,438432,438586,56204,154,1,7200,365.961038961
382229,438598,438670,56369,72,1,7200,783.902777778
382229,438532,438785,56303,253,1,7200,223.541501976
382229,438682,439002,56453,320,1,7200,177.415625
382229,438689,439128,56460,439,1,7200,129.61047836
382230,438840,446057,56610,7217,1,7200,8.84397949286
382230,438876,438952,56646,76,1,7200,746.342105263
382230,438823,438828,56593,5,1,7200,5659.8
382230,438797,438811,56567,14,1,7200,4041.5
382231,438964,439589,56733,625,1,7200,91.7728
382231,439062,439078,56831,16,1,7200,3552.9375
382231,439030,439049,56799,19,1,7200,2990.42105263
382231,439014,439018,56783,4,1,7200,5678.7
382231,439090,439736,56859,646,1,7200,89.0170278638
382232,439509,439510,57277,1,1,7200,5727.8
382232,439495,439497,57263,2,1,7200,5726.5
382232,439189,439483,56957,294,1,7200,194.731292517
382232,439157,439177,56925,20,1,7200,2847.25
382232,439141,439145,56909,4,1,7200,5691.3
382233,439710,439716,57477,6,1,7200,5748.3
382233,439523,439698,57290,175,1,7200,328.371428571
382233,439628,439870,57395,242,1,7200,238.169421488
382233,439615,439616,57382,1,1,7200,5738.3
382233,439601,439603,57368,2,1,7200,5737.0
382234,439741,441636,57507,1895,1,7200,31.346701847
382234,439733,439744,57499,11,1,7200,5228.18181818
382234,439748,439751,57514,3,1,7200,5751.7
382234,439728,439729,57494,1,1,7200,5749.5
382235,439820,439822,57585,2,1,7200,5758.7
382235,439771,446979,57536,7208,1,7200,8.98224195339
382235,439778,439807,57543,29,1,7200,1985.24137931
382235,439757,439759,57522,2,1,7200,5752.4
382236,439882,439939,57646,57,1,7200,1012.33333333
382236,439834,439835,57598,1,1,7200,5759.9
382236,439861,439919,57625,58,1,7200,994.534482759
382236,439931,439933,57695,2,1,7200,5769.7
382236,439847,439849,57611,2,1,7200,5761.3
382237,439953,439955,57716,2,1,7200,5771.8
382237,439967,439968,57730,1,1,7200,5773.1
382237,439946,439981,57709,35,1,7200,1649.82857143
382237,439980,439981,57743,1,1,7200,5774.4
382237,439993,440071,57756,78,1,7200,741.461538462
382238,439998,440004,57760,6,1,7200,5776.6
382238,440083,440091,57845,8,1,7200,5785.3
382238,440017,440237,57779,220,1,7200,263.631818182
382238,441827,441829,59589,2,1,7200,5959.1
382239,441852,442084,59613,232,1,7200,257.952586207
382239,441940,441942,59701,2,1,7200,5970.3
382239,441880,441928,59641,48,1,7200,1243.52083333
382239,441868,441869,59629,1,1,7200,5963.0
382240,442097,442135,59857,38,1,7200,1576.18421053
382240,442146,442148,59906,2,1,7200,5990.8
382240,441981,442392,59741,411,1,7200,146.355231144
382240,441953,441958,59713,5,1,7200,5971.8
382240,441969,441970,59729,1,1,7200,5973.0
382241,442161,442173,59920,12,1,7200,4994.33333333
382241,442184,442186,59943,2,1,7200,5994.5
382241,442198,442201,59957,3,1,7200,5996.0
382241,442213,449425,59972,7212,1,7200,9.31558513588
382242,442404,442406,60162,2,1,7200,6016.4
382242,442417,442425,60175,8,1,7200,6018.3
382242,442436,442448,60194,12,1,7200,5017.16666667
382242,442459,442461,60217,2,1,7200,6021.9
382242,442473,449688,60231,7215,1,7200,9.34802494802
382243,443203,443209,60960,6,1,7200,6096.6
382243,443172,443192,60929,20,1,7200,3047.45
382243,443157,443160,60914,3,1,7200,6091.7
382243,442778,443146,60535,368,1,7200,165.497282609
382244,443285,443290,61041,5,1,7200,6104.6
382244,443232,443378,60988,146,1,7200,418.726027397
382244,443272,443274,61028,2,1,7200,6103.0
382245,443302,443319,61057,17,1,7200,3592.58823529
382245,443331,443383,61086,52,1,7200,1175.73076923
382245,443390,443436,61145,46,1,7200,1330.23913043
382245,443399,443444,61154,45,1,7200,1359.97777778
382246,443448,443449,61202,1,1,7200,6120.3
382246,443455,443456,61209,1,1,7200,6121.0
382246,443463,443464,61217,1,1,7200,6121.8
382246,443479,443480,61233,1,1,7200,6123.4
382246,443472,450690,61226,7218,1,7200,9.48240509837
382247,443491,450732,61244,7241,1,7200,9.45794779727
382247,443837,444027,61590,190,1,7200,325.157894737
382247,444039,444675,61792,636,1,7200,98.1572327044
382247,443822,443825,61575,3,1,7200,6157.8
382247,444272,451506,62025,7234,1,7200,9.5740945535
382248,444694,444698,62446,4,1,7200,6245.0
382248,444687,444688,62439,1,1,7200,6244.0
382248,444702,444703,62454,1,1,7200,6245.5
382249,444819,444820,62570,1,1,7200,6257.1
382249,444731,444885,62482,154,1,7200,406.727272727
382249,444794,444807,62545,13,1,7200,4812.15384615
382249,444723,444781,62474,58,1,7200,1078.13793103
382250,444945,444946,62695,1,1,7200,6269.6
382250,444848,444906,62598,58,1,7200,1080.27586207
382250,444831,444835,62581,4,1,7200,6258.5
382250,444953,444954,62703,1,1,7200,6270.4
382251,444972,444976,62721,4,1,7200,6272.5
382251,444979,444984,62728,5,1,7200,6273.3
382251,444987,444988,62736,1,1,7200,6273.7
382251,444995,445007,62744,12,1,7200,5229.66666667
382251,445002,445027,62751,25,1,7200,2511.04
382252,445051,447918,62799,2867,1,7200,22.9040809208
382252,445031,445032,62779,1,1,7200,6278.0
382252,445019,445020,62767,1,1,7200,6276.8
382252,445038,445040,62786,2,1,7200,6278.8
382252,445044,445048,62792,4,1,7200,6279.6
382253,445057,452267,62804,7210,1,7200,9.71067961165
382253,445065,445080,62812,15,1,7200,4188.46666667
382253,445092,445108,62839,16,1,7200,3928.4375
382253,445119,445138,62866,19,1,7200,3309.73684211
382254,446069,446072,63815,3,1,7200,6381.8
382254,445189,452428,62935,7239,1,7200,9.69388037022
382254,445164,445165,62910,1,1,7200,6291.1
382254,445176,445177,62922,1,1,7200,6292.3
382254,445151,445153,62897,2,1,7200,6289.9
382255,446083,446084,63828,1,1,7200,6382.9
382255,446095,446096,63840,1,1,7200,6384.1
382255,446119,446140,63864,21,1,7200,3042.14285714
382256,446152,446155,63896,3,1,7200,6389.9
382256,446166,446176,63910,10,1,7200,6392.0
382256,446188,446190,63932,2,1,7200,6393.4
382256,446201,446320,63945,119,1,7200,538.352941176
382257,446346,447328,64089,982,1,7200,66.2637474542
382257,447006,447608,64749,602,1,7200,108.556478405
382257,446991,446995,64734,4,1,7200,6473.8
382257,446333,446334,64076,1,1,7200,6407.7
382258,447341,447423,65083,82,1,7200,794.695121951
382258,447621,447622,65363,1,1,7200,6536.4
382258,447435,447705,65177,270,1,7200,242.396296296
382259,447682,449649,65423,1967,1,7200,34.2602948653
382259,447657,447658,65398,1,1,7200,6539.9
382259,447669,447670,65410,1,1,7200,6541.1
382259,447716,447735,65457,19,1,7200,3446.10526316
382259,447747,449072,65488,1325,1,7200,50.4249056604
382260,447971,447972,65711,1,1,7200,6571.2
382260,447985,449300,65725,1315,1,7200,50.9809885932
382260,449084,449162,66824,78,1,7200,857.717948718
382260,449174,449708,66914,534,1,7200,126.307116105
382260,447929,447959,65669,30,1,7200,2189.96666667
382261,449365,456567,67104,7202,1,7200,10.31741183
382261,449326,449327,67065,1,1,7200,6706.6
382261,449339,449354,67078,15,1,7200,4472.86666667
382261,449311,449315,67050,4,1,7200,6705.4
382262,449720,450000,67458,280,1,7200,241.921428571
382262,449436,449624,67174,188,1,7200,358.308510638
382262,449636,449639,67374,3,1,7200,6737.7
382263,449748,450891,67485,1143,1,7200,60.0419947507
382263,449742,449749,67479,7,1,7200,6748.6
382263,449727,450074,67464,347,1,7200,195.42074928
382263,449766,449768,67503,2,1,7200,6750.5
382264,450085,450087,67821,2,1,7200,6782.3
382264,449794,450713,67530,919,1,7200,74.4820457018
382264,449780,449782,67516,2,1,7200,6751.8
382264,450012,450283,67748,271,1,7200,250.992619926
382264,450099,450144,67835,45,1,7200,1508.44444444
382265,450156,457358,67891,7202,1,7200,10.4266870314
382265,450373,450575,68108,202,1,7200,338.168316832
382265,450309,450361,68044,52,1,7200,1309.53846154
382265,450294,450298,68029,4,1,7200,6803.3
382266,450737,450749,68471,12,1,7200,5706.91666667
382266,450744,450753,68478,9,1,7200,6848.7
382266,450713,451491,68447,778,1,7200,88.9781491003
382266,450586,451091,68320,505,1,7200,136.287128713
382266,450724,450726,68458,2,1,7200,6846.0
382267,450761,453120,68494,2359,1,7200,30.0351844002
382267,450844,450848,68577,4,1,7200,6858.1
382267,450768,450832,68501,64,1,7200,1071.328125
382267,450872,450930,68605,58,1,7200,1183.84482759
382268,450904,450908,68636,4,1,7200,6864.0
382268,450942,450944,68674,2,1,7200,6867.6
382268,450955,451076,68687,121,1,7200,568.661157025
382268,450931,451157,68663,226,1,7200,304.818584071
382269,451152,451343,68883,191,1,7200,361.643979058
382269,451174,451286,68905,112,1,7200,616.223214286
382269,451168,451170,68899,2,1,7200,6890.1
382269,451147,451157,68878,10,1,7200,6888.8
382270,451414,451477,69144,63,1,7200,1098.52380952
382270,451355,451403,69085,48,1,7200,1440.27083333
382270,451441,451443,69171,2,1,7200,6917.3
382270,451298,451429,69028,131,1,7200,527.93129771
382270,451182,451633,68912,451,1,7200,153.798226164
382271,451454,452981,69183,1527,1,7200,46.3064833006
382271,451489,454085,69218,2596,1,7200,27.6633281972
382271,451503,451557,69232,54,1,7200,1283.07407407
382272,451529,451542,69257,13,1,7200,5328.46153846
382272,451581,451613,69309,32,1,7200,2166.90625
382272,451592,458796,69320,7204,1,7200,10.6224319822
382272,451568,451570,69296,2,1,7200,6929.8
382272,451555,451580,69283,25,1,7200,2772.32
382273,451715,452041,69442,326,1,7200,214.012269939
382273,451710,451713,69437,3,1,7200,6944.0
382273,451736,451737,69463,1,1,7200,6946.4
382273,451724,451725,69451,1,1,7200,6945.2
382274,452164,452321,69890,157,1,7200,446.159235669
382274,451748,458956,69474,7208,1,7200,10.6384572697
382274,452279,452280,70005,1,1,7200,7000.6
382274,452053,452151,69779,98,1,7200,713.030612245
382275,452339,452428,70064,89,1,7200,788.235955056
382275,452331,452350,70056,19,1,7200,3688.15789474
382275,452319,452320,70044,1,1,7200,7004.5
382275,452305,452307,70030,2,1,7200,7003.2
382276,452362,459603,70086,7241,1,7200,10.679049855
382276,452455,456432,70179,3977,1,7200,18.6462157405
382276,452445,452450,70169,5,1,7200,7017.4
382276,452440,452444,70164,4,1,7200,7016.8
382277,452564,453082,70287,518,1,7200,136.689189189
382277,452992,453006,70715,14,1,7200,5052.07142857
382277,452549,452552,70272,3,1,7200,7027.5
382277,452462,452537,70185,75,1,7200,936.8
382278,453109,453379,70831,270,1,7200,263.337037037
382278,453132,453201,70854,69,1,7200,1027.86956522
382278,453093,453097,70815,4,1,7200,7081.9
382278,453031,453244,70753,213,1,7200,333.17370892
382278,453017,453019,70739,2,1,7200,7074.1
382279,453256,453487,70977,231,1,7200,308.25974026
382279,453391,453471,71112,80,1,7200,889.9
382279,453224,454203,70945,979,1,7200,73.4668028601
382280,453501,454250,71221,749,1,7200,96.08811749
382281,454152,454154,71871,2,1,7200,7187.3
382281,453544,453567,71263,23,1,7200,3099.39130435
382281,453579,453652,71298,73,1,7200,977.684931507
382281,453663,460890,71382,7227,1,7200,10.8771274388
382281,454097,454140,71816,43,1,7200,1671.13953488
382282,454214,454218,71932,4,1,7200,7193.6
382282,454230,454960,71948,730,1,7200,99.5589041096
382282,454168,455238,71886,1070,1,7200,68.1831775701
382282,454267,454270,71985,3,1,7200,7198.8
382283,454281,455283,71998,1002,1,7200,72.8542914172
382283,454971,454974,72688,3,1,7200,7269.1
382283,454987,454992,72704,5,1,7200,7270.9
382283,455005,455059,72722,54,1,7200,1347.7037037
382284,455070,455256,72786,186,1,7200,392.322580645
382534,418861,424062,36327,5201,4,43200,7.98461834263
383462,383539,384879,77,1340,1,3600,1.05746268657
383514,384491,384909,977,418,1,1800,3.33732057416
384048,384238,385441,190,1203,4,3600,1.15793848712
384050,418866,418867,34816,1,4,43200,3481.7
384063,384892,385499,829,607,1,600,2.36573311367
385121,395863,404919,10742,9056,2,43200,2.18617491166
386260,411876,415152,25616,3276,12,10800,8.81929181929
386588,386595,390221,7,3626,1,3600,1.00193050193
392320,444862,463624,52542,18762,4,36000,3.80044771346
392907,415170,418792,22263,3622,8,3600,7.14660408614
393071,520388,571907,127317,51519,30,172800,3.47126302917
393428,395801,417908,2373,22107,8,28800,1.10734156602
393562,395834,424659,2272,28825,8,28800,1.07882046834
393685,395840,395841,2155,1,8,28800,215.6
393760,395846,408318,2086,12472,8,28800,1.16725465042
393807,445523,531931,51716,86408,1,86400,1.59850939728
393817,395852,415319,2035,19467,8,28800,1.10453588123
393894,395857,406632,1963,10775,8,28800,1.18218097448
394277,395869,416490,1592,20621,8,28800,1.07720285146
394357,400137,408783,5780,8646,8,28800,1.6685172334
394432,401877,430689,7445,28812,8,28800,1.25839927808
394706,415164,501573,20458,86409,12,86400,1.23675774514
395900,421234,596420,25334,175186,2,604800,1.14461201238
396687,412739,418849,16052,6110,20,21599,3.6271685761
396772,413235,421887,16463,8652,20,21599,2.90279704115
396921,416722,465313,19801,48591,16,72000,1.40750344714
399651,420712,462218,21061,41506,4,43200,1.50742061389
399748,441648,462205,41900,20557,4,43200,3.03823515104
403672,405650,405939,1978,289,1,3600,7.84429065744
404324,408330,410758,4006,2428,20,21599,2.64991762768
404359,408565,412727,4206,4162,20,21599,2.01057184046
404378,410769,413223,6391,2454,20,21599,3.6043194784
405026,417920,493330,12894,75410,12,86400,1.17098528047
405108,418803,467810,13695,49007,12,86400,1.27944987451
405300,445533,464538,40233,19005,2,43200,3.11696921863
406129,406136,408676,7,2540,1,3600,1.00275590551
406244,406251,407378,7,1127,1,3600,1.00621118012
406579,411855,412381,5276,526,2,7200,11.030418251
407656,434652,509216,26996,74564,1,86400,1.36205139209
407663,444868,519426,37205,74558,1,86400,1.49900748411
407669,444874,519440,37205,74566,1,86400,1.49895394684
407674,444879,519644,37205,74765,1,86400,1.49762589447
407689,444885,519480,37196,74595,1,86400,1.49863931899
407696,444890,519466,37194,74576,1,86400,1.49873954087
407700,444896,519395,37196,74499,1,86400,1.49928186956
407705,444901,519707,37196,74806,1,86400,1.49723284229
407722,444907,654531,37185,209624,1,234000,1.17738903942
407729,444912,654550,37183,209638,1,234000,1.17736765281
407734,444918,654437,37184,209519,1,234000,1.17747316472
407738,444923,655164,37185,210241,1,234000,1.17686845097
407749,444929,655519,37180,210590,1,234000,1.17655159314
407755,444934,654666,37179,209732,1,234000,1.17726908626
407760,444940,654504,37180,209564,1,234000,1.17741596839
407764,449771,659994,42007,210223,1,234000,1.19982114231
409966,409973,411863,7,1890,8,1800,1.0037037037
411864,415333,417233,3469,1900,8,1800,2.82578947368
413584,445544,454831,31960,9287,1,18000,4.44136965651
415473,418871,453128,3398,34257,12,86400,1.09919140614
418594,422099,422106,3505,7,2,3540,351.2
419975,444958,450678,24983,5720,4,43200,5.36765734266
421162,421899,431475,737,9576,20,28799,1.07696324144
421227,426242,440080,5015,13838,20,28799,1.36240786241
421286,429286,438578,8000,9292,20,28799,1.86095566078
421368,440091,445511,18723,5420,20,21599,4.45442804428
421445,431486,444850,10041,13364,20,17999,1.75134690213
422515,422522,426232,7,3710,8,3600,1.00188679245
422642,440205,498525,17563,58320,12,86400,1.30114883402
423001,438590,469704,15589,31114,24,32400,1.50102847593
423703,445566,454844,21863,9278,1,18000,3.35643457642
423703,445555,454894,21852,9339,1,18000,3.33986508191
423703,445561,454844,21858,9283,1,18000,3.35462673705
423703,445572,454889,21869,9317,1,18000,3.3472147687
423704,445590,454896,21886,9306,1,18000,3.35181603267
423704,445585,454859,21881,9274,1,18000,3.35939184818
423704,445578,454862,21874,9284,1,18000,3.35609651012
423704,445601,454883,21897,9282,1,18000,3.35908209438
423704,445595,454915,21891,9320,1,18000,3.34881974249
423705,447206,455078,23501,7872,1,18000,3.98539126016
423705,447201,455078,23496,7877,1,18000,3.98286149549
423705,447196,455078,23491,7882,1,18000,3.98033494037
423705,449660,455078,25955,5418,1,18000,5.79051310447
423706,449971,455079,26265,5108,1,18000,6.14193422083
423706,450700,455079,26994,4379,1,18000,7.16442110071
423706,450706,455079,27000,4373,1,18000,7.17425108621
423706,450793,455079,27087,4286,1,18000,7.31987867476
423706,449667,455079,25961,5412,1,18000,5.79693274205
423707,451061,455079,27354,4018,1,18000,7.80786460926
423707,450961,455079,27254,4118,1,18000,7.61826129189
423707,451056,455079,27349,4023,1,18000,7.79816057668
423707,451067,455079,27360,4012,1,18000,7.81954137587
423708,451072,455079,27364,4007,1,18000,7.82904916396
423708,451078,455079,27370,4001,1,18000,7.84078980255
423708,451085,455079,27377,3994,1,18000,7.8545317977
423708,451091,455079,27383,3988,1,18000,7.86634904714
423708,451096,455079,27388,3983,1,18000,7.8762239518
423709,451102,455079,27393,3977,1,18000,7.88785516721
423709,451118,455079,27409,3961,1,18000,7.91971724312
423709,451113,455079,27404,3966,1,18000,7.90973272819
423709,451107,455079,27398,3972,1,18000,7.89778449144
423710,451632,455079,27922,3447,1,18000,9.10037713954
423710,451123,455079,27413,3956,1,18000,7.92947421638
423710,451140,455079,27430,3939,1,18000,7.96369636964
423710,451129,455079,27419,3950,1,18000,7.94151898734
423710,451134,455079,27424,3945,1,18000,7.9515842839
423711,451659,455079,27948,3420,1,18000,9.17192982456
423711,451654,455079,27943,3425,1,18000,9.15854014599
423711,451649,455079,27938,3430,1,18000,9.14518950437
423711,451643,455079,27932,3436,1,18000,9.12922002328
423711,451638,455079,27927,3441,1,18000,9.11595466434
423712,451671,455079,27959,3408,1,18000,9.20393192488
423712,451676,455079,27964,3403,1,18000,9.2174551866
423712,451681,455079,27969,3398,1,18000,9.23101824603
423712,451665,455079,27953,3414,1,18000,9.1877562976
423713,451858,455079,28145,3221,1,18000,9.73796957467
423713,451703,455079,27990,3376,1,18000,9.29087677725
423713,451698,455079,27985,3381,1,18000,9.27713694173
423713,451687,455079,27974,3392,1,18000,9.24705188679
423713,451692,455079,27979,3387,1,18000,9.26070268674
423714,453166,455080,29452,1914,1,18000,16.3876698015
423714,453154,455080,29440,1926,1,18000,16.2855659398
423714,452064,455080,28350,3016,1,18000,10.399867374
423714,453160,455080,29446,1920,1,18000,16.3364583333
423715,453177,455080,29462,1903,1,18000,16.4818707304
423715,453188,455080,29473,1892,1,18000,16.5776955603
423715,453171,455080,29456,1909,1,18000,16.4300680985
423715,453194,455080,29479,1886,1,18000,16.6304347826
423715,453183,455080,29468,1897,1,18000,16.5340010543
423716,453217,455080,29501,1863,1,18000,16.8352120236
423716,453212,455080,29496,1868,1,18000,16.7901498929
423716,453205,455080,29489,1875,1,18000,16.7274666667
423716,453199,455080,29483,1881,1,18000,16.6741095162
423717,454862,455080,31145,218,1,18000,143.866972477
423717,454878,455080,31161,202,1,18000,155.262376238
423717,454294,455080,30577,786,1,18000,39.9020356234
423717,454261,455080,30544,819,1,18000,38.2942612943
423717,454871,455080,31154,209,1,18000,150.062200957
423718,454894,455080,31176,186,1,18000,168.612903226
423718,454913,455080,31195,167,1,18000,187.796407186
423718,454902,455080,31184,178,1,18000,176.191011236
423718,454908,455080,31190,172,1,18000,182.337209302
423719,454927,455080,31208,153,1,18000,204.973856209
423719,454941,455080,31222,139,1,18000,225.618705036
424683,445528,447184,20845,1656,3,28800,13.5875603865
426597,430702,434425,4105,3723,8,3600,2.10260542573
428045,445550,510481,17505,64931,4,144000,1.26959387658
429886,434617,434619,4731,2,1,240,473.3
434288,445539,445541,11251,2,4,43200,1125.3
438592,469716,500981,31124,31265,24,32400,1.99549016472
440603,449700,449710,9097,10,1,3600,910.7
448651,449759,449837,1108,78,1,1800,15.2051282051
449824,449847,449960,23,113,1,3600,1.20353982301
450047,450690,450783,643,93,1,1800,7.91397849462
450095,450695,450949,600,254,1,3600,3.36220472441
451189,451621,452053,432,432,1,3600,2.0
451219,451627,451848,408,221,1,1800,2.84615384615
452465,453140,453148,675,8,1,1800,68.3
452551,453148,453154,597,6,1,3600,60.3
453269,454203,454283,934,80,1,3600,12.675
453295,454208,454251,913,43,1,1800,22.2325581395
454421,454843,455083,422,240,1,3600,2.75833333333
454499,454856,454931,357,75,1,1800,5.76
455166,455173,456034,7,861,1,18000,1.0081300813
455337,455343,455716,6,373,1,3600,1.01608579088
455403,455409,455576,6,167,1,1800,1.03592814371
455574,455581,461783,7,6202,12,21600,1.00112866817
455785,455791,459791,6,4000,12,21600,1.0015
455942,455951,456286,9,335,1,3540,1.02686567164
455964,455970,459750,6,3780,12,21600,1.00158730159
456163,456170,456180,7,10,1,3600,1.7
456288,456294,456405,6,111,1,3600,1.05405405405
456429,456436,458640,7,2204,1,3540,1.00317604356
456484,456490,457069,6,579,1,18000,1.0103626943
456515,456522,456706,7,184,1,3540,1.03804347826
456541,456547,456800,6,253,1,3600,1.02371541502
456566,456572,456855,6,283,1,3540,1.02120141343
456615,456621,456922,6,301,1,3540,1.01993355482
456691,456697,456948,6,251,1,3540,1.02390438247
456743,456750,457055,7,305,1,3540,1.02295081967
456794,456800,457310,6,510,1,3540,1.01176470588
456857,456864,457420,7,556,1,3540,1.01258992806
456912,456918,457445,6,527,1,3540,1.01138519924
456971,456977,457509,6,532,1,3540,1.01127819549
457029,457035,457456,6,421,1,3600,1.01425178147
457050,457057,457630,7,573,1,3540,1.01221640489
457264,457270,457563,6,293,1,3540,1.0204778157
457549,457555,458014,6,459,1,18000,1.01307189542
457560,457566,457754,6,188,1,3540,1.03191489362
457619,457626,457765,7,139,1,3540,1.05035971223
457788,457794,458014,6,220,1,18000,1.02727272727
457989,457995,458001,6,6,1,3600,1.2
458023,458029,458895,6,866,1,18000,1.00692840647
458115,458121,458202,6,81,1,3600,1.07407407407
458212,458218,459088,6,870,1,18000,1.00689655172
458332,458339,458579,7,240,1,3600,1.02916666667
458828,458834,459204,6,370,1,3600,1.01621621622
460469,460475,474988,6,14513,8,14400,1.00041342245
462168,462174,565394,6,103220,4,129600,1.00005812827
462186,462193,509233,7,47040,4,129600,1.00014880952
462452,462458,462503,6,45,4,3600,1.13333333333
462548,462554,606585,6,144031,4,144000,1.0000416577
463026,463032,463291,6,259,4,3600,1.02316602317
463191,463197,972475,6,509278,2,604800,1.00001178138
463468,463475,465819,7,2344,4,3600,1.00298634812
463516,463522,535569,6,72047,4,72000,1.00008327897
463563,463570,535585,7,72015,4,72000,1.00009720197
463609,463615,469968,6,6353,4,36000,1.0009444357
463994,464000,464308,6,308,1,300,1.01948051948
464857,464863,468417,6,3554,4,36060,1.0016882386
465092,465098,465100,6,2,2,600,1.0
465846,465852,467314,6,1462,16,72000,1.00410396717
466222,466229,484965,7,18736,4,28800,1.0003736123
466802,466809,538856,7,72047,16,72000,1.0000971588
466943,466949,472933,6,5984,20,17999,1.0010026738
467042,467177,474475,135,7298,20,17999,1.01849821869
467185,467823,474577,638,6754,20,17999,1.09446254072
468424,499593,571612,31169,72019,16,72000,1.43278856968
468730,468736,468809,6,73,1,2880,1.08219178082
468810,571919,623643,103109,51724,30,172800,2.99344598252
468822,468829,479260,7,10431,1,172800,1.0006710766
469144,469150,475136,6,5986,8,7200,1.00100233879
469330,469336,476548,6,7212,4,7200,1.00083194676
469493,511924,540214,42431,28290,2,43200,2.49985860728
469720,502730,533744,33010,31014,24,32400,2.06435803186
470064,496331,532348,26267,36017,4,36000,1.72929449982
470737,476561,481498,5824,4937,2,7200,2.17966376342
471780,471786,475284,6,3498,1,3600,1.00171526587
472092,472944,483270,852,10326,20,21599,1.08251016851
472153,486647,496194,14494,9547,20,21599,2.51817324814
472440,493385,493926,20945,541,20,7199,39.7153419593
473112,496338,532408,23226,36070,4,36060,1.64391461048
473607,486653,743060,13046,256407,1,288000,1.05088004618
473607,488831,627627,15224,138796,1,288000,1.1096861581
473608,493391,781406,19783,288015,1,288000,1.06868739475
473608,496784,784802,23176,288018,1,288000,1.08046719302
473609,499604,539852,25995,40248,1,288000,1.64587060227
473609,499598,540816,25989,41218,1,288000,1.63052549857
473611,499609,787617,25998,288008,1,288000,1.09026832588
473612,499615,525757,26003,26142,1,288000,1.99468288578
473612,509007,797052,35395,288045,1,288000,1.12288010554
473612,499620,531756,26008,32136,1,288000,1.80931043067
473613,509018,680370,35405,171352,1,288000,1.20662145758
473613,509012,616119,35399,107107,1,288000,1.33050127443
473614,509228,578444,35614,69216,1,288000,1.51453421174
473614,511913,581794,38299,69881,1,288000,1.54806027389
473615,519478,561369,45863,41891,1,288000,2.09481750257
473615,511918,657438,38303,145520,1,288000,1.26321467839
473615,519453,807509,45838,288056,1,288000,1.15912878051
473616,519656,595782,46040,76126,1,288000,1.60478680083
473616,519491,807534,45875,288043,1,288000,1.15926441538
473617,519690,799586,46073,279896,1,288000,1.16460756853
473916,474488,487973,572,13485,20,17999,1.04241750093
474012,474588,480558,576,5970,20,17999,1.09648241206
474557,475295,482933,738,7638,20,17999,1.0966221524
474972,480570,486611,5598,6041,20,17999,1.92666777024
475332,476566,476569,1234,3,1,3600,123.7
475426,486622,486628,11196,6,24,28800,1120.2
479296,482257,485876,2961,3619,8,3600,1.81818181818
479452,512291,523028,32839,10737,1,172800,4.05848933594
480253,480260,484881,7,4621,2,7200,1.00151482363
480653,496211,496322,15558,111,4,86340,141.162162162
480706,496217,496319,15511,102,4,86340,153.068627451
481524,481532,481539,8,7,2,7200,1.5
482178,511908,619926,29730,108018,16,108000,1.27523190579
482528,482944,488813,416,5869,20,17999,1.07088089964
482920,482926,486533,6,3607,1,3600,1.00166343222
484079,484085,495592,6,11507,20,17999,1.00052142174
484907,513571,574820,28664,61249,4,259200,1.46799131414
485204,485211,488857,7,3646,1,3600,1.00191991223
485879,485887,489605,8,3718,8,3600,1.00215169446
486724,486731,486894,7,163,1,300,1.04294478528
486779,487984,494038,1205,6054,20,17999,1.19904195573
486915,486922,486927,7,5,1,300,1.2
486935,486941,486947,6,6,2,300,1.2
487035,488824,493373,1789,4549,24,28800,1.39327324687
487474,512335,526785,24861,14450,1,21600,2.72048442907
487978,513576,514141,25598,565,1,86400,46.3061946903
487978,512999,513916,25021,917,1,86400,28.2857142857
487979,513582,522528,25603,8946,1,86400,3.86194947463
487979,513587,514944,25608,1357,1,86400,19.8710390567
487980,513594,518343,25614,4749,1,86400,6.39355653822
487980,513604,515085,25624,1481,1,86400,18.3018230925
487980,513599,514513,25619,914,1,86400,29.0295404814
487981,513616,522688,25635,9072,1,86400,3.82572751323
487981,513610,514267,25629,657,1,86400,40.0091324201
487982,513627,513974,25645,347,1,86400,74.9048991354
487982,513632,519045,25650,5413,1,86400,5.73859227785
487982,513621,513960,25639,339,1,86400,76.6312684366
487983,513972,519020,25989,5048,1,86400,6.14837559429
487983,513927,514137,25944,210,1,86400,124.542857143
487984,514148,517493,26164,3345,1,86400,8.82182361734
487984,513985,519415,26001,5430,1,86400,5.78839779006
487985,514524,518173,26539,3649,1,86400,8.27295149356
487985,514156,521860,26171,7704,1,86400,4.39706645898
487985,514279,519952,26294,5673,1,86400,5.63493742288
487986,514955,522804,26969,7849,1,86400,4.43597910562
487986,515096,524786,27110,9690,1,86400,3.79772961816
487987,516033,516442,28046,409,1,86400,69.5721271394
487987,516023,517039,28036,1016,1,86400,28.594488189
487987,516028,518367,28041,2339,1,86400,12.9884566054
487988,516455,517199,28467,744,1,86400,39.2620967742
487988,517051,523849,29063,6798,1,86400,5.27522800824
487989,517505,518030,29516,525,1,86400,57.220952381
487989,517211,518970,29222,1759,1,86400,17.6128482092
487989,518041,521875,30052,3834,1,86400,8.83828899322
487990,518379,519198,30389,819,1,86400,38.105006105
487990,518186,525726,30196,7540,1,86400,5.00477453581
487990,518354,520757,30364,2403,1,86400,13.6358718269
487991,518981,545553,30990,26572,1,86400,2.16626524161
487991,519056,521299,31065,2243,1,86400,14.8497547927
487991,519031,521288,31040,2257,1,86400,14.7527691626
487992,519209,540083,31217,20874,1,86400,2.49549679027
487992,519426,523227,31434,3801,1,86400,9.26992896606
487993,523280,524020,35287,740,1,86400,48.6851351351
487993,523285,525328,35292,2043,1,86400,18.2745961821
487993,519964,521023,31971,1059,1,86400,31.1898016997
487994,523291,525694,35297,2403,1,86400,15.6887224303
487994,523296,535091,35302,11795,1,86400,3.99296311997
487994,523301,530571,35307,7270,1,86400,5.85653370014
487995,523307,542668,35312,19361,1,86400,2.82387273385
487995,523318,524168,35323,850,1,86400,42.5564705882
487995,523312,527438,35317,4126,1,86400,9.55962190984
487996,523449,524465,35453,1016,1,86400,35.8946850394
487996,523443,523927,35447,484,1,86400,74.2376033058
487996,523862,532303,35866,8441,1,86400,5.24902262765
487997,524032,526416,36035,2384,1,86400,16.115352349
487997,523939,528852,35942,4913,1,86400,8.31569305923
487998,524814,542347,36816,17533,1,86400,3.09981178349
487998,524808,525276,36810,468,1,86400,79.6538461538
487998,524935,524949,36937,14,1,86400,2639.35714286
487998,524819,524823,36821,4,1,86400,3682.5
487999,524984,524996,36985,12,1,86400,3083.08333333
487999,525007,525019,37008,12,1,86400,3085.0
487999,524961,524972,36962,11,1,86400,3361.18181818
488000,525288,525939,37288,651,1,86400,58.2780337942
488000,525031,528538,37031,3507,1,86400,11.5591673795
488000,525340,536116,37340,10776,1,86400,4.46510764662
488001,525951,525999,37950,48,1,86400,791.625
488001,525738,531670,37737,5932,1,86400,7.36159811194
488001,525705,526670,37704,965,1,86400,40.0715025907
488002,526011,528497,38009,2486,1,86400,16.2892196299
488002,526428,531052,38426,4624,1,86400,9.31012110727
488002,526681,528460,38679,1779,1,86400,22.741989882
488003,527449,528145,39446,696,1,86400,57.6752873563
488003,528156,538634,40153,10478,1,86400,4.83212445123
488004,528549,534691,40545,6142,1,86400,7.60126994464
488004,528472,544073,40468,15601,1,86400,3.59393628614
488004,528510,531781,40506,3271,1,86400,13.3833690003
488005,528863,530400,40858,1537,1,86400,27.5829538061
488005,530583,533043,42578,2460,1,86400,18.3081300813
488005,530413,540253,42408,9840,1,86400,5.30975609756
488006,531682,548285,43676,16603,1,86400,3.6306089261
488006,532316,536922,44310,4606,1,86400,10.6200607903
488006,531064,534607,43058,3543,1,86400,13.1529777025
488006,531793,538325,43787,6532,1,86400,7.70345988977
488007,533054,535600,45047,2546,1,86400,18.6932443048
488007,534511,540762,46504,6251,1,86400,8.43944968805
488007,534506,539068,46499,4562,1,86400,11.1926786497
488008,534521,540053,46513,5532,1,86400,9.40798987708
488008,534527,537226,46519,2699,1,86400,18.2356428307
488008,534703,539345,46695,4642,1,86400,11.0592417062
488009,535371,538081,47362,2710,1,86400,18.4767527675
488009,534711,537268,46702,2557,1,86400,19.2643723113
488010,535439,539850,47429,4411,1,86400,11.7524370891
488010,535388,535427,47378,39,1,86400,1215.82051282
488010,535585,540111,47575,4526,1,86400,11.5114891737
488011,535608,536258,47597,650,1,86400,74.2261538462
488011,535596,537437,47585,1841,1,86400,26.8473655622
488011,535591,538376,47580,2785,1,86400,18.0843806104
488012,535619,544583,47607,8964,1,86400,6.3109103079
488012,535614,544924,47602,9310,1,86400,6.11299677766
488012,535633,535660,47621,27,1,86400,1764.74074074
488012,535626,536344,47614,718,1,86400,67.3147632312
488013,535673,536564,47660,891,1,86400,54.4904601571
488013,536129,536527,48116,398,1,86400,121.894472362
488013,536049,538785,48036,2736,1,86400,18.5570175439
488014,536270,537538,48256,1268,1,86400,39.0567823344
488014,536551,538867,48537,2316,1,86400,21.957253886
488014,536356,538911,48342,2555,1,86400,19.9205479452
488015,536576,539406,48561,2830,1,86400,18.1593639576
488015,536557,539814,48542,3257,1,86400,15.9038992938
488015,536804,544424,48789,7620,1,86400,7.40275590551
488016,536826,539064,48810,2238,1,86400,22.8096514745
488016,536833,536838,48817,5,1,86400,4882.2
488017,536851,544161,48834,7310,1,86400,7.6804377565
488017,536838,536841,48821,3,1,86400,4882.4
488017,536858,550688,48841,13830,1,86400,4.53152566884
488018,538337,624783,50319,86446,1,86400,1.58208592647
488018,538387,539503,50369,1116,1,86400,46.1335125448
488018,536863,536897,48845,34,1,86400,1437.61764706
488019,537280,538229,49261,949,1,86400,52.9083245522
488019,536909,541070,48890,4161,1,86400,12.749579428
488019,536934,538426,48915,1492,1,86400,33.7848525469
488020,537449,539948,49429,2499,1,86400,20.7795118047
488020,537503,539561,49483,2058,1,86400,25.0442176871
488020,537550,539098,49530,1548,1,86400,32.996124031
488021,538492,542443,50471,3951,1,86400,13.774234371
488021,538241,544120,50220,5879,1,86400,9.54226909338
488021,538438,541431,50417,2993,1,86400,17.8449716004
488022,538875,540022,50853,1147,1,86400,45.3356582389
488022,538646,542538,50624,3892,1,86400,14.0071942446
488022,538870,542250,50848,3380,1,86400,16.0437869822
488023,538886,539846,50863,960,1,86400,53.9822916667
488023,538880,539409,50857,529,1,86400,97.1379962193
488023,538891,539433,50868,542,1,86400,94.852398524
488024,538897,540366,50873,1469,1,86400,35.6310415248
488024,538902,540317,50878,1415,1,86400,36.9561837456
488024,538934,540208,50910,1274,1,86400,40.9607535322
488025,538918,538971,50893,53,1,86400,961.245283019
488025,538913,545500,50888,6587,1,86400,8.72551996356
488025,538907,539761,50882,854,1,86400,60.5807962529
488026,538940,540241,50914,1301,1,86400,40.1345119139
488026,538924,545670,50898,6746,1,86400,8.54491550548
488026,538929,545442,50903,6513,1,86400,8.81559957009
488027,538945,544070,50918,5125,1,86400,10.9352195122
488027,538951,543236,50924,4285,1,86400,12.8842473746
488028,539001,542133,50973,3132,1,86400,17.2749042146
488028,538963,539037,50935,74,1,86400,689.310810811
488028,538958,543573,50930,4615,1,86400,12.0357529794
488029,539049,544574,51020,5525,1,86400,10.2343891403
488029,539082,541678,51053,2596,1,86400,20.6660246533
488029,539075,543580,51046,4505,1,86400,12.3309655938
488030,539087,543386,51057,4299,1,86400,12.876482903
488030,539766,542314,51736,2548,1,86400,21.3045525903
488031,539904,544000,51873,4096,1,86400,13.6643066406
488031,539774,539792,51743,18,1,86400,2875.61111111
488032,539804,542500,51772,2696,1,86400,20.203264095
488032,539857,540288,51825,431,1,86400,121.24361949
488032,539865,541220,51833,1355,1,86400,39.2531365314
488033,539877,539892,51844,15,1,86400,3457.26666667
488033,539870,539899,51837,29,1,86400,1788.48275862
488034,540232,542432,52198,2200,1,86400,24.7263636364
488034,539911,544512,51877,4601,1,86400,12.2751575744
488034,540219,543237,52185,3018,1,86400,18.2912524851
488035,540065,544845,52030,4780,1,86400,11.8849372385
488035,540083,540115,52048,32,1,86400,1627.5
488036,540124,544555,52088,4431,1,86400,12.7553599639
488036,540131,541628,52095,1497,1,86400,35.7995991984
488036,540095,544603,52059,4508,1,86400,12.548136646
488037,540238,541873,52201,1635,1,86400,32.9272171254
488037,540245,543247,52208,3002,1,86400,18.3910726183
488037,540227,542388,52190,2161,1,86400,25.1508560851
488038,540252,551573,52214,11321,1,86400,5.61213673704
488038,540265,546364,52227,6099,1,86400,9.56320708313
488039,540300,543888,52261,3588,1,86400,15.5654960981
488039,540321,541674,52282,1353,1,86400,39.6415373245
488040,540335,550969,52295,10634,1,86400,5.91771675757
488040,540328,540368,52288,40,1,86400,1308.2
488040,540385,545689,52345,5304,1,86400,10.8689668175
488041,540489,544149,52448,3660,1,86400,15.3300546448
488041,540403,548068,52362,7665,1,86400,7.8313111546
488041,540521,545133,52480,4612,1,86400,12.3790112749
488042,540829,546031,52787,5202,1,86400,11.147443291
488042,540775,545284,52733,4509,1,86400,12.6950543358
488043,540868,543687,52825,2819,1,86400,19.7389145087
488043,540836,540856,52793,20,1,86400,2640.65
488044,540970,545955,52926,4985,1,86400,11.6170511535
488044,540916,540940,52872,24,1,86400,2204.0
488044,540921,540936,52877,15,1,86400,3526.13333333
488045,540982,543484,52937,2502,1,86400,22.157873701
488045,540929,549791,52884,8862,1,86400,6.96750169262
488046,540949,543046,52903,2097,1,86400,26.2279446829
488046,540956,546031,52910,5075,1,86400,11.4256157635
488046,540934,543225,52888,2291,1,86400,24.08511567
488047,540975,548826,52928,7851,1,86400,7.74156158451
488047,541083,541122,53036,39,1,86400,1360.8974359
488047,540963,553139,52916,12176,1,86400,5.34592641261
488048,541232,547740,53184,6508,1,86400,9.17209588199
488048,541134,541859,53086,725,1,86400,74.2220689655
488048,541428,545081,53380,3653,1,86400,15.6126471393
488049,541985,544902,53936,2917,1,86400,19.490229688
488049,541444,545575,53395,4131,1,86400,13.9254417817
488050,541686,548390,53636,6704,1,86400,9.00059665871
488050,541992,543253,53942,1261,1,86400,43.7771609833
488050,541640,547069,53590,5429,1,86400,10.8710628108
488051,541871,552121,53820,10250,1,86400,6.25073170732
488051,541693,549551,53642,7858,1,86400,7.82641893612
488051,541885,555106,53834,13221,1,86400,5.07185538159
488052,541952,542111,53900,159,1,86400,339.993710692
488052,541957,542341,53905,384,1,86400,141.377604167
488053,541971,545449,53918,3478,1,86400,16.5025876941
488053,541979,548567,53926,6588,1,86400,9.18548876746
488053,541964,541973,53911,9,1,86400,5392.0
488054,542008,544527,53954,2519,1,86400,22.4188169909
488054,542003,542019,53949,16,1,86400,3372.8125
488054,541997,542089,53943,92,1,86400,587.336956522
488055,542027,544004,53972,1977,1,86400,28.2999494183
488055,542019,542345,53964,326,1,86400,166.533742331
488055,542014,543640,53959,1626,1,86400,34.1851168512
488056,542039,542828,53983,789,1,86400,69.4195183777
488056,542034,545816,53978,3782,1,86400,15.2723426758
488056,542057,542071,54001,14,1,86400,3858.21428571
488057,542071,544717,54014,2646,1,86400,21.4134542706
488057,542064,544766,54007,2702,1,86400,20.9877868246
488057,542084,546605,54027,4521,1,86400,12.9502322495
488058,542123,559992,54065,17869,1,86400,4.02563098103
488058,542101,544622,54043,2521,1,86400,22.4371281238
488059,542146,544668,54087,2522,1,86400,22.446074544
488059,542137,545697,54078,3560,1,86400,16.1904494382
488059,542262,542640,54203,378,1,86400,144.394179894
488060,542311,542317,54251,6,1,86400,5425.7
488060,542269,542504,54209,235,1,86400,231.676595745
488060,542318,542892,54258,574,1,86400,95.5261324042
488061,542325,542340,54264,15,1,86400,3618.6
488061,542332,542802,54271,470,1,86400,116.470212766
488062,542337,543709,54275,1372,1,86400,40.5590379009
488062,542350,542365,54288,15,1,86400,3620.2
488062,542343,543499,54281,1156,1,86400,47.9558823529
488063,542367,543266,54304,899,1,86400,61.404894327
488063,542357,544113,54294,1756,1,86400,31.9191343964
488063,542362,543070,54299,708,1,86400,77.6935028249
488064,542373,543557,54309,1184,1,86400,46.8690878378
488064,542386,542586,54322,200,1,86400,272.61
488064,542380,542382,54316,2,1,86400,5431.8
488065,542402,542500,54337,98,1,86400,555.459183673
488065,542396,542550,54331,154,1,86400,353.798701299
488065,542391,542591,54326,200,1,86400,272.63
488066,542407,550306,54341,7899,1,86400,7.87947841499
488066,542413,544405,54347,1992,1,86400,28.2826305221
488066,542418,546994,54352,4576,1,86400,12.8776223776
488067,542442,545179,54375,2737,1,86400,20.8666423091
488067,542424,544384,54357,1960,1,86400,28.7331632653
488067,542447,544537,54380,2090,1,86400,27.019138756
488068,542431,544374,54363,1943,1,86400,28.9788986104
488068,542436,545165,54368,2729,1,86400,20.9223158666
488068,542453,543735,54385,1282,1,86400,43.4219968799
488069,542458,544241,54389,1783,1,86400,31.5042063937
488069,542464,543578,54395,1114,1,86400,49.828545781
488070,542476,542657,54406,181,1,86400,301.585635359
488070,542469,543151,54399,682,1,86400,80.7639296188
488070,542517,568276,54447,25759,1,86400,3.11370783027
488071,542524,573292,54453,30768,1,86400,2.76979329173
488071,542482,542930,54411,448,1,86400,122.453125
488072,542605,586188,54533,43583,1,86400,2.25124475139
488072,542652,543911,54580,1259,1,86400,44.3518665608
488072,542511,542675,54439,164,1,86400,332.945121951
488073,542550,545057,54477,2507,1,86400,22.7299561229
488073,542562,543495,54489,933,1,86400,59.4019292605
488074,542681,542691,54607,10,1,86400,5461.7
488074,542598,559602,54524,17004,1,86400,4.20653963773
488074,542669,575458,54595,32789,1,86400,2.66504010491
488075,568889,572306,80814,3417,1,86400,24.650570676
488075,542688,543896,54613,1208,1,86400,46.2094370861
488075,542703,546699,54628,3996,1,86400,14.6706706707
488076,568949,569769,80873,820,1,86400,99.6256097561
488076,568954,569208,80878,254,1,86400,319.417322835
488076,568943,572809,80867,3866,1,86400,21.9174857734
488077,568965,569145,80888,180,1,86400,450.377777778
488077,568959,568970,80882,11,1,86400,7353.90909091
488077,568970,571318,80893,2348,1,86400,35.4518739353
488078,568982,569518,80904,536,1,86400,151.940298507
488078,568977,569191,80899,214,1,86400,379.03271028
488078,571330,571713,83252,383,1,86400,218.368146214
488079,585789,590731,97710,4942,1,86400,20.7713476325
488079,582027,596626,93948,14599,1,86400,7.43523529009
488079,585783,596873,97704,11090,1,86400,9.81009918846
488080,585865,590444,97785,4579,1,86400,22.3550993667
488080,585815,589651,97735,3836,1,86400,26.478362878
488081,588485,593981,100404,5496,1,86400,19.268558952
488081,588475,588802,100394,327,1,86400,308.01529052
488081,588480,589161,100399,681,1,86400,148.428781204
488082,588599,589043,100517,444,1,86400,227.38963964
488082,588496,597318,100414,8822,1,86400,12.3822262526
488082,588491,591224,100409,2733,1,86400,37.7394804244
488083,588609,588894,100526,285,1,86400,353.722807018
488083,588615,588906,100532,291,1,86400,346.470790378
488083,588604,588738,100521,134,1,86400,751.156716418
488084,588620,588757,100536,137,1,86400,734.839416058
488084,588626,590174,100542,1548,1,86400,65.9496124031
488085,588637,593176,100552,4539,1,86400,23.1528971139
488085,588642,596921,100557,8279,1,86400,13.1460321295
488085,588631,588937,100546,306,1,86400,329.581699346
488086,588648,593606,100562,4958,1,86400,21.2827753126
488086,588654,589460,100568,806,1,86400,125.774193548
488087,588664,675089,100577,86425,1,86400,2.16374891524
488087,588659,608889,100572,20230,1,86400,5.97142857143
488087,588670,593198,100583,4528,1,86400,23.2135600707
488088,588681,590299,100593,1618,1,86400,63.1711990111
488088,588687,589303,100599,616,1,86400,164.310064935
488088,588676,591579,100588,2903,1,86400,35.6496727523
488089,588698,588699,100609,1,1,86400,10061.0
488089,588692,588858,100603,166,1,86400,607.042168675
488090,588708,594444,100618,5736,1,86400,18.5414923291
488090,588703,589833,100613,1130,1,86400,90.0380530973
488090,588743,588772,100653,29,1,86400,3471.79310345
488091,588771,595459,100680,6688,1,86400,16.0538277512
488091,588789,594246,100698,5457,1,86400,19.4529961517
488091,588764,598756,100673,9992,1,86400,11.0753602882
488092,588870,591998,100778,3128,1,86400,33.2180306905
488092,588814,675216,100722,86402,1,86400,2.16573690424
488092,588911,588931,100819,20,1,86400,5041.95
488093,588951,590273,100858,1322,1,86400,77.2919818457
488093,588956,594218,100863,5262,1,86400,20.1681870011
488093,588918,591528,100825,2610,1,86400,39.6302681992
488094,589173,593658,101079,4485,1,86400,23.5371237458
488094,589056,592503,100962,3447,1,86400,30.2898172324
488095,589664,589851,101569,187,1,86400,544.14973262
488095,589472,595352,101377,5880,1,86400,18.2409863946
488095,589320,593067,101225,3747,1,86400,28.0149452896
488096,589741,589803,101645,62,1,86400,1640.43548387
488096,589845,589866,101749,21,1,86400,4846.19047619
488096,589815,590161,101719,346,1,86400,294.985549133
488097,589915,597751,101818,7836,1,86400,13.9936191935
488097,589878,589885,101781,7,1,86400,10178.8
488097,589897,589903,101800,6,1,86400,10180.6
488097,589863,595576,101766,5713,1,86400,18.813057938
488098,590186,594678,102088,4492,1,86400,23.7266251113
488098,590173,596286,102075,6113,1,86400,17.6980206118
488099,590324,600638,102225,10314,1,86400,10.9112856312
488099,590311,593252,102212,2941,1,86400,35.7541652499
488099,590285,602433,102186,12148,1,86400,9.4117550214
488100,591856,594896,103756,3040,1,86400,35.1302631579
488100,591850,592523,103750,673,1,86400,155.160475483
488101,591861,594675,103760,2814,1,86400,37.8727789623
488101,591867,599080,103766,7213,1,86400,15.3859697768
488101,591872,593632,103771,1760,1,86400,59.9607954545
488102,591883,591889,103781,6,1,86400,10378.7
488102,591877,593400,103775,1523,1,86400,69.1385423506
488102,591888,593384,103786,1496,1,86400,70.3756684492
488103,591904,593947,103801,2043,1,86400,51.8081253059
488103,591899,592848,103796,949,1,86400,110.374077977
488103,591894,592321,103791,427,1,86400,244.070257611
488104,591915,596264,103811,4349,1,86400,24.870085077
488104,591910,592589,103806,679,1,86400,153.880706922
488104,591920,593539,103816,1619,1,86400,65.1235330451
488105,591961,591981,103856,20,1,86400,5193.8
488105,591944,603090,103839,11146,1,86400,10.3162569532
488106,591998,594855,103892,2857,1,86400,37.3640182009
488106,592010,592455,103904,445,1,86400,234.492134831
488106,591991,592532,103885,541,1,86400,193.024029575
488107,592103,592362,103996,259,1,86400,402.528957529
488107,592217,592490,104110,273,1,86400,382.355311355
488107,592081,592577,103974,496,1,86400,210.625
488108,592333,597275,104225,4942,1,86400,22.0896398219
488108,592245,592911,104137,666,1,86400,157.361861862
488108,592231,592233,104123,2,1,86400,10412.5
488109,592348,594049,104239,1701,1,86400,62.2810111699
488109,592374,593900,104265,1526,1,86400,69.3256880734
488109,592340,595005,104231,2665,1,86400,40.1110694184
488110,592420,593027,104310,607,1,86400,172.845140033
488110,592387,599939,104277,7552,1,86400,14.8078654661
488110,592410,594952,104300,2542,1,86400,42.0306845004
488111,554054,558286,65943,4232,1,86400,16.5819943289
488111,592454,594915,104343,2461,1,86400,43.3986184478
488112,554104,556560,65992,2456,1,86400,27.8697068404
488112,554260,557109,66148,2849,1,86400,24.217971218
488112,554149,562414,66037,8265,1,86400,8.98995765275
488113,554298,554834,66185,536,1,86400,124.479477612
488113,554291,554353,66178,62,1,86400,1068.38709677
488114,554431,557221,66317,2790,1,86400,24.7695340502
488114,554365,554490,66251,125,1,86400,531.008
488114,554303,554418,66189,115,1,86400,576.556521739
488115,554998,560756,66883,5758,1,86400,12.6156651615
488115,554502,555184,66387,682,1,86400,98.3416422287
488115,554846,554982,66731,136,1,86400,491.669117647
488116,555824,555842,67708,18,1,86400,3762.55555556
488116,555118,558167,67002,3049,1,86400,22.9750737947
488116,555200,556467,67084,1267,1,86400,53.9471191792
488117,555836,559972,67719,4136,1,86400,17.373065764
488117,555841,561533,67724,5692,1,86400,12.8981026001
488117,555831,565065,67714,9234,1,86400,8.33311674247
488118,555857,557960,67739,2103,1,86400,33.2106514503
488118,555850,558179,67732,2329,1,86400,30.0820094461
488119,555871,556343,67752,472,1,86400,144.542372881
488119,555863,557292,67744,1429,1,86400,48.4065780266
488119,555877,556405,67758,528,1,86400,129.329545455
488120,555959,565456,67839,9497,1,86400,8.14320311677
488120,555974,556909,67854,935,1,86400,73.5711229947
488120,555900,556400,67780,500,1,86400,136.56
488121,556117,582825,67996,26708,1,86400,3.54590384903
488121,556201,561759,68080,5558,1,86400,13.2490104354
488121,555985,557395,67864,1410,1,86400,49.1304964539
488122,556228,569807,68106,13579,1,86400,6.01553869946
488122,556221,569034,68099,12813,1,86400,6.31483649419
488123,556311,557904,68188,1593,1,86400,43.8047708726
488123,556355,557511,68232,1156,1,86400,60.0242214533
488124,556419,560988,68295,4569,1,86400,15.9474720946
488124,556412,558347,68288,1935,1,86400,36.2909560724
488124,556377,558029,68253,1652,1,86400,42.3153753027
488125,556479,557707,68354,1228,1,86400,56.6628664495
488125,556572,560846,68447,4274,1,86400,17.0147402901
488125,556500,560858,68375,4358,1,86400,16.6895364846
488126,556608,557312,68482,704,1,86400,98.2755681818
488126,556668,558246,68542,1578,1,86400,44.4359949303
488126,556593,562405,68467,5812,1,86400,12.7802821748
488127,556675,563624,68548,6949,1,86400,10.8644409268
488127,556764,562178,68637,5414,1,86400,13.6776874769
488127,556771,558400,68644,1629,1,86400,43.1387354205
488128,556920,563716,68792,6796,1,86400,11.1224249559
488128,556850,569270,68722,12420,1,86400,6.53317230274
488128,556871,584384,68743,27513,1,86400,3.49856431505
488129,557084,560702,68955,3618,1,86400,20.0588723051
488129,557121,576190,68992,19069,1,86400,4.61801877393
488129,557021,643423,68892,86402,1,86400,1.79734265411
488130,557233,591546,69103,34313,1,86400,3.01390143677
488130,557291,559703,69161,2412,1,86400,29.6737147595
488130,557128,563172,68998,6044,1,86400,12.4159497022
488131,557304,557915,69173,611,1,86400,114.212765957
488131,557324,557546,69193,222,1,86400,312.68018018
488132,557774,559798,69642,2024,1,86400,35.4081027668
488132,557769,560625,69637,2856,1,86400,25.3827030812
488132,557407,558162,69275,755,1,86400,92.7549668874
488133,557779,573313,69646,15534,1,86400,5.48345564568
488133,557785,560281,69652,2496,1,86400,28.9054487179
488134,557792,560544,69658,2752,1,86400,26.3117732558
488134,557927,566753,69793,8826,1,86400,8.90765918876
488134,557916,561843,69782,3927,1,86400,18.7697988286
488135,558041,577646,69906,19605,1,86400,4.56572302984
488135,557972,558595,69837,623,1,86400,113.097913323
488135,558048,572600,69913,14552,1,86400,5.80435678944
488136,559715,578712,71579,18997,1,86400,4.76791072275
488136,559614,585772,71478,26158,1,86400,3.73254835997
488136,559811,570712,71675,10901,1,86400,7.5750848546
488137,560294,582033,72157,21739,1,86400,4.31924191545
488137,559984,575687,71847,15703,1,86400,5.57536776412
488137,560004,577264,71867,17260,1,86400,5.16378910776
488138,560557,582470,72419,21913,1,86400,4.30484187469
488138,560714,647130,72576,86416,1,86400,1.83984447325
488138,560637,575133,72499,14496,1,86400,6.0013107064
488139,560858,570518,72719,9660,1,86400,8.52784679089
488139,560769,562728,72630,1959,1,86400,38.0750382848
488139,560871,563959,72732,3088,1,86400,24.5531088083
488140,560999,580342,72859,19343,1,86400,4.76668562271
488140,561546,581481,73406,19935,1,86400,4.68226736895
488140,561381,584766,73241,23385,1,86400,4.13196493479
488141,568770,569394,80629,624,1,86400,130.213141026
488141,568776,571957,80635,3181,1,86400,26.3489468721
488141,568781,569485,80640,704,1,86400,115.545454545
488142,568787,576207,80645,7420,1,86400,11.8685983827
488142,568792,578386,80650,9594,1,86400,9.40629560142
488142,568797,577258,80655,8461,1,86400,10.532561163
488143,568813,574309,80670,5496,1,86400,15.6779475983
488143,568803,570600,80660,1797,1,86400,45.8859209794
488143,568818,571611,80675,2793,1,86400,29.8847117794
488144,568829,568864,80685,35,1,86400,2306.28571429
488144,568823,580184,80679,11361,1,86400,8.10139952469
488145,568846,583258,80701,14412,1,86400,6.59956980294
488145,568835,583628,80690,14793,1,86400,6.45460690867
488145,568840,581331,80695,12491,1,86400,7.46025138099
488146,568856,573279,80710,4423,1,86400,19.2477956138
488146,568862,571895,80716,3033,1,86400,27.6125947906
488146,568851,568904,80705,53,1,86400,1523.73584906
488147,568878,568895,80731,17,1,86400,4749.88235294
488147,568873,570481,80726,1608,1,86400,51.2027363184
488147,568868,575092,80721,6224,1,86400,13.9693123393
488148,568884,569982,80736,1098,1,86400,74.5300546448
488148,568894,570208,80746,1314,1,86400,62.4505327245
488148,568900,571631,80752,2731,1,86400,30.5686561699
488149,568905,571109,80756,2204,1,86400,37.6406533575
488149,568916,571470,80767,2554,1,86400,32.6237274863
488149,568911,570799,80762,1888,1,86400,43.7764830508
488150,568932,568963,80782,31,1,86400,2606.87096774
488150,568921,570649,80771,1728,1,86400,47.7424768519
488150,568927,571025,80777,2098,1,86400,39.5019065777
488151,568993,570786,80842,1793,1,86400,46.087562744
488151,568938,572267,80787,3329,1,86400,25.2676479423
488151,568988,570631,80837,1643,1,86400,50.2008520998
488152,569045,571983,80893,2938,1,86400,28.5333560245
488152,569156,577099,81004,7943,1,86400,11.1981619036
488152,569000,572215,80848,3215,1,86400,26.1471228616
488153,569220,570786,81067,1566,1,86400,52.7669220945
488153,569202,570750,81049,1548,1,86400,53.3572351421
488153,569282,569823,81129,541,1,86400,150.961182994
488154,569405,569994,81251,589,1,86400,138.947368421
488154,569497,569912,81343,415,1,86400,197.007228916
488154,569529,569797,81375,268,1,86400,304.638059701
488155,582032,582044,93877,12,1,86400,7824.08333333
488155,582045,582813,93890,768,1,86400,123.252604167
488156,582622,583006,94466,384,1,86400,247.005208333
488156,582056,582324,93900,268,1,86400,351.373134328
488156,582336,582610,94180,274,1,86400,344.722627737
488157,582825,582836,94668,11,1,86400,8607.18181818
488157,582848,582866,94691,18,1,86400,5261.61111111
488157,582878,587058,94721,4180,1,86400,23.6605263158
488158,583018,583437,94860,419,1,86400,227.396181384
488158,583294,583613,95136,319,1,86400,299.231974922
488158,582973,583685,94815,712,1,86400,134.167134831
488159,583469,587280,95310,3811,1,86400,26.0091839412
488159,583299,583955,95140,656,1,86400,146.030487805
488160,583966,584988,95806,1022,1,86400,94.7436399217
488160,583696,587303,95536,3607,1,86400,27.4862766842
488160,583626,596220,95466,12594,1,86400,8.58027632206
488161,584778,584779,96617,1,1,86400,9661.8
488161,584475,585183,96314,708,1,86400,137.036723164
488161,584305,595152,96144,10847,1,86400,9.86364893519
488162,584804,585373,96642,569,1,86400,170.845342707
488162,585006,586232,96844,1226,1,86400,79.9918433931
488162,584791,584792,96629,1,1,86400,9663.0
488163,585194,585507,97031,313,1,86400,311.003194888
488163,585384,587120,97221,1736,1,86400,57.0028801843
488163,585448,587574,97285,2126,1,86400,46.7596425212
488164,585741,585742,97577,1,1,86400,9757.8
488164,585518,592475,97354,6957,1,86400,14.9936754348
488164,585720,672151,97556,86431,1,86400,2.12871539147
488165,585754,586247,97589,493,1,86400,198.949290061
488165,585775,590312,97610,4537,1,86400,22.5142164426
488165,585769,585772,97604,3,1,86400,9760.7
488166,585901,617403,97735,31502,1,86400,4.10250142848
488166,585912,588538,97746,2626,1,86400,38.2223914699
488167,585934,612042,97767,26108,1,86400,4.74471426383
488167,586034,586361,97867,327,1,86400,300.287461774
488167,586040,590770,97873,4730,1,86400,21.6919661734
488168,586153,672559,97985,86406,1,86400,2.13400689767
488168,586243,587831,98075,1588,1,86400,62.7600755668
488168,586199,586484,98031,285,1,86400,344.968421053
488169,586372,590636,98203,4264,1,86400,24.0307223265
488169,586258,589729,98089,3471,1,86400,29.2595793719
489192,489199,499563,7,10364,1,10800,1.0006754149
489355,496205,502701,6850,6496,20,17999,2.05449507389
489903,489909,493610,6,3701,8,3600,1.00162118346
489906,512280,516011,22374,3731,12,21600,6.9967837041
490425,495610,582015,5185,86405,3,86400,1.06000810138
491129,496768,508318,5639,11550,20,21599,1.48822510823
491442,496773,511896,5331,15123,20,17999,1.35250942273
492840,495604,496755,2764,1151,64,3540,3.40139009557
492995,512286,512289,19291,3,4,43200,1929.4
493312,512993,558979,19681,45986,3,86400,1.42797808029
493501,513566,553005,20065,39439,3,86400,1.50876036411
494229,499575,499581,5346,6,24,28800,535.2
494356,494363,496805,7,2442,8,3600,1.00286650287
495062,496778,508990,1716,12212,20,28799,1.14051752375
495948,512303,512982,16355,679,4,28800,25.086892489
500397,500993,523263,596,22270,24,28800,1.02676246071
501054,512313,512315,11259,2,1,144000,1126.1
501990,502714,502718,724,4,16,14400,72.8
505229,511393,523426,6164,12033,16,12000,1.51225795728
505651,508329,524156,2678,15827,20,28799,1.16920452391
505712,509002,517329,3290,8327,20,17999,1.39510027621
505778,505785,505786,7,1,2,3540,1.0
506959,506966,510592,7,3626,1,3600,1.00193050193
509052,517351,525009,8299,7658,1,18000,2.08370331679
509553,516039,580923,6486,64884,4,144000,1.09996301091
509604,516044,519677,6440,3633,4,144000,2.77263969171
510362,517340,599304,6978,81964,4,144000,1.08513493729
510572,517345,626572,6773,109227,4,144000,1.06200847776
514987,517372,525897,2385,8525,1,18000,1.27976539589
514987,517361,525896,2374,8535,1,18000,1.27814879906
514987,517367,525885,2380,8518,1,18000,1.27940831181
514987,517356,525884,2369,8528,1,18000,1.27779080675
514988,517383,525967,2395,8584,1,18000,1.27900745573
514988,517388,525887,2400,8499,1,18000,1.28238616308
514988,517394,525931,2406,8537,1,18000,1.2818320253
514988,517377,525897,2389,8520,1,18000,1.28039906103
514989,517399,525917,2410,8518,1,18000,1.28293026532
514989,517405,525948,2416,8543,1,18000,1.28280463537
514989,517416,525912,2427,8496,1,18000,1.28566384181
514989,517410,525966,2421,8556,1,18000,1.28295932679
514990,519407,527968,4417,8561,1,18000,1.51594439902
514990,519438,527980,4448,8542,1,18000,1.52072114259
514990,519700,528222,4710,8522,1,18000,1.55268716264
514990,519695,528235,4705,8540,1,18000,1.55093676815
514990,519706,528235,4716,8529,1,18000,1.55293703834
514991,524847,533364,9856,8517,1,18000,2.1572149818
514991,524841,533365,9850,8524,1,18000,2.15556076959
514991,523460,531991,8469,8531,1,18000,1.99273238776
514991,519719,528304,4728,8585,1,18000,1.55072801398
514992,524852,533425,9860,8573,1,18000,2.15012247755
514992,524874,533430,9882,8556,1,18000,2.15497896213
514992,524858,533390,9866,8532,1,18000,2.15635255509
514992,524863,533386,9871,8523,1,18000,2.1581602722
514992,524868,533423,9876,8555,1,18000,2.1544126242
514993,524884,533433,9891,8549,1,18000,2.15697742426
514993,524879,533414,9886,8535,1,18000,2.1582893966
514993,524895,533407,9902,8512,1,18000,2.16329887218
514993,524890,533418,9897,8528,1,18000,2.16053001876
514994,524911,533432,9917,8521,1,18000,2.16383053632
514994,524906,533445,9912,8539,1,18000,2.16079166179
514994,524917,533453,9923,8536,1,18000,2.16248828491
514994,524901,533414,9907,8513,1,18000,2.1637495595
514995,525130,533670,10135,8540,1,18000,2.18676814988
514995,525021,533573,10026,8552,1,18000,2.17235734331
514995,524927,533505,9932,8578,1,18000,2.15784565167
514995,524922,533496,9927,8574,1,18000,2.1578026592
514996,525896,534419,10900,8523,1,18000,2.27889240878
514996,525909,534462,10913,8553,1,18000,2.27592657547
514996,525769,534300,10773,8531,1,18000,2.26280623608
514996,525137,533658,10141,8521,1,18000,2.19011853069
514996,525902,534436,10906,8534,1,18000,2.27794703539
514997,525920,534462,10923,8542,1,18000,2.27874034184
514997,525914,534480,10917,8566,1,18000,2.2744571562
514997,525932,534486,10935,8554,1,18000,2.27834931026
514997,525925,534434,10928,8509,1,18000,2.28428722529
514998,525937,534457,10939,8520,1,18000,2.28392018779
514998,525961,534471,10963,8510,1,18000,2.28824911868
514998,525978,534488,10980,8510,1,18000,2.29024676851
514998,525944,534463,10946,8519,1,18000,2.28489259303
514999,525985,534508,10986,8523,1,18000,2.28898275255
514999,526798,535375,11799,8577,1,18000,2.37565582371
514999,527993,536522,12994,8529,1,18000,2.52350803142
514999,528000,536532,13001,8532,1,18000,2.52379278012
514999,528246,536816,13247,8570,1,18000,2.54574095683
515000,528254,536792,13254,8538,1,18000,2.55235418131
515000,528317,536813,13317,8496,1,18000,2.56744350282
515000,532287,540819,17287,8532,1,18000,3.02613689639
515000,528358,536842,13358,8484,1,18000,2.5744931636
515001,532366,540904,17365,8538,1,18000,3.03384867651
515001,532372,540905,17371,8533,1,18000,3.03574358373
515001,532361,540907,17360,8546,1,18000,3.03135970044
515001,532377,540911,17376,8534,1,18000,3.0360909304
515002,532431,540954,17429,8523,1,18000,3.04493722868
515002,533399,541940,18397,8541,1,18000,3.15396323616
515002,532425,540952,17423,8527,1,18000,3.04327430515
515002,532420,540946,17418,8526,1,18000,3.04292751583
515002,532436,540964,17434,8528,1,18000,3.04432457786
515003,533432,541967,18429,8535,1,18000,3.15922671353
515003,533406,541951,18403,8545,1,18000,3.15365710942
515003,533427,541940,18424,8513,1,18000,3.16421942911
515003,533420,541968,18417,8548,1,18000,3.15453907347
515004,533444,541958,18440,8514,1,18000,3.16584449143
515004,533450,541968,18446,8518,1,18000,3.16553181498
515004,533456,541973,18452,8517,1,18000,3.16649054832
515004,533439,541973,18435,8534,1,18000,3.16018279822
515005,533845,542379,18840,8534,1,18000,3.20764002812
515005,533856,542367,18851,8511,1,18000,3.21489836682
515005,533851,542379,18846,8528,1,18000,3.20989681051
515005,533861,542401,18856,8540,1,18000,3.20796252927
515005,533840,542397,18835,8557,1,18000,3.20112188851
515006,533867,542379,18861,8512,1,18000,3.21581296992
515006,533872,542416,18866,8544,1,18000,3.20809925094
515006,533883,542419,18877,8536,1,18000,3.21145735708
515006,533878,542426,18872,8548,1,18000,3.20776789892
515007,533889,542413,18882,8524,1,18000,3.21515720319
515007,533894,542451,18887,8557,1,18000,3.20719878462
515007,533901,542460,18894,8559,1,18000,3.20750087627
515008,533906,542445,18898,8539,1,18000,3.21313971191
515008,534458,542736,19450,8278,1,18000,3.34960135298
515008,534446,542736,19438,8290,1,18000,3.34475271411
515008,534453,542736,19445,8283,1,18000,3.34757937945
515009,534494,542737,19485,8243,1,18000,3.36382385054
515009,534476,542736,19467,8260,1,18000,3.35677966102
515009,534481,542737,19472,8256,1,18000,3.35852713178
515009,534487,542737,19478,8250,1,18000,3.36096969697
515009,534469,542736,19460,8267,1,18000,3.35393734124
515010,533472,541975,18462,8503,1,18000,3.17123368223
515010,533462,541979,18452,8517,1,18000,3.16649054832
515010,533467,542022,18457,8555,1,18000,3.15745178258
515010,534499,542737,19489,8238,1,18000,3.36574411265
515011,533485,542015,18474,8530,1,18000,3.16576787808
515011,533480,542045,18469,8565,1,18000,3.1563339171
515011,533516,542051,18505,8535,1,18000,3.16813122437
515011,533509,542057,18498,8548,1,18000,3.16401497426
515012,533775,542305,18763,8530,1,18000,3.19964830012
515012,533770,542353,18758,8583,1,18000,3.18548293138
515012,533781,542315,18769,8534,1,18000,3.1993203656
515012,533586,542125,18574,8539,1,18000,3.1751961588
515012,533671,542249,18659,8578,1,18000,3.17521566799
515013,533802,542332,18789,8530,1,18000,3.20269636577
515013,533797,542309,18784,8512,1,18000,3.20676691729
515013,533791,542356,18778,8565,1,18000,3.1924109749
515013,533786,542298,18773,8512,1,18000,3.20547462406
515014,533808,542339,18794,8531,1,18000,3.20302426445
515014,533813,542351,18799,8538,1,18000,3.2018037011
515014,533818,542353,18804,8535,1,18000,3.20316344464
515014,533824,542368,18810,8544,1,18000,3.20154494382
515014,533829,542348,18815,8519,1,18000,3.20859255781
515015,533835,542377,18820,8542,1,18000,3.20323109342
519918,523454,561031,3536,37577,4,57600,1.09410011443
520384,623654,674002,103270,50348,30,172800,3.05112417574
520713,523274,714208,2561,190934,18,198000,1.01341301183
520787,523438,716205,2651,192767,18,198000,1.01375235388
524325,524332,524786,7,454,1,900,1.0154185022
524568,524575,524638,7,63,1,600,1.11111111111
524741,524825,525118,84,293,1,36000,1.2866894198
524748,524830,525122,82,292,1,36000,1.28082191781
524784,524836,554381,52,29545,1,144000,1.00176002708
527004,527981,527988,977,7,1,3600,98.4
528105,528234,528348,129,114,1,3600,2.13157894737
528477,532005,532259,3528,254,1,3600,14.8897637795
530558,532269,532277,1711,8,1,1800,171.9
530739,531768,575226,1029,43458,1,54000,1.02367803396
530805,531947,575167,1142,43220,1,54000,1.02642295234
532429,533377,533456,948,79,1,1800,13.0
532486,533384,533776,898,392,1,3600,3.29081632653
533672,533683,533774,11,91,1,1800,1.12087912088
534206,534312,534515,106,203,1,1800,1.52216748768
534298,534431,534436,133,5,1,3600,13.8
534553,534620,534701,67,81,1,3600,1.82716049383
534827,535108,535343,281,235,1,3600,2.19574468085
535124,535353,535361,229,8,1,1800,23.7
535513,535580,535621,67,41,1,1800,2.63414634146
535591,535603,535953,12,350,1,3600,1.03428571429
535839,535963,536039,124,76,1,1800,2.63157894737
536435,536533,536541,98,8,1,3600,10.6
536518,536540,536693,22,153,1,1800,1.14379084967
536655,536703,536816,48,113,1,3600,1.42477876106
536952,537238,537492,286,254,1,3600,2.12598425197
537721,538093,538482,372,389,1,3600,1.95629820051
538772,538796,539063,24,267,1,3540,1.08988764045
538963,538983,538991,20,8,1,3600,2.8
539102,539109,539193,7,84,1,3600,1.08333333333
539193,539203,541416,10,2213,1,3540,1.00451875282
539283,539357,539546,74,189,1,3540,1.39153439153
539321,539419,539659,98,240,1,3600,1.40833333333
539334,539426,539707,92,281,1,3540,1.32740213523
539385,539445,539740,60,295,1,3540,1.20338983051
539458,539515,539754,57,239,1,3540,1.23849372385
539512,539558,539860,46,302,1,3540,1.15231788079
539566,539572,540071,6,499,1,3540,1.0120240481
539619,539670,540210,51,540,1,3540,1.09444444444
539681,539719,540217,38,498,1,3540,1.07630522088
539734,539753,540280,19,527,1,3540,1.03605313093
539818,539827,540391,9,564,1,3540,1.01595744681
539906,539959,540311,53,352,1,3600,1.15056818182
540022,540034,540312,12,278,1,3540,1.04316546763
540278,540293,540477,15,184,1,3540,1.08152173913
540338,540377,540509,39,132,1,3540,1.29545454545
542802,542808,553801,6,10993,1,18000,1.00054580187
542802,542814,553961,12,11147,1,18000,1.00107652283
542802,542819,553876,17,11057,1,18000,1.00153748756
542803,542837,553945,34,11108,1,18000,1.00306085704
542803,542826,553904,23,11078,1,18000,1.00207618704
542803,542831,553880,28,11049,1,18000,1.00253416599
542804,542842,553915,38,11073,1,18000,1.00343177097
542804,542847,553908,43,11061,1,18000,1.00388753277
542804,542858,553999,54,11141,1,18000,1.00484696167
542804,542853,553960,49,11107,1,18000,1.0044116323
542805,542869,553961,64,11092,1,18000,1.00576992427
542805,542863,553948,58,11085,1,18000,1.0052322959
542805,542874,553938,69,11064,1,18000,1.00623644252
542806,542885,553977,79,11092,1,18000,1.00712225027
542806,542880,553907,74,11027,1,18000,1.00671080076
542806,542891,553926,85,11035,1,18000,1.00770276393
542806,542896,553953,90,11057,1,18000,1.00813964005
542807,542942,554043,135,11101,1,18000,1.01216106657
542807,543163,554241,356,11078,1,18000,1.03213576458
542807,543082,554136,275,11054,1,18000,1.02487787226
542807,543058,554090,251,11032,1,18000,1.0227519942
542808,543255,554357,447,11102,1,18000,1.04026301567
542808,543237,554275,429,11038,1,18000,1.03886573655
542808,543248,554273,440,11025,1,18000,1.03990929705
542809,543277,554306,468,11029,1,18000,1.04243358419
542809,543269,554303,460,11034,1,18000,1.04168932391
542809,543262,554286,453,11024,1,18000,1.04109216255
542810,543496,554549,686,11053,1,18000,1.06206459785
542810,543507,554566,697,11059,1,18000,1.06302559002
542810,543514,554591,704,11077,1,18000,1.0635551142
542810,543398,554501,588,11103,1,18000,1.05295865982
542811,543569,554625,758,11056,1,18000,1.06856005789
542811,543585,554583,774,10998,1,18000,1.07037643208
542811,543592,554633,781,11041,1,18000,1.07073634635
542812,543652,554762,840,11110,1,18000,1.07560756076
542812,543699,554756,887,11057,1,18000,1.08022067469
542812,543721,554737,909,11016,1,18000,1.08251633987
542812,543597,554656,785,11059,1,18000,1.07098290985
542813,543747,554812,934,11065,1,18000,1.08441030276
542813,543908,554921,1095,11013,1,18000,1.09942794879
542813,543900,554921,1087,11021,1,18000,1.09862988839
542814,544012,555078,1198,11066,1,18000,1.10825953371
542814,544019,555038,1205,11019,1,18000,1.10935656593
542814,543923,554977,1109,11054,1,18000,1.10032567396
542815,544089,555141,1274,11052,1,18000,1.11527325371
542815,544082,555085,1267,11003,1,18000,1.11515041352
542815,544133,555207,1318,11074,1,18000,1.11901751851
542815,544125,555201,1310,11076,1,18000,1.11827374503
542816,544161,555180,1345,11019,1,18000,1.12206189309
542816,544681,555728,1865,11047,1,18000,1.16882411514
542816,544729,555733,1913,11004,1,18000,1.17384587423
542816,544173,555236,1357,11063,1,18000,1.12266112266
542817,544741,555813,1924,11072,1,18000,1.1737716763
542817,544746,555769,1929,11023,1,18000,1.17499773201
542817,544736,555758,1919,11022,1,18000,1.17410633279
542818,544763,555835,1945,11072,1,18000,1.1756683526
542818,544757,555817,1939,11060,1,18000,1.1753164557
542818,555759,562665,12941,6906,1,18000,2.87387778743
542818,544752,555739,1934,10987,1,18000,1.1760262128
542819,555809,562665,12990,6856,1,18000,2.8946907818
542819,555782,562665,12963,6883,1,18000,2.88333575476
542819,555772,562665,12953,6893,1,18000,2.87915276367
542820,544773,555850,1953,11077,1,18000,1.17631127562
542820,542909,553966,89,11057,1,18000,1.0080491996
542820,544768,555797,1948,11029,1,18000,1.17662526068
542820,542904,553952,84,11048,1,18000,1.0076031861
542821,544784,555813,1963,11029,1,18000,1.17798531145
542821,544779,555807,1958,11028,1,18000,1.17754805948
542821,544790,555886,1969,11096,1,18000,1.17745133381
542822,544795,555843,1973,11048,1,18000,1.17858435916
542822,544807,555856,1985,11049,1,18000,1.17965426735
542822,544800,555961,1978,11161,1,18000,1.17722426306
542823,544914,555971,2091,11057,1,18000,1.18911097043
542823,544857,555948,2034,11091,1,18000,1.18339193941
542823,545069,556104,2246,11035,1,18000,1.20353420933
542823,544937,556013,2114,11076,1,18000,1.19086312748
542824,545094,556188,2270,11094,1,18000,1.20461510727
542824,545192,556296,2368,11104,1,18000,1.21325648415
542824,545178,556207,2354,11029,1,18000,1.21343730166
542824,545145,556207,2321,11062,1,18000,1.20981739288
542825,545296,556364,2471,11068,1,18000,1.22325623419
542825,545454,556485,2629,11031,1,18000,1.23832834738
542825,545461,556580,2636,11119,1,18000,1.23707167911
542826,545513,556595,2687,11082,1,18000,1.24246525898
542826,545565,556651,2739,11086,1,18000,1.24706837453
542826,545587,556653,2761,11066,1,18000,1.24950298211
542827,545683,556752,2856,11069,1,18000,1.25801788779
542827,545701,556755,2874,11054,1,18000,1.2599963814
542827,545709,556837,2882,11128,1,18000,1.25898634076
542827,545828,556858,3001,11030,1,18000,1.27207615594
542828,546376,557487,3548,11111,1,18000,1.31932319323
542828,546048,557109,3220,11061,1,18000,1.29111291927
542828,545967,557008,3139,11041,1,18000,1.28430395797
542828,546043,557072,3215,11029,1,18000,1.29150421616
542829,547006,558029,4177,11023,1,18000,1.37893495419
542829,546712,557776,3883,11064,1,18000,1.35095806218
542829,546617,557717,3788,11100,1,18000,1.34126126126
542830,554605,562670,11775,8065,1,18000,2.46001239926
542830,554618,562665,11788,8047,1,18000,2.46489374922
542830,554597,562665,11767,8068,1,18000,2.45847793753
542830,547081,558126,4251,11045,1,18000,1.38488003622
542831,554668,562665,11837,7997,1,18000,2.48018006753
542831,554647,562665,11816,8018,1,18000,2.47368421053
542831,554636,562665,11805,8029,1,18000,2.47029517997
542832,554750,562665,11918,7915,1,18000,2.50574857865
542832,554769,562665,11937,7896,1,18000,2.5117781155
542832,554775,562665,11943,7890,1,18000,2.51368821293
542833,554826,562665,11993,7839,1,18000,2.52991452991
542833,554932,562665,12099,7733,1,18000,2.56459330144
542833,554938,562665,12105,7727,1,18000,2.56658470299
542833,554992,562665,12159,7673,1,18000,2.58464746514
542834,555050,562665,12216,7615,1,18000,2.60420223244
542834,555090,562665,12256,7575,1,18000,2.61795379538
542834,555097,562665,12263,7568,1,18000,2.62037526427
542835,555216,562665,12381,7449,1,18000,2.66210229561
542835,555156,562665,12321,7509,1,18000,2.6408310028
542835,555194,562665,12359,7471,1,18000,2.65426315085
542836,555745,562665,12909,6920,1,18000,2.86546242775
542836,555752,562665,12916,6913,1,18000,2.86836395197
542836,555223,562665,12387,7442,1,18000,2.66447191615
542836,555249,562665,12413,7416,1,18000,2.67381337648
547436,551585,568298,4149,16713,12,86400,1.24824986537
547500,553931,563184,6431,9253,12,86400,1.69501783205
547565,554013,557741,6448,3728,12,86400,2.72961373391
553012,554314,633677,1302,79363,1,108000,1.01640562983
553139,554322,652446,1183,98124,1,108000,1.01205617382
553235,554373,642412,1138,88039,1,108000,1.01292608957
553286,554400,640378,1114,85978,1,108000,1.0129568029
553348,554562,630274,1214,75712,1,108000,1.01603444632
553403,554582,627174,1179,72592,1,108000,1.01624145911
554508,554514,554598,6,84,1,144000,1.07142857143
556015,556025,557271,10,1246,1,144000,1.00802568218
557462,557763,586541,301,28778,1,144000,1.01045937869
557487,557719,579392,232,21673,4,86400,1.01070456328
557489,557752,579456,263,21704,4,86400,1.01211758201
557491,557758,644194,267,86436,4,86400,1.0030889907
557910,558191,644637,281,86446,4,86400,1.00325058418
557912,558412,644878,500,86466,4,86400,1.00578261976
557915,558991,563560,1076,4569,4,86400,1.23550010943
558082,561043,579617,2961,18574,4,86400,1.1594163885
558085,562677,647134,4592,84457,4,86400,1.05437086328
558087,562690,567187,4603,4497,4,86400,2.02357126974
561546,562684,584927,1138,22243,24,28800,1.05116216338
562725,562740,568758,15,6018,1,18000,1.00249252243
562726,563201,568759,475,5558,1,18000,1.08546239655
562726,563206,568759,480,5553,1,18000,1.08643976229
562726,563196,568758,470,5562,1,18000,1.08450197771
562726,563183,568758,457,5575,1,18000,1.08197309417
562727,563212,568759,485,5547,1,18000,1.08743464936
562727,563217,568759,490,5542,1,18000,1.08841573439
562727,563223,568759,496,5536,1,18000,1.08959537572
562727,563228,568759,501,5531,1,18000,1.09058036521
562728,563255,568759,527,5504,1,18000,1.09574854651
562728,563233,568759,505,5526,1,18000,1.09138617445
562728,563244,568759,516,5515,1,18000,1.09356300997
562728,563239,568759,511,5520,1,18000,1.09257246377
562728,563250,568759,522,5509,1,18000,1.09475403885
562729,563583,568759,854,5176,1,18000,1.16499227202
562729,563589,568759,860,5170,1,18000,1.166344294
562729,563578,568759,849,5181,1,18000,1.16386797915
562729,563572,568759,843,5187,1,18000,1.16252168884
562730,563971,568759,1241,4788,1,18000,1.25918964077
562730,565077,568759,2347,3682,1,18000,1.63742531233
562730,563636,568759,906,5123,1,18000,1.17684950224
562730,563728,568759,998,5031,1,18000,1.19837010535
562731,565406,568759,2675,3353,1,18000,1.79779302118
562731,565467,568759,2736,3292,1,18000,1.83110571081
562731,565422,568759,2691,3337,1,18000,1.80641294576
562731,565416,568759,2685,3343,1,18000,1.80317080467
562731,565411,568759,2680,3348,1,18000,1.80047789725
562732,568315,568759,5583,444,1,18000,13.5743243243
562732,568320,568759,5588,439,1,18000,13.728929385
562732,568288,568759,5556,471,1,18000,12.7961783439
562732,566765,568759,4033,1994,1,18000,3.02256770311
562733,568326,568759,5593,433,1,18000,13.9168591224
562733,568337,568759,5604,422,1,18000,14.2796208531
562733,568331,568759,5598,428,1,18000,14.0794392523
562733,568347,568759,5614,412,1,18000,14.6262135922
562733,568342,568759,5609,417,1,18000,14.4508393285
562734,568353,568760,5619,407,1,18000,14.8058968059
565925,567198,570483,1273,3285,4,43200,1.38751902588
565978,568310,571135,2332,2825,4,43200,1.82548672566
569740,569819,570729,79,910,1,18000,1.08681318681
569740,569782,570721,42,939,1,18000,1.0447284345
569741,569835,570766,94,931,1,18000,1.10096670247
569741,570503,571253,762,750,1,18000,2.016
569741,570508,571253,767,745,1,18000,2.02953020134
569741,570530,571253,789,723,1,18000,2.09128630705
569741,570612,571253,871,641,1,18000,2.35881435257
569742,570643,571253,901,610,1,18000,2.47704918033
569742,570661,571253,919,592,1,18000,2.55236486486
569742,570733,571253,991,520,1,18000,2.90576923077
569742,570724,571256,982,532,1,18000,2.84586466165
569743,570742,571253,999,511,1,18000,2.95499021526
569743,570762,571253,1019,491,1,18000,3.07535641548
569743,570779,571253,1036,474,1,18000,3.18565400844
569743,570797,571253,1054,456,1,18000,3.31140350877
569744,570803,571253,1059,450,1,18000,3.35333333333
569744,570811,571253,1067,442,1,18000,3.41402714932
569792,572212,576892,2420,4680,12,86400,1.51709401709
569840,572217,575946,2377,3729,12,86400,1.63743631
570968,571273,657044,305,85771,20,86399,1.00355598046
571112,571631,572200,519,569,20,7199,1.91212653779
571362,571624,572557,262,933,1,18000,1.28081457663
571362,571643,572605,281,962,1,18000,1.2920997921
571362,571482,572424,120,942,1,18000,1.12738853503
571363,571725,572730,362,1005,1,18000,1.36019900498
571363,571908,572854,545,946,1,18000,1.57610993658
571363,571996,572872,633,876,1,18000,1.72260273973
571363,571969,572940,606,971,1,18000,1.62409886715
571364,572569,573498,1205,929,1,18000,2.29709364909
571364,572280,573153,916,873,1,18000,2.04925544101
571364,572318,573164,954,846,1,18000,2.12765957447
571364,572437,573231,1073,794,1,18000,2.35138539043
571364,572227,573185,863,958,1,18000,1.90083507307
571365,572612,573554,1247,942,1,18000,2.32377919321
571365,572742,573447,1377,705,1,18000,2.95319148936
571365,572620,573425,1255,805,1,18000,2.55900621118
571365,572821,573687,1456,866,1,18000,2.68129330254
571366,572885,573774,1519,889,1,18000,2.70866141732
571366,572866,573709,1500,843,1,18000,2.7793594306
571366,572952,573827,1586,875,1,18000,2.81257142857
571366,573166,574047,1800,881,1,18000,3.04313280363
571367,573176,573927,1809,751,1,18000,3.40878828229
571979,581806,643132,9827,61326,16,72000,1.16024198545
571998,584939,643310,12941,58371,16,72000,1.22170255778
572315,574831,588542,2516,13711,20,28799,1.18350229743
572367,576218,588386,3851,12168,20,28799,1.31648586456
572421,579467,591817,7046,12350,20,28799,1.57052631579
573139,580304,583277,7165,2973,4,43200,3.41002354524
574662,583289,583353,8627,64,4,86400,135.796875
574702,583365,583433,8663,68,4,86400,128.397058824
578300,578398,579304,98,906,1,18000,1.10816777042
578300,582038,582961,3738,923,1,18000,5.04983748646
578300,578306,579189,6,883,1,18000,1.00679501699
578301,583456,584464,5155,1008,1,18000,6.11408730159
578301,583446,584337,5145,891,1,18000,6.77441077441
578301,583451,584293,5150,842,1,18000,7.11638954869
578302,583462,584494,5160,1032,1,18000,6.0
578302,584506,585437,6204,931,1,18000,7.66380236305
578302,584350,585253,6048,903,1,18000,7.6976744186
578303,584949,585922,6646,973,1,18000,7.83042137718
578303,584944,586142,6641,1198,1,18000,6.54340567613
578303,584955,585804,6652,849,1,18000,8.83510011779
578304,584966,585900,6662,934,1,18000,8.13276231263
578304,584960,585709,6656,749,1,18000,9.88651535381
578304,584971,585853,6667,882,1,18000,8.5589569161
578305,584976,585889,6671,913,1,18000,8.30668127054
578305,584982,586028,6677,1046,1,18000,7.38336520076
578305,584987,585757,6682,770,1,18000,9.67792207792
578305,584993,585764,6688,771,1,18000,9.67444876783
578306,584998,585729,6692,731,1,18000,10.1545827633
578306,585264,586022,6958,758,1,18000,10.1794195251
586457,587315,591591,858,4276,4,86400,1.20065481759
586475,586496,586497,21,1,1,7200,2.2
586476,586568,586728,92,160,1,7200,1.575
586476,586656,586668,180,12,1,7200,16.0
586476,586576,586644,100,68,1,7200,2.47058823529
586476,586508,586555,32,47,1,7200,1.68085106383
586477,586693,586934,216,241,1,7200,1.89626556017
586477,586740,587109,263,369,1,7200,1.71273712737
586477,586946,588168,469,1222,1,7200,1.38379705401
586477,587070,594302,593,7232,1,7200,1.08199668142
586477,586680,586681,203,1,1,7200,20.4
586478,587586,589405,1108,1819,1,7200,1.60912589335
586478,588409,588411,1931,2,1,7200,193.3
586478,588404,588405,1926,1,1,7200,192.7
586478,587122,587123,644,1,1,7200,64.5
586479,588415,591909,1936,3494,1,7200,1.55409273039
586479,588436,588437,1957,1,1,7200,195.8
586479,588431,588434,1952,3,1,7200,195.5
586479,588420,588424,1941,4,1,7200,194.5
586480,588448,595687,1968,7239,1,7200,1.27186075425
586480,588453,589581,1973,1128,1,7200,2.74911347518
586480,588458,588460,1978,2,1,7200,198.0
586481,588469,588495,1988,26,1,7200,77.4615384615
586481,588509,588510,2028,1,1,7200,202.9
586481,588503,588513,2022,10,1,7200,203.2
586481,588514,588516,2033,2,1,7200,203.5
586481,588464,595669,1983,7205,1,7200,1.27522553782
586482,588530,589383,2048,853,1,7200,3.40093786635
586482,588541,588542,2059,1,1,7200,206.0
586482,588536,588537,2054,1,1,7200,205.5
586482,588520,588891,2038,371,1,7200,6.49326145553
586483,588564,588771,2081,207,1,7200,11.0531400966
586483,588559,588560,2076,1,1,7200,207.7
586483,588553,588633,2070,80,1,7200,26.875
586483,588548,588550,2065,2,1,7200,206.7
586484,588577,588589,2093,12,1,7200,175.416666667
586484,588593,588594,2109,1,1,7200,211.0
586484,588570,590513,2086,1943,1,7200,2.07359752959
586484,588582,588583,2098,1,1,7200,209.9
586485,588716,590012,2231,1296,1,7200,2.72145061728
586485,588733,595954,2248,7221,1,7200,1.31131422241
586485,588727,595951,2242,7224,1,7200,1.31035437431
586486,588738,588740,2252,2,1,7200,225.4
586486,588783,588785,2297,2,1,7200,229.9
586486,588756,588839,2270,83,1,7200,28.3493975904
586486,588797,588920,2311,123,1,7200,19.7886178862
586486,588751,589216,2265,465,1,7200,5.87096774194
586487,588904,588922,2417,18,1,7200,135.277777778
586487,588892,588908,2405,16,1,7200,151.3125
586487,588851,588879,2364,28,1,7200,85.4285714286
586487,588925,588926,2438,1,1,7200,243.9
586488,588977,589006,2489,29,1,7200,86.8275862069
586488,588939,590860,2451,1921,1,7200,2.27589796981
586488,588932,589896,2444,964,1,7200,3.53526970954
586488,588944,588964,2456,20,1,7200,123.8
586489,589032,589806,2543,774,1,7200,4.28552971576
586489,589018,589019,2529,1,1,7200,253.0
586489,589228,589273,2739,45,1,7200,61.8666666667
586489,589286,589287,2797,1,1,7200,279.8
586490,589340,589341,2850,1,1,7200,285.1
586490,589353,596564,2863,7211,1,7200,1.39703231175
586490,589313,589328,2823,15,1,7200,189.2
586491,589396,589540,2905,144,1,7200,21.1736111111
586491,589552,596770,3061,7218,1,7200,1.42407869216
586491,589418,589558,2927,140,1,7200,21.9071428571
586492,589607,590689,3115,1082,1,7200,3.87892791128
586492,589822,589868,3330,46,1,7200,73.3913043478
586492,589570,596791,3078,7221,1,7200,1.42625675114
586492,589594,589595,3102,1,1,7200,310.3
586493,589885,590127,3392,242,1,7200,15.0165289256
586493,590024,591129,3531,1105,1,7200,4.19547511312
586493,589908,597126,3415,7218,1,7200,1.47312274868
586494,590139,590250,3645,111,1,7200,33.8378378378
586494,590263,590264,3769,1,1,7200,377.0
586494,590276,597501,3782,7225,1,7200,1.52346020761
586495,591834,593865,5339,2031,1,7200,3.62875430822
586495,591632,591888,5137,256,1,7200,21.06640625
586495,591840,591924,5345,84,1,7200,64.630952381
586496,591939,592198,5443,259,1,7200,22.0154440154
586496,591845,591892,5349,47,1,7200,114.808510638
586496,591928,591930,5432,2,1,7200,543.4
586496,591934,592019,5438,85,1,7200,64.9764705882
586497,591951,599190,5454,7239,1,7200,1.75341898052
586497,591970,593952,5473,1982,1,7200,3.76135216953
586497,591956,591957,5459,1,1,7200,546.0
586497,592031,592662,5534,631,1,7200,9.77020602219
586498,592210,592214,5712,4,1,7200,571.6
586499,592278,592280,5779,2,1,7200,578.1
586499,592265,592266,5766,1,1,7200,576.7
586500,592394,592451,5894,57,1,7200,104.403508772
586500,592463,594002,5963,1539,1,7200,4.87459389214
586500,592305,592379,5805,74,1,7200,79.4459459459
586501,593300,593324,6799,24,1,7200,284.291666667
586501,593336,593415,6835,79,1,7200,87.5189873418
586501,592674,593287,6173,613,1,7200,11.0701468189
586501,593427,593429,6926,2,1,7200,692.8
586502,593988,593989,7486,1,1,7200,748.7
586502,593965,593975,7463,10,1,7200,747.3
586502,593877,594549,7375,672,1,7200,11.974702381
586502,593441,600673,6939,7232,1,7200,1.95948561947
586503,594093,596460,7590,2367,1,7200,4.20659062104
586503,594015,601218,7512,7203,1,7200,2.04289879217
586503,594002,594081,7499,79,1,7200,95.9240506329
586504,594561,594562,8057,1,1,7200,805.8
586504,594472,594602,7968,130,1,7200,62.2923076923
586504,594328,594460,7824,132,1,7200,60.2727272727
586504,594315,594316,7811,1,1,7200,781.2
586505,594605,594606,8100,1,1,7200,810.1
586505,594575,594592,8070,17,1,7200,475.705882353
586506,594642,595796,8136,1154,1,7200,8.05025996534
586506,594649,597595,8143,2946,1,7200,3.76408689749
586507,595681,595815,9174,134,1,7200,69.4626865672
586507,595712,596260,9205,548,1,7200,17.7974452555
586508,595870,595871,9362,1,1,7200,936.3
586508,595883,596101,9375,218,1,7200,44.004587156
586508,595808,595858,9300,50,1,7200,187.0
586508,595828,596015,9320,187,1,7200,50.8395721925
586509,595980,596211,9471,231,1,7200,42.0
586509,595970,596037,9461,67,1,7200,142.208955224
586509,596027,596032,9518,5,1,7200,952.3
586509,595963,595967,9454,4,1,7200,945.8
586510,596045,596222,9535,177,1,7200,54.8700564972
586510,596114,596269,9604,155,1,7200,62.9612903226
586510,596052,596820,9542,768,1,7200,13.4244791667
586511,596235,596398,9724,163,1,7200,60.6564417178
586511,596272,596405,9761,133,1,7200,74.3909774436
586511,596223,597312,9712,1089,1,7200,9.91827364555
586511,596281,596463,9770,182,1,7200,54.6813186813
586512,596432,596957,9920,525,1,7200,19.8952380952
586512,596445,596908,9933,463,1,7200,22.4535637149
586512,596411,596420,9899,9,1,7200,990.8
586512,596418,596433,9906,15,1,7200,661.4
586513,596480,596739,9967,259,1,7200,39.4826254826
586513,596576,596882,10063,306,1,7200,33.885620915
586513,596473,596667,9960,194,1,7200,52.3402061856
586514,596752,596756,10238,4,1,7200,1024.2
586514,596783,596802,10269,19,1,7200,541.473684211
586514,596679,596774,10165,95,1,7200,108.0
586514,596768,596861,10254,93,1,7200,111.258064516
586515,596815,596823,10300,8,1,7200,1030.8
586515,596790,596852,10275,62,1,7200,166.725806452
586515,596832,596870,10317,38,1,7200,272.5
586515,596803,596993,10288,190,1,7200,55.1473684211
586516,596839,604046,10323,7207,1,7200,2.43235743028
586516,596873,604091,10357,7218,1,7200,2.4348850097
586516,596864,597291,10348,427,1,7200,25.2341920375
586517,596882,598914,10365,2032,1,7200,6.10088582677
586517,596894,596895,10377,1,1,7200,1037.8
586518,596926,598094,10408,1168,1,7200,9.91095890411
586518,596970,601639,10452,4669,1,7200,3.23859498822
586518,596933,597796,10415,863,1,7200,13.0683661645
586519,597005,597478,10486,473,1,7200,23.1691331924
586519,597303,597555,10784,252,1,7200,43.7936507937
586519,597323,597697,10804,374,1,7200,29.8877005348
586519,597138,597944,10619,806,1,7200,14.1749379653
586520,597513,597644,10993,131,1,7200,84.9160305344
586520,597491,598274,10971,783,1,7200,15.0114942529
586520,597567,597742,11047,175,1,7200,64.1257142857
586521,597607,597609,11086,2,1,7200,1108.8
586522,597681,597917,11159,236,1,7200,48.2838983051
586522,597656,597657,11134,1,1,7200,1113.5
586522,597662,597674,11140,12,1,7200,929.333333333
586523,597711,597816,11188,105,1,7200,107.552380952
586523,597688,597692,11165,4,1,7200,1116.9
586523,597704,597950,11181,246,1,7200,46.4512195122
586523,597755,598148,11232,393,1,7200,29.5801526718
586524,597929,597947,11405,18,1,7200,634.611111111
586524,597882,599348,11358,1466,1,7200,8.74761255116
586524,597828,605047,11304,7219,1,7200,2.56586784873
586524,597808,597870,11284,62,1,7200,183.0
586525,597957,598884,11432,927,1,7200,13.3322545847
586525,597964,598096,11439,132,1,7200,87.6590909091
586525,597969,605179,11444,7210,1,7200,2.58723994452
586525,598106,598361,11581,255,1,7200,46.4156862745
586526,598113,598139,11587,26,1,7200,446.653846154
586526,598151,598195,11625,44,1,7200,265.204545455
586526,598159,598311,11633,152,1,7200,77.5328947368
586527,598309,598317,11782,8,1,7200,1179.0
586527,598323,598389,11796,66,1,7200,179.727272727
586527,598304,598479,11777,175,1,7200,68.2971428571
586527,598330,598752,11803,422,1,7200,28.9691943128
586528,598373,598473,11845,100,1,7200,119.45
586528,598492,598633,11964,141,1,7200,85.8510638298
586528,598485,598879,11957,394,1,7200,31.347715736
586528,598401,598869,11873,468,1,7200,26.3696581197
586529,598715,598734,12186,19,1,7200,642.368421053
586529,598747,600115,12218,1368,1,7200,9.93128654971
586529,598645,598703,12116,58,1,7200,209.896551724
586530,598881,600015,12351,1134,1,7200,11.8915343915
586530,598892,598919,12362,27,1,7200,458.851851852
586530,598765,598979,12235,214,1,7200,58.1728971963
586531,598933,599163,12402,230,1,7200,54.9217391304
586531,598992,606212,12461,7220,1,7200,2.72590027701
586531,598899,600800,12368,1901,1,7200,7.50604944766
586531,598926,599077,12395,151,1,7200,83.0860927152
586532,599090,599248,12558,158,1,7200,80.4810126582
586532,599175,599176,12643,1,1,7200,1264.4
586533,599207,606435,12674,7228,1,7200,2.75345877144
586533,599213,599214,12680,1,1,7200,1268.1
586535,599260,599520,12725,260,1,7200,49.9423076923
586536,599327,599366,12791,39,1,7200,328.974358974
586537,599360,599465,12823,105,1,7200,123.123809524
586537,599378,599422,12841,44,1,7200,292.840909091
586537,599478,599907,12941,429,1,7200,31.1655011655
586537,599434,604481,12897,5047,1,7200,3.55537943333
586538,599919,599949,13381,30,1,7200,447.033333333
586538,599961,603656,13423,3695,1,7200,4.63274695535
586538,599533,606757,12995,7224,1,7200,2.7988648948
586539,600078,607308,13539,7230,1,7200,2.87261410788
586539,600027,600045,13488,18,1,7200,750.333333333
586539,600057,600066,13518,9,1,7200,1352.7
586539,600127,600285,13588,158,1,7200,87.0
586540,600692,607903,14152,7211,1,7200,2.96255720427
586540,600297,600677,13757,380,1,7200,37.2026315789
586540,600812,600868,14272,56,1,7200,255.857142857
586540,600685,600901,14145,216,1,7200,66.4861111111
586541,600880,601082,14339,202,1,7200,71.9851485149
586541,600934,608143,14393,7209,1,7200,2.99653211264
586541,600913,600922,14372,9,1,7200,1438.1
586542,601145,608384,14603,7239,1,7200,3.01726757839
586542,601094,601109,14552,15,1,7200,971.133333333
586542,601230,601988,14688,758,1,7200,20.3773087071
586542,601122,601133,14580,11,1,7200,1326.45454545
586543,601651,601670,15108,19,1,7200,796.157894737
586543,601683,601993,15140,310,1,7200,49.8387096774
586543,602000,602144,15457,144,1,7200,108.340277778
586544,602034,603547,15490,1513,1,7200,11.2379378718
586544,602226,602502,15682,276,1,7200,57.8188405797
586544,602007,602021,15463,14,1,7200,1105.5
586544,602157,602214,15613,57,1,7200,274.912280702
586545,603066,603205,16521,139,1,7200,119.856115108
586545,603048,603053,16503,5,1,7200,1650.8
586545,602591,602789,16046,198,1,7200,82.0404040404
586545,602801,603035,16256,234,1,7200,70.4700854701
586546,603576,605319,17030,1743,1,7200,10.7705106139
586546,603217,604501,16671,1284,1,7200,13.9836448598
586546,603560,603564,17014,4,1,7200,1701.8
586546,603668,603719,17122,51,1,7200,336.725490196
586547,603787,603802,17240,15,1,7200,1150.33333333
586547,603731,603760,17184,29,1,7200,593.551724138
586547,603772,603775,17225,3,1,7200,1722.8
586548,603815,604020,17267,205,1,7200,85.2292682927
586548,604032,604091,17484,59,1,7200,297.338983051
586548,604102,604188,17554,86,1,7200,205.11627907
586548,604058,604101,17510,43,1,7200,408.209302326
586549,604115,604123,17566,8,1,7200,1757.4
586549,604140,604151,17591,11,1,7200,1600.18181818
586549,604108,605841,17559,1733,1,7200,11.1321407963
586550,604201,604237,17651,36,1,7200,491.305555556
586550,604250,604290,17700,40,1,7200,443.5
586550,604163,604552,17613,389,1,7200,46.2776349614
586550,604303,606252,17753,1949,1,7200,10.1087737301
586551,605191,605263,18640,72,1,7200,259.888888889
586551,605331,612561,18780,7230,1,7200,3.59751037344
586551,605276,605566,18725,290,1,7200,65.5689655172
586551,605579,605646,19028,67,1,7200,285.0
586552,605658,605669,19106,11,1,7200,1737.90909091
586552,605681,605697,19129,16,1,7200,1196.5625
586552,605854,606032,19302,178,1,7200,109.438202247
586552,605709,606183,19157,474,1,7200,41.4156118143
586553,606195,606220,19642,25,1,7200,786.68
586553,606044,613272,19491,7228,1,7200,3.6965965689
586553,606224,606257,19671,33,1,7200,597.090909091
586554,606447,613680,19893,7233,1,7200,3.75031107424
586554,606233,606627,19679,394,1,7200,50.9467005076
586554,606264,606884,19710,620,1,7200,32.7903225806
586554,606271,606452,19717,181,1,7200,109.933701657
586555,606597,606629,20042,32,1,7200,627.3125
586555,606491,606587,19936,96,1,7200,208.666666667
586555,606465,606479,19910,14,1,7200,1423.14285714
586556,606608,606640,20052,32,1,7200,627.625
586556,606621,606838,20065,217,1,7200,93.465437788
586556,606614,607083,20058,469,1,7200,43.7675906183
586556,606602,606621,20046,19,1,7200,1056.05263158
586557,606640,606718,20083,78,1,7200,258.474358974
586557,606647,606841,20090,194,1,7200,104.556701031
586557,606633,606684,20076,51,1,7200,394.647058824
586557,606654,606734,20097,80,1,7200,252.2125
586558,606696,610162,20138,3466,1,7200,6.81015579919
586558,606746,606815,20188,69,1,7200,293.579710145
586558,606730,607189,20172,459,1,7200,44.9477124183
586559,606857,606878,20298,21,1,7200,967.571428571
586559,606827,606881,20268,54,1,7200,376.333333333
586559,606851,606882,20292,31,1,7200,655.580645161
586559,606769,606892,20210,123,1,7200,165.308943089
586560,606891,606897,20331,6,1,7200,2033.7
586560,606898,606910,20338,12,1,7200,1695.83333333
586560,606903,606911,20343,8,1,7200,2035.1
586561,606929,607271,20368,342,1,7200,60.5555555556
586561,606916,614137,20355,7221,1,7200,3.81886165351
586561,606909,606947,20348,38,1,7200,536.473684211
586561,606922,606950,20361,28,1,7200,728.178571429
586562,606958,606971,20396,13,1,7200,1569.92307692
586562,606966,606992,20404,26,1,7200,785.769230769
586562,606934,607376,20372,442,1,7200,47.0904977376
586563,607091,607170,20528,79,1,7200,260.848101266
586563,606983,607210,20420,227,1,7200,90.9559471366
586563,607004,607079,20441,75,1,7200,273.546666667
586564,607098,607886,20534,788,1,7200,27.0583756345
586564,607183,607740,20619,557,1,7200,38.0179533214
586564,607201,614405,20637,7204,1,7200,3.86465852304
586564,607223,607237,20659,14,1,7200,1476.64285714
586565,607249,607255,20684,6,1,7200,2069.0
586565,607320,607328,20755,8,1,7200,2076.3
586565,607267,607359,20702,92,1,7200,226.02173913
586565,607284,607525,20719,241,1,7200,86.9709543568
586566,607340,607354,20774,14,1,7200,1484.85714286
586566,607389,607418,20823,29,1,7200,719.034482759
586566,607366,607426,20800,60,1,7200,347.666666667
586566,607373,607886,20807,513,1,7200,41.559454191
586567,607438,607594,20871,156,1,7200,134.788461538
586567,607430,607485,20863,55,1,7200,380.327272727
586567,607498,607544,20931,46,1,7200,456.02173913
586568,607606,607686,21038,80,1,7200,263.975
586568,607537,607728,20969,191,1,7200,110.785340314
586568,607557,607795,20989,238,1,7200,89.1890756303
586568,607699,608004,21131,305,1,7200,70.2819672131
586569,607795,615006,21226,7211,1,7200,3.94355845236
586569,607740,608188,21171,448,1,7200,48.2566964286
586569,607778,607782,21209,4,1,7200,2121.3
586569,607753,607766,21184,13,1,7200,1630.53846154
586570,607807,607880,21237,73,1,7200,291.917808219
586570,607892,608555,21322,663,1,7200,33.1598793363
586570,607899,607901,21329,2,1,7200,2133.1
586571,607920,608481,21349,561,1,7200,39.055258467
586571,607913,607925,21342,12,1,7200,1779.5
586571,607904,607923,21333,19,1,7200,1123.78947368
586572,607935,607936,21363,1,1,7200,2136.4
586572,607942,607964,21370,22,1,7200,972.363636364
586572,607949,608220,21377,271,1,7200,79.8819188192
586573,608003,608157,21430,154,1,7200,140.155844156
586573,607990,607991,21417,1,1,7200,2141.8
586573,608017,608019,21444,2,1,7200,2144.6
586573,607976,607978,21403,2,1,7200,2140.5
586574,608155,608158,21581,3,1,7200,2158.4
586574,608043,608243,21469,200,1,7200,108.345
586575,608183,610105,21608,1922,1,7200,12.2424557752
586575,608176,608186,21601,10,1,7200,2161.1
586575,608169,608171,21594,2,1,7200,2159.6
586575,608198,608200,21623,2,1,7200,2162.5
586576,608205,608206,21629,1,1,7200,2163.0
586576,608220,615422,21644,7202,1,7200,4.00527631214
586577,608227,608250,21650,23,1,7200,942.304347826
586577,608234,608235,21657,1,1,7200,2165.8
586578,608262,608322,21684,60,1,7200,362.4
586578,608255,608256,21677,1,1,7200,2167.8
586578,608267,608327,21689,60,1,7200,362.483333333
586579,608334,608335,21755,1,1,7200,2175.6
586579,608287,608325,21708,38,1,7200,572.263157895
586579,608341,608342,21762,1,1,7200,2176.3
586580,608366,608590,21786,224,1,7200,98.2589285714
586580,608353,608405,21773,52,1,7200,419.711538462
586580,608346,608348,21766,2,1,7200,2176.8
586580,608359,608361,21779,2,1,7200,2178.1
586581,608397,608400,21816,3,1,7200,2181.9
586581,608374,608378,21793,4,1,7200,2179.7
586582,608412,608415,21830,3,1,7200,2183.3
586582,608419,608473,21837,54,1,7200,405.388888889
586582,608404,608670,21822,266,1,7200,83.037593985
586583,608440,608444,21857,4,1,7200,2186.1
586584,608468,608968,21884,500,1,7200,44.768
586584,608494,608495,21910,1,1,7200,2191.1
586584,608507,608519,21923,12,1,7200,1827.91666667
586584,608485,608529,21901,44,1,7200,498.75
586585,608549,615778,21964,7229,1,7200,4.03831788629
586585,608531,608532,21946,1,1,7200,2194.7
586585,608542,608546,21957,4,1,7200,2196.1
586586,608599,615845,22013,7246,1,7200,4.0379519735
586586,608574,608587,21988,13,1,7200,1692.38461538
586586,608567,608575,21981,8,1,7200,2198.9
586587,608604,609020,22017,416,1,7200,53.9254807692
586587,608625,608647,22038,22,1,7200,1002.72727273
586587,608611,608612,22024,1,1,7200,2202.5
586588,608684,608867,22096,183,1,7200,121.743169399
586588,608660,608664,22072,4,1,7200,2207.6
586589,608704,608712,22115,8,1,7200,2212.3
586589,608724,608745,22135,21,1,7200,1055.04761905
586589,608757,608817,22168,60,1,7200,370.466666667
586589,608829,608879,22240,50,1,7200,445.8
586590,608891,608893,22301,2,1,7200,2230.3
586590,608880,608919,22290,39,1,7200,572.538461538
586590,608919,608920,22329,1,1,7200,2233.0
586590,608907,608908,22317,1,1,7200,2231.8
586591,608932,616136,22341,7204,1,7200,4.10119378123
586591,608949,616189,22358,7240,1,7200,4.08812154696
586591,608937,608938,22346,1,1,7200,2234.7
586591,608979,608981,22388,2,1,7200,2239.0
586592,609032,611139,22440,2107,1,7200,11.6502135738
586592,609225,616439,22633,7214,1,7200,4.1373717771
586592,608994,609213,22402,219,1,7200,103.292237443
586593,610118,610119,23525,1,1,7200,2352.6
586594,610178,610249,23584,71,1,7200,333.169014085
586594,610171,610172,23577,1,1,7200,2357.8
586594,610263,610277,23669,14,1,7200,1691.64285714
586594,610185,610372,23591,187,1,7200,127.155080214
586595,610289,610291,23694,2,1,7200,2369.6
586595,610316,610374,23721,58,1,7200,409.982758621
586595,610384,610386,23789,2,1,7200,2379.1
586596,610391,610395,23795,4,1,7200,2379.9
586596,610407,610410,23811,3,1,7200,2381.4
586596,610414,610418,23818,4,1,7200,2382.2
586597,610436,610449,23839,13,1,7200,1834.76923077
586597,610442,610468,23845,26,1,7200,918.115384615
586598,610482,610484,23884,2,1,7200,2388.6
586598,610461,610463,23863,2,1,7200,2386.5
586598,610488,610498,23890,10,1,7200,2390.0
586598,610475,610476,23877,1,1,7200,2387.8
586599,610496,613594,23897,3098,1,7200,8.71368624919
586599,611177,611191,24578,14,1,7200,1756.57142857
586599,610510,617734,23911,7224,1,7200,4.30993909192
586599,611152,611165,24553,13,1,7200,1889.69230769
586600,611234,611235,24634,1,1,7200,2463.5
586600,611203,611221,24603,18,1,7200,1367.83333333
586601,612573,612577,25972,4,1,7200,2597.6
586601,612589,612590,25988,1,1,7200,2598.9
586601,611271,618510,24670,7239,1,7200,4.407929272
586602,612628,612649,26026,21,1,7200,1240.33333333
586602,612614,612616,26012,2,1,7200,2601.4
586602,612662,612665,26060,3,1,7200,2606.3
586603,612703,612705,26100,2,1,7200,2610.2
586603,612717,612825,26114,108,1,7200,242.796296296
586603,612838,612842,26235,4,1,7200,2623.9
586603,612678,612690,26075,12,1,7200,2173.91666667
586604,612854,614062,26250,1208,1,7200,22.7301324503
586604,613298,613915,26694,617,1,7200,44.2641815235
586604,613285,613287,26681,2,1,7200,2668.3
586605,613812,614163,27207,351,1,7200,78.5128205128
586605,613927,613928,27322,1,1,7200,2732.3
586605,613692,613800,27087,108,1,7200,251.805555556
586606,613940,613943,27334,3,1,7200,2733.7
586606,613955,615495,27349,1540,1,7200,18.7590909091
586606,614074,614079,27468,5,1,7200,2747.3
586607,614104,616267,27497,2163,1,7200,13.7124364309
586607,614175,615818,27568,1643,1,7200,17.7790626902
586607,614149,614173,27542,24,1,7200,1148.58333333
586607,614185,614218,27578,33,1,7200,836.696969697
586608,614525,615120,27917,595,1,7200,47.9193277311
586608,614417,614513,27809,96,1,7200,290.677083333
586608,614230,614231,27622,1,1,7200,2762.3
586608,614244,615849,27636,1605,1,7200,18.2186915888
586609,615018,615021,28409,3,1,7200,2841.2
586609,615079,622296,28470,7217,1,7200,4.94485243176
586609,615045,615067,28436,22,1,7200,1293.54545455
586610,615326,615327,28716,1,1,7200,2871.7
586610,615133,615314,28523,181,1,7200,158.585635359
586611,615507,615514,28896,7,1,7200,2890.3
586611,615352,615648,28741,296,1,7200,98.097972973
586611,615526,616655,28915,1129,1,7200,26.6111603189
586611,615434,615792,28823,358,1,7200,81.5111731844
586612,615675,615679,29063,4,1,7200,2906.7
586612,616144,617039,29532,895,1,7200,33.9966480447
586612,615661,615664,29049,3,1,7200,2905.2
586612,615691,616132,29079,441,1,7200,66.9387755102
586613,615804,615842,29191,38,1,7200,769.184210526
586613,615830,615832,29217,2,1,7200,2921.9
586613,615791,615793,29178,2,1,7200,2918.0
586613,615810,623023,29197,7213,1,7200,5.04783030639
586614,615855,616051,29241,196,1,7200,150.18877551
586614,616200,616973,29586,773,1,7200,39.2742561449
586614,616151,616624,29537,473,1,7200,63.4460887949
586614,615845,615895,29231,50,1,7200,585.62
586615,616314,616315,29699,1,1,7200,2970.0
586615,616292,616302,29677,10,1,7200,2968.7
586615,616279,616280,29664,1,1,7200,2966.5
586616,616328,618481,29712,2153,1,7200,14.8002786809
586616,616527,616533,29911,6,1,7200,2991.7
586616,616451,616516,29835,65,1,7200,460.0
586617,616636,616639,30019,3,1,7200,3002.2
586617,616628,616631,30011,3,1,7200,3001.4
586617,616556,616616,29939,60,1,7200,499.983333333
586617,616544,616545,29927,1,1,7200,2992.8
586618,616644,616855,30026,211,1,7200,143.303317536
586618,616662,616774,30044,112,1,7200,269.25
586619,616786,616790,30167,4,1,7200,3017.1
586619,616692,616884,30073,192,1,7200,157.630208333
586619,616669,616680,30050,11,1,7200,2732.81818182
586619,616802,624011,30183,7209,1,7200,5.18684977112
586620,616897,617017,30277,120,1,7200,253.308333333
586620,616986,617033,30366,47,1,7200,647.085106383
586620,616867,617308,30247,441,1,7200,69.5873015873
586621,617045,617046,30424,1,1,7200,3042.5
586621,617029,617095,30408,66,1,7200,461.727272727
586621,617051,618401,30430,1350,1,7200,23.5407407407
586622,617107,617164,30485,57,1,7200,535.824561404
586622,617189,617202,30567,13,1,7200,2352.30769231
586622,617059,620097,30437,3038,1,7200,11.0187623436
586622,617175,617177,30553,2,1,7200,3055.5
586623,617214,617238,30591,24,1,7200,1275.625
586623,617250,617252,30627,2,1,7200,3062.9
586623,617264,617303,30641,39,1,7200,786.666666667
586624,617321,617324,30697,3,1,7200,3070.0
586624,617652,617653,31028,1,1,7200,3102.9
586624,617314,624533,30690,7219,1,7200,5.25128134091
586624,617336,617640,30712,304,1,7200,102.026315789
586625,617677,624904,31052,7227,1,7200,5.29666528297
586625,617746,617838,31121,92,1,7200,339.27173913
586626,617851,617997,31225,146,1,7200,214.869863014
586626,618008,618010,31382,2,1,7200,3138.4
586626,618034,618037,31408,3,1,7200,3141.1
586627,618061,618076,31434,15,1,7200,2096.6
586627,618091,618166,31464,75,1,7200,420.52
586628,618414,618418,31786,4,1,7200,3179.0
586628,618183,625429,31555,7246,1,7200,5.35481645046
586628,618432,618434,31804,2,1,7200,3180.6
586629,618521,618523,31892,2,1,7200,3189.4
586629,618536,618949,31907,413,1,7200,78.2566585956
586629,618446,618755,31817,309,1,7200,103.96763754
586629,618492,618557,31863,65,1,7200,491.2
586630,618766,618771,32136,5,1,7200,3214.1
586630,618600,618601,31970,1,1,7200,3197.1
586630,618613,618808,31983,195,1,7200,165.015384615
586630,618574,618588,31944,14,1,7200,2282.71428571
586631,618783,619036,32152,253,1,7200,128.083003953
586631,618895,619881,32264,986,1,7200,33.7221095335
586631,618820,618884,32189,64,1,7200,503.953125
586632,618963,618970,32331,7,1,7200,3233.8
586632,618982,619059,32350,77,1,7200,421.12987013
586632,619047,619060,32415,13,1,7200,2494.46153846
586633,619084,619085,32451,1,1,7200,3245.2
586633,619077,619833,32444,756,1,7200,43.9153439153
586633,619096,619097,32463,1,1,7200,3246.4
586634,619846,619902,33212,56,1,7200,594.071428571
586634,619226,626457,32592,7231,1,7200,5.50726040658
586634,619154,619214,32520,60,1,7200,543.0
586634,619121,619142,32487,21,1,7200,1548.0
586635,619907,621368,33272,1461,1,7200,23.7734428474
586635,619915,619918,33280,3,1,7200,3328.3
586635,619893,619895,33258,2,1,7200,3326.0
586636,619929,620878,33293,949,1,7200,36.0821917808
586636,620890,620892,34254,2,1,7200,3425.6
586636,620124,621552,33488,1428,1,7200,24.4509803922
586636,620109,620112,33473,3,1,7200,3347.6
586637,620903,620914,34266,11,1,7200,3116.09090909
586637,620926,621029,34289,103,1,7200,333.902912621
586637,621041,621330,34404,289,1,7200,120.044982699
587119,588399,591551,1280,3152,4,86400,1.40609137056
590412,590525,591209,113,684,1,18000,1.16520467836
590412,590456,591250,44,794,1,18000,1.05541561713
590412,590648,591396,236,748,1,18000,1.31550802139
590412,590701,591508,289,807,1,18000,1.35811648079
590413,590872,591639,459,767,1,18000,1.59843546284
590413,590743,591409,330,666,1,18000,1.4954954955
590413,590783,591530,370,747,1,18000,1.4953145917
590414,591221,591979,807,758,1,18000,2.06464379947
590414,591236,592091,822,855,1,18000,1.96140350877
590414,591141,591924,727,783,1,18000,1.92848020434
590414,591262,592069,848,807,1,18000,2.05080545229
590415,591520,592442,1105,922,1,18000,2.19848156182
590415,591543,592375,1128,832,1,18000,2.35576923077
590415,591421,592214,1006,793,1,18000,2.26860025221
590415,591408,592199,993,791,1,18000,2.25537294564
590416,591602,592534,1186,932,1,18000,2.27253218884
590416,591558,592408,1142,850,1,18000,2.34352941176
590416,591570,592398,1154,828,1,18000,2.39371980676
590416,591592,592513,1176,921,1,18000,2.27687296417
590417,591608,592322,1191,714,1,18000,2.66806722689
590417,591613,592336,1196,723,1,18000,2.65421853389
591519,591564,598560,45,6996,4,86400,1.006432247
591599,591829,600235,230,8406,4,86400,1.02736140852
596717,596723,597242,6,519,1,7200,1.01156069364
598180,598186,599116,6,930,1,18000,1.0064516129
598181,598192,599133,11,941,1,18000,1.01168969182
598181,598198,599091,17,893,1,18000,1.01903695409
598181,598209,599079,28,870,1,18000,1.03218390805
598181,598204,598981,23,777,1,18000,1.0296010296
598182,598225,599054,43,829,1,18000,1.05186972256
598182,598214,599045,32,831,1,18000,1.0385078219
598182,598220,599026,38,806,1,18000,1.04714640199
598183,598231,599023,48,792,1,18000,1.06060606061
598183,598241,599073,58,832,1,18000,1.06971153846
598183,598236,599060,53,824,1,18000,1.06432038835
598184,598252,598959,68,707,1,18000,1.09618104668
598184,598258,598947,74,689,1,18000,1.10740203193
598184,598247,598946,63,699,1,18000,1.09012875536
598185,598274,598955,89,681,1,18000,1.13069016153
598185,598269,598951,84,682,1,18000,1.12316715543
598185,598263,598970,78,707,1,18000,1.11032531825
598186,598291,598919,105,628,1,18000,1.16719745223
598186,598280,598951,94,671,1,18000,1.14008941878
598186,598285,598974,99,689,1,18000,1.14368650218
598187,598296,598971,109,675,1,18000,1.16148148148
598675,598681,603293,6,4612,4,86400,1.00130095403
600408,600414,600442,6,28,1,18000,1.21428571429
600408,600420,600442,12,22,1,18000,1.54545454545
600408,600425,600442,17,17,1,18000,2.0
600409,600437,600438,28,1,1,18000,2.9
600409,600431,600437,22,6,1,18000,2.8
600409,600442,600443,33,1,1,18000,3.4
600460,600472,601266,12,794,1,18000,1.01511335013
600460,600466,601330,6,864,1,18000,1.00694444444
600461,600483,601309,22,826,1,18000,1.02663438257
600461,600489,601364,28,875,1,18000,1.032
600461,600494,601306,33,812,1,18000,1.04064039409
600461,600477,601458,16,981,1,18000,1.01630988787
600462,600505,601240,43,735,1,18000,1.05850340136
600462,600510,601294,48,784,1,18000,1.0612244898
600462,600500,601216,38,716,1,18000,1.0530726257
600463,600521,601335,58,814,1,18000,1.07125307125
600463,600532,601233,69,701,1,18000,1.09843081312
600463,600516,601255,53,739,1,18000,1.07171853857
600463,600527,601178,64,651,1,18000,1.09831029186
600464,600537,601183,73,646,1,18000,1.11300309598
600464,600543,601217,79,674,1,18000,1.11721068249
600464,600549,601177,85,628,1,18000,1.13535031847
600465,600560,601196,95,636,1,18000,1.14937106918
600465,600554,601259,89,705,1,18000,1.12624113475
600465,600565,601231,100,666,1,18000,1.15015015015
600465,600570,601216,105,646,1,18000,1.16253869969
600466,600576,601286,110,710,1,18000,1.15492957746
600518,600583,693136,65,92553,1,345600,1.0007023003
600548,600588,692921,40,92333,1,345600,1.00043321456
600573,600593,693329,20,92736,1,345600,1.00021566598
600607,600613,692690,6,92077,1,345600,1.00006516285
600636,600643,693113,7,92470,1,345600,1.00007570023
600662,600669,692952,7,92283,1,345600,1.00007585362
602267,602284,609571,17,7287,1,18000,1.00233292164
602267,602279,609863,12,7584,1,18000,1.00158227848
602267,602273,610415,6,8142,1,18000,1.00073691968
602268,602291,609773,23,7482,1,18000,1.00307404437
602268,602296,609640,28,7344,1,18000,1.00381263617
602269,602301,609366,32,7065,1,18000,1.00452937013
602269,602318,609730,49,7412,1,18000,1.00661090124
602269,602307,609456,38,7149,1,18000,1.00531542873
602269,602312,609471,43,7159,1,18000,1.00600642548
602270,602323,609991,53,7668,1,18000,1.00691184142
602270,602334,609947,64,7613,1,18000,1.0084066728
602270,602329,610141,59,7812,1,18000,1.00755248336
602271,602345,609672,74,7327,1,18000,1.0100996315
602271,602357,609649,86,7292,1,18000,1.01179374657
602271,602351,609619,80,7268,1,18000,1.01100715465
602271,602340,610041,69,7701,1,18000,1.00895987534
602272,602373,609876,101,7503,1,18000,1.01346128215
602272,602368,609519,96,7151,1,18000,1.01342469585
602272,602362,609521,90,7159,1,18000,1.01257158821
602273,602384,610231,111,7847,1,18000,1.01414553332
602273,602395,609731,122,7336,1,18000,1.01663031625
602273,602389,610699,116,8310,1,18000,1.01395908544
602273,602378,610031,105,7653,1,18000,1.01372010976
602274,602400,609694,126,7294,1,18000,1.01727447217
602274,602405,609792,131,7387,1,18000,1.01773385678
602275,602411,609777,136,7366,1,18000,1.01846320934
602275,602416,609502,141,7086,1,18000,1.01989839119
602275,602422,609760,147,7338,1,18000,1.02003270646
602275,602427,610136,152,7709,1,18000,1.01971721365
602276,602438,610882,162,8444,1,18000,1.01918522027
602276,602433,610424,157,7991,1,18000,1.01964710299
602276,602443,611183,167,8740,1,18000,1.01910755149
602277,602460,609774,183,7314,1,18000,1.02502050861
602277,602454,610056,177,7602,1,18000,1.02328334649
602277,602449,610730,172,8281,1,18000,1.02077043835
602278,602470,609727,192,7257,1,18000,1.02645721372
602278,602476,610084,198,7608,1,18000,1.02602523659
602278,602481,610336,203,7855,1,18000,1.02584341184
602278,602465,609712,187,7247,1,18000,1.02580378087
602279,602492,611327,213,8835,1,18000,1.02410865874
602279,602487,610745,208,8258,1,18000,1.02518769678
602280,602508,611079,228,8571,1,18000,1.02660133007
602280,602503,610836,223,8333,1,18000,1.02676107044
602280,602497,611135,217,8638,1,18000,1.02512155592
602281,602519,609683,238,7164,1,18000,1.03322166387
602281,602524,609438,243,6914,1,18000,1.03514608042
602281,602513,610089,232,7576,1,18000,1.03062302006
602282,602541,610837,259,8296,1,18000,1.031219865
602282,602530,610215,248,7685,1,18000,1.03227065712
602282,602535,610061,253,7526,1,18000,1.03361679511
602283,602557,611132,274,8575,1,18000,1.03195335277
602283,602546,611119,263,8573,1,18000,1.03067770909
602283,602551,611235,268,8684,1,18000,1.03086135421
602284,602573,609808,289,7235,1,18000,1.0399447132
602284,602568,611154,284,8586,1,18000,1.03307710226
602284,602562,611052,278,8490,1,18000,1.03274440518
602285,602596,610243,311,7647,1,18000,1.04066954361
602285,602584,609930,299,7346,1,18000,1.04070242309
602285,602578,609575,293,6997,1,18000,1.04187508932
602286,602607,611296,321,8689,1,18000,1.0369432616
602286,602613,611570,327,8957,1,18000,1.03650775929
602286,602602,611052,316,8450,1,18000,1.0373964497
602287,603102,611704,815,8602,1,18000,1.09474540804
602287,603310,611906,1023,8596,1,18000,1.11900884132
602287,603305,612189,1018,8884,1,18000,1.11458802341
602288,603321,610251,1033,6930,1,18000,1.14906204906
602288,603316,611866,1028,8550,1,18000,1.12023391813
602288,608901,616413,6613,7512,1,18000,1.88032481363
602289,609451,617899,7162,8448,1,18000,1.84777462121
602289,609378,617058,7089,7680,1,18000,1.923046875
602289,609468,618519,7179,9051,1,18000,1.79317202519
602290,609484,618080,7194,8596,1,18000,1.83690088413
602290,609532,618165,7242,8633,1,18000,1.8388740878
602290,609514,618595,7224,9081,1,18000,1.79550710274
602290,609539,618058,7249,8519,1,18000,1.85092146966
602291,609634,617263,7343,7629,1,18000,1.96251146939
602291,609590,618338,7299,8748,1,18000,1.83436213992
602291,609583,617974,7292,8391,1,18000,1.86902633774
602292,609662,618098,7370,8436,1,18000,1.87363679469
602292,609652,617357,7360,7705,1,18000,1.9552238806
602292,609684,618934,7392,9250,1,18000,1.79913513514
602293,609740,618199,7447,8459,1,18000,1.88036410923
602293,609706,618356,7413,8650,1,18000,1.85699421965
602293,609724,618487,7431,8763,1,18000,1.84799726121
602293,609696,618551,7403,8855,1,18000,1.83602484472
602294,609752,618337,7458,8585,1,18000,1.86872451951
602294,609772,618214,7478,8442,1,18000,1.88580904999
602294,609747,618072,7453,8325,1,18000,1.89525525526
602295,609785,617603,7490,7818,1,18000,1.95804553594
602295,609804,618403,7509,8599,1,18000,1.87324107454
602295,609792,618110,7497,8318,1,18000,1.90129838904
602295,609797,618408,7502,8611,1,18000,1.87121124144
602296,609875,618718,7579,8843,1,18000,1.857062083
602296,609820,618421,7524,8601,1,18000,1.87478200209
602297,609943,618616,7646,8673,1,18000,1.88158653292
602297,610004,617860,7707,7856,1,18000,1.98103360489
602297,609960,618484,7663,8524,1,18000,1.898991084
602297,609889,618536,7592,8647,1,18000,1.8779923673
602298,610043,617360,7745,7317,1,18000,2.05849391827
602298,610068,618779,7770,8711,1,18000,1.89197566295
602298,610053,618177,7755,8124,1,18000,1.95457902511
602299,610152,618935,7853,8783,1,18000,1.8941136286
602299,610104,618633,7805,8529,1,18000,1.91511314339
602299,610097,619157,7798,9060,1,18000,1.86070640177
602299,610075,618517,7776,8442,1,18000,1.921108742
602300,610243,617471,7943,7228,1,18000,2.09892086331
602300,610164,618731,7864,8567,1,18000,1.91794093615
602300,610228,618196,7928,7968,1,18000,1.99497991968
602301,610256,617669,7955,7413,1,18000,2.07311479833
602301,610268,617680,7967,7412,1,18000,2.07487857528
602301,610349,618825,8048,8476,1,18000,1.94950448325
602302,610429,618947,8127,8518,1,18000,1.95409720592
602302,610448,619021,8146,8573,1,18000,1.95019246471
602302,610712,619343,8410,8631,1,18000,1.97439462403
602303,610743,619383,8440,8640,1,18000,1.97685185185
602303,610857,618351,8554,7494,1,18000,2.14144649053
602303,610758,619727,8455,8969,1,18000,1.94269149292
602303,610851,618495,8548,7644,1,18000,2.11826268969
602304,610894,618133,8590,7239,1,18000,2.18662798729
602304,611071,618261,8767,7190,1,18000,2.21933240612
602304,611064,618257,8760,7193,1,18000,2.21785068817
602305,611157,619911,8852,8754,1,18000,2.01119488234
602305,611145,619748,8840,8603,1,18000,2.02754852958
602305,611091,619735,8786,8644,1,18000,2.01642757982
602305,611132,619587,8827,8455,1,18000,2.04399763454
602306,611166,619763,8860,8597,1,18000,2.030592067
602306,611252,618719,8946,7467,1,18000,2.19807151466
602306,611196,618548,8890,7352,1,18000,2.20919477693
602307,611340,618849,9033,7509,1,18000,2.20295645226
602307,611309,618779,9002,7470,1,18000,2.20508701473
602307,611582,618932,9275,7350,1,18000,2.2619047619
602308,611878,620240,9570,8362,1,18000,2.14446304712
602308,611919,620235,9611,8316,1,18000,2.15572390572
602308,611716,618975,9408,7259,1,18000,2.29604628737
602309,615862,623371,13553,7509,1,18000,2.80490078572
602309,612201,621037,9892,8836,1,18000,2.11951109099
602309,612053,620527,9744,8474,1,18000,2.14987019117
602310,615867,623380,13557,7513,1,18000,2.8044722481
602310,616130,623285,13820,7155,1,18000,2.93151642208
602310,615907,623262,13597,7355,1,18000,2.84867437118
602310,616064,623356,13754,7292,1,18000,2.88617663193
602311,616425,623447,14114,7022,1,18000,3.00996866989
602311,617088,624090,14777,7002,1,18000,3.11039702942
602311,617223,625809,14912,8586,1,18000,2.73678080596
602312,617416,624707,15104,7291,1,18000,3.07159511727
602312,617377,626624,15065,9247,1,18000,2.62917703039
602312,617370,625905,15058,8535,1,18000,2.76426479203
602313,617490,624799,15177,7309,1,18000,3.07648105076
602313,617483,625042,15170,7559,1,18000,3.00687921683
602313,617692,625334,15379,7642,1,18000,3.01243130071
602314,617912,624837,15598,6925,1,18000,3.25241877256
602314,617872,624829,15558,6957,1,18000,3.23630875377
602314,617711,624811,15397,7100,1,18000,3.1685915493
602315,617986,626536,15671,8550,1,18000,2.83286549708
602315,618071,626332,15756,8261,1,18000,2.90727514829
602315,617947,625016,15632,7069,1,18000,3.21134531051
602315,618084,625252,15769,7168,1,18000,3.19991629464
602316,618109,625731,15793,7622,1,18000,3.07202833902
602316,618098,625130,15782,7032,1,18000,3.24431171786
602316,618124,625280,15808,7156,1,18000,3.20905533818
602317,618145,625440,15828,7295,1,18000,3.16970527759
602317,618216,625266,15899,7050,1,18000,3.25517730496
602317,618226,625301,15909,7075,1,18000,3.24862190813
602317,618177,625187,15860,7010,1,18000,3.26248216833
602318,618269,625287,15951,7018,1,18000,3.27286976347
602318,618276,626192,15958,7916,1,18000,3.01591712986
602319,618356,625869,16037,7513,1,18000,3.13456675096
602319,618371,625734,16052,7363,1,18000,3.18008963738
602319,618349,625186,16030,6837,1,18000,3.34459558286
602319,618364,625706,16045,7342,1,18000,3.18537183329
602320,618421,625485,16101,7064,1,18000,3.27930351076
602320,618426,625465,16106,7039,1,18000,3.28810910641
602320,618512,626181,16192,7669,1,18000,3.11135741296
602321,618500,625482,16179,6982,1,18000,3.3172443426
602321,618439,625472,16118,7033,1,18000,3.29176738234
602321,618505,625292,16184,6787,1,18000,3.38455871519
602321,618548,625557,16227,7009,1,18000,3.31516621487
602322,618560,626042,16238,7482,1,18000,3.17027532745
602322,618541,625596,16219,7055,1,18000,3.29893692417
602322,618529,625694,16207,7165,1,18000,3.26196789951
602323,618579,625773,16256,7194,1,18000,3.25966082847
602323,618607,625633,16284,7026,1,18000,3.31767719898
602323,618566,625631,16243,7065,1,18000,3.29907997169
602324,618628,625927,16304,7299,1,18000,3.23373064803
602324,618645,625791,16321,7146,1,18000,3.28393506857
602325,618744,625789,16419,7045,1,18000,3.33058907026
602325,618730,625970,16405,7240,1,18000,3.2658839779
602325,618737,625871,16412,7134,1,18000,3.3005326605
602326,618990,626164,16664,7174,1,18000,3.32283245052
602326,619169,626335,16843,7166,1,18000,3.35040468881
602326,618790,625949,16464,7159,1,18000,3.29976253667
602326,619388,626470,17062,7082,1,18000,3.40920643886
602327,618797,625992,16470,7195,1,18000,3.28908964559
602327,618838,626085,16511,7247,1,18000,3.2783220643
602327,618802,626176,16475,7374,1,18000,3.23420124763
602328,618944,626011,16616,7067,1,18000,3.35120984859
602328,618951,625970,16623,7019,1,18000,3.36828608064
602328,618861,625864,16533,7003,1,18000,3.36084535199
602329,618969,626146,16640,7177,1,18000,3.31851748641
602329,618956,625927,16627,6971,1,18000,3.38516712093
602330,619034,626012,16704,6978,1,18000,3.39380911436
602330,619395,626461,17065,7066,1,18000,3.4150863289
602330,619748,626822,17418,7074,1,18000,3.46225614928
602330,619741,627008,17411,7267,1,18000,3.39589927068
602331,619774,627017,17443,7243,1,18000,3.40825624741
602331,619938,627190,17607,7252,1,18000,3.4278819636
602331,619753,626961,17422,7208,1,18000,3.41703662597
602332,619944,626941,17612,6997,1,18000,3.51707874803
602332,619949,626924,17617,6975,1,18000,3.52573476703
602332,619760,626786,17428,7026,1,18000,3.4805009963
602333,619960,627617,17627,7657,1,18000,3.30207653128
602333,619955,626948,17622,6993,1,18000,3.51994851995
602333,619966,627087,17633,7121,1,18000,3.47619716332
602334,620009,627141,17675,7132,1,18000,3.47826696579
602334,620003,627216,17669,7213,1,18000,3.44960488008
602334,619971,627217,17637,7246,1,18000,3.43403256969
602335,619977,627095,17642,7118,1,18000,3.47850519809
602335,619982,627222,17647,7240,1,18000,3.43743093923
602335,619987,627025,17652,7038,1,18000,3.50809889173
602336,619993,626797,17657,6804,1,18000,3.59509112287
602336,619998,627032,17662,7034,1,18000,3.51094682968
602336,620015,627058,17679,7043,1,18000,3.5101519239
602337,620254,627383,17917,7129,1,18000,3.51325571609
602337,620247,627320,17910,7073,1,18000,3.53216456949
602337,620021,627105,17684,7084,1,18000,3.4963297572
602337,620259,627405,17922,7146,1,18000,3.50797649034
602338,621058,628289,18720,7231,1,18000,3.58885354723
602338,621343,628361,19005,7018,1,18000,3.70803647763
602338,621564,628765,19226,7201,1,18000,3.66990695737
602339,621380,628314,19041,6934,1,18000,3.74603403519
602339,621350,628297,19011,6947,1,18000,3.73657693969
604424,605060,631988,636,26928,4,259200,1.02361853832
