SubmitTime,StartTime,EndTime,QueuedTime,RunTime,NodesRequested,walltime,bslowdown
24,88,617,64,529,2,7200,1.12098298677
78,175,698,97,523,2,7200,1.18546845124
85,206,777,121,571,2,7200,1.2119089317
170,213,712,43,499,2,7200,1.08617234469
204,218,718,14,500,2,7200,1.028
210,238,786,28,548,2,7200,1.05109489051
228,256,797,28,541,2,7200,1.05175600739
235,311,799,76,488,2,7200,1.15573770492
252,316,841,64,525,2,7200,1.1219047619
311,354,856,43,502,2,7200,1.08565737052
313,362,891,49,529,2,7200,1.09262759924
351,388,951,37,563,2,7200,1.06571936057
358,395,936,37,541,2,7200,1.06839186691
386,464,1018,78,554,2,7200,1.14079422383
393,470,985,77,515,2,7200,1.14951456311
462,516,1064,54,548,2,7200,1.09854014599
469,530,1092,61,562,2,7200,1.10854092527
512,537,1083,25,546,2,7200,1.04578754579
529,550,1103,21,553,2,7200,1.03797468354
536,557,1123,21,566,2,7200,1.0371024735
548,575,1068,27,493,2,7200,1.05476673428
555,629,1144,74,515,2,7200,1.14368932039
573,710,1278,137,568,2,7200,1.2411971831
626,724,1244,98,520,2,7200,1.18846153846
714,731,1203,17,472,2,7200,1.03601694915
720,790,1336,70,546,2,7200,1.12820512821
727,798,1306,71,508,2,7200,1.13976377953
787,809,1302,22,493,2,7200,1.04462474645
793,816,1330,23,514,2,7200,1.04474708171
805,853,1365,48,512,2,7200,1.09375
812,868,1395,56,527,2,7200,1.10626185958
850,903,1403,53,500,2,7200,1.106
868,948,1497,80,549,2,7200,1.14571948998
900,963,1487,63,524,2,7200,1.12022900763
944,997,1539,53,542,2,7200,1.09778597786
961,1030,1500,69,470,2,7200,1.14680851064
994,1076,1615,82,539,2,7200,1.15213358071
1027,1083,1630,56,547,2,7200,1.10237659963
1076,1095,1586,19,491,2,7200,1.03869653768
1083,1103,1638,20,535,2,7200,1.03738317757
1095,1115,1675,20,560,2,7200,1.03571428571
1112,1135,1657,23,522,2,7200,1.04406130268
1113,1156,1678,43,522,2,7200,1.08237547893
1131,1215,1720,84,505,2,7200,1.16633663366
1153,1256,1792,103,536,2,7200,1.1921641791
1213,1290,1816,77,526,2,7200,1.1463878327
1256,1314,1851,58,537,2,7200,1.10800744879
1289,1321,1843,32,522,2,7200,1.06130268199
1312,1342,1857,30,515,2,7200,1.05825242718
1319,1348,1892,29,544,2,7200,1.05330882353
1342,1377,1881,35,504,2,7200,1.06944444444
1348,1408,1948,60,540,2,7200,1.11111111111
1376,1415,1947,39,532,2,7200,1.07330827068
1404,1499,2035,95,536,2,7200,1.17723880597
1411,1510,2005,99,495,2,7200,1.2
1497,1517,2042,20,525,2,7200,1.0380952381
1509,1551,2087,42,536,2,7200,1.07835820896
1516,1598,2115,82,517,2,7200,1.1586073501
1549,1627,2151,78,524,2,7200,1.14885496183
1597,1643,2178,46,535,2,7200,1.08598130841
1625,1650,2181,25,531,2,7200,1.04708097928
1642,1670,2200,28,530,2,7200,1.05283018868
1649,1687,2191,38,504,2,7200,1.0753968254
1667,1694,2161,27,467,2,7200,1.05781584582
1684,1733,2305,49,572,2,7200,1.08566433566
1691,1804,2335,113,531,2,7200,1.21280602637
1729,1828,2290,99,462,2,7200,1.21428571429
1804,1855,2362,51,507,2,7200,1.10059171598
1826,1864,2349,38,485,2,7200,1.07835051546
1854,1870,2356,16,486,2,7200,1.0329218107
1861,1893,2391,32,498,2,7200,1.06425702811
1868,1905,2391,37,486,2,7200,1.07613168724
1891,1959,2470,68,511,2,7200,1.13307240705
1903,1966,2456,63,490,2,7200,1.12857142857
1957,2017,2569,60,552,2,7200,1.10869565217
1974,2047,2539,73,492,2,7200,1.14837398374
2017,2053,2615,36,562,2,7200,1.0640569395
2045,2099,2611,54,512,2,7200,1.10546875
2052,2127,2672,75,545,2,7200,1.1376146789
2096,2163,2699,67,536,2,7200,1.125
2124,2173,2703,49,530,2,7200,1.09245283019
2162,2190,2724,28,534,2,7200,1.05243445693
2169,2197,2725,28,528,2,7200,1.05303030303
2192,2204,2741,12,537,2,7200,1.02234636872
2194,2213,2701,19,488,2,7200,1.03893442623
2201,2302,2794,101,492,2,7200,1.20528455285
2213,2317,2849,104,532,2,7200,1.1954887218
2298,2347,2860,49,513,2,7200,1.0955165692
2316,2361,2867,45,506,2,7200,1.08893280632
2344,2368,2858,24,490,2,7200,1.04897959184
2361,2374,2887,13,513,2,7200,1.0253411306
2368,2402,2926,34,524,2,7200,1.06488549618
2375,2407,2935,32,528,2,7200,1.06060606061
2403,2468,2972,65,504,2,7200,1.12896825397
2404,2482,2996,78,514,2,7200,1.15175097276
2463,2552,3052,89,500,2,7200,1.178
2481,2581,3095,100,514,2,7200,1.19455252918
2550,2623,3092,73,469,2,7200,1.15565031983
2578,2630,3177,52,547,2,7200,1.09506398537
2622,2684,3187,62,503,2,7200,1.12326043738
2629,2711,3206,82,495,2,7200,1.16565656566
2683,2717,3209,34,492,2,7200,1.06910569106
2711,2722,3190,11,468,2,7200,1.0235042735
2717,2736,3272,19,536,2,7200,1.03544776119
2719,2743,3257,24,514,2,7200,1.046692607
2731,2753,3260,22,507,2,7200,1.04339250493
2743,2807,3385,64,578,2,7200,1.1107266436
2750,2862,3392,112,530,2,7200,1.21132075472
2804,2871,3368,67,497,2,7200,1.13480885312
2858,2878,3404,20,526,2,7200,1.03802281369
2870,2885,3423,15,538,2,7200,1.02788104089
2877,2899,3412,22,513,2,7200,1.04288499025
2894,2938,3481,44,543,2,7200,1.08103130755
2896,2947,3416,51,469,2,7200,1.10874200426
2934,2984,3509,50,525,2,7200,1.09523809524
2946,3008,3530,62,522,2,7200,1.11877394636
2979,3064,3584,85,520,2,7200,1.16346153846
3007,3104,3640,97,536,2,7200,1.18097014925
3061,3111,3667,50,556,2,7200,1.08992805755
3099,3189,3750,90,561,2,7200,1.16042780749
3111,3199,3715,88,516,2,7200,1.17054263566
3193,3206,3706,13,500,2,7200,1.026
3194,3218,3725,24,507,2,7200,1.04733727811
3201,3225,3769,24,544,2,7200,1.04411764706
3213,3269,3738,56,469,2,7200,1.11940298507
3220,3275,3816,55,541,2,7200,1.10166358595
3269,3283,3787,14,504,2,7200,1.02777777778
3276,3380,3890,104,510,2,7200,1.20392156863
3283,3396,3901,113,505,2,7200,1.22376237624
3379,3404,3920,25,516,2,7200,1.0484496124
3396,3416,3959,20,543,2,7200,1.03683241252
3413,3425,3928,12,503,2,7200,1.02385685885
3415,3432,3955,17,523,2,7200,1.03250478011
3422,3439,3954,17,515,2,7200,1.03300970874
3429,3495,3989,66,494,2,7200,1.13360323887
3436,3521,3987,85,466,2,7200,1.18240343348
3495,3549,4083,54,534,2,7200,1.10112359551
3518,3602,4116,84,514,2,7200,1.16342412451
3545,3655,4204,110,549,2,7200,1.20036429872
3599,3682,4167,83,485,2,7200,1.17113402062
3654,3722,4241,68,519,2,7200,1.13102119461
3684,3734,4250,50,516,2,7200,1.09689922481
3718,3747,4245,29,498,2,7200,1.05823293173
3731,3760,4329,29,569,2,7200,1.05096660808
3743,3773,4288,30,515,2,7200,1.05825242718
3760,3788,4291,28,503,2,7200,1.05566600398
3772,3801,4334,29,533,2,7200,1.05440900563
3784,3829,4331,45,502,2,7200,1.08964143426
3802,3908,4425,106,517,2,7200,1.20502901354
3829,3920,4442,91,522,2,7200,1.17432950192
3904,3935,4433,31,498,2,7200,1.06224899598
3916,3947,4468,31,521,2,7200,1.05950095969
3933,3975,4468,42,493,2,7200,1.08519269777
3946,3980,4516,34,536,2,7200,1.06343283582
3974,3992,4549,18,557,2,7200,1.03231597846
3976,4005,4523,29,518,2,7200,1.05598455598
3988,4018,4541,30,523,2,7200,1.05736137667
4004,4099,4576,95,477,2,7200,1.19916142558
4017,4137,4674,120,537,2,7200,1.22346368715
4097,4189,4698,92,509,2,7200,1.18074656189
4135,4217,4769,82,552,2,7200,1.14855072464
4189,4257,4795,68,538,2,7200,1.12639405204
4217,4262,4780,45,518,2,7200,1.08687258687
4255,4274,4799,19,525,2,7200,1.03619047619
4262,4302,4790,40,488,2,7200,1.08196721311
4274,4313,4807,39,494,2,7200,1.07894736842
4302,4341,4867,39,526,2,7200,1.07414448669
4309,4353,4857,44,504,2,7200,1.0873015873
4337,4358,4860,21,502,2,7200,1.04183266932
4349,4437,5014,88,577,2,7200,1.15251299827
4355,4450,4954,95,504,2,7200,1.18849206349
4436,4463,4974,27,511,2,7200,1.05283757339
4448,4479,4984,31,505,2,7200,1.06138613861
4460,4485,4985,25,500,2,7200,1.05
4477,4536,5028,59,492,2,7200,1.11991869919
4494,4549,5052,55,503,2,7200,1.10934393638
4532,4563,5094,31,531,2,7200,1.05838041431
4549,4576,5137,27,561,2,7200,1.04812834225
4562,4590,5155,28,565,2,7200,1.04955752212
4574,4696,5201,122,505,2,7200,1.24158415842
4586,4711,5234,125,523,2,7200,1.23900573614
4692,4790,5278,98,488,2,7200,1.20081967213
4709,4802,5337,93,535,2,7200,1.1738317757
4790,4815,5327,25,512,2,7200,1.048828125
4803,4821,5372,18,551,2,7200,1.03266787659
4815,4833,5391,18,558,2,7200,1.03225806452
4816,4838,5376,22,538,2,7200,1.04089219331
4828,4878,5408,50,530,2,7200,1.09433962264
4835,4883,5355,48,472,2,7200,1.10169491525
4874,4895,5406,21,511,2,7200,1.04109589041
4880,4975,5495,95,520,2,7200,1.18269230769
4892,5014,5513,122,499,2,7200,1.24448897796
4973,5019,5563,46,544,2,7200,1.08455882353
5018,5031,5542,13,511,2,7200,1.02544031311
5020,5037,5583,17,546,2,7200,1.03113553114
5027,5049,5572,22,523,2,7200,1.04206500956
5034,5064,5609,30,545,2,7200,1.05504587156
5046,5106,5641,60,535,2,7200,1.11214953271
5063,5158,5693,95,535,2,7200,1.17757009346
5102,5173,5705,71,532,2,7200,1.13345864662
5156,5214,5792,58,578,2,7200,1.10034602076
5173,5254,5753,81,499,2,7200,1.1623246493
5211,5294,5802,83,508,2,7200,1.16338582677
5250,5347,5875,97,528,2,7200,1.18371212121
5293,5358,5892,65,534,2,7200,1.12172284644
5347,5374,5917,27,543,2,7200,1.04972375691
5359,5387,5884,28,497,2,7200,1.05633802817
5371,5393,5884,22,491,2,7200,1.04480651731
5383,5406,5898,23,492,2,7200,1.04674796748
5390,5420,5908,30,488,2,7200,1.06147540984
5402,5425,5900,23,475,2,7200,1.04842105263
5420,5516,6022,96,506,2,7200,1.18972332016
5436,5531,6085,95,554,2,7200,1.1714801444
5511,5558,6072,47,514,2,7200,1.09143968872
5529,5585,6133,56,548,2,7200,1.10218978102
5557,5591,6105,34,514,2,7200,1.06614785992
5585,5603,6142,18,539,2,7200,1.03339517625
5586,5629,6081,43,452,2,7200,1.09513274336
5599,5657,6164,58,507,2,7200,1.11439842209
5626,5710,6233,84,523,2,7200,1.16061185468
5660,5722,6237,62,515,2,7200,1.12038834951
5709,5774,6303,65,529,2,7200,1.12287334594
5721,5804,6276,83,472,2,7200,1.17584745763
5770,5818,6307,48,489,2,7200,1.0981595092
5803,5895,6383,92,488,2,7200,1.18852459016
5816,5909,6428,93,519,2,7200,1.17919075145
5896,5914,6429,18,515,2,7200,1.03495145631
5908,5926,6430,18,504,2,7200,1.03571428571
5926,5939,6417,13,478,2,7200,1.02719665272
5928,5952,6457,24,505,2,7200,1.04752475248
5940,5958,6441,18,483,2,7200,1.03726708075
5952,5970,6541,18,571,2,7200,1.03152364273
5954,6037,6510,83,473,2,7200,1.1754756871
5966,6090,6595,124,505,2,7200,1.24554455446
6035,6102,6656,67,554,2,7200,1.12093862816
6090,6107,6640,17,533,2,7200,1.03189493433
6102,6122,6653,20,531,2,7200,1.03766478343
6103,6149,6695,46,546,2,7200,1.08424908425
6121,6161,6631,40,470,2,7200,1.08510638298
6149,6176,6661,27,485,2,7200,1.05567010309
6161,6254,6764,93,510,2,7200,1.18235294118
6179,6267,6826,88,559,2,7200,1.15742397138
6254,6295,6845,41,550,2,7200,1.07454545455
6266,6322,6823,56,501,2,7200,1.11177644711
6294,6327,6847,33,520,2,7200,1.06346153846
6322,6395,6903,73,508,2,7200,1.1437007874
6323,6436,6928,113,492,2,7200,1.22967479675
6393,6448,6968,55,520,2,7200,1.10576923077
6431,6453,6963,22,510,2,7200,1.0431372549
6449,6466,6912,17,446,2,7200,1.03811659193
6451,6471,6985,20,514,2,7200,1.03891050584
6463,6483,7009,20,526,2,7200,1.03802281369
6470,6524,7050,54,526,2,7200,1.10266159696
6482,6590,7048,108,458,2,7200,1.23580786026
6520,6616,7098,96,482,2,7200,1.19917012448
6590,6644,7152,54,508,2,7200,1.1062992126
6613,6658,7174,45,516,2,7200,1.08720930233
6641,6670,7172,29,502,2,7200,1.0577689243
6658,6683,7173,25,490,2,7200,1.05102040816
6670,6688,7213,18,525,2,7200,1.03428571429
6687,6715,7223,28,508,2,7200,1.05511811024
6689,6781,7320,92,539,2,7200,1.1706864564
6712,6845,7358,133,513,2,7200,1.25925925926
6781,6858,7393,77,535,2,7200,1.14392523364
6846,6871,7408,25,537,2,7200,1.04655493482
6858,6876,7371,18,495,2,7200,1.03636363636
6870,6916,7408,46,492,2,7200,1.09349593496
6877,6930,7449,53,519,2,7200,1.1021194605
6915,6943,7450,28,507,2,7200,1.05522682446
6933,6983,7481,50,498,2,7200,1.10040160643
6940,6988,7524,48,536,2,7200,1.08955223881
6978,7001,7513,23,512,2,7200,1.044921875
6985,7029,7566,44,537,2,7200,1.08193668529
6997,7069,7518,72,449,2,7200,1.16035634744
7025,7074,7611,49,537,2,7200,1.09124767225
7069,7114,7630,45,516,2,7200,1.08720930233
7070,7167,7721,97,554,2,7200,1.17509025271
7114,7193,7749,79,556,2,7200,1.14208633094
7167,7198,7740,31,542,2,7200,1.05719557196
7190,7210,7756,20,546,2,7200,1.03663003663
7196,7225,7765,29,540,2,7200,1.0537037037
7209,7239,7745,30,506,2,7200,1.05928853755
7221,7332,7839,111,507,2,7200,1.21893491124
7238,7372,7860,134,488,2,7200,1.27459016393
7329,7386,7934,57,548,2,7200,1.10401459854
7372,7413,7937,41,524,2,7200,1.07824427481
7390,7425,7945,35,520,2,7200,1.06730769231
7412,7438,7927,26,489,2,7200,1.05316973415
7424,7466,7978,42,512,2,7200,1.08203125
7436,7471,8021,35,550,2,7200,1.06363636364
7464,7498,7999,34,501,2,7200,1.06786427146
7471,7526,8068,55,542,2,7200,1.10147601476
7494,7538,8093,44,555,2,7200,1.07927927928
7521,7551,8073,30,522,2,7200,1.05747126437
7538,7579,8121,41,542,2,7200,1.07564575646
7550,7632,8111,82,479,2,7200,1.17118997912
7578,7646,8141,68,495,2,7200,1.13737373737
7632,7738,8243,106,505,2,7200,1.2099009901
7644,7753,8242,109,489,2,7200,1.22290388548
7735,7765,8249,30,484,2,7200,1.06198347107
7752,7778,8293,26,515,2,7200,1.05048543689
7765,7783,8290,18,507,2,7200,1.03550295858
7777,7796,8207,19,411,2,7200,1.04622871046
7794,7851,8335,57,484,2,7200,1.11776859504
7795,7878,8412,83,534,2,7200,1.15543071161
7849,7944,8453,95,509,2,7200,1.18664047151
7877,7956,8468,79,512,2,7200,1.154296875
7941,7961,8484,20,523,2,7200,1.03824091778
7953,7974,8495,21,521,2,7200,1.04030710173
7960,7990,8490,30,500,2,7200,1.06
7972,8017,8506,45,489,2,7200,1.09202453988
7990,8042,8564,52,522,2,7200,1.09961685824
8017,8082,8600,65,518,2,7200,1.12548262548
8039,8094,8609,55,515,2,7200,1.1067961165
8083,8109,8599,26,490,2,7200,1.05306122449
8095,8123,8646,28,523,2,7200,1.05353728489
8107,8137,8674,30,537,2,7200,1.05586592179
8119,8162,8693,43,531,2,7200,1.08097928437
8137,8227,8715,90,488,2,7200,1.18442622951
8159,8272,8742,113,470,2,7200,1.24042553191
8229,8277,8801,48,524,2,7200,1.09160305344
8267,8289,8743,22,454,2,7200,1.04845814978
8274,8304,8827,30,523,2,7200,1.05736137667
8286,8316,8844,30,528,2,7200,1.05681818182
8303,8355,8832,52,477,2,7200,1.10901467505
8316,8424,8922,108,498,2,7200,1.21686746988
8354,8465,8979,111,514,2,7200,1.21595330739
8424,8480,9028,56,548,2,7200,1.10218978102
8468,8506,9026,38,520,2,7200,1.07307692308
8480,8511,9061,31,550,2,7200,1.05636363636
8488,9255,9264,767,9,1,3600,77.6
8503,8523,9007,20,484,2,7200,1.04132231405
8510,8529,9050,19,521,2,7200,1.03646833013
8522,8582,9096,60,514,2,7200,1.11673151751
8528,8611,9127,83,516,2,7200,1.16085271318
8577,8623,9136,46,513,2,7200,1.08966861598
8610,8636,9168,26,532,2,7200,1.04887218045
8622,8664,9183,42,519,2,7200,1.08092485549
8640,8691,9231,51,540,2,7200,1.09444444444
8663,8705,9225,42,520,2,7200,1.08076923077
8691,8732,9297,41,565,2,7200,1.07256637168
8703,8759,9260,56,501,2,7200,1.11177644711
8731,8764,9280,33,516,2,7200,1.06395348837
8759,8817,9380,58,563,2,7200,1.10301953819
8760,8844,9358,84,514,2,7200,1.16342412451
8814,8849,9379,35,530,2,7200,1.06603773585
8842,8861,9387,19,526,2,7200,1.036121673
8849,8941,9488,92,547,2,7200,1.16819012797
8861,8994,9504,133,510,2,7200,1.26078431373
8941,9021,9525,80,504,2,7200,1.15873015873
8990,9046,9533,56,487,2,7200,1.11498973306
9018,9059,9579,41,520,2,7200,1.07884615385
9046,9073,9593,27,520,2,7200,1.05192307692
9058,9086,9637,28,551,2,7200,1.05081669691
9070,9114,9632,44,518,2,7200,1.08494208494
9088,9141,9639,53,498,2,7200,1.10642570281
9110,9153,9732,43,579,2,7200,1.07426597582
9138,9181,9683,43,502,2,7200,1.08565737052
9151,9195,9720,44,525,2,7200,1.08380952381
9178,9237,9799,59,562,2,7200,1.10498220641
9191,9244,9728,53,484,2,7200,1.10950413223
9234,9249,9751,15,502,2,7200,1.02988047809
9241,9262,9806,21,544,2,7200,1.03860294118
9258,9281,9843,23,562,2,7200,1.0409252669
9260,9274,9775,14,501,2,7200,1.02794411178
9279,9297,9817,18,520,2,7200,1.03461538462
9286,9302,9762,16,460,2,7200,1.0347826087
9300,9317,9862,17,545,2,7200,1.03119266055
9317,9332,9864,15,532,2,7200,1.02819548872
9383,9405,9889,22,484,2,7200,1.04545454545
9508,9518,10052,10,534,2,7200,1.01872659176
9651,9666,10194,15,528,2,7200,1.02840909091
9739,9745,10226,6,481,2,7200,1.01247401247
9757,9765,10295,8,530,2,7200,1.01509433962
9821,9828,10338,7,510,2,7200,1.0137254902
9865,9872,10365,7,493,2,7200,1.01419878296
10298,10304,10782,6,478,2,7200,1.01255230126
10341,10347,10817,6,470,2,7200,1.01276595745
10348,10355,10636,7,281,1,3600,1.02491103203
10366,10383,10895,17,512,2,7200,1.033203125
10786,10793,11264,7,471,2,7200,1.01486199575
10820,10827,11325,7,498,2,7200,1.0140562249
10889,10896,11420,7,524,1,3600,1.01335877863
10897,10917,11454,20,537,2,7200,1.03724394786
11268,11284,11771,16,487,2,7200,1.03285420945
11326,11342,11809,16,467,2,7200,1.03426124197
11458,11465,11950,7,485,2,7200,1.01443298969
11773,11781,12314,8,533,2,7200,1.01500938086
11811,11817,12320,6,503,2,7200,1.01192842942
11953,11961,12446,8,485,2,7200,1.01649484536
12104,12111,12119,7,8,1,1800,1.5
12241,12247,12326,6,79,1,1800,1.07594936709
12318,12336,12894,18,558,2,7200,1.03225806452
12334,12344,12848,10,504,2,7200,1.01984126984
12416,12423,12543,7,120,1,3600,1.05833333333
12449,12466,12966,17,500,2,7200,1.034
12493,12501,12605,8,104,1,1800,1.07692307692
12649,12655,13004,6,349,1,3600,1.01719197708
12850,12867,13395,17,528,2,7200,1.0321969697
12897,12913,13431,16,518,2,7200,1.03088803089
12970,12978,13461,8,483,2,7200,1.016563147
13015,13021,13408,6,387,1,1800,1.01550387597
13202,13208,14169,6,961,1,3600,1.00624349636
13436,13443,13919,7,476,2,7200,1.01470588235
13464,13470,14038,6,568,2,7200,1.01056338028
13921,13928,14445,7,517,2,7200,1.01353965184
13971,13978,13984,7,6,1,1800,1.3
14040,14046,14590,6,544,2,7200,1.01102941176
14263,14269,14315,6,46,1,1800,1.13043478261
14449,14457,15020,8,563,2,7200,1.01420959147
14548,14555,14632,7,77,1,1800,1.09090909091
14593,14599,15071,6,472,2,7200,1.01271186441
14886,14893,15103,7,210,1,3600,1.03333333333
15023,15030,15586,7,556,2,7200,1.01258992806
15073,15079,15551,6,472,2,7200,1.01271186441
15199,15205,15671,6,466,1,3600,1.01287553648
15361,15368,15636,7,268,1,1800,1.02611940299
15555,15562,16108,7,546,2,7200,1.01282051282
15589,15596,16103,7,507,2,7200,1.01380670611
15930,15936,16710,6,774,1,3600,1.00775193798
16107,16115,16637,8,522,2,7200,1.0153256705
16109,16121,16628,12,507,2,7200,1.02366863905
16630,16636,17201,6,565,2,7200,1.01061946903
16646,16653,17211,7,558,2,7200,1.01254480287
17203,17211,17713,8,502,2,7200,1.01593625498
17219,17226,17744,7,518,2,7200,1.01351351351
17717,17723,18255,6,532,2,7200,1.01127819549
17748,17755,18242,7,487,2,7200,1.01437371663
18245,18252,18773,7,521,2,7200,1.01343570058
18261,18269,18819,8,550,2,7200,1.01454545455
18776,18783,19308,7,525,2,7200,1.01333333333
18822,18830,19347,8,517,2,7200,1.01547388781
19311,19317,19853,6,536,2,7200,1.01119402985
19351,19358,19875,7,517,2,7200,1.01353965184
19855,19861,20375,6,514,2,7200,1.01167315175
19857,19869,19949,12,80,1,1800,1.15
19877,19883,20423,6,540,2,7200,1.01111111111
20115,20122,20227,7,105,1,1800,1.06666666667
20377,20385,20905,8,520,2,7200,1.01538461538
20427,20434,20966,7,532,2,7200,1.01315789474
20617,20624,21001,7,377,1,1800,1.01856763926
20906,20912,21408,6,496,2,7200,1.01209677419
20968,20975,21502,7,527,2,7200,1.01328273245
21021,21028,35951,7,14923,5,21600,1.00046907458
21022,21035,35994,13,14959,5,21600,1.00086904205
21023,21040,35657,17,14617,5,21600,1.00116302935
21024,21046,35543,22,14497,5,21600,1.00151755536
21025,21056,36224,31,15168,5,21600,1.00204377637
21025,21051,35808,26,14757,5,21600,1.00176187572
21026,21061,35887,35,14826,5,21600,1.00236071766
21027,21067,35599,40,14532,5,21600,1.00275254611
21028,29859,44708,8831,14849,5,21600,1.59472018318
21028,35555,49395,14527,13840,5,21600,2.04963872832
21029,35611,50350,14582,14739,5,21600,1.98934798833
21030,35669,50156,14639,14487,5,21600,2.01049216539
21031,35821,49992,14790,14171,5,21600,2.04368075647
21032,36006,49899,14974,13893,5,21600,2.07780896855
21032,35899,49827,14867,13928,5,21600,2.06741815049
21033,36237,49847,15204,13610,5,21600,2.11711976488
21034,44720,58613,23686,13893,5,21600,2.70488735334
21035,49415,63320,28380,13905,5,21600,3.04099244876
21933,21939,21980,6,41,1,1800,1.14634146341
22054,31062,34922,9008,3860,1,9000,3.33367875648
22154,22162,22235,8,73,1,1800,1.1095890411
22751,22758,23004,7,246,1,1800,1.02845528455
37035,37041,40764,6,3723,1,9000,1.00161160355
38520,194953,280993,156433,86040,4,360000,2.81814272431
38718,46714,117229,7996,70515,4,86400,1.11339431327
44720,49847,50348,5127,501,2,7200,11.2335329341
45185,59177,59967,13992,790,3,72000,18.7113924051
49412,49852,50396,440,544,2,7200,1.80882352941
50350,50365,50873,15,508,2,7200,1.02952755906
50400,50416,50920,16,504,2,7200,1.03174603175
50877,50889,51400,12,511,2,7200,1.02348336595
50923,50929,51460,6,531,2,7200,1.01129943503
51402,51416,51912,14,496,2,7200,1.02822580645
51464,51480,51990,16,510,2,7200,1.03137254902
51915,51927,52473,12,546,2,7200,1.02197802198
51992,52006,52528,14,522,2,7200,1.02681992337
52477,52493,52972,16,479,2,7200,1.03340292276
52530,52546,53067,16,521,2,7200,1.03071017274
52976,52991,53489,15,498,2,7200,1.03012048193
53071,53083,53569,12,486,2,7200,1.02469135802
53492,53502,54043,10,541,2,7200,1.01848428835
53572,53581,54090,9,509,2,7200,1.01768172888
54045,54052,54546,7,494,2,7200,1.01417004049
54091,54105,54600,14,495,2,7200,1.02828282828
54550,54564,55053,14,489,2,7200,1.02862985685
54602,54617,55151,15,534,2,7200,1.02808988764
55057,55064,55604,7,540,2,7200,1.01296296296
55155,55170,55702,15,532,2,7200,1.02819548872
55607,55616,56118,9,502,2,7200,1.01792828685
55704,55719,56228,15,509,2,7200,1.02946954813
56120,56129,56603,9,474,2,7200,1.01898734177
56229,56246,56772,17,526,2,7200,1.03231939163
56606,56620,57082,14,462,2,7200,1.0303030303
56777,56793,57348,16,555,2,7200,1.02882882883
57083,57095,57615,12,520,2,7200,1.02307692308
57350,57358,57885,8,527,2,7200,1.01518026565
57618,57633,58122,15,489,2,7200,1.03067484663
57888,57896,58385,8,489,2,7200,1.0163599182
58125,58133,58634,8,501,2,7200,1.01596806387
58387,58394,58920,7,526,2,7200,1.01330798479
58636,58671,59201,35,530,2,7200,1.06603773585
58924,58933,59425,9,492,2,7200,1.01829268293
59203,59210,59727,7,517,2,7200,1.01353965184
61863,176507,369041,114644,192534,18,198000,1.5954480767
61934,176513,365625,114579,189112,18,198000,1.6058790558
63835,176518,231507,112683,54989,8,172800,3.04919165651
64490,66863,110192,2373,43329,8,43200,1.05476701516
66296,66877,67008,581,131,1,3540,5.43511450382
66520,66887,71022,367,4135,1,9000,1.08875453446
68664,68675,69325,11,650,1,14400,1.01692307692
69370,69377,70813,7,1436,4,14400,1.00487465181
81610,81618,81632,8,14,4,59400,1.57142857143
83574,83580,83592,6,12,3,75540,1.5
84648,84654,84828,6,174,1,3540,1.03448275862
84959,84966,85018,7,52,1,3540,1.13461538462
85026,85034,85045,8,11,3,75540,1.72727272727
85029,85041,85174,12,133,1,3540,1.09022556391
85066,85073,85255,7,182,1,3540,1.03846153846
85103,85110,85446,7,336,1,3540,1.02083333333
85172,85178,85456,6,278,1,3540,1.02158273381
85208,85214,85561,6,347,1,3540,1.01729106628
85245,85252,85588,7,336,1,3540,1.02083333333
85282,85293,85663,11,370,1,3540,1.02972972973
85318,85324,85659,6,335,1,3540,1.01791044776
85355,85361,85714,6,353,1,3540,1.01699716714
85435,85441,85706,6,265,1,3540,1.02264150943
85528,85534,85691,6,157,1,3540,1.03821656051
85600,85607,85707,7,100,1,3540,1.07
85640,85647,85714,7,67,1,3540,1.10447761194
95088,95095,98702,7,3607,1,3600,1.00194067092
98652,98659,98666,7,7,1,1800,1.4
98808,98815,98900,7,85,1,1800,1.08235294118
98815,98822,98946,7,124,1,3600,1.0564516129
99036,99042,99166,6,124,1,3600,1.04838709677
99087,99094,99372,7,278,1,3600,1.02517985612
99133,99139,99256,6,117,1,1800,1.05128205128
99308,99314,99583,6,269,1,3600,1.02230483271
99636,99642,100307,6,665,1,3600,1.00902255639
99732,99739,100141,7,402,1,1800,1.01741293532
99834,99841,100437,7,596,1,3600,1.01174496644
100852,100859,100868,7,9,1,1800,1.6
100910,100916,100923,6,7,1,3600,1.3
101012,101019,101066,7,47,1,1800,1.14893617021
101030,101037,101133,7,96,1,3600,1.07291666667
101275,101282,101574,7,292,1,3600,1.02397260274
101294,101302,101391,8,89,1,1800,1.08988764045
101370,101377,101464,7,87,1,3600,1.08045977011
101601,101609,101871,8,262,1,3600,1.03053435115
101897,101904,102411,7,507,1,3600,1.01380670611
102043,102049,102315,6,266,1,1800,1.02255639098
102181,102188,102672,7,484,1,3600,1.01446280992
104058,104065,110998,7,6933,1,9000,1.00100966393
106251,106258,106337,7,79,1,1800,1.08860759494
106565,106571,106665,6,94,1,1800,1.06382978723
107137,107144,107507,7,363,1,1800,1.01928374656
108612,108618,108658,6,40,1,1800,1.15
108887,108894,108968,7,74,1,1800,1.09459459459
109559,109565,109810,6,245,1,1800,1.02448979592
112295,112301,116030,6,3729,1,5400,1.00160901046
112295,112319,115925,24,3606,1,5400,1.00665557404
112295,112306,116422,11,4116,1,5400,1.00267249757
112295,112324,115758,29,3434,1,5400,1.00844496214
112295,112312,116225,17,3913,1,5400,1.00434449272
112296,112329,115592,33,3263,1,5400,1.01011339258
112296,112335,115150,39,2815,1,5400,1.01385435169
112296,112340,114809,44,2469,1,5400,1.01782098015
112297,112356,113945,59,1589,1,5400,1.03713027061
112297,112351,114198,54,1847,1,5400,1.02923659989
112297,112346,114531,49,2185,1,5400,1.02242562929
112297,112362,113267,65,905,1,5400,1.07182320442
112298,112367,113011,69,644,1,5400,1.10714285714
113553,113559,131823,6,18264,4,32400,1.00032851511
115493,176531,263034,61038,86503,8,86400,1.70561714623
115830,115836,117455,6,1619,8,6000,1.00370599135
115830,115841,117457,11,1616,8,6000,1.00680693069
115841,115848,117457,7,1609,8,6000,1.00435052828
115841,115854,117472,13,1618,8,6000,1.00803461063
115852,115860,117484,8,1624,8,6000,1.00492610837
115852,117466,119072,1614,1606,8,6000,2.00498132005
115863,117473,119098,1610,1625,8,6000,1.99076923077
117082,117088,121545,6,4457,16,36000,1.00134619699
117465,117479,119100,14,1621,8,6000,1.00863664405
117476,117485,119100,9,1615,8,6000,1.00557275542
117476,117496,119106,20,1610,8,6000,1.01242236025
117487,119083,120702,1596,1619,8,6000,1.98579369981
117497,119109,120727,1612,1618,8,6000,1.99629171817
119079,119116,120737,37,1621,8,6000,1.02282541641
119110,119122,120733,12,1611,8,6000,1.00744878957
119121,120713,122330,1592,1617,8,6000,1.98453927025
119121,119128,120743,7,1615,8,6000,1.00433436533
119132,120740,122359,1608,1619,8,6000,1.99320568252
120714,120746,122335,32,1589,8,6000,1.02013845186
120745,120753,122368,8,1615,8,6000,1.00495356037
120745,120760,122381,15,1621,8,6000,1.00925354719
120756,122341,123957,1585,1616,8,6000,1.98081683168
120756,122348,123950,1592,1602,8,6000,1.99375780275
122338,122370,123980,32,1610,8,6000,1.0198757764
122348,122379,124005,31,1626,8,6000,1.01906519065
122369,122392,124015,23,1623,8,6000,1.01417128774
122379,123971,125607,1592,1636,8,6000,1.97310513447
122390,123964,125581,1574,1617,8,6000,1.97340754484
123093,123100,126823,7,3723,16,36000,1.00188020414
123420,123427,151896,7,28469,48,32400,1.00024588149
123432,176502,208930,53070,32428,48,32400,2.63654866165
123446,123453,123461,7,8,4,28800,1.5
123490,123497,123643,7,146,4,28800,1.04794520548
123691,123697,126695,6,2998,4,28800,1.00200133422
123696,123704,126735,8,3031,4,28800,1.00263939294
123698,126702,129692,3004,2990,4,28800,2.00468227425
123699,123711,126738,12,3027,4,28800,1.00396432111
123705,126742,129732,3037,2990,4,28800,2.01571906355
123727,126749,129742,3022,2993,4,28800,2.00968927497
123752,123758,141241,6,17483,32,28800,1.00034319053
123963,123991,125639,28,1648,8,6000,1.01699029126
123965,123976,124003,11,27,2,600,1.40740740741
123974,124016,125634,42,1618,8,6000,1.02595797281
123994,124026,125662,32,1636,8,6000,1.0195599022
124015,125593,127225,1578,1632,8,6000,1.96691176471
124026,125618,127230,1592,1612,8,6000,1.98759305211
124708,176552,405476,51844,228924,5,324000,1.22646817284
124899,124906,124914,7,8,2,600,1.5
125065,176547,192085,51482,15538,16,72000,4.31329643455
125088,176652,176701,51564,49,16,72000,1053.32653061
125201,176712,176721,51511,9,16,72000,5152.0
125213,176732,176741,51519,9,16,72000,5152.8
125223,176754,176760,51531,6,16,72000,5153.7
125232,176772,176779,51540,7,16,72000,5154.7
125244,176792,176799,51548,7,16,72000,5155.5
125395,176811,176819,51416,8,16,72000,5142.4
125531,176831,176860,51300,29,16,72000,1769.96551724
125594,176906,176911,51312,5,16,72000,5131.7
125598,125652,127276,54,1624,8,6000,1.03325123153
125602,176922,176923,51320,1,16,72000,5132.1
125619,125645,127267,26,1622,8,6000,1.01602959309
125650,127237,128852,1587,1615,8,6000,1.9826625387
125650,125674,127284,24,1610,8,6000,1.0149068323
125661,176936,176949,51275,13,16,72000,3945.23076923
125671,127243,128862,1572,1619,8,6000,1.9709697344
125753,176961,249006,51208,72045,16,72000,1.71077798598
125817,192098,192291,66281,193,16,72000,344.424870466
125871,192302,192511,66431,209,16,72000,318.851674641
125888,192522,192716,66634,194,16,72000,344.474226804
126041,126047,128441,6,2394,4,23400,1.00250626566
126078,192728,192922,66650,194,16,72000,344.556701031
126091,192933,193141,66842,208,16,72000,322.355769231
126181,193153,193347,66972,194,16,72000,346.216494845
126191,193358,193558,67167,200,16,72000,336.835
126198,193571,193766,67373,195,16,72000,346.502564103
126261,193777,193971,67516,194,16,72000,349.020618557
126321,193983,194178,67662,195,16,72000,347.984615385
126356,176536,303717,50180,127181,16,144000,1.39455579057
126394,126401,126403,7,2,2,300,1.0
126417,194189,194383,67772,194,16,72000,350.340206186
126426,126433,126452,7,19,2,600,1.36842105263
126454,126461,126463,7,2,2,300,1.0
126482,194395,194580,67913,185,16,72000,368.097297297
126553,194592,194670,68039,78,16,72000,873.294871795
126614,194681,194759,68067,78,16,72000,873.653846154
126626,126632,126633,6,1,2,600,1.0
126628,194770,194848,68142,78,16,72000,874.615384615
126660,194860,194942,68200,82,16,72000,832.707317073
126662,176541,176639,49879,98,16,144000,509.969387755
126703,129698,132698,2995,3000,4,28800,1.99833333333
126742,129738,132796,2996,3058,4,28800,1.97972531066
126749,129748,132747,2999,2999,4,28800,2.0
127238,127279,128899,41,1620,8,6000,1.02530864198
127239,127286,128916,47,1630,8,6000,1.02883435583
127280,127295,128924,15,1629,8,6000,1.00920810313
127290,128863,130488,1573,1625,8,6000,1.968
127291,128873,130494,1582,1621,8,6000,1.9759407773
127552,127559,137509,7,9950,16,36000,1.00070351759
128569,128577,132602,8,4025,1,9000,1.00198757764
128867,128910,130532,43,1622,8,6000,1.02651048089
128877,128927,130552,50,1625,8,6000,1.03076923077
128908,128935,130563,27,1628,8,6000,1.01658476658
128929,130499,132137,1570,1638,8,6000,1.95848595849
128940,130506,132130,1566,1624,8,6000,1.96428571429
129700,132706,132710,3006,4,4,28800,301.0
129749,132753,135303,3004,2550,4,28800,2.17803921569
129803,132803,135817,3000,3014,4,28800,1.99535500995
130500,130544,132173,44,1629,8,6000,1.02701043585
130510,130563,132194,53,1631,8,6000,1.03249540159
130543,130574,132654,31,2080,8,6000,1.01490384615
130566,132149,133773,1583,1624,8,6000,1.97475369458
130578,132141,133789,1563,1648,8,6000,1.9484223301
130612,130620,130631,8,11,2,600,1.72727272727
130869,130876,130883,7,7,2,600,1.4
131462,131469,167520,7,36051,64,36000,1.00019416937
132146,132205,133827,59,1622,8,6000,1.03637484587
132146,132184,133808,38,1624,8,6000,1.02339901478
132189,132665,134267,476,1602,8,6000,1.29712858926
132211,133801,135426,1590,1625,8,6000,1.97846153846
132670,133784,135410,1114,1626,8,6000,1.68511685117
132803,135824,138831,3021,3007,4,28800,2.00465580313
133124,133130,133739,6,609,1,900,1.00985221675
133124,133141,133758,17,617,1,900,1.02755267423
133124,133147,133748,23,601,1,900,1.03826955075
133124,133136,133760,12,624,1,900,1.01923076923
133125,133158,133771,33,613,1,900,1.05383360522
133125,133153,133768,28,615,1,900,1.04552845528
133125,133163,133760,38,597,1,900,1.06365159129
133126,133169,133762,43,593,1,900,1.07251264755
133126,133174,133788,48,614,1,900,1.07817589577
133126,133180,133779,54,599,1,900,1.09015025042
133371,133378,133399,7,21,2,600,1.33333333333
133787,133819,135452,32,1633,8,6000,1.01959583588
133798,133838,135439,40,1601,8,6000,1.02498438476
133818,134278,135905,460,1627,8,6000,1.28272894899
133841,135421,137059,1580,1638,8,6000,1.96459096459
134132,134138,134717,6,579,1,900,1.0103626943
134132,134144,134730,12,586,1,900,1.0204778157
134132,134149,134737,17,588,1,900,1.02891156463
134133,134156,134745,23,589,1,900,1.03904923599
134133,134167,134754,34,587,1,900,1.05792163543
134133,134162,134742,29,580,1,900,1.05
134134,134178,134753,44,575,1,900,1.07652173913
134134,134183,134766,49,583,1,900,1.08404802744
134134,134188,134758,54,570,1,900,1.09473684211
134134,134172,134738,38,566,1,900,1.06713780919
134278,135437,137066,1159,1629,8,6000,1.71147943524
135233,135239,135255,6,16,2,600,1.375
135340,135347,138341,7,2994,4,28800,1.00233800935
135349,138348,141355,2999,3007,4,28800,1.99733954107
135420,135464,137063,44,1599,8,6000,1.02751719825
135424,135430,138442,6,3012,4,28800,1.00199203187
135432,138448,141690,3016,3242,4,28800,1.93028994448
135441,135450,137086,9,1636,8,6000,1.00550122249
135451,135916,137713,465,1797,8,6000,1.25876460768
135462,137074,138761,1612,1687,8,6000,1.95554238293
135472,135478,135499,6,21,2,600,1.28571428571
135825,138837,141854,3012,3017,4,28800,1.99834272456
135912,137080,138730,1168,1650,8,6000,1.70787878788
136174,136181,136824,7,643,1,1800,1.01088646967
136975,136981,139156,6,2175,1,3600,1.00275862069
137062,137068,137081,6,13,2,600,1.46153846154
137071,137086,138719,15,1633,8,6000,1.00918554807
137082,137097,138730,15,1633,8,6000,1.00918554807
137082,137724,139356,642,1632,8,6000,1.39338235294
137093,138730,140365,1637,1635,8,6000,2.00122324159
137484,198044,198052,60560,8,3,72000,6056.8
137723,138741,140354,1018,1613,8,6000,1.63112213267
137756,137762,137764,6,2,16,36000,1.0
137758,198064,198357,60306,293,3,72000,206.822525597
137758,137776,139480,18,1704,16,36000,1.01056338028
137804,137816,138192,12,376,1,900,1.03191489362
137804,137834,138184,30,350,1,900,1.08571428571
137804,137810,138177,6,367,1,900,1.01634877384
137804,137821,138181,17,360,1,900,1.04722222222
137804,137826,138180,22,354,1,900,1.06214689266
137805,137839,138185,34,346,1,900,1.09826589595
137805,137850,138201,45,351,1,900,1.12820512821
137805,137844,138209,39,365,1,900,1.10684931507
137806,137855,138208,49,353,1,900,1.1388101983
137806,137861,138225,55,364,1,900,1.1510989011
138056,138062,138080,6,18,1,3600,1.33333333333
138056,138093,138103,37,10,1,3600,4.7
138209,138215,138233,6,18,1,3600,1.33333333333
138209,138221,138236,12,15,1,3600,1.8
138235,138242,138260,7,18,4,34200,1.38888888889
138236,138249,138250,13,1,4,34200,1.4
138343,138361,139370,18,1009,1,3600,1.017839445
138343,138355,139285,12,930,1,3600,1.01290322581
138349,141361,144376,3012,3015,4,28800,1.99900497512
138450,141697,144690,3247,2993,4,28800,2.08486468426
138733,138747,140362,14,1615,8,6000,1.00866873065
138743,138772,140433,29,1661,8,6000,1.01745936183
138744,139367,141007,623,1640,8,6000,1.37987804878
138775,140373,142363,1598,1990,8,6000,1.80301507538
138838,141861,144895,3023,3034,4,28800,1.9963744232
139270,139277,141004,7,1727,2,12600,1.00405327157
139364,140366,141998,1002,1632,8,6000,1.61397058824
139440,139446,140180,6,734,2,19800,1.00817438692
139482,176523,204068,37041,27545,16,36000,2.34474496279
140047,140054,142196,7,2142,1,3600,1.00326797386
140364,140380,142027,16,1647,8,6000,1.00971463267
140375,140444,142076,69,1632,8,6000,1.04227941176
140386,141018,142658,632,1640,8,6000,1.38536585366
140448,142009,143639,1561,1630,8,6000,1.95766871166
141021,142374,144009,1353,1635,8,6000,1.82752293578
141363,144382,147389,3019,3007,4,28800,2.00399068839
141698,144697,147693,2999,2996,4,28800,2.00100133511
141777,141783,144997,6,3214,2,18000,1.00186683261
141862,144901,147914,3039,3013,4,28800,2.00862927315
142006,142038,143686,32,1648,8,6000,1.01941747573
142037,142087,143746,50,1659,8,6000,1.03013863773
142088,142669,144330,581,1661,8,6000,1.34978928356
142373,143650,145285,1277,1635,8,6000,1.78103975535
142667,143697,145331,1030,1634,8,6000,1.63035495716
143203,143209,150514,6,7305,4,7200,1.00082135524
143652,143757,145402,105,1645,8,6000,1.06382978723
143693,144020,145656,327,1636,8,6000,1.19987775061
143755,144342,145982,587,1640,8,6000,1.35792682927
143852,143869,145128,17,1259,1,32400,1.01350277998
143852,143864,154017,12,10153,1,32400,1.00118191667
143852,176558,191780,32706,15222,2,32400,3.1486007095
143852,143858,158628,6,14770,1,32400,1.00040622884
143853,198891,198918,55038,27,4,32400,2039.44444444
143853,194959,195858,51106,899,8,32400,57.8476084538
144019,145298,146932,1279,1634,8,6000,1.78274173807
144345,145342,146977,997,1635,8,6000,1.60978593272
144384,147396,150412,3012,3016,4,28800,1.99867374005
144698,194964,198032,50266,3068,4,28800,17.3839634941
144790,144796,162842,6,18046,4,18000,1.00033248365
144902,195869,198880,50967,3011,4,28800,17.9269345732
145301,145413,147043,112,1630,8,6000,1.06871165644
145342,145667,147299,325,1632,8,6000,1.19914215686
145413,145993,147645,580,1652,8,6000,1.35108958838
145459,145467,145468,8,1,1,600,1.0
145668,146943,148576,1275,1633,8,6000,1.78077158604
145993,146989,148619,996,1630,8,6000,1.61104294479
146939,147054,148689,115,1635,8,6000,1.07033639144
146991,147310,148957,319,1647,8,6000,1.19368548877
147052,147656,149293,604,1637,8,6000,1.3689676237
147314,148588,161232,1274,12644,5,16200,1.1007592534
147347,147354,147470,7,116,1,1800,1.06034482759
147398,195875,198915,48477,3040,4,28800,16.9463815789
147583,147589,165615,6,18026,4,18000,1.00033285255
147660,148635,160526,975,11891,5,16200,1.08199478597
147820,147826,147938,6,112,1,1800,1.05357142857
147838,147845,147918,7,73,1,18000,1.09589041096
148490,148497,148520,7,23,2,18000,1.30434782609
148585,148641,159162,56,10521,5,16200,1.00532268796
148636,148700,161004,64,12304,5,16200,1.00520156047
148637,148968,160148,331,11180,5,16200,1.02960644007
148696,148708,166727,12,18019,2,18000,1.0006659637
148698,148974,158485,276,9511,5,16200,1.0290190306
148973,149304,161139,331,11835,5,16200,1.02796789185
148973,149310,157166,337,7856,5,16200,1.04289714868
149308,157178,166272,7870,9094,5,16200,1.86540576204
149309,158497,170515,9188,12018,5,16200,1.76451988684
149688,149694,149921,6,227,1,900,1.02643171806
149939,149947,150312,8,365,1,900,1.02191780822
151063,151069,151999,6,930,1,900,1.0064516129
151822,151829,152178,7,349,1,900,1.02005730659
151822,151834,152143,12,309,1,900,1.03883495146
151822,151839,152170,17,331,1,900,1.05135951662
151823,151863,152211,40,348,1,900,1.11494252874
151823,151852,152207,29,355,1,900,1.08169014085
151823,151845,152202,22,357,1,900,1.06162464986
151823,151857,152201,34,344,1,900,1.0988372093
151824,151879,152220,55,341,1,900,1.16129032258
151824,151873,152218,49,345,1,900,1.14202898551
151824,151868,152200,44,332,1,900,1.13253012048
152002,152009,152038,7,29,1,900,1.24137931034
152671,841759,1331169,689088,489410,2,604800,2.40799738461
152685,152692,152825,7,133,1,3540,1.05263157895
152696,841764,1331169,689068,489405,2,604800,2.40797090344
153419,153426,153790,7,364,1,900,1.01923076923
153420,153437,153756,17,319,1,900,1.05329153605
153420,153449,153768,29,319,1,900,1.09090909091
153420,153444,153758,24,314,1,900,1.07643312102
153420,153431,153756,11,325,1,900,1.03384615385
153421,153465,153780,44,315,1,900,1.13968253968
153421,153471,153801,50,330,1,900,1.15151515152
153421,153455,153780,34,325,1,900,1.10461538462
153421,153460,153795,39,335,1,900,1.11641791045
153422,153476,153821,54,345,1,900,1.15652173913
153922,153929,154243,7,314,1,900,1.02229299363
153923,153945,154262,22,317,1,900,1.06940063091
153923,153934,154258,11,324,1,900,1.03395061728
153923,153939,154247,16,308,1,900,1.05194805195
153924,153951,154272,27,321,1,900,1.08411214953
153924,153961,154285,37,324,1,900,1.11419753086
153924,153956,154273,32,317,1,900,1.10094637224
153925,153977,154316,52,339,1,900,1.15339233038
153925,153972,154293,47,321,1,900,1.14641744548
153925,153967,154278,42,311,1,900,1.13504823151
154972,154979,155144,7,165,1,3540,1.04242424242
155288,155294,156359,6,1065,1,3540,1.00563380282
155361,155367,155502,6,135,1,3540,1.04444444444
155399,155405,155592,6,187,1,3540,1.0320855615
155437,155444,155781,7,337,1,3540,1.02077151335
155508,155514,155783,6,269,1,3540,1.02230483271
155545,155552,155907,7,355,1,3540,1.01971830986
155583,155590,155928,7,338,1,3540,1.02071005917
155621,155628,156004,7,376,1,3540,1.01861702128
155658,155664,156006,6,342,1,3540,1.01754385965
155696,155702,156056,6,354,1,3540,1.01694915254
155778,155785,156049,7,264,1,3540,1.02651515152
155875,155882,156037,7,155,1,3540,1.04516129032
155949,155955,156059,6,104,1,3540,1.05769230769
155989,155995,156062,6,67,1,3540,1.08955223881
156166,156172,159785,6,3613,1,3600,1.0016606698
156168,156179,159813,11,3634,1,3600,1.00302696753
156169,156185,159826,16,3641,1,3600,1.00439439714
156171,156190,159813,19,3623,1,3600,1.0052442727
156172,156195,159821,23,3626,1,3600,1.00634307777
156173,156201,159826,28,3625,1,3600,1.00772413793
156175,156207,159829,32,3622,1,3600,1.00883489785
156176,156212,159858,36,3646,1,3600,1.00987383434
156178,156217,159863,39,3646,1,3600,1.01069665387
156179,156223,159847,44,3624,1,3600,1.01214128035
156181,156228,159841,47,3613,1,3600,1.01300858013
156182,156233,159839,51,3606,1,3600,1.01414309484
156183,156239,159845,56,3606,1,3600,1.01552967277
156185,156244,159855,59,3611,1,3600,1.01633896428
156186,156250,159891,64,3641,1,3600,1.01757758857
156188,156255,159889,67,3634,1,3600,1.01843698404
156189,156260,159906,71,3646,1,3600,1.0194733955
156191,156266,159880,75,3614,1,3600,1.02075262867
156192,156271,159910,79,3639,1,3600,1.02170926079
156194,156277,159889,83,3612,1,3600,1.02297895903
156195,156282,159903,87,3621,1,3600,1.02402651201
156196,156288,159917,92,3629,1,3600,1.02535133646
156198,156293,159912,95,3619,1,3600,1.0262503454
156199,156298,159930,99,3632,1,3600,1.02725770925
156201,156304,159933,103,3629,1,3600,1.02838247451
156202,156310,159932,108,3622,1,3600,1.02981778023
156204,156316,159949,112,3633,1,3600,1.03082851638
156205,156321,159928,116,3607,1,3600,1.03215968949
156206,156326,159960,120,3634,1,3600,1.03302146395
156208,156332,159958,124,3626,1,3600,1.03419746277
156209,156337,159940,128,3603,1,3600,1.0355259506
156211,156342,159966,131,3624,1,3600,1.03614790287
156212,156348,159994,136,3646,1,3600,1.03730115195
156213,156353,159972,140,3619,1,3600,1.03868471954
156215,156358,159994,143,3636,1,3600,1.03932893289
156216,156364,160010,148,3646,1,3600,1.04059243006
156218,156369,159986,151,3617,1,3600,1.0417473044
156219,156375,159981,156,3606,1,3600,1.04326123128
156221,156380,160009,159,3629,1,3600,1.04381372279
156222,156385,160003,163,3618,1,3600,1.0450525152
156224,156391,160017,167,3626,1,3600,1.04605626034
156225,156396,160019,171,3623,1,3600,1.04719845432
156226,156402,160039,176,3637,1,3600,1.04839153148
156228,156407,160031,179,3624,1,3600,1.04939293598
156229,156412,160032,183,3620,1,3600,1.05055248619
156231,156418,160051,187,3633,1,3600,1.05147261217
156232,156423,160041,191,3618,1,3600,1.05279159757
156234,156428,160030,194,3602,1,3600,1.05385896724
156235,156434,160040,199,3606,1,3600,1.05518580144
156236,156439,160085,203,3646,1,3600,1.05567745474
156238,156445,160054,207,3609,1,3600,1.05735660848
156239,156450,160096,211,3646,1,3600,1.05787164015
156241,156455,160101,214,3646,1,3600,1.05869445968
156242,156461,160068,219,3607,1,3600,1.06071527585
156244,156466,160111,222,3645,1,3600,1.06090534979
156245,156471,160081,226,3610,1,3600,1.06260387812
156247,156477,160111,230,3634,1,3600,1.06329113924
156248,156482,160119,234,3637,1,3600,1.06433874072
156249,156488,160094,239,3606,1,3600,1.06627842485
156251,156493,160132,242,3639,1,3600,1.06650178621
156252,156498,160104,246,3606,1,3600,1.06821963394
156254,156504,160115,250,3611,1,3600,1.06923289947
156256,156509,160134,253,3625,1,3600,1.06979310345
156257,156515,160124,258,3609,1,3600,1.0714879468
156258,156520,160153,262,3633,1,3600,1.07211670795
156260,156525,160139,265,3614,1,3600,1.07332595462
156261,156531,160162,270,3631,1,3600,1.07435968053
156263,156536,160138,273,3602,1,3600,1.0757912271
156264,156542,160181,278,3639,1,3600,1.0763946139
156265,156547,160158,282,3611,1,3600,1.07809471061
156267,156552,160168,285,3616,1,3600,1.07881637168
156268,156558,160183,290,3625,1,3600,1.08
156270,156563,160184,293,3621,1,3600,1.08091687379
156271,156569,160188,298,3619,1,3600,1.08234318873
156273,156574,160186,301,3612,1,3600,1.08333333333
156274,156579,160191,305,3612,1,3600,1.08444075305
156276,156585,160200,309,3615,1,3600,1.08547717842
156278,156590,160221,312,3631,1,3600,1.08592674194
156279,156596,160202,317,3606,1,3600,1.08790904049
156281,156601,160237,320,3636,1,3600,1.08800880088
156282,156607,160253,325,3646,1,3600,1.08913878223
156283,156612,160233,329,3621,1,3600,1.09085887876
156285,156618,160238,333,3620,1,3600,1.09198895028
156286,156623,160254,337,3631,1,3600,1.09281189755
156288,156629,160246,341,3617,1,3600,1.09427702516
156289,156634,160280,345,3646,1,3600,1.09462424575
156291,156640,160250,349,3610,1,3600,1.09667590028
156292,156645,160259,353,3614,1,3600,1.09767570559
156294,156651,160297,357,3646,1,3600,1.09791552386
156295,156656,160302,361,3646,1,3600,1.09901261657
156297,156662,160297,365,3635,1,3600,1.10041265475
156298,156667,160286,369,3619,1,3600,1.10196186792
156300,156673,160284,373,3611,1,3600,1.10329548601
156301,156678,160304,377,3626,1,3600,1.10397131826
156302,156684,160324,382,3640,1,3600,1.10494505495
156304,156689,160330,385,3641,1,3600,1.10574018127
156305,156696,160312,391,3616,1,3600,1.10813053097
156307,156702,160312,395,3610,1,3600,1.10941828255
156309,156707,160327,398,3620,1,3600,1.10994475138
156310,156713,160349,403,3636,1,3600,1.11083608361
156311,159799,163430,3488,3631,1,3600,1.96061690994
157179,159173,167545,1994,8372,5,16200,1.23817486861
157711,157723,157736,12,13,1,900,1.92307692308
157711,157718,157736,7,18,1,900,1.38888888889
157711,157729,157731,18,2,1,900,2.0
157712,157736,157737,24,1,1,900,2.5
157955,157967,158561,12,594,1,900,1.0202020202
157955,157962,158541,7,579,1,900,1.01208981002
157956,157985,158589,29,604,1,900,1.04801324503
157956,157974,158597,18,623,1,900,1.02889245586
157956,157979,158602,23,623,1,900,1.03691813804
157957,157990,158590,33,600,1,900,1.055
157957,157996,158608,39,612,1,900,1.0637254902
157957,158001,158577,44,576,1,900,1.07638888889
157957,158006,158614,49,608,1,900,1.08059210526
157958,158012,158614,54,602,1,900,1.08970099668
158183,158191,158356,8,165,1,3540,1.04848484848
158494,160226,168939,1732,8713,5,16200,1.19878342706
158505,158511,159576,6,1065,1,3540,1.00563380282
158578,158585,158721,7,136,1,3540,1.05147058824
158616,158623,158799,7,176,1,3540,1.03977272727
158654,158660,159000,6,340,1,3540,1.01764705882
158726,158733,159004,7,271,1,3540,1.0258302583
158764,158771,159125,7,354,1,3540,1.0197740113
158802,158808,159145,6,337,1,3540,1.0178041543
158839,158845,159194,6,349,1,3540,1.01719197708
158877,158883,159220,6,337,1,3540,1.0178041543
158915,158922,159278,7,356,1,3540,1.01966292135
158995,159002,159267,7,265,1,3540,1.02641509434
159115,159122,159279,7,157,1,3540,1.04458598726
159177,161243,174263,2066,13020,5,16200,1.15867895545
159375,159383,159513,8,130,1,3540,1.06153846154
159416,159424,159491,8,67,1,3540,1.11940298507
159799,159825,163458,26,3633,1,3600,1.00715661987
159862,159869,163470,7,3601,1,3600,1.00194390447
159864,159875,163503,11,3628,1,3600,1.00303197354
159866,159881,163511,15,3630,1,3600,1.0041322314
159868,159886,163516,18,3630,1,3600,1.00495867769
159869,159891,163519,22,3628,1,3600,1.00606394708
159870,159898,163503,28,3605,1,3600,1.00776699029
159872,159904,163507,32,3603,1,3600,1.00888148765
159876,159909,163533,33,3624,1,3600,1.00910596026
159878,159914,163537,36,3623,1,3600,1.0099365167
159879,159920,163531,41,3611,1,3600,1.01135419551
159880,159925,163529,45,3604,1,3600,1.01248612653
159882,159930,163537,48,3607,1,3600,1.01330745772
159883,159936,163545,53,3609,1,3600,1.01468550845
159945,159952,163581,7,3629,1,3600,1.00192890603
159947,159959,163579,12,3620,1,3600,1.00331491713
159949,159964,163596,15,3632,1,3600,1.00412995595
159950,159970,163616,20,3646,1,3600,1.00548546352
159951,159975,163600,24,3625,1,3600,1.00662068966
159953,159982,163628,29,3646,1,3600,1.00795392211
159954,159987,163593,33,3606,1,3600,1.00915141431
159956,159993,163607,37,3614,1,3600,1.01023796348
159957,159998,163602,41,3604,1,3600,1.01137624861
159959,160003,163620,44,3617,1,3600,1.01216477744
159960,160009,163623,49,3614,1,3600,1.01355838406
159961,160014,163622,53,3608,1,3600,1.01468957871
159963,160019,163639,56,3620,1,3600,1.01546961326
159964,160025,163663,61,3638,1,3600,1.01676745465
159966,160030,163650,64,3620,1,3600,1.01767955801
159967,160035,163649,68,3614,1,3600,1.01881571666
159969,160041,163675,72,3634,1,3600,1.01981287837
160030,160049,163656,19,3607,1,3600,1.00526753535
160033,160054,163684,21,3630,1,3600,1.00578512397
160035,160060,163662,25,3602,1,3600,1.00694058856
160036,160065,163684,29,3619,1,3600,1.00801326333
160038,160070,163700,32,3630,1,3600,1.008815427
160039,160076,163720,37,3644,1,3600,1.01015367728
160041,160081,163716,40,3635,1,3600,1.01100412655
160042,160088,163699,46,3611,1,3600,1.0127388535
160044,160094,163740,50,3646,1,3600,1.0137136588
160046,160099,163708,53,3609,1,3600,1.01468550845
160047,160104,163710,57,3606,1,3600,1.01580698835
160048,160110,163729,62,3619,1,3600,1.01713180437
160050,160115,163721,65,3606,1,3600,1.01802551303
160051,160120,163722,69,3602,1,3600,1.01915602443
160053,160126,163741,73,3615,1,3600,1.02019363762
160054,160131,163777,77,3646,1,3600,1.02111903456
160056,160136,163765,80,3629,1,3600,1.0220446404
160057,160142,163775,85,3633,1,3600,1.02339664189
160119,160149,163775,30,3626,1,3600,1.0082735797
160121,160155,163789,34,3634,1,3600,1.00935608145
160123,160160,163786,37,3626,1,3600,1.01020408163
160125,160166,163791,41,3625,1,3600,1.01131034483
160126,160171,163803,45,3632,1,3600,1.01238986784
160128,160176,163802,48,3626,1,3600,1.01323772752
160129,160182,163816,53,3634,1,3600,1.01458447991
160131,160187,163801,56,3614,1,3600,1.01549529607
160132,160192,163809,60,3617,1,3600,1.01658833287
160133,160198,163830,65,3632,1,3600,1.01789647577
160135,160203,163822,68,3619,1,3600,1.01878972092
160136,160208,163839,72,3631,1,3600,1.01982924814
160138,160214,163850,76,3636,1,3600,1.02090209021
160139,160219,163824,80,3605,1,3600,1.02219140083
160141,160237,163843,96,3606,1,3600,1.02662229617
160202,160232,163859,30,3627,1,3600,1.00827129859
160227,160539,170009,312,9470,5,16200,1.03294614572
160543,161016,172632,473,11616,5,16200,1.04071969697
161012,161150,170946,138,9796,5,16200,1.01408738261
161154,166285,174305,5131,8020,5,16200,1.6397755611
161246,167557,176912,6311,9355,5,16200,1.67461250668
163612,163619,164230,7,611,1,900,1.01145662848
163613,163624,164231,11,607,1,900,1.01812191104
163613,163631,164236,18,605,1,900,1.02975206612
163613,163647,164224,34,577,1,900,1.0589254766
163613,163641,164227,28,586,1,900,1.04778156997
163613,163636,164230,23,594,1,900,1.03872053872
163614,163663,164265,49,602,1,900,1.08139534884
163614,163652,164105,38,453,1,900,1.08388520971
163614,163657,164247,43,590,1,900,1.07288135593
163615,163668,164263,53,595,1,900,1.08907563025
163995,168960,183283,4965,14323,5,21600,1.34664525588
163996,170021,184350,6025,14329,5,21600,1.42047595785
163997,189068,203683,25071,14615,5,21600,2.7154293534
164883,164889,168502,6,3613,1,3600,1.0016606698
164885,164896,168516,11,3620,1,3600,1.00303867403
164886,164902,168512,16,3610,1,3600,1.00443213296
164887,164907,168543,20,3636,1,3600,1.00550055006
164889,164912,168558,23,3646,1,3600,1.00630828305
164890,164918,168525,28,3607,1,3600,1.00776268367
164892,164924,168543,32,3619,1,3600,1.00884222161
164894,164929,168556,35,3627,1,3600,1.00964984836
164895,164935,168546,40,3611,1,3600,1.01107726392
164897,164940,168551,43,3611,1,3600,1.01190805871
164898,164946,168556,48,3610,1,3600,1.01329639889
164900,164952,168559,52,3607,1,3600,1.01441641253
164901,164957,168588,56,3631,1,3600,1.01542274855
164902,164962,168593,60,3631,1,3600,1.01652437345
164904,164968,168573,64,3605,1,3600,1.01775312067
164905,164974,168577,69,3603,1,3600,1.01915070774
164907,164979,168616,72,3637,1,3600,1.01979653561
164908,164984,168614,76,3630,1,3600,1.02093663912
164909,164990,168622,81,3632,1,3600,1.02230176211
164911,164995,168630,84,3635,1,3600,1.02310866575
164912,165001,168621,89,3620,1,3600,1.02458563536
164914,165006,168619,92,3613,1,3600,1.02546360365
164915,165011,168636,96,3625,1,3600,1.02648275862
164917,165017,168656,100,3639,1,3600,1.02748007694
164918,165022,168640,104,3618,1,3600,1.02874516307
164919,165030,168668,111,3638,1,3600,1.03051126993
164921,165035,168681,114,3646,1,3600,1.03126714207
164922,165040,168647,118,3607,1,3600,1.0327141669
164924,165046,168687,122,3641,1,3600,1.03350727822
164925,165051,168660,126,3609,1,3600,1.0349127182
164927,165057,168663,130,3606,1,3600,1.03605102607
164928,165062,168708,134,3646,1,3600,1.0367526056
164929,165067,168679,138,3612,1,3600,1.03820598007
164931,165073,168703,142,3630,1,3600,1.0391184573
164932,165078,168690,146,3612,1,3600,1.04042081949
164934,165084,168688,150,3604,1,3600,1.04162042175
164935,165089,168715,154,3626,1,3600,1.04247104247
164937,165094,168696,157,3602,1,3600,1.04358689617
164938,165100,168724,162,3624,1,3600,1.04470198675
164939,165105,168751,166,3646,1,3600,1.04552934723
164941,165110,168724,169,3614,1,3600,1.04676258993
164942,165116,168741,174,3625,1,3600,1.048
164944,165121,168761,177,3640,1,3600,1.04862637363
164945,165126,168756,181,3630,1,3600,1.04986225895
164947,165132,168739,185,3607,1,3600,1.05128915997
164948,165137,168783,189,3646,1,3600,1.05183763028
164950,165143,168748,193,3605,1,3600,1.05353675451
164951,165148,168754,197,3606,1,3600,1.05463117027
164952,165153,168769,201,3616,1,3600,1.05558628319
164954,165159,168761,205,3602,1,3600,1.05691282621
164955,165164,168810,209,3646,1,3600,1.0573230938
164957,165170,168781,213,3611,1,3600,1.05898643035
164958,165175,168821,217,3646,1,3600,1.05951727921
164960,165180,168805,220,3625,1,3600,1.06068965517
164961,165186,168815,225,3629,1,3600,1.06200055112
164962,165191,168815,229,3624,1,3600,1.06318984547
164964,165196,168829,232,3633,1,3600,1.06385906964
164965,165202,168826,237,3624,1,3600,1.06539735099
164967,165207,168831,240,3624,1,3600,1.06622516556
164968,165213,168843,245,3630,1,3600,1.06749311295
164970,165218,168842,248,3624,1,3600,1.06843267108
164971,165223,168856,252,3633,1,3600,1.06936416185
164973,165229,168841,256,3612,1,3600,1.07087486157
164974,165234,168849,260,3615,1,3600,1.07192254495
164975,165239,168871,264,3632,1,3600,1.07268722467
164977,165245,168862,268,3617,1,3600,1.0740945535
164978,165250,168879,272,3629,1,3600,1.07495177735
164980,165256,168890,276,3634,1,3600,1.07594936709
164981,165261,168864,280,3603,1,3600,1.07771301693
164983,165266,168899,283,3633,1,3600,1.07789705478
164984,165272,168883,288,3611,1,3600,1.07975630019
164985,165277,168914,292,3637,1,3600,1.08028594996
164987,165283,168892,296,3609,1,3600,1.08201717927
164988,165288,168913,300,3625,1,3600,1.08275862069
164990,165293,168911,303,3618,1,3600,1.08374792703
164991,165299,168933,308,3634,1,3600,1.08475509081
164993,165304,168943,311,3639,1,3600,1.0854630393
164994,165309,168913,315,3604,1,3600,1.08740288568
164996,165315,168961,319,3646,1,3600,1.08749314317
164997,165320,168966,323,3646,1,3600,1.08859023587
164999,165325,168961,326,3636,1,3600,1.0896589659
165000,165331,168966,331,3635,1,3600,1.09105914718
165002,165336,168975,334,3639,1,3600,1.09178345699
165003,165342,168951,339,3609,1,3600,1.09393183707
165005,165347,168977,342,3630,1,3600,1.09421487603
165006,165352,168967,346,3615,1,3600,1.09571230982
165007,165358,168983,351,3625,1,3600,1.09682758621
165009,165363,169009,354,3646,1,3600,1.09709270433
165011,165368,169014,357,3646,1,3600,1.09791552386
165012,165374,168984,362,3610,1,3600,1.10027700831
165014,165379,169025,365,3646,1,3600,1.10010970927
165015,165384,169010,369,3626,1,3600,1.10176503034
165016,165390,169025,374,3635,1,3600,1.10288858322
165018,165395,169034,377,3639,1,3600,1.10359989008
165019,165401,169027,382,3626,1,3600,1.10535024821
165021,165406,169032,385,3626,1,3600,1.10617760618
165022,165411,169027,389,3616,1,3600,1.10757743363
165024,165419,169063,395,3644,1,3600,1.10839736553
165025,165424,169059,399,3635,1,3600,1.10976616231
165027,165430,169034,403,3604,1,3600,1.11182019978
165028,168519,172127,3491,3608,1,3600,1.96757206208
168516,168526,172141,10,3615,1,3600,1.00276625173
168518,168533,172147,15,3614,1,3600,1.00415052573
168580,168587,172206,7,3619,1,3600,1.00193423598
168582,168593,172202,11,3609,1,3600,1.00304793572
168584,168598,172233,14,3635,1,3600,1.00385144429
168585,168604,172250,19,3646,1,3600,1.00521119035
168587,168609,172215,22,3606,1,3600,1.00610094287
168588,168616,172230,28,3614,1,3600,1.00774764804
168590,168621,172233,31,3612,1,3600,1.00858250277
168591,168627,172246,36,3619,1,3600,1.00994749931
168593,168632,172236,39,3604,1,3600,1.01082130966
168594,168637,172242,43,3605,1,3600,1.01192787795
168595,168643,172271,48,3628,1,3600,1.01323042999
168597,168648,172294,51,3646,1,3600,1.01398793198
168598,168653,172294,55,3641,1,3600,1.01510574018
168600,168661,172278,61,3617,1,3600,1.01686480509
168661,168668,172283,7,3615,1,3600,1.00193637621
168664,168674,172308,10,3634,1,3600,1.00275178866
168665,168680,172312,15,3632,1,3600,1.00412995595
168667,168685,172306,18,3621,1,3600,1.00497100249
168668,168692,172304,24,3612,1,3600,1.00664451827
168670,168697,172312,27,3615,1,3600,1.00746887967
168671,168702,172320,31,3618,1,3600,1.00856826976
168673,168708,172311,35,3603,1,3600,1.00971412712
168674,168713,172354,39,3641,1,3600,1.01071134304
168676,168718,172326,42,3608,1,3600,1.01164079823
168677,168724,172346,47,3622,1,3600,1.01297625621
168678,168729,172375,51,3646,1,3600,1.01398793198
168680,168734,172358,54,3624,1,3600,1.01490066225
168695,168742,168829,47,87,16,3600,1.54022988506
168742,168750,172375,8,3625,1,3600,1.00220689655
168745,168757,172386,12,3629,1,3600,1.00330669606
168746,168762,172384,16,3622,1,3600,1.00441744892
168748,168767,172408,19,3641,1,3600,1.00521834661
168749,168773,172405,24,3632,1,3600,1.00660792952
168751,168780,172396,29,3616,1,3600,1.0080199115
168752,168785,172406,33,3621,1,3600,1.00911350456
168754,168791,172401,37,3610,1,3600,1.01024930748
168755,168796,172442,41,3646,1,3600,1.01124520022
168757,168801,172447,44,3646,1,3600,1.01206801975
168759,168807,172453,48,3646,1,3600,1.01316511245
168760,168812,172458,52,3646,1,3600,1.01426220516
168762,168818,172429,56,3611,1,3600,1.01550816948
168763,168823,172435,60,3612,1,3600,1.01661129568
168765,168828,172463,63,3635,1,3600,1.01733149931
168766,168834,172479,68,3645,1,3600,1.01865569273
168768,168839,172454,71,3615,1,3600,1.01964038728
168769,168844,172459,75,3615,1,3600,1.02074688797
168771,168852,172461,81,3609,1,3600,1.02244389027
168832,168858,172472,26,3614,1,3600,1.0071942446
168835,168863,172467,28,3604,1,3600,1.00776914539
168836,168868,172485,32,3617,1,3600,1.00884711087
168838,168874,172488,36,3614,1,3600,1.00996126176
168839,168879,172488,40,3609,1,3600,1.0110834026
168841,168884,172504,43,3620,1,3600,1.01187845304
168842,168890,172528,48,3638,1,3600,1.01319406267
168844,168895,172515,51,3620,1,3600,1.01408839779
168845,168901,172514,56,3613,1,3600,1.01549958483
168847,168908,172540,61,3632,1,3600,1.01679515419
168848,168914,172521,66,3607,1,3600,1.01829775437
168850,168919,172549,69,3630,1,3600,1.01900826446
168851,168924,172549,73,3625,1,3600,1.02013793103
168852,168930,172563,78,3633,1,3600,1.02146985962
168914,168937,172549,23,3612,1,3600,1.00636766334
168916,168942,172545,26,3603,1,3600,1.00721620871
168918,168948,172561,30,3613,1,3600,1.00830334902
168919,168953,172556,34,3603,1,3600,1.00943658063
170024,170526,180563,502,10037,5,16200,1.0500149447
170147,170154,171208,7,1054,4,3600,1.00664136622
170522,170958,185682,436,14724,5,16200,1.02961151861
170960,172643,184307,1683,11664,5,16200,1.14429012346
172523,311677,319211,139154,7534,4,32400,19.4701353862
172648,174274,183957,1626,9683,5,16200,1.16792316431
174271,174316,184921,45,10605,5,16200,1.00424328147
174312,176929,189057,2617,12128,5,16200,1.21578166227
176341,176496,212520,155,36024,64,36000,1.0043026871
176930,180574,192880,3644,12306,5,16200,1.29611571591
180571,183293,197410,2722,14117,5,16200,1.19281717079
181390,198375,198382,16985,7,1,3600,1699.2
182800,204367,414248,21567,209881,10,259200,1.10275822966
183289,183968,192494,679,8526,5,16200,1.07963875205
183969,184318,195752,349,11434,5,16200,1.03052300157
184315,184361,195396,46,11035,5,16200,1.0041685546
184366,184932,193664,566,8732,5,16200,1.06481905634
184934,185694,193673,760,7979,5,16200,1.09525003133
184944,198380,198387,13436,7,1,1800,1344.3
185330,198386,198500,13056,114,1,3600,115.526315789
185696,240388,249388,54692,9000,5,16200,7.07688888889
188181,191798,193859,3617,2061,1,3600,2.75497331393
188181,191792,194000,3611,2208,1,3600,2.63541666667
188182,195704,197847,7522,2143,1,3600,4.51003266449
188182,194778,195692,6596,914,1,3600,8.21663019694
188182,193871,194767,5689,896,1,3600,7.34933035714
188182,194011,196149,5829,2138,1,3600,3.7263797942
188183,196161,196178,7978,17,1,3600,470.294117647
188183,196190,196221,8007,31,1,3600,259.290322581
188183,196233,196395,8050,162,1,3600,50.6913580247
188183,196407,196848,8224,441,1,3600,19.6485260771
188183,196859,196924,8676,65,1,3600,134.476923077
188184,196935,197058,8751,123,1,3600,72.1463414634
188184,197069,200288,8885,3219,1,3600,3.76017396707
188902,197859,199493,8957,1634,1,3600,6.48164014688
188903,198049,201658,9146,3609,1,3600,3.53422000554
188950,198399,198400,9449,1,1,3600,945.0
189028,198369,198372,9341,3,1,3600,934.4
189074,240393,250051,51319,9658,5,16200,6.31362600953
192607,198394,198468,5787,74,1,1800,79.2027027027
195028,198926,201929,3898,3003,4,28800,2.29803529804
195871,198933,201944,3062,3011,4,28800,2.01693789439
195907,201955,204948,6048,2993,4,28800,3.02071500167
198495,198501,198613,6,112,1,3600,1.05357142857
198529,198536,198610,7,74,1,1800,1.09459459459
198626,198632,198885,6,253,1,3600,1.02371541502
198678,198684,198774,6,90,1,1800,1.06666666667
198743,198750,199004,7,254,1,3600,1.02755905512
198816,198823,198916,7,93,1,1800,1.0752688172
198927,202072,205075,3145,3003,4,28800,2.04728604729
198931,198939,198940,8,1,1,3600,1.0
198933,204362,207378,5429,3016,4,28800,2.800066313
199042,199059,200226,17,1167,1,32400,1.0145672665
199042,199048,199172,6,124,1,32400,1.04838709677
199042,199054,209322,12,10268,1,32400,1.00116867939
199109,199184,199737,75,553,1,3600,1.1356238698
199210,199503,199868,293,365,1,1800,1.80273972603
199232,199747,200307,515,560,1,3600,1.91964285714
199322,199878,200252,556,374,1,1800,2.48663101604
199331,200262,200264,931,2,1,3600,93.3
200001,200237,214609,236,14372,1,18000,1.01642081826
200353,201942,212148,1589,10206,4,14400,1.15569272977
200528,200534,200616,6,82,1,3600,1.07317073171
200709,200715,200721,6,6,1,3600,1.2
200731,200738,200969,7,231,1,3600,1.0303030303
200814,200820,200827,6,7,1,1800,1.3
200833,200840,200919,7,79,1,3600,1.08860759494
200919,200929,200968,10,39,1,1800,1.25641025641
200976,200984,201022,8,38,1,1800,1.21052631579
201040,201046,201287,6,241,1,3600,1.02489626556
201112,201118,201120,6,2,1,3600,1.0
201170,201178,201246,8,68,1,1800,1.11764705882
201208,201214,201215,6,1,1,3600,1.0
201217,201226,201294,9,68,1,1800,1.13235294118
201255,201261,201743,6,482,1,3600,1.01244813278
201570,201576,201976,6,400,1,3600,1.015
201815,201821,202065,6,244,1,1800,1.02459016393
201843,201850,202047,7,197,1,1800,1.03553299492
201956,204960,207971,3004,3011,4,28800,1.99767519097
202074,205087,208077,3013,2990,4,28800,2.00769230769
204055,204340,240377,285,36037,16,36000,1.00790853845
204168,204346,276385,178,72039,3,72000,1.00247088383
204195,204351,276366,156,72015,3,72000,1.00216621537
204212,204357,263897,145,59540,3,72000,1.00243533759
204363,220439,223453,16076,3014,4,28800,6.33377571334
204754,204981,349034,227,144053,16,144000,1.0015758089
204960,223464,226466,18504,3002,4,28800,7.16389073951
205087,227463,230474,22376,3011,4,28800,8.43141813351
206392,208088,215655,1696,7567,2,86400,1.22413109555
206597,206603,206636,6,33,1,3600,1.18181818182
206721,206728,221158,7,14430,1,14400,1.00048510049
207107,207984,405629,877,197645,5,324000,1.0044372486
207326,207390,274816,64,67426,3,72000,1.00094918874
207653,208942,222855,1289,13913,16,72000,1.09264716452
207746,208947,280963,1201,72016,16,72000,1.01667684959
207781,208952,280972,1171,72020,16,72000,1.0162593724
207792,212532,284564,4740,72032,16,72000,1.06580408707
207806,212537,284539,4731,72002,16,72000,1.06570650815
207835,212542,284574,4707,72032,16,72000,1.06534595735
207867,212548,274481,4681,61933,16,72000,1.07558167697
207883,222868,294907,14985,72039,16,72000,1.20801232666
207908,353945,354115,146037,170,16,72000,860.041176471
207999,274495,346498,66496,72003,16,72000,1.92351707568
208007,280982,353008,72975,72026,16,72000,2.01317579763
208024,280994,353012,72970,72018,16,72000,2.01321891749
208039,284554,353264,76515,68710,16,72000,2.11359336341
208046,284581,356605,76535,72024,16,72000,2.06263190048
208055,284593,356619,76538,72026,16,72000,2.06264404521
208068,294919,366944,86851,72025,16,72000,2.20584519264
208079,353300,398737,145221,45437,16,72000,4.19609569294
208091,353726,353929,145635,203,16,72000,718.413793103
208110,353736,353929,145626,193,16,72000,755.538860104
208120,353742,353823,145622,81,16,72000,1798.80246914
208531,208537,212162,6,3625,1,3600,1.00165517241
209222,209228,221790,6,12562,1,172800,1.00047763095
210114,230567,250909,20453,20342,5,21600,2.00545669059
210114,250766,265360,40652,14594,5,21600,3.7855282993
210115,287567,308010,77452,20443,5,21600,4.78868072201
211553,213721,216843,2168,3122,1,7200,1.69442664958
211553,211559,216864,6,5305,1,7200,1.00113100848
211553,212174,213710,621,1536,1,7200,1.404296875
211554,215884,217347,4330,1463,1,7200,3.95967190704
211554,214621,216069,3067,1448,1,7200,3.11809392265
211554,215879,220428,4325,4549,1,7200,1.95075840844
211555,216856,216875,5301,19,1,7200,280.0
211555,216080,219269,4525,3189,1,7200,2.41894010662
211555,216876,216917,5321,41,1,7200,130.780487805
211555,216886,217024,5331,138,1,7200,39.6304347826
211556,217161,217363,5605,202,1,7200,28.7475247525
211556,216928,217349,5372,421,1,7200,13.7600950119
211556,217035,217150,5479,115,1,7200,48.6434782609
211557,217359,219621,5802,2262,1,7200,3.5649867374
211636,215665,215866,4029,201,2,32400,21.0447761194
211637,264467,286153,52830,21686,8,32400,3.43613391128
211637,212158,227452,521,15294,4,32400,1.03406564666
212701,217366,217481,4665,115,1,3600,41.5652173913
212829,218128,218567,5299,439,1,900,13.0706150342
212829,217493,218116,4664,623,1,900,8.48635634029
212829,218080,218650,5251,570,1,900,10.2122807018
212829,217374,217993,4545,619,1,900,8.34248788368
212830,219280,219894,6450,614,1,900,11.5048859935
212830,219246,219805,6416,559,1,900,12.4776386404
212830,219021,219532,6191,511,1,900,13.1154598826
212830,218662,219233,5832,571,1,900,11.2136602452
212830,218578,219010,5748,432,1,900,14.3055555556
212831,219544,219962,6713,418,1,900,17.0598086124
213806,297008,297300,83202,292,3,72000,285.938356164
219682,219688,226575,6,6887,1,14400,1.00087120662
219827,353294,375064,133467,21770,48,32400,7.13077629766
221448,231519,240750,10071,9231,8,14400,2.09099772506
221674,221680,394498,6,172818,1,172800,1.00003471861
221809,221815,394656,6,172841,1,172800,1.00003471399
222251,312813,312832,90562,19,16,14400,4767.42105263
222273,226585,230505,4312,3920,1,14400,2.1
222568,240762,252346,18194,11584,8,14400,2.57061464088
222652,252358,261525,29706,9167,8,14400,4.24053670776
222931,261546,262599,38615,1053,8,1800,37.6714150047
223114,262612,262849,39498,237,8,1800,167.658227848
223357,262863,263130,39506,267,8,1800,148.962546816
223465,230499,233516,7034,3017,4,28800,3.33145508784
223749,248458,253685,24709,5227,2,32400,5.72718576621
224132,263044,264055,38912,1011,8,1800,39.4886251236
224159,263148,263503,38989,355,8,1800,110.828169014
224407,263518,264455,39111,937,8,1800,42.7406616862
224664,226479,230557,1815,4078,4,10800,1.44507111329
224711,264071,264308,39360,237,8,1800,167.075949367
225471,264321,264902,38850,581,8,1800,67.8674698795
227464,242086,242087,14622,1,4,28800,1462.3
230499,247579,247580,17080,1,4,28800,1708.1
231381,286171,286172,54790,1,6,3600,5479.1
231579,250930,252369,19351,1439,1,7200,14.447533009
231579,250046,253151,18467,3105,1,7200,6.94750402576
231579,248391,252764,16812,4373,1,7200,4.84450034301
231579,248463,250026,16884,1563,1,7200,11.802303263
231580,252385,255954,20805,3569,1,7200,6.8293639675
231580,253697,253717,22117,20,1,7200,1106.85
231580,252779,254247,21199,1468,1,7200,15.4407356948
231580,253172,256368,21592,3196,1,7200,7.75594493116
231581,253887,254003,22306,116,1,7200,193.293103448
231581,253728,253867,22147,139,1,7200,160.330935252
231581,254018,254219,22437,201,1,7200,112.626865672
231581,253755,254170,22174,415,1,7200,54.4313253012
231581,253702,253738,22121,36,1,7200,615.472222222
231582,254190,256441,22608,2251,1,7200,11.0435362061
231618,254241,259571,22623,5330,1,7200,5.24446529081
231619,256380,262337,24761,5957,1,7200,5.15662246097
231619,255973,261321,24354,5348,1,7200,5.55385190726
231619,254267,260977,22648,6710,1,7200,4.37526080477
231721,233529,234377,1808,848,4,7200,3.1320754717
231750,240399,240518,8649,119,5,28800,73.6806722689
231782,234390,235514,2608,1124,4,7200,3.32028469751
232129,309272,309300,77143,28,1,18000,2756.10714286
232129,309220,309254,77091,34,1,18000,2268.38235294
233845,235526,236606,1681,1080,4,7200,2.55648148148
233847,236619,236799,2772,180,4,7200,16.4
233850,236811,238397,2961,1586,4,7200,2.86696090794
234419,238409,239533,3990,1124,4,7200,4.54982206406
234422,239545,242074,5123,2529,4,7200,3.02570185844
236502,242099,242815,5597,716,4,7200,8.81703910615
236555,242827,244712,6272,1885,4,7200,4.32732095491
236558,244796,246567,8238,1771,4,7200,5.6516092603
236560,246579,247568,10019,989,4,7200,11.1304347826
237353,256459,256695,19106,236,1,3540,81.9576271186
237765,256708,258805,18943,2097,1,3540,10.0333810205
237844,258818,258997,20974,179,1,3540,118.173184358
237895,259015,259258,21120,243,1,3540,87.9135802469
237947,259277,259577,21330,300,1,3540,72.1
237982,264915,311283,26933,46368,8,86400,1.5808531746
238024,259591,259832,21567,241,1,3540,90.489626556
238085,259596,259892,21511,296,1,3540,73.6722972973
238151,259845,260320,21694,475,1,3540,46.6715789474
238209,259911,260403,21702,492,1,3540,45.1097560976
238269,260335,260803,22066,468,1,3540,48.1495726496
238323,260415,260915,22092,500,1,3540,45.184
238399,260821,261388,22422,567,1,3540,40.544973545
238600,260927,261155,22327,228,1,3540,98.9254385965
238855,260993,261182,22138,189,1,3540,118.132275132
238906,261175,261275,22269,100,1,3540,223.69
239734,261203,261490,21469,287,1,3540,75.8048780488
240136,261294,263392,21158,2098,1,3540,11.0848427073
240214,261335,261554,21121,219,1,3540,97.4429223744
240263,261401,261673,21138,272,1,3540,78.7132352941
240321,261506,261792,21185,286,1,3540,75.0734265734
240393,240529,248882,136,8353,5,16200,1.01628157548
240393,261573,261807,21180,234,1,3540,91.5128205128
240404,248893,250429,8489,1536,5,16200,6.52669270833
240445,261691,261990,21246,299,1,3540,72.0568561873
240494,261809,262300,21315,491,1,3540,44.4114052953
240526,249404,250429,8878,1025,5,16200,9.66146341463
240543,261824,262344,21281,520,1,3540,41.925
240593,262007,262501,21414,494,1,3540,44.3481781377
240643,262321,262846,21678,525,1,3540,42.2914285714
240734,262349,262914,21615,565,1,3540,39.2566371681
240935,262361,262633,21426,272,1,3540,79.7720588235
241184,262520,262704,21336,184,1,3540,116.956521739
241235,262652,262780,21417,128,1,3540,168.3203125
243890,244724,244784,834,60,5,28800,14.9
244418,262718,263351,18300,633,1,900,29.9099526066
244418,262797,263413,18379,616,1,900,30.836038961
244418,262868,263482,18450,614,1,900,31.0488599349
244419,262934,263547,18515,613,1,900,31.2039151713
244419,263371,263925,18952,554,1,900,35.2093862816
244419,263412,264020,18993,608,1,900,32.2384868421
244419,263426,264004,19007,578,1,900,33.884083045
244420,263569,264141,19149,572,1,900,34.4772727273
244420,263938,264527,19518,589,1,900,34.1375212224
244420,263503,264064,19083,561,1,900,35.0160427807
245845,247592,248380,1747,788,4,7200,3.21700507614
246460,250452,250550,3992,98,10,86400,41.7346938776
248802,264017,267649,15215,3632,1,3600,5.18915198238
248803,264032,267656,15229,3624,1,3600,5.20226269316
248805,264084,267690,15279,3606,1,3600,5.23710482529
248807,264162,267783,15355,3621,1,3600,5.24054128694
248808,264546,268192,15738,3646,1,3600,5.3165112452
248810,267667,271294,18857,3627,1,3600,6.19906258616
248811,267679,271301,18868,3622,1,3600,6.20927664274
248813,267707,271335,18894,3628,1,3600,6.20782800441
248815,267799,271428,18984,3629,1,3600,6.23119316616
248816,268204,271837,19388,3633,1,3600,6.33663638866
248818,271310,274939,22492,3629,1,3600,7.19785064756
248819,271322,274946,22503,3624,1,3600,7.20943708609
248821,271350,274980,22529,3630,1,3600,7.20633608815
248823,271440,275073,22617,3633,1,3600,7.22543352601
248824,271848,275482,23024,3634,1,3600,7.33571821684
248826,274954,278584,26128,3630,1,3600,8.19779614325
248828,274966,278591,26138,3625,1,3600,8.21048275862
248830,274994,278625,26164,3631,1,3600,8.20572844946
248832,275085,278718,26253,3633,1,3600,8.22625928984
248833,275494,279127,26661,3633,1,3600,8.33856317093
248835,278598,282229,29763,3631,1,3600,9.19691545029
248837,278610,282236,29773,3626,1,3600,9.2109762824
248838,278638,282270,29800,3632,1,3600,9.20484581498
248840,278730,282363,29890,3633,1,3600,9.22736030829
248842,279147,282772,30305,3625,1,3600,9.36
248843,282241,285874,33398,3633,1,3600,10.192953482
248845,282253,285881,33408,3628,1,3600,10.2083792723
248847,282292,285915,33445,3623,1,3600,10.2313000276
248849,282384,286008,33535,3624,1,3600,10.2535871965
248850,282791,286417,33941,3626,1,3600,10.360452289
248852,285894,289519,37042,3625,1,3600,11.2184827586
248854,285908,289526,37054,3618,1,3600,11.2415699281
248855,285935,289560,37080,3625,1,3600,11.2289655172
248857,286027,289653,37170,3626,1,3600,11.250965251
248859,286176,289795,37317,3619,1,3600,11.3114119923
248860,286181,289817,37321,3636,1,3600,11.2643014301
248862,286199,289821,37337,3622,1,3600,11.308393153
248864,286435,290062,37571,3627,1,3600,11.358698649
248865,286820,290453,37955,3633,1,3600,11.4472887421
248867,289534,293164,40667,3630,1,3600,12.203030303
248869,289546,293170,40677,3624,1,3600,12.2243377483
248871,289574,293205,40703,3631,1,3600,12.2098595428
248872,289666,293298,40794,3632,1,3600,12.2318281938
248875,289811,293440,40936,3629,1,3600,12.280242491
248877,289838,293466,40961,3628,1,3600,12.2902425579
248878,289843,293462,40965,3619,1,3600,12.3194252556
248880,290078,293707,41198,3629,1,3600,12.3524386883
248882,290472,294098,41590,3626,1,3600,12.4699393271
248883,293185,296816,44302,3631,1,3600,13.2010465437
248885,293190,296809,44305,3619,1,3600,13.2423321359
248887,293217,296850,44330,3633,1,3600,13.2020368841
248888,293310,296943,44422,3633,1,3600,13.2273603083
248890,293454,297085,44564,3631,1,3600,13.2732029744
248892,293481,297111,44589,3630,1,3600,13.2834710744
248893,293486,297107,44593,3621,1,3600,13.3151063242
248895,293724,297352,44829,3628,1,3600,13.3563947078
248897,294118,297743,45221,3625,1,3600,13.4747586207
248898,296826,300454,47928,3628,1,3600,14.210584344
248900,296838,300461,47938,3623,1,3600,14.231576042
248902,296866,300495,47964,3629,1,3600,14.2168641499
248903,296901,300521,47998,3620,1,3600,14.2591160221
248905,296955,300588,48050,3633,1,3600,14.2259840352
248907,297101,300730,48194,3629,1,3600,14.280242491
248909,297313,300931,48404,3618,1,3600,14.3786622443
248910,297318,300943,48408,3625,1,3600,14.3539310345
248912,297323,300963,48411,3640,1,3600,14.2997252747
248914,297364,300997,48450,3633,1,3600,14.3360858794
248917,297495,301116,48578,3621,1,3600,14.4156310411
248918,297500,301112,48582,3612,1,3600,14.450166113
248920,297763,301388,48843,3625,1,3600,14.4739310345
248922,300514,304140,51592,3626,1,3600,15.2283507998
248923,300541,304166,51618,3625,1,3600,15.2394482759
248925,300607,304233,51682,3626,1,3600,15.2531715389
248927,300752,304375,51825,3623,1,3600,15.3044438311
248928,300950,304576,52022,3626,1,3600,15.3469387755
248930,300962,304588,52032,3626,1,3600,15.3496966354
248932,300977,304608,52045,3631,1,3600,15.3335169375
248933,301017,304641,52084,3624,1,3600,15.3719646799
248935,301124,304757,52189,3633,1,3600,15.3652628682
248937,301136,304761,52199,3625,1,3600,15.3997241379
248941,301400,305033,52459,3633,1,3600,15.439581613
248942,303254,306856,54312,3602,1,3600,16.078289839
248944,303259,306889,54315,3630,1,3600,15.9628099174
248946,304112,307716,55166,3604,1,3600,16.3068812431
248947,304131,307762,55184,3631,1,3600,16.1980170752
248949,304137,307770,55188,3633,1,3600,16.1907514451
248950,304157,307785,55207,3628,1,3600,16.216923925
248952,304178,307811,55226,3633,1,3600,16.2012111203
248954,304189,307822,55235,3633,1,3600,16.2036884118
248955,304194,307818,55239,3624,1,3600,16.2425496689
248957,304245,307878,55288,3633,1,3600,16.2182769061
248958,304349,307988,55391,3639,1,3600,16.2214894202
248960,304354,307956,55394,3602,1,3600,16.3786785119
248962,304360,307976,55398,3616,1,3600,16.3202433628
248963,304387,308020,55424,3633,1,3600,16.2557115332
248965,304588,308221,55623,3633,1,3600,16.3104872007
248967,304600,308233,55633,3633,1,3600,16.3132397468
248968,304620,308253,55652,3633,1,3600,16.3184695844
248970,304653,308287,55683,3634,1,3600,16.3227848101
248972,304769,308402,55797,3633,1,3600,16.3583815029
248973,304776,308406,55803,3630,1,3600,16.3727272727
249410,250072,250429,662,357,5,16200,2.85434173669
250267,250925,254027,658,3102,4,28800,1.21212121212
250330,254124,257227,3794,3103,4,28800,2.22268772156
250363,257246,260348,6883,3102,4,28800,3.21889103804
250727,250741,307814,14,57073,10,86400,1.00024529988
250926,260362,263469,9436,3107,4,28800,4.03701319601
252454,254045,254105,1591,60,5,86400,27.5166666667
254124,263490,266614,9366,3124,4,28800,3.9980793854
257190,310075,310077,52885,2,1,240,5288.7
257246,266631,269759,9385,3128,4,28800,4.00031969309
260362,269778,272907,9416,3129,4,28800,4.00926813678
263491,272923,276036,9432,3113,4,28800,4.02987471892
266010,286194,286795,20184,601,5,28800,34.5840266223
266631,276055,279180,9424,3125,4,28800,4.01568
267664,304877,308485,37213,3608,1,3600,11.3140243902
267667,304922,308554,37255,3632,1,3600,11.2574339207
267729,304927,308573,37198,3646,1,3600,11.2024136039
267792,305045,308678,37253,3633,1,3600,11.2540600055
268215,306424,310063,38209,3639,1,3600,11.4998625996
269779,279202,282314,9423,3112,4,28800,4.0279562982
271344,306429,310066,35085,3637,1,3600,10.6466868298
271346,306470,310104,35124,3634,1,3600,10.6653824986
271350,306475,310088,35125,3613,1,3600,10.7218378079
271473,306637,310268,35164,3631,1,3600,10.6843844671
271895,306868,310501,34973,3633,1,3600,10.6264794935
272923,281009,284270,8086,3261,4,28800,3.47960748237
274964,306901,310534,31937,3633,1,3600,9.79080649601
274967,307728,311361,32761,3633,1,3600,10.0176162951
275030,307774,311407,32744,3633,1,3600,10.0129369667
275091,307782,311415,32691,3633,1,3600,9.99834847234
275514,307797,311430,32283,3633,1,3600,9.88604459125
276056,282333,285452,6277,3119,4,28800,3.01250400769
278643,307823,311456,29180,3633,1,3600,9.03192953482
278646,307830,311463,29184,3633,1,3600,9.03303055326
278648,307848,311467,29200,3619,1,3600,9.06852721746
278770,307893,311523,29123,3630,1,3600,9.02286501377
279133,307968,311602,28835,3634,1,3600,8.9347826087
279202,284292,287555,5090,3263,4,28800,2.5599141894
281011,285472,288605,4461,3133,4,28800,2.42387488031
282262,307996,311621,25734,3625,1,3600,8.09903448276
282265,308003,311633,25738,3630,1,3600,8.09035812672
282328,308032,311665,25704,3633,1,3600,8.07514450867
282333,306632,309755,24299,3123,4,28800,8.78065962216
282390,308233,311866,25843,3633,1,3600,8.11340489953
282812,308245,311877,25433,3632,1,3600,8.00247797357
282896,282911,366904,15,83993,5,86400,1.00017858631
283054,283068,295586,14,12518,5,16200,1.00111838952
283055,283074,291296,19,8222,5,16200,1.00231087327
283065,295601,303999,12536,8398,5,16200,2.4927363658
283076,291309,303424,8233,12115,5,16200,1.67957078002
284292,307706,310815,23414,3109,4,28800,8.53103891927
285472,308022,311295,22550,3273,4,28800,7.88970363581
285499,308265,316727,22766,8462,1,32400,3.6903805247
285499,308625,314698,23126,6073,1,32400,4.80800263461
285499,309502,312407,24003,2905,1,32400,9.26265060241
285500,286815,306318,1315,19503,4,32400,1.06742552428
285827,308299,309940,22472,1641,1,7200,14.6940889701
287005,308414,308833,21409,419,1,7200,52.0954653938
288104,288617,289972,513,1355,4,14400,1.37859778598
289291,304144,307694,14853,3550,4,7200,5.18394366197
289293,304149,308262,14856,4113,4,7200,4.61196207148
289973,289986,295061,13,5075,4,14400,1.00256157635
291312,303435,311835,12123,8400,5,16200,2.44321428571
291760,308421,308423,16661,2,1,1800,1666.3
292523,310082,312592,17559,2510,1,14400,7.99561752988
292553,841700,1190932,549147,349232,6,349200,2.57244181518
293188,295078,296363,1890,1285,4,259200,2.47081712062
294346,297128,297475,2782,347,2,300,9.01729106628
294943,308274,308495,13331,221,4,7200,61.3212669683
295106,296376,296886,1270,510,4,14400,3.49019607843
295599,304010,311814,8411,7804,5,16200,2.07778062532
296849,296896,296996,47,100,3,360000,1.47
297826,308507,308991,10681,484,4,1800,23.0681818182
297883,349825,414252,51942,64427,3,72000,1.80621478573
298249,300474,302956,2225,2482,2,28800,1.8964544722
298560,303042,303044,4482,2,2,28800,448.4
299226,332803,338490,33577,5687,2,72000,6.90416739933
299863,338502,343705,38639,5203,2,72000,8.42629252354
300107,303189,303242,3082,53,2,1800,59.1509433962
300107,304107,304113,4000,6,4,1800,400.6
300107,303126,303178,3019,52,2,1800,59.0576923077
300107,303060,303114,2953,54,2,1800,55.6851851852
300108,303893,303901,3785,8,16,1800,379.3
300108,303958,303965,3850,7,8,1800,385.7
300108,303951,304009,3843,58,8,1800,67.2586206897
300108,303963,304116,3855,153,8,1800,26.1960784314
300109,303933,303939,3824,6,16,1800,383.0
300109,303914,303921,3805,7,16,1800,381.2
300449,308781,309034,8332,253,1,3600,33.9328063241
300903,308846,309397,7943,551,1,3600,15.4156079855
301162,302721,303934,1559,1213,16,1200,2.28524319868
301188,303734,303881,2546,147,16,1200,18.3197278912
301549,343717,363909,42168,20192,2,72000,3.0883518225
301587,308435,326297,6848,17862,1,21600,1.38338371963
301617,303982,304337,2365,355,3,1200,7.66197183099
301663,304026,304858,2363,832,3,1200,3.84014423077
302149,303977,304095,1828,118,5,28800,16.4915254237
302167,304021,306620,1854,2599,5,28800,1.71335128896
302592,349056,399616,46464,50560,4,172800,1.91898734177
302816,302971,303030,155,59,2,30,3.62711864407
302946,303946,320785,1000,16839,8,28800,1.05938594928
303392,304126,304177,734,51,2,30,15.3921568627
303438,657902,669601,354464,11699,5,16200,31.298658005
303894,309044,309117,5150,73,1,1800,71.5479452055
304010,845399,855018,541389,9619,5,16200,57.2832934817
304495,304871,304910,376,39,2,30,10.641025641
304894,308497,308550,3603,53,1,1800,68.9811320755
305105,306397,306458,1292,61,2,30,22.1803278689
305550,308562,308755,3012,193,1,1800,16.6062176166
306222,312196,312207,5974,11,8,1800,544.090909091
306222,306331,306384,109,53,4,1800,3.05660377358
306222,306402,306412,180,10,2,1800,19.0
306222,312770,312787,6548,17,16,1800,386.176470588
306222,308569,308769,2347,200,1,1800,12.735
306223,378939,378975,72716,36,128,1800,2020.88888889
306223,469489,469529,163266,40,256,1800,4082.65
306633,311320,314581,4687,3261,4,28800,2.4372891751
307012,309003,316243,1991,7240,4,7200,1.275
307133,309767,309769,2634,2,4,7200,263.6
307326,307333,307336,7,3,1,172800,1.0
307396,307403,307404,7,1,1,172800,1.0
307464,307470,307471,6,1,1,172800,1.0
307494,307501,307507,7,6,1,172800,1.3
307534,307541,307837,7,296,1,172800,1.02364864865
307590,307597,307837,7,240,1,172800,1.02916666667
307591,307855,309262,264,1407,1,172800,1.18763326226
307592,307861,308669,269,808,1,172800,1.33292079208
307593,307841,308306,248,465,2,172800,1.53333333333
307593,307978,308206,385,228,4,172800,2.68859649123
307594,307835,307966,241,131,8,172800,2.83969465649
307707,311479,314618,3772,3139,4,28800,2.20165657853
307730,309781,310318,2051,537,4,7200,4.81936685289
307803,310332,311739,2529,1407,4,7200,2.79744136461
307858,307984,315053,126,7069,1,172800,1.0178243033
307859,307989,310983,130,2994,1,172800,1.04342017368
307947,308771,318267,824,9496,2,28800,1.08677337826
308023,311535,314670,3512,3135,4,28800,2.12025518341
308045,309127,309210,1082,83,1,1800,14.0361445783
308468,310099,315028,1631,4929,2,28800,1.33089876243
308862,310828,310923,1966,95,16,600,21.6947368421
308863,312381,312474,3518,93,32,600,38.8279569892
309297,309312,309872,15,560,1,3600,1.02678571429
309328,309407,309492,79,85,1,1800,1.92941176471
309333,311095,311272,1762,177,4,3600,10.9548022599
309689,309882,310239,193,357,1,1800,1.5406162465
309930,309952,310315,22,363,1,1800,1.06060606061
310082,349068,386343,38986,37275,4,172800,2.04590207914
310092,349073,349813,38981,740,4,172800,53.677027027
310103,400891,401100,90788,209,4,172800,435.392344498
310127,310936,311083,809,147,5,28800,6.50340136054
310133,310141,313844,8,3703,1,3600,1.00216041048
310145,310249,310287,104,38,1,1800,3.73684210526
310174,310299,319028,125,8729,1,18000,1.01432008248
310175,310325,313221,150,2896,1,18000,1.05179558011
310268,310280,310359,12,79,1,3600,1.15189873418
310347,310369,310374,22,5,1,3600,2.7
310462,311307,311308,845,1,4,7200,84.6
310478,310484,310715,6,231,1,3600,1.02597402597
310493,310513,310592,20,79,1,3600,1.25316455696
310713,310720,310956,7,236,1,3600,1.02966101695
310887,353835,389855,42948,36020,16,36000,2.19233759023
310911,353940,390016,43029,36076,16,36060,2.1927320102
310926,310941,310948,15,7,1,1800,2.2
311021,311028,311484,7,456,1,3600,1.01535087719
311066,311073,311358,7,285,1,600,1.02456140351
311067,311100,311364,33,264,1,600,1.125
311067,311291,313598,224,2307,1,3600,1.09709579541
311068,311371,313234,303,1863,1,3600,1.16264090177
311095,311441,311480,346,39,1,1800,9.87179487179
311171,311383,321394,212,10011,1,21600,1.02117670562
311171,311378,323325,207,11947,1,21600,1.01732652549
311171,311419,319686,248,8267,1,21600,1.02999879037
311171,311427,320290,256,8863,1,21600,1.02888412501
311260,311285,311433,25,148,3,1200,1.16891891892
311281,311449,311920,168,471,1,3600,1.35668789809
311321,314588,317696,3267,3108,4,28800,2.05115830116
311396,311454,311494,58,40,1,1800,2.45
311434,312800,312801,1366,1,16,600,136.7
311480,314624,317746,3144,3122,4,28800,2.00704676489
311536,314676,317796,3140,3120,4,28800,2.00641025641
311708,311751,311824,43,73,1,1800,1.58904109589
311745,311758,311830,13,72,1,1800,1.18055555556
312006,312013,312352,7,339,3,1200,1.02064896755
312155,312162,312368,7,206,3,1200,1.03398058252
312212,312218,312369,6,151,3,1200,1.03973509934
312239,312247,312407,8,160,3,1200,1.05
312453,312490,312577,37,87,6,1200,1.42528735632
312463,312469,312718,6,249,1,1800,1.02409638554
312475,312482,312731,7,249,1,1800,1.0281124498
312487,312497,312671,10,174,6,1200,1.05747126437
312556,312589,312668,33,79,6,1200,1.41772151899
312641,312680,312759,39,79,6,1200,1.49367088608
312833,312844,312928,11,84,6,1200,1.13095238095
312859,312865,312948,6,83,6,1200,1.07228915663
312989,312997,313120,8,123,6,1200,1.06504065041
313043,313049,313174,6,125,6,1200,1.048
313148,313186,313246,38,60,12,1200,1.63333333333
313213,313259,313327,46,68,12,1200,1.67647058824
314347,314354,317396,7,3042,2,7200,1.00230111769
314427,314434,321642,7,7208,2,7200,1.00097114317
314469,314476,347017,7,32541,1,32400,1.00021511324
314589,317702,320821,3113,3119,4,28800,1.99807630651
314595,314601,321216,6,6615,2,10800,1.00090702948
314625,321015,324139,6390,3124,4,28800,3.04545454545
314677,324159,327277,9482,3118,4,28800,4.04105195638
314940,314947,315053,7,106,1,480,1.06603773585
314941,314995,315053,54,58,1,240,1.93103448276
314942,315000,315053,58,53,1,120,2.09433962264
314943,314989,315041,46,52,2,30,1.88461538462
314943,315006,315053,63,47,1,60,2.34042553191
314944,314959,314998,15,39,4,14,1.38461538462
314945,314984,315030,39,46,8,10,1.84782608696
314946,314979,315011,33,32,16,10,2.03125
314947,314953,314967,6,14,32,10,1.42857142857
315249,400896,414241,85647,13345,3,216000,7.41790932934
315303,400901,414241,85598,13340,3,216000,7.41664167916
316008,316014,316049,6,35,1,12,1.17142857143
316008,316019,316091,11,72,1,36,1.15277777778
316009,316061,316184,52,123,1,84,1.42276422764
316009,316103,316316,94,213,1,180,1.44131455399
316010,316032,316331,22,299,4,756,1.07357859532
316010,316038,316303,28,265,2,372,1.10566037736
316011,316328,316654,317,326,8,1524,1.97239263804
316012,316849,317341,837,492,16,3060,2.7012195122
316013,316027,316838,14,811,32,6132,1.01726263872
317114,317120,324330,6,7210,2,7200,1.00083217753
317600,317606,321817,6,4211,4,7200,1.00142483971
317704,326314,329431,8610,3117,4,28800,3.76227141482
317845,317851,320427,6,2576,4,7200,1.00232919255
318222,318228,318300,6,72,12,1200,1.08333333333
318277,318283,318358,6,75,12,1200,1.08
318636,318643,318716,7,73,1,6812,1.09589041096
318641,318650,318716,9,66,1,10220,1.13636363636
318660,318667,318671,7,4,16,600,1.1
318673,318680,318691,7,11,1,11922,1.63636363636
318715,318722,318901,7,179,4,3600,1.03910614525
318725,318732,318802,7,70,1,68,1.1
318726,318738,318799,12,61,1,18,1.19672131148
318726,318744,318810,18,66,1,22,1.27272727273
318885,318896,318978,11,82,1,38,1.13414634146
318885,318914,318985,29,71,1,46,1.40845070423
318885,318891,319072,6,181,1,136,1.03314917127
318886,318991,319068,105,77,1,48,2.36363636364
318887,318998,319073,111,75,2,50,2.48
318887,318921,318983,34,62,4,52,1.54838709677
318888,318908,318985,20,77,8,52,1.25974025974
318889,319006,319098,117,92,16,52,2.27173913043
318890,318903,318994,13,91,32,52,1.14285714286
318965,319011,321877,46,2866,4,3600,1.01605024424
319077,319084,319291,7,207,1,272,1.03381642512
319078,319089,319203,11,114,1,78,1.09649122807
319078,319096,319208,18,112,1,92,1.16071428571
319126,319133,319291,7,158,1,1090,1.04430379747
319127,319139,319291,12,152,1,316,1.07894736842
319127,319161,319291,34,130,1,370,1.26153846154
319128,319156,319291,28,135,2,412,1.20740740741
319128,319216,319291,88,75,1,398,2.17333333333
319129,319151,319291,22,140,4,418,1.15714285714
319132,319145,319291,13,146,32,424,1.08904109589
319313,319320,319350,7,30,1,30,1.23333333333
319317,319348,319439,31,91,1,78,1.34065934066
319317,319342,319626,25,284,1,272,1.08802816901
319318,319353,319468,35,115,1,92,1.30434782609
319318,319358,319470,40,112,1,98,1.35714285714
319319,319332,319444,13,112,4,104,1.11607142857
319319,319337,319447,18,110,2,102,1.16363636364
319320,319326,319432,6,106,8,104,1.05660377358
319321,319365,319477,44,112,16,106,1.39285714286
319327,319445,319987,118,542,1,1090,1.21771217712
319328,319461,319901,133,440,1,398,1.30227272727
319328,319450,319778,122,328,1,316,1.37195121951
319328,319455,319837,127,382,1,370,1.33246073298
319329,319376,319813,47,437,4,418,1.10755148741
319329,319381,319837,52,456,2,412,1.11403508772
319330,319370,319812,40,442,8,422,1.09049773756
319331,319489,319927,158,438,16,424,1.36073059361
319575,319939,323478,364,3539,7,18000,1.10285391353
319639,319651,319821,12,170,1,158,1.07058823529
319639,319646,320232,7,586,1,544,1.01194539249
319639,319656,319854,17,198,1,184,1.08585858586
319640,319668,319920,28,252,2,206,1.11111111111
319640,319673,319913,33,240,1,198,1.1375
319641,319824,320050,183,226,4,208,1.80973451327
319641,319663,319894,22,231,8,210,1.09523809524
319642,319906,320152,264,246,16,212,2.07317073171
319644,321010,321233,1366,223,32,212,7.12556053812
319967,319973,319993,6,20,1,900,1.3
319996,320003,321687,7,1684,1,2180,1.0041567696
319997,320025,320406,28,381,1,740,1.07349081365
319997,320170,320616,173,446,1,798,1.38789237668
319997,320008,320346,11,338,1,632,1.0325443787
319998,320020,320512,22,492,2,824,1.04471544715
319998,320062,320596,64,534,4,838,1.11985018727
319999,320165,320747,166,582,8,846,1.2852233677
320000,320015,320834,15,819,16,848,1.01831501832
320002,321244,322134,1242,890,32,850,2.39550561798
320022,325396,325400,5374,4,16,600,537.8
320082,329449,329505,9367,56,24,1200,168.267857143
320108,329520,329569,9412,49,24,1200,193.081632653
320153,329586,329633,9433,47,24,1200,201.70212766
320197,329654,329700,9457,46,24,1200,206.586956522
320304,329720,329772,9416,52,24,1200,182.076923077
320353,329787,329833,9434,46,24,1200,206.086956522
320567,320573,320821,6,248,1,398,1.02419354839
320568,320608,320887,40,279,4,418,1.14336917563
320568,320832,321105,264,273,2,412,1.96703296703
320569,320759,321067,190,308,8,422,1.61688311688
320570,320580,320998,10,418,16,424,1.02392344498
320582,320628,321469,46,841,1,1090,1.05469678954
320780,349051,349056,28271,5,8,28800,2827.6
321017,327288,330392,6271,3104,4,28800,3.02029639175
321062,321068,321934,6,866,1,1090,1.00692840647
321062,321086,321281,24,195,1,370,1.12307692308
321062,321074,321244,12,170,1,316,1.07058823529
321063,321228,321467,165,239,1,398,1.69037656904
321063,321117,321376,54,259,2,412,1.20849420849
321064,321388,321654,324,266,4,418,2.21804511278
321065,321081,321390,16,309,8,422,1.05177993528
321066,322350,322765,1284,415,16,424,4.09397590361
321067,331428,331431,10361,3,32,424,1036.4
321082,321402,321927,320,525,4,7200,1.60952380952
321168,321479,321844,311,365,1,900,1.85205479452
321168,321233,321610,65,377,1,900,1.1724137931
321168,321409,321807,241,398,1,900,1.60552763819
321168,321699,322133,531,434,1,900,2.22350230415
321168,321659,322018,491,359,1,900,2.36768802228
321168,321654,322014,486,360,1,900,2.35
321169,321913,322276,744,363,1,900,3.04958677686
321169,321859,322185,690,326,1,900,3.11656441718
321169,321819,322143,650,324,1,900,3.00617283951
321169,321899,322288,730,389,1,900,2.8766066838
321447,323490,324226,2043,736,32,850,3.77581521739
321522,321529,322367,7,838,1,2180,1.00835322196
321522,321534,321710,12,176,1,632,1.06818181818
321523,321539,321732,16,193,1,740,1.0829015544
321523,321622,321877,99,255,1,798,1.38823529412
321524,321546,321784,22,238,2,824,1.09243697479
321524,321666,321892,142,226,4,838,1.62831858407
321525,322034,322329,509,295,8,846,2.72542372881
321526,322778,323193,1252,415,16,848,4.01686746988
321527,324238,324991,2711,753,32,850,4.60026560425
321682,321833,322374,151,541,4,7200,1.27911275416
321739,321894,322436,155,542,4,7200,1.28597785978
321834,321940,322567,106,627,4,7200,1.16905901116
321902,322390,322965,488,575,4,7200,1.84869565217
321959,322580,323153,621,573,4,7200,2.08376963351
322024,322977,323551,953,574,4,7200,2.66027874564
322089,323210,323786,1121,576,4,7200,2.94618055556
322178,323569,324463,1391,894,4,7200,2.55592841163
322222,323700,323708,1478,8,4,7200,148.6
322434,322447,322772,13,325,1,900,1.04
322434,322442,322807,8,365,1,900,1.02191780822
322434,322790,323114,356,324,1,900,2.0987654321
322435,322819,323136,384,317,1,900,2.21135646688
322435,323215,323603,780,388,1,900,3.01030927835
322435,323135,323455,700,320,1,900,3.1875
322435,323149,323472,714,323,1,900,3.21052631579
322436,323226,323575,790,349,1,900,3.26361031519
322436,323344,323728,908,384,1,900,3.36458333333
322436,323221,323548,785,327,1,900,3.4006116208
323468,323805,325384,337,1579,7,18000,1.21342621913
323495,325011,325080,1516,69,12,1200,22.9710144928
323542,325092,325147,1550,55,12,1200,29.1818181818
323654,325159,325219,1505,60,12,1200,26.0833333333
324159,354932,358077,30773,3145,4,28800,10.7847376789
324975,324986,324992,11,6,4,3600,1.7
325001,325238,325686,237,448,4,1800,1.52901785714
325753,325762,328857,9,3095,2,18000,1.00290791599
326315,354938,358058,28623,3120,4,28800,10.1740384615
327289,354945,354946,27656,1,4,28800,2765.7
327456,327471,328562,15,1091,32,1702,1.01374885426
327458,327791,328057,333,266,4,838,2.25187969925
327461,327796,328032,335,236,4,838,2.41949152542
327461,327489,327730,28,241,2,824,1.11618257261
327462,327484,327770,22,286,8,846,1.07692307692
327858,328583,328647,725,64,1,300,12.328125
328027,328043,328296,16,253,2,1238,1.06324110672
328028,328296,328588,268,292,8,1268,1.91780821918
328038,328057,328284,19,227,4,1258,1.08370044053
328907,329454,330133,547,679,1,18000,1.80559646539
329590,329604,329874,14,270,4,1678,1.05185185185
329591,329615,329854,24,239,2,2476,1.10041841004
329592,329609,329834,17,225,4,2518,1.07555555556
329593,329599,329887,6,288,8,2538,1.02083333333
330659,330665,330924,6,259,4,16788,1.02316602317
330679,330702,330941,23,239,2,24772,1.09623430962
330680,330697,330925,17,228,4,25182,1.07456140351
330680,330692,330979,12,287,8,25396,1.04181184669
331208,331225,331898,17,673,24,850,1.02526002972
331211,331238,332073,27,835,24,1702,1.03233532934
332201,332207,343775,6,11568,5,16200,1.0005186722
332202,332213,343030,11,10817,5,16200,1.00101691781
332212,332219,343872,7,11653,5,16200,1.00060070368
332212,332225,340230,13,8005,5,16200,1.00162398501
332223,340245,350244,8022,9999,5,16200,1.80228022802
332223,343786,352750,11563,8964,5,16200,2.28993752789
332589,332604,332605,15,1,2,3540,1.6
333154,333160,341897,6,8737,2,13200,1.00068673458
334884,334890,335280,6,390,16,10800,1.01538461538
335290,335297,335478,7,181,10,10800,1.03867403315
337463,337469,339662,6,2193,4,14400,1.00273597811
337538,337544,340704,6,3160,16,3600,1.00189873418
339179,339186,339192,7,6,1,14400,1.3
339179,339196,339197,17,1,1,14400,1.8
339179,339191,339192,12,1,1,14400,1.3
339212,339229,339285,17,56,1,14400,1.30357142857
339212,339218,339285,6,67,1,14400,1.08955223881
339212,339224,339285,12,61,1,14400,1.19672131148
339326,339338,340271,12,933,1,900,1.01286173633
339326,339333,339822,7,489,1,900,1.01431492843
339327,339366,339860,39,494,1,900,1.07894736842
339327,339356,339828,29,472,1,900,1.06144067797
339327,339350,340270,23,920,1,900,1.025
339327,339361,340272,34,911,1,900,1.03732162459
339327,339344,339820,17,476,1,900,1.03571428571
339328,339372,340300,44,928,1,900,1.0474137931
339328,339382,340305,54,923,1,900,1.05850487541
339328,339377,339865,49,488,1,900,1.10040983607
339329,339407,340340,78,933,1,900,1.08360128617
339329,339396,340331,67,935,1,900,1.07165775401
339329,339401,339856,72,455,1,900,1.15824175824
339330,339428,340349,98,921,1,900,1.10640608035
339330,339418,340331,88,913,1,900,1.09638554217
339330,339423,339929,93,506,1,900,1.1837944664
339330,339412,339907,82,495,1,900,1.16565656566
339330,339434,339894,104,460,1,900,1.22608695652
339331,339439,340376,108,937,1,900,1.11526147279
340023,340040,341282,17,1242,1,3600,1.01368760064
340023,340046,341062,23,1016,1,3600,1.02263779528
340023,340029,340206,6,177,1,3600,1.03389830508
340023,340034,340626,11,592,1,3600,1.01858108108
340024,340065,340541,41,476,1,3600,1.08613445378
340024,340051,341268,27,1217,1,3600,1.02218570255
340025,340087,341939,62,1852,1,3600,1.03347732181
340025,340076,341935,51,1859,1,3600,1.02743410436
340025,340081,341922,56,1841,1,3600,1.03041825095
340025,340070,341804,45,1734,1,3600,1.02595155709
340026,340103,343723,77,3620,1,3600,1.02127071823
340026,340108,341561,82,1453,1,3600,1.05643496215
340026,340097,340828,71,731,1,3600,1.09712722298
340026,340092,340562,66,470,1,3600,1.14042553191
340026,340114,340500,88,386,1,3600,1.22797927461
340027,340130,340745,103,615,1,3600,1.1674796748
340027,340119,341760,92,1641,1,3600,1.05606337599
340027,340136,340802,109,666,1,3600,1.16366366366
340027,340125,342867,98,2742,1,3600,1.03574033552
340028,340152,343759,124,3607,1,3600,1.03437759911
340028,340158,340986,130,828,1,3600,1.15700483092
340028,340141,340147,113,6,1,3600,11.9
340028,340147,340156,119,9,1,3600,12.8
340029,340163,340527,134,364,1,3600,1.36813186813
340029,340168,341542,139,1374,1,3600,1.10116448326
340029,340179,341497,150,1318,1,3600,1.11380880121
340029,340174,341103,145,929,1,3600,1.1560818084
340030,340195,343817,165,3622,1,3600,1.04555494202
340030,340184,341080,154,896,1,3600,1.171875
340030,340201,340571,171,370,1,3600,1.46216216216
340030,340190,341473,160,1283,1,3600,1.12470771629
340031,341108,341411,1077,303,1,3600,4.55445544554
340031,341113,342768,1082,1655,1,3600,1.65377643505
340031,341118,341575,1087,457,1,3600,3.37855579869
340032,341140,342659,1108,1519,1,3600,1.72942725477
340033,341172,342216,1139,1044,1,3600,2.09099616858
340033,341189,341609,1156,420,1,3600,3.75238095238
340033,341206,341595,1173,389,1,3600,4.01542416452
340034,341241,342513,1207,1272,1,3600,1.94889937107
340035,341271,341767,1236,496,1,3600,3.49193548387
340036,341295,342672,1259,1377,1,3600,1.91430646333
340036,341300,342249,1264,949,1,3600,2.33192834563
340036,341812,345458,1776,3646,1,3600,1.48710916072
340036,341288,342698,1252,1410,1,3600,1.88794326241
340037,341912,343299,1875,1387,1,3600,2.35183850036
340037,341979,343013,1942,1034,1,3600,2.87814313346
340038,342089,342729,2051,640,1,3600,4.2046875
340039,342150,343186,2111,1036,1,3600,3.03764478764
340039,342125,342727,2086,602,1,3600,4.46511627907
340039,342142,342473,2103,331,1,3600,7.35347432024
340040,340223,341425,183,1202,1,3600,1.15224625624
340040,340217,341174,177,957,1,3600,1.18495297806
340040,340230,341081,190,851,1,3600,1.22326674501
340041,340282,341189,241,907,1,3600,1.26571113561
340042,340289,340597,247,308,1,3600,1.80194805195
340042,340295,342891,253,2596,1,3600,1.09745762712
340042,340312,341397,270,1085,1,3600,1.24884792627
340043,340356,340751,313,395,1,3600,1.79240506329
340043,340319,340827,276,508,1,3600,1.54330708661
340043,340350,340771,307,421,1,3600,1.72921615202
340044,340377,343990,333,3613,1,3600,1.09216717409
340044,340372,340795,328,423,1,3600,1.77541371158
340045,340395,341846,350,1451,1,3600,1.24121295658
340047,340517,341001,470,484,1,3600,1.97107438017
340048,340547,342171,499,1624,1,3600,1.30726600985
340048,340562,341544,514,982,1,3600,1.52342158859
340049,340595,341155,546,560,1,3600,1.975
340049,340580,341228,531,648,1,3600,1.81944444444
340050,340613,340901,563,288,1,3600,2.95486111111
340051,340645,341008,594,363,1,3600,2.63636363636
340052,340714,341814,662,1100,1,3600,1.60181818182
340052,340719,341041,667,322,1,3600,3.07142857143
340053,340741,341086,688,345,1,3600,2.99420289855
340053,340730,340985,677,255,1,3600,3.65490196078
340053,340736,341353,683,617,1,3600,2.10696920583
340053,340747,341074,694,327,1,3600,3.12232415902
340053,340725,340977,672,252,1,3600,3.66666666667
340054,340763,341020,709,257,1,3600,3.75875486381
340054,340768,341755,714,987,1,3600,1.72340425532
340054,340752,341481,698,729,1,3600,1.95747599451
340054,340757,341081,703,324,1,3600,3.16975308642
340055,340773,342238,718,1465,1,3600,1.49010238908
340055,340784,341015,729,231,1,3600,4.15584415584
340055,340779,341848,724,1069,1,3600,1.67726847521
340055,340790,341356,735,566,1,3600,2.29858657244
340056,340795,341282,739,487,1,3600,2.51745379877
340056,340810,341598,754,788,1,3600,1.95685279188
340056,340816,341626,760,810,1,3600,1.93827160494
340057,340821,341522,764,701,1,3600,2.08987161198
340057,340836,341315,779,479,1,3600,2.62630480167
340057,340841,341707,784,866,1,3600,1.90531177829
340058,340863,342337,805,1474,1,3600,1.54613297151
340058,340849,341676,791,827,1,3600,1.95646916566
340059,340914,342220,855,1306,1,3600,1.65467075038
340061,341012,341250,951,238,1,3600,4.99579831933
340061,340998,341481,937,483,1,3600,2.93995859213
340061,340991,341795,930,804,1,3600,2.15671641791
340062,341027,341707,965,680,1,3600,2.41911764706
340062,341041,341729,979,688,1,3600,2.42296511628
340062,341035,341325,973,290,1,3600,4.35517241379
340063,341062,341967,999,905,1,3600,2.10386740331
340063,341046,342761,983,1715,1,3600,1.57317784257
340064,341079,341319,1015,240,1,3600,5.22916666667
340064,341086,343287,1022,2201,1,3600,1.46433439346
340064,341102,342631,1038,1529,1,3600,1.67887508175
340065,341331,341618,1266,287,1,3600,5.41114982578
340066,341344,341759,1278,415,1,3600,4.07951807229
340066,341336,342272,1270,936,1,3600,2.35683760684
340067,341374,342679,1307,1305,1,3600,2.00153256705
340067,341379,343383,1312,2004,1,3600,1.65469061876
340068,341429,341655,1361,226,1,3600,7.02212389381
340068,341446,342383,1378,937,1,3600,2.47065101387
340068,341412,342408,1344,996,1,3600,2.34939759036
340069,341494,342190,1425,696,1,3600,3.0474137931
340070,341689,342591,1619,902,1,3600,2.79490022173
340070,341499,341820,1429,321,1,3600,5.45171339564
340070,341505,342189,1435,684,1,3600,3.09795321637
340071,341721,342514,1650,793,1,3600,3.08070617907
340072,341520,342724,1448,1204,1,3600,2.20265780731
340072,341537,341725,1465,188,1,3600,8.79255319149
340073,341554,342338,1481,784,1,3600,2.88903061224
340073,341569,343451,1496,1882,1,3600,1.79489904357
340074,341608,341996,1534,388,1,3600,4.95360824742
340074,341585,342568,1511,983,1,3600,2.53713123093
340074,341600,342767,1526,1167,1,3600,2.30762639246
340075,341629,342362,1554,733,1,3600,3.12005457026
340075,341624,342070,1549,446,1,3600,4.4730941704
340075,341636,342243,1561,607,1,3600,3.57166392092
340076,341652,342132,1576,480,1,3600,4.28333333333
340077,341749,345083,1672,3334,1,3600,1.50149970006
340077,341726,345363,1649,3637,1,3600,1.45339565576
340077,341671,345300,1594,3629,1,3600,1.43923945991
340077,341743,342712,1666,969,1,3600,2.71929824561
340078,341775,343308,1697,1533,1,3600,2.10697977821
340078,341767,342127,1689,360,1,3600,5.69166666667
340079,341789,342740,1710,951,1,3600,2.79810725552
340079,341804,342113,1725,309,1,3600,6.58252427184
340080,341828,343021,1748,1193,1,3600,2.46521374686
340080,341841,342290,1761,449,1,3600,4.92204899777
340080,341834,342885,1754,1051,1,3600,2.6688867745
340081,341865,345376,1784,3511,1,3600,1.50811734549
340081,341858,342786,1777,928,1,3600,2.91487068966
340082,341918,342135,1836,217,1,3600,9.46082949309
340082,341935,342326,1853,391,1,3600,5.73913043478
340083,342164,343142,2081,978,1,3600,3.12781186094
340083,341952,342507,1869,555,1,3600,4.36756756757
340084,341958,342630,1874,672,1,3600,3.78869047619
340085,342010,342249,1925,239,1,3600,9.05439330544
340085,342183,342752,2098,569,1,3600,4.68717047452
340086,342201,343545,2115,1344,1,3600,2.57366071429
340086,342208,343656,2122,1448,1,3600,2.46546961326
340087,342244,343105,2157,861,1,3600,3.50522648084
340087,342236,342864,2149,628,1,3600,4.42197452229
340088,342272,344252,2184,1980,1,3600,2.10303030303
340088,342264,343147,2176,883,1,3600,3.46432616082
340088,342278,342692,2190,414,1,3600,6.28985507246
340088,342259,342788,2171,529,1,3600,5.10396975425
340089,342310,343688,2221,1378,1,3600,2.61175616836
340089,342293,342705,2204,412,1,3600,6.34951456311
340090,342342,342527,2252,185,1,3600,13.172972973
340091,342357,343312,2266,955,1,3600,3.37277486911
340091,342373,343185,2282,812,1,3600,3.81034482759
340092,342389,342399,2297,10,1,3600,230.7
340092,342406,342970,2314,564,1,3600,5.10283687943
340093,342428,343956,2335,1528,1,3600,2.52814136126
340093,342421,342752,2328,331,1,3600,8.0332326284
340094,342488,344107,2394,1619,1,3600,2.47869054972
340095,342520,346092,2425,3572,1,3600,1.67889137738
340096,342558,343707,2462,1149,1,3600,3.14273281114
340096,342542,344109,2446,1567,1,3600,2.5609444799
340096,342537,343436,2441,899,1,3600,3.71523915462
340097,342588,342875,2491,287,1,3600,9.67944250871
340098,342606,343505,2508,899,1,3600,3.78976640712
340099,342649,343616,2550,967,1,3600,3.63702171665
340099,342642,342915,2543,273,1,3600,10.315018315
340100,342679,344426,2579,1747,1,3600,2.47624499141
340100,342686,343866,2586,1180,1,3600,3.19152542373
340100,342702,343261,2602,559,1,3600,5.65474060823
340101,342710,346323,2609,3613,1,3600,1.72211458622
340101,342715,343313,2614,598,1,3600,5.37123745819
340101,342731,343815,2630,1084,1,3600,3.42619926199
340102,342758,343478,2656,720,1,3600,4.68888888889
340102,342753,343466,2651,713,1,3600,4.71809256662
340102,342737,343619,2635,882,1,3600,3.98752834467
340103,342779,343219,2676,440,1,3600,7.08181818182
340103,342763,343564,2660,801,1,3600,4.32084893883
340104,342789,343446,2685,657,1,3600,5.08675799087
340104,342802,343367,2698,565,1,3600,5.77522123894
340104,342784,343753,2680,969,1,3600,3.7657378741
340104,342797,343489,2693,692,1,3600,4.89161849711
340105,342823,343975,2718,1152,1,3600,3.359375
340105,342816,344434,2711,1618,1,3600,2.67552533993
340106,342837,343432,2731,595,1,3600,5.58991596639
340107,342884,344243,2777,1359,1,3600,3.0434142752
340107,343197,343759,3090,562,1,3600,6.49822064057
340107,343558,346403,3451,2845,1,3600,2.21300527241
340107,342890,344687,2783,1797,1,3600,2.54869226489
340108,343829,345293,3721,1464,1,3600,3.54166666667
340108,343771,344295,3663,524,1,3600,7.99045801527
340108,343576,346516,3468,2940,1,3600,2.17959183673
340108,344307,346585,4199,2278,1,3600,2.84328358209
340109,344438,347417,4329,2979,1,3600,2.45317220544
340109,345305,346298,5196,993,1,3600,6.23262839879
340109,344447,345340,4338,893,1,3600,5.85778275476
340109,344698,345643,4589,945,1,3600,5.85608465608
340110,345656,346438,5546,782,1,3600,8.09207161125
340110,346415,348001,6305,1586,1,3600,4.97540983607
340110,345352,346433,5242,1081,1,3600,5.84921369103
340110,346310,347349,6200,1039,1,3600,6.96727622714
340111,346522,346742,6411,220,1,3600,30.1409090909
340111,346516,346724,6405,208,1,3600,31.7932692308
340111,346445,346678,6334,233,1,3600,28.1845493562
340111,346452,346660,6341,208,1,3600,31.4855769231
340112,346532,348164,6420,1632,1,3600,4.93382352941
340112,346538,346797,6426,259,1,3600,25.8108108108
340112,346550,346753,6438,203,1,3600,32.7142857143
340112,346527,346739,6415,212,1,3600,31.2594339623
340113,346696,347894,6583,1198,1,3600,6.49499165275
340113,346691,347256,6578,565,1,3600,12.6424778761
340113,346605,346794,6492,189,1,3600,35.3492063492
340113,346702,347616,6589,914,1,3600,8.20897155361
340114,346718,348191,6604,1473,1,3600,5.48336727766
340114,346707,347403,6593,696,1,3600,10.4727011494
340114,346712,348663,6598,1951,1,3600,4.38185545874
340115,346728,347839,6613,1111,1,3600,6.95229522952
340115,346723,347936,6608,1213,1,3600,6.44765045342
340115,346740,347733,6625,993,1,3600,7.67170191339
340115,346746,347635,6631,889,1,3600,8.45894263217
340115,346735,347609,6620,874,1,3600,8.57437070938
340116,346762,347753,6646,991,1,3600,7.70635721493
340116,346751,348989,6635,2238,1,3600,3.96470062556
340116,346756,347682,6640,926,1,3600,8.17062634989
340116,346767,347226,6651,459,1,3600,15.4901960784
340117,346785,347386,6668,601,1,3600,12.0948419301
340117,346790,348627,6673,1837,1,3600,4.63255307567
340117,346780,347236,6663,456,1,3600,15.6118421053
340117,346772,348538,6655,1766,1,3600,4.76840317101
340118,346807,347784,6689,977,1,3600,7.84646878199
340118,346801,349211,6683,2410,1,3600,3.77302904564
340118,346812,347098,6694,286,1,3600,24.4055944056
340118,346796,347994,6678,1198,1,3600,6.57429048414
340119,346833,348409,6714,1576,1,3600,5.26015228426
340119,346822,348062,6703,1240,1,3600,6.40564516129
340119,346817,348043,6698,1226,1,3600,6.46329526917
340119,346828,347757,6709,929,1,3600,8.22174381055
340120,346839,348536,6719,1697,1,3600,4.95934001179
340120,346852,347126,6732,274,1,3600,25.5693430657
340121,346863,347404,6742,541,1,3600,13.4621072089
340121,346858,347218,6737,360,1,3600,19.7138888889
340121,346879,348364,6758,1485,1,3600,5.55084175084
340121,346868,347194,6747,326,1,3600,21.6963190184
340121,346874,347372,6753,498,1,3600,14.5602409639
340122,346900,348280,6778,1380,1,3600,5.9115942029
340122,346890,347334,6768,444,1,3600,16.2432432432
340122,346884,347690,6762,806,1,3600,9.38957816377
340122,346895,347231,6773,336,1,3600,21.1577380952
340123,346906,347694,6783,788,1,3600,9.6078680203
340123,346916,348503,6793,1587,1,3600,5.28040327662
340123,346911,347772,6788,861,1,3600,8.88385598142
340123,346922,347511,6799,589,1,3600,12.5432937182
340124,346932,347543,6808,611,1,3600,12.1423895254
340124,346943,349090,6819,2147,1,3600,4.17605961807
340124,346938,347651,6814,713,1,3600,10.556802244
340124,346927,347376,6803,449,1,3600,16.1514476615
340125,346959,348543,6834,1584,1,3600,5.31439393939
340125,346949,349111,6824,2162,1,3600,4.15633672525
340125,346965,348508,6840,1543,1,3600,5.43292287751
340125,346954,347786,6829,832,1,3600,9.20793269231
340126,346981,347144,6855,163,1,3600,43.0552147239
340126,346986,347263,6860,277,1,3600,25.7653429603
340126,346970,347486,6844,516,1,3600,14.2635658915
340126,346975,347338,6849,363,1,3600,19.867768595
340127,346991,347810,6864,819,1,3600,9.38095238095
340127,346997,347274,6870,277,1,3600,25.8014440433
340127,347007,347658,6880,651,1,3600,11.5683563748
340127,347002,347423,6875,421,1,3600,17.3301662708
340128,347029,348004,6901,975,1,3600,8.07794871795
340128,347018,350022,6890,3004,1,3600,3.29360852197
340128,347013,348639,6885,1626,1,3600,5.23431734317
340128,347024,350048,6896,3024,1,3600,3.28042328042
340129,347051,347939,6922,888,1,3600,8.79504504505
340129,347056,348455,6927,1399,1,3600,5.95139385275
340129,347034,349344,6905,2310,1,3600,3.98917748918
340130,347067,347747,6937,680,1,3600,11.2014705882
340130,347061,347769,6931,708,1,3600,10.7895480226
340130,347072,349100,6942,2028,1,3600,4.42307692308
340130,347077,348418,6947,1341,1,3600,6.18046234154
340131,347088,347930,6957,842,1,3600,9.26247030879
340131,347083,348682,6952,1599,1,3600,5.34771732333
340131,347093,347826,6962,733,1,3600,10.4979536153
340132,347111,349306,6979,2195,1,3600,4.17949886105
340132,347143,349095,7011,1952,1,3600,4.59170081967
340133,347160,347971,7027,811,1,3600,9.66461159063
340134,347207,349417,7073,2210,1,3600,4.20045248869
340135,347239,348445,7104,1206,1,3600,6.89054726368
340135,347251,348604,7116,1353,1,3600,6.25942350333
340135,347244,348863,7109,1619,1,3600,5.39098208771
340136,347272,348112,7136,840,1,3600,9.49523809524
340136,347264,348662,7128,1398,1,3600,6.09871244635
340137,347287,348434,7150,1147,1,3600,7.23365300785
340137,347292,348574,7155,1282,1,3600,6.58112324493
340138,347355,348656,7217,1301,1,3600,6.54727132975
340138,347360,348561,7222,1201,1,3600,7.01332223147
340139,347376,347656,7237,280,1,3600,26.8464285714
340139,347393,348050,7254,657,1,3600,12.0410958904
340140,347406,348184,7266,778,1,3600,10.3393316195
340140,347398,348213,7258,815,1,3600,9.90552147239
340140,347427,348156,7287,729,1,3600,10.9958847737
340140,347422,348102,7282,680,1,3600,11.7088235294
340141,347442,350098,7301,2656,1,3600,3.74887048193
340142,347458,348285,7316,827,1,3600,9.84643288996
340143,347524,348439,7381,915,1,3600,9.06666666667
340143,347505,348505,7362,1000,1,3600,8.362
340144,347556,347873,7412,317,1,3600,24.38170347
340145,347621,348187,7476,566,1,3600,14.2084805654
340145,347627,347897,7482,270,1,3600,28.7111111111
340146,347663,347882,7517,219,1,3600,35.3242009132
340146,347647,351286,7501,3639,1,3600,3.06128057159
340147,347678,348738,7531,1060,1,3600,8.10471698113
340147,347684,348123,7537,439,1,3600,18.1685649203
340148,347717,348088,7569,371,1,3600,21.4016172507
340148,347701,348133,7553,432,1,3600,18.4837962963
340148,347722,348263,7574,541,1,3600,15.0
340252,343052,353219,2800,10167,5,16200,1.27540080653
340664,342918,343495,2254,577,1,900,4.90641247834
340664,342934,343553,2270,619,1,900,4.66720516963
340664,342911,343291,2247,380,1,900,6.91315789474
340664,342906,343508,2242,602,1,900,4.72425249169
340665,342982,343615,2317,633,1,900,4.66034755134
340666,343036,343412,2370,376,1,900,7.30319148936
340666,343029,343666,2363,637,1,900,4.70957613815
343053,343883,352108,830,8225,5,16200,1.1009118541
343441,343448,343449,7,1,1,240,1.0
343789,350255,362467,6466,12212,5,16200,1.52947920079
343882,352120,363476,8238,11356,5,16200,1.72543148996
345328,354813,354918,9485,105,16,28800,91.3333333333
348493,348500,349586,7,1086,2,7200,1.00644567219
350257,353230,360982,2973,7752,5,16200,1.38351393189
351736,351742,372200,6,20458,1,72000,1.0002932838
351757,354956,401874,3199,46918,1,72000,1.06818278699
351769,354961,386299,3192,31338,1,108000,1.10185717021
351781,354966,388570,3185,33604,1,144000,1.09478038329
351794,354979,396275,3185,41296,1,108000,1.07712611391
351806,354984,374580,3178,19596,1,108000,1.16217595428
352125,352762,363986,637,11224,5,16200,1.0567533856
352765,360994,370552,8229,9558,5,16200,1.86095417451
353232,362478,374118,9246,11640,5,16200,1.79432989691
354225,354950,354957,725,7,1,3600,73.2
354934,365636,365637,10702,1,4,28800,1070.3
354939,365642,365643,10703,1,4,28800,1070.4
355086,355101,355215,15,114,1,3600,1.13157894737
355355,355363,355974,8,611,1,3600,1.01309328969
356239,356245,357453,6,1208,1,3600,1.00496688742
357781,357788,357796,7,8,1,1800,1.5
357929,357935,357942,6,7,1,3600,1.3
357948,357955,358025,7,70,1,1800,1.1
358069,358075,358156,6,81,1,3600,1.07407407407
358157,358166,358306,9,140,1,3600,1.06428571429
358267,358273,358359,6,86,1,1800,1.06976744186
358299,358306,359297,7,991,1,3600,1.00706357215
358449,358456,359307,7,851,1,3600,1.00822561692
359166,359172,359541,6,369,1,1800,1.0162601626
359566,359572,360789,6,1217,1,3600,1.00493015612
359633,359639,360561,6,922,1,3600,1.00650759219
360256,360262,360269,6,7,1,1800,1.3
360493,360499,360537,6,38,1,1800,1.15789473684
360798,360804,360879,6,75,1,1800,1.08
360997,363488,376601,2491,13113,5,16200,1.18996415771
361515,361522,361769,7,247,1,1800,1.02834008097
361757,361765,361846,8,81,1,3600,1.0987654321
361992,361998,362237,6,239,1,3600,1.02510460251
362443,362449,362540,6,91,1,1800,1.06593406593
362479,363997,377011,1518,13014,5,16200,1.11664361457
362562,362569,363115,7,546,1,3600,1.01282051282
362572,362579,363308,7,729,1,1800,1.00960219479
363484,366915,379203,3431,12288,5,16200,1.27921549479
364003,371040,379490,7037,8450,5,16200,1.83278106509
365969,365976,366048,7,72,1,1800,1.09722222222
366375,366381,366467,6,86,1,1800,1.06976744186
366915,374130,382150,7215,8020,5,16200,1.89962593516
366992,366998,367354,6,356,1,1800,1.01685393258
367846,367852,368148,6,296,1,900,1.02027027027
367847,367863,368143,16,280,1,900,1.05714285714
367847,367875,368147,28,272,1,900,1.10294117647
367847,367870,368227,23,357,1,900,1.06442577031
367847,367858,368265,11,407,1,900,1.02702702703
367848,367897,368172,49,275,1,900,1.17818181818
367848,367902,368285,54,383,1,900,1.1409921671
367848,367891,368257,43,366,1,900,1.1174863388
367848,367880,368240,32,360,1,900,1.08888888889
367848,367886,368176,38,290,1,900,1.13103448276
367849,367926,368358,77,432,1,900,1.17824074074
367849,367907,368177,58,270,1,900,1.21481481481
367849,367913,368330,64,417,1,900,1.15347721823
367850,367942,368338,92,396,1,900,1.23232323232
367850,367937,368362,87,425,1,900,1.20470588235
367850,367932,368240,82,308,1,900,1.26623376623
367850,367948,368451,98,503,1,900,1.19483101392
367851,367953,368345,102,392,1,900,1.26020408163
367851,367959,368464,108,505,1,900,1.21386138614
367917,367966,378026,49,10060,16,28800,1.00487077535
368552,368559,368599,7,40,1,1800,1.175
368839,368846,368916,7,70,1,1800,1.1
369556,369563,369804,7,241,1,1800,1.02904564315
370505,370527,372819,22,2292,1,10800,1.00959860384
370505,370511,370770,6,259,1,10800,1.02316602317
370505,370545,371268,40,723,1,10800,1.05532503458
370505,370539,371699,34,1160,1,10800,1.02931034483
370505,370534,372212,29,1678,1,10800,1.01728247914
370505,370517,371720,12,1203,1,10800,1.00997506234
370505,370522,372788,17,2266,1,10800,1.00750220653
370506,370562,373517,56,2955,1,10800,1.01895093063
370506,370550,373072,44,2522,1,10800,1.01744647105
370506,370556,372605,50,2049,1,10800,1.02440214739
370507,370583,376834,76,6251,1,10800,1.01215805471
370507,370567,373273,60,2706,1,10800,1.022172949
370507,370589,373167,82,2578,1,10800,1.03180760279
370507,370572,371216,65,644,1,10800,1.10093167702
370507,370578,372210,71,1632,1,10800,1.04350490196
370508,370605,376789,97,6184,1,10800,1.01568564036
370508,370616,372165,108,1549,1,10800,1.06972240155
370508,370600,371871,92,1271,1,10800,1.07238394965
370508,370611,371597,103,986,1,10800,1.10446247465
370508,370594,372632,86,2038,1,10800,1.04219823356
370509,370632,373496,123,2864,1,10800,1.04294692737
370509,370627,372245,118,1618,1,10800,1.07292954265
370509,370643,371296,134,653,1,10800,1.20520673813
370509,370638,377551,129,6913,1,10800,1.01866049472
370509,370622,372333,113,1711,1,10800,1.06604324956
370510,370654,377406,144,6752,1,10800,1.02132701422
370510,370649,373017,139,2368,1,10800,1.05869932432
370510,370659,372959,149,2300,1,10800,1.0647826087
370510,370665,371863,155,1198,1,10800,1.12938230384
370511,370675,372285,164,1610,1,10800,1.10186335404
370511,370686,370962,175,276,1,10800,1.63405797101
370511,370681,371318,170,637,1,10800,1.26687598116
370511,370670,372489,159,1819,1,10800,1.0874106652
370512,370713,370902,201,189,1,10800,2.06349206349
370512,370702,372039,190,1337,1,10800,1.1421091997
370512,370691,371862,179,1171,1,10800,1.15286080273
370512,370708,373961,196,3253,1,10800,1.06025207501
370512,370697,372038,185,1341,1,10800,1.1379567487
370513,370718,372190,205,1472,1,10800,1.13926630435
370513,370729,371304,216,575,1,10800,1.37565217391
370513,370734,373923,221,3189,1,10800,1.06930072123
370513,370724,372226,211,1502,1,10800,1.14047936085
370514,370756,372506,242,1750,1,10800,1.13828571429
370514,370750,372736,236,1986,1,10800,1.11883182276
370514,370761,373684,247,2923,1,10800,1.08450222374
370514,370745,373997,231,3252,1,10800,1.07103321033
370514,370740,373689,226,2949,1,10800,1.07663614785
370515,370767,372555,252,1788,1,10800,1.14093959732
370515,370777,374444,262,3667,1,10800,1.07144805018
370515,370783,372057,268,1274,1,10800,1.2103610675
370515,370772,375413,257,4641,1,10800,1.05537599655
370516,370799,371969,283,1170,1,10800,1.24188034188
370516,370804,374593,288,3789,1,10800,1.07600950119
370516,370794,372635,278,1841,1,10800,1.15100488865
370516,370788,373749,272,2961,1,10800,1.09186085782
370516,370810,373418,294,2608,1,10800,1.11273006135
370517,370815,373447,298,2632,1,10800,1.1132218845
370517,370826,372379,309,1553,1,10800,1.19896973599
370517,370821,372287,304,1466,1,10800,1.20736698499
370518,370837,373220,319,2383,1,10800,1.13386487621
370518,370832,373241,314,2409,1,10800,1.1303445413
370518,370853,373051,335,2198,1,10800,1.15241128298
370518,370843,371603,325,760,1,10800,1.42763157895
370518,370848,371757,330,909,1,10800,1.36303630363
370519,370870,371466,351,596,1,10800,1.5889261745
370519,370864,371902,345,1038,1,10800,1.3323699422
370519,370880,373520,361,2640,1,10800,1.13674242424
370519,370875,373205,356,2330,1,10800,1.15278969957
370519,370859,372376,340,1517,1,10800,1.22412656559
370520,370891,372620,371,1729,1,10800,1.21457489879
370520,370902,371845,382,943,1,10800,1.40509013786
370520,370886,372588,366,1702,1,10800,1.21504112808
370520,370896,372199,376,1303,1,10800,1.28856485035
370521,370915,371362,394,447,1,10800,1.88143176734
370521,370931,371825,410,894,1,10800,1.45861297539
370521,370925,373954,404,3029,1,10800,1.13337735226
370521,370909,372352,388,1443,1,10800,1.26888426888
370521,370920,372122,399,1202,1,10800,1.33194675541
370522,370947,371964,425,1017,1,10800,1.41789577188
370522,370952,373751,430,2799,1,10800,1.15362629511
370522,370936,371808,414,872,1,10800,1.4747706422
370522,370941,373660,419,2719,1,10800,1.15410077234
370523,370958,372180,435,1222,1,10800,1.35597381342
370523,370974,372127,451,1153,1,10800,1.39115351258
370523,370968,371597,445,629,1,10800,1.70747217806
370523,370963,373225,440,2262,1,10800,1.19451812555
370524,370985,373780,461,2795,1,10800,1.16493738819
370524,370995,373387,471,2392,1,10800,1.19690635452
370524,370990,374242,466,3252,1,10800,1.14329643296
370524,370979,371834,455,855,1,10800,1.53216374269
370524,371001,371574,477,573,1,10800,1.83246073298
370525,371028,371686,503,658,1,10800,1.76443768997
370525,371006,371314,481,308,1,10800,2.56168831169
370525,371011,372454,486,1443,1,10800,1.3367983368
370525,371022,374057,497,3035,1,10800,1.16375617792
370525,371017,372610,492,1593,1,10800,1.30885122411
370526,373488,374496,2962,1008,1,10800,3.93849206349
370526,373342,378712,2816,5370,1,10800,1.52439478585
370526,371033,372271,507,1238,1,10800,1.40953150242
370526,373598,374460,3072,862,1,10800,4.56380510441
370526,373529,374168,3003,639,1,10800,5.69953051643
370527,373648,377282,3121,3634,1,10800,1.85883324161
370527,371045,371643,518,598,1,10800,1.86622073579
370527,373634,375749,3107,2115,1,10800,2.46903073286
370527,373641,374513,3114,872,1,10800,4.57110091743
370528,371056,374951,528,3895,1,10800,1.13555840822
370528,371051,373480,523,2429,1,10800,1.21531494442
370528,371228,372459,700,1231,1,10800,1.56864337937
370528,371280,372330,752,1050,1,10800,1.71619047619
370528,371308,372325,780,1017,1,10800,1.76696165192
370529,371333,372013,804,680,1,10800,2.18235294118
370529,371316,372448,787,1132,1,10800,1.69522968198
370529,371326,372962,797,1636,1,10800,1.48716381418
370529,371374,373622,845,2248,1,10800,1.37588967972
370530,371586,372314,1056,728,1,10800,2.45054945055
370530,371614,374927,1084,3313,1,10800,1.32719589496
370530,371609,372864,1079,1255,1,10800,1.85976095618
370530,371478,372531,948,1053,1,10800,1.90028490028
370531,371732,372409,1201,677,1,10800,2.77400295421
370531,371655,372393,1124,738,1,10800,2.52303523035
370531,371698,372241,1167,543,1,10800,3.14917127072
370531,371712,372708,1181,996,1,10800,2.18574297189
370531,371621,372500,1090,879,1,10800,2.24004550626
370532,371837,372334,1305,497,1,10800,3.62575452716
370532,371857,373330,1325,1473,1,10800,1.89952477936
370532,371769,374674,1237,2905,1,10800,1.42581755594
370532,371846,372671,1314,825,1,10800,2.59272727273
370532,371820,378783,1288,6963,1,10800,1.18497773948
370533,371914,372929,1381,1015,1,10800,2.360591133
370533,371888,372311,1355,423,1,10800,4.20330969267
370533,371881,373216,1348,1335,1,10800,2.00973782772
370533,371976,372858,1443,882,1,10800,2.63605442177
370533,371874,374303,1341,2429,1,10800,1.55207904487
370534,372025,375084,1491,3059,1,10800,1.48741418764
370534,371983,372732,1449,749,1,10800,2.93457943925
370534,372050,376989,1516,4939,1,10800,1.30694472565
370535,372057,373262,1522,1205,1,10800,2.26307053942
370535,372142,378439,1607,6297,1,10800,1.25520088931
370535,372070,373586,1535,1516,1,10800,2.01253298153
370535,372177,376180,1642,4003,1,10800,1.41019235573
370535,372135,372984,1600,849,1,10800,2.88457008245
370536,372218,373631,1682,1413,1,10800,2.19037508846
370536,372192,374211,1656,2019,1,10800,1.82020802377
370536,372202,374102,1666,1900,1,10800,1.87684210526
370536,372225,373404,1689,1179,1,10800,2.43256997455
370536,372211,373469,1675,1258,1,10800,2.33147853736
370537,372238,378734,1701,6496,1,10800,1.26185344828
370537,372253,380798,1716,8545,1,10800,1.20081919251
370537,372230,373281,1693,1051,1,10800,2.61084681256
370537,372283,374598,1746,2315,1,10800,1.75421166307
370537,372260,373625,1723,1365,1,10800,2.26227106227
370538,372330,372992,1792,662,1,10800,3.70694864048
370538,372297,375837,1759,3540,1,10800,1.49689265537
370538,372323,375885,1785,3562,1,10800,1.50112296463
370538,372304,373493,1766,1189,1,10800,2.48528174937
370539,372344,373710,1805,1366,1,10800,2.32137628111
370539,372337,372877,1798,540,1,10800,4.32962962963
370539,372351,373295,1812,944,1,10800,2.91949152542
370539,372364,376924,1825,4560,1,10800,1.40021929825
370539,372356,372974,1817,618,1,10800,3.94012944984
370540,372388,376579,1848,4191,1,10800,1.44094488189
370540,372421,376317,1881,3896,1,10800,1.48280287474
370540,372395,374954,1855,2559,1,10800,1.72489253615
370540,372405,373484,1865,1079,1,10800,2.72845227062
370541,372468,376870,1927,4402,1,10800,1.43775556565
370541,372461,372951,1920,490,1,10800,4.91836734694
370541,372512,373678,1971,1166,1,10800,2.69039451115
370541,372501,374226,1960,1725,1,10800,2.13623188406
370541,372475,373674,1934,1199,1,10800,2.61301084237
370542,372567,376963,2025,4396,1,10800,1.46064604186
370542,372600,373474,2058,874,1,10800,3.35469107551
370542,372519,378578,1977,6059,1,10800,1.32629146724
370542,372543,373292,2001,749,1,10800,3.67156208278
370543,372651,373787,2108,1136,1,10800,2.85563380282
370543,372644,376013,2101,3369,1,10800,1.62362718908
370543,372617,374727,2074,2110,1,10800,1.98293838863
370543,372624,375175,2081,2551,1,10800,1.81575852607
370543,372632,374476,2089,1844,1,10800,2.13286334056
370544,372720,375735,2176,3015,1,10800,1.72172470978
370544,372752,373457,2208,705,1,10800,4.13191489362
370544,372800,374310,2256,1510,1,10800,2.4940397351
370544,372683,374001,2139,1318,1,10800,2.62291350531
370544,372745,375031,2201,2286,1,10800,1.96281714786
370545,372870,375216,2325,2346,1,10800,1.99104859335
370545,372877,376909,2332,4032,1,10800,1.57837301587
370545,372831,378845,2286,6014,1,10800,1.3801130695
370546,372971,377175,2425,4204,1,10800,1.57683158896
370546,372964,373565,2418,601,1,10800,5.02329450915
370546,372978,378584,2432,5606,1,10800,1.43382090617
370546,372889,375964,2343,3075,1,10800,1.76195121951
370546,372941,376436,2395,3495,1,10800,1.68526466381
370547,373004,380052,2457,7048,1,10800,1.34860953462
370547,372986,374273,2439,1287,1,10800,2.8951048951
370547,372996,375503,2449,2507,1,10800,1.97686477862
370547,373063,380208,2516,7145,1,10800,1.35213435969
370547,373029,375451,2482,2422,1,10800,2.02477291495
370548,373179,374362,2631,1183,1,10800,3.22400676247
370548,373217,373573,2669,356,1,10800,8.49719101124
370548,373228,374707,2680,1479,1,10800,2.81203515889
370548,373084,376253,2536,3169,1,10800,1.80025244557
370548,373235,374703,2687,1468,1,10800,2.83038147139
370549,373253,375592,2704,2339,1,10800,2.15604959384
370549,373285,375585,2736,2300,1,10800,2.18956521739
370549,373242,373846,2693,604,1,10800,5.45860927152
370549,373274,377141,2725,3867,1,10800,1.70468063098
370549,373294,378404,2745,5110,1,10800,1.53718199609
370550,373304,377964,2754,4660,1,10800,1.59098712446
370550,373416,374537,2866,1121,1,10800,3.55664585192
370550,373399,378499,2849,5100,1,10800,1.55862745098
370550,373312,377063,2762,3751,1,10800,1.73633697681
370551,373431,374600,2880,1169,1,10800,3.46364414029
370551,373469,384291,2918,10822,1,10800,1.26963592682
370551,373481,378019,2930,4538,1,10800,1.64565888056
370551,373459,374686,2908,1227,1,10800,3.37000814996
370552,373495,377081,2943,3586,1,10800,1.82069157836
370552,373514,378408,2962,4894,1,10800,1.60523089497
370552,373502,378708,2950,5206,1,10800,1.56665386093
370552,373509,380921,2957,7412,1,10800,1.39894765246
370553,373585,375585,3032,2000,1,10800,2.516
370553,373706,374441,3153,735,1,10800,5.28979591837
370553,373577,374516,3024,939,1,10800,4.22044728435
370553,373722,381815,3169,8093,1,10800,1.39157296429
370553,373536,375046,2983,1510,1,10800,2.97549668874
370554,373686,377591,3132,3905,1,10800,1.80204865557
370554,373694,374492,3140,798,1,10800,4.93483709273
370554,373701,374504,3147,803,1,10800,4.91905354919
370554,373762,374718,3208,956,1,10800,4.35564853556
370554,373672,375003,3118,1331,1,10800,3.34259954921
370555,373769,378175,3214,4406,1,10800,1.72945982751
370555,373792,377091,3237,3299,1,10800,1.98120642619
370555,373859,379987,3304,6128,1,10800,1.53916449086
370555,373935,379849,3380,5914,1,10800,1.57152519445
370555,373799,374941,3244,1142,1,10800,3.84063047285
370556,373974,375800,3418,1826,1,10800,2.87185104053
370556,374010,375349,3454,1339,1,10800,3.57953696789
370556,373967,381062,3411,7095,1,10800,1.48076109937
370557,374114,374656,3557,542,1,10800,7.56273062731
370557,374180,374607,3623,427,1,10800,9.48477751756
370557,374017,374305,3460,288,1,10800,13.0138888889
370557,374069,374363,3512,294,1,10800,12.9455782313
370557,374223,376172,3666,1949,1,10800,2.88096459723
370558,374254,374644,3696,390,1,10800,10.4769230769
370558,374285,375124,3727,839,1,10800,5.44219308701
370558,374238,379159,3680,4921,1,10800,1.74781548466
370558,374315,377795,3757,3480,1,10800,2.07959770115
370559,374321,375673,3762,1352,1,10800,3.7825443787
370559,374327,375903,3768,1576,1,10800,3.39086294416
370559,374381,378274,3822,3893,1,10800,1.98176213717
370559,374453,379198,3894,4745,1,10800,1.82065331928
370559,374374,377394,3815,3020,1,10800,2.26324503311
370560,374472,375211,3912,739,1,10800,6.29364005413
370560,374489,375673,3929,1184,1,10800,4.31841216216
370560,374504,377555,3944,3051,1,10800,2.29269092101
370560,374460,378781,3900,4321,1,10800,1.9025688498
370561,374526,377553,3965,3027,1,10800,2.30987776677
370561,374533,375566,3972,1033,1,10800,4.84511132623
370561,374549,376725,3988,2176,1,10800,2.83272058824
370561,374511,376490,3950,1979,1,10800,2.99595755432
370561,374519,377087,3958,2568,1,10800,2.54127725857
370562,374614,375912,4052,1298,1,10800,4.1217257319
370562,374619,380735,4057,6116,1,10800,1.66334205363
370562,374606,378791,4044,4185,1,10800,1.96630824373
370562,374592,375538,4030,946,1,10800,5.2600422833
370563,374657,376661,4094,2004,1,10800,3.04291417166
370563,374627,376448,4064,1821,1,10800,3.23174080176
370563,374686,376310,4123,1624,1,10800,3.53879310345
370563,374668,375335,4105,667,1,10800,7.15442278861
370564,374731,375013,4167,282,1,10800,15.7765957447
370564,374739,377035,4175,2296,1,10800,2.81837979094
370564,374698,376948,4134,2250,1,10800,2.83733333333
370564,374722,375859,4158,1137,1,10800,4.65699208443
370564,374715,375697,4151,982,1,10800,5.22708757637
370565,378416,379377,7851,961,1,10800,9.16961498439
370565,374940,376265,4375,1325,1,10800,4.30188679245
370565,375016,378830,4451,3814,1,10800,2.1670162559
370565,378422,380524,7857,2102,1,10800,4.73786869648
370565,378286,379420,7721,1134,1,10800,7.80864197531
370566,378803,379791,8237,988,1,10800,9.33704453441
370566,378842,380723,8276,1881,1,10800,5.39978734716
370566,378512,379480,7946,968,1,10800,9.20867768595
370566,378720,379397,8154,677,1,10800,13.0443131462
370566,378793,379282,8227,489,1,10800,17.8241308793
370567,378961,380689,8394,1728,1,10800,5.85763888889
370567,378955,379802,8388,847,1,10800,10.9031877214
370567,378966,380188,8399,1222,1,10800,7.87315875614
370568,379025,380607,8457,1582,1,10800,6.34576485461
370568,379020,379664,8452,644,1,10800,14.1242236025
370568,379014,381302,8446,2288,1,10800,4.69143356643
370568,379041,383945,8473,4904,1,10800,2.72777324633
370568,379030,381270,8462,2240,1,10800,4.77767857143
370569,379058,379913,8489,855,1,10800,10.9286549708
370569,379052,382387,8483,3335,1,10800,3.54362818591
370569,379063,382443,8494,3380,1,10800,3.51301775148
370569,379047,380474,8478,1427,1,10800,6.94113524877
370569,379036,380128,8467,1092,1,10800,8.75366300366
370570,379112,384156,8542,5044,1,10800,2.69349722443
370570,379074,379392,8504,318,1,10800,27.7421383648
370570,379069,379794,8499,725,1,10800,12.7227586207
370570,379079,381572,8509,2493,1,10800,4.41315683915
370570,379101,380407,8531,1306,1,10800,7.53215926493
370571,379090,381556,8519,2466,1,10800,4.45458231955
370571,379085,380583,8514,1498,1,10800,6.68357810414
370571,379096,379826,8525,730,1,10800,12.6780821918
370571,379107,385763,8536,6656,1,10800,2.28245192308
370572,379124,381530,8552,2406,1,10800,4.5544472153
370572,379141,387531,8569,8390,1,10800,2.02133492253
370572,379117,381666,8545,2549,1,10800,4.35229501765
370572,379130,380886,8558,1756,1,10800,5.87357630979
370572,379135,379646,8563,511,1,10800,17.7573385519
370573,379184,381661,8611,2477,1,10800,4.47638272103
370573,379146,380827,8573,1681,1,10800,6.0999405116
370573,379179,380453,8606,1274,1,10800,7.75510204082
370573,379152,383444,8579,4292,1,10800,2.99883504194
370574,379162,380700,8588,1538,1,10800,6.58387516255
370574,379168,380523,8594,1355,1,10800,7.34243542435
370574,379206,383954,8632,4748,1,10800,2.81802864364
370574,379157,380966,8583,1809,1,10800,5.74461028192
370575,379173,381265,8598,2092,1,10800,5.10994263862
370575,379200,379837,8625,637,1,10800,14.5400313972
370575,379211,380388,8636,1177,1,10800,8.3372982158
370575,379189,383863,8614,4674,1,10800,2.84296106119
370575,379195,382361,8620,3166,1,10800,3.72267845862
370576,379217,381324,8641,2107,1,10800,5.10109159943
370576,379222,380284,8646,1062,1,10800,9.14124293785
370576,379271,380479,8695,1208,1,10800,8.19784768212
370576,379276,380450,8700,1174,1,10800,8.41056218058
370576,379298,380656,8722,1358,1,10800,7.42268041237
370577,379228,383117,8651,3889,1,10800,3.22447930059
370577,379244,380533,8667,1289,1,10800,7.72381691234
370577,379238,385155,8661,5917,1,10800,2.46374852121
370577,379233,382443,8656,3210,1,10800,3.69657320872
370577,379249,380487,8672,1238,1,10800,8.00484652666
370578,379265,382548,8687,3283,1,10800,3.6460554371
370578,379260,381269,8682,2009,1,10800,5.32155301145
370578,379255,381379,8677,2124,1,10800,5.0852165725
370579,379303,380261,8724,958,1,10800,10.1064718163
370579,379287,380437,8708,1150,1,10800,8.57217391304
370579,379292,380462,8713,1170,1,10800,8.44700854701
370579,379309,382217,8730,2908,1,10800,4.00206327373
370579,379282,382590,8703,3308,1,10800,3.63089480048
370580,379320,382363,8740,3043,1,10800,3.87216562603
370580,379336,380599,8756,1263,1,10800,7.93269992082
370580,379330,380650,8750,1320,1,10800,7.62878787879
370580,379314,384480,8734,5166,1,10800,2.69066976384
370580,379325,380384,8745,1059,1,10800,9.25779036827
370581,379352,383394,8771,4042,1,10800,3.16996536368
370581,379362,381831,8781,2469,1,10800,4.55650060753
370581,379341,380547,8760,1206,1,10800,8.26368159204
370581,379346,380451,8765,1105,1,10800,8.93212669683
370581,379357,381221,8776,1864,1,10800,5.70815450644
370582,379384,379825,8802,441,1,10800,20.9591836735
370582,379368,379703,8786,335,1,10800,27.2268656716
370582,379379,379647,8797,268,1,10800,33.8246268657
370582,379373,379637,8791,264,1,10800,34.2992424242
370583,379414,380576,8831,1162,1,10800,8.59982788296
370583,379401,381128,8818,1727,1,10800,6.10596409959
370583,379395,382785,8812,3390,1,10800,3.5994100295
370583,379408,379701,8825,293,1,10800,31.1194539249
370583,379390,380483,8807,1093,1,10800,9.05763952425
370584,379430,380474,8846,1044,1,10800,9.47318007663
370584,379425,380904,8841,1479,1,10800,6.97768762677
370584,379419,380711,8835,1292,1,10800,7.83823529412
370584,379435,383318,8851,3883,1,10800,3.27942312645
370585,379441,382614,8856,3173,1,10800,3.79104947999
370585,379463,380687,8878,1224,1,10800,8.25326797386
370585,379458,380369,8873,911,1,10800,10.7398463227
370585,379446,381074,8861,1628,1,10800,6.44287469287
370585,379452,380927,8867,1475,1,10800,7.01152542373
370586,379612,381268,9026,1656,1,10800,6.45048309179
370586,379811,382521,9225,2710,1,10800,4.40405904059
370586,379685,380998,9099,1313,1,10800,7.92993145468
370586,379618,380772,9032,1154,1,10800,8.8266897747
370587,379773,383175,9186,3402,1,10800,3.70017636684
370587,379690,380877,9103,1187,1,10800,8.66891322662
370587,379720,380449,9133,729,1,10800,13.5281207133
370587,379741,380505,9154,764,1,10800,12.9816753927
370587,379713,384567,9126,4854,1,10800,2.88009888752
370588,379804,381336,9216,1532,1,10800,7.01566579634
370588,379858,384692,9270,4834,1,10800,2.91766652875
370588,379853,381218,9265,1365,1,10800,7.78754578755
370588,379864,382901,9276,3037,1,10800,4.05432993085
370588,379829,384342,9241,4513,1,10800,3.04764015068
370589,380000,381977,9411,1977,1,10800,5.76024279211
370589,379882,381532,9293,1650,1,10800,6.63212121212
370589,379934,381312,9345,1378,1,10800,7.78156748911
370590,380065,387282,9475,7217,1,10800,2.31287238465
370590,380221,380793,9631,572,1,10800,17.8374125874
370590,380140,381317,9550,1177,1,10800,9.11384876805
370590,380201,382243,9611,2042,1,10800,5.70666013712
370590,380274,380874,9684,600,1,10800,17.14
370591,380403,382291,9812,1888,1,10800,6.19703389831
370591,380381,381092,9790,711,1,10800,14.7693389592
370591,380420,381141,9829,721,1,10800,14.6324549237
370591,380396,383689,9805,3293,1,10800,3.97752808989
370591,380307,380820,9716,513,1,10800,19.9395711501
370592,380468,381402,9876,934,1,10800,11.573875803
370592,380449,380956,9857,507,1,10800,20.4418145957
370592,380479,387770,9887,7291,1,10800,2.35605541078
370592,380461,383230,9869,2769,1,10800,4.5641025641
370592,380473,381893,9881,1420,1,10800,7.95845070423
370593,380504,381735,9911,1231,1,10800,9.05117790414
370593,380491,381367,9898,876,1,10800,12.299086758
370593,380497,381231,9904,734,1,10800,14.4931880109
370593,380486,381639,9893,1153,1,10800,9.5802254987
370594,380542,382081,9948,1539,1,10800,7.46393762183
370594,380522,381710,9928,1188,1,10800,9.3569023569
370594,380509,382867,9915,2358,1,10800,5.2048346056
370594,380515,384695,9921,4180,1,10800,3.37344497608
370594,380535,381343,9941,808,1,10800,13.3032178218
370595,380560,381118,9965,558,1,10800,18.8584229391
370595,380588,380821,9993,233,1,10800,43.8884120172
370595,380549,381261,9954,712,1,10800,14.9803370787
370595,380595,382499,10000,1904,1,10800,6.25210084034
370596,380663,382746,10067,2083,1,10800,5.83293326932
370596,375025,375624,4429,599,1,900,8.39398998331
370596,374970,375339,4374,369,1,900,12.8536585366
370596,374963,375560,4367,597,1,900,8.3149078727
370596,380620,382595,10024,1975,1,10800,6.07544303797
370596,380611,381331,10015,720,1,10800,14.9097222222
370596,374954,375344,4358,390,1,900,12.1743589744
370596,375043,375410,4447,367,1,900,13.1171662125
370597,375082,375702,4485,620,1,900,8.23387096774
370597,375076,375439,4479,363,1,900,13.3388429752
370597,380670,388228,10073,7558,1,10800,2.33275998942
370597,380713,387751,10116,7038,1,10800,2.43734015345
370597,380706,384452,10109,3746,1,10800,3.69861185264
370597,375059,375637,4462,578,1,900,8.71972318339
370597,375087,375434,4490,347,1,900,13.939481268
370597,380699,385977,10102,5278,1,10800,2.91398256915
370598,380735,388300,10137,7565,1,10800,2.33998678123
370598,380747,381751,10149,1004,1,10800,11.1085657371
370598,380784,383585,10186,2801,1,10800,4.63655837201
370598,375104,375720,4506,616,1,900,8.31493506494
370598,380723,383014,10125,2291,1,10800,5.41946748145
370598,375093,375670,4495,577,1,900,8.79029462738
370598,375098,375466,4500,368,1,900,13.2282608696
370598,375109,375472,4511,363,1,900,13.4269972452
370599,380812,381882,10213,1070,1,10800,10.5448598131
370599,380833,384032,10234,3199,1,10800,4.19912472648
370599,375126,375724,4527,598,1,900,8.57023411371
370599,380805,384360,10206,3555,1,10800,3.87088607595
370599,375137,375714,4538,577,1,900,8.86481802426
370599,375115,375705,4516,590,1,900,8.65423728814
370599,380838,382945,10239,2107,1,10800,5.85951589938
370599,375120,375486,4521,366,1,900,13.3524590164
370599,375131,375491,4532,360,1,900,13.5888888889
370600,380893,383068,10293,2175,1,10800,5.7324137931
370600,375148,375748,4548,600,1,900,8.58
370600,375142,375508,4542,366,1,900,13.4098360656
370600,380886,382087,10286,1201,1,10800,9.5645295587
370600,380846,387269,10246,6423,1,10800,2.59520473299
370601,380968,384238,10367,3270,1,10800,4.17033639144
370601,380933,381805,10332,872,1,10800,12.8486238532
370601,380940,382311,10339,1371,1,10800,8.54121079504
370601,380900,382529,10299,1629,1,10800,7.32228360958
370601,380917,382577,10316,1660,1,10800,7.21445783133
370602,381086,383675,10484,2589,1,10800,5.0494399382
370602,380982,385202,10380,4220,1,10800,3.45971563981
370602,381010,381933,10408,923,1,10800,12.2762730228
370602,381074,383237,10472,2163,1,10800,5.84142394822
370603,381130,384262,10527,3132,1,10800,4.36111111111
370603,381230,382738,10627,1508,1,10800,8.04708222812
370603,381140,385103,10537,3963,1,10800,3.65884430987
370603,381154,383763,10551,2609,1,10800,5.04407819088
370603,381105,382018,10502,913,1,10800,12.5027382256
370604,381280,384997,10676,3717,1,10800,3.87220877051
370604,381273,383322,10669,2049,1,10800,6.20693020986
370604,381237,383531,10633,2294,1,10800,5.63513513514
370604,381244,383697,10640,2453,1,10800,5.33754586221
370605,381285,382382,10680,1097,1,10800,10.7356426618
370605,381314,383936,10709,2622,1,10800,5.08428680397
370605,381292,383620,10687,2328,1,10800,5.59063573883
370605,381324,384148,10719,2824,1,10800,4.79567988669
370605,381297,382367,10692,1070,1,10800,10.9925233645
370606,381345,385139,10739,3794,1,10800,3.83052187665
370606,381331,384785,10725,3454,1,10800,4.1050955414
370606,381338,386215,10732,4877,1,10800,3.20053311462
370607,381359,388269,10752,6910,1,10800,2.55600578871
370607,381392,382038,10785,646,1,10800,17.6950464396
370607,381420,381915,10813,495,1,10800,22.8444444444
370607,381385,382662,10778,1277,1,10800,9.44009397024
370607,381352,382179,10745,827,1,10800,13.9927448609
370608,381651,384370,11043,2719,1,10800,5.06141963957
370608,381542,382507,10934,965,1,10800,12.3305699482
370608,381568,383141,10960,1573,1,10800,7.96757787667
370608,381584,382689,10976,1105,1,10800,10.9330316742
370608,381549,382736,10941,1187,1,10800,10.2173546757
370609,381722,385044,11113,3322,1,10800,4.34527393137
370609,381763,383147,11154,1384,1,10800,9.05924855491
370609,381747,385619,11138,3872,1,10800,3.87654958678
370609,381680,388017,11071,6337,1,10800,2.74704118668
370609,381673,382707,11064,1034,1,10800,11.7001934236
370610,381844,383333,11234,1489,1,10800,8.54466084621
370610,381828,382941,11218,1113,1,10800,11.0790655885
370610,381893,384574,11283,2681,1,10800,5.20850428944
370610,381817,382527,11207,710,1,10800,16.7845070423
370611,381945,386900,11334,4955,1,10800,3.2873864783
370611,381905,383425,11294,1520,1,10800,8.43026315789
370611,381928,383446,11317,1518,1,10800,8.45520421607
370612,381990,384671,11378,2681,1,10800,5.2439388288
370612,382304,383473,11692,1169,1,10800,11.001710864
370612,382373,382983,11761,610,1,10800,20.2803278689
370612,382380,383654,11768,1274,1,10800,10.2370486656
370612,382324,383633,11712,1309,1,10800,9.94728800611
370613,382050,385315,11437,3265,1,10800,4.50290964778
370613,382191,383442,11578,1251,1,10800,10.2549960032
370613,382099,385780,11486,3681,1,10800,4.12034773159
370613,382093,383225,11480,1132,1,10800,11.1413427562
370613,382030,383015,11417,985,1,10800,12.5908629442
370614,382229,384999,11615,2770,1,10800,5.19314079422
370614,382255,384045,11641,1790,1,10800,7.50335195531
370614,384261,388279,13647,4018,1,10800,4.39646590343
370614,382385,382727,11771,342,1,10800,35.418128655
370615,384939,387947,14324,3008,1,10800,5.76196808511
370615,384830,385434,14215,604,1,10800,24.5347682119
370615,384819,388865,14204,4046,1,10800,4.51062778052
370615,384825,385718,14210,893,1,10800,16.9126539754
370615,384277,385403,13662,1126,1,10800,13.1332149201
370616,385016,385996,14400,980,1,10800,15.693877551
370616,385009,386379,14393,1370,1,10800,11.5058394161
371039,845405,856209,474366,10804,5,16200,44.9065161051
374133,845410,857274,471277,11864,5,16200,40.7232805125
374493,379474,379661,4981,187,1,21600,27.6363636364
374493,379469,379527,4976,58,1,21600,86.7931034483
374493,379485,394021,4992,14536,1,21600,1.3434232251
374493,379490,379784,4997,294,1,21600,17.9965986395
374493,379479,394021,4986,14542,1,21600,1.34286893137
374494,379496,379729,5002,233,1,21600,22.4678111588
374494,379506,379796,5012,290,1,21600,18.2827586207
374494,379517,381110,5023,1593,1,21600,4.15317011927
374494,379512,379893,5018,381,1,21600,14.1706036745
374494,379501,379886,5007,385,1,21600,14.0051948052
374495,379539,394021,5044,14482,1,21600,1.34829443447
374495,379528,394021,5033,14493,1,21600,1.34727109639
374495,379523,379645,5028,122,1,21600,42.2131147541
374495,379534,382948,5039,3414,1,21600,2.47598125366
374496,379555,394021,5059,14466,1,21600,1.3497165768
374496,379545,394021,5049,14476,1,21600,1.34878419453
374496,379550,388212,5054,8662,1,21600,1.58346802124
374496,379561,394021,5065,14460,1,21600,1.35027662517
374497,379572,394021,5075,14449,1,21600,1.35123537961
374497,379566,380838,5069,1272,1,21600,4.98506289308
374497,379577,394021,5080,14444,1,21600,1.35170312933
374497,379583,382646,5086,3063,1,21600,2.66046359778
374498,379605,385124,5107,5519,1,21600,1.92534879507
374498,379594,394021,5096,14427,1,21600,1.35322658903
374498,379599,379969,5101,370,1,21600,14.7864864865
374498,379588,394021,5090,14433,1,21600,1.35266403381
374499,379634,379815,5135,181,1,21600,29.3701657459
374499,379623,394021,5124,14398,1,21600,1.35588276149
374499,379629,379761,5130,132,1,21600,39.8636363636
374500,379640,379816,5140,176,1,21600,30.2045454545
374500,379656,379811,5156,155,1,21600,34.264516129
374500,379645,379794,5145,149,1,21600,35.5302013423
374500,379650,379836,5150,186,1,21600,28.688172043
374501,379661,380054,5160,393,1,21600,14.1297709924
374501,379672,380055,5171,383,1,21600,14.501305483
374501,379667,380044,5166,377,1,21600,14.7029177719
374501,379797,379824,5296,27,1,21600,197.148148148
374502,379822,380202,5320,380,1,21600,15.0
374502,379840,379903,5338,63,1,21600,85.7301587302
374502,379817,379898,5315,81,1,21600,66.6172839506
374502,379835,379914,5333,79,1,21600,68.5063291139
374502,379845,380333,5343,488,1,21600,11.9487704918
374503,379905,380941,5402,1036,1,21600,6.21428571429
374503,379875,380255,5372,380,1,21600,15.1368421053
374503,379898,394021,5395,14123,1,21600,1.38200099129
374503,379869,380303,5366,434,1,21600,13.3640552995
374504,379910,380645,5406,735,1,21600,8.35510204082
374504,379921,380252,5417,331,1,21600,17.3655589124
374504,379916,394021,5412,14105,1,21600,1.38369372563
374504,379927,380113,5423,186,1,21600,30.1559139785
374505,379939,381100,5434,1161,1,21600,5.68044788975
374505,379981,394021,5476,14040,1,21600,1.39002849003
374505,379950,394022,5445,14072,1,21600,1.38693860148
374505,379945,394021,5440,14076,1,21600,1.38647342995
374506,380072,380800,5566,728,1,21600,8.6456043956
374506,380056,394022,5550,13966,1,21600,1.39739367034
374506,380077,394022,5571,13945,1,21600,1.39949802797
376069,376082,376433,13,351,1,900,1.03703703704
376069,376076,376317,7,241,1,900,1.02904564315
376070,376111,376428,41,317,1,900,1.12933753943
376070,376100,376343,30,243,1,900,1.12345679012
376070,376087,376333,17,246,1,900,1.06910569106
376070,376095,376462,25,367,1,900,1.06811989101
376070,376106,376512,36,406,1,900,1.08866995074
376071,376122,376453,51,331,1,900,1.15407854985
376071,376117,376498,46,381,1,900,1.12073490814
376072,376128,376493,56,365,1,900,1.15342465753
376072,376133,376392,61,259,1,900,1.23552123552
376072,376138,376521,66,383,1,900,1.17232375979
376073,376160,376537,87,377,1,900,1.23076923077
376073,376149,376545,76,396,1,900,1.19191919192
376073,376144,376392,71,248,1,900,1.28629032258
376073,376155,376442,82,287,1,900,1.28571428571
376074,376177,376427,103,250,1,900,1.412
376074,376171,376541,97,370,1,900,1.26216216216
376074,376165,376402,91,237,1,900,1.38396624473
376074,376182,376538,108,356,1,900,1.30337078652
376637,376645,377588,8,943,4,7200,1.0084835631
376640,376651,377649,11,998,4,7200,1.01102204409
376642,376657,377519,15,862,4,7200,1.01740139211
376646,376664,376672,18,8,4,7200,2.6
376648,376669,377243,21,574,4,7200,1.03658536585
376650,376675,377160,25,485,4,1800,1.05154639175
376652,376680,377255,28,575,4,7200,1.04869565217
376655,376685,377274,30,589,4,7200,1.05093378608
376657,376691,383819,34,7128,4,7200,1.00476992144
376659,376698,376709,39,11,4,7200,4.54545454545
376663,376704,377295,41,591,4,7200,1.06937394247
376666,376709,377298,43,589,4,7200,1.07300509338
377325,377337,377339,12,2,1,172800,1.4
377325,377332,377336,7,4,2,172800,1.1
377326,377352,377422,26,70,4,172800,1.37142857143
377327,377344,377349,17,5,8,172800,2.2
377369,377382,377422,13,40,1,172800,1.325
377370,377377,377422,7,45,2,172800,1.15555555556
377393,377400,377766,7,366,4,3600,1.01912568306
377487,377499,377670,12,171,1,172800,1.0701754386
377488,377494,377670,6,176,2,172800,1.03409090909
377489,377506,377670,17,164,8,172800,1.10365853659
377706,377713,377847,7,134,1,172800,1.05223880597
377708,377725,377847,17,122,4,172800,1.1393442623
377709,377719,377847,10,128,8,172800,1.078125
377841,378987,379048,1146,61,16,7200,19.7868852459
377919,377925,377949,6,24,4,172800,1.25
377980,377986,378026,6,40,4,172800,1.15
378002,378945,382811,943,3866,4,7200,1.24392136575
378027,378992,379095,965,103,16,28800,10.3689320388
378046,378052,378070,6,18,4,172800,1.33333333333
378064,378998,391311,934,12313,16,14400,1.07585478762
378096,378104,378146,8,42,4,172800,1.19047619048
378159,378950,379887,791,937,4,7200,1.84418356457
378171,378179,378225,8,46,4,172800,1.17391304348
378355,378362,378366,7,4,4,172800,1.1
378383,378390,380521,7,2131,4,172800,1.0032848428
378499,379003,379578,504,575,4,7200,1.87652173913
378544,379009,379582,465,573,4,7200,1.81151832461
378562,378574,380521,12,1947,1,172800,1.0061633282
378563,378569,380521,6,1952,2,172800,1.00307377049
379639,379679,380255,40,576,4,7200,1.06944444444
379859,400907,400985,21048,78,1,144000,270.846153846
379871,400914,400994,21043,80,1,144000,264.0375
379882,400920,401180,21038,260,1,144000,81.9153846154
379895,400925,401183,21030,258,1,144000,82.511627907
379911,400930,414240,21019,13310,1,144000,2.57918858002
380293,380300,380661,7,361,4,7200,1.01939058172
380560,400936,414240,20376,13304,1,144000,2.5315694528
380601,400941,414240,20340,13299,1,144000,2.52943830363
380641,400947,401026,20306,79,1,144000,258.037974684
380913,380924,380960,11,36,4,172800,1.30555555556
380966,380975,381076,9,101,4,172800,1.08910891089
381085,381093,381379,8,286,4,172800,1.02797202797
381112,381119,416954,7,35835,1,43200,1.00019533975
381296,381304,383486,8,2182,3,18000,1.00366636114
381371,381377,381447,6,70,1,300,1.08571428571
381406,381412,381840,6,428,4,172800,1.01401869159
381465,381471,381527,6,56,3,18000,1.10714285714
381540,381554,382789,14,1235,3,18000,1.01133603239
381874,381880,384964,6,3084,4,172800,1.00194552529
382375,382397,383095,22,698,1,1800,1.03151862464
382375,382512,383176,137,664,1,1800,1.2063253012
382376,382404,383110,28,706,2,1800,1.03966005666
382376,382539,383239,163,700,2,1800,1.23285714286
382376,382521,383182,145,661,1,1800,1.21936459909
382376,382602,383366,226,764,4,1800,1.29581151832
382376,382455,383150,79,695,2,1800,1.11366906475
382377,382748,383513,371,765,4,1800,1.48496732026
382377,382824,383690,447,866,8,1800,1.51616628176
382377,382392,383285,15,893,8,1800,1.01679731243
382377,382674,383434,297,760,4,1800,1.39078947368
382377,382504,383472,127,968,8,1800,1.13119834711
382378,383297,384244,919,947,16,1800,1.97043294615
382378,384256,385366,1878,1110,32,1800,2.69189189189
382378,383153,384265,775,1112,16,1800,1.69694244604
382378,383458,384428,1080,970,16,1800,2.11340206186
382378,383702,384802,1324,1100,32,1800,2.20363636364
382379,385379,386776,3000,1397,64,1800,3.14745884037
382379,388190,389769,5811,1579,128,1800,4.68017732742
382379,384814,386024,2435,1210,32,1800,3.01239669421
382379,392864,394244,10485,1380,64,1800,8.59782608696
382379,386788,388178,4409,1390,64,1800,4.17194244604
382380,391369,392852,8989,1483,128,1800,7.06136210384
382380,389781,391357,7401,1576,128,1800,5.69606598985
382380,469540,471204,87160,1664,256,1800,53.3798076923
382380,471215,472677,88835,1462,256,1800,61.7626538988
382754,385056,385321,2302,265,1,21600,9.68679245283
382755,385115,385366,2360,251,1,21600,10.4023904382
382755,385136,385385,2381,249,1,21600,10.562248996
382755,385151,385205,2396,54,1,21600,45.3703703704
382755,385217,385266,2462,49,1,21600,51.2448979592
382756,385328,385423,2572,95,1,21600,28.0736842105
382756,385335,385420,2579,85,1,21600,31.3411764706
382756,385278,385327,2522,49,1,21600,52.4693877551
382756,385342,385428,2586,86,1,21600,31.0697674419
382757,385390,385570,2633,180,1,21600,15.6277777778
382757,385372,385572,2615,200,1,21600,14.075
382757,385395,385590,2638,195,1,21600,14.5282051282
382939,385406,385494,2467,88,1,21600,29.0340909091
382939,385400,385459,2461,59,1,21600,42.7118644068
382974,385418,385522,2444,104,1,21600,24.5
382974,385411,385521,2437,110,1,21600,23.1545454545
383029,385423,385665,2394,242,1,21600,10.8925619835
383062,385432,392652,2370,7220,1,21600,1.32825484765
383091,385438,385526,2347,88,1,21600,27.6704545455
383161,383168,383652,7,484,3,3600,1.01446280992
383184,385446,385472,2262,26,1,21600,88.0
383184,385451,385481,2267,30,1,21600,76.5666666667
383206,385472,385520,2266,48,1,21600,48.2083333333
383207,385486,385517,2279,31,1,21600,74.5161290323
384328,384353,385294,25,941,1,900,1.0265674814
384328,384335,384808,7,473,1,900,1.01479915433
384328,384346,384811,18,465,1,900,1.03870967742
384328,384358,384860,30,502,1,900,1.05976095618
384328,384340,385255,12,915,1,900,1.0131147541
384329,384375,385293,46,918,1,900,1.05010893246
384329,384369,384869,40,500,1,900,1.08
384329,384364,385308,35,944,1,900,1.03707627119
384330,384381,384871,51,490,1,900,1.10408163265
384330,384386,385301,56,915,1,900,1.06120218579
384330,384392,384887,62,495,1,900,1.12525252525
384331,384411,385338,80,927,1,900,1.08629989213
384331,384406,384908,75,502,1,900,1.14940239044
384331,384397,385341,66,944,1,900,1.06991525424
384332,384422,385360,90,938,1,900,1.09594882729
384332,384416,384923,84,507,1,900,1.16568047337
384332,384427,384927,95,500,1,900,1.19
384332,384434,385375,102,941,1,900,1.10839532412
384333,384445,385360,112,915,1,900,1.12240437158
384333,384440,384900,107,460,1,900,1.23260869565
384819,384837,384964,18,127,4,172800,1.14173228346
384886,385384,385958,498,574,4,7200,1.86759581882
384982,384988,385066,6,78,1,172800,1.07692307692
385211,385224,385296,13,72,1,172800,1.18055555556
385304,385310,385597,6,287,1,172800,1.02090592334
385467,385479,385597,12,118,1,172800,1.10169491525
385607,385614,392678,7,7064,1,7200,1.00099093998
385609,385620,385748,11,128,1,172800,1.0859375
385625,385632,392678,7,7046,1,7200,1.00099347147
385758,385765,386267,7,502,1,172800,1.01394422311
386174,386191,386551,17,360,1,900,1.04722222222
386174,386186,386762,12,576,1,900,1.02083333333
386174,386180,386547,6,367,1,900,1.01634877384
386175,386214,386586,39,372,1,900,1.10483870968
386175,386203,386576,28,373,1,900,1.07506702413
386175,386197,386838,22,641,1,900,1.03432137285
386175,386208,386859,33,651,1,900,1.05069124424
386176,386224,386596,48,372,1,900,1.12903225806
386176,386232,386818,56,586,1,900,1.09556313993
386176,386219,386813,43,594,1,900,1.07239057239
386176,386237,386588,61,351,1,900,1.17378917379
386177,386248,386601,71,353,1,900,1.20113314448
386177,386259,386609,82,350,1,900,1.23428571429
386177,386243,386819,66,576,1,900,1.11458333333
386177,386254,386905,77,651,1,900,1.11827956989
386178,386270,386657,92,387,1,900,1.23772609819
386178,386264,386859,86,595,1,900,1.14453781513
386178,386275,386862,97,587,1,900,1.16524701874
386178,386280,386652,102,372,1,900,1.27419354839
386179,386286,386920,107,634,1,900,1.16876971609
386273,386293,386363,20,70,1,172800,1.28571428571
386367,386374,386421,7,47,1,172800,1.14893617021
386433,386439,386637,6,198,1,172800,1.0303030303
386455,392869,393012,6414,143,64,36000,45.8531468531
386601,386608,386843,7,235,1,3540,1.02978723404
386702,386709,386751,7,42,16,172800,1.16666666667
386760,386768,386914,8,146,16,172800,1.05479452055
386840,386847,387527,7,680,3,1800,1.01029411765
386924,386931,387069,7,138,16,172800,1.05072463768
387005,387013,389105,8,2092,1,3540,1.00382409178
387082,387088,387266,6,178,1,3540,1.03370786517
387132,387142,387388,10,246,1,3540,1.0406504065
387180,387188,387477,8,289,1,3540,1.0276816609
387253,387260,387498,7,238,1,3540,1.02941176471
387303,387311,387615,8,304,1,3540,1.02631578947
387353,387363,387836,10,473,1,3540,1.02114164905
387370,387377,388014,7,637,2,172800,1.01098901099
387403,387409,387903,6,494,1,3540,1.01214574899
387452,387459,387927,7,468,1,3540,1.01495726496
387502,387508,387999,6,491,1,3540,1.01221995927
387538,387545,387635,7,90,3,1800,1.07777777778
387578,387585,388129,7,544,1,3540,1.01286764706
387653,400885,416957,13232,16072,18,198000,1.82329517173
387780,387786,388016,6,230,1,3540,1.02608695652
388034,388041,388227,7,186,1,3540,1.0376344086
388084,388141,388243,57,102,1,3540,1.55882352941
389042,389049,389333,7,284,1,900,1.02464788732
389042,389054,389473,12,419,1,900,1.02863961814
389043,389072,389335,29,263,1,900,1.1102661597
389043,389060,389337,17,277,1,900,1.06137184116
389043,389082,389340,39,258,1,900,1.1511627907
389043,389077,389445,34,368,1,900,1.09239130435
389043,389066,389449,23,383,1,900,1.06005221932
389044,389093,389351,49,258,1,900,1.18992248062
389044,389088,389469,44,381,1,900,1.1154855643
389044,389118,389549,74,431,1,900,1.1716937355
389045,389561,389938,516,377,1,900,2.36870026525
389045,389624,389863,579,239,1,900,3.42259414226
389045,389457,389825,412,368,1,900,2.11956521739
389045,389481,389733,436,252,1,900,2.73015873016
389045,389363,389612,318,249,1,900,2.27710843373
389046,389791,390078,745,287,1,900,3.59581881533
389046,389746,390115,700,369,1,900,2.89701897019
389046,389867,390136,821,269,1,900,4.05204460967
389046,389838,390218,792,380,1,900,3.08421052632
389047,389872,390299,825,427,1,900,2.93208430913
389080,389786,393333,706,3547,4,7200,1.19904144347
389265,389352,390691,87,1339,1,18000,1.06497386109
389775,389878,389904,103,26,1,300,4.96153846154
390397,390404,390432,7,28,2,172800,1.25
390514,390521,390682,7,161,2,172800,1.04347826087
390679,390686,391207,7,521,1,18000,1.01343570058
390695,390702,390730,7,28,2,172800,1.25
390778,390785,390889,7,104,2,172800,1.06730769231
390912,390920,390951,8,31,16,172800,1.25806451613
390969,390975,391134,6,159,16,172800,1.03773584906
391232,391238,391491,6,253,1,18000,1.02371541502
391293,391299,391312,6,13,16,172800,1.46153846154
391335,391342,391438,7,96,16,172800,1.07291666667
391473,391480,391739,7,259,1,3540,1.02702702703
391519,391525,396667,6,5142,1,18000,1.00116686114
391636,391642,392068,6,426,16,172800,1.01408450704
391939,391947,394061,8,2114,1,3540,1.00378429518
392032,392039,392227,7,188,1,3540,1.03723404255
392088,392095,392099,7,4,8,172800,1.1
392091,392102,392378,11,276,1,3540,1.03985507246
392129,392136,392139,7,3,8,172800,1.0
392129,392141,392145,12,4,8,172800,1.6
392129,392146,392151,17,5,8,172800,2.2
392130,392158,392162,28,4,8,172800,3.2
392146,392152,392451,6,299,1,3540,1.02006688963
392174,392186,392190,12,4,8,172800,1.6
392174,392191,392195,17,4,8,172800,2.1
392174,392180,392184,6,4,8,172800,1.0
392175,392198,392202,23,4,8,172800,2.7
392225,392232,392236,7,4,8,172800,1.1
392226,392237,392241,11,4,8,172800,1.5
392226,392242,392250,16,8,8,172800,2.4
392226,392255,392259,29,4,8,172800,3.3
392227,392250,392483,23,233,1,3540,1.09871244635
392285,392291,392597,6,306,1,3540,1.01960784314
392328,392334,392338,6,4,8,172800,1.0
392328,392339,392343,11,4,8,172800,1.5
392328,392345,392349,17,4,8,172800,2.1
392328,392359,392363,31,4,8,172800,3.5
392341,392354,392855,13,501,1,3540,1.02594810379
392374,392398,392402,24,4,8,172800,2.8
392374,392386,392390,12,4,8,172800,1.6
392374,392380,392386,6,6,8,172800,1.2
392374,392391,392395,17,4,8,172800,2.1
392396,392405,392929,9,524,1,3540,1.01717557252
392453,392465,392470,12,5,8,172800,1.7
392453,392470,392474,17,4,8,172800,2.1
392453,392459,392464,6,5,8,172800,1.1
392454,392482,392486,28,4,8,172800,3.2
392461,392477,392967,16,490,1,3540,1.03265306122
392511,392517,392577,6,60,8,172800,1.1
392511,392522,392577,11,55,8,172800,1.2
392511,392528,392577,17,49,8,172800,1.34693877551
392519,392535,400356,16,7821,4,10800,1.0020457742
392528,392540,393070,12,530,1,3540,1.02264150943
392584,392590,399289,6,6699,4,10800,1.00089565607
392600,392607,392661,7,54,8,172800,1.12962962963
392601,392612,392661,11,49,8,172800,1.22448979592
392601,392618,392661,17,43,8,172800,1.39534883721
392615,392625,393183,10,558,1,3540,1.01792114695
392670,392677,394044,7,1367,8,172800,1.00512070227
392671,392682,394045,11,1363,8,172800,1.00807043287
392671,392687,394046,16,1359,8,172800,1.01177336277
392845,392851,393132,6,281,1,3540,1.02135231317
393136,393143,393336,7,193,1,3540,1.03626943005
393192,393199,393331,7,132,1,3540,1.05303030303
394198,394204,394546,6,342,8,172800,1.01754385965
394198,394210,394546,12,336,8,172800,1.03571428571
394352,394358,396623,6,2265,1,7200,1.00264900662
394382,394389,395286,7,897,1,7200,1.00780379041
394433,394440,394675,7,235,3,1800,1.02978723404
394559,394571,394575,12,4,4,172800,1.6
394559,394565,394575,6,10,4,172800,1.6
394560,394583,394588,23,5,4,172800,2.8
394560,394578,394582,18,4,4,172800,2.2
394561,394601,394604,40,3,4,172800,4.3
394561,394596,394600,35,4,4,172800,3.9
394561,394589,394593,28,4,4,172800,3.2
394562,394607,394608,45,1,4,172800,4.6
394621,394633,395509,12,876,4,172800,1.01369863014
394621,394628,395112,7,484,4,172800,1.01446280992
394622,394639,396306,17,1667,4,172800,1.01019796041
394622,394651,398589,29,3938,4,172800,1.00736414424
394622,394646,396666,24,2020,4,172800,1.01188118812
394623,394964,398423,341,3459,4,172800,1.09858340561
394623,395124,400050,501,4926,4,172800,1.10170523752
394623,394959,403049,336,8090,4,172800,1.04153275649
394624,395521,400052,897,4531,4,172800,1.19796954315
394777,394784,395360,7,576,4,7200,1.01215277778
394780,394791,395369,11,578,4,7200,1.01903114187
394876,394883,395206,7,323,2,300,1.02167182663
395078,395085,400964,7,5879,16,36060,1.00119067869
395161,395167,407452,6,12285,16,36000,1.00048840049
395577,395583,396866,6,1283,1,172800,1.00467653936
395578,396330,396332,752,2,2,172800,75.4
395579,396317,396319,738,2,4,172800,74.0
395579,396678,396679,1099,1,8,172800,110.0
395933,395939,397590,6,1651,64,36000,1.00363416111
396486,396493,396512,7,19,1,3600,1.36842105263
396561,396567,396582,6,15,2,3600,1.4
396591,396598,403826,7,7228,1,7200,1.000968456
396595,396605,396620,10,15,2,3600,1.66666666667
396602,396611,397812,9,1201,1,7200,1.0074937552
396868,396875,396887,7,12,2,3600,1.58333333333
396874,396887,396888,13,1,1,172800,1.4
396875,396882,396885,7,3,2,172800,1.0
396876,396893,396897,17,4,4,172800,2.1
396877,396910,396914,33,4,8,172800,3.7
396911,396917,396928,6,11,2,3600,1.54545454545
397095,397107,397403,12,296,1,172800,1.04054054054
397096,397113,397404,17,291,4,172800,1.05841924399
397096,397102,397403,6,301,2,172800,1.01993355482
397147,397153,398276,6,1123,2,3600,1.0053428317
397159,397166,402334,7,5168,1,18000,1.00135448916
397621,397633,398231,12,598,1,172800,1.02006688963
397622,397640,398231,18,591,4,172800,1.03045685279
397622,397627,398231,5,604,2,172800,1.0082781457
397783,397791,399485,8,1694,1,7200,1.00472255018
397800,397806,414231,6,16425,1,28800,1.0003652968
398047,398053,398083,6,30,1,3600,1.2
398088,398094,398988,6,894,1,3600,1.0067114094
398254,398260,398364,6,104,1,172800,1.05769230769
398255,398366,398367,111,1,2,172800,11.2
398256,398267,398349,11,82,8,172800,1.13414634146
398306,398312,398576,6,264,2,3600,1.02272727273
398380,398386,398787,6,401,1,172800,1.01496259352
398381,398410,398787,29,377,2,172800,1.07692307692
398634,398641,398817,7,176,2,3600,1.03977272727
398820,398826,414232,6,15406,2,72000,1.00038945865
398835,398842,399133,7,291,2,3600,1.02405498282
398848,398855,399023,7,168,8,172800,1.04166666667
399168,399175,399290,7,115,8,172800,1.06086956522
399283,399292,399579,9,287,1,3600,1.03135888502
399462,399475,403106,13,3631,1,3600,1.00358028091
399530,399541,402700,11,3159,1,3540,1.00348211459
399542,399550,414232,8,14682,2,36000,1.00054488489
399582,399594,399722,12,128,1,900,1.09375
399832,399838,400736,6,898,1,7200,1.00668151448
399935,399941,405697,6,5756,8,28800,1.00104239055
399952,399958,414233,6,14275,2,28800,1.00042031524
399973,399980,400175,7,195,2,3600,1.0358974359
400043,400049,400329,6,280,2,3600,1.02142857143
400070,400076,403630,6,3554,1,3540,1.0016882386
400157,400164,401165,7,1001,1,3540,1.00699300699
400213,400221,413926,8,13705,3,118800,1.00058372857
400215,400228,402820,13,2592,1,3540,1.0050154321
400270,400276,402901,6,2625,1,3540,1.00228571429
400358,400364,402849,6,2485,1,3540,1.00241448692
400416,400423,402910,7,2487,1,3540,1.00281463611
400472,400479,403237,7,2758,1,3540,1.00253807107
400641,400647,413913,6,13266,8,14400,1.00045228403
400663,400670,401572,7,902,1,3540,1.00776053215
400718,400725,401093,7,368,1,3540,1.01902173913
401795,401801,401802,6,1,2,3600,1.0
403964,403970,404054,6,84,2,9600,1.07142857143
411505,411517,412100,12,583,1,3600,1.02058319039
469310,477767,494239,8457,16472,8,28800,1.51341670714
469310,469496,469764,186,268,1,3540,1.69402985075
469310,469513,469788,203,275,1,3540,1.73818181818
469310,469507,469701,197,194,1,3540,2.01546391753
469310,469518,469810,208,292,1,3540,1.71232876712
469310,469529,469823,219,294,1,3540,1.74489795918
469310,469822,470378,512,556,1,3540,1.92086330935
469310,469835,470106,525,271,1,3540,2.93726937269
469310,469502,471608,192,2106,1,3540,1.09116809117
469310,469776,470271,466,495,1,3540,1.94141414141
469310,469769,470290,459,521,1,3540,1.88099808061
469310,469524,469758,214,234,1,3540,1.91452991453
469310,469799,470322,489,523,1,3540,1.93499043977
469310,469712,470202,402,490,1,3540,1.82040816327
469395,469401,469407,6,6,4,3600,1.2
469481,470117,470301,636,184,1,3540,4.45652173913
469530,470213,470340,683,127,1,3540,6.37795275591
469933,470313,530972,380,60659,2,108000,1.00626452793
470016,470283,471941,267,1658,1,7200,1.16103739445
470026,477839,693889,7813,216050,3,216000,1.03616292525
470196,470351,483629,155,13278,2,108000,1.0116734448
470326,478068,564496,7742,86428,4,86400,1.08957745175
470350,470358,470365,8,7,8,172800,1.5
470449,477845,693852,7396,216007,3,216000,1.03423963112
470450,470456,470652,6,196,8,172800,1.0306122449
470458,478073,478081,7615,8,4,86400,762.3
470479,473246,473441,2767,195,64,5400,15.1897435897
470489,471724,478642,1235,6918,2,72000,1.17851980341
470607,477925,485630,7318,7705,2,28800,1.94977287476
470677,470683,470806,6,123,8,172800,1.0487804878
470824,470831,471673,7,842,8,172800,1.00831353919
471377,477904,478278,6527,374,4,1800,18.4518716578
471377,477931,478265,6554,334,2,1800,20.622754491
471377,477850,478297,6473,447,8,1800,15.48098434
471377,471383,471713,6,330,1,1800,1.01818181818
471378,477220,477755,5842,535,32,1800,11.9196261682
471378,473251,473790,1873,539,64,1800,4.47495361781
471378,477818,478283,6440,465,16,1800,14.8494623656
471379,472688,473228,1309,540,256,1800,3.42407407407
471379,473240,473875,1861,635,128,1800,3.93070866142
471735,471743,471772,8,29,8,172800,1.27586206897
471779,471785,471859,6,74,8,172800,1.08108108108
471880,471886,471902,6,16,8,172800,1.375
471976,471983,472013,7,30,8,172800,1.23333333333
472027,472033,472073,6,40,8,172800,1.15
472085,472091,472125,6,34,8,172800,1.17647058824
472136,472143,472222,7,79,8,172800,1.08860759494
472237,472243,472522,6,279,8,172800,1.02150537634
472305,477772,669420,5467,191648,18,198000,1.02852625647
472340,477813,667675,5473,189862,18,198000,1.02882620008
472515,473452,474328,937,876,64,36000,2.0696347032
472738,472744,492417,6,19673,1,72000,1.00030498653
472941,477936,575280,4995,97344,2,108000,1.05131286982
472954,472960,473851,6,891,8,172800,1.00673400673
472976,477861,495020,4885,17159,1,72000,1.28469025001
473162,477866,508924,4704,31058,1,72000,1.1514585614
473290,477882,505435,4592,27553,1,72000,1.16666061772
473369,477888,505653,4519,27765,1,72000,1.16275886908
473495,477893,504117,4398,26224,1,72000,1.16770896888
473629,477899,501531,4270,23632,1,72000,1.18068720379
473649,477947,478278,4298,331,2,1800,13.9848942598
473649,477973,478307,4324,334,1,1800,13.9461077844
473649,477909,478310,4260,401,4,1800,11.6234413965
473650,477226,477820,3576,594,32,1800,7.0202020202
473650,477823,478258,4173,435,16,1800,10.5931034483
473650,477855,478304,4205,449,8,1800,10.3652561247
473650,473801,474329,151,528,64,1800,1.28598484848
473651,474563,475162,912,599,256,1800,2.5225375626
473651,473887,474552,236,665,128,1800,1.35488721805
473915,473927,474825,12,898,1,172800,1.01336302895
473915,473921,474821,6,900,2,172800,1.00666666667
473916,473939,474842,23,903,4,172800,1.02547065338
473917,474853,474863,936,10,8,172800,94.6
473919,473933,474861,14,928,30,172800,1.0150862069
474273,477941,585961,3668,108020,2,108000,1.03395667469
474662,477784,478701,3122,917,1,900,4.40458015267
474662,477778,478293,3116,515,1,900,7.05048543689
474662,477795,478744,3133,949,1,900,4.30136986301
474662,477800,478290,3138,490,1,900,7.40408163265
474662,477789,478289,3127,500,1,900,7.254
474663,477995,478910,3332,915,1,900,4.64153005464
474663,477984,478912,3321,928,1,900,4.5786637931
474663,477979,478505,3316,526,1,900,7.30418250951
474663,477806,478755,3143,949,1,900,4.31190727081
474663,477990,478504,3327,514,1,900,7.47276264591
474664,478017,478952,3353,935,1,900,4.58609625668
474664,478006,478918,3342,912,1,900,4.66447368421
474664,478001,478501,3337,500,1,900,7.674
474664,478022,478554,3358,532,1,900,7.31203007519
474664,478012,478520,3348,508,1,900,7.5905511811
474665,478033,478562,3368,529,1,900,7.36672967864
474665,478040,478989,3375,949,1,900,4.55637513172
474665,478028,478959,3363,931,1,900,4.61224489796
474665,478045,478559,3380,514,1,900,7.57587548638
474666,478051,478990,3385,939,1,900,4.60489882854
474726,477952,585962,3226,108010,2,108000,1.02986760485
474915,474921,475008,6,87,1,172800,1.06896551724
474916,474996,475054,80,58,2,172800,2.37931034483
474917,474990,475035,73,45,4,172800,2.62222222222
474918,474934,474979,16,45,8,172800,1.35555555556
474918,475026,475083,108,57,16,172800,2.89473684211
474919,474928,475014,9,86,30,172800,1.10465116279
475147,477963,478312,2816,349,2,1800,9.06876790831
475147,477829,478278,2682,449,16,1800,6.97327394209
475147,477872,478323,2725,451,8,1800,7.0421286031
475147,477915,478313,2768,398,4,1800,7.95477386935
475147,478057,478386,2910,329,1,1800,9.84498480243
475148,477231,477772,2083,541,32,1800,4.85027726433
475148,477146,477796,1998,650,64,1800,4.07384615385
475148,476539,477207,1391,668,128,1800,3.08233532934
475149,475174,475850,25,676,256,1800,1.03698224852
475150,477968,478354,2818,386,2,1800,8.30051813472
475150,477920,478311,2770,391,4,1800,8.08439897698
475150,478062,478391,2912,329,1,1800,9.85106382979
475151,477237,477783,2086,546,32,1800,4.82051282051
475151,477834,478262,2683,428,16,1800,7.26869158879
475151,477877,478275,2726,398,8,1800,7.84924623116
475151,477152,477767,2001,615,64,1800,4.25365853659
475152,475880,476528,728,648,256,1800,2.12345679012
475152,476545,477135,1393,590,128,1800,3.36101694915
475214,475220,475289,6,69,4,172800,1.08695652174
475214,475226,475289,12,63,4,172800,1.19047619048
475215,475243,475289,28,46,4,172800,1.60869565217
475215,475231,475289,16,58,4,172800,1.27586206897
475215,475237,475289,22,52,4,172800,1.42307692308
475216,475259,475289,43,30,4,172800,2.43333333333
475216,475254,475289,38,35,4,172800,2.08571428571
475216,475248,475289,32,41,4,172800,1.78048780488
475217,475264,475289,47,25,4,172800,2.88
475317,475324,475458,7,134,4,172800,1.05223880597
475318,475329,475501,11,172,4,172800,1.06395348837
475318,475334,475582,16,248,4,172800,1.06451612903
475318,475341,475599,23,258,4,172800,1.08914728682
475319,475357,475729,38,372,4,172800,1.10215053763
475319,475351,475729,32,378,4,172800,1.08465608466
475319,475346,475729,27,383,4,172800,1.07049608355
475320,475367,475729,47,362,4,172800,1.12983425414
475320,475362,475729,42,367,4,172800,1.11444141689
475324,477957,586004,2633,108047,2,108000,1.02436902459
475742,475748,475811,6,63,4,172800,1.09523809524
475742,475754,475811,12,57,4,172800,1.21052631579
475743,475766,475811,23,45,4,172800,1.51111111111
475743,475776,475811,33,35,4,172800,1.94285714286
475743,475771,475811,28,40,4,172800,1.7
475743,475759,475811,16,52,4,172800,1.30769230769
475744,475781,475811,37,30,4,172800,2.23333333333
475744,475787,475811,43,24,4,172800,2.79166666667
475744,475792,475811,48,19,4,172800,3.52631578947
475823,475830,476035,7,205,4,172800,1.03414634146
475823,475835,476035,12,200,4,172800,1.06
475824,475840,476035,16,195,4,172800,1.08205128205
475824,475846,476035,22,189,4,172800,1.1164021164
475824,475852,476035,28,183,4,172800,1.15300546448
475824,475857,476035,33,178,4,172800,1.18539325843
475825,475873,476035,48,162,4,172800,1.2962962963
475825,475862,476035,37,173,4,172800,1.21387283237
475825,475868,476035,43,167,4,172800,1.25748502994
476046,476052,476185,6,133,4,172800,1.04511278195
476046,476057,476225,11,168,4,172800,1.06547619048
476046,476063,476308,17,245,4,172800,1.0693877551
476046,476069,476329,23,260,4,172800,1.08846153846
476047,476085,476463,38,378,4,172800,1.10052910053
476047,476075,476504,28,429,4,172800,1.06526806527
476047,476080,476565,33,485,4,172800,1.06804123711
476048,476096,476565,48,469,4,172800,1.10234541578
476048,476091,476565,43,474,4,172800,1.09071729958
476605,476612,476821,7,209,1,172800,1.03349282297
476606,476694,476804,88,110,2,172800,1.8
476607,476688,476754,81,66,4,172800,2.22727272727
476608,476720,476782,112,62,16,172800,2.8064516129
476608,476624,476677,16,53,8,172800,1.30188679245
476609,476619,476709,10,90,30,172800,1.11111111111
476890,476902,478513,12,1611,1,172800,1.00744878957
476891,476896,477770,5,874,2,172800,1.0057208238
476892,476914,477323,22,409,4,172800,1.05378973105
476892,477048,477245,156,197,8,172800,1.79187817259
476893,477043,477170,150,127,16,172800,2.1811023622
476894,476909,477031,15,122,30,172800,1.12295081967
476933,476940,478987,7,2047,1,172800,1.0034196385
476934,476945,477734,11,789,1,172800,1.01394169835
476935,476952,477302,17,350,1,172800,1.04857142857
476947,477054,478987,107,1933,1,172800,1.05535437144
476948,477059,478987,111,1928,1,172800,1.05757261411
476949,477065,478987,116,1922,1,172800,1.06035379813
478476,478482,478485,6,3,1,172800,1.0
478477,478510,478513,33,3,1,172800,3.6
478478,478516,478520,38,4,1,172800,4.2
478479,478521,478526,42,5,1,172800,4.7
478480,478504,478512,24,8,2,172800,3.2
478481,478494,478500,13,6,8,172800,1.9
478481,478499,478506,18,7,4,172800,2.5
478482,478488,478496,6,8,16,172800,1.4
478483,478529,478538,46,9,30,172800,5.5
478688,478694,479411,6,717,1,1800,1.00836820084
478710,478716,478720,6,4,1,172800,1.0
478711,478722,478723,11,1,1,172800,1.2
478712,478761,478765,49,4,1,172800,5.3
478712,478755,478757,43,2,1,172800,4.5
478713,478749,478754,36,5,2,172800,4.1
478714,478744,478749,30,5,4,172800,3.5
478715,478739,478745,24,6,8,172800,3.0
478716,478733,478742,17,9,16,172800,2.6
478717,478728,478740,11,12,30,172800,1.91666666667
478780,478786,479383,6,597,8,7200,1.01005025126
478854,478861,478987,7,126,1,172800,1.05555555556
478855,478866,478987,11,121,1,172800,1.09090909091
478856,478899,478987,43,88,1,172800,1.48863636364
478856,478905,478987,49,82,1,172800,1.59756097561
478857,478894,478988,37,94,2,172800,1.39361702128
478858,478888,478987,30,99,4,172800,1.30303030303
478859,478883,478987,24,104,8,172800,1.23076923077
478860,478878,478988,18,110,16,172800,1.16363636364
478861,478872,478988,11,116,30,172800,1.09482758621
478979,478985,498816,6,19831,8,28800,1.0003025566
479024,479030,481381,6,2351,1,172800,1.00255210549
479025,479058,479948,33,890,1,172800,1.03707865169
479026,479063,479408,37,345,1,172800,1.10724637681
479027,479052,479160,25,108,2,172800,1.23148148148
479027,479069,479277,42,208,1,172800,1.20192307692
479028,479047,479110,19,63,4,172800,1.30158730159
479029,479042,479087,13,45,8,172800,1.28888888889
479030,479036,479089,6,53,16,172800,1.11320754717
479031,479075,479153,44,78,30,172800,1.5641025641
479033,479108,485215,75,6107,1,172800,1.01228098903
479033,479113,485215,80,6102,1,172800,1.01311045559
479034,479119,481845,85,2726,1,172800,1.0311812179
479035,479124,480534,89,1410,1,172800,1.06312056738
479036,479102,479914,66,812,2,172800,1.08128078818
479037,479096,479512,59,416,4,172800,1.14182692308
479038,479091,479295,53,204,8,172800,1.25980392157
479039,479086,479218,47,132,16,172800,1.35606060606
479039,479081,479205,42,124,30,172800,1.33870967742
479104,479130,494517,26,15387,8,28800,1.00168973809
479145,479151,498446,6,19295,8,28800,1.00031096139
479182,479188,500099,6,20911,8,28800,1.00028693032
479223,479229,481812,6,2583,2,14400,1.00232288037
479365,479372,479527,7,155,1,1800,1.04516129032
480596,480602,480605,6,3,1,1800,1.0
481300,481306,481323,6,17,1,1800,1.35294117647
481354,481361,481368,7,7,1,1800,1.4
481646,481653,483032,7,1379,32,3600,1.00507614213
481744,481750,481807,6,57,1,172800,1.10526315789
481745,481778,481807,33,29,1,172800,2.13793103448
481746,481783,481807,37,24,1,172800,2.54166666667
481747,481789,481807,42,18,1,172800,3.33333333333
481748,481772,481807,24,35,2,172800,1.68571428571
481748,481767,481807,19,40,4,172800,1.475
481749,481762,481807,13,45,8,172800,1.28888888889
481750,481756,481807,6,51,16,172800,1.11764705882
481751,481795,481809,44,14,30,172800,4.14285714286
481892,481899,481900,7,1,1,172800,1.0
481893,481904,481905,11,1,1,172800,1.2
481894,481938,481940,44,2,1,172800,4.6
481895,481944,481945,49,1,1,172800,5.0
481896,481932,481934,36,2,2,172800,3.8
481897,481927,481932,30,5,4,172800,3.5
481898,481922,481925,24,3,8,172800,2.7
481898,481916,481918,18,2,16,172800,2.0
481900,481911,481913,11,2,30,172800,1.3
481961,481967,482892,6,925,1,172800,1.00648648649
481961,481973,482892,12,919,1,172800,1.01305767138
481962,482006,482892,44,886,1,172800,1.04966139955
481963,482012,482892,49,880,1,172800,1.05568181818
481964,482001,482892,37,891,2,172800,1.04152637486
481965,481995,482892,30,897,4,172800,1.03344481605
481966,481990,482892,24,902,8,172800,1.0266075388
481967,481985,482892,18,907,16,172800,1.01984564498
481967,481979,482892,12,913,30,172800,1.01314348302
482836,482842,484167,6,1325,64,36000,1.00452830189
482969,482976,508810,7,25834,1,172800,1.00027096075
482970,482981,508810,11,25829,1,172800,1.00042587789
482971,483015,508810,44,25795,1,172800,1.00170575693
482972,483020,508810,48,25790,1,172800,1.00186118651
482973,483010,508810,37,25800,2,172800,1.00143410853
482974,483004,508810,30,25806,4,172800,1.00116252034
482974,482999,508810,25,25811,8,172800,1.00096857929
482975,482994,508812,19,25818,16,172800,1.00073592068
482976,482988,508812,12,25824,30,172800,1.00046468401
483027,483034,483956,7,922,1,1800,1.00759219089
483042,483048,483541,6,493,16,14400,1.0121703854
483227,483233,485280,6,2047,4,10800,1.00293111871
483275,483281,484966,6,1685,4,10800,1.00356083086
483325,483331,491522,6,8191,4,10800,1.00073251129
483597,483603,486351,6,2748,20,3600,1.00218340611
483726,483733,494539,7,10806,3,10800,1.00064778827
483834,484178,556206,344,72028,3,72000,1.00477592048
483858,484184,556204,326,72020,3,72000,1.00452652041
484071,484189,491572,118,7383,4,10800,1.01598266287
484121,484194,495046,73,10852,4,10800,1.00672687062
484171,484200,495043,29,10843,4,10800,1.00267453657
484259,484265,486879,6,2614,4,10800,1.00229533282
484449,484476,485105,27,629,1,900,1.04292527822
484449,484464,485094,15,630,1,900,1.02380952381
484449,484459,484859,10,400,1,900,1.025
484449,484470,484855,21,385,1,900,1.05454545455
484450,484486,485138,36,652,1,900,1.05521472393
484450,484498,485084,48,586,1,900,1.0819112628
484450,484492,484861,42,369,1,900,1.11382113821
484450,484481,484853,31,372,1,900,1.08333333333
484451,484520,485123,69,603,1,900,1.1144278607
484451,484509,485132,58,623,1,900,1.09309791332
484451,484503,484881,52,378,1,900,1.13756613757
484451,484514,484882,63,368,1,900,1.17119565217
484452,484536,484908,84,372,1,900,1.22580645161
484452,484525,484879,73,354,1,900,1.20621468927
484452,484546,484892,94,346,1,900,1.27167630058
484452,484541,485170,89,629,1,900,1.14149443561
484452,484530,485115,78,585,1,900,1.13333333333
484453,484560,484908,107,348,1,900,1.30747126437
484453,484565,485159,112,594,1,900,1.18855218855
484453,484552,485115,99,563,1,900,1.17584369449
484609,484617,486230,8,1613,4,14400,1.00495970242
484611,484623,492670,12,8047,4,14400,1.00149123897
484956,484962,498275,6,13313,4,18000,1.0004506873
484958,484969,489040,11,4071,4,21600,1.00270203881
485139,485146,487210,7,2064,4,21600,1.00339147287
485141,485152,489273,11,4121,4,28800,1.00266925504
486372,486378,492755,6,6377,32,14400,1.00094088129
486574,486580,486588,6,8,1,1800,1.4
486993,487000,487001,7,1,4,14400,1.0
487481,487489,494165,8,6676,4,14400,1.00119832235
487699,487705,487706,6,1,4,21600,1.0
487777,487783,489511,6,1728,4,21600,1.00347222222
488083,488089,489743,6,1654,1,7200,1.00362756953
488095,488101,504462,6,16361,4,18000,1.00036672575
488141,488147,495379,6,7232,1,7200,1.00082964602
488415,488421,488429,6,8,1,1800,1.4
488572,488578,490237,6,1659,4,7200,1.00361663653
489201,489208,489211,7,3,4,1800,1.0
489234,489241,491258,7,2017,4,7200,1.00347050074
489237,489247,496455,10,7208,4,7200,1.00138734739
489317,489323,489430,6,107,1,900,1.05607476636
489318,489340,489430,22,90,1,900,1.24444444444
489318,489334,489430,16,96,1,900,1.16666666667
489318,489329,489430,11,101,1,900,1.10891089109
489318,489346,489430,28,84,1,900,1.33333333333
489319,489357,489431,38,74,1,900,1.51351351351
489319,489362,489431,43,69,1,900,1.6231884058
489319,489351,489430,32,79,1,900,1.40506329114
489319,489368,489431,49,63,1,900,1.77777777778
489320,489373,489431,53,58,1,900,1.91379310345
489320,489379,489431,59,52,1,900,2.13461538462
489320,489385,489431,65,46,1,900,2.41304347826
489320,489390,489431,70,41,1,900,2.70731707317
489650,489657,492726,7,3069,4,21600,1.00228087325
489756,489762,491603,6,1841,4,1800,1.00325909832
489772,489788,490036,16,248,1,900,1.06451612903
489772,489778,490046,6,268,1,900,1.0223880597
489772,489783,490145,11,362,1,900,1.03038674033
489772,489800,490198,28,398,1,900,1.07035175879
489773,489805,490058,32,253,1,900,1.12648221344
489773,489811,490199,38,388,1,900,1.09793814433
489773,490059,490458,286,399,1,900,1.71679197995
489773,490047,490285,274,238,1,900,2.1512605042
489774,490210,490450,436,240,1,900,2.81666666667
489774,490157,490511,383,354,1,900,2.08192090395
489774,490069,490309,295,240,1,900,2.22916666667
489775,490254,490508,479,254,1,900,2.88582677165
489775,490296,490540,521,244,1,900,3.13524590164
489775,490217,490569,442,352,1,900,2.25568181818
489775,490259,490704,484,445,1,900,2.08764044944
489776,490322,490678,546,356,1,900,2.53370786517
489776,490461,490707,685,246,1,900,3.78455284553
489776,490520,490760,744,240,1,900,4.1
489776,490469,490871,693,402,1,900,2.72388059701
489777,490526,490893,749,367,1,900,3.0408719346
489785,489795,511450,10,21655,4,21600,1.00046178712
489823,490248,491261,425,1013,2,28800,1.41954590326
489838,491584,494533,1746,2949,4,21600,1.59206510682
490040,492765,493081,2725,316,8,7200,9.62341772152
490680,491277,493192,597,1915,4,14400,1.31174934726
490683,490689,569950,6,79261,2,108000,1.00007569927
490692,490716,493735,24,3019,1,25200,1.0079496522
490692,490698,501863,6,11165,1,25200,1.00053739364
490693,491269,512910,576,21641,4,25200,1.02661614528
490693,490771,512412,78,21641,2,25200,1.00360426967
490715,491534,493678,819,2144,4,7200,1.38199626866
491475,491615,493016,140,1401,1,25200,1.09992862241
491475,491620,495008,145,3388,1,25200,1.04279811098
491582,492429,498706,847,6277,1,25200,1.13493707185
491582,491626,495088,44,3462,1,25200,1.01270941652
491582,491632,493761,50,2129,1,25200,1.02348520432
491583,492776,498263,1193,5487,1,25200,1.21742299982
491583,492782,511983,1199,19201,1,25200,1.06244466434
491583,492771,502241,1188,9470,1,25200,1.12544878564
491584,492787,494044,1203,1257,1,25200,1.95704057279
491584,492793,493743,1209,950,1,25200,2.27263157895
491584,492798,496302,1214,3504,1,25200,1.34646118721
491585,492820,501669,1235,8849,1,25200,1.13956379252
491585,492815,500614,1230,7799,1,25200,1.15771252725
491585,492809,495011,1224,2202,1,25200,1.55585831063
491585,492803,495640,1218,2837,1,25200,1.42932675361
491586,492825,499393,1239,6568,1,25200,1.18864190012
491586,492831,511952,1245,19121,1,25200,1.06511165734
491586,492836,494156,1250,1320,1,25200,1.94696969697
491587,492853,495885,1266,3032,1,25200,1.41754617414
491587,492847,493594,1260,747,1,25200,2.68674698795
491587,492842,493852,1255,1010,1,25200,2.24257425743
491588,492869,499678,1281,6809,1,25200,1.18813335292
491588,492874,498264,1286,5390,1,25200,1.23858998145
491588,492858,495129,1270,2271,1,25200,1.55922501101
491588,492863,494246,1275,1383,1,25200,1.92190889371
491589,492885,494247,1296,1362,1,25200,1.95154185022
491589,492880,496725,1291,3845,1,25200,1.33576072822
491589,492890,494050,1301,1160,1,25200,2.12155172414
491590,492901,495913,1311,3012,1,25200,1.43525896414
491590,492907,495313,1317,2406,1,25200,1.54738154613
491590,492896,493774,1306,878,1,25200,2.4874715262
491591,492918,500911,1327,7993,1,25200,1.16602026773
491591,492912,494578,1321,1666,1,25200,1.79291716687
491591,492923,499096,1332,6173,1,25200,1.21577838976
491592,492928,497491,1336,4563,1,25200,1.29278983125
491592,492941,493123,1349,182,1,25200,8.41208791209
491592,492934,493119,1342,185,1,25200,8.25405405405
491593,493103,493162,1510,59,1,25200,26.593220339
491593,493108,493142,1515,34,1,25200,45.5588235294
491593,493027,493287,1434,260,1,25200,6.51538461538
491594,493113,493778,1519,665,1,25200,3.28421052632
491594,493124,493314,1530,190,1,25200,9.05263157895
491594,493119,493547,1525,428,1,25200,4.56308411215
491595,493130,496251,1535,3121,1,25200,1.49182954181
491595,493135,494293,1540,1158,1,25200,2.3298791019
491595,493141,493753,1546,612,1,25200,3.52614379085
491596,493148,497976,1552,4828,1,25200,1.32145816073
491596,493153,493469,1557,316,1,25200,5.92721518987
491596,493160,493203,1564,43,1,25200,37.3720930233
491597,493203,495363,1606,2160,1,25200,1.74351851852
491597,493209,493819,1612,610,1,25200,3.64262295082
491597,493173,495675,1576,2502,1,25200,1.62989608313
491598,493227,496330,1629,3103,1,25200,1.52497582984
491598,493220,508221,1622,15001,1,25200,1.10812612493
491598,493214,502175,1616,8961,1,25200,1.18033701596
491599,493298,514910,1699,21612,1,25200,1.07861373311
493729,493736,499684,7,5948,4,7200,1.00117686617
493796,493802,501023,6,7221,4,7200,1.00083090985
494025,494032,509704,7,15672,1,36000,1.00044665646
494465,494472,494980,7,508,1,900,1.01377952756
494466,494477,495399,11,922,1,900,1.01193058568
494466,494490,495439,24,949,1,900,1.02528977871
494466,494483,494982,17,499,1,900,1.03406813627
494467,494506,495005,39,499,1,900,1.07815631263
494467,494512,495433,45,921,1,900,1.04885993485
494467,494501,495432,34,931,1,900,1.03651987111
494467,494495,494992,28,497,1,900,1.05633802817
494468,494517,495029,49,512,1,900,1.095703125
494468,494522,495438,54,916,1,900,1.05895196507
494468,494528,495031,60,503,1,900,1.11928429423
494468,494533,495471,65,938,1,900,1.06929637527
494469,494544,495487,75,943,1,900,1.07953340403
494469,494550,495069,81,519,1,900,1.15606936416
494469,494539,495047,70,508,1,900,1.13779527559
494470,494566,495488,96,922,1,900,1.10412147505
494470,494560,495054,90,494,1,900,1.18218623482
494470,494571,495023,101,452,1,900,1.22345132743
494470,494555,495496,85,941,1,900,1.09032943677
494471,494576,495485,105,909,1,900,1.11551155116
501482,501488,501828,6,340,1,900,1.01764705882
501482,501494,502062,12,568,1,900,1.02112676056
501482,501505,502072,23,567,1,900,1.0405643739
501482,501499,501846,17,347,1,900,1.04899135447
501483,501510,501839,27,329,1,900,1.0820668693
501483,501516,502075,33,559,1,900,1.05903398927
501484,501526,502110,42,584,1,900,1.07191780822
501484,501537,502149,53,612,1,900,1.08660130719
501484,501532,501927,48,395,1,900,1.12151898734
501484,501521,501860,37,339,1,900,1.10914454277
501485,501543,501920,58,377,1,900,1.15384615385
501485,501553,501920,68,367,1,900,1.18528610354
501485,501559,502191,74,632,1,900,1.11708860759
501485,501548,502156,63,608,1,900,1.10361842105
501486,501575,501944,89,369,1,900,1.24119241192
501486,501580,502167,94,587,1,900,1.1601362862
501486,501569,502179,83,610,1,900,1.13606557377
501486,501564,501920,78,356,1,900,1.2191011236
501487,501586,501950,99,364,1,900,1.27197802198
501487,501591,502198,104,607,1,900,1.17133443163
505278,505284,505286,6,2,2,3540,1.0
505829,505836,577847,7,72011,1,75600,1.00009720737
507229,507235,507481,6,246,1,900,1.0243902439
507229,507241,507606,12,365,1,900,1.03287671233
507230,507246,507485,16,239,1,900,1.06694560669
507230,507258,507498,28,240,1,900,1.11666666667
507230,507263,507673,33,410,1,900,1.08048780488
507230,507252,507626,22,374,1,900,1.05882352941
507231,507269,507512,38,243,1,900,1.15637860082
507231,507279,507524,48,245,1,900,1.19591836735
507231,507290,507641,59,351,1,900,1.16809116809
507231,507274,507624,43,350,1,900,1.12285714286
507232,507306,507554,74,248,1,900,1.29838709677
507232,507295,507540,63,245,1,900,1.25714285714
507232,507300,507674,68,374,1,900,1.18181818182
507233,507322,507754,89,432,1,900,1.20601851852
507233,507316,507568,83,252,1,900,1.32936507937
507233,507327,507581,94,254,1,900,1.37007874016
507233,507311,507703,78,392,1,900,1.19897959184
507234,507332,507715,98,383,1,900,1.25587467363
507234,507343,507691,109,348,1,900,1.3132183908
507234,507338,507589,104,251,1,900,1.41434262948
508368,508374,508619,6,245,1,900,1.02448979592
508368,508380,508759,12,379,1,900,1.03166226913
508369,508404,508771,35,367,1,900,1.09536784741
508369,508385,508629,16,244,1,900,1.06557377049
508369,508391,508743,22,352,1,900,1.0625
508369,508399,508645,30,246,1,900,1.12195121951
508370,508415,508782,45,367,1,900,1.12261580381
508370,508420,508671,50,251,1,900,1.19920318725
508370,508410,508646,40,236,1,900,1.16949152542
508371,508442,508695,71,253,1,900,1.28063241107
508371,508426,508796,55,370,1,900,1.14864864865
508371,508431,508685,60,254,1,900,1.23622047244
508371,508436,508786,65,350,1,900,1.18571428571
508372,508452,508695,80,243,1,900,1.329218107
508372,508447,508789,75,342,1,900,1.21929824561
508372,508463,508714,91,251,1,900,1.3625498008
508372,508458,508845,86,387,1,900,1.22222222222
508373,508479,508858,106,379,1,900,1.27968337731
508373,508468,508821,95,353,1,900,1.26912181303
508373,508474,508715,101,241,1,900,1.41908713693
509050,509056,509192,6,136,30,172800,1.04411764706
509050,509062,509192,12,130,30,172800,1.09230769231
509051,509068,509192,17,124,30,172800,1.13709677419
509284,509296,509325,12,29,30,172800,1.41379310345
509284,509290,509325,6,35,30,172800,1.17142857143
509376,509382,512492,6,3110,40,194400,1.00192926045
509377,509388,512492,11,3104,40,194400,1.00354381443
510863,510885,511476,22,591,1,900,1.0372250423
510863,510874,511485,11,611,1,900,1.01800327332
510863,510879,511258,16,379,1,900,1.04221635884
510863,510869,511257,6,388,1,900,1.01546391753
510864,510907,511516,43,609,1,900,1.07060755337
510864,510891,511260,27,369,1,900,1.07317073171
510864,510902,511272,38,370,1,900,1.1027027027
510864,510896,511467,32,571,1,900,1.05604203152
510865,510918,511513,53,595,1,900,1.08907563025
510865,510912,511273,47,361,1,900,1.13019390582
510865,510924,511285,59,361,1,900,1.16343490305
510866,510946,511299,80,353,1,900,1.22662889518
510866,510941,511503,75,562,1,900,1.1334519573
510866,510930,511506,64,576,1,900,1.11111111111
510866,510935,511290,69,355,1,900,1.19436619718
510867,510957,511308,90,351,1,900,1.25641025641
510867,510951,511547,84,596,1,900,1.14093959732
510867,510962,511581,95,619,1,900,1.1534733441
510868,510973,511596,105,623,1,900,1.16853932584
510868,510968,511318,100,350,1,900,1.28571428571
512540,512546,512559,6,13,40,194400,1.46153846154
512541,512551,512565,10,14,40,194400,1.71428571429
512589,512595,512731,6,136,40,194400,1.04411764706
512590,512601,512731,11,130,40,194400,1.08461538462
512764,512770,512800,6,30,64,194400,1.2
512765,512777,512800,12,23,64,194400,1.52173913043
512880,512891,512903,11,12,16,194400,1.91666666667
512880,512886,512903,6,17,16,194400,1.35294117647
512913,512920,513006,7,86,32,194400,1.08139534884
512914,512925,513006,11,81,32,194400,1.13580246914
512987,512993,513510,6,517,1,900,1.01160541586
512987,512999,513906,12,907,1,900,1.01323042999
512988,513004,513458,16,454,1,900,1.03524229075
512988,513016,513464,28,448,1,900,1.0625
512988,513022,513921,34,899,1,900,1.03781979978
512988,513011,513912,23,901,1,900,1.02552719201
512989,513027,513487,38,460,1,900,1.08260869565
512989,513038,513489,49,451,1,900,1.10864745011
512989,513033,513935,44,902,1,900,1.0487804878
512990,513049,513499,59,450,1,900,1.13111111111
512990,513060,513509,70,449,1,900,1.15590200445
512990,513054,513958,64,904,1,900,1.07079646018
512990,513043,513955,53,912,1,900,1.05811403509
512991,513076,513970,85,894,1,900,1.09507829978
512991,513065,513965,74,900,1,900,1.08222222222
512991,513071,513524,80,453,1,900,1.1766004415
512992,513087,513996,95,909,1,900,1.10451045105
512992,513081,513598,89,517,1,900,1.17214700193
512992,513093,513602,101,509,1,900,1.19842829077
512992,513098,514039,106,941,1,900,1.11264612115
513071,513106,513536,35,430,32,190800,1.08139534884
513072,513111,513536,39,425,32,190800,1.09176470588
513546,513552,513567,6,15,32,190800,1.4
513547,513559,513568,12,9,32,190800,2.1
513654,513660,514032,6,372,32,190800,1.01612903226
513655,513667,514031,12,364,32,190800,1.03296703297
514054,514060,551185,6,37125,32,190800,1.00016161616
514055,514066,551184,11,37118,32,190800,1.00029635217
516251,516257,516258,6,1,1,240,1.0
516539,516545,516552,6,7,64,5400,1.3
516652,516659,516791,7,132,64,5400,1.05303030303
545805,545822,567452,17,21630,1,25200,1.00078594545
545805,545834,567473,29,21639,2,25200,1.00134017284
545805,545811,567450,6,21639,1,25200,1.00027727714
545805,545816,567447,11,21631,1,25200,1.00050852943
545806,545828,567905,22,22077,4,25200,1.00099651221
550960,550968,551225,8,257,1,3540,1.03112840467
551359,551365,554337,6,2972,1,3540,1.00201884253
551435,551442,551881,7,439,1,3540,1.0159453303
551485,551492,552128,7,636,1,3540,1.01100628931
551495,551507,551679,12,172,32,158400,1.06976744186
551512,551518,551679,6,161,32,158400,1.03726708075
551533,551539,552192,6,653,1,3540,1.00918836141
551858,551866,552341,8,475,1,3540,1.01684210526
551909,551915,552797,6,882,1,3540,1.00680272109
551954,551961,552351,7,390,32,158400,1.01794871795
552081,552087,553538,6,1451,1,3540,1.00413507926
552129,552135,554351,6,2216,1,3540,1.00270758123
552178,552185,554364,7,2179,1,3540,1.00321248279
552359,552365,552999,6,634,32,158400,1.0094637224
552469,552475,554435,6,1960,1,3540,1.00306122449
552793,552799,554485,6,1686,1,3540,1.00355871886
553182,553188,554824,6,1636,32,158400,1.00366748166
553412,553420,554415,8,995,1,3540,1.00804020101
553459,553465,553475,6,10,32,144000,1.6
553510,553516,553531,6,15,32,144000,1.4
553553,553559,553624,6,65,32,144000,1.09230769231
554143,554149,554437,6,288,32,144000,1.02083333333
554344,554350,554536,6,186,1,3540,1.03225806452
554393,554400,554528,7,128,1,3540,1.0546875
554442,554449,554756,7,307,32,144000,1.02280130293
554777,554784,554860,7,76,32,144000,1.09210526316
555035,555041,556115,6,1074,32,151200,1.00558659218
555049,555055,556115,6,1060,32,144000,1.00566037736
556314,556326,569257,12,12931,32,144000,1.00092800247
556315,556332,569258,17,12926,32,144000,1.00131517871
558548,558565,559031,17,466,1,900,1.0364806867
558548,558559,559023,11,464,1,900,1.02370689655
558548,558554,559018,6,464,1,900,1.01293103448
558549,558582,559039,33,457,1,900,1.07221006565
558549,558571,559025,22,454,1,900,1.04845814978
558549,558577,559085,28,508,1,900,1.05511811024
558550,558593,559050,43,457,1,900,1.09409190372
558550,558587,559055,37,468,1,900,1.07905982906
558550,558598,559062,48,464,1,900,1.10344827586
558550,558604,559065,54,461,1,900,1.11713665944
560966,560977,561427,11,450,1,900,1.02444444444
560966,560983,561431,17,448,1,900,1.03794642857
560966,560972,561426,6,454,1,900,1.01321585903
560967,560989,561441,22,452,1,900,1.04867256637
560967,561000,561451,33,451,1,900,1.07317073171
560967,560995,561459,28,464,1,900,1.06034482759
560968,561005,561462,37,457,1,900,1.08096280088
560968,561011,561464,43,453,1,900,1.09492273731
560968,561016,561482,48,466,1,900,1.10300429185
560968,561021,561486,53,465,1,900,1.11397849462
563467,563484,563937,17,453,1,900,1.03752759382
563467,563473,563923,6,450,1,900,1.01333333333
563467,563478,563933,11,455,1,900,1.02417582418
563468,563506,563964,38,458,1,900,1.08296943231
563468,563490,563953,22,463,1,900,1.0475161987
563468,563501,563953,33,452,1,900,1.07300884956
563468,563496,563955,28,459,1,900,1.06100217865
563469,563517,563969,48,452,1,900,1.10619469027
563469,563522,563976,53,454,1,900,1.11674008811
563469,563512,563960,43,448,1,900,1.09598214286
568593,568599,588618,6,20019,1,72000,1.00029971527
569282,569294,569415,12,121,32,143100,1.09917355372
569283,569300,569415,17,115,32,143100,1.14782608696
569437,569447,712567,10,143120,32,143100,1.00006987144
569437,569454,712567,17,143113,32,143100,1.00011878725
572384,572396,572667,12,271,1,900,1.0442804428
572384,572401,572667,17,266,1,900,1.06390977444
572384,572390,572670,6,280,1,900,1.02142857143
572385,572408,572651,23,243,1,900,1.09465020576
572385,572418,572669,33,251,1,900,1.13147410359
572385,572413,572670,28,257,1,900,1.10894941634
572386,572440,572694,54,254,1,900,1.2125984252
572386,572434,572686,48,252,1,900,1.19047619048
572386,572429,572678,43,249,1,900,1.17269076305
572386,572424,572672,38,248,1,900,1.15322580645
575132,575139,575704,7,565,1,900,1.01238938053
575133,575161,575734,28,573,1,900,1.04886561955
575133,575155,575725,22,570,1,900,1.03859649123
575133,575149,575705,16,556,1,900,1.02877697842
575133,575144,575690,11,546,1,900,1.02014652015
575134,575177,575740,43,563,1,900,1.07637655417
575134,575182,575738,48,556,1,900,1.08633093525
575134,575171,575736,37,565,1,900,1.06548672566
575134,575166,575728,32,562,1,900,1.05693950178
575135,575187,575761,52,574,1,900,1.09059233449
580134,580140,620922,6,40782,1,72000,1.00014712373
581061,581067,585843,6,4776,1,72000,1.00125628141
581812,581819,585855,7,4036,1,72000,1.00173439049
583014,841823,939561,258809,97738,1,144000,3.64798747672
585270,585277,604848,7,19571,1,72000,1.00035767207
585827,585833,589378,6,3545,1,72000,1.00169252468
587526,587532,588257,6,725,1,72000,1.00827586207
588230,588236,604094,6,15858,1,72000,1.00037835793
588520,588526,608273,6,19747,1,72000,1.00030384362
589412,589418,611234,6,21816,1,72000,1.0002750275
589992,589998,620853,6,30855,1,72000,1.00019445795
590668,590674,610521,6,19847,1,72000,1.00030231269
591345,591352,591354,7,2,2,3540,1.0
592292,592298,642382,6,50084,1,72000,1.00011979874
592673,592685,602851,12,10166,2,25200,1.00118040527
592674,592680,602852,6,10172,4,25200,1.0005898545
592807,592814,600931,7,8117,1,25200,1.00086238758
592925,592931,608637,6,15706,1,72000,1.00038201961
593326,593333,633347,7,40014,1,72000,1.00017493877
594006,594013,633173,7,39160,1,72000,1.00017875383
594432,594439,618040,7,23601,1,72000,1.0002965976
594920,594927,610618,7,15691,1,72000,1.00044611561
595318,595325,610993,7,15668,1,72000,1.00044677049
602645,602651,602653,6,2,1,240,1.0
603000,603006,624643,6,21637,4,25200,1.00027730277
603000,603012,624652,12,21640,2,25200,1.00055452865
603481,603487,675515,6,72028,1,75600,1.00008330094
603642,603649,675681,7,72032,1,75600,1.00009717903
