SubmitTime,StartTime,EndTime,QueuedTime,RunTime,NodesRequested,walltime,bslowdown
205,212,69869,7,69657,5,172800,1.00010049241
233,240,40541,7,40301,5,172800,1.00017369296
319,765,10152,446,9387,5,43200,1.04751251731
759,1736,12603,977,10867,5,43200,1.08990521763
1731,1944,15758,213,13814,5,43200,1.01541914
1936,2769,15218,833,12449,5,43200,1.06691300506
2764,2900,12863,136,9963,5,43200,1.01365050688
2898,3265,13764,367,10499,5,43200,1.03495571007
3256,3917,16055,661,12138,5,43200,1.05445707695
3481,3490,20966,9,17476,5,43200,1.00051499199
3911,4324,17023,413,12699,5,43200,1.03252224585
4321,4747,12797,426,8050,5,43200,1.05291925466
4740,5142,17471,402,12329,5,43200,1.03260605077
5139,6477,18439,1338,11962,5,43200,1.11185420498
6468,6485,15235,17,8750,5,43200,1.00194285714
6479,7324,15555,845,8231,5,43200,1.10266067307
7317,7331,17094,14,9763,5,43200,1.00143398546
7328,8303,18057,975,9754,5,43200,1.09995899118
8300,10163,18339,1863,8176,5,43200,1.22786203523
8704,8710,8717,6,7,1,3600,1.3
8821,8827,8957,6,130,1,3600,1.04615384615
9080,9086,9391,6,305,1,3600,1.01967213115
9620,9626,10259,6,633,1,3600,1.00947867299
10160,12614,22256,2454,9642,5,43200,1.25451151213
10779,10785,14392,6,3607,1,3600,1.00166343222
12362,12368,12376,6,8,1,1800,1.4
12575,12581,12661,6,80,1,1800,1.075
12588,12594,12723,6,129,1,3600,1.04651162791
12610,12808,21195,198,8387,5,43200,1.02360796471
12805,12874,26007,69,13133,5,43200,1.00525394046
12847,12853,13189,6,336,1,3600,1.01785714286
12866,13775,24078,909,10303,5,43200,1.08822673008
12954,12961,13057,7,96,1,1800,1.07291666667
13413,13419,14039,6,620,1,3600,1.00967741935
13685,13691,14060,6,369,1,1800,1.0162601626
13775,15229,27195,1454,11966,5,43200,1.12151094769
14502,14508,14608,6,100,1,3600,1.06
14740,14746,15093,6,347,1,3600,1.01729106628
14802,14808,14815,6,7,1,1800,1.3
14920,14926,15024,6,98,1,3600,1.0612244898
15015,15021,15064,6,43,1,1800,1.13953488372
15150,15156,15442,6,286,1,3600,1.02097902098
15224,15246,23613,22,8367,5,43200,1.00262937732
15245,15566,23945,321,8379,5,43200,1.03831006087
15363,15369,15450,6,81,1,1800,1.07407407407
15375,15381,15918,6,537,1,3600,1.01117318436
15562,15770,28509,208,12739,5,43200,1.01632781223
15723,15729,16243,6,514,1,3600,1.01167315175
15766,16066,24563,300,8497,5,43200,1.03530657879
16062,17105,26732,1043,9627,5,43200,1.10834112392
16214,16221,16477,7,256,1,1800,1.02734375
16531,16537,16604,6,67,6,180000,1.08955223881
16974,16980,16992,6,12,6,180000,1.5
17019,17025,195320,6,178295,6,180000,1.00003365209
17024,17034,29531,10,12497,5,43200,1.00080019205
17096,18069,29030,973,10961,5,43200,1.08876927288
17474,17482,29828,8,12346,5,43200,1.00064798315
18066,18351,28626,285,10275,5,43200,1.02773722628
18342,18451,30219,109,11768,5,43200,1.00926240653
18445,20977,29206,2532,8229,5,43200,1.30769230769
20092,20098,20175,6,77,1,1800,1.07792207792
20477,20483,20570,6,87,1,1800,1.06896551724
20968,21206,31941,238,10735,5,43200,1.02217047042
21203,22267,32337,1064,10070,5,43200,1.10566037736
21218,21224,21594,6,370,1,1800,1.01621621622
22266,23624,34638,1358,11014,5,43200,1.12329762121
22940,22946,22984,6,38,1,1800,1.15789473684
22966,22973,31117,7,8144,11,57600,1.00085952849
23293,23299,23373,6,74,1,1800,1.08108108108
23614,23956,31524,342,7568,5,43200,1.04519027484
23951,24089,34951,138,10862,5,43200,1.01270484257
24084,24574,33687,490,9113,5,43200,1.0537693405
24143,24150,24387,7,237,1,1800,1.02953586498
24565,26018,38017,1453,11999,5,43200,1.12109342445
26015,26743,40603,728,13860,5,43200,1.05252525253
26741,27206,40011,465,12805,5,43200,1.03631393987
27201,28521,40383,1320,11862,5,43200,1.11127971674
28519,28637,37083,118,8446,5,43200,1.01397111058
28631,29042,37465,411,8423,5,43200,1.04879496616
29040,29219,41101,179,11882,5,43200,1.01506480391
29214,29548,41673,334,12125,5,43200,1.02754639175
29542,29840,39351,298,9511,5,43200,1.03133214173
29838,30230,39222,392,8992,5,43200,1.04359430605
30226,31535,39725,1309,8190,5,43200,1.15982905983
31534,31952,39889,418,7937,5,43200,1.05266473479
31942,32348,41361,406,9013,5,43200,1.0450460446
32341,33698,43542,1357,9844,5,43200,1.13785046729
33689,34649,45967,960,11318,5,43200,1.08482063969
34041,243144,244167,209103,1023,5,172800,205.401759531
34639,34962,43334,323,8372,5,43200,1.03858098423
34786,34792,34796,6,4,8,28800,1.0
34956,37094,48058,2138,10964,5,43200,1.19500182415
35052,35058,63886,6,28828,4,28800,1.00020813098
35052,63892,92733,28840,28841,4,28800,1.99996532714
35053,92739,121570,57686,28831,4,28800,3.00083243731
35054,121605,150429,86551,28824,4,28800,4.00274077158
35055,150435,179267,115380,28832,4,28800,5.00180355161
35057,35064,35069,7,5,8,28800,1.2
35096,35111,35112,15,1,8,28800,1.6
35191,35197,35198,6,1,8,28800,1.0
35206,35212,35213,6,1,8,28800,1.0
35267,35274,35275,7,1,8,28800,1.0
35282,35288,35289,6,1,8,28800,1.0
35324,35330,35331,6,1,8,28800,1.0
35386,35393,35395,7,2,8,28800,1.0
35458,35464,35465,6,1,8,28800,1.0
35499,35505,35506,6,1,8,28800,1.0
35544,35550,35551,6,1,8,28800,1.0
35592,35598,35599,6,1,8,28800,1.0
35632,35638,35639,6,1,8,28800,1.0
35673,35679,35680,6,1,8,28800,1.0
35862,35868,35869,6,1,8,28800,1.0
35989,36012,64858,23,28846,8,28800,1.00079733759
35989,36001,64829,12,28828,8,28800,1.00041626197
35989,35996,64836,7,28840,8,28800,1.00024271845
35989,36006,62968,17,26962,8,28800,1.00063051702
35990,36039,64884,49,28845,8,28800,1.00169873462
35990,36022,64867,32,28845,8,28800,1.00110937771
35990,36029,64858,39,28829,8,28800,1.00135280447
35990,36017,64822,27,28805,8,28800,1.00093733727
35990,36034,64837,44,28803,8,28800,1.00152761865
35991,36050,64860,59,28810,8,28800,1.00204790003
35991,36055,64865,64,28810,8,28800,1.00222145089
35991,36044,62313,53,26269,8,28800,1.00201758727
35991,36060,51020,69,14960,8,28800,1.00461229947
37092,37476,50712,384,13236,5,43200,1.02901178604
37470,38028,48579,558,10551,5,43200,1.05288598237
37869,37875,37879,6,4,4,14400,1.0
37895,37901,66722,6,28821,4,28800,1.00020818153
37895,66728,95567,28833,28839,4,28800,1.9997919484
37896,95574,95664,57678,90,4,28800,641.866666667
38022,39234,49619,1212,10385,5,43200,1.11670678864
38468,38474,38476,6,2,1,7200,1.0
39228,39363,47458,135,8095,5,43200,1.01667696109
39362,39736,49666,374,9930,5,43200,1.03766364552
39730,39900,48370,170,8470,5,43200,1.02007083825
39868,39874,39875,6,1,1,7200,1.0
39893,40022,47825,129,7803,5,43200,1.01653210304
40017,40614,53389,597,12775,5,43200,1.04673189824
40384,40391,42401,7,2010,1,7200,1.00348258706
40385,40397,53238,12,12841,5,43200,1.00093450666
40610,41112,49783,502,8671,5,43200,1.05789412986
41111,41372,49628,261,8256,5,43200,1.03161337209
41366,41684,50404,318,8720,5,43200,1.03646788991
41673,43346,54309,1673,10963,5,43200,1.15260421417
43338,43553,57955,215,14402,5,43200,1.01492848216
43543,45978,57143,2435,11165,5,43200,1.21809225258
44599,44605,121568,6,76963,1,86400,1.00007795954
44611,44618,121961,7,77343,1,86400,1.00009050593
45973,47469,59050,1496,11581,5,43200,1.12917710042
47465,47836,56616,371,8780,5,43200,1.04225512528
47833,48069,62585,236,14516,5,43200,1.01625792229
48068,48382,60308,314,11926,5,43200,1.02632902901
48375,49639,60056,1264,10417,5,43200,1.12134011712
48580,48590,60269,10,11679,5,43200,1.00085623769
49622,49630,58079,8,8449,5,43200,1.00094685762
49633,49677,59456,44,9779,5,43200,1.00449943757
49674,49794,61263,120,11469,5,43200,1.01046298718
49787,50416,60349,629,9933,5,43200,1.06332427263
50410,50723,59237,313,8514,5,43200,1.03676297862
50717,53250,61482,2533,8232,5,43200,1.30770165209
51538,51544,52162,6,618,1,14400,1.00970873786
51562,51568,51859,6,291,1,14400,1.0206185567
53249,53400,65967,151,12567,5,43200,1.0120155964
53392,54321,66354,929,12033,5,43200,1.07720435469
54312,56628,67123,2316,10495,5,43200,1.22067651263
56365,56371,99587,6,43216,1,43200,1.00013883747
56374,56381,99586,7,43205,1,43200,1.00016201828
56391,56397,99638,6,43241,1,43200,1.0001387572
56396,56404,99613,8,43209,1,43200,1.00018514661
56413,56419,99633,6,43214,1,43200,1.00013884389
56427,56435,99681,8,43246,1,43200,1.00018498821
56625,57966,70471,1341,12505,5,43200,1.10723710516
57147,57154,68722,7,11568,5,43200,1.00060511757
57956,58091,68414,135,10323,5,43200,1.01307759372
58077,58084,64374,7,6290,16,14400,1.00111287758
58090,59061,70463,971,11402,5,43200,1.08516049816
58713,58719,85806,6,27087,24,36000,1.00022150847
59051,59248,67374,197,8126,5,43200,1.02424317007
59246,59467,68735,221,9268,5,43200,1.02384548986
59462,60067,72552,605,12485,5,43200,1.04845814978
60066,60280,69227,214,8947,5,43200,1.02391863194
60271,60319,68976,48,8657,5,43200,1.00554464595
60313,60360,72708,47,12348,5,43200,1.00380628442
60354,61493,71262,1139,9769,5,43200,1.11659330535
61265,61274,72682,9,11408,5,43200,1.00078892006
61491,62597,72024,1106,9427,5,43200,1.11732258407
62596,65978,74100,3382,8122,5,43200,1.4163999015
62836,62842,63015,6,173,1,610,1.03468208092
63232,244183,245801,180951,1618,5,172800,112.836217553
63340,63348,63381,8,33,1,610,1.24242424242
63687,63693,63726,6,33,1,610,1.18181818182
63921,63928,63960,7,32,1,610,1.21875
64527,64533,64574,6,41,1,610,1.14634146341
64656,64662,67279,6,2617,24,36000,1.00229270157
65189,65197,65291,8,94,1,610,1.08510638298
65576,65582,131845,6,66263,8,136800,1.00009054827
65971,66365,75629,394,9264,5,43200,1.04253022453
66194,66200,66333,6,133,1,610,1.04511278195
66359,67135,77719,776,10584,5,43200,1.07331821618
66570,66576,66670,6,94,1,610,1.06382978723
67000,67007,67102,7,95,1,610,1.07368421053
67126,67386,81508,260,14122,5,43200,1.01841098994
67257,67263,67359,6,96,1,610,1.0625
67373,67379,70573,6,3194,24,36000,1.00187852223
67382,68425,80661,1043,12236,5,43200,1.0852402746
67675,67682,67724,7,42,1,610,1.16666666667
67879,67887,67928,8,41,1,610,1.19512195122
68121,68127,68169,6,42,1,610,1.14285714286
68360,68366,68416,6,50,1,610,1.12
68415,68734,78700,319,9966,5,43200,1.03200883002
68732,68746,79342,14,10596,5,43200,1.0013212533
68743,68988,81011,245,12023,5,43200,1.02037760958
68978,69238,82690,260,13452,5,43200,1.01932798097
69163,69169,69219,6,50,1,610,1.12
69234,70474,83399,1240,12925,5,43200,1.09593810445
70470,70482,79152,12,8670,5,43200,1.00138408304
70481,71273,83618,792,12345,5,43200,1.06415552855
71268,72036,83350,768,11314,5,43200,1.06788050203
71913,71919,71926,6,7,1,610,1.3
72034,72564,81129,530,8565,5,43200,1.06187974314
72163,259603,331867,187440,72264,5,172800,3.59382265028
72185,72191,72238,6,47,1,610,1.12765957447
72201,259608,301755,187407,42147,5,172800,5.4465086483
72555,72693,80941,138,8248,5,43200,1.01673132881
72688,72720,82568,32,9848,5,43200,1.00324939074
72709,74111,83672,1402,9561,5,43200,1.14663738103
72955,72961,72963,6,2,2,3540,1.0
74108,75641,83985,1533,8344,5,43200,1.18372483221
75640,77730,87381,2090,9651,5,43200,1.21655786965
77723,78711,87088,988,8377,5,43200,1.117941984
78703,79166,92219,463,13053,5,43200,1.035470773
79154,79353,89553,199,10200,5,43200,1.01950980392
79349,80677,92651,1328,11974,5,43200,1.11090696509
80670,80952,89294,282,8342,5,43200,1.03380484296
80947,81022,89513,75,8491,5,43200,1.00883288187
81019,81140,93897,121,12757,5,43200,1.00948498863
81132,81520,89841,388,8321,5,43200,1.04662901094
81511,82579,90740,1068,8161,5,43200,1.1308663154
82576,82701,95221,125,12520,5,43200,1.00998402556
82699,83362,93278,663,9916,5,43200,1.06686163776
83354,83410,95472,56,12062,5,43200,1.00464267949
83406,83629,93740,223,10111,5,43200,1.02205518742
83447,83454,86185,7,2731,4,36000,1.00256316368
83621,83683,95302,62,11619,5,43200,1.00533608744
83673,83996,92031,323,8035,5,43200,1.04019912881
83678,83689,83690,11,1,2,3540,1.2
83990,87392,97087,3402,9695,5,43200,1.35090252708
86084,86090,93178,6,7088,4,36000,1.00084650113
86095,86103,89054,8,2951,4,36000,1.00271094544
87089,87099,98270,10,11171,5,43200,1.00089517501
87386,89306,99814,1920,10508,5,43200,1.1827179292
89298,89524,97310,226,7786,5,43200,1.02902645774
89524,89852,100954,328,11102,5,43200,1.02954422627
89555,89564,98957,9,9393,5,43200,1.00095816033
89852,90751,103738,899,12987,5,43200,1.06922306922
90741,92042,105836,1301,13794,5,43200,1.09431636944
92039,92230,104823,191,12593,5,43200,1.01516715636
92224,92663,106228,439,13565,5,43200,1.03236269812
92653,93289,101856,636,8567,5,43200,1.07423835648
93287,93752,102023,465,8271,5,43200,1.05622052956
93748,93908,105660,160,11752,5,43200,1.01361470388
93901,95232,107347,1331,12115,5,43200,1.1098638052
95083,95089,98696,6,3607,1,3600,1.00166343222
95231,95483,105063,252,9580,5,43200,1.02630480167
95303,95313,103706,10,8393,5,43200,1.00119146908
95478,97098,105227,1620,8129,5,43200,1.19928650511
95686,95692,124539,6,28847,4,28800,1.0002079939
95686,124545,153386,28859,28841,4,28800,2.00062411151
95687,153393,182200,57706,28807,4,28800,3.00319366821
96306,96312,96483,6,171,8,28800,1.0350877193
96498,96505,125357,7,28852,8,28800,1.0002426175
96499,125363,154180,28864,28817,8,28800,2.00163098171
96499,154186,183034,57687,28848,8,28800,2.99968801997
97092,97322,105271,230,7949,5,43200,1.02893445716
97317,98281,107405,964,9124,5,43200,1.10565541429
98279,98968,110552,689,11584,5,43200,1.05947859116
98741,98747,98755,6,8,1,1800,1.4
98805,98811,98936,6,125,1,3600,1.048
98955,98961,99038,6,77,1,1800,1.07792207792
98962,99825,112438,863,12613,5,43200,1.06842146991
98966,98977,99109,11,132,1,3600,1.08333333333
99061,99067,99404,6,337,1,3600,1.0178041543
99235,99241,99599,6,358,1,3600,1.01675977654
99339,99345,99443,6,98,1,1800,1.0612244898
99633,99640,100268,7,628,1,3600,1.01114649682
99820,100965,109351,1145,8386,5,43200,1.13653708562
99823,99832,100459,9,627,1,3600,1.01435406699
100085,100091,100470,6,379,1,1800,1.01583113456
100770,100777,100783,7,6,1,3600,1.3
100882,100888,100982,6,94,1,3600,1.06382978723
100934,100940,115285,6,14345,1,14400,1.0004182642
100963,101867,113344,904,11477,5,43200,1.07876622811
101104,101110,101389,6,279,1,3600,1.02150537634
101182,101189,101194,7,5,1,1800,1.2
101259,101265,101364,6,99,1,3600,1.06060606061
101400,101406,101448,6,42,1,1800,1.14285714286
101484,101490,101778,6,288,1,3600,1.02083333333
101673,101680,102246,7,566,1,3600,1.01236749117
101735,101741,101821,6,80,1,1800,1.075
101860,102034,115447,174,13413,5,43200,1.01297248938
102023,103717,114274,1694,10557,5,43200,1.16046225253
102060,102066,102589,6,523,1,3600,1.01147227533
102611,102617,102876,6,259,1,1800,1.02316602317
102884,102891,115450,7,12559,1,36000,1.00055736922
103055,103067,108115,12,5048,1,36000,1.00237717908
103055,103062,108174,7,5112,1,36000,1.00136932707
103056,103073,108161,17,5088,1,36000,1.00334119497
103710,103749,114150,39,10401,5,43200,1.00374963946
103741,105074,113212,1333,8138,5,43200,1.16379945933
104824,104834,114848,10,10014,5,43200,1.00099860196
105069,105238,115920,169,10682,5,43200,1.0158210073
105233,105283,113260,50,7977,5,43200,1.00626802056
105274,105671,118655,397,12984,5,43200,1.03057609365
105663,105847,119179,184,13332,5,43200,1.01380138014
105837,106239,114699,402,8460,5,43200,1.0475177305
106236,107359,115571,1123,8212,5,43200,1.13675109596
106520,106527,106604,7,77,1,1800,1.09090909091
106909,106915,107005,6,90,1,1800,1.06666666667
107349,107416,116187,67,8771,5,43200,1.00763880971
107411,109362,120454,1951,11092,5,43200,1.17589253516
107663,107669,108029,6,360,1,1800,1.01666666667
109362,110563,125283,1201,14720,5,43200,1.08158967391
109398,109404,109448,6,44,1,1800,1.13636363636
109756,109762,109835,6,73,1,1800,1.08219178082
110306,110312,144763,6,34451,8,36000,1.0001741604
110322,110328,142825,6,32497,8,36000,1.00018463243
110339,110345,138251,6,27906,8,36000,1.00021500753
110367,110373,144287,6,33914,8,36000,1.00017691809
110371,110379,110383,8,4,8,36000,1.2
110429,110435,140059,6,29624,8,36000,1.00020253848
110449,110455,141583,6,31128,8,36000,1.00019275251
110496,110502,146342,6,35840,8,36000,1.00016741071
110524,110530,146540,6,36010,8,36000,1.00016662038
110541,110547,143939,6,33392,8,36000,1.00017968376
110556,112450,123493,1894,11043,5,43200,1.17151136467
110573,110579,138919,6,28340,8,36000,1.00021171489
110590,110596,143873,6,33277,8,36000,1.00018030471
110603,110609,140417,6,29808,8,36000,1.00020128824
110616,110622,110873,6,251,1,1800,1.02390438247
110632,110639,126419,7,15780,8,18000,1.00044359949
112447,113223,124926,776,11703,5,43200,1.06630778433
113213,113271,122034,58,8763,5,43200,1.00661873788
113265,113355,128138,90,14783,5,43200,1.00608807414
113347,114160,125983,813,11823,5,43200,1.06876427303
114154,114710,125146,556,10436,5,43200,1.05327711767
114277,114285,125835,8,11550,5,43200,1.00069264069
114707,115459,124093,752,8634,5,43200,1.08709752143
114851,114860,124589,9,9729,5,43200,1.00092506938
115454,115582,128713,128,13131,5,43200,1.00974792476
115577,115931,125867,354,9936,5,43200,1.03562801932
115925,116198,124735,273,8537,5,43200,1.03197844676
116191,118666,126811,2475,8145,5,43200,1.30386740331
117319,117325,124600,6,7275,6,86400,1.00082474227
118662,119190,132363,528,13173,5,43200,1.04008198588
119183,120465,132665,1282,12200,5,43200,1.10508196721
120013,120022,120655,9,633,1,7200,1.01421800948
120459,122045,133567,1586,11522,5,43200,1.13764971359
121221,298879,514929,177658,216050,4,216000,1.82230039343
121252,300994,517030,179742,216036,4,216000,1.83200022219
121279,301000,488795,179721,187795,4,216000,1.95700631007
121304,301005,455970,179701,154965,4,216000,2.15962314071
121334,301010,517028,179676,216018,4,216000,1.83176401967
121590,121610,122237,20,627,1,7200,1.03189792663
122038,123504,136777,1466,13273,5,16200,1.11044978528
122240,122246,129469,6,7223,1,7200,1.00083067977
122268,122275,125097,7,2822,1,7200,1.00248051028
122645,122652,123967,7,1315,1,10800,1.00532319392
122687,122693,127850,6,5157,1,10800,1.00116346713
123147,123154,123747,7,593,1,7200,1.01180438449
123150,123160,123750,10,590,1,7200,1.01694915254
123152,123166,123884,14,718,1,7200,1.01949860724
123153,123171,126537,18,3366,1,7200,1.00534759358
123161,123177,123856,16,679,1,7200,1.0235640648
123162,123183,124010,21,827,1,7200,1.0253929867
123163,123188,123817,25,629,1,7200,1.03974562798
123164,123193,126661,29,3468,1,7200,1.0083621684
123169,123199,126728,30,3529,1,7200,1.00850099178
123170,123204,123693,34,489,1,7200,1.06952965235
123171,123210,125036,39,1826,1,7200,1.02135815991
123173,123217,124023,44,806,1,7200,1.05459057072
123175,123222,123788,47,566,1,7200,1.08303886926
123179,123233,123857,54,624,1,7200,1.08653846154
123179,123227,125660,48,2433,1,7200,1.01972872996
123180,123238,126707,58,3469,1,7200,1.01671951571
123181,123243,123876,62,633,1,7200,1.09794628752
123184,123249,123897,65,648,1,7200,1.10030864198
123186,123254,126791,68,3537,1,7200,1.0192253322
123186,123260,125314,74,2054,1,7200,1.03602726388
123187,123265,124216,78,951,1,7200,1.08201892744
123188,123270,126479,82,3209,1,7200,1.02555313182
123189,123276,125374,87,2098,1,7200,1.04146806482
123189,123281,124461,92,1180,1,7200,1.07796610169
123190,123286,126559,96,3273,1,7200,1.02933088909
123191,123292,123795,101,503,1,7200,1.20079522863
123192,123297,123887,105,590,1,7200,1.17796610169
123193,123303,124056,110,753,1,7200,1.14608233732
123200,123308,126679,108,3371,1,7200,1.03203797093
123201,123314,123829,113,515,1,7200,1.21941747573
123232,123326,127328,94,4002,1,10800,1.02348825587
123502,124104,135569,602,11465,5,16200,1.05250763192
124098,124600,133755,502,9155,5,16200,1.05483342436
124148,124156,124653,8,497,1,7200,1.01609657948
124200,124206,128514,6,4308,1,18000,1.00139275766
124540,301016,324959,176476,23943,4,216000,8.3706720127
124570,301021,323095,176451,22074,4,216000,8.99361239467
124588,301032,324184,176444,23152,4,216000,8.62111264686
124591,124747,136364,156,11617,5,16200,1.01342859602
124745,124937,133050,192,8113,5,16200,1.02366572168
124931,125158,135071,227,9913,5,16200,1.02289922324
124976,124982,124993,6,11,10,72000,1.54545454545
125043,125050,125840,7,790,10,72000,1.00886075949
125124,125130,132375,6,7245,1,7200,1.00082815735
125157,125294,138050,137,12756,5,16200,1.0107400439
125291,125846,134740,555,8894,5,16200,1.06240161907
125846,125878,134684,32,8806,5,16200,1.00363388599
125877,125996,138769,119,12773,5,16200,1.00931652705
125978,125984,126110,6,126,10,72000,1.04761904762
125990,126822,135545,832,8723,5,16200,1.09538002981
126813,128149,139814,1336,11665,5,16200,1.11453064724
126844,126851,127366,7,515,1,7200,1.01359223301
126845,126857,130370,12,3513,1,7200,1.00341588386
126847,126863,128195,16,1332,1,7200,1.01201201201
126848,126868,127679,20,811,1,7200,1.02466091245
126849,126874,129673,25,2799,1,7200,1.00893176134
126850,126879,127815,29,936,1,7200,1.03098290598
126851,126884,127478,33,594,1,7200,1.05555555556
126852,126891,127757,39,866,1,7200,1.04503464203
126855,126897,128290,42,1393,1,7200,1.03015075377
126857,126902,127518,45,616,1,7200,1.07305194805
126857,126907,128887,50,1980,1,7200,1.02525252525
126860,126913,127799,53,886,1,7200,1.05981941309
126860,126918,130426,58,3508,1,7200,1.0165336374
126861,126924,129688,63,2764,1,7200,1.02279305355
126862,126929,127910,67,981,1,7200,1.06829765545
126866,126934,127731,68,797,1,7200,1.08531994981
126871,126940,134149,69,7209,1,7200,1.00957136912
126875,126945,128022,70,1077,1,7200,1.06499535747
126875,126950,127512,75,562,1,7200,1.1334519573
126878,126956,127525,78,569,1,7200,1.13708260105
126879,126961,127657,82,696,1,7200,1.11781609195
126883,126966,128787,83,1821,1,7200,1.045579352
126889,126974,127560,85,586,1,7200,1.14505119454
126890,126979,127757,89,778,1,7200,1.11439588689
126890,126985,127634,95,649,1,7200,1.14637904468
126891,126990,129372,99,2382,1,7200,1.04156171285
126892,126995,127629,103,634,1,7200,1.16246056782
126893,127001,128690,108,1689,1,7200,1.06394316163
126894,127006,128072,112,1066,1,7200,1.10506566604
126897,127011,127604,114,593,1,7200,1.19224283305
127835,127843,134622,8,6779,1,10800,1.00118011506
127906,127913,138735,7,10822,1,10800,1.00064683053
128052,128058,128679,6,621,1,7200,1.00966183575
128139,128724,138885,585,10161,5,16200,1.05757307352
128714,132374,140285,3660,7911,5,16200,1.46264694729
129470,129478,137052,8,7574,1,18000,1.00105624505
131289,131297,131549,8,252,1,600,1.03174603175
131584,131590,132179,6,589,1,600,1.01018675722
131831,131838,203874,7,72036,8,72000,1.00009717364
132169,132176,132239,7,63,1,4200,1.11111111111
132289,132296,136504,7,4208,1,4200,1.0016634981
132370,132677,141652,307,8975,5,16200,1.03420612813
132668,133061,142200,393,9139,5,16200,1.04300251669
132727,132734,132739,7,5,24,36000,1.2
132837,132843,137858,6,5015,16,36000,1.00119641077
133059,133578,148859,519,15281,5,16200,1.03396374583
133440,133448,145458,8,12010,1,18000,1.00066611157
133491,133499,135501,8,2002,1,18000,1.003996004
133572,133766,145623,194,11857,5,16200,1.01636164291
133757,134695,144856,938,10161,5,16200,1.09231374865
134690,134751,145426,61,10675,5,16200,1.00571428571
134742,135082,146678,340,11596,5,16200,1.02932045533
134814,134820,138925,6,4105,4,36000,1.00146163216
134823,134829,138024,6,3195,4,36000,1.00187793427
135081,135556,148067,475,12511,5,16200,1.0379665894
135513,135521,153525,8,18004,1,18000,1.0004443457
135551,136375,149305,824,12930,5,16200,1.06372776489
135572,135580,143848,8,8268,5,16200,1.00096758587
136371,136788,148830,417,12042,5,16200,1.0346287992
136490,136498,137207,8,709,1,7200,1.01128349788
136781,138061,149065,1280,11004,5,16200,1.1163213377
137273,137279,137945,6,666,1,7200,1.00900900901
137274,137285,138156,11,871,1,7200,1.01262916188
137275,137290,137847,15,557,1,7200,1.02692998205
137276,137296,139117,20,1821,1,7200,1.01098297639
137277,137301,137682,24,381,1,7200,1.06299212598
137279,137306,137887,27,581,1,7200,1.04647160069
137280,137312,138102,32,790,1,7200,1.04050632911
137282,137318,137879,36,561,1,7200,1.06417112299
137283,137323,138563,40,1240,1,7200,1.03225806452
137285,137329,137988,44,659,1,7200,1.06676783005
137287,137334,138776,47,1442,1,7200,1.03259361997
137288,137339,140390,51,3051,1,7200,1.01671583088
137291,137345,138018,54,673,1,7200,1.08023774146
137294,137350,138202,56,852,1,7200,1.06572769953
137297,137355,138649,58,1294,1,7200,1.04482225657
137299,137361,139953,62,2592,1,7200,1.02391975309
137301,137366,138103,65,737,1,7200,1.0881953867
137306,137371,137725,65,354,1,7200,1.18361581921
137308,137378,138137,70,759,1,7200,1.09222661397
137309,137383,140364,74,2981,1,7200,1.0248238846
137310,137388,138595,78,1207,1,7200,1.06462303231
137312,137394,138483,82,1089,1,7200,1.07529843893
137313,137399,138029,86,630,1,7200,1.13650793651
137319,137405,138177,86,772,1,7200,1.11139896373
137320,137410,138045,90,635,1,7200,1.14173228346
137324,137415,138015,91,600,1,7200,1.15166666667
137325,137421,137980,96,559,1,7200,1.1717352415
137326,137426,137669,100,243,1,7200,1.41152263374
137327,137431,140857,104,3426,1,7200,1.03035610041
137329,137437,138441,108,1004,1,7200,1.10756972112
137769,301026,304793,163257,3767,2,104400,44.3387310857
138052,138780,147578,728,8798,5,16200,1.08274607865
138779,138897,147153,118,8256,5,16200,1.01429263566
138894,139826,149060,932,9234,5,16200,1.1009313407
139341,139347,139862,6,515,16,3600,1.01165048544
139401,139407,139923,6,516,16,3600,1.01162790698
139543,139550,141814,7,2264,4,36000,1.00309187279
139552,139558,142048,6,2490,4,36000,1.00240963855
139817,140297,150580,480,10283,5,16200,1.04667898473
139911,298487,388499,158576,90012,16,604800,2.76172065947
140025,298476,520044,158451,221568,30,345600,1.71513485702
140175,300588,905437,160413,604849,16,604800,1.26521164787
140277,300758,905569,160481,604811,16,604800,1.26534074281
140288,141663,149522,1375,7859,5,16200,1.17495864614
140919,140925,141488,6,563,1,7200,1.01065719361
140922,140932,141432,10,500,1,7200,1.02
140930,140939,141595,9,656,1,7200,1.0137195122
140931,140949,142004,18,1055,1,7200,1.01706161137
140931,140944,141729,13,785,1,7200,1.01656050955
140932,140954,141512,22,558,1,7200,1.0394265233
140936,140967,141567,31,600,1,7200,1.05166666667
140937,140972,141534,35,562,1,7200,1.06227758007
140940,140978,141552,38,574,1,7200,1.06620209059
140942,140983,142929,41,1946,1,7200,1.0210688592
140942,140989,141600,47,611,1,7200,1.07692307692
140946,140994,141510,48,516,1,7200,1.09302325581
140949,140962,141609,13,647,2,600,1.0200927357
140952,141000,141609,48,609,1,7200,1.07881773399
140954,141005,141525,51,520,1,7200,1.09807692308
140959,141012,141563,53,551,1,7200,1.09618874773
140961,141017,141633,56,616,1,7200,1.09090909091
140964,141022,141521,58,499,1,7200,1.11623246493
140966,141028,141534,62,506,1,7200,1.12252964427
140967,141033,141636,66,603,1,7200,1.10945273632
140978,141039,141563,61,524,1,7200,1.11641221374
140985,141044,141581,59,537,1,7200,1.10986964618
140989,141049,142163,60,1114,1,7200,1.05385996409
140990,141055,141629,65,574,1,7200,1.11324041812
140995,141060,142395,65,1335,1,7200,1.04868913858
140996,141065,141586,69,521,1,7200,1.13243761996
140997,141071,141653,74,582,1,7200,1.12714776632
140998,141076,141654,78,578,1,7200,1.13494809689
140999,141082,141544,83,462,1,7200,1.17965367965
141002,141087,141571,85,484,1,7200,1.17561983471
141005,141092,141817,87,725,1,7200,1.12
141108,141114,143476,6,2362,16,36000,1.00254022015
141661,142212,152392,551,10180,5,16200,1.05412573674
142203,143859,152575,1656,8716,5,16200,1.18999541074
142955,142961,143507,6,546,1,7200,1.01098901099
142959,142968,143821,9,853,1,7200,1.01055099648
142961,142974,143591,13,617,1,7200,1.02106969206
142963,142979,143476,16,497,1,7200,1.03219315895
142964,142985,143599,21,614,1,7200,1.0342019544
142985,142992,144678,7,1686,1,7200,1.00415183867
142995,143002,143531,7,529,1,7200,1.01323251418
142996,143008,143864,12,856,1,7200,1.01401869159
143001,143014,143576,13,562,1,7200,1.0231316726
143009,143026,143624,17,598,1,7200,1.02842809365
143009,143020,143512,11,492,1,7200,1.02235772358
143018,143032,143650,14,618,1,7200,1.02265372168
143032,143044,143508,12,464,1,7200,1.02586206897
143032,143038,143699,6,661,1,7200,1.00907715582
143033,143050,143857,17,807,1,7200,1.02106567534
143034,143056,143308,22,252,1,7200,1.0873015873
143045,143068,143661,23,593,1,7200,1.03878583474
143047,143073,143512,26,439,1,7200,1.05922551253
143048,143078,144776,30,1698,1,7200,1.01766784452
143050,143084,143645,34,561,1,7200,1.06060606061
143052,143089,144776,37,1687,1,7200,1.02193242442
143057,143096,143841,39,745,1,7200,1.05234899329
143061,143101,143705,40,604,1,7200,1.06622516556
143066,143106,143671,40,565,1,7200,1.07079646018
143066,143112,143561,46,449,1,7200,1.10244988864
143070,143117,145540,47,2423,1,7200,1.01939744119
143071,143123,144063,52,940,1,7200,1.05531914894
143076,143128,143898,52,770,1,7200,1.06753246753
143079,143133,143929,54,796,1,7200,1.06783919598
143084,143139,143736,55,597,1,7200,1.09212730318
143437,143442,152978,5,9536,16,36000,1.00052432886
143853,144867,157876,1014,13009,5,16200,1.07794603736
144241,144248,146972,7,2724,24,36000,1.00256975037
144865,145437,155606,572,10169,5,16200,1.05624938539
145428,145647,157195,219,11548,5,16200,1.01896432283
145577,145583,146333,6,750,1,7200,1.008
145579,145590,146154,11,564,1,7200,1.0195035461
145582,145595,146374,13,779,1,7200,1.01668806162
145583,145600,146196,17,596,1,7200,1.02852348993
145588,145613,147647,25,2034,1,7200,1.01229105211
145588,145608,146190,20,582,1,7200,1.03436426117
145593,145618,146194,25,576,1,7200,1.04340277778
145597,145624,146089,27,465,1,7200,1.05806451613
145611,145631,146503,20,872,1,7200,1.02293577982
145619,145636,146350,17,714,1,7200,1.02380952381
145624,145641,146155,17,514,1,7200,1.03307392996
145633,146689,155105,1056,8416,5,16200,1.12547528517
145643,145654,145914,11,260,1,7200,1.04230769231
145644,145659,146125,15,466,1,7200,1.0321888412
145645,145665,146365,20,700,1,7200,1.02857142857
145648,145670,146666,22,996,1,7200,1.02208835341
145649,145676,146237,27,561,1,7200,1.04812834225
145658,145682,146637,24,955,1,7200,1.02513089005
145665,145687,146859,22,1172,1,7200,1.01877133106
145672,145694,146583,22,889,1,7200,1.02474690664
145682,145699,146770,17,1071,1,7200,1.01587301587
145685,145704,146280,19,576,1,7200,1.03298611111
145696,145711,149178,15,3467,1,7200,1.00432650707
145700,145716,146739,16,1023,1,7200,1.0156402737
145715,145723,146263,8,540,1,7200,1.01481481481
145715,145728,146268,13,540,1,7200,1.02407407407
145717,145735,146380,18,645,1,7200,1.02790697674
145719,145740,146283,21,543,1,7200,1.03867403315
145723,145745,146453,22,708,1,7200,1.03107344633
145725,145751,146867,26,1116,1,7200,1.02329749104
145727,145756,146236,29,480,1,7200,1.06041666667
146306,146313,146949,7,636,1,14400,1.01100628931
146383,301037,409080,154654,108043,2,108000,2.43141156762
146412,146418,146610,6,192,1,14400,1.03125
146687,147164,155695,477,8531,5,16200,1.05591372641
147157,147600,160404,443,12804,5,16200,1.03459856295
147209,147215,147841,6,626,16,7200,1.00958466454
147230,147236,151933,6,4697,4,36000,1.00127741111
147539,147546,151089,7,3543,4,36000,1.00197572679
147589,151729,160140,4140,8411,5,16200,1.49221257877
148075,151734,159785,3659,8051,5,16200,1.45447770463
149252,149259,149921,7,662,1,7200,1.01057401813
149254,149265,149726,11,461,1,7200,1.02386117137
149257,149271,149721,14,450,1,7200,1.03111111111
149260,149278,149878,18,600,1,7200,1.03
149262,149283,149982,21,699,1,7200,1.03004291845
149269,149288,149952,19,664,1,7200,1.02861445783
149274,149295,152919,21,3624,16,3600,1.00579470199
149282,149301,152136,19,2835,1,7200,1.00670194004
149295,149308,150149,13,841,1,7200,1.01545778835
149297,149313,149919,16,606,1,7200,1.02640264026
149311,149319,150189,8,870,1,7200,1.0091954023
149313,149325,149961,12,636,1,7200,1.01886792453
149317,149332,149904,15,572,1,7200,1.02622377622
149318,149337,149993,19,656,1,7200,1.02896341463
149320,149343,149939,23,596,1,7200,1.03859060403
149322,149348,150223,26,875,1,7200,1.02971428571
149331,149365,150092,34,727,1,7200,1.04676753783
149331,149360,149892,29,532,1,7200,1.0545112782
149332,149371,150004,39,633,1,7200,1.06161137441
149333,149382,149885,49,503,1,7200,1.09741550696
149333,149376,149992,43,616,1,7200,1.06980519481
149334,149387,149946,53,559,1,7200,1.09481216458
149336,149354,150672,18,1318,16,3600,1.01365705615
149338,149392,150425,54,1033,1,7200,1.0522749274
149343,149398,149968,55,570,1,7200,1.09649122807
149345,149403,149979,58,576,1,7200,1.10069444444
149347,149409,150061,62,652,1,7200,1.09509202454
149351,149416,150396,65,980,1,7200,1.06632653061
149352,149421,150048,69,627,1,7200,1.11004784689
149353,149427,150080,74,653,1,7200,1.11332312404
149354,149432,149915,78,483,1,7200,1.16149068323
149357,149438,150692,81,1254,1,7200,1.06459330144
149476,149484,153199,8,3715,24,7200,1.00215343203
150386,150393,150455,7,62,1,1800,1.11290322581
150456,150468,150497,12,29,1,1800,1.41379310345
150496,150513,151173,17,660,1,1800,1.02575757576
151229,151236,153086,7,1850,1,1800,1.00378378378
151734,155360,165009,3626,9649,5,16200,1.37579023733
151734,155355,167781,3621,12426,5,16200,1.2914051183
152198,152204,152942,6,738,1,7200,1.0081300813
152203,152212,152767,9,555,1,7200,1.01621621622
152206,152217,152752,11,535,1,7200,1.02056074766
152228,152235,152747,7,512,1,7200,1.013671875
152237,152243,153060,6,817,1,7200,1.00734394125
152238,152249,152907,11,658,1,7200,1.01671732523
152239,152255,152776,16,521,1,7200,1.03071017274
152240,152261,152960,21,699,1,7200,1.03004291845
152242,152266,152759,24,493,1,7200,1.04868154158
152245,152271,152987,26,716,1,7200,1.03631284916
152251,152288,152826,37,538,1,7200,1.0687732342
152251,152283,152848,32,565,1,7200,1.05663716814
152253,152294,153077,41,783,1,7200,1.05236270754
152253,152299,152786,46,487,1,7200,1.09445585216
152259,152304,152967,45,663,1,7200,1.06787330317
152262,152310,153011,48,701,1,7200,1.06847360913
152263,152315,153212,52,897,1,7200,1.05797101449
152264,152320,153040,56,720,1,7200,1.07777777778
152265,152326,152870,61,544,1,7200,1.11213235294
152269,152331,153616,62,1285,1,7200,1.04824902724
152292,152338,153701,46,1363,1,7200,1.03374908291
152293,152343,152863,50,520,1,7200,1.09615384615
152295,152349,153087,54,738,1,7200,1.07317073171
152296,152354,152689,58,335,1,7200,1.17313432836
152308,152359,152904,51,545,1,7200,1.09357798165
152310,152365,152903,55,538,1,7200,1.10223048327
152312,152370,152915,58,545,1,7200,1.10642201835
152312,152375,152951,63,576,1,7200,1.109375
152315,152381,152998,66,617,1,7200,1.10696920583
152316,152386,152955,70,569,1,7200,1.1230228471
153773,153780,154469,7,689,1,7200,1.01015965167
153774,153786,155344,12,1558,1,7200,1.00770218228
153776,153792,154224,16,432,1,7200,1.03703703704
153786,153799,154348,13,549,1,7200,1.02367941712
153790,153804,154341,14,537,1,7200,1.0260707635
153797,153811,154407,14,596,1,7200,1.02348993289
153800,153816,154460,16,644,1,7200,1.0248447205
153803,153821,154333,18,512,1,7200,1.03515625
153811,153828,154422,17,594,1,7200,1.02861952862
153815,153834,154360,19,526,1,7200,1.036121673
153817,153839,154291,22,452,1,7200,1.04867256637
153818,153844,154242,26,398,1,7200,1.06532663317
153818,153850,154398,32,548,1,7200,1.05839416058
153819,153855,154647,36,792,1,7200,1.04545454545
153821,153860,154373,39,513,1,7200,1.07602339181
153822,153866,154366,44,500,1,7200,1.088
153823,153873,154373,50,500,1,7200,1.1
153824,153878,154329,54,451,1,7200,1.11973392461
153826,153884,154327,58,443,1,7200,1.1309255079
153827,153889,154488,62,599,1,7200,1.10350584307
153832,153894,154352,62,458,1,7200,1.13537117904
153834,153900,154505,66,605,1,7200,1.10909090909
153835,153905,154395,70,490,1,7200,1.14285714286
153842,153910,154423,68,513,1,7200,1.13255360624
153844,153916,154420,72,504,1,7200,1.14285714286
153844,153921,154506,77,585,1,7200,1.13162393162
153845,153927,154885,82,958,1,7200,1.08559498956
153846,153932,154487,86,555,1,7200,1.15495495495
153848,153937,154585,89,648,1,7200,1.13734567901
153850,153943,154462,93,519,1,7200,1.17919075145
155351,155367,167111,16,11744,5,16200,1.00136239782
155362,159019,169247,3657,10228,5,16200,1.3575479077
155368,155378,156066,10,688,1,7200,1.01453488372
155372,159024,170667,3652,11643,5,16200,1.31366486301
155372,155384,156638,12,1254,1,7200,1.00956937799
155373,155390,155958,17,568,1,7200,1.02992957746
155375,155395,155935,20,540,1,7200,1.03703703704
155376,155400,155917,24,517,1,7200,1.04642166344
155377,155405,155784,28,379,1,7200,1.07387862797
155378,155411,155908,33,497,1,7200,1.06639839034
155380,155417,156000,37,583,1,7200,1.06346483705
155382,155423,155910,41,487,1,7200,1.0841889117
155384,155428,155755,44,327,1,7200,1.13455657492
155385,155433,155973,48,540,1,7200,1.08888888889
155386,155439,155942,53,503,1,7200,1.10536779324
155389,155444,155919,55,475,1,7200,1.11578947368
155397,155449,156110,52,661,1,7200,1.07866868381
155398,155455,156245,57,790,1,7200,1.07215189873
155404,155460,155967,56,507,1,7200,1.11045364892
155405,155465,156030,60,565,1,7200,1.10619469027
155408,155471,156252,63,781,1,7200,1.08066581306
155410,155476,156165,66,689,1,7200,1.09579100145
155412,155488,156001,76,513,1,7200,1.14814814815
155413,155493,155867,80,374,1,7200,1.21390374332
155417,155499,156138,82,639,1,7200,1.12832550861
155419,155504,155891,85,387,1,7200,1.21963824289
155421,155509,155995,88,486,1,7200,1.18106995885
155423,155515,156027,92,512,1,7200,1.1796875
155426,155520,156031,94,511,1,7200,1.18395303327
155427,155526,156430,99,904,1,7200,1.10951327434
155430,155532,156080,102,548,1,7200,1.18613138686
155430,155537,156024,107,487,1,7200,1.21971252567
155431,155542,155936,111,394,1,7200,1.28172588832
156660,156667,157075,7,408,1,7200,1.01715686275
156663,156674,157189,11,515,1,7200,1.0213592233
156664,156679,157120,15,441,1,7200,1.03401360544
156665,156684,157114,19,430,1,7200,1.04418604651
156667,156690,157090,23,400,1,7200,1.0575
156668,156697,157152,29,455,1,7200,1.06373626374
156669,156702,157165,33,463,1,7200,1.07127429806
156670,156707,157345,37,638,1,7200,1.05799373041
156670,156713,157260,43,547,1,7200,1.07861060329
156671,156718,157125,47,407,1,7200,1.11547911548
156671,156724,157196,53,472,1,7200,1.11228813559
156672,156735,157253,63,518,1,7200,1.12162162162
156672,156729,157104,57,375,1,7200,1.152
156673,156740,157059,67,319,1,7200,1.21003134796
156674,156746,157261,72,515,1,7200,1.13980582524
156676,156751,156951,75,200,1,7200,1.375
156678,156757,157207,79,450,1,7200,1.17555555556
156679,156762,157474,83,712,1,7200,1.11657303371
156680,156768,157296,88,528,1,7200,1.16666666667
156684,156773,157406,89,633,1,7200,1.14060031596
156686,156779,157147,93,368,1,7200,1.2527173913
156687,156784,157456,97,672,1,7200,1.1443452381
156687,156790,157126,103,336,1,7200,1.30654761905
156688,156795,157058,107,263,1,7200,1.40684410646
156689,156801,157172,112,371,1,7200,1.30188679245
156690,156806,157305,116,499,1,7200,1.23246492986
156692,156818,157284,126,466,1,7200,1.27038626609
156693,156824,157409,131,585,1,7200,1.22393162393
156697,156829,157410,132,581,1,7200,1.22719449225
156701,156835,157390,134,555,1,7200,1.24144144144
157497,157503,159149,6,1646,1,7200,1.00364520049
157582,157589,158186,7,597,1,7200,1.01172529313
157584,157601,158173,17,572,1,7200,1.02972027972
157584,157595,158355,11,760,1,7200,1.01447368421
157614,157620,158248,6,628,1,7200,1.00955414013
157615,157627,158192,12,565,1,7200,1.02123893805
157616,157632,157837,16,205,1,7200,1.07804878049
157664,157671,158223,7,552,1,7200,1.01268115942
157685,157692,158410,7,718,1,7200,1.00974930362
157686,157697,159692,11,1995,1,7200,1.00551378446
157720,157727,158380,7,653,1,7200,1.01071975498
157741,157748,158277,7,529,1,7200,1.01323251418
157789,157796,158727,7,931,1,7200,1.00751879699
157792,157803,159334,11,1531,1,7200,1.00718484651
157850,157856,158303,6,447,1,7200,1.01342281879
157851,157868,158491,17,623,1,7200,1.02728731942
157851,157862,158307,11,445,1,7200,1.02471910112
157876,157882,158688,6,806,1,7200,1.00744416873
157876,157888,158304,12,416,1,7200,1.02884615385
157877,157895,158402,18,507,1,7200,1.03550295858
157877,157900,158531,23,631,1,7200,1.03645007924
157886,157906,160649,20,2743,1,7200,1.00729128691
157914,157922,158412,8,490,1,7200,1.01632653061
157941,157948,161100,7,3152,1,7200,1.00222081218
157942,157955,158382,13,427,1,7200,1.03044496487
157977,157983,159259,6,1276,1,7200,1.00470219436
157977,157989,158399,12,410,1,7200,1.02926829268
157978,157996,158672,18,676,1,7200,1.02662721893
157981,158001,159686,20,1685,1,7200,1.0118694362
157982,158007,158193,25,186,1,7200,1.13440860215
159015,159031,167501,16,8470,5,16200,1.00188902007
159026,159038,168077,12,9039,5,16200,1.00132758048
159027,162644,172138,3617,9494,5,16200,1.38097745945
159038,162655,172978,3617,10323,5,16200,1.35038264071
159952,159959,162149,7,2190,1,18000,1.00319634703
159992,159998,160000,6,2,2,3540,1.0
161170,161176,161579,6,403,1,7200,1.01488833747
161196,161202,161804,6,602,1,7200,1.00996677741
161197,161208,162125,11,917,1,7200,1.01199563795
161233,161239,161806,6,567,1,7200,1.01058201058
161234,161246,161747,12,501,1,7200,1.02395209581
161265,161272,161721,7,449,1,7200,1.01559020045
161471,161482,162227,11,745,1,7200,1.01476510067
161472,161489,162012,17,523,1,7200,1.03250478011
161556,161563,162157,7,594,1,7200,1.01178451178
161557,161569,161863,12,294,1,7200,1.04081632653
161558,161580,162044,22,464,1,7200,1.0474137931
161558,161575,162086,17,511,1,7200,1.03326810176
161561,161586,162207,25,621,1,7200,1.04025764895
161562,161591,165050,29,3459,1,7200,1.00838392599
161581,161597,162185,16,588,1,7200,1.02721088435
161582,161603,162303,21,700,1,7200,1.03
161583,161608,162172,25,564,1,7200,1.04432624113
161585,161614,162072,29,458,1,7200,1.06331877729
161585,161619,162424,34,805,1,7200,1.04223602484
161637,161643,164565,6,2922,1,7200,1.00205338809
161670,161677,162216,7,539,1,7200,1.01298701299
161671,161683,162437,12,754,1,7200,1.01591511936
161703,161710,162318,7,608,1,7200,1.01151315789
161705,161716,162243,11,527,1,7200,1.02087286528
161730,161736,171286,6,9550,1,18000,1.00062827225
161818,161824,165075,6,3251,1,7200,1.00184558597
161824,161833,167879,9,6046,1,18000,1.0014885875
161886,161892,162377,6,485,1,7200,1.01237113402
161896,161902,172747,6,10845,1,10800,1.00055325035
161905,161912,165038,7,3126,1,7200,1.00223928343
161964,161970,167198,6,5228,1,18000,1.00114766641
162036,162043,166198,7,4155,1,10800,1.00168471721
162111,162118,162632,7,514,1,7200,1.01361867704
162117,162125,162764,8,639,1,7200,1.01251956182
162123,162132,162692,9,560,1,7200,1.01607142857
162649,162660,170515,11,7855,5,16200,1.00140038192
162660,169903,179700,7243,9797,5,16200,1.73930795141
162660,166298,177221,3638,10923,5,16200,1.33305868351
164251,164257,166732,6,2475,1,3600,1.00242424242
164252,164264,166776,12,2512,1,3600,1.00477707006
164253,164270,167172,17,2902,1,3600,1.00585802895
164255,164275,167889,20,3614,1,3600,1.00553403431
164256,164280,167913,24,3633,1,3600,1.00660611065
164258,164286,167894,28,3608,1,3600,1.00776053215
164260,164298,167944,38,3646,1,3600,1.01042238069
164262,164303,167926,41,3623,1,3600,1.01131658846
164263,164309,167916,46,3607,1,3600,1.01275298032
164265,164314,167949,49,3635,1,3600,1.01348005502
164266,164320,167941,54,3621,1,3600,1.01491300746
164268,164325,167374,57,3049,1,3600,1.01869465398
164269,164330,167954,61,3624,1,3600,1.01683222958
164271,164336,167968,65,3632,1,3600,1.01789647577
164272,164341,166470,69,2129,1,3600,1.03240958196
164274,164346,167970,72,3624,1,3600,1.01986754967
164275,164352,167957,77,3605,1,3600,1.0213592233
164277,164357,166969,80,2612,1,3600,1.03062787136
164279,164363,168008,84,3645,1,3600,1.02304526749
164280,164368,168009,88,3641,1,3600,1.02416918429
164282,164374,167914,92,3540,1,3600,1.02598870056
164283,164379,168025,96,3646,1,3600,1.0263302249
164285,164385,167558,100,3173,1,3600,1.03151591554
164286,164390,167535,104,3145,1,3600,1.03306836248
164288,164397,168000,109,3603,1,3600,1.03025256731
164290,164402,166541,112,2139,1,3600,1.05236091632
164291,164408,167742,117,3334,1,3600,1.0350929814
164293,164413,167985,120,3572,1,3600,1.03359462486
164294,164418,168033,124,3615,1,3600,1.03430152144
164296,164424,168048,128,3624,1,3600,1.0353200883
164297,164429,167009,132,2580,1,3600,1.0511627907
164298,164435,168074,137,3639,1,3600,1.03764770541
164300,164440,167036,140,2596,1,3600,1.05392912173
164301,164446,168092,145,3646,1,3600,1.03976961053
164303,164451,168064,148,3613,1,3600,1.04096318849
164304,164457,168060,153,3603,1,3600,1.04246461282
164306,164462,168102,156,3640,1,3600,1.04285714286
164307,164468,167202,161,2734,1,3600,1.05888807608
164309,164473,168109,164,3636,1,3600,1.04510451045
164310,164479,168125,169,3646,1,3600,1.04635216676
164312,164484,168130,172,3646,1,3600,1.04717498629
164313,164490,168103,177,3613,1,3600,1.0489897592
164315,164495,167427,180,2932,1,3600,1.06139154161
164316,164501,168105,185,3604,1,3600,1.0513318535
164317,164506,168117,189,3611,1,3600,1.052340072
164319,164512,168150,193,3638,1,3600,1.05305112699
164320,164517,168137,197,3620,1,3600,1.0544198895
164322,164522,167886,200,3364,1,3600,1.0594530321
164323,164528,167960,205,3432,1,3600,1.05973193473
164325,164533,167027,208,2494,1,3600,1.08340016038
164326,164539,168150,213,3611,1,3600,1.05898643035
164328,164544,167301,216,2757,1,3600,1.07834602829
164329,164550,166602,221,2052,1,3600,1.10769980507
164331,164555,168171,224,3616,1,3600,1.06194690265
164332,164561,167633,229,3072,1,3600,1.07454427083
164334,164566,167389,232,2823,1,3600,1.08218207581
164335,164572,168180,237,3608,1,3600,1.06568736142
164336,164577,167112,241,2535,1,3600,1.09506903353
164338,164582,168200,244,3618,1,3600,1.0674405749
164339,164588,168190,249,3602,1,3600,1.06912826208
164341,164593,168233,252,3640,1,3600,1.06923076923
164342,164599,166809,257,2210,1,3600,1.11628959276
164344,164604,168249,260,3645,1,3600,1.07133058985
164345,164610,168216,265,3606,1,3600,1.07348863006
164347,164615,168048,268,3433,1,3600,1.07806583163
164348,164621,167898,273,3277,1,3600,1.08330790357
164349,164626,168230,277,3604,1,3600,1.0768590455
164351,164632,168277,281,3645,1,3600,1.07709190672
164352,164637,167798,285,3161,1,3600,1.09016134135
164354,164643,167606,289,2963,1,3600,1.0975362808
164355,164648,167972,293,3324,1,3600,1.08814681107
164357,164654,168262,297,3608,1,3600,1.08231707317
164358,164659,168285,301,3626,1,3600,1.08301158301
164360,164665,168280,305,3615,1,3600,1.08437067773
164361,164670,168294,309,3624,1,3600,1.08526490066
164362,164676,168289,314,3613,1,3600,1.08690838638
164364,164681,166974,317,2293,1,3600,1.1382468382
164365,164687,168327,322,3640,1,3600,1.08846153846
164367,164692,168295,325,3603,1,3600,1.09020260894
164368,164698,168344,330,3646,1,3600,1.09051014811
164370,164703,168305,333,3602,1,3600,1.09244863964
164371,164708,168341,337,3633,1,3600,1.09276080374
164373,164714,168348,341,3634,1,3600,1.0938359934
164374,164719,168357,345,3638,1,3600,1.09483232545
164376,164725,167275,349,2550,1,3600,1.1368627451
164377,164730,167609,353,2879,1,3600,1.12261201806
164379,164736,168373,357,3637,1,3600,1.09815782238
164380,164741,168368,361,3627,1,3600,1.09953129308
164381,164747,168363,366,3616,1,3600,1.10121681416
164383,164752,168369,369,3617,1,3600,1.10201824717
164384,164758,168314,374,3556,1,3600,1.10517435321
164386,164763,168380,377,3617,1,3600,1.10423002488
164387,164769,166693,382,1924,1,3600,1.19854469854
164389,164774,168420,385,3646,1,3600,1.10559517279
164390,164780,168405,390,3625,1,3600,1.1075862069
164392,164813,168419,421,3606,1,3600,1.11674986134
164393,164819,168454,426,3635,1,3600,1.11719394773
164395,164824,168430,429,3606,1,3600,1.11896838602
164396,164830,168442,434,3612,1,3600,1.12015503876
164397,164835,168453,438,3618,1,3600,1.12106135987
164399,166481,170098,2082,3617,1,3600,1.57561515068
165147,165154,165682,7,528,1,7200,1.01325757576
165149,165160,166067,11,907,1,7200,1.01212789416
165150,165166,166416,16,1250,1,7200,1.0128
165151,165171,165836,20,665,1,7200,1.03007518797
165151,165177,165685,26,508,1,7200,1.05118110236
165162,165189,165777,27,588,1,7200,1.04591836735
165163,165197,165995,34,798,1,7200,1.04260651629
165165,165203,166074,38,871,1,7200,1.04362801378
165168,165208,166036,40,828,1,7200,1.04830917874
165168,165214,165721,46,507,1,7200,1.09072978304
165169,165219,165845,50,626,1,7200,1.07987220447
165171,165224,165656,53,432,1,7200,1.12268518519
165173,165230,165846,57,616,1,7200,1.09253246753
165174,165235,165940,61,705,1,7200,1.0865248227
165175,165241,165813,66,572,1,7200,1.11538461538
165176,165246,165969,70,723,1,7200,1.09681881051
165184,165252,165813,68,561,1,7200,1.12121212121
165185,165258,166226,73,968,1,7200,1.07541322314
165194,165263,165889,69,626,1,7200,1.11022364217
165195,165269,165742,74,473,1,7200,1.15644820296
165197,165280,166032,83,752,1,7200,1.11037234043
165197,165274,165912,77,638,1,7200,1.12068965517
165198,165285,166082,87,797,1,7200,1.10915934755
165214,165291,166038,77,747,1,7200,1.1030789826
165214,165296,165811,82,515,1,7200,1.15922330097
165216,165301,166031,85,730,1,7200,1.11643835616
165217,165307,165957,90,650,1,7200,1.13846153846
165218,165312,165853,94,541,1,7200,1.17375231054
165219,165318,168306,99,2988,1,7200,1.03313253012
165228,165323,165897,95,574,1,7200,1.16550522648
166294,166305,178872,11,12567,5,16200,1.00087530835
166305,169926,182857,3621,12931,5,16200,1.28002474673
166507,166553,170164,46,3611,1,3600,1.0127388535
166569,166614,168776,45,2162,1,3600,1.02081406105
166631,166705,170334,74,3629,1,3600,1.02039129237
166753,166759,170395,6,3636,1,3600,1.00165016502
166755,166788,170419,33,3631,1,3600,1.0090884054
166817,166824,169814,7,2990,1,3600,1.00234113712
166818,166981,169892,163,2911,1,3600,1.05599450361
167000,167006,170621,6,3615,1,3600,1.00165975104
167002,167022,170642,20,3620,1,3600,1.00552486188
167065,167071,170688,6,3617,1,3600,1.00165883329
167067,167084,170708,17,3624,1,3600,1.00469094923
167068,167124,170684,56,3560,1,3600,1.01573033708
167130,167184,170795,54,3611,1,3600,1.01495430629
167191,167215,170859,24,3644,1,3600,1.00658616905
167253,167287,170863,34,3576,1,3600,1.00950782998
167315,167322,169251,7,1929,1,3600,1.00362882322
167317,167386,171008,69,3622,1,3600,1.01905024848
167439,167446,171073,7,3627,1,3600,1.00192996967
167441,167453,171092,12,3639,1,3600,1.00329760923
167442,167547,171122,105,3575,1,3600,1.02937062937
167564,167570,171216,6,3646,1,3600,1.00164563906
167566,167618,171240,52,3622,1,3600,1.014356709
167627,167634,171237,7,3603,1,3600,1.00194282542
167629,167650,171261,21,3611,1,3600,1.00581556356
167691,167754,169835,63,2081,1,3600,1.03027390678
167752,167810,171449,58,3639,1,3600,1.01593844463
167814,167898,171506,84,3608,1,3600,1.02328159645
167936,167942,171578,6,3636,1,3600,1.00165016502
167938,167950,171558,12,3608,1,3600,1.00332594235
167939,167955,171584,16,3629,1,3600,1.00440892808
167941,167961,171571,20,3610,1,3600,1.0055401662
167942,167966,171606,24,3640,1,3600,1.00659340659
167944,167971,171596,27,3625,1,3600,1.00744827586
167945,167978,171371,33,3393,1,3600,1.00972590628
167947,167983,171594,36,3611,1,3600,1.00996953752
167948,167989,171635,41,3646,1,3600,1.01124520022
167950,167994,171599,44,3605,1,3600,1.01220527046
168012,168019,171658,7,3639,1,3600,1.00192360539
168013,168026,171148,13,3122,1,3600,1.00416399744
168015,168031,171647,16,3616,1,3600,1.00442477876
168017,168036,170991,19,2955,1,3600,1.00642978003
168018,168042,171654,24,3612,1,3600,1.00664451827
168020,168047,171175,27,3128,1,3600,1.00863171355
168021,168053,171670,32,3617,1,3600,1.00884711087
168023,168059,171671,36,3612,1,3600,1.00996677741
168024,168064,171678,40,3614,1,3600,1.01106806862
168026,168069,171708,43,3639,1,3600,1.01181643309
168027,168075,171705,48,3630,1,3600,1.0132231405
168089,168096,171345,7,3249,1,3600,1.00215450908
168091,168102,170794,11,2692,1,3600,1.00408618128
168092,168107,171439,15,3332,1,3600,1.00450180072
168094,168113,170863,19,2750,1,3600,1.00690909091
168095,168118,170471,23,2353,1,3600,1.00977475563
168097,168131,171737,34,3606,1,3600,1.00942872989
168099,168136,171258,37,3122,1,3600,1.01185137732
168100,168141,171086,41,2945,1,3600,1.01392190153
168162,168169,171815,7,3646,1,3600,1.00191991223
168163,168175,171821,12,3646,1,3600,1.00329127811
168165,168180,171793,15,3613,1,3600,1.00415167451
168166,168186,171795,20,3609,1,3600,1.0055417013
168168,168191,171807,23,3616,1,3600,1.00636061947
168169,168196,171841,27,3645,1,3600,1.00740740741
168171,168204,171827,33,3623,1,3600,1.00910847364
168172,168209,171362,37,3153,1,3600,1.01173485569
168174,168214,171816,40,3602,1,3600,1.0111049417
168176,168220,170206,44,1986,1,3600,1.0221550856
168382,168388,169125,6,737,1,7200,1.00814111262
168383,168396,169211,13,815,1,7200,1.01595092025
168384,168401,168843,17,442,1,7200,1.03846153846
168385,168406,169032,21,626,1,7200,1.03354632588
168387,168412,169144,25,732,1,7200,1.03415300546
168388,168417,169207,29,790,1,7200,1.03670886076
168391,168423,170520,32,2097,1,7200,1.01525989509
168392,168429,169049,37,620,1,7200,1.05967741935
168393,168434,169102,41,668,1,7200,1.06137724551
168406,168439,170770,33,2331,1,7200,1.01415701416
168407,168445,169373,38,928,1,7200,1.04094827586
168408,168450,169173,42,723,1,7200,1.05809128631
168410,168455,169164,45,709,1,7200,1.0634696756
168415,168461,171591,46,3130,1,7200,1.01469648562
168417,168466,168953,49,487,1,7200,1.10061601643
168418,168473,169489,55,1016,1,7200,1.05413385827
168419,168478,169213,59,735,1,7200,1.08027210884
168434,168483,169954,49,1471,1,7200,1.03331067301
168442,168489,169065,47,576,1,7200,1.08159722222
168445,168505,169049,60,544,1,7200,1.11029411765
168445,168494,169157,49,663,1,7200,1.07390648567
168445,168499,171129,54,2630,1,7200,1.02053231939
168446,168510,169110,64,600,1,7200,1.10666666667
168447,168515,170986,68,2471,1,7200,1.02751922299
168449,168521,169121,72,600,1,7200,1.12
168451,168526,169106,75,580,1,7200,1.12931034483
168452,168531,169058,79,527,1,7200,1.14990512334
168454,168537,169047,83,510,1,7200,1.16274509804
168457,168542,171617,85,3075,1,7200,1.02764227642
168462,168547,169126,85,579,1,7200,1.14680483592
169899,169910,183486,11,13576,5,16200,1.00081025339
169910,169917,182694,7,12777,5,16200,1.00054785943
169920,173584,182125,3664,8541,5,16200,1.42898957967
169931,173589,181817,3658,8228,5,16200,1.44457948469
170077,170084,170086,7,2,2,3540,1.0
170337,170345,172973,8,2628,1,3600,1.00304414003
170338,170350,173989,12,3639,1,3600,1.00329760923
170339,170357,173994,18,3637,1,3600,1.0049491339
170341,170362,173999,21,3637,1,3600,1.00577398955
170342,170368,173979,26,3611,1,3600,1.00720022155
170344,170373,173981,29,3608,1,3600,1.00803769401
170345,170379,173414,34,3035,1,3600,1.01120263591
170347,170384,173453,37,3069,1,3600,1.01205604431
170348,170389,174007,41,3618,1,3600,1.01133222775
170349,170395,174030,46,3635,1,3600,1.01265474553
170351,170400,174006,49,3606,1,3600,1.01358846367
170352,170423,174040,71,3617,1,3600,1.01962952723
170354,170428,174040,74,3612,1,3600,1.02048726467
170355,170433,174038,78,3605,1,3600,1.02163661581
170357,170439,172966,82,2527,1,3600,1.03244954491
170358,170444,174066,86,3622,1,3600,1.02374378796
170360,170449,173430,89,2981,1,3600,1.0298557531
170361,170455,174083,94,3628,1,3600,1.02590959206
170363,170460,174092,97,3632,1,3600,1.02670704846
170364,170466,174071,102,3605,1,3600,1.02829403606
170366,170471,174090,105,3619,1,3600,1.02901353965
170367,170476,174085,109,3609,1,3600,1.0302022721
170368,170482,174093,114,3611,1,3600,1.03157020216
170370,170487,174097,117,3610,1,3600,1.0324099723
170371,170493,173171,122,2678,1,3600,1.04555638536
170373,170499,174100,126,3601,1,3600,1.03499028048
170374,170504,173345,130,2841,1,3600,1.04575853573
170376,170509,173018,133,2509,1,3600,1.053009167
170377,170515,174143,138,3628,1,3600,1.03803748622
170379,170520,174154,141,3634,1,3600,1.03880022014
170380,170526,173922,146,3396,1,3600,1.04299175501
170381,170531,174133,150,3602,1,3600,1.04164353137
170383,170537,174173,154,3636,1,3600,1.04235423542
170385,170542,174174,157,3632,1,3600,1.04322687225
170386,170547,174035,161,3488,1,3600,1.04615825688
170387,170553,174199,166,3646,1,3600,1.04552934723
170389,170558,173340,169,2782,1,3600,1.06074766355
170390,170564,174180,174,3616,1,3600,1.04811946903
170392,170569,174210,177,3641,1,3600,1.0486130184
170393,170574,174214,181,3640,1,3600,1.04972527473
170395,170580,174190,185,3610,1,3600,1.0512465374
170396,170585,174202,189,3617,1,3600,1.05225324855
170398,170591,173722,193,3131,1,3600,1.06164164804
170459,170609,173852,150,3243,1,3600,1.04625346901
170461,170614,174260,153,3646,1,3600,1.04196379594
170522,170633,174266,111,3633,1,3600,1.03055326177
170564,301043,306743,130479,5700,11,57600,23.8910526316
170644,170653,173950,9,3297,1,3600,1.00272975432
170706,170713,174333,7,3620,1,3600,1.00193370166
170707,170719,174353,12,3634,1,3600,1.0033021464
170709,170724,173318,15,2594,1,3600,1.00578257517
170770,170806,173305,36,2499,1,3600,1.0144057623
170832,170838,174440,6,3602,1,3600,1.00166574125
170834,170871,174505,37,3634,1,3600,1.01018161805
170895,170902,174540,7,3638,1,3600,1.00192413414
170897,170908,173941,11,3033,1,3600,1.00362677217
170898,171002,174624,104,3622,1,3600,1.028713418
171020,171026,174653,6,3627,1,3600,1.00165425972
171022,171085,174208,63,3123,1,3600,1.02017291066
171083,171099,174724,16,3625,1,3600,1.0044137931
171145,171152,174779,7,3627,1,3600,1.00192996967
171147,171159,174266,12,3107,1,3600,1.00386224654
171148,171164,174705,16,3541,1,3600,1.0045184976
171210,171216,174855,6,3639,1,3600,1.00164880462
171211,171228,174861,17,3633,1,3600,1.00467932838
171273,171279,174683,6,3404,1,3600,1.0017626322
171275,171287,174897,12,3610,1,3600,1.00332409972
171276,171292,174906,16,3614,1,3600,1.00442722745
171278,171298,174008,20,2710,1,3600,1.0073800738
171279,171357,174959,78,3602,1,3600,1.02165463631
171401,171408,174693,7,3285,1,3600,1.00213089802
171402,171415,175027,13,3612,1,3600,1.00359911406
171404,171451,175084,47,3633,1,3600,1.01293696669
171465,171472,173279,7,1807,1,3600,1.00387382402
171467,171518,175132,51,3614,1,3600,1.01411178749
171529,171571,175203,42,3632,1,3600,1.01156387665
171590,171597,175229,7,3632,1,3600,1.00192731278
171592,171604,175228,12,3624,1,3600,1.00331125828
171593,171609,175216,16,3607,1,3600,1.00443581924
171595,171616,175239,21,3623,1,3600,1.00579630141
171600,171621,175244,21,3623,1,3600,1.00579630141
171601,171627,174774,26,3147,1,3600,1.00826183667
171663,171670,175296,7,3626,1,3600,1.00193050193
171665,171676,175280,11,3604,1,3600,1.00305216426
171666,171682,174406,16,2724,1,3600,1.00587371512
171668,171687,175292,19,3605,1,3600,1.0052704577
171669,171693,175299,24,3606,1,3600,1.00665557404
171671,171721,175367,50,3646,1,3600,1.0137136588
171674,171700,172405,26,705,1,7200,1.03687943262
171685,171705,172381,20,676,1,7200,1.02958579882
171688,171716,172156,28,440,1,7200,1.06363636364
171688,171711,172305,23,594,1,7200,1.03872053872
171694,171729,172202,35,473,1,7200,1.07399577167
171695,171734,172328,39,594,1,7200,1.06565656566
171709,171740,172961,31,1221,1,7200,1.02538902539
171721,171745,173161,24,1416,1,7200,1.01694915254
171725,171751,172420,26,669,1,7200,1.03886397608
171728,171757,172356,29,599,1,7200,1.04841402337
171730,171762,173806,32,2044,1,7200,1.0156555773
171732,171773,175403,41,3630,1,3600,1.01129476584
171734,171779,174180,45,2401,1,3600,1.01874219075
171735,171784,175420,49,3636,1,3600,1.01347634763
171737,171790,175406,53,3616,1,3600,1.01465707965
171738,171795,175181,57,3386,1,3600,1.01683402245
171741,171768,172559,27,791,1,7200,1.03413400759
171755,171802,172869,47,1067,1,7200,1.04404873477
171757,171807,172407,50,600,1,7200,1.08333333333
171767,171813,172868,46,1055,1,7200,1.04360189573
171774,171818,172412,44,594,1,7200,1.07407407407
171779,171824,172384,45,560,1,7200,1.08035714286
171786,171830,172489,44,659,1,7200,1.06676783005
171787,171835,172624,48,789,1,7200,1.0608365019
171792,171841,172419,49,578,1,7200,1.08477508651
171795,171846,172426,51,580,1,7200,1.08793103448
171799,171853,172304,54,451,1,7200,1.11973392461
171800,171902,175536,102,3634,1,3600,1.02806824436
171800,171859,172451,59,592,1,7200,1.09966216216
171802,171908,175549,106,3641,1,3600,1.02911288108
171803,171913,175551,110,3638,1,3600,1.03023639362
171806,171864,172470,58,606,1,7200,1.09570957096
171808,171869,172578,61,709,1,7200,1.08603667137
171812,171875,172379,63,504,1,7200,1.125
171816,171880,174588,64,2708,1,7200,1.02363367799
171817,171886,172550,69,664,1,7200,1.10391566265
171824,171891,172811,67,920,1,7200,1.07282608696
171825,171897,172604,72,707,1,7200,1.1018387553
171865,171926,174967,61,3041,1,3600,1.02005919106
171867,171932,175570,65,3638,1,3600,1.01786695987
171868,171937,175539,69,3602,1,3600,1.01915602443
171870,171943,175547,73,3604,1,3600,1.02025527192
171871,171948,174596,77,2648,1,3600,1.02907854985
171873,172978,175960,1105,2982,1,3600,1.37055667337
173017,173023,176669,6,3646,1,3600,1.00164563906
173018,173030,176665,12,3635,1,3600,1.00330123796
173080,173183,176801,103,3618,1,3600,1.02846876727
173202,173291,176901,89,3610,1,3600,1.02465373961
173324,173331,176939,7,3608,1,3600,1.00194013304
173326,173338,176957,12,3619,1,3600,1.0033158331
173327,173352,176085,25,2733,1,3600,1.00914745701
173389,173396,177042,7,3646,1,3600,1.00191991223
173390,173426,177065,36,3639,1,3600,1.0098928277
173452,173459,177105,7,3646,1,3600,1.00191991223
173454,173465,177040,11,3575,1,3600,1.00307692308
173515,173734,177379,219,3645,1,3600,1.06008230453
173585,173601,185025,16,11424,5,16200,1.00140056022
173585,173596,185263,11,11667,5,16200,1.0009428302
173596,180853,189388,7257,8535,5,16200,1.85026362039
173607,180859,189394,7252,8535,5,16200,1.84967779731
173758,173864,177484,106,3620,1,3600,1.02928176796
173880,173934,177567,54,3633,1,3600,1.01486374897
173942,173953,177558,11,3605,1,3600,1.00305131761
174004,174011,177634,7,3623,1,3600,1.00193210047
174006,174017,177639,11,3622,1,3600,1.00303699613
174007,174022,177203,15,3181,1,3600,1.00471549827
174009,174028,177362,19,3334,1,3600,1.00569886023
174010,174033,177426,23,3393,1,3600,1.00677866195
174012,174039,177662,27,3623,1,3600,1.00745238752
174013,174045,176831,32,2786,1,3600,1.01148600144
174016,174050,177696,34,3646,1,3600,1.00932528799
174017,174056,177034,39,2978,1,3600,1.01309603761
174019,174063,177684,44,3621,1,3600,1.01215133941
174081,174088,177690,7,3602,1,3600,1.0019433648
174083,174094,177697,11,3603,1,3600,1.00305301138
174084,174099,177735,15,3636,1,3600,1.00412541254
174086,174105,177711,19,3606,1,3600,1.00526899612
174087,174110,177720,23,3610,1,3600,1.00637119114
174089,174117,177656,28,3539,1,3600,1.0079118395
174091,174122,177741,31,3619,1,3600,1.00856590218
174092,174128,177730,36,3602,1,3600,1.00999444753
174094,174133,176834,39,2701,1,3600,1.01443909663
174155,174163,177808,8,3645,1,3600,1.00219478738
174157,174169,176873,12,2704,1,3600,1.00443786982
174159,174175,177801,16,3626,1,3600,1.00441257584
174160,174180,177788,20,3608,1,3600,1.00554323725
174162,174185,177818,23,3633,1,3600,1.00633085604
174163,174191,177826,28,3635,1,3600,1.00770288858
174165,174198,176564,33,2366,1,3600,1.01394759087
174166,174203,177806,37,3603,1,3600,1.01026922009
174228,174235,177512,7,3277,1,3600,1.00213610009
174229,174241,177870,12,3629,1,3600,1.00330669606
174231,174247,177864,16,3617,1,3600,1.00442355543
174232,174252,177126,20,2874,1,3600,1.00695894224
174234,174257,177873,23,3616,1,3600,1.00636061947
174236,174263,177877,27,3614,1,3600,1.00747094632
174237,174269,177328,32,3059,1,3600,1.01046093495
174239,174275,177216,36,2941,1,3600,1.01224073444
174240,174280,177885,40,3605,1,3600,1.01109570042
174242,174287,177041,45,2754,1,3600,1.01633986928
174304,174311,177932,7,3621,1,3600,1.00193316763
174305,174317,177950,12,3633,1,3600,1.00330305533
174307,174344,177978,37,3634,1,3600,1.01018161805
174368,174375,177956,7,3581,1,3600,1.00195476124
174370,174417,177240,47,2823,1,3600,1.01664895501
174432,174452,178085,20,3633,1,3600,1.00550509221
174494,174517,178150,23,3633,1,3600,1.00633085604
174555,174561,178185,6,3624,1,3600,1.00165562914
174557,174608,178231,51,3623,1,3600,1.01407673199
174619,174666,178273,47,3607,1,3600,1.01303021902
174619,174625,175349,6,724,1,7200,1.00828729282
174622,174631,174936,9,305,1,7200,1.02950819672
174625,174637,177180,12,2543,1,7200,1.00471883602
174628,174644,175290,16,646,1,7200,1.02476780186
174630,174649,175196,19,547,1,7200,1.03473491773
174632,174655,175544,23,889,1,7200,1.02587176603
174633,174660,175178,27,518,1,7200,1.05212355212
174646,174673,175731,27,1058,1,7200,1.02551984877
174647,174683,175403,36,720,1,7200,1.05
174647,174678,175239,31,561,1,7200,1.05525846702
174649,174689,175155,40,466,1,7200,1.08583690987
174650,174694,175182,44,488,1,7200,1.09016393443
174653,174700,176568,47,1868,1,7200,1.02516059957
174681,174712,175146,31,434,1,7200,1.07142857143
174681,174739,178353,58,3614,1,3600,1.0160486995
174682,174717,175296,35,579,1,7200,1.06044905009
174682,174745,178375,63,3630,1,3600,1.0173553719
174683,174723,175355,40,632,1,7200,1.06329113924
174687,174728,175303,41,575,1,7200,1.07130434783
174689,174734,175300,45,566,1,7200,1.07950530035
174704,174751,175393,47,642,1,7200,1.07320872274
174705,174757,175296,52,539,1,7200,1.09647495362
174706,174762,175302,56,540,1,7200,1.1037037037
174728,174768,175336,40,568,1,7200,1.07042253521
174733,174773,175252,40,479,1,7200,1.08350730689
174734,174778,175550,44,772,1,7200,1.05699481865
174736,174784,175461,48,677,1,7200,1.07090103397
174738,174790,175279,52,489,1,7200,1.1063394683
174743,174795,175453,52,658,1,7200,1.07902735562
174744,174801,175933,57,1132,1,7200,1.05035335689
174744,174806,178445,62,3639,1,3600,1.01703764771
174746,174824,176363,78,1539,1,3600,1.05068226121
174747,174813,175327,66,514,1,7200,1.12840466926
174749,174818,176098,69,1280,1,7200,1.05390625
176196,176202,176204,6,2,2,7200,1.0
176308,176318,176319,10,1,2,7200,1.1
176413,176420,176421,7,1,2,7200,1.0
176544,176550,176551,6,1,2,7200,1.0
177233,177241,177889,8,648,1,7200,1.01234567901
177235,177246,177832,11,586,1,7200,1.01877133106
177236,177252,177804,16,552,1,7200,1.02898550725
177237,177258,177834,21,576,1,7200,1.03645833333
177242,177263,177843,21,580,1,7200,1.03620689655
177247,177268,177824,21,556,1,7200,1.03776978417
177247,177276,177826,29,550,1,7200,1.05272727273
177248,177281,177839,33,558,1,7200,1.05913978495
177249,177286,178102,37,816,1,7200,1.04534313725
177264,177292,177975,28,683,1,7200,1.04099560761
177273,177298,178156,25,858,1,7200,1.02913752914
177274,177303,177795,29,492,1,7200,1.05894308943
177285,177309,177604,24,295,1,7200,1.0813559322
177285,177314,177951,29,637,1,7200,1.04552590267
177287,177319,178034,32,715,1,7200,1.04475524476
177289,177325,179494,36,2169,1,7200,1.01659751037
177290,177330,177947,40,617,1,7200,1.06482982172
177291,177335,178018,44,683,1,7200,1.06442166911
177292,177341,177916,49,575,1,7200,1.0852173913
177293,177348,177874,55,526,1,7200,1.10456273764
177295,177353,178583,58,1230,1,7200,1.04715447154
177295,177358,177916,63,558,1,7200,1.11290322581
177296,177364,178115,68,751,1,7200,1.09054593875
177298,177369,177863,71,494,1,7200,1.14372469636
177303,177374,177858,71,484,1,7200,1.14669421488
177306,177380,177849,74,469,1,7200,1.15778251599
177307,177385,177991,78,606,1,7200,1.12871287129
177308,177390,177990,82,600,1,7200,1.13666666667
177316,177396,177929,80,533,1,7200,1.15009380863
177317,177401,177941,84,540,1,7200,1.15555555556
179566,179572,180097,6,525,1,7200,1.01142857143
179567,179578,180222,11,644,1,7200,1.01708074534
179568,179584,180090,16,506,1,7200,1.03162055336
179570,179589,180258,19,669,1,7200,1.02840059791
179572,179594,180037,22,443,1,7200,1.04966139955
179573,179601,180191,28,590,1,7200,1.04745762712
179576,179607,180069,31,462,1,7200,1.0670995671
179578,179612,180103,34,491,1,7200,1.06924643585
179584,179617,180160,33,543,1,7200,1.06077348066
179592,179623,180093,31,470,1,7200,1.06595744681
179594,179628,183163,34,3535,1,7200,1.00961810467
179608,179635,180267,27,632,1,7200,1.04272151899
179609,179640,180188,31,548,1,7200,1.05656934307
179611,179645,180198,34,553,1,7200,1.06148282098
179612,179651,180270,39,619,1,7200,1.06300484653
179615,179656,180076,41,420,1,7200,1.09761904762
179619,179661,180450,42,789,1,7200,1.05323193916
179622,179667,180239,45,572,1,7200,1.07867132867
179626,179672,180465,46,793,1,7200,1.0580075662
179627,179677,180194,50,517,1,7200,1.09671179884
179628,179688,180296,60,608,1,7200,1.09868421053
179628,179683,180141,55,458,1,7200,1.12008733624
179634,179695,180214,61,519,1,7200,1.11753371869
179637,179700,180312,63,612,1,7200,1.10294117647
179639,179711,180224,72,513,1,7200,1.14035087719
179639,179705,180278,66,573,1,7200,1.11518324607
179641,179722,180781,81,1059,1,7200,1.07648725212
179641,179716,180266,75,550,1,7200,1.13636363636
179643,179727,180241,84,514,1,7200,1.16342412451
179647,179732,180310,85,578,1,7200,1.14705882353
180859,184470,192356,3611,7886,5,16200,1.45790007608
180859,180865,188866,6,8001,5,16200,1.00074990626
180870,184482,194559,3612,10077,5,16200,1.35844001191
181672,181679,181689,7,10,1,3600,1.7
181844,181851,181978,7,127,1,3600,1.05511811024
182119,182125,182421,6,296,1,3600,1.02027027027
182688,182694,183332,6,638,1,3600,1.00940438871
183243,183250,183760,7,510,1,7200,1.0137254902
183248,183256,183729,8,473,1,7200,1.01691331924
183249,183261,183767,12,506,1,7200,1.02371541502
183250,183267,183622,17,355,1,7200,1.04788732394
183251,183273,183832,22,559,1,7200,1.03935599284
183252,183279,183742,27,463,1,7200,1.05831533477
183253,183284,183708,31,424,1,7200,1.07311320755
183256,183290,183805,34,515,1,7200,1.06601941748
183257,183295,183784,38,489,1,7200,1.07770961145
183258,183300,183768,42,468,1,7200,1.08974358974
183272,183307,183782,35,475,1,7200,1.07368421053
183272,183313,183923,41,610,1,7200,1.06721311475
183280,183318,183723,38,405,1,7200,1.09382716049
183281,183329,183840,48,511,1,7200,1.0939334638
183281,183323,183942,42,619,1,7200,1.06785137318
183282,183334,183771,52,437,1,7200,1.11899313501
183283,183340,183790,57,450,1,7200,1.12666666667
183288,183345,183966,57,621,1,7200,1.09178743961
183289,183350,183762,61,412,1,7200,1.14805825243
183291,183356,183817,65,461,1,7200,1.1409978308
183295,183361,183801,66,440,1,7200,1.15
183297,183366,183896,69,530,1,7200,1.13018867925
183298,183372,183801,74,429,1,7200,1.17249417249
183298,183377,183791,79,414,1,7200,1.19082125604
183302,183385,183953,83,568,1,7200,1.14612676056
183311,183395,183792,84,397,1,7200,1.21158690176
183311,183390,183894,79,504,1,7200,1.15674603175
183312,183401,183917,89,516,1,7200,1.17248062016
183316,183406,183807,90,401,1,7200,1.22443890274
183318,183411,183905,93,494,1,7200,1.18825910931
183980,183986,183992,6,6,1,3600,1.2
184027,184033,184452,6,419,1,7200,1.01431980907
184043,184051,184591,8,540,1,7200,1.01481481481
184111,184117,184731,6,614,1,7200,1.00977198697
184119,184125,184614,6,489,1,7200,1.01226993865
184120,184132,184226,12,94,1,3600,1.12765957447
184241,184248,184774,7,526,1,7200,1.01330798479
184242,184254,184642,12,388,1,7200,1.03092783505
184279,184285,184897,6,612,1,7200,1.00980392157
184284,184298,184800,14,502,1,7200,1.02788844622
184285,184303,184834,18,531,1,7200,1.03389830508
184295,184310,184854,15,544,1,7200,1.02757352941
184299,184315,185940,16,1625,1,7200,1.00984615385
184343,184349,187421,6,3072,1,7200,1.001953125
184357,184364,184836,7,472,1,7200,1.01483050847
184358,184370,184658,12,288,1,3600,1.04166666667
184384,184397,185385,13,988,1,7200,1.01315789474
184436,184444,185337,8,893,1,7200,1.00895856663
184464,184476,187974,12,3498,1,7200,1.00343053173
184471,184488,196217,17,11729,5,16200,1.00144939893
184482,184494,197334,12,12840,5,16200,1.00093457944
184493,184500,192895,7,8395,5,16200,1.00083382966
184558,184565,185150,7,585,1,7200,1.01196581197
184599,184605,185049,6,444,1,7200,1.01351351351
184604,184612,185132,8,520,1,7200,1.01538461538
184605,184617,186830,12,2213,1,7200,1.00542250339
184606,184623,185115,17,492,1,7200,1.03455284553
184607,184629,185198,22,569,1,7200,1.03866432337
184649,184667,185126,18,459,1,7200,1.03921568627
184649,184655,185151,6,496,1,7200,1.01209677419
184655,184672,185286,17,614,1,7200,1.02768729642
184678,184684,185539,6,855,1,7200,1.00701754386
184697,184704,187142,7,2438,1,7200,1.00287120591
184714,184721,185276,7,555,1,7200,1.01261261261
184801,184807,185449,6,642,1,7200,1.00934579439
184802,184813,188051,11,3238,1,7200,1.00339715874
184975,184982,185609,7,627,1,3600,1.01116427432
185168,185175,185183,7,8,1,1800,1.5
185343,185350,185429,7,79,1,1800,1.08860759494
185659,185666,185757,7,91,1,1800,1.07692307692
185669,185675,185833,6,158,1,3600,1.03797468354
185963,185969,186308,6,339,1,3600,1.01769911504
186240,186246,186624,6,378,1,1800,1.01587301587
186580,186586,187205,6,619,1,3600,1.00969305331
187255,187261,187268,6,7,1,1800,1.3
187431,187437,187479,6,42,1,1800,1.14285714286
187709,187715,187788,6,73,1,1800,1.08219178082
188106,188113,188665,7,552,1,7200,1.01268115942
188107,188119,188761,12,642,1,7200,1.01869158879
188108,188125,188804,17,679,1,7200,1.02503681885
188118,188131,190325,13,2194,1,7200,1.00592525068
188119,188136,189066,17,930,1,7200,1.01827956989
188122,188148,188742,26,594,1,7200,1.04377104377
188122,188142,188808,20,666,1,7200,1.03003003003
188123,188153,188674,30,521,1,7200,1.0575815739
188123,188158,188728,35,570,1,7200,1.06140350877
188125,188164,188873,39,709,1,7200,1.05500705219
188126,188169,188756,43,587,1,7200,1.07325383305
188128,188180,188755,52,575,1,7200,1.09043478261
188128,188175,188760,47,585,1,7200,1.08034188034
188129,188185,188690,56,505,1,7200,1.11089108911
188136,188191,189396,55,1205,1,7200,1.04564315353
188141,188198,191209,57,3011,1,7200,1.01893058784
188142,188203,188746,61,543,1,7200,1.1123388582
188143,188209,188782,66,573,1,7200,1.11518324607
188144,188219,188841,75,622,1,7200,1.12057877814
188144,188214,188998,70,784,1,7200,1.08928571429
188149,188225,190342,76,2117,1,7200,1.03589985829
188150,188230,188726,80,496,1,7200,1.16129032258
188152,188235,188813,83,578,1,7200,1.14359861592
188153,188241,188932,88,691,1,7200,1.12735166425
188155,188246,191073,91,2827,1,7200,1.03218960028
188156,188252,188824,96,572,1,7200,1.16783216783
188157,188257,189013,100,756,1,7200,1.13227513228
188158,188262,188621,104,359,1,7200,1.28969359331
188159,188268,188770,109,502,1,7200,1.2171314741
188160,188273,188636,113,363,1,7200,1.31129476584
188252,188280,188407,28,127,1,3600,1.22047244094
188404,188410,188664,6,254,1,1800,1.02362204724
188548,188555,188865,7,310,1,3600,1.02258064516
189213,189219,189834,6,615,1,3600,1.00975609756
191287,191293,192059,6,766,1,7200,1.00783289817
191299,191310,192373,11,1063,1,7200,1.0103480715
191299,191305,191896,6,591,1,7200,1.01015228426
191301,191317,192062,16,745,1,7200,1.02147651007
191303,191323,192246,20,923,1,7200,1.02166847237
191309,191328,192054,19,726,1,7200,1.0261707989
191312,191334,193359,22,2025,1,7200,1.01086419753
191313,191340,192005,27,665,1,7200,1.04060150376
191314,191345,192073,31,728,1,7200,1.04258241758
191315,191350,191873,35,523,1,7200,1.06692160612
191322,191356,192554,34,1198,1,7200,1.02838063439
191325,191361,191977,36,616,1,7200,1.05844155844
191327,191367,191819,40,452,1,7200,1.08849557522
191329,191372,191596,43,224,1,7200,1.19196428571
191331,191379,192063,48,684,1,7200,1.0701754386
191333,191384,192076,51,692,1,7200,1.07369942197
191334,191395,191813,61,418,1,7200,1.14593301435
191334,191390,191899,56,509,1,7200,1.11001964637
191336,191400,194907,64,3507,1,7200,1.01824921585
191339,191406,192085,67,679,1,7200,1.09867452135
191341,191411,191928,70,517,1,7200,1.13539651838
191341,191416,192086,75,670,1,7200,1.11194029851
191344,191422,191929,78,507,1,7200,1.15384615385
191346,191427,194883,81,3456,1,7200,1.0234375
191351,191433,192820,82,1387,1,7200,1.05912040375
191356,191438,192519,82,1081,1,7200,1.07585568918
191358,191443,191980,85,537,1,7200,1.1582867784
191359,191449,194422,90,2973,1,7200,1.03027245207
191360,191454,194224,94,2770,1,7200,1.03393501805
191363,191460,192588,97,1128,1,7200,1.0859929078
193291,193297,193373,6,76,1,1800,1.07894736842
193762,193769,193858,7,89,1,1800,1.07865168539
194637,194643,195002,6,359,1,1800,1.01671309192
194980,194986,195963,6,977,1,7200,1.00614124872
194984,194994,195560,10,566,1,7200,1.01766784452
194987,194999,196770,12,1771,1,7200,1.00677583286
194989,195005,195544,16,539,1,7200,1.02968460111
194992,195011,195582,19,571,1,7200,1.03327495622
194992,195016,195468,24,452,1,7200,1.05309734513
194994,195022,195586,28,564,1,7200,1.04964539007
194997,195027,195572,30,545,1,7200,1.05504587156
195020,195034,195594,14,560,1,7200,1.025
195021,195039,198522,18,3483,1,7200,1.00516795866
195026,195044,195290,18,246,1,7200,1.07317073171
195029,195051,195569,22,518,1,7200,1.04247104247
195030,195056,195542,26,486,1,7200,1.05349794239
195032,195062,195637,30,575,1,7200,1.05217391304
195034,195067,195619,33,552,1,7200,1.0597826087
195036,195073,197702,37,2629,1,7200,1.01407379232
195037,195078,195669,41,591,1,7200,1.06937394247
195040,195089,195533,49,444,1,7200,1.11036036036
195040,195083,197520,43,2437,1,7200,1.01764464506
195042,195094,195931,52,837,1,7200,1.06212664277
195043,195099,195673,56,574,1,7200,1.09756097561
195044,195105,196101,61,996,1,7200,1.06124497992
195045,195110,195692,65,582,1,7200,1.1116838488
195046,195117,198592,71,3475,1,7200,1.02043165468
195052,195122,195889,70,767,1,7200,1.09126466754
195053,195128,195659,75,531,1,7200,1.14124293785
195054,195133,196025,79,892,1,7200,1.08856502242
195055,195138,195689,83,551,1,7200,1.15063520871
195056,195144,196161,88,1017,1,7200,1.08652900688
195063,195149,195692,86,543,1,7200,1.15837937385
196604,196615,196655,11,40,1,1800,1.275
197016,197022,197096,6,74,1,1800,1.08108108108
198038,198044,198285,6,241,1,1800,1.02489626556
202783,202790,202792,7,2,1,900,1.0
202815,243150,243777,40335,627,1,7200,65.3301435407
205185,243790,246715,38605,2925,1,3600,14.1982905983
205207,245874,248552,40667,2678,1,3600,16.1855862584
205264,256688,259581,51424,2893,1,3600,18.7753197373
206094,245814,245862,39720,48,1,610,828.5
207421,256693,257233,49272,540,1,7200,92.2444444444
207423,256698,257155,49275,457,1,7200,108.822757112
207427,256704,257391,49277,687,1,7200,72.7278020378
207429,256709,257179,49280,470,1,7200,105.85106383
207430,256715,257587,49285,872,1,7200,57.5194954128
207443,256720,257500,49277,780,1,7200,64.1756410256
207443,256732,257147,49289,415,1,7200,119.768674699
207444,256737,257275,49293,538,1,7200,92.6226765799
207445,256743,257562,49298,819,1,7200,61.1929181929
207446,256754,257229,49308,475,1,7200,104.806315789
207446,256748,257230,49302,482,1,7200,103.286307054
207448,256759,257962,49311,1203,1,7200,41.9900249377
207449,256764,257224,49315,460,1,7200,108.206521739
207450,256770,257304,49320,534,1,7200,93.3595505618
207450,257069,259222,49619,2153,1,7200,24.0464468184
207454,257160,257701,49706,541,1,7200,92.8780036969
207454,257074,257689,49620,615,1,7200,81.6829268293
207457,257166,257738,49709,572,1,7200,87.9038461538
207459,257190,257800,49731,610,1,7200,82.5262295082
207460,257206,257730,49746,524,1,7200,95.9351145038
207460,257201,257659,49741,458,1,7200,109.604803493
207463,257235,257850,49772,615,1,7200,81.9300813008
207465,257243,257600,49778,357,1,7200,140.434173669
207466,257248,257834,49782,586,1,7200,85.95221843
207467,257255,257781,49788,526,1,7200,95.6539923954
207469,257287,257740,49818,453,1,7200,110.973509934
207471,257316,257830,49845,514,1,7200,97.9747081712
207476,257403,257906,49927,503,1,7200,100.258449304
207477,257512,258070,50035,558,1,7200,90.6684587814
207484,257575,258352,50091,777,1,7200,65.4671814672
209185,301048,307269,91863,6221,16,36000,15.7665970101
209415,242889,245876,33474,2987,4,18000,12.2065617677
209587,256640,263853,47053,7213,8,7200,7.52336059892
210058,257598,259019,47540,1421,1,4200,34.4553131597
210271,301565,337577,91294,36012,16,36000,3.53509941131
210566,301571,337617,91005,36046,16,36000,3.52469067303
210817,301576,304094,90759,2518,16,36000,37.0440826052
211940,258969,261647,47029,2678,4,36000,18.5612397311
212301,301582,337619,89281,36037,16,36000,3.47748147737
212432,244176,244414,31744,238,2,7200,134.378151261
214692,244426,245513,29734,1087,2,7200,28.3541858326
215718,245524,247190,29806,1666,2,7200,18.8907563025
215760,258920,266122,43160,7202,36,7199,6.99277978339
215977,245893,249057,29916,3164,2,7200,10.4551201011
216336,256651,256654,40315,3,8,3540,4031.8
216461,256656,257189,40195,533,2,7200,76.4127579737
216686,301059,304813,84373,3754,2,140400,23.4754928077
216703,256661,258230,39958,1569,2,7200,26.4671765456
216935,256666,257057,39731,391,2,7200,102.613810742
217294,258974,259375,41680,401,2,43200,104.940149626
217408,259386,273542,41978,14156,2,43200,3.96538570218
217531,256672,258134,39141,1462,2,7200,27.7722298222
217584,268365,268734,50781,369,2,43200,138.617886179
217728,268370,268986,50642,616,2,43200,83.211038961
217827,256677,258241,38850,1564,2,7200,25.8401534527
240603,243924,243975,3321,51,2,1800,66.1176470588
240603,243474,243528,2871,54,2,1800,54.1666666667
240603,243411,243462,2808,51,2,1800,56.0588235294
240603,243221,243273,2618,52,2,1800,51.3461538462
240603,243285,243336,2682,51,2,1800,53.5882352941
240603,243540,243591,2937,51,2,1800,58.5882352941
240603,243159,243210,2556,51,2,1800,51.1176470588
240603,243348,243399,2745,51,2,1800,54.8235294118
240603,243602,243654,2999,52,2,1800,58.6730769231
240603,243861,243912,3258,51,2,1800,64.8823529412
240603,243729,243780,3126,51,2,1800,62.2941176471
240603,243798,243849,3195,51,2,1800,63.6470588235
240603,243987,244038,3384,51,2,1800,67.3529411765
240603,244050,244101,3447,51,2,1800,68.5882352941
240603,244113,244164,3510,51,2,1800,69.8235294118
240603,256682,257631,16079,949,2,7200,17.9430979979
240603,257618,258343,17015,725,1,7200,24.4689655172
240603,243666,243717,3063,51,2,1800,61.0588235294
240603,243091,243142,2488,51,2,1800,49.7843137255
240603,242964,243015,2361,51,2,1800,47.2941176471
240603,242900,242953,2297,53,2,1800,44.3396226415
240603,242873,242989,2270,116,64,1800,20.5689655172
240603,243028,243079,2425,51,2,1800,48.5490196078
245334,245341,245671,7,330,1,1800,1.02121212121
245336,245365,245699,29,334,1,1800,1.08682634731
245337,245370,245700,33,330,1,1800,1.1
245340,245349,245685,9,336,2,1800,1.02678571429
245341,245354,245701,13,347,2,1800,1.03746397695
245342,245360,245693,18,333,2,1800,1.05405405405
245347,245426,245806,79,380,4,1800,1.20789473684
245348,245437,245841,89,404,4,1800,1.2202970297
245348,245431,245810,83,379,4,1800,1.21899736148
245353,245415,245804,62,389,8,1800,1.15938303342
245353,245410,245796,57,386,8,1800,1.14766839378
245354,245421,245806,67,385,8,1800,1.17402597403
245358,245394,245831,36,437,16,1800,1.0823798627
245359,245404,245839,45,435,16,1800,1.10344827586
245359,245399,245845,40,446,16,1800,1.08968609865
245365,245378,245915,13,537,32,1800,1.02420856611
245366,245383,245921,17,538,32,1800,1.03159851301
245367,245388,245886,21,498,32,1800,1.0421686747
245481,245487,246058,6,571,64,1800,1.01050788091
245482,258265,258908,12783,643,64,1800,20.8802488336
245483,258271,258842,12788,571,64,1800,23.3957968476
245488,257605,258249,12117,644,128,1800,19.8152173913
245489,257611,258246,12122,635,128,1800,20.0897637795
245490,258260,258957,12770,697,128,1800,19.3213773314
245736,246070,246894,334,824,256,1800,1.40533980583
245737,256613,256649,10876,36,256,1800,303.111111111
245738,256727,257591,10989,864,256,1800,13.71875
245854,245887,246872,33,985,2,1200,1.03350253807
253727,258853,259001,5126,148,64,3600,35.6351351351
256484,257701,257703,1217,2,2,3540,121.9
257220,257648,259150,428,1502,1,8400,1.28495339547
257260,257643,258248,383,605,1,1200,1.63305785124
257288,257741,258953,453,1212,4,1200,1.37376237624
257376,257918,259039,542,1121,8,1200,1.48349687779
257414,258254,258343,840,89,12,1200,10.4382022472
257713,257719,257725,6,6,1,1800,1.2
257717,257726,257732,9,6,1,1800,1.5
257718,257731,257736,13,5,1,1800,1.8
258458,258464,258796,6,332,1,1800,1.01807228916
258460,258471,258802,11,331,1,1800,1.0332326284
258461,258477,258806,16,329,1,1800,1.04863221884
259856,259862,259868,6,6,1,1800,1.2
259946,259952,261793,6,1841,2,1800,1.00325909832
260034,260040,260048,6,8,1,1800,1.4
260563,260569,260911,6,342,2,1800,1.01754385965
260565,260576,260909,11,333,2,1800,1.03303303303
260566,260582,260924,16,342,2,1800,1.04678362573
260721,260727,261106,6,379,4,1800,1.01583113456
260721,260732,261105,11,373,4,1800,1.02949061662
260721,260756,261182,35,426,8,1800,1.08215962441
260721,260738,261116,17,378,4,1800,1.04497354497
260722,261194,261588,472,394,8,1800,2.19796954315
260722,261925,262434,1203,509,16,1800,3.36345776031
260722,261600,262183,878,583,8,1800,2.50600343053
260723,262569,263152,1846,583,32,1800,4.16638078902
260723,262575,263132,1852,557,32,1800,4.3249551167
260723,262445,263021,1722,576,16,1800,3.98958333333
260723,262194,262748,1471,554,16,1800,3.65523465704
260724,260750,261302,26,552,64,1800,1.04710144928
260724,262638,263202,1914,564,32,1800,4.39361702128
260724,261314,261908,590,594,64,1800,1.99326599327
260725,260745,261390,20,645,128,1800,1.03100775194
260725,262003,262627,1278,624,128,1800,3.04807692308
260725,261920,262557,1195,637,64,1800,2.8759811617
260725,261403,261992,678,589,128,1800,2.15110356537
260726,266133,266941,5407,808,256,1800,7.69183168317
260726,267680,268353,6954,673,256,1800,11.3328380386
260726,266952,267669,6226,717,256,1800,9.68340306834
278322,278328,278660,6,332,1,1800,1.01807228916
278324,278335,278663,11,328,1,1800,1.03353658537
278325,278341,278668,16,327,1,1800,1.04892966361
278365,278371,278705,6,334,2,1800,1.01796407186
278366,278378,278710,12,332,2,1800,1.03614457831
278367,278384,278717,17,333,2,1800,1.05105105105
281344,281350,281792,6,442,4,1800,1.01357466063
281345,281356,281727,11,371,4,1800,1.02964959569
281345,281368,281751,23,383,8,1800,1.06005221932
281345,281374,281752,29,378,4,1800,1.07671957672
281346,281762,282259,416,497,8,1800,1.8370221328
281346,281945,282376,599,431,8,1800,2.38979118329
281346,282387,282961,1041,574,16,1800,2.81358885017
281346,282972,283480,1626,508,16,1800,4.20078740157
281347,284629,285112,3282,483,32,1800,7.7950310559
281347,284634,285225,3287,591,32,1800,6.56175972927
281347,284623,285220,3276,597,32,1800,6.48743718593
281347,283492,284028,2145,536,16,1800,5.00186567164
281348,284578,285212,3230,634,64,1800,6.09463722397
281348,284035,284648,2687,613,64,1800,5.38336052202
281348,284041,284567,2693,526,64,1800,6.11977186312
281349,283996,284612,2647,616,128,1800,5.29707792208
281349,283369,284019,2020,650,128,1800,4.10769230769
281349,283375,283985,2026,610,128,1800,4.32131147541
281349,281363,281928,14,565,256,1800,1.02477876106
281350,282643,283357,1293,714,256,1800,2.81092436975
281350,281940,282632,590,692,256,1800,1.85260115607
281526,281532,283357,6,1825,1,1800,1.00328767123
284018,298842,302021,14824,3179,5,9000,5.66310160428
289335,289341,289456,6,115,6,3600,1.05217391304
289397,307743,343971,18346,36228,6,79200,1.5064038865
290974,290980,320422,6,29442,4,29400,1.0002037905
291533,291539,291545,6,6,1,1800,1.2
291534,291546,291552,12,6,1,1800,1.8
291535,291552,291557,17,5,1,1800,2.2
291716,291722,292051,6,329,1,1800,1.01823708207
291829,291835,292453,6,618,1,1800,1.00970873786
292011,292018,292037,7,19,1,28800,1.36842105263
292127,292133,292244,6,111,1,1800,1.05405405405
292128,292140,292245,12,105,1,1800,1.11428571429
292304,292310,292638,6,328,1,1800,1.01829268293
292305,292344,292686,39,342,2,1800,1.11403508772
292305,292350,292679,45,329,1,1800,1.1367781155
292305,292315,292645,10,330,1,1800,1.0303030303
292306,292724,293089,418,365,4,1800,2.14520547945
292306,293048,293392,742,344,2,1800,3.15697674419
292306,292339,292713,33,374,4,1800,1.08823529412
292306,292698,293035,392,337,2,1800,2.16320474777
292307,292334,292731,27,397,8,1800,1.06801007557
292307,293101,293565,794,464,4,1800,2.71120689655
292307,292744,293191,437,447,8,1800,1.97762863535
292308,294642,295232,2334,590,16,1800,4.95593220339
292308,293203,293604,895,401,8,1800,3.2319201995
292308,293616,294128,1308,512,16,1800,3.5546875
292308,294140,294631,1832,491,16,1800,4.73116089613
292309,295638,296181,3329,543,32,1800,7.13075506446
292309,295633,296249,3324,616,32,1800,6.3961038961
292309,295666,296146,3357,480,32,1800,7.99375
292310,295058,295613,2748,555,64,1800,5.95135135135
292310,295624,296179,3314,555,64,1800,6.97117117117
292310,295064,295621,2754,557,64,1800,5.94434470377
292311,295052,295654,2741,602,128,1800,5.55315614618
292311,294436,295042,2125,606,128,1800,4.50660066007
292311,294442,295041,2131,599,128,1800,4.55759599332
292311,292323,293107,12,784,256,1800,1.01530612245
292312,293795,294425,1483,630,256,1800,3.35396825397
292312,293120,293784,808,664,256,1800,2.21686746988
293879,293885,293933,6,48,1,610,1.125
294023,295243,297846,1220,2603,8,7200,1.46868997311
294062,294068,297715,6,3647,1,3600,1.00164518783
294192,294199,294262,7,63,1,610,1.11111111111
294462,294469,298073,7,3604,1,3600,1.00194228635
294989,295249,296999,260,1750,2,7200,1.14857142857
295017,295254,295301,237,47,1,610,6.04255319149
295368,295374,297691,6,2317,2,7200,1.00258955546
295501,304105,310459,8604,6354,16,36000,2.35410764873
295764,295770,295792,6,22,2,1800,1.27272727273
295764,295804,295826,40,22,2,1800,2.81818181818
295765,295904,295925,139,21,2,1800,7.61904761905
295765,295871,295891,106,20,2,1800,6.3
295765,295838,295859,73,21,2,1800,4.47619047619
295766,296036,296057,270,21,2,1800,13.8571428571
295766,296003,296024,237,21,2,1800,12.2857142857
295766,295970,295991,204,21,2,1800,10.7142857143
295766,295937,295958,171,21,2,1800,9.14285714286
295767,296174,296195,407,21,2,1800,20.380952381
295767,296141,296162,374,21,2,1800,18.8095238095
295767,296104,296125,337,21,2,1800,17.0476190476
295767,296069,296090,302,21,2,1800,15.380952381
295768,296239,296262,471,23,2,1800,21.4782608696
295768,296225,296246,457,21,2,1800,22.7619047619
295768,296191,296213,423,22,2,1800,20.2272727273
295768,296207,296228,439,21,2,1800,21.9047619048
295769,296291,296312,522,21,2,1800,25.8571428571
295769,296273,296295,504,22,2,1800,23.9090909091
295769,296258,296279,489,21,2,1800,24.2857142857
296482,296489,296671,7,182,1,1210,1.03846153846
296875,307749,307763,10874,14,8,14400,777.714285714
296886,298492,298702,1606,210,5,172800,8.64761904762
296903,298715,298865,1812,150,5,172800,13.08
297140,297148,302554,8,5406,4,7200,1.00147983722
297247,297254,297808,7,554,1,1210,1.01263537906
297684,297703,297736,19,33,2,3600,1.57575757576
298042,298048,298397,6,349,1,5400,1.01719197708
298072,298079,298633,7,554,1,1810,1.01263537906
298081,298088,298308,7,220,2,7200,1.03181818182
298464,298482,299022,18,540,32,1800,1.03333333333
298464,299034,299531,570,497,32,1800,2.14688128773
298464,307280,307731,8816,451,16,1800,20.5476718404
298464,299104,299732,640,628,128,1800,2.01910828025
298464,300964,301554,2500,590,64,1800,5.23728813559
298464,300393,300983,1929,590,64,1800,4.26949152542
298464,298884,302117,420,3233,1,5400,1.12991030003
298464,300387,300953,1923,566,64,1800,4.39752650177
298464,300137,300746,1673,609,16,1800,3.74712643678
298464,298471,299093,7,622,128,1800,1.01125401929
298464,300132,300577,1668,445,16,1800,4.74831460674
298464,302729,304603,4265,1874,2,7200,3.27588046958
298464,299543,300119,1079,576,32,1800,2.87326388889
298465,299743,300376,1278,633,128,1800,3.01895734597
298546,301662,305056,3116,3394,1,5400,1.91809074838
298612,301053,301650,2441,597,1,1810,5.08877721943
298639,303817,305685,5178,1868,2,7200,3.77194860814
298854,298860,301864,6,3004,5,9000,1.00199733688
298865,298871,301886,6,3015,5,9000,1.00199004975
298875,298890,302235,15,3345,5,9000,1.00448430493
298896,298902,301937,6,3035,5,9000,1.00197693575
298906,298913,301842,7,2929,5,9000,1.00238989416
298917,298923,302210,6,3287,5,9000,1.00182537268
298927,298934,301439,7,2505,5,9000,1.00279441118
298938,298944,301737,6,2793,5,9000,1.00214822771
298948,298955,302152,7,3197,5,9000,1.00218955271
298959,298965,301607,6,2642,5,9000,1.00227100681
298970,301450,304087,2480,2637,5,9000,1.94046264695
299394,306755,567727,7361,260972,12,345600,1.02820609107
299528,299534,301204,6,1670,2,15000,1.00359281437
299528,301064,302717,1536,1653,2,15000,1.92921960073
299529,301625,303336,2096,1711,2,15000,2.22501461134
299529,301216,302932,1687,1716,2,15000,1.9831002331
299530,301748,303494,2218,1746,2,15000,2.27033218786
299530,301754,303504,2224,1750,2,15000,2.27085714286
299531,301767,303437,2236,1670,2,15000,2.33892215569
299531,301772,303467,2241,1695,2,15000,2.32212389381
299532,301855,303557,2323,1702,2,15000,2.36486486486
299532,301777,303484,2245,1707,2,15000,2.31517281781
299533,301860,303546,2327,1686,2,15000,2.38018979834
299533,301875,303584,2342,1709,2,15000,2.37039204213
299534,301886,303686,2352,1800,2,15000,2.30666666667
299534,301881,303555,2347,1674,2,15000,2.40203106332
299535,301903,303541,2368,1638,2,15000,2.44566544567
299535,301897,303643,2362,1746,2,15000,2.35280641466
299536,301950,303640,2414,1690,2,15000,2.42840236686
299536,301955,303672,2419,1717,2,15000,2.40885264997
299537,301960,303598,2423,1638,2,15000,2.47924297924
299537,302033,303687,2496,1654,2,15000,2.50906892382
299538,302038,303721,2500,1683,2,15000,2.48544266191
299538,302129,303805,2591,1676,2,15000,2.54594272076
299539,302169,303876,2630,1707,2,15000,2.54071470416
299539,302163,303878,2624,1715,2,15000,2.53002915452
299540,302228,303942,2688,1714,2,15000,2.5682613769
299540,302223,303903,2683,1680,2,15000,2.59702380952
299541,302233,303881,2692,1648,2,15000,2.63349514563
299752,305068,305851,5316,783,2,7200,7.78927203065
299792,317618,317917,17826,299,2,43200,60.618729097
299979,317930,318286,17951,356,2,43200,51.4241573034
300026,305696,306753,5670,1057,2,7200,6.3642384106
300250,301619,304541,1369,2922,5,9000,1.46851471595
300268,318298,318699,18030,401,2,43200,45.9625935162
300317,307774,309519,7457,1745,8,72000,5.27335243553
301718,304825,333659,3107,28834,4,28800,1.10775473399
301718,382020,410833,80302,28813,4,28800,3.78700586541
301719,444154,472981,142435,28827,4,28800,5.94102750893
301720,479923,508759,178203,28836,4,28800,7.17987931752
301721,520923,544412,219202,23489,4,28800,10.3321129039
301722,563026,591855,261304,28829,4,28800,10.0639286829
301723,591867,609900,290144,18033,4,28800,17.0896134864
301724,609906,620069,308182,10163,4,28800,31.3239201023
301764,309543,309631,7779,88,8,36000,89.3977272727
301795,309642,309730,7847,88,8,36000,90.1704545455
302594,303478,306604,884,3126,5,9000,1.28278950736
302594,302600,305767,6,3167,5,9000,1.00189453742
302641,309741,310859,7100,1118,5,172800,7.35062611807
302745,302943,305912,198,2969,5,9000,1.06668912092
302934,363058,368329,60124,5271,4,36000,12.4065642193
302940,303566,306590,626,3024,5,9000,1.20701058201
302942,365774,369205,62832,3431,4,36000,19.3130282716
303482,303506,305921,24,2415,5,9000,1.0099378882
303503,303573,306447,70,2874,5,9000,1.02435629784
303565,303651,306176,86,2525,5,9000,1.03405940594
303576,303683,306595,107,2912,5,9000,1.03674450549
303648,303732,307246,84,3514,5,9000,1.02390438247
303679,303892,307004,213,3112,5,9000,1.06844473008
303730,304014,306590,284,2576,5,9000,1.1102484472
303894,304098,306649,204,2551,5,9000,1.07996863975
304048,304615,305228,567,613,1,1810,1.92495921697
304811,318711,423121,13900,104410,2,104400,1.13312901063
304822,348474,479722,43652,131248,2,140400,1.33259173473
305277,305778,308326,501,2548,5,9000,1.19662480377
305277,305283,307780,6,2497,5,9000,1.00240288346
305388,305923,308617,535,2694,5,9000,1.19858945805
305777,306187,309398,410,3211,5,9000,1.1276860791
305920,305933,308802,13,2869,5,9000,1.00453119554
305931,306458,308975,527,2517,5,9000,1.20937624156
306187,306601,309550,414,2949,5,9000,1.14038657172
306463,306607,309836,144,3229,5,9000,1.04459585011
306604,306613,309472,9,2859,5,9000,1.00314795383
306605,306625,309479,20,2854,5,9000,1.00700770848
306625,306660,309916,35,3256,5,9000,1.01074938575
306626,307257,310381,631,3124,5,9000,1.20198463508
306652,306764,311988,112,5224,4,7200,1.02143950995
306657,307016,309510,359,2494,5,9000,1.14394546913
307015,307791,310409,776,2618,5,9000,1.29640947288
307261,308337,311326,1076,2989,5,9000,1.3599866176
307794,308628,311250,834,2622,5,9000,1.3180778032
308159,308166,311695,7,3529,1,5400,1.00198356475
308301,308308,311631,7,3323,1,5400,1.00210653024
308313,320448,321052,12135,604,2,7200,21.0910596026
308328,367599,720353,59271,352754,4,360000,1.16802360852
308339,308813,311274,474,2461,5,9000,1.19260463226
308346,312005,312178,3659,173,1,14400,22.1502890173
308499,311642,315189,3143,3547,1,5400,1.88610093036
308627,309409,311899,782,2490,5,9000,1.3140562249
308655,320453,322313,11798,1860,2,7200,7.34301075269
308811,308986,311862,175,2876,5,9000,1.06084840056
308985,309483,312785,498,3302,5,9000,1.15081768625
309168,309531,309532,363,1,4,3600,36.4
309414,309490,312846,76,3356,5,9000,1.02264600715
309486,309521,312652,35,3131,5,9000,1.01117853721
309758,309847,312393,89,2546,5,9000,1.03495679497
309758,309764,312401,6,2637,5,9000,1.00227531286
309815,312000,315602,2185,3602,4,3600,1.60660744031
309969,310911,338649,942,27738,8,36000,1.03396063162
309989,309995,312560,6,2565,5,9000,1.00233918129
309990,310392,312851,402,2459,5,9000,1.16348108987
310051,310423,313649,372,3226,5,9000,1.11531308122
310051,311371,339158,1320,27787,8,36000,1.0475042286
310104,311377,341845,1273,30468,8,36000,1.04178154129
310169,315614,320782,5445,5168,4,18000,2.05359907121
310172,324976,357315,14804,32339,8,36000,1.45777544142
310211,329292,363045,19081,33753,8,36000,1.56531271294
310271,337589,369480,27318,31891,8,36000,1.85660531184
310318,337629,371839,27311,34210,8,36000,1.79833382052
310345,340369,342714,30024,2345,8,3600,13.8034115139
310357,337634,369594,27277,31960,8,36000,1.85347309136
310390,311337,313953,947,2616,5,9000,1.3620030581
310401,337639,365761,27238,28122,8,36000,1.96856553588
310410,310417,310900,7,483,1,2400,1.01449275362
310448,337645,365860,27197,28215,8,36000,1.96391990076
310490,337651,363630,27161,25979,8,36000,2.04549828708
310504,350368,350457,39864,89,8,36000,448.91011236
310527,350468,350556,39941,88,8,36000,454.875
310539,338661,372266,28122,33605,8,36000,1.83683975599
310569,350567,351819,39998,1252,8,72000,32.947284345
310586,339170,355466,28584,16296,8,36000,2.75405007364
310932,311261,313802,329,2541,5,9000,1.12947658402
311259,311285,314420,26,3135,5,9000,1.00829346093
311291,311873,314931,582,3058,5,9000,1.1903204709
311342,311910,315183,568,3273,5,9000,1.1735410938
311871,312405,315934,534,3529,5,9000,1.15131765373
311913,312412,315412,499,3000,5,9000,1.16633333333
312549,341857,349100,29308,7243,5,7200,5.04638961756
312794,312801,315778,7,2977,5,9000,1.00235136043
312795,312806,315409,11,2603,5,9000,1.0042258932
312890,320434,320436,7544,2,4,3540,754.6
313126,313132,316208,6,3076,5,9000,1.00195058518
313127,313137,315832,10,2695,5,9000,1.00371057514
313136,377396,377538,64260,142,5,172800,453.535211268
313478,313484,316165,6,2681,5,9000,1.00223797091
313549,343977,348461,30428,4484,16,36000,7.78590544157
313852,350363,393881,36511,43518,12,86400,1.83898616664
313928,355539,368545,41611,13006,8,86400,4.19936952176
314171,314178,314749,7,571,2,36000,1.0122591944
314510,349111,350351,34601,1240,16,36000,28.9040322581
314573,314584,326835,11,12251,5,16200,1.00089788589
314573,314589,327715,16,13126,5,16200,1.00121895475
314584,314596,325166,12,10570,5,16200,1.00113528855
314595,314603,324615,8,10012,5,16200,1.00079904115
314595,314942,323401,347,8459,5,16200,1.04102139733
314603,368341,371322,53738,2981,4,36000,19.026836632
314606,315194,325614,588,10420,5,16200,1.05642994242
314844,314851,317606,7,2755,1,5400,1.00254083485
314944,315421,327284,477,11863,5,16200,1.04020905336
315200,315427,323667,227,8240,5,16200,1.02754854369
315425,315843,328818,418,12975,5,16200,1.03221579961
315426,315789,327955,363,12166,5,16200,1.02983725136
315794,315945,324536,151,8591,5,16200,1.01757653358
315846,316219,324387,373,8168,5,16200,1.04566601371
315948,316177,324853,229,8676,5,16200,1.02639465191
316174,323412,334279,7238,10867,5,16200,1.66605318855
316215,323678,337351,7463,13673,5,16200,1.54582022965
316221,377550,387858,61329,10308,8,14400,6.94965075669
317012,367828,641587,50816,273759,4,604800,1.18562312107
317853,320794,324640,2941,3846,1,5400,1.76469058762
318637,320800,324318,2163,3518,1,5400,1.61483797612
318668,320805,324136,2137,3331,1,5400,1.64154908436
318712,320810,324250,2098,3440,1,5400,1.60988372093
318759,324148,327561,5389,3413,1,5400,2.57896278933
318971,352409,377157,33438,24748,2,72000,2.35113948602
319624,362822,362823,43198,1,2,72000,4319.9
320703,379075,382971,58372,3896,4,18000,15.9825462012
320711,379334,383875,58623,4541,4,18000,13.9097115173
321049,322325,340357,1276,18032,4,18000,1.07076308784
323414,324054,329281,640,5227,5,14400,1.12244117084
323415,324398,335925,983,11527,5,16200,1.08527804286
323415,333671,338918,10256,5247,5,14400,2.95464074709
323681,324547,335952,866,11405,5,16200,1.07593160894
323681,351831,357015,28150,5184,5,14400,6.43016975309
324397,351836,356954,27439,5118,5,14400,6.36127393513
324397,324627,333839,230,9212,5,16200,1.02496743378
324551,356966,362810,32415,5844,5,14400,6.54671457906
324551,324864,337541,313,12677,5,16200,1.02469038416
324623,325177,337178,554,12001,5,16200,1.04616281977
324623,357026,362275,32403,5249,5,14400,7.17317584302
324869,357326,362546,32457,5220,5,14400,7.21781609195
324869,325625,336341,756,10716,5,16200,1.07054871221
325177,362557,367816,37380,5259,5,14400,8.10781517399
325177,326846,338101,1669,11255,5,16200,1.14828964904
325443,379635,667650,54192,288015,5,288000,1.18815686683
325627,362287,367582,36660,5295,5,14400,7.92351274788
325627,327726,336342,2099,8616,5,16200,1.24361652739
326843,327295,336454,452,9159,5,16200,1.04935036576
327294,365779,370933,38485,5154,5,14400,8.46701590997
327294,327966,338916,672,10950,5,16200,1.06136986301
327723,328829,339472,1106,10643,5,16200,1.10391806821
327724,365871,371103,38147,5232,5,14400,8.29109327217
327969,367594,372739,39625,5145,5,14400,8.70165208941
327969,331878,340780,3909,8902,5,16200,1.43911480566
328828,333850,342276,5022,8426,5,16200,1.59601234275
329724,363642,557068,33918,193426,18,198000,1.1753538821
329761,369606,558294,39845,188688,18,198000,1.21116870177
331876,369217,374566,37341,5349,5,14400,7.98093101514
331876,368557,373753,36681,5196,5,14400,8.05946882217
331877,371115,376394,39238,5279,5,14400,8.43284713014
331877,370945,376193,39068,5248,5,14400,8.4443597561
331878,371334,376760,39456,5426,5,14400,8.27165499447
331878,371852,377165,39974,5313,5,14400,8.52380952381
331879,372278,377384,40399,5106,5,14400,8.91206423815
331880,372750,379322,40870,6572,5,14400,7.21880706026
331880,372283,377456,40403,5173,5,14400,8.81036149236
331881,373764,379064,41883,5300,5,14400,8.90245283019
331881,374579,379623,42698,5044,5,14400,9.46510705789
331882,376205,381156,44323,4951,5,14400,9.95233286205
331882,376406,381826,44524,5420,5,14400,9.2147601476
331883,377244,382633,45361,5389,5,14400,9.41733160141
331883,376772,382003,44889,5231,5,14400,9.58134199962
331885,334290,346685,2405,12395,5,16200,1.19402985075
332559,339175,339177,6616,2,2,3540,661.8
333848,336352,348732,2504,12380,5,16200,1.20226171244
334288,335937,347025,1649,11088,5,16200,1.14871933622
335935,335963,348921,28,12958,5,16200,1.00216082729
335966,336359,347785,393,11426,5,16200,1.03439523893
336355,336465,346006,110,9541,5,16200,1.01152918981
336356,337189,349197,833,12008,5,16200,1.06937041972
336469,337363,345471,894,8108,5,16200,1.11026147015
337185,337552,346963,367,9411,5,16200,1.0389969185
337359,338113,350389,754,12276,5,16200,1.06142065819
337554,338927,347559,1373,8632,5,16200,1.15905931418
338117,339483,348074,1366,8591,5,16200,1.15900360843
338925,340792,354032,1867,13240,5,16200,1.14101208459
339488,342287,351291,2799,9004,5,16200,1.31086183918
340796,345483,357340,4687,11857,5,16200,1.3952939192
342289,346018,355276,3729,9258,5,16200,1.402786779
342890,342897,342898,7,1,2,3540,1.0
343318,381837,423658,38519,41821,5,172800,1.92104445135
343340,382014,452162,38674,70148,5,172800,1.55132006615
345489,346696,354371,1207,7675,5,16200,1.15726384365
346021,346974,356682,953,9708,5,16200,1.09816646065
346696,347036,357998,340,10962,5,16200,1.03101623791
346972,347570,361384,598,13814,5,16200,1.04328941653
347034,347796,359794,762,11998,5,16200,1.0635105851
347566,348085,358242,519,10157,5,16200,1.05109776509
347802,348932,360590,1130,11658,5,16200,1.09692914737
348088,348743,360198,655,11455,5,16200,1.05718027062
348743,349208,361343,465,12135,5,16200,1.03831891224
348937,350400,363302,1463,12902,5,16200,1.11339327236
349204,354043,362598,4839,8555,5,16200,1.56563413209
350400,351303,363428,903,12125,5,16200,1.0744742268
351300,354382,365396,3082,11014,5,16200,1.27982567641
354048,357351,365963,3303,8612,5,16200,1.38353460288
354385,355288,363473,903,8185,5,16200,1.11032376298
355285,356693,366210,1408,9517,5,16200,1.14794578123
356696,358009,367735,1313,9726,5,16200,1.13499897183
357350,358254,366501,904,8247,5,16200,1.1096156178
358005,361395,370794,3390,9399,5,16200,1.36067666773
358251,359805,368095,1554,8290,5,16200,1.18745476478
359804,360209,372355,405,12146,5,16200,1.03334431088
360213,360601,371274,388,10673,5,16200,1.03635341516
360602,361354,375846,752,14492,5,16200,1.05189069832
361359,362610,371080,1251,8470,5,16200,1.14769775679
361400,363314,372038,1914,8724,5,16200,1.21939477304
362606,363439,376247,833,12808,5,16200,1.06503747658
363312,365408,373707,2096,8299,5,16200,1.25256054946
363435,363484,371622,49,8138,5,16200,1.00602113541
363487,366222,377961,2735,11739,5,16200,1.23298407019
365408,365974,375746,566,9772,5,16200,1.05792058944
365970,367747,379660,1777,11913,5,16200,1.14916477797
366226,366513,375773,287,9260,5,16200,1.03099352052
366513,368107,380063,1594,11956,5,16200,1.13332218133
367749,370805,378999,3056,8194,5,16200,1.37295582133
368107,371091,381128,2984,10037,5,16200,1.29729999004
370804,371633,381376,829,9743,5,16200,1.08508672893
370972,377174,383921,6202,6747,1,86400,1.91922335853
371091,371285,381323,194,10038,5,16200,1.01932655908
371285,372049,379717,764,7668,5,16200,1.09963484611
371633,372366,383605,733,11239,5,16200,1.06521932556
372052,373719,383552,1667,9833,5,16200,1.16953117055
372369,375757,388414,3388,12657,5,16200,1.26767796476
373718,375784,388373,2066,12589,5,16200,1.16411152594
375761,375857,388511,96,12654,5,16200,1.0075865339
375782,376258,388739,476,12481,5,16200,1.03813796971
375854,381591,390337,5737,8746,5,16200,1.65595700892
376218,377169,546427,951,169258,1,172800,1.00561864136
376263,381597,389684,5334,8087,5,16200,1.65957709905
379471,379477,451508,6,72031,2,72000,1.00008329747
379554,454052,490497,74498,36445,6,79200,3.04412127864
380468,380475,477664,7,97189,2,604800,1.00007202461
380555,454702,454704,74147,2,2,72000,7414.9
380949,382644,391211,1695,8567,5,14400,1.19785222365
380977,454716,526749,73739,72033,2,72000,2.02368358947
381463,455986,528013,74523,72027,2,72000,2.03465367154
381589,381603,396377,14,14774,5,16200,1.00094761067
381600,381610,394015,10,12405,5,16200,1.00080612656
381601,385249,394308,3648,9059,5,16200,1.40269345402
381612,385254,393674,3642,8420,5,16200,1.4325415677
381657,383934,388408,2277,4474,1,18000,1.50894054537
382330,450287,454035,67957,3748,16,36000,19.1315368196
382647,383886,412130,1239,28244,8,36000,1.04386772412
382648,412203,438083,29555,25880,8,36000,2.1420015456
382648,391269,421041,8621,29772,8,36000,1.28956737875
382648,387874,418700,5226,30826,8,36000,1.16953221307
382648,388515,419373,5867,30858,8,36000,1.1901289779
382648,410844,440540,28196,29696,8,36000,1.94948814655
382649,421053,454686,38404,33633,8,36000,2.14185472601
382649,419385,453961,36736,34576,8,36000,2.0624710782
382649,415663,450276,33014,34613,8,36000,1.95380348424
382649,418711,448937,36062,30226,8,36000,2.19307880633
382649,393894,415646,11245,21752,8,36000,1.51696395734
382650,438094,466219,55444,28125,8,36000,2.97134222222
382650,440551,456103,57901,15552,8,36000,4.72305812757
382749,442688,446202,59939,3514,4,36000,18.0571997723
383207,454058,508072,70851,54014,2,54000,2.31171548117
384918,388510,442676,3592,54166,4,72600,1.06631466233
385250,385261,393474,11,8213,5,16200,1.00133934007
385251,385267,393050,16,7783,5,16200,1.00205576256
385262,385278,396540,16,11262,5,16200,1.0014207068
385262,385273,394591,11,9318,5,16200,1.00118051084
385273,388384,400856,3111,12472,5,16200,1.24943874278
385284,388425,396869,3141,8444,5,16200,1.37198010422
385526,454697,479913,69171,25216,6,25200,3.74313927665
388386,388522,400530,136,12008,5,16200,1.01132578281
388427,388753,400949,326,12196,5,16200,1.02673007543
388520,389695,401425,1175,11730,5,16200,1.10017050298
388758,390348,399619,1590,9271,5,16200,1.17150253479
389570,389577,389761,7,184,1,14400,1.03804347826
389699,393061,401611,3362,8550,5,16200,1.39321637427
390344,393485,404800,3141,11315,5,16200,1.27759611136
390818,390830,390881,12,51,2,1800,1.23529411765
390818,390825,390877,7,52,2,1800,1.13461538462
390819,390835,390886,16,51,2,1800,1.3137254902
390819,390897,390948,78,51,2,1800,2.52941176471
390819,390890,390941,71,51,2,1800,2.39215686275
390820,390952,391004,132,52,2,1800,3.53846153846
390820,390960,391014,140,54,2,1800,3.59259259259
390820,390966,391018,146,52,2,1800,3.80769230769
390820,390904,390955,84,51,2,1800,2.64705882353
390821,391016,391067,195,51,2,1800,4.82352941176
390821,391026,391077,205,51,2,1800,5.01960784314
390821,391033,391084,212,51,2,1800,5.1568627451
390822,391144,391195,322,51,2,1800,7.3137254902
390822,391095,391146,273,51,2,1800,6.35294117647
390822,391088,391140,266,52,2,1800,6.11538461538
390822,391079,391132,257,53,2,1800,5.84905660377
390823,391163,391214,340,51,2,1800,7.66666666667
390823,391207,391258,384,51,2,1800,8.52941176471
390823,391219,391270,396,51,2,1800,8.76470588235
390823,391155,391206,332,51,2,1800,7.50980392157
391531,391537,391559,6,22,2,1800,1.27272727273
391532,391578,391599,46,21,2,1800,3.19047619048
391532,391543,391564,11,21,2,1800,1.52380952381
391532,391571,391592,39,21,2,1800,2.85714285714
391533,391612,391633,79,21,2,1800,4.7619047619
391533,391637,391658,104,21,2,1800,5.95238095238
391533,391644,391665,111,21,2,1800,6.28571428571
391533,391604,391625,71,21,2,1800,4.38095238095
391534,391676,391697,142,21,2,1800,7.7619047619
391534,391670,391691,136,21,2,1800,7.47619047619
391534,391703,391724,169,21,2,1800,9.04761904762
391534,391710,391731,176,21,2,1800,9.38095238095
391535,391743,391764,208,21,2,1800,10.9047619048
391535,391768,391790,233,22,2,1800,11.5909090909
391535,391736,391757,201,21,2,1800,10.5714285714
391536,391810,391830,274,20,2,1800,14.7
391536,391836,391857,300,21,2,1800,15.2857142857
391536,391803,391824,267,21,2,1800,13.7142857143
391536,391776,391797,240,21,2,1800,12.4285714286
391537,391843,391865,306,22,2,1800,14.9090909091
391688,453972,799601,62284,345629,16,345600,1.18020478606
392552,392558,392559,6,1,1,610,1.0
392603,454063,460053,61460,5990,2,36000,11.2604340568
393057,393686,402396,629,8710,5,16200,1.07221584386
393433,455992,528012,62559,72020,2,72000,1.86863371286
393481,394026,401777,545,7751,5,16200,1.07031350793
393610,456114,519166,62504,63052,2,72000,1.99130876102
393686,394320,407754,634,13434,5,16200,1.04719368766
393987,456120,465185,62133,9065,2,72000,7.85416436845
394024,394605,407865,581,13260,5,16200,1.04381598793
394321,396388,404955,2067,8567,5,16200,1.24127465857
394402,394409,398010,7,3601,1,3600,1.00194390447
394574,456125,456126,61551,1,2,72000,6155.2
394592,394599,395016,7,417,2,7200,1.01678657074
394608,396551,404676,1943,8125,5,16200,1.23913846154
395099,456130,528148,61031,72018,2,72000,1.84744091755
395145,454046,458206,58901,4160,12,86400,15.1588942308
395448,456137,528152,60689,72015,2,72000,1.84272720961
395525,395531,395539,6,8,1,1800,1.4
395610,395617,395623,7,6,1,3600,1.3
395700,395706,395784,6,78,1,1800,1.07692307692
395729,395736,395866,7,130,1,3600,1.05384615385
395765,458218,530263,62453,72045,2,72000,1.86686098966
395998,396010,396329,12,319,1,3600,1.03761755486
396023,396030,396127,7,97,1,1800,1.07216494845
396307,397513,451269,1206,53756,1,86400,1.02243470496
396388,396880,405720,492,8840,5,16200,1.0556561086
396553,399630,414394,3077,14764,5,16200,1.20841235438
396568,396575,397218,7,643,1,3600,1.01088646967
396634,396641,397012,7,371,1,1800,1.01886792453
396880,400542,415936,3662,15394,5,16200,1.23788489022
397675,397687,397693,12,6,1,1800,1.8
397721,397727,397732,6,5,1,3600,1.1
397839,397846,397941,7,95,1,3600,1.07368421053
397857,397864,397904,7,40,1,1800,1.175
398073,398080,398382,7,302,1,3600,1.02317880795
398150,398156,398234,6,78,1,1800,1.07692307692
398370,398377,398451,7,74,1,3600,1.09459459459
398564,398571,398885,7,314,1,3600,1.02229299363
398660,398666,399211,6,545,1,3600,1.01100917431
398873,398880,399132,7,252,1,1800,1.02777777778
399127,399135,399792,8,657,1,3600,1.01217656012
399632,400867,413449,1235,12582,5,16200,1.09815609601
399893,399899,407234,6,7335,1,86400,1.00081799591
400341,400347,400353,6,6,1,3600,1.2
400463,400470,400568,7,98,1,3600,1.07142857143
400543,400960,413291,417,12331,5,16200,1.03381720866
400698,400705,401004,7,299,1,3600,1.02341137124
400794,400801,400802,7,1,2,3540,1.0
400871,401436,410479,565,9043,5,16200,1.06247926573
400963,401623,416589,660,14966,5,16200,1.04409995991
401293,401301,401839,8,538,1,3600,1.01486988848
401350,401356,401357,6,1,1,240,1.0
401434,401788,413117,354,11329,5,16200,1.03124724159
401619,402407,412605,788,10198,5,16200,1.07727005295
401793,404687,416029,2894,11342,5,16200,1.25515782049
402407,404811,413298,2404,8487,5,16200,1.28325674561
403213,404773,483286,1560,78513,1,108000,1.019869321
403301,458223,598668,54922,140445,2,140400,1.3910569974
403423,458228,598664,54805,140436,2,140400,1.39024893902
403536,458233,598661,54697,140428,2,140400,1.3895020936
404647,404654,404663,7,9,1,240,1.6
404689,404967,415522,278,10555,5,16200,1.02633822833
404812,405731,418437,919,12706,5,16200,1.072328034
404920,404926,405685,6,759,1,1800,1.00790513834
404966,407771,419433,2805,11662,5,16200,1.24052478134
405039,405046,405376,7,330,1,1800,1.02121212121
405734,407876,416366,2142,8490,5,16200,1.25229681979
405844,407246,715938,1402,308692,1,604800,1.00454174387
405880,423139,716815,17259,293676,1,604800,1.0587688473
407772,410490,419371,2718,8881,5,16200,1.30604661637
407872,412616,425943,4744,13327,5,16200,1.35596908532
410356,458300,459507,47944,1207,2,43200,40.7216238608
410491,416783,428936,6292,12153,5,16200,1.51773224718
412620,416788,430066,4168,13278,5,16200,1.31390269619
416783,416795,431237,12,14442,5,16200,1.00083090985
416794,416807,427152,13,10345,5,16200,1.00125664572
416794,416802,428677,8,11875,5,16200,1.00067368421
416805,420473,428972,3668,8499,5,16200,1.4315801859
416805,416814,430679,9,13865,5,16200,1.00064911648
416816,420478,430253,3662,9775,5,16200,1.37462915601
419097,423134,423136,4037,2,2,3540,403.9
420478,420485,433033,7,12548,5,16200,1.00055785783
420479,427719,437390,7240,9671,5,16200,1.74862992452
420489,431404,439865,10915,8461,5,16200,2.2900366387
424245,440557,442946,16312,2389,5,172800,7.82796149016
427719,427725,442837,6,15112,5,16200,1.00039703547
427729,431370,440449,3641,9079,5,16200,1.40103535632
429264,429270,429271,6,1,1,240,1.0
431370,431377,443163,7,11786,5,16200,1.000593925
431380,431387,441326,7,9939,5,16200,1.00070429621
431391,431397,439298,6,7901,5,16200,1.00075939754
431402,431410,440834,8,9424,5,16200,1.00084889643
431402,431415,441819,13,10404,5,16200,1.00124951942
431413,435064,450684,3651,15620,5,16200,1.23373879641
431414,438703,451156,7289,12453,5,16200,1.58532080623
435064,438708,450407,3644,11699,5,16200,1.31147961364
438704,438715,450648,11,11933,5,16200,1.00092181346
438705,438721,451189,16,12468,5,16200,1.00128328521
438716,439309,453187,593,13878,5,16200,1.04272949993
438716,438727,452573,11,13846,5,16200,1.00079445327
438727,439877,448205,1150,8328,5,16200,1.13808837656
439310,440465,453108,1155,12643,5,16200,1.09135489994
439874,440846,452792,972,11946,5,16200,1.08136614766
440467,441337,449632,870,8295,5,16200,1.10488245931
440634,440640,440648,6,8,1,3600,1.4
440752,440760,440886,8,126,1,3600,1.06349206349
440846,441831,450072,985,8241,5,16200,1.11952432957
441007,441013,441326,6,313,1,3600,1.01916932907
441338,442848,452182,1510,9334,5,16200,1.16177415899
441548,441555,442314,7,759,1,3600,1.0092226614
441829,443174,454094,1345,10920,5,16200,1.12316849817
442822,442829,446435,7,3606,1,3600,1.0019412091
442852,448216,456268,5364,8052,5,16200,1.66616989568
443170,449643,459938,6473,10295,5,16200,1.62875182127
444217,444223,444231,6,8,1,1800,1.4
444394,444401,444479,7,78,1,1800,1.08974358974
444546,444553,444713,7,160,1,3600,1.04375
444746,444753,444848,7,95,1,1800,1.07368421053
444836,444842,445214,6,372,1,3600,1.01612903226
445351,445363,445732,12,369,1,1800,1.0325203252
445440,445447,446073,7,626,1,3600,1.01118210863
446442,446448,446455,6,7,1,1800,1.3
446540,446547,446642,7,95,1,3600,1.07368421053
446610,446617,446658,7,41,1,1800,1.17073170732
446769,446777,447073,8,296,1,3600,1.02702702703
446877,446885,446982,8,97,1,3600,1.0824742268
446898,446904,446981,6,77,1,1800,1.07792207792
447101,447108,447466,7,358,1,3600,1.01955307263
447361,447368,447942,7,574,1,3600,1.01219512195
447618,447627,447884,9,257,1,1800,1.03501945525
447746,447753,448313,7,560,1,3600,1.0125
448212,450083,458564,1871,8481,5,16200,1.22061077703
449645,450418,464273,773,13855,5,16200,1.0557921328
450085,450660,461331,575,10671,5,16200,1.05388435948
450423,450695,464053,272,13358,5,16200,1.02036232969
450659,451167,460041,508,8874,5,16200,1.05724588686
450700,451200,459680,500,8480,5,16200,1.05896226415
451171,452193,466487,1022,14294,5,16200,1.07149853085
451202,452584,461029,1382,8445,5,16200,1.16364712848
452046,452053,452130,7,77,1,1800,1.09090909091
452194,452803,461109,609,8306,5,16200,1.07332049121
452440,452447,452541,7,94,1,1800,1.07446808511
452583,453120,467985,537,14865,5,16200,1.03612512614
452808,453199,464368,391,11169,5,16200,1.03500761035
453119,453128,453485,9,357,1,1800,1.02521008403
453126,454105,466902,979,12797,5,16200,1.07650230523
453198,456279,467216,3081,10937,5,16200,1.28170430648
454108,458575,471199,4467,12624,5,16200,1.35384980989
454633,454641,454684,8,43,1,1800,1.18604651163
454934,454940,455012,6,72,1,1800,1.08333333333
455651,455657,455895,6,238,1,1800,1.02521008403
456276,459691,468142,3415,8451,5,16200,1.40409419004
458579,459949,470108,1370,10159,5,16200,1.13485579289
459693,460052,469841,359,9789,5,16200,1.03667381755
459949,461040,474450,1091,13410,5,16200,1.08135719612
460052,461120,468714,1068,7594,5,16200,1.14063734527
460454,466230,467456,5776,1226,12,14400,5.71125611746
461044,461342,472758,298,11416,5,16200,1.02610371409
461116,466546,476375,5430,9829,5,16200,1.55244684098
461342,466552,479349,5210,12797,5,16200,1.40712667031
462129,562115,956213,99986,394098,8,604800,1.25370846845
463243,463250,603666,7,140416,2,140400,1.00004985187
464396,562141,562146,97745,5,2,140400,9775.0
465420,562131,604048,96711,41917,5,172800,3.30720232841
465443,562136,562292,96693,156,5,172800,620.826923077
466547,466558,481446,11,14888,5,16200,1.00073885008
466548,466564,480994,16,14430,5,16200,1.00110880111
466559,470186,478898,3627,8712,5,16200,1.41632231405
466559,470180,483078,3621,12898,5,16200,1.28074120019
466855,562110,608517,95255,46407,12,86400,3.0525998233
467174,480233,496012,13059,15779,8,43200,1.82761898726
467188,490664,491175,23476,511,16,14400,46.9412915851
467442,520565,520906,53123,341,32,28800,156.785923754
467598,476299,481315,8701,5016,2,43200,2.73464912281
467675,467682,467702,7,20,5,3600,1.35
469084,469090,469123,6,33,8,36000,1.18181818182
469085,469134,469135,49,1,8,36000,5.0
469086,469146,469154,60,8,8,36000,6.8
469270,469276,474880,6,5604,8,7200,1.00107066381
469310,472992,480221,3682,7229,8,7200,1.50933739106
469378,474892,482112,5514,7220,8,7200,1.76371191136
469700,472671,472830,2971,159,4,7200,19.6855345912
470179,470192,478356,13,8164,5,16200,1.00159235669
470190,470199,482844,9,12645,5,16200,1.00071174377
470190,470205,482729,15,12524,5,16200,1.00119770042
470201,470216,478547,15,8331,5,16200,1.00180050414
470201,470211,479292,10,9081,5,16200,1.00110120031
470212,473851,482048,3639,8197,5,16200,1.44394290594
470213,473857,481802,3644,7945,5,16200,1.45865324103
471032,471041,471116,9,75,1,3600,1.12
471643,471650,482471,7,10821,1,10800,1.00064689031
471891,562120,732868,90229,170748,8,360000,1.52843371518
473854,473863,483257,9,9394,5,16200,1.00095805834
473855,477484,489464,3629,11980,5,16200,1.30292153589
473866,477490,492710,3624,15220,5,16200,1.23810775296
474271,562126,732876,87855,170750,8,360000,1.51452415813
475537,520056,520132,44519,76,64,300,586.776315789
476424,520062,611806,43638,91744,4,216000,1.47564963376
477487,481127,490184,3640,9057,5,16200,1.40189908358
477488,481133,494231,3645,13098,5,16200,1.27828676134
478263,479929,481928,1666,1999,2,7200,1.83341670835
478263,480635,481928,2372,1293,2,7200,2.83449342614
478263,481326,481928,3063,602,2,7200,6.08803986711
478263,478269,481958,6,3689,2,7200,1.00162645703
478867,562169,562170,83302,1,1,86400,8330.3
479653,562147,572819,82494,10672,6,61200,8.72994752624
480723,481945,517986,1222,36041,1,36000,1.03390582947
480745,481956,481957,1211,1,1,240,121.2
480816,481951,481997,1135,46,1,36000,25.6739130435
481124,481143,495821,19,14678,5,16200,1.00129445429
481135,481155,491410,20,10255,5,16200,1.00195026816
481135,481149,493010,14,11861,5,16200,1.00118033893
481146,481166,491981,20,10815,5,16200,1.0018492834
481157,481172,491768,15,10596,5,16200,1.00141562854
481168,485077,493602,3909,8525,5,16200,1.45853372434
481455,485082,493207,3627,8125,5,16200,1.4464
481520,481940,484985,420,3045,3,3600,1.13793103448
482013,482130,484015,117,1885,4,7200,1.06206896552
482013,482019,484298,6,2279,4,7200,1.00263273366
482014,484027,485747,2013,1720,4,7200,2.17034883721
482014,484311,486014,2297,1703,4,7200,2.34879624193
482014,484997,486671,2983,1674,4,7200,2.78195937873
482015,487333,488869,5318,1536,4,7200,4.46223958333
482015,485758,487321,3743,1563,4,7200,3.39475367882
482015,486026,487562,4011,1536,4,7200,3.611328125
482015,486683,488237,4668,1554,4,7200,4.00386100386
482016,487574,489305,5558,1731,4,7200,4.21086077412
482016,488251,488267,6235,16,4,7200,390.6875
482103,482125,489148,22,7023,3,7200,1.00313256443
482684,525535,601797,42851,76262,1,86400,1.56189189898
482692,526761,603577,44069,76816,1,86400,1.57369558425
482696,546443,607800,63747,61357,1,86400,2.03895236077
482711,562153,638251,79442,76098,1,86400,2.04394333622
482719,562159,639148,79440,76989,1,86400,2.03183571679
482724,562164,623549,79440,61385,1,86400,2.29412722978
483051,483058,483059,7,1,1,240,1.0
483767,483774,485012,7,1238,1,3600,1.0056542811
484512,488279,488620,3767,341,2,43200,12.0469208211
485077,485089,500746,12,15657,5,16200,1.00076643035
485088,485107,493648,19,8541,5,16200,1.00222456387
485088,485101,498999,13,13898,5,16200,1.00093538639
485099,485113,493563,14,8450,5,16200,1.00165680473
485110,492357,500965,7247,8608,5,16200,1.84189126394
485110,492362,505757,7252,13395,5,16200,1.5413960433
486904,488285,488288,1381,3,2,36000,138.4
487210,488632,488963,1422,331,2,43200,5.29607250755
487392,488881,489217,1489,336,2,43200,5.43154761905
487823,488305,492736,482,4431,2,36000,1.10877905665
488255,488262,488265,7,3,1,14400,1.0
488291,488886,489147,595,261,2,43200,3.27969348659
488324,488975,489252,651,277,2,43200,3.35018050542
488561,488568,524593,7,36025,1,36000,1.00019430951
488744,488811,495244,67,6433,3,7200,1.01041504741
489305,489311,489316,6,5,2,36000,1.1
489928,489945,490115,17,170,4,7200,1.1
489928,489934,490133,6,199,4,7200,1.03015075377
489928,489939,490099,11,160,4,7200,1.06875
489929,490145,490395,216,250,4,7200,1.864
489929,490126,490307,197,181,4,7200,2.08839779006
489929,490110,490264,181,154,4,7200,2.17532467532
489930,490319,490480,389,161,4,7200,3.41614906832
489930,490407,490562,477,155,4,7200,4.07741935484
489930,490276,490515,346,239,4,7200,2.44769874477
489931,490492,490652,561,160,4,7200,4.50625
489931,490504,490824,573,320,4,7200,2.790625
490911,490918,490965,7,47,4,7200,1.14893617021
490978,490985,492573,7,1588,4,7200,1.00440806045
490979,491202,493414,223,2212,4,7200,1.10081374322
490979,491197,493000,218,1803,4,7200,1.12090959512
490979,491192,492726,213,1534,4,7200,1.13885267275
490979,491187,492660,208,1473,4,7200,1.14120841819
490980,492672,495001,1692,2329,4,7200,1.72649205668
490980,492585,494573,1605,1988,4,7200,1.80734406439
490980,492739,495738,1759,2999,4,7200,1.58652884295
490981,493427,494840,2446,1413,4,7200,2.73106864827
490981,494585,496018,3604,1433,4,7200,3.51500348918
490981,493011,494663,2030,1652,4,7200,2.22881355932
491430,520928,528259,29498,7331,2,36000,5.02373482472
492351,492368,492410,17,42,1,60,1.40476190476
492355,492374,508237,19,15863,5,16200,1.00119775578
492366,492379,504330,13,11951,5,16200,1.00108777508
492377,492386,505530,9,13144,5,16200,1.00068472307
492377,495987,505839,3610,9852,5,16200,1.36642306131
492388,495999,510657,3611,14658,5,16200,1.24635011598
492896,520934,523488,28038,2554,2,36000,11.97807361
493526,520939,527884,27413,6945,2,43200,4.9471562275
493883,494675,494836,792,161,4,7200,5.91925465839
493982,495436,508773,1454,13337,16,14400,1.10902001949
494170,520950,521231,26780,281,2,43200,96.3024911032
494223,494230,494235,7,5,2,900,1.2
494240,520955,540994,26715,20039,2,43200,2.3331503568
494523,520960,521378,26437,418,2,43200,64.2464114833
494558,520965,529877,26407,8912,2,43200,3.96308348294
494565,520944,527724,26379,6780,2,36000,4.8907079646
494778,494785,508037,7,13252,1,16800,1.00052822216
495054,495061,495424,7,363,4,7200,1.01928374656
495163,520971,528318,25808,7347,2,36000,4.51272628284
495619,521243,521855,25624,612,2,43200,42.8692810458
495851,520976,533478,25125,12502,2,36000,3.00967845145
495989,496005,508315,16,12310,5,16200,1.0012997563
496000,496016,507465,16,11449,5,16200,1.00139750197
496000,496021,507869,21,11848,5,16200,1.00177245105
496021,496028,505101,7,9073,5,16200,1.00077151989
496022,496034,506303,12,10269,5,16200,1.00116856559
496032,496040,508296,8,12256,5,16200,1.00065274151
496033,498153,508366,2120,10213,5,16200,1.20757857632
496044,500757,510140,4713,9383,5,16200,1.50229137802
496213,521390,525071,25177,3681,2,36000,7.83971746808
496496,496503,496574,7,71,2,3600,1.0985915493
499000,499014,507182,14,8168,5,16200,1.00171400588
499211,520918,521998,21707,1080,8,43200,21.0990740741
500749,500976,513181,227,12205,5,16200,1.01859893486
500974,504342,516175,3368,11833,5,16200,1.28462773599
503650,503659,507395,9,3736,8,7200,1.00240899358
504341,505113,515698,772,10585,5,16200,1.07293339632
505109,505541,518313,432,12772,5,16200,1.03382398998
505282,505289,505290,7,1,2,3540,1.0
505338,505344,523380,6,18036,1,18000,1.000332668
505539,505768,517191,229,11423,5,16200,1.02004727305
505765,505850,515689,85,9839,5,16200,1.00863908934
505847,506314,517705,467,11391,5,16200,1.04099727855
506308,507198,515352,890,8154,5,16200,1.10914888398
507189,507477,516732,288,9255,5,16200,1.03111831442
507476,507880,520672,404,12792,5,16200,1.0315822389
507875,508249,517354,374,9105,5,16200,1.04107633169
508244,508307,517009,63,8702,5,16200,1.00723971501
508306,508326,520377,20,12051,5,16200,1.00165961331
508316,510151,519609,1835,9458,5,16200,1.19401564813
508368,508378,519518,10,11140,5,16200,1.00089766607
510149,510668,520059,519,9391,5,16200,1.05526567991
510661,513193,521204,2532,8011,5,16200,1.31606541006
513188,515363,524708,2175,9345,5,16200,1.23274478331
514015,514026,514287,11,261,2,600,1.04214559387
514015,514032,514396,17,364,1,600,1.0467032967
514015,514021,514186,6,165,4,600,1.03636363636
514015,514039,514289,24,250,2,600,1.096
514647,520576,528425,5929,7849,16,18000,1.75538285132
514647,520570,526184,5923,5614,16,18000,2.05504096901
514647,520149,525523,5502,5374,16,18000,2.02381838482
514913,514925,515188,12,263,2,600,1.04562737643
514913,514930,515288,17,358,1,600,1.04748603352
514914,514919,515086,5,167,4,600,1.02994011976
514914,514937,515175,23,238,2,600,1.09663865546
515357,515701,526277,344,10576,5,16200,1.03252647504
515663,515670,515671,7,1,1,240,1.0
515695,515709,529621,14,13912,5,16200,1.00100632547
515706,516187,528500,481,12313,5,16200,1.03906440348
516177,516743,526544,566,9801,5,16200,1.05774920926
516740,517020,527520,280,10500,5,16200,1.02666666667
517017,517365,529319,348,11954,5,16200,1.02911159445
517191,517202,530639,11,13437,5,16200,1.00081863511
517355,517717,530581,362,12864,5,16200,1.02814054726
517714,518324,526275,610,7951,5,16200,1.07671990945
518318,519529,531972,1211,12443,5,16200,1.09732379651
518625,518632,518787,7,155,2,300,1.04516129032
518626,518637,518793,11,156,2,300,1.07051282051
518626,519602,519686,976,84,2,300,12.619047619
518626,519608,519833,982,225,1,300,5.36444444444
518626,519613,519718,987,105,1,300,10.4
518627,519228,519391,601,163,4,300,4.68711656442
518627,519664,519807,1037,143,1,300,8.25174825175
518627,519071,519216,444,145,4,300,4.06206896552
518628,519417,519583,789,166,2,300,5.75301204819
518628,519178,519401,550,223,2,300,3.466367713
518628,519403,519576,775,173,4,300,5.47976878613
518629,519597,519652,968,55,2,300,18.6
518629,519917,520068,1288,151,8,300,9.5298013245
518629,519876,520028,1247,152,8,300,9.20394736842
518630,518867,518960,237,93,4,300,3.54838709677
518630,518972,519059,342,87,4,300,4.93103448276
518630,518805,518855,175,50,4,300,4.5
518630,519924,520054,1294,130,8,300,10.9538461538
518631,519590,519912,959,322,16,300,3.97826086957
518631,519357,519705,726,348,16,300,3.08620689655
518631,519585,519932,954,347,16,300,3.7492795389
518632,519845,519904,1213,59,8,300,21.5593220339
518632,519723,519864,1091,141,8,300,8.73758865248
518632,519717,519833,1085,116,8,300,10.3534482759
518633,518649,518651,16,2,16,300,1.8
518633,519410,519572,777,162,32,300,5.7962962963
518633,519234,519396,601,162,32,300,4.70987654321
518633,519078,519223,445,145,32,300,4.06896551724
518634,518664,518985,30,321,16,300,1.09345794393
518634,520144,520204,1510,60,64,300,26.1666666667
518634,518997,519345,363,348,16,300,2.04310344828
518635,520216,520262,1581,46,64,300,35.3695652174
518635,518798,518924,163,126,32,300,2.29365079365
518635,518644,518786,9,142,32,300,1.06338028169
518635,520274,520329,1639,55,64,300,30.8
518636,561939,562013,43303,74,128,300,586.175675676
518636,561858,561928,43222,70,128,300,618.457142857
518636,518936,519064,300,128,32,300,3.34375
518637,520417,520487,1780,70,64,300,26.4285714286
518637,562024,562093,43387,69,128,300,629.797101449
518637,520341,520404,1704,63,64,300,28.0476190476
518637,520500,520553,1863,53,64,300,36.1509433962
519526,519620,531037,94,11417,5,16200,1.00823333625
519618,520070,528567,452,8497,5,16200,1.05319524538
520069,520388,528436,319,8048,5,16200,1.03963717694
520387,520684,530301,297,9617,5,16200,1.03088281169
520674,521215,531206,541,9991,5,16200,1.05414873386
521207,524719,532886,3512,8167,5,16200,1.43002326436
522808,522815,523180,7,365,4,7200,1.01917808219
524716,526286,535898,1570,9612,5,16200,1.1633374948
526283,526555,539094,272,12539,5,16200,1.02169231996
526283,526293,534806,10,8513,5,16200,1.00117467403
526550,527532,538027,982,10495,5,16200,1.09356836589
527022,527029,527037,7,8,1,3600,1.5
527142,527148,527278,6,130,1,3600,1.04615384615
527402,527408,527721,6,313,1,3600,1.01916932907
527522,528447,540462,925,12015,5,16200,1.07698709946
527945,527951,528589,6,638,1,3600,1.00940438871
528442,528516,536666,74,8150,5,16200,1.0090797546
528504,528578,536997,74,8419,5,16200,1.00878964248
528576,529331,541981,755,12650,5,16200,1.05968379447
529091,529097,529104,6,7,1,3600,1.3
529211,529218,529311,7,93,1,3600,1.0752688172
529323,529633,538010,310,8377,5,16200,1.0370060881
529435,529442,529738,7,296,1,3600,1.02364864865
529631,530312,538237,681,7925,5,16200,1.08593059937
530020,530027,530102,7,75,1,3600,1.09333333333
530306,530650,542751,344,12101,5,16200,1.02842740269
530582,530593,540055,11,9462,5,16200,1.00116254492
530621,530627,530633,6,6,1,3600,1.2
530644,531048,542940,404,11892,5,16200,1.03397241843
530740,530746,530877,6,131,1,3600,1.04580152672
530966,530973,531104,7,131,1,3600,1.0534351145
531002,531009,531324,7,315,1,3600,1.02222222222
531044,531984,541974,940,9990,5,16200,1.09409409409
531208,531218,542956,10,11738,5,16200,1.00085193389
531227,531233,531543,6,310,1,3600,1.01935483871
531558,531564,532276,6,712,1,3600,1.00842696629
531769,531775,532562,6,787,1,3600,1.00762388818
531975,532897,541031,922,8134,5,16200,1.11335136464
532813,532820,536426,7,3606,1,3600,1.0019412091
532895,535909,545549,3014,9640,5,16200,1.31265560166
533423,533430,533553,7,123,1,3600,1.05691056911
533671,533678,534000,7,322,1,3600,1.02173913043
534270,534277,534801,7,524,1,3600,1.01335877863
534808,534817,545564,9,10747,5,16200,1.00083744301
535902,536678,547242,776,10564,5,16200,1.07345702385
536535,536542,536641,7,99,1,3600,1.07070707071
536669,537008,544650,339,7642,5,16200,1.04436011515
536772,536778,537075,6,297,1,3600,1.0202020202
536997,538022,549248,1025,11226,5,16200,1.09130589702
537359,537366,537907,7,541,1,3600,1.01293900185
538020,538248,547618,228,9370,5,16200,1.02433297759
538031,538039,550868,8,12829,5,16200,1.00062358719
538246,539106,552960,860,13854,5,16200,1.06207593475
538338,538345,538422,7,77,1,1800,1.09090909091
538666,538673,538762,7,89,1,1800,1.07865168539
539105,540066,552816,961,12750,5,16200,1.07537254902
539282,539288,539648,6,360,1,1800,1.01666666667
540056,540473,552222,417,11749,5,16200,1.03549238233
540466,541043,549439,577,8396,5,16200,1.06872320152
540799,540806,540844,7,38,1,1800,1.18421052632
541039,541985,550423,946,8438,5,16200,1.11211187485
541091,541098,541167,7,69,1,1800,1.10144927536
541806,541812,542051,6,239,1,1800,1.02510460251
541980,541992,553477,12,11485,5,16200,1.0010448411
541990,542767,554802,777,12035,5,16200,1.06456169506
542110,542117,560156,7,18039,1,18000,1.00038804812
542555,562197,590287,19642,28090,1,86400,1.69925240299
542602,563032,649078,20430,86046,1,172800,1.23743114148
542758,542951,552461,193,9510,5,16200,1.02029442692
542759,562203,648626,19444,86423,1,86400,1.22498640408
542942,542967,551640,25,8673,5,16200,1.00288250894
542963,544661,552921,1698,8260,5,16200,1.20556900726
543771,543778,561790,7,18012,1,18000,1.0003886298
543798,543804,561838,6,18034,1,18000,1.00033270489
543808,543814,561836,6,18022,1,18000,1.00033292642
544660,545575,553506,915,7931,5,16200,1.11537006683
545550,545560,554573,10,9013,5,16200,1.00110950849
545571,547253,558789,1682,11536,5,16200,1.14580443828
547248,547629,560011,381,12382,5,16200,1.03077047327
547627,549259,559318,1632,10059,5,16200,1.16224276767
548408,562304,563015,13896,711,8,43200,20.5443037975
549253,549451,561666,198,12215,5,16200,1.01620957839
549448,550434,563880,986,13446,5,16200,1.07333035847
550430,550879,561378,449,10499,5,16200,1.04276597771
550870,551651,561811,781,10160,5,16200,1.07687007874
551648,552234,560374,586,8140,5,16200,1.07199017199
551727,562208,570598,10481,8390,1,18000,2.24922526818
552231,552472,562253,241,9781,5,16200,1.0246396074
552467,552828,561332,361,8504,5,16200,1.04245061148
552735,562213,580244,9478,18031,1,18000,1.52565026898
552825,552932,560821,107,7889,5,16200,1.01356318925
552928,552971,565774,43,12803,5,16200,1.00335858783
552969,553489,566225,520,12736,5,16200,1.04082914573
553481,553517,562091,36,8574,5,16200,1.00419874038
553512,554813,562901,1301,8088,5,16200,1.16085558853
554576,554584,563374,8,8790,5,16200,1.00091012514
554812,558801,569995,3989,11194,5,16200,1.35635161694
555618,562185,569748,6567,7563,16,18000,1.86830622769
555618,562175,580208,6557,18033,16,18000,1.36361115732
555618,562180,580211,6562,18031,16,18000,1.36392878931
555619,562191,569757,6572,7566,16,18000,1.86862278615
558790,559328,573938,538,14610,5,16200,1.03682409309
559322,560023,571032,701,11009,5,16200,1.06367517486
560018,560386,571901,368,11515,5,16200,1.03195831524
560377,560832,569703,455,8871,5,16200,1.05129072258
560827,561343,576033,516,14690,5,16200,1.03512593601
561339,561389,573253,50,11864,5,16200,1.00421443021
561380,561677,572096,297,10419,5,16200,1.02850561474
561667,561822,573743,155,11921,5,16200,1.01300226491
561821,562102,570599,281,8497,5,16200,1.03307049547
562098,562264,571937,166,9673,5,16200,1.01716117027
562263,562912,576174,649,13262,5,16200,1.04893681194
562907,563386,573421,479,10035,5,16200,1.04773293473
563378,563892,572193,514,8301,5,16200,1.06192025057
563890,565785,574113,1895,8328,5,16200,1.2275456292
565778,566237,573791,459,7554,5,16200,1.06076250993
566228,569714,576507,3486,6793,5,16200,1.51317532754
566248,566254,566770,6,516,1,86400,1.01162790698
566995,567001,568144,6,1143,1,86400,1.00524934383
568110,568116,591565,6,23449,1,36000,1.00025587445
569704,570006,576781,302,6775,5,16200,1.04457564576
570001,570610,578431,609,7821,5,16200,1.0778672804
570337,570343,583623,6,13280,16,18000,1.00045180723
570337,570354,575313,17,4959,16,18000,1.00342811051
570337,570348,582005,11,11657,16,18000,1.00094363902
570338,575324,580000,4986,4676,16,18000,2.06629597947
570605,571954,579250,1349,7296,5,16200,1.18489583333
571035,571044,577285,9,6241,5,16200,1.00144207659
571904,571912,579590,8,7678,5,16200,1.001041938
571945,572107,577159,162,5052,5,16200,1.03206650831
572099,572204,577905,105,5701,5,16200,1.01841782143
572202,573264,580072,1062,6808,5,16200,1.15599294947
573256,573432,578777,176,5345,5,16200,1.03292797007
573430,573754,578559,324,4805,5,16200,1.06742976067
573544,580023,598600,6479,18577,1,36000,1.34876460139
573748,573802,581234,54,7432,5,16200,1.00726587729
573799,573949,579150,150,5201,5,16200,1.02884060758
573943,574124,581197,181,7073,5,16200,1.02559027287
574117,576044,582047,1927,6003,5,16200,1.32100616358
574854,583634,601173,8780,17539,64,72000,1.50059866583
575383,580012,796045,4629,216033,4,216000,1.02142728194
575418,580018,796041,4600,216023,4,216000,1.02129402888
575486,580082,784816,4596,204734,4,216000,1.02244864068
576040,576185,580757,145,4572,5,16200,1.03171478565
576184,576518,582856,334,6338,5,16200,1.05269801199
576512,576793,582745,281,5952,5,16200,1.04721102151
576648,580028,616034,3380,36006,1,36000,1.09387324335
576788,577171,585619,383,8448,5,16200,1.04533617424
577167,577297,583947,130,6650,5,16200,1.01954887218
577290,577916,584123,626,6207,5,16200,1.10085387466
577915,578443,585092,528,6649,5,16200,1.07941043766
578437,578570,585446,133,6876,5,16200,1.01934264107
578560,578788,585881,228,7093,5,16200,1.03214436769
578786,579161,587960,375,8799,5,16200,1.04261847937
578796,580034,604740,1238,24706,1,36000,1.05010928519
579154,579261,584073,107,4812,5,16200,1.02223607648
579257,579601,586446,344,6845,5,16200,1.05025566107
579595,580088,586675,493,6587,5,16200,1.07484439047
580076,580768,585582,692,4814,5,16200,1.14374740341
580371,582017,715260,1646,133243,2,133200,1.01235336941
580761,581208,585658,447,4450,5,16200,1.1004494382
581202,581245,587017,43,5772,5,16200,1.00744975745
581243,582058,588077,815,6019,5,16200,1.13540455225
582052,582867,587577,815,4710,5,16200,1.17303609342
582747,582756,589354,9,6598,5,16200,1.00136404971
582860,583958,588820,1098,4862,5,16200,1.22583299054
583954,584084,593360,130,9276,5,16200,1.01401466149
584078,584134,590929,56,6795,5,16200,1.00824135394
584129,585103,592869,974,7766,5,16200,1.12541849086
585101,585593,590410,492,4817,5,16200,1.10213826033
585449,585457,590300,8,4843,5,16200,1.00165186868
585583,585630,593222,47,7592,5,16200,1.00619072708
585624,585669,590366,45,4697,5,16200,1.00958058335
585666,585892,590533,226,4641,5,16200,1.04869640164
585881,586457,595202,576,8745,5,16200,1.06586620926
586454,586686,592470,232,5784,5,16200,1.04011065007
586680,587588,594412,908,6824,5,16200,1.13305978898
587018,587028,592772,10,5744,5,16200,1.00174094708
587581,587971,594962,390,6991,5,16200,1.05578601059
587970,588089,592910,119,4821,5,16200,1.02468367559
588083,588831,594082,748,5251,5,16200,1.14244905732
588423,590302,592839,1879,2537,8,7200,1.74063854947
588829,589368,595676,539,6308,5,16200,1.08544705136
589362,590311,598639,949,8328,5,16200,1.11395292988
589486,601184,612666,11698,11482,64,51900,2.01881205365
590303,590377,594919,74,4542,5,16200,1.01629238221
590375,590424,597058,49,6634,5,16200,1.00738619234
590416,590544,596343,128,5799,5,16200,1.02207277117
590540,590941,598816,401,7875,5,16200,1.05092063492
590939,592481,599624,1542,7143,5,16200,1.21587568249
592473,592783,600888,310,8105,5,16200,1.03824799506
592563,592852,592854,289,2,2,3540,29.1
592780,592921,600302,141,7381,5,16200,1.01910310256
592873,592880,597671,7,4791,5,16200,1.00146107284
592914,593233,597864,319,4631,5,16200,1.06888361045
593232,593371,600590,139,7219,5,16200,1.01925474442
593365,594094,600741,729,6647,5,16200,1.10967353693
594092,594423,599818,331,5395,5,16200,1.06135310473
594420,594930,599771,510,4841,5,16200,1.10535013427
594921,595214,599883,293,4669,5,16200,1.06275433712
594963,594973,599373,10,4400,5,16200,1.00227272727
595209,595687,601653,478,5966,5,16200,1.08012068388
595441,595447,596079,6,632,1,14400,1.00949367089
595543,595549,596177,6,628,1,14400,1.00955414013
595552,595558,596062,6,504,1,14400,1.0119047619
595679,596354,603081,675,6727,5,16200,1.10034190575
596344,597682,604916,1338,7234,5,16200,1.18495991153
597061,597069,602130,8,5061,5,16200,1.00158071527
597675,597877,605921,202,8044,5,16200,1.02511188463
597869,598650,606416,781,7766,5,16200,1.10056657224
598647,598827,604949,180,6122,5,16200,1.02940215616
598821,599384,605134,563,5750,5,16200,1.09791304348
599384,599635,604552,251,4917,5,16200,1.05104738662
599630,599782,606154,152,6372,5,16200,1.02385436284
599773,599829,604669,56,4840,5,16200,1.01157024793
599825,599895,604639,70,4744,5,16200,1.01475548061
599887,600313,608511,426,8198,5,16200,1.05196389363
600306,600753,608653,447,7900,5,16200,1.05658227848
600593,600601,605842,8,5241,5,16200,1.00152642625
600747,600899,605594,152,4695,5,16200,1.03237486688
600891,601664,607379,773,5715,5,16200,1.13525809274
601658,602141,609272,483,7131,5,16200,1.06773243584
602090,602096,602097,6,1,1,240,1.0
602139,603093,611863,954,8770,5,16200,1.10877993158
603090,604563,610901,1473,6338,5,16200,1.23240769959
603950,603956,604014,6,58,4,900,1.10344827586
604562,604650,612703,88,8053,5,16200,1.01092760462
604644,604680,610533,36,5853,5,16200,1.00615069195
604676,604927,614077,251,9150,5,16200,1.02743169399
