SubmitTime,StartTime,EndTime,QueuedTime,RunTime,NodesRequested,walltime,bslowdown
121,160,7328,39,7168,5,16200,1.00544084821
153,345,6405,192,6060,5,16200,1.03168316832
174,180,238,6,58,4,900,1.10344827586
337,805,7546,468,6741,5,16200,1.0694259012
798,1054,7110,256,6056,5,16200,1.04227212682
1043,1132,6658,89,5526,5,16200,1.01610568223
1126,1365,8857,239,7492,5,16200,1.03190069407
1361,1627,7616,266,5989,5,16200,1.04441476039
1617,2591,7936,974,5345,5,16200,1.18222637979
1639,1645,17235,6,15590,1,16200,1.00038486209
1712,1718,1767,6,49,1,12600,1.12244897959
1803,1809,9616,6,7807,1,12600,1.00076854105
1961,1967,5895,6,3928,1,9000,1.00152749491
2024,2030,4200,6,2170,1,5400,1.00276497696
2138,2144,3348,6,1204,1,3600,1.0049833887
2199,2206,2855,7,649,2,3600,1.01078582435
2382,2388,2640,6,252,8,1800,1.02380952381
2424,2430,2793,6,363,4,1800,1.01652892562
2527,2804,2991,277,187,16,1800,2.48128342246
2589,3722,9028,1133,5306,5,16200,1.21353185074
3128,3729,3870,601,141,32,1800,5.26241134752
3712,3864,11518,152,7654,5,16200,1.01985889731
3855,4483,11338,628,6855,5,16200,1.09161196207
4479,5744,12399,1265,6655,5,16200,1.19008264463
5737,6416,14169,679,7753,5,16200,1.08757900168
6105,6112,13343,7,7231,5,16200,1.00096805421
6412,6669,12891,257,6222,5,16200,1.04130504661
6668,7077,14733,409,7656,5,16200,1.05342215256
7067,7121,12157,54,5036,5,16200,1.01072279587
7119,7339,13080,220,5741,5,16200,1.03832085003
7334,7557,14396,223,6839,5,16200,1.0326071063
7549,7627,12953,78,5326,5,16200,1.01464513706
7621,7914,12703,293,4789,5,16200,1.06118187513
7908,7948,15349,40,7401,5,16200,1.00540467504
7939,9040,14260,1101,5220,5,16200,1.21091954023
8653,8659,8666,6,7,1,3600,1.3
8773,8779,8904,6,125,1,3600,1.048
8859,8868,15900,9,7032,5,16200,1.00127986348
9028,9034,9341,6,307,1,3600,1.01954397394
9034,9289,15364,255,6075,5,16200,1.04197530864
9279,11349,15901,2070,4552,5,16200,1.45474516696
9564,9575,10209,11,634,1,3600,1.01735015773
10717,10723,10729,6,6,1,3600,1.2
10837,10843,10936,6,93,1,3600,1.06451612903
11060,11066,11354,6,288,1,3600,1.02083333333
11344,11529,17599,185,6070,5,16200,1.03047775947
11529,12168,18116,639,5948,5,16200,1.10743106927
11632,11638,11702,6,64,1,3600,1.09375
12163,12411,21066,248,8655,5,16200,1.02865395725
12246,12252,12259,6,7,1,3600,1.3
12365,12371,12498,6,127,1,3600,1.04724409449
12409,12714,19347,305,6633,5,16200,1.04598221016
12580,12594,12725,14,131,1,3600,1.10687022901
12626,12632,12948,6,316,1,3600,1.01898734177
12706,12902,19076,196,6174,5,16200,1.03174603175
12849,12855,13164,6,309,1,3600,1.01941747573
12901,12964,19569,63,6605,5,16200,1.00953822861
12963,13091,19885,128,6794,5,16200,1.01884015308
13086,13354,20453,268,7099,5,16200,1.03775179603
13182,13189,13839,7,650,1,3600,1.01076923077
13352,14181,22983,829,8802,5,16200,1.0941831402
13388,13395,14035,7,640,1,3600,1.0109375
14170,14271,19042,101,4771,5,16200,1.02116956613
14263,14407,21233,144,6826,5,16200,1.02109581014
14366,14372,14378,6,6,1,3600,1.2
14406,14744,21333,338,6589,5,16200,1.05129761724
14484,14490,14584,6,94,1,3600,1.06382978723
14717,14723,15016,6,293,1,3600,1.0204778157
14734,15360,20176,626,4816,5,16200,1.1299833887
14864,14871,14967,7,96,1,3600,1.07291666667
15089,15095,15389,6,294,1,3600,1.02040816327
15306,15312,15853,6,541,1,3600,1.01109057301
15358,15375,19846,17,4471,5,16200,1.00380228137
15369,15912,21656,543,5744,5,16200,1.09453342618
15663,15669,16195,6,526,1,3600,1.01140684411
15911,15918,21854,7,5936,5,16200,1.00117924528
15911,17610,22333,1699,4723,5,16200,1.35972898581
17608,18127,24736,519,6609,5,16200,1.07852927826
18119,19053,23847,934,4794,5,16200,1.19482686692
19049,19087,28435,38,9348,5,16200,1.00406504065
19081,19358,25937,277,6579,5,16200,1.04210366317
19357,19857,27665,500,7808,5,16200,1.06403688525
19572,19580,24410,8,4830,5,16200,1.0016563147
19849,19896,24731,47,4835,5,16200,1.00972078594
19890,20187,27797,297,7610,5,16200,1.03902759527
19890,19901,19980,11,79,1,1800,1.13924050633
20177,20464,25180,287,4716,5,16200,1.06085665818
20229,20235,20323,6,88,1,1800,1.06818181818
20463,21077,25664,614,4587,5,16200,1.13385655112
20841,20847,21221,6,374,1,1800,1.01604278075
21067,21249,29914,182,8665,5,16200,1.02100403924
21241,21345,27087,104,5742,5,16200,1.01811215604
21344,21667,28562,323,6895,5,16200,1.04684554025
21661,22994,28849,1333,5855,5,16200,1.22766865927
21856,21866,28808,10,6942,5,16200,1.00144050706
22336,22344,27141,8,4797,5,16200,1.00166770898
22368,22374,22412,6,38,1,1800,1.15789473684
22664,22671,22739,7,68,1,1800,1.10294117647
22991,23859,29203,868,5344,5,16200,1.1624251497
23379,23385,23629,6,244,1,1800,1.02459016393
23850,24421,30741,571,6320,5,16200,1.09034810127
23980,23986,25460,6,1474,1,86400,1.00407055631
24412,24743,33007,331,8264,5,16200,1.04005324298
24740,25191,31883,451,6692,5,16200,1.06739390317
24740,24749,29297,9,4548,5,16200,1.00197889182
25190,25675,31438,485,5763,5,16200,1.08415755683
25671,27098,35086,1427,7988,5,16200,1.17864296445
25757,25763,26155,6,392,1,86400,1.01530612245
25937,25948,33272,11,7324,5,16200,1.00150191152
26136,26142,44964,6,18822,1,36000,1.0003187759
26184,26190,27615,6,1425,1,86400,1.00421052632
26324,26330,30207,6,3877,1,36000,1.00154758834
27006,55830,70889,28824,15059,4,28800,2.91407131948
27006,27012,55824,6,28812,4,28800,1.00020824656
27007,70896,99726,43889,28830,4,28800,2.52233784253
27008,113871,129799,86863,15928,4,28800,6.45347815168
27009,129886,158704,102877,28818,4,28800,4.56988687626
27010,177903,206708,150893,28805,4,28800,6.23843082798
27010,206720,235552,179710,28832,4,28800,7.23300499445
27011,235907,264723,208896,28816,4,28800,8.24930594114
27012,329359,358181,302347,28822,4,28800,11.4901464159
27013,358194,387029,331181,28835,4,28800,12.4853823478
27093,27152,35093,59,7941,5,16200,1.00742979474
27144,28447,35728,1303,7281,5,16200,1.17895893421
27666,27676,32460,10,4784,5,16200,1.002090301
27760,27767,27774,7,7,1,18000,1.4
27799,27808,32601,9,4793,5,16200,1.00187773837
28083,28089,82103,6,54014,1,54000,1.00011108231
28444,28573,35751,129,7178,5,16200,1.01797157983
28567,28819,35526,252,6707,5,16200,1.03757268525
28813,28861,34263,48,5402,5,16200,1.00888559793
28854,29214,34055,360,4841,5,16200,1.07436480066
29214,29310,33946,96,4636,5,16200,1.02070750647
29220,29226,115646,6,86420,1,86400,1.00006942837
29306,29925,34358,619,4433,5,16200,1.13963455899
29920,30753,36738,833,5985,5,16200,1.13918128655
30257,30263,47442,6,17179,1,36000,1.00034926364
30310,30316,36216,6,5900,1,86400,1.00101694915
30749,31449,38136,700,6687,5,16200,1.10468072379
31444,32472,39611,1028,7139,5,16200,1.14399775879
31616,31622,44294,6,12672,1,18000,1.00047348485
31885,31894,36972,9,5078,5,16200,1.00177235132
32468,32612,40717,144,8105,5,16200,1.01776681061
32611,33018,40786,407,7768,5,16200,1.05239443872
33011,33283,39375,272,6092,5,16200,1.04464871963
33278,33957,39896,679,5939,5,16200,1.11432901162
33953,34066,38987,113,4921,5,16200,1.02296281244
34066,34274,40693,208,6419,5,16200,1.03240380122
34271,34369,39211,98,4842,5,16200,1.02023957043
34363,35098,39881,735,4783,5,16200,1.15366924524
35089,35104,43286,15,8182,5,16200,1.00183329259
35100,35537,43454,437,7917,5,16200,1.05519767589
35529,35739,40964,210,5225,5,16200,1.04019138756
35734,35762,40502,28,4740,5,16200,1.005907173
35755,36749,42411,994,5662,5,16200,1.17555634052
36260,36266,43232,6,6966,1,86400,1.00086132644
36747,38147,45269,1400,7122,5,16200,1.19657399607
36973,36983,45740,10,8757,5,16200,1.00114194359
38138,38998,45006,860,6008,5,16200,1.1431424767
38997,39224,47209,227,7985,5,16200,1.02842830307
39212,39386,45184,174,5798,5,16200,1.0300103484
39376,39623,48854,247,9231,5,16200,1.02675766439
39612,39892,47154,280,7262,5,16200,1.03855687139
39889,39907,45970,18,6063,5,16200,1.00296882731
39899,40513,47168,614,6655,5,16200,1.09226145755
40503,40704,46713,201,6009,5,16200,1.03344982526
40550,40557,126969,7,86412,1,86400,1.00008100727
40697,40728,46340,31,5612,5,16200,1.00552387741
40718,40797,48433,79,7636,5,16200,1.01034573075
40790,40975,46973,185,5998,5,16200,1.03084361454
40966,42422,47682,1456,5260,5,16200,1.27680608365
42412,43302,48616,890,5314,5,16200,1.16748212269
43015,43032,43182,17,150,1,300,1.11333333333
43015,43026,43124,11,98,2,300,1.11224489796
43015,43021,43080,6,59,4,300,1.10169491525
43016,43038,43136,22,98,2,300,1.22448979592
43290,43296,44931,6,1635,8,6000,1.00366972477
43300,43308,44951,8,1643,8,6000,1.00486914181
43311,43317,44981,6,1664,8,6000,1.00360576923
43322,43328,44987,6,1659,8,6000,1.00361663653
43333,43339,44984,6,1645,8,6000,1.00364741641
43343,43350,44994,7,1644,8,6000,1.00425790754
43354,43360,45021,6,1661,8,6000,1.00361228176
43365,43371,45019,6,1648,8,6000,1.0036407767
43376,43382,45047,6,1665,8,6000,1.0036036036
43386,43393,45038,7,1645,8,6000,1.00425531915
43397,43403,45059,6,1656,8,6000,1.00362318841
43408,43417,45086,9,1669,8,6000,1.00539245057
43419,43425,45525,6,2100,8,6000,1.00285714286
43429,43465,45118,36,1653,8,6000,1.02177858439
43461,45071,46712,1610,1641,8,6000,1.98110907983
43958,44294,44361,336,67,2,300,6.01492537313
43958,44245,44296,287,51,2,300,6.62745098039
43958,43963,44033,5,70,2,300,1.07142857143
43959,44105,44205,146,100,1,300,2.46
43959,44222,44244,263,22,1,300,12.9545454545
43959,43970,44093,11,123,1,300,1.08943089431
43959,44598,44646,639,48,4,300,14.3125
43960,44658,45009,698,351,4,300,2.9886039886
43960,45021,45266,1061,245,4,300,5.3306122449
43960,44045,44096,85,51,2,300,2.66666666667
43961,45031,45263,1070,232,8,300,5.61206896552
43961,44179,44227,218,48,2,300,5.54166666667
43961,45009,45249,1048,240,8,300,5.36666666667
43961,44112,44167,151,55,2,300,3.74545454545
43962,44448,44510,486,62,4,300,8.83870967742
43962,44373,44435,411,62,4,300,7.62903225806
43962,46070,46199,2108,129,8,300,17.3410852713
43963,44523,44586,560,63,4,300,9.88888888889
43963,45648,45796,1685,148,16,300,12.3851351351
43963,45808,45955,1845,147,16,300,13.5510204082
43964,44943,45192,979,249,8,300,4.93172690763
43964,44963,45232,999,269,8,300,4.71375464684
43964,45967,46079,2003,112,16,300,18.8839285714
43964,44994,45236,1030,242,8,300,5.25619834711
43965,45867,45945,1902,78,32,300,25.3846153846
43965,45790,45893,1825,103,32,300,18.7184466019
43965,45784,45855,1819,71,32,300,26.6197183099
43966,45488,45636,1522,148,16,300,11.2837837838
43966,45001,45189,1035,188,16,300,6.50531914894
43966,45351,45475,1385,124,16,300,12.1693548387
43967,45345,45423,1378,78,64,300,18.6666666667
43967,45440,45521,1473,81,64,300,19.1851851852
43967,45249,45333,1282,84,64,300,16.2619047619
43968,46030,46126,2062,96,32,300,22.4791666667
43968,45906,46017,1938,111,32,300,18.4594594595
43968,45956,46052,1988,96,32,300,21.7083333333
43969,45533,45605,1564,72,64,300,22.7222222222
43970,45617,45696,1647,79,64,300,21.8481012658
43970,45709,45772,1739,63,64,300,28.6031746032
44567,44574,44604,7,30,1,18000,1.23333333333
44863,44872,62892,9,18020,1,18000,1.00049944506
45068,45098,46736,30,1638,8,6000,1.01831501832
45099,45130,46762,31,1632,8,6000,1.01899509804
45131,45196,46825,65,1629,8,6000,1.03990178023
45193,45282,46924,89,1642,8,6000,1.05420219245
45286,45540,47203,254,1663,8,6000,1.15273601924
45543,45752,47416,209,1664,8,6000,1.12560096154
45748,46065,47717,317,1652,8,6000,1.19188861985
46065,46077,48202,12,2125,8,6000,1.00564705882
46076,46084,47746,8,1662,8,6000,1.00481347774
46087,46093,47742,6,1649,8,6000,1.00363856883
46098,46105,47742,7,1637,8,6000,1.00427611484
46109,46139,47780,30,1641,8,6000,1.01828153565
46140,46148,47800,8,1652,8,6000,1.00484261501
46151,46157,47807,6,1650,8,6000,1.00363636364
46162,46169,47811,7,1642,8,6000,1.00426309379
46173,46211,47865,38,1654,8,6000,1.02297460701
46214,46352,47999,138,1647,8,6000,1.08378870674
46348,46724,48365,376,1641,8,6000,1.22912858013
46728,46735,48381,7,1646,8,6000,1.0042527339
46738,46748,48397,10,1649,8,6000,1.00606428138
46749,46774,48408,25,1634,8,6000,1.0152998776
46770,46837,48939,67,2102,8,6000,1.03187440533
46842,46936,48565,94,1629,8,6000,1.05770411295
46935,47166,48804,231,1638,8,6000,1.14102564103
47170,47216,48863,46,1647,8,6000,1.02792956891
47212,47223,48859,11,1636,8,6000,1.00672371638
47223,47428,49064,205,1636,8,6000,1.12530562347
47428,47694,49356,266,1662,8,6000,1.16004813478
47694,47729,49388,35,1659,8,6000,1.02109704641
47725,47755,49412,30,1657,8,6000,1.01810500905
47757,47764,49418,7,1654,8,6000,1.00423216445
47767,47775,49415,8,1640,8,6000,1.00487804878
47778,47793,49461,15,1668,8,6000,1.00899280576
47789,47812,49450,23,1638,8,6000,1.01404151404
47810,47819,49452,9,1633,8,6000,1.00551132884
47821,47828,49471,7,1643,8,6000,1.00426049909
47831,47882,49513,51,1631,8,6000,1.03126916002
47883,48011,49634,128,1623,8,6000,1.07886629698
48007,48220,49859,213,1639,8,6000,1.12995729103
48222,48377,50021,155,1644,8,6000,1.09428223844
48376,48393,50030,17,1637,8,6000,1.01038485034
48397,48409,50070,12,1661,8,6000,1.00722456352
48407,48420,50072,13,1652,8,6000,1.00786924939
48418,48577,50214,159,1637,8,6000,1.09712889432
48582,48629,50265,47,1636,8,6000,1.02872860636
48634,48816,50468,182,1652,8,6000,1.11016949153
48819,48866,50516,47,1650,8,6000,1.02848484848
48870,48880,50534,10,1654,8,6000,1.00604594921
48881,48888,50531,7,1643,8,6000,1.00426049909
48892,48951,50603,59,1652,8,6000,1.03571428571
48954,49076,50715,122,1639,8,6000,1.07443563148
49077,49368,51013,291,1645,8,6000,1.17689969605
49364,49401,51046,37,1645,8,6000,1.02249240122
49405,49424,51078,19,1654,8,6000,1.01148730351
49426,49434,51068,8,1634,8,6000,1.00489596083
49437,49444,51081,7,1637,8,6000,1.00427611484
49448,49462,51103,14,1641,8,6000,1.0085313833
49459,49469,51103,10,1634,8,6000,1.00611995104
49469,49476,51145,7,1669,8,6000,1.00419412822
49480,49487,51127,7,1640,8,6000,1.00426829268
49491,49526,51163,35,1637,8,6000,1.02138057422
49522,49646,51296,124,1650,8,6000,1.07515151515
49645,49871,51519,226,1648,8,6000,1.13713592233
49871,50033,51683,162,1650,8,6000,1.09818181818
50035,50042,51696,7,1654,8,6000,1.00423216445
50046,50082,51736,36,1654,8,6000,1.02176541717
50087,50094,51735,7,1641,8,6000,1.00426569165
50098,50278,51924,180,1646,8,6000,1.10935601458
50119,51058,68791,939,17733,16,21600,1.05295212316
50283,50480,52120,197,1640,8,6000,1.12012195122
50478,50529,52174,51,1645,8,6000,1.03100303951
50529,50544,52626,15,2082,8,6000,1.00720461095
50540,50552,52200,12,1648,8,6000,1.0072815534
50551,50615,52284,64,1669,8,6000,1.03834631516
50613,50727,52378,114,1651,8,6000,1.06904906118
50726,51025,52667,299,1642,8,6000,1.18209500609
51023,51081,52725,58,1644,8,6000,1.03527980535
51085,51095,52735,10,1640,8,6000,1.00609756098
51095,51102,52771,7,1669,8,6000,1.00419412822
51106,51115,52760,9,1645,8,6000,1.00547112462
51117,51124,52777,7,1653,8,6000,1.00423472474
51128,51139,52784,11,1645,8,6000,1.00668693009
51138,51158,52798,20,1640,8,6000,1.01219512195
51159,51175,52824,16,1649,8,6000,1.00970285021
51170,51308,52965,138,1657,8,6000,1.08328304164
51304,51531,53174,227,1643,8,6000,1.13816189897
51527,51707,51711,180,4,5,16200,18.4
51711,51722,51726,11,4,5,16200,1.5
51722,51738,51742,16,4,5,16200,2.0
51743,51752,51757,9,5,5,16200,1.4
51754,51759,51763,5,4,5,16200,1.0
51764,51771,51780,7,9,5,16200,1.6
51775,51781,51785,6,4,5,16200,1.0
51786,51793,51797,7,4,5,16200,1.1
51797,51803,51806,6,3,5,16200,1.0
51807,51813,51816,6,3,5,16200,1.0
51818,51824,51830,6,6,5,16200,1.2
51829,51835,51839,6,4,5,16200,1.0
51839,51846,51850,7,4,5,16200,1.1
51850,51856,51860,6,4,5,16200,1.0
51861,51867,51873,6,6,5,16200,1.2
51872,51878,51882,6,4,5,16200,1.0
51882,51889,51893,7,4,5,16200,1.1
51893,51899,51902,6,3,5,16200,1.0
51904,51910,51913,6,3,5,16200,1.0
51915,51921,51924,6,3,5,16200,1.0
51925,51931,51935,6,4,5,16200,1.0
51936,51942,51946,6,4,5,16200,1.0
51947,51953,51957,6,4,5,16200,1.0
51957,51964,51968,7,4,5,16200,1.1
51968,51974,51977,6,3,5,16200,1.0
51979,51985,51989,6,4,5,16200,1.0
51990,51996,52000,6,4,5,16200,1.0
52000,52006,52010,6,4,5,16200,1.0
52011,52017,52021,6,4,5,16200,1.0
52022,52028,52036,6,8,5,16200,1.4
52033,52039,52042,6,3,5,16200,1.0
52043,52049,52053,6,4,5,16200,1.0
52054,52060,52063,6,3,5,16200,1.0
52065,52071,52075,6,4,5,16200,1.0
52075,52081,52086,6,5,5,16200,1.1
52086,52092,52095,6,3,5,16200,1.0
52097,52103,52106,6,3,5,16200,1.0
52108,52114,52118,6,4,5,16200,1.0
52118,52124,52127,6,3,5,16200,1.0
52129,52135,52138,6,3,5,16200,1.0
52140,52146,52149,6,3,5,16200,1.0
52150,52157,52160,7,3,5,16200,1.0
52161,52167,52170,6,3,5,16200,1.0
52172,52178,52181,6,3,5,16200,1.0
52183,52189,52193,6,4,5,16200,1.0
52193,52200,52204,7,4,5,16200,1.1
52204,52210,52214,6,4,5,16200,1.0
52215,52221,52225,6,4,5,16200,1.0
52226,52232,52236,6,4,5,16200,1.0
52236,52243,52248,7,5,5,16200,1.2
52247,52253,52256,6,3,5,16200,1.0
52258,52264,52268,6,4,5,16200,1.0
52269,52275,52280,6,5,5,16200,1.1
52280,52286,52290,6,4,5,16200,1.0
52290,52296,52299,6,3,5,16200,1.0
52301,52307,52311,6,4,5,16200,1.0
52312,52318,52322,6,4,5,16200,1.0
52323,52329,52334,6,5,5,16200,1.1
52333,52339,52343,6,4,5,16200,1.0
52344,52350,52354,6,4,5,16200,1.0
52355,52361,52366,6,5,5,16200,1.1
52366,52372,52376,6,4,5,16200,1.0
52370,139932,331918,87562,191986,18,198000,1.45608533956
52376,52383,52387,7,4,5,16200,1.1
52387,52393,52397,6,4,5,16200,1.0
52398,52404,52408,6,4,5,16200,1.0
52409,52415,52419,6,4,5,16200,1.0
52419,52426,52429,7,3,5,16200,1.0
52430,52436,52439,6,3,5,16200,1.0
52441,52450,52455,9,5,5,16200,1.4
52445,140364,331518,87919,191154,18,198000,1.45993806041
52452,52459,52463,7,4,5,16200,1.1
52463,52469,52473,6,4,5,16200,1.0
52473,52480,52484,7,4,5,16200,1.1
52484,52490,52494,6,4,5,16200,1.0
52495,52501,52504,6,3,5,16200,1.0
52506,52512,52516,6,4,5,16200,1.0
52516,52523,52527,7,4,5,16200,1.1
52527,52537,52540,10,3,5,16200,1.3
52538,52544,52548,6,4,5,16200,1.0
52549,52555,52558,6,3,5,16200,1.0
52560,52566,52569,6,3,5,16200,1.0
52570,52577,52581,7,4,5,16200,1.1
52581,52591,52594,10,3,5,16200,1.3
52592,52598,52601,6,3,5,16200,1.0
52603,52609,52614,6,5,5,16200,1.1
52613,52620,52623,7,3,5,16200,1.0
52624,52630,52633,6,3,5,16200,1.0
52635,52644,52648,9,4,5,16200,1.3
52646,52652,52655,6,3,5,16200,1.0
52656,52663,52666,7,3,5,16200,1.0
52667,52673,52676,6,3,5,16200,1.0
52678,52684,52687,6,3,5,16200,1.0
52689,52695,52699,6,4,5,16200,1.0
52699,52706,52710,7,4,5,16200,1.1
52710,52716,52719,6,3,5,16200,1.0
52721,52727,52731,6,4,5,16200,1.0
52732,52747,52751,15,4,5,16200,1.9
52732,52741,52746,9,5,5,16200,1.4
52743,52753,52757,10,4,5,16200,1.4
52744,52759,52763,15,4,5,16200,1.9
52754,52765,52768,11,3,5,16200,1.4
52763,52772,66514,9,13742,5,16200,1.0006549265
52763,52778,64764,15,11986,5,16200,1.00125146004
52774,52791,63669,17,10878,5,16200,1.00156278728
52775,52796,66358,21,13562,5,16200,1.00154844418
52796,52803,63834,7,11031,5,16200,1.00063457529
52796,52809,61990,13,9181,5,16200,1.00141596776
52807,52821,61194,14,8373,5,16200,1.00167204108
52807,52815,65057,8,12242,5,16200,1.00065348799
52818,52829,62473,11,9644,5,16200,1.00114060556
52819,52834,65208,15,12374,5,16200,1.00121221917
52830,52841,61889,11,9048,5,16200,1.00121573828
52830,52847,61379,17,8532,5,16200,1.00199249883
52841,52853,65905,12,13052,5,16200,1.00091939933
52852,52860,61498,8,8638,5,16200,1.00092614031
52862,52976,63894,114,10918,5,16200,1.0104414728
52975,52983,63023,8,10040,5,16200,1.00079681275
52986,61206,68841,8220,7635,5,16200,2.07662082515
61205,61390,70891,185,9501,5,16200,1.01947163456
61389,61510,71590,121,10080,5,16200,1.01200396825
61502,61907,76371,405,14464,5,16200,1.0280005531
61891,62002,73448,111,11446,5,16200,1.00969771099
61994,62484,72944,490,10460,5,16200,1.04684512428
62475,63034,74114,559,11080,5,16200,1.05045126354
63028,63681,75392,653,11711,5,16200,1.05575954231
63135,63142,81158,7,18016,1,18000,1.00038854352
63672,63846,76919,174,13073,5,16200,1.01330987532
63836,63905,77152,69,13247,5,16200,1.0052087265
63898,65069,73988,1171,8919,5,16200,1.13129274582
64428,64435,72289,7,7854,16,18000,1.0008912656
64429,64440,73403,11,8963,16,18000,1.00122726766
64767,64776,77519,9,12743,5,16200,1.00070627011
65010,128865,278721,63855,149856,5,180000,1.4261090647
65064,65219,76866,155,11647,5,16200,1.01330814802
65110,65121,65665,11,544,1,14400,1.02022058824
65218,65916,74533,698,8617,5,16200,1.08100266914
65914,66370,74338,456,7968,5,16200,1.05722891566
66364,66525,76414,161,9889,5,16200,1.01628071595
66518,68852,78264,2334,9412,5,16200,1.24798130047
68850,70901,79196,2051,8295,5,16200,1.24725738397
70895,71601,81594,706,9993,5,16200,1.07064945462
71591,72955,81068,1364,8113,5,16200,1.16812523111
72951,73459,85601,508,12142,5,16200,1.04183824741
73453,74000,84808,547,10808,5,16200,1.05061065877
73579,73586,129870,7,56284,1,86400,1.00012436927
73658,73664,73666,6,2,2,3540,1.0
73995,74126,85194,131,11068,5,16200,1.01183592338
74118,74349,82950,231,8601,5,16200,1.02685734217
74343,74544,82733,201,8189,5,16200,1.0245451215
74538,75403,87848,865,12445,5,16200,1.06950582563
75397,76382,84519,985,8137,5,16200,1.12105198476
76378,76426,84286,48,7860,5,16200,1.00610687023
76420,76878,90346,458,13468,5,16200,1.03400653401
76870,76931,86623,61,9692,5,16200,1.0062938506
76922,77163,89644,241,12481,5,16200,1.01930935021
77157,77530,86085,373,8555,5,16200,1.04360023378
77526,78275,90194,749,11919,5,16200,1.06284084235
78273,79207,87429,934,8222,5,16200,1.1135976648
79203,81079,91239,1876,10160,5,16200,1.18464566929
81075,81605,91497,530,9892,5,16200,1.05357864941
81596,82744,94230,1148,11486,5,16200,1.09994776249
81818,126920,322912,45102,195992,2,604800,1.23012163762
82742,82961,90564,219,7603,5,16200,1.02880441931
82957,84298,95209,1341,10911,5,16200,1.12290349189
83785,83791,83792,6,1,1,240,1.0
84296,84530,94149,234,9619,5,16200,1.0243268531
84521,85612,98098,1091,12486,5,16200,1.08737786321
84808,84819,99473,11,14654,5,16200,1.00075064829
85197,85205,97921,8,12716,5,16200,1.00062912866
85606,86097,98398,491,12301,5,16200,1.03991545403
86087,86634,94982,547,8348,5,16200,1.06552467657
86629,87440,95572,811,8132,5,16200,1.09972946385
87438,87859,99359,421,11500,5,16200,1.03660869565
87857,90205,102456,2348,12251,5,16200,1.19165782385
89646,89655,98108,9,8453,5,16200,1.00106471075
90199,90357,98624,158,8267,5,16200,1.01911213258
90353,90575,98848,222,8273,5,16200,1.02683428019
90568,91251,99093,683,7842,5,16200,1.08709512879
91243,91509,100524,266,9015,5,16200,1.02950637826
91499,94160,105245,2661,11085,5,16200,1.2400541272
94157,94242,106573,85,12331,5,16200,1.00689319601
94239,94993,103530,754,8537,5,16200,1.08832142439
94985,95220,107858,235,12638,5,16200,1.01859471435
95211,95583,111521,372,15938,5,16200,1.02334044422
95231,95238,95245,7,7,1,3600,1.4
95351,95358,95485,7,127,1,3600,1.05511811024
95579,97932,109281,2353,11349,5,16200,1.20733104238
95607,95616,95922,9,306,1,3600,1.02941176471
96144,96151,96786,7,635,1,3600,1.01102362205
97294,97301,97306,7,5,1,3600,1.2
97413,97420,97512,7,92,1,3600,1.07608695652
97634,97641,97929,7,288,1,3600,1.02430555556
97931,98109,107446,178,9337,5,16200,1.01906393917
98105,98121,106881,16,8760,5,16200,1.00182648402
98116,98636,109935,520,11299,5,16200,1.04602177184
98402,98410,106974,8,8564,5,16200,1.00093414292
98623,98630,98636,7,6,1,3600,1.3
98628,98859,106586,231,7727,5,16200,1.02989517277
98741,98748,98878,7,130,1,3600,1.05384615385
98853,99104,112045,251,12941,5,16200,1.01939571903
99014,99021,99332,7,311,1,3600,1.02250803859
99099,99370,112194,271,12824,5,16200,1.02113225203
99129,99136,99266,7,130,1,3600,1.05384615385
99365,99484,108017,119,8533,5,16200,1.01394585726
99386,99392,99704,6,312,1,3600,1.01923076923
99478,100535,108615,1057,8080,5,16200,1.13081683168
99566,99573,100225,7,652,1,3600,1.01073619632
99929,99936,100576,7,640,1,3600,1.0109375
100532,102467,111057,1935,8590,5,16200,1.22526193248
100767,100774,100779,7,5,1,3600,1.2
100885,100891,100990,6,99,1,3600,1.06060606061
101121,101128,101428,7,300,1,3600,1.02333333333
101461,101467,101564,6,97,1,3600,1.0618556701
101685,101691,101987,6,296,1,3600,1.02027027027
101721,101728,102270,7,542,1,3600,1.01291512915
102258,102264,102797,6,533,1,3600,1.01125703565
102463,103541,114745,1078,11204,5,16200,1.09621563727
103537,105256,120152,1719,14896,5,16200,1.11540010741
105255,106584,117671,1329,11087,5,16200,1.11987011816
106302,106309,106387,7,78,1,1800,1.08974358974
106574,106598,118122,24,11524,5,16200,1.0020826102
106595,106893,116191,298,9298,5,16200,1.0320499032
106635,106647,106736,12,89,1,1800,1.13483146067
106892,106985,122830,93,15845,5,16200,1.00586935942
106984,107458,119111,474,11653,5,16200,1.04067622072
107253,107259,107621,6,362,1,1800,1.01657458564
107455,107869,119984,414,12115,5,16200,1.03417251341
107865,108028,119073,163,11045,5,16200,1.01475780896
108019,108626,117416,607,8790,5,16200,1.06905574516
108622,109292,119046,670,9754,5,16200,1.0686897683
108772,108779,108817,7,38,1,1800,1.18421052632
109066,109073,109146,7,73,1,1800,1.09589041096
109287,109946,121619,659,11673,5,16200,1.05645506725
109783,109791,110028,8,237,1,1800,1.03375527426
109942,111068,121132,1126,10064,5,16200,1.11188394277
111067,111533,120029,466,8496,5,16200,1.05484934087
111527,112057,120432,530,8375,5,16200,1.06328358209
113979,113990,114898,11,908,2,900,1.01211453744
113979,114901,115623,922,722,2,900,2.27700831025
113979,113985,114452,6,467,4,900,1.01284796574
113979,113996,114917,17,921,1,900,1.01845819761
113980,114019,114638,39,619,4,900,1.06300484653
113980,114554,114790,574,236,16,900,3.43220338983
113980,114883,115442,903,559,8,900,2.61538461538
113981,114013,114260,32,247,16,900,1.12955465587
113981,114620,114860,639,240,32,900,3.6625
113981,114873,115342,892,469,8,900,2.90191897655
113982,114003,114217,21,214,64,900,1.09813084112
113982,114008,114322,26,314,32,900,1.08280254777
113982,115795,115955,1813,160,128,900,12.33125
113983,114230,114435,247,205,64,900,2.20487804878
114180,114911,115617,731,706,2,900,2.03541076487
114181,114665,115394,484,729,4,900,1.66392318244
114181,114906,115633,725,727,2,900,1.99724896836
114181,114917,115782,736,865,1,900,1.85086705202
114182,114878,115381,696,503,8,900,2.38369781312
114182,114802,115047,620,245,16,900,3.5306122449
114182,114889,115434,707,545,8,900,2.29724770642
114182,114653,115462,471,809,4,900,1.58220024722
114183,114868,115115,685,247,32,900,3.77327935223
114183,114446,114634,263,188,64,900,2.39893617021
114183,114272,114542,89,270,16,900,1.32962962963
114184,114648,114856,464,208,64,900,3.23076923077
114184,114334,114608,150,274,32,900,1.54744525547
114184,115968,116094,1784,126,128,900,15.1587301587
115012,115018,118098,6,3080,2,7200,1.00194805195
115014,115025,117790,11,2765,2,7200,1.00397830018
115016,115031,117550,15,2519,2,7200,1.00595474395
115017,115036,117859,19,2823,2,7200,1.00673042862
115018,115041,117976,23,2935,2,7200,1.00783645656
115020,117427,120075,2407,2648,2,7200,1.90898791541
115051,117432,120275,2381,2843,2,7200,1.83749560324
115052,119057,121759,4005,2702,2,7200,2.4822353812
115054,119063,121895,4009,2832,2,7200,2.41560734463
115055,118109,120699,3054,2590,2,7200,2.17915057915
115057,117801,120442,2744,2641,2,7200,2.03900037864
115058,117561,120705,2503,3144,2,7200,1.79611959288
115059,119068,121702,4009,2634,2,7200,2.52201974184
115061,117870,120593,2809,2723,2,7200,2.03158281307
115062,117987,120920,2925,2933,2,7200,1.99727241732
115064,117682,120512,2618,2830,2,7200,1.92508833922
115065,117688,120468,2623,2780,2,7200,1.94352517986
115066,117693,120467,2627,2774,2,7200,1.94700793079
115068,116202,118905,1134,2703,2,7200,1.41953385128
115150,116208,118673,1058,2465,2,7200,1.42920892495
115169,118133,120600,2964,2467,2,7200,2.20145926226
115170,118139,120757,2969,2618,2,7200,2.13407181054
115346,120040,122800,4694,2760,2,7200,2.70072463768
115644,120046,122634,4402,2588,2,7200,2.70092735703
115659,120051,122903,4392,2852,2,7200,2.53997194951
115910,118917,121694,3007,2777,2,7200,2.08282319049
115943,118684,121480,2741,2796,2,7200,1.98032904149
116109,120163,122888,4054,2725,2,7200,2.48770642202
116305,120169,123290,3864,3121,2,7200,2.23806472285
116583,120174,122893,3591,2719,2,7200,2.32070614196
116728,119123,121741,2395,2618,2,7200,1.91482047364
116798,116804,149773,6,32969,2,36000,1.00018198914
116973,119129,121653,2156,2524,2,7200,1.85419968304
117221,119996,122746,2775,2750,2,7200,2.00909090909
117409,120001,122480,2592,2479,2,7200,2.04558289633
117437,117445,132184,8,14739,2,36000,1.00054277766
117542,120006,122306,2464,2300,2,7200,2.07130434783
117557,119085,121798,1528,2713,2,7200,1.56321415407
117572,119090,121844,1518,2754,2,7200,1.55119825708
117750,120443,123314,2693,2871,2,7200,1.93800069662
117793,120449,123834,2656,3385,2,7200,1.78463810931
117835,120286,122987,2451,2701,2,7200,1.90744168826
117862,120292,122900,2430,2608,2,7200,1.93174846626
117950,120455,123049,2505,2594,2,7200,1.96569005397
117977,121143,123750,3166,2607,2,7200,2.21442270809
118098,121149,124251,3051,3102,2,7200,1.9835589942
118676,121154,123843,2478,2689,2,7200,1.92153216809
118759,118766,119386,7,620,1,14400,1.01129032258
118909,120719,123715,1810,2996,2,7200,1.6041388518
119894,119902,138373,8,18471,12,86400,1.00043311136
120077,120524,123380,447,2856,2,7200,1.15651260504
120276,120529,123449,253,2920,2,7200,1.08664383562
120443,120479,123140,36,2661,2,7200,1.01352874859
120470,120604,123065,134,2461,2,7200,1.05444941081
120472,120931,123732,459,2801,2,7200,1.16387004641
120514,120712,123642,198,2930,2,7200,1.06757679181
120596,120611,123259,15,2648,2,7200,1.00566465257
120611,120770,123494,159,2724,2,7200,1.05837004405
120702,121630,124105,928,2475,2,7200,1.37494949495
120717,121635,124139,918,2504,2,7200,1.36661341853
120759,121664,124850,905,3186,2,7200,1.28405524168
120923,121705,124559,782,2854,2,7200,1.27400140154
121483,121640,124236,157,2596,2,7200,1.06047765794
121497,121503,127497,6,5994,2,36000,1.001001001
121656,121713,124414,57,2701,2,7200,1.02110329508
121695,121752,124417,57,2665,2,7200,1.02138836773
121710,121770,124101,60,2331,2,7200,1.02574002574
121743,121809,124489,66,2680,2,7200,1.02462686567
121762,121855,124605,93,2750,2,7200,1.03381818182
121801,121907,124746,106,2839,2,7200,1.03733709052
121846,122317,125022,471,2705,2,7200,1.1741219963
121898,122491,124969,593,2478,2,7200,1.23930589185
122269,122276,133899,7,11623,2,36000,1.00060225415
122309,122645,125373,336,2728,2,7200,1.12316715543
122384,122391,129381,7,6990,1,32400,1.00100143062
122482,122757,125500,275,2743,2,7200,1.10025519504
122636,122811,125503,175,2692,2,7200,1.06500742942
122730,122737,139524,7,16787,2,36000,1.00041698934
122748,122841,125844,93,3003,2,7200,1.03096903097
122802,122847,125461,45,2614,2,7200,1.01721499617
122890,122896,125520,6,2624,2,7200,1.00228658537
122906,122911,125784,5,2873,2,7200,1.00174034111
122907,122918,125198,11,2280,2,7200,1.0048245614
122908,122923,125619,15,2696,2,7200,1.00556379822
122987,122993,125816,6,2823,2,7200,1.00212539851
123051,123057,125831,6,2774,2,7200,1.0021629416
123066,123072,125663,6,2591,2,7200,1.00231570822
123134,123140,125601,6,2461,2,36000,1.00243803332
123142,123148,125881,6,2733,2,7200,1.00219538968
123263,123269,126181,6,2912,2,7200,1.00206043956
123293,123299,126051,6,2752,2,7200,1.00218023256
123318,123324,126018,6,2694,2,7200,1.00222717149
123381,123388,126075,7,2687,2,7200,1.00260513584
123451,123457,125984,6,2527,2,7200,1.00237435694
123496,123503,126182,7,2679,2,7200,1.00261291527
123645,123651,126170,6,2519,2,7200,1.00238189758
123717,123724,126482,7,2758,2,7200,1.00253807107
123736,123742,126349,6,2607,2,7200,1.00230149597
123751,123757,126555,6,2798,2,7200,1.00214438885
123804,123812,125476,8,1664,11,57600,1.00480769231
123836,123842,126358,6,2516,2,7200,1.00238473768
123851,123857,126345,6,2488,2,7200,1.00241157556
124102,124108,126969,6,2861,2,7200,1.00209716882
124117,124123,126627,6,2504,2,7200,1.00239616613
124141,124148,126764,7,2616,2,7200,1.00267584098
124238,124245,127295,7,3050,2,7200,1.00229508197
124254,124260,126628,6,2368,2,7200,1.00253378378
124310,124317,124319,7,2,4,600,1.0
124336,124343,132632,7,8289,2,36000,1.0008444927
124417,124423,127321,6,2898,2,7200,1.00207039337
124432,124438,127154,6,2716,2,7200,1.00220913108
124493,124499,126973,6,2474,2,7200,1.00242522231
124562,124569,127562,7,2993,2,7200,1.00233879051
124603,124610,139915,7,15305,64,28800,1.00045736687
124608,124617,127226,9,2609,2,7200,1.00344959755
124747,124753,127433,6,2680,2,7200,1.00223880597
124853,124859,127616,6,2757,2,7200,1.00217627856
124971,124977,127987,6,3010,2,7200,1.00199335548
125026,125032,128052,6,3020,2,7200,1.00198675497
125201,125207,127796,6,2589,2,7200,1.0023174971
125376,125383,128044,7,2661,2,7200,1.00263059
125464,125477,128191,13,2714,2,7200,1.00478997789
125504,125510,128334,6,2824,2,7200,1.00212464589
125505,125517,128404,12,2887,2,7200,1.00415656391
125521,125527,128214,6,2687,2,7200,1.00223297358
125568,125575,125679,7,104,4,18000,1.06730769231
125620,125627,128343,7,2716,2,7200,1.00257731959
125666,125672,128270,6,2598,2,7200,1.00230946882
125691,125698,128094,7,2396,8,18000,1.00292153589
125705,125712,131597,7,5885,2,36000,1.00118946474
125787,125793,128922,6,3129,2,7200,1.00191754554
125817,125823,128508,6,2685,2,7200,1.00223463687
125832,125838,128745,6,2907,2,7200,1.00206398349
125842,125849,125852,7,3,2,72000,1.0
125847,125855,128617,8,2762,2,7200,1.00289645185
125885,125891,129005,6,3114,2,7200,1.00192678227
125926,125933,125934,7,1,2,72000,1.0
125948,140375,142503,14427,2128,15,345600,7.77960526316
125952,125960,125961,8,1,2,72000,1.0
125975,125982,125983,7,1,2,72000,1.0
125986,125992,128721,6,2729,2,7200,1.00219860755
126000,126007,128910,7,2903,11,14400,1.00241129866
126019,126026,129224,7,3198,2,7200,1.00218886804
126043,126051,126054,8,3,2,72000,1.1
126053,126059,129077,6,3018,2,7200,1.00198807157
126077,126083,128749,6,2666,2,7200,1.00225056264
126083,126090,198127,7,72037,2,72000,1.00009717229
126145,126151,126155,6,4,4,600,1.0
126172,126179,126181,7,2,2,72000,1.0
126174,126185,129140,11,2955,2,7200,1.00372250423
126190,126196,129083,6,2887,2,7200,1.00207828195
126191,126202,128776,11,2574,2,7200,1.00427350427
126271,126278,126279,7,1,2,72000,1.0
126345,126351,129108,6,2757,2,7200,1.00217627856
126361,126367,129202,6,2835,2,7200,1.00211640212
126362,126374,128967,12,2593,2,7200,1.0046278442
126434,126905,126908,471,3,1,360000,47.4
126448,126910,263195,462,136285,1,360000,1.00338995487
126481,126487,169725,6,43238,2,43200,1.00013876683
126483,126494,129170,11,2676,2,7200,1.00411061286
126496,126502,198520,6,72018,2,72000,1.00008331251
126555,126561,129411,6,2850,2,7200,1.00210526316
126628,126634,129270,6,2636,2,7200,1.00227617602
126643,126649,129431,6,2782,2,7200,1.00215672178
126768,126774,129205,6,2431,2,7200,1.00246812012
126817,126824,127132,7,308,4,600,1.02272727273
126888,126895,159021,7,32126,2,36000,1.00021789205
126970,126977,129772,7,2795,2,7200,1.00250447227
126985,126991,129745,6,2754,2,7200,1.00217864924
127130,140844,184079,13714,43235,12,43200,1.31719671562
127158,127164,129881,6,2717,2,7200,1.002208318
127227,127234,129828,7,2594,2,7200,1.00269853508
127297,127303,130184,6,2881,2,7200,1.0020826102
127324,127331,130015,7,2684,2,7200,1.00260804769
127358,127509,143889,151,16380,2,36000,1.00921855922
127433,127440,129942,7,2502,2,7200,1.00279776179
127563,127569,130205,6,2636,2,7200,1.00227617602
127618,127624,130183,6,2559,2,7200,1.00234466589
127799,127806,130408,7,2602,2,7200,1.00269023828
127836,127842,127922,6,80,4,1500,1.075
127990,127996,130494,6,2498,2,7200,1.00240192154
128048,128054,130544,6,2490,2,7200,1.00240963855
128063,128069,131076,6,3007,2,7200,1.0019953442
128111,140370,350705,12259,210335,30,230400,1.05828321487
128181,128799,146815,618,18016,8,18000,1.03430284192
128193,128199,131334,6,3135,2,7200,1.0019138756
128217,128223,131055,6,2832,2,7200,1.00211864407
128271,128278,130681,7,2403,2,7200,1.00291302538
128335,128341,131137,6,2796,2,7200,1.00214592275
128350,128356,130860,6,2504,2,7200,1.00239616613
128407,128414,131265,7,2851,2,7200,1.00245527885
128510,128516,131325,6,2809,2,7200,1.00213599146
128619,128625,131247,6,2622,2,7200,1.00228832952
128722,128728,131409,6,2681,2,7200,1.00223797091
128743,128749,131423,6,2674,2,7200,1.00224382947
128758,128764,131540,6,2776,2,7200,1.00216138329
128780,128786,131456,6,2670,2,7200,1.00224719101
128792,139926,140353,11134,427,64,900,27.074941452
128925,128931,131461,6,2530,2,7200,1.0023715415
128970,128976,131794,6,2818,2,7200,1.00212916962
129007,129013,131718,6,2705,2,7200,1.0022181146
129079,129085,131962,6,2877,2,7200,1.00208550574
129094,129100,131867,6,2767,2,7200,1.00216841344
129109,129116,131862,7,2746,2,7200,1.00254916242
129143,129149,132082,6,2933,2,7200,1.00204568701
129173,129179,132210,6,3031,2,7200,1.0019795447
129204,129210,132070,6,2860,2,7200,1.0020979021
129219,129225,131710,6,2485,2,7200,1.00241448692
129234,129240,131971,6,2731,2,7200,1.00219699744
129273,129279,132145,6,2866,2,7200,1.00209351012
129366,129372,147869,6,18497,4,21600,1.00032437693
129412,129419,132180,7,2761,2,7200,1.00253531329
129434,129440,132094,6,2654,2,7200,1.00226073851
129456,129462,132887,6,3425,2,36000,1.00175182482
129655,129662,152688,7,23026,2,72000,1.00030400417
129712,129719,139944,7,10225,1,86400,1.00068459658
129749,129755,132160,6,2405,2,7200,1.00249480249
129776,129782,132329,6,2547,2,7200,1.0023557126
129830,129836,132476,6,2640,2,7200,1.00227272727
129882,129892,132747,10,2855,2,7200,1.00350262697
129946,129952,132526,6,2574,2,7200,1.00233100233
129955,132899,132906,2944,7,1,86400,295.1
130000,132918,219320,2918,86402,1,86400,1.03377236638
130014,130021,130159,7,138,1,18000,1.05072463768
130018,130027,132708,9,2681,2,7200,1.00335695636
130185,130191,132991,6,2800,2,7200,1.00214285714
130186,130198,133104,12,2906,2,7200,1.00412938747
130203,130209,148239,6,18030,1,18000,1.0003327787
130208,130215,132736,7,2521,2,7200,1.00277667592
130410,130417,133142,7,2725,2,7200,1.00256880734
130495,130501,133395,6,2894,2,7200,1.00207325501
130547,130553,133152,6,2599,2,7200,1.00230858022
130683,130689,133338,6,2649,2,7200,1.00226500566
130861,130867,133266,6,2399,2,7200,1.0025010421
131058,131064,134083,6,3019,2,7200,1.00198741305
131079,131085,133730,6,2645,2,7200,1.002268431
131137,131143,133685,6,2542,2,7200,1.00236034618
131248,131255,133571,7,2316,2,7200,1.0030224525
131267,131273,133930,6,2657,2,7200,1.00225818592
131327,131333,134100,6,2767,2,7200,1.00216841344
131342,131348,133694,6,2346,2,7200,1.00255754476
131412,131418,134412,6,2994,2,7200,1.00200400802
131427,131433,133946,6,2513,2,7200,1.00238758456
131457,131464,134121,7,2657,2,7200,1.00263455024
131473,131479,134256,6,2777,2,7200,1.00216060497
131542,131548,134648,6,3100,2,7200,1.00193548387
131571,131578,131645,7,67,16,8700,1.10447761194
131712,131717,134571,5,2854,2,7200,1.00175192712
131727,131733,134910,6,3177,2,7200,1.00188857413
131796,131803,134397,7,2594,2,7200,1.00269853508
131863,131869,134466,6,2597,2,7200,1.00231035811
131878,131884,134730,6,2846,2,7200,1.00210822207
131966,131972,135177,6,3205,2,7200,1.00187207488
131981,131987,134500,6,2513,2,7200,1.00238758456
132072,132078,134890,6,2812,2,7200,1.00213371266
132082,132089,140833,7,8744,16,8700,1.00080054895
132087,132095,135142,8,3047,2,7200,1.00262553331
132102,132108,134930,6,2822,2,7200,1.00212615167
132147,132153,134897,6,2744,2,7200,1.00218658892
132162,132168,134787,6,2619,2,7200,1.00229095074
132183,132190,134760,7,2570,2,7200,1.00272373541
132214,132220,134797,6,2577,2,7200,1.00232828871
132332,132338,134877,6,2539,2,7200,1.00236313509
132477,132483,135212,6,2729,2,7200,1.00219860755
132529,132535,134868,6,2333,2,7200,1.00257179597
132710,132716,135522,6,2806,2,7200,1.00213827512
132737,132744,135452,7,2708,2,7200,1.00258493353
132753,132758,135349,5,2591,2,7200,1.00192975685
132995,133001,135661,6,2660,2,7200,1.0022556391
133106,133112,136032,6,2920,2,7200,1.00205479452
133146,133152,136058,6,2906,2,7200,1.00206469374
133161,133167,135877,6,2710,2,7200,1.00221402214
133267,133273,136044,6,2771,2,7200,1.00216528329
133339,133345,136214,6,2869,2,7200,1.00209132102
133339,133910,220346,571,86436,1,86400,1.00660604378
133397,133403,136038,6,2635,2,7200,1.00227703985
133572,133578,136164,6,2586,2,7200,1.00232018561
133687,133693,136344,6,2651,2,7200,1.00226329687
133702,133709,136543,7,2834,2,7200,1.00247000706
133733,133739,136644,6,2905,2,7200,1.00206540448
133933,133939,136537,6,2598,2,7200,1.00230946882
133948,133954,136628,6,2674,2,7200,1.00224382947
134084,134090,136922,6,2832,2,7200,1.00211864407
134102,134108,136694,6,2586,2,7200,1.00232018561
134123,134129,136638,6,2509,2,7200,1.00239139099
134259,134265,136888,6,2623,2,7200,1.00228745711
134352,134358,136288,6,1930,8,18000,1.00310880829
134399,134405,137143,6,2738,2,7200,1.00219138057
134414,134420,137480,6,3060,2,7200,1.00196078431
134468,134475,137389,7,2914,2,7200,1.00240219629
134502,134508,137600,6,3092,2,7200,1.00194049159
134572,134578,137022,6,2444,2,7200,1.00245499182
134650,134656,137080,6,2424,2,7200,1.00247524752
134732,134738,138020,6,3282,2,7200,1.00182815356
134762,134768,137718,6,2950,2,7200,1.00203389831
134790,134796,137430,6,2634,2,7200,1.00227790433
134805,134811,137771,6,2960,2,7200,1.00202702703
134871,134877,137895,6,3018,2,7200,1.00198807157
134886,134893,137548,7,2655,2,7200,1.00263653484
134902,134908,137907,6,2999,2,7200,1.00200066689
134903,134915,137751,12,2836,2,7200,1.00423131171
134919,134925,137802,6,2877,2,7200,1.00208550574
134934,134940,137593,6,2653,2,7200,1.00226159065
135145,135152,138191,7,3039,2,7200,1.00230338927
135179,135185,138070,6,2885,2,7200,1.0020797227
135215,135221,137886,6,2665,2,7200,1.00225140713
135351,135358,138206,7,2848,2,7200,1.00245786517
135454,135460,138101,6,2641,2,7200,1.00227186672
135524,135530,138160,6,2630,2,7200,1.00228136882
135589,140849,158883,5260,18034,8,18000,1.29167128757
135654,135660,138312,6,2652,2,7200,1.00226244344
135881,135887,138136,6,2249,2,7200,1.00266785238
136037,136043,138652,6,2609,2,7200,1.0022997317
136052,136058,138700,6,2642,2,7200,1.00227100681
136053,136065,139248,12,3183,2,7200,1.00377002828
136070,136076,138770,6,2694,2,7200,1.00222717149
136168,136174,138972,6,2798,2,7200,1.00214438885
136218,136224,138838,6,2614,2,7200,1.00229533282
136347,136353,139095,6,2742,2,7200,1.00218818381
136542,136548,139266,6,2718,2,7200,1.00220750552
136557,136563,139321,6,2758,2,7200,1.00217548949
136630,136636,139275,6,2639,2,7200,1.00227358848
136645,136651,139404,6,2753,2,7200,1.00217944061
136647,136658,139403,11,2745,2,7200,1.00400728597
136695,136701,139198,6,2497,2,7200,1.00240288346
136892,136898,139401,6,2503,2,7200,1.00239712345
136925,136931,139735,6,2804,2,7200,1.00213980029
137025,137031,140284,6,3253,2,7200,1.00184445128
137083,137089,140110,6,3021,2,7200,1.00198609732
137146,137152,139977,6,2825,2,7200,1.00212389381
137393,137400,140473,7,3073,2,7200,1.00227790433
137433,137439,139963,6,2524,2,7200,1.00237717908
137481,137487,140682,6,3195,2,7200,1.00187793427
137551,137557,139939,6,2382,2,7200,1.00251889169
137596,137603,140476,7,2873,2,7200,1.00243647755
137611,137618,140383,7,2765,2,7200,1.00253164557
137720,137726,140458,6,2732,2,7200,1.00219619327
137754,137760,140227,6,2467,2,7200,1.00243210377
137772,137778,140506,6,2728,2,7200,1.00219941349
137805,137811,140531,6,2720,2,7200,1.00220588235
137890,137896,140953,6,3057,2,7200,1.00196270854
137899,139938,140229,2039,291,2,43200,8.00687285223
137906,137912,140742,6,2830,2,7200,1.00212014134
137920,137927,140528,7,2601,2,7200,1.00269127259
137972,137978,138602,6,624,2,7200,1.00961538462
138023,138030,140763,7,2733,2,7200,1.00256128796
138072,138078,140849,6,2771,2,7200,1.00216528329
138102,138108,140818,6,2710,2,7200,1.00221402214
138138,138144,140872,6,2728,2,7200,1.00219941349
138163,138169,140622,6,2453,2,7200,1.00244598451
138193,138199,141108,6,2909,2,7200,1.00206256446
138208,138214,140727,6,2513,2,7200,1.00238758456
138314,138320,141360,6,3040,2,7200,1.00197368421
138440,140242,140510,1802,268,2,43200,7.72388059701
138478,139956,205403,1478,65447,2,72000,1.02258315889
138653,138659,141745,6,3086,2,7200,1.00194426442
138702,138708,141286,6,2578,2,7200,1.00232738557
138771,138777,141591,6,2814,2,7200,1.00213219616
138841,138847,141419,6,2572,2,7200,1.00233281493
138974,138980,141873,6,2893,2,7200,1.00207397166
139005,139012,139537,7,525,2,7200,1.01333333333
139020,152694,155520,13674,2826,8,21600,5.83864118896
139098,139104,141866,6,2762,2,7200,1.00217233888
139201,139207,142044,6,2837,2,7200,1.00211491012
139249,139256,142275,7,3019,2,7200,1.00231864856
139268,139274,142117,6,2843,2,7200,1.00211044671
139283,139289,142012,6,2723,2,7200,1.00220345207
139322,139328,141693,6,2365,2,7200,1.00253699789
139404,139410,142105,6,2695,2,7200,1.00222634508
139405,139417,142368,12,2951,2,7200,1.00406641816
139407,139423,142303,16,2880,2,7200,1.00555555556
139488,139494,139965,6,471,1,3600,1.0127388535
139520,155531,155634,16011,103,8,36000,156.446601942
139542,155645,155733,16103,88,8,36000,183.988636364
139738,139744,142497,6,2753,2,7200,1.00217944061
139813,139819,140366,6,547,2,7200,1.01096892139
139833,155745,403509,15912,247764,4,604800,1.06422240519
139891,139899,141675,8,1776,1,1800,1.0045045045
139940,139946,142627,6,2681,2,7200,1.00223797091
139965,139971,143051,6,3080,2,7200,1.00194805195
139980,139990,142699,10,2709,2,7200,1.00369139904
140113,140119,143108,6,2989,2,7200,1.00200736032
140228,140234,142878,6,2644,2,7200,1.00226928896
140286,140292,143325,6,3033,2,7200,1.00197823937
140386,140392,142811,6,2419,2,7200,1.00248036379
140461,140467,143389,6,2922,2,7200,1.00205338809
140477,140483,142877,6,2394,2,7200,1.00250626566
140478,140490,142985,12,2495,2,7200,1.00480961924
140512,140518,143399,6,2881,2,7200,1.0020826102
140534,140540,143447,6,2907,2,7200,1.00206398349
140536,140547,143357,11,2810,2,7200,1.00391459075
140625,140631,143207,6,2576,2,7200,1.00232919255
140685,140691,143275,6,2584,2,7200,1.00232198142
140728,140734,143509,6,2775,2,7200,1.00216216216
140743,140749,143487,6,2738,2,7200,1.00219138057
140764,140770,143530,6,2760,2,7200,1.00217391304
140784,140791,141161,7,370,1,3600,1.01891891892
140818,140825,143712,7,2887,2,7200,1.00242466228
140852,140858,144043,6,3185,2,7200,1.00188383046
140876,140882,143152,6,2270,2,7200,1.00264317181
140955,140962,144036,7,3074,2,7200,1.00227716331
140976,142514,158455,1538,15941,16,15900,1.09648077285
141110,141116,143660,6,2544,2,7200,1.00235849057
141289,141294,143961,5,2667,2,7200,1.00187476565
141361,141367,143552,6,2185,2,7200,1.00274599542
141422,141428,144012,6,2584,2,7200,1.00232198142
141594,141601,144312,7,2711,2,7200,1.00258207304
141694,141700,144251,6,2551,2,7200,1.00235201882
141748,141755,144303,7,2548,2,7200,1.00274725275
141775,177893,383247,36118,205354,4,216000,1.17588164828
141870,141876,144449,6,2573,2,7200,1.00233190828
141884,141891,144495,7,2604,2,7200,1.00268817204
142015,142021,144800,6,2779,2,7200,1.00215905002
142045,142051,144780,6,2729,2,7200,1.00219860755
142105,142111,145228,6,3117,2,7200,1.00192492782
142120,142127,144870,7,2743,2,7200,1.00255195042
142278,142284,144965,6,2681,2,7200,1.00223797091
142305,142311,144951,6,2640,2,7200,1.00227272727
142369,142375,145438,6,3063,2,7200,1.00195886386
142499,142505,145391,6,2886,2,7200,1.00207900208
142629,142635,145594,6,2959,2,7200,1.00202771206
142702,142708,145080,6,2372,2,7200,1.00252951096
142814,142820,145711,6,2891,2,7200,1.00207540643
142881,142887,145620,6,2733,2,7200,1.00219538968
142882,142893,145707,11,2814,2,7200,1.0039090263
142988,142994,145663,6,2669,2,7200,1.00224803297
143052,143058,145863,6,2805,2,7200,1.00213903743
143109,143116,146489,7,3373,2,7200,1.00207530388
143155,143161,145839,6,2678,2,7200,1.00224047797
143176,155751,380907,12575,225156,3,360000,1.05585016611
143209,143215,145882,6,2667,2,7200,1.00224971879
143276,143282,146104,6,2822,2,7200,1.00212615167
143327,143334,145964,7,2630,2,7200,1.00266159696
143334,143342,149648,8,6306,2,36000,1.00126863305
143353,150471,496084,7118,345613,15,345600,1.02059529011
143358,143364,145795,6,2431,2,7200,1.00246812012
143391,143397,146293,6,2896,2,7200,1.0020718232
143406,143413,145862,7,2449,2,7200,1.00285830951
143449,143455,146154,6,2699,2,7200,1.00222304557
143488,143494,146021,6,2527,2,7200,1.00237435694
143513,143519,146689,6,3170,2,7200,1.00189274448
143531,143537,146268,6,2731,2,7200,1.00219699744
143555,143561,146513,6,2952,2,7200,1.00203252033
143661,143667,146468,6,2801,2,7200,1.00214209211
143716,143722,146778,6,3056,2,7200,1.00196335079
143964,143970,146536,6,2566,2,7200,1.00233826968
143973,156271,175285,12298,19014,2,36000,1.64678657831
144016,144022,146852,6,2830,2,7200,1.00212014134
144037,144043,147090,6,3047,2,7200,1.00196914998
144052,144058,146592,6,2534,2,7200,1.00236779795
144255,144261,146929,6,2668,2,7200,1.00224887556
144306,144312,146572,6,2260,2,7200,1.00265486726
144321,144327,147425,6,3098,2,7200,1.00193673338
144451,144457,146840,6,2383,2,7200,1.00251783466
144481,158481,158768,14000,287,2,43200,49.7804878049
144497,144503,147032,6,2529,2,7200,1.00237247924
144560,158470,163071,13910,4601,2,36000,4.02325581395
144589,158486,161957,13897,3471,2,43200,5.00374531835
144601,162837,235895,18236,73058,1,360000,1.24960989898
144781,144787,147498,6,2711,2,7200,1.00221320546
144802,144808,147525,6,2717,2,7200,1.002208318
144869,144875,147618,6,2743,2,7200,1.00218738607
144954,144960,147853,6,2893,2,7200,1.00207397166
144969,144975,147787,6,2812,2,7200,1.00213371266
145022,145029,145342,7,313,1,300,1.02236421725
145047,145053,145384,6,331,1,300,1.01812688822
145081,145087,147959,6,2872,2,7200,1.00208913649
145094,158476,169436,13382,10960,2,36000,2.22098540146
145229,145235,147809,6,2574,2,7200,1.00233100233
145392,145398,148370,6,2972,2,7200,1.00201884253
145441,145447,148077,6,2630,2,7200,1.00228136882
145595,145601,148379,6,2778,2,7200,1.00215982721
145622,145628,148372,6,2744,2,7200,1.00218658892
145664,145670,148352,6,2682,2,7200,1.00223713647
145710,145716,148375,6,2659,2,7200,1.0022564874
145725,145731,148158,6,2427,2,7200,1.00247218789
145797,145803,148431,6,2628,2,7200,1.00228310502
145837,145843,148834,6,2991,2,7200,1.00200601805
145864,145871,148633,7,2762,2,7200,1.00253439537
145866,145878,148214,12,2336,2,7200,1.0051369863
145884,145890,148446,6,2556,2,7200,1.00234741784
145947,158502,158775,12555,273,2,43200,46.989010989
145966,145972,148875,6,2903,2,7200,1.00206682742
145979,158508,163095,12529,4587,2,43200,3.73141486811
146016,162538,162820,16522,282,2,43200,59.5886524823
146023,146030,149013,7,2983,2,7200,1.00234663091
146058,162831,163095,16773,264,2,43200,64.5340909091
146070,158492,169392,12422,10900,2,36000,2.13963302752
146098,176756,177618,30658,862,2,14400,36.56612529
146105,146111,148898,6,2787,2,7200,1.00215285253
146151,146157,148574,6,2417,2,7200,1.00248241622
146251,163085,176528,16834,13443,2,43200,2.25225024176
146269,146275,149165,6,2890,2,7200,1.00207612457
146296,146302,149277,6,2975,2,7200,1.00201680672
146465,163106,176420,16641,13314,2,43200,2.24988733664
146473,146479,149448,6,2969,2,7200,1.00202088245
146492,146498,149104,6,2606,2,7200,1.00230237913
146507,158497,169352,11990,10855,2,36000,2.10456011055
146516,146522,149224,6,2702,2,7200,1.00222057735
146537,146543,149516,6,2973,2,7200,1.00201816347
146574,146580,149284,6,2704,2,7200,1.00221893491
146595,146601,149045,6,2444,2,7200,1.00245499182
146644,177629,190775,30985,13146,1,16800,3.35699071961
146692,146698,149574,6,2876,2,7200,1.00208623088
146747,146753,146754,6,1,1,2400,1.0
146762,146827,150460,65,3633,8,3600,1.01789154968
146780,146786,149816,6,3030,2,7200,1.00198019802
146811,146817,146818,6,1,1,5400,1.0
146843,146849,149450,6,2601,2,7200,1.00230680507
146857,146863,146864,6,1,1,7200,1.0
146858,146870,149608,12,2738,2,7200,1.00438276114
146882,146889,151226,7,4337,2,7200,1.00161401891
146931,146937,149377,6,2440,2,7200,1.00245901639
146956,146962,146964,6,2,1,9600,1.0
146988,177635,186576,30647,8941,1,12600,4.42769265183
146991,158716,162527,11725,3811,2,10800,4.07662030963
147034,147040,149661,6,2621,2,7200,1.00228920259
147092,147098,149896,6,2798,2,7200,1.00214438885
147119,177898,189483,30779,11585,1,15600,3.65679758308
147171,147177,148967,6,1790,1,2400,1.00335195531
147201,147207,150875,6,3668,1,5400,1.00163576881
147224,150887,156260,3663,5373,1,7200,1.68174204355
147250,158780,165940,11530,7160,1,9600,2.61033519553
147343,158721,160782,11378,2061,2,10800,6.52062105774
147428,147434,150198,6,2764,2,7200,1.002170767
147502,147508,150170,6,2662,2,7200,1.0022539444
147526,147532,150410,6,2878,2,7200,1.0020847811
147620,147626,150551,6,2925,2,7200,1.00205128205
147630,149660,150317,2030,657,2,3000,4.0898021309
147708,149785,150438,2077,653,2,3000,4.18070444104
147786,150329,150983,2543,654,2,3000,4.88837920489
147789,147795,150765,6,2970,2,7200,1.00202020202
147810,147816,150478,6,2662,2,7200,1.0022539444
147844,150450,151102,2606,652,2,3000,4.99693251534
147856,147862,150756,6,2894,2,7200,1.00207325501
147883,150995,151650,3112,655,2,3000,5.75114503817
147924,151114,151768,3190,654,2,3000,5.87767584098
147962,147968,150617,6,2649,2,7200,1.00226500566
147997,163111,176745,15114,13634,2,36000,2.10855214904
148074,148080,150774,6,2694,2,7200,1.00222717149
148162,148168,150702,6,2534,2,7200,1.00236779795
148216,148222,150998,6,2776,2,7200,1.00216138329
148355,148361,151307,6,2946,2,7200,1.00203665988
148374,148380,151490,6,3110,2,7200,1.00192926045
148376,148386,151156,10,2770,2,7200,1.0036101083
148391,148397,151411,6,3014,2,7200,1.00199071002
148392,148403,151242,11,2839,2,7200,1.00387460373
148435,148441,151370,6,2929,2,7200,1.00204848071
148449,169364,175924,20915,6560,2,36000,4.18826219512
148450,148456,151261,6,2805,2,7200,1.00213903743
148577,148583,151531,6,2948,2,7200,1.00203527815
148634,148641,151378,7,2737,2,7200,1.00255754476
148702,169404,176130,20702,6726,2,36000,4.07790663098
148775,151663,151670,2888,7,4,3000,289.5
148838,148844,151413,6,2569,2,7200,1.00233553912
148870,151237,151245,2367,8,1,3300,237.5
148877,148883,151644,6,2761,2,7200,1.00217312568
148901,148907,151948,6,3041,2,7200,1.00197303519
148924,169447,179619,20523,10172,2,36000,3.01759732599
149016,149022,152002,6,2980,2,7200,1.00201342282
149046,149053,152002,7,2949,2,7200,1.002373686
149107,149113,151945,6,2832,2,7200,1.00211864407
149168,149174,151962,6,2788,2,7200,1.00215208034
149225,149231,151828,6,2597,2,7200,1.00231035811
149280,149286,152142,6,2856,2,7200,1.00210084034
149295,149301,152023,6,2722,2,7200,1.00220426157
149380,149386,151922,6,2536,2,7200,1.0023659306
149450,149456,152139,6,2683,2,7200,1.00223630265
149465,149471,152320,6,2849,2,7200,1.00210600211
149520,149526,152162,6,2636,2,7200,1.00227617602
149577,149583,152326,6,2743,2,7200,1.00218738607
149579,169736,223782,20157,54046,2,54000,1.37296007105
149611,149617,152452,6,2835,2,7200,1.00211640212
149662,149668,152177,6,2509,2,7200,1.00239139099
149817,149823,152653,6,2830,2,7200,1.00212014134
149899,149905,152985,6,3080,2,7200,1.00194805195
150171,150177,153095,6,2918,2,7200,1.00205620288
150199,150205,153105,6,2900,2,7200,1.00206896552
150238,175296,229307,25058,54011,2,54000,1.46394253023
150414,150420,152945,6,2525,2,7200,1.00237623762
150474,175935,229980,25461,54045,2,54000,1.47110741049
150480,150486,153012,6,2526,2,7200,1.00237529691
150553,150559,152973,6,2414,2,7200,1.00248550124
150620,150626,153250,6,2624,2,7200,1.00228658537
150698,176141,209565,25443,33424,2,54000,1.76121948301
150704,150710,153511,6,2801,2,7200,1.00214209211
150759,150765,153469,6,2704,2,7200,1.00221893491
150774,150780,153467,6,2687,2,7200,1.00223297358
150775,150787,154128,12,3341,2,7200,1.003591739
151000,151006,153781,6,2775,2,7200,1.00216216216
151157,151163,153901,6,2738,2,7200,1.00219138057
151245,151251,153933,6,2682,2,7200,1.00223713647
151263,151269,153720,6,2451,2,7200,1.00244798042
151308,151315,153688,7,2373,2,7200,1.00294985251
151372,151378,153994,6,2616,2,7200,1.00229357798
151387,151393,154337,6,2944,2,7200,1.00203804348
151415,151421,154503,6,3082,2,7200,1.0019467878
151416,151428,154366,12,2938,2,7200,1.00408441116
151492,151498,154261,6,2763,2,7200,1.00217155266
151534,151541,154584,7,3043,2,7200,1.00230036149
151646,151653,154505,7,2852,2,7200,1.00245441795
151831,151837,154598,6,2761,2,7200,1.00217312568
151925,151931,154664,6,2733,2,7200,1.00219538968
151947,151953,154629,6,2676,2,7200,1.00224215247
151962,151968,155021,6,3053,2,7200,1.00196528005
151977,151983,154950,6,2967,2,7200,1.00202224469
152005,152011,155188,6,3177,2,7200,1.00188857413
152006,152018,154871,12,2853,2,7200,1.00420609884
152024,152030,154835,6,2805,2,7200,1.00213903743
152142,152149,155005,7,2856,2,7200,1.00245098039
152144,152156,154671,12,2515,2,7200,1.00477137177
152165,152171,154977,6,2806,2,7200,1.00213827512
152180,152186,154715,6,2529,2,7200,1.00237247924
152322,152328,155046,6,2718,2,7200,1.00220750552
152337,152343,155465,6,3122,2,7200,1.00192184497
152455,152461,155122,6,2661,2,7200,1.00225479143
152655,152661,155356,6,2695,2,7200,1.00222634508
152946,152952,155541,6,2589,2,7200,1.0023174971
152976,152982,155608,6,2626,2,7200,1.00228484387
152991,152997,155571,6,2574,2,7200,1.00233100233
153012,153019,155934,7,2915,2,7200,1.00240137221
153097,153103,156014,6,2911,2,7200,1.00206114737
153112,153118,156526,6,3408,2,7200,1.00176056338
153251,153257,155879,6,2622,2,7200,1.00228832952
153469,153476,156458,7,2982,2,7200,1.00234741784
153484,153490,156030,6,2540,2,7200,1.00236220472
153512,153518,156513,6,2995,2,7200,1.0020033389
153690,153696,156112,6,2416,2,7200,1.00248344371
153724,153730,156449,6,2719,2,7200,1.00220669364
153784,153790,156584,6,2794,2,7200,1.00214745884
153902,153908,157035,6,3127,2,7200,1.00191877199
153935,153942,156628,7,2686,2,7200,1.00260610573
153996,154002,156809,6,2807,2,7200,1.00213751336
154129,154135,156503,6,2368,2,7200,1.00253378378
154262,154269,157111,7,2842,2,7200,1.00246305419
154341,154347,157007,6,2660,2,7200,1.0022556391
154368,154374,157071,6,2697,2,7200,1.0022246941
154505,154511,157092,6,2581,2,7200,1.00232468036
154520,154526,157354,6,2828,2,7200,1.00212164074
154586,154592,157146,6,2554,2,7200,1.00234925607
154601,154607,157459,6,2852,2,7200,1.00210378682
154631,154638,157309,7,2671,2,7200,1.0026207413
154665,154671,157499,6,2828,2,7200,1.00212164074
154680,154686,157206,6,2520,2,7200,1.00238095238
154716,154722,157516,6,2794,2,7200,1.00214745884
154839,154845,157563,6,2718,2,7200,1.00220750552
154872,154879,157676,7,2797,2,7200,1.00250268144
154951,154957,157939,6,2982,2,7200,1.00201207243
154978,154984,157636,6,2652,2,7200,1.00226244344
155005,155012,157603,7,2591,2,7200,1.00270165959
155024,155030,157710,6,2680,2,7200,1.00223880597
155048,155054,157748,6,2694,2,7200,1.00222717149
155124,155130,157928,6,2798,2,7200,1.00214438885
155190,155197,158126,7,2929,2,7200,1.00238989416
155357,155363,157951,6,2588,2,7200,1.00231839258
155466,155472,158379,6,2907,2,7200,1.00206398349
155545,155551,158219,6,2668,2,7200,1.00224887556
155572,155578,158873,6,3295,2,7200,1.00182094082
155611,155618,158272,7,2654,2,7200,1.00263752826
155882,155888,158644,6,2756,2,7200,1.00217706821
155936,155942,158502,6,2560,2,7200,1.00234375
156015,156021,158780,6,2759,2,7200,1.00217470098
156033,156039,158567,6,2528,2,7200,1.00237341772
156115,156121,158892,6,2771,2,7200,1.00216528329
156452,156458,159421,6,2963,2,7200,1.00202497469
156468,156474,159237,6,2763,2,7200,1.00217155266
156504,156510,159161,6,2651,2,7200,1.00226329687
156519,156525,159408,6,2883,2,7200,1.00208116545
156534,156540,159302,6,2762,2,7200,1.00217233888
156586,156592,159219,6,2627,2,7200,1.00228397411
156628,156634,158936,6,2302,2,7200,1.00260642919
156811,156817,159047,6,2230,2,7200,1.00269058296
157010,157017,159529,7,2512,2,7200,1.0027866242
157038,157044,159931,6,2887,2,7200,1.00207828195
157074,157080,159819,6,2739,2,7200,1.0021905805
157092,157099,160285,7,3186,2,7200,1.00219711237
157114,157120,159760,6,2640,2,7200,1.00227272727
157147,157153,159564,6,2411,2,7200,1.00248859394
157208,157214,159748,6,2534,2,7200,1.00236779795
157310,157317,159886,7,2569,2,7200,1.00272479564
157356,157362,160123,6,2761,2,7200,1.00217312568
157462,157468,160211,6,2743,2,7200,1.00218738607
157501,157507,160496,6,2989,2,7200,1.00200736032
157519,157526,160354,7,2828,2,7200,1.00247524752
157565,157571,160422,6,2851,2,7200,1.00210452473
157605,157611,160135,6,2524,2,7200,1.00237717908
157638,157644,160411,6,2767,2,7200,1.00216841344
157677,157683,160353,6,2670,2,7200,1.00224719101
157711,157717,160467,6,2750,2,7200,1.00218181818
157750,157756,160600,6,2844,2,7200,1.00210970464
157929,157935,160601,6,2666,2,7200,1.00225056264
157944,157950,160989,6,3039,2,7200,1.00197433366
157959,157965,160338,6,2373,2,7200,1.00252844501
158128,158134,160921,6,2787,2,7200,1.00215285253
158222,158228,161095,6,2867,2,7200,1.00209277991
158274,158280,160963,6,2683,2,7200,1.00223630265
158384,158390,160778,6,2388,2,7200,1.00251256281
158507,158514,161488,7,2974,2,7200,1.00235373235
158570,158576,161223,6,2647,2,7200,1.00226671704
158594,161968,177876,3374,15908,16,15900,1.21209454363
158646,158652,161395,6,2743,2,7200,1.00218738607
158691,175302,232768,16611,57466,1,72000,1.2890578777
158782,158788,161527,6,2739,2,7200,1.0021905805
158877,158883,161668,6,2785,2,7200,1.00215439856
158895,158901,161563,6,2662,2,7200,1.0022539444
158937,158944,161922,7,2978,2,7200,1.00235057085
159049,159056,161815,7,2759,2,7200,1.00253715114
159161,159168,161561,7,2393,2,7200,1.0029251985
159222,159228,162118,6,2890,2,7200,1.00207612457
159240,159246,162551,6,3305,2,7200,1.00181543116
159304,159310,161896,6,2586,2,7200,1.00232018561
159410,159416,162261,6,2845,2,7200,1.00210896309
159425,159431,161708,6,2277,2,7200,1.00263504611
159531,159537,162415,6,2878,2,7200,1.0020847811
159567,159574,162105,7,2531,2,7200,1.00276570525
159749,159755,162760,6,3005,2,7200,1.00199667221
159764,159770,162487,6,2717,2,7200,1.002208318
159822,159828,162328,6,2500,2,7200,1.0024
159888,159895,162275,7,2380,2,7200,1.00294117647
159934,159940,162550,6,2610,2,7200,1.00229885057
160124,160131,163084,7,2953,2,7200,1.00237047071
160139,160146,163010,7,2864,2,7200,1.00244413408
160212,160218,163165,6,2947,2,7200,1.00203596878
160288,160294,163062,6,2768,2,7200,1.00216763006
160340,160346,163248,6,2902,2,7200,1.00206753963
160355,160362,163153,7,2791,2,7200,1.00250806163
160357,160369,163166,12,2797,2,7200,1.00429031105
160372,160378,160380,6,2,2,3540,1.0
160415,160421,163067,6,2646,2,7200,1.0022675737
160430,160436,163041,6,2605,2,7200,1.00230326296
160469,160475,162836,6,2361,2,7200,1.00254129606
160500,160506,163242,6,2736,2,7200,1.00219298246
160603,160610,163171,7,2561,2,7200,1.0027333073
160605,160617,163513,12,2896,2,7200,1.00414364641
160780,160786,163533,6,2747,2,7200,1.00218420095
160786,176431,200572,15645,24141,2,72000,1.64806760283
160923,160929,163558,6,2629,2,7200,1.00228223659
160965,160971,163721,6,2750,2,7200,1.00218181818
160989,160996,163830,7,2834,2,7200,1.00247000706
161095,161102,163554,7,2452,2,7200,1.0028548124
161226,161232,163811,6,2579,2,7200,1.00232648313
161398,161405,164159,7,2754,2,7200,1.00254175744
161489,161495,163889,6,2394,2,7200,1.00250626566
161528,161535,164576,7,3041,2,7200,1.00230187438
161562,161568,163976,6,2408,2,7200,1.00249169435
161577,161583,164300,6,2717,2,7200,1.002208318
161671,161677,164650,6,2973,2,7200,1.00201816347
161710,161716,164323,6,2607,2,7200,1.00230149597
161816,161822,164830,6,3008,2,7200,1.00199468085
161898,161904,164885,6,2981,2,7200,1.0020127474
161925,161931,165032,6,3101,2,7200,1.00193485972
162107,162113,164738,6,2625,2,7200,1.00228571429
162122,162128,164636,6,2508,2,7200,1.0023923445
162264,162270,164849,6,2579,2,7200,1.00232648313
162279,162285,165083,6,2798,2,7200,1.00214438885
162283,177887,180443,15604,2556,5,172800,7.1048513302
162331,162337,165152,6,2815,2,7200,1.00213143872
162420,162426,165446,6,3020,2,7200,1.00198675497
162489,162495,165291,6,2796,2,7200,1.00214592275
162553,162559,165138,6,2579,2,7200,1.00232648313
162554,162565,164990,11,2425,2,7200,1.00453608247
162763,162769,165268,6,2499,2,7200,1.00240096038
162839,162845,165834,6,2989,2,7200,1.00200736032
163011,163017,165686,6,2669,2,7200,1.00224803297
163041,163048,165630,7,2582,2,7200,1.00271107668
163066,163072,165779,6,2707,2,7200,1.0022164758
163067,163078,165707,11,2629,2,7200,1.00418410042
163086,163092,165713,6,2621,2,7200,1.00228920259
163155,163161,165776,6,2615,2,7200,1.00229445507
163172,163178,165961,6,2783,2,7200,1.00215594682
163173,163185,165561,12,2376,2,7200,1.00505050505
163175,163191,166293,16,3102,2,7200,1.0051579626
163244,163251,166299,7,3048,2,7200,1.00229658793
163259,163266,165475,7,2209,2,7200,1.00316885469
163514,163520,166379,6,2859,2,7200,1.00209863589
163535,163541,166143,6,2602,2,7200,1.00230591852
163556,163563,166319,7,2756,2,7200,1.00253991292
163571,163578,166221,7,2643,2,7200,1.00264850549
163723,163730,166414,7,2684,2,7200,1.00260804769
163814,163821,166369,7,2548,2,7200,1.00274725275
163830,163836,166239,6,2403,2,7200,1.0024968789
163890,163896,166747,6,2851,2,7200,1.00210452473
163978,163984,166781,6,2797,2,7200,1.00214515552
164160,164166,166984,6,2818,2,7200,1.00212916962
164302,164308,167145,6,2837,2,7200,1.00211491012
164327,164333,167087,6,2754,2,7200,1.00217864924
164577,164583,167432,6,2849,2,7200,1.00210600211
164638,164644,167343,6,2699,2,7200,1.00222304557
164653,164659,167493,6,2834,2,7200,1.00211714891
164741,164747,167273,6,2526,2,7200,1.00237529691
164832,164838,167451,6,2613,2,7200,1.00229621125
164850,164856,167716,6,2860,2,7200,1.0020979021
164887,164893,167662,6,2769,2,7200,1.00216684724
164992,164998,167976,6,2978,2,7200,1.00201477502
165035,165041,167891,6,2850,2,7200,1.00210526316
165086,165092,168030,6,2938,2,7200,1.00204220558
165141,165147,168221,6,3074,2,7200,1.00195185426
165156,165162,167480,6,2318,2,7200,1.00258843831
165268,165274,168099,6,2825,2,7200,1.00212389381
165293,165299,168028,6,2729,2,7200,1.00219860755
165447,165453,168425,6,2972,2,7200,1.00201884253
165477,165483,168415,6,2932,2,7200,1.00204638472
165562,165568,168091,6,2523,2,7200,1.00237812128
165631,165638,168151,7,2513,2,7200,1.00278551532
165689,165695,168852,6,3157,2,7200,1.00190053849
165710,165716,168463,6,2747,2,7200,1.00218420095
165725,165731,168399,6,2668,2,7200,1.00224887556
165777,165783,168472,6,2689,2,7200,1.00223131276
165792,165798,168919,6,3121,2,7200,1.00192246075
165837,165843,168683,6,2840,2,7200,1.00211267606
165965,165971,168770,6,2799,2,7200,1.00214362272
166143,166150,168542,7,2392,2,7200,1.0029264214
166222,166229,168915,7,2686,2,7200,1.00260610573
166240,166247,168660,7,2413,2,7200,1.00290095317
166295,166301,168925,6,2624,2,7200,1.00228658537
166310,166316,168806,6,2490,2,7200,1.00240963855
166325,166331,168624,6,2293,2,7200,1.0026166594
166370,166376,169478,6,3102,2,7200,1.00193423598
166385,166391,169341,6,2950,2,7200,1.00203389831
166416,166422,169007,6,2585,2,7200,1.00232108317
166748,166755,169336,7,2581,2,7200,1.00271212708
166782,166788,169755,6,2967,2,7200,1.00202224469
166985,166991,169802,6,2811,2,7200,1.00213447172
167090,167097,169754,7,2657,2,7200,1.00263455024
167148,167154,169871,6,2717,2,7200,1.002208318
167275,167281,169901,6,2620,2,7200,1.00229007634
167345,167351,170283,6,2932,2,7200,1.00204638472
167433,167439,169835,6,2396,2,7200,1.00250417362
167454,167460,169986,6,2526,2,7200,1.00237529691
167481,167487,170351,6,2864,2,7200,1.00209497207
167496,167503,170270,7,2767,2,7200,1.00252981568
167666,167672,170345,6,2673,2,7200,1.00224466891
167718,167724,170274,6,2550,2,7200,1.00235294118
167893,167899,170933,6,3034,2,7200,1.00197758734
167978,167984,170531,6,2547,2,7200,1.0023557126
168030,168036,170927,6,2891,2,7200,1.00207540643
168045,168051,170816,6,2765,2,7200,1.00216998192
168093,168099,170738,6,2639,2,7200,1.00227358848
168108,168114,170676,6,2562,2,7200,1.00234192037
168153,168160,170971,7,2811,2,7200,1.002490217
168223,168229,171306,6,3077,2,7200,1.00194995125
168399,168405,170965,6,2560,2,7200,1.00234375
168417,168423,171031,6,2608,2,7200,1.0023006135
168432,168438,171379,6,2941,2,7200,1.00204012241
168465,168471,171059,6,2588,2,7200,1.00231839258
168481,168487,171380,6,2893,2,7200,1.00207397166
168544,168550,171911,6,3361,2,7200,1.00178518298
168626,168632,171196,6,2564,2,7200,1.0023400936
168663,168669,171172,6,2503,2,7200,1.00239712345
168678,168684,171096,6,2412,2,7200,1.00248756219
168771,168778,171673,7,2895,2,7200,1.002417962
168808,168814,171605,6,2791,2,7200,1.00214976711
168853,168859,171586,6,2727,2,7200,1.00220022002
168914,168920,171698,6,2778,2,7200,1.00215982721
168929,168935,171560,6,2625,2,7200,1.00228571429
168931,168941,171711,10,2770,2,7200,1.0036101083
169009,169015,171444,6,2429,2,7200,1.00247015233
169336,169342,172215,6,2873,2,7200,1.00208840933
169351,169357,172414,6,3057,2,7200,1.00196270854
169479,169485,172409,6,2924,2,7200,1.00205198358
169757,169763,172495,6,2732,2,7200,1.00219619327
169758,169770,172594,12,2824,2,7200,1.00424929178
169804,169810,173005,6,3195,2,7200,1.00187793427
169837,169843,172582,6,2739,2,7200,1.0021905805
169874,169880,172622,6,2742,2,7200,1.00218818381
169904,169910,172500,6,2590,2,7200,1.00231660232
169989,169995,172657,6,2662,2,7200,1.0022539444
170273,170279,173002,6,2723,2,7200,1.00220345207
170289,170295,172843,6,2548,2,7200,1.00235478807
170290,170302,172656,12,2354,2,7200,1.00509770603
170332,170339,170349,7,10,1,240,1.7
170345,170351,173185,6,2834,2,7200,1.00211714891
170360,170366,173595,6,3229,2,7200,1.00185816042
170532,170538,173036,6,2498,2,7200,1.00240192154
170677,170683,173343,6,2660,2,7200,1.0022556391
170741,170747,173701,6,2954,2,7200,1.00203114421
170817,170823,173498,6,2675,2,7200,1.00224299065
170929,170935,173772,6,2837,2,7200,1.00211491012
170945,170951,173608,6,2657,2,7200,1.00225818592
170966,170972,173856,6,2884,2,7200,1.00208044383
170981,170987,173734,6,2747,2,7200,1.00218420095
171033,171039,173558,6,2519,2,7200,1.00238189758
171060,171066,173985,6,2919,2,7200,1.00205549846
171096,171103,173675,7,2572,2,7200,1.00272161742
171175,171181,173871,6,2690,2,7200,1.00223048327
171196,171203,173943,7,2740,2,7200,1.00255474453
171308,171315,174243,7,2928,2,7200,1.00239071038
171382,171388,173957,6,2569,2,7200,1.00233553912
171383,171395,174184,12,2789,2,7200,1.00430261743
171447,171453,174611,6,3158,2,7200,1.00189993667
171562,171568,174441,6,2873,2,7200,1.00208840933
171586,171593,173994,7,2401,2,7200,1.0029154519
171608,171614,174170,6,2556,2,7200,1.00234741784
171674,171680,174260,6,2580,2,7200,1.0023255814
171699,171705,174119,6,2414,2,7200,1.00248550124
171714,171720,174421,6,2701,2,7200,1.00222139948
171914,171920,174814,6,2894,2,7200,1.00207325501
172216,172223,175560,7,3337,2,7200,1.00209769254
172410,172416,175067,6,2651,2,7200,1.00226329687
172425,172431,175260,6,2829,2,7200,1.00212089077
172497,172504,175280,7,2776,2,7200,1.00252161383
172512,172519,175738,7,3219,2,7200,1.00217458838
172585,172591,175509,6,2918,2,7200,1.00205620288
172600,172607,175799,7,3192,2,7200,1.00219298246
172625,172631,175470,6,2839,2,7200,1.00211342022
172658,172664,175490,6,2826,2,7200,1.00212314225
172659,172670,175116,11,2446,2,7200,1.00449713818
172844,172850,175245,6,2395,2,7200,1.00250521921
173005,173011,175769,6,2758,2,7200,1.00217548949
173020,173026,175405,6,2379,2,7200,1.0025220681
173038,173044,175736,6,2692,2,7200,1.00222882615
173186,173193,175932,7,2739,2,7200,1.00255567725
173344,173350,176227,6,2877,2,7200,1.00208550574
173501,173507,176269,6,2762,2,7200,1.00217233888
173562,173568,176106,6,2538,2,7200,1.00236406619
173595,173601,176687,6,3086,2,7200,1.00194426442
173610,173617,176089,7,2472,2,7200,1.00283171521
173677,173683,176630,6,2947,2,7200,1.00203596878
173704,173711,176763,7,3052,2,7200,1.00229357798
173738,173744,176815,6,3071,2,7200,1.00195376099
173774,173780,176069,6,2289,2,7200,1.00262123198
173859,173865,176403,6,2538,2,7200,1.00236406619
173874,173881,176652,7,2771,2,7200,1.00252616384
173944,173950,177257,6,3307,2,7200,1.00181433323
173959,173965,176363,6,2398,2,7200,1.00250208507
173987,173993,176670,6,2677,2,7200,1.0022413149
174002,174008,176726,6,2718,2,7200,1.00220750552
174123,174129,176732,6,2603,2,7200,1.00230503265
174171,174177,177202,6,3025,2,7200,1.00198347107
174186,174192,177375,6,3183,2,7200,1.00188501414
174244,174250,177599,6,3349,2,7200,1.00179157958
174262,174268,176920,6,2652,2,7200,1.00226244344
174423,174429,177153,6,2724,2,7200,1.00220264317
174444,174450,177310,6,2860,2,7200,1.0020979021
174614,174620,177490,6,2870,2,7200,1.00209059233
174817,174823,177751,6,2928,2,7200,1.00204918033
175068,175074,178259,6,3185,2,7200,1.00188383046
175112,282103,291848,106991,9745,11,14400,11.9790661878
175119,175126,178005,7,2879,2,7200,1.00243139979
175246,175253,178146,7,2893,2,7200,1.0024196336
175261,175268,178095,7,2827,2,7200,1.0024761231
175283,175289,177972,6,2683,2,7200,1.00223630265
175407,175413,178367,6,2954,2,7200,1.00203114421
175473,175479,178105,6,2626,2,7200,1.00228484387
175491,175497,178242,6,2745,2,7200,1.00218579235
175513,175519,178204,6,2685,2,7200,1.00223463687
175561,175567,177962,6,2395,2,7200,1.00250521921
175737,175743,178523,6,2780,2,7200,1.00215827338
175752,175758,178622,6,2864,2,7200,1.00209497207
175770,175776,178695,6,2919,2,7200,1.00205549846
175800,175807,178672,7,2865,2,7200,1.00244328098
175934,175942,178275,8,2333,2,7200,1.00342906129
176070,176076,179063,6,2987,2,7200,1.00200870439
176091,176098,179020,7,2922,2,7200,1.00239561944
176110,176116,178640,6,2524,2,7200,1.00237717908
176231,176237,179191,6,2954,2,7200,1.00203114421
176270,176276,178800,6,2524,2,7200,1.00237717908
176364,176370,179362,6,2992,2,7200,1.00200534759
176407,176413,179396,6,2983,2,7200,1.00201139792
176630,176636,179296,6,2660,2,7200,1.0022556391
176654,176661,179537,7,2876,2,7200,1.00243393602
176670,176676,179508,6,2832,2,7200,1.00211864407
176691,176697,179390,6,2693,2,7200,1.00222799851
176727,176733,179562,6,2829,2,7200,1.00212089077
176742,176748,179375,6,2627,2,7200,1.00228397411
176766,176773,179681,7,2908,2,7200,1.00240715268
176818,176824,179944,6,3120,2,7200,1.00192307692
176924,176930,179611,6,2681,2,7200,1.00223797091
177154,177160,179801,6,2641,2,7200,1.00227186672
177206,177212,179973,6,2761,2,7200,1.00217312568
177257,177263,180186,6,2923,2,7200,1.0020526856
177312,177318,180112,6,2794,2,7200,1.00214745884
177378,177385,180624,7,3239,2,7200,1.00216116085
177494,177500,180599,6,3099,2,7200,1.00193610842
177602,177608,180156,6,2548,2,7200,1.00235478807
177754,177760,180703,6,2943,2,7200,1.00203873598
177965,177972,180932,7,2960,2,7200,1.00236486486
177980,177987,180370,7,2383,2,7200,1.00293747377
178008,178014,180954,6,2940,2,7200,1.00204081633
178099,178105,180593,6,2488,2,7200,1.00241157556
178114,178120,180519,6,2399,2,7200,1.0025010421
178147,178153,181225,6,3072,2,7200,1.001953125
178205,178211,181056,6,2845,2,7200,1.00210896309
178244,178250,180790,6,2540,2,7200,1.00236220472
178262,178269,181204,7,2935,2,7200,1.00238500852
178278,178284,181023,6,2739,2,7200,1.0021905805
178368,178374,181355,6,2981,2,7200,1.0020127474
178526,178532,181171,6,2639,2,7200,1.00227358848
178626,178632,181138,6,2506,2,7200,1.00239425379
178641,178647,181388,6,2741,2,7200,1.00218898212
178674,178681,181666,7,2985,2,7200,1.00234505863
178699,178705,181112,6,2407,2,7200,1.00249272954
178801,178808,181787,7,2979,2,7200,1.00234978181
179022,179028,181829,6,2801,2,7200,1.00214209211
179065,179071,181413,6,2342,2,7200,1.00256191289
179192,179198,182014,6,2816,2,7200,1.00213068182
179295,179301,181694,6,2393,2,7200,1.002507313
179365,179371,182193,6,2822,2,7200,1.00212615167
179380,179386,182116,6,2730,2,7200,1.0021978022
179395,179401,182071,6,2670,2,7200,1.00224719101
179410,179416,181878,6,2462,2,7200,1.00243704305
179510,179516,181903,6,2387,2,7200,1.00251361542
179540,179547,182362,7,2815,2,7200,1.00248667851
179565,179571,182211,6,2640,2,7200,1.00227272727
179613,179619,182514,6,2895,2,7200,1.00207253886
179683,179689,182807,6,3118,2,7200,1.00192431046
179804,179810,182537,6,2727,2,7200,1.00220022002
179946,179952,183003,6,3051,2,7200,1.00196656834
179977,179983,182474,6,2491,2,7200,1.00240867122
180113,180119,183249,6,3130,2,7200,1.00191693291
180158,180165,183057,7,2892,2,7200,1.00242047026
180189,180195,182678,6,2483,2,7200,1.00241643174
180373,180379,183507,6,3128,2,7200,1.00191815857
180522,180528,183473,6,2945,2,7200,1.00203735144
180594,180601,183185,7,2584,2,7200,1.00270897833
180609,180616,183607,7,2991,2,7200,1.0023403544
180628,180634,183495,6,2861,2,7200,1.00209716882
180707,180713,183634,6,2921,2,7200,1.00205409106
180791,180797,183688,6,2891,2,7200,1.00207540643
180933,180940,183468,7,2528,2,7200,1.00276898734
180958,180964,183747,6,2783,2,7200,1.00215594682
181025,181030,183812,5,2782,2,7200,1.00179726815
181058,181064,183902,6,2838,2,7200,1.0021141649
181113,181119,184407,6,3288,2,7200,1.00182481752
181140,181146,183685,6,2539,2,7200,1.00236313509
181174,181180,183679,6,2499,2,7200,1.00240096038
181207,181213,183712,6,2499,2,7200,1.00240096038
181228,181234,183867,6,2633,2,7200,1.00227876946
181358,181365,183915,7,2550,2,7200,1.00274509804
181392,181398,184561,6,3163,2,7200,1.00189693329
181416,181423,184020,7,2597,2,7200,1.00269541779
181668,181674,184491,6,2817,2,7200,1.00212992545
181695,181701,184462,6,2761,2,7200,1.00217312568
181769,181776,185378,7,3602,1,3600,1.0019433648
181789,181795,184564,6,2769,2,7200,1.00216684724
181831,181838,184676,7,2838,2,7200,1.00246652572
181880,181886,184435,6,2549,2,7200,1.00235386426
181904,181911,184748,7,2837,2,7200,1.00246739514
182016,182022,184914,6,2892,2,7200,1.0020746888
182074,182080,184817,6,2737,2,7200,1.00219218122
182117,182123,185195,6,3072,2,7200,1.001953125
182195,182201,184776,6,2575,2,7200,1.00233009709
182213,182220,184835,7,2615,2,7200,1.00267686424
182365,182371,185178,6,2807,2,7200,1.00213751336
182477,182483,185448,6,2965,2,7200,1.00202360877
182516,182523,185472,7,2949,2,7200,1.002373686
182541,182547,184791,6,2244,2,7200,1.00267379679
182680,182686,185202,6,2516,2,7200,1.00238473768
182811,182817,185882,6,3065,2,7200,1.00195758564
183004,183011,185865,7,2854,2,7200,1.00245269797
183059,183065,185847,6,2782,2,7200,1.00215672178
183186,183192,185921,6,2729,2,7200,1.00219860755
183253,183258,185950,5,2692,2,7200,1.00185735513
183470,183477,186046,7,2569,2,7200,1.00272479564
183485,183492,186124,7,2632,2,7200,1.00265957447
183500,183506,186344,6,2838,2,7200,1.0021141649
183515,183522,186064,7,2542,2,7200,1.00275373721
183609,183615,186311,6,2696,2,7200,1.00222551929
183637,183643,186357,6,2714,2,7200,1.00221075903
183682,183688,186604,6,2916,2,7200,1.00205761317
183697,183703,186582,6,2879,2,7200,1.00208405696
183699,183709,186693,10,2984,2,7200,1.00335120643
183714,183720,186261,6,2541,2,7200,1.00236127509
183751,183757,186414,6,2657,2,7200,1.00225818592
183814,183820,186993,6,3173,2,7200,1.00189095493
183869,183875,186523,6,2648,2,7200,1.00226586103
183905,183911,186352,6,2441,2,7200,1.00245800901
183920,183926,186887,6,2961,2,7200,1.00202634245
184023,184029,186783,6,2754,2,7200,1.00217864924
184408,184414,187204,6,2790,2,7200,1.00215053763
184439,184445,187114,6,2669,2,7200,1.00224803297
184463,184469,187284,6,2815,2,7200,1.00213143872
184493,184500,187521,7,3021,2,7200,1.00231711354
184563,184569,187100,6,2531,2,7200,1.0023706045
184578,184584,187375,6,2791,2,7200,1.00214976711
184678,184684,187248,6,2564,2,7200,1.0023400936
184751,184757,187270,6,2513,2,7200,1.00238758456
184778,184784,187627,6,2843,2,7200,1.00211044671
184793,184799,187510,6,2711,2,7200,1.00221320546
184821,184827,187639,6,2812,2,7200,1.00213371266
184839,184845,187360,6,2515,2,7200,1.00238568588
184918,184924,187539,6,2615,2,7200,1.00229445507
185181,185187,187952,6,2765,2,7200,1.00216998192
185196,185202,187756,6,2554,2,7200,1.00234925607
185211,185217,188221,6,3004,2,7200,1.00199733688
185385,185391,185392,6,1,1,3600,1.0
185451,185457,188245,6,2788,2,7200,1.00215208034
185475,185481,188273,6,2792,2,7200,1.00214899713
185721,185727,185856,6,129,1,3600,1.04651162791
185850,185856,188403,6,2547,2,7200,1.0023557126
185868,185874,188415,6,2541,2,7200,1.00236127509
185883,185890,188677,7,2787,2,7200,1.00251166128
185923,185929,188731,6,2802,2,7200,1.00214132762
185953,185959,188580,6,2621,2,7200,1.00228920259
185978,185984,186367,6,383,1,3600,1.01566579634
186047,186053,188497,6,2444,2,7200,1.00245499182
186065,186071,189214,6,3143,2,7200,1.00190900414
186126,186132,188910,6,2778,2,7200,1.00215982721
186262,186268,189175,6,2907,2,7200,1.00206398349
186315,186321,188881,6,2560,2,7200,1.00234375
186342,186349,189103,7,2754,2,7200,1.00254175744
186358,186364,188830,6,2466,2,7200,1.00243309002
186359,186370,189119,11,2749,2,7200,1.00400145507
186417,186423,188930,6,2507,2,7200,1.00239329876
186526,186532,189179,6,2647,2,7200,1.00226671704
186584,186590,189441,6,2851,2,7200,1.00210452473
186603,186609,187260,6,651,1,3600,1.00921658986
186605,186615,189141,10,2526,2,7200,1.00395882819
186696,186702,189471,6,2769,2,7200,1.00216684724
186784,186790,189633,6,2843,2,7200,1.00211044671
186891,186897,189538,6,2641,2,7200,1.00227186672
186993,187000,190344,7,3344,2,7200,1.00209330144
187103,187109,189783,6,2674,2,7200,1.00224382947
187118,187124,189916,6,2792,2,7200,1.00214899713
187206,187212,189994,6,2782,2,7200,1.00215672178
187252,187258,189649,6,2391,2,7200,1.00250941029
187273,187279,189866,6,2587,2,7200,1.00231928875
187288,187294,189962,6,2668,2,7200,1.00224887556
187361,187367,190199,6,2832,2,7200,1.00211864407
187376,187382,190080,6,2698,2,7200,1.00222386953
187512,187518,189936,6,2418,2,7200,1.00248138958
187527,187533,190499,6,2966,2,7200,1.0020229265
187542,187548,190607,6,3059,2,7200,1.0019614253
187630,187636,190419,6,2783,2,7200,1.00215594682
187648,187654,190088,6,2434,2,7200,1.00246507806
187767,187773,190411,6,2638,2,7200,1.00227445034
187953,187960,190614,7,2654,2,7200,1.00263752826
188155,188161,188256,6,95,1,3600,1.06315789474
188223,188229,191186,6,2957,2,7200,1.00202908353
188247,188254,191636,7,3382,2,7200,1.00206978119
188274,188281,191118,7,2837,2,7200,1.00246739514
188372,188378,188661,6,283,1,3600,1.02120141343
188405,188411,190757,6,2346,2,7200,1.00255754476
188420,188426,191435,6,3009,2,7200,1.00199401795
188498,188505,191116,7,2611,2,7200,1.00268096515
188583,188589,191549,6,2960,2,7200,1.00202702703
188686,188692,191449,6,2757,2,7200,1.00217627856
188741,188747,191342,6,2595,2,7200,1.00231213873
188838,188844,191976,6,3132,2,7200,1.00191570881
188884,188891,191576,7,2685,2,7200,1.00260707635
188912,188918,191641,6,2723,2,7200,1.00220345207
188933,188939,191762,6,2823,2,7200,1.00212539851
188940,188945,189538,5,593,1,3600,1.0084317032
189107,189113,192038,6,2925,2,7200,1.00205128205
189122,189129,191556,7,2427,2,7200,1.0028842192
189144,189151,192254,7,3103,2,7200,1.00225588141
189187,189194,191866,7,2672,2,7200,1.00261976048
189189,189200,191903,11,2703,2,7200,1.00406955235
189215,189222,191881,7,2659,2,7200,1.00263256863
189442,189449,191849,7,2400,2,7200,1.00291666667
189473,189479,192393,6,2914,2,7200,1.00205902539
189539,189545,192382,6,2837,2,7200,1.00211491012
189637,189643,192289,6,2646,2,7200,1.0022675737
189652,189658,192305,6,2647,2,7200,1.00226671704
189785,189791,192498,6,2707,2,7200,1.0022164758
189870,189876,192940,6,3064,2,7200,1.00195822454
189920,189926,192716,6,2790,2,7200,1.00215053763
189938,189944,192791,6,2847,2,7200,1.00210748156
189965,189971,192420,6,2449,2,7200,1.00244997958
189996,190002,192855,6,2853,2,7200,1.00210304942
190084,190090,192759,6,2669,2,7200,1.00224803297
190099,190105,192691,6,2586,2,7200,1.00232018561
190202,190208,193408,6,3200,2,7200,1.001875
190347,190353,192807,6,2454,2,7200,1.00244498778
190414,190420,192839,6,2419,2,7200,1.00248036379
190429,190435,193122,6,2687,2,7200,1.00223297358
190502,190508,192978,6,2470,2,7200,1.0024291498
190608,190614,193516,6,2902,2,7200,1.00206753963
190623,190629,193421,6,2792,2,7200,1.00214899713
190759,190765,193542,6,2777,2,7200,1.00216060497
191120,191126,193941,6,2815,2,7200,1.00213143872
191121,191132,193772,11,2640,2,7200,1.00416666667
191188,191194,194036,6,2842,2,7200,1.0021111893
191342,191349,193982,7,2633,2,7200,1.00265856438
191436,191442,194528,6,3086,2,7200,1.00194426442
191451,191458,194143,7,2685,2,7200,1.00260707635
191551,191557,194450,6,2893,2,7200,1.00207397166
191566,191572,193915,6,2343,2,7200,1.00256081946
191581,191587,194361,6,2774,2,7200,1.0021629416
191639,191645,194255,6,2610,2,7200,1.00229885057
191654,191660,194538,6,2878,2,7200,1.0020847811
191763,191769,194373,6,2604,2,7200,1.00230414747
191851,191857,194622,6,2765,2,7200,1.00216998192
191869,191875,194845,6,2970,2,7200,1.00202020202
191884,191890,194361,6,2471,2,7200,1.00242816673
191905,191911,194660,6,2749,2,7200,1.00218261186
191978,191984,194946,6,2962,2,7200,1.00202565834
192042,192048,194917,6,2869,2,7200,1.00209132102
192256,192263,194946,7,2683,2,7200,1.00260901975
192290,192296,195506,6,3210,2,7200,1.00186915888
192308,192314,194980,6,2666,2,7200,1.00225056264
192384,192390,195160,6,2770,2,7200,1.00216606498
192399,192405,195331,6,2926,2,7200,1.002050581
192423,192429,195372,6,2943,2,7200,1.00203873598
192499,192505,195191,6,2686,2,7200,1.00223380491
192692,192698,195813,6,3115,2,7200,1.00192616372
192720,192726,195634,6,2908,2,7200,1.00206327373
192763,192769,195463,6,2694,2,7200,1.00222717149
192793,192800,195830,7,3030,2,7200,1.00231023102
192809,192815,195991,6,3176,2,7200,1.00188916877
192842,192848,195591,6,2743,2,7200,1.00218738607
192857,192864,195644,7,2780,2,7200,1.00251798561
192942,192948,196259,6,3311,2,7200,1.00181214135
192982,192988,195682,6,2694,2,7200,1.00222717149
193093,193099,193216,6,117,1,1800,1.05128205128
193124,193130,196113,6,2983,2,7200,1.00201139792
193409,193415,196432,6,3017,2,7200,1.00198873053
193424,193430,195965,6,2535,2,7200,1.00236686391
193478,193484,193600,6,116,1,1800,1.05172413793
193518,193524,196611,6,3087,2,7200,1.0019436346
193545,193551,196408,6,2857,2,7200,1.00210010501
193775,193781,196454,6,2673,2,7200,1.00224466891
193918,193924,196624,6,2700,2,7200,1.00222222222
193945,193951,197027,6,3076,2,7200,1.00195058518
193985,193991,196398,6,2407,2,7200,1.00249272954
194039,194045,196833,6,2788,2,7200,1.00215208034
194134,194140,194558,6,418,1,1800,1.01435406699
194145,194151,196637,6,2486,2,7200,1.00241351569
194257,194263,196977,6,2714,2,7200,1.00221075903
194363,194369,197134,6,2765,2,7200,1.00216998192
194365,194375,197317,10,2942,2,7200,1.00339904827
194380,194386,197242,6,2856,2,7200,1.00210084034
194452,194459,197057,7,2598,2,7200,1.00269438029
194531,194537,197240,6,2703,2,7200,1.00221975583
194546,194552,197475,6,2923,2,7200,1.0020526856
194625,194631,197433,6,2802,2,7200,1.00214132762
194661,194668,197163,7,2495,2,7200,1.00280561122
194846,194852,197501,6,2649,2,7200,1.00226500566
194919,194925,197737,6,2812,2,7200,1.00213371266
194949,194956,197809,7,2853,2,7200,1.00245355766
194951,194962,197755,11,2793,2,7200,1.00393841747
194981,194987,197655,6,2668,2,7200,1.00224887556
195163,195169,198216,6,3047,2,7200,1.00196914998
195193,195200,197993,7,2793,2,7200,1.00250626566
195333,195339,198341,6,3002,2,7200,1.00199866755
195375,195381,198224,6,2843,2,7200,1.00211044671
195466,195472,197836,6,2364,2,7200,1.00253807107
195509,195515,198690,6,3175,2,7200,1.00188976378
195593,195599,198018,6,2419,2,7200,1.00248036379
195636,195642,198591,6,2949,2,7200,1.002034588
195651,195657,198428,6,2771,2,7200,1.00216528329
195684,195691,198603,7,2912,2,7200,1.00240384615
195747,195753,195806,6,53,1,1800,1.11320754717
195815,195821,198397,6,2576,2,7200,1.00232919255
195833,195839,198763,6,2924,2,7200,1.00205198358
195966,195972,198664,6,2692,2,7200,1.00222882615
195994,196000,198714,6,2714,2,7200,1.00221075903
196057,196063,196186,6,123,1,1800,1.0487804878
196115,196121,198866,6,2745,2,7200,1.00218579235
196260,196267,199018,7,2751,2,7200,1.00254452926
196400,196406,199019,6,2613,2,7200,1.00229621125
196415,196421,199179,6,2758,2,7200,1.00217548949
196436,196442,199224,6,2782,2,7200,1.00215672178
196457,196463,199186,6,2723,2,7200,1.00220345207
196612,196618,199181,6,2563,2,7200,1.00234100663
196627,196633,199127,6,2494,2,7200,1.00240577386
196642,196648,199822,6,3174,2,7200,1.00189035917
196835,196842,199651,7,2809,2,7200,1.00249199003
196845,196851,197088,6,237,1,1800,1.0253164557
196978,196984,199711,6,2727,2,7200,1.00220022002
197029,197036,199805,7,2769,2,7200,1.00252798844
197060,197066,200045,6,2979,2,7200,1.00201409869
197136,197142,200030,6,2888,2,7200,1.00207756233
197166,197172,200203,6,3031,2,7200,1.0019795447
197242,197248,199550,6,2302,2,7200,1.00260642919
197243,197254,200374,11,3120,2,7200,1.00352564103
197319,197326,199967,7,2641,2,7200,1.00265051117
197434,197441,200082,7,2641,2,7200,1.00265051117
197477,197483,200585,6,3102,2,7200,1.00193423598
197504,197510,200418,6,2908,2,7200,1.00206327373
197656,197662,200227,6,2565,2,7200,1.00233918129
197740,197747,200226,7,2479,2,7200,1.00282371924
197755,197762,200222,7,2460,2,7200,1.00284552846
197810,197816,200748,6,2932,2,7200,1.00204638472
197837,197843,200474,6,2631,2,7200,1.00228050171
197995,198001,200788,6,2787,2,7200,1.00215285253
198019,198025,200555,6,2530,2,7200,1.0023715415
198219,198225,200841,6,2616,2,7200,1.00229357798
198234,198240,201404,6,3164,2,7200,1.00189633375
198342,198349,201209,7,2860,2,7200,1.00244755245
198400,198406,201262,6,2856,2,7200,1.00210084034
198430,198437,201289,7,2852,2,7200,1.00245441795
198594,198600,201474,6,2874,2,7200,1.00208768267
198608,198614,201480,6,2866,2,7200,1.00209351012
198666,198672,201408,6,2736,2,7200,1.00219298246
198693,198700,201483,7,2783,2,7200,1.00251527129
198715,198721,201370,6,2649,2,7200,1.00226500566
198766,198772,201479,6,2707,2,7200,1.0022164758
198870,198876,201437,6,2561,2,7200,1.00234283483
199021,199027,201730,6,2703,2,7200,1.00221975583
199022,199033,201586,11,2553,2,7200,1.00430865648
199129,199135,201754,6,2619,2,7200,1.00229095074
199180,199187,201791,7,2604,2,7200,1.00268817204
199196,199202,201871,6,2669,2,7200,1.00224803297
199197,199208,202465,11,3257,2,7200,1.00337734111
199228,199234,202268,6,3034,2,7200,1.00197758734
199551,199557,202482,6,2925,2,7200,1.00205128205
199654,199660,202487,6,2827,2,7200,1.00212239123
199712,199718,202547,6,2829,2,7200,1.00212089077
199806,199812,202440,6,2628,2,7200,1.00228310502
199824,199830,202369,6,2539,2,7200,1.00236313509
199937,199943,239013,6,39070,12,86400,1.00015357051
199969,199975,202729,6,2754,2,7200,1.00217864924
200033,200039,202975,6,2936,2,7200,1.00204359673
200048,200054,202774,6,2720,2,7200,1.00220588235
200085,200091,202633,6,2542,2,7200,1.00236034618
200206,200212,202905,6,2693,2,7200,1.00222799851
200224,200230,203033,6,2803,2,7200,1.00214056368
200239,200246,202902,7,2656,2,7200,1.00263554217
200241,200252,203169,11,2917,2,7200,1.0037709976
200377,200383,203193,6,2810,2,7200,1.00213523132
200420,200426,203302,6,2876,2,7200,1.00208623088
200477,200483,203042,6,2559,2,7200,1.00234466589
200556,200562,203172,6,2610,2,7200,1.00229885057
200586,200592,203405,6,2813,2,7200,1.00213295414
200750,200756,203573,6,2817,2,7200,1.00212992545
200789,200795,203499,6,2704,2,7200,1.00221893491
200844,200850,203579,6,2729,2,7200,1.00219860755
201213,201219,203824,6,2605,2,7200,1.00230326296
201264,201271,204062,7,2791,2,7200,1.00250806163
201292,201298,204126,6,2828,2,7200,1.00212164074
201373,201380,204144,7,2764,2,7200,1.00253256151
201407,201413,204247,6,2834,2,7200,1.00211714891
201408,201419,204403,11,2984,2,7200,1.00368632708
201439,201445,204386,6,2941,2,7200,1.00204012241
201476,201482,204159,6,2677,2,7200,1.0022413149
201491,201497,204403,6,2906,2,7200,1.00206469374
201492,201503,204215,11,2712,2,7200,1.0040560472
201494,201508,204090,14,2582,2,7200,1.00542215337
201588,201594,204240,6,2646,2,7200,1.0022675737
201733,201739,204463,6,2724,2,7200,1.00220264317
201758,201764,204213,6,2449,2,7200,1.00244997958
201794,201800,204666,6,2866,2,7200,1.00209351012
201870,201876,204661,6,2785,2,7200,1.00215439856
202270,202276,205088,6,2812,2,7200,1.00213371266
202373,202379,204923,6,2544,2,7200,1.00235849057
202442,202449,205433,7,2984,2,7200,1.0023458445
202452,202458,216866,6,14408,4,32400,1.00041643531
202467,202473,205286,6,2813,2,7200,1.00213295414
202485,202491,205421,6,2930,2,7200,1.00204778157
202500,202506,205231,6,2725,2,7200,1.00220183486
202549,202555,205329,6,2774,2,7200,1.0021629416
202637,202643,205315,6,2672,2,7200,1.00224550898
202730,202737,205233,7,2496,2,7200,1.00280448718
202776,202782,205673,6,2891,2,7200,1.00207540643
202903,202909,205895,6,2986,2,7200,1.00200937709
202918,202925,205711,7,2786,2,7200,1.00251256281
202976,202982,205690,6,2708,2,7200,1.00221565731
203034,203040,205535,6,2495,2,7200,1.00240480962
203049,203055,205610,6,2555,2,7200,1.00234833659
203170,203176,206153,6,2977,2,7200,1.0020154518
203185,203191,205487,6,2296,2,7200,1.00261324042
203200,203206,206000,6,2794,2,7200,1.00214745884
203303,203309,205784,6,2475,2,7200,1.00242424242
203406,203412,206233,6,2821,2,7200,1.00212690535
203500,203507,206209,7,2702,2,7200,1.00259067358
203573,203579,206614,6,3035,2,7200,1.00197693575
203588,203594,206040,6,2446,2,7200,1.00245298446
203824,203831,206342,7,2511,2,7200,1.00278773397
204064,204070,206769,6,2699,2,7200,1.00222304557
204091,204097,206968,6,2871,2,7200,1.00208986416
204127,204134,207139,7,3005,2,7200,1.00232945092
204146,204152,206998,6,2846,2,7200,1.00210822207
204161,204167,207115,6,2948,2,7200,1.00203527815
204216,204222,206839,6,2617,2,7200,1.00229270157
204217,204228,207219,11,2991,2,7200,1.00367769977
204241,204248,206963,7,2715,2,7200,1.00257826888
204256,204263,207316,7,3053,2,7200,1.00229282673
204387,204393,207121,6,2728,2,7200,1.00219941349
204405,204411,207245,6,2834,2,7200,1.00211714891
204407,204417,206917,10,2500,2,7200,1.004
204464,204470,207593,6,3123,2,7200,1.00192122959
204531,204537,210292,6,5755,16,18000,1.00104257168
204665,204671,207558,6,2887,2,7200,1.00207828195
204680,204686,207444,6,2758,2,7200,1.00217548949
204925,204931,208171,6,3240,2,7200,1.00185185185
205092,205098,208009,6,2911,2,7200,1.00206114737
205235,205246,291682,11,86436,12,86400,1.00012726179
205235,205241,207903,6,2662,2,7200,1.0022539444
205236,205253,208284,17,3031,2,7200,1.00560871
205288,205294,208318,6,3024,2,7200,1.00198412698
205319,205325,207892,6,2567,2,7200,1.00233735878
205334,205340,207967,6,2627,2,7200,1.00228397411
205422,205428,207862,6,2434,2,7200,1.00246507806
205437,205443,208104,6,2661,2,7200,1.00225479143
205481,205488,206716,7,1228,2,10800,1.00570032573
205488,205494,208186,6,2692,2,7200,1.00222882615
205536,205543,207962,7,2419,2,7200,1.00289375775
205607,205614,206367,7,753,2,10800,1.00929614874
205612,205620,208296,8,2676,2,7200,1.00298953662
205666,205672,206557,6,885,2,10800,1.00677966102
205676,205682,208528,6,2846,2,7200,1.00210822207
205691,205697,208054,6,2357,2,7200,1.00254560882
205712,205719,208445,7,2726,2,7200,1.002567865
205785,205792,208767,7,2975,2,7200,1.00235294118
205911,205918,208845,7,2927,2,7200,1.00239152716
205976,205982,206761,6,779,2,10800,1.00770218228
206003,206009,208741,6,2732,2,7200,1.00219619327
206024,206030,207147,6,1117,2,10800,1.00537153089
206042,206048,208873,6,2825,2,7200,1.00212389381
206078,206084,207543,6,1459,2,10800,1.00411240576
206144,206150,206954,6,804,2,10800,1.00746268657
206154,206160,208544,6,2384,2,7200,1.00251677852
206212,206218,208748,6,2530,2,7200,1.0023715415
206233,206239,207015,6,776,2,10800,1.00773195876
206236,206245,208703,9,2458,2,7200,1.00366151343
206298,206304,208290,6,1986,2,10800,1.00302114804
206345,206351,209260,6,2909,2,7200,1.00206256446
206409,206416,210054,7,3638,2,10800,1.00192413414
206617,206623,209265,6,2642,2,7200,1.00227100681
206768,206774,209447,6,2673,2,7200,1.00224466891
206841,206847,209567,6,2720,2,7200,1.00220588235
206919,206925,209618,6,2693,2,7200,1.00222799851
206964,206971,209598,7,2627,2,7200,1.00266463647
206979,206985,209947,6,2962,2,7200,1.00202565834
207000,207007,210014,7,3007,2,7200,1.00232790156
207004,207014,214552,10,7538,2,10800,1.00132661183
207115,207121,209438,6,2317,2,7200,1.00258955546
207130,207136,209832,6,2696,2,7200,1.00222551929
207145,207151,209654,6,2503,2,7200,1.00239712345
207221,207227,209718,6,2491,2,7200,1.00240867122
207248,207255,209861,7,2606,2,7200,1.00268610898
207318,207324,209754,6,2430,2,7200,1.0024691358
207446,207451,210076,5,2625,2,7200,1.0019047619
207561,207567,210157,6,2590,2,7200,1.00231660232
207594,207600,210158,6,2558,2,7200,1.00234558249
207776,209611,221637,1835,12026,2,36000,1.15258606353
207863,207869,210326,6,2457,2,7200,1.00244200244
207893,207899,210326,6,2427,2,7200,1.00247218789
207913,207919,210264,6,2345,2,7200,1.00255863539
207964,207970,210326,6,2356,2,7200,1.0025466893
207979,207985,210326,6,2341,2,7200,1.00256300726
208015,208021,210326,6,2305,2,7200,1.00260303688
208028,208034,294466,6,86432,12,86400,1.00006941873
208059,208065,210326,6,2261,2,7200,1.00265369306
208107,208113,210326,6,2213,2,7200,1.00271125169
208174,208179,210326,5,2147,2,7200,1.00232883093
208189,208195,210326,6,2131,2,7200,1.00281557954
208285,208291,210326,6,2035,2,7200,1.00294840295
208295,243489,252213,35194,8724,16,8700,5.03415864282
208300,208306,210326,6,2020,2,7200,1.00297029703
208321,208327,210326,6,1999,2,7200,1.00300150075
208451,208458,210326,7,1868,2,7200,1.00374732334
208538,208544,210326,6,1782,2,7200,1.00336700337
208553,208559,210326,6,1767,2,7200,1.00339558574
208704,208710,210326,6,1616,2,7200,1.00371287129
208738,208744,210326,6,1582,2,7200,1.00379266751
208752,208759,210326,7,1567,2,7200,1.00446713465
208771,208777,210326,6,1549,2,7200,1.00387346675
208846,208852,210326,6,1474,2,7200,1.00407055631
208876,208882,210326,6,1444,2,7200,1.00415512465
209264,209270,210326,6,1056,2,7200,1.00568181818
209279,209285,210326,6,1041,2,7200,1.00576368876
209439,209445,210326,6,881,2,7200,1.00681044268
209454,209460,210331,6,871,2,7200,1.00688863375
209569,209575,210331,6,756,2,7200,1.00793650794
209599,209605,210331,6,726,2,7200,1.00826446281
209620,209626,210331,6,705,2,7200,1.0085106383
209656,209662,210331,6,669,2,7200,1.00896860987
209720,209726,210331,6,605,2,7200,1.00991735537
209748,210304,352457,556,142153,16,604800,1.00391127869
209756,209762,210331,6,569,2,7200,1.01054481547
209835,209841,210331,6,490,2,7200,1.01224489796
209849,256685,312946,46836,56261,2,57600,1.83247720446
209865,209871,210331,6,460,2,7200,1.01304347826
210198,229992,245493,19794,15501,2,36000,2.2769498742
210429,210435,213119,6,2684,2,7200,1.00223546945
210430,210441,213002,11,2561,2,7200,1.00429519719
210432,210446,213161,14,2715,2,7200,1.00515653775
210433,210452,210983,19,531,2,7200,1.03578154426
210434,210457,211087,23,630,2,7200,1.03650793651
210436,278734,494765,68298,216031,4,216000,1.3161490712
210436,210463,213116,27,2653,2,7200,1.01017715793
210437,210468,213215,31,2747,2,7200,1.01128503822
210439,210474,212351,35,1877,2,7200,1.01864677677
210440,210479,211332,39,853,2,7200,1.04572098476
210442,210484,213139,42,2655,2,7200,1.01581920904
210443,210490,213332,47,2842,2,7200,1.01653764954
210444,210495,213253,51,2758,2,7200,1.01849166062
210446,210500,210985,54,485,2,7200,1.11134020619
210447,210505,212874,58,2369,2,7200,1.02448290418
210449,210511,212825,62,2314,2,7200,1.02679343129
210450,210516,213074,66,2558,2,7200,1.02580140735
210451,210521,213151,70,2630,2,7200,1.02661596958
210453,210527,213192,74,2665,2,7200,1.0277673546
210454,210532,213227,78,2695,2,7200,1.02894248609
210456,210537,211128,81,591,2,7200,1.13705583756
210457,210543,213430,86,2887,2,7200,1.029788708
210458,210549,212954,91,2405,2,7200,1.03783783784
210460,210554,213367,94,2813,2,7200,1.03341628155
210461,210560,213188,99,2628,2,7200,1.03767123288
210463,210565,213148,102,2583,2,7200,1.03948896632
210464,210570,213423,106,2853,2,7200,1.03715387312
210465,210576,211091,111,515,2,7200,1.21553398058
210466,295732,511776,85266,216044,4,216000,1.39466960434
210467,210581,212120,114,1539,2,7200,1.07407407407
210468,210586,213276,118,2690,2,7200,1.043866171
210470,210592,212659,122,2067,2,7200,1.05902273827
210471,210597,211102,126,505,2,7200,1.2495049505
210472,210602,212972,130,2370,2,7200,1.05485232068
210474,210608,213322,134,2714,2,7200,1.04937361828
210475,210613,212657,138,2044,2,7200,1.0675146771
210477,210618,213369,141,2751,2,7200,1.05125408942
210478,210624,213374,146,2750,2,7200,1.05309090909
210480,210629,213057,149,2428,2,7200,1.06136738056
210481,210635,213263,154,2628,2,7200,1.05859969559
210482,210640,213714,158,3074,2,7200,1.05139882889
210484,210646,212891,162,2245,2,7200,1.07216035635
210526,235564,243477,25038,7913,2,36000,4.16416024264
210991,210997,213489,6,2492,2,7200,1.00240770465
210992,211003,213367,11,2364,2,7200,1.00465313029
211089,211098,211667,9,569,2,7200,1.0158172232
211103,211110,211132,7,22,2,7200,1.31818181818
211105,211117,211915,12,798,2,7200,1.01503759398
211129,211139,212773,10,1634,2,7200,1.00611995104
211144,211150,211779,6,629,2,7200,1.00953895072
211234,239027,240877,27793,1850,13,1800,16.0232432432
211271,256912,257070,45641,158,6,259200,289.867088608
211333,211343,211940,10,597,2,7200,1.01675041876
211668,211678,212159,10,481,2,7200,1.02079002079
211782,211790,212298,8,508,2,7200,1.0157480315
211918,211926,213571,8,1645,2,7200,1.00486322188
211942,211951,212187,9,236,2,7200,1.03813559322
211953,245506,245791,33553,285,2,43200,118.729824561
211966,245803,246068,33837,265,2,43200,128.686792453
212122,212131,214933,9,2802,2,7200,1.00321199143
212161,212170,213970,9,1800,2,7200,1.005
212189,212198,215115,9,2917,2,7200,1.00308536167
212300,212309,214770,9,2461,2,7200,1.00365704998
212354,212363,215171,9,2808,2,7200,1.00320512821
212662,212668,214422,6,1754,2,7200,1.00342075257
212663,212674,215056,11,2382,2,7200,1.00461796809
212775,212784,215397,9,2613,2,7200,1.00344431688
212825,257081,282358,44256,25277,6,259200,2.75084068521
212826,212837,213403,11,566,2,7200,1.01943462898
212877,212886,215455,9,2569,2,7200,1.00350330868
212892,212902,213384,10,482,2,7200,1.02074688797
212955,212965,215671,10,2706,2,7200,1.0036954915
212972,212983,213477,11,494,2,7200,1.02226720648
213005,213014,215507,9,2493,2,7200,1.0036101083
213060,213068,215547,8,2479,2,7200,1.0032271077
213074,213085,215706,11,2621,2,7200,1.00419687142
213120,213128,215552,8,2424,2,7200,1.00330033003
213121,213134,215661,13,2527,2,7200,1.00514444005
213142,213151,215640,9,2489,2,7200,1.00361591
213157,213163,215755,6,2592,2,7200,1.00231481481
213159,213170,214681,11,1511,2,7200,1.00727994705
213173,213179,215355,6,2176,2,7200,1.00275735294
213191,213199,216405,8,3206,2,7200,1.00249532127
213206,213212,215366,6,2154,2,7200,1.00278551532
213221,213228,216031,7,2803,2,7200,1.0024973243
213236,213242,215823,6,2581,2,7200,1.00232468036
213257,213265,216051,8,2786,2,7200,1.00287150036
213271,213277,216064,6,2787,2,7200,1.00215285253
213286,213292,216100,6,2808,2,7200,1.00213675214
213325,213333,216092,8,2759,2,7200,1.0028996013
213340,213346,215924,6,2578,2,7200,1.00232738557
213370,213379,216075,9,2696,2,7200,1.00333827893
213372,213384,215746,12,2362,2,7200,1.0050804403
213373,213391,215890,18,2499,2,7200,1.00720288115
213388,213397,215819,9,2422,2,7200,1.00371593724
213390,213403,216010,13,2607,2,7200,1.00498657461
213405,213414,214031,9,617,2,7200,1.01458670989
213426,213434,216157,8,2723,2,7200,1.0029379361
213441,213447,214476,6,1029,2,7200,1.00583090379
213480,213488,216697,8,3209,2,7200,1.00249298847
213495,213502,216252,7,2750,2,7200,1.00254545455
213573,213582,216321,9,2739,2,7200,1.00328587076
213715,213725,216295,10,2570,2,7200,1.00389105058
213971,213981,216393,10,2412,2,7200,1.00414593698
214032,214042,216328,10,2286,2,7200,1.00437445319
214393,216876,220481,2483,3605,8,3600,1.68876560333
214423,214433,217090,10,2657,2,7200,1.00376364321
214478,214487,217005,9,2518,2,7200,1.00357426529
214682,214692,217423,10,2731,2,7200,1.00366166239
214772,214781,217451,9,2670,2,7200,1.00337078652
214935,214945,217870,10,2925,2,7200,1.00341880342
215059,215067,217328,8,2261,2,7200,1.00353825741
215119,215127,217850,8,2723,2,7200,1.0029379361
215173,215183,217772,10,2589,2,7200,1.00386249517
215357,215366,218115,9,2749,2,7200,1.00327391779
215372,215377,217781,5,2404,2,7200,1.00207986689
215399,215408,218203,9,2795,2,7200,1.00322003578
215456,215466,218046,10,2580,2,7200,1.00387596899
215510,215518,217967,8,2449,2,7200,1.00326663944
215549,215559,218429,10,2870,2,7200,1.00348432056
215564,215570,218339,6,2769,2,7200,1.00216684724
215642,215651,217801,9,2150,2,7200,1.00418604651
215663,215672,218586,9,2914,2,7200,1.00308853809
215678,215684,217870,6,2186,2,7200,1.00274473925
215708,215717,218000,9,2283,2,7200,1.00394218134
215747,215757,218346,10,2589,2,7200,1.00386249517
215762,215768,218395,6,2627,2,7200,1.00228397411
215823,215831,218413,8,2582,2,7200,1.00309837335
215837,215844,218470,7,2626,2,7200,1.00266565118
215891,215901,216362,10,461,2,7200,1.02169197397
215925,215935,218462,10,2527,2,7200,1.00395726157
216013,216021,218590,8,2569,2,7200,1.00311405216
216034,216043,218581,9,2538,2,7200,1.00354609929
216052,216062,218783,10,2721,2,7200,1.00367511944
216067,216076,216584,9,508,2,7200,1.01771653543
216082,216088,218187,6,2099,2,7200,1.00285850405
216096,216103,218133,7,2030,2,7200,1.00344827586
216111,216117,218585,6,2468,2,7200,1.00243111831
216159,216168,219182,9,3014,2,7200,1.00298606503
216253,216263,219052,10,2789,2,7200,1.00358551452
216296,216306,219293,10,2987,2,7200,1.00334784064
216324,216333,217866,9,1533,2,7200,1.00587084149
216338,216345,218996,7,2651,2,7200,1.00264051301
216362,216373,219166,11,2793,2,7200,1.00393841747
216395,216405,218839,10,2434,2,7200,1.00410846343
216411,216417,217601,6,1184,2,7200,1.00506756757
216586,216595,219246,9,2651,2,7200,1.0033949453
216666,216673,216681,7,8,1,3600,1.5
216700,216709,218795,9,2086,2,7200,1.00431447747
217008,217017,219683,9,2666,2,7200,1.00337584396
217092,217102,217627,10,525,2,7200,1.01904761905
217330,217339,219989,9,2650,2,7200,1.00339622642
217426,217434,220394,8,2960,2,7200,1.0027027027
217453,217463,220068,10,2605,2,7200,1.00383877159
217453,256758,256900,39305,142,5,172800,277.795774648
217604,217613,220471,9,2858,2,7200,1.00314905528
217628,217639,220199,11,2560,2,7200,1.004296875
217702,217709,217732,7,23,1,3600,1.30434782609
217772,217783,218335,11,552,2,7200,1.01992753623
217787,217793,220733,6,2940,2,7200,1.00204081633
217802,217812,218261,10,449,2,7200,1.02227171492
217854,217861,220796,7,2935,2,7200,1.00238500852
217855,217867,218012,12,145,1,3600,1.08275862069
217869,217877,220847,8,2970,2,7200,1.00269360269
217884,217890,221179,6,3289,2,7200,1.00182426269
217885,217897,219377,12,1480,2,7200,1.00810810811
217931,217938,217984,7,46,1,3600,1.15217391304
217970,217978,220980,8,3002,2,7200,1.00266489007
218003,218011,220919,8,2908,2,7200,1.00275103164
218048,218057,220410,9,2353,2,7200,1.00382490438
218117,218126,221178,9,3052,2,7200,1.00294888598
218135,218144,220779,9,2635,2,7200,1.00341555977
218153,252224,278376,34071,26152,10,43200,2.30280666871
218182,218188,218520,6,332,1,3600,1.01807228916
218189,218200,220649,11,2449,2,7200,1.00449162924
218204,218214,221238,10,3024,2,7200,1.00330687831
218265,218273,221369,8,3096,2,7200,1.00258397933
218337,218347,219287,10,940,2,7200,1.01063829787
218352,218358,220938,6,2580,2,7200,1.0023255814
218354,218365,221339,11,2974,2,7200,1.00369872226
218396,218406,218856,10,450,2,7200,1.02222222222
218414,218424,219018,10,594,2,7200,1.01683501684
218432,218441,221060,9,2619,2,7200,1.00343642612
218465,218473,221051,8,2578,2,7200,1.00310318076
218480,218486,221232,6,2746,2,7200,1.00218499636
218582,218593,221349,11,2756,2,7200,1.00399129173
218598,218604,221543,6,2939,2,7200,1.00204151072
218599,218611,221523,12,2912,2,7200,1.00412087912
218601,218617,219086,16,469,2,7200,1.03411513859
218772,218778,219550,6,772,1,3600,1.00777202073
218784,218794,221693,10,2899,2,7200,1.00344946533
218799,218806,219334,7,528,2,7200,1.01325757576
218841,218851,221477,10,2626,2,7200,1.00380807312
218859,218867,221591,8,2724,2,7200,1.00293685756
218998,219007,221766,9,2759,2,7200,1.00326205147
219019,219029,222054,10,3025,2,7200,1.00330578512
219052,219063,221166,11,2103,2,7200,1.00523062292
219088,219097,221906,9,2809,2,7200,1.00320398718
219167,219177,219640,10,463,2,7200,1.02159827214
219184,219194,221893,10,2699,2,7200,1.00370507595
219248,219258,222072,10,2814,2,7200,1.00355366027
219290,219298,221807,8,2509,2,7200,1.00318852132
219305,219311,219411,6,100,2,7200,1.06
219335,219345,222626,10,3281,2,7200,1.00304785126
219380,219388,220020,8,632,2,7200,1.01265822785
219413,219422,222310,9,2888,2,7200,1.00311634349
219615,219622,223236,7,3614,1,3600,1.00193691201
219643,219651,221921,8,2270,2,7200,1.00352422907
219685,219695,222612,10,2917,2,7200,1.00342817964
219992,220000,222485,8,2485,2,7200,1.0032193159
220022,220031,222756,9,2725,2,7200,1.00330275229
220070,220080,222975,10,2895,2,7200,1.00345423143
220192,220200,220206,8,6,1,3600,1.4
220200,220210,220825,10,615,2,7200,1.0162601626
220316,220322,220434,6,112,1,3600,1.05357142857
220395,220406,221905,11,1499,2,7200,1.00733822548
220413,220422,223340,9,2918,2,7200,1.00308430432
220474,220482,221173,8,691,2,7200,1.01157742402
220584,220591,220914,7,323,1,3600,1.02167182663
220652,220660,221301,8,641,2,7200,1.01248049922
220736,220745,223674,9,2929,2,7200,1.00307272107
220781,220790,223664,9,2874,2,7200,1.00313152401
220799,220807,221439,8,632,2,7200,1.01265822785
220826,220837,223413,11,2576,2,7200,1.00427018634
220850,220858,224011,8,3153,2,7200,1.0025372661
220919,220930,223794,11,2864,2,7200,1.00384078212
220940,220949,223791,9,2842,2,7200,1.00316678395
220982,220991,221463,9,472,2,7200,1.01906779661
221055,221063,221618,8,555,2,7200,1.01441441441
221070,221076,223565,6,2489,2,7200,1.00241060667
221169,221177,224217,8,3040,2,7200,1.00263157895
221185,221191,223709,6,2518,2,7200,1.00238284353
221186,221197,223187,11,1990,2,7200,1.00552763819
221188,221202,222895,14,1693,2,7200,1.00826934436
221233,221248,223832,15,2584,2,7200,1.00580495356
221234,221242,221782,8,540,1,3600,1.01481481481
221248,221255,224019,7,2764,2,7200,1.00253256151
221302,221312,222122,10,810,2,7200,1.01234567901
221341,221350,223024,9,1674,2,7200,1.00537634409
221356,221363,222398,7,1035,2,7200,1.00676328502
221371,221380,224364,9,2984,2,7200,1.00301608579
221440,221450,222478,10,1028,2,7200,1.00972762646
221465,221474,221929,9,455,2,7200,1.01978021978
221479,221488,224268,9,2780,2,7200,1.00323741007
221525,221534,224565,9,3031,2,7200,1.00296931706
221532,221541,228566,9,7025,3,7200,1.00128113879
221546,221554,224030,8,2476,2,7200,1.00323101777
221597,221602,224649,5,3047,2,7200,1.00164095832
221621,221630,224507,9,2877,2,7200,1.0031282586
221696,221704,224577,8,2873,2,7200,1.00278454577
221769,221777,223980,8,2203,2,7200,1.00363141171
221809,221818,222291,9,473,2,7200,1.01902748414
221839,221846,224992,7,3146,3,21600,1.00222504768
221897,221904,224973,7,3069,2,7200,1.00228087325
221912,221919,224885,7,2966,2,7200,1.00236008092
221914,221926,222794,12,868,2,7200,1.01382488479
221929,221935,222416,6,481,2,7200,1.01247401247
221944,221950,224896,6,2946,2,7200,1.00203665988
221994,256679,294113,34685,37434,1,86400,1.92656408612
222058,222065,222523,7,458,2,7200,1.01528384279
222073,222083,224611,10,2528,2,7200,1.0039556962
222125,222134,224575,9,2441,2,7200,1.00368701352
222297,222304,222847,7,543,2,7200,1.01289134438
222312,222321,224953,9,2632,2,7200,1.00341945289
222400,222409,225500,9,3091,2,7200,1.00291167907
222418,222428,225291,10,2863,2,7200,1.00349283968
222479,222489,224504,10,2015,2,7200,1.00496277916
222495,222502,225446,7,2944,2,7200,1.00237771739
222525,222534,225169,9,2635,2,7200,1.00341555977
222615,222624,225397,9,2773,2,7200,1.0032455824
222631,222637,225501,6,2864,2,7200,1.00209497207
222760,222767,223238,7,471,2,7200,1.01486199575
222796,222805,225735,9,2930,2,7200,1.00307167235
222851,222859,225146,8,2287,2,7200,1.00349803236
222896,222906,224400,10,1494,2,7200,1.00669344043
222978,222987,223218,9,231,2,7200,1.03896103896
223027,223035,224929,8,1894,2,7200,1.00422386484
223190,223198,223661,8,463,2,7200,1.01727861771
223221,223229,225334,8,2105,2,7200,1.00380047506
223242,223249,225804,7,2555,2,7200,1.00273972603
223342,223351,225928,9,2577,2,7200,1.00349243306
223416,223425,225862,9,2437,2,7200,1.00369306524
223443,223450,227054,7,3604,2,3600,1.00194228635
223461,223468,223631,7,163,2,3600,1.04294478528
223574,223580,226342,6,2762,2,7200,1.00217233888
223662,223672,223977,10,305,2,7200,1.03278688525
223677,223683,224218,6,535,2,7200,1.01121495327
223678,223689,226451,11,2762,2,7200,1.00398262129
223712,223720,226669,8,2949,2,7200,1.00271278399
223794,223802,226308,8,2506,2,7200,1.00319233839
223809,223815,224880,6,1065,2,7200,1.00563380282
223834,223843,224334,9,491,2,7200,1.0183299389
223980,223988,226731,8,2743,2,7200,1.00291651476
223995,224001,225884,6,1883,2,7200,1.00318640467
224014,224022,226497,8,2475,2,7200,1.00323232323
224029,224035,224502,6,467,2,7200,1.01284796574
224044,224050,226908,6,2858,2,7200,1.00209937019
224218,224228,224712,10,484,2,7200,1.02066115702
224233,224239,224866,6,627,2,7200,1.00956937799
224271,224279,226415,8,2136,2,7200,1.00374531835
224335,224345,225729,10,1384,2,7200,1.00722543353
224365,224375,226959,10,2584,2,7200,1.00386996904
224402,224411,225915,9,1504,2,7200,1.00598404255
224506,224513,224979,7,466,2,7200,1.01502145923
224507,224520,227585,13,3065,2,7200,1.00424143556
224522,224528,226864,6,2336,2,7200,1.00256849315
224567,224576,227558,9,2982,2,7200,1.00301810865
224582,224588,227302,6,2714,2,7200,1.00221075903
224584,224595,225062,11,467,2,7200,1.02355460385
224611,224622,226453,11,1831,2,7200,1.0060076461
224650,224660,227260,10,2600,2,7200,1.00384615385
224670,256673,256746,32003,73,8,28800,439.397260274
224714,224723,227307,9,2584,2,7200,1.00348297214
224869,224878,227005,9,2127,2,7200,1.00423131171
224884,224892,225368,8,476,2,7200,1.01680672269
224899,224905,227488,6,2583,2,7200,1.00232288037
224900,224912,225373,12,461,2,7200,1.02603036876
224931,224940,228036,9,3096,2,7200,1.00290697674
224954,224964,227836,10,2872,2,7200,1.00348189415
224975,224984,227224,9,2240,2,7200,1.00401785714
224991,224997,225481,6,484,2,7200,1.01239669421
225063,225073,228217,10,3144,2,7200,1.00318066158
225148,225157,227747,9,2590,2,7200,1.00347490347
225172,225181,227464,9,2283,2,7200,1.00394218134
225279,228577,403066,3298,174489,16,324000,1.01890090493
225294,225303,228298,9,2995,2,7200,1.00300500835
225336,225345,228209,9,2864,2,7200,1.0031424581
225369,225379,228545,10,3166,2,7200,1.0031585597
225384,225390,228211,6,2821,2,7200,1.00212690535
225399,225408,225866,9,458,2,7200,1.01965065502
225447,225457,228411,10,2954,2,7200,1.00338524035
225484,225493,228081,9,2588,2,7200,1.00347758887
225502,225511,226503,9,992,2,7200,1.00907258065
225503,225518,226717,15,1199,2,7200,1.01251042535
225730,225740,228406,10,2666,2,7200,1.00375093773
225745,225751,228353,6,2602,2,7200,1.00230591852
225788,256764,310791,30976,54027,2,54000,1.57334295815
225806,225815,228286,9,2471,2,7200,1.0036422501
225863,225873,227690,10,1817,2,7200,1.00550357733
225878,225884,226340,6,456,2,7200,1.01315789474
225893,225899,228733,6,2834,2,7200,1.00211714891
225917,225926,227291,9,1365,2,7200,1.00659340659
225932,225940,226576,8,636,2,7200,1.01257861635
225951,225959,226659,8,700,2,1800,1.01142857143
226309,226319,229013,10,2694,2,7200,1.00371195249
226343,226353,228859,10,2506,2,7200,1.00399042298
226345,226359,229302,14,2943,2,7200,1.00475705063
226417,226426,228920,9,2494,2,7200,1.00360866079
226454,226463,229263,9,2800,2,7200,1.00321428571
226455,226470,226916,15,446,2,7200,1.033632287
226498,226508,229329,10,2821,2,7200,1.00354484225
226513,226519,226977,6,458,2,7200,1.01310043668
226578,226587,227041,9,454,2,7200,1.01982378855
226673,226681,229192,8,2511,2,7200,1.00318598168
226720,226728,227199,8,471,2,7200,1.016985138
226735,226743,229367,8,2624,2,7200,1.00304878049
226865,226875,230219,10,3344,2,7200,1.00299043062
226910,226920,227390,10,470,2,7200,1.02127659574
226925,226931,229566,6,2635,2,7200,1.00227703985
226961,226971,229592,10,2621,2,7200,1.00381533766
226979,226988,229644,9,2656,2,7200,1.00338855422
227001,291088,345098,64087,54010,2,54000,2.1865765599
227006,227016,229787,10,2771,2,7200,1.00360880549
227043,227052,229891,9,2839,2,7200,1.00317013033
227203,227211,228850,8,1639,2,7200,1.00488102502
227227,227235,229833,8,2598,2,7200,1.00307929176
227260,227271,229390,11,2119,2,7200,1.00519112789
227294,227302,230214,8,2912,2,7200,1.00274725275
227309,227315,230031,6,2716,2,7200,1.00220913108
227310,227322,230210,12,2888,2,7200,1.00415512465
227392,227401,230146,9,2745,2,7200,1.00327868852
227444,229997,231833,2553,1836,1,1800,2.39052287582
227465,227475,230463,10,2988,2,7200,1.00334672021
227489,227499,229471,10,1972,2,7200,1.00507099391
227558,227569,230356,11,2787,2,7200,1.0039468963
227586,227596,230422,10,2826,2,7200,1.00353857042
227691,227701,227729,10,28,2,7200,1.35714285714
227731,227740,230162,9,2422,2,7200,1.00371593724
227749,227758,230750,9,2992,2,7200,1.00300802139
227839,227848,230728,9,2880,2,7200,1.003125
228039,228047,228513,8,466,2,7200,1.01716738197
228084,228093,230773,9,2680,2,7200,1.00335820896
228211,228220,230842,9,2622,2,7200,1.00343249428
228213,228227,230736,14,2509,2,7200,1.00557991232
228228,228234,231234,6,3000,2,7200,1.002
228288,228297,228826,9,529,2,7200,1.01701323251
228303,228309,230935,6,2626,2,7200,1.00228484387
228354,228364,231102,10,2738,2,7200,1.00365230095
228409,228417,229721,8,1304,2,7200,1.00613496933
228424,228430,231256,6,2826,2,7200,1.00212314225
228517,228524,231231,7,2707,2,7200,1.00258588844
228547,228556,231167,9,2611,2,7200,1.00344695519
228735,228744,231483,9,2739,2,7200,1.00328587076
228828,228838,231272,10,2434,2,7200,1.00410846343
228852,228861,229398,9,537,2,7200,1.01675977654
228868,228874,231225,6,2351,2,7200,1.00255210549
228922,228931,231662,9,2731,2,7200,1.00329549616
229015,229024,230251,9,1227,2,7200,1.00733496333
229193,229203,232299,10,3096,2,7200,1.00322997416
229240,246081,282091,16841,36010,2,36000,1.46767564565
229265,229275,232117,10,2842,2,7200,1.00351864884
229305,229313,231880,8,2567,2,7200,1.00311647838
229332,229340,232325,8,2985,2,7200,1.002680067
229368,229379,229987,11,608,2,7200,1.01809210526
229392,229402,232073,10,2671,2,7200,1.00374391614
229407,229413,232357,6,2944,2,7200,1.00203804348
229473,229482,229987,9,505,2,7200,1.01782178218
229570,229577,232284,7,2707,2,7200,1.00258588844
229594,229604,232281,10,2677,2,7200,1.00373552484
229645,229655,231468,10,1813,2,7200,1.0055157198
229723,229733,232636,10,2903,2,7200,1.00344471237
229789,229798,230245,9,447,2,7200,1.02013422819
229835,229844,232475,9,2631,2,7200,1.00342075257
229892,229902,232902,10,3000,2,7200,1.00333333333
229989,230003,232737,14,2734,2,7200,1.00512070227
229990,230009,232402,19,2393,2,7200,1.00793982449
230032,230042,232741,10,2699,2,7200,1.00370507595
230098,294484,348506,64386,54022,2,54000,2.19184776573
230149,230158,230645,9,487,2,7200,1.01848049281
230164,230174,233182,10,3008,2,7200,1.00332446809
230213,230222,233274,9,3052,2,7200,1.00294888598
230228,230234,230761,6,527,2,7200,1.01138519924
230229,230241,232999,12,2758,2,7200,1.00435097897
230247,230257,232751,10,2494,2,7200,1.0040096231
230262,230268,232885,6,2617,2,7200,1.00229270157
230359,230367,233444,8,3077,2,7200,1.002599935
230425,230433,233348,8,2915,2,7200,1.00274442539
230465,230474,233376,9,2902,2,7200,1.00310130944
230648,230657,233656,9,2999,2,7200,1.00300100033
230730,230740,233563,10,2823,2,7200,1.00354233085
230745,230754,233203,9,2449,2,7200,1.00367496938
230760,230766,233332,6,2566,2,7200,1.00233826968
230775,230781,232493,6,1712,2,7200,1.0035046729
230777,230788,233272,11,2484,2,7200,1.00442834138
230843,230853,231319,10,466,2,7200,1.02145922747
230937,230946,233271,9,2325,2,7200,1.00387096774
231102,231113,232861,11,1748,2,7200,1.00629290618
231169,231178,231636,9,458,2,7200,1.01965065502
231226,231236,234339,10,3103,2,7200,1.00322268772
231241,231247,233996,6,2749,2,7200,1.00218261186
231243,231254,233859,11,2605,2,7200,1.00422264875
231257,231267,234113,10,2846,2,7200,1.00351370344
231273,231284,231899,11,615,2,7200,1.01788617886
231321,231330,234075,9,2745,2,7200,1.00327868852
231471,231479,234320,8,2841,2,7200,1.00281590989
231486,231494,233524,8,2030,2,7200,1.0039408867
231637,231647,234051,10,2404,2,7200,1.00415973378
231664,231673,233907,9,2234,2,7200,1.00402864816
231749,264735,291070,32986,26335,4,36000,2.25255363585
231808,295740,331776,63932,36036,4,36000,2.77411477411
231869,308347,344367,76478,36020,4,36000,3.12320932815
231881,231891,233360,10,1469,2,7200,1.00680735194
231902,231910,234611,8,2701,2,7200,1.00296186598
232074,232084,234730,10,2646,2,7200,1.00377928949
232119,232128,234979,9,2851,2,7200,1.00315678709
232209,308284,344623,76075,36339,6,61200,3.09348083326
232291,232298,233684,7,1386,2,7200,1.00505050505
232292,232304,234809,12,2505,2,7200,1.00479041916
232308,232314,234953,6,2639,2,7200,1.00227358848
232325,232336,234825,11,2489,2,7200,1.00441944556
232359,232369,233911,10,1542,2,7200,1.00648508431
232404,232414,234199,10,1785,2,7200,1.0056022409
232476,232486,235116,10,2630,2,7200,1.00380228137
232494,232504,234913,10,2409,2,7200,1.00415110004
232639,232647,235263,8,2616,2,7200,1.00305810398
232738,232755,235205,17,2450,2,7200,1.00693877551
232740,232748,235114,8,2366,2,7200,1.00338123415
232755,232762,233230,7,468,2,7200,1.01495726496
232863,232872,235752,9,2880,2,7200,1.003125
232887,232896,235597,9,2701,2,7200,1.00333209922
232902,232913,235467,11,2554,2,7200,1.00430696946
233002,233010,233483,8,473,2,7200,1.01691331924
233183,233196,236025,13,2829,2,7200,1.00459526334
233204,233214,235737,10,2523,2,7200,1.00396353547
233231,233241,236064,10,2823,2,7200,1.00354233085
233274,233282,236060,8,2778,2,7200,1.00287976962
233275,233289,236212,14,2923,2,7200,1.00478959973
233277,233294,233764,17,470,2,7200,1.03617021277
233311,233317,233423,6,106,2,3600,1.05660377358
233334,233343,235876,9,2533,2,7200,1.00355309909
233349,233359,236338,10,2979,2,7200,1.00335683115
233364,233372,236167,8,2795,2,7200,1.00286225403
233379,233388,233839,9,451,2,7200,1.0199556541
233445,233455,236191,10,2736,2,7200,1.00365497076
233484,233495,236456,11,2961,2,7200,1.00371496116
233526,233535,236603,9,3068,2,7200,1.00293350717
233566,233574,235823,8,2249,2,7200,1.00355713651
233659,233667,236219,8,2552,2,7200,1.00313479624
233686,233695,235637,9,1942,2,7200,1.00463439753
233768,233776,234237,8,461,2,7200,1.01735357918
233840,233850,236703,10,2853,2,7200,1.00350508237
233861,233870,234339,9,469,2,7200,1.01918976546
233910,233918,236536,8,2618,2,7200,1.00305576776
233925,233931,236580,6,2649,2,7200,1.00226500566
233997,234007,234496,10,489,2,7200,1.02044989775
234054,234062,236903,8,2841,2,7200,1.00281590989
234078,234086,234736,8,650,2,7200,1.01230769231
234114,234124,236327,10,2203,2,7200,1.00453926464
234202,234210,237072,8,2862,2,7200,1.00279524808
234238,234248,236723,10,2475,2,7200,1.00404040404
234322,234332,237249,10,2917,2,7200,1.00342817964
234341,234350,236691,9,2341,2,7200,1.00384451089
234342,234356,237429,14,3073,2,7200,1.00455580866
234499,234507,236604,8,2097,2,7200,1.00381497377
234607,234622,237370,15,2748,2,7200,1.00545851528
234728,234741,235218,13,477,2,7200,1.02725366876
234743,234749,237465,6,2716,2,7200,1.00220913108
234813,234821,236515,8,1694,2,7200,1.00472255018
234827,234836,236996,9,2160,2,7200,1.00416666667
234916,234924,237838,8,2914,2,7200,1.00274536719
234955,234964,237720,9,2756,2,7200,1.00326560232
234983,234991,237659,8,2668,2,7200,1.00299850075
235116,235125,237638,9,2513,2,7200,1.00358137684
235117,235132,236728,15,1596,2,7200,1.00939849624
235208,235216,236656,8,1440,2,7200,1.00555555556
235223,235229,238221,6,2992,2,7200,1.00200534759
235265,235274,237180,9,1906,2,7200,1.00472193075
235456,235463,236006,7,543,1,14400,1.01289134438
235467,235478,237970,11,2492,2,7200,1.0044141252
235600,235608,238399,8,2791,2,7200,1.00286635614
235639,235648,238245,9,2597,2,7200,1.00346553716
235739,235748,238617,9,2869,2,7200,1.00313698153
235754,235763,236433,9,670,2,7200,1.01343283582
235826,235834,238773,8,2939,2,7200,1.00272201429
235877,235887,238734,10,2847,2,7200,1.00351246927
236028,236037,239043,9,3006,2,7200,1.00299401198
236061,236071,238890,10,2819,2,7200,1.00354735722
236076,236082,236672,6,590,2,7200,1.01016949153
236170,236179,238961,9,2782,2,7200,1.00323508267
236194,236202,238992,8,2790,2,7200,1.00286738351
236215,236224,238726,9,2502,2,7200,1.0035971223
236229,236236,239118,7,2882,2,7200,1.00242886884
236329,236339,239182,10,2843,2,7200,1.00351741119
236331,303985,304852,67654,867,2,43200,79.032295271
236344,236350,236816,6,466,2,7200,1.01287553648
236435,236445,239175,10,2730,2,7200,1.00366300366
236459,236468,238963,9,2495,2,7200,1.00360721443
236516,236526,238490,10,1964,2,7200,1.00509164969
236537,236547,239289,10,2742,2,7200,1.00364697301
236582,236591,237054,9,463,2,7200,1.01943844492
236607,236614,239586,7,2972,2,7200,1.00235531629
236608,236621,239492,13,2871,2,7200,1.00452803901
236656,236667,239318,11,2651,2,7200,1.00414937759
236674,236683,239397,9,2714,2,7200,1.00331613854
236692,236702,237345,10,643,2,7200,1.01555209953
236707,236715,239429,8,2714,2,7200,1.0029476787
236725,236734,238500,9,1766,2,7200,1.00509626274
236740,236746,238457,6,1711,2,7200,1.00350672122
236818,236827,239410,9,2583,2,7200,1.00348432056
236906,236915,240000,9,3085,2,7200,1.00291734198
236999,237008,237461,9,453,2,7200,1.01986754967
237009,308353,312512,71344,4159,2,43200,18.1541235874
237057,237065,239704,8,2639,2,7200,1.00303145131
237075,237083,237543,8,460,2,7200,1.01739130435
237096,308358,311391,71262,3033,2,43200,24.4955489614
237183,237191,240084,8,2893,2,7200,1.00276529554
237250,237260,240149,10,2889,2,7200,1.00346140533
237346,237356,239860,10,2504,2,7200,1.00399361022
237370,237381,239748,11,2367,2,7200,1.00464723278
237431,237440,240337,9,2897,2,7200,1.00310666206
237464,237472,239851,8,2379,2,7200,1.00336275746
237479,237485,240431,6,2946,2,7200,1.00203665988
237545,237554,239932,9,2378,2,7200,1.00378469302
237639,237649,238895,10,1246,2,7200,1.00802568218
237660,237670,240546,10,2876,2,7200,1.00347705146
237723,237731,240659,8,2928,2,7200,1.00273224044
237841,237849,239355,8,1506,2,7200,1.00531208499
237973,237981,240466,8,2485,2,7200,1.0032193159
238224,238232,240992,8,2760,2,7200,1.00289855072
238248,238257,241234,9,2977,2,7200,1.0030231777
238401,238410,240887,9,2477,2,7200,1.00363342753
238458,238468,240978,10,2510,2,7200,1.00398406375
238491,238501,238996,10,495,2,7200,1.0202020202
238506,238512,241554,6,3042,2,7200,1.00197238659
238618,238628,241199,10,2571,2,7200,1.00388953715
238726,238737,241358,11,2621,2,7200,1.00419687142
238741,238748,241099,7,2351,2,7200,1.0029774564
238774,238785,241640,11,2855,2,7200,1.00385288967
238892,238902,240044,10,1142,2,7200,1.00875656743
238909,238915,239412,6,497,2,7200,1.01207243461
238963,238979,241960,16,2981,2,7200,1.0053673264
238964,238972,241854,8,2882,2,7200,1.0027758501
238995,239004,241757,9,2753,2,7200,1.00326916092
239010,239016,241733,6,2717,2,7200,1.002208318
239046,239055,242083,9,3028,2,7200,1.00297225892
239122,239129,242127,7,2998,2,7200,1.00233488993
239176,239186,239665,10,479,2,7200,1.02087682672
239191,239197,241870,6,2673,2,7200,1.00224466891
239290,239301,241926,11,2625,2,7200,1.00419047619
239321,239329,241665,8,2336,2,7200,1.00342465753
239357,239366,242081,9,2715,2,7200,1.00331491713
239399,239409,240045,10,636,2,7200,1.01572327044
239414,239421,242126,7,2705,2,7200,1.00258780037
239415,239428,242122,13,2694,2,7200,1.00482553823
239430,239440,242270,10,2830,2,7200,1.0035335689
239494,239504,242579,10,3075,2,7200,1.00325203252
239587,239597,242594,10,2997,2,7200,1.00333667
239666,239676,241610,10,1934,2,7200,1.00517063082
239705,239715,242396,10,2681,2,7200,1.00372995151
239751,239760,241224,9,1464,2,7200,1.00614754098
239854,239862,240304,8,442,2,7200,1.01809954751
239869,239875,241990,6,2115,2,7200,1.00283687943
239932,239943,241764,11,1821,2,7200,1.00604063701
240001,240012,243051,11,3039,2,7200,1.00361961171
240047,240055,242440,8,2385,2,7200,1.00335429769
240048,240061,240738,13,677,2,7200,1.01920236337
240087,240095,242795,8,2700,2,7200,1.00296296296
240151,240160,243049,9,2889,2,7200,1.0031152648
240307,240316,243139,9,2823,2,7200,1.00318809777
240338,240348,240933,10,585,2,7200,1.01709401709
240434,240442,243008,8,2566,2,7200,1.00311769291
240467,240477,240990,10,513,2,7200,1.01949317739
240549,240557,241720,8,1163,2,7200,1.00687876182
240660,240670,243644,10,2974,2,7200,1.00336247478
240739,240749,243631,10,2882,2,7200,1.00346981263
240889,240898,243349,9,2451,2,7200,1.00367197062
240934,240944,243820,10,2876,2,7200,1.00347705146
240980,240989,243607,9,2618,2,7200,1.00343773873
240995,241001,242671,6,1670,2,7200,1.00359281437
240996,241007,243849,11,2842,2,7200,1.00387051372
241102,241110,243650,8,2540,2,7200,1.0031496063
241201,241210,244175,9,2965,2,7200,1.00303541315
241225,241235,241785,10,550,2,7200,1.01818181818
241240,241246,242530,6,1284,2,7200,1.0046728972
241361,241369,241831,8,462,2,7200,1.01731601732
241554,241565,244216,11,2651,2,7200,1.00414937759
241611,241621,244552,10,2931,2,7200,1.00341180484
241641,241651,243976,10,2325,2,7200,1.00430107527
241668,241677,244219,9,2542,2,7200,1.00354051928
241723,241731,243943,8,2212,2,7200,1.00361663653
241737,241744,242389,7,645,2,7200,1.01085271318
241758,241768,244521,10,2753,2,7200,1.00363240102
241773,241779,244368,6,2589,2,7200,1.0023174971
241788,241797,242307,9,510,2,7200,1.01764705882
241833,241843,244413,10,2570,2,7200,1.00389105058
241857,241865,244674,8,2809,2,7200,1.00284798861
241872,241881,244782,9,2901,2,7200,1.00310237849
241926,241938,244432,12,2494,2,7200,1.00481154771
241963,241971,244745,8,2774,2,7200,1.00288392213
241993,242001,244145,8,2144,2,7200,1.00373134328
242084,242092,244946,8,2854,2,7200,1.00280308339
242085,242099,243733,14,1634,2,7200,1.00856793146
242125,242134,245146,9,3012,2,7200,1.00298804781
242140,242146,245057,6,2911,2,7200,1.00206114737
242141,242152,243391,11,1239,2,7200,1.00887812752
242274,242282,242885,8,603,2,7200,1.01326699834
242293,263212,292502,20919,29290,1,86400,1.71420279959
242310,242319,245069,9,2750,2,7200,1.00327272727
242391,242400,243291,9,891,2,7200,1.0101010101
242392,278739,292424,36347,13685,1,86400,3.65597369383
242406,242413,245240,7,2827,2,7200,1.0024761231
242443,242451,242940,8,489,2,7200,1.0163599182
242530,242541,244738,11,2197,2,7200,1.00500682749
242581,242591,245270,10,2679,2,7200,1.0037327361
242597,242605,243117,8,512,2,7200,1.015625
242672,242682,245257,10,2575,2,7200,1.00388349515
242796,242806,245663,10,2857,2,7200,1.00350017501
242887,242896,245835,9,2939,2,7200,1.00306226608
242941,242951,245584,10,2633,2,7200,1.00379794911
243010,243019,245763,9,2744,2,7200,1.00327988338
243053,243061,243620,8,559,2,7200,1.01431127013
243054,243067,246009,13,2942,2,7200,1.00441876275
243118,243128,245929,10,2801,2,7200,1.00357015352
243142,243150,245660,8,2510,2,7200,1.003187251
243292,243302,246507,10,3205,2,7200,1.0031201248
243350,243360,246350,10,2990,2,7200,1.00334448161
243392,243402,246105,10,2703,2,7200,1.00369959304
243609,243618,246454,9,2836,2,7200,1.00317348378
243624,243631,244084,7,453,2,7200,1.01545253863
243639,243645,246057,6,2412,2,7200,1.00248756219
243654,243660,246168,6,2508,2,7200,1.0023923445
243656,243667,246342,11,2675,2,7200,1.00411214953
243734,243744,246541,10,2797,2,7200,1.00357525921
243821,243831,246547,10,2716,2,7200,1.00368188513
243851,243860,245867,9,2007,2,7200,1.00448430493
243945,243954,244420,9,466,2,7200,1.01931330472
243978,243988,244448,10,460,2,7200,1.02173913043
244087,244095,244575,8,480,2,7200,1.01666666667
244147,244156,246828,9,2672,2,7200,1.00336826347
244177,244186,247175,9,2989,2,7200,1.00301104048
244220,244227,247202,7,2975,2,7200,1.00235294118
244221,244234,246926,13,2692,2,7200,1.00482912333
244369,244379,246519,10,2140,2,7200,1.0046728972
244414,244424,247263,10,2839,2,7200,1.00352236703
244429,244435,245848,6,1413,2,7200,1.0042462845
244444,244450,247155,6,2705,2,7200,1.0022181146
244459,244465,244930,6,465,2,7200,1.01290322581
244522,244532,247271,10,2739,2,7200,1.00365096751
244555,244564,247478,9,2914,2,7200,1.00308853809
244576,244586,247258,10,2672,2,7200,1.00374251497
244676,244685,247663,9,2978,2,7200,1.00302216253
244739,244749,247711,10,2962,2,7200,1.00337609723
244754,244760,245291,6,531,2,7200,1.01129943503
244784,244793,245275,9,482,2,7200,1.01867219917
244932,244941,247696,9,2755,2,7200,1.00326678766
244950,244957,245440,7,483,2,7200,1.01449275362
245053,256918,303935,11865,47017,1,72000,1.25235553098
245058,245068,248053,10,2985,2,7200,1.00335008375
245073,245081,245575,8,494,2,7200,1.01619433198
245148,245157,247674,9,2517,2,7200,1.00357568534
245242,245251,245851,9,600,2,7200,1.015
245260,245268,246642,8,1374,2,7200,1.0058224163
245275,245281,247936,6,2655,2,7200,1.00225988701
245290,245296,248392,6,3096,2,7200,1.0019379845
245305,245311,247869,6,2558,2,7200,1.00234558249
245443,245451,248158,8,2707,2,7200,1.00295530107
245576,245586,248171,10,2585,2,7200,1.00386847195
245591,245597,248331,6,2734,2,7200,1.00219458669
245664,245674,248316,10,2642,2,7200,1.00378501136
245665,245680,247834,15,2154,2,7200,1.0069637883
245765,245774,248316,9,2542,2,7200,1.00354051928
245837,245847,247965,10,2118,2,7200,1.00472143532
245853,245859,248585,6,2726,2,7200,1.00220102715
245854,245865,248350,11,2485,2,7200,1.00442655936
245869,245878,248456,9,2578,2,7200,1.00349107836
245900,252230,252239,6330,9,2,3540,633.9
245932,245940,248529,8,2589,2,7200,1.00308999614
246011,246020,248406,9,2386,2,7200,1.00377200335
246059,246068,248541,9,2473,2,7200,1.00363930449
246107,246116,248695,9,2579,2,7200,1.0034897247
246171,246179,248647,8,2468,2,7200,1.00324149109
246343,246353,248577,10,2224,2,7200,1.00449640288
246358,246364,249105,6,2741,2,7200,1.00218898212
246457,246466,249452,9,2986,2,7200,1.00301406564
246509,246519,249538,10,3019,2,7200,1.00331235508
246524,246530,249246,6,2716,2,7200,1.00220913108
246542,246552,247048,10,496,2,7200,1.02016129032
246557,246563,247028,6,465,2,7200,1.01290322581
246644,246653,247114,9,461,2,7200,1.01952277657
246831,246839,247976,8,1137,2,7200,1.00703605981
246927,246938,249803,11,2865,2,7200,1.00383944154
247030,247039,249806,9,2767,2,7200,1.00325262017
247051,247060,249758,9,2698,2,7200,1.0033358043
247115,247125,248442,10,1317,2,7200,1.00759301443
247157,247166,250042,9,2876,2,7200,1.00312934631
247178,247186,250067,8,2881,2,7200,1.00277681361
247205,247213,247770,8,557,2,7200,1.01436265709
247259,247269,250187,10,2918,2,7200,1.0034270048
247274,247280,249822,6,2542,2,7200,1.00236034618
247276,247287,247753,11,466,2,7200,1.02360515021
247480,247489,248051,9,562,2,7200,1.01601423488
247665,247674,248186,9,512,2,7200,1.017578125
247680,247685,250039,5,2354,2,7200,1.00212404418
247697,247707,248175,10,468,2,7200,1.02136752137
247712,247722,250545,10,2823,2,7200,1.00354233085
247755,247764,250798,9,3034,2,7200,1.00296638102
247773,247782,248251,9,469,2,7200,1.01918976546
247836,247845,250717,9,2872,2,7200,1.00313370474
247872,247880,250523,8,2643,2,7200,1.00302686341
247938,247948,250826,10,2878,2,7200,1.00347463516
247968,247976,251090,8,3114,2,7200,1.00256904303
247983,247990,250347,7,2357,2,7200,1.00296987696
248053,248062,250562,9,2500,2,7200,1.0036
248067,248073,250059,6,1986,2,7200,1.00302114804
248161,248169,250870,8,2701,2,7200,1.00296186598
248176,248182,249591,6,1409,2,7200,1.00425833925
248178,248189,250164,11,1975,2,7200,1.00556962025
248193,248199,249720,6,1521,2,7200,1.00394477318
248253,248262,250708,9,2446,2,7200,1.0036794767
248320,248327,248777,7,450,2,7200,1.01555555556
248321,248332,251029,11,2697,2,7200,1.00407860586
248336,248342,248805,6,463,2,7200,1.01295896328
248351,248361,250654,10,2293,2,7200,1.004361099
248393,248403,248921,10,518,2,7200,1.01930501931
248409,248418,251154,9,2736,2,7200,1.00328947368
248445,248453,249508,8,1055,2,7200,1.00758293839
248460,248467,251110,7,2643,2,7200,1.00264850549
248532,248540,251602,8,3062,2,7200,1.00261267146
248547,248553,251221,6,2668,2,7200,1.00224887556
248580,248588,249083,8,495,2,7200,1.01616161616
248595,248601,251177,6,2576,2,7200,1.00232919255
248649,248658,251085,9,2427,2,7200,1.00370828183
248698,248707,251599,9,2892,2,7200,1.0031120332
248779,248788,251720,9,2932,2,7200,1.00306957708
248806,248816,251853,10,3037,2,7200,1.00329272308
248924,248933,251532,9,2599,2,7200,1.00346287033
249084,249094,250680,10,1586,2,7200,1.00630517024
249108,249117,251692,9,2575,2,7200,1.00349514563
249247,249258,251080,11,1822,2,7200,1.00603732162
249455,249463,251888,8,2425,2,7200,1.00329896907
249509,249519,252460,10,2941,2,7200,1.00340020401
249539,249550,252050,11,2500,2,7200,1.0044
249593,249602,252406,9,2804,2,7200,1.00320970043
249723,249731,252551,8,2820,2,7200,1.00283687943
249756,249769,252571,13,2802,2,7200,1.00463954318
249805,249814,252785,9,2971,2,7200,1.00302928307
249819,249826,252698,7,2872,2,7200,1.00243732591
249834,249840,252348,6,2508,2,7200,1.0023923445
250043,250050,252780,7,2730,2,7200,1.00256410256
250044,250057,252746,13,2689,2,7200,1.00483451097
250062,250070,253047,8,2977,2,7200,1.00268726906
250077,250083,252779,6,2696,2,7200,1.00222551929
250164,250175,252982,11,2807,2,7200,1.00391877449
250188,250198,252837,10,2639,2,7200,1.00378931413
250349,250358,252644,9,2286,2,7200,1.00393700787
250527,250534,251124,7,590,2,7200,1.01186440678
250548,250556,253574,8,3018,2,7200,1.00265076209
250563,250573,253206,10,2633,2,7200,1.00379794911
250656,250665,251253,9,588,2,7200,1.01530612245
250684,250692,253167,8,2475,2,7200,1.00323232323
250711,250719,253496,8,2777,2,7200,1.00288080663
250726,250732,253608,6,2876,2,7200,1.00208623088
250801,250809,253480,8,2671,2,7200,1.00299513291
250828,250837,253328,9,2491,2,7200,1.00361300682
250870,250881,251376,11,495,2,7200,1.02222222222
251030,251041,253855,11,2814,2,7200,1.0039090263
251081,251091,254279,10,3188,2,7200,1.00313676286
251096,251103,253668,7,2565,2,7200,1.00272904483
251098,251110,251569,12,459,2,7200,1.02614379085
251115,251121,253001,6,1880,2,7200,1.00319148936
251130,251135,252766,5,1631,2,7200,1.00306560392
251157,251165,253775,8,2610,2,7200,1.0030651341
251178,251188,253861,10,2673,2,7200,1.00374111485
251223,251232,254031,9,2799,2,7200,1.00321543408
251256,251264,253621,8,2357,2,7200,1.0033941451
251380,251388,253792,8,2404,2,7200,1.00332778702
251467,252263,252421,796,158,1,1200,6.03797468354
251468,252235,252433,767,198,1,1200,4.87373737374
251468,252248,252839,780,591,1,1200,2.31979695431
251472,252253,252651,781,398,1,1200,2.96231155779
251472,252268,253509,796,1241,1,1200,1.64141821112
251473,252242,252432,769,190,1,1200,5.04736842105
251533,251543,254104,10,2561,2,7200,1.00390472472
251570,251580,253543,10,1963,2,7200,1.0050942435
251603,251610,254564,7,2954,2,7200,1.00236966825
251605,251617,254293,12,2676,2,7200,1.00448430493
251695,251704,254344,9,2640,2,7200,1.00340909091
251722,251731,254177,9,2446,2,7200,1.0036794767
251855,251865,254285,10,2420,2,7200,1.0041322314
251891,251899,254654,8,2755,2,7200,1.00290381125
252053,252062,254713,9,2651,2,7200,1.0033949453
252352,252359,254344,7,1985,2,7200,1.00352644836
252410,252417,255403,7,2986,2,7200,1.00234427328
252462,252471,255520,9,3049,2,7200,1.00295178747
252554,252562,255156,8,2594,2,7200,1.00308404009
252574,252582,253218,8,636,2,7200,1.01257861635
252647,252655,255555,8,2900,2,7200,1.00275862069
252702,252710,253162,8,452,2,7200,1.01769911504
252748,252758,255248,10,2490,2,7200,1.00401606426
252769,252777,255388,8,2611,2,7200,1.00306396017
252785,252791,255706,6,2915,2,7200,1.00205831904
252786,252798,256194,12,3396,2,7200,1.0035335689
252788,252804,255707,16,2903,2,7200,1.00551153979
252840,252848,253468,8,620,2,7200,1.01290322581
252985,252994,255862,9,2868,2,7200,1.00313807531
253003,253012,253493,9,481,2,7200,1.01871101871
253048,253058,255752,10,2694,2,7200,1.00371195249
253163,253173,255890,10,2717,2,7200,1.00368053
253177,253184,255296,7,2112,2,7200,1.00331439394
253208,253217,256274,9,3057,2,7200,1.00294406281
253222,253228,256143,6,2915,2,7200,1.00205831904
253331,253339,253789,8,450,2,7200,1.01777777778
253470,253479,256363,9,2884,2,7200,1.00312066574
253485,253491,253992,6,501,2,7200,1.0119760479
253500,253506,256092,6,2586,2,7200,1.00232018561
253501,253513,256518,12,3005,2,7200,1.00399334443
253546,253554,256313,8,2759,2,7200,1.0028996013
253576,253585,256490,9,2905,2,7200,1.00309810671
253609,253619,255096,10,1477,2,7200,1.0067704807
253624,253632,255754,8,2122,2,7200,1.00377002828
253670,253679,255861,9,2182,2,7200,1.00412465628
253778,253786,256476,8,2690,2,7200,1.0029739777
253793,253800,254855,7,1055,2,7200,1.00663507109
253795,253806,255143,11,1337,2,7200,1.00822737472
253858,253867,256881,9,3014,2,7200,1.00298606503
253873,253879,256540,6,2661,2,7200,1.00225479143
253994,254003,256766,9,2763,2,7200,1.00325732899
254033,254043,255018,10,975,2,7200,1.01025641026
254106,254116,254788,10,672,2,7200,1.01488095238
254178,254188,256885,10,2697,2,7200,1.00370782351
254281,254290,256767,9,2477,2,7200,1.00363342753
254296,254302,256871,6,2569,2,7200,1.00233553912
254298,254309,254782,11,473,2,7200,1.02325581395
254346,254356,255394,10,1038,2,7200,1.00963391137
254348,254362,256731,14,2369,2,7200,1.00590966653
254565,254575,257326,10,2751,2,7200,1.0036350418
254656,254666,257465,10,2799,2,7200,1.00357270454
254716,254724,257258,8,2534,2,7200,1.00315706393
254785,254793,257362,8,2569,2,7200,1.00311405216
254800,254806,257544,6,2738,2,7200,1.00219138057
254857,254866,255419,9,553,2,7200,1.01627486438
255020,255029,255920,9,891,2,7200,1.0101010101
255098,255107,257355,9,2248,2,7200,1.00400355872
255146,255154,257205,8,2051,2,7200,1.00390053632
255161,255167,258029,6,2862,2,7200,1.00209643606
255249,255259,257723,10,2464,2,7200,1.00405844156
255297,255307,255781,10,474,2,7200,1.02109704641
255390,255399,258092,9,2693,2,7200,1.00334199777
255406,255412,256062,6,650,2,7200,1.00923076923
255407,255419,258272,12,2853,2,7200,1.00420609884
255414,255860,255868,446,8,1,3300,45.4
255422,255433,257869,11,2436,2,7200,1.00451559934
255521,255531,258098,10,2567,2,7200,1.00389559797
255558,255566,258142,8,2576,2,7200,1.00310559006
255709,255718,258252,9,2534,2,7200,1.00355169692
255710,255723,256422,13,699,2,7200,1.01859799714
255756,255763,258963,7,3200,2,7200,1.0021875
255757,255770,258821,13,3051,2,7200,1.00426089807
255784,255792,258061,8,2269,2,7200,1.00352578228
255863,255872,257721,9,1849,2,7200,1.00486749594
255864,255879,258562,15,2683,2,7200,1.00559075662
255891,255901,258604,10,2703,2,7200,1.00369959304
255922,255931,258984,9,3053,2,7200,1.00294792008
256063,256074,258710,11,2636,2,7200,1.00417298938
256093,256104,258917,11,2813,2,7200,1.00391041593
256145,256154,258640,9,2486,2,7200,1.00362027353
256196,256205,258218,9,2013,2,7200,1.0044709389
256274,256285,258933,11,2648,2,7200,1.00415407855
256314,256324,258975,10,2651,2,7200,1.00377216145
256365,256374,259228,9,2854,2,7200,1.00315346882
256425,256433,256939,8,506,2,7200,1.01581027668
256479,256487,256956,8,469,2,7200,1.0170575693
256494,256501,259160,7,2659,2,7200,1.00263256863
256521,256530,259087,9,2557,2,7200,1.00351974971
256528,256691,256696,163,5,1,3000,16.8
256542,256552,259406,10,2854,2,7200,1.00350385424
256732,256742,257252,10,510,2,7200,1.01960784314
256768,256784,259998,16,3214,2,7200,1.00497822029
256770,256777,259547,7,2770,2,7200,1.00252707581
256831,256838,256839,7,1,1,240,1.0
256873,256884,259054,11,2170,2,7200,1.00506912442
256888,256894,257393,6,499,2,7200,1.0120240481
256889,256900,257883,11,983,2,7200,1.01119023398
256941,256950,257685,9,735,2,7200,1.01224489796
256954,278393,278769,21439,376,2,3000,58.0186170213
256959,256967,259547,8,2580,2,7200,1.00310077519
257206,257216,260341,10,3125,2,7200,1.0032
257254,257263,260235,9,2972,2,7200,1.0030282638
257269,257275,259859,6,2584,2,7200,1.00232198142
257276,278781,278877,21505,96,2,3000,225.010416667
257326,257337,259790,11,2453,2,7200,1.00448430493
257356,257367,259941,11,2574,2,7200,1.00427350427
257371,257377,258005,6,628,2,7200,1.00955414013
257395,257404,257862,9,458,2,7200,1.01965065502
257447,280184,283524,22737,3340,1,3300,7.80748502994
257468,257476,260356,8,2880,2,7200,1.00277777778
257546,257555,259725,9,2170,2,7200,1.00414746544
257603,280150,280163,22547,13,1,600,1735.38461538
257609,280178,280179,22569,1,1,3000,2257.0
257688,257696,260306,8,2610,2,7200,1.0030651341
257724,257733,260898,9,3165,2,7200,1.0028436019
257725,257740,258188,15,448,2,7200,1.03348214286
257865,257874,260656,9,2782,2,7200,1.00323508267
257879,257886,260922,7,3036,2,7200,1.00230566535
257894,257900,260222,6,2322,2,7200,1.00258397933
258006,258016,260719,10,2703,2,7200,1.00369959304
258030,258040,260948,10,2908,2,7200,1.00343878955
258063,258072,260895,9,2823,2,7200,1.00318809777
258093,258103,260937,10,2834,2,7200,1.00352858151
258108,258114,260675,6,2561,2,7200,1.00234283483
258144,258153,260938,9,2785,2,7200,1.00323159785
258190,258199,261118,9,2919,2,7200,1.00308324769
258220,258229,261143,9,2914,2,7200,1.00308853809
258253,258263,261254,10,2991,2,7200,1.00334336342
258274,258283,260754,9,2471,2,7200,1.0036422501
258564,258573,261100,9,2527,2,7200,1.00356153542
258606,258615,261355,9,2740,2,7200,1.00328467153
258643,258652,261506,9,2854,2,7200,1.00315346882
258712,258721,259207,9,486,2,7200,1.01851851852
258824,258832,260042,8,1210,2,7200,1.00661157025
258925,258931,261560,6,2629,2,7200,1.00228223659
258941,258947,261718,6,2771,2,7200,1.00216528329
258965,258974,261859,9,2885,2,7200,1.00311958406
258980,258986,261744,6,2758,2,7200,1.00217548949
258995,259001,262059,6,3058,2,7200,1.00196206671
259056,259066,261870,10,2804,2,7200,1.00356633381
259089,259098,262049,9,2951,2,7200,1.00304981362
259162,259172,261864,10,2692,2,7200,1.00371471025
259211,259218,261961,7,2743,2,7200,1.00255195042
259229,259239,260954,10,1715,2,7200,1.00583090379
259407,259418,261985,11,2567,2,7200,1.00428515777
259549,259559,262743,10,3184,2,7200,1.00314070352
259551,259565,262485,14,2920,2,7200,1.00479452055
259726,259736,261667,10,1931,2,7200,1.0051786639
259792,259801,262202,9,2401,2,7200,1.00374843815
259863,259870,262885,7,3015,2,7200,1.00232172471
259942,259952,262367,10,2415,2,7200,1.00414078675
260001,260010,262476,9,2466,2,7200,1.00364963504
260043,260053,263012,10,2959,2,7200,1.00337952011
260225,260233,262902,8,2669,2,7200,1.00299737729
260240,260246,260693,6,447,2,7200,1.01342281879
260309,260317,263380,8,3063,2,7200,1.00261181848
260343,260352,261089,9,737,2,7200,1.01221166893
260357,260367,262081,10,1714,2,7200,1.00583430572
260363,280119,280453,19756,334,1,900,60.1497005988
260363,279902,280138,19539,236,4,900,83.7923728814
260363,279443,279824,19080,381,2,900,51.0787401575
260364,278890,279156,18526,266,2,900,70.6466165414
260364,292650,293582,32286,932,16,900,35.6416309013
260364,278929,279204,18565,275,8,900,68.5090909091
260364,279506,279890,19142,384,4,900,50.8489583333
260365,278388,278708,18023,320,8,900,57.321875
260365,300781,301731,40416,950,64,900,43.5431578947
260365,291694,292638,31329,944,16,900,34.1875
260365,296204,297137,35839,933,32,900,39.4126473741
260366,294320,295247,33954,927,32,900,37.6278317152
260366,301743,302676,41377,933,64,900,45.3483386924
260375,279837,280107,19462,270,2,900,73.0814814815
260376,280124,280543,19748,419,1,900,48.1312649165
260376,279222,279493,18846,271,8,900,70.5424354244
260376,279173,279430,18797,257,2,900,74.140077821
260376,279912,280152,19536,240,4,900,82.4
260377,279511,279899,19134,388,4,900,50.3144329897
260377,293375,294308,32998,933,16,900,36.3676312969
260377,297149,298082,36772,933,32,900,40.4126473741
260377,278720,278917,18343,197,8,900,94.1116751269
260378,295263,296192,34885,929,32,900,38.5511302476
260378,292440,293363,32062,923,16,900,35.7367280607
260378,302688,303621,42310,933,64,900,46.3483386924
260379,303633,304566,43254,933,64,900,47.3601286174
260659,260667,262409,8,1742,2,7200,1.0045924225
260677,260687,263551,10,2864,2,7200,1.00349162011
260695,260704,263519,9,2815,2,7200,1.00319715808
260722,260730,263184,8,2454,2,7200,1.0032599837
260755,260765,263878,10,3113,2,7200,1.00321233537
260897,260906,263278,9,2372,2,7200,1.00379426644
260912,260918,263567,6,2649,2,7200,1.00226500566
260927,260933,263643,6,2710,2,7200,1.00221402214
260942,260948,262647,6,1699,2,7200,1.00353148911
260944,260955,261533,11,578,2,7200,1.01903114187
260959,260965,263973,6,3008,2,7200,1.00199468085
260960,260971,263058,11,2087,2,7200,1.00527072353
261090,261100,264328,10,3228,2,7200,1.00309789343
261105,261111,263697,6,2586,2,7200,1.00232018561
261120,261129,261787,9,658,2,7200,1.01367781155
261144,261154,264192,10,3038,2,7200,1.00329163924
261256,261265,264152,9,2887,2,7200,1.00311742293
261358,261366,263962,8,2596,2,7200,1.0030816641
261509,261517,264224,8,2707,2,7200,1.00295530107
261533,261544,263692,11,2148,2,7200,1.00512104283
261564,261572,264064,8,2492,2,7200,1.00321027287
261669,261678,264399,9,2721,2,7200,1.0033076075
261720,261730,264388,10,2658,2,7200,1.00376222724
261748,261755,262895,7,1140,2,7200,1.00614035088
261790,261799,264964,9,3165,2,7200,1.0028436019
261862,261871,263285,9,1414,2,7200,1.00636492221
261877,261884,262392,7,508,2,7200,1.01377952756
261879,261890,264497,11,2607,2,7200,1.00421940928
261963,261973,264881,10,2908,2,7200,1.00343878955
261987,261996,264945,9,2949,2,7200,1.00305188199
262051,262060,264822,9,2762,2,7200,1.00325850833
262065,262071,262557,6,486,2,7200,1.01234567901
262083,262092,263192,9,1100,2,7200,1.00818181818
262204,262213,264227,9,2014,2,7200,1.00446871897
262370,262378,264413,8,2035,2,7200,1.00393120393
262394,262403,265479,9,3076,2,7200,1.00292587776
262412,262420,265341,8,2921,2,7200,1.00273878809
262479,262487,265318,8,2831,2,7200,1.00282585659
262494,262500,262958,6,458,2,7200,1.01310043668
262560,262568,265106,8,2538,2,7200,1.00315208826
262648,262658,265189,10,2531,2,7200,1.00395100751
262744,262754,265822,10,3068,2,7200,1.00325945241
262886,262896,265615,10,2719,2,7200,1.00367782273
262901,262908,264697,7,1789,2,7200,1.00391280045
262916,262922,265608,6,2686,2,7200,1.00223380491
262958,262969,265574,11,2605,2,7200,1.00422264875
263013,263023,265423,10,2400,2,7200,1.00416666667
263061,263069,265855,8,2786,2,7200,1.00287150036
263184,263195,265918,11,2723,2,7200,1.00403966214
263199,263206,266115,7,2909,2,7200,1.0024063252
263281,263289,266328,8,3039,2,7200,1.00263244488
263295,263302,266051,7,2749,2,7200,1.0025463805
263383,263391,266411,8,3020,2,7200,1.00264900662
263523,263530,264080,7,550,2,7200,1.01272727273
263553,263562,266570,9,3008,2,7200,1.00299202128
263568,263578,266310,10,2732,2,7200,1.00366032211
263646,263655,266730,9,3075,2,7200,1.00292682927
263694,263703,266458,9,2755,2,7200,1.00326678766
263709,263716,264325,7,609,2,7200,1.01149425287
263881,263889,266530,8,2641,2,7200,1.00302915562
263963,263973,266294,10,2321,2,7200,1.00430848772
263978,263984,264449,6,465,2,7200,1.01290322581
264065,264075,266376,10,2301,2,7200,1.00434593655
264083,264091,267179,8,3088,2,7200,1.00259067358
264155,264164,266558,9,2394,2,7200,1.0037593985
264194,264203,267145,9,2942,2,7200,1.00305914344
264225,264235,264732,10,497,2,7200,1.02012072435
264239,264246,266816,7,2570,2,7200,1.00272373541
264327,264336,264793,9,457,2,7200,1.01969365427
264342,264348,266627,6,2279,2,7200,1.00263273366
264390,264399,267185,9,2786,2,7200,1.0032304379
264405,264412,267361,7,2949,2,7200,1.002373686
264420,264427,267433,7,3006,2,7200,1.00232867598
264450,264460,267020,10,2560,2,7200,1.00390625
264499,264508,267016,9,2508,2,7200,1.00358851675
264698,264708,265822,10,1114,2,7200,1.00897666068
264734,264744,267411,10,2667,2,7200,1.00374953131
264795,264804,267399,9,2595,2,7200,1.00346820809
264825,264833,267718,8,2885,2,7200,1.0027729636
264883,264892,267780,9,2888,2,7200,1.00311634349
264946,264956,267705,10,2749,2,7200,1.00363768643
264967,264976,267697,9,2721,2,7200,1.0033076075
265064,308834,319669,43770,10835,13,10800,5.03968620212
265109,265118,265607,9,489,2,7200,1.01840490798
265190,265200,268168,10,2968,2,7200,1.00336927224
265320,265330,268107,10,2777,2,7200,1.00360100828
265344,265353,268107,9,2754,2,7200,1.00326797386
265426,265434,268406,8,2972,2,7200,1.00269179004
265483,265491,268226,8,2735,2,7200,1.0029250457
265577,265585,267473,8,1888,2,7200,1.00423728814
265610,265618,268118,8,2500,2,7200,1.0032
265611,265625,268504,14,2879,2,7200,1.00486279958
265626,265632,268641,6,3009,2,7200,1.00199401795
265826,265863,268672,37,2809,2,7200,1.01317194731
265827,265869,268912,42,3043,2,7200,1.01380216891
265857,265875,268814,18,2939,2,7200,1.00612453215
265920,265929,268733,9,2804,2,7200,1.00320970043
266053,266062,268940,9,2878,2,7200,1.00312717165
266116,266126,268755,10,2629,2,7200,1.00380372765
266297,266306,266768,9,462,2,7200,1.01948051948
266312,266321,269210,9,2889,2,7200,1.0031152648
266330,266339,268953,9,2614,2,7200,1.00344299923
266379,266388,266837,9,449,2,7200,1.02004454343
266412,266423,268045,11,1622,2,7200,1.00678175092
266460,266469,267023,9,554,2,7200,1.01624548736
266533,266541,267025,8,484,2,7200,1.01652892562
266560,266569,269337,9,2768,2,7200,1.00325144509
266575,266581,269379,6,2798,2,7200,1.00214438885
266629,266638,268934,9,2296,2,7200,1.00391986063
266732,266741,267309,9,568,2,7200,1.01584507042
266771,266779,269426,8,2647,2,7200,1.00302228938
266819,266827,269798,8,2971,2,7200,1.00269269606
266840,266848,269911,8,3063,2,7200,1.00261181848
267019,267027,269557,8,2530,2,7200,1.00316205534
267034,267040,269787,6,2747,2,7200,1.00218420095
267035,267047,267548,12,501,2,7200,1.02395209581
267037,267053,269748,16,2695,2,7200,1.00593692022
267146,267156,269887,10,2731,2,7200,1.00366166239
267182,267190,268516,8,1326,2,7200,1.0060331825
267197,267203,270146,6,2943,2,7200,1.00203873598
267312,267321,270333,9,3012,2,7200,1.00298804781
267363,267372,267937,9,565,2,7200,1.01592920354
267402,267411,268815,9,1404,2,7200,1.00641025641
267417,267423,270035,6,2612,2,7200,1.00229709035
267436,267444,270198,8,2754,2,7200,1.00290486565
267475,267484,270134,9,2650,2,7200,1.00339622642
267550,267560,270355,10,2795,2,7200,1.00357781753
267698,267708,268158,10,450,2,7200,1.02222222222
267713,267720,270271,7,2551,2,7200,1.00274402195
267728,267734,270417,6,2683,2,7200,1.00223630265
267782,267792,269858,10,2066,2,7200,1.00484027106
267940,267948,270427,8,2479,2,7200,1.0032271077
267951,280155,280162,12204,7,1,3600,1221.1
268048,268056,268593,8,537,2,7200,1.01489757914
268109,268118,270639,9,2521,2,7200,1.0035700119
268110,268124,268587,14,463,2,7200,1.03023758099
268125,268132,270912,7,2780,2,7200,1.00251798561
268161,268169,270180,8,2011,2,7200,1.00397812034
268176,268182,270121,6,1939,2,7200,1.00309437855
268228,268239,271060,11,2821,2,7200,1.00389932648
268409,268417,270939,8,2522,2,7200,1.00317208565
268505,268515,269138,10,623,2,7200,1.01605136437
268520,268527,271097,7,2570,2,7200,1.00272373541
268590,268599,271521,9,2922,2,7200,1.00308008214
268605,268611,271865,6,3254,2,7200,1.00184388445
268644,268652,270774,8,2122,2,7200,1.00377002828
268674,268683,271238,9,2555,2,7200,1.00352250489
268735,268744,271576,9,2832,2,7200,1.0031779661
268759,268767,270996,8,2229,2,7200,1.00358905339
268816,268826,271467,10,2641,2,7200,1.00378644453
268818,268831,271365,13,2534,2,7200,1.00513022889
268914,268923,269367,9,444,2,7200,1.02027027027
268935,268946,271961,11,3015,2,7200,1.00364842454
268950,268956,271635,6,2679,2,7200,1.00223964166
268965,268971,269445,6,474,2,7200,1.01265822785
269140,269149,272106,9,2957,2,7200,1.0030436253
269213,269221,272172,8,2951,2,7200,1.00271094544
269339,269348,271987,9,2639,2,7200,1.00341038272
269370,269379,271522,9,2143,2,7200,1.00419972002
269385,269390,272169,5,2779,2,7200,1.00179920835
269427,269437,270545,10,1108,2,7200,1.00902527076
269448,269456,271919,8,2463,2,7200,1.00324807146
269560,269568,272526,8,2958,2,7200,1.00270453009
269750,269759,272595,9,2836,2,7200,1.00317348378
269789,269799,272516,10,2717,2,7200,1.00368053
269804,269811,270733,7,922,2,7200,1.00759219089
269859,269869,272920,10,3051,2,7200,1.0032776139
269889,269898,272337,9,2439,2,7200,1.0036900369
269913,269922,273011,9,3089,2,7200,1.00291356426
270037,270046,272671,9,2625,2,7200,1.00342857143
270124,270133,270842,9,709,2,7200,1.01269393512
270139,270147,272781,8,2634,2,7200,1.00303720577
270154,270160,273058,6,2898,2,7200,1.00207039337
270181,270191,271277,10,1086,2,7200,1.00920810313
270199,270209,270667,10,458,2,7200,1.02183406114
270275,270283,272559,8,2276,2,7200,1.00351493849
270335,270345,273081,10,2736,2,7200,1.00365497076
270356,270366,273227,10,2861,2,7200,1.00349528137
270419,270428,271181,9,753,2,7200,1.01195219124
270434,270441,273388,7,2947,2,7200,1.00237529691
270546,270556,273167,10,2611,2,7200,1.00382995021
270643,270651,273590,8,2939,2,7200,1.00272201429
270670,270678,271128,8,450,2,7200,1.01777777778
270736,270744,272094,8,1350,2,7200,1.00592592593
270775,270786,273532,11,2746,2,7200,1.00400582666
270845,270853,272637,8,1784,2,7200,1.00448430493
270914,270923,273345,9,2422,2,7200,1.00371593724
270942,270950,273329,8,2379,2,7200,1.00336275746
270999,271007,273595,8,2588,2,7200,1.00309119011
271062,271071,274064,9,2993,2,7200,1.00300701637
271098,271108,274101,10,2993,2,7200,1.0033411293
271128,271139,274134,11,2995,2,7200,1.00367278798
271183,271192,273759,9,2567,2,7200,1.00350603818
271240,271249,273950,9,2701,2,7200,1.00333209922
271279,271289,271744,10,455,2,7200,1.02197802198
271367,271376,274420,9,3044,2,7200,1.00295663601
271469,271478,271939,9,461,2,7200,1.01952277657
271524,271532,272062,8,530,2,7200,1.01509433962
271525,271539,272833,14,1294,2,7200,1.01081916538
271577,271587,274314,10,2727,2,7200,1.00366703337
271637,271646,274653,9,3007,2,7200,1.0029930163
271746,271755,272243,9,488,2,7200,1.01844262295
271866,271876,274992,10,3116,2,7200,1.00320924262
271893,280161,280301,8268,140,1,3600,60.0571428571
271921,271930,274048,9,2118,2,7200,1.00424929178
271942,271950,274262,8,2312,2,7200,1.00346020761
271963,271972,274177,9,2205,2,7200,1.00408163265
271990,271998,274574,8,2576,2,7200,1.00310559006
272063,272073,275233,10,3160,2,7200,1.00316455696
272096,272105,272557,9,452,2,7200,1.01991150442
272111,272117,275077,6,2960,2,7200,1.00202702703
272171,272180,272662,9,482,2,7200,1.01867219917
272186,272192,274970,6,2778,2,7200,1.00215982721
272243,272254,274982,11,2728,2,7200,1.00403225806
272340,272348,274957,8,2609,2,7200,1.00306630893
272518,272527,272740,9,213,2,7200,1.04225352113
272533,272540,274952,7,2412,2,7200,1.00290215589
272558,272568,274231,10,1663,2,7200,1.0060132291
272573,272579,272821,6,242,2,7200,1.02479338843
272597,272607,275218,10,2611,2,7200,1.00382995021
272639,272648,274288,9,1640,2,7200,1.00548780488
272663,272673,275527,10,2854,2,7200,1.00350385424
272678,272685,275272,7,2587,2,7200,1.00270583688
272742,272751,275754,9,3003,2,7200,1.002997003
272784,272792,275526,8,2734,2,7200,1.00292611558
272823,272833,273282,10,449,2,7200,1.02227171492
272838,272844,275465,6,2621,2,7200,1.00228920259
272923,272931,273398,8,467,2,7200,1.01713062099
273013,273022,275939,9,2917,2,7200,1.00308536167
273059,273069,275668,10,2599,2,7200,1.00384763371
273083,273093,274463,10,1370,2,7200,1.00729927007
273168,273178,273708,10,530,2,7200,1.01886792453
273228,273238,274007,10,769,2,7200,1.01300390117
273285,273294,275908,9,2614,2,7200,1.00344299923
273331,273340,273785,9,445,2,7200,1.0202247191
273346,273356,276069,10,2713,2,7200,1.00368595651
273391,273399,276362,8,2963,2,7200,1.00269996625
273406,273412,276472,6,3060,2,7200,1.00196078431
273533,273543,276629,10,3086,2,7200,1.0032404407
273593,273601,276661,8,3060,2,7200,1.00261437908
273608,273614,276448,6,2834,2,7200,1.00211714891
273711,273720,276297,9,2577,2,7200,1.00349243306
273762,273770,276723,8,2953,2,7200,1.00270910938
273786,273797,276715,11,2918,2,7200,1.00376970528
273952,273961,274430,9,469,2,7200,1.01918976546
274009,274018,275651,9,1633,2,7200,1.00551132884
274049,274059,276391,10,2332,2,7200,1.00428816467
274063,274075,275879,12,1804,2,7200,1.0066518847
274103,274112,275259,9,1147,2,7200,1.00784655623
274136,274146,277026,10,2880,2,7200,1.00347222222
274178,274188,276944,10,2756,2,7200,1.00362844702
274233,274242,276621,9,2379,2,7200,1.00378310214
274263,274273,276858,10,2585,2,7200,1.00386847195
274290,274299,276791,9,2492,2,7200,1.00361155698
274317,274326,276747,9,2421,2,7200,1.00371747212
274423,274431,277444,8,3013,2,7200,1.00265516097
274438,274444,276971,6,2527,2,7200,1.00237435694
274465,274475,277541,10,3066,2,7200,1.0032615786
274577,274585,277307,8,2722,2,7200,1.00293901543
274655,274665,277189,10,2524,2,7200,1.00396196513
274954,274963,277294,9,2331,2,7200,1.00386100386
274969,274975,277901,6,2926,2,7200,1.002050581
274984,274990,275530,6,540,2,7200,1.01111111111
274986,274997,277512,11,2515,2,7200,1.00437375746
275000,275007,278043,7,3036,2,7200,1.00230566535
275079,275088,275589,9,501,2,7200,1.01796407186
275221,275229,277821,8,2592,2,7200,1.00308641975
275235,275244,277257,9,2013,2,7200,1.0044709389
275259,275270,277648,11,2378,2,7200,1.00462573591
275274,275283,275799,9,516,2,7200,1.01744186047
275468,275476,278035,8,2559,2,7200,1.00312622118
275529,275538,278741,9,3203,2,7200,1.00280986575
275530,275544,278258,14,2714,2,7200,1.00515843773
275532,275550,276024,18,474,2,7200,1.03797468354
275592,275600,276077,8,477,2,7200,1.01677148847
275653,275662,276171,9,509,2,7200,1.01768172888
275671,275679,276145,8,466,2,7200,1.01716738197
275756,275765,277605,9,1840,2,7200,1.00489130435
275801,275811,277238,10,1427,2,7200,1.00700770848
275882,275891,278333,9,2442,2,7200,1.00368550369
275909,275920,278699,11,2779,2,7200,1.00395825837
275943,275951,276423,8,472,2,7200,1.01694915254
276027,276036,278770,9,2734,2,7200,1.00329188003
276073,276080,277015,7,935,2,7200,1.00748663102
276088,276094,279040,6,2946,2,7200,1.00203665988
276148,276156,278935,8,2779,2,7200,1.00287873336
276172,276182,278908,10,2726,2,7200,1.00366837858
276299,276308,278861,9,2553,2,7200,1.00352526439
276363,276373,278894,10,2521,2,7200,1.00396667989
276393,276402,279341,9,2939,2,7200,1.00306226608
276426,276434,278743,8,2309,2,7200,1.00346470333
276450,276459,276946,9,487,2,7200,1.01848049281
276474,276483,279154,9,2671,2,7200,1.00336952452
276622,276632,277144,10,512,2,7200,1.01953125
276637,276643,279462,6,2819,2,7200,1.00212841433
276664,276673,279333,9,2660,2,7200,1.00338345865
276716,276726,279467,10,2741,2,7200,1.00364830354
276731,276737,279253,6,2516,2,7200,1.00238473768
276749,276758,277219,9,461,2,7200,1.01952277657
276794,276803,279487,9,2684,2,7200,1.00335320417
276860,276870,279946,10,3076,2,7200,1.00325097529
276945,276955,277677,10,722,2,7200,1.01385041551
276960,276966,279415,6,2449,2,7200,1.00244997958
276975,276983,278661,8,1678,2,7200,1.00476758045
277017,277026,279732,9,2706,2,7200,1.00332594235
277032,277039,279818,7,2779,2,7200,1.00251889169
277147,277155,278727,8,1572,2,7200,1.00508905852
277190,277200,277832,10,632,2,7200,1.01582278481
277223,277230,280073,7,2843,2,7200,1.00246218783
277241,277249,278011,8,762,2,7200,1.01049868766
277259,277269,278640,10,1371,2,7200,1.00729394602
277295,277305,277764,10,459,2,7200,1.02178649237
277310,277318,279784,8,2466,2,7200,1.00324412003
277446,277455,280160,9,2705,2,7200,1.0033271719
277515,277524,280074,9,2550,2,7200,1.00352941176
277542,277552,280369,10,2817,2,7200,1.00354987575
277606,277616,280212,10,2596,2,7200,1.00385208012
277651,277659,280578,8,2919,2,7200,1.00274066461
277678,277688,280416,10,2728,2,7200,1.00366568915
277766,277775,280502,9,2727,2,7200,1.00330033003
277824,277833,279996,9,2163,2,7200,1.00416088766
277839,277844,278600,5,756,2,7200,1.00661375661
277902,277912,280529,10,2617,2,7200,1.00382116928
278014,278022,280741,8,2719,2,7200,1.00294225818
278038,278046,280602,8,2556,2,7200,1.00312989045
278052,278059,278542,7,483,2,7200,1.01449275362
278260,278269,278706,9,437,2,7200,1.02059496568
278260,308841,346143,30581,37302,6,61200,1.81982199346
278337,278344,281285,7,2941,2,7200,1.00238014281
278545,278553,281108,8,2555,2,7200,1.00313111546
278604,278612,280996,8,2384,2,7200,1.0033557047
278641,278651,281213,10,2562,2,7200,1.00390320062
278663,278672,281409,9,2737,2,7200,1.00328827183
278701,278710,281185,9,2475,2,7200,1.00363636364
278716,278726,280627,10,1901,2,7200,1.00526038927
278732,278745,279986,13,1241,2,7200,1.01047542305
278748,278754,279934,6,1180,2,7200,1.00508474576
278749,278760,279202,11,442,2,7200,1.02488687783
278775,278787,281344,12,2557,2,7200,1.00469299961
278863,278873,281654,10,2781,2,7200,1.00359582884
278898,278905,281673,7,2768,2,7200,1.00252890173
278914,278921,279629,7,708,2,7200,1.00988700565
278938,278947,282048,9,3101,2,7200,1.00290228958
279043,279052,279541,9,489,2,7200,1.01840490798
279156,279165,279642,9,477,2,7200,1.01886792453
279206,279214,282066,8,2852,2,7200,1.00280504909
279256,279264,280984,8,1720,2,7200,1.00465116279
279257,308867,346159,29610,37292,6,61200,1.79400407594
279262,280166,280245,904,79,1,1800,12.4430379747
279336,279346,281987,10,2641,2,7200,1.00378644453
279352,279358,281851,6,2493,2,7200,1.00240673887
279417,279426,282444,9,3018,2,7200,1.00298210736
279470,279477,282418,7,2941,2,7200,1.00238014281
279472,279484,282209,12,2725,2,7200,1.00440366972
279478,280252,280267,774,15,6,600,52.6
279490,279498,281721,8,2223,2,7200,1.00359874044
279544,279552,282064,8,2512,2,7200,1.00318471338
279645,279651,282596,6,2945,2,7200,1.00203735144
279647,279658,282163,11,2505,2,7200,1.00439121756
279735,279743,281954,8,2211,2,7200,1.00361827227
279786,279795,282678,9,2883,2,7200,1.00312174818
279823,279829,282470,6,2641,2,7200,1.00227186672
279936,279945,282251,9,2306,2,7200,1.0039028621
279953,279959,282308,6,2349,2,7200,1.00255427842
279988,279997,281864,9,1867,2,7200,1.00482056776
280005,280011,282604,6,2593,2,7200,1.0023139221
280077,280085,280556,8,471,2,7200,1.016985138
280079,280091,280591,12,500,2,7200,1.024
280162,280172,283054,10,2882,2,7200,1.00346981263
280213,280223,282480,10,2257,2,7200,1.00443066017
280272,280279,280447,7,168,1,3600,1.04166666667
280371,280380,283253,9,2873,2,7200,1.00313261399
280420,280428,282957,8,2529,2,7200,1.00316330565
280479,280486,280838,7,352,1,3600,1.01988636364
280508,280513,283428,5,2915,2,7200,1.00171526587
280526,280533,280636,7,103,1,1800,1.06796116505
280533,280541,283410,8,2869,2,7200,1.00278842802
280564,280571,282435,7,1864,2,7200,1.00375536481
280586,280592,283483,6,2891,2,7200,1.00207540643
280601,280607,283298,6,2691,2,7200,1.0022296544
280616,280622,283466,6,2844,2,7200,1.00210970464
280624,280632,280997,8,365,1,3600,1.02191780822
280631,280638,283535,7,2897,2,7200,1.00241629272
280743,280752,283586,9,2834,2,7200,1.00317572336
280987,280996,281471,9,475,2,7200,1.01894736842
281002,281009,283634,7,2625,2,7200,1.00266666667
281095,281102,281794,7,692,1,3600,1.01011560694
281111,281119,283385,8,2266,2,7200,1.00353045013
281186,281196,283818,10,2622,2,7200,1.00381388253
281217,281225,284391,8,3166,2,7200,1.00252684776
281242,281248,281933,6,685,1,3600,1.00875912409
281258,281265,281667,7,402,1,1800,1.01741293532
281286,281296,283269,10,1973,2,7200,1.00506842372
281346,281355,284284,9,2929,2,7200,1.00307272107
281413,281421,281877,8,456,2,7200,1.01754385965
281473,281482,284263,9,2781,2,7200,1.00323624595
281655,281665,283007,10,1342,2,7200,1.00745156483
281676,281685,284303,9,2618,2,7200,1.00343773873
281724,281732,284661,8,2929,2,7200,1.00273130761
281867,281873,284428,6,2555,2,7200,1.00234833659
281869,281880,282374,11,494,2,7200,1.02226720648
281898,281904,284843,6,2939,2,7200,1.00204151072
281965,281971,284687,6,2716,2,7200,1.00220913108
281996,282002,284696,6,2694,2,7200,1.00222717149
282052,282060,284657,8,2597,2,7200,1.00308047747
282067,282075,283773,8,1698,2,7200,1.00471142521
282069,282082,283752,13,1670,2,7200,1.00778443114
282165,282174,284612,9,2438,2,7200,1.00369155045
282211,282220,283566,9,1346,2,7200,1.00668647845
282253,282263,284973,10,2710,2,7200,1.0036900369
282310,282319,283684,9,1365,2,7200,1.00659340659
282377,282385,282824,8,439,2,7200,1.01822323462
282419,282429,284999,10,2570,2,7200,1.00389105058
282437,282446,285083,9,2637,2,7200,1.00341296928
282452,282458,285093,6,2635,2,7200,1.00227703985
282462,282469,286078,7,3609,1,3600,1.00193959546
282473,282481,285057,8,2576,2,7200,1.00310559006
282488,282494,285609,6,3115,2,7200,1.00192616372
282597,282607,283068,10,461,2,7200,1.02169197397
282612,282618,285545,6,2927,2,7200,1.00204988042
282678,282689,285313,11,2624,2,7200,1.00419207317
282827,282835,283840,8,1005,2,7200,1.007960199
282831,282843,282944,12,101,1,3600,1.11881188119
282960,282968,283418,8,450,2,7200,1.01777777778
283008,283018,285895,10,2877,2,7200,1.00347584289
283053,283060,283109,7,49,1,1800,1.14285714286
283056,283066,284365,10,1299,2,7200,1.00769822941
283069,283075,283392,6,317,1,3600,1.01892744479
283072,283082,285746,10,2664,2,7200,1.00375375375
283256,283264,286366,8,3102,2,7200,1.0025789813
283271,283280,286258,9,2978,2,7200,1.00302216253
283301,283309,285895,8,2586,2,7200,1.00309358082
283377,283384,283503,7,119,1,1800,1.05882352941
283388,283396,283925,8,529,2,7200,1.01512287335
283412,283422,286535,10,3113,2,7200,1.00321233537
283428,283434,283911,6,477,2,7200,1.01257861635
283443,283449,286128,6,2679,2,7200,1.00223964166
283467,283477,286218,10,2741,2,7200,1.00364830354
283485,283494,286150,9,2656,2,7200,1.00338855422
283536,283546,285485,10,1939,2,7200,1.00515729758
283567,283577,286479,10,2902,2,7200,1.00344589938
283588,283598,285689,10,2091,2,7200,1.00478240077
283636,283645,286254,9,2609,2,7200,1.00344959755
283687,283695,286149,8,2454,2,7200,1.0032599837
283713,283720,284293,7,573,1,3600,1.01221640489
283754,283763,286384,9,2621,2,7200,1.00343380389
283775,283785,286481,10,2696,2,7200,1.00370919881
283820,283829,284520,9,691,2,7200,1.01302460203
283841,283851,283967,10,116,2,7200,1.08620689655
283914,283922,286844,8,2922,2,7200,1.00273785079
283929,283937,286760,8,2823,2,7200,1.00283386468
283968,283978,286451,10,2473,2,7200,1.00404367165
284214,284221,284479,7,258,1,1800,1.02713178295
284264,284275,287131,11,2856,2,7200,1.00385154062
284286,284295,286584,9,2289,2,7200,1.00393184797
284304,284314,284841,10,527,2,7200,1.01897533207
284367,284376,286564,9,2188,2,7200,1.00411334552
284394,284402,286983,8,2581,2,7200,1.00309957381
284431,284439,285415,8,976,2,7200,1.00819672131
284521,284531,287459,10,2928,2,7200,1.00341530055
284615,284623,287247,8,2624,2,7200,1.00304878049
284660,284668,285282,8,614,2,7200,1.01302931596
284675,284681,287471,6,2790,2,7200,1.00215053763
284690,284698,287345,8,2647,2,7200,1.00302228938
284705,284711,285221,6,510,2,7200,1.01176470588
284841,284852,287511,11,2659,2,7200,1.00413689357
284856,284862,287483,6,2621,2,7200,1.00228920259
284974,284984,288020,10,3036,2,7200,1.00329380764
285001,285011,287993,10,2982,2,7200,1.00335345406
285059,285068,285515,9,447,2,7200,1.02013422819
285086,285094,288008,8,2914,2,7200,1.00274536719
285101,285107,287836,6,2729,2,7200,1.00219860755
285222,285232,285714,10,482,2,7200,1.02074688797
285285,285294,287825,9,2531,2,7200,1.00355590676
285315,285324,286271,9,947,2,7200,1.00950369588
285415,285426,288188,11,2762,2,7200,1.00398262129
285488,285497,285992,9,495,2,7200,1.01818181818
285518,285526,288138,8,2612,2,7200,1.00306278714
285548,285557,288329,9,2772,2,7200,1.00324675325
285612,285620,288092,8,2472,2,7200,1.00323624595
285690,285701,288509,11,2808,2,7200,1.00391737892
285717,285725,288494,8,2769,2,7200,1.00288912965
285748,285757,287860,9,2103,2,7200,1.00427960057
285893,285906,286737,13,831,2,7200,1.01564380265
285908,285914,288676,6,2762,2,7200,1.00217233888
285995,286003,288947,8,2944,2,7200,1.0027173913
286131,286139,288370,8,2231,2,7200,1.00358583595
286152,286159,288493,7,2334,2,7200,1.0029991431
286154,286166,286652,12,486,2,7200,1.02469135802
286220,286230,289148,10,2918,2,7200,1.0034270048
286230,286238,286361,8,123,1,3600,1.06504065041
286257,286265,288609,8,2344,2,7200,1.00341296928
286272,286278,289282,6,3004,2,7200,1.00199733688
286274,286285,286993,11,708,2,7200,1.01553672316
286367,286377,287782,10,1405,2,7200,1.00711743772
286385,286395,288972,10,2577,2,7200,1.00388048118
286452,286462,289510,10,3048,2,7200,1.0032808399
286483,286492,289816,9,3324,2,7200,1.00270758123
286484,286498,289434,14,2936,2,7200,1.00476839237
286491,308943,323458,22452,14515,8,43200,2.54681364106
286496,286506,286860,10,354,1,3600,1.02824858757
286539,286547,289165,8,2618,2,7200,1.00305576776
286566,286575,289590,9,3015,2,7200,1.00298507463
286587,286595,289531,8,2936,2,7200,1.00272479564
286654,286663,289229,9,2566,2,7200,1.00350740452
286739,286748,289677,9,2929,2,7200,1.00307272107
286763,286771,289477,8,2706,2,7200,1.0029563932
286845,286855,289541,10,2686,2,7200,1.00372300819
286984,286994,289088,10,2094,2,7200,1.00477554919
286999,287005,287961,6,956,2,7200,1.00627615063
287132,287142,290048,10,2906,2,7200,1.00344115623
287159,287166,287736,7,570,1,3600,1.01228070175
287249,287258,289896,9,2638,2,7200,1.00341167551
287346,287356,290224,10,2868,2,7200,1.00348675035
287461,287470,290591,9,3121,2,7200,1.00288369112
287476,287482,290345,6,2863,2,7200,1.00209570381
287491,287497,290329,6,2832,2,7200,1.00211864407
287515,287523,289885,8,2362,2,7200,1.0033869602
287783,287794,288339,11,545,2,7200,1.02018348624
287826,287836,290208,10,2372,2,7200,1.0042158516
287841,287847,290048,6,2201,2,7200,1.00272603362
287859,287871,290523,12,2652,2,7200,1.00452488688
287965,287973,289737,8,1764,2,7200,1.00453514739
287995,288004,288483,9,479,2,7200,1.01878914405
288010,288019,290978,9,2959,2,7200,1.0030415681
288025,288031,290469,6,2438,2,7200,1.00246103363
288094,288103,290705,9,2602,2,7200,1.00345887779
288140,288149,289768,9,1619,2,7200,1.00555898703
288191,288199,290710,8,2511,2,7200,1.00318598168
288330,288340,291299,10,2959,2,7200,1.00337952011
288349,288355,288905,6,550,2,7200,1.01090909091
288373,288382,288841,9,459,2,7200,1.01960784314
288485,288494,289191,9,697,2,7200,1.01291248207
288500,288506,290314,6,1808,2,7200,1.00331858407
288502,288513,291357,11,2844,2,7200,1.00386779184
288517,288523,290583,6,2060,2,7200,1.00291262136
288610,288620,291164,10,2544,2,7200,1.00393081761
288677,288687,289911,10,1224,2,7200,1.00816993464
288721,294479,295720,5758,1241,8,28800,5.63980660757
288843,288850,345288,7,56438,1,86400,1.00012402991
288843,288856,291051,13,2195,2,7200,1.00592255125
288876,288883,289382,7,499,1,3600,1.01402805611
288906,288917,289395,11,478,2,7200,1.0230125523
288949,288958,291906,9,2948,2,7200,1.00305291723
288973,288983,290629,10,1646,2,7200,1.00607533414
289090,289099,290928,9,1829,2,7200,1.00492072171
289151,289159,289809,8,650,2,7200,1.01230769231
289166,289177,290878,11,1701,2,7200,1.00646678424
289193,289203,291063,10,1860,2,7200,1.00537634409
289229,289240,291467,11,2227,2,7200,1.00493938033
289284,289293,289930,9,637,2,7200,1.01412872841
289399,289407,290000,8,593,2,7200,1.01349072513
289435,289445,291359,10,1914,2,7200,1.0052246604
289480,289488,289972,8,484,2,7200,1.01652892562
289514,289523,290045,9,522,2,7200,1.01724137931
289535,289544,292545,9,3001,2,7200,1.00299900033
289550,289556,290184,6,628,2,7200,1.00955414013
289592,289602,290230,10,628,2,7200,1.01592356688
289680,289689,291371,9,1682,2,7200,1.00535077289
289740,289749,290205,9,456,2,7200,1.01973684211
289771,289780,289849,9,69,2,7200,1.13043478261
289810,289820,291105,10,1285,2,7200,1.00778210117
289825,289831,289887,6,56,2,7200,1.10714285714
289849,289860,291346,11,1486,2,7200,1.00740242261
289886,289897,291220,11,1323,2,7200,1.00831443689
289901,289907,292200,6,2293,2,7200,1.0026166594
289903,289914,290592,11,678,2,7200,1.01622418879
289918,289924,291435,6,1511,2,7200,1.00397088021
289933,289941,290086,8,145,2,7200,1.05517241379
289975,289984,292105,9,2121,2,7200,1.00424328147
290003,290012,291391,9,1379,2,7200,1.00652646846
290049,290057,291015,8,958,2,7200,1.00835073069
290050,290064,290145,14,81,2,7200,1.17283950617
290052,290069,292124,17,2055,2,7200,1.00827250608
290088,290098,290658,10,560,2,7200,1.01785714286
290146,290156,290644,10,488,2,7200,1.02049180328
290185,290195,290688,10,493,2,7200,1.02028397566
290206,290216,293541,10,3325,2,7200,1.0030075188
290221,290228,292281,7,2053,2,7200,1.00340964442
290237,290243,293224,6,2981,2,7200,1.0020127474
290238,290250,291899,12,1649,2,7200,1.00727713766
290317,290325,293078,8,2753,2,7200,1.00290592081
290332,290340,291036,8,696,2,7200,1.01149425287
290347,290356,291375,9,1019,2,7200,1.00883218842
290471,290480,292748,9,2268,2,7200,1.00396825397
290493,304864,350155,14371,45291,3,604800,1.31730365856
290525,290534,292459,9,1925,2,7200,1.00467532468
290585,290595,291058,10,463,2,7200,1.02159827214
290601,290607,292232,6,1625,2,7200,1.00369230769
290602,290614,292466,12,1852,2,7200,1.00647948164
290632,290642,292339,10,1697,2,7200,1.00589275192
290647,290656,293235,9,2579,2,7200,1.0034897247
290662,290669,291142,7,473,2,7200,1.01479915433
290690,290700,291234,10,534,2,7200,1.01872659176
290708,290716,292051,8,1335,2,7200,1.00599250936
290723,290729,291545,6,816,2,7200,1.00735294118
290746,314885,314950,24139,65,3,144000,372.369230769
290880,290889,291154,9,265,2,7200,1.03396226415
290928,290939,291508,11,569,2,7200,1.01933216169
290980,290989,293426,9,2437,2,7200,1.00369306524
291016,291026,292742,10,1716,2,7200,1.00582750583
291037,291048,291522,11,474,2,7200,1.02320675105
291052,291062,292937,10,1875,2,7200,1.00533333333
291068,291074,292950,6,1876,2,7200,1.00319829424
291069,291080,293670,11,2590,2,7200,1.00424710425
291109,291117,293696,8,2579,2,7200,1.00310197751
291145,291153,292626,8,1473,2,7200,1.00543109301
291160,291167,292253,7,1086,2,7200,1.00644567219
291175,291181,293898,6,2717,2,7200,1.002208318
291223,291232,293841,9,2609,2,7200,1.00344959755
291238,291246,293847,8,2601,2,7200,1.0030757401
291302,291311,293035,9,1724,2,7200,1.00522041763
291347,291358,293601,11,2243,2,7200,1.00490414623
291363,291368,291830,5,462,2,7200,1.01082251082
291364,291375,294384,11,3009,2,7200,1.00365569957
291379,291386,292822,7,1436,2,7200,1.00487465181
291381,291393,293437,12,2044,2,7200,1.00587084149
291396,291402,291944,6,542,2,7200,1.0110701107
291435,291446,293488,11,2042,2,7200,1.00538687561
291469,291478,292223,9,745,2,7200,1.01208053691
291511,291519,293785,8,2266,2,7200,1.00353045013
291526,291533,291613,7,80,2,7200,1.0875
291547,291556,294138,9,2582,2,7200,1.00348567002
291617,291625,294499,8,2874,2,7200,1.0027835769
291832,291841,292333,9,492,2,7200,1.01829268293
291901,291910,293285,9,1375,2,7200,1.00654545455
291916,291922,294398,6,2476,2,7200,1.00242326333
291946,291956,294276,10,2320,2,7200,1.00431034483
292055,292063,294142,8,2079,2,7200,1.00384800385
292106,292116,292677,10,561,2,7200,1.01782531194
292128,292135,293071,7,936,2,7200,1.00747863248
292203,292212,294838,9,2626,2,7200,1.0034272658
292224,292234,292253,10,19,2,7200,1.52631578947
292239,292245,293795,6,1550,2,7200,1.00387096774
292254,292264,292717,10,453,2,7200,1.02207505519
292256,292270,295045,14,2775,2,7200,1.00504504505
292283,292292,292890,9,598,2,7200,1.01505016722
292335,292345,292964,10,619,2,7200,1.01615508885
292350,292356,293456,6,1100,2,7200,1.00545454545
292461,292470,294119,9,1649,2,7200,1.00545785324
292476,292483,293902,7,1419,2,7200,1.00493305144
292549,292557,293118,8,561,2,7200,1.01426024955
292585,292592,292599,7,7,1,86400,1.4
292628,292637,294712,9,2075,2,7200,1.0043373494
292679,292688,292937,9,249,2,7200,1.03614457831
292719,292728,295282,9,2554,2,7200,1.0035238841
292743,292753,296037,10,3284,2,7200,1.00304506699
292758,292764,295371,6,2607,2,7200,1.00230149597
292825,292833,293959,8,1126,2,7200,1.00710479574
292891,292901,295910,10,3009,2,7200,1.00332336324
292940,292948,294157,8,1209,2,7200,1.00661703888
292941,292955,294969,14,2014,2,7200,1.00695134062
292956,292962,293425,6,463,2,7200,1.01295896328
292971,292978,294929,7,1951,2,7200,1.00358790364
293038,293046,293112,8,66,2,7200,1.12121212121
293074,293082,295668,8,2586,2,7200,1.00309358082
293089,293095,293608,6,513,2,7200,1.01169590643
293114,293123,293593,9,470,2,7200,1.01914893617
293117,293129,293897,12,768,1,86400,1.015625
293129,293135,295028,6,1893,2,7200,1.00316957211
293226,293235,293690,9,455,2,7200,1.01978021978
293241,293248,295214,7,1966,2,7200,1.00356052899
293277,293914,318610,637,24696,1,36000,1.02579365079
293286,293296,295013,10,1717,2,7200,1.00582411182
293429,293438,295179,9,1741,2,7200,1.00516944285
293430,293443,293895,13,452,2,7200,1.02876106195
293445,293452,295823,7,2371,2,7200,1.00295234078
293460,293467,294076,7,609,2,7200,1.01149425287
293490,293499,293972,9,473,2,7200,1.01902748414
293542,293553,296103,11,2550,2,7200,1.00431372549
293597,293605,293710,8,105,2,7200,1.07619047619
293612,293618,295013,6,1395,2,7200,1.00430107527
293614,293625,295977,11,2352,2,7200,1.00467687075
293671,293682,293782,11,100,2,7200,1.11
293692,293702,295098,10,1396,2,7200,1.00716332378
293707,293714,295707,7,1993,2,7200,1.00351229303
293722,293729,293742,7,13,5,600,1.53846153846
293723,293735,294745,12,1010,2,7200,1.01188118812
293753,333901,351351,40148,17450,11,28800,3.30074498567
293784,293793,296272,9,2479,2,7200,1.00363049617
293799,293805,295173,6,1368,2,7200,1.00438596491
293801,293812,295598,11,1786,2,7200,1.00615901456
293843,293854,294442,11,588,2,7200,1.01870748299
293858,293864,296390,6,2526,2,7200,1.00237529691
293898,293906,295246,8,1340,2,7200,1.00597014925
293913,293920,295962,7,2042,2,7200,1.00342801175
293915,293926,296923,11,2997,2,7200,1.003670337
293960,293970,295871,10,1901,2,7200,1.00526038927
293975,293983,294440,8,457,2,7200,1.01750547046
294078,294087,296313,9,2226,2,7200,1.00404312668
294121,294131,294943,10,812,2,7200,1.01231527094
294139,294149,296986,10,2837,2,7200,1.00352485019
294154,294160,296903,6,2743,2,7200,1.00218738607
294169,294175,294205,6,30,2,7200,1.2
294208,294216,295866,8,1650,2,7200,1.00484848485
294244,294251,380682,7,86431,1,86400,1.00008098946
294278,294290,294754,12,464,2,7200,1.02586206897
294387,294396,295570,9,1174,2,7200,1.00766609881
294402,294410,296072,8,1662,2,7200,1.00481347774
294441,294451,295815,10,1364,2,7200,1.0073313783
294456,294462,296113,6,1651,2,7200,1.00363416111
294502,294510,295078,8,568,2,7200,1.01408450704
294713,294723,297330,10,2607,2,7200,1.00383582662
294746,294756,297255,10,2499,2,7200,1.00400160064
294761,294768,295528,7,760,2,7200,1.00921052632
294840,294849,295657,9,808,2,7200,1.01113861386
294862,295269,295292,407,23,1,86400,18.6956521739
294931,294940,297634,9,2694,2,7200,1.00334075724
294946,294954,297678,8,2724,2,7200,1.00293685756
294970,294980,297655,10,2675,2,7200,1.00373831776
295016,295024,296756,8,1732,2,7200,1.00461893764
295017,295029,297302,12,2273,2,7200,1.00527936648
295032,295040,295552,8,512,2,7200,1.015625
295047,295056,296648,9,1592,2,7200,1.00565326633
295080,295089,295706,9,617,2,7200,1.01458670989
295101,295109,296792,8,1683,2,7200,1.00475341652
295174,295185,297597,11,2412,2,7200,1.00456053068
295189,295195,297155,6,1960,2,7200,1.00306122449
295217,295225,295299,8,74,2,7200,1.10810810811
295250,295258,297926,8,2668,2,7200,1.00299850075
295283,295293,295967,10,674,2,7200,1.01483679525
295301,295311,295760,10,449,2,7200,1.02227171492
295374,295383,297668,9,2285,2,7200,1.00393873085
295531,295540,298446,9,2906,2,7200,1.00309704061
295553,295563,297110,10,1547,2,7200,1.00646412411
295574,295582,296074,8,492,2,7200,1.0162601626
295601,295609,296105,8,496,2,7200,1.01612903226
295658,295674,295770,16,96,2,7200,1.16666666667
295673,295681,298151,8,2470,2,7200,1.0032388664
295710,295719,298372,9,2653,2,7200,1.00339238598
295711,295724,297310,13,1586,2,7200,1.00819672131
295713,308855,349427,13142,40572,12,86400,1.32391797299
295763,295771,297817,8,2046,2,7200,1.00391006843
295778,295784,296887,6,1103,2,7200,1.00543970988
295798,295806,295832,8,26,1,3600,1.30769230769
295817,295827,295903,10,76,2,7200,1.13157894737
295832,295838,296403,6,565,2,7200,1.01061946903
295868,295878,297286,10,1408,2,7200,1.00710227273
295883,295890,298731,7,2841,2,7200,1.00246392115
295905,295915,296966,10,1051,2,7200,1.00951474786
295906,295922,298282,16,2360,2,7200,1.00677966102
295964,295973,297304,9,1331,2,7200,1.00676183321
295979,295985,299051,6,3066,2,7200,1.00195694716
295980,295992,298490,12,2498,2,7200,1.00480384307
296038,296048,298035,10,1987,2,7200,1.00503271263
296042,296054,296092,12,38,1,3600,1.31578947368
296075,296084,296562,9,478,2,7200,1.01882845188
296076,296091,298174,15,2083,2,7200,1.00720115218
296106,296114,296710,8,596,2,7200,1.01342281879
296108,296121,296656,13,535,2,7200,1.02429906542
296123,296133,298515,10,2382,2,7200,1.00419815281
296209,296216,297674,7,1458,1,86400,1.00480109739
296274,296284,296827,10,543,2,7200,1.01841620626
296317,296324,297731,7,1407,2,7200,1.00497512438
296392,296404,297721,12,1317,2,7200,1.00911161731
296407,296414,296483,7,69,2,7200,1.10144927536
296489,296496,296970,7,474,2,7200,1.01476793249
296577,296583,298396,6,1813,2,7200,1.00330943188
296650,296659,299394,9,2735,2,7200,1.00329067642
296665,296671,297480,6,809,2,7200,1.00741656366
296713,296722,298228,9,1506,2,7200,1.00597609562
296759,296767,297790,8,1023,2,7200,1.00782013685
296795,296803,299199,8,2396,2,7200,1.00333889816
296830,296839,299500,9,2661,2,7200,1.00338218715
296892,296898,297341,6,443,2,7200,1.01354401806
296909,296915,298873,6,1958,2,7200,1.00306435138
296924,296934,298659,10,1725,2,7200,1.00579710145
296968,296977,299738,9,2761,2,7200,1.00325968852
296983,296989,299256,6,2267,2,7200,1.00264666961
296998,297004,297475,6,471,2,7200,1.0127388535
297113,297121,297278,8,157,2,7200,1.05095541401
297159,297167,297651,8,484,2,7200,1.01652892562
297258,297268,299480,10,2212,2,7200,1.00452079566
297280,297290,298751,10,1461,2,7200,1.00684462697
297295,297301,299403,6,2102,2,7200,1.00285442436
297310,297316,299634,6,2318,2,7200,1.00258843831
297312,297323,299983,11,2660,2,7200,1.00413533835
297313,297329,298956,16,1627,2,7200,1.0098340504
297332,297342,298278,10,936,2,7200,1.01068376068
297347,297352,298079,5,727,2,7200,1.00687757909
297480,297486,299485,6,1999,2,7200,1.00300150075
297481,297499,298427,18,928,1,900,1.01939655172
297482,298634,299552,1152,918,2,900,2.25490196078
297482,297493,297768,11,275,2,7200,1.04
297486,298099,299027,613,928,32,900,1.66056034483
297486,304578,305512,7092,934,64,900,8.59314775161
297488,305524,306456,8036,932,64,900,9.62231759657
297501,297691,298622,190,931,1,900,1.20408163265
297502,299564,300497,2062,933,2,900,3.2100750268
297505,299039,299972,1534,933,32,900,2.64415862808
297505,306468,307371,8963,903,64,900,10.9258028793
297600,297609,298082,9,473,2,7200,1.01902748414
297636,297645,299348,9,1703,2,7200,1.00528479154
297639,333895,361293,36256,27398,10,28800,2.32330827068
297654,297663,299214,9,1551,2,7200,1.00580270793
297670,297676,299571,6,1895,2,7200,1.00316622691
297671,297683,298364,12,681,2,7200,1.01762114537
297686,297697,300115,11,2418,2,7200,1.00454921423
297723,297732,300346,9,2614,2,7200,1.00344299923
297738,297744,300015,6,2271,2,7200,1.00264200793
297771,297779,299940,8,2161,2,7200,1.00370198982
297792,297801,300213,9,2412,2,7200,1.00373134328
297820,297828,300146,8,2318,2,7200,1.00345125108
297903,308289,308829,10386,540,4,3600,20.2333333333
297903,308294,308829,10391,535,4,3600,20.4224299065
297904,308316,308851,10412,535,4,3600,20.461682243
297904,308310,308839,10406,529,4,3600,20.6710775047
297904,308300,308823,10396,523,4,3600,20.8776290631
297904,308305,308788,10401,483,4,3600,22.5341614907
297904,308321,308932,10417,611,4,3600,18.0490998363
297905,308337,308852,10432,515,4,3600,21.2563106796
297905,308332,308823,10427,491,4,3600,22.2362525458
297905,308326,308823,10421,497,4,3600,21.967806841
297905,308342,308566,10437,224,4,3600,47.59375
297929,297938,299719,9,1781,2,7200,1.00505334082
298038,298046,301110,8,3064,2,7200,1.00261096606
298080,298091,298611,11,520,2,7200,1.02115384615
298095,298106,300243,11,2137,2,7200,1.0051474029
298152,298162,300642,10,2480,2,7200,1.00403225806
298177,298186,299955,9,1769,2,7200,1.00508762012
298216,323226,328783,25010,5557,16,8700,5.50062983624
298231,298239,299643,8,1404,2,7200,1.0056980057
298279,298289,299569,10,1280,2,7200,1.0078125
298294,298301,300016,7,1715,2,7200,1.00408163265
298364,300509,304154,2145,3645,1,3600,1.58847736626
298367,298376,298984,9,608,2,7200,1.01480263158
298382,298388,300619,6,2231,2,7200,1.00268937696
298397,298408,298873,11,465,2,7200,1.02365591398
298449,298458,298566,9,108,2,7200,1.08333333333
298459,298466,298473,7,7,1,1800,1.4
298491,298501,300625,10,2124,2,7200,1.00470809793
298518,298526,301188,8,2662,2,7200,1.0030052592
298567,298577,299041,10,464,2,7200,1.02155172414
298612,298623,299124,11,501,2,7200,1.02195608782
298650,300787,300866,2137,79,1,1800,28.0506329114
298660,298670,301205,10,2535,2,7200,1.00394477318
298733,298742,299223,9,481,2,7200,1.01871101871
298754,298763,299236,9,473,2,7200,1.01902748414
298875,298883,301762,8,2879,2,7200,1.00277874262
298877,298890,300295,13,1405,2,7200,1.00925266904
298958,298967,300899,9,1932,2,7200,1.00465838509
298985,298995,301882,10,2887,2,7200,1.00346380326
299043,299052,300632,9,1580,2,7200,1.00569620253
299057,299064,300431,7,1367,2,7200,1.00512070227
299127,299135,301656,8,2521,2,7200,1.00317334391
299200,299210,301455,10,2245,2,7200,1.00445434298
299215,299225,300380,10,1155,2,7200,1.00865800866
299230,299236,301847,6,2611,2,7200,1.00229797013
299245,299251,300871,6,1620,2,7200,1.0037037037
299260,299268,300162,8,894,2,7200,1.00894854586
299350,299359,302473,9,3114,2,7200,1.00289017341
299395,299405,300074,10,669,2,7200,1.01494768311
299410,299417,301275,7,1858,2,7200,1.00376749193
299483,299491,299785,8,294,2,7200,1.02721088435
299498,299504,301978,6,2474,2,7200,1.00242522231
299499,299511,302256,12,2745,2,7200,1.0043715847
299573,299581,301568,8,1987,2,7200,1.00402617011
299574,299588,300176,14,588,2,7200,1.02380952381
299635,299645,302436,10,2791,2,7200,1.00358294518
299650,299656,302000,6,2344,2,7200,1.00255972696
299720,299731,301822,11,2091,2,7200,1.00526064084
299741,299750,301952,9,2202,2,7200,1.00408719346
299787,299796,302323,9,2527,2,7200,1.00356153542
299941,299951,301032,10,1081,2,7200,1.0092506938
299957,299967,300489,10,522,2,7200,1.01915708812
299981,299994,302391,13,2397,2,7200,1.00542344597
299982,349444,495918,49462,146474,5,180000,1.33768450373
299991,300876,301507,885,631,1,14400,2.40253565769
300018,300027,302305,9,2278,2,7200,1.00395083406
300019,300032,300718,13,686,2,7200,1.01895043732
300066,301632,302173,1566,541,1,14400,3.89463955638
300077,300085,302028,8,1943,2,7200,1.00411734431
300116,300128,302938,12,2810,2,7200,1.00427046263
300150,300158,302443,8,2285,2,7200,1.00350109409
300165,300174,301065,9,891,2,7200,1.0101010101
300180,300188,300656,8,468,2,7200,1.01709401709
300216,300224,302963,8,2739,2,7200,1.00292077401
300247,300255,302496,8,2241,2,7200,1.0035698349
300298,300306,301064,8,758,2,7200,1.01055408971
300350,300358,302544,8,2186,2,7200,1.00365965233
300383,300392,300991,9,599,2,7200,1.01502504174
300432,300442,302778,10,2336,2,7200,1.00428082192
300492,300500,300958,8,458,2,7200,1.01746724891
300622,300631,303036,9,2405,2,7200,1.00374220374
300638,300643,303205,5,2562,2,7200,1.00195160031
300639,300651,301416,12,765,2,7200,1.01568627451
300654,300661,302513,7,1852,2,7200,1.00377969762
300669,300676,301226,7,550,2,7200,1.01272727273
300721,300729,301602,8,873,2,7200,1.00916380298
300873,300882,303284,9,2402,2,7200,1.0037468776
300900,300910,301470,10,560,2,7200,1.01785714286
300939,309062,309099,8123,37,2,3600,220.540540541
300961,300969,301064,8,95,2,7200,1.08421052632
300994,301003,301535,9,532,2,7200,1.01691729323
301033,301044,303487,11,2443,2,7200,1.00450266066
301067,301075,301714,8,639,2,7200,1.01251956182
301069,301081,302798,12,1717,2,7200,1.00698893419
301070,301088,301152,18,64,2,7200,1.28125
301113,301121,303702,8,2581,2,7200,1.00309957381
301149,301517,301622,368,105,1,1800,4.50476190476
301155,301163,301266,8,103,2,7200,1.07766990291
301192,301201,302007,9,806,2,7200,1.0111662531
301207,301216,303432,9,2216,2,7200,1.00406137184
301228,301238,302050,10,812,2,7200,1.01231527094
301267,301277,301459,10,182,2,7200,1.05494505495
301282,301290,304015,8,2725,2,7200,1.00293577982
301418,301427,304130,9,2703,2,7200,1.00332963374
301458,301466,302938,8,1472,2,7200,1.00543478261
301473,301479,302148,6,669,2,7200,1.00896860987
301475,301486,303289,11,1803,2,7200,1.00610094287
301539,301547,303901,8,2354,2,7200,1.00339847069
301569,301579,302064,10,485,2,7200,1.0206185567
301605,301613,302079,8,466,2,7200,1.01716738197
301660,301668,302139,8,471,2,7200,1.016985138
301717,301725,301879,8,154,2,7200,1.05194805195
301766,301774,302340,8,566,2,7200,1.01413427562
301823,301833,304091,10,2258,2,7200,1.00442869796
301847,301858,302411,11,553,2,7200,1.0198915009
301881,301890,304255,9,2365,2,7200,1.00380549683
301896,301902,304029,6,2127,2,7200,1.00282087447
301953,301964,302794,11,830,2,7200,1.01325301205
301981,301989,304688,8,2699,2,7200,1.00296406076
302002,302011,304282,9,2271,2,7200,1.00396301189
302017,302023,302528,6,505,2,7200,1.01188118812
302032,302040,303272,8,1232,2,7200,1.00649350649
302050,302061,303739,11,1678,2,7200,1.00655542312
302066,302075,302728,9,653,2,7200,1.01378254211
302081,302090,304363,9,2273,2,7200,1.00395952486
302141,302151,302913,10,762,2,7200,1.01312335958
302156,302162,303816,6,1654,2,7200,1.00362756953
302251,302258,302675,7,417,1,1800,1.01678657074
302259,302267,302870,8,603,2,7200,1.01326699834
302308,302317,302782,9,465,2,7200,1.01935483871
302326,302334,304728,8,2394,2,7200,1.00334168755
302341,302351,303322,10,971,2,7200,1.01029866117
302392,302402,304648,10,2246,2,7200,1.00445235975
302414,302422,304197,8,1775,2,7200,1.00450704225
302438,302447,304653,9,2206,2,7200,1.00407978241
302453,302461,302487,8,26,2,7200,1.30769230769
302474,302484,303436,10,952,2,7200,1.01050420168
302489,302498,303163,9,665,2,7200,1.01353383459
302504,302510,305126,6,2616,2,7200,1.00229357798
302519,302525,304532,6,2007,2,7200,1.00298953662
302534,302541,303005,7,464,2,7200,1.0150862069
302549,302555,305410,6,2855,2,7200,1.00210157618
302731,302739,305444,8,2705,2,7200,1.00295748614
302779,302789,304720,10,1931,2,7200,1.0051786639
302795,302801,302977,6,176,2,7200,1.03409090909
302796,302808,305244,12,2436,2,7200,1.00492610837
302811,302817,303336,6,519,2,7200,1.01156069364
302871,302881,303382,10,501,2,7200,1.01996007984
302914,302924,304409,10,1485,2,7200,1.00673400673
302942,302950,303532,8,582,2,7200,1.01374570447
302943,302956,305483,13,2527,2,7200,1.00514444005
302964,302974,304691,10,1717,2,7200,1.00582411182
302980,302988,303019,8,31,2,7200,1.25806451613
303007,303016,303493,9,477,2,7200,1.01886792453
303022,303030,305134,8,2104,2,7200,1.00380228137
303037,303047,304938,10,1891,2,7200,1.0052882073
303164,303174,303627,10,453,2,7200,1.02207505519
303206,303217,303696,11,479,2,7200,1.02296450939
303273,303283,303772,10,489,2,7200,1.02044989775
303289,303295,304055,6,760,2,7200,1.00789473684
303304,303310,306289,6,2979,2,7200,1.00201409869
303325,303333,305486,8,2153,2,7200,1.00371574547
303340,303348,305829,8,2481,2,7200,1.00322450625
303386,303394,304874,8,1480,2,7200,1.00540540541
303434,303443,306136,9,2693,2,7200,1.00334199777
303449,303455,306316,6,2861,2,7200,1.00209716882
303488,303498,303980,10,482,2,7200,1.02074688797
303503,303509,304110,6,601,2,7200,1.00998336106
303534,303543,305167,9,1624,2,7200,1.00554187192
303627,303639,303826,12,187,2,7200,1.06417112299
303697,303707,305629,10,1922,2,7200,1.00520291363
303707,303715,303721,8,6,1,1800,1.4
303712,303721,304870,9,1149,2,7200,1.00783289817
303742,303751,304705,9,954,2,7200,1.00943396226
303776,303783,306092,7,2309,2,7200,1.00303161542
303818,303828,304818,10,990,2,7200,1.0101010101
303833,303839,306155,6,2316,2,7200,1.00259067358
303903,303912,305274,9,1362,2,7200,1.00660792952
303908,314574,314868,10666,294,2,43200,37.2789115646
303915,303922,303975,7,53,1,1800,1.1320754717
303921,314962,315232,11041,270,2,43200,41.8925925926
303936,318075,321538,14139,3463,2,43200,5.08287611897
303958,321634,321901,17676,267,2,43200,67.202247191
303970,321913,322193,17943,280,2,43200,65.0821428571
303982,303991,304533,9,542,2,7200,1.01660516605
303993,322206,322469,18213,263,2,43200,70.2509505703
304011,322481,322748,18470,267,2,43200,70.1760299625
304018,304026,304537,8,511,2,7200,1.0156555773
304026,322764,326281,18738,3517,2,43200,6.32783622405
304033,304041,305425,8,1384,2,7200,1.00578034682
304057,304066,305915,9,1849,2,7200,1.00486749594
304094,304102,305340,8,1238,2,7200,1.00646203554
304112,304122,306051,10,1929,2,7200,1.00518403318
304133,304141,306076,8,1935,2,7200,1.00413436693
304196,304208,305907,12,1699,2,7200,1.00706297822
304257,304266,306533,9,2267,2,7200,1.00397000441
304284,304301,305044,17,743,2,7200,1.02288021534
304286,304293,304456,7,163,1,1800,1.04294478528
304366,304374,305546,8,1172,2,7200,1.00682593857
304412,304420,305337,8,917,2,7200,1.00872410033
304533,304543,307425,10,2882,2,7200,1.00346981263
304549,304555,306172,6,1617,2,7200,1.00371057514
304550,304562,305183,12,621,2,7200,1.0193236715
304650,304659,304691,9,32,2,7200,1.28125
304665,304671,306809,6,2138,2,7200,1.00280636109
304689,304700,307409,11,2709,2,7200,1.00406053894
304705,304711,306856,6,2145,2,7200,1.0027972028
304706,304719,305193,13,474,2,7200,1.02742616034
304708,304724,306326,16,1602,2,7200,1.00998751561
304723,304731,306362,8,1631,2,7200,1.00490496628
304738,304744,305526,6,782,2,7200,1.00767263427
304820,304829,304861,9,32,2,7200,1.28125
304862,304872,307586,10,2714,2,7200,1.00368459838
304878,304884,305754,6,870,2,7200,1.00689655172
304879,304891,307606,12,2715,2,7200,1.0044198895
304937,309114,309948,4177,834,2,3600,6.00839328537
304940,304949,306273,9,1324,2,7200,1.00679758308
305032,309289,309439,4257,150,2,3600,29.38
305046,305055,306185,9,1130,2,7200,1.00796460177
305107,309455,311852,4348,2397,2,3600,2.81393408427
305127,305137,306820,10,1683,2,7200,1.00594177065
305142,305149,307866,7,2717,2,7200,1.002576371
305170,305178,305231,8,53,2,7200,1.15094339623
305185,305194,307142,9,1948,2,7200,1.0046201232
305193,308364,308703,3171,339,1,1800,10.3539823009
305200,305206,306633,6,1427,2,7200,1.00420462509
305233,305242,308190,9,2948,2,7200,1.00305291723
305248,305256,307987,8,2731,2,7200,1.00292932992
305275,305285,305334,10,49,2,7200,1.20408163265
305336,305346,306672,10,1326,2,7200,1.00754147813
305347,309960,311591,4613,1631,2,3600,3.82832618026
305352,305358,306949,6,1591,2,7200,1.00377121307
305353,305365,305971,12,606,2,7200,1.0198019802
305411,305421,306007,10,586,2,7200,1.01706484642
305426,305436,308324,10,2888,2,7200,1.00346260388
305447,305456,307536,9,2080,2,7200,1.00432692308
305486,305494,307093,8,1599,2,7200,1.00500312695
305488,305501,307803,13,2302,2,7200,1.00564726325
305527,305538,307108,11,1570,2,7200,1.00700636943
305549,305557,308591,8,3034,2,7200,1.00263678312
305630,305640,307511,10,1871,2,7200,1.00534473544
305757,305766,306526,9,760,2,7200,1.01184210526
305830,305840,308264,10,2424,2,7200,1.00412541254
305909,305918,307431,9,1513,2,7200,1.00594844679
305924,305930,307696,6,1766,2,7200,1.00339750849
305973,305983,306607,10,624,2,7200,1.01602564103
306009,306019,306155,10,136,2,7200,1.07352941176
306051,306062,307029,11,967,2,7200,1.0113753878
306079,306087,306159,8,72,2,7200,1.11111111111
306094,306103,308174,9,2071,2,7200,1.0043457267
306139,306147,306200,8,53,2,7200,1.15094339623
306154,306166,308731,12,2565,2,7200,1.00467836257
306156,306172,308628,16,2456,2,7200,1.00651465798
306171,306178,306672,7,494,2,7200,1.01417004049
306187,306193,307297,6,1104,2,7200,1.00543478261
306188,306200,306745,12,545,2,7200,1.02201834862
306203,306211,308638,8,2427,2,7200,1.00329625052
306276,306284,309019,8,2735,2,7200,1.0029250457
306291,306300,306766,9,466,2,7200,1.01931330472
306318,306328,308833,10,2505,2,7200,1.00399201597
306333,306339,309284,6,2945,2,7200,1.00203735144
306337,308376,308573,2039,197,2,3000,11.3502538071
306352,308381,308674,2029,293,2,3000,7.92491467577
306364,306374,308604,10,2230,2,7200,1.00448430493
306402,308585,309050,2183,465,2,3000,5.69462365591
306417,308713,309277,2296,564,2,3000,5.07092198582
306527,306537,307915,10,1378,2,7200,1.00725689405
306542,306548,306652,6,104,2,7200,1.05769230769
306609,306618,308855,9,2237,2,7200,1.00402324542
306636,306644,309053,8,2409,2,7200,1.00332088003
306654,306663,309034,9,2371,2,7200,1.00379586672
306675,306684,307217,9,533,2,7200,1.01688555347
306677,306690,308924,13,2234,2,7200,1.00581915846
306747,306756,308505,9,1749,2,7200,1.0051457976
306768,306777,308640,9,1863,2,7200,1.00483091787
306810,306820,308751,10,1931,2,7200,1.0051786639
306825,306831,309530,6,2699,2,7200,1.00222304557
306859,306867,308852,8,1985,2,7200,1.0040302267
306952,306960,309102,8,2142,2,7200,1.00373482726
307031,307040,307515,9,475,2,7200,1.01894736842
307051,350168,353045,43117,2877,4,54000,15.986791797
307095,307105,308774,10,1669,2,7200,1.00599161174
307110,307119,307584,9,465,2,7200,1.01935483871
307127,352469,357899,45342,5430,4,54000,9.35027624309
307140,308387,309034,1247,647,1,3600,2.92735703246
307143,307153,308809,10,1656,2,7200,1.00603864734
307219,307228,309436,9,2208,2,7200,1.00407608696
307268,353058,407066,45790,54008,4,54000,1.84783735743
307298,307308,308161,10,853,2,7200,1.01172332943
307414,307420,307969,6,549,2,7200,1.01092896175
307429,307437,308847,8,1410,2,7200,1.00567375887
307444,307450,307912,6,462,2,7200,1.01298701299
307514,307522,308016,8,494,2,7200,1.01619433198
307529,307535,309818,6,2283,2,7200,1.00262812089
307544,307550,307611,6,61,2,7200,1.09836065574
307586,307596,308219,10,623,2,7200,1.01605136437
307588,307603,307671,15,68,2,7200,1.22058823529
307611,307617,309089,6,1472,2,7200,1.00407608696
307626,307632,308383,6,751,2,7200,1.00798934754
307674,307682,310485,8,2803,2,7200,1.00285408491
307696,307708,308509,12,801,2,7200,1.01498127341
307804,307814,310475,10,2661,2,7200,1.00375798572
307868,307877,310673,9,2796,2,7200,1.00321888412
307914,307923,308463,9,540,2,7200,1.01666666667
307929,307935,310467,6,2532,2,7200,1.00236966825
307971,307980,309070,9,1090,2,7200,1.00825688073
307990,307998,310267,8,2269,2,7200,1.00352578228
308017,308027,309723,10,1696,2,7200,1.00589622642
308162,308172,310636,10,2464,2,7200,1.00405844156
308178,308185,310342,7,2157,2,7200,1.00324524803
308193,308201,308687,8,486,2,7200,1.01646090535
308220,308230,311208,10,2978,2,7200,1.00335795836
308266,308276,309782,10,1506,2,7200,1.00664010624
308326,308370,309060,44,690,2,7200,1.06376811594
308387,308395,310488,8,2093,2,7200,1.00382226469
308466,308474,309688,8,1214,2,7200,1.00658978583
308508,308516,309130,8,614,2,7200,1.01302931596
308510,308523,310139,13,1616,2,7200,1.00804455446
308595,308603,309441,8,838,2,7200,1.00954653938
308610,308615,310710,5,2095,2,7200,1.00238663484
308631,308639,309132,8,493,2,7200,1.01622718053
308646,308652,308800,6,148,2,7200,1.04054054054
308647,308658,311184,11,2526,2,7200,1.00435471101
308690,308698,311617,8,2919,2,7200,1.00274066461
308733,308742,309236,9,494,2,7200,1.01821862348
308754,308762,309227,8,465,2,7200,1.01720430108
308775,308785,308908,10,123,2,7200,1.08130081301
308802,308811,309126,9,315,2,7200,1.02857142857
308817,308823,310773,6,1950,2,7200,1.00307692308
308835,308848,310497,13,1649,2,7200,1.0078835658
308851,308862,309341,11,479,2,7200,1.02296450939
308866,308874,311534,8,2660,2,7200,1.0030075188
308867,308880,310316,13,1436,2,7200,1.00905292479
308910,308920,310743,10,1823,2,7200,1.00548546352
308925,308935,311201,10,2266,2,7200,1.00441306267
309022,309030,311390,8,2360,2,7200,1.00338983051
309037,309045,310354,8,1309,2,7200,1.00611153552
309055,309068,310142,13,1074,2,7200,1.01210428305
309070,309076,311551,6,2475,2,7200,1.00242424242
309085,309092,311575,7,2483,2,7200,1.00281917036
309101,309107,309163,6,56,2,7200,1.10714285714
309115,309122,311343,7,2221,2,7200,1.00315173345
309131,309137,311756,6,2619,2,7200,1.00229095074
309133,309144,311610,11,2466,2,7200,1.00446066504
309148,309154,311830,6,2676,2,7200,1.00224215247
309166,309174,311266,8,2092,2,7200,1.00382409178
309230,309238,309717,8,479,2,7200,1.01670146138
309230,331939,332163,22709,224,64,300,102.379464286
309231,332194,332393,22963,199,64,300,116.391959799
309231,358060,358252,48829,192,128,300,255.317708333
309231,328795,329106,19564,311,32,300,63.9067524116
309237,332406,332609,23169,203,64,300,115.133004926
309237,329128,329347,19891,219,32,300,91.8264840183
309238,332621,332799,23383,178,64,300,132.365168539
309238,358264,358431,49026,167,128,300,294.568862275
309245,309251,311919,6,2668,2,7200,1.00224887556
309287,309295,310656,8,1361,2,7200,1.00587803086
309342,309352,312289,10,2937,2,7200,1.00340483487
309438,309447,310054,9,607,2,7200,1.01482701812
309453,309461,309906,8,445,2,7200,1.01797752809
309529,309541,311547,12,2006,2,7200,1.00598205384
309690,309699,310277,9,578,2,7200,1.01557093426
309713,322928,323228,13215,300,2,43200,45.05
309720,309732,311842,12,2110,2,7200,1.00568720379
309735,309741,310249,6,508,2,7200,1.01181102362
309784,309799,310269,15,470,2,7200,1.03191489362
309786,309793,310633,7,840,1,3300,1.00833333333
309820,309829,311349,9,1520,2,7200,1.00592105263
309897,323240,323513,13343,273,2,43200,49.8754578755
309908,309917,311885,9,1968,2,7200,1.00457317073
309932,323525,342185,13593,18660,2,43200,1.72845659164
309988,326293,326565,16305,272,2,43200,60.9448529412
310032,310804,314320,772,3516,2,3600,1.21956769056
310056,310065,312651,9,2586,2,7200,1.00348027842
310103,326577,326857,16474,280,2,43200,59.8357142857
310123,313860,314827,3737,967,4,3600,4.8645294726
310123,313549,314557,3426,1008,4,3600,4.39880952381
310124,315701,316966,5577,1265,4,3600,5.40869565217
310124,315694,316561,5570,867,4,3600,7.42445213379
310124,311409,314112,1285,2703,2,3600,1.47539770625
310124,315246,316112,5122,866,4,3600,6.91454965358
310124,314568,315682,4444,1114,4,3600,4.98922800718
310124,314839,315683,4715,844,4,3600,6.586492891
310125,317060,318063,6935,1003,4,3600,7.91425722832
310125,316984,317986,6859,1002,4,3600,7.84530938124
310125,316125,317048,6000,923,4,3600,7.50054171181
310125,316573,317487,6448,914,4,3600,8.05470459519
310140,326869,347280,16729,20411,2,43200,1.81960707462
310141,310150,312499,9,2349,2,7200,1.00383141762
310156,310162,311545,6,1383,2,7200,1.00433839479
310250,310260,311626,10,1366,2,7200,1.00732064422
310268,310279,312286,11,2007,2,7200,1.00548081714
310284,310290,312656,6,2366,2,7200,1.00253592561
310285,310297,312368,12,2071,2,7200,1.00579430227
310289,342197,342478,31908,281,2,43200,114.551601423
310314,347293,347567,36979,274,2,43200,135.959854015
310319,310328,311457,9,1129,2,7200,1.00797165633
310343,310353,312090,10,1737,2,7200,1.00575705239
310358,310366,312717,8,2351,2,7200,1.00340280732
310414,311604,313536,1190,1932,2,3600,1.61594202899
310470,310478,313523,8,3045,2,7200,1.0026272578
310485,310491,311975,6,1484,2,7200,1.00404312668
310486,310498,312088,12,1590,2,7200,1.00754716981
310502,310508,312873,6,2365,2,7200,1.00253699789
310503,310515,312656,12,2141,2,7200,1.00560485754
310640,310648,312187,8,1539,2,7200,1.00519818064
310658,310667,312545,9,1878,2,7200,1.00479233227
310670,311867,313636,1197,1769,2,3600,1.67665347654
310673,310685,311184,12,499,2,7200,1.02404809619
310712,310721,313378,9,2657,2,7200,1.00338727889
310734,347580,347826,36846,246,2,43200,150.780487805
310745,310754,313470,9,2716,2,7200,1.00331369661
310776,310784,311271,8,487,2,7200,1.01642710472
310836,347838,348089,37002,251,2,43200,148.418326693
311187,311195,313658,8,2463,2,7200,1.00324807146
311189,311201,312571,12,1370,2,7200,1.00875912409
311204,311212,313567,8,2355,2,7200,1.0033970276
311219,311225,313428,6,2203,2,7200,1.00272355878
311267,311277,313542,10,2265,2,7200,1.00441501104
311282,311288,311854,6,566,2,7200,1.01060070671
311346,311354,311819,8,465,2,7200,1.01720430108
311361,311367,313713,6,2346,2,7200,1.00255754476
311391,311401,313269,10,1868,2,7200,1.00535331906
311462,311468,313491,6,2023,2,7200,1.00296589224
311528,311545,312470,17,925,2,7200,1.01837837838
311549,311556,314465,7,2909,2,7200,1.0024063252
311551,311564,312997,13,1433,2,7200,1.00907187718
311566,311572,312165,6,593,2,7200,1.01011804384
311581,311588,311651,7,63,2,7200,1.11111111111
311612,311622,312083,10,461,2,7200,1.02169197397
311627,311634,312697,7,1063,2,7200,1.00658513641
311628,311640,312574,12,934,2,7200,1.01284796574
311653,311663,313502,10,1839,2,7200,1.0054377379
311667,348101,348357,36434,256,2,43200,143.3203125
311759,311767,312387,8,620,2,7200,1.01290322581
311765,348368,348620,36603,252,2,43200,146.25
311798,348632,349825,36834,1193,2,43200,31.8751047779
311822,311831,312333,9,502,2,7200,1.01792828685
311823,349837,350174,38014,337,2,43200,113.801186944
311838,311844,314282,6,2438,2,7200,1.00246103363
311853,311859,312602,6,743,2,7200,1.00807537012
311868,311874,314384,6,2510,2,7200,1.00239043825
311887,311896,312414,9,518,2,7200,1.01737451737
311920,311930,314260,10,2330,2,7200,1.00429184549
311936,350186,350514,38250,328,2,43200,117.615853659
311969,350526,351955,38557,1429,2,43200,27.9818054584
311978,311986,314006,8,2020,2,7200,1.00396039604
312084,312094,314012,10,1918,2,7200,1.00521376434
312100,312106,313463,6,1357,2,7200,1.00442151805
312101,312113,312574,12,461,2,7200,1.02603036876
312168,312176,314386,8,2210,2,7200,1.0036199095
312189,312199,314585,10,2386,2,7200,1.00419111484
312289,312298,314385,9,2087,2,7200,1.00431241016
312304,312310,314269,6,1959,2,7200,1.00306278714
312337,312345,315271,8,2926,2,7200,1.002734108
312371,312383,314128,12,1745,2,7200,1.00687679083
312389,312399,314753,10,2354,2,7200,1.00424808836
312416,312426,312896,10,470,2,7200,1.02127659574
312479,312485,312994,6,509,2,7200,1.01178781925
312500,312510,314719,10,2209,2,7200,1.00452693526
312546,312556,314506,10,1950,2,7200,1.00512820513
312574,312582,314672,8,2090,2,7200,1.0038277512
312589,312595,315583,6,2988,2,7200,1.00200803213
312590,312602,313008,12,406,2,7200,1.02955665025
312605,312614,313175,9,561,2,7200,1.01604278075
312654,312662,315129,8,2467,2,7200,1.00324280503
312669,312675,315401,6,2726,2,7200,1.00220102715
312671,312682,314783,11,2101,2,7200,1.00523560209
312698,312708,314979,10,2271,2,7200,1.00440334654
312719,312729,312788,10,59,2,7200,1.16949152542
312789,312799,315561,10,2762,2,7200,1.00362056481
312874,312884,312985,10,101,2,7200,1.09900990099
312899,312907,313730,8,823,2,7200,1.00972053463
312915,312922,314362,7,1440,1,3600,1.00486111111
312988,312996,315448,8,2452,2,7200,1.00326264274
313003,313010,313465,7,455,2,7200,1.01538461538
313004,313015,313521,11,506,2,7200,1.02173913043
313019,313026,313040,7,14,2,7200,1.5
313041,313051,313596,10,545,2,7200,1.01834862385
313182,313189,314724,7,1535,2,7200,1.00456026059
313271,313280,316244,9,2964,2,7200,1.00303643725
313379,313389,314953,10,1564,2,7200,1.00639386189
313431,313440,315912,9,2472,2,7200,1.0036407767
313465,313474,313681,9,207,2,7200,1.04347826087
313480,313486,316078,6,2592,2,7200,1.00231481481
313482,313493,314225,11,732,2,7200,1.0150273224
313497,313504,315346,7,1842,2,7200,1.00380021716
313513,313519,315422,6,1903,2,7200,1.00315291645
313528,313534,314443,6,909,2,7200,1.00660066007
313529,313541,314762,12,1221,2,7200,1.00982800983
313545,313555,314234,10,679,2,7200,1.0147275405
313569,313579,315589,10,2010,2,7200,1.00497512438
313599,313608,315105,9,1497,2,7200,1.00601202405
313660,313669,315470,9,1801,2,7200,1.00499722376
313684,313692,314234,8,542,2,7200,1.0147601476
313714,313724,316517,10,2793,2,7200,1.00358037952
313733,313741,316256,8,2515,2,7200,1.00318091451
314012,314019,314494,7,475,2,7200,1.01473684211
314014,314026,314775,12,749,2,7200,1.01602136182
314143,314149,316154,6,2005,2,7200,1.0029925187
314160,314166,315131,6,965,2,7200,1.00621761658
314228,314237,315378,9,1141,2,7200,1.0078878177
314243,314249,314876,6,627,2,7200,1.00956937799
314245,314256,314349,11,93,2,7200,1.11827956989
314263,314271,314854,8,583,2,7200,1.01372212693
314278,314284,316461,6,2177,2,7200,1.00275608636
314293,314299,316001,6,1702,2,7200,1.00352526439
314350,314360,316678,10,2318,2,7200,1.00431406385
314387,314395,314531,8,136,2,7200,1.05882352941
314388,314401,317077,13,2676,2,7200,1.00485799701
314390,314407,316574,17,2167,2,7200,1.00784494693
314445,314454,314907,9,453,2,7200,1.01986754967
314466,314476,314524,10,48,2,7200,1.20833333333
314496,314505,315329,9,824,2,7200,1.0109223301
314511,314517,316859,6,2342,2,7200,1.00256191289
314527,314536,316893,9,2357,2,7200,1.00381841324
314542,314548,317035,6,2487,2,7200,1.00241254524
314587,314597,316060,10,1463,2,7200,1.00683526999
314675,314683,316173,8,1490,2,7200,1.00536912752
314694,351967,382879,37273,30912,2,57600,2.20577769151
314721,314730,317034,9,2304,2,7200,1.00390625
314736,314742,316804,6,2062,2,7200,1.00290979631
314757,314765,317106,8,2341,2,7200,1.00341734302
314772,314778,315227,6,449,2,7200,1.01336302895
314787,314794,314861,7,67,2,7200,1.10447761194
314789,314801,316875,12,2074,2,7200,1.00578592093
314855,314865,316894,10,2029,2,7200,1.00492853622
314871,314877,315483,6,606,2,7200,1.0099009901
314886,314891,316072,5,1181,2,7200,1.00423370025
314910,314919,315572,9,653,2,7200,1.01378254211
314955,314968,315431,13,463,2,7200,1.02807775378
314980,314990,317375,10,2385,2,7200,1.00419287212
315107,315116,317841,9,2725,2,7200,1.00330275229
315131,315140,316939,9,1799,2,7200,1.00500277932
315228,315238,317957,10,2719,2,7200,1.00367782273
315273,315282,317976,9,2694,2,7200,1.00334075724
315331,315341,315481,10,140,2,7200,1.07142857143
315349,315357,315992,8,635,2,7200,1.0125984252
315379,315390,315970,11,580,2,7200,1.01896551724
315404,315412,317704,8,2292,2,7200,1.0034904014
315425,315433,317198,8,1765,2,7200,1.0045325779
315440,315446,315795,6,349,2,7200,1.01719197708
315455,315461,317682,6,2221,2,7200,1.00270148582
315473,315481,318177,8,2696,2,7200,1.00296735905
315489,315495,315949,6,454,2,7200,1.01321585903
315490,315502,315956,12,454,2,7200,1.02643171806
315563,315572,317591,9,2019,2,7200,1.0044576523
315579,315586,316065,7,479,2,7200,1.01461377871
315594,315600,317764,6,2164,2,7200,1.00277264325
315596,315607,317766,11,2159,2,7200,1.00509495137
315798,315807,316274,9,467,2,7200,1.01927194861
315914,315923,318346,9,2423,2,7200,1.00371440363
315950,315960,316452,10,492,2,7200,1.02032520325
315965,315971,318741,6,2770,2,7200,1.00216606498
315980,315986,318479,6,2493,2,7200,1.00240673887
315995,316003,318289,8,2286,2,7200,1.00349956255
316010,316016,316549,6,533,2,7200,1.01125703565
316062,316072,316609,10,537,2,7200,1.01862197393
316077,316083,318590,6,2507,2,7200,1.00239329876
316079,316090,317739,11,1649,2,7200,1.00667070952
316094,316100,316961,6,861,2,7200,1.00696864111
316157,316165,317537,8,1372,2,7200,1.00583090379
316175,316184,318738,9,2554,2,7200,1.0035238841
316245,316255,316755,10,500,2,7200,1.02
316260,316268,319167,8,2899,2,7200,1.00275957227
316275,316286,317720,11,1434,2,7200,1.00767085077
316454,316464,318517,10,2053,2,7200,1.0048709206
316469,316475,318385,6,1910,2,7200,1.00314136126
316520,316528,317163,8,635,2,7200,1.0125984252
316550,316560,318435,10,1875,2,7200,1.00533333333
316575,316585,317403,10,818,2,7200,1.01222493888
316612,316620,318940,8,2320,2,7200,1.00344827586
316681,316689,317254,8,565,2,7200,1.01415929204
316757,316766,317264,9,498,2,7200,1.01807228916
316805,316815,319172,10,2357,2,7200,1.00424268137
316860,316870,317355,10,485,2,7200,1.0206185567
316878,316886,318698,8,1812,2,7200,1.00441501104
316896,316905,317506,9,601,2,7200,1.0149750416
316898,316910,318136,12,1226,2,7200,1.00978792822
316940,316951,319627,11,2676,2,7200,1.00411061286
316964,316973,319084,9,2111,2,7200,1.00426338228
317037,317045,318537,8,1492,2,7200,1.00536193029
317039,317052,317934,13,882,2,7200,1.01473922902
317078,317089,317543,11,454,2,7200,1.02422907489
317108,317117,317624,9,507,2,7200,1.01775147929
317166,317174,319081,8,1907,2,7200,1.00419507079
317199,317209,318881,10,1672,2,7200,1.00598086124
317257,317265,319383,8,2118,2,7200,1.00377714825
317272,317278,317496,6,218,2,7200,1.02752293578
317357,317366,317431,9,65,2,7200,1.13846153846
317378,317386,318941,8,1555,2,7200,1.00514469453
317405,317415,318408,10,993,2,7200,1.01007049345
317433,317442,317953,9,511,2,7200,1.01761252446
317499,317507,319419,8,1912,2,7200,1.00418410042
317514,317520,318153,6,633,2,7200,1.00947867299
317539,317548,318485,9,937,2,7200,1.00960512273
317554,317560,319432,6,1872,2,7200,1.00320512821
317593,317602,319628,9,2026,2,7200,1.00444225074
317626,317635,319628,9,1993,2,7200,1.00451580532
317684,317693,319628,9,1935,2,7200,1.00465116279
317705,317715,318225,10,510,2,7200,1.01960784314
317724,317731,319628,7,1897,2,7200,1.0036900369
317742,317750,318278,8,528,2,7200,1.01515151515
317767,317774,319628,7,1854,2,7200,1.00377562028
317768,317781,318245,13,464,2,7200,1.02801724138
317844,317852,318569,8,717,2,7200,1.01115760112
317935,317945,319628,10,1683,2,7200,1.00594177065
317957,317965,319628,8,1663,2,7200,1.00481058328
317958,317972,318686,14,714,2,7200,1.01960784314
317979,317988,319628,9,1640,2,7200,1.00548780488
318141,318147,318245,6,98,2,7200,1.0612244898
318157,318164,319628,7,1464,2,7200,1.00478142077
318179,318188,319628,9,1440,2,7200,1.00625
318229,318237,319628,8,1391,2,7200,1.00575125809
318248,318256,319628,8,1372,2,7200,1.00583090379
318250,318262,319628,12,1366,2,7200,1.00878477306
318281,318289,319628,8,1339,2,7200,1.00597460792
318296,318302,319628,6,1326,2,7200,1.00452488688
318356,318362,319628,6,1266,2,7200,1.00473933649
318371,321550,321622,3179,72,3,144000,45.1527777778
318392,318398,319628,6,1230,2,7200,1.00487804878
318415,318421,318937,6,516,2,7200,1.01162790698
318437,318446,319628,9,1182,2,7200,1.0076142132
318491,318497,318540,6,43,2,7200,1.13953488372
318492,318504,319176,12,672,2,7200,1.01785714286
318532,318538,319628,6,1090,2,7200,1.00550458716
318548,318554,319628,6,1074,2,7200,1.00558659218
318552,318561,319628,9,1067,2,7200,1.0084348641
318571,318580,319628,9,1048,2,7200,1.00858778626
318593,318601,319244,8,643,2,7200,1.01244167963
318687,318697,319628,10,931,2,7200,1.01074113856
318702,318710,319161,8,451,2,7200,1.0177383592
318741,318750,319628,9,878,2,7200,1.01025056948
318743,318757,319628,14,871,2,7200,1.01607347876
318882,318893,319537,11,644,2,7200,1.01708074534
318944,318950,319628,6,678,2,7200,1.00884955752
318945,318958,319628,13,670,2,7200,1.01940298507
318947,318963,319628,16,665,2,7200,1.02406015038
319060,319077,321304,17,2227,4,3600,1.00763358779
319060,319072,320496,12,1424,4,3600,1.00842696629
319060,319066,320500,6,1434,4,3600,1.00418410042
319061,319681,321489,620,1808,4,3600,1.34292035398
319061,319686,321503,625,1817,4,3600,1.34397358283
319061,319691,323307,630,3616,4,3600,1.17422566372
319062,320508,322657,1446,2149,4,3600,1.67287110284
319062,321316,322955,2254,1639,4,3600,2.37522879805
319062,320515,323677,1453,3162,4,3600,1.45951929159
319063,321501,322955,2438,1454,4,3600,2.67675378267
319063,321516,323001,2453,1485,4,3600,2.65185185185
319085,319092,319628,7,536,2,7200,1.01305970149
319086,319099,319628,13,529,2,7200,1.02457466919
319163,319172,319628,9,456,2,7200,1.01973684211
319179,319185,319628,6,443,2,7200,1.01354401806
319180,319192,319628,12,436,2,7200,1.02752293578
319182,319198,319628,16,430,2,7200,1.03720930233
319245,319255,319628,10,373,2,7200,1.02680965147
319346,357912,358675,38566,763,2,54000,51.5452162516
319385,319394,319628,9,234,2,7200,1.03846153846
319422,319430,319628,8,198,2,7200,1.0404040404
319437,319443,319628,6,185,2,7200,1.03243243243
319540,319549,319628,9,79,2,7200,1.11392405063
319878,319884,323000,6,3116,2,7200,1.00192554557
319879,319891,322789,12,2898,2,7200,1.00414078675
319881,319896,322854,15,2958,2,7200,1.00507099391
319882,319902,322615,20,2713,2,7200,1.00737191301
319884,319907,322680,23,2773,2,7200,1.00829426614
319885,319912,322854,27,2942,2,7200,1.00917743032
319887,319919,322905,32,2986,2,7200,1.01071667783
319888,319925,323125,37,3200,2,7200,1.0115625
319889,319930,322942,41,3012,2,7200,1.0136122178
319891,319935,323081,44,3146,2,7200,1.01398601399
319892,319941,322864,49,2923,2,7200,1.01676359904
319894,319946,322744,52,2798,2,7200,1.01858470336
319895,319951,323026,56,3075,2,7200,1.01821138211
319897,319956,322772,59,2816,2,7200,1.02095170455
319898,319962,323010,64,3048,2,7200,1.02099737533
319900,319967,322971,67,3004,2,7200,1.02230359521
319901,319972,322838,71,2866,2,7200,1.02477320307
319903,319978,322894,75,2916,2,7200,1.02572016461
319904,319983,323052,79,3069,2,7200,1.02574128381
319905,319988,322961,83,2973,2,7200,1.02791792802
319907,319994,322913,87,2919,2,7200,1.02980472765
319908,319999,323018,91,3019,2,7200,1.03014243127
319910,320004,322966,94,2962,2,7200,1.03173531398
319911,320010,323052,99,3042,2,7200,1.0325443787
319913,320015,323005,102,2990,2,7200,1.03411371237
319915,320022,322944,107,2922,2,7200,1.03661875428
319916,320027,322976,111,2949,2,7200,1.03763987792
319917,320033,322853,116,2820,2,7200,1.04113475177
319919,320038,323052,119,3014,2,7200,1.03948241539
319920,320043,323056,123,3013,2,7200,1.0408230999
319922,320049,322997,127,2948,2,7200,1.04308005427
319923,320054,322929,131,2875,2,7200,1.04556521739
319924,320059,322912,135,2853,2,7200,1.04731861199
319926,320065,322890,139,2825,2,7200,1.04920353982
319927,320070,323380,143,3310,2,7200,1.04320241692
319929,320075,323139,146,3064,2,7200,1.04765013055
319930,320081,323087,151,3006,2,7200,1.0502328676
319932,320086,322936,154,2850,2,7200,1.05403508772
319933,320091,322945,158,2854,2,7200,1.05536089699
319935,320096,323022,161,2926,2,7200,1.05502392344
322346,322669,323214,323,545,2,600,1.59266055046
322616,322626,325983,10,3357,2,7200,1.00297885016
322682,322691,325811,9,3120,2,7200,1.00288461538
322745,322756,325745,11,2989,2,7200,1.00368016059
322775,322784,325642,9,2858,2,7200,1.00314905528
322790,322800,325977,10,3177,2,7200,1.00314762354
322841,322849,325866,8,3017,2,7200,1.0026516407
322856,322864,325821,8,2957,2,7200,1.00270544471
322857,322871,325786,14,2915,2,7200,1.00480274443
322859,322876,325982,17,3106,2,7200,1.00547327753
322874,322883,325837,9,2954,2,7200,1.00304671632
322892,322901,325898,9,2997,2,7200,1.003003003
322907,322913,325941,6,3028,2,7200,1.00198150594
322908,322920,325933,12,3013,2,7200,1.00398274145
322923,322934,325812,11,2878,2,7200,1.00382209868
322924,322939,325914,15,2975,2,7200,1.00504201681
322940,322947,325863,7,2916,2,7200,1.0024005487
322941,322953,326048,12,3095,2,7200,1.00387722132
322957,322963,326082,6,3119,2,7200,1.00192369349
322958,322970,326029,12,3059,2,7200,1.0039228506
322960,322975,325905,15,2930,2,7200,1.00511945392
322977,322982,325935,5,2953,2,7200,1.00169319336
322978,322989,326073,11,3084,2,7200,1.00356679637
322979,322994,326350,15,3356,2,7200,1.00446960667
322981,323000,325911,19,2911,2,7200,1.00652696668
322999,323009,326092,10,3083,2,7200,1.0032435939
323014,323021,326037,7,3016,2,7200,1.00232095491
323016,323028,326202,12,3174,2,7200,1.00378071834
323017,323033,326108,16,3075,2,7200,1.00520325203
323033,323040,326235,7,3195,2,7200,1.00219092332
323034,323046,326071,12,3025,2,7200,1.00396694215
323035,323052,326068,17,3016,2,7200,1.00563660477
323051,323063,325891,12,2828,2,7200,1.00424328147
323052,323068,325843,16,2775,2,7200,1.00576576577
323067,323075,326011,8,2936,2,7200,1.00272479564
323069,323081,326073,12,2992,2,7200,1.00401069519
323084,323092,326177,8,3085,2,7200,1.00259319287
323098,323105,326205,7,3100,2,7200,1.00225806452
323125,323136,326152,11,3016,2,7200,1.00364721485
323140,323151,326251,11,3100,2,7200,1.0035483871
323382,323391,326297,9,2906,2,7200,1.00309704061
323681,358767,402013,35086,43246,8,43200,1.81131202886
325644,325653,328591,9,2938,2,7200,1.00306330837
325746,325756,328447,10,2691,2,7200,1.00371609067
325761,325768,325770,7,2,1,360000,1.0
325788,325798,328636,10,2838,2,7200,1.00352360817
325813,325829,328733,16,2904,2,7200,1.00550964187
325814,325822,328870,8,3048,2,7200,1.00262467192
325829,325836,328823,7,2987,2,7200,1.00234348845
325844,325851,329089,7,3238,2,7200,1.00216182829
325845,325858,328932,13,3074,2,7200,1.00422901757
325867,325875,328858,8,2983,2,7200,1.0026818639
325868,325882,329011,14,3129,2,7200,1.00447427293
325892,325902,328888,10,2986,2,7200,1.00334896182
325908,325914,328662,6,2748,2,7200,1.00218340611
325909,325922,328614,13,2692,2,7200,1.00482912333
325924,325930,328866,6,2936,2,7200,1.00204359673
325926,325937,328962,11,3025,2,7200,1.00363636364
325941,325948,328902,7,2954,2,7200,1.00236966825
325942,325953,329095,11,3142,2,7200,1.00350095481
325944,325960,329222,16,3262,2,7200,1.00490496628
325980,325989,329277,9,3288,2,7200,1.00273722628
325995,326002,328887,7,2885,2,7200,1.00242634315
325997,326009,329069,12,3060,2,7200,1.00392156863
326015,326024,328967,9,2943,2,7200,1.00305810398
326033,326040,329203,7,3163,2,7200,1.00221308884
326048,326054,329002,6,2948,2,7200,1.00203527815
326063,326069,328924,6,2855,2,7200,1.00210157618
326078,326085,329152,7,3067,2,7200,1.00228236061
326080,326092,329232,12,3140,2,7200,1.00382165605
326081,326098,329130,17,3032,2,7200,1.00560686016
326083,326103,329106,20,3003,2,7200,1.00666000666
326098,326109,329306,11,3197,2,7200,1.00344072568
326099,326115,329142,16,3027,2,7200,1.00528576148
326114,326122,329046,8,2924,2,7200,1.00273597811
326154,326163,329167,9,3004,2,7200,1.00299600533
326179,326188,329058,9,2870,2,7200,1.0031358885
326206,326214,329116,8,2902,2,7200,1.0027567195
326207,326221,329176,14,2955,2,7200,1.00473773266
326237,326246,329194,9,2948,2,7200,1.00305291723
326255,326264,329194,9,2930,2,7200,1.00307167235
326300,326308,329240,8,2932,2,7200,1.00272851296
326351,326362,329171,11,2809,2,7200,1.00391598434
327152,327159,327548,7,389,1,610,1.01799485861
327689,327695,327791,6,96,1,610,1.0625
328185,328192,328360,7,168,1,610,1.04166666667
328454,328460,331509,6,3049,2,7200,1.00196785831
328593,328602,331607,9,3005,2,7200,1.00299500832
328615,328625,331796,10,3171,2,7200,1.00315357931
328639,328647,331696,8,3049,2,7200,1.00262381109
328663,328673,331600,10,2927,2,7200,1.00341646737
328735,328744,331820,9,3076,2,7200,1.00292587776
328825,328834,331915,9,3081,2,7200,1.0029211295
328859,328870,331899,11,3029,2,7200,1.00363156157
328875,328881,331833,6,2952,2,7200,1.00203252033
328877,328888,331879,11,2991,2,7200,1.00367769977
328892,328898,331867,6,2969,2,7200,1.00202088245
328893,328905,331900,12,2995,2,7200,1.0040066778
328908,328915,331893,7,2978,2,7200,1.00235057085
328924,328935,331897,11,2962,2,7200,1.00371370695
328939,328945,331961,6,3016,2,7200,1.00198938992
328963,328973,331822,10,2849,2,7200,1.00351000351
328978,328985,331738,7,2753,2,7200,1.00254268071
329003,329013,332319,10,3306,2,7200,1.00302480339
329017,329024,332042,7,3018,2,7200,1.00231941683
329048,329057,332161,9,3104,2,7200,1.00289948454
329063,329070,331856,7,2786,2,7200,1.00251256281
329078,329084,332199,6,3115,2,7200,1.00192616372
329094,329100,332130,6,3030,2,7200,1.00198019802
329109,329115,332231,6,3116,2,7200,1.00192554557
329111,329122,331982,11,2860,2,7200,1.00384615385
329126,329134,332085,8,2951,2,7200,1.00271094544
329141,329147,331971,6,2824,2,7200,1.00212464589
329157,329163,331961,6,2798,2,7200,1.00214438885
329159,329170,332032,11,2862,2,7200,1.00384346611
329174,329180,332436,6,3256,2,7200,1.00184275184
329175,329187,332156,12,2969,2,7200,1.0040417649
329190,329196,332172,6,2976,2,7200,1.00201612903
329205,329212,332164,7,2952,2,7200,1.00237127371
329207,329219,332401,12,3182,2,7200,1.00377121307
329208,329224,332265,16,3041,2,7200,1.00526142716
329223,329234,332241,11,3007,2,7200,1.00365813103
329238,329245,332126,7,2881,2,7200,1.00242971191
329253,329259,332292,6,3033,2,7200,1.00197823937
329281,329289,332246,8,2957,2,7200,1.00270544471
329283,329295,329527,12,232,1,610,1.05172413793
329308,329318,332151,10,2833,2,7200,1.00352982704
329701,329707,332298,6,2591,4,3600,1.00231570822
329957,333862,342191,3905,8329,16,18000,1.46884379878
329958,342570,353541,12612,10971,16,18000,2.14957615532
329958,333890,344302,3932,10412,16,18000,1.37764118325
329958,333868,342065,3910,8197,16,18000,1.47700378187
330192,330199,330541,7,342,1,610,1.02046783626
330383,330389,330462,6,73,2,3600,1.08219178082
330383,330396,330462,13,66,2,3600,1.19696969697
330384,330412,330477,28,65,2,3600,1.43076923077
330384,330401,330455,17,54,2,3600,1.31481481481
330384,330407,330473,23,66,2,3600,1.34848484848
330384,330417,330484,33,67,2,3600,1.49253731343
330385,330422,330486,37,64,2,3600,1.578125
330385,330428,330497,43,69,2,3600,1.6231884058
330385,330438,330509,53,71,2,3600,1.74647887324
330385,330433,330501,48,68,2,3600,1.70588235294
330386,330444,330504,58,60,2,3600,1.96666666667
331080,331088,331725,8,637,1,610,1.0125588697
331335,331359,331398,24,39,2,3600,1.61538461538
331335,331342,331379,7,37,2,3600,1.18918918919
331335,331352,331393,17,41,2,3600,1.41463414634
331335,331347,331385,12,38,2,3600,1.31578947368
331336,331368,331403,32,35,2,3600,1.91428571429
331336,331373,331413,37,40,2,3600,1.925
331336,331378,331418,42,40,2,3600,2.05
331337,331400,331435,63,35,2,3600,2.8
331337,331394,331431,57,37,2,3600,2.54054054054
331337,331389,331423,52,34,2,3600,2.52941176471
331337,331384,331428,47,44,2,3600,2.06818181818
331511,331521,334533,10,3012,2,7200,1.00332005312
331602,331611,334663,9,3052,2,7200,1.00294888598
331617,331623,334706,6,3083,2,7200,1.00194615634
331698,331707,334566,9,2859,2,7200,1.00314795383
331740,331750,334724,10,2974,2,7200,1.00336247478
331797,331807,334944,10,3137,2,7200,1.00318775901
331821,331831,334738,10,2907,2,7200,1.00343997248
331836,331842,334668,6,2826,2,7200,1.00212314225
331838,331849,334848,11,2999,2,7200,1.0036678893
331859,331867,334865,8,2998,2,7200,1.00266844563
331874,331879,334997,5,3118,2,7200,1.00160359205
331888,331895,335105,7,3210,2,7200,1.00218068536
331904,331910,334901,6,2991,2,7200,1.00200601805
331905,331916,334938,11,3022,2,7200,1.00363997353
331907,331922,334967,15,3045,2,7200,1.00492610837
331908,331927,334737,19,2810,2,7200,1.00676156584
331923,331933,334903,10,2970,2,7200,1.00336700337
331965,331973,334957,8,2984,2,7200,1.00268096515
331966,331979,334882,13,2903,2,7200,1.00447812608
331982,331988,335109,6,3121,2,7200,1.00192246075
331996,332002,335114,6,3112,2,7200,1.00192802057
332032,332043,334869,11,2826,2,7200,1.00389242746
332048,332055,335172,7,3117,2,7200,1.00224574912
332090,332096,335253,6,3157,2,7200,1.00190053849
332131,332137,335127,6,2990,2,7200,1.00200668896
332149,332155,335112,6,2957,2,7200,1.00202908353
332165,332171,335045,6,2874,2,7200,1.00208768267
332167,332178,334956,11,2778,2,7200,1.00395968323
332168,332183,335224,15,3041,2,7200,1.00493258796
332172,332188,335370,16,3182,2,7200,1.0050282841
332187,332200,335291,13,3091,2,7200,1.00420575865
332203,332210,335018,7,2808,2,7200,1.00249287749
332234,332242,335257,8,3015,2,7200,1.00265339967
332251,332257,335230,6,2973,2,7200,1.00201816347
332252,332264,335314,12,3050,2,7200,1.00393442623
332267,332276,335162,9,2886,2,7200,1.00311850312
332294,332303,335275,9,2972,2,7200,1.0030282638
332322,332330,335447,8,3117,2,7200,1.00256657042
332361,333642,333850,1281,208,32,600,7.15865384615
332361,332811,333008,450,197,64,600,3.28426395939
332362,333021,333224,659,203,64,600,4.24630541872
332365,333647,333878,1282,231,32,600,6.54978354978
332365,333237,333425,872,188,64,600,5.63829787234
332366,333437,333630,1071,193,64,600,6.54922279793
332393,332411,332555,18,144,2,3540,1.125
332404,332418,335288,14,2870,2,7200,1.00487804878
332438,332447,335649,9,3202,2,7200,1.00281074329
332623,332630,333308,7,678,1,1210,1.01032448378
334006,342077,342753,8071,676,1,1210,12.9393491124
334534,334544,337797,10,3253,2,7200,1.00307408546
334567,334577,337638,10,3061,2,7200,1.00326690624
334667,334675,337586,8,2911,2,7200,1.0027481965
334682,334688,337596,6,2908,2,7200,1.00206327373
334709,334717,337683,8,2966,2,7200,1.00269723533
334727,334735,337622,8,2887,2,7200,1.0027710426
334742,334748,337599,6,2851,2,7200,1.00210452473
334744,334755,337855,11,3100,2,7200,1.0035483871
334849,334859,338104,10,3245,2,7200,1.0030816641
334867,334876,338030,9,3154,2,7200,1.00285351934
334882,334888,337835,6,2947,2,7200,1.00203596878
334896,334903,337976,7,3073,2,7200,1.00227790433
334912,334918,337793,6,2875,2,7200,1.00208695652
334913,334925,337913,12,2988,2,7200,1.00401606426
334940,334949,337817,9,2868,2,7200,1.00313807531
334955,334961,337910,6,2949,2,7200,1.002034588
334970,334976,338082,6,3106,2,7200,1.00193174501
334972,334983,337979,11,2996,2,7200,1.00367156208
334973,334989,338028,16,3039,2,7200,1.00526488977
334999,335008,337895,9,2887,2,7200,1.00311742293
335020,335029,338027,9,2998,2,7200,1.00300200133
335047,335056,338136,9,3080,2,7200,1.00292207792
335107,335117,338099,10,2982,2,7200,1.00335345406
335123,335129,338212,6,3083,2,7200,1.00194615634
335124,335136,338226,12,3090,2,7200,1.00388349515
335126,335141,338139,15,2998,2,7200,1.00500333556
335141,335148,338250,7,3102,2,7200,1.00225660864
335164,335174,337996,10,2822,2,7200,1.00354358611
335179,335185,338202,6,3017,2,7200,1.00198873053
335224,335235,338436,11,3201,2,7200,1.00343642612
335239,335246,338096,7,2850,2,7200,1.00245614035
335254,335264,338365,10,3101,2,7200,1.0032247662
335269,335275,338258,6,2983,2,7200,1.00201139792
335284,335290,338339,6,3049,2,7200,1.00196785831
335299,335305,338303,6,2998,2,7200,1.00200133422
335300,335312,338675,12,3363,2,7200,1.00356824264
335315,335325,338422,10,3097,2,7200,1.00322893122
335373,335381,338534,8,3153,2,7200,1.0025372661
335448,335458,338331,10,2873,2,7200,1.00348068221
335650,335660,338661,10,3001,2,7200,1.00333222259
336771,342490,342559,5719,69,32,300,83.884057971
337590,337598,340619,8,3021,2,7200,1.00264812976
337605,337611,340506,6,2895,2,7200,1.00207253886
337606,337618,340547,12,2929,2,7200,1.00409696142
337624,337633,340518,9,2885,2,7200,1.00311958406
337639,337649,340741,10,3092,2,7200,1.00323415265
337685,337695,340491,10,2796,2,7200,1.00357653791
337796,337805,340840,9,3035,2,7200,1.00296540362
337811,337817,340790,6,2973,2,7200,1.00201816347
337826,337832,341023,6,3191,2,7200,1.00188028831
337841,337846,340769,5,2923,2,7200,1.00171057133
337855,337866,340789,11,2923,2,7200,1.00376325693
337898,337906,341133,8,3227,2,7200,1.00247908274
337913,337921,340741,8,2820,2,7200,1.00283687943
337928,337934,340709,6,2775,2,7200,1.00216216216
337979,337987,340747,8,2760,2,7200,1.00289855072
337980,337993,340946,13,2953,2,7200,1.00440230274
337998,338007,341108,9,3101,2,7200,1.00290228958
338029,338039,341020,10,2981,2,7200,1.003354579
338030,338044,341015,14,2971,2,7200,1.00471221811
338045,338051,340805,6,2754,2,7200,1.00217864924
338084,338093,341524,9,3431,2,7200,1.00262314194
338099,338107,340679,8,2572,2,7200,1.00311041991
338101,338114,341403,13,3289,2,7200,1.00395256917
338116,338123,341115,7,2992,2,7200,1.00233957219
338137,338148,341227,11,3079,2,7200,1.0035725885
338152,338158,341173,6,3015,2,7200,1.00199004975
338203,338213,341241,10,3028,2,7200,1.00330250991
338218,338225,340858,7,2633,2,7200,1.00265856438
338233,338239,341407,6,3168,2,7200,1.00189393939
338251,338261,341378,10,3117,2,7200,1.00320821303
338266,338272,341213,6,2941,2,7200,1.00204012241
338305,338315,341214,10,2899,2,7200,1.00344946533
338332,338343,341233,11,2890,2,7200,1.00380622837
338347,338353,341447,6,3094,2,7200,1.00193923723
338368,338376,341347,8,2971,2,7200,1.00269269606
338425,338433,341443,8,3010,2,7200,1.00265780731
338440,338448,341477,8,3029,2,7200,1.00264113569
338537,338545,341611,8,3066,2,7200,1.00260926288
338663,338673,341510,10,2837,2,7200,1.00352485019
338678,338687,341516,9,2829,2,7200,1.00318133616
340494,340503,343538,9,3035,2,7200,1.00296540362
340509,340519,343849,10,3330,2,7200,1.003003003
340524,340531,343318,7,2787,2,7200,1.00251166128
340548,340558,343385,10,2827,2,7200,1.00353731871
340620,340630,343625,10,2995,2,7200,1.00333889816
340680,340690,343595,10,2905,2,7200,1.00344234079
340710,340721,344047,11,3326,2,7200,1.00330727601
340744,340752,343749,8,2997,2,7200,1.002669336
340745,340758,343985,13,3227,2,7200,1.00402850945
340760,340766,343761,6,2995,2,7200,1.0020033389
340775,340780,343829,5,3049,2,7200,1.00163988193
340790,340800,343774,10,2974,2,7200,1.00336247478
340805,340811,343581,6,2770,2,7200,1.00216606498
340820,340826,343968,6,3142,2,7200,1.00190961171
340841,340851,343853,10,3002,2,7200,1.00333111259
340859,340869,343924,10,3055,2,7200,1.00327332242
340949,340957,343963,8,3006,2,7200,1.00266134398
341019,341026,343842,7,2816,2,7200,1.00248579545
341033,341040,344356,7,3316,2,7200,1.00211097708
341035,341047,344119,12,3072,2,7200,1.00390625
341110,341119,344093,9,2974,2,7200,1.0030262273
341125,341131,343965,6,2834,2,7200,1.00211714891
341140,341146,344289,6,3143,2,7200,1.00190900414
341176,341184,344025,8,2841,2,7200,1.00281590989
341216,341224,344376,8,3152,2,7200,1.00253807107
341217,341230,344303,13,3073,2,7200,1.00423039375
341232,341238,344341,6,3103,2,7200,1.00193361263
341247,341254,344495,7,3241,2,7200,1.00215982721
341249,341260,343977,11,2717,2,7200,1.004048583
341348,341359,344220,11,2861,2,7200,1.00384480951
341378,341389,344229,11,2840,2,7200,1.00387323944
341405,341415,344371,10,2956,2,7200,1.00338294993
341420,341426,344373,6,2947,2,7200,1.00203596878
341444,341454,344454,10,3000,2,7200,1.00333333333
341460,341466,344486,6,3020,2,7200,1.00198675497
341481,341489,344312,8,2823,2,7200,1.00283386468
341511,341522,344553,11,3031,2,7200,1.00362916529
341526,341532,344430,6,2898,2,7200,1.00207039337
341527,341538,344575,11,3037,2,7200,1.00362199539
341612,341622,344679,10,3057,2,7200,1.0032711809
342660,358750,369416,16090,10666,16,18000,2.50853178324
342685,342692,360715,7,18023,16,18000,1.00038839261
342685,344314,358048,1629,13734,16,18000,1.11861074705
342686,358761,366548,16075,7787,16,18000,3.06433799923
342686,358756,367061,16070,8305,16,18000,2.93497892836
343162,343169,343306,7,137,1,240,1.05109489051
343320,343329,346603,9,3274,2,7200,1.00274893097
343386,343396,346227,10,2831,2,7200,1.00353232073
343539,343549,346593,10,3044,2,7200,1.00328515112
343585,343593,346524,8,2931,2,7200,1.00272944388
343600,343606,346907,6,3301,2,7200,1.00181763102
343627,343636,346720,9,3084,2,7200,1.00291828794
343750,343761,346694,11,2933,2,7200,1.00375042618
343765,343772,346771,7,2999,2,7200,1.00233411137
343783,343789,347186,6,3397,2,7200,1.00176626435
343831,343840,346657,9,2817,2,7200,1.00319488818
343846,343853,346670,7,2817,2,7200,1.00248491303
343861,343867,346984,6,3117,2,7200,1.00192492782
343863,343874,346923,11,3049,2,7200,1.00360774024
343926,343936,346918,10,2982,2,7200,1.00335345406
343965,343976,346786,11,2810,2,7200,1.00391459075
343967,343982,346972,15,2990,2,7200,1.00501672241
343982,343989,346856,7,2867,2,7200,1.00244157656
343983,343995,347176,12,3181,2,7200,1.00377239862
343998,344004,346965,6,2961,2,7200,1.00202634245
344025,344036,346757,11,2721,2,7200,1.00404263139
344050,344058,347008,8,2950,2,7200,1.00271186441
344095,344104,347069,9,2965,2,7200,1.00303541315
344122,344131,347353,9,3222,2,7200,1.00279329609
344221,344231,347200,10,2969,2,7200,1.00336813742
344236,344242,347467,6,3225,2,7200,1.00186046512
344290,344300,347335,10,3035,2,7200,1.00329489292
344305,344320,347262,15,2942,2,7200,1.0050985724
344320,344327,347456,7,3129,2,7200,1.00223713647
344344,344352,347320,8,2968,2,7200,1.00269541779
344359,344367,347535,8,3168,2,7200,1.00252525253
344375,344383,347235,8,2852,2,7200,1.00280504909
344376,344390,347547,14,3157,2,7200,1.0044345898
344391,344397,347381,6,2984,2,7200,1.00201072386
344430,344441,347440,11,2999,2,7200,1.0036678893
344457,344466,347460,9,2994,2,7200,1.00300601202
344487,344497,347418,10,2921,2,7200,1.00342348511
344502,344508,347340,6,2832,2,7200,1.00211864407
344556,344564,347774,8,3210,2,7200,1.00249221184
344577,344587,347626,10,3039,2,7200,1.0032905561
344680,344690,347668,10,2978,2,7200,1.00335795836
345048,350717,351050,5669,333,64,600,18.024024024
345049,358442,358739,13393,297,128,600,46.0942760943
345049,349439,349893,4390,454,32,600,10.6696035242
345049,351061,351383,6012,322,64,600,19.6708074534
346229,346238,349288,9,3050,2,7200,1.00295081967
346527,346536,349367,9,2831,2,7200,1.00317908866
346596,346604,349687,8,3083,2,7200,1.00259487512
346611,346617,349868,6,3251,2,7200,1.00184558597
346659,346668,349619,9,2951,2,7200,1.00304981362
346674,346682,349669,8,2987,2,7200,1.00267827251
346695,346706,349764,11,3058,2,7200,1.0035971223
346722,346732,349745,10,3013,2,7200,1.00331895121
346758,346768,349652,10,2884,2,7200,1.00346740638
346773,346782,349803,9,3021,2,7200,1.00297914598
346788,346798,350058,10,3260,2,7200,1.00306748466
346857,346867,349854,10,2987,2,7200,1.00334784064
346909,346919,350203,10,3284,2,7200,1.00304506699
346924,346929,349987,5,3058,2,7200,1.00163505559
346925,346936,349957,11,3021,2,7200,1.00364117842
346967,346976,350293,9,3317,2,7200,1.00271329515
346982,346988,349946,6,2958,2,7200,1.00202839757
346997,347003,350325,6,3322,2,7200,1.00180614088
347012,347019,349948,7,2929,2,7200,1.00238989416
347069,347080,350021,11,2941,2,7200,1.00374022441
347178,347187,350317,9,3130,2,7200,1.00287539936
347193,347199,350204,6,3005,2,7200,1.00199667221
347208,347214,350159,6,2945,2,7200,1.00203735144
347238,347246,350387,8,3141,2,7200,1.00254695957
347265,347273,350256,8,2983,2,7200,1.0026818639
347322,347332,350215,10,2883,2,7200,1.00346860909
347337,347346,350015,9,2669,2,7200,1.00337204946
347352,347359,350386,7,3027,2,7200,1.00231252065
347367,347373,350410,6,3037,2,7200,1.00197563385
347382,347392,350440,10,3048,2,7200,1.0032808399
347421,347429,350607,8,3178,2,7200,1.00251730648
347443,347451,350328,8,2877,2,7200,1.00278067431
347457,347467,350445,10,2978,2,7200,1.00335795836
347473,347479,350231,6,2752,2,7200,1.00218023256
347474,347486,350296,12,2810,2,7200,1.00427046263
347538,347546,350761,8,3215,2,7200,1.00248833593
347553,347559,350800,6,3241,2,7200,1.00185128047
347628,347637,350329,9,2692,2,7200,1.00334323923
347670,347679,350498,9,2819,2,7200,1.0031926215
347775,347785,350634,10,2849,2,7200,1.00351000351
349291,349300,352235,9,2935,2,7200,1.00306643952
349369,349379,352383,10,3004,2,7200,1.00332889481
349619,349630,352735,11,3105,2,7200,1.00354267311
349657,349663,352744,6,3081,2,7200,1.00194741967
349672,349680,352887,8,3207,2,7200,1.00249454319
349690,349698,352789,8,3091,2,7200,1.00258815917
349748,349757,352638,9,2881,2,7200,1.00312391531
349766,349775,352554,9,2779,2,7200,1.00323857503
349806,349814,352925,8,3111,2,7200,1.00257152041
349857,349866,352674,9,2808,2,7200,1.00320512821
349872,349880,352754,8,2874,2,7200,1.0027835769
349947,349957,353067,10,3110,2,7200,1.00321543408
349963,349968,353023,5,3055,2,7200,1.00163666121
349964,349975,353242,11,3267,2,7200,1.00336700337
349988,349998,352927,10,2929,2,7200,1.00341413452
350018,350026,352981,8,2955,2,7200,1.0027072758
350033,350039,353000,6,2961,2,7200,1.00202634245
350060,350069,353260,9,3191,2,7200,1.00282043247
350163,350174,353409,11,3235,2,7200,1.00340030912
350205,350215,353086,10,2871,2,7200,1.00348310693
350206,350220,353186,14,2966,2,7200,1.00472016183
350221,350227,352812,6,2585,2,7200,1.00232108317
350236,350242,353356,6,3114,2,7200,1.00192678227
350257,350267,353387,10,3120,2,7200,1.00320512821
350297,350304,353258,7,2954,2,7200,1.00236966825
350298,350311,353321,13,3010,2,7200,1.00431893688
350319,350328,353197,9,2869,2,7200,1.00313698153
350335,350341,353193,6,2852,2,7200,1.00210378682
350336,350348,353377,12,3029,2,7200,1.00396170353
350338,350353,353376,15,3023,2,7200,1.00496195832
350389,350397,353385,8,2988,2,7200,1.00267737617
350390,350403,353508,13,3105,2,7200,1.00418679549
350412,350422,353541,10,3119,2,7200,1.00320615582
350442,350451,353391,9,2940,2,7200,1.00306122449
350457,350463,353474,6,3011,2,7200,1.00199269346
350499,350509,353538,10,3029,2,7200,1.00330141961
350610,350618,353540,8,2922,2,7200,1.00273785079
350637,350646,353699,9,3053,2,7200,1.00294792008
350762,350772,353788,10,3016,2,7200,1.00331564987
350803,350811,353850,8,3039,2,7200,1.00263244488
352229,352246,355151,17,2905,2,7200,1.00585197935
352386,352394,355206,8,2812,2,7200,1.00284495021
352555,352565,355574,10,3009,2,7200,1.00332336324
352639,352649,355560,10,2911,2,7200,1.00343524562
352675,352685,355454,10,2769,2,7200,1.00361141206
352738,352746,355545,8,2799,2,7200,1.00285816363
352753,352760,355640,7,2880,2,7200,1.00243055556
352768,352774,355775,6,3001,2,7200,1.00199933356
352789,352800,355837,11,3037,2,7200,1.00362199539
352813,352824,356075,11,3251,2,7200,1.00338357428
352889,352899,355898,10,2999,2,7200,1.00333444481
352928,352936,356201,8,3265,2,7200,1.00245022971
352930,352942,356115,12,3173,2,7200,1.00378190986
352984,352992,355985,8,2993,2,7200,1.00267290344
353002,353011,356194,9,3183,2,7200,1.00282752121
353026,353034,356035,8,3001,2,7200,1.00266577807
353068,353078,356041,10,2963,2,7200,1.00337495781
353086,353097,356201,11,3104,2,7200,1.00354381443
353189,353197,356290,8,3093,2,7200,1.00258648561
353204,353210,355994,6,2784,2,7200,1.00215517241
353205,353217,356451,12,3234,2,7200,1.00371057514
353245,353253,356393,8,3140,2,7200,1.0025477707
353260,353269,356199,9,2930,2,7200,1.00307167235
353274,353281,356207,7,2926,2,7200,1.0023923445
353323,353333,356451,10,3118,2,7200,1.00320718409
353359,353367,356073,8,2706,2,7200,1.0029563932
353377,353387,356449,10,3062,2,7200,1.00326583932
353393,353400,356578,7,3178,2,7200,1.00220264317
353394,353405,356258,11,2853,2,7200,1.00385559061
353396,353412,356652,16,3240,2,7200,1.0049382716
353397,353417,356461,20,3044,2,7200,1.00657030223
353412,353424,356203,12,2779,2,7200,1.00431810004
353475,353485,356395,10,2910,2,7200,1.00343642612
353508,353519,356388,11,2869,2,7200,1.00383408853
353539,353549,356587,10,3038,2,7200,1.00329163924
353554,353560,356572,6,3012,2,7200,1.00199203187
353555,353567,356543,12,2976,2,7200,1.00403225806
353700,353710,356844,10,3134,2,7200,1.00319081047
353791,353799,356733,8,2934,2,7200,1.00272665303
353851,353861,357032,10,3171,2,7200,1.00315357931
355152,355163,358161,11,2998,2,7200,1.00366911274
355209,355218,358206,9,2988,2,7200,1.00301204819
355456,355465,358484,9,3019,2,7200,1.00298111958
355547,355557,358303,10,2746,2,7200,1.0036416606
355561,355571,358670,10,3099,2,7200,1.00322684737
355576,355585,358752,9,3167,2,7200,1.00284180613
355643,355651,358618,8,2967,2,7200,1.00269632626
355778,355786,358820,8,3034,2,7200,1.00263678312
355838,355848,359081,10,3233,2,7200,1.00309310238
355902,355910,358745,8,2835,2,7200,1.00282186949
355986,355996,358677,10,2681,2,7200,1.00372995151
356001,356007,359148,6,3141,2,7200,1.00191021968
356037,356047,359046,10,2999,2,7200,1.00333444481
356052,356058,358972,6,2914,2,7200,1.00205902539
356073,356084,359120,11,3036,2,7200,1.00362318841
356088,356096,359113,8,3017,2,7200,1.0026516407
356118,356126,358959,8,2833,2,7200,1.00282386163
356196,356205,359034,9,2829,2,7200,1.00318133616
356212,356218,359260,6,3042,2,7200,1.00197238659
356213,356224,359399,11,3175,2,7200,1.00346456693
356214,356229,359204,15,2975,2,7200,1.00504201681
356216,356235,359192,19,2957,2,7200,1.00642543118
356217,356240,359249,23,3009,2,7200,1.00764373546
356259,356270,359239,11,2969,2,7200,1.00370495116
356293,356301,359389,8,3088,2,7200,1.00259067358
356389,356399,359358,10,2959,2,7200,1.00337952011
356404,356410,359420,6,3010,2,7200,1.00199335548
356406,356417,359432,11,3015,2,7200,1.00364842454
356451,356460,359456,9,2996,2,7200,1.00300400534
356453,356467,359259,14,2792,2,7200,1.00501432665
356454,356472,359687,18,3215,2,7200,1.00559875583
356469,356479,359369,10,2890,2,7200,1.00346020761
356544,356554,359814,10,3260,2,7200,1.00306748466
356574,356583,359653,9,3070,2,7200,1.00293159609
356589,356596,359575,7,2979,2,7200,1.00234978181
356591,356603,359868,12,3265,2,7200,1.00367534456
356654,356663,359605,9,2942,2,7200,1.00305914344
356735,356745,359514,10,2769,2,7200,1.00361141206
356847,356855,359926,8,3071,2,7200,1.00260501465
357034,357043,360153,9,3110,2,7200,1.00289389068
358166,358172,361250,6,3078,2,7200,1.00194931774
358209,358217,361165,8,2948,2,7200,1.00271370421
358306,358318,361536,12,3218,2,7200,1.00372902424
358485,358495,361592,10,3097,2,7200,1.00322893122
358623,358629,361364,6,2735,2,7200,1.00219378428
358671,358681,361841,10,3160,2,7200,1.00316455696
358686,358693,361836,7,3143,2,7200,1.00222717149
358746,358773,361803,27,3030,2,7200,1.00891089109
358761,358779,361890,18,3111,2,7200,1.00578592093
358821,358832,362091,11,3259,2,7200,1.00337526849
358960,358970,361763,10,2793,2,7200,1.00358037952
358975,358983,361893,8,2910,2,7200,1.00274914089
359035,359045,361884,10,2839,2,7200,1.00352236703
359050,359056,362255,6,3199,2,7200,1.00187558612
359083,359093,362321,10,3228,2,7200,1.00309789343
359114,359124,362076,10,2952,2,7200,1.00338753388
359128,359134,362216,6,3082,2,7200,1.0019467878
359149,359159,362159,10,3000,2,7200,1.00333333333
359195,359203,362287,8,3084,2,7200,1.00259403372
359210,359215,362004,5,2789,2,7200,1.00179275726
359240,359250,362426,10,3176,2,7200,1.00314861461
359254,359260,362203,6,2943,2,7200,1.00203873598
359270,359276,362155,6,2879,2,7200,1.00208405696
359271,359282,362167,11,2885,2,7200,1.00381282496
359358,359369,362770,11,3401,2,7200,1.00323434284
359373,359381,362263,8,2882,2,7200,1.0027758501
359391,359400,362458,9,3058,2,7200,1.00294310007
359406,359412,362386,6,2974,2,7200,1.00201748487
359421,359431,362552,10,3121,2,7200,1.00320410125
359436,359443,362466,7,3023,2,7200,1.00231558055
359457,359467,362417,10,2950,2,7200,1.00338983051
359517,359526,362586,9,3060,2,7200,1.00294117647
359578,359586,362707,8,3121,2,7200,1.002563281
359608,359616,362940,8,3324,2,7200,1.00240673887
359656,359664,362601,8,2937,2,7200,1.00272386789
359689,359698,362689,9,2991,2,7200,1.00300902708
359816,359825,362754,9,2929,2,7200,1.00307272107
359870,359879,363246,9,3367,2,7200,1.00267300267
359927,359937,363049,10,3112,2,7200,1.00321336761
360157,360165,362944,8,2779,2,7200,1.00287873336
361166,361176,364086,10,2910,2,7200,1.00343642612
361253,361261,364197,8,2936,2,7200,1.00272479564
361367,361375,364477,8,3102,2,7200,1.0025789813
361539,361547,364428,8,2881,2,7200,1.00277681361
361593,361603,364605,10,3002,2,7200,1.00333111259
361765,361774,364979,9,3205,2,7200,1.00280811232
361804,361815,364980,11,3165,2,7200,1.00347551343
361837,361848,365008,11,3160,2,7200,1.00348101266
361852,361859,364908,7,3049,2,7200,1.0022958347
361886,361895,364968,9,3073,2,7200,1.00292873414
361901,361907,364868,6,2961,2,7200,1.00202634245
361902,361913,364958,11,3045,2,7200,1.00361247947
362005,362015,365400,10,3385,2,7200,1.00295420975
362077,362088,365203,11,3115,2,7200,1.00353130016
362092,362102,365215,10,3113,2,7200,1.00321233537
362159,362166,364944,7,2778,2,7200,1.00251979842
362160,362172,365206,12,3034,2,7200,1.00395517469
362175,362182,365181,7,2999,2,7200,1.00233411137
362206,362215,365205,9,2990,2,7200,1.00301003344
362220,362227,365120,7,2893,2,7200,1.0024196336
362257,362266,365025,9,2759,2,7200,1.00326205147
362271,362278,365266,7,2988,2,7200,1.00234270415
362289,362298,365131,9,2833,2,7200,1.00317684433
362323,362333,365254,10,2921,2,7200,1.00342348511
362389,362397,365834,8,3437,2,7200,1.00232761129
362419,362428,365422,9,2994,2,7200,1.00300601202
362434,362440,365531,6,3091,2,7200,1.00194111938
362461,362469,365521,8,3052,2,7200,1.00262123198
362476,362482,365566,6,3084,2,7200,1.00194552529
362554,362564,365516,10,2952,2,7200,1.00338753388
362587,362597,365751,10,3154,2,7200,1.00317057705
362602,362612,365748,10,3136,2,7200,1.00318877551
362690,362700,365756,10,3056,2,7200,1.00327225131
362708,362718,365921,10,3203,2,7200,1.00312207306
362756,362765,365678,9,2913,2,7200,1.00308959835
362771,362781,365791,10,3010,2,7200,1.00332225914
362943,362951,365840,8,2889,2,7200,1.00276912426
362945,362957,365948,12,2991,2,7200,1.00401203611
363050,363061,366009,11,2948,2,7200,1.00373134328
363246,363257,366225,11,2968,2,7200,1.00370619946
364090,364098,366966,8,2868,2,7200,1.00278940028
364198,364208,367206,10,2998,2,7200,1.00333555704
364430,364439,367281,9,2842,2,7200,1.00316678395
364478,364488,367462,10,2974,2,7200,1.00336247478
364608,364616,367550,8,2934,2,7200,1.00272665303
364870,364879,367881,9,3002,2,7200,1.00299800133
364912,364920,368220,8,3300,2,7200,1.00242424242
364945,364955,368000,10,3045,2,7200,1.00328407225
364960,364969,367747,9,2778,2,7200,1.00323974082
364975,364981,368405,6,3424,2,7200,1.00175233645
364990,364996,368105,6,3109,2,7200,1.00192988099
364991,365002,367854,11,2852,2,7200,1.0038569425
365009,365019,367837,10,2818,2,7200,1.00354861604
365028,365036,368186,8,3150,2,7200,1.00253968254
365121,365131,367893,10,2762,2,7200,1.00362056481
365136,365142,368163,6,3021,2,7200,1.00198609732
365181,365192,368098,11,2906,2,7200,1.00378527185
365206,365220,368173,14,2953,2,7200,1.00474094142
365207,365214,368399,7,3185,2,7200,1.0021978022
365222,365229,368203,7,2974,2,7200,1.00235373235
365224,365235,368134,11,2899,2,7200,1.00379441187
365257,365265,368155,8,2890,2,7200,1.00276816609
365272,365278,368303,6,3025,2,7200,1.00198347107
365402,365412,368381,10,2969,2,7200,1.00336813742
365423,365433,368380,10,2947,2,7200,1.0033932813
365517,365527,368403,10,2876,2,7200,1.00347705146
365532,365538,368818,6,3280,2,7200,1.00182926829
365533,365544,368490,11,2946,2,7200,1.00373387644
365566,365577,368470,11,2893,2,7200,1.00380228137
365681,365689,368661,8,2972,2,7200,1.00269179004
365751,365759,368640,8,2881,2,7200,1.00277681361
365766,365772,368705,6,2933,2,7200,1.00204568701
365767,365778,368877,11,3099,2,7200,1.00354953211
365794,365802,368920,8,3118,2,7200,1.00256574727
365837,365846,368913,9,3067,2,7200,1.00293446365
365851,365858,368806,7,2948,2,7200,1.00237449118
365924,365932,368927,8,2995,2,7200,1.00267111853
365951,365959,368889,8,2930,2,7200,1.00273037543
366011,366020,368859,9,2839,2,7200,1.00317013033
366225,366236,369362,11,3126,2,7200,1.00351887396
366969,366978,370177,9,3199,2,7200,1.00281337918
367207,367217,370028,10,2811,2,7200,1.00355745286
367282,367292,370390,10,3098,2,7200,1.00322788896
367463,367473,370437,10,2964,2,7200,1.00337381916
367551,367561,370666,10,3105,2,7200,1.00322061192
367750,367758,370972,8,3214,2,7200,1.00248911014
367840,367848,370907,8,3059,2,7200,1.00261523374
367855,367870,370758,15,2888,2,7200,1.00519390582
367882,367892,371062,10,3170,2,7200,1.00315457413
367897,367905,370833,8,2928,2,7200,1.00273224044
368003,368011,371209,8,3198,2,7200,1.00250156348
368099,368109,371114,10,3005,2,7200,1.00332778702
368114,368120,371130,6,3010,2,7200,1.00199335548
368135,368145,371188,10,3043,2,7200,1.00328623069
368156,368166,370854,10,2688,2,7200,1.0037202381
368171,368177,371130,6,2953,2,7200,1.00203183204
368186,368193,371104,7,2911,2,7200,1.00240467193
368188,368199,371193,11,2994,2,7200,1.0036740147
368206,368214,371363,8,3149,2,7200,1.00254048904
368221,368231,371420,10,3189,2,7200,1.00313577924
368305,368314,371030,9,2716,2,7200,1.00331369661
368381,368391,371451,10,3060,2,7200,1.00326797386
368396,368402,371473,6,3071,2,7200,1.00195376099
368411,368417,371432,6,3015,2,7200,1.00199004975
368413,368423,371710,10,3287,2,7200,1.0030422878
368414,368428,371543,14,3115,2,7200,1.00449438202
368471,368482,371453,11,2971,2,7200,1.00370245709
368492,368501,371564,9,3063,2,7200,1.00293829579
368643,368651,371613,8,2962,2,7200,1.00270087779
368664,368672,371440,8,2768,2,7200,1.00289017341
368706,368716,371563,10,2847,2,7200,1.00351246927
368809,368817,372023,8,3206,2,7200,1.00249532127
368824,368830,371827,6,2997,2,7200,1.002002002
368860,368870,371866,10,2996,2,7200,1.00333778371
368878,368888,372050,10,3162,2,7200,1.00316255534
368893,368900,371921,7,3021,2,7200,1.00231711354
368914,368924,371784,10,2860,2,7200,1.0034965035
368929,368935,371972,6,3037,2,7200,1.00197563385
368931,368941,372062,10,3121,2,7200,1.00320410125
369365,369373,372356,8,2983,2,7200,1.0026818639
370031,370039,373133,8,3094,2,7200,1.00258564964
370179,370189,373200,10,3011,2,7200,1.00332115576
370392,370401,373479,9,3078,2,7200,1.00292397661
370438,370448,373183,10,2735,2,7200,1.00365630713
370493,370500,370501,7,1,1,3600,1.0
370670,370678,373759,8,3081,2,7200,1.00259655956
370760,370769,373540,9,2771,2,7200,1.00324792494
370837,370845,374192,8,3347,2,7200,1.00239020018
370855,370865,373935,10,3070,2,7200,1.00325732899
370909,370918,373847,9,2929,2,7200,1.00307272107
370975,370983,374142,8,3159,2,7200,1.00253244698
371033,371041,374067,8,3026,2,7200,1.00264375413
371063,371073,374127,10,3054,2,7200,1.00327439424
371105,371115,374168,10,3053,2,7200,1.00327546675
371120,371126,374176,6,3050,2,7200,1.00196721311
371135,371141,374161,6,3020,2,7200,1.00198675497
371137,371147,374363,10,3216,2,7200,1.00310945274
371191,371199,374071,8,2872,2,7200,1.00278551532
371206,371212,374207,6,2995,2,7200,1.0020033389
371210,371218,371435,8,217,1,3600,1.03686635945
371221,371227,374193,6,2966,2,7200,1.0020229265
371366,371375,374426,9,3051,2,7200,1.00294985251
371423,371431,374623,8,3192,2,7200,1.00250626566
371438,371444,374442,6,2998,2,7200,1.00200133422
371453,371459,374388,6,2929,2,7200,1.00204848071
371455,371465,374574,10,3109,2,7200,1.00321646832
371469,371476,374625,7,3149,2,7200,1.00222292791
371484,371490,374442,6,2952,2,7200,1.00203252033
371545,371554,374668,9,3114,2,7200,1.00289017341
371566,371574,374854,8,3280,2,7200,1.00243902439
371567,371580,374634,13,3054,2,7200,1.00425671251
371616,371624,374503,8,2879,2,7200,1.00277874262
371623,371630,371748,7,118,1,3600,1.0593220339
371646,371653,378299,7,6646,1,86400,1.00105326512
371712,371721,374612,9,2891,2,7200,1.00311310965
371785,371795,374856,10,3061,2,7200,1.00326690624
371830,371839,375001,9,3162,2,7200,1.00284629981
371869,371877,374774,8,2897,2,7200,1.00276147739
371923,371933,374981,10,3048,2,7200,1.0032808399
371975,371983,375097,8,3114,2,7200,1.00256904303
372026,372034,375068,8,3034,2,7200,1.00263678312
372050,372061,375049,11,2988,2,7200,1.00368139224
372065,372073,375156,8,3083,2,7200,1.00259487512
372357,372368,375177,11,2809,2,7200,1.00391598434
373135,373145,375955,10,2810,2,7200,1.00355871886
373186,373194,376270,8,3076,2,7200,1.00260078023
373201,373211,376183,10,2972,2,7200,1.00336473755
373481,373491,376280,10,2789,2,7200,1.00358551452
373541,373551,376599,10,3048,2,7200,1.0032808399
373761,373770,376626,9,2856,2,7200,1.0031512605
373802,373811,373818,9,7,1,3600,1.6
373848,373859,377037,11,3178,2,7200,1.00346129641
373939,373947,376865,8,2918,2,7200,1.00274160384
374069,374078,377155,9,3077,2,7200,1.00292492688
374084,374090,377177,6,3087,2,7200,1.0019436346
374129,374139,377352,10,3213,2,7200,1.00311235605
374143,374153,377187,10,3034,2,7200,1.00329597891
374164,374173,377227,9,3054,2,7200,1.00294695481
374180,374186,377113,6,2927,2,7200,1.00204988042
374181,374192,377062,11,2870,2,7200,1.00383275261
374196,374203,377017,7,2814,2,7200,1.00248756219
374198,374209,377133,11,2924,2,7200,1.0037619699
374213,374219,377260,6,3041,2,7200,1.00197303519
374367,374374,377398,7,3024,2,7200,1.00231481481
374391,374399,377465,8,3066,2,7200,1.00260926288
374427,374434,376877,7,2443,1,3600,1.00286532951
374430,374440,377461,10,3021,2,7200,1.0033101622
374445,374453,377361,8,2908,2,7200,1.00275103164
374447,374459,377408,12,2949,2,7200,1.00406917599
374507,374515,377536,8,3021,2,7200,1.00264812976
374576,374585,377400,9,2815,2,7200,1.00319715808
374616,374624,377805,8,3181,2,7200,1.00251493241
374631,374637,377829,6,3192,2,7200,1.00187969925
374633,374643,377566,10,2923,2,7200,1.00342114266
374647,374654,377663,7,3009,2,7200,1.00232635427
374672,374679,377646,7,2967,2,7200,1.00235928547
374777,374785,377683,8,2898,2,7200,1.0027605245
374856,374865,377838,9,2973,2,7200,1.00302724521
374871,374877,377963,6,3086,2,7200,1.00194426442
374982,374992,377916,10,2924,2,7200,1.00341997264
375003,375012,377921,9,2909,2,7200,1.00309384668
375052,375060,378297,8,3237,2,7200,1.00247142416
375070,375080,378261,10,3181,2,7200,1.00314366551
375100,375108,378002,8,2894,2,7200,1.00276434001
375157,375167,377933,10,2766,2,7200,1.00361532899
375178,375188,378323,10,3135,2,7200,1.00318979266
375574,375580,387137,6,11557,12,86400,1.00051916587
375956,375966,379095,10,3129,2,7200,1.00319590924
376186,376194,379261,8,3067,2,7200,1.00260841213
376239,376245,376465,6,220,1,7200,1.02727272727
376273,376281,379410,8,3129,2,7200,1.00255672739
376288,376294,379419,6,3125,2,7200,1.00192
376339,376346,430357,7,54011,2,54000,1.00012960323
376601,376611,379456,10,2845,2,7200,1.00351493849
376628,376637,379722,9,3085,2,7200,1.00291734198
376866,376877,379890,11,3013,2,7200,1.00365084633
377020,377028,379948,8,2920,2,7200,1.00273972603
377038,377048,380234,10,3186,2,7200,1.00313873195
377065,377073,380026,8,2953,2,7200,1.00270910938
377116,377124,380131,8,3007,2,7200,1.00266045893
377134,377144,380369,10,3225,2,7200,1.00310077519
377159,377166,380277,7,3111,2,7200,1.00225008036
377180,377189,380241,9,3052,2,7200,1.00294888598
377195,377201,380318,6,3117,2,7200,1.00192492782
377228,377238,380037,10,2799,2,7200,1.00357270454
377261,377271,380154,10,2883,2,7200,1.00346860909
377354,377363,380356,9,2993,2,7200,1.00300701637
377367,377374,463811,7,86437,1,86400,1.00008098384
377369,377380,380390,11,3010,2,7200,1.00365448505
377400,377410,380340,10,2930,2,7200,1.00341296928
377415,377421,380283,6,2862,2,7200,1.00209643606
377417,377427,380280,10,2853,2,7200,1.00350508237
377423,377433,377874,10,441,1,7200,1.02267573696
377462,377472,380270,10,2798,2,7200,1.00357398142
377477,377483,380465,6,2982,2,7200,1.00201207243
377537,377547,380673,10,3126,2,7200,1.00319897633
377567,377577,380728,10,3151,2,7200,1.00317359568
377643,377657,380604,14,2947,2,7200,1.00475059382
377667,377675,380617,8,2942,2,7200,1.00271923861
377685,377695,380825,10,3130,2,7200,1.00319488818
377716,377722,431761,6,54039,4,54000,1.00011103092
377733,377740,431763,7,54023,4,54000,1.00012957444
377805,377816,380981,11,3165,2,7200,1.00347551343
377829,377840,380852,11,3012,2,7200,1.00365205843
377844,377850,380918,6,3068,2,7200,1.00195567145
377920,377927,380835,7,2908,2,7200,1.00240715268
377935,377941,381015,6,3074,2,7200,1.00195185426
377937,377947,381070,10,3123,2,7200,1.00320204931
377964,377974,381221,10,3247,2,7200,1.00307976594
378003,378014,381107,11,3093,2,7200,1.00355641772
378263,378273,381322,10,3049,2,7200,1.00327976386
378300,378309,381240,9,2931,2,7200,1.00307062436
378324,378334,381256,10,2922,2,7200,1.00342231348
378368,378374,408204,6,29830,2,54000,1.00020113979
378611,378617,379281,6,664,1,1210,1.00903614458
378906,378912,409050,6,30138,2,54000,1.00019908421
379099,379107,382136,8,3029,2,7200,1.00264113569
379265,379272,382253,7,2981,2,7200,1.0023482053
379352,379358,381288,6,1930,8,7200,1.00310880829
379414,379421,382316,7,2895,2,7200,1.002417962
379430,379436,382464,6,3028,2,7200,1.00198150594
379457,379467,382801,10,3334,2,7200,1.00299940012
379547,379553,380779,6,1226,1,1210,1.00489396411
379726,379733,382811,7,3078,2,7200,1.00227420403
379891,379901,383106,10,3205,2,7200,1.0031201248
379949,379959,382820,10,2861,2,7200,1.00349528137
380027,380038,382846,11,2808,2,7200,1.00391737892
380042,380048,383181,6,3133,2,7200,1.00191509735
380132,380142,383009,10,2867,2,7200,1.00348796652
380157,380166,383119,9,2953,2,7200,1.00304774805
380227,380233,394682,6,14449,16,14400,1.00041525365
380235,380245,383185,10,2940,2,7200,1.00340136054
380250,380256,383114,6,2858,2,7200,1.00209937019
380271,380281,383212,10,2931,2,7200,1.00341180484
380287,380293,383398,6,3105,2,7200,1.00193236715
380288,380299,383267,11,2968,2,7200,1.00370619946
380289,380304,383517,15,3213,2,7200,1.00466853408
380299,380313,391339,14,11026,16,18000,1.0012697261
380320,380329,383326,9,2997,2,7200,1.003003003
380326,380335,398379,9,18044,16,18000,1.00049878076
380341,380351,383492,10,3141,2,7200,1.00318369946
380359,380367,383309,8,2942,2,7200,1.00271923861
380374,380399,383658,25,3259,2,7200,1.00767106474
380392,380405,383331,13,2926,2,7200,1.0044429255
380469,380477,383530,8,3053,2,7200,1.0026203734
380605,380615,383626,10,3011,2,7200,1.00332115576
380621,380628,383866,7,3238,2,7200,1.00216182829
380676,380685,383871,9,3186,2,7200,1.00282485876
380731,380739,383615,8,2876,2,7200,1.00278164117
380828,380836,383812,8,2976,2,7200,1.00268817204
380843,380849,383795,6,2946,2,7200,1.00203665988
380858,380864,383994,6,3130,2,7200,1.00191693291
380921,380930,383889,9,2959,2,7200,1.0030415681
380985,380992,383865,7,2873,2,7200,1.00243647755
381018,381027,384014,9,2987,2,7200,1.00301305658
381072,381081,384074,9,2993,2,7200,1.00300701637
381108,381118,383957,10,2839,2,7200,1.00352236703
381223,381232,384378,9,3146,2,7200,1.00286077559
381241,381251,384180,10,2929,2,7200,1.00341413452
381259,381267,384175,8,2908,2,7200,1.00275103164
381288,381294,383226,6,1932,1,3610,1.00310559006
381325,381333,384736,8,3403,2,7200,1.00235086688
381760,381766,381873,6,107,4,1500,1.05607476636
382145,382151,385090,6,2939,2,7200,1.00204151072
382257,382265,385310,8,3045,2,7200,1.0026272578
382317,382327,385529,10,3202,2,7200,1.00312304809
382468,382475,385641,7,3166,2,7200,1.00221099179
382802,382812,385993,10,3181,2,7200,1.00314366551
382817,382823,385733,6,2910,2,7200,1.00206185567
382832,382838,386018,6,3180,2,7200,1.00188679245
382847,382857,386244,10,3387,2,7200,1.00295246531
382886,382892,553382,6,170490,2,172800,1.00003519268
383007,383020,386051,13,3031,2,7200,1.00428901353
383106,383122,386023,16,2901,2,7200,1.00551533954
383121,383128,386143,7,3015,2,7200,1.00232172471
383123,383134,386195,11,3061,2,7200,1.00359359686
383183,383193,386372,10,3179,2,7200,1.00314564328
383198,383204,386164,6,2960,2,7200,1.00202702703
383213,383223,386011,10,2788,2,7200,1.00358680057
383270,383278,386076,8,2798,2,7200,1.00285918513
383309,383320,386117,11,2797,2,7200,1.00393278513
383327,383337,386590,10,3253,2,7200,1.00307408546
383342,383348,386432,6,3084,2,7200,1.00194552529
383399,383409,386405,10,2996,2,7200,1.00333778371
383493,383503,386643,10,3140,2,7200,1.00318471338
383520,383528,386532,8,3004,2,7200,1.00266311585
383535,383542,386635,7,3093,2,7200,1.00226317491
383616,383626,386277,10,2651,2,7200,1.00377216145
383632,383638,386575,6,2937,2,7200,1.00204290092
383662,383670,386528,8,2858,2,7200,1.00279916025
383798,383806,386882,8,3076,2,7200,1.00260078023
383813,383823,386740,10,2917,2,7200,1.00342817964
383868,383875,386831,7,2956,2,7200,1.00236806495
383869,383881,386996,12,3115,2,7200,1.00385232745
383884,383890,386850,6,2960,2,7200,1.00202702703
383899,383905,387069,6,3164,2,7200,1.00189633375
383959,383968,386652,9,2684,2,7200,1.00335320417
383995,384005,387170,10,3165,2,7200,1.00315955766
384016,384025,387263,9,3238,2,7200,1.00277949351
384035,384041,384473,6,432,1,3610,1.01388888889
384049,384056,409652,7,25596,10,28800,1.00027348023
384077,384085,387133,8,3048,2,7200,1.00262467192
384155,384161,384237,6,76,6,86400,1.07894736842
384176,384186,387295,10,3109,2,7200,1.00321646832
384191,384197,387095,6,2898,2,7200,1.00207039337
384381,384389,387639,8,3250,2,7200,1.00246153846
384738,384747,387773,9,3026,2,7200,1.0029742234
384839,384846,385093,7,247,1,3610,1.02834008097
384894,384900,396330,6,11430,10,43200,1.00052493438
385093,385101,388139,8,3038,2,7200,1.00263331139
385313,385321,388292,8,2971,2,7200,1.00269269606
385530,385540,388585,10,3045,2,7200,1.00328407225
385645,385653,388421,8,2768,2,7200,1.00289017341
385735,385744,388839,9,3095,2,7200,1.00290791599
385994,386004,388784,10,2780,2,7200,1.0035971223
386012,386022,389136,10,3114,2,7200,1.00321130379
386028,386034,388877,6,2843,2,7200,1.00211044671
386029,386040,389018,11,2978,2,7200,1.0036937542
386053,386062,389053,9,2991,2,7200,1.00300902708
386077,386087,388877,10,2790,2,7200,1.00358422939
386105,386110,580409,5,194299,18,198000,1.00002573353
386120,386128,389141,8,3013,2,7200,1.00265516097
386144,386154,388972,10,2818,2,7200,1.00354861604
386165,386175,389114,10,2939,2,7200,1.00340251786
386178,386184,577812,6,191628,18,198000,1.00003131066
386198,386206,389320,8,3114,2,7200,1.00256904303
386246,386256,389304,10,3048,2,7200,1.0032808399
386279,386289,389368,10,3079,2,7200,1.00324780773
386334,386340,387028,6,688,1,3610,1.00872093023
386372,386383,389183,11,2800,2,7200,1.00392857143
386408,386417,389343,9,2926,2,7200,1.0030758715
386433,386443,389299,10,2856,2,7200,1.00350140056
386529,386539,389608,10,3069,2,7200,1.00325839036
386545,386551,389627,6,3076,2,7200,1.00195058518
386578,386586,389548,8,2962,2,7200,1.00270087779
386593,386601,389664,8,3063,2,7200,1.00261181848
386638,386646,389843,8,3197,2,7200,1.00250234595
386654,386660,389477,6,2817,2,7200,1.00212992545
386655,386666,389702,11,3036,2,7200,1.00362318841
386748,386754,389734,6,2980,2,7200,1.00201342282
386833,386842,389834,9,2992,2,7200,1.00300802139
386851,386861,389853,10,2992,2,7200,1.00334224599
386884,386893,389813,9,2920,2,7200,1.00308219178
386999,387007,390042,8,3035,2,7200,1.00263591433
387072,387080,390060,8,2980,2,7200,1.00268456376
387099,387107,390211,8,3104,2,7200,1.00257731959
387135,387144,390068,9,2924,2,7200,1.00307797538
387171,387181,390194,10,3013,2,7200,1.00331895121
387265,387274,390510,9,3236,2,7200,1.00278121137
387268,387279,409027,11,21748,4,28800,1.00050579364
387298,387307,390361,9,3054,2,7200,1.00294695481
387610,387616,387624,6,8,12,14400,1.4
387642,387650,390532,8,2882,2,7200,1.0027758501
387722,387728,392721,6,4993,12,14400,1.00120168236
387774,387784,390911,10,3127,2,7200,1.00319795331
387959,387965,452674,6,64709,12,86400,1.00009272281
388042,388049,394853,7,6804,2,21600,1.00102880658
388075,388081,388487,6,406,2,43200,1.01477832512
388142,388150,391196,8,3046,2,7200,1.00262639527
388301,388307,391534,6,3227,2,7200,1.00185931205
388422,388432,391251,10,2819,2,7200,1.00354735722
388588,388597,391686,9,3089,2,7200,1.00291356426
388787,388795,391668,8,2873,2,7200,1.00278454577
388841,388851,391673,10,2822,2,7200,1.00354358611
388880,388888,391927,8,3039,2,7200,1.00263244488
388882,388894,391925,12,3031,2,7200,1.00395908941
388975,388983,391731,8,2748,2,7200,1.00291120815
389020,389029,392209,9,3180,2,7200,1.00283018868
389056,389065,392206,9,3141,2,7200,1.00286532951
389117,389125,392102,8,2977,2,7200,1.00268726906
389138,389147,392132,9,2985,2,7200,1.00301507538
389143,389153,414161,10,25008,10,43200,1.00039987204
389153,389159,392211,6,3052,2,7200,1.00196592398
389186,389194,392226,8,3032,2,7200,1.00263852243
389301,389311,392115,10,2804,2,7200,1.00356633381
389316,389322,392485,6,3163,2,7200,1.00189693329
389330,389337,392132,7,2795,2,7200,1.00250447227
389345,389355,392451,10,3096,2,7200,1.00322997416
389370,389379,392448,9,3069,2,7200,1.00293255132
389478,389488,392288,10,2800,2,7200,1.00357142857
389551,389559,392583,8,3024,2,7200,1.00264550265
389612,389619,392543,7,2924,2,7200,1.00239398085
389630,389638,392687,8,3049,2,7200,1.00262381109
389666,389676,392756,10,3080,2,7200,1.00324675325
389705,389713,392507,8,2794,2,7200,1.00286327845
389735,389745,392665,10,2920,2,7200,1.00342465753
389783,391351,419258,1568,27907,10,43200,1.05618661984
389799,389805,396029,6,6224,2,21600,1.00096401028
389814,389824,392876,10,3052,2,7200,1.00327653997
389835,389845,393009,10,3164,2,7200,1.00316055626
389850,389856,392800,6,2944,2,7200,1.00203804348
389865,389871,393277,6,3406,2,7200,1.00176159718
390043,390053,392914,10,2861,2,7200,1.00349528137
390061,390071,392920,10,2849,2,7200,1.00351000351
390076,390082,392892,6,2810,2,7200,1.00213523132
390197,390205,393301,8,3096,2,7200,1.00258397933
390211,390222,393112,11,2890,2,7200,1.00380622837
390313,390321,390673,8,352,1,86400,1.02272727273
390363,390372,393443,9,3071,2,7200,1.00293064148
390513,390522,393510,9,2988,2,7200,1.00301204819
390534,390543,393478,9,2935,2,7200,1.00306643952
390774,390781,390783,7,2,1,86400,1.0
390915,390922,393839,7,2917,2,7200,1.00239972575
390921,390928,409419,7,18491,1,86400,1.00037856254
391031,391365,477795,334,86430,1,86400,1.00386439894
391173,391356,397758,183,6402,2,21600,1.02858481724
391198,391207,394003,9,2796,2,7200,1.00321888412
391252,391262,394188,10,2926,2,7200,1.003417635
391537,391545,394209,8,2664,2,7200,1.003003003
391669,391679,394737,10,3058,2,7200,1.00327011118
391684,391691,394585,7,2894,2,7200,1.00241879751
391699,391705,394579,6,2874,2,7200,1.00208768267
391732,391742,394707,10,2965,2,7200,1.00337268128
391849,391855,391911,6,56,1,610,1.10714285714
391929,391939,394742,10,2803,2,7200,1.00356760614
391930,391945,395007,15,3062,2,7200,1.00489875898
392086,392732,392734,646,2,5,7200,64.8
392105,392113,395133,8,3020,2,7200,1.00264900662
392120,392126,395037,6,2911,2,7200,1.00206114737
392135,392143,395184,8,3041,2,7200,1.00263071358
392136,392149,395112,13,2963,2,7200,1.00438744516
392209,392217,395239,8,3022,2,7200,1.00264725347
392224,392230,395338,6,3108,2,7200,1.00193050193
392226,392236,395171,10,2935,2,7200,1.00340715503
392240,392247,395129,7,2882,2,7200,1.00242886884
392289,392299,395014,10,2715,2,7200,1.00368324125
392449,392459,395449,10,2990,2,7200,1.00334448161
392463,392470,395260,7,2790,2,7200,1.00250896057
392488,392496,395577,8,3081,2,7200,1.00259655956
392509,392518,395606,9,3088,2,7200,1.00291450777
392545,392554,395455,9,2901,2,7200,1.00310237849
392584,392594,395505,10,2911,2,7200,1.00343524562
392662,392668,392764,6,96,1,610,1.0625
392669,392677,395590,8,2913,2,7200,1.00274630965
392690,392698,395648,8,2950,2,7200,1.00271186441
392759,392767,395568,8,2801,2,7200,1.00285612281
392791,392797,397518,6,4721,5,7200,1.00127091718
392801,392811,395652,10,2841,2,7200,1.00351988736
392877,392887,395717,10,2830,2,7200,1.0035335689
392895,392903,395695,8,2792,2,7200,1.00286532951
392916,392925,395986,9,3061,2,7200,1.00294021562
392930,392937,395905,7,2968,2,7200,1.00235849057
393012,393020,396042,8,3022,2,7200,1.00264725347
393059,393065,393178,6,113,1,610,1.05309734513
393114,393123,396214,9,3091,2,7200,1.00291167907
393281,393288,396188,7,2900,2,7200,1.0024137931
393302,393312,396401,10,3089,2,7200,1.00323729362
393350,393356,393358,6,2,5,7200,1.0
393383,393389,393501,6,112,1,610,1.05357142857
393447,393454,396653,7,3199,2,7200,1.00218818381
393482,393489,396495,7,3006,2,7200,1.00232867598
393499,393505,393586,6,81,1,610,1.07407407407
393514,393521,396421,7,2900,2,7200,1.0024137931
393841,393850,396969,9,3119,2,7200,1.00288554024
393915,393921,394087,6,166,1,900,1.03614457831
394005,394014,397115,9,3101,2,7200,1.00290228958
394115,394121,394130,6,9,1,900,1.5
394173,394179,397887,6,3708,2,3600,1.00161812298
394189,394199,397023,10,2824,2,7200,1.00354107649
394210,394220,397243,10,3023,2,7200,1.00330797221
394425,394431,411000,6,16569,2,21600,1.00036212204
394590,394595,397725,5,3130,2,7200,1.00159744409
394591,394602,397671,11,3069,2,7200,1.00358422939
394593,394608,395222,15,614,1,14400,1.02442996743
394671,394677,619228,6,224551,3,288000,1.00002671999
394691,394698,394700,7,2,6,61200,1.0
394709,394718,397944,9,3226,2,7200,1.00278983261
394739,394748,397811,9,3063,2,7200,1.00293829579
394754,394760,397766,6,3006,2,7200,1.00199600798
394762,394768,456009,6,61241,6,61200,1.00009797358
394957,394968,394973,11,5,4,7200,1.6
395010,395018,398068,8,3050,2,7200,1.00262295082
395025,395031,398029,6,2998,2,7200,1.00200133422
395040,395048,398073,8,3025,2,7200,1.0026446281
395097,395104,396905,7,1801,4,7200,1.00388672959
395112,395123,398145,11,3022,2,7200,1.00363997353
395131,395145,397991,14,2846,2,7200,1.00491918482
395146,395152,398241,6,3089,2,7200,1.00194237617
395173,395182,398355,9,3173,2,7200,1.0028364324
395188,395195,398289,7,3094,2,7200,1.00226244344
395242,395251,398250,9,2999,2,7200,1.00300100033
395263,395275,398318,12,3043,2,7200,1.00394347683
395266,395282,416917,16,21635,2,21600,1.00073954241
395342,395349,398135,7,2786,2,7200,1.00251256281
395350,395356,396910,6,1554,5,7200,1.00386100386
395450,395460,398441,10,2981,2,7200,1.003354579
395465,395471,398699,6,3228,2,7200,1.00185873606
395508,395516,398590,8,3074,2,7200,1.00260247235
395571,395579,398855,8,3276,2,7200,1.00244200244
395586,395592,398617,6,3025,2,7200,1.00198347107
395601,395607,398617,6,3010,2,7200,1.00199335548
395616,395622,398690,6,3068,2,7200,1.00195567145
395649,395659,398569,10,2910,2,7200,1.00343642612
395665,395671,398524,6,2853,2,7200,1.00210304942
395698,395706,398940,8,3234,2,7200,1.00247371676
395719,395728,398748,9,3020,2,7200,1.00298013245
395907,395916,398807,9,2891,2,7200,1.00311310965
395988,395997,399049,9,3052,2,7200,1.00294888598
396046,396053,398981,7,2928,2,7200,1.00239071038
396191,396199,399039,8,2840,2,7200,1.00281690141
396218,396226,399132,8,2906,2,7200,1.00275292498
396406,396412,398949,6,2537,2,7200,1.00236499803
396424,396432,399461,8,3029,2,7200,1.00264113569
396438,396445,467107,7,70662,8,604800,1.00009906315
396497,396506,399295,9,2789,2,7200,1.00322696307
396500,396512,408988,12,12476,3,144000,1.00096184675
396538,396545,459959,7,63414,3,604800,1.00011038572
396541,396551,402102,10,5551,2,21600,1.00180147721
396653,396664,399751,11,3087,2,7200,1.00356333009
396744,397818,405030,1074,7212,5,7200,1.14891846922
396971,396980,400070,9,3090,2,7200,1.00291262136
397026,397034,400100,8,3066,2,7200,1.00260926288
397116,397126,400004,10,2878,2,7200,1.00347463516
397246,397254,400324,8,3070,2,7200,1.00260586319
397501,397830,400148,329,2318,5,7200,1.1419327006
397674,397683,400816,9,3133,2,7200,1.00287264603
397728,397737,400847,9,3110,2,7200,1.00289389068
397768,397777,400887,9,3110,2,7200,1.00289389068
397813,397824,400826,11,3002,2,7200,1.00366422385
397911,397917,451926,6,54009,2,54000,1.0001110926
397946,397955,400770,9,2815,2,7200,1.00319715808
397994,398002,400985,8,2983,2,7200,1.0026818639
398030,398040,400685,10,2645,2,7200,1.00378071834
398069,398080,401163,11,3083,2,7200,1.00356795329
398084,398090,400978,6,2888,2,7200,1.00207756233
398139,398146,401262,7,3116,2,7200,1.00224646983
398154,398160,401274,6,3114,2,7200,1.00192678227
398245,398252,401265,7,3013,2,7200,1.00232326585
398259,398266,401167,7,2901,2,7200,1.00241296105
398293,398300,401716,7,3416,2,7200,1.00204918033
398320,398329,401369,9,3040,2,7200,1.00296052632
398356,398366,401251,10,2885,2,7200,1.00346620451
398444,398453,401425,9,2972,2,7200,1.0030282638
398526,398535,401565,9,3030,2,7200,1.00297029703
398572,398580,401961,8,3381,2,7200,1.00236616386
398593,398602,401606,9,3004,2,7200,1.00299600533
398620,398628,401672,8,3044,2,7200,1.00262812089
398622,398634,401881,12,3247,2,7200,1.00369571913
398691,398701,401572,10,2871,2,7200,1.00348310693
398706,398712,401527,6,2815,2,7200,1.00213143872
398752,398759,401572,7,2813,2,7200,1.0024884465
398809,398818,401842,9,3024,2,7200,1.00297619048
398848,398855,401371,7,2516,4,10800,1.00278219396
398857,398866,401886,9,3020,2,7200,1.00298013245
398941,398952,401947,11,2995,2,7200,1.00367278798
398956,398962,401977,6,3015,2,7200,1.00199004975
398983,398992,402140,9,3148,2,7200,1.00285895807
399041,399050,402132,9,3082,2,7200,1.0029201817
399056,399062,402338,6,3276,2,7200,1.00183150183
399095,399101,399104,6,3,2,21600,1.0
399134,399143,401844,9,2701,2,7200,1.00333209922
399250,399256,402105,6,2849,4,7200,1.00210600211
399297,399306,402461,9,3155,2,7200,1.0028526149
399465,399472,402601,7,3129,2,7200,1.00223713647
399752,402024,416586,2272,14562,30,604800,1.15602252438
399755,399762,402722,7,2960,2,7200,1.00236486486
399792,403978,1008812,4186,604834,16,604800,1.00692090722
400006,400015,403135,9,3120,2,7200,1.00288461538
400072,400081,403378,9,3297,2,7200,1.00272975432
400102,400111,402983,9,2872,2,7200,1.00313370474
400326,400335,403297,9,2962,2,7200,1.00303848751
400355,403984,407471,3629,3487,2,21600,2.04072268426
400688,400696,403595,8,2899,2,7200,1.00275957227
400772,400781,403703,9,2922,2,7200,1.00308008214
400817,400828,403810,11,2982,2,7200,1.00368879946
400832,400839,403851,7,3012,2,7200,1.00232403718
400847,400858,403833,11,2975,2,7200,1.00369747899
400889,400899,403942,10,3043,2,7200,1.00328623069
400980,400989,403861,9,2872,2,7200,1.00313370474
400995,401001,404106,6,3105,2,7200,1.00193236715
401164,401174,404117,10,2943,2,7200,1.00339789331
401180,401186,404193,6,3007,2,7200,1.0019953442
401254,401262,404341,8,3079,2,7200,1.00259824618
401271,401277,404246,6,2969,2,7200,1.00202088245
401273,401284,404031,11,2747,2,7200,1.0040043684
401289,401295,404596,6,3301,2,7200,1.00181763102
401372,401380,404289,8,2909,2,7200,1.00275008594
401426,401437,404319,11,2882,2,7200,1.00381679389
401529,401538,404399,9,2861,2,7200,1.00314575323
401568,401576,404361,8,2785,2,7200,1.00287253142
401583,401589,404848,6,3259,2,7200,1.00184105554
401584,401595,404481,11,2886,2,7200,1.00381150381
401609,401617,404926,8,3309,2,7200,1.00241764884
401675,401683,404834,8,3151,2,7200,1.00253887655
401718,401728,404589,10,2861,2,7200,1.00349528137
401845,401854,404633,9,2779,2,7200,1.00323857503
401846,401861,404778,15,2917,2,7200,1.00514226945
401882,401892,404923,10,3031,2,7200,1.00329924117
401897,401903,404992,6,3089,2,7200,1.00194237617
401949,401958,404631,9,2673,2,7200,1.00336700337
401964,401972,405018,8,3046,2,7200,1.00262639527
401979,401989,404920,10,2931,2,7200,1.00341180484
402136,402143,405040,7,2897,2,7200,1.00241629272
402151,402157,405243,6,3086,2,7200,1.00194426442
402189,403989,410757,1800,6768,2,21600,1.26595744681
402341,402350,405768,9,3418,2,7200,1.00263311878
402462,402472,405155,10,2683,2,7200,1.00372717108
402604,402612,405771,8,3159,2,7200,1.00253244698
402734,402740,405662,6,2922,2,7200,1.00205338809
402985,402994,405870,9,2876,2,7200,1.00312934631
403139,403146,406201,7,3055,2,7200,1.0022913257
403300,403308,406198,8,2890,2,7200,1.00276816609
403382,403389,406325,7,2936,2,7200,1.00238419619
403410,403994,407432,584,3438,2,21600,1.16986620128
403599,403607,406623,8,3016,2,7200,1.00265251989
403704,403715,406678,11,2963,2,7200,1.00371245359
403813,403821,407107,8,3286,2,7200,1.00243457091
403831,403844,406989,13,3145,2,7200,1.00413354531
403855,403863,406807,8,2944,2,7200,1.0027173913
403870,403876,406920,6,3044,2,7200,1.00197109067
403945,403953,407229,8,3276,2,7200,1.00244200244
404034,404042,407024,8,2982,2,7200,1.00268276325
404110,404117,407089,7,2972,2,7200,1.00235531629
404125,404131,407150,6,3019,2,7200,1.00198741305
404194,404204,407284,10,3080,2,7200,1.00324675325
404248,404257,407294,9,3037,2,7200,1.00296345077
404290,404300,407347,10,3047,2,7200,1.00328191664
404321,404330,407307,9,2977,2,7200,1.0030231777
404339,404352,407282,13,2930,2,7200,1.00443686007
404363,404372,407396,9,3024,2,7200,1.00297619048
404402,404410,407194,8,2784,2,7200,1.00287356322
404459,404465,409011,6,4546,2,14400,1.00131984162
404483,404492,407438,9,2946,2,7200,1.00305498982
404580,409664,418090,5084,8426,2,36000,1.60337051982
404592,404601,407635,9,3034,2,7200,1.00296638102
404607,404613,407584,6,2971,2,7200,1.00201952205
404635,404642,407647,7,3005,2,7200,1.00232945092
404636,404649,407607,13,2958,2,7200,1.00439486139
404781,404789,407701,8,2912,2,7200,1.00274725275
404835,404845,407982,10,3137,2,7200,1.00318775901
404850,404859,407945,9,3086,2,7200,1.00291639663
404923,404931,407906,8,2975,2,7200,1.00268907563
404938,404944,408014,6,3070,2,7200,1.00195439739
404939,404950,408061,11,3111,2,7200,1.00353584057
404994,405003,408028,9,3025,2,7200,1.00297520661
405021,405029,407950,8,2921,2,7200,1.00273878809
405042,405051,408206,9,3155,2,7200,1.0028526149
405157,405166,408105,9,2939,2,7200,1.00306226608
405244,405254,408161,10,2907,2,7200,1.00343997248
405627,405938,416192,311,10254,1,14400,1.03032962746
405663,409160,414514,3497,5354,2,14400,1.65315651849
405669,405676,408668,7,2992,2,7200,1.00233957219
405734,405740,408677,6,2937,4,7200,1.00204290092
405770,405779,408790,9,3011,2,7200,1.00298904019
405784,405791,408790,7,2999,2,7200,1.00233411137
405810,408215,410557,2405,2342,5,7200,2.0269000854
405814,409507,415820,3693,6313,4,54000,1.58498336765
405872,405881,408790,9,2909,2,7200,1.00309384668
405882,407077,409045,1195,1968,6,7200,1.60721544715
405932,409155,410549,3223,1394,10,7200,3.31205164993
405944,409513,463530,3569,54017,4,54000,1.06607179221
406201,406209,408790,8,2581,2,7200,1.00309957381
406215,406222,408790,7,2568,2,7200,1.0027258567
406327,406336,408790,9,2454,2,7200,1.00366748166
406625,406635,408790,10,2155,2,7200,1.00464037123
406679,406689,408790,10,2101,2,7200,1.00475963827
406811,406819,408790,8,1971,2,7200,1.00405885337
406923,406931,408790,8,1859,2,7200,1.00430338892
406992,407000,408790,8,1790,2,7200,1.00446927374
407025,407035,408790,10,1755,2,7200,1.0056980057
407092,407100,408790,8,1690,2,7200,1.00473372781
407110,407118,408790,8,1672,2,7200,1.004784689
407152,407161,408790,9,1629,2,7200,1.00552486188
407195,407205,408790,10,1585,2,7200,1.00630914826
407231,407240,408790,9,1550,2,7200,1.00580645161
407283,409675,409711,2392,36,1,86400,67.4444444444
407285,407294,408790,9,1496,2,7200,1.00601604278
407287,407301,408790,14,1489,2,7200,1.00940228341
407302,407308,408790,6,1482,2,7200,1.004048583
407317,407324,408790,7,1466,2,7200,1.00477489768
407350,407358,408790,8,1432,2,7200,1.00558659218
407398,407407,408790,9,1383,2,7200,1.00650759219
407440,407449,408790,9,1341,2,7200,1.0067114094
407588,407596,408790,8,1194,2,7200,1.0067001675
407609,407618,408790,9,1172,2,7200,1.00767918089
407636,407646,408791,10,1145,2,7200,1.00873362445
407642,409680,426109,2038,16429,1,36000,1.12404893785
407651,407658,408790,7,1132,2,7200,1.00618374558
407703,407712,408791,9,1079,2,7200,1.00834105653
407908,407917,408791,9,874,2,7200,1.01029748284
407947,407956,408791,9,835,2,7200,1.01077844311
407962,407968,408791,6,823,2,7200,1.00729040097
407983,407993,408791,10,798,2,7200,1.01253132832
408017,408025,408791,8,766,2,7200,1.01044386423
408032,408039,408791,7,752,2,7200,1.00930851064
408062,408072,408791,10,719,2,7200,1.01390820584
408107,408116,408791,9,675,2,7200,1.01333333333
408165,408173,408791,8,618,2,7200,1.01294498382
408209,408222,408791,13,569,2,7200,1.02284710018
408671,408679,408791,8,112,2,7200,1.07142857143
408929,408935,412045,6,3110,2,7200,1.00192926045
408930,408942,411852,12,2910,2,7200,1.00412371134
408932,408947,411882,15,2935,2,7200,1.00511073254
408933,408953,412019,20,3066,2,7200,1.00652315721
408935,408958,411974,23,3016,2,7200,1.00762599469
408936,408963,411937,27,2974,2,7200,1.00907868191
408937,408970,411995,33,3025,2,7200,1.01090909091
408939,408976,412025,37,3049,2,7200,1.01213512627
408940,408981,411961,41,2980,2,7200,1.01375838926
408942,408986,412147,44,3161,2,7200,1.01391964568
408943,408992,411920,49,2928,2,7200,1.01673497268
408945,408997,411916,52,2919,2,7200,1.01781431997
408946,409003,411931,57,2928,2,7200,1.01946721311
408948,409008,411920,60,2912,2,7200,1.0206043956
408949,409013,412129,64,3116,2,7200,1.02053915276
408951,409019,411960,68,2941,2,7200,1.02312138728
408952,409024,412066,72,3042,2,7200,1.02366863905
408954,409030,412252,76,3222,2,7200,1.02358783364
408955,409035,411819,80,2784,2,7200,1.02873563218
408957,409040,412142,83,3102,2,7200,1.02675693101
408958,409046,412194,88,3148,2,7200,1.02795425667
408959,409051,412094,92,3043,2,7200,1.03023332238
408961,409057,412203,96,3146,2,7200,1.03051493961
408962,409062,412075,100,3013,2,7200,1.03318951211
408964,409067,412038,103,2971,2,7200,1.0346684618
408965,409074,412028,109,2954,2,7200,1.03689911984
408967,409080,412277,113,3197,2,7200,1.03534563653
408968,409085,412170,117,3085,2,7200,1.03792544571
408970,409090,411838,120,2748,2,7200,1.04366812227
408971,409096,412399,125,3303,2,7200,1.03784438389
408973,409101,412311,128,3210,2,7200,1.03987538941
408974,409107,412072,133,2965,2,7200,1.04485666105
408976,409112,412015,136,2903,2,7200,1.04684808818
408977,409117,412315,140,3198,2,7200,1.04377736085
408979,409123,412063,144,2940,2,7200,1.04897959184
408980,409128,412246,148,3118,2,7200,1.04746632457
408982,409133,412047,151,2914,2,7200,1.05181880577
408983,409139,412255,156,3116,2,7200,1.05006418485
408985,409144,412128,159,2984,2,7200,1.05328418231
408986,409149,412479,163,3330,2,7200,1.04894894895
409189,411962,414304,2773,2342,2,28800,2.18403074295
409189,409670,411954,481,2284,2,28800,1.21059544658
409190,416634,418901,7444,2267,2,28800,4.28363475959
409190,414310,416628,5120,2318,2,28800,3.20880069025
409191,418907,421208,9716,2301,2,28800,5.22251195133
409192,421214,423565,12022,2351,2,28800,6.11356869417
409193,423571,425958,14378,2387,2,28800,7.02346041056
409194,428210,430510,19016,2300,2,28800,9.26782608696
409194,425964,428204,16770,2240,2,28800,8.48660714286
409195,430516,432827,21321,2311,2,28800,10.2258762441
409195,409201,409234,6,33,1,610,1.18181818182
409896,409907,409908,11,1,1,18000,1.2
409896,409902,409904,6,2,1,18000,1.0
409897,409913,409914,16,1,1,18000,1.7
409897,409919,409921,22,2,1,18000,2.4
409897,409930,409932,33,2,1,18000,3.5
409898,409935,409937,37,2,1,18000,3.9
409898,409951,410474,53,523,1,18000,1.10133843212
409898,409956,409978,58,22,1,18000,3.63636363636
409898,409942,409948,44,6,1,18000,5.0
409899,409981,409995,82,14,1,18000,6.85714285714
409899,409965,409997,66,32,1,18000,3.0625
409899,409970,409971,71,1,1,18000,7.2
409900,409993,409995,93,2,1,18000,9.5
409900,409987,409995,87,8,1,18000,9.5
410021,410027,410146,6,119,1,610,1.05042016807
410220,410232,412336,12,2104,1,18000,1.00570342205
410220,410226,410240,6,14,1,18000,1.42857142857
410221,410243,410684,22,441,1,18000,1.04988662132
410221,410249,410534,28,285,1,18000,1.09824561404
410221,410237,411021,16,784,1,18000,1.02040816327
410222,410265,411171,43,906,1,18000,1.04746136865
410222,410254,414429,32,4175,1,18000,1.00766467066
410222,410259,411516,37,1257,1,18000,1.02943516309
410223,410271,410648,48,377,1,18000,1.12732095491
410223,410545,410549,322,4,1,18000,32.6
410223,410485,410596,262,111,1,18000,3.36036036036
410223,410560,410600,337,40,1,18000,9.425
410224,410576,410970,352,394,1,18000,1.89340101523
410224,410571,410864,347,293,1,18000,2.1843003413
410224,410566,410574,342,8,1,18000,35.0
410791,410797,421176,6,10379,4,10800,1.00057809037
410795,410803,411419,8,616,1,4210,1.01298701299
411562,411569,412186,7,617,1,4210,1.0113452188
411822,411830,414863,8,3033,2,7200,1.00263765249
411840,411849,414794,9,2945,2,7200,1.00305602716
411855,411863,415076,8,3213,2,7200,1.00248988484
411885,411893,414730,8,2837,2,7200,1.00281988016
411918,411928,414995,10,3067,2,7200,1.00326051516
411933,411939,414824,6,2885,2,7200,1.0020797227
411934,411945,414949,11,3004,2,7200,1.00366178429
411936,411950,414975,14,3025,2,7200,1.00462809917
411951,411956,415027,5,3071,2,7200,1.00162813416
411965,411971,415094,6,3123,2,7200,1.00192122959
411967,411977,415053,10,3076,2,7200,1.00325097529
411982,411988,415301,6,3313,2,7200,1.00181104739
411996,412006,415002,10,2996,2,7200,1.00333778371
412017,412026,415119,9,3093,2,7200,1.00290979631
412019,412032,414888,13,2856,2,7200,1.00455182073
412034,412040,415019,6,2979,2,7200,1.00201409869
412035,412046,415136,11,3090,2,7200,1.00355987055
412050,412056,414849,6,2793,2,7200,1.00214822771
412052,412062,415107,10,3045,2,7200,1.00328407225
412053,412067,414817,14,2750,2,7200,1.00509090909
412068,412074,415029,6,2955,2,7200,1.00203045685
412069,412080,414956,11,2876,2,7200,1.00382475661
412088,412094,414865,6,2771,2,7200,1.00216528329
412089,412100,415221,11,3121,2,7200,1.00352451137
412104,412110,414992,6,2882,2,7200,1.00208188758
412131,412139,415230,8,3091,2,7200,1.00258815917
412133,412145,415343,12,3198,2,7200,1.00375234522
412148,412154,415064,6,2910,2,7200,1.00206185567
412149,412160,415343,11,3183,2,7200,1.00345585925
412173,412181,415253,8,3072,2,7200,1.00260416667
412197,412205,415356,8,3151,2,7200,1.00253887655
412212,412218,415208,6,2990,2,7200,1.00200668896
412248,412258,415197,10,2939,2,7200,1.00340251786
412264,412270,415067,6,2797,2,7200,1.00214515552
412265,412276,415354,11,3078,2,7200,1.00357374919
412280,412289,415148,9,2859,2,7200,1.00314795383
412313,412322,415649,9,3327,2,7200,1.00270513977
412328,412334,415258,6,2924,2,7200,1.00205198358
412373,412380,412868,7,488,1,4210,1.0143442623
412400,412410,415490,10,3080,2,7200,1.00324675325
412482,412490,415408,8,2918,2,7200,1.00274160384
412997,413003,413030,6,27,1,4210,1.22222222222
413445,413451,413546,6,95,1,4210,1.06315789474
413755,413761,414520,6,759,1,4210,1.00790513834
414732,414742,417888,10,3146,2,7200,1.00317863954
414795,414805,417915,10,3110,2,7200,1.00321543408
414819,414828,418070,9,3242,2,7200,1.00277606416
414834,414840,417836,6,2996,2,7200,1.00200267023
414852,414860,417883,8,3023,2,7200,1.00264637777
414867,414874,417974,7,3100,2,7200,1.00225806452
414869,414880,417999,11,3119,2,7200,1.0035267714
414890,414899,417824,9,2925,2,7200,1.00307692308
414931,414937,474481,6,59544,1,86400,1.00010076582
414950,414960,418169,10,3209,2,7200,1.00311623559
414965,414971,418317,6,3346,2,7200,1.00179318589
414980,414986,418142,6,3156,2,7200,1.00190114068
414995,415003,418087,8,3084,2,7200,1.00259403372
415010,415016,417945,6,2929,2,7200,1.00204848071
415011,415022,417971,11,2949,2,7200,1.00373007799
415026,415032,418026,6,2994,2,7200,1.00200400802
415041,415047,418088,6,3041,2,7200,1.00197303519
415042,415053,418326,11,3273,2,7200,1.00336083104
415057,415064,417982,7,2918,2,7200,1.00239890336
415073,415079,417980,6,2901,2,7200,1.00206825233
415074,415085,417882,11,2797,2,7200,1.00393278513
415089,415095,418044,6,2949,2,7200,1.002034588
415104,415110,418101,6,2991,2,7200,1.00200601805
415119,415125,418169,6,3044,2,7200,1.00197109067
415133,415140,418109,7,2969,2,7200,1.00235769619
415148,415155,418253,7,3098,2,7200,1.00225952227
415150,415161,418322,11,3161,2,7200,1.00347991142
415198,415208,418283,10,3075,2,7200,1.00325203252
415213,415219,418257,6,3038,2,7200,1.00197498354
415228,415234,418486,6,3252,2,7200,1.00184501845
415243,415249,418227,6,2978,2,7200,1.00201477502
415258,415264,418114,6,2850,2,7200,1.00210526316
415259,415270,418242,11,2972,2,7200,1.00370121131
415302,415312,418197,10,2885,2,7200,1.00346620451
415344,415354,418440,10,3086,2,7200,1.0032404407
415346,415359,418075,13,2716,2,7200,1.00478645066
415361,415367,418453,6,3086,2,7200,1.00194426442
415362,415373,418380,11,3007,2,7200,1.00365813103
415411,415420,418537,9,3117,2,7200,1.00288739172
415492,415501,418357,9,2856,2,7200,1.0031512605
415649,415660,418480,11,2820,2,7200,1.00390070922
415719,415725,415732,6,7,1,86400,1.3
415888,415894,415906,6,12,1,86400,1.5
416238,416244,444243,6,27999,1,86400,1.00021429337
417826,417835,421016,9,3181,2,7200,1.00282929896
417841,417847,420771,6,2924,2,7200,1.00205198358
417883,417894,420912,11,3018,2,7200,1.00364479788
417885,417899,420831,14,2932,2,7200,1.00477489768
417900,417905,420738,5,2833,2,7200,1.00176491352
417917,417926,420906,9,2980,2,7200,1.00302013423
417948,417956,421367,8,3411,2,7200,1.00234535327
417972,417982,420923,10,2941,2,7200,1.00340020401
417987,417993,420699,6,2706,2,7200,1.0022172949
417989,417999,420948,10,2949,2,7200,1.00339097999
417990,418004,421221,14,3217,2,7200,1.00435188063
418005,418010,421132,5,3122,2,7200,1.00160153748
418029,418037,420931,8,2894,2,7200,1.00276434001
418047,418055,421150,8,3095,2,7200,1.00258481422
418071,418081,421297,10,3216,2,7200,1.00310945274
418086,418093,420964,7,2871,2,7200,1.00243817485
418088,418099,421047,11,2948,2,7200,1.00373134328
418103,418109,421221,6,3112,2,7200,1.00192802057
418104,418115,421194,11,3079,2,7200,1.0035725885
418119,418125,421519,6,3394,2,7200,1.00176782557
418121,418131,420989,10,2858,2,7200,1.00349895031
418145,418153,421248,8,3095,2,7200,1.00258481422
418172,418180,421264,8,3084,2,7200,1.00259403372
418173,418186,421241,13,3055,2,7200,1.00425531915
418197,418208,421179,11,2971,2,7200,1.00370245709
418230,418238,421049,8,2811,2,7200,1.00284596229
418245,418253,421161,8,2908,2,7200,1.00275103164
418260,418266,421212,6,2946,2,7200,1.00203665988
418261,418272,421301,11,3029,2,7200,1.00363156157
418285,418295,421409,10,3114,2,7200,1.00321130379
418318,418328,421440,10,3112,2,7200,1.00321336761
418334,418340,421331,6,2991,2,7200,1.00200601805
418335,418346,421351,11,3005,2,7200,1.00366056572
418359,418368,421523,9,3155,2,7200,1.0028526149
418383,418391,421271,8,2880,2,7200,1.00277777778
418443,418451,421432,8,2981,2,7200,1.0026836632
418458,418464,421486,6,3022,2,7200,1.00198544011
418482,418491,421381,9,2890,2,7200,1.00311418685
418497,418503,421563,6,3060,2,7200,1.00196078431
418539,418548,421424,9,2876,2,7200,1.00312934631
418913,418920,418923,7,3,2,3540,1.0
419184,419189,419263,5,74,8,300,1.06756756757
419184,419195,419260,11,65,4,300,1.16923076923
420309,420315,420404,6,89,8,300,1.06741573034
421105,421111,421195,6,84,8,300,1.07142857143
421995,422006,423773,11,1767,1,18000,1.00622524052
421995,422001,422385,6,384,1,18000,1.015625
421996,422012,423993,16,1981,1,18000,1.00807672892
421996,422018,423658,22,1640,1,18000,1.01341463415
421997,422023,423438,26,1415,1,18000,1.0183745583
422345,422352,422423,7,71,8,300,1.0985915493
422753,422760,422980,7,220,8,600,1.03181818182
427212,427218,445237,6,18019,1,18000,1.00033298185
427300,427306,427492,6,186,8,600,1.03225806452
427939,427945,428629,6,684,1,18000,1.00877192982
428596,428602,430561,6,1959,1,18000,1.00306278714
429574,429580,429706,6,126,1,240,1.04761904762
430791,430797,430952,6,155,1,18000,1.03870967742
430996,431002,431134,6,132,4,18000,1.04545454545
431144,431150,433025,6,1875,1,18000,1.0032
431145,431167,433233,22,2066,1,18000,1.01064859632
431145,431156,431768,11,612,1,18000,1.01797385621
431145,431161,432159,16,998,1,18000,1.01603206413
431164,431173,449223,9,18050,4,18000,1.00049861496
431396,431402,449418,6,18016,1,18000,1.0003330373
431443,431449,449492,6,18043,4,18000,1.00033253893
431752,431758,431796,6,38,1,18000,1.15789473684
435188,435199,435891,11,692,1,18000,1.01589595376
435188,435194,436980,6,1786,1,18000,1.00335946249
435189,435205,435227,16,22,1,18000,1.72727272727
435704,435710,437498,6,1788,1,18000,1.0033557047
440773,440779,440788,6,9,1,3600,1.5
440900,440906,441063,6,157,1,3600,1.03821656051
441209,441215,441526,6,311,1,3600,1.0192926045
441451,441457,455967,6,14510,2,14400,1.00041350793
441756,441762,442466,6,704,1,3600,1.00852272727
442666,442673,443929,7,1256,64,3600,1.00557324841
443038,443044,446651,6,3607,1,3600,1.00166343222
444369,444375,444383,6,8,1,1800,1.4
444555,444561,444679,6,118,1,1800,1.05084745763
444745,444751,444892,6,141,1,3600,1.04255319149
444969,444975,445102,6,127,1,1800,1.04724409449
445024,445031,445389,7,358,1,3600,1.01955307263
445640,445646,446351,6,705,1,3600,1.0085106383
445717,445723,446166,6,443,1,1800,1.01354401806
446783,446789,446898,6,109,1,3600,1.05504587156
446867,446873,446889,6,16,1,1800,1.375
447062,447068,447373,6,305,1,3600,1.01967213115
447068,447075,447153,7,78,1,1800,1.08974358974
447336,447342,447444,6,102,1,3600,1.05882352941
447415,447421,447509,6,88,1,1800,1.06818181818
447570,447576,448135,6,559,1,3600,1.01073345259
447679,447686,448543,7,857,1,3600,1.008168028
448250,448256,448629,6,373,1,1800,1.01608579088
448446,448453,448994,7,541,1,3600,1.01293900185
452063,452069,452192,6,123,1,1800,1.0487804878
452449,452455,452603,6,148,1,1800,1.04054054054
453227,453233,453678,6,445,1,1800,1.01348314607
454986,454992,455079,6,87,1,1800,1.06896551724
455351,455357,455474,6,117,1,1800,1.05128205128
455969,455975,458128,6,2153,2,14400,1.0027868091
456151,456158,456565,7,407,1,1800,1.0171990172
458355,458361,479420,6,21059,1,36000,1.00028491381
458523,458529,458983,6,454,2,14400,1.01321585903
458991,461728,462597,2737,869,2,28800,4.1495972382
458991,458997,461715,6,2718,2,28800,1.00220750552
458992,462603,463496,3611,893,2,28800,5.04367301232
458993,463502,468944,4509,5442,2,28800,1.82855567806
462049,462055,462056,6,1,3,900,1.0
462272,462278,473146,6,10868,1,360000,1.0005520795
462415,462422,516033,7,53611,12,86400,1.00013057022
463171,463177,466101,6,2924,2,7200,1.00205198358
463177,463184,466068,7,2884,2,7200,1.00242718447
463179,463190,466182,11,2992,2,7200,1.00367647059
463180,463195,466466,15,3271,2,7200,1.00458575359
463182,463201,466029,19,2828,2,7200,1.006718529
463183,463206,466129,23,2923,2,7200,1.00786862812
463184,463212,466401,28,3189,2,7200,1.00878018188
463186,463218,466194,32,2976,2,7200,1.01075268817
463187,463223,466111,36,2888,2,7200,1.01246537396
463189,463229,466041,40,2812,2,7200,1.01422475107
463190,463234,466108,44,2874,2,7200,1.01530967293
463191,463239,466027,48,2788,2,7200,1.01721664275
463193,463245,466463,52,3218,2,7200,1.01615910503
463194,463250,466388,56,3138,2,7200,1.01784576163
463196,463255,466112,59,2857,2,7200,1.02065103255
463197,463261,466261,64,3000,2,7200,1.02133333333
463198,463266,466438,68,3172,2,7200,1.02143757881
463200,463271,466332,71,3061,2,7200,1.0231950343
463201,463277,466314,76,3037,2,7200,1.02502469542
463203,463282,466584,79,3302,2,7200,1.023924894
463204,463288,466638,84,3350,2,7200,1.02507462687
463206,463293,466346,87,3053,2,7200,1.02849656076
463207,463298,466462,91,3164,2,7200,1.02876106195
463208,463304,466251,96,2947,2,7200,1.03257550051
463210,463309,466474,99,3165,2,7200,1.03127962085
463211,463314,466336,103,3022,2,7200,1.03408338848
463212,463320,466413,108,3093,2,7200,1.03491755577
463214,463326,466366,112,3040,2,7200,1.03684210526
463215,463331,466551,116,3220,2,7200,1.03602484472
463217,463337,466311,120,2974,2,7200,1.04034969738
463218,463342,466635,124,3293,2,7200,1.03765563316
463219,463348,466422,129,3074,2,7200,1.04196486662
463221,463353,466414,132,3061,2,7200,1.04312316237
463222,463358,466242,136,2884,2,7200,1.04715672677
463224,463364,466346,140,2982,2,7200,1.04694835681
463225,463369,466205,144,2836,2,7200,1.05077574048
463226,463374,466465,148,3091,2,7200,1.04788094468
463228,463380,466504,152,3124,2,7200,1.04865556978
463229,463385,466403,156,3018,2,7200,1.05168986083
463231,463391,466453,160,3062,2,7200,1.05225342913
464104,464110,464235,6,125,2,14400,1.048
464712,464718,472400,6,7682,4,54000,1.0007810466
464816,464822,518848,6,54026,4,54000,1.00011105764
466008,466014,466950,6,936,1,32400,1.00641025641
466029,466038,469091,9,3053,2,7200,1.00294792008
466045,466051,469226,6,3175,2,7200,1.00188976378
466047,466057,469211,10,3154,2,7200,1.00317057705
466072,466079,469156,7,3077,2,7200,1.00227494313
466104,466112,469351,8,3239,2,7200,1.00246989812
466119,466125,469202,6,3077,2,7200,1.00194995125
466121,466131,469109,10,2978,2,7200,1.00335795836
466122,466137,469020,15,2883,2,7200,1.00520291363
466137,466143,469113,6,2970,2,7200,1.00202020202
466187,466193,469302,6,3109,2,7200,1.00192988099
466202,466208,469217,6,3009,2,7200,1.00199401795
466217,466223,469365,6,3142,2,7200,1.00190961171
466244,466253,469044,9,2791,2,7200,1.00322465066
466259,466265,469138,6,2873,2,7200,1.00208840933
466274,466280,469325,6,3045,2,7200,1.00197044335
466313,466322,469366,9,3044,2,7200,1.00295663601
466328,466334,469253,6,2919,2,7200,1.00205549846
466344,466350,469377,6,3027,2,7200,1.00198216056
466345,466356,469401,11,3045,2,7200,1.00361247947
466347,466362,469425,15,3063,2,7200,1.00489715965
466362,466368,469470,6,3102,2,7200,1.00193423598
466377,466383,469228,6,2845,2,7200,1.00210896309
466392,466399,469632,7,3233,2,7200,1.00216517167
466407,466413,469762,6,3349,2,7200,1.00179157958
466408,466419,469424,11,3005,2,7200,1.00366056572
466415,466425,672415,10,205990,30,604800,1.00004854605
466425,466431,469408,6,2977,2,7200,1.0020154518
466427,466437,469280,10,2843,2,7200,1.00351741119
466428,466443,469382,15,2939,2,7200,1.00510377679
466443,466449,469482,6,3033,2,7200,1.00197823937
466462,466468,469489,6,3021,2,7200,1.00198609732
466481,466487,469499,6,3012,2,7200,1.00199203187
466482,466493,469589,11,3096,2,7200,1.00355297158
466484,466499,469176,15,2677,2,7200,1.00560328726
466485,466504,469386,19,2882,2,7200,1.006592644
466486,466509,469403,23,2894,2,7200,1.00794747754
466508,466516,469501,8,2985,2,7200,1.002680067
466556,466562,469460,6,2898,2,7200,1.00207039337
466592,466598,469569,6,2971,2,7200,1.00201952205
466639,466646,469606,7,2960,2,7200,1.00236486486
466641,466652,469778,11,3126,2,7200,1.00351887396
466953,466960,467996,7,1036,1,32400,1.00675675676
467480,467486,467589,6,103,1,240,1.05825242718
467570,467576,467683,6,107,1,240,1.05607476636
468373,468379,468434,6,55,2,240,1.10909090909
468838,468844,495618,6,26774,1,28800,1.00022409801
469023,469031,472056,8,3025,2,7200,1.0026446281
469047,469056,472039,9,2983,2,7200,1.00301709688
469092,469102,472068,10,2966,2,7200,1.00337154417
469110,469121,471993,11,2872,2,7200,1.00383008357
469125,469131,472303,6,3172,2,7200,1.00189155107
469140,469149,472268,9,3119,2,7200,1.00288554024
469158,469167,472338,9,3171,2,7200,1.00283822138
469179,469188,472276,9,3088,2,7200,1.00291450777
469203,469213,472106,10,2893,2,7200,1.00345661943
469218,469224,472265,6,3041,2,7200,1.00197303519
469219,469230,472341,11,3111,2,7200,1.00353584057
469235,469241,472273,6,3032,2,7200,1.00197889182
469236,469247,472336,11,3089,2,7200,1.00356102298
469251,469264,472626,13,3362,2,7200,1.00386674598
469281,469291,472230,10,2939,2,7200,1.00340251786
469305,469313,472123,8,2810,2,7200,1.00284697509
469308,469319,472823,11,3504,2,14400,1.00313926941
469326,469336,472241,10,2905,2,7200,1.00344234079
469353,469362,472296,9,2934,2,7200,1.00306748466
469369,469377,472509,8,3132,2,7200,1.00255427842
469370,469383,472201,13,2818,2,7200,1.00461320085
469386,469392,472690,6,3298,2,7200,1.00181928441
469387,469398,472670,11,3272,2,7200,1.00336185819
469402,469409,472358,7,2949,2,7200,1.002373686
469404,469415,472346,11,2931,2,7200,1.00375298533
469419,469425,472339,6,2914,2,7200,1.00205902539
469421,469431,472393,10,2962,2,7200,1.00337609723
469436,469442,472471,6,3029,2,7200,1.00198085177
469437,469448,472433,11,2985,2,7200,1.00368509213
469461,469471,472540,10,3069,2,7200,1.00325839036
469476,469482,472583,6,3101,2,7200,1.00193485972
469480,469488,470286,8,798,1,86400,1.01002506266
469491,469497,472444,6,2947,2,7200,1.00203596878
469493,469503,472373,10,2870,2,7200,1.00348432056
469508,469513,472341,5,2828,2,7200,1.00176803395
469509,469519,472420,10,2901,2,7200,1.00344708721
469569,469580,472616,11,3036,2,7200,1.00362318841
469590,469600,472497,10,2897,2,7200,1.00345184674
469608,469617,472732,9,3115,2,7200,1.00288924559
469635,469644,472497,9,2853,2,7200,1.00315457413
469765,469773,472710,8,2937,2,7200,1.00272386789
469780,469789,472829,9,3040,2,7200,1.00296052632
469787,469795,469828,8,33,4,120,1.24242424242
469933,469939,473568,6,3629,1,3600,1.00165334803
470403,470409,470448,6,39,4,120,1.15384615385
470670,470676,470733,6,57,2,120,1.10526315789
471850,471856,504490,6,32634,1,86400,1.00018385733
471999,472006,475353,7,3347,2,7200,1.00209142516
472039,472050,474757,11,2707,2,7200,1.00406353897
472060,472068,475139,8,3071,2,7200,1.00260501465
472074,472080,475212,6,3132,2,7200,1.00191570881
472107,472117,474907,10,2790,2,7200,1.00358422939
472125,472134,475130,9,2996,2,7200,1.00300400534
472135,472141,501198,6,29057,1,86400,1.00020649069
472203,472212,475471,9,3259,2,7200,1.00276158331
472233,472241,475225,8,2984,2,7200,1.00268096515
472248,472254,475312,6,3058,2,7200,1.00196206671
472266,472276,475171,10,2895,2,7200,1.00345423143
472282,472287,475445,5,3158,2,7200,1.00158328056
472283,472293,475337,10,3044,2,7200,1.00328515112
472284,472298,475305,14,3007,2,7200,1.00465580313
472299,472307,475435,8,3128,2,7200,1.00255754476
472314,472320,475442,6,3122,2,7200,1.00192184497
472338,472348,475566,10,3218,2,7200,1.0031075202
472340,472354,475507,14,3153,2,7200,1.00444021567
472356,472362,475822,6,3460,2,7200,1.00173410405
472357,472368,475429,11,3061,2,7200,1.00359359686
472358,472374,475135,16,2761,2,7200,1.00579500181
472360,472379,475544,19,3165,2,7200,1.00600315956
472375,472385,475579,10,3194,2,7200,1.00313087038
472376,472391,475367,15,2976,2,7200,1.00504032258
472394,472404,475634,10,3230,2,7200,1.00309597523
472421,472432,475624,11,3192,2,7200,1.00344611529
472436,472445,475633,9,3188,2,7200,1.00282308657
472451,472457,475416,6,2959,2,7200,1.00202771206
472472,472482,475606,10,3124,2,7200,1.00320102433
472500,472508,475610,8,3102,2,7200,1.0025789813
472502,472513,475473,11,2960,2,7200,1.00371621622
472517,472523,475407,6,2884,2,7200,1.00208044383
472542,472551,475609,9,3058,2,7200,1.00294310007
472584,472596,475806,12,3210,2,7200,1.00373831776
472585,472590,526624,5,54034,4,54000,1.00009253433
472617,472627,475733,10,3106,2,7200,1.00321957502
472632,472638,475546,6,2908,2,7200,1.00206327373
472671,472681,475960,10,3279,2,7200,1.00304971028
472692,472701,475990,9,3289,2,7200,1.00273639404
472713,472721,475963,8,3242,2,7200,1.00246761258
472734,472743,476046,9,3303,2,7200,1.00272479564
472831,472841,476208,10,3367,2,7200,1.00297000297
472848,479659,482641,6811,2982,2,28800,3.28403755869
472848,472854,479653,6,6799,2,28800,1.00088248272
472849,482647,483593,9798,946,2,28800,11.3572938689
472850,483599,484472,10749,873,2,28800,13.3127147766
472851,485351,486329,12500,978,2,28800,13.7811860941
472851,484483,485345,11632,862,2,28800,14.494199536
472852,486335,487226,13483,891,2,28800,16.1324354658
472853,487232,488097,14379,865,2,28800,17.6231213873
472854,489002,489908,16148,906,2,28800,18.8233995585
472854,488103,488996,15249,893,2,28800,18.0761478163
473079,473085,527118,6,54033,4,54000,1.00011104325
474763,474769,477597,6,2828,2,7200,1.00212164074
474912,474918,478307,6,3389,2,7200,1.00177043376
475134,475140,478371,6,3231,2,7200,1.00185701021
475149,475155,478315,6,3160,2,7200,1.00189873418
475151,475161,478315,10,3154,2,7200,1.00317057705
475173,475182,478232,9,3050,2,7200,1.00295081967
475217,475223,478290,6,3067,2,7200,1.0019563091
475234,475240,478200,6,2960,2,7200,1.00202702703
475308,475316,478229,8,2913,2,7200,1.00274630965
475325,475331,478396,6,3065,2,7200,1.00195758564
475343,475348,478481,5,3133,2,7200,1.00159591446
475360,475366,478504,6,3138,2,7200,1.00191204589
475377,475383,478819,6,3436,2,7200,1.00174621653
475411,475418,478476,7,3058,2,7200,1.00228907783
475426,475432,478652,6,3220,2,7200,1.00186335404
475442,475448,478335,6,2887,2,7200,1.00207828195
475444,475454,478365,10,2911,2,7200,1.00343524562
475460,475466,478460,6,2994,2,7200,1.00200400802
475462,475472,478533,10,3061,2,7200,1.00326690624
475480,475486,478648,6,3162,2,7200,1.00189753321
475482,475492,478519,10,3027,2,7200,1.00330360093
475509,475518,478637,9,3119,2,7200,1.00288554024
475546,475555,478445,9,2890,2,7200,1.00311418685
475547,475561,478551,14,2990,2,7200,1.00468227425
475571,475577,478514,6,2937,2,7200,1.00204290092
475587,475594,478643,7,3049,2,7200,1.0022958347
475590,475600,475654,10,54,1,86400,1.18518518519
475609,475617,478690,8,3073,2,7200,1.00260331923
475625,475631,478788,6,3157,2,7200,1.00190053849
475627,475637,478750,10,3113,2,7200,1.00321233537
475629,475643,478711,14,3068,2,7200,1.00456323338
475646,475652,478796,6,3144,2,7200,1.00190839695
475648,475658,478531,10,2873,2,7200,1.00348068221
475736,475744,478559,8,2815,2,7200,1.00284191829
475809,475817,478768,8,2951,2,7200,1.00271094544
475823,475833,478824,10,2991,2,7200,1.00334336342
475828,475840,475841,12,1,2,3600,1.3
475917,475924,477774,7,1850,1,1800,1.00378378378
475965,475970,478808,5,2838,2,7200,1.00176180409
475966,475977,479054,11,3077,2,7200,1.00357491063
475995,476001,478976,6,2975,2,7200,1.00201680672
476050,476058,479033,8,2975,2,7200,1.00268907563
476065,476071,562488,6,86417,1,86400,1.00006943078
476126,476132,479931,6,3799,1,7200,1.00157936299
476146,476152,562571,6,86419,1,86400,1.00006942918
476212,476220,479288,8,3068,2,7200,1.00260756193
476239,476245,562659,6,86414,1,86400,1.00006943319
476800,476806,563251,6,86445,1,86400,1.00006940829
477600,477608,480554,8,2946,2,7200,1.0027155465
478203,478211,481115,8,2904,2,7200,1.00275482094
478232,478240,481035,8,2795,2,7200,1.00286225403
478246,478253,481339,7,3086,2,7200,1.00226830849
478294,478301,481489,7,3188,2,7200,1.002195734
478310,478318,481399,8,3081,2,7200,1.00259655956
478327,478333,481325,6,2992,2,7200,1.00200534759
478329,478339,481425,10,3086,2,7200,1.0032404407
478344,478350,481183,6,2833,2,7200,1.00211789622
478370,478376,481545,6,3169,2,7200,1.00189334175
478387,478393,481372,6,2979,2,7200,1.00201409869
478404,478411,481445,7,3034,2,7200,1.00230718523
478449,478456,481576,7,3120,2,7200,1.00224358974
478466,478472,481719,6,3247,2,7200,1.00184785956
478484,478490,481530,6,3040,2,7200,1.00197368421
478486,478496,481569,10,3073,2,7200,1.00325414904
478507,478515,481524,8,3009,2,7200,1.00265869059
478523,478529,481452,6,2923,2,7200,1.0020526856
478525,478535,481381,10,2846,2,7200,1.00351370344
478542,478548,481568,6,3020,2,7200,1.00198675497
478544,478554,481418,10,2864,2,7200,1.00349162011
478562,478568,481476,6,2908,2,7200,1.00206327373
478564,478574,481518,10,2944,2,7200,1.00339673913
478642,478648,481670,6,3022,2,7200,1.00198544011
478658,478665,481557,7,2892,2,7200,1.00242047026
478660,478671,481681,11,3010,2,7200,1.00365448505
478662,478677,481697,15,3020,2,7200,1.00496688742
478695,478701,482042,6,3341,2,7200,1.0017958695
478713,478722,481827,9,3105,2,7200,1.00289855072
478753,478762,481796,9,3034,2,7200,1.00296638102
478774,478779,481652,5,2873,2,7200,1.00174034111
478790,478799,482181,9,3382,2,7200,1.00266114725
478807,478813,481727,6,2914,2,7200,1.00205902539
478825,478831,481724,6,2893,2,7200,1.00207397166
478826,478837,481893,11,3056,2,7200,1.00359947644
478828,478843,481733,15,2890,2,7200,1.00519031142
478979,478987,482170,8,3183,2,7200,1.00251335218
479038,479044,481840,6,2796,2,7200,1.00214592275
479058,479066,482282,8,3216,2,7200,1.00248756219
479291,479299,482413,8,3114,2,7200,1.00256904303
479954,479961,484352,7,4391,1,7200,1.00159416989
480556,480565,483352,9,2787,2,7200,1.00322927879
480903,480909,524121,6,43212,8,43200,1.00013885032
480994,481000,524239,6,43239,8,43200,1.00013876362
481038,481046,484044,8,2998,2,7200,1.00266844563
481116,481126,484264,10,3138,2,7200,1.00318674315
481185,481194,484072,9,2878,2,7200,1.00312717165
481327,481337,484360,10,3023,2,7200,1.00330797221
481342,481350,484502,8,3152,2,7200,1.00253807107
481375,481383,484248,8,2865,2,7200,1.00279232112
481390,481396,484155,6,2759,2,7200,1.00217470098
481405,481410,484583,5,3173,2,7200,1.00157579578
481419,481430,484361,11,2931,2,7200,1.00375298533
481434,481441,484401,7,2960,2,7200,1.00236486486
481449,481456,484491,7,3035,2,7200,1.00230642504
481464,481470,484460,6,2990,2,7200,1.00200668896
481479,481487,484453,8,2966,2,7200,1.00269723533
481494,481500,484513,6,3013,2,7200,1.00199137073
481516,481522,524735,6,43213,8,43200,1.00013884711
481521,481530,484477,9,2947,2,7200,1.00305395317
481536,481542,484584,6,3042,2,7200,1.00197238659
481537,481548,484492,11,2944,2,7200,1.00373641304
481552,481558,484482,6,2924,2,7200,1.00205198358
481567,481573,484630,6,3057,2,7200,1.00196270854
481583,481589,484443,6,2854,2,7200,1.00210231254
481584,481595,484698,11,3103,2,7200,1.00354495649
481585,481600,484495,15,2895,2,7200,1.00518134715
481655,481663,484750,8,3087,2,7200,1.0025915128
481673,481682,484735,9,3053,2,7200,1.00294792008
481688,481694,484708,6,3014,2,7200,1.00199071002
481702,481708,484688,6,2980,2,7200,1.00201342282
481720,481730,484661,10,2931,2,7200,1.00341180484
481736,481742,484645,6,2903,2,7200,1.00206682742
481737,481748,484797,11,3049,2,7200,1.00360774024
481739,481754,484511,15,2757,2,7200,1.00544069641
481799,481812,484745,13,2933,2,7200,1.00443232185
481800,481806,484920,6,3114,1,7200,1.00192678227
481829,481838,484929,9,3091,2,7200,1.00291167907
481844,481851,485052,7,3201,2,7200,1.00218681662
481856,481862,481931,6,69,1,900,1.08695652174
481895,481905,485044,10,3139,2,7200,1.00318572794
482043,482054,485070,11,3016,2,7200,1.00364721485
482174,482181,484966,7,2785,2,7200,1.00251346499
482190,482195,485049,5,2854,2,7200,1.00175192712
482283,482293,485527,10,3234,2,7200,1.00309214595
482416,482424,485501,8,3077,2,7200,1.002599935
482694,482700,482702,6,2,1,240,1.0
482819,482828,482835,9,7,1,240,1.6
482892,482899,482908,7,9,1,240,1.6
483356,483363,486200,7,2837,2,7200,1.00246739514
483656,483662,487296,6,3634,1,3600,1.0016510732
484045,484056,487124,11,3068,2,7200,1.00358539765
484075,484083,487184,8,3101,2,7200,1.00257981296
484157,484166,487305,9,3139,2,7200,1.00286715514
484252,484259,487304,7,3045,2,7200,1.00229885057
484269,484275,487348,6,3073,2,7200,1.00195248942
484363,484371,487466,8,3095,2,7200,1.00258481422
484364,484378,487270,14,2892,2,7200,1.00484094053
484403,484412,487602,9,3190,2,7200,1.00282131661
484448,484454,487584,6,3130,2,7200,1.00191693291
484465,484471,487614,6,3143,2,7200,1.00190900414
484467,484477,487569,10,3092,2,7200,1.00323415265
484484,484490,487454,6,2964,2,7200,1.0020242915
484486,484496,487652,10,3156,2,7200,1.00316856781
484504,484510,487559,6,3049,2,7200,1.00196785831
484506,484516,487647,10,3131,2,7200,1.00319386777
484508,484522,487568,14,3046,2,7200,1.00459619173
484511,484527,487561,16,3034,2,7200,1.00527356625
484527,484533,487265,6,2732,2,7200,1.00219619327
484529,484539,487760,10,3221,2,7200,1.00310462589
484587,484594,487260,7,2666,2,7200,1.00262565641
484589,484600,487589,11,2989,2,7200,1.00368016059
484633,484641,487870,8,3229,2,7200,1.00247754723
484650,484656,487716,6,3060,2,7200,1.00196078431
484668,484674,487668,6,2994,2,7200,1.00200400802
484689,484699,487560,10,2861,2,7200,1.00349528137
484705,484711,487763,6,3052,2,7200,1.00196592398
484722,484728,487606,6,2878,2,7200,1.0020847811
484728,484734,484735,6,1,1,1440,1.0
484737,484746,488183,9,3437,2,7200,1.0026185627
484753,484759,487867,6,3108,2,7200,1.00193050193
484755,484765,487895,10,3130,2,7200,1.00319488818
484758,484770,484983,12,213,1,1440,1.05633802817
484802,484808,487845,6,3037,2,7200,1.00197563385
484933,484940,488069,7,3129,2,7200,1.00223713647
484968,484977,487940,9,2963,2,7200,1.00303746203
485049,485055,488257,6,3202,2,7200,1.00187382886
485066,485072,488217,6,3145,2,7200,1.00190779014
485067,485078,488035,11,2957,2,7200,1.00371998647
485084,485090,488036,6,2946,2,7200,1.00203665988
485506,485512,488772,6,3260,2,7200,1.0018404908
485531,485539,488656,8,3117,2,7200,1.00256657042
485933,485939,486123,6,184,1,3600,1.03260869565
486202,486210,486377,8,167,1,3600,1.04790419162
486202,486216,489303,14,3087,2,7200,1.00453514739
486848,486854,486900,6,46,1,1440,1.13043478261
486850,486861,486900,11,39,1,1440,1.28205128205
486851,486866,486900,15,34,1,1440,1.44117647059
486852,486872,486900,20,28,1,1440,1.71428571429
487127,487135,490301,8,3166,2,7200,1.00252684776
487189,487195,490424,6,3229,2,7200,1.00185816042
487190,487202,487372,12,170,1,3600,1.07058823529
487259,487271,490217,12,2946,2,7200,1.00407331976
487275,487281,490546,6,3265,2,7200,1.00183767228
487277,487287,490396,10,3109,2,7200,1.00321646832
487306,487315,490440,9,3125,2,7200,1.00288
487308,487321,490454,13,3133,2,7200,1.00414937759
487353,487359,490696,6,3337,2,7200,1.00179802218
487400,487406,487528,6,122,1,3600,1.04918032787
487456,487465,490228,9,2763,2,7200,1.00325732899
487473,487479,490463,6,2984,2,7200,1.00201072386
487547,487553,487698,6,145,1,3600,1.04137931034
487563,487570,490633,7,3063,2,7200,1.00228534117
487564,487576,490643,12,3067,2,7200,1.00391261819
487566,487582,490500,16,2918,2,7200,1.00548320768
487583,487590,490575,7,2985,2,7200,1.00234505863
487585,487596,490681,11,3085,2,7200,1.00356564019
487601,487607,490801,6,3194,2,7200,1.00187852223
487603,487613,490651,10,3038,2,7200,1.00329163924
487619,487625,490637,6,3012,2,7200,1.00199203187
487621,487631,490526,10,2895,2,7200,1.00345423143
487623,487636,490500,13,2864,2,7200,1.00453910615
487651,487659,490973,8,3314,2,7200,1.00241400121
487665,487672,490864,7,3192,2,7200,1.00219298246
487682,487688,491003,6,3315,2,7200,1.00180995475
487699,487706,487714,7,8,1,3600,1.5
487720,487727,490801,7,3074,2,7200,1.00227716331
487764,487771,490756,7,2985,2,7200,1.00234505863
487766,487777,490895,11,3118,2,7200,1.0035279025
487838,487844,487868,6,24,1,3600,1.25
487850,487857,490670,7,2813,2,7200,1.0024884465
487869,487879,490864,10,2985,2,7200,1.00335008375
487886,487892,490769,6,2877,2,7200,1.00208550574
487903,487909,490798,6,2889,2,7200,1.0020768432
487944,487952,490847,8,2895,2,7200,1.00276338515
488040,488046,491191,6,3145,2,7200,1.00190779014
488042,488052,491030,10,2978,2,7200,1.00335795836
488074,488081,491051,7,2970,2,7200,1.00235690236
488164,488170,488198,6,28,1,3600,1.21428571429
488187,488194,491119,7,2925,2,7200,1.00239316239
488221,488230,491251,9,3021,2,7200,1.00297914598
488262,488268,491281,6,3013,2,7200,1.00199137073
488287,488294,488316,7,22,1,3600,1.31818181818
488635,488641,488660,6,19,1,3600,1.31578947368
488661,488667,491790,6,3123,2,7200,1.00192122959
488775,488783,491676,8,2893,2,7200,1.00276529554
488782,488789,488811,7,22,1,3600,1.31818181818
488952,488959,488985,7,26,1,3600,1.26923076923
488958,488965,746866,7,257901,2,604800,1.0000271422
488990,488996,523188,6,34192,1,172800,1.00017547964
489284,489290,489312,6,22,1,3600,1.27272727273
489308,489314,492174,6,2860,2,7200,1.0020979021
489832,489841,489863,9,22,1,3600,1.40909090909
490216,490222,490274,6,52,1,1440,1.11538461538
490218,490239,490274,21,35,1,1440,1.6
490218,490234,490274,16,40,1,1440,1.4
490220,490244,490274,24,30,1,1440,1.8
490221,490228,493293,7,3065,2,7200,1.00228384992
490238,490250,493086,12,2836,2,7200,1.00423131171
490265,490271,490297,6,26,1,3600,1.23076923077
490277,490283,644760,6,154477,8,604800,1.00003884073
490304,490313,493450,9,3137,2,7200,1.0028689831
490398,490407,493131,9,2724,2,7200,1.00330396476
490427,490435,493486,8,3051,2,7200,1.00262209112
490442,490452,493507,10,3055,2,7200,1.00327332242
490457,490465,493474,8,3009,2,7200,1.00265869059
490472,490478,493559,6,3081,2,7200,1.00194741967
490505,490511,493301,6,2790,2,7200,1.00215053763
490507,490517,493526,10,3009,2,7200,1.00332336324
490523,490529,490600,6,71,1,1440,1.08450704225
490526,490535,490600,9,65,1,1440,1.13846153846
490527,490540,490600,13,60,1,1440,1.21666666667
490528,490546,490600,18,54,1,1440,1.33333333333
490530,490552,493595,22,3043,2,7200,1.00722970753
490550,490558,493466,8,2908,2,7200,1.00275103164
490577,490583,490606,6,23,1,3600,1.26086956522
490580,490589,493759,9,3170,2,7200,1.00283911672
490635,490644,493892,9,3248,2,7200,1.00277093596
490652,490658,493706,6,3048,2,7200,1.00196850394
490654,490664,493752,10,3088,2,7200,1.00323834197
490656,490670,493634,14,2964,2,7200,1.00472334683
490672,490681,493885,9,3204,2,7200,1.00280898876
490689,490695,493690,6,2995,2,7200,1.0020033389
490706,490712,493852,6,3140,2,7200,1.00191082803
490759,490767,493619,8,2852,2,7200,1.00280504909
490776,490783,493700,7,2917,2,7200,1.00239972575
490802,490809,493928,7,3119,2,7200,1.00224430907
490804,490815,493728,11,2913,2,7200,1.00377617576
490806,490821,493935,15,3114,2,7200,1.00481695568
490849,490858,493776,9,2918,2,7200,1.00308430432
490869,490875,493870,6,2995,2,7200,1.0020033389
490871,490881,494002,10,3121,2,7200,1.00320410125
490897,490906,493757,9,2851,2,7200,1.00315678709
490977,490985,494319,8,3334,2,7200,1.0023995201
491006,491014,493984,8,2970,2,7200,1.00269360269
491035,491041,493996,6,2955,2,7200,1.00203045685
491055,491062,494061,7,2999,2,7200,1.00233411137
491122,491130,494267,8,3137,2,7200,1.0025502072
491193,491202,494156,9,2954,2,7200,1.00304671632
491255,491262,494244,7,2982,2,7200,1.00234741784
491284,491292,494247,8,2955,2,7200,1.0027072758
491638,491644,491668,6,24,1,3600,1.25
491679,491688,494558,9,2870,2,7200,1.0031358885
491795,491801,494848,6,3047,2,7200,1.00196914998
492177,492185,495281,8,3096,2,7200,1.00258397933
492992,493001,493023,9,22,1,3600,1.40909090909
493054,493304,493308,250,4,4,172800,25.4
493088,493312,496208,224,2896,2,7200,1.0773480663
493135,493142,496087,7,2945,2,7200,1.00237691002
493295,493319,496570,24,3251,2,7200,1.00738234389
493540,493549,493552,9,3,1,3600,1.2
493652,493658,493870,6,212,4,28800,1.02830188679
493764,493771,493774,7,3,1,3600,1.0
493898,493904,494349,6,445,4,28800,1.01348314607
493956,493964,493967,8,3,1,3600,1.1
494377,494383,497449,6,3066,2,7200,1.00195694716
494379,494389,497389,10,3000,2,7200,1.00333333333
494381,494394,497258,13,2864,2,7200,1.00453910615
494383,494400,497298,17,2898,2,7200,1.00586611456
494385,494406,497278,21,2872,2,7200,1.00731197772
494387,494411,497276,24,2865,2,7200,1.00837696335
494388,494417,497547,29,3130,2,7200,1.00926517572
494390,494422,497482,32,3060,2,7200,1.01045751634
494392,494427,497634,35,3207,2,7200,1.01091362644
494394,494433,497414,39,2981,2,7200,1.0130828581
494396,494438,497593,42,3155,2,7200,1.01331220285
494398,494443,497608,45,3165,2,7200,1.01421800948
494399,494449,497388,50,2939,2,7200,1.01701258932
494401,494455,497606,54,3151,2,7200,1.01713741669
494403,494460,497533,57,3073,2,7200,1.01854864953
494405,494466,497623,61,3157,2,7200,1.01932214127
494406,494471,497330,65,2859,2,7200,1.02273522211
494408,494476,497432,68,2956,2,7200,1.02300405954
494410,494482,497438,72,2956,2,7200,1.02435723951
494412,494487,497497,75,3010,2,7200,1.02491694352
494414,494492,497656,78,3164,2,7200,1.02465233881
494416,494498,497520,82,3022,2,7200,1.02713434811
494417,494503,497699,86,3196,2,7200,1.02690863579
494419,494508,497472,89,2964,2,7200,1.03002699055
494421,494514,497444,93,2930,2,7200,1.03174061433
494423,494519,497603,96,3084,2,7200,1.03112840467
494425,494524,497595,99,3071,2,7200,1.03223705633
494427,494530,497695,103,3165,2,7200,1.03254344392
494429,494535,497708,106,3173,2,7200,1.03340687047
494430,494540,497382,110,2842,2,7200,1.03870513723
494432,494546,497467,114,2921,2,7200,1.03902773023
494434,494551,497565,117,3014,2,7200,1.03881884539
494457,494557,494602,100,45,4,28800,3.22222222222
494562,494569,497508,7,2939,2,7200,1.0023817625
494608,494614,494679,6,65,4,28800,1.09230769231
494682,494690,494919,8,229,4,28800,1.03493449782
494851,494859,497627,8,2768,2,7200,1.00289017341
495052,495058,497972,6,2914,2,7200,1.00205902539
495054,495064,497934,10,2870,2,7200,1.00348432056
495286,495292,498415,6,3123,2,7200,1.00192122959
496019,496025,496057,6,32,8,300,1.1875
496089,496098,499247,9,3149,2,7200,1.00285805017
496171,496178,496198,7,20,8,300,1.35
496212,496219,499010,7,2791,2,7200,1.00250806163
496279,496285,496301,6,16,8,300,1.375
496407,496414,768801,7,272387,15,345600,1.00002569873
496573,496581,499603,8,3022,2,7200,1.00264725347
496767,496773,497248,6,475,8,1200,1.01263157895
497263,497269,500528,6,3259,2,7200,1.00184105554
497280,497288,500215,8,2927,2,7200,1.0027331739
497281,497293,500088,12,2795,2,7200,1.00429338104
497300,497309,500412,9,3103,2,7200,1.00290041895
497335,497341,500320,6,2979,2,7200,1.00201409869
497385,497393,500754,8,3361,2,7200,1.00238024398
497402,497408,500422,6,3014,2,7200,1.00199071002
497403,497414,500406,11,2992,2,7200,1.00367647059
497419,497425,500536,6,3111,2,7200,1.00192864031
497435,497443,500381,8,2938,2,7200,1.00272294078
497451,497457,500462,6,3005,2,7200,1.00199667221
497453,497463,500375,10,2912,2,7200,1.00343406593
497455,497469,500525,14,3056,2,7200,1.00458115183
497471,497478,500563,7,3085,2,7200,1.00226904376
497488,497494,500496,6,3002,2,7200,1.00199866755
497490,497500,500325,10,2825,2,7200,1.00353982301
497506,497512,500553,6,3041,2,7200,1.00197303519
497522,497528,500261,6,2733,2,7200,1.00219538968
497525,497534,500824,9,3290,2,7200,1.00273556231
497541,497547,500683,6,3136,2,7200,1.00191326531
497557,497563,500833,6,3270,2,7200,1.00183486239
497573,497580,500588,7,3008,2,7200,1.00232712766
497577,497586,756814,9,259228,15,259200,1.00003471847
497596,497604,500636,8,3032,2,7200,1.00263852243
497598,497610,500470,12,2860,2,7200,1.0041958042
497616,497622,500556,6,2934,2,7200,1.00204498978
497617,497628,500679,11,3051,2,7200,1.00360537529
497619,497633,500734,14,3101,2,7200,1.00451467269
497635,497641,498160,6,519,8,1200,1.01156069364
497637,497647,500418,10,2771,2,7200,1.00360880549
497639,497653,500716,14,3063,2,7200,1.00457068234
497640,497658,500731,18,3073,2,7200,1.00585746827
497659,497667,500730,8,3063,2,7200,1.00261181848
497702,497708,500675,6,2967,2,7200,1.00202224469
497706,497714,500829,8,3115,2,7200,1.0025682183
497722,497728,500740,6,3012,2,7200,1.00199203187
497938,497945,501163,7,3218,2,7200,1.00217526414
497979,497985,500925,6,2940,2,7200,1.00204081633
498420,498426,501399,6,2973,2,7200,1.00201816347
499013,499021,501827,8,2806,2,7200,1.0028510335
499251,499258,502286,7,3028,2,7200,1.00231175694
499606,499615,502729,9,3114,2,7200,1.00289017341
499811,499817,501364,6,1547,1,3600,1.00387847447
499812,499823,501371,11,1548,1,3600,1.00710594315
499814,499829,501562,15,1733,1,3600,1.00865551068
499815,499834,501548,19,1714,1,3600,1.01108518086
499816,499839,501396,23,1557,1,3600,1.01477199743
499818,499845,501340,27,1495,1,3600,1.01806020067
499820,499851,501484,31,1633,1,3600,1.01898346601
499821,499856,501482,35,1626,1,3600,1.02152521525
499822,499861,501446,39,1585,1,3600,1.02460567823
499824,499867,501434,43,1567,1,3600,1.02744097001
499825,499872,501394,47,1522,1,3600,1.0308804205
499827,499878,501540,51,1662,1,3600,1.03068592058
499828,499883,501618,55,1735,1,3600,1.03170028818
499829,499888,501545,59,1657,1,3600,1.0356065178
499831,499894,501461,63,1567,1,3600,1.04020421187
499832,499899,501406,67,1507,1,3600,1.04445919044
499834,499905,501421,71,1516,1,3600,1.04683377309
499835,499910,501447,75,1537,1,3600,1.04879635654
499837,499916,501553,79,1637,1,3600,1.04825901038
499838,499922,501579,84,1657,1,3600,1.05069402535
499839,499927,501479,88,1552,1,3600,1.05670103093
499841,499933,501479,92,1546,1,3600,1.0595084088
499842,499939,501446,97,1507,1,3600,1.06436629064
499844,499944,501585,100,1641,1,3600,1.06093845216
499845,499950,501450,105,1500,1,3600,1.07
499846,499955,501432,109,1477,1,3600,1.07379823968
499848,499960,501469,112,1509,1,3600,1.07422133863
499849,499966,501488,117,1522,1,3600,1.07687253614
499851,499971,501580,120,1609,1,3600,1.07458048477
499852,499977,501574,125,1597,1,3600,1.07827175955
499854,499982,501545,128,1563,1,3600,1.08189379399
499855,499987,501517,132,1530,1,3600,1.0862745098
499857,499993,501487,136,1494,1,3600,1.09103078983
499858,499998,501592,140,1594,1,3600,1.0878293601
499859,500004,501442,145,1438,1,3600,1.10083449235
499861,500014,501571,153,1557,1,3600,1.09826589595
499862,500019,501495,157,1476,1,3600,1.10636856369
499864,500030,501634,166,1604,1,3600,1.10349127182
499865,501351,502705,1486,1354,1,3600,2.09748892171
499866,501406,502480,1540,1074,1,3600,2.43389199255
499868,501411,502394,1543,983,1,3600,2.56968463886
499869,501416,502670,1547,1254,1,3600,2.2336523126
499871,501421,502855,1550,1434,1,3600,2.08089260809
499872,501434,503000,1562,1566,1,3600,1.99744572158
499874,501439,503026,1565,1587,1,3600,1.9861373661
499875,501446,502651,1571,1205,1,3600,2.30373443983
499877,501451,502825,1574,1374,1,3600,2.14556040757
499879,501456,502694,1577,1238,1,3600,2.27382875606
499881,501462,502898,1581,1436,1,3600,2.10097493036
499882,501468,502379,1586,911,1,3600,2.74094401756
499884,501473,502825,1589,1352,1,3600,2.17529585799
499886,501478,503068,1592,1590,1,3600,2.00125786164
499888,501484,502507,1596,1023,1,3600,2.56011730205
499889,501489,502897,1600,1408,1,3600,2.13636363636
499891,501495,502701,1604,1206,1,3600,2.33001658375
499893,501501,502715,1608,1214,1,3600,2.32454695222
499894,501507,503130,1613,1623,1,3600,1.99383857055
499897,501512,503130,1615,1618,1,3600,1.99814585909
499899,501517,503062,1618,1545,1,3600,2.04724919094
499900,501523,503039,1623,1516,1,3600,2.07058047493
499902,501528,503321,1626,1793,1,3600,1.90686001115
499904,501534,503469,1630,1935,1,3600,1.84237726098
499906,501540,503180,1634,1640,1,3600,1.99634146341
499907,501551,503185,1644,1634,1,3600,2.00611995104
499909,501557,502939,1648,1382,1,3600,2.19247467438
499911,501563,503163,1652,1600,1,3600,2.0325
499912,501569,502858,1657,1289,1,3600,2.28549262995
499914,501575,503416,1661,1841,1,3600,1.90222705052
499917,501581,503392,1664,1811,1,3600,1.91882937604
499920,501588,503077,1668,1489,1,3600,2.12021490934
499921,501594,503013,1673,1419,1,3600,2.17899929528
499923,501600,503038,1677,1438,1,3600,2.16620305981
499925,501606,503079,1681,1473,1,3600,2.14120841819
499926,501611,503054,1685,1443,1,3600,2.16770616771
499928,501617,503357,1689,1740,1,3600,1.97068965517
499929,501629,503307,1700,1678,1,3600,2.01311084625
499931,501645,503423,1714,1778,1,3600,1.96400449944
499932,502390,503617,2458,1227,1,3600,3.0032599837
499934,502406,503783,2472,1377,1,3600,2.79520697168
499935,502492,503650,2557,1158,1,3600,3.20811744387
499937,502519,503863,2582,1344,1,3600,2.92113095238
499939,502663,504107,2724,1444,1,3600,2.8864265928
499940,502681,503807,2741,1126,1,3600,3.43428063943
499942,502710,504042,2768,1332,1,3600,3.07807807808
499943,502718,503984,2775,1266,1,3600,3.19194312796
499945,502724,504109,2779,1385,1,3600,3.00649819495
499946,502730,503685,2784,955,1,3600,3.91518324607
499949,502836,504079,2887,1243,1,3600,3.32260659694
499955,502841,503710,2886,869,1,3600,4.32105868815
499993,502866,503704,2873,838,1,3600,4.42840095465
499995,502876,504089,2881,1213,1,3600,3.37510305029
499998,502909,503963,2911,1054,1,3600,3.76185958254
500002,502915,503889,2913,974,1,3600,3.99075975359
500004,502951,503927,2947,976,1,3600,4.01946721311
500013,503011,504063,2998,1052,1,3600,3.84980988593
500014,503024,504076,3010,1052,1,3600,3.86121673004
500016,503037,504170,3021,1133,1,3600,3.66637246249
500032,503049,504432,3017,1383,1,3600,3.18148951555
500085,503056,504068,2971,1012,1,3600,3.93577075099
500089,500100,502971,11,2871,2,7200,1.00383141762
500129,503065,504061,2936,996,1,3600,3.94779116466
500164,503073,503963,2909,890,1,3600,4.26853932584
500217,500227,503029,10,2802,2,7200,1.00356887937
500262,500272,503365,10,3093,2,7200,1.00323310702
500324,500331,503423,7,3092,2,7200,1.00226390686
500342,500348,503408,6,3060,2,7200,1.00196078431
500380,500386,503195,6,2809,2,7200,1.00213599146
500381,500392,503574,11,3182,2,7200,1.00345694532
500411,500417,503494,6,3077,2,7200,1.00194995125
500428,500434,503470,6,3036,2,7200,1.00197628458
500430,500440,503632,10,3192,2,7200,1.00313283208
500431,500445,503473,14,3028,2,7200,1.00462351387
500465,500473,503400,8,2927,2,7200,1.0027331739
500482,500488,503605,6,3117,2,7200,1.00192492782
500497,500507,503765,10,3258,2,7200,1.00306936771
500529,500537,503556,8,3019,2,7200,1.00264988407
500531,500543,503491,12,2948,2,7200,1.00407055631
500548,500554,503520,6,2966,2,7200,1.0020229265
500564,500570,503495,6,2925,2,7200,1.00205128205
500566,500577,503612,11,3035,2,7200,1.00362438221
500568,500582,503681,14,3099,2,7200,1.00451758632
500591,500599,503522,8,2923,2,7200,1.00273691413
500638,500647,503606,9,2959,2,7200,1.0030415681
500680,500686,503731,6,3045,2,7200,1.00197044335
500682,500693,503748,11,3055,2,7200,1.00360065466
500699,500705,503760,6,3055,2,7200,1.00196399345
500719,500728,503765,9,3037,2,7200,1.00296345077
500736,500742,503811,6,3069,2,7200,1.00195503421
500738,500749,503534,11,2785,2,7200,1.0039497307
500740,500755,503919,15,3164,2,7200,1.00474083439
500757,500763,503535,6,2772,2,7200,1.00216450216
500759,500770,503522,11,2752,2,7200,1.00399709302
500828,500835,503775,7,2940,2,7200,1.00238095238
500845,500851,503794,6,2943,2,7200,1.00203873598
500847,500857,503744,10,2887,2,7200,1.00346380326
500926,500936,503955,10,3019,2,7200,1.00331235508
501166,501174,504094,8,2920,2,7200,1.00273972603
501403,503079,504262,1676,1183,1,3600,2.41673710904
501404,501428,504392,24,2964,2,7200,1.00809716599
501405,503094,504200,1689,1106,1,3600,2.52712477396
501407,503100,504388,1693,1288,1,3600,2.31444099379
501409,503142,504349,1733,1207,1,3600,2.4357912179
501411,503147,504394,1736,1247,1,3600,2.39214113873
501412,503175,504223,1763,1048,1,3600,2.6822519084
501474,503191,504603,1717,1412,1,3600,2.21600566572
501475,503197,504393,1722,1196,1,3600,2.4397993311
501477,503318,504540,1841,1222,1,3600,2.50654664484
501479,503332,504539,1853,1207,1,3600,2.53521126761
501480,503369,504453,1889,1084,1,3600,2.7426199262
501482,503404,504881,1922,1477,1,3600,2.30128639133
501484,503430,504716,1946,1286,1,3600,2.5132192846
501485,503437,504720,1952,1283,1,3600,2.52143413874
501487,503480,504832,1993,1352,1,3600,2.47411242604
501488,503636,505160,2148,1524,1,3600,2.4094488189
501490,503662,505128,2172,1466,1,3600,2.48158253752
501492,503698,505118,2206,1420,1,3600,2.55352112676
501493,503715,505285,2222,1570,1,3600,2.4152866242
501495,503721,505206,2226,1485,1,3600,2.49898989899
501497,503796,505535,2299,1739,1,3600,2.32202415181
501498,503819,505158,2321,1339,1,3600,2.73338312173
501560,503876,505491,2316,1615,1,3600,2.43405572755
501562,503902,505315,2340,1413,1,3600,2.65605095541
501563,503941,505475,2378,1534,1,3600,2.55019556714
501565,503977,505474,2412,1497,1,3600,2.61122244489
501567,503983,505522,2416,1539,1,3600,2.56985055231
501568,503996,505630,2428,1634,1,3600,2.48592411261
501570,504053,505434,2483,1381,1,3600,2.79797248371
501572,504072,505453,2500,1381,1,3600,2.81028240406
501633,504079,505514,2446,1435,1,3600,2.70452961672
501635,504084,505697,2449,1613,1,3600,2.51828890267
501637,504090,505473,2453,1383,1,3600,2.77368040492
501639,504095,505706,2456,1611,1,3600,2.52451893234
501641,504102,505628,2461,1526,1,3600,2.6127129751
501642,504118,505433,2476,1315,1,3600,2.88288973384
501644,504125,505664,2481,1539,1,3600,2.61208576998
501646,504182,505834,2536,1652,1,3600,2.53510895884
501832,501838,504924,6,3086,2,7200,1.00194426442
502290,502297,505460,7,3163,2,7200,1.00221308884
502433,504213,505634,1780,1421,1,3600,2.25263898663
502435,504236,505620,1801,1384,1,3600,2.30130057803
502499,504274,505668,1775,1394,1,3600,2.27331420373
502604,504360,505629,1756,1269,1,3600,2.38376674547
502675,504400,505900,1725,1500,1,3600,2.15
502722,504411,505693,1689,1282,1,3600,2.31747269891
502733,502740,505559,7,2819,2,7200,1.00248315005
502764,504416,505954,1652,1538,1,3600,2.07412223667
502820,504454,505681,1634,1227,1,3600,2.33170334148
502826,504465,505671,1639,1206,1,3600,2.35903814262
502830,504501,505845,1671,1344,1,3600,2.24330357143
502832,504551,505951,1719,1400,1,3600,2.22785714286
502855,504558,505597,1703,1039,1,3600,2.63907603465
502939,504617,505707,1678,1090,1,3600,2.53944954128
502948,504728,505931,1780,1203,1,3600,2.47963424771
502977,502983,505983,6,3000,2,7200,1.002
502983,504734,506073,1751,1339,1,3600,2.30769230769
502991,504846,506052,1855,1206,1,3600,2.53814262023
502999,504892,506030,1893,1138,1,3600,2.66344463972
503032,503043,506225,11,3182,2,7200,1.00345694532
503063,505172,506218,2109,1046,1,3600,3.01625239006
503068,505177,506301,2109,1124,1,3600,2.87633451957
503070,505183,506154,2113,971,1,3600,3.17610710608
503076,505188,506244,2112,1056,1,3600,3.0
503111,505313,506209,2202,896,1,3600,3.45758928571
503133,505319,506350,2186,1031,1,3600,3.12027158099
503136,505326,506379,2190,1053,1,3600,3.07977207977
503143,505447,506437,2304,990,1,3600,3.32727272727
503163,505453,506443,2290,990,1,3600,3.31313131313
503176,505466,506484,2290,1018,1,3600,3.24950884086
503185,505484,506086,2299,602,1,3600,4.81893687708
503198,503206,506536,8,3330,2,7200,1.0024024024
503206,505491,506881,2285,1390,1,3600,2.64388489209
503209,505497,506017,2288,520,1,3600,5.4
503211,505503,506735,2292,1232,1,3600,2.86038961039
503213,505525,507105,2312,1580,1,3600,2.46329113924
503335,505533,506737,2198,1204,1,3600,2.82558139535
503337,505546,506060,2209,514,1,3600,5.29766536965
503366,503376,506479,10,3103,2,7200,1.00322268772
503398,505608,506775,2210,1167,1,3600,2.89374464439
503400,505631,506728,2231,1097,1,3600,3.03372835005
503403,503412,506368,9,2956,2,7200,1.00304465494
503418,503424,506381,6,2957,2,7200,1.00202908353
503432,503443,506388,11,2945,2,7200,1.00373514431
503461,505639,506812,2178,1173,1,3600,2.85677749361
503463,505645,506754,2182,1109,1,3600,2.96753832281
503472,503486,506434,14,2948,2,7200,1.00474898236
503487,503493,506470,6,2977,2,7200,1.0020154518
503502,503508,506868,6,3360,2,7200,1.00178571429
503503,503514,506723,11,3209,2,7200,1.00342785915
503505,503520,506431,15,2911,2,7200,1.00515286843
503523,503531,506661,8,3130,2,7200,1.00255591054
503524,505651,506821,2127,1170,1,3600,2.81794871795
503525,503539,506356,14,2817,2,7200,1.00496982606
503526,503544,506543,18,2999,2,7200,1.00600200067
503541,503550,506503,9,2953,2,7200,1.00304774805
503543,503556,506537,13,2981,2,7200,1.0043609527
503558,503567,506636,9,3069,2,7200,1.00293255132
503576,503585,506462,9,2877,2,7200,1.0031282586
503606,503623,506667,17,3044,2,7200,1.0055847569
503607,503616,506425,9,2809,2,7200,1.00320398718
503623,503630,506751,7,3121,2,7200,1.00224287087
503638,503643,506414,5,2771,2,7200,1.00180440274
503646,505656,506893,2010,1237,1,3600,2.62489894907
503683,503692,507167,9,3475,2,7200,1.00258992806
503707,505674,506920,1967,1246,1,3600,2.57865168539
503709,505680,506936,1971,1256,1,3600,2.56926751592
503710,505687,506853,1977,1166,1,3600,2.69554030875
503734,503742,506653,8,2911,2,7200,1.0027481965
503749,503755,506671,6,2916,2,7200,1.00205761317
503751,503761,507051,10,3290,2,7200,1.00303951368
503766,503772,506742,6,2970,2,7200,1.00202020202
503767,503778,506969,11,3191,2,7200,1.00344719524
503769,503784,506708,15,2924,2,7200,1.00512995896
503772,505694,506988,1922,1294,1,3600,2.48531684699
503784,503790,506959,6,3169,2,7200,1.00189334175
503799,503805,506716,6,2911,2,7200,1.00206114737
503814,503826,506919,12,3093,2,7200,1.00387972842
503833,505704,507079,1871,1375,1,3600,2.36072727273
503834,505711,506748,1877,1037,1,3600,2.8100289296
503896,505717,507146,1821,1429,1,3600,2.27431770469
503897,505724,506921,1827,1197,1,3600,2.52631578947
503922,503930,507081,8,3151,2,7200,1.00253887655
503955,503966,507207,11,3241,2,7200,1.00339401419
503959,505845,507115,1886,1270,1,3600,2.48503937008
504022,505856,507081,1834,1225,1,3600,2.49714285714
504023,505963,507155,1940,1192,1,3600,2.62751677852
504025,506029,507261,2004,1232,1,3600,2.62662337662
504087,506063,507341,1976,1278,1,3600,2.54616588419
504088,506071,507276,1983,1205,1,3600,2.64564315353
504089,506086,507327,1997,1241,1,3600,2.60918614021
504091,506097,507264,2006,1167,1,3600,2.71893744644
504092,506317,507464,2225,1147,1,3600,2.93984306888
504093,506323,507592,2230,1269,1,3600,2.7572892041
504095,506329,507335,2234,1006,1,3600,3.22067594433
504098,504109,507174,11,3065,2,7200,1.00358890701
504156,506334,507523,2178,1189,1,3600,2.83179142136
504158,506339,507264,2181,925,1,3600,3.35783783784
504220,506345,507399,2125,1054,1,3600,3.01612903226
504221,506350,507575,2129,1225,1,3600,2.73795918367
504283,506355,507442,2072,1087,1,3600,2.90616375345
504285,506361,507525,2076,1164,1,3600,2.78350515464
504394,504406,507323,12,2917,2,7200,1.00411381556
504406,506373,507328,1967,955,1,3600,3.05968586387
504408,506390,507495,1982,1105,1,3600,2.79366515837
504409,507389,508436,2980,1047,1,3600,3.84622731614
504411,507395,508347,2984,952,1,3600,4.13445378151
504472,507400,508778,2928,1378,1,3600,3.12481857765
504474,507405,508588,2931,1183,1,3600,3.47759932375
504596,507411,508352,2815,941,1,3600,3.99149840595
504597,507416,508364,2819,948,1,3600,3.97362869198
504659,507421,508516,2762,1095,1,3600,3.52237442922
504780,507427,508535,2647,1108,1,3600,3.38898916968
504782,507433,508481,2651,1048,1,3600,3.52958015267
504844,507454,508613,2610,1159,1,3600,3.25194132873
504908,507478,508503,2570,1025,1,3600,3.50731707317
504927,504935,507912,8,2977,2,7200,1.00268726906
505023,505297,505301,274,4,2,3540,27.8
505150,507510,508426,2360,916,1,3600,3.57641921397
505152,507537,508993,2385,1456,1,3600,2.63804945055
505213,507543,508611,2330,1068,1,3600,3.18164794007
505215,507586,508481,2371,895,1,3600,3.64916201117
505216,507603,508520,2387,917,1,3600,3.60305343511
505338,508358,509365,3020,1007,1,3600,3.99900695134
505339,508364,509141,3025,777,1,3600,4.89317889318
505461,508375,509186,2914,811,1,3600,4.59309494451
505463,508439,509308,2976,869,1,3600,4.4246260069
505464,505472,508767,8,3295,2,7200,1.00242792109
505464,508449,509211,2985,762,1,3600,4.91732283465
505526,508496,509208,2970,712,1,3600,5.17134831461
505529,508502,509409,2973,907,1,3600,4.27783902977
505531,508514,509451,2983,937,1,3600,4.18356456777
505533,508528,509290,2995,762,1,3600,4.93044619423
505534,508534,509417,3000,883,1,3600,4.39750849377
505536,508546,509388,3010,842,1,3600,4.57482185273
505560,505570,508527,10,2957,2,7200,1.00338180588
505597,508599,509471,3002,872,1,3600,4.44266055046
505660,508629,509508,2969,879,1,3600,4.37770193402
505662,508635,509343,2973,708,1,3600,5.19915254237
505664,508793,509494,3129,701,1,3600,5.46362339515
505665,509153,510007,3488,854,1,3600,5.08430913349
505666,509197,509946,3531,749,1,3600,5.71428571429
505668,509329,510171,3661,842,1,3600,5.34798099762
505669,509335,510132,3666,797,1,3600,5.59974905897
505741,509354,510504,3613,1150,1,3600,4.14173913043
505745,509377,510439,3632,1062,1,3600,4.41996233522
505749,509302,510123,3553,821,1,3600,5.32764920828
505751,509307,510667,3556,1360,1,3600,3.61470588235
505772,509312,510134,3540,822,1,3600,5.30656934307
505776,509399,510426,3623,1027,1,3600,4.52775073028
505781,509421,510110,3640,689,1,3600,6.28301886792
505844,509434,510483,3590,1049,1,3600,4.42230695901
505891,506257,506272,366,15,8,7200,25.4
505910,509464,510755,3554,1291,1,3600,3.75290472502
505935,509482,510664,3547,1182,1,3600,4.00084602369
505954,509513,511010,3559,1497,1,3600,3.37742150969
505959,509519,510473,3560,954,1,3600,4.73165618449
505962,509971,510944,4009,973,1,3600,5.12024665982
505985,505995,509099,10,3104,2,7200,1.00322164948
506027,510018,511439,3991,1421,1,3600,3.80858550317
506090,510122,511087,4032,965,1,3600,5.17823834197
506093,510134,511348,4041,1214,1,3600,4.32866556837
506095,510140,511548,4045,1408,1,3600,3.87286931818
506097,510146,511273,4049,1127,1,3600,4.59272404614
506098,506285,506286,187,1,8,7200,18.8
506099,510151,511495,4052,1344,1,3600,4.01488095238
506172,506297,506299,125,2,8,7200,12.7
506173,510156,511266,3983,1110,1,3600,4.58828828829
506211,506310,506312,99,2,8,7200,10.1
506226,506237,509212,11,2975,2,7200,1.00369747899
506265,510162,511443,3897,1281,1,3600,4.04215456674
506284,510167,511454,3883,1287,1,3600,4.01709401709
506286,510172,511316,3886,1144,1,3600,4.39685314685
506355,510177,511287,3822,1110,1,3600,4.44324324324
506359,506368,509417,9,3049,2,7200,1.00295178747
506371,510184,511230,3813,1046,1,3600,4.64531548757
506374,506380,509695,6,3315,2,7200,1.00180995475
506389,506396,509300,7,2904,2,7200,1.00241046832
506391,506403,509296,12,2893,2,7200,1.00414794331
506418,506425,509198,7,2773,2,7200,1.00252434187
506433,506439,509349,6,2910,2,7200,1.00206185567
506435,506446,509594,11,3148,2,7200,1.00349428208
506448,510190,511451,3742,1261,1,3600,3.96748612213
506450,506456,509795,6,3339,2,7200,1.00179694519
506465,506473,509716,8,3243,2,7200,1.00246685168
506466,506481,509414,15,2933,2,7200,1.00511421752
506481,506490,509479,9,2989,2,7200,1.00301104048
506491,510195,511567,3704,1372,1,3600,3.69970845481
506506,506515,509583,9,3068,2,7200,1.00293350717
506539,506547,509496,8,2949,2,7200,1.00271278399
506541,506553,509796,12,3243,2,7200,1.00370027752
506554,510315,511418,3761,1103,1,3600,4.40979147779
506555,506562,509524,7,2962,2,7200,1.00236326806
506556,510320,511283,3764,963,1,3600,4.90861889927
506637,506647,509674,10,3027,2,7200,1.00330360093
506655,506664,509998,9,3334,2,7200,1.00269946011
506659,506771,510127,112,3356,8,7200,1.03337306317
506671,506677,509811,6,3134,2,7200,1.00191448628
506672,506685,509724,13,3039,2,7200,1.00427772294
506673,506937,510304,264,3367,8,7200,1.07840807841
506687,506693,509876,6,3183,2,7200,1.00188501414
506691,507166,510522,475,3356,8,7200,1.1415375447
506711,506719,509878,8,3159,2,7200,1.00253244698
506726,506733,509766,7,3033,2,7200,1.00230794593
506728,506740,509826,12,3086,2,7200,1.00388852884
506735,507358,507366,623,8,8,7200,63.1
506743,506753,509880,10,3127,2,7200,1.00319795331
506758,506763,509675,5,2912,2,7200,1.00171703297
506766,510326,511267,3560,941,1,3600,4.78320935175
506771,510331,511298,3560,967,1,3600,4.68148914168
506776,510336,511598,3560,1262,1,3600,3.82091917591
506783,510342,511348,3559,1006,1,3600,4.53777335984
506786,507377,507378,591,1,8,7200,59.2
506812,510347,511601,3535,1254,1,3600,3.81897926635
506826,510352,511445,3526,1093,1,3600,4.22598353156
506855,510447,511613,3592,1166,1,3600,4.08061749571
506860,510453,511590,3593,1137,1,3600,4.1600703606
506870,506879,509726,9,2847,2,7200,1.00316122234
506878,510489,511726,3611,1237,1,3600,3.91915925627
506921,506930,510064,9,3134,2,7200,1.00287172942
506957,510496,511627,3539,1131,1,3600,4.1290893015
506960,506971,510080,11,3109,2,7200,1.00353811515
506975,506981,509853,6,2872,2,7200,1.00208913649
506988,510515,511560,3527,1045,1,3600,4.37511961722
507008,510533,511664,3525,1131,1,3600,4.11671087533
507013,510539,511605,3526,1066,1,3600,4.30769230769
507014,510544,511606,3530,1062,1,3600,4.32391713748
507019,510549,511712,3530,1163,1,3600,4.03525365434
507054,507062,509933,8,2871,2,7200,1.00278648555
507084,507092,510290,8,3198,2,7200,1.00250156348
507091,510555,511721,3464,1166,1,3600,3.97084048027
507094,510560,511513,3466,953,1,3600,4.63693599161
507157,510565,511418,3408,853,1,3600,4.99531066823
507160,510571,511692,3411,1121,1,3600,4.04281891169
507162,510675,511564,3513,889,1,3600,4.95163104612
507164,510682,511730,3518,1048,1,3600,4.35687022901
507169,507179,510080,10,2901,2,7200,1.00344708721
507184,507190,510192,6,3002,2,7200,1.00199866755
507208,507218,510325,10,3107,2,7200,1.00321853878
507285,510766,512210,3481,1444,1,3600,3.41066481994
507287,510955,512088,3668,1133,1,3600,4.2374227714
507289,511021,512090,3732,1069,1,3600,4.4911131899
507290,511114,512358,3824,1244,1,3600,4.07395498392
507319,507334,510256,15,2922,2,7200,1.00513347023
507366,511241,512394,3875,1153,1,3600,4.36079791847
507371,511277,512490,3906,1213,1,3600,4.22011541632
507373,511283,512314,3910,1031,1,3600,4.79243452958
507392,511289,512381,3897,1092,1,3600,4.56868131868
507457,511295,512656,3838,1361,1,3600,3.81998530492
507464,511302,512349,3838,1047,1,3600,4.66571155683
507496,511309,512419,3813,1110,1,3600,4.43513513514
507518,511327,512443,3809,1116,1,3600,4.41308243728
507583,511360,512457,3777,1097,1,3600,4.44302643573
507586,511366,512455,3780,1089,1,3600,4.47107438017
507587,511432,512375,3845,943,1,3600,5.07741251326
507649,511437,512771,3788,1334,1,3600,3.8395802099
507914,507923,510836,9,2913,2,7200,1.00308959835
508378,511450,512647,3072,1197,1,3600,3.5664160401
508379,511456,512444,3077,988,1,3600,4.11437246964
508381,511462,512736,3081,1274,1,3600,3.41836734694
508459,511468,512898,3009,1430,1,3600,3.1041958042
508480,511474,512414,2994,940,1,3600,4.18510638298
508529,508540,511639,11,3099,2,7200,1.00354953211
508542,511507,512777,2965,1270,1,3600,3.33464566929
508544,511529,512799,2985,1270,1,3600,3.35039370079
508546,511560,512771,3014,1211,1,3600,3.48885218827
508547,511571,512450,3024,879,1,3600,4.44027303754
508549,511578,512918,3029,1340,1,3600,3.26044776119
508550,511583,512458,3033,875,1,3600,4.46628571429
508612,511603,512702,2991,1099,1,3600,3.72156505914
508627,511609,512822,2982,1213,1,3600,3.45836768343
508632,511615,512600,2983,985,1,3600,4.02842639594
508770,508778,511804,8,3026,2,7200,1.00264375413
508833,511622,512704,2789,1082,1,3600,3.57763401109
509030,511628,512666,2598,1038,1,3600,3.50289017341
509102,509110,512128,8,3018,2,7200,1.00265076209
509152,511634,512840,2482,1206,1,3600,3.05804311774
509202,509210,512151,8,2941,2,7200,1.00272016321
509214,511641,512701,2427,1060,1,3600,3.28962264151
509216,511675,512836,2459,1161,1,3600,3.11800172265
509217,509223,512478,6,3255,2,7200,1.00184331797
509218,511703,512770,2485,1067,1,3600,3.32895970009
509298,509319,512438,21,3119,2,7200,1.00673292722
509313,509324,512409,11,3085,2,7200,1.00356564019
509340,511723,512807,2383,1084,1,3600,3.19833948339
509341,511732,512936,2391,1204,1,3600,2.98588039867
509352,509360,512510,8,3150,2,7200,1.00253968254
509403,511738,512874,2335,1136,1,3600,3.05545774648
509406,511744,512775,2338,1031,1,3600,3.26770126091
509407,511788,512916,2381,1128,1,3600,3.11081560284
509416,509428,512440,12,3012,2,7200,1.00398406375
509431,509440,512774,9,3334,2,7200,1.00269946011
509469,511794,512821,2325,1027,1,3600,3.26387536514
509471,511799,512533,2328,734,1,3600,4.17166212534
509482,509490,512376,8,2886,2,7200,1.00277200277
509497,509508,512683,11,3175,2,7200,1.00346456693
509525,509535,512422,10,2887,2,7200,1.00346380326
509585,509594,512291,9,2697,2,7200,1.00333704116
509600,509606,512540,6,2934,2,7200,1.00204498978
509676,509685,512640,9,2955,2,7200,1.00304568528
509677,509691,512697,14,3006,2,7200,1.00465735196
509698,509708,512839,10,3131,2,7200,1.00319386777
509719,509728,512784,9,3056,2,7200,1.00294502618
509735,509742,512778,7,3036,2,7200,1.00230566535
509736,509748,512941,12,3193,2,7200,1.00375822111
509770,509778,512913,8,3135,2,7200,1.00255183413
509797,509807,512989,10,3182,2,7200,1.00314267756
509799,509812,512928,13,3116,2,7200,1.0041720154
509814,509822,512586,8,2764,2,7200,1.00289435601
509829,509837,512680,8,2843,2,7200,1.00281392895
509856,509864,512906,8,3042,2,7200,1.00262984878
509881,509887,512788,6,2901,2,7200,1.00206825233
509882,509894,512919,12,3025,2,7200,1.00396694215
509883,509900,512874,17,2974,2,7200,1.00571620713
509935,509944,512997,9,3053,2,7200,1.00294792008
510001,510010,513121,9,3111,2,7200,1.00289296046
510065,510075,513063,10,2988,2,7200,1.00334672021
510083,510091,513010,8,2919,2,7200,1.00274066461
510085,510097,513050,12,2953,2,7200,1.00406366407
510193,510203,513143,10,2940,2,7200,1.00340136054
510257,510267,513117,10,2850,2,7200,1.00350877193
510293,510302,513305,9,3003,2,7200,1.002997003
510326,510358,513487,32,3129,2,7200,1.01022690956
510836,510847,513932,11,3085,2,7200,1.00356564019
511641,511650,514569,9,2919,2,7200,1.00308324769
511807,511816,514847,9,3031,2,7200,1.00296931706
512130,512139,515525,9,3386,2,7200,1.00265800354
512154,512162,515393,8,3231,2,7200,1.00247601362
512293,512302,515322,9,3020,2,7200,1.00298013245
512377,512387,515369,10,2982,2,7200,1.00335345406
512411,512420,515377,9,2957,2,7200,1.0030436253
512426,512434,515510,8,3076,2,7200,1.00260078023
512441,512455,515380,14,2925,2,7200,1.00478632479
512442,512449,515212,7,2763,2,7200,1.0025334781
512481,512489,515580,8,3091,2,7200,1.00258815917
512511,512521,515475,10,2954,2,7200,1.00338524035
512542,512551,515623,9,3072,2,7200,1.0029296875
512587,512597,515537,10,2940,2,7200,1.00340136054
512641,512652,515875,11,3223,2,7200,1.00341296928
512680,512691,515740,11,3049,2,7200,1.00360774024
512695,512702,515770,7,3068,2,7200,1.00228161669
512697,512708,515779,11,3071,2,7200,1.00358189515
512775,512785,515689,10,2904,2,7200,1.00344352617
512791,512797,515749,6,2952,2,7200,1.00203252033
512792,512804,515723,12,2919,2,7200,1.00411099692
512793,512810,515774,17,2964,2,7200,1.00573549258
512842,512851,515864,9,3013,2,7200,1.00298705609
512875,512885,516124,10,3239,2,7200,1.00308737265
512908,512917,515884,9,2967,2,7200,1.00303336704
512923,512929,515962,6,3033,2,7200,1.00197823937
512925,512935,515793,10,2858,2,7200,1.00349895031
512940,512946,516115,6,3169,2,7200,1.00189334175
512955,512961,515909,6,2948,2,7200,1.00203527815
512991,513001,516210,10,3209,2,7200,1.00311623559
513006,513012,515911,6,2899,2,7200,1.0020696792
513021,513027,515939,6,2912,2,7200,1.00206043956
513051,513061,515943,10,2882,2,7200,1.00346981263
513066,513074,516202,8,3128,2,7200,1.00255754476
513120,513129,515961,9,2832,2,7200,1.0031779661
513135,513141,516086,6,2945,2,7200,1.00203735144
513150,513156,516170,6,3014,2,7200,1.00199071002
513307,513317,516406,10,3089,2,7200,1.00323729362
513489,513498,516629,9,3131,2,7200,1.002874481
513938,513944,517142,6,3198,2,7200,1.00187617261
514571,514580,517443,9,2863,2,7200,1.00314355571
514849,514859,517849,10,2990,2,7200,1.00334448161
515213,515223,518391,10,3168,2,7200,1.00315656566
515325,515333,518635,8,3302,2,7200,1.00242277408
515370,515380,518177,10,2797,2,7200,1.00357525921
515386,515391,518422,5,3031,2,7200,1.00164962059
515387,515397,518755,10,3358,2,7200,1.00297796307
515402,515408,518471,6,3063,2,7200,1.00195886386
515478,515487,518407,9,2920,2,7200,1.00308219178
515511,515521,518482,10,2961,2,7200,1.00337723742
515526,515537,518360,11,2823,2,7200,1.00389656394
515541,515548,518706,7,3158,2,7200,1.00221659278
515583,515592,518613,9,3021,2,7200,1.00297914598
515625,515634,518692,9,3058,2,7200,1.00294310007
515692,515700,518600,8,2900,2,7200,1.00275862069
515725,515734,518923,9,3189,2,7200,1.00282220132
515743,515751,518727,8,2976,2,7200,1.00268817204
515749,515757,515759,8,2,1,240,1.0
515758,515763,518754,5,2991,2,7200,1.00167168171
515773,515781,518845,8,3064,2,7200,1.00261096606
515788,515794,518754,6,2960,2,7200,1.00202702703
515789,515800,518878,11,3078,2,7200,1.00357374919
515804,515810,518744,6,2934,2,7200,1.00204498978
515867,515875,518993,8,3118,2,7200,1.00256574727
515882,515888,518812,6,2924,2,7200,1.00205198358
515897,515903,518910,6,3007,2,7200,1.0019953442
515912,515920,518795,8,2875,2,7200,1.0027826087
515913,515926,518978,13,3052,2,7200,1.00425950197
515941,515950,518914,9,2964,2,7200,1.00303643725
515956,515962,518834,6,2872,2,7200,1.00208913649
515971,515977,518814,6,2837,2,7200,1.00211491012
515972,515983,519064,11,3081,2,7200,1.00357026939
516087,516097,519051,10,2954,2,7200,1.00338524035
516117,516126,519212,9,3086,2,7200,1.00291639663
516132,516138,519168,6,3030,2,7200,1.00198019802
516172,516181,519225,9,3044,2,7200,1.00295663601
516205,516213,519285,8,3072,2,7200,1.00260416667
516220,516226,519331,6,3105,2,7200,1.00193236715
516408,516417,519655,9,3238,2,7200,1.00277949351
516631,516640,519592,9,2952,2,7200,1.00304878049
517144,517154,520333,10,3179,2,7200,1.00314564328
517446,517454,520522,8,3068,2,7200,1.00260756193
517850,517860,520919,10,3059,2,7200,1.00326904217
518179,518189,521230,10,3041,2,7200,1.00328839198
518360,518371,521280,11,2909,2,7200,1.00378136817
518393,518402,521590,9,3188,2,7200,1.00282308657
518408,518418,521345,10,2927,2,7200,1.00341646737
518423,518433,521299,10,2866,2,7200,1.00348918353
518475,518483,521526,8,3043,2,7200,1.00262898455
518490,518496,521487,6,2991,2,7200,1.00200601805
518601,518611,521717,10,3106,2,7200,1.00321957502
518616,518624,521868,8,3244,2,7200,1.00246609125
518637,518646,521692,9,3046,2,7200,1.00295469468
518695,518704,521644,9,2940,2,7200,1.00306122449
518710,518717,521565,7,2848,2,7200,1.00245786517
518727,518738,521832,11,3094,2,7200,1.00355526826
518745,518755,522052,10,3297,2,7200,1.00303306036
518761,518767,521846,6,3079,2,7200,1.00194868464
518762,518773,521640,11,2867,2,7200,1.00383676317
518764,518779,521799,15,3020,2,7200,1.00496688742
518797,518806,521950,9,3144,2,7200,1.00286259542
518815,518823,521821,8,2998,2,7200,1.00266844563
518816,518829,521847,13,3018,2,7200,1.0043074884
518834,518845,521907,11,3062,2,7200,1.00359242325
518849,518856,521877,7,3021,2,7200,1.00231711354
518889,518896,521881,7,2985,2,7200,1.00234505863
518911,518921,521978,10,3057,2,7200,1.0032711809
518926,518932,522074,6,3142,2,7200,1.00190961171
518927,518938,522169,11,3231,2,7200,1.00340451872
518978,518989,522101,11,3112,2,7200,1.00353470437
518996,519004,522025,8,3021,2,7200,1.00264812976
519063,519070,522131,7,3061,2,7200,1.00228683437
519078,519084,522090,6,3006,2,7200,1.00199600798
519173,519179,522094,6,2915,2,7200,1.00205831904
519215,519224,522192,9,2968,2,7200,1.00303234501
519230,519236,522511,6,3275,2,7200,1.00183206107
519287,519296,522401,9,3105,2,7200,1.00289855072
519332,519342,522765,10,3423,2,7200,1.00292141396
519595,519604,522780,9,3176,2,7200,1.00283375315
519653,519666,522947,13,3281,2,7200,1.00396220664
520336,520344,523449,8,3105,2,7200,1.00257648953
520356,520362,606787,6,86425,12,86400,1.00006942436
520523,520533,523550,10,3017,2,7200,1.00331455088
520921,520930,523984,9,3054,2,7200,1.00294695481
521232,521241,524364,9,3123,2,7200,1.00288184438
521283,521291,524291,8,3000,2,7200,1.00266666667
521301,521310,524358,9,3048,2,7200,1.00295275591
521346,521356,524350,10,2994,2,7200,1.00334001336
521488,521499,524774,11,3275,2,7200,1.00335877863
521527,521537,524842,10,3305,2,7200,1.00302571861
521567,521576,524509,9,2933,2,7200,1.00306853051
521594,521602,524696,8,3094,2,7200,1.00258564964
521642,521651,524736,9,3085,2,7200,1.00291734198
521658,521664,524798,6,3134,2,7200,1.00191448628
521693,521703,524400,10,2697,2,7200,1.00370782351
521721,521728,524884,7,3156,2,7200,1.00221799747
521803,521811,524831,8,3020,2,7200,1.00264900662
521824,521832,525140,8,3308,2,7200,1.00241837969
521839,521845,524923,6,3078,2,7200,1.00194931774
521854,521860,524912,6,3052,2,7200,1.00196592398
521855,521866,524780,11,2914,2,7200,1.00377487989
521870,521879,524880,9,3001,2,7200,1.00299900033
521885,521891,524724,6,2833,2,7200,1.00211789622
521887,521897,524813,10,2916,2,7200,1.00342935528
521909,521919,524792,10,2873,2,7200,1.00348068221
521951,521961,525282,10,3321,2,7200,1.00301114122
521981,521989,525424,8,3435,2,7200,1.00232896652
522027,522036,524885,9,2849,2,7200,1.00315900316
522054,522064,525121,10,3057,2,7200,1.0032711809
522076,522085,525032,9,2947,2,7200,1.00305395317
522094,522101,525283,7,3182,2,7200,1.00219987429
522095,522107,525000,12,2893,2,7200,1.00414794331
522111,522117,525200,6,3083,2,7200,1.00194615634
522132,522142,524922,10,2780,2,7200,1.0035971223
522171,522180,525233,9,3053,2,7200,1.00294792008
522195,522203,525163,8,2960,2,7200,1.0027027027
522404,522412,525481,8,3069,2,7200,1.00260671228
522513,522522,525542,9,3020,2,7200,1.00298013245
522767,522776,525841,9,3065,2,7200,1.00293637847
522782,522792,525535,10,2743,2,7200,1.00364564346
522948,522958,525942,10,2984,2,7200,1.00335120643
523452,523460,526407,8,2947,2,7200,1.00271462504
523551,523561,526372,10,2811,2,7200,1.00355745286
523986,523996,526878,10,2882,2,7200,1.00346981263
524290,524302,527251,12,2949,2,7200,1.00406917599
524351,524361,527335,10,2974,2,7200,1.00336247478
524366,524372,527590,6,3218,2,7200,1.00186451212
524367,524378,527246,11,2868,2,7200,1.00383542538
524404,524412,527219,8,2807,2,7200,1.00285001781
524509,524520,527544,11,3024,2,7200,1.00363756614
524699,524707,527765,8,3058,2,7200,1.00261608895
524726,524735,527887,9,3152,2,7200,1.00285532995
524741,524747,527746,6,2999,2,7200,1.00200066689
524774,524785,527704,11,2919,2,7200,1.00376841384
524789,524795,527841,6,3046,2,7200,1.00196979645
524804,524810,527838,6,3028,2,7200,1.00198150594
524806,524816,527644,10,2828,2,7200,1.00353606789
524821,524827,527858,6,3031,2,7200,1.0019795447
524836,524842,527948,6,3106,2,7200,1.00193174501
524851,524857,527980,6,3123,2,7200,1.00192122959
524881,524891,528020,10,3129,2,7200,1.00319590924
524896,524903,527819,7,2916,2,7200,1.0024005487
524898,524909,528024,11,3115,2,7200,1.00353130016
524916,524924,528009,8,3085,2,7200,1.00259319287
524931,524937,528136,6,3199,2,7200,1.00187558612
524932,524943,527889,11,2946,2,7200,1.00373387644
525002,525011,528064,9,3053,2,7200,1.00294792008
525032,525043,527949,11,2906,2,7200,1.00378527185
525122,525132,528188,10,3056,2,7200,1.00327225131
525144,525151,528019,7,2868,2,7200,1.00244072524
525165,525174,528201,9,3027,2,7200,1.00297324083
525201,525211,528249,10,3038,2,7200,1.00329163924
525234,525244,528281,10,3037,2,7200,1.00329272308
525283,525294,528340,11,3046,2,7200,1.0036112935
525285,525299,528425,14,3126,2,7200,1.00447856686
525427,525435,528535,8,3100,2,7200,1.00258064516
525485,525493,528512,8,3019,2,7200,1.00264988407
525539,525547,528488,8,2941,2,7200,1.00272016321
525554,525560,528813,6,3253,2,7200,1.00184445128
525844,525852,528893,8,3041,2,7200,1.00263071358
525943,525954,529286,11,3332,2,7200,1.00330132053
526375,526383,529453,8,3070,2,7200,1.00260586319
526408,526418,529187,10,2769,2,7200,1.00361141206
526881,526890,530017,9,3127,2,7200,1.00287815798
527222,527230,530411,8,3181,2,7200,1.00251493241
527232,527238,527258,6,20,1,3600,1.3
527250,527258,530401,8,3143,2,7200,1.00254533885
527264,527271,530180,7,2909,2,7200,1.0024063252
527337,527346,530252,9,2906,2,7200,1.00309704061
527420,527426,527592,6,166,1,3600,1.03614457831
527545,527555,530366,10,2811,2,7200,1.00355745286
527590,527601,530762,11,3161,2,7200,1.00347991142
527645,527655,530683,10,3028,2,7200,1.00330250991
527705,527715,530806,10,3091,2,7200,1.00323519896
527718,527724,528077,6,353,1,3600,1.01699716714
527747,527757,530708,10,2951,2,7200,1.0033886818
527766,527776,530834,10,3058,2,7200,1.00327011118
527820,527831,530646,11,2815,2,7200,1.00390763766
527841,527852,531056,11,3204,2,7200,1.00343320849
527843,527858,530852,15,2994,2,7200,1.00501002004
527861,527869,530907,8,3038,2,7200,1.00263331139
527888,527899,531221,11,3322,2,7200,1.00331125828
527904,527910,530758,6,2848,2,7200,1.00210674157
527949,527959,531048,10,3089,2,7200,1.00323729362
527950,527965,530904,15,2939,2,7200,1.00510377679
527981,527991,531194,10,3203,2,7200,1.00312207306
528011,528020,530845,9,2825,2,7200,1.00318584071
528027,528033,531135,6,3102,2,7200,1.00193423598
528028,528039,531116,11,3077,2,7200,1.00357491063
528029,528045,531002,16,2957,2,7200,1.00541088941
528066,528075,531144,9,3069,2,7200,1.00293255132
528139,528147,531269,8,3122,2,7200,1.00256245996
528190,528199,531152,9,2953,2,7200,1.00304774805
528206,528212,531098,6,2886,2,7200,1.00207900208
528251,528260,531374,9,3114,2,7200,1.00289017341
528284,528292,531369,8,3077,2,7200,1.002599935
528345,528351,531426,6,3075,2,7200,1.00195121951
528427,528436,531390,9,2954,2,7200,1.00304671632
528448,528454,529180,6,726,1,3600,1.00826446281
528490,528500,531354,10,2854,2,7200,1.00350385424
528514,528523,531558,9,3035,2,7200,1.00296540362
528538,528546,531684,8,3138,2,7200,1.00254939452
528815,528824,531777,9,2953,2,7200,1.00304774805
528893,528904,531931,11,3027,2,7200,1.00363396102
529189,529199,532249,10,3050,2,7200,1.00327868852
529291,529298,532367,7,3069,2,7200,1.00228087325
529455,529464,532352,9,2888,2,7200,1.00311634349
529796,529802,529811,6,9,1,3600,1.5
529944,529951,530046,7,95,1,3600,1.07368421053
530020,530028,533069,8,3041,2,7200,1.00263071358
530187,530194,532926,7,2732,2,7200,1.00256222548
530231,530237,530596,6,359,1,3600,1.01671309192
530257,530263,533148,6,2885,2,7200,1.0020797227
530375,530381,533412,6,3031,2,7200,1.0019795447
530402,530412,533500,10,3088,2,7200,1.00323834197
530417,530423,533765,6,3342,2,7200,1.00179533214
530656,530662,533584,6,2922,2,7200,1.00205338809
530686,530694,533987,8,3293,2,7200,1.00242939569
530710,530719,533739,9,3020,2,7200,1.00298013245
530761,530769,533911,8,3142,2,7200,1.00254614895
530776,530782,533721,6,2939,2,7200,1.00204151072
530810,530817,533852,7,3035,2,7200,1.00230642504
530837,530845,533681,8,2836,2,7200,1.00282087447
530853,530859,533748,6,2889,2,7200,1.0020768432
530854,530865,533883,11,3018,2,7200,1.00364479788
530906,530915,533834,9,2919,2,7200,1.00308324769
530921,530927,533994,6,3067,2,7200,1.0019563091
530987,530992,531669,5,677,1,3600,1.00738552437
531005,531013,534173,8,3160,2,7200,1.00253164557
531050,531059,534066,9,3007,2,7200,1.0029930163
531065,531072,534200,7,3128,2,7200,1.00223785166
531101,531109,534147,8,3038,2,7200,1.00263331139
531120,531128,534171,8,3043,2,7200,1.00262898455
531138,531146,534267,8,3121,2,7200,1.002563281
531154,531160,534135,6,2975,2,7200,1.00201680672
531155,531166,534281,11,3115,2,7200,1.00353130016
531199,531205,534066,6,2861,2,7200,1.00209716882
531224,531232,534184,8,2952,2,7200,1.0027100271
531254,531260,531268,6,8,1,1800,1.4
531273,531280,534507,7,3227,2,7200,1.0021691974
531355,531365,534376,10,3011,2,7200,1.00332115576
531370,531380,534481,10,3101,2,7200,1.0032247662
531383,531389,531628,6,239,1,3600,1.02510460251
531386,531395,534426,9,3031,2,7200,1.00296931706
531401,531408,534404,7,2996,2,7200,1.0023364486
531430,531442,534268,12,2826,2,7200,1.0042462845
531561,531569,534527,8,2958,2,7200,1.00270453009
531608,531615,531715,7,100,1,1800,1.07
531689,531695,534760,6,3065,2,7200,1.00195758564
531781,531788,534990,7,3202,2,7200,1.00218613367
531801,531807,532335,6,528,1,3600,1.01136363636
531933,531943,535016,10,3073,2,7200,1.00325414904
532166,532172,532441,6,269,1,1800,1.02230483271
532250,532260,535465,10,3205,2,7200,1.0031201248
532356,532363,535515,7,3152,2,7200,1.00222081218
532371,532378,535083,7,2705,2,7200,1.00258780037
532644,532650,533642,6,992,1,3600,1.0060483871
532928,532938,535931,10,2993,2,7200,1.0033411293
533070,533081,536248,11,3167,2,7200,1.0034733186
533149,533159,536021,10,2862,2,7200,1.0034940601
533205,533211,533928,6,717,1,1800,1.00836820084
533415,533424,536405,9,2981,2,7200,1.0030191211
533504,533511,536622,7,3111,2,7200,1.00225008036
533585,533595,536594,10,2999,2,7200,1.00333444481
533686,533692,536764,6,3072,2,7200,1.001953125
533725,533733,536640,8,2907,2,7200,1.00275197798
533740,533751,536652,11,2901,2,7200,1.00379179593
533756,533762,537144,6,3382,2,7200,1.00177409817
533771,533777,536740,6,2963,2,7200,1.00202497469
533835,533845,536811,10,2966,2,7200,1.00337154417
533854,533864,536913,10,3049,2,7200,1.00327976386
533885,533894,537201,9,3307,2,7200,1.00272149985
533912,533922,536864,10,2942,2,7200,1.00339904827
533992,533998,537007,6,3009,2,7200,1.00199401795
534008,534014,537053,6,3039,2,7200,1.00197433366
534068,534138,537097,70,2959,2,7200,1.02365664076
534070,534144,537126,74,2982,2,7200,1.02481556003
534137,534150,537108,13,2958,2,7200,1.00439486139
534152,534158,537153,6,2995,2,7200,1.0020033389
534173,534182,537128,9,2946,2,7200,1.00305498982
534175,534188,537190,13,3002,2,7200,1.00433044637
534190,534196,537218,6,3022,2,7200,1.00198544011
534206,534211,537145,5,2934,2,7200,1.00170415815
534269,534278,537402,9,3124,2,7200,1.0028809219
534271,534284,537221,13,2937,2,7200,1.00442628533
534286,534292,537233,6,2941,2,7200,1.00204012241
534377,534387,537394,10,3007,2,7200,1.00332557366
534408,534415,537367,7,2952,2,7200,1.00237127371
534429,534437,537873,8,3436,2,7200,1.00232828871
534484,534492,537496,8,3004,2,7200,1.00266311585
534509,534518,537579,9,3061,2,7200,1.00294021562
534530,534538,537616,8,3078,2,7200,1.00259909032
534768,534774,537845,6,3071,2,7200,1.00195376099
534919,534926,534933,7,7,1,1800,1.4
534951,534958,535058,7,100,1,3600,1.07
534993,535001,538294,8,3293,2,7200,1.00242939569
535014,535028,537996,14,2968,2,7200,1.00471698113
535084,535094,538056,10,2962,2,7200,1.00337609723
535121,535127,535239,6,112,1,1800,1.05357142857
535191,535198,536000,7,802,1,3600,1.00872817955
535474,535480,538461,6,2981,2,7200,1.0020127474
535517,535527,538722,10,3195,2,7200,1.00312989045
535582,535589,535726,7,137,1,1800,1.05109489051
535933,535942,538966,9,3024,2,7200,1.00297619048
536023,536032,539056,9,3024,2,7200,1.00297619048
536250,536259,539460,9,3201,2,7200,1.00281162137
536300,536306,536927,6,621,1,3600,1.00966183575
536407,536416,539387,9,2971,2,7200,1.00302928307
536440,536447,536825,7,378,1,1800,1.01851851852
536597,536605,539833,8,3228,2,7200,1.00247831475
536624,536633,539921,9,3288,2,7200,1.00273722628
536642,536651,539642,9,2991,2,7200,1.00300902708
536657,536663,539586,6,2923,2,7200,1.0020526856
536741,536751,539620,10,2869,2,7200,1.00348553503
536765,536775,539599,10,2824,2,7200,1.00354107649
536814,536822,539752,8,2930,2,7200,1.00273037543
536866,536875,539786,9,2911,2,7200,1.00309172106
536914,536924,540101,10,3177,2,7200,1.00314762354
537011,537019,539901,8,2882,2,7200,1.0027758501
537056,537065,539756,9,2691,2,7200,1.00334448161
537098,537108,540462,10,3354,2,7200,1.00298151461
537113,537119,539955,6,2836,2,7200,1.00211565585
537128,537137,540125,9,2988,2,7200,1.00301204819
537130,537143,540035,13,2892,2,7200,1.00449515906
537148,537155,540099,7,2944,2,7200,1.00237771739
537149,537161,540083,12,2922,2,7200,1.00410677618
537164,537170,540216,6,3046,2,7200,1.00196979645
537191,537201,540132,10,2931,2,7200,1.00341180484
537206,537212,540223,6,3011,2,7200,1.00199269346
537221,537229,540277,8,3048,2,7200,1.00262467192
537236,537242,540259,6,3017,2,7200,1.00198873053
537237,537248,540126,11,2878,2,7200,1.00382209868
537370,537379,540501,9,3122,2,7200,1.00288276746
537397,537406,540574,9,3168,2,7200,1.00284090909
537412,537418,540359,6,2941,2,7200,1.00204012241
537497,537507,540762,10,3255,2,7200,1.00307219662
537581,537590,540554,9,2964,2,7200,1.00303643725
537618,537627,540468,9,2841,2,7200,1.00316789863
537847,537856,540857,9,3001,2,7200,1.00299900033
537874,537884,541005,10,3121,2,7200,1.00320410125
537997,538007,541147,10,3140,2,7200,1.00318471338
538058,538067,541069,9,3002,2,7200,1.00299800133
538296,538305,541382,9,3077,2,7200,1.00292492688
538472,538479,541441,7,2962,2,7200,1.00236326806
538612,538618,538706,6,88,1,1800,1.06818181818
538726,538734,542033,8,3299,2,7200,1.00242497727
538966,538972,539142,6,170,1,1800,1.03529411765
538967,538978,541988,11,3010,2,7200,1.00365448505
539058,539067,541976,9,2909,2,7200,1.00309384668
539390,539398,542363,8,2965,2,7200,1.00269814503
539462,539471,542383,9,2912,2,7200,1.00309065934
539589,539598,542445,9,2847,2,7200,1.00316122234
539604,539610,542590,6,2980,2,7200,1.00201342282
539622,539631,542728,9,3097,2,7200,1.0029060381
539642,539653,542832,11,3179,2,7200,1.00346020761
539690,539696,540110,6,414,1,1800,1.01449275362
539754,539763,542645,9,2882,2,7200,1.00312283137
539769,539775,542680,6,2905,2,7200,1.00206540448
539787,539798,542771,11,2973,2,7200,1.00369996636
539835,539845,543312,10,3467,2,7200,1.00288433804
539901,539912,542868,11,2956,2,7200,1.00372124493
539922,539933,542766,11,2833,2,7200,1.00388280974
539958,539967,543156,9,3189,2,7200,1.00282220132
540037,540046,543191,9,3145,2,7200,1.00286168521
540085,540095,542851,10,2756,2,7200,1.00362844702
540100,540110,543176,10,3066,2,7200,1.0032615786
540115,540121,543072,6,2951,2,7200,1.00203320908
540131,540137,543096,6,2959,2,7200,1.00202771206
540133,540143,543145,10,3002,2,7200,1.00333111259
540148,540154,543432,6,3278,2,7200,1.00183038438
540218,540227,543241,9,3014,2,7200,1.00298606503
540233,540239,543306,6,3067,2,7200,1.0019563091
540260,540273,543278,13,3005,2,7200,1.00432612313
540278,540288,543452,10,3164,2,7200,1.00316055626
540360,540370,543636,10,3266,2,7200,1.00306184936
540465,540473,543632,8,3159,2,7200,1.00253244698
540480,540486,543452,6,2966,2,7200,1.0020229265
540504,540512,543542,8,3030,2,7200,1.00264026403
540555,540565,543921,10,3356,2,7200,1.00297973778
540576,540585,543697,9,3112,2,7200,1.00289203085
540763,540774,543758,11,2984,2,7200,1.00368632708
540859,540868,543841,9,2973,2,7200,1.00302724521
541007,541016,543978,9,2962,2,7200,1.00303848751
541070,541080,543960,10,2880,2,7200,1.00347222222
541148,541158,544063,10,2905,2,7200,1.00344234079
541384,541393,544402,9,3009,2,7200,1.00299102692
541391,541399,541437,8,38,1,1800,1.21052631579
541445,541452,544510,7,3058,2,7200,1.00228907783
541725,541731,541875,6,144,1,1800,1.04166666667
541980,541987,544934,7,2947,2,7200,1.00237529691
541995,542001,545148,6,3147,2,7200,1.00190657769
542034,542044,544939,10,2895,2,7200,1.00345423143
542366,542375,545515,9,3140,2,7200,1.00286624204
542384,542394,545428,10,3034,2,7200,1.00329597891
542448,542456,545526,8,3070,2,7200,1.00260586319
542593,542601,545550,8,2949,2,7200,1.00271278399
542596,542607,542876,11,269,1,1800,1.04089219331
542647,542656,545548,9,2892,2,7200,1.0031120332
542683,542691,545683,8,2992,2,7200,1.00267379679
542732,542739,545828,7,3089,2,7200,1.00226610554
542768,542777,545523,9,2746,2,7200,1.00327749454
542783,542789,545908,6,3119,2,7200,1.00192369349
542834,542843,545857,9,3014,2,7200,1.00298606503
542855,542862,545903,7,3041,2,7200,1.00230187438
542870,542879,545613,9,2734,2,7200,1.00329188003
543077,543083,546132,6,3049,2,7200,1.00196785831
543098,543107,546056,9,2949,2,7200,1.00305188199
543147,543156,546207,9,3051,2,7200,1.00294985251
543161,543168,546087,7,2919,2,7200,1.00239808153
543180,543187,546172,7,2985,2,7200,1.00234505863
543194,543203,546449,9,3246,2,7200,1.00277264325
543243,543253,546473,10,3220,2,7200,1.00310559006
543279,543289,546306,10,3017,2,7200,1.00331455088
543309,543317,546512,8,3195,2,7200,1.00250391236
543324,543330,546388,6,3058,2,7200,1.00196206671
543435,543444,546278,9,2834,2,7200,1.00317572336
543454,543463,546569,9,3106,2,7200,1.00289761751
543455,543469,546381,14,2912,2,7200,1.00480769231
543543,543553,546580,10,3027,2,7200,1.00330360093
543633,543643,546674,10,3031,2,7200,1.00329924117
543648,543654,546694,6,3040,2,7200,1.00197368421
543700,543708,546708,8,3000,2,7200,1.00266666667
543760,543769,547114,9,3345,2,7200,1.00269058296
543845,543852,546996,7,3144,2,7200,1.0022264631
543923,543933,546937,10,3004,2,7200,1.00332889481
543962,543971,546922,9,2951,2,7200,1.00304981362
543980,543989,547129,9,3140,2,7200,1.00286624204
544065,544074,547136,9,3062,2,7200,1.00293925539
544406,544414,547360,8,2946,2,7200,1.0027155465
544511,544521,547621,10,3100,2,7200,1.00322580645
544936,544946,547829,10,2883,2,7200,1.00346860909
544951,544957,547783,6,2826,2,7200,1.00212314225
545150,545159,548282,9,3123,2,7200,1.00288184438
545431,545439,548658,8,3219,2,7200,1.00248524386
545516,545526,548595,10,3069,2,7200,1.00325839036
545531,545537,548457,6,2920,2,7200,1.00205479452
545533,545543,548607,10,3064,2,7200,1.00326370757
545551,545559,548661,8,3102,2,7200,1.0025789813
545553,545565,548722,12,3157,2,7200,1.00380107697
545614,545624,548534,10,2910,2,7200,1.00343642612
545683,545694,548655,11,2961,2,7200,1.00371496116
545831,545839,548729,8,2890,2,7200,1.00276816609
545858,545868,548683,10,2815,2,7200,1.00355239787
545904,545914,549079,10,3165,2,7200,1.00315955766
545919,545925,548760,6,2835,2,7200,1.00211640212
546058,546068,549207,10,3139,2,7200,1.00318572794
546088,546098,549147,10,3049,2,7200,1.00327976386
546134,546144,549078,10,2934,2,7200,1.00340831629
546173,546183,549413,10,3230,2,7200,1.00309597523
546209,546218,548996,9,2778,2,7200,1.00323974082
546282,546290,549324,8,3034,2,7200,1.00263678312
546313,546319,549358,6,3039,2,7200,1.00197433366
546382,546393,549538,11,3145,2,7200,1.00349761526
546397,546403,549327,6,2924,2,7200,1.00205198358
546452,546460,549258,8,2798,2,7200,1.00285918513
546476,546485,549427,9,2942,2,7200,1.00305914344
546515,546523,549555,8,3032,2,7200,1.00263852243
546573,546580,549514,7,2934,2,7200,1.0023858214
546588,546594,549504,6,2910,2,7200,1.00206185567
546675,546685,549793,10,3108,2,7200,1.00321750322
546696,546705,549822,9,3117,2,7200,1.00288739172
546711,546720,549660,9,2940,2,7200,1.00306122449
546923,546934,550143,11,3209,2,7200,1.00342785915
546938,546948,549779,10,2831,2,7200,1.00353232073
546999,547007,549880,8,2873,2,7200,1.00278454577
547117,547126,550010,9,2884,2,7200,1.00312066574
547131,547140,550483,9,3343,2,7200,1.00269219264
547146,547152,550164,6,3012,2,7200,1.00199203187
547361,547372,550538,11,3166,2,7200,1.00347441567
547621,547632,550598,11,2966,2,7200,1.00370869858
547734,547740,551138,6,3398,1,14400,1.00176574456
547785,547794,550960,9,3166,2,7200,1.00284270373
547830,547840,550887,10,3047,2,7200,1.00328191664
548283,548293,551558,10,3265,2,7200,1.00306278714
548418,548424,550596,6,2172,12,28800,1.00276243094
548458,548468,551865,10,3397,2,7200,1.00294377392
548537,548545,551397,8,2852,2,7200,1.00280504909
548598,548606,551537,8,2931,2,7200,1.00272944388
548613,548618,551928,5,3310,2,7200,1.00151057402
548658,548666,551403,8,2737,2,7200,1.00292290829
548659,548672,551979,13,3307,2,7200,1.00393105534
548675,548681,551765,6,3084,2,7200,1.00194552529
548690,548696,551615,6,2919,2,7200,1.00205549846
548723,548733,551606,10,2873,2,7200,1.00348068221
548738,548744,552081,6,3337,2,7200,1.00179802218
548762,548771,551974,9,3203,2,7200,1.00280986575
548998,549008,552167,10,3159,2,7200,1.00316555872
549080,549089,552133,9,3044,2,7200,1.00295663601
549082,549096,552081,14,2985,2,7200,1.00469011725
549148,549158,552035,10,2877,2,7200,1.00347584289
549209,549218,552291,9,3073,2,7200,1.00292873414
549260,549269,552362,9,3093,2,7200,1.00290979631
549327,549338,552452,11,3114,2,7200,1.00353243417
549329,549344,552152,15,2808,2,7200,1.00534188034
549359,549369,552413,10,3044,2,7200,1.00328515112
549416,549424,552372,8,2948,2,7200,1.00271370421
549431,549438,552367,7,2929,2,7200,1.00238989416
549507,549515,552479,8,2964,2,7200,1.00269905533
549522,549528,552623,6,3095,2,7200,1.00193861066
549540,549550,552582,10,3032,2,7200,1.00329815303
549558,549567,552676,9,3109,2,7200,1.00289482149
549661,549672,552735,11,3063,2,7200,1.00359125041
549782,549790,552629,8,2839,2,7200,1.00281789362
549798,549804,552900,6,3096,2,7200,1.0019379845
549825,549833,552789,8,2956,2,7200,1.00270635995
549883,549891,553136,8,3245,2,7200,1.00246533128
550013,550022,553005,9,2983,2,7200,1.00301709688
550146,550154,553140,8,2986,2,7200,1.00267916946
550167,550175,553386,8,3211,2,7200,1.00249143569
550484,550495,553803,11,3308,2,7200,1.00332527207
550542,550549,553531,7,2982,2,7200,1.00234741784
550599,550610,553730,11,3120,2,7200,1.00352564103
550890,550899,553806,9,2907,2,7200,1.00309597523
550962,550971,553913,9,2942,2,7200,1.00305914344
551142,551148,552448,6,1300,2,14400,1.00461538462
551398,551408,554434,10,3026,2,7200,1.00330469266
551413,551419,554527,6,3108,2,7200,1.00193050193
551540,551548,554901,8,3353,2,7200,1.00238592305
551561,551570,554608,9,3038,2,7200,1.00296247531
551610,551617,554695,7,3078,2,7200,1.00227420403
551624,551631,554699,7,3068,2,7200,1.00228161669
551767,551776,554976,9,3200,2,7200,1.0028125
551866,551876,554851,10,2975,2,7200,1.00336134454
551930,551939,554921,9,2982,2,7200,1.00301810865
551975,551986,555330,11,3344,2,7200,1.00328947368
551990,551996,555182,6,3186,2,7200,1.00188323917
552036,552046,554772,10,2726,2,7200,1.00366837858
552085,552093,555412,8,3319,2,7200,1.00241036457
552086,552099,555137,13,3038,2,7200,1.00427913101
552135,552145,555150,10,3005,2,7200,1.00332778702
552152,552163,555266,11,3103,2,7200,1.00354495649
552170,552178,555050,8,2872,2,7200,1.00278551532
552295,552302,555396,7,3094,2,7200,1.00226244344
552364,552373,555372,9,2999,2,7200,1.00300100033
552380,552386,555194,6,2808,2,7200,1.00213675214
552381,552392,555461,11,3069,2,7200,1.00358422939
552415,552426,555418,11,2992,2,7200,1.00367647059
552454,552463,555419,9,2956,2,7200,1.00304465494
552482,552491,555508,9,3017,2,7200,1.00298309579
552585,552593,555663,8,3070,2,7200,1.00260586319
552624,552634,556040,10,3406,2,7200,1.0029359953
552639,552645,555599,6,2954,2,7200,1.00203114421
552678,552688,555739,10,3051,2,7200,1.0032776139
552736,552746,555770,10,3024,2,7200,1.00330687831
552790,552801,555899,11,3098,2,7200,1.00355067786
552902,552911,556086,9,3175,2,7200,1.00283464567
553008,553016,556246,8,3230,2,7200,1.00247678019
553117,553123,553173,6,50,2,14400,1.12
553139,553147,556156,8,3009,2,7200,1.00265869059
553153,553160,556323,7,3163,2,7200,1.00221308884
553390,553398,556526,8,3128,2,7200,1.00255754476
553535,553543,556568,8,3025,2,7200,1.0026446281
553731,553742,556467,11,2725,2,7200,1.00403669725
553804,553814,556763,10,2949,2,7200,1.00339097999
553806,553820,556660,14,2840,2,7200,1.00492957746
553915,553924,556806,9,2882,2,7200,1.00312283137
554441,554447,557569,6,3122,2,7200,1.00192184497
554529,554539,557544,10,3005,2,7200,1.00332778702
554610,554619,557456,9,2837,2,7200,1.00317236517
554698,554706,557622,8,2916,2,7200,1.00274348422
554713,554719,557840,6,3121,2,7200,1.00192246075
554774,554783,557615,9,2832,2,7200,1.0031779661
554852,554862,557758,10,2896,2,7200,1.00345303867
554904,554912,558151,8,3239,2,7200,1.00246989812
554922,554932,557941,10,3009,2,7200,1.00332336324
554979,554987,558000,8,3013,2,7200,1.00265516097
555052,555061,558276,9,3215,2,7200,1.00279937792
555139,555148,558361,9,3213,2,7200,1.00280112045
555154,555161,558245,7,3084,2,7200,1.00226977951
555185,555194,558205,9,3011,2,7200,1.00298904019
555200,555206,558260,6,3054,2,7200,1.00196463654
555269,555277,558305,8,3028,2,7200,1.00264200793
555338,555344,558456,6,3112,2,7200,1.00192802057
555374,555384,558333,10,2949,2,7200,1.00339097999
555398,555407,558323,9,2916,2,7200,1.00308641975
555413,555423,558322,10,2899,2,7200,1.00344946533
555428,555435,558447,7,3012,2,7200,1.00232403718
555430,555441,558326,11,2885,2,7200,1.00381282496
555463,555472,558825,9,3353,2,7200,1.00268416344
555508,555519,558568,11,3049,2,7200,1.00360774024
555602,555610,558760,8,3150,2,7200,1.00253968254
555666,555674,558597,8,2923,2,7200,1.00273691413
555742,555751,558777,9,3026,2,7200,1.0029742234
555772,555781,558565,9,2784,2,7200,1.00323275862
555899,555910,558722,11,2812,2,7200,1.00391180654
556041,556051,558833,10,2782,2,7200,1.0035945363
556087,556097,559007,10,2910,2,7200,1.00343642612
556159,556167,559154,8,2987,2,7200,1.00267827251
556248,556258,559277,10,3019,2,7200,1.00331235508
556326,556334,559684,8,3350,2,7200,1.0023880597
556468,556478,559463,10,2985,2,7200,1.00335008375
556529,556538,559528,9,2990,2,7200,1.00301003344
556571,556580,559736,9,3156,2,7200,1.00285171103
556662,556671,559622,9,2951,2,7200,1.00304981362
556765,556775,559719,10,2944,2,7200,1.00339673913
556807,556817,559984,10,3167,2,7200,1.00315756236
557044,557050,558718,6,1668,2,14400,1.0035971223
557457,557467,560519,10,3052,2,7200,1.00327653997
557548,557556,560348,8,2792,2,7200,1.00286532951
557572,557580,560388,8,2808,2,7200,1.00284900285
557618,557627,560655,9,3028,2,7200,1.00297225892
557633,557639,560561,6,2922,2,7200,1.00205338809
557760,557770,560867,10,3097,2,7200,1.00322893122
557842,557851,560718,9,2867,2,7200,1.00313916986
557889,557895,1162741,6,604846,3,604800,1.00000991988
557941,557952,560867,11,2915,2,7200,1.00377358491
558002,558012,561151,10,3139,2,7200,1.00318572794
558153,558163,561237,10,3074,2,7200,1.00325309044
558208,558216,561101,8,2885,2,7200,1.0027729636
558247,558256,561356,9,3100,2,7200,1.00290322581
558262,558271,561511,9,3240,2,7200,1.00277777778
558277,558287,561500,10,3213,2,7200,1.00311235605
558308,558316,561352,8,3036,2,7200,1.00263504611
558327,558333,561281,6,2948,2,7200,1.00203527815
558328,558339,561457,11,3118,2,7200,1.0035279025
558329,558345,561121,16,2776,2,7200,1.00576368876
558344,558351,561305,7,2954,2,7200,1.00236966825
558363,558372,561534,9,3162,2,7200,1.00284629981
558450,558459,561363,9,2904,2,7200,1.00309917355
558465,558471,561414,6,2943,2,7200,1.00203873598
558568,558576,561603,8,3027,2,7200,1.00264288074
558569,558582,561722,13,3140,2,7200,1.00414012739
558600,558608,561558,8,2950,2,7200,1.00271186441
558724,558734,561711,10,2977,2,7200,1.00335908633
558764,558772,561502,8,2730,2,7200,1.00293040293
558779,558788,561718,9,2930,2,7200,1.00307167235
558821,558836,561906,15,3070,2,7200,1.00488599349
558836,558844,561920,8,3076,2,7200,1.00260078023
559008,559018,562141,10,3123,2,7200,1.00320204931
559156,559165,562085,9,2920,2,7200,1.00308219178
559277,559288,562249,11,2961,2,7200,1.00371496116
559465,559474,562582,9,3108,2,7200,1.0028957529
559531,559539,562377,8,2838,2,7200,1.00281888654
559625,559633,562548,8,2915,2,7200,1.00274442539
559685,559696,562724,11,3028,2,7200,1.0036327609
559721,559731,562601,10,2870,2,7200,1.00348432056
559731,559737,567216,6,7479,2,14400,1.00080224629
559737,559747,563015,10,3268,2,7200,1.00305997552
559988,559995,563131,7,3136,2,7200,1.00223214286
560350,560360,563167,10,2807,2,7200,1.00356252227
560390,560399,563288,9,2889,2,7200,1.0031152648
560523,560530,563713,7,3183,2,7200,1.00219918316
560565,560572,563673,7,3101,2,7200,1.00225733634
560658,560667,563628,9,2961,2,7200,1.00303951368
560719,560729,563859,10,3130,2,7200,1.00319488818
560870,560878,563896,8,3018,2,7200,1.00265076209
560872,560884,563886,12,3002,2,7200,1.00399733511
561102,561112,564211,10,3099,2,7200,1.00322684737
561123,561132,564198,9,3066,2,7200,1.00293542074
561153,561163,563987,10,2824,2,7200,1.00354107649
561238,561248,564075,10,2827,2,7200,1.00353731871
561283,561292,564246,9,2954,2,7200,1.00304671632
561307,561316,564204,9,2888,2,7200,1.00311634349
561352,561363,564620,11,3257,2,7200,1.00337734111
561367,561374,564327,7,2953,2,7200,1.00237047071
561369,561380,564656,11,3276,2,7200,1.00335775336
561417,561426,564243,9,2817,2,7200,1.00319488818
561460,561468,564921,8,3453,2,7200,1.00231682595
561502,561517,564547,15,3030,2,7200,1.00495049505
561504,561511,564655,7,3144,2,7200,1.0022264631
561519,561525,564469,6,2944,2,7200,1.00203804348
561537,561545,564603,8,3058,2,7200,1.00261608895
561561,561569,564690,8,3121,2,7200,1.002563281
561607,561615,564862,8,3247,2,7200,1.00246381275
561712,561723,564810,11,3087,2,7200,1.00356333009
561728,561734,564994,6,3260,2,7200,1.0018404908
561729,561741,564861,12,3120,2,7200,1.00384615385
561908,561918,565004,10,3086,2,7200,1.0032404407
561923,561931,564999,8,3068,2,7200,1.00260756193
562086,562096,565015,10,2919,2,7200,1.00342583076
562144,562152,565155,8,3003,2,7200,1.00266400266
562254,562260,565359,6,3099,2,7200,1.00193610842
562378,562388,565405,10,3017,2,7200,1.00331455088
562550,562560,565881,10,3321,2,7200,1.00301114122
562583,562593,565660,10,3067,2,7200,1.00326051516
562604,562612,565592,8,2980,2,7200,1.00268456376
562734,562740,565610,6,2870,2,7200,1.00209059233
563019,563026,566149,7,3123,2,7200,1.00224143452
563133,563142,566160,9,3018,2,7200,1.00298210736
563170,563178,566357,8,3179,2,7200,1.00251651463
563290,563299,566238,9,2939,2,7200,1.00306226608
563631,563639,566611,8,2972,2,7200,1.00269179004
563674,563684,566594,10,2910,2,7200,1.00343642612
563716,563724,566832,8,3108,2,7200,1.00257400257
563861,563870,567209,9,3339,2,7200,1.00269541779
563888,563898,566718,10,2820,2,7200,1.00354609929
563903,563909,567070,6,3161,2,7200,1.0018981335
563990,563998,566908,8,2910,2,7200,1.00274914089
564078,564087,567219,9,3132,2,7200,1.00287356322
564202,564210,567397,8,3187,2,7200,1.00251019768
564217,564223,567164,6,2941,2,7200,1.00204012241
564218,564229,567427,11,3198,2,7200,1.00343964978
564246,564255,567430,9,3175,2,7200,1.00283464567
564261,564267,567229,6,2962,2,7200,1.00202565834
564330,564338,567316,8,2978,2,7200,1.00268636669
564472,564480,567823,8,3343,2,7200,1.00239306013
564548,564558,567847,10,3289,2,7200,1.00304043782
564605,564614,567704,9,3090,2,7200,1.00291262136
564623,564631,567562,8,2931,2,7200,1.00272944388
564656,564667,567696,11,3029,2,7200,1.00363156157
564658,564672,567828,14,3156,2,7200,1.00443599493
564691,564701,567639,10,2938,2,7200,1.00340367597
564813,564822,567718,9,2896,2,7200,1.00310773481
564864,564873,567671,9,2798,2,7200,1.00321658327
564866,564878,568160,12,3282,2,7200,1.00365630713
564923,564932,567807,9,2875,2,7200,1.00313043478
564996,565005,568041,9,3036,2,7200,1.00296442688
565012,565018,568031,6,3013,2,7200,1.00199137073
565013,565024,568067,11,3043,2,7200,1.00361485376
565028,565034,567856,6,2822,2,7200,1.00212615167
565158,565166,567863,8,2697,2,7200,1.00296625881
565361,565370,568470,9,3100,2,7200,1.00290322581
565406,565416,568297,10,2881,2,7200,1.00347101701
565594,565603,568664,9,3061,2,7200,1.00294021562
565612,565621,568860,9,3239,2,7200,1.00277863538
565664,565672,568425,8,2753,2,7200,1.00290592081
565882,565892,568975,10,3083,2,7200,1.0032435939
566151,566161,569430,10,3269,2,7200,1.00305903946
566167,566173,569259,6,3086,2,7200,1.00194426442
566239,566249,569161,10,2912,2,7200,1.00343406593
566360,566368,569372,8,3004,2,7200,1.00266311585
566596,566605,569681,9,3076,2,7200,1.00292587776
566614,566623,569577,9,2954,2,7200,1.00304671632
566716,566723,620768,7,54045,4,54000,1.00012952169
566720,566729,569946,9,3217,2,7200,1.00279763755
566835,566843,569838,8,2995,2,7200,1.00267111853
566864,566870,674894,6,108024,4,108000,1.00005554321
566892,566898,620905,6,54007,4,54000,1.00011109671
566911,566919,569840,8,2921,2,7200,1.00273878809
567071,567082,570256,11,3174,2,7200,1.00346565848
567165,567175,570277,10,3102,2,7200,1.00322372663
567210,567220,570499,10,3279,2,7200,1.00304971028
567226,567232,570249,6,3017,2,7200,1.00198873053
567241,567247,570362,6,3115,2,7200,1.00192616372
567252,596094,624937,28842,28843,2,28800,1.99996532954
567252,567258,596088,6,28830,2,28800,1.00020811655
567253,624943,653770,57690,28827,2,28800,3.00124882922
567254,653776,682600,86522,28824,2,28800,4.00173466556
567255,682606,711469,115351,28863,2,28800,4.99650071025
567256,739255,739510,171999,255,2,28800,675.505882353
567256,711475,739248,144219,27773,2,28800,6.19277715767
567257,740106,740466,172849,360,2,28800,481.136111111
567258,740478,740713,173220,235,2,28800,738.106382979
567259,740726,740955,173467,229,2,28800,758.497816594
567319,567327,570443,8,3116,2,7200,1.00256739409
567398,567408,570373,10,2965,2,7200,1.00337268128
567428,567438,570666,10,3228,2,7200,1.00309789343
567443,567450,570408,7,2958,2,7200,1.00236646383
567564,567574,570581,10,3007,2,7200,1.00332557366
567640,567650,570763,10,3113,2,7200,1.00321233537
567673,567682,570627,9,2945,2,7200,1.00305602716
567697,567707,570460,10,2753,2,7200,1.00363240102
567712,567719,570897,7,3178,2,7200,1.00220264317
567727,567733,570551,6,2818,2,7200,1.00212916962
567809,567818,570790,9,2972,2,7200,1.0030282638
567827,567835,570959,8,3124,2,7200,1.00256081946
567842,567848,571212,6,3364,2,7200,1.00178359096
567858,567864,570867,6,3003,2,7200,1.001998002
567859,567870,570724,11,2854,2,7200,1.00385423966
567874,567880,570882,6,3002,2,7200,1.00199866755
568034,568043,570836,9,2793,2,7200,1.00322234157
568049,568055,571015,6,2960,2,7200,1.00202702703
568070,568079,571166,9,3087,2,7200,1.0029154519
568161,568171,570979,10,2808,2,7200,1.00356125356
568301,568308,571466,7,3158,2,7200,1.00221659278
568427,568437,571582,10,3145,2,7200,1.00317965024
568473,568482,571375,9,2893,2,7200,1.00311095748
568666,568675,571599,9,2924,2,7200,1.00307797538
568863,568871,571993,8,3122,2,7200,1.00256245996
568978,568986,571938,8,2952,2,7200,1.0027100271
569163,569173,572202,10,3029,2,7200,1.00330141961
569263,569270,572197,7,2927,2,7200,1.00239152716
569375,569383,572502,8,3119,2,7200,1.00256492466
569432,569441,572520,9,3079,2,7200,1.00292302696
569580,569589,572665,9,3076,2,7200,1.00292587776
569683,569692,572789,9,3097,2,7200,1.0029060381
569840,569855,572961,15,3106,2,7200,1.00482936252
569842,569849,572753,7,2904,2,7200,1.00241046832
569948,569957,573039,9,3082,2,7200,1.0029201817
570250,570260,573415,10,3155,2,7200,1.00316957211
570265,570271,573313,6,3042,2,7200,1.00197238659
570280,570289,573447,9,3158,2,7200,1.002849905
570365,570373,573292,8,2919,2,7200,1.00274066461
570380,570386,573223,6,2837,2,7200,1.00211491012
570410,570419,573437,9,3018,2,7200,1.00298210736
570444,570454,573450,10,2996,2,7200,1.00333778371
570462,570471,573739,9,3268,2,7200,1.00275397797
570501,570510,573505,9,2995,2,7200,1.00300500835
570552,570562,573618,10,3056,2,7200,1.00327225131
570583,570592,573618,9,3026,2,7200,1.0029742234
570628,570638,573690,10,3052,2,7200,1.00327653997
570668,570677,573703,9,3026,2,7200,1.0029742234
570725,570735,573504,10,2769,2,7200,1.00361141206
570765,570774,573642,9,2868,2,7200,1.00313807531
570792,570802,573766,10,2964,2,7200,1.00337381916
570837,570848,573730,11,2882,2,7200,1.00381679389
570871,570879,574030,8,3151,2,7200,1.00253887655
570886,570893,573661,7,2768,2,7200,1.00252890173
570901,570909,573932,8,3023,2,7200,1.00264637777
570962,570970,573948,8,2978,2,7200,1.00268636669
570980,570990,573886,10,2896,2,7200,1.00345303867
571016,571027,574265,11,3238,2,7200,1.00339715874
571167,571178,574287,11,3109,2,7200,1.00353811515
571213,571223,574354,10,3131,2,7200,1.00319386777
571376,571386,574123,10,2737,2,7200,1.00365363537
571467,571477,574562,10,3085,2,7200,1.00324149109
571585,571593,574329,8,2736,2,7200,1.00292397661
571600,571610,574518,10,2908,2,7200,1.00343878955
571939,571949,575038,10,3089,2,7200,1.00323729362
571996,572004,575096,8,3092,2,7200,1.00258732212
572199,572208,575282,9,3074,2,7200,1.00292778139
572214,572220,575341,6,3121,2,7200,1.00192246075
572504,572513,575415,9,2902,2,7200,1.00310130944
572522,572532,575520,10,2988,2,7200,1.00334672021
572667,572676,575662,9,2986,2,7200,1.00301406564
572755,572764,575671,9,2907,2,7200,1.00309597523
572791,572801,575778,10,2977,2,7200,1.00335908633
572963,572972,575937,9,2965,2,7200,1.00303541315
573042,573050,576023,8,2973,2,7200,1.00269088463
573227,573235,576191,8,2956,2,7200,1.00270635995
573293,573303,576477,10,3174,2,7200,1.00315059861
573314,573324,576412,10,3088,2,7200,1.00323834197
573417,573426,576394,9,2968,2,7200,1.00303234501
573438,573448,576244,10,2796,2,7200,1.00357653791
573453,573459,576827,6,3368,2,7200,1.00178147268
573455,573465,576535,10,3070,2,7200,1.00325732899
573507,573515,576602,8,3087,2,7200,1.0025915128
573508,573521,576382,13,2861,2,7200,1.00454386578
573620,573629,576738,9,3109,2,7200,1.00289482149
573621,573635,576622,14,2987,2,7200,1.0046869769
573643,573653,576740,10,3087,2,7200,1.00323939099
573663,573673,576610,10,2937,2,7200,1.00340483487
573691,573701,576735,10,3034,2,7200,1.00329597891
573706,573714,576695,8,2981,2,7200,1.0026836632
573733,573741,576630,8,2889,2,7200,1.00276912426
573748,573754,576846,6,3092,2,7200,1.00194049159
573769,573778,576866,9,3088,2,7200,1.00291450777
573887,573897,577148,10,3251,2,7200,1.00307597662
573933,573943,576894,10,2951,2,7200,1.0033886818
573951,573959,576785,8,2826,2,7200,1.00283085633
574033,574041,576999,8,2958,2,7200,1.00270453009
574127,574135,577160,8,3025,2,7200,1.0026446281
574266,574276,577238,10,2962,2,7200,1.00337609723
574290,574298,577307,8,3009,2,7200,1.00265869059
574330,574340,577145,10,2805,2,7200,1.00356506239
574357,574365,577530,8,3165,2,7200,1.00252764613
574520,574529,577533,9,3004,2,7200,1.00299600533
574565,574573,577567,8,2994,2,7200,1.00267201069
575040,575049,577907,9,2858,2,7200,1.00314905528
575098,575108,577951,10,2843,2,7200,1.00351741119
575285,575293,578429,8,3136,2,7200,1.00255102041
575342,575353,578369,11,3016,2,7200,1.00364721485
575418,575426,578305,8,2879,2,7200,1.00277874262
575521,575531,578603,10,3072,2,7200,1.00325520833
575663,575674,578380,11,2706,2,7200,1.00406504065
575678,575684,578599,6,2915,2,7200,1.00205831904
575781,575789,578655,8,2866,2,7200,1.00279134682
575939,575948,578818,9,2870,2,7200,1.0031358885
576024,576034,579168,10,3134,2,7200,1.00319081047
576193,576202,579497,9,3295,2,7200,1.00273141123
576248,576256,579198,8,2942,2,7200,1.00271923861
576384,576393,579423,9,3030,2,7200,1.00297029703
576399,576405,579419,6,3014,2,7200,1.00199071002
576414,576423,579262,9,2839,2,7200,1.00317013033
576474,576488,579525,14,3037,2,7200,1.00460981231
576538,576546,579855,8,3309,2,7200,1.00241764884
576605,576613,579516,8,2903,2,7200,1.00275576989
576619,576626,579650,7,3024,2,7200,1.00231481481
576635,576641,579609,6,2968,2,7200,1.00202156334
576636,576647,579580,11,2933,2,7200,1.00375042618
576697,576707,579747,10,3040,2,7200,1.00328947368
576736,576748,579700,12,2952,2,7200,1.00406504065
576736,576742,580106,6,3364,8,7200,1.00178359096
576752,576758,579932,6,3174,2,7200,1.00189035917
576753,576764,579944,11,3180,2,7200,1.0034591195
576786,576796,579797,10,3001,2,7200,1.00333222259
576829,576838,579989,9,3151,2,7200,1.00285623612
576847,576857,579819,10,2962,2,7200,1.00337609723
576868,576877,579660,9,2783,2,7200,1.00323392023
576895,576905,580000,10,3095,2,7200,1.00323101777
577002,577010,579867,8,2857,2,7200,1.00280014001
577148,577157,579934,9,2777,2,7200,1.00324090745
577163,577169,580149,6,2980,2,7200,1.00201342282
577164,577175,580245,11,3070,2,7200,1.00358306189
577240,577249,580236,9,2987,2,7200,1.00301305658
577310,577318,580261,8,2943,2,7200,1.00271831464
577528,577541,580525,13,2984,2,7200,1.00435656836
577543,577549,580461,6,2912,2,7200,1.00206043956
577567,577578,580558,11,2980,2,7200,1.00369127517
577910,577918,580948,8,3030,2,7200,1.00264026403
577952,577962,580886,10,2924,2,7200,1.00341997264
578306,578316,581427,10,3111,2,7200,1.00321440051
578369,578380,581557,11,3177,2,7200,1.0034623859
578384,578390,581529,6,3139,2,7200,1.00191143676
578430,578440,581366,10,2926,2,7200,1.003417635
578603,578611,581799,8,3188,2,7200,1.00250941029
578618,578624,581781,6,3157,2,7200,1.00190053849
578657,578666,581653,9,2987,2,7200,1.00301305658
578820,578830,581627,10,2797,2,7200,1.00357525921
579171,579179,582325,8,3146,2,7200,1.00254291163
579201,579209,582031,8,2822,2,7200,1.00283486889
579265,579273,582335,8,3062,2,7200,1.00261267146
579387,579393,580445,6,1052,64,3600,1.00570342205
579422,579430,582369,8,2939,2,7200,1.00272201429
579424,579436,582452,12,3016,2,7200,1.00397877984
579499,579508,582473,9,2965,2,7200,1.00303541315
579518,579527,582507,9,2980,2,7200,1.00302013423
579532,579539,582614,7,3075,2,7200,1.00227642276
579581,579591,582380,10,2789,2,7200,1.00358551452
579611,579620,582457,9,2837,2,7200,1.00317236517
579654,579661,582660,7,2999,2,7200,1.00233411137
579669,579675,582634,6,2959,2,7200,1.00202771206
579702,579711,582705,9,2994,2,7200,1.00300601202
579751,579758,582687,7,2929,2,7200,1.00238989416
579799,579808,582965,9,3157,2,7200,1.00285080773
579820,579830,582814,10,2984,2,7200,1.00335120643
579857,579867,582854,10,2987,2,7200,1.00334784064
579872,579878,582724,6,2846,2,7200,1.00210822207
579936,579945,583063,9,3118,2,7200,1.00288646568
579937,579951,582950,14,2999,2,7200,1.00466822274
579952,579958,582690,6,2732,2,7200,1.00219619327
579992,580000,583101,8,3101,2,7200,1.00257981296
580007,580012,583077,5,3065,2,7200,1.00163132137
580146,580160,583105,14,2945,2,7200,1.00475382003
580237,580247,583185,10,2938,2,7200,1.00340367597
580252,580258,583185,6,2927,2,7200,1.00204988042
580267,580272,583417,5,3145,2,7200,1.00158982512
580464,580472,583440,8,2968,2,7200,1.00269541779
580527,580537,583318,10,2781,2,7200,1.00359582884
580561,580569,583642,8,3073,2,7200,1.00260331923
580888,580897,583795,9,2898,2,7200,1.00310559006
580951,580959,583871,8,2912,2,7200,1.00274725275
581368,581377,584406,9,3029,2,7200,1.00297127765
581429,581438,584633,9,3195,2,7200,1.00281690141
581532,581540,584556,8,3016,2,7200,1.00265251989
581559,581568,584539,9,2971,2,7200,1.00302928307
581629,581638,584377,9,2739,2,7200,1.00328587076
581656,581664,584570,8,2906,2,7200,1.00275292498
581783,581793,585013,10,3220,2,7200,1.00310559006
581801,581810,584717,9,2907,2,7200,1.00309597523
581941,581948,582593,7,645,64,3600,1.01085271318
582034,582042,585082,8,3040,2,7200,1.00263157895
582328,582337,584956,9,2619,2,7200,1.00343642612
582343,582349,585381,6,3032,2,7200,1.00197889182
582370,582380,585301,10,2921,2,7200,1.00342348511
582385,582391,585544,6,3153,2,7200,1.00190294957
582455,582464,585448,9,2984,2,7200,1.00301608579
582470,582476,585497,6,3021,2,7200,1.00198609732
582485,582491,585427,6,2936,2,7200,1.00204359673
582509,582518,585436,9,2918,2,7200,1.00308430432
582615,582625,585434,10,2809,2,7200,1.00355998576
582637,582646,585702,9,3056,2,7200,1.00294502618
582661,582671,585610,10,2939,2,7200,1.00340251786
582688,582698,585740,10,3042,2,7200,1.00328731098
582704,582710,585695,6,2985,2,7200,1.00201005025
582718,582725,585789,7,3064,2,7200,1.0022845953
582733,582740,586058,7,3318,2,7200,1.00210970464
582815,582825,585827,10,3002,2,7200,1.00333111259
582855,582865,585976,10,3111,2,7200,1.00321440051
582952,582961,586231,9,3270,2,7200,1.00275229358
582966,582976,586203,10,3227,2,7200,1.00309885342
583066,583074,586067,8,2993,2,7200,1.00267290344
583081,583088,586193,7,3105,2,7200,1.00225442834
583102,583112,586458,10,3346,2,7200,1.00298864316
583117,583124,586183,7,3059,2,7200,1.00228832952
583187,583196,586240,9,3044,2,7200,1.00295663601
583189,583201,586133,12,2932,2,7200,1.00409276944
583322,583330,586212,8,2882,2,7200,1.0027758501
583418,583428,586547,10,3119,2,7200,1.00320615582
583443,583451,586328,8,2877,2,7200,1.00278067431
583456,583462,583614,6,152,64,3600,1.03947368421
583645,583654,586805,9,3151,2,7200,1.00285623612
583796,583806,586706,10,2900,2,7200,1.00344827586
583872,583882,587085,10,3203,2,7200,1.00312207306
584380,584389,587572,9,3183,2,7200,1.00282752121
584407,584417,587258,10,2841,2,7200,1.00351988736
584540,584550,587465,10,2915,2,7200,1.00343053173
584558,584567,587449,9,2882,2,7200,1.00312283137
584573,584581,587691,8,3110,2,7200,1.00257234727
584634,584644,587711,10,3067,2,7200,1.00326051516
584718,584728,587699,10,2971,2,7200,1.00336587008
584957,584967,587908,10,2941,2,7200,1.00340020401
585015,585024,588188,9,3164,2,7200,1.00284450063
585085,585094,588250,9,3156,2,7200,1.00285171103
585302,585312,588303,10,2991,2,7200,1.00334336342
585384,585392,588659,8,3267,2,7200,1.00244872972
585430,585438,588587,8,3149,2,7200,1.00254048904
585445,585451,588323,6,2872,2,7200,1.00208913649
585446,585457,588953,11,3496,2,7200,1.00314645309
585461,585468,588452,7,2984,2,7200,1.0023458445
585498,585508,588356,10,2848,2,7200,1.00351123596
585546,585556,588666,10,3110,2,7200,1.00321543408
585613,585621,588616,8,2995,2,7200,1.00267111853
585664,585670,586311,6,641,8,7200,1.00936037441
585697,585706,588307,9,2601,2,7200,1.00346020761
585712,585719,588786,7,3067,2,7200,1.00228236061
585743,585751,588603,8,2852,2,7200,1.00280504909
585791,585800,588469,9,2669,2,7200,1.00337204946
585831,585839,589052,8,3213,2,7200,1.00248988484
585980,585988,589169,8,3181,2,7200,1.00251493241
586061,586069,589177,8,3108,2,7200,1.00257400257
586076,586083,588875,7,2792,2,7200,1.00250716332
586134,586144,589239,10,3095,2,7200,1.00323101777
586185,586194,589078,9,2884,2,7200,1.00312066574
586201,586207,589075,6,2868,2,7200,1.00209205021
586216,586222,589286,6,3064,2,7200,1.00195822454
586217,586228,589411,11,3183,2,7200,1.00345585925
586232,586242,589351,10,3109,2,7200,1.00321646832
586247,586254,589369,7,3115,2,7200,1.00224719101
586329,586339,589588,10,3249,2,7200,1.00307787011
586459,586469,589643,10,3174,2,7200,1.00315059861
586503,586509,587154,6,645,8,7200,1.00930232558
586550,586558,590037,8,3479,2,7200,1.00229951135
586708,586717,589767,9,3050,2,7200,1.00295081967
586808,586816,589616,8,2800,2,7200,1.00285714286
587086,587096,589962,10,2866,2,7200,1.00348918353
587261,587269,590190,8,2921,2,7200,1.00273878809
587452,587461,590692,9,3231,2,7200,1.00278551532
587467,587476,590521,9,3045,2,7200,1.00295566502
587572,587583,590590,11,3007,2,7200,1.00365813103
587693,587702,590785,9,3083,2,7200,1.00291923451
587709,587715,590658,6,2943,2,7200,1.00203873598
587724,587730,590736,6,3006,2,7200,1.00199600798
587911,587919,590838,8,2919,2,7200,1.00274066461
588190,588199,591270,9,3071,2,7200,1.00293064148
588253,588261,591149,8,2888,2,7200,1.0027700831
588305,588314,591294,9,2980,2,7200,1.00302013423
588319,588326,591270,7,2944,2,7200,1.00237771739
588334,588341,591334,7,2993,2,7200,1.00233879051
588359,588367,591306,8,2939,2,7200,1.00272201429
588456,588463,591462,7,2999,2,7200,1.00233411137
588471,588481,591500,10,3019,2,7200,1.00331235508
588588,588599,591705,11,3106,2,7200,1.00354153252
588607,588614,591544,7,2930,2,7200,1.0023890785
588622,588628,591766,6,3138,2,7200,1.00191204589
588661,588670,591845,9,3175,2,7200,1.00283464567
588676,588683,591693,7,3010,2,7200,1.0023255814
588789,588797,591930,8,3133,2,7200,1.00255346313
588876,588886,591994,10,3108,2,7200,1.00321750322
588955,588965,592156,10,3191,2,7200,1.00313381385
589055,589063,591857,8,2794,2,7200,1.00286327845
589064,589070,591292,6,2222,12,28800,1.00270027003
589077,589086,592058,9,2972,2,7200,1.0030282638
589092,589098,592120,6,3022,2,7200,1.00198544011
589171,589181,592065,10,2884,2,7200,1.00346740638
589186,589192,592094,6,2902,2,7200,1.00206753963
589240,589250,592320,10,3070,2,7200,1.00325732899
589289,589297,592265,8,2968,2,7200,1.00269541779
589352,589362,592206,10,2844,2,7200,1.0035161744
589370,589380,592416,10,3036,2,7200,1.00329380764
589413,589422,592413,9,2991,2,7200,1.00300902708
589591,589599,592578,8,2979,2,7200,1.00268546492
589619,589627,592430,8,2803,2,7200,1.00285408491
589646,589654,592547,8,2893,2,7200,1.00276529554
589770,589778,592976,8,3198,2,7200,1.00250156348
589963,589974,593205,11,3231,2,7200,1.00340451872
590039,590049,592971,10,2922,2,7200,1.00342231348
590193,590201,593299,8,3098,2,7200,1.00258231117
590523,590532,593527,9,2995,2,7200,1.00300500835
590592,590602,593756,10,3154,2,7200,1.00317057705
590659,590669,593682,10,3013,2,7200,1.00331895121
590696,590704,593454,8,2750,2,7200,1.00290909091
590738,590747,593844,9,3097,2,7200,1.0029060381
590786,590796,593655,10,2859,2,7200,1.00349772648
590841,590849,593991,8,3142,2,7200,1.00254614895
591149,591160,594245,11,3085,2,7200,1.00356564019
591271,591281,594080,10,2799,2,7200,1.00357270454
591272,591286,594530,14,3244,2,7200,1.00431565968
591297,591305,594163,8,2858,2,7200,1.00279916025
591316,591322,594305,6,2983,2,7200,1.00201139792
591337,591346,594575,9,3229,2,7200,1.00278724063
591464,591473,594581,9,3108,2,7200,1.0028957529
591503,591511,594648,8,3137,2,7200,1.0025502072
591546,591556,594810,10,3254,2,7200,1.00307314075
591697,591705,595005,8,3300,2,7200,1.00242424242
591712,591718,594750,6,3032,2,7200,1.00197889182
591766,591777,594969,11,3192,2,7200,1.00344611529
591848,591856,594717,8,2861,2,7200,1.0027962251
591863,591869,594935,6,3066,2,7200,1.00195694716
591933,591941,595082,8,3141,2,7200,1.00254695957
591997,592005,594994,8,2989,2,7200,1.00267648043
592060,592069,595055,9,2986,2,7200,1.00301406564
592075,592081,595342,6,3261,2,7200,1.0018399264
592096,592105,595109,9,3004,2,7200,1.00299600533
592124,592131,595229,7,3098,2,7200,1.00225952227
592157,592167,595060,10,2893,2,7200,1.00345661943
592209,592217,595254,8,3037,2,7200,1.00263417847
592266,592276,595726,10,3450,2,7200,1.00289855072
592321,592331,595164,10,2833,2,7200,1.00352982704
592415,592424,595576,9,3152,2,7200,1.00285532995
592430,592436,595461,6,3025,2,7200,1.00198347107
592445,592451,595719,6,3268,2,7200,1.00183598531
592548,592558,595769,10,3211,2,7200,1.00311429461
592578,592589,595515,11,2926,2,7200,1.0037593985
592975,592982,596090,7,3108,2,7200,1.00225225225
592990,592996,596185,6,3189,2,7200,1.00188146754
593207,593216,596023,9,2807,2,7200,1.00320627004
593301,593310,596393,9,3083,2,7200,1.00291923451
593456,593466,596471,10,3005,2,7200,1.00332778702
593528,593538,596726,10,3188,2,7200,1.00313676286
593655,593666,596566,11,2900,2,7200,1.00379310345
593685,593693,596658,8,2965,2,7200,1.00269814503
593758,593767,596883,9,3116,2,7200,1.00288831836
593846,593855,596613,9,2758,2,7200,1.00326323423
593995,594002,597069,7,3067,2,7200,1.00228236061
594082,594091,597082,9,2991,2,7200,1.00300902708
594164,594174,597198,10,3024,2,7200,1.00330687831
594246,594257,597333,11,3076,2,7200,1.00357607282
594307,594317,597164,10,2847,2,7200,1.00351246927
594531,594541,597611,10,3070,2,7200,1.00325732899
594576,594586,597602,10,3016,2,7200,1.00331564987
594577,594592,597596,15,3004,2,7200,1.00499334221
594650,594659,597750,9,3091,2,7200,1.00291167907
594720,594728,598075,8,3347,2,7200,1.00239020018
594753,594762,597995,9,3233,2,7200,1.00278379214
594814,594822,597965,8,3143,2,7200,1.00254533885
594938,594946,597859,8,2913,2,7200,1.00274630965
594972,594980,598125,8,3145,2,7200,1.00254372019
594996,595005,598145,9,3140,2,7200,1.00286624204
595011,595017,598177,6,3160,2,7200,1.00189873418
595057,595066,598188,9,3122,2,7200,1.00288276746
595072,595078,598287,6,3209,2,7200,1.00186974135
595087,595093,597877,6,2784,2,7200,1.00215517241
595111,595120,598230,9,3110,2,7200,1.00289389068
595165,595176,598200,11,3024,2,7200,1.00363756614
595232,595240,598244,8,3004,2,7200,1.00266311585
595256,595266,598270,10,3004,2,7200,1.00332889481
595344,595353,598434,9,3081,2,7200,1.0029211295
595462,595473,598419,11,2946,2,7200,1.00373387644
595517,595526,598538,9,3012,2,7200,1.00298804781
595577,595587,598604,10,3017,2,7200,1.00331455088
595720,595730,598566,10,2836,2,7200,1.00352609309
595735,595741,598442,6,2701,2,7200,1.00222139948
595771,595780,598991,9,3211,2,7200,1.00280286515
596026,596034,599030,8,2996,2,7200,1.00267022697
596092,596101,598695,9,2594,2,7200,1.0034695451
596186,596196,599150,10,2954,2,7200,1.00338524035
596395,596405,599535,10,3130,2,7200,1.00319488818
596474,596482,599619,8,3137,2,7200,1.0025502072
596568,596577,599729,9,3152,2,7200,1.00285532995
596616,596624,599323,8,2699,2,7200,1.00296406076
596659,596669,599687,10,3018,2,7200,1.00331345262
596728,596737,599956,9,3219,2,7200,1.00279589935
596886,596894,599905,8,3011,2,7200,1.00265692461
597070,597080,600025,10,2945,2,7200,1.00339558574
597085,597094,600167,9,3073,2,7200,1.00292873414
597167,597176,600317,9,3141,2,7200,1.00286532951
597201,597209,600264,8,3055,2,7200,1.00261865794
597334,597344,600334,10,2990,2,7200,1.00334448161
597597,597607,600497,10,2890,2,7200,1.00346020761
597613,597619,600532,6,2913,2,7200,1.00205973223
597614,597625,600845,11,3220,2,7200,1.00341614907
597753,597762,600556,9,2794,2,7200,1.00322118826
597862,597870,600797,8,2927,2,7200,1.0027331739
597880,597889,600798,9,2909,2,7200,1.00309384668
597968,597976,600952,8,2976,2,7200,1.00268817204
597999,598007,600833,8,2826,2,7200,1.00283085633
598077,598086,600906,9,2820,2,7200,1.00319148936
598126,598137,601045,11,2908,2,7200,1.0037826685
598147,598156,601220,9,3064,2,7200,1.00293733681
598180,598189,601231,9,3042,2,7200,1.00295857988
598195,598202,601332,7,3130,2,7200,1.00223642173
598210,598217,601153,7,2936,2,7200,1.00238419619
598231,598242,601358,11,3116,2,7200,1.00353016688
598246,598255,601293,9,3038,2,7200,1.00296247531
598271,598281,601265,10,2984,2,7200,1.00335120643
598289,598298,601313,9,3015,2,7200,1.00298507463
598422,598431,601463,9,3032,2,7200,1.00296833773
598437,598445,601466,8,3021,2,7200,1.00264812976
598452,598458,601429,6,2971,2,7200,1.00201952205
598540,598549,601527,9,2978,2,7200,1.00302216253
598567,598577,601572,10,2995,2,7200,1.00333889816
598606,598615,601686,9,3071,2,7200,1.00293064148
598697,598706,601421,9,2715,2,7200,1.00331491713
598994,599002,602184,8,3182,2,7200,1.00251414205
599030,599041,602372,11,3331,2,7200,1.00330231162
599152,599162,602309,10,3147,2,7200,1.00317762949
599321,599334,602545,13,3211,2,7200,1.004048583
599536,599546,602438,10,2892,2,7200,1.00345781466
599621,599630,602586,9,2956,2,7200,1.00304465494
599691,599699,602615,8,2916,2,7200,1.00274348422
599730,599740,602877,10,3137,2,7200,1.00318775901
599909,599917,602947,8,3030,2,7200,1.00264026403
599957,599967,603175,10,3208,2,7200,1.00311720698
600027,600036,603008,9,2972,2,7200,1.0030282638
600169,600178,603216,9,3038,2,7200,1.00296247531
600266,600275,603386,9,3111,2,7200,1.00289296046
600317,600328,603329,11,3001,2,7200,1.00366544485
600336,600346,603164,10,2818,2,7200,1.00354861604
600499,600508,603410,9,2902,2,7200,1.00310130944
600536,600544,603530,8,2986,2,7200,1.00267916946
600560,600568,603503,8,2935,2,7200,1.00272572402
600799,600814,603911,15,3097,2,7200,1.00484339684
600801,600808,603958,7,3150,2,7200,1.00222222222
600834,600844,603789,10,2945,2,7200,1.00339558574
600849,600856,603727,7,2871,2,7200,1.00243817485
600907,600917,603789,10,2872,2,7200,1.00348189415
600952,600963,604123,11,3160,2,7200,1.00348101266
601046,601057,604025,11,2968,2,7200,1.00370619946
601155,601165,604297,10,3132,2,7200,1.00319284802
601222,601231,604320,9,3089,2,7200,1.00291356426
601237,601243,604234,6,2991,2,7200,1.00200601805
601267,601276,604314,9,3038,2,7200,1.00296247531
601295,601304,604404,9,3100,2,7200,1.00290322581
601316,601325,604204,9,2879,2,7200,1.00312608545
601334,601344,604122,10,2778,2,7200,1.00359971202
601361,601369,604285,8,2916,2,7200,1.00274348422
601425,601433,604281,8,2848,2,7200,1.00280898876
601440,601446,604578,6,3132,2,7200,1.00191570881
601464,601474,604586,10,3112,2,7200,1.00321336761
601479,601485,604432,6,2947,2,7200,1.00203596878
601530,601539,604535,9,2996,2,7200,1.00300400534
601576,601584,604821,8,3237,2,7200,1.00247142416
601688,601697,604750,9,3053,2,7200,1.00294792008
602188,602195,605198,7,3003,2,7200,1.00233100233
602312,602320,605505,8,3185,2,7200,1.00251177394
602375,602384,605203,9,2819,2,7200,1.0031926215
602439,602449,605591,10,3142,2,7200,1.00318268619
602548,602556,605597,8,3041,2,7200,1.00263071358
602587,602597,605413,10,2816,2,7200,1.00355113636
602618,602626,605819,8,3193,2,7200,1.00250548074
602878,602888,606023,10,3135,2,7200,1.00318979266
602947,602958,605897,11,2939,2,7200,1.00374276965
603008,603019,605884,11,2865,2,7200,1.00383944154
603166,603175,606187,9,3012,2,7200,1.00298804781
603181,603187,606499,6,3312,2,7200,1.0018115942
603217,603228,605991,11,2763,2,7200,1.00398117988
603329,603340,606498,11,3158,2,7200,1.00348321723
603387,603397,606283,10,2886,2,7200,1.00346500347
603411,603421,606620,10,3199,2,7200,1.00312597687
603505,603514,606508,9,2994,2,7200,1.00300601202
603533,603541,606432,8,2891,2,7200,1.00276720858
603730,603738,606812,8,3074,2,7200,1.00260247235
603791,603800,606942,9,3142,2,7200,1.00286441757
603792,603805,606914,13,3109,2,7200,1.00418140881
603913,603922,607027,9,3105,2,7200,1.00289855072
603959,603970,606937,11,2967,2,7200,1.0037074486
604029,604036,606985,7,2949,2,7200,1.002373686
604123,604133,607440,10,3307,2,7200,1.00302388872
604138,604144,607336,6,3192,2,7200,1.00187969925
604204,604215,607454,11,3239,2,7200,1.00339610991
604238,604246,607045,8,2799,2,7200,1.00285816363
604283,604292,607181,9,2889,2,7200,1.0031152648
604299,604305,607412,6,3107,2,7200,1.00193112327
604300,604311,607788,11,3477,2,7200,1.00316364682
604315,604326,607244,11,2918,2,7200,1.00376970528
604330,604337,607385,7,3048,2,7200,1.00229658793
604406,604415,607711,9,3296,2,7200,1.00273058252
604434,604443,607668,9,3225,2,7200,1.00279069767
604537,604546,607455,9,2909,2,7200,1.00309384668
604579,604590,607706,11,3116,2,7200,1.00353016688
604594,604601,607426,7,2825,2,7200,1.00247787611
604752,604761,607452,9,2691,2,7200,1.00334448161
