SubmitTime,StartTime,EndTime,QueuedTime,RunTime,NodesRequested,walltime,bslowdown
170,2022,9275,1852,7253,5,16200,1.25534261685
716,7808,17215,7092,9407,5,16200,1.75390666525
2019,7997,18456,5978,10459,5,16200,1.57156515919
7812,8220,22706,408,14486,5,16200,1.02816512495
7998,8496,16001,498,7505,5,16200,1.06635576282
8217,11332,25675,3115,14343,5,16200,1.21717911176
8500,9286,24286,786,15000,5,16200,1.0524
9291,16013,28060,6722,12047,5,16200,1.55798124014
11329,17226,26389,5897,9163,5,16200,1.64356651752
13262,14311,43121,1049,28810,16,28800,1.03641096841
13263,679239,708093,665976,28854,16,28800,24.0808899979
13263,531631,560482,518368,28851,16,28800,18.9670721985
13264,750691,779516,737427,28825,16,28800,26.582896791
16019,18467,25804,2448,7337,5,16200,1.33365135614
17224,22717,33710,5493,10993,5,16200,1.49968161557
18468,24299,31812,5831,7513,5,16200,1.77612138959
22718,25686,32738,2968,7052,5,16200,1.42087351106
24299,25816,40901,1517,15085,5,16200,1.10056347365
25689,28071,42562,2382,14491,5,16200,1.16437788972
25814,26405,34569,591,8164,5,16200,1.07239098481
26405,33722,40959,7317,7237,5,16200,2.01105430427
28069,31823,40329,3754,8506,5,16200,1.44133552786
31826,32750,46160,924,13410,5,16200,1.06890380313
32407,32419,33098,12,679,16,7200,1.0176730486
32445,32459,39677,14,7218,16,7200,1.00193959546
32457,32466,37620,9,5154,16,7200,1.00174621653
32468,32484,37707,16,5223,16,7200,1.00306337354
32537,33110,38052,573,4942,16,7200,1.11594496155
32748,40340,54665,7592,14325,5,16200,1.52998254799
33721,34580,45922,859,11342,5,16200,1.07573620173
34582,40912,54546,6330,13634,5,16200,1.46428047528
35604,35612,38428,8,2816,20,10799,1.00284090909
35671,35678,37866,7,2188,20,10799,1.00319926874
35711,35718,38347,7,2629,20,10799,1.00266260936
37028,339714,375767,302686,36053,4,36000,9.3955842787
37052,339731,375767,302679,36036,2,36000,9.39935064935
37079,339432,368386,302353,28954,8,28920,11.4425295296
40336,40970,49952,634,8982,5,16200,1.07058561568
40908,42573,57768,1665,15195,5,16200,1.10957551826
40970,341258,352866,300288,11608,5,16200,26.8690558236
42572,341269,352148,298697,10879,5,16200,28.4562919386
42966,42972,43197,6,225,1,18000,1.02666666667
44814,394164,581986,349350,187822,18,198000,2.86000575013
48886,48910,49450,24,540,1,7200,1.04444444444
48886,48892,48894,6,2,1,7200,1.0
48886,48897,48898,11,1,1,7200,1.2
48886,48915,48916,29,1,1,7200,3.0
48887,48926,48927,39,1,1,7200,4.0
48888,48932,48933,44,1,1,7200,4.5
48888,48937,48938,49,1,1,7200,5.0
48888,48948,48949,60,1,1,7200,6.1
48889,48953,49027,64,74,1,7200,1.86486486486
48889,48964,48965,75,1,1,7200,7.6
48889,48959,49247,70,288,1,7200,1.24305555556
48890,48975,48976,85,1,1,7200,8.6
48890,48981,48997,91,16,1,7200,6.6875
48891,49058,49206,167,148,1,7200,2.12837837838
48891,49063,49067,172,4,1,7200,17.6
48891,49052,49128,161,76,1,7200,3.11842105263
48892,49074,49093,182,19,1,7200,10.5789473684
48893,49090,49092,197,2,1,7200,19.9
48893,49096,49154,203,58,1,7200,4.5
48894,49109,49773,215,664,1,7200,1.32379518072
48894,49101,49628,207,527,1,7200,1.39278937381
48894,49115,51356,221,2241,1,7200,1.09861668898
48895,49120,49134,225,14,1,7200,17.0714285714
48895,49131,49704,236,573,1,7200,1.41186736475
48895,49126,54778,231,5652,1,7200,1.04087048832
48896,49142,49879,246,737,1,7200,1.33378561737
48896,49149,49150,253,1,1,7200,25.4
48897,49173,49180,276,7,1,7200,28.3
48897,49160,51476,263,2316,1,7200,1.11355785838
48898,49186,49187,288,1,1,7200,28.9
48898,49179,49181,281,2,1,7200,28.3
48899,49206,54605,307,5399,1,7200,1.05686238192
48899,49198,49201,299,3,1,7200,30.2
48900,49219,49239,319,20,1,7200,16.95
48900,49224,49234,324,10,1,7200,33.4
48901,49252,49285,351,33,1,7200,11.6363636364
48901,49244,49279,343,35,1,7200,10.8
48901,49258,49259,357,1,1,7200,35.8
48902,49265,49347,363,82,1,7200,5.42682926829
48902,49272,49273,370,1,1,7200,37.1
48903,49000,49004,97,4,1,7200,10.1
48903,48994,49017,91,23,1,7200,4.95652173913
48903,48989,49517,86,528,1,7200,1.16287878788
48904,49011,49012,107,1,1,7200,10.8
48904,49016,49017,112,1,1,7200,11.3
48904,49005,49033,101,28,1,7200,4.60714285714
48905,49027,49033,122,6,1,7200,12.8
48906,49300,49302,394,2,1,7200,39.6
48906,49292,50683,386,1391,1,7200,1.27749820273
48906,49044,56290,138,7246,1,7200,1.01904499034
48906,49038,49048,132,10,1,7200,14.2
48907,49314,49333,407,19,1,7200,22.4210526316
48907,49324,49326,417,2,1,7200,41.9
48907,49306,49312,399,6,1,7200,40.5
48908,49338,50625,430,1287,1,7200,1.33411033411
48908,49359,49379,451,20,1,7200,23.55
48908,49346,49389,438,43,1,7200,11.1860465116
48908,49392,49395,484,3,1,7200,48.7
48909,49401,49403,492,2,1,7200,49.4
48909,49417,49862,508,445,1,7200,2.14157303371
48909,49409,49411,500,2,1,7200,50.2
48910,49424,49425,514,1,1,7200,51.5
48910,49437,49438,527,1,1,7200,52.8
48911,49468,49470,557,2,1,7200,55.9
48911,49462,49464,551,2,1,7200,55.3
48911,49476,49477,565,1,1,7200,56.6
48912,49484,49516,572,32,1,7200,18.875
48912,49491,49492,579,1,1,7200,58.0
48912,49504,49505,592,1,1,7200,59.3
48912,49517,50486,605,969,1,7200,1.62435500516
48913,49528,49530,615,2,1,7200,61.7
48913,49543,49544,630,1,1,7200,63.1
48913,49535,49536,622,1,1,7200,62.3
48914,49551,49552,637,1,1,7200,63.8
48914,49559,49651,645,92,1,7200,8.01086956522
48914,49567,49568,653,1,1,7200,65.4
48915,49663,49679,748,16,1,7200,47.75
48915,49623,49856,708,233,1,7200,4.03862660944
48915,49641,51896,726,2255,1,7200,1.32195121951
48915,49580,49610,665,30,1,7200,23.1666666667
48916,49691,49706,775,15,1,7200,52.6666666667
48916,49717,49719,801,2,1,7200,80.3
48917,49739,49741,822,2,1,7200,82.4
48917,49732,49733,815,1,1,7200,81.6
48917,49746,51215,829,1469,1,7200,1.56432947583
48918,49766,49767,848,1,1,7200,84.9
48918,49779,51242,861,1463,1,7200,1.58851674641
48918,49787,49789,869,2,1,7200,87.1
48918,49753,49754,835,1,1,7200,83.6
48919,49801,50865,882,1064,1,7200,1.82894736842
48919,49868,49871,949,3,1,7200,95.2
48919,49876,49878,957,2,1,7200,95.9
48920,49884,50475,964,591,1,7200,2.63113367174
48920,49892,49937,972,45,1,7200,22.6
48920,49949,49951,1029,2,1,7200,103.1
48920,49898,50019,978,121,1,7200,9.0826446281
48921,49976,49977,1055,1,1,7200,105.6
48921,49963,49964,1042,1,1,7200,104.3
48922,50031,50033,1109,2,1,7200,111.1
48922,50045,50068,1123,23,1,7200,49.8260869565
48922,49989,50176,1067,187,1,7200,6.70588235294
48923,50142,50157,1219,15,1,7200,82.2666666667
48923,50095,50129,1172,34,1,7200,35.4705882353
48923,50169,50170,1246,1,1,7200,124.7
48923,50080,50083,1157,3,1,7200,116.0
48924,50209,50210,1285,1,1,7200,128.6
48924,50189,50197,1265,8,1,7200,127.3
48924,50182,50196,1258,14,1,7200,90.8571428571
48925,50498,50517,1573,19,1,7200,83.7894736842
48925,50214,51251,1289,1037,1,7200,2.24300867888
48925,50222,52469,1297,2247,1,7200,1.5772140632
48925,50487,50490,1562,3,1,7200,156.5
48926,50505,50539,1579,34,1,7200,47.4411764706
48926,50529,50531,1603,2,1,7200,160.5
48927,50551,51419,1624,868,1,7200,2.87096774194
48927,50558,50559,1631,1,1,7200,163.2
48927,50571,50615,1644,44,1,7200,38.3636363636
48928,50627,50629,1699,2,1,7200,170.1
48928,50637,50638,1709,1,1,7200,171.0
48928,50651,50652,1723,1,1,7200,172.4
48928,50644,50660,1716,16,1,7200,108.25
48929,50664,50665,1735,1,1,7200,173.6
48929,50672,51110,1743,438,1,7200,4.97945205479
48930,50878,50880,1948,2,1,7200,195.0
48930,50699,50895,1769,196,1,7200,10.0255102041
48930,50883,50884,1953,1,1,7200,195.4
48930,50692,50866,1762,174,1,7200,11.1264367816
48931,50892,51453,1961,561,1,7200,4.49554367201
48931,50900,58105,1969,7205,1,7200,1.27328244275
48931,50908,50910,1977,2,1,7200,197.9
48932,50922,50923,1990,1,1,7200,199.1
48932,50948,50949,2016,1,1,7200,201.7
48933,50961,50964,2028,3,1,7200,203.1
48933,50976,50977,2043,1,1,7200,204.4
48933,50989,50990,2056,1,1,7200,205.7
48934,51002,51019,2068,17,1,7200,122.647058824
48934,51122,51186,2188,64,1,7200,35.1875
48934,51031,51960,2097,929,1,7200,3.25726587729
48935,51254,58493,2319,7239,1,7200,1.32034811438
48935,51199,51287,2264,88,1,7200,26.7272727273
48935,51227,51462,2292,235,1,7200,10.7531914894
48936,51288,51290,2352,2,1,7200,235.4
48936,51263,51264,2327,1,1,7200,232.8
48936,51299,51300,2363,1,1,7200,236.4
48938,51334,51467,2396,133,1,7200,19.015037594
48939,51374,58585,2435,7211,1,7200,1.33767854666
48940,51395,51396,2455,1,1,7200,245.6
48941,51432,53955,2491,2523,1,7200,1.98731668648
48941,51421,51832,2480,411,1,7200,7.03406326034
48941,51466,51587,2525,121,1,7200,21.867768595
48942,51488,51638,2546,150,1,7200,17.9733333333
48942,51474,51541,2532,67,1,7200,38.7910447761
48942,51481,51482,2539,1,1,7200,254.0
48943,51600,51602,2657,2,1,7200,265.9
48943,51495,51906,2552,411,1,7200,7.20924574209
48943,51554,58765,2611,7211,1,7200,1.3620857024
48944,51650,52476,2706,826,1,7200,4.27602905569
48944,51845,51847,2901,2,1,7200,290.3
48944,51614,54352,2670,2738,1,7200,1.97516435354
48945,51859,51866,2914,7,1,7200,292.1
48945,51903,51926,2958,23,1,7200,129.608695652
48946,51910,51912,2964,2,1,7200,296.6
48946,51926,51927,2980,1,1,7200,298.1
48946,51919,51921,2973,2,1,7200,297.5
48947,51933,52030,2986,97,1,7200,31.7835051546
48947,51940,51942,2993,2,1,7200,299.5
48948,51961,52044,3013,83,1,7200,37.3012048193
48948,51954,51955,3006,1,1,7200,300.7
48949,51968,53584,3019,1616,1,7200,2.86819306931
48949,52041,52073,3092,32,1,7200,97.625
48949,52056,52059,3107,3,1,7200,311.0
48949,51975,53000,3026,1025,1,7200,3.95219512195
48950,52072,52156,3122,84,1,7200,38.1666666667
48950,52099,52118,3149,19,1,7200,166.736842105
48950,52085,52087,3135,2,1,7200,313.7
48951,52131,58164,3180,6033,1,7200,1.5271009448
48951,52197,53085,3246,888,1,7200,4.65540540541
48951,52184,52185,3233,1,1,7200,323.4
48951,52168,52172,3217,4,1,7200,322.1
48952,52502,52503,3550,1,1,7200,355.1
48952,52481,52494,3529,13,1,7200,272.461538462
48952,52489,52490,3537,1,1,7200,353.8
48953,52517,52520,3564,3,1,7200,356.7
48953,52651,55859,3698,3208,1,7200,2.15274314214
48953,52510,52638,3557,128,1,7200,28.7890625
48953,52532,57359,3579,4827,1,7200,1.74145431945
48954,53026,53248,4072,222,1,7200,19.3423423423
48954,53012,53014,4058,2,1,7200,406.0
48955,53111,53112,4156,1,1,7200,415.7
48955,53197,53199,4242,2,1,7200,424.4
48955,53124,53185,4169,61,1,7200,69.3442622951
48955,53097,53099,4142,2,1,7200,414.4
48956,53258,53259,4302,1,1,7200,430.3
48956,53211,53232,4255,21,1,7200,203.619047619
48956,53244,53246,4288,2,1,7200,429.0
48957,53315,53316,4358,1,1,7200,435.9
48957,53266,53289,4309,23,1,7200,188.347826087
48957,53301,53303,4344,2,1,7200,434.6
48957,53274,53525,4317,251,1,7200,18.1992031873
48958,53538,56731,4580,3193,1,7200,2.43438772314
48958,53341,55521,4383,2180,1,7200,3.01055045872
48958,53328,53329,4370,1,1,7200,437.1
48959,53810,53812,4851,2,1,7200,485.3
48959,53597,53797,4638,200,1,7200,24.19
48959,53824,54462,4865,638,1,7200,8.62539184953
48960,53967,54026,5007,59,1,7200,85.8644067797
48960,54038,54262,5078,224,1,7200,23.6696428571
48960,54274,54276,5314,2,1,7200,531.6
48961,54364,54370,5403,6,1,7200,540.9
48961,54302,54595,5341,293,1,7200,19.228668942
48961,54288,54290,5327,2,1,7200,532.9
48962,54494,54785,5532,291,1,7200,20.0103092784
48962,54383,54473,5421,90,1,7200,61.2333333333
48962,54486,54491,5524,5,1,7200,552.9
48962,54474,54476,5512,2,1,7200,551.4
48963,54503,54508,5540,5,1,7200,554.5
48963,54521,54734,5558,213,1,7200,27.0938967136
48963,54607,57047,5644,2440,1,7200,3.3131147541
48964,54658,54775,5694,117,1,7200,49.6666666667
48964,54617,54620,5653,3,1,7200,565.6
48964,54632,54633,5668,1,1,7200,566.9
48964,54645,54646,5681,1,1,7200,568.2
48965,54746,54748,5781,2,1,7200,578.3
48965,54760,54761,5795,1,1,7200,579.6
48965,54773,54774,5808,1,1,7200,580.9
48966,54786,55693,5820,907,1,7200,7.41675854465
48966,54793,54795,5827,2,1,7200,582.9
48966,54799,54800,5833,1,1,7200,583.4
48967,54806,54807,5839,1,1,7200,584.0
48967,54814,54816,5847,2,1,7200,584.9
48967,54820,55002,5853,182,1,7200,33.1593406593
48967,54827,54972,5860,145,1,7200,41.4137931034
48968,54834,54837,5866,3,1,7200,586.9
48968,54849,54873,5881,24,1,7200,246.041666667
48968,54885,54887,5917,2,1,7200,591.9
48969,54899,54900,5930,1,1,7200,593.1
48969,54912,55028,5943,116,1,7200,52.2327586207
48969,55008,55022,6039,14,1,7200,432.357142857
48969,54985,54995,6016,10,1,7200,602.6
48970,55015,55019,6045,4,1,7200,604.9
48970,55039,55568,6069,529,1,7200,12.4725897921
48970,55031,55559,6061,528,1,7200,12.4791666667
48971,55047,55049,6076,2,1,7200,607.8
48971,55061,55291,6090,230,1,7200,27.4782608696
48971,55304,55312,6333,8,1,7200,634.1
48972,55337,55660,6365,323,1,7200,20.7058823529
48972,55324,55325,6352,1,1,7200,635.3
48972,55548,55814,6576,266,1,7200,25.7218045113
48972,55534,55536,6562,2,1,7200,656.4
48973,55594,55595,6621,1,1,7200,662.2
48973,55581,55582,6608,1,1,7200,660.9
48973,55571,55661,6598,90,1,7200,74.3111111111
48974,55611,55612,6637,1,1,7200,663.8
48974,55624,55633,6650,9,1,7200,665.9
48974,55646,55647,6672,1,1,7200,667.3
48975,55685,55688,6710,3,1,7200,671.3
48975,55677,55693,6702,16,1,7200,419.875
48975,55672,55675,6697,3,1,7200,670.0
48976,55701,55725,6725,24,1,7200,281.208333333
48976,55693,55804,6717,111,1,7200,61.5135135135
48976,55709,55784,6733,75,1,7200,90.7733333333
48977,55728,55931,6751,203,1,7200,34.2561576355
48977,55715,55716,6738,1,1,7200,673.9
48977,55738,55749,6761,11,1,7200,615.636363636
48978,55802,63036,6824,7234,1,7200,1.94332319602
48978,55765,55771,6787,6,1,7200,679.3
48978,55783,55784,6805,1,1,7200,680.6
48978,55796,55839,6818,43,1,7200,159.558139535
48979,55835,56362,6856,527,1,7200,14.009487666
48979,55842,63088,6863,7246,1,7200,1.94714325145
48979,55827,55828,6848,1,1,7200,684.9
48979,55816,55821,6837,5,1,7200,684.2
48981,55852,58049,6871,2197,1,7200,4.12744651798
48981,55871,55888,6890,17,1,7200,406.294117647
48982,55900,59734,6918,3834,1,7200,2.80438184664
48982,55943,56044,6961,101,1,7200,69.9207920792
48982,56056,56059,7074,3,1,7200,707.7
48983,56071,56072,7088,1,1,7200,708.9
48983,56084,56590,7101,506,1,7200,15.0335968379
48983,56302,56307,7319,5,1,7200,732.4
48984,56319,56336,7335,17,1,7200,432.470588235
48984,56348,56351,7364,3,1,7200,736.7
48985,56401,56403,7416,2,1,7200,741.8
48985,56363,56389,7378,26,1,7200,284.769230769
48985,56390,56401,7405,11,1,7200,674.181818182
48985,56375,56377,7390,2,1,7200,739.2
48986,56414,56419,7428,5,1,7200,743.3
48986,56432,57275,7446,843,1,7200,9.83274021352
48986,56422,57285,7436,863,1,7200,9.61645422943
48987,56602,56838,7615,236,1,7200,33.2669491525
48987,56743,56745,7756,2,1,7200,775.8
48988,56795,56796,7807,1,1,7200,780.8
48989,56808,56809,7819,1,1,7200,782.0
48989,56822,57020,7833,198,1,7200,40.5606060606
48989,56850,56852,7861,2,1,7200,786.3
48990,56877,56878,7887,1,1,7200,788.8
48990,56864,56865,7874,1,1,7200,787.5
48991,57060,57061,8069,1,1,7200,807.0
48991,56916,57325,7925,409,1,7200,20.3765281174
48991,56903,56904,7912,1,1,7200,791.3
48991,57032,57807,8041,775,1,7200,11.375483871
48992,57087,57127,8095,40,1,7200,203.375
48992,57139,57140,8147,1,1,7200,814.8
48992,57074,57075,8082,1,1,7200,808.3
48993,57153,57157,8160,4,1,7200,816.4
48993,57170,57266,8177,96,1,7200,86.1770833333
48993,57278,57284,8285,6,1,7200,829.1
48993,57287,57291,8294,4,1,7200,829.8
48994,57304,61803,8310,4499,1,7200,2.84707712825
48994,57296,57487,8302,191,1,7200,44.4659685864
48994,57310,61796,8316,4486,1,7200,2.85376727597
48995,57338,57340,8343,2,1,7200,834.5
48995,57371,57722,8376,351,1,7200,24.8632478632
48995,57352,64561,8357,7209,1,7200,2.15924538771
48996,57703,57704,8707,1,1,7200,870.8
48996,57685,57691,8689,6,1,7200,869.5
48996,57499,57673,8503,174,1,7200,49.867816092
48997,57715,57734,8718,19,1,7200,459.842105263
48997,57746,57752,8749,6,1,7200,875.5
48997,57734,58007,8737,273,1,7200,33.0036630037
48998,57990,57992,8992,2,1,7200,899.4
48998,57819,57977,8821,158,1,7200,56.8291139241
48998,57764,57765,8766,1,1,7200,876.7
48998,57777,58048,8779,271,1,7200,33.3948339483
48999,58019,58081,9020,62,1,7200,146.483870968
48999,58004,58314,9005,310,1,7200,30.0483870968
48999,58061,58074,9062,13,1,7200,698.076923077
49000,58094,58095,9094,1,1,7200,909.5
49000,58086,59391,9086,1305,1,7200,7.96245210728
49000,58066,65303,9066,7237,1,7200,2.25272903137
49001,58117,58129,9116,12,1,7200,760.666666667
49001,58141,58157,9140,16,1,7200,572.25
49001,58107,58244,9106,137,1,7200,67.4671532847
49001,58169,59133,9168,964,1,7200,10.510373444
49002,58256,65496,9254,7240,1,7200,2.27817679558
49002,58176,58198,9174,22,1,7200,418.0
49002,58210,58334,9208,124,1,7200,75.2580645161
49003,58341,58342,9338,1,1,7200,933.9
49003,58348,58350,9345,2,1,7200,934.7
49003,58327,58329,9324,2,1,7200,932.6
49004,58364,58381,9360,17,1,7200,551.588235294
49004,58461,58477,9457,16,1,7200,592.0625
49004,58356,58677,9352,321,1,7200,30.1339563863
49004,58395,58449,9391,54,1,7200,174.907407407
49005,58489,58490,9484,1,1,7200,948.5
49005,58502,58504,9497,2,1,7200,949.9
49005,58509,58694,9504,185,1,7200,52.372972973
49006,58597,58606,9591,9,1,7200,960.0
49006,58618,58685,9612,67,1,7200,144.462686567
49006,58516,58717,9510,201,1,7200,48.3134328358
49007,58689,59155,9682,466,1,7200,21.7768240343
49007,58697,58829,9690,132,1,7200,74.4090909091
49007,58706,58708,9699,2,1,7200,970.1
49008,58729,58731,9721,2,1,7200,972.3
49008,58720,59345,9712,625,1,7200,16.5392
49008,58743,59270,9735,527,1,7200,19.4724857685
49009,58934,58959,9925,25,1,7200,398.0
49009,58841,58922,9832,81,1,7200,122.382716049
49009,58777,58956,9768,179,1,7200,55.5698324022
49009,58968,60590,9959,1622,1,7200,7.13995067818
49010,59159,60370,10149,1211,1,7200,9.38067712634
49010,59145,59147,10135,2,1,7200,1013.7
49010,58976,59242,9966,266,1,7200,38.4661654135
49011,59167,59191,10156,24,1,7200,424.166666667
49011,59203,59205,10192,2,1,7200,1019.4
49012,59244,59870,10232,626,1,7200,17.3450479233
49012,59230,59232,10218,2,1,7200,1022.0
49012,59254,59256,10242,2,1,7200,1024.4
49012,59268,59457,10256,189,1,7200,55.2645502646
49013,59323,59324,10310,1,1,7200,1031.1
49013,59309,59311,10296,2,1,7200,1029.8
49013,59282,59297,10269,15,1,7200,685.6
49014,59336,59337,10322,1,1,7200,1032.3
49014,59358,59360,10344,2,1,7200,1034.6
49014,59349,66588,10335,7239,1,7200,2.42768338168
49014,59372,59438,10358,66,1,7200,157.939393939
49015,59418,59419,10403,1,1,7200,1040.4
49015,59444,59495,10429,51,1,7200,205.490196078
49015,59403,59406,10388,3,1,7200,1039.1
49015,59431,59432,10416,1,1,7200,1041.7
49016,59451,59455,10435,4,1,7200,1043.9
49016,59483,66689,10467,7206,1,7200,2.45253955037
49016,59467,59468,10451,1,1,7200,1045.2
49016,59475,59492,10459,17,1,7200,616.235294118
49017,59512,60621,10495,1109,1,7200,10.4634806132
49017,59504,59506,10487,2,1,7200,1048.9
49018,59570,59571,10552,1,1,7200,1055.3
49018,59556,59557,10538,1,1,7200,1053.9
49018,59519,59522,10501,3,1,7200,1050.4
49018,59534,59544,10516,10,1,7200,1052.6
49019,59666,59899,10647,233,1,7200,46.69527897
49019,59583,59584,10564,1,1,7200,1056.5
49019,59596,59654,10577,58,1,7200,183.362068966
49020,59890,60079,10870,189,1,7200,58.5132275132
49020,59747,59872,10727,125,1,7200,86.816
49020,59882,59883,10862,1,1,7200,1086.3
49021,59934,59998,10913,64,1,7200,171.515625
49021,59916,59922,10895,6,1,7200,1090.1
49021,59910,59911,10889,1,1,7200,1089.0
49022,59942,59943,10920,1,1,7200,1092.1
49022,59955,59957,10933,2,1,7200,1093.5
49023,59983,60204,10960,221,1,7200,50.592760181
49023,60011,60055,10988,44,1,7200,250.727272727
49023,59970,59971,10947,1,1,7200,1094.8
49024,60067,60074,11043,7,1,7200,1105.0
49024,60086,60087,11062,1,1,7200,1106.3
49024,60102,60103,11078,1,1,7200,1107.9
49024,60094,60096,11070,2,1,7200,1107.2
49025,60132,60172,11107,40,1,7200,278.675
49025,60117,60120,11092,3,1,7200,1109.5
49025,60110,60218,11085,108,1,7200,103.638888889
49026,60184,60187,11158,3,1,7200,1116.1
49026,60199,60292,11173,93,1,7200,121.139784946
49026,60216,60246,11190,30,1,7200,374.0
49026,60231,60233,11205,2,1,7200,1120.7
49027,60245,60248,11218,3,1,7200,1122.1
49027,60258,60321,11231,63,1,7200,179.26984127
49027,60265,60521,11238,256,1,7200,44.8984375
49028,60304,60307,11276,3,1,7200,1127.9
49028,60319,64825,11291,4506,1,7200,3.50577008433
49029,60333,60336,11304,3,1,7200,1130.7
49029,60348,60353,11319,5,1,7200,1132.4
49029,60365,60366,11336,1,1,7200,1133.7
49029,60378,60380,11349,2,1,7200,1135.1
49030,60393,60864,11363,471,1,7200,25.1252653928
49030,60533,60535,11503,2,1,7200,1150.5
49030,60386,60570,11356,184,1,7200,62.7173913043
49031,60582,60584,11551,2,1,7200,1155.3
49031,60547,60635,11516,88,1,7200,131.863636364
49031,60596,60597,11565,1,1,7200,1156.6
49032,60603,62713,11571,2110,1,7200,6.48388625592
49032,60623,60624,11591,1,1,7200,1159.2
49032,60610,60611,11578,1,1,7200,1157.9
49033,60650,60651,11617,1,1,7200,1161.8
49033,60642,60643,11609,1,1,7200,1161.0
49033,60634,60636,11601,2,1,7200,1160.3
49034,60655,60657,11621,2,1,7200,1162.3
49034,60663,60711,11629,48,1,7200,243.270833333
49034,60669,65905,11635,5236,1,7200,3.22211611917
49035,60676,60700,11641,24,1,7200,486.041666667
49035,60723,60732,11688,9,1,7200,1169.7
49035,60712,60715,11677,3,1,7200,1168.0
49036,60876,61334,11840,458,1,7200,26.8515283843
49036,60730,60916,11694,186,1,7200,63.8709677419
49036,60744,60961,11708,217,1,7200,54.9539170507
49036,60928,61257,11892,329,1,7200,37.1458966565
49037,61269,61325,12232,56,1,7200,219.428571429
49037,61338,61642,12301,304,1,7200,41.4638157895
49037,60973,64161,11936,3188,1,7200,4.74404015056
49038,61655,61657,12617,2,1,7200,1261.9
49038,61372,65022,12334,3650,1,7200,4.37917808219
49038,61347,61359,12309,12,1,7200,1026.75
49039,61669,61683,12630,14,1,7200,903.142857143
49039,61841,61842,12802,1,1,7200,1280.3
49040,62251,69032,13211,6781,1,7200,2.94823772305
49040,62754,63625,13714,871,1,7200,16.7451205511
49040,62153,62166,13113,13,1,7200,1009.69230769
49041,63104,63474,14063,370,1,7200,39.0081081081
49041,63055,63078,14014,23,1,7200,610.304347826
49041,63641,63777,14600,136,1,7200,108.352941176
49042,63651,63652,14609,1,1,7200,1461.0
49042,63657,63678,14615,21,1,7200,696.952380952
49043,63674,65589,14631,1915,1,7200,8.64020887728
49043,63668,63670,14625,2,1,7200,1462.7
49043,63679,63774,14636,95,1,7200,155.063157895
49044,63695,64073,14651,378,1,7200,39.7592592593
49044,63701,63837,14657,136,1,7200,108.772058824
49044,63684,64297,14640,613,1,7200,24.8825448613
49045,61712,61713,12667,1,1,7200,1266.8
49045,61696,61700,12651,4,1,7200,1265.5
49045,61725,61726,12680,1,1,7200,1268.1
49046,61738,62045,12692,307,1,7200,42.342019544
49046,61815,61816,12769,1,1,7200,1277.0
49046,61808,63714,12762,1906,1,7200,7.69569779643
49047,61854,61855,12807,1,1,7200,1280.8
49047,61828,61829,12781,1,1,7200,1278.2
49047,61867,61870,12820,3,1,7200,1282.3
49048,61896,63024,12848,1128,1,7200,12.390070922
49048,62057,62059,13009,2,1,7200,1301.1
49048,61882,61884,12834,2,1,7200,1283.6
49049,62193,62239,13144,46,1,7200,286.739130435
49049,62726,62728,13677,2,1,7200,1367.9
49049,62071,62141,13022,70,1,7200,187.028571429
49049,62178,62180,13129,2,1,7200,1313.1
49050,62740,62742,13690,2,1,7200,1369.2
49050,63036,63037,13986,1,1,7200,1398.7
49051,63096,63156,14045,60,1,7200,235.083333333
49051,63110,63111,14059,1,1,7200,1406.0
49052,63155,63160,14103,5,1,7200,1410.8
49052,63142,63143,14090,1,1,7200,1409.1
49052,63124,63130,14072,6,1,7200,1407.8
49053,63168,63170,14115,2,1,7200,1411.7
49053,63184,63185,14131,1,1,7200,1413.2
49054,63192,63298,14138,106,1,7200,134.377358491
49054,63310,63317,14256,7,1,7200,1426.3
49054,63200,66052,14146,2852,1,7200,5.96002805049
49055,63329,63343,14274,14,1,7200,1020.57142857
49055,63356,63368,14301,12,1,7200,1192.75
49055,63380,63382,14325,2,1,7200,1432.7
49055,63394,63395,14339,1,1,7200,1434.0
49056,63420,63938,14364,518,1,7200,28.7297297297
49056,63501,63543,14445,42,1,7200,344.928571429
49056,63487,63489,14431,2,1,7200,1443.3
49056,63407,63408,14351,1,1,7200,1435.2
49057,63617,63619,14560,2,1,7200,1456.2
49057,63631,66825,14574,3194,1,7200,5.56293049468
49057,63555,63604,14498,49,1,7200,296.87755102
49058,63712,63713,14654,1,1,7200,1465.5
49059,63723,63724,14664,1,1,7200,1466.5
49059,63734,63735,14675,1,1,7200,1467.6
49059,63729,63850,14670,121,1,7200,122.239669421
49060,63739,64244,14679,505,1,7200,30.0673267327
49060,63756,63873,14696,117,1,7200,126.606837607
49060,63750,63751,14690,1,1,7200,1469.1
49060,63745,69033,14685,5288,1,7200,3.77704236006
49061,63773,63791,14712,18,1,7200,818.333333333
49061,63767,63768,14706,1,1,7200,1470.7
49062,63783,63784,14721,1,1,7200,1472.2
49062,63778,63812,14716,34,1,7200,433.823529412
49062,63794,64922,14732,1128,1,7200,14.0602836879
49062,63789,63790,14727,1,1,7200,1472.8
49063,63811,63812,14748,1,1,7200,1474.9
49063,63800,64130,14737,330,1,7200,45.6575757576
49063,63805,69033,14742,5228,1,7200,3.81981637337
49064,63822,63823,14758,1,1,7200,1475.9
49064,63816,63827,14752,11,1,7200,1342.09090909
49064,63828,64000,14764,172,1,7200,86.8372093023
49065,63844,63940,14779,96,1,7200,154.947916667
49065,63833,63886,14768,53,1,7200,279.641509434
49065,63839,63895,14774,56,1,7200,264.821428571
49066,63860,64360,14794,500,1,7200,30.588
49066,63866,63867,14800,1,1,7200,1480.1
49066,63855,64925,14789,1070,1,7200,14.8214953271
49066,63849,63850,14783,1,1,7200,1478.4
49067,63882,63885,14815,3,1,7200,1481.8
49067,63877,63905,14810,28,1,7200,529.928571429
49067,63871,69033,14804,5162,1,7200,3.86788066641
49068,63893,63894,14825,1,1,7200,1482.6
49068,63898,64093,14830,195,1,7200,77.0512820513
49068,63904,63905,14836,1,1,7200,1483.7
49069,63909,63910,14840,1,1,7200,1484.1
49069,63915,63916,14846,1,1,7200,1484.7
49069,63920,63949,14851,29,1,7200,513.103448276
49070,63931,63932,14861,1,1,7200,1486.2
49070,63937,63957,14867,20,1,7200,744.35
49071,63947,63960,14876,13,1,7200,1145.30769231
49071,63942,63943,14871,1,1,7200,1487.2
49071,63953,64568,14882,615,1,7200,25.1983739837
49072,63986,64387,14914,401,1,7200,38.1920199501
49072,63991,63993,14919,2,1,7200,1492.1
49072,63997,64089,14925,92,1,7200,163.22826087
49073,63958,63960,14885,2,1,7200,1488.7
49073,64003,64228,14930,225,1,7200,67.3555555556
49073,63964,63965,14891,1,1,7200,1489.2
49074,63969,64360,14895,391,1,7200,39.094629156
49074,63980,63981,14906,1,1,7200,1490.7
49074,63975,64133,14901,158,1,7200,95.3101265823
49075,64019,64020,14944,1,1,7200,1494.5
49075,64014,64015,14939,1,1,7200,1494.0
49075,64008,64258,14933,250,1,7200,60.732
49076,64042,64227,14966,185,1,7200,81.8972972973
49076,64036,64192,14960,156,1,7200,96.8974358974
49076,64030,64847,14954,817,1,7200,19.3035495716
49076,64025,64026,14949,1,1,7200,1495.0
49077,64058,64059,14981,1,1,7200,1498.2
49077,64047,64165,14970,118,1,7200,127.86440678
49077,64053,64113,14976,60,1,7200,250.6
49078,64069,64080,14991,11,1,7200,1363.81818182
49078,64080,64083,15002,3,1,7200,1500.5
49078,64075,64094,14997,19,1,7200,790.315789474
49078,64064,64105,14986,41,1,7200,366.512195122
49079,64097,64098,15018,1,1,7200,1501.9
49079,64086,64101,15007,15,1,7200,1001.46666667
49079,64091,64175,15012,84,1,7200,179.714285714
49080,64108,64177,15028,69,1,7200,218.797101449
49080,64103,69033,15023,4930,1,7200,4.04726166329
49080,64141,64153,15061,12,1,7200,1256.08333333
49081,64152,64963,15071,811,1,7200,19.5832305795
49081,64147,64148,15066,1,1,7200,1506.7
49082,64119,64173,15037,54,1,7200,279.462962963
49082,64114,64133,15032,19,1,7200,792.157894737
49082,64125,64586,15043,461,1,7200,33.6312364425
49083,64136,64137,15053,1,1,7200,1505.4
49083,64130,64307,15047,177,1,7200,86.011299435
49083,64163,64328,15080,165,1,7200,92.3939393939
49084,64169,65002,15085,833,1,7200,19.1092436975
49084,67721,67726,18637,5,1,7200,1864.2
49084,67736,67753,18652,17,1,7200,1098.17647059
49084,68151,68152,19067,1,1,7200,1906.8
49085,67747,67753,18662,6,1,7200,1866.8
49085,67752,67757,18667,5,1,7200,1867.2
49085,67741,67748,18656,7,1,7200,1866.3
49086,67757,67767,18671,10,1,7200,1868.1
49086,67777,67782,18691,5,1,7200,1869.6
49086,67772,67787,18686,15,1,7200,1246.73333333
49087,67782,67822,18695,40,1,7200,468.375
49087,68156,68579,19069,423,1,7200,46.0803782506
49087,67802,67817,18715,15,1,7200,1248.66666667
49087,67797,67799,18710,2,1,7200,1871.2
49088,67820,67832,18732,12,1,7200,1562.0
49088,67809,67827,18721,18,1,7200,1041.05555556
49088,67815,67821,18727,6,1,7200,1873.3
49089,67840,67868,18751,28,1,7200,670.678571429
49089,67830,67863,18741,33,1,7200,568.909090909
49089,67825,67858,18736,33,1,7200,568.757575758
49089,67835,68003,18746,168,1,7200,112.583333333
49090,67860,68095,18770,235,1,7200,80.8723404255
49090,67850,67873,18760,23,1,7200,816.652173913
49090,67855,67856,18765,1,1,7200,1876.6
49091,67871,67916,18780,45,1,7200,418.333333333
49091,67866,67871,18775,5,1,7200,1878.0
49092,67898,67932,18806,34,1,7200,554.117647059
49092,67888,67932,18796,44,1,7200,428.181818182
49092,67903,67906,18811,3,1,7200,1881.4
49092,67883,67888,18791,5,1,7200,1879.6
49093,67926,67936,18833,10,1,7200,1884.3
49093,67908,67927,18815,19,1,7200,991.263157895
49093,67921,67926,18828,5,1,7200,1883.3
49094,67941,67954,18847,13,1,7200,1450.76923077
49094,67929,67930,18835,1,1,7200,1883.6
49094,67935,68023,18841,88,1,7200,215.102272727
49095,67940,67956,18845,16,1,7200,1178.8125
49095,67946,67949,18851,3,1,7200,1885.4
49095,67945,68872,18850,927,1,7200,21.334412082
49095,67951,67956,18856,5,1,7200,1886.1
49096,67956,67961,18860,5,1,7200,1886.5
49096,67961,67987,18865,26,1,7200,726.576923077
49097,67956,68717,18859,761,1,7200,25.7818659658
49097,67951,67964,18854,13,1,7200,1451.30769231
49098,67976,67977,18878,1,1,7200,1887.9
49098,67981,67983,18883,2,1,7200,1888.5
49098,67966,67991,18868,25,1,7200,755.72
49098,67971,68334,18873,363,1,7200,52.9917355372
49099,67987,68189,18888,202,1,7200,94.504950495
49099,68002,68255,18903,253,1,7200,75.7154150198
49100,68017,68022,18917,5,1,7200,1892.2
49100,68012,68013,18912,1,1,7200,1891.3
49101,68037,68038,18936,1,1,7200,1893.7
49101,68027,68028,18926,1,1,7200,1892.7
49101,68022,68793,18921,771,1,7200,25.5408560311
49102,68047,69033,18945,986,1,7200,20.2139959432
49102,68052,68087,18950,35,1,7200,542.428571429
49102,68057,68058,18955,1,1,7200,1895.6
49103,68077,68157,18974,80,1,7200,238.175
49103,68067,68069,18964,2,1,7200,1896.6
49103,68062,68063,18959,1,1,7200,1896.0
49103,68072,68145,18969,73,1,7200,260.849315068
49104,68088,68102,18984,14,1,7200,1357.0
49104,68082,68083,18978,1,1,7200,1897.9
49105,68105,68106,19000,1,1,7200,1900.1
49105,68110,68185,19005,75,1,7200,254.4
49105,68093,68094,18988,1,1,7200,1898.9
49106,68126,68132,19020,6,1,7200,1902.6
49106,68116,68121,19010,5,1,7200,1901.5
49106,68121,68138,19015,17,1,7200,1119.52941176
49107,68136,68137,19029,1,1,7200,1903.0
49107,68131,68133,19024,2,1,7200,1902.6
49108,68151,68152,19043,1,1,7200,1904.4
49108,68146,68615,19038,469,1,7200,41.592750533
49108,68161,68162,19053,1,1,7200,1905.4
49108,68156,68219,19048,63,1,7200,303.349206349
49109,68171,68173,19062,2,1,7200,1906.4
49109,68176,68975,19067,799,1,7200,24.8635794743
49109,68166,68170,19057,4,1,7200,1906.1
49110,68181,68228,19071,47,1,7200,406.765957447
49110,68192,68205,19082,13,1,7200,1468.84615385
49111,68202,68206,19091,4,1,7200,1909.5
49111,68197,68198,19086,1,1,7200,1908.7
49111,68207,69033,19096,826,1,7200,24.1186440678
49112,68222,68238,19110,16,1,7200,1195.375
49112,68227,68228,19115,1,1,7200,1911.6
49112,68217,68225,19105,8,1,7200,1911.3
49113,68232,68238,19119,6,1,7200,1912.5
49113,68242,68243,19129,1,1,7200,1913.0
49113,68247,68278,19134,31,1,7200,618.225806452
49113,68237,69033,19124,796,1,7200,25.0251256281
49114,68262,68519,19148,257,1,7200,75.5058365759
49114,68252,68256,19138,4,1,7200,1914.2
49114,68257,68258,19143,1,1,7200,1914.4
49115,68273,68280,19158,7,1,7200,1916.5
49116,68278,68302,19162,24,1,7200,799.416666667
49116,68288,68351,19172,63,1,7200,305.317460317
49116,68283,68378,19167,95,1,7200,202.757894737
49117,68298,68300,19181,2,1,7200,1918.3
49117,68293,68379,19176,86,1,7200,223.976744186
49117,68303,68305,19186,2,1,7200,1918.8
49118,68308,68310,19190,2,1,7200,1919.2
49118,68317,68319,19199,2,1,7200,1920.1
49118,68313,69034,19195,721,1,7200,27.6227461859
49119,68323,68324,19204,1,1,7200,1920.5
49119,68324,68761,19205,437,1,7200,44.9473684211
49119,68319,69033,19200,714,1,7200,27.8907563025
49119,68329,69033,19210,704,1,7200,28.2869318182
49120,68334,68579,19214,245,1,7200,79.4244897959
49121,68344,68346,19223,2,1,7200,1922.5
49121,68354,68355,19233,1,1,7200,1923.4
49121,68349,68355,19228,6,1,7200,1923.4
49122,68359,68360,19237,1,1,7200,1923.8
49122,68369,68481,19247,112,1,7200,172.848214286
49122,68374,68717,19252,343,1,7200,57.1282798834
49122,68364,68366,19242,2,1,7200,1924.4
49123,68379,68400,19256,21,1,7200,917.952380952
49123,68384,68385,19261,1,1,7200,1926.2
49123,68390,68392,19267,2,1,7200,1926.9
49124,68395,68514,19271,119,1,7200,162.941176471
49125,68420,68427,19295,7,1,7200,1930.2
49125,68425,68426,19300,1,1,7200,1930.1
49125,68415,68421,19290,6,1,7200,1929.6
49125,68410,68412,19285,2,1,7200,1928.7
49126,68430,68453,19304,23,1,7200,840.304347826
49126,68435,68498,19309,63,1,7200,307.492063492
49127,68440,68441,19313,1,1,7200,1931.4
49127,68445,68446,19318,1,1,7200,1931.9
49127,68450,68451,19323,1,1,7200,1932.4
49128,68457,69033,19329,576,1,7200,34.5572916667
49128,68456,68463,19328,7,1,7200,1933.5
49128,68461,69033,19333,572,1,7200,34.798951049
49129,68476,68506,19347,30,1,7200,645.9
49129,68481,68482,19352,1,1,7200,1935.3
49129,68466,68490,19337,24,1,7200,806.708333333
49129,68471,68492,19342,21,1,7200,922.047619048
49130,68496,69033,19366,537,1,7200,37.0633147114
49130,68486,68487,19356,1,1,7200,1935.7
49130,68491,68492,19361,1,1,7200,1936.2
49131,68501,68505,19370,4,1,7200,1937.4
49131,68506,68508,19375,2,1,7200,1937.7
49131,68511,68512,19380,1,1,7200,1938.1
49132,68517,68518,19385,1,1,7200,1938.6
49132,68527,68529,19395,2,1,7200,1939.7
49132,68522,68557,19390,35,1,7200,555.0
49133,68547,68548,19414,1,1,7200,1941.5
49133,68542,68697,19409,155,1,7200,126.219354839
49133,68537,68539,19404,2,1,7200,1940.6
49133,68532,68555,19399,23,1,7200,844.434782609
49134,68562,69033,19428,471,1,7200,42.2484076433
49134,68552,69033,19418,481,1,7200,41.3700623701
49134,68557,68558,19423,1,1,7200,1942.4
49135,68578,68581,19443,3,1,7200,1944.6
49135,68572,69033,19437,461,1,7200,43.1626898048
49135,68569,69033,19434,464,1,7200,42.8836206897
49135,68567,68747,19432,180,1,7200,108.955555556
49136,68583,69033,19447,450,1,7200,44.2155555556
49136,68588,68590,19452,2,1,7200,1945.4
49136,68593,68595,19457,2,1,7200,1945.9
49137,68603,68639,19466,36,1,7200,541.722222222
49137,68598,69033,19461,435,1,7200,45.7379310345
49138,68618,68620,19480,2,1,7200,1948.2
49138,68613,68677,19475,64,1,7200,305.296875
49138,68623,69033,19485,410,1,7200,48.5243902439
49138,68608,69034,19470,426,1,7200,46.7042253521
49139,68633,69033,19494,400,1,7200,49.735
49139,68639,68641,19500,2,1,7200,1950.2
49139,68628,68819,19489,191,1,7200,103.036649215
49140,68654,69033,19514,379,1,7200,52.4881266491
49140,68649,68678,19509,29,1,7200,673.724137931
49141,68669,69033,19528,364,1,7200,54.6483516484
49141,68659,68752,19518,93,1,7200,210.870967742
49141,68664,68665,19523,1,1,7200,1952.4
49142,68674,69033,19532,359,1,7200,55.4066852368
49142,68679,68692,19537,13,1,7200,1503.84615385
49142,68684,69033,19542,349,1,7200,56.994269341
49143,68695,68699,19552,4,1,7200,1955.6
49143,68690,68695,19547,5,1,7200,1955.2
49143,68700,69033,19557,333,1,7200,59.7297297297
49144,68715,68794,19571,79,1,7200,248.734177215
49144,68705,69033,19561,328,1,7200,60.637195122
49144,68710,68712,19566,2,1,7200,1956.8
49145,68725,68727,19580,2,1,7200,1958.2
49145,68720,69034,19575,314,1,7200,63.3407643312
49145,68736,69039,19591,303,1,7200,65.6567656766
49145,68730,68752,19585,22,1,7200,891.227272727
49146,68741,69039,19595,298,1,7200,66.755033557
49146,68744,69040,19598,296,1,7200,67.2094594595
49147,68756,69040,19609,284,1,7200,70.0457746479
49147,68750,68773,19603,23,1,7200,853.304347826
49147,68751,68753,19604,2,1,7200,1960.6
49148,68771,68776,19623,5,1,7200,1962.8
49148,68766,68773,19618,7,1,7200,1962.5
49148,68761,69029,19613,268,1,7200,74.1828358209
49148,68776,68781,19628,5,1,7200,1963.3
49149,68792,68797,19643,5,1,7200,1964.8
49149,68782,68788,19633,6,1,7200,1963.9
49149,68797,68944,19648,147,1,7200,134.659863946
49150,68812,68830,19662,18,1,7200,1093.33333333
49150,68802,68804,19652,2,1,7200,1965.4
49150,68807,68944,19657,137,1,7200,144.481751825
49151,68817,69040,19666,223,1,7200,89.1883408072
49151,68822,69034,19671,212,1,7200,93.7877358491
49152,68838,69034,19686,196,1,7200,101.43877551
49152,68832,69040,19680,208,1,7200,95.6153846154
49152,68827,69040,19675,213,1,7200,93.3708920188
49152,68843,68854,19691,11,1,7200,1791.09090909
49153,68848,68849,19695,1,1,7200,1969.6
49153,68858,69040,19705,182,1,7200,109.269230769
49153,68853,69040,19700,187,1,7200,106.347593583
49154,68868,68873,19714,5,1,7200,1971.9
49154,68874,68925,19720,51,1,7200,387.666666667
49154,68873,68917,19719,44,1,7200,449.159090909
49154,68863,69034,19709,171,1,7200,116.257309942
49155,68884,68970,19729,86,1,7200,230.406976744
49156,68889,68922,19733,33,1,7200,598.96969697
49156,68899,69040,19743,141,1,7200,141.021276596
49156,68909,68911,19753,2,1,7200,1975.5
49156,68894,68897,19738,3,1,7200,1974.1
49157,68924,69040,19767,116,1,7200,171.405172414
49157,68914,68915,19757,1,1,7200,1975.8
49157,68919,69040,19762,121,1,7200,164.32231405
49158,68940,68942,19782,2,1,7200,1978.4
49158,68929,69040,19771,111,1,7200,179.117117117
49158,68935,68939,19777,4,1,7200,1978.1
49159,68955,68998,19796,43,1,7200,461.372093023
49159,68950,68951,19791,1,1,7200,1979.2
49159,68957,69040,19798,83,1,7200,239.530120482
49159,68945,68950,19786,5,1,7200,1979.1
49160,68965,68970,19805,5,1,7200,1981.0
49160,68972,68974,19812,2,1,7200,1981.4
49160,68960,68976,19800,16,1,7200,1238.5
49161,68982,69040,19821,58,1,7200,342.74137931
49161,68977,69040,19816,63,1,7200,315.53968254
49161,68987,68988,19826,1,1,7200,1982.7
49162,68998,69000,19836,2,1,7200,1983.8
49162,68992,69040,19830,48,1,7200,414.125
49162,68992,69036,19830,44,1,7200,451.681818182
49163,69003,69040,19840,37,1,7200,537.216216216
49163,69013,69040,19850,27,1,7200,736.185185185
49163,69008,69013,19845,5,1,7200,1985.0
49164,69032,69040,19868,8,1,7200,1987.6
49164,69027,69040,19863,13,1,7200,1528.92307692
49164,69022,69040,19858,18,1,7200,1104.22222222
49165,69043,69044,19878,1,1,7200,1987.9
49165,69049,69050,19884,1,1,7200,1988.5
49165,69038,69040,19873,2,1,7200,1987.5
49166,69065,69066,19899,1,1,7200,1990.0
49166,69054,69055,19888,1,1,7200,1988.9
49166,69060,69061,19894,1,1,7200,1989.5
49948,49956,52209,8,2253,20,10799,1.00355082113
49988,49996,52652,8,2656,20,10799,1.00301204819
50031,50038,52859,7,2821,20,10799,1.00248138958
51171,339442,360028,288271,20586,20,86399,15.0032546391
51214,339450,374259,288236,34809,20,86399,9.28050216898
51796,339458,351846,287662,12388,20,86399,24.2210203423
52130,394244,428235,342114,33991,20,86399,11.0648406931
55372,55380,55596,8,216,8,3600,1.03703703704
55597,55603,55827,6,224,8,3600,1.02678571429
55992,55999,57559,7,1560,8,3600,1.00448717949
57416,57423,57644,7,221,8,3600,1.03167420814
57921,339723,342132,281802,2409,2,3600,117.97882939
70083,70090,70092,7,2,1,7200,1.0
70084,70113,70114,29,1,1,7200,3.0
70084,70108,70696,24,588,1,7200,1.04081632653
70084,70095,70096,11,1,1,7200,1.2
70084,70102,70103,18,1,1,7200,1.9
70085,70119,70120,34,1,1,7200,3.5
70085,70125,70126,40,1,1,7200,4.1
70085,70130,70131,45,1,1,7200,4.6
70086,70141,70142,55,1,1,7200,5.6
70086,70136,70137,50,1,1,7200,5.1
70087,70158,70465,71,307,1,7200,1.23127035831
70087,70152,70226,65,74,1,7200,1.87837837838
70087,70164,70165,77,1,1,7200,7.8
70088,70186,70257,98,71,1,7200,2.38028169014
70088,70180,70197,92,17,1,7200,6.41176470588
70088,70169,70170,81,1,1,7200,8.2
70089,70191,70323,102,132,1,7200,1.77272727273
70089,70197,70200,108,3,1,7200,11.1
70089,70202,70203,113,1,1,7200,11.4
70090,70213,70214,123,1,1,7200,12.4
70090,70219,70220,129,1,1,7200,13.0
70090,70208,70224,118,16,1,7200,8.375
70091,70242,71142,151,900,1,7200,1.16777777778
70091,70230,70283,139,53,1,7200,3.62264150943
70091,70236,70733,145,497,1,7200,1.29175050302
70092,70253,70264,161,11,1,7200,15.6363636364
70092,70258,77499,166,7241,1,7200,1.02292501036
70092,70247,76524,155,6277,1,7200,1.02469332484
70093,70270,70271,177,1,1,7200,17.8
70093,70282,70283,189,1,1,7200,19.0
70093,70265,70851,172,586,1,7200,1.29351535836
70093,70276,71050,183,774,1,7200,1.23643410853
70094,70298,70299,204,1,1,7200,20.5
70094,70293,77538,199,7245,1,7200,1.02746721877
70094,70287,70288,193,1,1,7200,19.4
70095,70316,70317,221,1,1,7200,22.2
70095,70321,70324,226,3,1,7200,22.9
70095,70309,70311,214,2,1,7200,21.6
70095,70304,70314,209,10,1,7200,21.9
70096,70339,77550,243,7211,1,7200,1.03369851616
70096,70327,70329,231,2,1,7200,23.3
70096,70345,70346,249,1,1,7200,25.0
70097,70351,70367,254,16,1,7200,16.875
70097,70356,70364,259,8,1,7200,26.7
70098,70379,70380,281,1,1,7200,28.2
70098,70373,70400,275,27,1,7200,11.1851851852
70098,70367,70398,269,31,1,7200,9.67741935484
70099,70384,70470,285,86,1,7200,4.31395348837
70099,70390,70391,291,1,1,7200,29.2
70099,70395,70397,296,2,1,7200,29.8
70100,70407,70439,307,32,1,7200,10.59375
70100,70418,70458,318,40,1,7200,8.95
70100,70401,71083,301,682,1,7200,1.44134897361
70100,70412,70416,312,4,1,7200,31.6
70101,70423,70425,322,2,1,7200,32.4
70101,70429,70430,328,1,1,7200,32.9
70101,70434,70435,333,1,1,7200,33.4
70101,70440,70447,339,7,1,7200,34.6
70102,70451,70464,349,13,1,7200,27.8461538462
70102,70445,70447,343,2,1,7200,34.5
70102,70456,77666,354,7210,1,7200,1.04909847434
70103,70467,70470,364,3,1,7200,36.7
70103,70462,73188,359,2726,1,7200,1.1316947909
70103,70473,70482,370,9,1,7200,37.9
70104,70478,70499,374,21,1,7200,18.8095238095
70104,70495,70533,391,38,1,7200,11.2894736842
70104,70489,73281,385,2792,1,7200,1.13789398281
70105,70506,70507,401,1,1,7200,40.2
70105,70511,70512,406,1,1,7200,40.7
70105,70500,70517,395,17,1,7200,24.2352941176
70106,70517,70519,411,2,1,7200,41.3
70106,70534,70535,428,1,1,7200,42.9
70106,70522,71038,416,516,1,7200,1.80620155039
70107,70539,70540,432,1,1,7200,43.3
70107,70550,70554,443,4,1,7200,44.7
70108,70561,70595,453,34,1,7200,14.3235294118
70109,70578,72155,469,1577,1,7200,1.29740012682
70109,70572,70573,463,1,1,7200,46.4
70109,70589,70592,480,3,1,7200,48.3
70110,70595,70597,485,2,1,7200,48.7
70110,70600,70601,490,1,1,7200,49.1
70110,70606,70718,496,112,1,7200,5.42857142857
70111,70623,70932,512,309,1,7200,2.6569579288
70111,70617,70655,506,38,1,7200,14.3157894737
70111,70628,77848,517,7220,1,7200,1.0716066482
70112,70650,70651,538,1,1,7200,53.9
70112,70634,70652,522,18,1,7200,30.0
70112,70639,70659,527,20,1,7200,27.35
70113,70661,70662,548,1,1,7200,54.9
70113,70667,75495,554,4828,1,7200,1.11474730737
70113,70656,70659,543,3,1,7200,54.6
70114,70673,70675,559,2,1,7200,56.1
70114,70678,70679,564,1,1,7200,56.5
70114,70684,73725,570,3041,1,7200,1.18743834265
70115,70689,70692,574,3,1,7200,57.7
70115,70701,70702,586,1,1,7200,58.7
70115,70706,70708,591,2,1,7200,59.3
70115,70695,72628,580,1933,1,7200,1.30005173306
70116,70712,71571,596,859,1,7200,1.69383003492
70116,70718,70768,602,50,1,7200,13.04
70116,70723,70875,607,152,1,7200,4.99342105263
70117,70729,70730,612,1,1,7200,61.3
70117,70734,70735,617,1,1,7200,61.8
70117,70745,70955,628,210,1,7200,3.99047619048
70118,70762,70763,644,1,1,7200,64.5
70118,70751,70753,633,2,1,7200,63.5
70118,70757,70782,639,25,1,7200,26.56
70119,70779,70780,660,1,1,7200,66.1
70119,70773,70790,654,17,1,7200,39.4705882353
70119,70768,70809,649,41,1,7200,16.8292682927
70120,70785,70802,665,17,1,7200,40.1176470588
70120,70796,70799,676,3,1,7200,67.9
70120,70790,70798,670,8,1,7200,67.8
70121,70813,70816,692,3,1,7200,69.5
70121,70818,70845,697,27,1,7200,26.8148148148
70121,70802,74736,681,3934,1,7200,1.17310625318
70122,70830,70832,708,2,1,7200,71.0
70122,70835,70836,713,1,1,7200,71.4
70122,70824,70862,702,38,1,7200,19.4736842105
70122,70841,73854,719,3013,1,7200,1.2386325921
70123,70857,70858,734,1,1,7200,73.5
70123,70846,70848,723,2,1,7200,72.5
70123,70852,70917,729,65,1,7200,12.2153846154
70124,70870,70897,746,27,1,7200,28.6296296296
70124,70881,70883,757,2,1,7200,75.9
70124,70875,70877,751,2,1,7200,75.3
70124,70863,70865,739,2,1,7200,74.1
70125,70892,70894,767,2,1,7200,76.9
70125,70887,71740,762,853,1,7200,1.89331770223
70126,70898,71149,772,251,1,7200,4.07569721116
70126,70903,71241,777,338,1,7200,3.29881656805
70126,70914,70915,788,1,1,7200,78.9
70127,70920,72259,793,1339,1,7200,1.59223300971
70127,70931,70932,804,1,1,7200,80.5
70128,70936,70937,808,1,1,7200,80.9
70128,70942,70943,814,1,1,7200,81.5
70128,70947,70948,819,1,1,7200,82.0
70128,70953,70956,825,3,1,7200,82.8
70129,70959,70960,830,1,1,7200,83.1
70129,70964,70966,835,2,1,7200,83.7
70129,70970,71000,841,30,1,7200,29.0333333333
70130,70975,73432,845,2457,1,7200,1.34391534392
70130,70986,71079,856,93,1,7200,10.2043010753
70130,70981,71085,851,104,1,7200,9.18269230769
70131,70992,71500,861,508,1,7200,2.69488188976
70131,71003,71004,872,1,1,7200,87.3
70132,71020,77468,888,6448,1,7200,1.13771712159
70132,71014,71019,882,5,1,7200,88.7
70133,71031,71039,898,8,1,7200,90.6
70133,71025,71026,892,1,1,7200,89.3
70134,71053,71056,919,3,1,7200,92.2
70134,71042,71043,908,1,1,7200,90.9
70134,71048,71282,914,234,1,7200,4.90598290598
70135,71075,71076,940,1,1,7200,94.1
70135,71064,71065,929,1,1,7200,93.0
70135,71059,71060,924,1,1,7200,92.5
70136,71086,71087,950,1,1,7200,95.1
70136,71081,71082,945,1,1,7200,94.6
70137,71103,71293,966,190,1,7200,6.08421052632
70137,71092,72033,955,941,1,7200,2.01487778959
70138,71120,71361,982,241,1,7200,5.07468879668
70138,71114,71115,976,1,1,7200,97.7
70138,71125,72162,987,1037,1,7200,1.95178399229
70138,71109,71213,971,104,1,7200,10.3365384615
70140,71160,71173,1020,13,1,7200,79.4615384615
70140,71154,71155,1014,1,1,7200,101.5
70140,71148,73845,1008,2697,1,7200,1.37374860957
70141,71165,71168,1024,3,1,7200,102.7
70141,71171,71172,1030,1,1,7200,103.1
70141,71177,71226,1036,49,1,7200,22.1428571429
70142,71182,71183,1040,1,1,7200,104.1
70142,71188,71191,1046,3,1,7200,104.9
70142,71193,71194,1051,1,1,7200,105.2
70143,71210,71211,1067,1,1,7200,106.8
70143,71204,71205,1061,1,1,7200,106.2
70143,71199,71377,1056,178,1,7200,6.93258426966
70144,71221,71408,1077,187,1,7200,6.75935828877
70144,71232,75323,1088,4091,1,7200,1.26594964556
70145,71238,71299,1093,61,1,7200,18.9180327869
70145,71243,71247,1098,4,1,7200,110.2
70145,71249,71399,1104,150,1,7200,8.36
70146,71255,71256,1109,1,1,7200,111.0
70146,71271,71275,1125,4,1,7200,112.9
70146,71260,71296,1114,36,1,7200,31.9444444444
70147,71277,71278,1130,1,1,7200,113.1
70147,71282,76269,1135,4987,1,7200,1.22759173852
70147,71288,71308,1141,20,1,7200,58.05
70148,71305,71595,1157,290,1,7200,4.98965517241
70148,71299,71300,1151,1,1,7200,115.2
70149,71327,71328,1178,1,1,7200,117.9
70149,71310,71314,1161,4,1,7200,116.5
70150,71339,71340,1189,1,1,7200,119.0
70150,71344,71346,1194,2,1,7200,119.6
70150,71333,71946,1183,613,1,7200,2.92985318108
70151,71361,71412,1210,51,1,7200,24.7254901961
70151,71350,71495,1199,145,1,7200,9.26896551724
70151,71366,71367,1215,1,1,7200,121.6
70151,71355,71356,1204,1,1,7200,120.5
70152,71383,72095,1231,712,1,7200,2.72893258427
70152,71377,71442,1225,65,1,7200,19.8461538462
70152,71372,71373,1220,1,1,7200,122.1
70153,71388,71389,1235,1,1,7200,123.6
70153,71399,71400,1246,1,1,7200,124.7
70154,71416,71933,1262,517,1,7200,3.44100580271
70155,71422,71423,1267,1,1,7200,126.8
70155,71428,74429,1273,3001,1,7200,1.42419193602
70155,71433,71565,1278,132,1,7200,10.6818181818
70156,71456,72221,1300,765,1,7200,2.69934640523
70156,71439,72230,1283,791,1,7200,2.62199747155
70156,71450,71453,1294,3,1,7200,129.7
70157,71462,71472,1305,10,1,7200,131.5
70157,71468,71690,1311,222,1,7200,6.90540540541
70157,71473,71474,1316,1,1,7200,131.7
70158,71484,72568,1326,1084,1,7200,2.22324723247
70158,71479,71486,1321,7,1,7200,132.8
70158,71490,71502,1332,12,1,7200,112.0
70159,71496,72315,1337,819,1,7200,2.63247863248
70159,71513,71514,1354,1,1,7200,135.5
70159,71507,71510,1348,3,1,7200,135.1
70159,71501,74787,1342,3286,1,7200,1.40839926963
70160,71524,72044,1364,520,1,7200,3.62307692308
70160,71530,71531,1370,1,1,7200,137.1
70161,71535,71536,1374,1,1,7200,137.5
70161,71552,71554,1391,2,1,7200,139.3
70161,71547,75624,1386,4077,1,7200,1.33995584989
70161,71541,71542,1380,1,1,7200,138.1
70162,71558,71560,1396,2,1,7200,139.8
70162,71570,71574,1408,4,1,7200,141.2
70163,71592,71685,1429,93,1,7200,16.3655913978
70163,71576,72089,1413,513,1,7200,3.75438596491
70163,71581,72212,1418,631,1,7200,3.24722662441
70163,71587,71593,1424,6,1,7200,143.0
70164,71604,71605,1440,1,1,7200,144.1
70164,71610,72340,1446,730,1,7200,2.98082191781
70164,71598,71600,1434,2,1,7200,143.6
70165,71615,71638,1450,23,1,7200,64.0434782609
70165,71621,71651,1456,30,1,7200,49.5333333333
70165,71627,71633,1462,6,1,7200,146.8
70166,71639,74284,1473,2645,1,7200,1.55689981096
70166,71633,73689,1467,2056,1,7200,1.71352140078
70166,71650,72224,1484,574,1,7200,3.58536585366
70166,71644,71645,1478,1,1,7200,147.9
70167,71661,71662,1494,1,1,7200,149.5
70167,71655,71674,1488,19,1,7200,79.3157894737
70167,71666,72641,1499,975,1,7200,2.53743589744
70168,71689,71690,1521,1,1,7200,152.2
70168,71683,72013,1515,330,1,7200,5.59090909091
70168,71678,72711,1510,1033,1,7200,2.46176185866
70168,71672,71675,1504,3,1,7200,150.7
70169,71706,71726,1537,20,1,7200,77.85
70169,71700,71701,1531,1,1,7200,153.2
70169,71694,71695,1525,1,1,7200,152.6
70170,71716,71718,1546,2,1,7200,154.8
70170,71711,71712,1541,1,1,7200,154.2
70170,71722,71731,1552,9,1,7200,156.1
70171,71739,72076,1568,337,1,7200,5.6528189911
70171,71745,71838,1574,93,1,7200,17.9247311828
70171,71727,71775,1556,48,1,7200,33.4166666667
70171,71733,71741,1562,8,1,7200,157.0
70172,71751,71974,1579,223,1,7200,8.08071748879
70172,71756,71757,1584,1,1,7200,158.5
70172,71762,72318,1590,556,1,7200,3.85971223022
70173,71785,71934,1612,149,1,7200,11.8187919463
70173,71768,71791,1595,23,1,7200,70.347826087
70173,71779,71780,1606,1,1,7200,160.7
70173,71773,71793,1600,20,1,7200,81.0
70174,71802,71803,1628,1,1,7200,162.9
70174,71807,74185,1633,2378,1,7200,1.68671152229
70174,71796,71806,1622,10,1,7200,163.2
70176,71835,72114,1659,279,1,7200,6.94623655914
70176,71824,71879,1648,55,1,7200,30.9636363636
70177,71841,71848,1664,7,1,7200,167.1
70177,71847,71849,1670,2,1,7200,167.2
70177,71853,73432,1676,1579,1,7200,2.06143128562
70178,71864,71914,1686,50,1,7200,34.72
70178,71858,71866,1680,8,1,7200,168.8
70178,71869,71875,1691,6,1,7200,169.7
70179,71886,71918,1707,32,1,7200,54.34375
70179,71875,72002,1696,127,1,7200,14.3543307087
70179,71880,71881,1701,1,1,7200,170.2
70179,71891,71894,1712,3,1,7200,171.5
70180,71908,77171,1728,5263,1,7200,1.3283298499
70180,71902,77285,1722,5383,1,7200,1.31989596879
70180,71897,71911,1717,14,1,7200,123.642857143
70181,71914,72780,1733,866,1,7200,3.00115473441
70181,71925,72298,1744,373,1,7200,5.67560321716
70182,71937,76773,1755,4836,1,7200,1.36290322581
70182,71943,71946,1761,3,1,7200,176.4
70182,71932,74268,1750,2336,1,7200,1.74914383562
70183,71949,71955,1766,6,1,7200,177.2
70183,71960,71963,1777,3,1,7200,178.0
70183,71954,72852,1771,898,1,7200,2.97216035635
70184,74224,74227,4040,3,1,7200,404.3
70184,74241,74244,4057,3,1,7200,406.0
70184,74235,74241,4051,6,1,7200,405.7
70184,74229,74230,4045,1,1,7200,404.6
70185,74246,77511,4061,3265,1,7200,2.24379785605
70185,74258,74261,4073,3,1,7200,407.6
70186,74263,74267,4077,4,1,7200,408.1
70186,74269,74461,4083,192,1,7200,22.265625
70187,74293,74310,4106,17,1,7200,242.529411765
70187,74287,74845,4100,558,1,7200,8.3476702509
70187,74280,74319,4093,39,1,7200,105.948717949
70188,74304,75780,4116,1476,1,7200,3.78861788618
70188,74298,74313,4110,15,1,7200,275.0
70189,74338,77247,4149,2909,1,7200,2.42626332073
70189,74327,74331,4138,4,1,7200,414.2
70190,74344,75782,4154,1438,1,7200,3.88873435327
70190,74350,74370,4160,20,1,7200,209.0
70190,74356,74359,4166,3,1,7200,416.9
70191,74382,74387,4191,5,1,7200,419.6
70191,74365,74468,4174,103,1,7200,41.5242718447
70191,74377,74388,4186,11,1,7200,381.545454545
70191,74371,76430,4180,2059,1,7200,3.03011170471
70192,74393,75132,4201,739,1,7200,6.68470906631
70192,74388,76124,4196,1736,1,7200,3.41705069124
70193,74416,74483,4223,67,1,7200,64.0298507463
70193,74405,77240,4212,2835,1,7200,2.48571428571
70193,74410,74646,4217,236,1,7200,18.8686440678
70193,74399,74401,4206,2,1,7200,420.8
70194,74438,75432,4244,994,1,7200,5.26961770624
70194,74433,74434,4239,1,1,7200,424.0
70195,74444,74512,4249,68,1,7200,63.4852941176
70195,74450,74534,4255,84,1,7200,51.6547619048
70196,74467,74968,4271,501,1,7200,9.5249500998
70196,74481,74485,4285,4,1,7200,428.9
70196,74461,74567,4265,106,1,7200,41.2358490566
70197,74487,74492,4290,5,1,7200,429.5
70197,74492,74496,4295,4,1,7200,429.9
70198,75559,76253,5361,694,1,7200,8.72478386167
70198,75553,75690,5355,137,1,7200,40.0875912409
70199,75571,75579,5372,8,1,7200,538.0
70199,75576,75584,5377,8,1,7200,538.5
70199,75565,75667,5366,102,1,7200,53.6078431373
70200,75587,77365,5387,1778,1,7200,4.0298087739
70200,75593,75676,5393,83,1,7200,65.9759036145
70200,75582,77064,5382,1482,1,7200,4.63157894737
70201,75610,76532,5409,922,1,7200,6.86659436009
70201,75598,76115,5397,517,1,7200,11.4390715667
70202,72002,74639,1800,2637,1,7200,1.68259385666
70202,75616,75627,5414,11,1,7200,493.181818182
70202,71996,71997,1794,1,1,7200,179.5
70203,72008,72729,1805,721,1,7200,3.50346740638
70204,72013,72272,1809,259,1,7200,7.98455598456
70205,72032,72951,1827,919,1,7200,2.9880304679
70205,72019,72081,1814,62,1,7200,30.2580645161
70206,72037,72038,1831,1,1,7200,183.2
70206,72048,72167,1842,119,1,7200,16.4789915966
70207,72054,72055,1847,1,1,7200,184.8
70207,72059,72063,1852,4,1,7200,185.6
70207,72065,72072,1858,7,1,7200,186.5
70208,72070,74392,1862,2322,1,7200,1.80189491817
70208,72076,72077,1868,1,1,7200,186.9
70209,72087,72123,1878,36,1,7200,53.1666666667
70209,72081,72796,1872,715,1,7200,3.61818181818
70210,72103,72105,1893,2,1,7200,189.5
70210,72098,72099,1888,1,1,7200,188.9
70211,72126,72130,1915,4,1,7200,191.9
70211,72114,72117,1903,3,1,7200,190.6
70211,72120,72270,1909,150,1,7200,13.7266666667
70212,72131,72135,1919,4,1,7200,192.3
70212,72137,72140,1925,3,1,7200,192.8
70213,72148,72155,1935,7,1,7200,194.2
70213,72153,72157,1940,4,1,7200,194.4
70213,72142,72308,1929,166,1,7200,12.6204819277
70214,72159,72191,1945,32,1,7200,61.78125
70215,72181,72186,1966,5,1,7200,197.1
70215,72170,72173,1955,3,1,7200,195.8
70216,72192,72193,1976,1,1,7200,197.7
70216,72197,72198,1981,1,1,7200,198.2
70216,72186,72212,1970,26,1,7200,76.7692307692
70217,72214,72686,1997,472,1,7200,5.23093220339
70217,72220,72591,2003,371,1,7200,6.39892183288
70217,72203,72206,1986,3,1,7200,198.9
70217,72208,72370,1991,162,1,7200,13.2901234568
70218,72231,72673,2013,442,1,7200,5.55429864253
70218,72236,73153,2018,917,1,7200,3.20065430752
70218,72225,72231,2007,6,1,7200,201.3
70219,72242,72244,2023,2,1,7200,202.5
70219,72247,72259,2028,12,1,7200,170.0
70220,72258,72498,2038,240,1,7200,9.49166666667
70220,72264,72265,2044,1,1,7200,204.5
70221,72275,72276,2054,1,1,7200,205.5
70221,72270,72277,2049,7,1,7200,205.6
70221,72281,73014,2060,733,1,7200,3.81036834925
70222,72286,72389,2064,103,1,7200,21.0388349515
70222,72292,72306,2070,14,1,7200,148.857142857
70222,72297,72300,2075,3,1,7200,207.8
70223,72314,72539,2091,225,1,7200,10.2933333333
70223,72303,72306,2080,3,1,7200,208.3
70223,72309,72313,2086,4,1,7200,209.0
70224,72320,72328,2096,8,1,7200,210.4
70224,72331,72335,2107,4,1,7200,211.1
70224,72326,72475,2102,149,1,7200,15.1073825503
70225,72337,72625,2112,288,1,7200,8.33333333333
70226,72342,72459,2116,117,1,7200,19.0854700855
70226,72353,72359,2127,6,1,7200,213.3
70227,72365,73698,2138,1333,1,7200,2.60390097524
70227,72359,72580,2132,221,1,7200,10.6470588235
70227,72370,72379,2143,9,1,7200,215.2
70228,72392,72393,2164,1,1,7200,216.5
70228,72381,72385,2153,4,1,7200,215.7
70228,72387,72406,2159,19,1,7200,114.631578947
70229,72403,72986,2174,583,1,7200,4.72898799314
70229,72398,72404,2169,6,1,7200,217.5
70229,72409,74777,2180,2368,1,7200,1.92060810811
70230,72420,73002,2190,582,1,7200,4.76288659794
70230,72426,72427,2196,1,1,7200,219.7
70231,72431,72434,2200,3,1,7200,220.3
70232,72444,72445,2212,1,1,7200,221.3
70232,72449,72450,2217,1,1,7200,221.8
70232,72455,72457,2223,2,1,7200,222.5
70233,72460,72461,2227,1,1,7200,222.8
70233,72466,72469,2233,3,1,7200,223.6
70233,72471,72472,2238,1,1,7200,223.9
70234,72477,72648,2243,171,1,7200,14.1169590643
70234,72488,72574,2254,86,1,7200,27.2093023256
70235,72505,73040,2270,535,1,7200,5.24299065421
70235,72494,72497,2259,3,1,7200,226.2
70235,72499,72534,2264,35,1,7200,65.6857142857
70236,72522,73816,2286,1294,1,7200,2.76661514683
70236,72511,73401,2275,890,1,7200,3.55617977528
70236,72516,74992,2280,2476,1,7200,1.92084006462
70237,72533,72835,2296,302,1,7200,8.60264900662
70237,72538,73933,2301,1395,1,7200,2.64946236559
70238,72544,72577,2306,33,1,7200,70.8787878788
70239,72555,72556,2316,1,1,7200,231.7
70239,72561,72615,2322,54,1,7200,44.0
70239,72566,72567,2327,1,1,7200,232.8
70240,72572,72610,2332,38,1,7200,62.3684210526
70241,72588,72589,2347,1,1,7200,234.8
70241,72600,74891,2359,2291,1,7200,2.02968136185
70241,72594,72665,2353,71,1,7200,34.1408450704
70242,72605,73135,2363,530,1,7200,5.45849056604
70243,72611,72613,2368,2,1,7200,237.0
70243,72616,72617,2373,1,1,7200,237.4
70243,72622,72699,2379,77,1,7200,31.8961038961
70244,72633,72635,2389,2,1,7200,239.1
70244,72644,72941,2400,297,1,7200,9.08080808081
70245,72660,74055,2415,1395,1,7200,2.7311827957
70245,72655,72658,2410,3,1,7200,241.3
70245,72649,74721,2404,2072,1,7200,2.16023166023
70246,72672,72680,2426,8,1,7200,243.4
70246,72666,73109,2420,443,1,7200,6.46275395034
70247,72677,72678,2430,1,1,7200,243.1
70247,72688,74010,2441,1322,1,7200,2.84644478064
70248,72699,72702,2451,3,1,7200,245.4
70249,72710,72714,2461,4,1,7200,246.5
70249,72716,72724,2467,8,1,7200,247.5
70250,72721,72725,2471,4,1,7200,247.5
70250,72732,72733,2482,1,1,7200,248.3
70251,72738,73092,2487,354,1,7200,8.02542372881
70251,72744,72750,2493,6,1,7200,249.9
70252,72760,72764,2508,4,1,7200,251.2
70252,72749,72960,2497,211,1,7200,12.8341232227
70253,72766,72840,2513,74,1,7200,34.9594594595
70253,72772,72773,2519,1,1,7200,252.0
70254,72789,73036,2535,247,1,7200,11.2631578947
70254,72777,74025,2523,1248,1,7200,3.02163461538
70254,72783,73222,2529,439,1,7200,6.76082004556
70255,72794,72799,2539,5,1,7200,254.4
70255,72800,72810,2545,10,1,7200,255.5
70256,72805,72810,2549,5,1,7200,255.4
70256,72817,72821,2561,4,1,7200,256.5
70256,72811,72830,2555,19,1,7200,135.473684211
70257,72833,73231,2576,398,1,7200,7.47236180905
70257,72828,72829,2571,1,1,7200,257.2
70257,72822,72823,2565,1,1,7200,256.6
70258,72844,72871,2586,27,1,7200,96.7777777778
70258,72850,72928,2592,78,1,7200,34.2307692308
70259,72861,72863,2602,2,1,7200,260.4
70259,72856,72902,2597,46,1,7200,57.4565217391
70260,72872,72873,2612,1,1,7200,261.3
70260,72867,72870,2607,3,1,7200,261.0
70261,72878,74744,2617,1866,1,7200,2.40246516613
70261,72883,72888,2622,5,1,7200,262.7
70261,72889,73099,2628,210,1,7200,13.5142857143
70262,72894,73066,2632,172,1,7200,16.3023255814
70262,72900,72901,2638,1,1,7200,263.9
70263,72916,72917,2653,1,1,7200,265.4
70263,72922,72923,2659,1,1,7200,266.0
70263,72911,72914,2648,3,1,7200,265.1
70264,72933,73322,2669,389,1,7200,7.86118251928
70265,72944,74405,2679,1461,1,7200,2.83367556468
70266,72961,73340,2695,379,1,7200,8.11081794195
70266,72955,72956,2689,1,1,7200,269.0
70267,72978,73026,2711,48,1,7200,57.4791666667
70267,72967,72971,2700,4,1,7200,270.4
70267,72972,72974,2705,2,1,7200,270.7
70268,72983,73088,2715,105,1,7200,26.8571428571
70268,72994,72996,2726,2,1,7200,272.8
70269,73005,73978,2736,973,1,7200,3.81192189106
70269,73000,77781,2731,4781,1,7200,1.57121941017
70270,73027,73028,2757,1,1,7200,275.8
70270,73022,73046,2752,24,1,7200,115.666666667
70270,73016,73017,2746,1,1,7200,274.7
70271,73038,73192,2767,154,1,7200,18.9675324675
70271,73033,73487,2762,454,1,7200,7.08370044053
70272,73044,73161,2772,117,1,7200,24.6923076923
70272,73049,73257,2777,208,1,7200,14.3509615385
70273,73060,77716,2787,4656,1,7200,1.59858247423
70273,73066,74638,2793,1572,1,7200,2.77671755725
70273,73071,73072,2798,1,1,7200,279.9
70274,73088,73090,2814,2,1,7200,281.6
70274,73083,73151,2809,68,1,7200,42.3088235294
70275,73094,73095,2819,1,1,7200,282.0
70275,73100,73101,2825,1,1,7200,282.6
70276,73105,73612,2829,507,1,7200,6.5798816568
70276,73111,73112,2835,1,1,7200,283.6
70277,73127,73230,2850,103,1,7200,28.6699029126
70277,73122,73124,2845,2,1,7200,284.7
70277,73116,73117,2839,1,1,7200,284.0
70278,73144,73192,2866,48,1,7200,60.7083333333
70278,73133,73134,2855,1,1,7200,285.6
70279,73155,73183,2876,28,1,7200,103.714285714
70279,73161,75158,2882,1997,1,7200,2.44316474712
70280,73166,74516,2886,1350,1,7200,3.13777777778
70280,73172,73174,2892,2,1,7200,289.4
70280,73177,73437,2897,260,1,7200,12.1423076923
70281,73194,73195,2913,1,1,7200,291.4
70281,73189,73190,2908,1,1,7200,290.9
70281,73183,73915,2902,732,1,7200,4.96448087432
70282,73205,73671,2923,466,1,7200,7.27253218884
70282,73200,74443,2918,1243,1,7200,3.34754625905
70283,73217,73774,2934,557,1,7200,6.26750448833
70283,73222,73226,2939,4,1,7200,294.3
70284,73233,73234,2949,1,1,7200,295.0
70284,73239,76810,2955,3571,1,7200,1.82749929992
70285,73255,73542,2970,287,1,7200,11.3484320557
70285,73249,73663,2964,414,1,7200,8.15942028986
70285,73244,73650,2959,406,1,7200,8.2881773399
70286,73293,73294,3007,1,1,7200,300.8
70286,73261,73405,2975,144,1,7200,21.6597222222
70286,73298,73388,3012,90,1,7200,34.4666666667
70287,73304,73319,3017,15,1,7200,202.133333333
70287,73310,73339,3023,29,1,7200,105.24137931
70288,73327,73567,3039,240,1,7200,13.6625
70288,73316,73321,3028,5,1,7200,303.3
70288,73321,73356,3033,35,1,7200,87.6571428571
70289,73333,73334,3044,1,1,7200,304.5
70289,73344,73541,3055,197,1,7200,16.5076142132
70290,73350,73372,3060,22,1,7200,140.090909091
70290,73356,73359,3066,3,1,7200,306.9
70291,73372,73447,3081,75,1,7200,42.08
70291,73378,73520,3087,142,1,7200,22.7394366197
70292,73395,73398,3103,3,1,7200,310.6
70292,73389,73930,3097,541,1,7200,6.72458410351
70292,73383,75123,3091,1740,1,7200,2.77643678161
70293,73400,73890,3107,490,1,7200,7.34081632653
70294,73412,73413,3118,1,1,7200,311.9
70294,73417,73421,3123,4,1,7200,312.7
70295,73429,73430,3134,1,1,7200,313.5
70295,73440,73441,3145,1,1,7200,314.6
70296,73451,73496,3155,45,1,7200,71.1111111111
70296,73445,73446,3149,1,1,7200,315.0
70296,73457,73467,3161,10,1,7200,317.1
70297,73468,75484,3171,2016,1,7200,2.57291666667
70297,73462,73840,3165,378,1,7200,9.37301587302
70297,73473,73482,3176,9,1,7200,318.5
70298,73484,73787,3186,303,1,7200,11.5148514851
70298,73490,73491,3192,1,1,7200,319.3
70298,73479,73537,3181,58,1,7200,55.8448275862
70299,73496,77717,3197,4221,1,7200,1.7574034589
70299,73502,73638,3203,136,1,7200,24.5514705882
70300,73507,73854,3207,347,1,7200,10.242074928
70300,73518,73719,3218,201,1,7200,17.0099502488
70300,73513,74378,3213,865,1,7200,4.71445086705
70301,73529,74488,3228,959,1,7200,4.36600625652
70301,73535,73537,3234,2,1,7200,323.6
70301,73524,73529,3223,5,1,7200,322.8
70302,73546,73547,3244,1,1,7200,324.5
70302,73540,75102,3238,1562,1,7200,3.07298335467
70303,73563,76156,3260,2593,1,7200,2.25723100656
70303,73557,73565,3254,8,1,7200,326.2
70304,73574,73575,3270,1,1,7200,327.1
70304,73568,77277,3264,3709,1,7200,1.88002156916
70305,73585,73611,3280,26,1,7200,127.153846154
70305,73579,73658,3274,79,1,7200,42.4430379747
70306,73591,73592,3285,1,1,7200,328.6
70306,73596,73601,3290,5,1,7200,329.5
70306,73602,73877,3296,275,1,7200,12.9854545455
70307,73607,74053,3300,446,1,7200,8.39910313901
70307,73613,73694,3306,81,1,7200,41.8148148148
70308,73630,73631,3322,1,1,7200,332.3
70308,73625,73637,3317,12,1,7200,277.416666667
70308,73636,73643,3328,7,1,7200,333.5
70309,73647,73715,3338,68,1,7200,50.0882352941
70309,73641,73765,3332,124,1,7200,27.8709677419
70311,73670,76125,3359,2455,1,7200,2.36822810591
70311,73675,73676,3364,1,1,7200,336.5
70311,73663,73771,3352,108,1,7200,32.037037037
70312,73692,73694,3380,2,1,7200,338.2
70312,73687,74914,3375,1227,1,7200,3.75061124694
70312,73681,73688,3369,7,1,7200,337.6
70313,73703,75151,3390,1448,1,7200,3.34116022099
70313,73698,73699,3385,1,1,7200,338.6
70314,73714,73715,3400,1,1,7200,340.1
70314,73720,73734,3406,14,1,7200,244.285714286
70315,73731,73737,3416,6,1,7200,342.2
70315,73737,73740,3422,3,1,7200,342.5
70315,73742,73743,3427,1,1,7200,342.8
70316,73753,73880,3437,127,1,7200,28.062992126
70316,73759,73763,3443,4,1,7200,344.7
70317,73775,74096,3458,321,1,7200,11.7725856698
70317,73764,73768,3447,4,1,7200,345.1
70317,73770,73775,3453,5,1,7200,345.8
70318,73786,73788,3468,2,1,7200,347.0
70318,73792,73840,3474,48,1,7200,73.375
70318,73781,74311,3463,530,1,7200,7.53396226415
70319,73798,73799,3479,1,1,7200,348.0
70319,73803,73807,3484,4,1,7200,348.8
70320,73820,73834,3500,14,1,7200,251.0
70320,73809,73814,3489,5,1,7200,349.4
70320,73815,74259,3495,444,1,7200,8.87162162162
70321,73826,75978,3505,2152,1,7200,2.62871747212
70321,73837,73838,3516,1,1,7200,351.7
70321,73831,73851,3510,20,1,7200,176.5
70322,73846,73851,3524,5,1,7200,352.9
70322,73857,76837,3535,2980,1,7200,2.18624161074
70323,73868,74107,3545,239,1,7200,15.8326359833
70324,73885,73886,3561,1,1,7200,356.2
70324,73874,73875,3550,1,1,7200,355.1
70324,73880,73898,3556,18,1,7200,198.555555556
70325,73902,73905,3577,3,1,7200,358.0
70325,73896,74134,3571,238,1,7200,16.0042016807
70326,73913,73914,3587,1,1,7200,358.8
70326,73918,73934,3592,16,1,7200,225.5
70326,73907,73963,3581,56,1,7200,64.9464285714
70327,73930,73931,3603,1,1,7200,360.4
70327,76912,76950,6585,38,1,7200,174.289473684
70328,76917,76974,6589,57,1,7200,116.596491228
70328,74190,74191,3862,1,1,7200,386.3
70329,74196,74217,3867,21,1,7200,185.142857143
70329,74207,74210,3878,3,1,7200,388.1
70330,74213,74317,3883,104,1,7200,38.3365384615
70330,74218,74230,3888,12,1,7200,325.0
70330,74498,74499,4168,1,1,7200,416.9
70331,74510,74511,4179,1,1,7200,418.0
70331,74504,75464,4173,960,1,7200,5.346875
70332,74527,75095,4195,568,1,7200,8.38556338028
70332,74515,74617,4183,102,1,7200,42.0098039216
70332,74521,74645,4189,124,1,7200,34.7822580645
70333,74532,74753,4199,221,1,7200,20.0
70333,74538,74941,4205,403,1,7200,11.4342431762
70334,74549,74550,4215,1,1,7200,421.6
70334,74543,74547,4209,4,1,7200,421.3
70335,74566,74567,4231,1,1,7200,423.2
70335,74555,74559,4220,4,1,7200,422.4
70336,74588,76672,4252,2084,1,7200,3.04030710173
70336,74583,77326,4247,2743,1,7200,2.54830477579
70336,74577,74582,4241,5,1,7200,424.6
70337,74594,75917,4257,1323,1,7200,4.21768707483
70338,74611,74630,4273,19,1,7200,225.894736842
70338,74617,74618,4279,1,1,7200,428.0
70339,74633,75118,4294,485,1,7200,9.85360824742
70339,74622,74626,4283,4,1,7200,428.7
70340,74639,76786,4299,2147,1,7200,3.00232883093
70340,74644,74731,4304,87,1,7200,50.4712643678
70341,74656,74657,4315,1,1,7200,431.6
70341,74650,74651,4309,1,1,7200,431.0
70342,74672,74673,4330,1,1,7200,433.1
70342,74667,74668,4325,1,1,7200,432.6
70342,74661,75191,4319,530,1,7200,9.14905660377
70343,74683,74699,4340,16,1,7200,272.25
70343,74689,74738,4346,49,1,7200,89.693877551
70343,74678,74683,4335,5,1,7200,434.0
70344,74706,75053,4362,347,1,7200,13.5706051873
70344,74700,74827,4356,127,1,7200,35.2992125984
70345,74711,74712,4366,1,1,7200,436.7
70345,74717,74723,4372,6,1,7200,437.8
70346,74728,74755,4382,27,1,7200,163.296296296
70347,74745,74851,4398,106,1,7200,42.4905660377
70348,74750,74867,4402,117,1,7200,38.6239316239
70348,74761,74762,4413,1,1,7200,441.4
70348,74756,74883,4408,127,1,7200,35.7086614173
70349,74767,74768,4418,1,1,7200,441.9
70349,74773,74775,4424,2,1,7200,442.6
70350,74784,74796,4434,12,1,7200,370.5
70350,74789,74796,4439,7,1,7200,444.6
70351,74795,74800,4444,5,1,7200,444.9
70351,74801,74802,4450,1,1,7200,445.1
70352,74806,75028,4454,222,1,7200,21.0630630631
70352,74817,74924,4465,107,1,7200,42.7289719626
70352,74812,74815,4460,3,1,7200,446.3
70353,74829,75692,4476,863,1,7200,6.1865585168
70353,74823,74824,4470,1,1,7200,447.1
70353,74834,74835,4481,1,1,7200,448.2
70354,74845,74846,4491,1,1,7200,449.2
70355,74857,75649,4502,792,1,7200,6.68434343434
70356,74885,74893,4529,8,1,7200,453.7
70356,74874,74881,4518,7,1,7200,452.5
70357,74891,74894,4534,3,1,7200,453.7
70358,74913,75153,4555,240,1,7200,19.9791666667
70358,74902,75016,4544,114,1,7200,40.8596491228
70359,74930,75676,4571,746,1,7200,7.1273458445
70360,74942,74956,4582,14,1,7200,328.285714286
70360,74948,74949,4588,1,1,7200,458.9
70361,74954,75049,4593,95,1,7200,49.3473684211
70361,74965,76337,4604,1372,1,7200,4.3556851312
70362,74976,74981,4614,5,1,7200,461.9
70363,74993,75023,4630,30,1,7200,155.333333333
70364,75010,75024,4646,14,1,7200,332.857142857
70364,75005,75013,4641,8,1,7200,464.9
70365,75033,75276,4668,243,1,7200,20.2098765432
70365,75027,75030,4662,3,1,7200,466.5
70366,75044,75053,4678,9,1,7200,468.7
70367,75056,77644,4689,2588,1,7200,2.81182380216
70367,75050,75531,4683,481,1,7200,10.735966736
70368,75072,75074,4704,2,1,7200,470.6
70368,75078,75137,4710,59,1,7200,80.8305084746
70369,75083,75084,4714,1,1,7200,471.5
70370,75105,75106,4735,1,1,7200,473.6
70370,75094,75773,4724,679,1,7200,7.95729013255
70370,75100,75149,4730,49,1,7200,97.5306122449
70371,75122,75123,4751,1,1,7200,475.2
70371,75117,75134,4746,17,1,7200,280.176470588
70371,75111,75619,4740,508,1,7200,10.3307086614
70372,75133,75137,4761,4,1,7200,476.5
70372,75139,76553,4767,1414,1,7200,4.37128712871
70373,75150,77473,4777,2323,1,7200,3.05639259578
70373,75145,75192,4772,47,1,7200,102.531914894
70374,75161,75882,4787,721,1,7200,7.63938973648
70375,75172,76420,4797,1248,1,7200,4.84375
70375,75178,75590,4803,412,1,7200,12.6577669903
70376,75189,75196,4813,7,1,7200,482.0
70376,75184,75878,4808,694,1,7200,7.92795389049
70377,75206,75840,4829,634,1,7200,8.6167192429
70377,75212,75213,4835,1,1,7200,483.6
70378,75218,75386,4840,168,1,7200,29.8095238095
70378,75230,75231,4852,1,1,7200,485.3
70378,75224,75454,4846,230,1,7200,22.0695652174
70379,75235,75478,4856,243,1,7200,20.9835390947
70380,75258,75261,4878,3,1,7200,488.1
70380,75246,75257,4866,11,1,7200,443.363636364
70381,75263,75269,4882,6,1,7200,488.8
70382,75280,76543,4898,1263,1,7200,4.87806809184
70382,75275,76360,4893,1085,1,7200,5.50967741935
70383,75302,75313,4919,11,1,7200,448.181818182
70383,75291,75296,4908,5,1,7200,491.3
70383,75297,75308,4914,11,1,7200,447.727272727
70384,75313,76247,4929,934,1,7200,6.27730192719
70384,75308,75532,4924,224,1,7200,22.9821428571
70385,75325,75342,4940,17,1,7200,291.588235294
70385,75358,77765,4973,2407,1,7200,3.06605733278
70385,75330,75335,4945,5,1,7200,495.0
70386,75369,75373,4983,4,1,7200,498.7
70386,75364,75972,4978,608,1,7200,9.1875
70387,75381,75536,4994,155,1,7200,33.2193548387
70387,75392,77359,5005,1967,1,7200,3.54448398577
70387,75386,75387,4999,1,1,7200,500.0
70388,75397,75407,5009,10,1,7200,501.9
70388,75408,75899,5020,491,1,7200,11.2240325866
70389,75420,75468,5031,48,1,7200,105.8125
70389,75425,75969,5036,544,1,7200,10.2573529412
70390,75431,75467,5041,36,1,7200,141.027777778
70390,75437,75468,5047,31,1,7200,163.806451613
70391,75449,75535,5058,86,1,7200,59.8139534884
70391,75455,76059,5064,604,1,7200,9.38410596026
70392,75466,75671,5074,205,1,7200,25.7512195122
70392,75472,75995,5080,523,1,7200,10.7131931166
70393,75483,76154,5090,671,1,7200,8.58569299553
70394,75489,75497,5095,8,1,7200,510.3
70394,75501,75516,5107,15,1,7200,341.466666667
70395,75513,75518,5118,5,1,7200,512.3
70396,75529,75549,5133,20,1,7200,257.65
70396,75524,75531,5128,7,1,7200,513.5
70397,75542,77274,5145,1732,1,7200,3.97055427252
70397,75536,76012,5139,476,1,7200,11.7962184874
76370,339406,345426,263036,6020,20,10799,44.6936877076
76432,339415,344734,262983,5319,20,10799,50.4421883813
76483,339423,343946,262940,4523,20,10799,59.1339818704
78795,78802,78810,7,8,1,25200,1.5
78795,78808,78812,13,4,1,25200,1.7
78795,78822,86113,27,7291,1,25200,1.00370319572
78795,78829,78834,34,5,1,25200,3.9
78796,78834,78839,38,5,1,25200,4.3
78796,78840,78845,44,5,1,25200,4.9
78796,78845,78850,49,5,1,25200,5.4
78796,78851,78852,55,1,1,25200,5.6
78797,78863,78867,66,4,1,25200,7.0
78797,78857,78861,60,4,1,25200,6.4
78797,78868,79235,71,367,1,25200,1.19346049046
78798,78880,78885,82,5,1,25200,8.7
78798,78886,78891,88,5,1,25200,9.3
78798,78892,78899,94,7,1,25200,10.1
78798,78874,81954,76,3080,1,25200,1.02467532468
78799,78898,78980,99,82,1,25200,2.20731707317
78799,78914,78932,115,18,1,25200,7.38888888889
78799,78903,79260,104,357,1,25200,1.29131652661
78799,78909,80085,110,1176,1,25200,1.09353741497
78800,78920,78925,120,5,1,25200,12.5
78800,78926,78993,126,67,1,25200,2.88059701493
78800,78931,78932,131,1,1,25200,13.2
78801,78953,82036,152,3083,1,25200,1.04930262731
78801,78948,79190,147,242,1,25200,1.60743801653
78801,78942,78943,141,1,1,25200,14.2
78801,78937,78941,136,4,1,25200,14.0
78802,78972,79035,170,63,1,25200,3.69841269841
78802,78965,99655,163,20690,1,25200,1.00787820203
78802,78959,90605,157,11646,1,25200,1.01348102353
78803,78984,83262,181,4278,1,25200,1.04230949042
78803,78990,78994,187,4,1,25200,19.1
78803,78977,99655,174,20678,1,25200,1.0084147403
78803,78995,86324,192,7329,1,25200,1.0261972984
78804,79013,99229,209,20216,1,25200,1.01033834586
78804,79002,79007,198,5,1,25200,20.3
78804,79008,79013,204,5,1,25200,20.9
78805,79036,79043,231,7,1,25200,23.8
78805,79020,79025,215,5,1,25200,22.0
78805,79031,79038,226,7,1,25200,23.3
78805,79025,79060,220,35,1,25200,7.28571428571
78806,79054,99655,248,20601,1,25200,1.01203825057
78806,79042,79045,236,3,1,25200,23.9
78806,79059,79064,253,5,1,25200,25.8
78806,79048,79058,242,10,1,25200,25.2
78807,79071,79103,264,32,1,25200,9.25
78807,79077,79081,270,4,1,25200,27.4
78807,79065,79129,258,64,1,25200,5.03125
78808,79084,79273,276,189,1,25200,2.46031746032
78808,79089,79200,281,111,1,25200,3.53153153153
78808,79096,79102,288,6,1,25200,29.4
78809,79101,79537,292,436,1,25200,1.66972477064
78809,79118,85137,309,6019,1,25200,1.05133743147
78809,79113,79118,304,5,1,25200,30.9
78809,79107,79108,298,1,1,25200,29.9
78810,79135,79155,325,20,1,25200,17.25
78810,79129,79281,319,152,1,25200,3.09868421053
78810,79141,79304,331,163,1,25200,3.03067484663
78811,79158,79163,347,5,1,25200,35.2
78811,79164,79185,353,21,1,25200,17.8095238095
78811,79147,79150,336,3,1,25200,33.9
78811,79153,79161,342,8,1,25200,35.0
78812,79175,79223,363,48,1,25200,8.5625
78812,79181,99655,369,20474,1,25200,1.01802285826
78812,79188,94635,376,15447,1,25200,1.02434129604
78812,79169,79174,357,5,1,25200,36.2
78813,79199,79222,386,23,1,25200,17.7826086957
78813,79206,79295,393,89,1,25200,5.41573033708
78813,79193,79200,380,7,1,25200,38.7
78814,79229,79284,415,55,1,25200,8.54545454545
78814,79211,79219,397,8,1,25200,40.5
78814,79217,95702,403,16485,1,25200,1.02444646648
78814,79223,79381,409,158,1,25200,3.58860759494
78815,79235,79243,420,8,1,25200,42.8
78815,79241,79248,426,7,1,25200,43.3
78815,79255,79263,440,8,1,25200,44.8
78816,79261,82828,445,3567,1,25200,1.12475469582
78816,79266,79268,450,2,1,25200,45.2
78816,79272,79273,456,1,1,25200,45.7
78817,79288,79293,471,5,1,25200,47.6
78817,79277,79278,460,1,1,25200,46.1
78818,79293,79295,475,2,1,25200,47.7
78818,79299,79423,481,124,1,25200,4.87903225806
78819,79304,79306,485,2,1,25200,48.7
78819,79321,79322,502,1,1,25200,50.3
78819,79310,79315,491,5,1,25200,49.6
78819,79315,89457,496,10142,1,25200,1.04890554131
78820,79326,79335,506,9,1,25200,51.5
78820,79337,79338,517,1,1,25200,51.8
78820,79332,79337,512,5,1,25200,51.7
78821,79359,80821,538,1462,1,25200,1.36798905609
78821,79354,79501,533,147,1,25200,4.62585034014
78821,79343,79963,522,620,1,25200,1.84193548387
78821,79348,79354,527,6,1,25200,53.3
78822,79375,79440,553,65,1,25200,9.50769230769
78822,79370,79438,548,68,1,25200,9.05882352941
78822,79364,99655,542,20291,1,25200,1.02671134986
78823,79381,79382,558,1,1,25200,55.9
78823,79386,79392,563,6,1,25200,56.9
78823,79392,79396,569,4,1,25200,57.3
78824,79403,98515,579,19112,1,25200,1.03029510255
78824,79398,79400,574,2,1,25200,57.6
78824,79409,79414,585,5,1,25200,59.0
78824,79414,79418,590,4,1,25200,59.4
78825,79420,96013,595,16593,1,25200,1.03585849455
78825,79431,91498,606,12067,1,25200,1.05021960719
78825,79425,79426,600,1,1,25200,60.1
78826,79436,79443,610,7,1,25200,61.7
78826,79441,79446,615,5,1,25200,62.0
78826,79447,88244,621,8797,1,25200,1.07059224736
78827,79464,79465,637,1,1,25200,63.8
78827,79453,79652,626,199,1,25200,4.14572864322
78827,79458,80133,631,675,1,25200,1.93481481481
78828,79480,80628,652,1148,1,25200,1.56794425087
78828,79469,79476,641,7,1,25200,64.8
78828,79475,79481,647,6,1,25200,65.3
78829,79496,79497,667,1,1,25200,66.8
78829,79491,79599,662,108,1,25200,7.12962962963
78829,79502,79670,673,168,1,25200,5.00595238095
78830,79519,79622,689,103,1,25200,7.68932038835
78830,79513,79515,683,2,1,25200,68.5
78830,79508,79563,678,55,1,25200,13.3272727273
78831,79542,99655,711,20113,1,25200,1.03535027097
78831,79536,95200,705,15664,1,25200,1.04500766088
78831,79530,79534,699,4,1,25200,70.3
78831,79524,79557,693,33,1,25200,22.0
78832,79554,79645,722,91,1,25200,8.93406593407
78832,79559,79688,727,129,1,25200,6.63565891473
78832,79548,79555,716,7,1,25200,72.3
78833,79575,79581,742,6,1,25200,74.8
78833,79587,79593,754,6,1,25200,76.0
78833,79565,79579,732,14,1,25200,53.2857142857
78833,79581,94269,748,14688,1,25200,1.05092592593
78834,79599,79603,765,4,1,25200,76.9
78834,79605,79611,771,6,1,25200,77.7
78834,79593,79811,759,218,1,25200,4.48165137615
78835,79624,79634,789,10,1,25200,79.9
78835,79611,79690,776,79,1,25200,10.8227848101
78836,79642,80646,806,1004,1,25200,1.80278884462
78836,79630,85760,794,6130,1,25200,1.1295269168
78836,79648,81550,812,1902,1,25200,1.4269190326
78836,79636,79643,800,7,1,25200,80.7
78837,79666,89531,829,9865,1,25200,1.08403446528
78837,79653,79658,816,5,1,25200,82.1
78837,79659,79664,822,5,1,25200,82.7
78838,79673,99655,835,19982,1,25200,1.04178760885
78838,79678,79684,840,6,1,25200,84.6
78838,79684,79685,846,1,1,25200,84.7
78839,79707,79713,868,6,1,25200,87.4
78839,79701,79715,862,14,1,25200,62.5714285714
78839,79695,79699,856,4,1,25200,86.0
78840,79718,79869,878,151,1,25200,6.81456953642
78840,79724,92827,884,13103,1,25200,1.06746546592
78840,79712,79717,872,5,1,25200,87.7
78841,79742,82737,901,2995,1,25200,1.30083472454
78841,79737,79856,896,119,1,25200,8.52941176471
78841,79731,80268,890,537,1,25200,2.6573556797
78842,79753,79758,911,5,1,25200,91.6
78842,79748,99656,906,19908,1,25200,1.04550934298
78842,79759,79760,917,1,1,25200,91.8
78842,79764,79776,922,12,1,25200,77.8333333333
78843,79771,95858,928,16087,1,25200,1.05768633058
78843,79789,79795,946,6,1,25200,95.2
78843,79777,79783,934,6,1,25200,94.0
78843,79784,79810,941,26,1,25200,37.1923076923
78844,79795,79797,951,2,1,25200,95.3
78844,79801,80736,957,935,1,25200,2.02352941176
78844,79807,79820,963,13,1,25200,75.0769230769
78845,79829,79835,984,6,1,25200,99.0
78845,79824,90567,979,10743,1,25200,1.09112910733
78845,79812,79818,967,6,1,25200,97.3
78845,79818,79819,973,1,1,25200,97.4
78846,79846,85302,1000,5456,1,25200,1.18328445748
78846,79840,79844,994,4,1,25200,99.8
78846,79834,79840,988,6,1,25200,99.4
78847,79858,80514,1011,656,1,25200,2.54115853659
78847,79867,80281,1020,414,1,25200,3.46376811594
78847,79851,99655,1004,19804,1,25200,1.05069682892
78848,79889,99656,1041,19767,1,25200,1.05266353013
78848,79883,86900,1035,7017,1,25200,1.14749893117
78848,79878,80801,1030,923,1,25200,2.11592632719
78848,79872,79873,1024,1,1,25200,102.5
78849,79900,99655,1051,19755,1,25200,1.05320172108
78849,79906,93945,1057,14039,1,25200,1.07529026284
78849,79894,79895,1045,1,1,25200,104.6
78849,79912,79913,1063,1,1,25200,106.4
78850,79928,79935,1078,7,1,25200,108.5
78850,79917,79966,1067,49,1,25200,22.7755102041
78851,79934,80136,1083,202,1,25200,6.36138613861
78851,79939,79940,1088,1,1,25200,108.9
78851,79946,79955,1095,9,1,25200,110.4
78851,79951,79957,1100,6,1,25200,110.6
78852,79957,80813,1105,856,1,25200,2.29088785047
78852,79963,79968,1111,5,1,25200,111.6
78853,79974,79979,1121,5,1,25200,112.6
78853,79986,99656,1133,19670,1,25200,1.05760040671
78853,79980,80828,1127,848,1,25200,2.32900943396
78854,80010,80468,1156,458,1,25200,3.52401746725
78854,79992,95878,1138,15886,1,25200,1.07163540224
78854,79997,80199,1143,202,1,25200,6.65841584158
78854,80004,80023,1150,19,1,25200,61.5263157895
78855,80015,80029,1160,14,1,25200,83.8571428571
78855,80032,80046,1177,14,1,25200,85.0714285714
78855,80026,99655,1171,19629,1,25200,1.0596566305
78855,80021,80103,1166,82,1,25200,15.2195121951
78856,80037,80042,1181,5,1,25200,118.6
78856,80043,95064,1187,15021,1,25200,1.07902270155
78856,80049,80103,1193,54,1,25200,23.0925925926
78857,80054,80056,1197,2,1,25200,119.9
78857,80060,80061,1203,1,1,25200,120.4
78857,80066,81158,1209,1092,1,25200,2.10714285714
78858,80089,80098,1231,9,1,25200,124.0
78858,80078,99655,1220,19577,1,25200,1.06231802626
78858,80083,99655,1225,19572,1,25200,1.06258941345
78858,80072,80086,1214,14,1,25200,87.7142857143
78859,80095,83021,1236,2926,1,25200,1.42241968558
78859,80106,80113,1247,7,1,25200,125.4
78859,80100,80101,1241,1,1,25200,124.2
78860,80119,80123,1259,4,1,25200,126.3
78860,80125,80277,1265,152,1,25200,9.32236842105
78860,80112,80638,1252,526,1,25200,3.38022813688
78861,80130,80135,1269,5,1,25200,127.4
78861,80136,80141,1275,5,1,25200,128.0
78861,80143,80411,1282,268,1,25200,5.78358208955
78861,80148,83737,1287,3589,1,25200,1.35859570911
78862,80154,80162,1292,8,1,25200,130.0
78862,80160,80167,1298,7,1,25200,130.5
78862,80165,80168,1303,3,1,25200,130.6
78863,80176,96770,1313,16594,1,25200,1.07912498493
78863,80171,99656,1308,19485,1,25200,1.06712856043
78864,80200,80606,1336,406,1,25200,4.29064039409
78864,80194,91546,1330,11352,1,25200,1.11715997181
78864,80188,80194,1324,6,1,25200,133.0
78864,80182,82504,1318,2322,1,25200,1.56761412575
78865,80216,80223,1351,7,1,25200,135.8
78865,80211,80218,1346,7,1,25200,135.3
78865,80205,84920,1340,4715,1,25200,1.28419936373
78866,80239,80244,1373,5,1,25200,137.8
78866,80222,83085,1356,2863,1,25200,1.47362906043
78866,80227,80265,1361,38,1,25200,36.8157894737
78866,80233,80890,1367,657,1,25200,3.08066971081
78867,80246,80278,1379,32,1,25200,44.09375
78867,80252,86193,1385,5941,1,25200,1.23312573641
78867,80258,80291,1391,33,1,25200,43.1515151515
78868,80275,80288,1407,13,1,25200,109.230769231
78868,80269,91768,1401,11499,1,25200,1.12183668145
78868,80263,86347,1395,6084,1,25200,1.22928994083
78869,80287,80293,1418,6,1,25200,142.4
78869,80299,80304,1430,5,1,25200,143.5
78869,80293,82845,1424,2552,1,25200,1.55799373041
78869,80281,80287,1412,6,1,25200,141.8
78870,80310,80311,1440,1,1,25200,144.1
78870,80316,91266,1446,10950,1,25200,1.13205479452
78870,80304,80310,1434,6,1,25200,144.0
78871,80334,80339,1463,5,1,25200,146.8
78871,80328,80332,1457,4,1,25200,146.1
78871,80322,80323,1451,1,1,25200,145.2
78872,80346,81962,1474,1616,1,25200,1.91212871287
78872,80340,80357,1468,17,1,25200,87.3529411765
78872,80351,82870,1479,2519,1,25200,1.58713775308
78873,80363,80693,1490,330,1,25200,5.51515151515
78873,80357,80388,1484,31,1,25200,48.8709677419
78873,80374,80380,1501,6,1,25200,150.7
78873,80368,80370,1495,2,1,25200,149.7
78874,80385,80431,1511,46,1,25200,33.847826087
78874,80391,80417,1517,26,1,25200,59.3461538462
78874,80380,83164,1506,2784,1,25200,1.54094827586
78875,80402,89594,1527,9192,1,25200,1.1661227154
78875,80396,80413,1521,17,1,25200,90.4705882353
78875,80408,88038,1533,7630,1,25200,1.20091743119
78876,80414,80419,1538,5,1,25200,154.3
78876,80431,80438,1555,7,1,25200,156.2
78876,80425,80440,1549,15,1,25200,104.266666667
78876,80420,82396,1544,1976,1,25200,1.78137651822
78877,80437,86070,1560,5633,1,25200,1.27693946387
78877,80443,85398,1566,4955,1,25200,1.3160443996
78878,80466,80473,1588,7,1,25200,159.5
78878,80454,80459,1576,5,1,25200,158.1
78878,80448,81487,1570,1039,1,25200,2.51106833494
78878,80460,80467,1582,7,1,25200,158.9
78879,80477,80486,1598,9,1,25200,160.7
78879,80483,80489,1604,6,1,25200,161.0
78879,80472,80493,1593,21,1,25200,76.8571428571
78879,80488,80517,1609,29,1,25200,56.4827586207
78880,80495,80637,1615,142,1,25200,12.3732394366
78880,80506,81431,1626,925,1,25200,2.75783783784
78880,80500,80671,1620,171,1,25200,10.4736842105
78881,80523,80525,1642,2,1,25200,164.4
78881,80518,81135,1637,617,1,25200,3.65316045381
78881,80512,80740,1631,228,1,25200,8.15350877193
78882,80534,80607,1652,73,1,25200,23.6301369863
78882,80529,83413,1647,2884,1,25200,1.57108183079
78882,80540,80558,1658,18,1,25200,93.1111111111
78883,80562,80573,1679,11,1,25200,153.636363636
78883,80557,99656,1674,19099,1,25200,1.08764856799
78883,80551,81023,1668,472,1,25200,4.53389830508
78884,80574,90252,1690,9678,1,25200,1.17462285596
78884,80568,80571,1684,3,1,25200,168.7
78884,80585,99656,1701,19071,1,25200,1.08919301557
78884,80579,99656,1695,19077,1,25200,1.08885044818
78885,80602,81322,1717,720,1,25200,3.38472222222
78885,80591,80718,1706,127,1,25200,14.4330708661
78885,80596,99656,1711,19060,1,25200,1.08976915005
78886,80607,80658,1721,51,1,25200,34.7450980392
78886,80618,88382,1732,7764,1,25200,1.22308088614
78887,80630,80785,1743,155,1,25200,12.2451612903
78887,80624,80656,1737,32,1,25200,55.28125
78887,80636,80652,1749,16,1,25200,110.3125
78888,80641,80930,1753,289,1,25200,7.06574394464
78888,80658,80668,1770,10,1,25200,178.0
78888,80652,80746,1764,94,1,25200,19.7659574468
78889,80675,95763,1786,15088,1,25200,1.11837221633
78889,80681,85209,1792,4528,1,25200,1.39575971731
78889,80669,94503,1780,13834,1,25200,1.1286684979
78889,80664,80723,1775,59,1,25200,31.0847457627
78890,80697,90403,1807,9706,1,25200,1.18617350093
78890,80692,82726,1802,2034,1,25200,1.88593903638
78890,80686,99656,1796,18970,1,25200,1.0946758039
78891,80709,80714,1818,5,1,25200,182.3
78891,80720,85248,1829,4528,1,25200,1.40393109541
78891,80715,80745,1824,30,1,25200,61.8
78891,80703,95249,1812,14546,1,25200,1.12457032861
78892,80726,80727,1834,1,1,25200,183.5
78892,80731,80732,1839,1,1,25200,184.0
78892,80737,80745,1845,8,1,25200,185.3
78893,80753,90064,1860,9311,1,25200,1.19976372033
78893,80748,80754,1855,6,1,25200,186.1
78893,80742,80748,1849,6,1,25200,185.5
78894,80776,81142,1882,366,1,25200,6.14207650273
78894,80759,91483,1865,10724,1,25200,1.17390898918
78894,80770,80773,1876,3,1,25200,187.9
78895,84226,86690,5331,2464,1,25200,3.16355519481
78895,84221,84354,5326,133,1,25200,41.045112782
78895,82895,82950,4000,55,1,25200,73.7272727273
78895,80782,80787,1887,5,1,25200,189.2
78896,82912,99656,4016,16744,1,25200,1.23984710941
78896,82906,88605,4010,5699,1,25200,1.70363221618
78896,82901,82937,4005,36,1,25200,112.25
78897,82929,99656,4032,16727,1,25200,1.24104740838
78897,82917,99656,4020,16739,1,25200,1.24015771551
78897,82923,82926,4026,3,1,25200,402.9
78898,82940,87512,4042,4572,1,25200,1.88407699038
78898,82934,89725,4036,6791,1,25200,1.59431600648
78898,82945,82982,4047,37,1,25200,110.378378378
78899,82962,89168,4063,6206,1,25200,1.65468901063
78899,82951,82954,4052,3,1,25200,405.5
78899,82972,83004,4073,32,1,25200,128.28125
78899,82956,83337,4057,381,1,25200,11.6482939633
78900,82983,88292,4083,5309,1,25200,1.76907138821
78900,82989,85980,4089,2991,1,25200,2.36710130391
78900,82978,82985,4078,7,1,25200,408.5
78901,83011,83191,4110,180,1,25200,23.8333333333
78901,83000,90972,4099,7972,1,25200,1.51417461114
78901,82994,83007,4093,13,1,25200,315.846153846
78901,83005,83837,4104,832,1,25200,5.93269230769
78902,83033,86021,4131,2988,1,25200,2.38253012048
78902,83016,99656,4114,16640,1,25200,1.24723557692
78902,83022,99656,4120,16634,1,25200,1.24768546351
78902,83027,83028,4125,1,1,25200,412.6
78903,83049,97461,4146,14412,1,25200,1.28767693589
78903,83044,83325,4141,281,1,25200,15.7366548043
78903,83038,83346,4135,308,1,25200,14.4253246753
78904,83066,99656,4162,16590,1,25200,1.25087402049
78904,83060,84952,4156,1892,1,25200,3.19661733615
78904,83055,83389,4151,334,1,25200,13.4281437126
78905,83071,83075,4166,4,1,25200,417.0
78905,83083,83087,4178,4,1,25200,418.2
78905,83077,83078,4172,1,1,25200,417.3
78906,83100,85105,4194,2005,1,25200,3.09177057357
78906,83094,83364,4188,270,1,25200,16.5111111111
78906,83089,90253,4183,7164,1,25200,1.58389168063
78907,83111,83121,4204,10,1,25200,421.4
78907,83116,83126,4209,10,1,25200,421.9
78907,83105,83277,4198,172,1,25200,25.4069767442
78908,83133,83321,4225,188,1,25200,23.4734042553
78908,83127,88140,4219,5013,1,25200,1.8416118093
78908,83138,84245,4230,1107,1,25200,4.82113821138
78908,83122,86797,4214,3675,1,25200,2.14666666667
78909,83149,85964,4240,2815,1,25200,2.50621669627
78909,83144,91489,4235,8345,1,25200,1.50748951468
78910,83165,83166,4255,1,1,25200,425.6
78910,83171,93273,4261,10102,1,25200,1.42179766383
78910,83155,83157,4245,2,1,25200,424.7
78910,83160,93392,4250,10232,1,25200,1.41536356529
78911,83193,83376,4282,183,1,25200,24.3989071038
78911,83187,85488,4276,2301,1,25200,2.85832246849
78911,83177,87488,4266,4311,1,25200,1.98956158664
78912,83209,83213,4297,4,1,25200,430.1
78912,83198,98035,4286,14837,1,25200,1.28887241356
78912,83204,88163,4292,4959,1,25200,1.86549707602
78912,83215,98232,4303,15017,1,25200,1.28654191916
78913,83226,83227,4313,1,1,25200,431.4
78913,83220,84314,4307,1094,1,25200,4.93692870201
78913,83231,83235,4318,4,1,25200,432.2
78914,84122,88170,5208,4048,1,25200,2.28656126482
78914,84117,84120,5203,3,1,25200,520.6
78914,84106,84113,5192,7,1,25200,519.9
78914,84111,91874,5197,7763,1,25200,1.66945768389
78915,84128,84433,5213,305,1,25200,18.0918032787
78915,84133,84134,5218,1,1,25200,521.9
78916,84139,84147,5223,8,1,25200,523.1
78916,84144,84145,5228,1,1,25200,522.9
78916,84150,99656,5234,15506,1,25200,1.33754675609
78917,84161,85232,5244,1071,1,25200,5.89635854342
78917,84172,84183,5255,11,1,25200,478.727272727
78917,84166,84206,5249,40,1,25200,132.225
78917,84155,84157,5238,2,1,25200,524.0
78918,84188,84227,5270,39,1,25200,136.128205128
78918,84183,85387,5265,1204,1,25200,5.37292358804
78918,84177,84180,5259,3,1,25200,526.2
78919,84193,84198,5274,5,1,25200,527.9
78919,84210,84211,5291,1,1,25200,529.2
78919,84199,84394,5280,195,1,25200,28.0769230769
78919,84205,99656,5286,15451,1,25200,1.34211377904
78920,80871,80883,1951,12,1,25200,163.583333333
78920,84216,97686,5296,13470,1,25200,1.39317000742
78921,80887,80889,1966,2,1,25200,196.8
78921,80877,80983,1956,106,1,25200,19.4528301887
78921,80882,80883,1961,1,1,25200,196.2
78921,80893,80894,1972,1,1,25200,197.3
78922,80898,81451,1976,553,1,25200,4.57323688969
78922,80909,82420,1987,1511,1,25200,2.31502316347
78922,80904,82763,1982,1859,1,25200,2.06616460463
78923,80915,80925,1992,10,1,25200,200.2
78923,80933,80944,2010,11,1,25200,183.727272727
78923,80925,85271,2002,4346,1,25200,1.46065347446
78923,80920,82169,1997,1249,1,25200,2.59887910328
78924,80938,80958,2014,20,1,25200,101.7
78924,80949,81664,2025,715,1,25200,3.83216783217
78924,80944,80948,2020,4,1,25200,202.4
78925,80971,83653,2046,2682,1,25200,1.76286353468
78925,80960,80980,2035,20,1,25200,102.75
78925,80976,81317,2051,341,1,25200,7.0146627566
78925,80965,80971,2040,6,1,25200,204.6
78926,80982,81017,2056,35,1,25200,59.7428571429
78926,80988,80993,2062,5,1,25200,206.7
78927,80999,81006,2072,7,1,25200,207.9
78927,81010,81037,2083,27,1,25200,78.1481481481
78927,80994,80995,2067,1,1,25200,206.8
78927,81005,81846,2078,841,1,25200,3.47086801427
78928,81016,81576,2088,560,1,25200,4.72857142857
78928,81027,82142,2099,1115,1,25200,2.88251121076
78928,81021,81060,2093,39,1,25200,54.6666666667
78929,81033,81580,2104,547,1,25200,4.84643510055
78929,81038,81039,2109,1,1,25200,211.0
78929,81044,81063,2115,19,1,25200,112.315789474
78930,81056,86955,2126,5899,1,25200,1.36040006781
78930,81061,81156,2131,95,1,25200,23.4315789474
78930,81067,99656,2137,18589,1,25200,1.11496046049
78930,81050,81643,2120,593,1,25200,4.57504215852
78931,81084,81089,2153,5,1,25200,215.8
78931,81073,81091,2142,18,1,25200,120.0
78931,81078,81143,2147,65,1,25200,34.0307692308
78932,81089,81101,2157,12,1,25200,180.75
78932,81095,84284,2163,3189,1,25200,1.67826904986
78932,81101,90413,2169,9312,1,25200,1.23292525773
78933,81118,81124,2185,6,1,25200,219.1
78933,81107,81112,2174,5,1,25200,217.9
78933,81112,82671,2179,1559,1,25200,2.39769082745
78933,81124,81129,2191,5,1,25200,219.6
78934,81135,81141,2201,6,1,25200,220.7
78934,81130,96514,2196,15384,1,25200,1.14274570983
78934,81141,81147,2207,6,1,25200,221.3
78935,81146,81154,2211,8,1,25200,221.9
78935,81157,81166,2222,9,1,25200,223.1
78935,81163,81167,2228,4,1,25200,223.2
78935,81152,81157,2217,5,1,25200,222.2
78936,81185,81193,2249,8,1,25200,225.7
78936,81180,81361,2244,181,1,25200,13.3977900552
78936,81174,99656,2238,18482,1,25200,1.12109079104
78936,81169,81668,2233,499,1,25200,5.4749498998
78937,81191,81297,2254,106,1,25200,22.2641509434
78937,81196,83816,2259,2620,1,25200,1.86221374046
78938,81214,86305,2276,5091,1,25200,1.4470634453
78938,81202,85560,2264,4358,1,25200,1.5195043598
78938,81208,91078,2270,9870,1,25200,1.22998986829
78938,81220,99656,2282,18436,1,25200,1.12377956173
78939,81225,82409,2286,1184,1,25200,2.93074324324
78939,81231,87295,2292,6064,1,25200,1.37796833773
78939,81237,81285,2298,48,1,25200,48.875
78940,81254,81354,2314,100,1,25200,24.14
78940,81260,81265,2320,5,1,25200,232.5
78940,81248,81249,2308,1,1,25200,230.9
78940,81242,98802,2302,17560,1,25200,1.13109339408
78941,81265,81370,2324,105,1,25200,23.1333333333
78941,81271,99656,2330,18385,1,25200,1.12673375034
78941,81276,95370,2335,14094,1,25200,1.16567333617
78941,81282,81283,2341,1,1,25200,234.2
78942,81299,83501,2357,2202,1,25200,2.07039055404
78942,81288,81461,2346,173,1,25200,14.5606936416
78942,81293,89341,2351,8048,1,25200,1.2921222664
78943,81310,81317,2367,7,1,25200,237.4
78943,81304,81310,2361,6,1,25200,236.7
78943,81316,81637,2373,321,1,25200,8.39252336449
78944,81328,81337,2384,9,1,25200,239.3
78944,81321,81327,2377,6,1,25200,238.3
78944,81339,82155,2395,816,1,25200,3.93504901961
78944,81333,98338,2389,17005,1,25200,1.14048809174
78945,81344,89540,2399,8196,1,25200,1.29270375793
78945,81355,86675,2410,5320,1,25200,1.4530075188
78945,81350,81353,2405,3,1,25200,240.8
78946,81361,83044,2415,1683,1,25200,2.43493761141
78946,81366,81380,2420,14,1,25200,173.857142857
78946,81377,81378,2431,1,1,25200,243.2
78946,81372,81376,2426,4,1,25200,243.0
78947,81397,81398,2450,1,1,25200,245.1
78947,81391,99474,2444,18083,1,25200,1.13515456506
78947,81386,86337,2439,4951,1,25200,1.49262775197
78948,81402,81403,2454,1,1,25200,245.5
78948,81408,81412,2460,4,1,25200,246.4
78948,81414,81447,2466,33,1,25200,75.7272727273
78949,81436,83461,2487,2025,1,25200,2.22814814815
78949,81425,99110,2476,17685,1,25200,1.14000565451
78949,81430,81434,2481,4,1,25200,248.5
78949,81419,81428,2470,9,1,25200,247.9
78950,81441,81448,2491,7,1,25200,249.8
78950,81456,81457,2506,1,1,25200,250.7
78950,81451,82776,2501,1325,1,25200,2.88754716981
78951,81473,81474,2522,1,1,25200,252.3
78951,81467,81523,2516,56,1,25200,45.9285714286
78951,81462,81472,2511,10,1,25200,252.1
78952,81495,81496,2543,1,1,25200,254.4
78952,81490,82122,2538,632,1,25200,5.01582278481
78952,81484,83330,2532,1846,1,25200,2.37161430119
78952,81479,86717,2527,5238,1,25200,1.48243604429
78953,81506,81514,2553,8,1,25200,256.1
78953,81501,81537,2548,36,1,25200,71.7777777778
78953,81512,81568,2559,56,1,25200,46.6964285714
78954,81523,81526,2569,3,1,25200,257.2
78954,81517,81526,2563,9,1,25200,257.2
78954,81528,81546,2574,18,1,25200,144.0
78955,81534,83454,2579,1920,1,25200,2.34322916667
78955,81539,99656,2584,18117,1,25200,1.1426284705
78955,81545,81566,2590,21,1,25200,124.333333333
78956,81562,81564,2606,2,1,25200,260.8
78956,81551,81656,2595,105,1,25200,25.7142857143
78956,81556,81691,2600,135,1,25200,20.2592592593
78957,81579,88466,2622,6887,1,25200,1.38071729345
78957,81584,81591,2627,7,1,25200,263.4
78957,81573,81576,2616,3,1,25200,261.9
78958,81595,82068,2637,473,1,25200,6.57505285412
78958,81590,82634,2632,1044,1,25200,3.52107279693
78958,81601,81603,2643,2,1,25200,264.5
78958,81606,99656,2648,18050,1,25200,1.14670360111
78959,81623,81631,2664,8,1,25200,267.2
78959,81628,81632,2669,4,1,25200,267.3
78959,81617,81620,2658,3,1,25200,266.1
78960,81639,81644,2679,5,1,25200,268.4
78960,81634,83526,2674,1892,1,25200,2.4133192389
78961,81650,99656,2689,18006,1,25200,1.14933910919
78961,81656,81660,2695,4,1,25200,269.9
78961,81645,85927,2684,4282,1,25200,1.62680990191
78962,81661,83011,2699,1350,1,25200,2.99925925926
78962,81667,81676,2705,9,1,25200,271.4
78962,81678,81864,2716,186,1,25200,15.6021505376
78963,81684,82096,2721,412,1,25200,7.60436893204
78963,81701,95041,2738,13340,1,25200,1.20524737631
78963,81689,81690,2726,1,1,25200,272.7
78963,81695,81696,2732,1,1,25200,273.3
78964,81706,85184,2742,3478,1,25200,1.78838412881
78964,81717,81718,2753,1,1,25200,275.4
78964,81711,99656,2747,17945,1,25200,1.15307885205
78965,81728,81731,2763,3,1,25200,276.6
78965,81722,81821,2757,99,1,25200,28.8484848485
78965,81734,83634,2769,1900,1,25200,2.45736842105
78966,81760,81761,2794,1,1,25200,279.5
78966,81754,82559,2788,805,1,25200,4.46335403727
78966,81749,82165,2783,416,1,25200,7.68990384615
78966,81739,82099,2773,360,1,25200,8.70277777778
78967,81765,93122,2798,11357,1,25200,1.24636787884
78967,81776,81777,2809,1,1,25200,281.0
78967,81771,89171,2804,7400,1,25200,1.37891891892
78968,81793,81808,2825,15,1,25200,189.333333333
78968,81787,81931,2819,144,1,25200,20.5763888889
78968,81782,99656,2814,17874,1,25200,1.157435381
78968,81798,81800,2830,2,1,25200,283.2
78969,81810,83935,2841,2125,1,25200,2.33694117647
78969,81821,81822,2852,1,1,25200,285.3
78969,81815,81816,2846,1,1,25200,284.7
78969,81804,81805,2835,1,1,25200,283.6
78970,81826,81827,2856,1,1,25200,285.7
78970,81832,82279,2862,447,1,25200,7.40268456376
78970,81843,81857,2873,14,1,25200,206.214285714
78970,81837,81840,2867,3,1,25200,287.0
78971,81864,82049,2893,185,1,25200,16.6378378378
78971,81853,81898,2882,45,1,25200,65.0444444444
78971,81858,81859,2887,1,1,25200,288.8
78972,81869,90190,2897,8321,1,25200,1.3481552698
78972,81875,87307,2903,5432,1,25200,1.53442562592
78972,81880,81881,2908,1,1,25200,290.9
78973,81885,82950,2912,1065,1,25200,3.73427230047
78973,81891,84312,2918,2421,1,25200,2.20528707146
78973,81896,81899,2923,3,1,25200,292.6
78974,81913,83581,2939,1668,1,25200,2.76199040767
78974,81902,81903,2928,1,1,25200,292.9
78974,81908,87525,2934,5617,1,25200,1.52234288766
78975,81930,81949,2955,19,1,25200,156.526315789
78975,81935,81936,2960,1,1,25200,296.1
78975,81924,84304,2949,2380,1,25200,2.23907563025
78975,81919,81920,2944,1,1,25200,294.5
78976,81941,81945,2965,4,1,25200,296.9
78976,81946,92287,2970,10341,1,25200,1.28720626632
78976,81958,83660,2982,1702,1,25200,2.75205640423
78976,81952,82931,2976,979,1,25200,4.03983656793
78977,81974,81995,2997,21,1,25200,143.714285714
78977,81963,83014,2986,1051,1,25200,3.84110371075
78977,81968,82481,2991,513,1,25200,6.83040935673
78978,81979,82336,3001,357,1,25200,9.40616246499
78978,81990,82062,3012,72,1,25200,42.8333333333
78978,81985,82006,3007,21,1,25200,144.19047619
78979,82013,82016,3034,3,1,25200,303.7
78979,81996,81998,3017,2,1,25200,301.9
78979,82002,82128,3023,126,1,25200,24.9920634921
78979,82007,83134,3028,1127,1,25200,3.68677905945
78980,82019,99656,3039,17637,1,25200,1.17230821568
78980,82024,82929,3044,905,1,25200,4.3635359116
78980,82030,82114,3050,84,1,25200,37.3095238095
78981,82036,82039,3055,3,1,25200,305.8
78981,82041,93729,3060,11688,1,25200,1.26180698152
78981,82074,82381,3093,307,1,25200,11.0749185668
78982,82085,88722,3103,6637,1,25200,1.46753051077
78982,82079,82689,3097,610,1,25200,6.07704918033
78982,82090,83378,3108,1288,1,25200,3.41304347826
78983,82101,83830,3118,1729,1,25200,2.8033545402
78983,82112,82120,3129,8,1,25200,313.7
78983,82107,95141,3124,13034,1,25200,1.23968083474
78984,82123,94610,3139,12487,1,25200,1.25138143669
78984,82118,82122,3134,4,1,25200,313.8
78985,82140,82151,3155,11,1,25200,287.818181818
78985,82150,82156,3165,6,1,25200,317.1
78985,82134,99656,3149,17522,1,25200,1.17971692729
78986,82156,82340,3170,184,1,25200,18.2282608696
78986,82172,90418,3186,8246,1,25200,1.38636914868
78986,82167,83336,3181,1169,1,25200,3.72112917023
78986,82161,82169,3175,8,1,25200,318.3
78987,82189,83841,3202,1652,1,25200,2.9382566586
78987,82178,82208,3191,30,1,25200,107.366666667
78987,82183,82341,3196,158,1,25200,21.2278481013
78988,82205,82691,3217,486,1,25200,7.61934156379
78988,82200,92638,3212,10438,1,25200,1.30772178578
78988,82194,82198,3206,4,1,25200,321.0
78989,82227,82228,3238,1,1,25200,323.9
78989,82211,82929,3222,718,1,25200,5.48746518106
78989,82216,86023,3227,3807,1,25200,1.84764906751
78989,82222,82746,3233,524,1,25200,7.16984732824
78990,82244,89037,3254,6793,1,25200,1.47902252319
78990,82233,86101,3243,3868,1,25200,1.83841778697
78990,82238,82246,3248,8,1,25200,325.6
78991,82255,88760,3264,6505,1,25200,1.50176787087
78991,82249,82250,3258,1,1,25200,325.9
78991,82260,82263,3269,3,1,25200,327.2
78992,82272,91807,3280,9535,1,25200,1.34399580493
78992,82283,82694,3291,411,1,25200,9.00729927007
78992,82277,82278,3285,1,1,25200,328.6
78992,82266,90404,3274,8138,1,25200,1.40231014991
78993,82304,82310,3311,6,1,25200,331.7
78993,82299,82300,3306,1,1,25200,330.7
78993,82293,82369,3300,76,1,25200,44.4210526316
78994,82331,95561,3337,13230,1,25200,1.2522297808
78994,82315,84060,3321,1745,1,25200,2.90315186246
78994,82310,83253,3316,943,1,25200,4.5164369035
78994,82326,82460,3332,134,1,25200,25.8656716418
78995,82337,82450,3342,113,1,25200,30.5752212389
78995,82348,82360,3353,12,1,25200,280.416666667
78995,82355,82800,3360,445,1,25200,8.55056179775
78995,82342,82373,3347,31,1,25200,108.967741935
78996,82366,93010,3370,10644,1,25200,1.31661029688
78996,82360,82534,3364,174,1,25200,20.3333333333
78997,82371,82375,3374,4,1,25200,337.8
78997,82387,89928,3390,7541,1,25200,1.44954250099
78997,82377,82663,3380,286,1,25200,12.8181818182
78998,82393,82395,3395,2,1,25200,339.7
78998,82404,89199,3406,6795,1,25200,1.50125091979
78998,82409,82412,3411,3,1,25200,341.4
78998,82398,82403,3400,5,1,25200,340.5
78999,82420,87718,3421,5298,1,25200,1.64571536429
79000,82436,82449,3436,13,1,25200,265.307692308
79000,82431,82438,3431,7,1,25200,343.8
79000,82442,99656,3442,17214,1,25200,1.1999535262
79001,82458,82459,3457,1,1,25200,345.8
79001,82453,82466,3452,13,1,25200,266.538461538
79001,82447,82448,3446,1,1,25200,344.7
79001,82464,99656,3463,17192,1,25200,1.20143089809
79002,82469,83027,3467,558,1,25200,7.21326164875
79003,82491,84241,3488,1750,1,25200,2.99314285714
79003,82496,84327,3493,1831,1,25200,2.90770070999
79003,82480,82487,3477,7,1,25200,348.4
79003,82486,82488,3483,2,1,25200,348.5
79004,82502,82509,3498,7,1,25200,350.5
79004,82507,82645,3503,138,1,25200,26.384057971
79005,82529,85221,3524,2692,1,25200,2.30906389302
79005,82518,82519,3513,1,1,25200,351.4
79006,82551,82556,3545,5,1,25200,355.0
79006,82540,90231,3534,7691,1,25200,1.45949811468
79006,82546,82617,3540,71,1,25200,50.8591549296
79006,82535,82592,3529,57,1,25200,62.9122807018
79007,82568,91095,3561,8527,1,25200,1.41761463586
79007,82557,82560,3550,3,1,25200,355.3
79007,82562,82563,3555,1,1,25200,355.6
79008,82579,83522,3571,943,1,25200,4.7868504772
79008,82584,82585,3576,1,1,25200,357.7
79009,82590,82747,3581,157,1,25200,23.8089171975
79009,82601,93615,3592,11014,1,25200,1.32613037952
79009,82595,82596,3586,1,1,25200,358.7
79010,82623,82629,3613,6,1,25200,361.9
79010,82617,82819,3607,202,1,25200,18.8564356436
79010,82612,82615,3602,3,1,25200,360.5
79010,82606,83238,3596,632,1,25200,6.68987341772
79011,82644,82645,3633,1,1,25200,363.4
79011,82650,82732,3639,82,1,25200,45.3780487805
79011,82633,82682,3622,49,1,25200,74.9183673469
79011,82639,99656,3628,17017,1,25200,1.21319856614
79012,82655,82884,3643,229,1,25200,16.9082969432
79012,82660,82666,3648,6,1,25200,365.4
79012,82666,82732,3654,66,1,25200,56.3636363636
79013,82682,83067,3669,385,1,25200,10.5298701299
79013,82671,92080,3658,9409,1,25200,1.38877670316
79013,82688,82740,3675,52,1,25200,71.6730769231
79013,82677,82692,3664,15,1,25200,245.266666667
79014,82693,82694,3679,1,1,25200,368.0
79014,82699,85421,3685,2722,1,25200,2.35378398237
79015,82715,83211,3700,496,1,25200,8.45967741935
79015,82710,83080,3695,370,1,25200,10.9864864865
79015,82721,85141,3706,2420,1,25200,2.53140495868
79015,82704,82705,3689,1,1,25200,369.0
79016,82737,82738,3721,1,1,25200,372.2
79016,82732,83777,3716,1045,1,25200,4.55598086124
79016,82743,82749,3727,6,1,25200,373.3
79016,82726,83493,3710,767,1,25200,5.8370273794
79017,82754,99656,3737,16902,1,25200,1.2210980949
79017,82759,82762,3742,3,1,25200,374.5
79017,82748,82755,3731,7,1,25200,373.8
79018,82776,89864,3758,7088,1,25200,1.53019187359
79018,82765,99656,3747,16891,1,25200,1.22183411284
79018,82770,82771,3752,1,1,25200,375.3
79019,82798,82799,3779,1,1,25200,378.0
79019,82792,82793,3773,1,1,25200,377.4
79019,82781,85593,3762,2812,1,25200,2.33783783784
79019,82787,86744,3768,3957,1,25200,1.95223654284
79020,82811,82823,3791,12,1,25200,316.916666667
79020,82804,82893,3784,89,1,25200,43.5168539326
79021,82827,85250,3806,2423,1,25200,2.57078002476
79021,82833,88651,3812,5818,1,25200,1.65520797525
79021,82816,82817,3795,1,1,25200,379.6
79022,82849,82850,3827,1,1,25200,382.8
79022,82844,82848,3822,4,1,25200,382.6
79022,82838,83126,3816,288,1,25200,14.25
79023,82890,82893,3867,3,1,25200,387.0
79023,82855,84493,3832,1638,1,25200,3.33943833944
79023,82884,82893,3861,9,1,25200,387.0
79024,83242,83341,4218,99,1,25200,43.6060606061
79024,83237,83265,4213,28,1,25200,151.464285714
79024,83253,83642,4229,389,1,25200,11.8714652956
79025,83270,83275,4245,5,1,25200,425.0
79025,83264,83265,4239,1,1,25200,424.0
79025,83259,84486,4234,1227,1,25200,4.45069274654
79026,83275,83278,4249,3,1,25200,425.2
79026,83281,83394,4255,113,1,25200,38.6548672566
79026,83286,99656,4260,16370,1,25200,1.26023213195
79027,83297,83714,4270,417,1,25200,11.2398081535
79027,83308,83842,4281,534,1,25200,9.01685393258
79027,83291,99656,4264,16365,1,25200,1.26055606477
79027,83303,83778,4276,475,1,25200,10.0021052632
79028,83324,83325,4296,1,1,25200,429.7
79028,83319,83320,4291,1,1,25200,429.2
79028,83313,83317,4285,4,1,25200,428.9
79028,83330,97253,4302,13923,1,25200,1.30898513251
79029,83335,83337,4306,2,1,25200,430.8
79029,83341,83344,4312,3,1,25200,431.5
79029,83346,83353,4317,7,1,25200,432.4
79030,83352,83356,4322,4,1,25200,432.6
79030,83362,84269,4332,907,1,25200,5.77618522602
79030,83373,83378,4343,5,1,25200,434.8
79031,83378,83788,4347,410,1,25200,11.6024390244
79031,83384,83385,4353,1,1,25200,435.4
79032,83406,83407,4374,1,1,25200,437.5
79032,83389,86201,4357,2812,1,25200,2.54943100996
79032,83395,83403,4363,8,1,25200,437.1
79032,83400,99656,4368,16256,1,25200,1.2687007874
79033,83428,99656,4395,16228,1,25200,1.27082819818
79033,83417,85844,4384,2427,1,25200,2.80634528224
79033,83423,92293,4390,8870,1,25200,1.49492671928
79033,83412,94707,4379,11295,1,25200,1.38769366977
79034,83439,99656,4405,16217,1,25200,1.27162853795
79034,83434,83440,4400,6,1,25200,440.6
79034,83445,83447,4411,2,1,25200,441.3
79035,83456,99657,4421,16201,1,25200,1.27288438985
79035,83450,83451,4415,1,1,25200,441.6
79035,83461,83890,4426,429,1,25200,11.317016317
79035,83467,99657,4432,16190,1,25200,1.27374922792
79036,83472,84316,4436,844,1,25200,6.25592417062
79036,83489,85706,4453,2217,1,25200,3.00857013983
79036,83478,83481,4442,3,1,25200,444.5
79036,83483,98789,4447,15306,1,25200,1.29053965765
79037,83499,91901,4462,8402,1,25200,1.53106403237
79037,83510,83511,4473,1,1,25200,447.4
79037,83505,83550,4468,45,1,25200,100.288888889
79038,83516,83669,4478,153,1,25200,30.2679738562
79038,83521,99656,4483,16135,1,25200,1.27784319802
79038,83540,87038,4502,3498,1,25200,2.28702115495
79039,83562,93719,4523,10157,1,25200,1.44530865413
79039,83556,91287,4517,7731,1,25200,1.58427111629
79039,83551,83552,4512,1,1,25200,451.3
79039,83545,83554,4506,9,1,25200,451.5
79040,83573,99657,4533,16084,1,25200,1.28183287739
79040,83567,83662,4527,95,1,25200,48.6526315789
79040,83578,83664,4538,86,1,25200,53.7674418605
79041,83589,98186,4548,14597,1,25200,1.31157087073
79041,83584,83605,4543,21,1,25200,217.333333333
79041,83600,83601,4559,1,1,25200,456.0
79041,83595,91973,4554,8378,1,25200,1.54356648365
79042,83611,99656,4569,16045,1,25200,1.28476160798
79042,83606,84482,4564,876,1,25200,6.2100456621
79043,83628,89948,4585,6320,1,25200,1.72547468354
79043,83622,84881,4579,1259,1,25200,4.63701350278
79043,83617,83620,4574,3,1,25200,457.7
79044,83644,83657,4600,13,1,25200,354.846153846
79044,83639,99212,4595,15573,1,25200,1.29506196622
79044,83650,83830,4606,180,1,25200,26.5888888889
79044,83633,91929,4589,8296,1,25200,1.55315814851
79045,83667,85358,4622,1691,1,25200,3.73329390893
79045,83656,83657,4611,1,1,25200,461.2
79045,83661,99656,4616,15995,1,25200,1.28859018443
79046,83678,83681,4632,3,1,25200,463.5
79046,83683,84740,4637,1057,1,25200,5.38694418165
79046,83689,83722,4643,33,1,25200,141.696969697
79046,83672,83809,4626,137,1,25200,34.7664233577
79047,83700,91438,4653,7738,1,25200,1.60131817007
79047,83694,83699,4647,5,1,25200,465.2
79047,83705,83715,4658,10,1,25200,466.8
79048,83711,87423,4663,3712,1,25200,2.25619612069
79048,83716,83871,4668,155,1,25200,31.1161290323
79048,83727,83730,4679,3,1,25200,468.2
79048,83722,89901,4674,6179,1,25200,1.75643307979
79049,83739,99656,4690,15917,1,25200,1.29465351511
79049,83734,85494,4685,1760,1,25200,3.66193181818
79049,83745,86686,4696,2941,1,25200,2.59673580415
79050,83761,83764,4711,3,1,25200,471.4
79050,83756,85682,4706,1926,1,25200,3.44340602285
79050,83750,84722,4700,972,1,25200,5.8353909465
79051,83778,85839,4727,2061,1,25200,3.29354682193
79051,83767,99656,4716,15889,1,25200,1.29680911322
79051,83772,99656,4721,15884,1,25200,1.29721732561
79051,83783,83790,4732,7,1,25200,473.9
79052,83800,83801,4748,1,1,25200,474.9
79052,83789,84374,4737,585,1,25200,9.09743589744
79052,83794,84664,4742,870,1,25200,6.45057471264
79053,83811,93974,4758,10163,1,25200,1.46816884778
79053,83817,83838,4764,21,1,25200,227.857142857
79053,83806,84430,4753,624,1,25200,8.61698717949
79054,83822,92179,4768,8357,1,25200,1.57053966734
79054,83833,83834,4779,1,1,25200,478.0
79055,83855,83856,4800,1,1,25200,480.1
79055,83850,86735,4795,2885,1,25200,2.66204506066
79055,83844,86663,4789,2819,1,25200,2.69882937212
79055,83839,99656,4784,15817,1,25200,1.30245937915
79056,83866,83878,4810,12,1,25200,401.833333333
79056,83872,83874,4816,2,1,25200,481.8
79057,83877,84628,4820,751,1,25200,7.41810918775
79057,83883,86462,4826,2579,1,25200,2.87126793331
79057,83888,99657,4831,15769,1,25200,1.30636058089
79058,83899,83908,4841,9,1,25200,485.0
79058,83894,83922,4836,28,1,25200,173.714285714
79058,83905,89480,4847,5575,1,25200,1.86941704036
79058,83910,85379,4852,1469,1,25200,4.30292716133
79059,83927,84407,4868,480,1,25200,11.1416666667
79059,83916,83927,4857,11,1,25200,442.545454545
79059,83921,92139,4862,8218,1,25200,1.59162813337
79060,83938,89139,4878,5201,1,25200,1.93789655835
79060,83932,83935,4872,3,1,25200,487.5
79060,83943,83969,4883,26,1,25200,188.807692308
79061,83954,84991,4893,1037,1,25200,5.71841851495
79061,83949,91335,4888,7386,1,25200,1.66179258056
79061,83960,98488,4899,14528,1,25200,1.33721090308
79061,83965,84039,4904,74,1,25200,67.2702702703
79062,83982,84046,4920,64,1,25200,77.875
79062,83971,85934,4909,1963,1,25200,3.50076413653
79062,83976,84059,4914,83,1,25200,60.2048192771
79063,84013,91040,4950,7027,1,25200,1.70442578625
79063,84000,85696,4937,1696,1,25200,3.91096698113
79063,83987,98788,4924,14801,1,25200,1.33268022431
79063,83994,84240,4931,246,1,25200,21.0447154472
79064,84030,89813,4966,5783,1,25200,1.85872384575
79064,84019,84430,4955,411,1,25200,13.0559610706
79064,84024,85417,4960,1393,1,25200,4.56066044508
79065,84041,84044,4976,3,1,25200,497.9
79065,84036,85876,4971,1840,1,25200,3.70163043478
79065,84047,99081,4982,15034,1,25200,1.33138220035
79066,84057,84088,4991,31,1,25200,162.0
79066,84068,84069,5002,1,1,25200,500.3
79066,84063,97766,4997,13703,1,25200,1.36466467197
79067,84079,84088,5012,9,1,25200,502.1
79067,84095,85221,5028,1126,1,25200,5.46536412078
79067,84090,84174,5023,84,1,25200,60.7976190476
79067,84074,99233,5007,15159,1,25200,1.33029883238
79068,84100,87893,5032,3793,1,25200,2.3266543633
248849,248856,248859,7,3,1,25200,1.0
248850,248875,249374,25,499,1,25200,1.0501002004
248857,248899,248900,42,1,1,25200,4.3
248857,248893,248895,36,2,1,25200,3.8
248858,248917,248918,59,1,1,25200,6.0
248858,248906,248907,48,1,1,25200,4.9
248858,248911,248912,53,1,1,25200,5.4
248859,248941,248942,82,1,1,25200,8.3
248859,248935,248936,76,1,1,25200,7.7
248859,248929,249210,70,281,1,25200,1.24911032028
248859,248923,248993,64,70,1,25200,1.91428571429
248860,248960,249028,100,68,1,25200,2.47058823529
248860,248954,248970,94,16,1,25200,6.875
248861,248966,249083,105,117,1,25200,1.89743589744
248861,248971,248975,110,4,1,25200,11.4
248862,248990,248991,128,1,1,25200,12.9
248862,248983,249000,121,17,1,25200,8.11764705882
248862,248996,248997,134,1,1,25200,13.5
248862,249002,249003,140,1,1,25200,14.1
248863,249013,249501,150,488,1,25200,1.30737704918
248863,249019,249640,156,621,1,25200,1.25120772947
248863,249008,249057,145,49,1,25200,3.95918367347
248864,249032,249042,168,10,1,25200,17.8
248864,249025,251845,161,2820,1,25200,1.05709219858
248864,249038,255499,174,6461,1,25200,1.02693081566
248865,249050,249051,185,1,1,25200,18.6
248865,249045,249581,180,536,1,25200,1.33582089552
248865,249063,249064,198,1,1,25200,19.9
248865,249057,249762,192,705,1,25200,1.27234042553
248866,249069,249070,203,1,1,25200,20.4
248866,249082,249083,216,1,1,25200,21.7
248866,249075,253464,209,4389,1,25200,1.04761904762
248867,249094,249095,227,1,1,25200,22.8
248867,249088,249096,221,8,1,25200,22.9
248867,249099,249101,232,2,1,25200,23.4
248867,249107,249108,240,1,1,25200,24.1
248868,249112,249115,244,3,1,25200,24.7
248868,249118,255499,250,6381,1,25200,1.0391788121
248868,249124,249125,256,1,1,25200,25.7
248869,249142,249143,273,1,1,25200,27.4
248869,249136,249143,267,7,1,25200,27.4
248869,249130,249147,261,17,1,25200,16.3529411765
248869,249152,249179,283,27,1,25200,11.4814814815
248870,249168,249249,298,81,1,25200,4.67901234568
248870,249158,249184,288,26,1,25200,12.0769230769
248870,249163,249164,293,1,1,25200,29.4
248871,249179,249180,308,1,1,25200,30.9
248871,249174,249175,303,1,1,25200,30.4
248871,249185,249811,314,626,1,25200,1.50159744409
248872,249201,249241,329,40,1,25200,9.225
248872,249195,249201,323,6,1,25200,32.9
248872,249190,249222,318,32,1,25200,10.9375
248873,249206,249208,333,2,1,25200,33.5
248873,249217,249219,344,2,1,25200,34.6
248873,249223,249229,350,6,1,25200,35.6
248874,249228,249229,354,1,1,25200,35.5
248874,249239,255499,365,6260,1,25200,1.05830670927
248874,249234,249246,360,12,1,25200,31.0
248875,249244,251163,369,1919,1,25200,1.19228764982
248875,249255,249262,380,7,1,25200,38.7
248875,249250,249251,375,1,1,25200,37.6
248876,249266,249268,390,2,1,25200,39.2
248876,249271,251224,395,1953,1,25200,1.20225294419
248876,249260,249276,384,16,1,25200,25.0
248877,249282,249299,405,17,1,25200,24.8235294118
248877,249293,249294,416,1,1,25200,41.7
248877,249288,249289,411,1,1,25200,41.2
248877,249277,249312,400,35,1,25200,12.4285714286
248878,249298,249300,420,2,1,25200,42.2
248878,249304,249778,426,474,1,25200,1.89873417722
248879,249325,249326,446,1,1,25200,44.7
248879,249314,249315,435,1,1,25200,43.6
248880,249331,249334,451,3,1,25200,45.4
248880,249343,249373,463,30,1,25200,16.4333333333
248881,249349,249350,468,1,1,25200,46.9
248881,249355,249356,474,1,1,25200,47.5
248881,249361,250690,480,1329,1,25200,1.3611738149
248882,249366,249367,484,1,1,25200,48.5
248882,249372,249373,490,1,1,25200,49.1
248882,249379,249381,497,2,1,25200,49.9
248883,249391,249492,508,101,1,25200,6.0297029703
248883,249397,249399,514,2,1,25200,51.6
248883,249403,249438,520,35,1,25200,15.8571428571
248884,249408,249673,524,265,1,25200,2.97735849057
248884,249416,255499,532,6083,1,25200,1.08745684695
248884,249421,249438,537,17,1,25200,32.5882352941
248884,249427,249446,543,19,1,25200,29.5789473684
248885,249439,249441,554,2,1,25200,55.6
248885,249450,249453,565,3,1,25200,56.8
248885,249433,249435,548,2,1,25200,55.0
248886,249456,249457,570,1,1,25200,57.1
248886,249467,249469,581,2,1,25200,58.3
248886,249462,253684,576,4222,1,25200,1.13642823306
248887,249473,249474,586,1,1,25200,58.7
248887,249480,252063,593,2583,1,25200,1.22957801007
248888,249497,249499,609,2,1,25200,61.1
248888,249503,249504,615,1,1,25200,61.6
248888,249491,251026,603,1535,1,25200,1.39283387622
248889,249515,249562,626,47,1,25200,14.3191489362
248889,249521,249649,632,128,1,25200,5.9375
248889,249508,250290,619,782,1,25200,1.7915601023
248890,249527,249529,637,2,1,25200,63.9
248890,249533,249534,643,1,1,25200,64.4
248890,249539,249541,649,2,1,25200,65.1
248891,249557,249584,666,27,1,25200,25.6666666667
248891,249545,249748,654,203,1,25200,4.22167487685
248891,249564,249565,673,1,1,25200,67.4
248891,249552,249553,661,1,1,25200,66.2
248892,249575,249591,683,16,1,25200,43.6875
248892,249570,249613,678,43,1,25200,16.7674418605
248892,249581,249583,689,2,1,25200,69.1
248893,249600,249602,707,2,1,25200,70.9
248893,249588,249608,695,20,1,25200,35.75
248893,249594,249603,701,9,1,25200,71.0
248894,249611,255499,717,5888,1,25200,1.12177309783
248894,249618,249621,724,3,1,25200,72.7
248894,249605,252380,711,2775,1,25200,1.25621621622
248895,249629,249664,734,35,1,25200,21.9714285714
248895,249624,249649,729,25,1,25200,30.16
248895,249636,249639,741,3,1,25200,74.4
248896,249641,249642,745,1,1,25200,74.6
248896,249653,249654,757,1,1,25200,75.8
248896,249647,251996,751,2349,1,25200,1.31971051511
248897,249672,249673,775,1,1,25200,77.6
248897,249677,249699,780,22,1,25200,36.4545454545
248897,249664,249666,767,2,1,25200,76.9
248897,249658,249716,761,58,1,25200,14.1206896552
248898,249690,249692,792,2,1,25200,79.4
248898,249683,249684,785,1,1,25200,78.6
248898,249695,250464,797,769,1,25200,2.03641092328
248899,249707,249947,808,240,1,25200,4.36666666667
248899,249701,249702,802,1,1,25200,80.3
248899,249713,250035,814,322,1,25200,3.52795031056
248900,249718,249720,818,2,1,25200,82.0
248900,249729,250922,829,1193,1,25200,1.6948868399
248900,249724,249725,824,1,1,25200,82.5
248901,249748,249749,847,1,1,25200,84.8
248901,249742,249743,841,1,1,25200,84.2
248901,249735,255499,834,5764,1,25200,1.14469118668
248902,249771,249774,869,3,1,25200,87.2
248902,249765,249770,863,5,1,25200,86.8
248902,249754,249755,852,1,1,25200,85.3
248902,249759,249761,857,2,1,25200,85.9
248903,249784,249812,881,28,1,25200,32.4642857143
248903,249777,249779,874,2,1,25200,87.6
248903,249790,251942,887,2152,1,25200,1.41217472119
248904,249803,250401,899,598,1,25200,2.50334448161
248904,249796,249892,892,96,1,25200,10.2916666667
248904,249809,250309,905,500,1,25200,2.81
248905,249821,249823,916,2,1,25200,91.8
248905,249814,255499,909,5685,1,25200,1.1598944591
248905,249827,249828,922,1,1,25200,92.3
248906,249839,255499,933,5660,1,25200,1.1648409894
248906,249832,249838,926,6,1,25200,93.2
248906,249845,249846,939,1,1,25200,94.0
248907,249857,249858,950,1,1,25200,95.1
248907,249850,249859,943,9,1,25200,95.2
248907,249862,249863,955,1,1,25200,95.6
248908,249880,249881,972,1,1,25200,97.3
248908,249868,250092,960,224,1,25200,5.28571428571
248908,249886,249888,978,2,1,25200,98.0
248908,249874,249878,966,4,1,25200,97.0
248909,249897,249898,988,1,1,25200,98.9
248909,249891,250380,982,489,1,25200,3.0081799591
248909,249903,249905,994,2,1,25200,99.6
248910,249915,250783,1005,868,1,25200,2.15783410138
248910,249909,249911,999,2,1,25200,100.1
248910,249921,255499,1011,5578,1,25200,1.18124775905
248911,249940,249941,1029,1,1,25200,103.0
248911,249934,250041,1023,107,1,25200,10.5607476636
248911,249928,250118,1017,190,1,25200,6.35263157895
248912,249946,250197,1034,251,1,25200,5.11952191235
248912,249960,255499,1048,5539,1,25200,1.18920382741
248912,249953,250896,1041,943,1,25200,2.10392364793
248913,249965,249967,1052,2,1,25200,105.4
248913,249972,255499,1059,5527,1,25200,1.19160484892
248913,249978,252336,1065,2358,1,25200,1.45165394402
248913,249983,249985,1070,2,1,25200,107.2
248914,250002,250004,1088,2,1,25200,109.0
248914,249991,250004,1077,13,1,25200,83.8461538462
248914,249996,249998,1082,2,1,25200,108.4
248915,250008,250060,1093,52,1,25200,22.0192307692
248915,250014,250016,1099,2,1,25200,110.1
248915,250020,250025,1105,5,1,25200,111.0
248916,250026,250029,1110,3,1,25200,111.3
248916,250039,250041,1123,2,1,25200,112.5
248916,250033,250222,1117,189,1,25200,6.91005291005
248916,250044,250046,1128,2,1,25200,113.0
248917,250051,250054,1134,3,1,25200,113.7
248917,250063,255499,1146,5436,1,25200,1.21081677704
248917,250057,250247,1140,190,1,25200,7.0
248918,250069,253553,1151,3484,1,25200,1.3303673938
248918,250076,250138,1158,62,1,25200,19.6774193548
248919,250094,250098,1175,4,1,25200,117.9
248919,250088,250234,1169,146,1,25200,9.00684931507
248919,250081,250087,1162,6,1,25200,116.8
248919,250100,250135,1181,35,1,25200,34.7428571429
248920,250106,255500,1186,5394,1,25200,1.219873934
248920,250112,250117,1192,5,1,25200,119.7
248920,250118,250121,1198,3,1,25200,120.1
248921,250124,253833,1203,3709,1,25200,1.32434618496
248921,250130,250151,1209,21,1,25200,58.5714285714
248921,250143,250145,1222,2,1,25200,122.4
248921,250136,250138,1215,2,1,25200,121.7
248922,250148,250427,1226,279,1,25200,5.39426523297
248922,250160,254114,1238,3954,1,25200,1.31310065756
248922,250155,250162,1233,7,1,25200,124.0
248923,250172,250175,1249,3,1,25200,125.2
248923,250166,255501,1243,5335,1,25200,1.23298969072
248923,250178,250714,1255,536,1,25200,3.34141791045
248924,250191,250194,1267,3,1,25200,127.0
248924,250197,250334,1273,137,1,25200,10.2919708029
248924,250184,250186,1260,2,1,25200,126.2
248925,250203,250206,1278,3,1,25200,128.1
248925,250216,250217,1291,1,1,25200,129.2
248925,250210,250261,1285,51,1,25200,26.1960784314
248926,250222,250226,1296,4,1,25200,130.0
248926,250234,250894,1308,660,1,25200,2.98181818182
248926,250228,250291,1302,63,1,25200,21.6666666667
248927,250252,250254,1325,2,1,25200,132.7
248927,250239,250241,1312,2,1,25200,131.4
248927,250245,250247,1318,2,1,25200,132.0
248928,250258,255501,1330,5243,1,25200,1.25367156208
248928,250277,250279,1349,2,1,25200,135.1
248928,250271,250759,1343,488,1,25200,3.75204918033
248928,250265,255501,1337,5236,1,25200,1.25534759358
248929,250284,252743,1355,2459,1,25200,1.55103700691
248929,250291,250414,1362,123,1,25200,12.0731707317
248930,250310,250313,1380,3,1,25200,138.3
248930,250304,250306,1374,2,1,25200,137.6
248930,250298,250979,1368,681,1,25200,3.00881057269
248931,250322,250334,1391,12,1,25200,116.916666667
248931,250328,250489,1397,161,1,25200,9.67701863354
248931,250334,250336,1403,2,1,25200,140.5
248931,250316,250992,1385,676,1,25200,3.04881656805
248932,250352,250364,1420,12,1,25200,119.333333333
248932,250346,251223,1414,877,1,25200,2.61231470924
248932,250340,250350,1408,10,1,25200,141.8
248933,250366,251713,1433,1347,1,25200,2.06384558278
248933,250358,251082,1425,724,1,25200,2.9682320442
248933,250371,250377,1438,6,1,25200,144.4
248934,250389,250797,1455,408,1,25200,4.56617647059
248934,250378,250380,1444,2,1,25200,144.6
248934,250395,250397,1461,2,1,25200,146.3
248934,250383,250386,1449,3,1,25200,145.2
248935,250407,250409,1472,2,1,25200,147.4
248935,250401,250403,1466,2,1,25200,146.8
248936,250435,250437,1499,2,1,25200,150.1
248936,250429,250433,1493,4,1,25200,149.7
248936,250412,253178,1476,2766,1,25200,1.53362255965
248936,250424,250427,1488,3,1,25200,149.1
248937,250448,250908,1511,460,1,25200,4.2847826087
248937,250454,250970,1517,516,1,25200,3.93992248062
248937,250441,250448,1504,7,1,25200,151.1
248938,250467,250552,1529,85,1,25200,18.9882352941
248938,250460,250471,1522,11,1,25200,139.363636364
248938,250479,250481,1541,2,1,25200,154.3
248938,250473,250477,1535,4,1,25200,153.9
248939,250498,250527,1559,29,1,25200,54.7586206897
248939,250485,250824,1546,339,1,25200,5.5604719764
248939,250491,250511,1552,20,1,25200,78.6
248940,250515,252068,1575,1553,1,25200,2.01416613007
248940,250510,252060,1570,1550,1,25200,2.01290322581
248940,250503,250511,1563,8,1,25200,157.1
248941,250528,251029,1587,501,1,25200,4.16766467066
248941,250539,250541,1598,2,1,25200,160.0
248941,250522,250524,1581,2,1,25200,158.3
248941,250534,250554,1593,20,1,25200,80.65
248942,250558,251485,1616,927,1,25200,2.74325782093
248942,250546,251383,1604,837,1,25200,2.91636798088
248942,250552,250555,1610,3,1,25200,161.3
248943,250564,250845,1621,281,1,25200,6.76868327402
248943,250569,250571,1626,2,1,25200,162.8
248943,250576,250579,1633,3,1,25200,163.6
248944,250589,250610,1645,21,1,25200,79.3333333333
248944,250582,250588,1638,6,1,25200,164.4
248944,250596,250598,1652,2,1,25200,165.4
248944,250603,250606,1659,3,1,25200,166.2
248945,250616,250661,1671,45,1,25200,38.1333333333
248945,250610,250619,1665,9,1,25200,167.4
248945,250622,250629,1677,7,1,25200,168.4
248946,250639,250840,1693,201,1,25200,9.42288557214
248946,250634,250708,1688,74,1,25200,23.8108108108
248946,250627,250904,1681,277,1,25200,7.06859205776
248947,250646,250649,1699,3,1,25200,170.2
248947,250653,251146,1706,493,1,25200,4.46044624746
248947,250659,250681,1712,22,1,25200,78.8181818182
248948,250677,250811,1729,134,1,25200,13.9029850746
248948,250665,250686,1717,21,1,25200,82.7619047619
248948,250671,250674,1723,3,1,25200,172.6
248949,250694,250696,1745,2,1,25200,174.7
248949,250688,250699,1739,11,1,25200,159.090909091
248949,250683,255501,1734,4818,1,25200,1.3599003736
248950,250718,250758,1768,40,1,25200,45.2
248950,250707,255501,1757,4794,1,25200,1.36649979141
248950,250700,252773,1750,2073,1,25200,1.84418716836
248950,250713,255501,1763,4788,1,25200,1.36821219716
248951,250737,250746,1786,9,1,25200,179.5
248951,250743,250746,1792,3,1,25200,179.5
248951,250725,255501,1774,4776,1,25200,1.37144053601
248951,250731,250964,1780,233,1,25200,8.63948497854
248952,250761,250809,1809,48,1,25200,38.6875
248952,250749,252192,1797,1443,1,25200,2.24532224532
248952,250755,250764,1803,9,1,25200,181.2
248953,250768,250774,1815,6,1,25200,182.1
248953,250774,250868,1821,94,1,25200,20.3723404255
248953,250780,250783,1827,3,1,25200,183.0
248954,250799,250814,1845,15,1,25200,124.0
248954,250793,250797,1839,4,1,25200,184.3
248954,250786,250818,1832,32,1,25200,58.25
248955,250824,255501,1869,4677,1,25200,1.39961513791
248955,250806,255501,1851,4695,1,25200,1.39424920128
248955,250819,251589,1864,770,1,25200,3.42077922078
248955,250812,255501,1857,4689,1,25200,1.39603326935
248956,250843,255417,1887,4574,1,25200,1.41254919108
248956,250836,253947,1880,3111,1,25200,1.60430729669
248956,250831,251144,1875,313,1,25200,6.99041533546
248957,250849,250851,1892,2,1,25200,189.4
248957,250861,251596,1904,735,1,25200,3.59047619048
248957,250855,250862,1898,7,1,25200,190.5
248958,250868,250871,1910,3,1,25200,191.3
248958,250874,250880,1916,6,1,25200,192.2
248958,250880,250882,1922,2,1,25200,192.4
248958,250886,250889,1928,3,1,25200,193.1
248959,252344,255501,3385,3157,1,25200,2.07222046246
248959,252333,252337,3374,4,1,25200,337.8
248959,252338,255198,3379,2860,1,25200,2.18146853147
248960,252355,252356,3395,1,1,25200,339.6
248960,252349,252350,3389,1,1,25200,339.0
248961,253580,253581,4619,1,1,25200,462.0
248961,253575,253837,4614,262,1,25200,18.6106870229
248961,253595,254258,4634,663,1,25200,7.98944193062
248961,253589,253641,4628,52,1,25200,90.0
248962,253611,255155,4649,1544,1,25200,4.01101036269
248962,253605,253634,4643,29,1,25200,161.103448276
248962,253600,253650,4638,50,1,25200,93.76
248963,253622,255501,4659,1879,1,25200,3.47951037786
248963,253616,255501,4653,1885,1,25200,3.46843501326
248963,253627,253628,4664,1,1,25200,466.5
248964,253638,255501,4674,1863,1,25200,3.50885668277
248964,253643,255501,4679,1858,1,25200,3.5182992465
248964,253654,253678,4690,24,1,25200,196.416666667
248964,253649,255063,4685,1414,1,25200,4.31329561528
248965,253665,253788,4700,123,1,25200,39.2113821138
248965,253674,255501,4709,1827,1,25200,3.57744937055
248965,253660,253664,4695,4,1,25200,469.9
248966,253683,253692,4717,9,1,25200,472.6
248966,253694,253698,4728,4,1,25200,473.2
248966,253704,255390,4738,1686,1,25200,3.81020166074
248967,253725,253728,4758,3,1,25200,476.1
248967,253733,255501,4766,1768,1,25200,3.69570135747
248967,253719,254616,4752,897,1,25200,6.29765886288
248968,253758,255501,4790,1743,1,25200,3.74813539874
248968,253742,254064,4774,322,1,25200,15.8260869565
248968,253752,253865,4784,113,1,25200,43.3362831858
248969,253789,253895,4820,106,1,25200,46.4716981132
248969,253773,253777,4804,4,1,25200,480.8
248969,253778,254759,4809,981,1,25200,5.90214067278
248969,253763,255501,4794,1738,1,25200,3.7583429229
248970,253799,253892,4829,93,1,25200,52.9247311828
248970,253805,255501,4835,1696,1,25200,3.8508254717
248970,253810,254006,4840,196,1,25200,25.693877551
248971,253830,253831,4859,1,1,25200,486.0
248971,253816,254425,4845,609,1,25200,8.95566502463
248971,253824,255501,4853,1677,1,25200,3.8938580799
248972,253854,255501,4882,1647,1,25200,3.96417729205
248972,253847,253851,4875,4,1,25200,487.9
248972,253841,253844,4869,3,1,25200,487.2
248973,253861,253966,4888,105,1,25200,47.5523809524
248973,253868,254292,4895,424,1,25200,12.5448113208
248973,253873,253944,4900,71,1,25200,70.014084507
248974,253884,253894,4910,10,1,25200,492.0
248974,253879,253881,4905,2,1,25200,490.7
248974,253894,255228,4920,1334,1,25200,4.68815592204
248975,253924,255501,4949,1577,1,25200,4.13823715916
248975,253918,254364,4943,446,1,25200,12.0829596413
248975,253908,253987,4933,79,1,25200,63.4430379747
248975,253901,255403,4926,1502,1,25200,4.27962716378
248976,253946,255501,4970,1555,1,25200,4.1961414791
248976,253933,254670,4957,737,1,25200,7.72591587517
248976,253939,253943,4963,4,1,25200,496.7
248977,253967,253985,4990,18,1,25200,278.222222222
248977,253957,253961,4980,4,1,25200,498.4
248977,254907,254927,5930,20,1,25200,297.5
248978,254928,254943,5950,15,1,25200,397.666666667
248978,250923,255501,1945,4578,1,25200,1.4248580166
248978,254917,254933,5939,16,1,25200,372.1875
248979,250930,251762,1951,832,1,25200,3.34495192308
248979,250935,250937,1956,2,1,25200,195.8
248979,250941,255501,1962,4560,1,25200,1.43026315789
248980,250957,250958,1977,1,1,25200,197.8
248980,250946,251041,1966,95,1,25200,21.6947368421
248980,250952,250953,1972,1,1,25200,197.3
248981,250963,250967,1982,4,1,25200,198.6
248981,250981,251632,2000,651,1,25200,4.07219662058
248981,250968,255367,1987,4399,1,25200,1.45169356672
248981,250974,250975,1993,1,1,25200,199.4
248982,250987,251021,2005,34,1,25200,59.9705882353
248982,250992,250993,2010,1,1,25200,201.1
248983,251009,255501,2026,4492,1,25200,1.45102404274
248983,251023,251158,2040,135,1,25200,16.1111111111
248983,251015,251016,2032,1,1,25200,203.3
248983,251004,251006,2021,2,1,25200,202.3
248984,251029,251030,2045,1,1,25200,204.6
248984,251034,251035,2050,1,1,25200,205.1
248985,251045,251186,2060,141,1,25200,15.609929078
248985,251052,251058,2067,6,1,25200,207.3
248985,251040,251042,2055,2,1,25200,205.7
248986,251074,251076,2088,2,1,25200,209.0
248986,251057,251059,2071,2,1,25200,207.3
248986,251068,254607,2082,3539,1,25200,1.58830178016
248986,251063,251093,2077,30,1,25200,70.2333333333
248987,251090,251113,2103,23,1,25200,92.4347826087
248987,251085,251092,2098,7,1,25200,210.5
248987,251079,255501,2092,4422,1,25200,1.47308909995
248988,251102,251104,2114,2,1,25200,211.6
248988,251107,251108,2119,1,1,25200,212.0
248988,251096,251097,2108,1,1,25200,210.9
248989,251118,251608,2129,490,1,25200,5.34489795918
248989,251124,251521,2135,397,1,25200,6.37783375315
248989,251130,251136,2141,6,1,25200,214.7
248989,251113,251266,2124,153,1,25200,14.8823529412
248990,251142,251980,2152,838,1,25200,3.56801909308
248990,251136,251582,2146,446,1,25200,5.81165919283
248991,251148,251149,2157,1,1,25200,215.8
248991,251153,251164,2162,11,1,25200,197.545454545
248991,251159,251161,2168,2,1,25200,217.0
248992,251181,251182,2189,1,1,25200,219.0
248992,251176,251182,2184,6,1,25200,219.0
248992,251164,251324,2172,160,1,25200,14.575
248993,251199,251209,2206,10,1,25200,221.6
248993,251192,251304,2199,112,1,25200,20.6339285714
248993,251187,251786,2194,599,1,25200,4.66277128548
248994,251215,251217,2221,2,1,25200,222.3
248994,251204,251207,2210,3,1,25200,221.3
248994,251220,251437,2226,217,1,25200,11.2580645161
248995,251226,251235,2231,9,1,25200,224.0
248995,251238,251242,2243,4,1,25200,224.7
248995,251232,251369,2237,137,1,25200,17.3284671533
248995,251243,251525,2248,282,1,25200,8.97163120567
248996,251255,251256,2259,1,1,25200,226.0
248996,251250,251359,2254,109,1,25200,21.6788990826
248997,251273,252434,2276,1161,1,25200,2.96037898363
248997,251262,251268,2265,6,1,25200,227.1
248997,251267,251490,2270,223,1,25200,11.1793721973
248997,251279,251291,2282,12,1,25200,191.166666667
248998,251290,251295,2292,5,1,25200,229.7
248998,251284,255501,2286,4217,1,25200,1.54209153427
248998,251295,251314,2297,19,1,25200,121.894736842
248999,251302,251304,2303,2,1,25200,230.5
248999,251309,251312,2310,3,1,25200,231.3
248999,251315,251816,2316,501,1,25200,5.62275449102
248999,251321,253659,2322,2338,1,25200,1.99315654405
249000,251343,251345,2343,2,1,25200,234.5
249000,251326,251329,2326,3,1,25200,232.9
249000,251332,251838,2332,506,1,25200,5.60869565217
249000,251337,251340,2337,3,1,25200,234.0
249001,251359,251361,2358,2,1,25200,236.0
249001,251354,251355,2353,1,1,25200,235.4
249001,251348,255501,2347,4153,1,25200,1.56513363833
249002,251365,251369,2363,4,1,25200,236.7
249002,251370,251371,2368,1,1,25200,236.9
249002,251377,251379,2375,2,1,25200,237.7
249003,251389,251546,2386,157,1,25200,16.1974522293
249003,251383,251384,2380,1,1,25200,238.1
249003,251394,255501,2391,4107,1,25200,1.58217677137
249004,251400,251486,2396,86,1,25200,28.8604651163
249004,251411,251454,2407,43,1,25200,56.976744186
249004,251406,251409,2402,3,1,25200,240.5
249005,251417,251899,2412,482,1,25200,6.00414937759
249005,251433,252668,2428,1235,1,25200,2.96599190283
249005,251428,253773,2423,2345,1,25200,2.03326226013
249005,251422,252216,2417,794,1,25200,4.04408060453
249006,251447,251693,2441,246,1,25200,10.9227642276
249006,251454,252744,2448,1290,1,25200,2.8976744186
249006,251439,255501,2433,4062,1,25200,1.59896602659
249007,251470,251478,2463,8,1,25200,247.1
249007,251460,251486,2453,26,1,25200,95.3461538462
249007,251465,255501,2458,4036,1,25200,1.60901883053
249008,251482,251483,2474,1,1,25200,247.5
249008,251487,251518,2479,31,1,25200,80.9677419355
249008,251476,251529,2468,53,1,25200,47.5660377358
249009,251502,255501,2493,3999,1,25200,1.62340585146
249009,251497,255501,2488,4004,1,25200,1.62137862138
249009,251508,251509,2499,1,1,25200,250.0
249010,251519,253795,2509,2276,1,25200,2.10237258348
249010,251513,251584,2503,71,1,25200,36.2535211268
249010,251524,251934,2514,410,1,25200,7.13170731707
249011,251535,251538,2524,3,1,25200,252.7
249011,251546,251549,2535,3,1,25200,253.8
249011,251530,251532,2519,2,1,25200,252.1
249011,251541,251618,2530,77,1,25200,33.8571428571
249012,251555,251559,2543,4,1,25200,254.7
249012,251566,251839,2554,273,1,25200,10.3553113553
249012,251561,255501,2549,3940,1,25200,1.64695431472
249013,251585,252891,2572,1306,1,25200,2.96937212864
249013,251573,253646,2560,2073,1,25200,2.23492522914
249013,251579,251581,2566,2,1,25200,256.8
249014,251590,252012,2576,422,1,25200,7.10426540284
249014,251597,251607,2583,10,1,25200,259.3
249014,251602,251603,2588,1,1,25200,258.9
249015,251622,255501,2607,3879,1,25200,1.6720804331
249015,251617,252839,2602,1222,1,25200,3.12929623568
249016,251633,251634,2617,1,1,25200,261.8
249016,251641,251643,2625,2,1,25200,262.7
249016,251628,251629,2612,1,1,25200,261.3
249017,251647,251657,2630,10,1,25200,264.0
249017,251653,251660,2636,7,1,25200,264.3
249017,251658,255501,2641,3843,1,25200,1.68722352329
249018,251682,251889,2664,207,1,25200,13.8695652174
249018,251676,251681,2658,5,1,25200,266.3
249018,251669,251981,2651,312,1,25200,9.49679487179
249019,251693,251702,2674,9,1,25200,268.3
249019,251698,251761,2679,63,1,25200,43.5238095238
249019,251687,251688,2668,1,1,25200,266.9
249020,251711,252942,2691,1231,1,25200,3.18602761982
249020,251704,251707,2684,3,1,25200,268.7
249021,251722,251962,2701,240,1,25200,12.2541666667
249021,251727,251730,2706,3,1,25200,270.9
249021,251716,252094,2695,378,1,25200,8.12962962963
249021,251733,251743,2712,10,1,25200,272.2
249022,251748,251762,2726,14,1,25200,195.714285714
249022,251738,251740,2716,2,1,25200,271.8
249022,251753,251757,2731,4,1,25200,273.5
249023,251770,252109,2747,339,1,25200,9.10324483776
249023,251764,251765,2741,1,1,25200,274.2
249023,251759,251761,2736,2,1,25200,273.8
249024,251788,251855,2764,67,1,25200,42.2537313433
249024,251782,251808,2758,26,1,25200,107.076923077
249024,251775,255501,2751,3726,1,25200,1.7383252818
249025,251793,251839,2768,46,1,25200,61.1739130435
249025,251799,251803,2774,4,1,25200,277.8
249025,251804,251805,2779,1,1,25200,278.0
249026,251823,251825,2797,2,1,25200,279.9
249026,251817,253815,2791,1998,1,25200,2.3968968969
249026,251810,251811,2784,1,1,25200,278.5
249027,251829,252022,2802,193,1,25200,15.518134715
249027,251834,251999,2807,165,1,25200,18.0121212121
249028,251851,251853,2823,2,1,25200,282.5
249028,251856,251857,2828,1,1,25200,282.9
249028,251845,255501,2817,3656,1,25200,1.77051422319
249029,251862,251866,2833,4,1,25200,283.7
249029,251879,251882,2850,3,1,25200,285.3
249029,251873,252233,2844,360,1,25200,8.9
249030,251890,255501,2860,3611,1,25200,1.79202436998
249030,251896,251897,2866,1,1,25200,286.7
249030,251885,252926,2855,1041,1,25200,3.74255523535
249031,251912,251916,2881,4,1,25200,288.5
249031,251907,251908,2876,1,1,25200,287.7
249031,251901,252223,2870,322,1,25200,9.91304347826
249032,251923,252023,2891,100,1,25200,29.91
249032,251918,251964,2886,46,1,25200,63.7391304348
249033,251948,252893,2915,945,1,25200,4.08465608466
249033,251936,251940,2903,4,1,25200,290.7
249033,251942,255501,2909,3559,1,25200,1.81736442821
249034,251971,251999,2937,28,1,25200,105.892857143
249034,251954,255501,2920,3547,1,25200,1.82323089935
249034,251964,251966,2930,2,1,25200,293.2
249035,251993,252132,2958,139,1,25200,22.2805755396
249035,251983,252420,2948,437,1,25200,7.74599542334
249035,251998,252099,2963,101,1,25200,30.3366336634
249036,252015,255501,2979,3486,1,25200,1.85456110155
249036,252009,252010,2973,1,1,25200,297.4
249036,252004,252190,2968,186,1,25200,16.9569892473
249037,252020,253747,2983,1727,1,25200,2.72727272727
249037,252031,255502,2994,3471,1,25200,1.86257562662
249038,252047,252052,3009,5,1,25200,301.4
249038,252052,252053,3014,1,1,25200,301.5
249038,252061,252064,3023,3,1,25200,302.6
249038,252036,252097,2998,61,1,25200,50.1475409836
249039,252077,252078,3038,1,1,25200,303.9
249039,252066,252502,3027,436,1,25200,7.94266055046
249039,252072,252073,3033,1,1,25200,303.4
249040,252088,252181,3048,93,1,25200,33.7741935484
249040,252083,252084,3043,1,1,25200,304.4
249041,252099,252101,3058,2,1,25200,306.0
249041,252107,252142,3066,35,1,25200,88.6
249041,252112,252113,3071,1,1,25200,307.2
249042,252118,252169,3076,51,1,25200,61.3137254902
249042,252124,254216,3082,2092,1,25200,2.47323135755
249042,252129,253523,3087,1394,1,25200,3.21449067432
249043,252151,252154,3108,3,1,25200,311.1
249043,252140,252375,3097,235,1,25200,14.1787234043
249043,252145,252814,3102,669,1,25200,5.63677130045
249043,252134,252135,3091,1,1,25200,309.2
249044,252156,252157,3112,1,1,25200,311.3
249044,252162,253451,3118,1289,1,25200,3.41892940264
249044,252167,252600,3123,433,1,25200,8.21247113164
249045,252189,252194,3144,5,1,25200,314.9
249045,252178,252735,3133,557,1,25200,6.62477558348
249046,252194,252195,3148,1,1,25200,314.9
249046,252200,252203,3154,3,1,25200,315.7
249046,252205,255502,3159,3297,1,25200,1.95814376706
249047,252222,252463,3175,241,1,25200,14.1742738589
249047,252216,252628,3169,412,1,25200,8.69174757282
249047,252210,252594,3163,384,1,25200,9.23697916667
249048,252240,252325,3192,85,1,25200,38.5529411765
249048,252234,252236,3186,2,1,25200,318.8
249048,252245,252258,3197,13,1,25200,246.923076923
249048,252229,252364,3181,135,1,25200,24.562962963
249049,252251,252279,3202,28,1,25200,115.357142857
249049,252262,252303,3213,41,1,25200,79.3658536585
249049,252256,252258,3207,2,1,25200,320.9
249050,252273,252274,3223,1,1,25200,322.4
249050,252267,252530,3217,263,1,25200,13.2319391635
249051,252278,255502,3227,3224,1,25200,2.00093052109
249051,252289,252310,3238,21,1,25200,155.19047619
249051,252284,252463,3233,179,1,25200,19.061452514
249052,252295,252296,3243,1,1,25200,324.4
249052,252366,252408,3314,42,1,25200,79.9047619048
249052,252300,255502,3248,3202,1,25200,2.01436602124
249053,252376,254251,3323,1875,1,25200,2.77226666667
249053,252371,252504,3318,133,1,25200,25.9473684211
249053,252382,252857,3329,475,1,25200,8.00842105263
249054,252399,255502,3345,3103,1,25200,2.07798904286
249054,252393,252858,3339,465,1,25200,8.18064516129
249054,252387,252389,3333,2,1,25200,333.5
249055,252415,255502,3360,3087,1,25200,2.08843537415
249055,252410,252413,3355,3,1,25200,335.8
249055,252404,252408,3349,4,1,25200,335.3
249056,252437,252438,3381,1,1,25200,338.2
249056,252432,252435,3376,3,1,25200,337.9
249056,252426,255502,3370,3076,1,25200,2.0955786736
249057,252448,252462,3391,14,1,25200,243.214285714
249057,252442,252489,3385,47,1,25200,73.0212765957
249057,252453,252752,3396,299,1,25200,12.3578595318
249058,252464,252471,3406,7,1,25200,341.3
249058,252459,254692,3401,2233,1,25200,2.52306314375
249058,252470,252522,3412,52,1,25200,66.6153846154
249059,252486,255502,3427,3016,1,25200,2.13627320955
249059,252475,252806,3416,331,1,25200,11.3202416918
249060,252508,252687,3448,179,1,25200,20.2625698324
249060,252497,252808,3437,311,1,25200,12.0514469453
249060,252492,252651,3432,159,1,25200,22.5849056604
249060,252503,253354,3443,851,1,25200,5.04582843713
249061,252519,253500,3458,981,1,25200,4.5249745158
249061,252525,252528,3464,3,1,25200,346.7
249062,252541,252843,3479,302,1,25200,12.5198675497
249062,252535,252537,3473,2,1,25200,347.5
249062,252530,254303,3468,1773,1,25200,2.95600676819
249063,252557,255502,3494,2945,1,25200,2.18641765705
249063,252552,255375,3489,2823,1,25200,2.23591923486
249063,252546,252553,3483,7,1,25200,349.0
249064,252574,252596,3510,22,1,25200,160.545454545
249064,252563,252564,3499,1,1,25200,350.0
249064,252568,252669,3504,101,1,25200,35.6930693069
249065,252590,252876,3525,286,1,25200,13.3251748252
249065,252579,252581,3514,2,1,25200,351.6
249065,252596,253039,3531,443,1,25200,8.97065462754
249065,252585,252586,3520,1,1,25200,352.1
249066,252612,252628,3546,16,1,25200,222.625
249066,252601,252684,3535,83,1,25200,43.5903614458
249066,252607,255502,3541,2895,1,25200,2.2231433506
249067,252623,252631,3556,8,1,25200,356.4
249067,252629,252743,3562,114,1,25200,32.2456140351
249067,252618,252619,3551,1,1,25200,355.2
249067,252634,252695,3567,61,1,25200,59.4754098361
249068,252653,252747,3585,94,1,25200,39.1382978723
249068,252645,252649,3577,4,1,25200,358.1
249068,252640,255502,3572,2862,1,25200,2.24807826695
249069,252669,252674,3600,5,1,25200,360.5
249069,252658,255192,3589,2534,1,25200,2.41633780584
249069,252664,252665,3595,1,1,25200,359.6
249070,252680,252683,3610,3,1,25200,361.3
249070,252675,254156,3605,1481,1,25200,3.43416610398
249071,252702,252705,3631,3,1,25200,363.4
249071,252707,252719,3636,12,1,25200,304.0
249071,252691,254384,3620,1693,1,25200,3.13821618429
249071,252697,252698,3626,1,1,25200,362.7
249072,252713,255502,3641,2789,1,25200,2.30548583722
249072,252718,252719,3646,1,1,25200,364.7
249072,252724,252725,3652,1,1,25200,365.3
249073,252740,252867,3667,127,1,25200,29.874015748
249073,252735,255502,3662,2767,1,25200,2.32345500542
249073,252729,252730,3656,1,1,25200,365.7
249074,252751,252755,3677,4,1,25200,368.1
249074,252757,252762,3683,5,1,25200,368.8
249074,252762,253080,3688,318,1,25200,12.5974842767
249075,252768,253266,3693,498,1,25200,8.4156626506
249075,252773,252776,3698,3,1,25200,370.1
249076,252792,252795,3716,3,1,25200,371.9
249076,252779,252830,3703,51,1,25200,73.6078431373
249076,252784,252788,3708,4,1,25200,371.2
249077,252803,253323,3726,520,1,25200,8.16538461538
249077,252814,255197,3737,2383,1,25200,2.56819135543
249077,252797,252799,3720,2,1,25200,372.2
249077,252808,252821,3731,13,1,25200,288.0
249078,252831,252832,3753,1,1,25200,375.4
249078,252825,252828,3747,3,1,25200,375.0
249078,252819,252843,3741,24,1,25200,156.875
249079,252847,252848,3768,1,1,25200,376.9
249079,252842,255502,3763,2660,1,25200,2.41466165414
249079,252836,252839,3757,3,1,25200,376.0
249080,252864,252891,3784,27,1,25200,141.148148148
249080,252858,252859,3778,1,1,25200,377.9
249080,252853,253087,3773,234,1,25200,17.1239316239
249081,252875,255502,3794,2627,1,25200,2.44423296536
249081,252880,253145,3799,265,1,25200,15.3358490566
249081,252869,252870,3788,1,1,25200,378.9
249082,252901,252902,3819,1,1,25200,382.0
249082,252907,252917,3825,10,1,25200,383.5
249082,252896,252950,3814,54,1,25200,71.6296296296
249083,252912,255502,3829,2590,1,25200,2.47837837838
249083,252923,252952,3840,29,1,25200,133.413793103
249084,252940,252955,3856,15,1,25200,258.066666667
249084,252934,252935,3850,1,1,25200,385.1
249084,252929,252969,3845,40,1,25200,97.125
249085,252945,255502,3860,2557,1,25200,2.50958154087
249085,252951,252956,3866,5,1,25200,387.1
249085,252962,252973,3877,11,1,25200,353.454545455
249085,252957,253059,3872,102,1,25200,38.9607843137
249086,252973,253802,3887,829,1,25200,5.68878166466
249086,252967,252971,3881,4,1,25200,388.5
249087,252984,253070,3897,86,1,25200,46.3139534884
249087,252993,253117,3906,124,1,25200,32.5
249087,252998,253471,3911,473,1,25200,9.26849894292
249088,253004,253189,3916,185,1,25200,22.1675675676
249088,253009,253376,3921,367,1,25200,11.6839237057
249088,253015,253016,3927,1,1,25200,392.8
249089,253031,255502,3942,2471,1,25200,2.59530554431
249089,253038,253040,3949,2,1,25200,395.1
249089,253026,253027,3937,1,1,25200,393.8
249089,253020,253021,3931,1,1,25200,393.2
249090,253044,255502,3954,2458,1,25200,2.60862489829
249090,253055,255502,3965,2447,1,25200,2.62035145076
249090,253050,253053,3960,3,1,25200,396.3
249091,253062,253924,3971,862,1,25200,5.60672853828
249091,253068,254237,3977,1169,1,25200,4.40205303678
249092,253078,253079,3986,1,1,25200,398.7
249092,253089,253091,3997,2,1,25200,399.9
249092,253084,253101,3992,17,1,25200,235.823529412
249093,253111,253540,4018,429,1,25200,10.365967366
249093,253100,253105,4007,5,1,25200,401.2
249093,253105,253108,4012,3,1,25200,401.5
249093,253116,254901,4023,1785,1,25200,3.25378151261
249094,253127,253128,4033,1,1,25200,403.4
249094,253122,253193,4028,71,1,25200,57.7323943662
249095,253154,253158,4059,4,1,25200,406.3
249095,253138,253633,4043,495,1,25200,9.16767676768
249096,253160,253161,4064,1,1,25200,406.5
249096,253172,253191,4076,19,1,25200,215.526315789
249096,253165,253178,4069,13,1,25200,314.0
249097,253183,253294,4086,111,1,25200,37.8108108108
249097,253189,253496,4092,307,1,25200,14.328990228
249098,253200,253204,4102,4,1,25200,410.6
249098,253205,253206,4107,1,1,25200,410.8
249098,253194,253198,4096,4,1,25200,410.0
249099,253221,255502,4122,2281,1,25200,2.80710214818
249099,253211,253243,4112,32,1,25200,129.5
249099,253216,255502,4117,2286,1,25200,2.8009623797
249099,253227,253334,4128,107,1,25200,39.5794392523
249100,253232,253362,4132,130,1,25200,32.7846153846
249100,253238,253361,4138,123,1,25200,34.6422764228
249101,253252,253255,4151,3,1,25200,415.4
249101,253243,253244,4142,1,1,25200,414.3
249101,253258,253263,4157,5,1,25200,416.2
249102,253269,253279,4167,10,1,25200,417.7
249102,253280,253284,4178,4,1,25200,418.2
249102,253264,255502,4162,2238,1,25200,2.85969615728
249102,253275,253276,4173,1,1,25200,417.4
249103,253291,253295,4188,4,1,25200,419.2
249103,253296,253482,4193,186,1,25200,23.5430107527
249103,253306,253308,4203,2,1,25200,420.5
249104,253323,254103,4219,780,1,25200,6.40897435897
249104,253312,253422,4208,110,1,25200,39.2545454545
249104,253317,253319,4213,2,1,25200,421.5
249105,253337,255502,4232,2165,1,25200,2.95473441109
249105,253329,253331,4224,2,1,25200,422.6
249105,253344,253349,4239,5,1,25200,424.4
249106,253349,255502,4243,2153,1,25200,2.97073850441
249106,253360,254151,4254,791,1,25200,6.37800252845
249106,253370,255502,4264,2132,1,25200,3.0
249107,253376,255502,4269,2126,1,25200,3.00799623706
249107,253387,255502,4280,2115,1,25200,3.02364066194
249107,253381,253392,4274,11,1,25200,389.545454545
249108,253409,255502,4301,2093,1,25200,3.05494505495
249108,253399,253402,4291,3,1,25200,429.4
249108,253392,253405,4284,13,1,25200,330.538461538
249109,253426,253701,4317,275,1,25200,16.6981818182
249109,253420,255502,4311,2082,1,25200,3.07060518732
249109,253415,253531,4306,116,1,25200,38.1206896552
249110,253450,255502,4340,2052,1,25200,3.11500974659
249110,253431,253432,4321,1,1,25200,432.2
249110,253442,254149,4332,707,1,25200,7.12729844413
249110,253437,255502,4327,2065,1,25200,3.09539951574
249111,253458,253466,4347,8,1,25200,435.5
249111,253469,253544,4358,75,1,25200,59.1066666667
249112,253491,253492,4379,1,1,25200,438.0
249112,253485,253486,4373,1,1,25200,437.4
249112,253480,255502,4368,2022,1,25200,3.16023738872
249112,253475,255502,4363,2027,1,25200,3.15244203256
249113,253504,255502,4391,1998,1,25200,3.1976976977
249113,253497,255502,4384,2005,1,25200,3.18653366584
249114,253509,253530,4395,21,1,25200,210.285714286
249114,253520,253528,4406,8,1,25200,441.4
249114,253515,255502,4401,1987,1,25200,3.21489682939
249115,253542,255502,4427,1960,1,25200,3.25867346939
249115,253536,255502,4421,1966,1,25200,3.2487283825
249115,253530,253542,4415,12,1,25200,368.916666667
249115,253978,253997,4863,19,1,25200,256.947368421
249116,253988,254009,4872,21,1,25200,233.0
249116,253999,254020,4883,21,1,25200,233.523809524
249116,254009,254025,4893,16,1,25200,306.8125
249117,254019,254036,4902,17,1,25200,289.352941176
249117,254030,254051,4913,21,1,25200,234.952380952
249117,254040,254060,4923,20,1,25200,247.15
249117,254050,254072,4933,22,1,25200,225.227272727
249118,254082,254103,4964,21,1,25200,237.380952381
249118,254071,254092,4953,21,1,25200,236.857142857
249118,254061,254080,4943,19,1,25200,261.157894737
249119,254092,254113,4973,21,1,25200,237.80952381
249119,254103,254122,4984,19,1,25200,263.315789474
249119,254113,254137,4994,24,1,25200,209.083333333
249120,254124,254149,5004,25,1,25200,201.16
249120,254134,254155,5014,21,1,25200,239.761904762
249120,254144,254164,5024,20,1,25200,252.2
249121,254176,254197,5055,21,1,25200,241.714285714
249121,254186,254211,5065,25,1,25200,203.6
249121,254165,254185,5044,20,1,25200,253.2
249121,254155,254176,5034,21,1,25200,240.714285714
249122,254197,254218,5075,21,1,25200,242.666666667
249122,254207,254235,5085,28,1,25200,182.607142857
249122,254217,254245,5095,28,1,25200,182.964285714
249123,254228,254251,5105,23,1,25200,222.956521739
249123,254238,254259,5115,21,1,25200,244.571428571
249123,254249,254269,5126,20,1,25200,257.3
249124,254259,254278,5135,19,1,25200,271.263157895
249124,254270,254289,5146,19,1,25200,271.842105263
249124,254280,254301,5156,21,1,25200,246.523809524
249125,254301,254318,5176,17,1,25200,305.470588235
249125,254311,254325,5186,14,1,25200,371.428571429
249125,254290,254306,5165,16,1,25200,323.8125
249126,254322,254339,5196,17,1,25200,306.647058824
249126,254332,254350,5206,18,1,25200,290.222222222
249126,254342,254360,5216,18,1,25200,290.777777778
249127,254353,254374,5226,21,1,25200,249.857142857
249127,254384,254399,5257,15,1,25200,351.466666667
249127,254363,254385,5236,22,1,25200,239.0
249127,254374,254391,5247,17,1,25200,309.647058824
249128,254415,254428,5287,13,1,25200,407.692307692
249128,254405,254418,5277,13,1,25200,406.923076923
249128,254394,254407,5266,13,1,25200,406.076923077
249129,254436,254447,5307,11,1,25200,483.454545455
249129,254426,254438,5297,12,1,25200,442.416666667
249129,254446,254458,5317,12,1,25200,444.083333333
249130,254457,254472,5327,15,1,25200,356.133333333
249130,254467,254480,5337,13,1,25200,411.538461538
249130,254478,254487,5348,9,1,25200,535.7
249131,254488,254492,5357,4,1,25200,536.1
249132,254563,254578,5431,15,1,25200,363.066666667
249132,254552,254572,5420,20,1,25200,272.0
249132,254532,254547,5400,15,1,25200,361.0
249132,254542,254559,5410,17,1,25200,319.235294118
249133,254573,254596,5440,23,1,25200,237.52173913
249133,254584,254613,5451,29,1,25200,188.965517241
249133,254594,254612,5461,18,1,25200,304.388888889
249134,254605,254622,5471,17,1,25200,322.823529412
249134,254615,254633,5481,18,1,25200,305.5
249134,254626,254645,5492,19,1,25200,290.052631579
249135,254646,254662,5511,16,1,25200,345.4375
249135,254636,254649,5501,13,1,25200,424.153846154
249135,254657,254673,5522,16,1,25200,346.125
249135,254667,254686,5532,19,1,25200,292.157894737
249136,254678,254689,5542,11,1,25200,504.818181818
249136,254688,254698,5552,10,1,25200,556.2
249137,254719,254732,5582,13,1,25200,430.384615385
249137,254698,254710,5561,12,1,25200,464.416666667
249137,254709,254717,5572,8,1,25200,558.0
249137,254730,254743,5593,13,1,25200,431.230769231
249138,254761,254773,5623,12,1,25200,469.583333333
249138,254751,254764,5613,13,1,25200,432.769230769
249138,254740,254752,5602,12,1,25200,467.833333333
249139,254792,254802,5653,10,1,25200,566.3
249139,254771,254783,5632,12,1,25200,470.333333333
249139,254782,254793,5643,11,1,25200,514.0
249140,254803,254814,5663,11,1,25200,515.818181818
249140,254813,254830,5673,17,1,25200,334.705882353
249140,254824,254839,5684,15,1,25200,379.933333333
249141,254855,254867,5714,12,1,25200,477.166666667
249141,254834,254850,5693,16,1,25200,356.8125
249141,254845,254864,5704,19,1,25200,301.210526316
249142,254865,254877,5723,12,1,25200,477.916666667
249142,254886,254905,5744,19,1,25200,303.315789474
249142,254897,254912,5755,15,1,25200,384.666666667
249142,254876,254890,5734,14,1,25200,410.571428571
339034,339044,339050,10,6,20,3600,1.6
343290,343300,343301,10,1,1,240,1.1
370394,370403,370416,9,13,128,10800,1.69230769231
370685,370694,371472,9,778,128,10800,1.01156812339
372353,372365,373424,12,1059,64,10800,1.01133144476
373801,373810,373951,9,141,128,43200,1.06382978723
373988,373997,374886,9,889,128,43200,1.01012373453
374072,394267,457074,20195,62807,20,86399,1.32154059261
374095,394279,408432,20184,14153,20,86399,2.42612873596
374184,394256,438804,20072,44548,20,86399,1.4505701715
374629,393888,393889,19259,1,5,16200,1926.0
374637,393900,393901,19263,1,5,16200,1926.4
374651,374668,383411,17,8743,5,16200,1.00194441267
374657,393912,393914,19255,2,5,16200,1925.7
374678,374698,383023,20,8325,5,16200,1.0024024024
374686,374712,383716,26,9004,5,16200,1.00288760551
374704,393876,401428,19172,7552,5,16200,3.53866525424
374761,374774,374820,13,46,1,36000,1.28260869565
375353,375368,383368,15,8000,1,36000,1.001875
375462,375474,377401,12,1927,1,7200,1.00622729632
375700,375770,379894,70,4124,5,28800,1.01697381183
375713,375801,380047,88,4246,5,28800,1.0207253886
375726,375811,380198,85,4387,5,28800,1.0193754274
376603,376615,380718,12,4103,2,54000,1.00292468925
376902,376916,380725,14,3809,2,54000,1.00367550538
377539,377551,380732,12,3181,2,54000,1.00377239862
378008,394521,394522,16513,1,1,36000,1651.4
378373,394290,394295,15917,5,10,93000,1592.2
378604,394582,423859,15978,29277,1,53400,1.54575263859
379750,379762,380737,12,975,2,54000,1.01230769231
379775,379792,379793,17,1,1,258630,1.8
380836,394533,394534,13697,1,1,72000,1369.8
393862,394546,394547,684,1,1,36000,68.5
393862,394397,448420,535,54023,2,54000,1.00990318938
393862,394410,448418,548,54008,2,54000,1.01014664494
393862,394386,448413,524,54027,2,54000,1.00969885428
393862,394425,395891,563,1466,2,216000,1.38403819918
395198,395213,395214,15,1,1,36000,1.6
395216,395230,395231,14,1,1,36000,1.5
395315,395327,395328,12,1,1,36000,1.3
395402,395414,396068,12,654,1,36000,1.01834862385
395443,395459,395462,16,3,1,36000,1.9
395453,395472,488509,19,93037,16,93000,1.00020421983
395459,395483,397338,24,1855,16,7200,1.01293800539
395525,395538,395541,13,3,1,36000,1.6
395681,395697,406823,16,11126,5,16200,1.00143807298
395689,395711,405145,22,9434,5,16200,1.00233199067
395709,395726,408345,17,12619,5,16200,1.00134717489
396100,396116,409471,16,13355,2,72000,1.00119805316
396172,396185,432543,13,36358,2,72000,1.00035755542
396252,396265,540291,13,144026,2,144000,1.00009026148
396253,396281,403851,28,7570,1,36000,1.0036988111
396313,396328,400412,15,4084,1,36000,1.00367286974
396635,396649,483059,14,86410,20,86399,1.00016201828
396674,396688,429281,14,32593,20,86399,1.00042954009
396765,396779,415199,14,18420,2,144000,1.00076004343
396856,396871,427927,15,31056,2,144000,1.00048299845
396935,396948,495863,13,98915,4,144000,1.00013142597
397067,397080,433084,13,36004,2,36000,1.00036107099
397158,397171,416456,13,19285,24,28800,1.00067409904
397180,397192,400664,12,3472,8,3600,1.0034562212
397312,397362,428571,50,31209,24,36000,1.00160210196
397564,459278,567313,61714,108035,16,108000,1.57124080159
397848,398942,404291,1094,5349,4,36060,1.20452421013
398131,398146,443978,15,45832,1,252000,1.00032728225
398407,398420,478041,13,79621,1,252000,1.00016327351
398506,749319,1181332,350813,432013,20,432000,1.81204269316
398632,398979,590734,347,191755,1,252000,1.00180960079
398700,398958,453002,258,54044,2,54000,1.00477388794
398786,412143,429110,13357,16967,10,57600,1.78723404255
398802,398996,399002,194,6,1,3600,20.0
398998,412157,414275,13159,2118,10,57600,7.21293673277
399011,399052,412465,41,13413,1,108000,1.003056736
399012,399037,453052,25,54015,2,54000,1.0004628344
399031,399067,399070,36,3,1,252000,3.9
399059,399080,506806,21,107726,1,258600,1.00019493901
399080,399102,466768,22,67666,1,252000,1.00032512636
399123,429317,429318,30194,1,1,3600,3019.5
399160,400439,489525,1279,89086,1,252000,1.01435691354
399344,429353,430083,30009,730,1,1500,42.1082191781
399452,400689,689031,1237,288342,6,604800,1.00429004446
399538,400702,410541,1164,9839,2,43200,1.11830470576
399578,749370,1057345,349792,307975,6,604800,2.13578050166
399580,403899,411317,4319,7418,1,25200,1.58223240766
399703,409500,433693,9797,24193,2,43200,1.40495184558
399993,431165,651790,31172,220625,1,252000,1.14128951841
400314,400327,403573,13,3246,10,86400,1.00400492914
400407,408458,412062,8051,3604,20,3600,3.23390677026
400686,414311,446239,13625,31928,2,43200,1.42674141819
400751,416536,416757,15785,221,8,3600,72.4253393665
400783,411341,411343,10558,2,1,43200,1056.0
400903,410568,464613,9665,54045,2,54000,1.17883245444
400915,411367,446434,10452,35067,1,36000,1.29805800325
400942,412489,412506,11547,17,1,36000,680.235294118
400991,432599,439426,31608,6827,1,115200,5.629852058
401135,415228,469244,14093,54016,2,54000,1.26090417654
401240,416547,423798,15307,7251,8,7200,3.11101916977
401466,444056,526217,42590,82161,4,86400,1.51837246382
401978,405223,441262,3245,36039,4,36000,1.0900413441
402002,416571,452621,14569,36050,2,36000,1.4041331484
402034,414299,443234,12265,28935,8,28920,1.42388111284
403694,403710,407736,16,4026,10,86400,1.00397416791
403794,416582,452593,12788,36011,2,36000,1.35511371525
404021,416781,452807,12760,36026,2,36000,1.35418864154
404027,404045,408218,18,4173,5,28800,1.00431344357
404039,405165,409508,1126,4343,5,28800,1.25926778724
404046,406851,411184,2805,4333,5,28800,1.64735748904
404372,416793,417151,12421,358,2,10800,35.6955307263
404502,416805,416832,12303,27,2,3600,456.666666667
404630,416559,452630,11929,36071,4,36060,1.33070887971
404688,416816,416906,12128,90,2,10800,135.755555556
404811,448458,459171,43647,10713,128,43200,5.07420890507
404826,416861,416904,12035,43,2,10800,280.88372093
405121,416955,417166,11834,211,2,14400,57.0853080569
405575,416968,452989,11393,36021,2,36000,1.31628772105
405764,412530,448543,6766,36013,1,36000,1.18787660012
406037,423884,431141,17847,7257,1,36000,3.4592806945
406086,417217,453262,11131,36045,2,36000,1.3088084339
406281,417229,453242,10948,36013,2,36000,1.30400133285
406598,427955,463967,21357,36012,2,36000,1.59305231589
406936,438934,492726,31998,53792,1,258600,1.59484681737
407762,444008,444033,36246,25,4,72000,1450.84
408280,408292,416564,12,8272,10,86400,1.00145067698
409575,429293,429294,19718,1,1,1800,1971.9
410365,429393,429625,19028,232,10,10799,83.0172413793
416858,416874,416906,16,32,2,7200,1.5
416874,416888,416920,14,32,2,7200,1.4375
416890,416903,416935,13,32,2,7200,1.40625
416907,416921,416954,14,33,2,7200,1.42424242424
416924,417005,417037,81,32,2,7200,3.53125
416941,417017,417049,76,32,2,7200,3.375
416958,417031,417063,73,32,2,7200,3.28125
416973,417043,417075,70,32,2,7200,3.1875
416989,417056,417088,67,32,2,7200,3.09375
417009,417068,417100,59,32,2,7200,2.84375
417012,423817,423920,6805,103,8,3540,67.067961165
417026,417081,417113,55,32,2,7200,2.71875
417042,417121,417152,79,31,2,7200,3.54838709677
417060,417133,417164,73,31,2,7200,3.35483870968
417075,417144,417176,69,32,2,7200,3.15625
417091,417178,417197,87,19,2,7200,5.57894736842
417228,417257,420252,29,2995,2,7200,1.00968280467
417244,417271,420507,27,3236,2,7200,1.00834363412
417257,417285,420599,28,3314,2,7200,1.00844900422
417274,417299,420989,25,3690,2,7200,1.00677506775
417289,417313,420791,24,3478,2,7200,1.00690051754
417306,417327,420498,21,3171,2,7200,1.00662251656
417322,417341,420720,19,3379,2,7200,1.00562296537
417339,417354,420960,15,3606,2,7200,1.00415973378
417355,417370,420820,15,3450,2,7200,1.00434782609
417370,417387,420767,17,3380,2,7200,1.0050295858
417389,417404,420563,15,3159,2,7200,1.00474833808
417407,417422,420347,15,2925,2,7200,1.00512820513
417421,417437,420934,16,3497,2,7200,1.0045753503
417438,417453,421206,15,3753,2,7200,1.00399680256
417454,417467,420884,13,3417,2,7200,1.00380450688
418822,423964,424294,5142,330,8,3600,16.5818181818
419116,428261,442703,9145,14442,20,14400,1.63322254535
419802,424321,430797,4519,6476,8,7200,1.69780728845
419816,428669,432118,8853,3449,8,7200,3.5668309655
419836,428680,431012,8844,2332,8,7200,4.79245283019
419857,429135,430416,9278,1281,8,7200,8.24277907884
419900,430455,433155,10555,2700,8,7200,4.90925925926
419921,430821,431390,10900,569,8,7200,20.1564147627
419946,431037,436458,11091,5421,8,7200,3.04593248478
420271,420284,423402,13,3118,2,7200,1.00416933932
420361,420375,423899,14,3524,2,7200,1.00397275823
420513,420532,423902,19,3370,2,7200,1.0056379822
420541,420555,423366,14,2811,2,7200,1.00498043401
420579,420591,424099,12,3508,2,7200,1.00342075257
420614,420626,423604,12,2978,2,7200,1.00402955003
420732,420744,424179,12,3435,2,7200,1.00349344978
420780,420793,423801,13,3008,2,7200,1.00432180851
420810,420824,423893,14,3069,2,7200,1.0045617465
420841,420855,423981,14,3126,2,7200,1.00447856686
420850,429305,430040,8455,735,1,43200,12.5034013605
420899,420912,423645,13,2733,2,7200,1.00475667764
420953,420966,424309,13,3343,2,7200,1.0038887227
420983,420995,424101,12,3106,2,7200,1.00386349002
421010,421022,424481,12,3459,2,7200,1.00346921075
421221,421235,424967,14,3732,2,7200,1.00375133976
423383,423394,426436,11,3042,2,7200,1.00361604208
423418,423431,426976,13,3545,2,7200,1.00366713681
423620,423634,426712,14,3078,2,7200,1.00454840806
423661,423674,426828,13,3154,2,7200,1.00412175016
423809,423835,427636,26,3801,2,7200,1.00684030518
423912,423949,427484,37,3535,2,7200,1.01046676096
423941,423978,427202,37,3224,2,7200,1.0114764268
423960,423989,427164,29,3175,2,7200,1.00913385827
423998,424011,427010,13,2999,2,7200,1.00433477826
424115,424133,427301,18,3168,2,7200,1.00568181818
424146,424158,427618,12,3460,2,7200,1.00346820809
424196,424209,427275,13,3066,2,7200,1.00424005219
424326,424342,427994,16,3652,2,7200,1.00438116101
424497,424510,428346,13,3836,2,7200,1.00338894682
424984,424999,428208,15,3209,2,7200,1.00467435338
426449,426462,430124,13,3662,2,7200,1.00354997269
426727,426740,429749,13,3009,2,7200,1.00432037222
426845,426859,430416,14,3557,2,7200,1.00393590104
426991,427008,430504,17,3496,2,7200,1.00486270023
427027,427040,429881,13,2841,2,7200,1.00457585357
427159,429147,430062,1988,915,2,7200,3.17267759563
427178,427191,430389,13,3198,2,7200,1.00406504065
427217,427230,430459,13,3229,2,7200,1.00402601425
427292,427305,430719,13,3414,2,7200,1.00380785003
427323,427336,431160,13,3824,2,7200,1.00339958159
427499,427512,431254,13,3742,2,7200,1.00347407803
427555,428657,429269,1102,612,8,3600,2.80065359477
427633,427645,431046,12,3401,2,7200,1.00352837401
427662,427675,431316,13,3641,2,7200,1.00357044768
427845,453013,468915,25168,15902,9,108000,2.58269400075
428010,428023,431636,13,3613,2,7200,1.00359811791
428226,428240,431420,14,3180,2,7200,1.00440251572
428318,429341,429909,1023,568,1,3600,2.80105633803
428362,428375,431592,13,3217,2,7200,1.00404103202
429708,429720,429721,12,1,1,240,1.3
429713,429733,434356,20,4623,8,7200,1.00432619511
429763,429777,433141,14,3364,2,7200,1.00416171225
429898,429910,433750,12,3840,2,7200,1.003125
430065,430079,430298,14,219,8,3600,1.06392694064
430142,430155,432987,13,2832,2,7200,1.00459039548
430165,430177,432265,12,2088,10,7200,1.00574712644
430334,430345,431822,11,1477,1,7200,1.00744752877
430408,430422,433484,14,3062,2,7200,1.00457217505
430445,430470,433621,25,3151,2,7200,1.00793398921
430469,430496,430501,27,5,1,3600,3.2
430477,430510,433791,33,3281,2,7200,1.01005790917
430522,430538,434026,16,3488,2,7200,1.00458715596
430626,430639,430715,13,76,1,3600,1.17105263158
430736,430749,434292,13,3543,2,7200,1.00366920689
430855,430868,431107,13,239,1,3600,1.05439330544
431062,431074,434507,12,3433,2,7200,1.003495485
431175,431188,434508,13,3320,2,7200,1.00391566265
431271,431285,434570,14,3285,2,7200,1.00426179604
431334,431347,434569,13,3222,2,7200,1.00403476102
431414,431427,431901,13,474,1,3600,1.02742616034
431435,431449,434885,14,3436,2,7200,1.00407450524
431608,431621,434961,13,3340,2,7200,1.00389221557
431653,431665,435198,12,3533,2,7200,1.00339654684
433005,433018,436403,13,3385,2,7200,1.00384047267
433158,433171,436831,13,3660,2,7200,1.00355191257
433227,433240,433341,13,101,8,3540,1.12871287129
433498,433511,436717,13,3206,2,7200,1.00405489707
433637,433650,436867,13,3217,2,7200,1.00404103202
433769,433781,437278,12,3497,2,7200,1.00343151273
433808,433820,436502,12,2682,2,7200,1.00447427293
434040,434053,436959,13,2906,2,7200,1.0044735031
434190,434203,434991,13,788,8,3540,1.01649746193
434309,434321,437939,12,3618,2,7200,1.00331674959
434522,434541,437529,19,2988,2,7200,1.00635876841
434550,434562,438149,12,3587,2,7200,1.00334541399
434585,434604,437767,19,3163,2,7200,1.00600695542
434602,434618,437405,16,2787,2,7200,1.00574094008
434903,434916,438107,13,3191,2,7200,1.00407395801
434978,434992,438309,14,3317,2,7200,1.00422068134
435216,435229,438606,13,3377,2,7200,1.00384957062
436418,436431,439700,13,3269,2,7200,1.0039767513
436519,436531,439925,12,3394,2,7200,1.00353565115
436733,436746,439452,13,2706,2,7200,1.00480413895
436848,436860,440276,12,3416,2,7200,1.00351288056
436885,436898,440080,13,3182,2,7200,1.00408548083
436972,436985,439907,13,2922,2,7200,1.00444900753
437012,437025,442575,13,5550,10,7200,1.00234234234
437294,437306,440449,12,3143,2,7200,1.00381800827
437424,437440,440404,16,2964,2,7200,1.00539811066
437546,437562,441001,16,3439,2,7200,1.00465251527
437782,437795,440600,13,2805,2,7200,1.00463458111
437955,437968,441013,13,3045,2,7200,1.00426929392
438121,438135,441496,14,3361,2,7200,1.00416542696
438163,438176,441576,13,3400,2,7200,1.00382352941
438327,438340,441865,13,3525,2,7200,1.00368794326
438620,438629,442129,9,3500,2,7200,1.00257142857
439469,439482,442392,13,2910,2,7200,1.00446735395
439716,439729,442655,13,2926,2,7200,1.0044429255
439920,439930,443028,10,3098,2,7200,1.00322788896
439949,439961,443090,12,3129,2,7200,1.00383509108
440094,440107,443477,13,3370,2,7200,1.00385756677
440292,440305,443715,13,3410,2,7200,1.00381231672
440418,440432,443843,14,3411,2,7200,1.00410436822
440466,440479,443329,13,2850,2,7200,1.00456140351
440614,440627,443979,13,3352,2,7200,1.00387828162
440911,457098,476413,16187,19315,24,28800,1.83805332643
440934,459198,490316,18264,31118,24,36000,1.58692718041
441016,441030,444457,14,3427,2,7200,1.00408520572
441055,441074,444341,19,3267,2,7200,1.00581573309
441514,441527,444756,13,3229,2,7200,1.00402601425
441593,441607,444832,14,3225,2,7200,1.00434108527
441883,441895,445434,12,3539,2,7200,1.00339078836
442147,442159,445158,12,2999,2,7200,1.00400133378
442411,442424,446077,13,3653,2,7200,1.00355871886
442672,442686,445923,14,3237,2,7200,1.00432499228
443047,443059,445962,12,2903,2,7200,1.00413365484
443105,443118,446134,13,3016,2,7200,1.00431034483
443346,443360,446641,14,3281,2,7200,1.00426699177
443489,443500,446765,11,3265,2,7200,1.00336906585
443733,443746,446995,13,3249,2,7200,1.00400123115
443858,443871,446659,13,2788,2,7200,1.00466284075
443992,444023,447241,31,3218,2,7200,1.00963331262
444355,444365,447604,10,3239,2,7200,1.00308737265
444473,444487,447664,14,3177,2,7200,1.00440667296
444776,444790,448436,14,3646,2,7200,1.00383982447
444847,444860,447766,13,2906,2,7200,1.0044735031
445168,445180,448924,12,3744,2,7200,1.00320512821
445444,445457,448766,13,3309,2,7200,1.00392867936
445936,445950,449303,14,3353,2,7200,1.00417536534
445978,445991,449334,13,3343,2,7200,1.0038887227
446087,446097,449524,10,3427,2,7200,1.00291800409
446146,446161,449427,15,3266,2,7200,1.00459277404
446657,446670,449976,13,3306,2,7200,1.0039322444
446686,446700,449939,14,3239,2,7200,1.0043223217
446781,446796,450007,15,3211,2,7200,1.00467144192
447014,447027,450712,13,3685,2,7200,1.00352781547
447258,447271,450828,13,3557,2,7200,1.00365476525
447622,447638,451158,16,3520,2,7200,1.00454545455
447681,447695,450842,14,3147,2,7200,1.00444868128
447783,447795,450806,12,3011,2,7200,1.00398538691
448452,448478,452170,26,3692,2,7200,1.00704225352
448783,448797,451906,14,3109,2,7200,1.00450305564
448939,448952,451997,13,3045,2,7200,1.00426929392
449317,449330,452287,13,2957,2,7200,1.00439634765
449347,449356,452627,9,3271,2,7200,1.00275145216
449443,449456,452484,13,3028,2,7200,1.00429326288
449540,449552,452756,12,3204,2,7200,1.00374531835
449954,449967,453136,13,3169,2,7200,1.00410224045
449990,450002,453174,12,3172,2,7200,1.00378310214
450022,450035,453920,13,3885,2,7200,1.00334620335
450728,450741,453873,13,3132,2,7200,1.00415070243
450823,450836,454220,13,3384,2,7200,1.00384160757
450851,450868,454018,17,3150,2,7200,1.0053968254
450879,450893,454298,14,3405,2,7200,1.00411160059
451172,451185,454470,13,3285,2,7200,1.00395738204
451926,451948,455262,22,3314,2,7200,1.00663850332
452008,452018,454739,10,2721,2,7200,1.00367511944
452184,452193,455315,9,3122,2,7200,1.00288276746
452304,452316,455280,12,2964,2,7200,1.004048583
452503,452515,455506,12,2991,2,7200,1.00401203611
452649,452678,455813,29,3135,2,7200,1.00925039872
452770,452783,455997,13,3214,2,7200,1.00404480398
453151,453163,456384,12,3221,2,7200,1.00372555107
453190,453202,456563,12,3361,2,7200,1.00357036596
453892,453905,457724,13,3819,2,7200,1.00340403247
453935,453948,457394,13,3446,2,7200,1.00377248984
454034,454050,457674,16,3624,2,7200,1.00441501104
454238,454251,457823,13,3572,2,7200,1.00363941769
454316,454329,457738,13,3409,2,7200,1.00381343502
454487,454502,458179,15,3677,2,7200,1.00407941256
454753,454766,458019,13,3253,2,7200,1.0039963111
455279,455291,458623,12,3332,2,7200,1.00360144058
455307,455319,458652,12,3333,2,7200,1.00360036004
455336,455348,458550,12,3202,2,7200,1.00374765771
455522,455539,458546,17,3007,2,7200,1.00565347522
455827,455841,459343,14,3502,2,7200,1.00399771559
456013,456026,459691,13,3665,2,7200,1.00354706685
456400,456413,459550,13,3137,2,7200,1.00414408671
456581,456593,459955,12,3362,2,7200,1.00356930399
457261,457273,466603,12,9330,1,43200,1.00128617363
457405,457415,461268,10,3853,2,7200,1.00259538022
457691,457704,460678,13,2974,2,7200,1.00437121722
457742,457763,461333,21,3570,2,7200,1.00588235294
457774,457786,461039,12,3253,2,7200,1.00368890255
457829,457849,461197,20,3348,2,7200,1.00597371565
458035,458048,460901,13,2853,2,7200,1.00455660708
458195,458207,461563,12,3356,2,7200,1.00357568534
458563,458580,461903,17,3323,2,7200,1.00511585916
458591,458605,461802,14,3197,2,7200,1.00437910541
458642,458655,462386,13,3731,2,7200,1.00348432056
458671,458684,462297,13,3613,2,7200,1.00359811791
459361,459373,462477,12,3104,2,7200,1.00386597938
459395,459408,459463,13,55,64,18000,1.23636363636
459418,459718,463036,300,3318,2,7200,1.0904159132
459432,459577,462572,145,2995,2,7200,1.04841402337
459446,459982,463493,536,3511,2,7200,1.15266305896
459463,461304,464593,1841,3289,2,7200,1.55974460322
459480,460701,463896,1221,3195,2,7200,1.38215962441
459540,459553,459603,13,50,64,18000,1.26
459567,461366,464859,1799,3493,2,7200,1.51503006012
459636,459650,459654,14,4,32,18000,1.8
459713,461073,464195,1360,3122,2,7200,1.43561819347
459735,459748,461734,13,1986,64,18000,1.00654582075
459973,461234,464187,1261,2953,2,7200,1.42702336607
460651,461416,462694,765,1278,8,3600,1.5985915493
460693,460932,464004,239,3072,2,7200,1.07779947917
460927,461596,464527,669,2931,2,7200,1.22824974411
461064,461933,465291,869,3358,2,7200,1.25878499107
461223,461835,465281,612,3446,2,7200,1.17759721416
461293,462418,465345,1125,2927,2,7200,1.38435257943
461355,462328,465176,973,2848,2,7200,1.34164325843
461585,462516,466359,931,3843,2,7200,1.24225865209
461684,461765,468280,81,6515,64,16020,1.01243284728
461827,462605,466119,778,3514,2,7200,1.22140011383
461917,463069,466427,1152,3358,2,7200,1.34306134604
462321,463528,466652,1207,3124,2,7200,1.38636363636
462333,462350,480031,17,17681,1,36000,1.00096148408
462408,463930,466752,1522,2822,2,7200,1.53933380581
462471,462489,478088,18,15599,1,36000,1.00115392012
462501,464035,467159,1534,3124,2,7200,1.49103713188
462592,464243,467928,1651,3685,2,7200,1.44803256445
463059,464217,468100,1158,3883,2,7200,1.29822302344
463516,463545,468130,29,4585,4,72060,1.00632497274
463523,464563,468045,1040,3482,2,7200,1.29867892016
464615,464628,467660,13,3032,2,7200,1.00428759894
464879,464894,468273,15,3379,2,7200,1.00443918319
465199,465215,468833,16,3618,2,7200,1.00442233278
465305,465329,468978,24,3649,2,7200,1.00657714442
465339,465355,468401,16,3046,2,7200,1.00525279054
465378,465394,468457,16,3063,2,7200,1.00522363696
465795,465811,468731,16,2920,8,3600,1.00547945205
465850,468164,576206,2314,108042,4,108000,1.02141759686
466156,466172,469625,16,3453,2,7200,1.0046336519
466390,466409,469772,19,3363,2,7200,1.00564971751
466449,466471,469728,22,3257,2,7200,1.00675468222
466449,468436,471646,1987,3210,10,7200,1.61900311526
466673,466691,469744,18,3053,2,7200,1.00589584016
466750,468415,471686,1665,3271,15,3600,1.50901864873
466775,466800,470313,25,3513,2,7200,1.00711642471
466840,466856,526885,16,60029,1,129600,1.00026653784
467186,467203,470890,17,3687,2,7200,1.00461079468
467686,467704,471129,18,3425,2,7200,1.00525547445
467949,467969,471302,20,3333,2,7200,1.00600060006
468068,468084,471025,16,2941,2,7200,1.00544032642
468121,468137,471597,16,3460,2,7200,1.00462427746
468298,468470,471735,172,3265,2,7200,1.05267993874
468429,468488,472005,59,3517,2,7200,1.01677566107
468483,468514,472096,31,3582,2,7200,1.00865438303
468847,468864,472609,17,3745,2,7200,1.00453938585
469002,469021,472415,19,3394,2,7200,1.00559811432
469646,469664,473509,18,3845,2,7200,1.00468140442
469755,469788,473352,33,3564,2,7200,1.00925925926
469792,469818,473093,26,3275,2,7200,1.0079389313
469841,469873,473650,32,3777,2,7200,1.00847233254
470228,470251,470460,23,209,4,3600,1.11004784689
470283,470300,470755,17,455,4,108000,1.03736263736
470334,470349,473599,15,3250,2,7200,1.00461538462
470532,470549,471154,17,605,4,3600,1.02809917355
470911,470927,474369,16,3442,2,7200,1.0046484602
471046,471066,474542,20,3476,2,7200,1.00575373993
471083,471102,504290,19,33188,4,172800,1.00057249608
471125,471142,473472,17,2330,32,14400,1.00729613734
471129,471175,472171,46,996,1,54000,1.04618473896
471140,471191,472184,51,993,1,54000,1.05135951662
471152,471236,472233,84,997,1,54000,1.08425275827
471153,471217,474710,64,3493,2,7200,1.018322359
471165,471256,472246,91,990,1,54000,1.09191919192
471177,471275,472267,98,992,1,54000,1.09879032258
471198,471297,472306,99,1009,1,54000,1.09811694747
471207,471317,472304,110,987,1,54000,1.11144883485
471219,471338,472337,119,999,1,54000,1.11911911912
471232,471356,472351,124,995,1,54000,1.12462311558
471239,471374,472347,135,973,1,54000,1.13874614594
471258,471390,472400,132,1010,1,54000,1.13069306931
471272,471409,472400,137,991,1,54000,1.13824419778
471288,471461,472451,173,990,1,54000,1.17474747475
471303,471476,472456,173,980,1,54000,1.17653061224
471316,471492,472494,176,1002,1,54000,1.17564870259
471329,471446,474519,117,3073,2,7200,1.03807354377
471332,471510,472520,178,1010,1,54000,1.17623762376
471344,471527,472519,183,992,1,54000,1.18447580645
471354,471544,472519,190,975,1,54000,1.19487179487
471366,471559,472537,193,978,1,54000,1.19734151329
471377,471573,472562,196,989,1,54000,1.19817997978
471637,471659,475016,22,3357,2,7200,1.00655347036
471767,471787,475125,20,3338,2,7200,1.00599161174
472029,472045,475805,16,3760,2,7200,1.00425531915
472119,472135,475253,16,3118,2,7200,1.00513149455
472435,472452,475644,17,3192,2,7200,1.00532581454
472632,472647,475688,15,3041,2,7200,1.00493258796
472995,473012,473014,17,2,1,1800,1.9
473118,473134,476503,16,3369,2,7200,1.00474918373
473248,473263,473266,15,3,1,432000,1.8
473334,473350,473351,16,1,1,432000,1.7
473378,473399,476390,21,2991,2,7200,1.00702106319
473405,473431,474246,26,815,1,432000,1.03190184049
473537,473554,476876,17,3322,2,7200,1.00511739916
473573,473590,473759,17,169,1,3540,1.10059171598
473598,473623,518813,25,45190,6,86400,1.00055321974
473630,473653,477672,23,4019,2,7200,1.00572281662
473660,473686,521009,26,47323,6,86400,1.00054941572
473677,473727,477157,50,3430,2,7200,1.01457725948
473708,473749,515240,41,41491,6,86400,1.00098816611
473719,473766,501745,47,27979,6,432000,1.0016798313
473880,473905,474973,25,1068,1,3540,1.0234082397
473901,473938,473991,37,53,1,108000,1.69811320755
473929,473958,474269,29,311,1,108000,1.09324758842
473955,473975,474115,20,140,1,3540,1.14285714286
474001,474041,474220,40,179,1,3540,1.22346368715
474040,474065,474081,25,16,8,172800,2.5625
474048,474093,474312,45,219,1,3540,1.20547945205
474094,474133,474269,39,136,1,108000,1.28676470588
474118,474169,474354,51,185,1,3540,1.27567567568
474169,474192,474419,23,227,1,3540,1.1013215859
474169,474214,474269,45,55,1,108000,1.81818181818
474222,474242,474582,20,340,1,3540,1.05882352941
474266,474346,474716,80,370,1,3540,1.21621621622
474310,474375,474716,65,341,1,3540,1.19061583578
474354,474419,474784,65,365,1,3540,1.17808219178
474397,474439,477696,42,3257,2,7200,1.01289530243
474400,474458,475400,58,942,20,7199,1.06157112527
474441,474489,474757,48,268,1,3540,1.17910447761
474498,474511,475414,13,903,20,3599,1.01439645626
474549,474583,477855,34,3272,2,7200,1.01039119804
474559,474601,474768,42,167,1,3540,1.25149700599
474584,474629,477698,45,3069,2,7200,1.0146627566
474606,475462,476374,856,912,20,7199,1.93859649123
474737,474775,478178,38,3403,2,7200,1.01116661769
474757,474793,474918,36,125,1,3540,1.288
474825,474848,476261,23,1413,1,1800,1.01627742392
475038,475056,478629,18,3573,2,7200,1.00503778338
475149,475166,478612,17,3446,2,7200,1.00493325595
475279,475295,479072,16,3777,2,7200,1.00423616627
475307,475481,476376,174,895,20,7199,1.19441340782
475363,475380,549014,17,73634,1,169200,1.00023087161
475400,475419,549944,19,74525,1,108000,1.000254948
475412,476507,477413,1095,906,20,7199,2.20860927152
475422,475496,475573,74,77,4,3540,1.96103896104
475437,475514,549351,77,73837,1,108000,1.0010428376
475475,475529,475600,54,71,1,3540,1.76056338028
475478,475544,555146,66,79602,1,108000,1.0008291249
475561,476575,477478,1014,903,20,7199,2.12292358804
475672,475690,479268,18,3578,2,7200,1.00503074343
475715,475732,479518,17,3786,2,7200,1.00449022715
475831,475847,479097,16,3250,2,7200,1.00492307692
475834,475863,476829,29,966,2,7200,1.03002070393
476422,476559,479812,137,3253,2,7200,1.0421149708
476530,476604,480021,74,3417,2,7200,1.02165642376
476906,476922,480578,16,3656,2,7200,1.00437636761
477184,477207,480550,23,3343,2,7200,1.00688004786
477701,477726,480667,25,2941,2,7200,1.00850051003
477740,477760,481191,20,3431,2,7200,1.00582920431
477765,477783,481302,18,3519,2,7200,1.00511508951
477878,477895,481360,17,3465,2,7200,1.00490620491
478202,478220,481980,18,3760,2,7200,1.00478723404
478635,478673,482319,38,3646,2,7200,1.01042238069
478674,478692,482154,18,3462,2,7200,1.00519930676
478780,478794,479124,14,330,1,300,1.04242424242
479048,479066,480326,18,1260,8,7200,1.01428571429
479098,479113,482546,15,3433,2,7200,1.00436935625
479137,479159,483035,22,3876,2,7200,1.00567595459
479180,479192,498324,12,19132,24,28800,1.00062722141
479260,479275,535165,15,55890,4,72000,1.00026838433
479285,479296,482555,11,3259,2,7200,1.00337526849
479419,479434,480090,15,656,1,1800,1.02286585366
479435,479455,480354,20,899,32,10800,1.02224694105
479543,479562,483226,19,3664,2,7200,1.00518558952
479839,479857,483589,18,3732,2,7200,1.00482315113
480048,480070,483233,22,3163,2,7200,1.00695542207
480240,480278,480698,38,420,1,1800,1.09047619048
480512,480549,480670,37,121,4,1800,1.30578512397
480580,480601,483998,21,3397,2,7200,1.00618192523
480621,480638,483975,17,3337,2,7200,1.00509439616
480692,480741,483893,49,3152,2,7200,1.01554568528
480855,480876,480934,21,58,1,72000,1.36206896552
480867,480908,480936,41,28,1,72000,2.46428571429
480884,480928,480938,44,10,1,72000,5.4
480897,480945,480946,48,1,1,72000,4.9
480926,481070,490118,144,9048,1,72000,1.01591511936
481219,481244,484547,25,3303,2,7200,1.00756887678
481277,481294,481975,17,681,1,3600,1.02496328928
481284,481315,530137,31,48822,1,72000,1.00063495965
481294,481336,529882,42,48546,1,72000,1.00086515882
481303,481396,531468,93,50072,1,72000,1.00185732545
481320,481410,533000,90,51590,1,72000,1.00174452413
481331,481381,481501,50,120,4,1800,1.41666666667
481333,481363,485071,30,3708,2,7200,1.00809061489
481337,481475,538013,138,56538,1,72000,1.00244083625
481362,481491,528423,129,46932,1,72000,1.00274865763
481376,481508,528623,132,47115,1,72000,1.00280165552
481386,481456,485280,70,3824,2,7200,1.01830543933
481388,481524,529157,136,47633,1,72000,1.00285516344
481400,481541,531258,141,49717,1,72000,1.00283605205
481410,481557,535923,147,54366,1,72000,1.00270389582
481429,481593,531142,164,49549,1,72000,1.00330985489
481440,481609,531110,169,49501,1,72000,1.00341407244
481453,481624,530899,171,49275,1,72000,1.00347031963
481465,481641,531574,176,49933,1,72000,1.00352472313
481476,481660,536530,184,54870,1,72000,1.00335338072
481489,481675,528806,186,47131,1,72000,1.00394644714
481500,481692,528718,192,47026,1,72000,1.00408284779
481510,481709,527869,199,46160,1,72000,1.00431109185
481523,481724,531135,201,49411,1,72000,1.0040679201
481534,481740,535572,206,53832,1,72000,1.00382672017
481679,481757,481878,78,121,4,1800,1.64462809917
482005,482029,485359,24,3330,2,7200,1.00720720721
482115,482131,486682,16,4551,4,14400,1.00351571083
482175,482191,485803,16,3612,2,7200,1.00442967885
482347,482365,485354,18,2989,2,7200,1.00602208096
482570,482591,486077,21,3486,2,7200,1.00602409639
482611,482629,486583,18,3954,2,7200,1.00455235205
482743,482771,482891,28,120,4,1800,1.23333333333
483060,483078,486575,18,3497,2,7200,1.00514726909
483094,483110,483231,16,121,4,1800,1.13223140496
483225,483282,514212,57,30930,4,72060,1.001842871
483250,483298,486701,48,3403,2,7200,1.01410520129
483284,483316,486619,32,3303,2,7200,1.00968816228
483409,483424,483860,15,436,1,1800,1.03440366972
483612,483626,486816,14,3190,2,7200,1.00438871473
483631,483647,484081,16,434,4,3600,1.03686635945
483676,483692,483860,16,168,1,1800,1.09523809524
483919,483933,487021,14,3088,2,7200,1.00453367876
483925,484043,484564,118,521,1,1800,1.22648752399
485076,486811,487001,1735,190,1,3540,10.1315789474
485076,487012,487216,1936,204,1,3540,10.4901960784
485076,486166,496064,1090,9898,8,172800,1.11012325722
485076,486161,496064,1085,9903,8,172800,1.10956275876
485076,488530,492093,3454,3563,4,7200,1.96940780241
485076,487022,487239,1946,217,1,3540,9.96774193548
485076,487843,491418,2767,3575,4,7200,1.77398601399
485076,485827,489558,751,3731,2,7200,1.20128651836
485076,486816,487892,1740,1076,1,3540,2.61710037175
485076,485810,488753,734,2943,2,7200,1.24940536867
485076,485821,488893,745,3072,2,7200,1.24251302083
485076,486952,487093,1876,141,1,3540,14.304964539
485076,485816,488997,740,3181,2,7200,1.23263124804
485111,487106,487290,1995,184,1,3540,11.8423913043
485151,487227,487457,2076,230,1,3540,10.0260869565
485187,487250,487613,2063,363,1,3540,6.68319559229
485221,487302,487684,2081,382,1,3540,6.44764397906
485257,487468,487831,2211,363,1,3540,7.09090909091
485282,485832,489262,550,3430,2,7200,1.16034985423
485310,487605,487997,2295,392,1,3540,6.85459183673
485357,485838,489185,481,3347,2,7200,1.14371078578
485372,485843,489544,471,3701,2,7200,1.12726290192
485399,487611,487911,2212,300,1,3540,8.37333333333
485508,486800,487011,1292,211,1,3540,7.12322274882
485680,486805,486941,1125,136,1,3540,9.27205882353
485806,485849,489416,43,3567,2,7200,1.01205494814
485848,485856,485952,8,96,4,3540,1.08333333333
485883,485890,486004,7,114,1,3540,1.06140350877
485924,485931,593951,7,108020,1,108000,1.00006480281
485974,485981,583746,7,97765,1,108000,1.00007160027
486029,486036,486532,7,496,1,3600,1.01411290323
486079,486088,489374,9,3286,2,7200,1.00273889227
486146,486153,488820,7,2667,1,21600,1.00262467192
486162,486179,488584,17,2405,1,21600,1.00706860707
486401,486407,486506,6,99,6,3599,1.06060606061
486576,486587,490043,11,3456,2,7200,1.00318287037
486591,486597,489904,6,3307,2,7200,1.00181433323
486621,486630,490591,9,3961,2,7200,1.0022721535
486705,486713,490352,8,3639,2,7200,1.00219840616
486727,486733,491964,6,5231,20,10799,1.00114700822
486807,490328,494920,3521,4592,20,10799,1.76676829268
486819,486827,490000,8,3173,2,7200,1.00252127324
486859,490333,496589,3474,6256,20,10799,1.55530690537
487023,487032,489918,9,2886,2,7200,1.00311850312
487514,487600,488521,86,921,1,3600,1.09337676439
488175,491975,492896,3800,921,20,7199,5.12595005429
488203,488524,493960,321,5436,4,5400,1.05905077263
488253,492910,493855,4657,945,20,7199,5.92804232804
488494,488500,488536,6,36,1,3600,1.16666666667
488524,493869,533500,5345,39631,20,86399,1.13486916808
488533,488540,489445,7,905,1,3600,1.00773480663
488571,494988,495897,6417,909,20,7199,8.05940594059
488754,488765,492380,11,3615,2,7200,1.0030428769
488759,495909,582335,7150,86426,20,86399,1.08272973411
488896,488905,491938,9,3033,2,7200,1.00296735905
488998,489009,492842,11,3833,2,7200,1.00286981477
489188,489197,492343,9,3146,2,7200,1.00286077559
489264,489274,492317,10,3043,2,7200,1.00328623069
489375,489386,492602,11,3216,2,7200,1.00342039801
489417,489427,493189,10,3762,2,7200,1.00265816055
489547,489555,493231,8,3676,2,7200,1.00217627856
489561,489569,493195,8,3626,2,7200,1.00220628792
489908,489915,493166,7,3251,2,7200,1.00215318364
489923,489929,493691,6,3762,2,7200,1.00159489633
490001,490012,493553,11,3541,2,7200,1.0031064671
490045,490055,493772,10,3717,2,7200,1.00269034167
490353,490363,493859,10,3496,2,7200,1.0028604119
490594,490602,494217,8,3615,2,7200,1.00221300138
491378,491429,491433,51,4,4,7200,5.5
491780,532158,539447,40378,7289,64,10800,6.53958018933
491940,491949,495207,9,3258,2,7200,1.00276243094
492319,492329,495465,10,3136,2,7200,1.00318877551
492346,492354,495535,8,3181,2,7200,1.00251493241
492382,492391,495696,9,3305,2,7200,1.00272314675
492605,492614,495735,9,3121,2,7200,1.00288369112
492843,492853,496625,10,3772,2,7200,1.00265111347
493169,493178,496704,9,3526,2,7200,1.00255246739
493190,493200,496157,10,2957,2,7200,1.00338180588
493205,493211,496409,6,3198,2,7200,1.00187617261
493228,493235,493301,7,66,1,1800,1.10606060606
493232,493242,496750,10,3508,2,7200,1.00285062714
493341,493347,493354,6,7,1,1800,1.3
493361,493368,493434,7,66,1,1800,1.10606060606
493554,493564,496815,10,3251,2,7200,1.00307597662
493639,493645,493712,6,67,1,1800,1.08955223881
493692,493702,496825,10,3123,2,7200,1.00320204931
493774,493784,497067,10,3283,2,7200,1.00304599452
493861,493875,497600,14,3725,2,7200,1.00375838926
494005,494011,494078,6,67,1,1800,1.08955223881
494200,494206,494213,6,7,1,1800,1.3
494219,494228,497213,9,2985,2,7200,1.00301507538
494360,494366,494373,6,7,1,1800,1.3
494379,494386,494650,7,264,1,252000,1.02651515152
494398,494404,494406,6,2,1,252000,1.0
494408,494415,494417,7,2,1,252000,1.0
494412,494422,494423,10,1,1,252000,1.1
494416,494427,494428,11,1,1,252000,1.2
494419,494434,494435,15,1,1,252000,1.6
494422,494439,494440,17,1,1,252000,1.8
494425,494444,494446,19,2,1,252000,2.1
494429,494450,494452,21,2,1,252000,2.3
494445,494457,494458,12,1,1,252000,1.3
494453,494464,494471,11,7,1,1800,1.8
494540,494931,494937,391,6,16,36000,39.7
494544,494550,494557,6,7,1,1800,1.3
494550,494556,495342,6,786,1,3600,1.00763358779
494594,494600,494607,6,7,1,1800,1.3
494637,494643,673013,6,178370,1,252000,1.00003363794
494760,494766,657377,6,162611,1,252000,1.00003689787
494769,494775,494783,6,8,1,1800,1.4
494817,494823,663427,6,168604,1,252000,1.00003558634
494859,494865,660917,6,166052,1,252000,1.00003613326
494868,494874,674089,6,179215,1,252000,1.00003347934
494877,494883,666063,6,171180,1,252000,1.00003505082
494885,494891,663912,6,169021,1,252000,1.00003549855
494893,494899,667479,6,172580,1,252000,1.00003476649
494900,494907,670575,7,175668,1,252000,1.00003984789
494904,494937,494977,33,40,4,1800,1.825
494908,494914,663515,6,168601,1,252000,1.00003558698
495184,496071,496131,887,60,8,1800,15.7833333333
495209,495218,498918,9,3700,2,7200,1.00243243243
495402,495878,495887,476,9,4,7200,48.5
495467,495476,499273,9,3797,2,7200,1.00237029234
495536,495546,499255,10,3709,2,7200,1.00269614451
495593,495599,495622,6,23,1,3600,1.26086956522
495699,495707,498868,8,3161,2,7200,1.00253084467
495737,495746,499407,9,3661,2,7200,1.00245834471
496105,496144,501178,39,5034,20,10799,1.00774731824
496159,496168,499510,9,3342,2,7200,1.0026929982
496256,496601,500871,345,4270,20,10799,1.08079625293
496411,496420,499522,9,3102,2,7200,1.00290135397
496628,496636,500253,8,3617,2,7200,1.00221177772
496706,496715,499758,9,3043,2,7200,1.00295760762
496751,496761,500057,10,3296,2,7200,1.00303398058
496817,496826,500015,9,3189,2,7200,1.00282220132
496832,496838,500158,6,3320,2,7200,1.00180722892
497069,497078,499997,9,2919,2,7200,1.00308324769
497216,497224,500274,8,3050,2,7200,1.00262295082
497602,497612,501180,10,3568,2,7200,1.00280269058
498324,498338,505562,14,7224,10,7200,1.0019379845
498406,498412,500498,6,2086,10,3600,1.00287631831
498869,498879,502256,10,3377,2,7200,1.00296120817
498919,498929,502514,10,3585,2,7200,1.00278940028
499256,499266,502454,10,3188,2,7200,1.00313676286
499274,499284,502661,10,3377,2,7200,1.00296120817
499379,499385,499616,6,231,1,900,1.02597402597
499409,499418,503308,9,3890,2,7200,1.00231362468
499511,499522,502526,11,3004,2,7200,1.00366178429
499526,499533,502994,7,3461,2,7200,1.00202253684
499760,499769,503194,9,3425,2,7200,1.00262773723
499902,501190,532147,1288,30957,24,36000,1.04160609878
499911,512489,531703,12578,19214,24,28800,1.6546268346
499998,500008,503178,10,3170,2,7200,1.00315457413
500016,500027,502955,11,2928,2,7200,1.0037568306
500058,500069,503281,11,3212,2,7200,1.00342465753
500160,500170,503673,10,3503,2,7200,1.00285469597
500230,500510,513842,280,13332,16,36000,1.02100210021
500234,500882,512478,648,11596,16,36000,1.05588133839
500256,500265,504107,9,3842,2,7200,1.00234252993
500277,500286,503904,9,3618,2,7200,1.00248756219
501177,501196,504276,19,3080,2,7200,1.00616883117
502257,502268,505947,11,3679,2,7200,1.00298994292
502455,502465,506517,10,4052,2,7200,1.00246791708
502515,502526,506024,11,3498,2,7200,1.00314465409
502530,502537,506024,7,3487,2,7200,1.00200745627
502662,502672,506067,10,3395,2,7200,1.0029455081
502957,502966,506788,9,3822,2,7200,1.00235478807
502996,503005,507012,9,4007,2,7200,1.00224606938
503179,503189,506698,10,3509,2,7200,1.00284981476
503197,503205,506832,8,3627,2,7200,1.00220567963
503284,503292,506367,8,3075,2,7200,1.00260162602
503311,503319,506571,8,3252,2,7200,1.0024600246
503675,503685,506998,10,3313,2,7200,1.00301841232
503906,503915,507560,9,3645,2,7200,1.0024691358
504108,504118,507845,10,3727,2,7200,1.00268312316
504276,504287,507954,11,3667,2,7200,1.0029997273
505072,505078,505080,6,2,2,3540,1.0
505950,505959,509587,9,3628,2,7200,1.00248070562
506025,506035,509890,10,3855,2,7200,1.00259403372
506026,506041,509640,15,3599,2,7200,1.0041678244
506068,506079,509386,11,3307,2,7200,1.00332627759
506369,506378,510124,9,3746,2,7200,1.00240256273
506519,506528,510114,9,3586,2,7200,1.00250976018
506573,506582,510211,9,3629,2,7200,1.00248002204
506699,506709,509849,10,3140,2,7200,1.00318471338
506789,506800,510194,11,3394,2,7200,1.00324101355
506834,506843,509971,9,3128,2,7200,1.00287723785
506999,507009,510006,10,2997,2,7200,1.00333667
507014,507023,510332,9,3309,2,7200,1.00271985494
507562,507571,511202,9,3631,2,7200,1.00247865602
507847,507856,510847,9,2991,2,7200,1.00300902708
507955,507965,511008,10,3043,2,7200,1.00328623069
509388,509397,512626,9,3229,2,7200,1.00278724063
509589,509598,513056,9,3458,2,7200,1.0026026605
509643,509652,513168,9,3516,2,7200,1.00255972696
509851,509860,513125,9,3265,2,7200,1.00275650842
509892,509901,513252,9,3351,2,7200,1.00268576544
509973,509982,513899,9,3917,2,7200,1.00229767679
510006,510017,513535,11,3518,2,7200,1.00312677658
510114,510125,513148,11,3023,2,7200,1.00363876943
510130,510136,513227,6,3091,2,7200,1.00194111938
510196,510205,513576,9,3371,2,7200,1.00266983091
510214,510222,513587,8,3365,2,7200,1.00237741456
510334,510344,513884,10,3540,2,7200,1.00282485876
510849,510858,514084,9,3226,2,7200,1.00278983261
511011,511019,515041,8,4022,2,7200,1.00198906017
511203,511213,514593,10,3380,2,7200,1.00295857988
512627,512637,515761,10,3124,2,7200,1.00320102433
513057,513068,516544,11,3476,2,7200,1.00316455696
513126,513136,516640,10,3504,2,7200,1.00285388128
513150,513159,516595,9,3436,2,7200,1.0026193248
513171,513179,516031,8,2852,2,7200,1.00280504909
513227,513238,516764,11,3526,2,7200,1.00311968236
513254,513263,516576,9,3313,2,7200,1.00271657108
513537,513546,516937,9,3391,2,7200,1.00265408434
513579,513587,516895,8,3308,2,7200,1.00241837969
513593,513599,517263,6,3664,2,7200,1.00163755459
513885,513895,517379,10,3484,2,7200,1.00287026406
513900,513911,517385,11,3474,2,7200,1.00316637881
514086,514095,517249,9,3154,2,7200,1.00285351934
514227,514234,557585,7,43351,4,72060,1.00016147263
514595,514604,518508,9,3904,2,7200,1.00230532787
515043,515052,518333,9,3281,2,7200,1.00274306614
515669,515675,516016,6,341,16,36000,1.01759530792
515762,515772,519157,10,3385,2,7200,1.00295420975
516033,516042,519907,9,3865,2,7200,1.00232858991
516107,516114,516115,7,1,1,240,1.0
516283,516289,552323,6,36034,16,36000,1.00016650941
516544,516555,520092,11,3537,2,7200,1.00310998021
516577,516587,520069,10,3482,2,7200,1.00287191269
516598,516607,520329,9,3722,2,7200,1.00241805481
516613,516619,552629,6,36010,16,36000,1.00016662038
516643,516651,520148,8,3497,2,7200,1.00228767515
516766,516776,520171,10,3395,2,7200,1.0029455081
516898,516906,520631,8,3725,2,7200,1.00214765101
516940,516948,520535,8,3587,2,7200,1.002230276
517250,517260,520929,10,3669,2,7200,1.00272553829
517264,517275,520724,11,3449,2,7200,1.00318933024
517382,517390,521087,8,3697,2,7200,1.00216391669
517396,517402,521107,6,3705,2,7200,1.0016194332
518335,518345,521752,10,3407,2,7200,1.00293513355
518509,518519,521600,10,3081,2,7200,1.00324569945
519159,519168,522432,9,3264,2,7200,1.00275735294
519909,519918,523402,9,3484,2,7200,1.00258323766
520071,520080,523521,9,3441,2,7200,1.00261551874
520095,520104,524011,9,3907,2,7200,1.00230355772
520152,520159,523718,7,3559,2,7200,1.00196684462
520172,520182,523979,10,3797,2,7200,1.00263365815
520332,520340,523071,8,2731,2,7200,1.00292932992
520536,520547,523795,11,3248,2,7200,1.00338669951
520632,520642,524132,10,3490,2,7200,1.00286532951
520725,520735,524081,10,3346,2,7200,1.00298864316
520930,520940,524759,10,3819,2,7200,1.00261848651
521089,521099,524878,10,3779,2,7200,1.0026462027
521110,521118,524106,8,2988,2,7200,1.00267737617
521600,521611,525084,11,3473,2,7200,1.00316729053
521754,521763,525042,9,3279,2,7200,1.00274473925
522434,522443,525516,9,3073,2,7200,1.00292873414
523072,523082,526664,10,3582,2,7200,1.00279173646
523406,523414,527052,8,3638,2,7200,1.00219901045
523523,523532,527102,9,3570,2,7200,1.0025210084
523718,523729,527329,11,3600,2,7200,1.00305555556
523796,523807,527285,11,3478,2,7200,1.00316273721
523980,523990,527780,10,3790,2,7200,1.00263852243
524013,524022,527844,9,3822,2,7200,1.00235478807
524081,524092,527406,11,3314,2,7200,1.00331925166
524108,524117,527774,9,3657,2,7200,1.00246103363
524135,524143,527772,8,3629,2,7200,1.00220446404
524761,524770,528136,9,3366,2,7200,1.00267379679
524881,524890,528098,9,3208,2,7200,1.00280548628
525043,525053,528619,10,3566,2,7200,1.00280426248
525085,525095,528597,10,3502,2,7200,1.00285551114
525518,525527,529245,9,3718,2,7200,1.00242065627
526665,526675,529768,10,3093,2,7200,1.00323310702
527053,527063,530157,10,3094,2,7200,1.00323206206
527104,527113,530885,9,3772,2,7200,1.00238600212
527287,527297,530435,10,3138,2,7200,1.00318674315
527332,527340,530561,8,3221,2,7200,1.00248370071
527407,527417,531071,10,3654,2,7200,1.00273672687
527774,527783,531258,9,3475,2,7200,1.00258992806
527789,527795,531286,6,3491,2,7200,1.00171870524
527791,527801,531242,10,3441,2,7200,1.00290613194
527844,527855,531613,11,3758,2,7200,1.00292708888
528101,528110,531366,9,3256,2,7200,1.00276412776
528140,528147,532091,7,3944,2,7200,1.00177484787
528597,528608,531995,11,3387,2,7200,1.00324771184
528621,528630,532303,9,3673,2,7200,1.0024503131
529247,529256,532904,9,3648,2,7200,1.00246710526
529771,529779,532827,8,3048,2,7200,1.00262467192
530159,530168,533953,9,3785,2,7200,1.00237780713
530436,530447,533894,11,3447,2,7200,1.00319118074
530562,530572,534400,10,3828,2,7200,1.0026123302
530887,530896,534269,9,3373,2,7200,1.00266824785
531073,531082,534597,9,3515,2,7200,1.00256045519
531245,531254,534365,9,3111,2,7200,1.00289296046
531260,531269,534856,9,3587,2,7200,1.0025090605
531290,531297,534792,7,3495,2,7200,1.00200286123
531368,531377,535357,9,3980,2,7200,1.00226130653
531614,531624,534913,10,3289,2,7200,1.00304043782
531996,532006,535467,10,3461,2,7200,1.00288933834
532092,532102,535517,10,3415,2,7200,1.00292825769
532306,532315,535990,9,3675,2,7200,1.00244897959
532830,532838,535969,8,3131,2,7200,1.00255509422
532904,532915,536628,11,3713,2,7200,1.00296256396
533895,533905,537504,10,3599,2,7200,1.0027785496
533955,533965,537588,10,3623,2,7200,1.00276014353
534271,534280,537534,9,3254,2,7200,1.00276582667
534366,534376,538072,10,3696,2,7200,1.00270562771
534402,534411,537663,9,3252,2,7200,1.00276752768
534601,534609,538123,8,3514,2,7200,1.00227660785
534793,534803,538321,10,3518,2,7200,1.00284252416
534856,534867,538790,11,3923,2,7200,1.00280397655
534916,534924,538384,8,3460,2,7200,1.00231213873
535359,535368,538880,9,3512,2,7200,1.00256264237
535470,535478,538669,8,3191,2,7200,1.00250705108
535518,535528,539229,10,3701,2,7200,1.00270197244
535969,535980,539639,11,3659,2,7200,1.00300628587
535993,536002,539734,9,3732,2,7200,1.00241157556
536631,536639,539950,8,3311,2,7200,1.00241618846
537501,537516,541220,15,3704,2,7200,1.00404967603
537537,537546,540911,9,3365,2,7200,1.00267459138
537591,537599,540939,8,3340,2,7200,1.00239520958
537666,537674,540949,8,3275,2,7200,1.00244274809
538075,538083,541659,8,3576,2,7200,1.00223713647
538126,538134,541292,8,3158,2,7200,1.00253324889
538325,538333,541500,8,3167,2,7200,1.00252604989
538385,538395,541802,10,3407,2,7200,1.00293513355
538670,538680,541667,10,2987,2,7200,1.00334784064
538791,538801,542285,10,3484,2,7200,1.00287026406
538881,538892,541910,11,3018,2,7200,1.00364479788
539230,539243,542491,13,3248,2,7200,1.00400246305
539642,539650,543382,8,3732,2,7200,1.00214362272
539735,539745,543406,10,3661,2,7200,1.00273149413
539952,539961,543855,9,3894,2,7200,1.00231124807
540912,540922,544050,10,3128,2,7200,1.00319693095
540941,540950,544070,9,3120,2,7200,1.00288461538
540956,540962,543981,6,3019,2,7200,1.00198741305
541221,541231,544563,10,3332,2,7200,1.00300120048
541293,541304,544219,11,2915,2,7200,1.00377358491
541503,541512,544582,9,3070,2,7200,1.00293159609
541660,541670,544597,10,2927,2,7200,1.00341646737
541675,541681,545560,6,3879,2,7200,1.00154679041
541804,541813,545252,9,3439,2,7200,1.00261703984
541912,541921,545576,9,3655,2,7200,1.0024623803
542285,542296,545843,11,3547,2,7200,1.00310121229
542493,542502,545792,9,3290,2,7200,1.00273556231
543380,543393,546972,13,3579,2,7200,1.00363229953
543407,543417,546607,10,3190,2,7200,1.00313479624
543859,543866,547077,7,3211,2,7200,1.00218000623
543893,543899,544224,6,325,2,600,1.01846153846
543982,543992,547060,10,3068,2,7200,1.00325945241
543999,544005,544248,6,243,3,600,1.02469135802
544051,544062,547167,11,3105,2,7200,1.00354267311
544072,544081,547793,9,3712,2,7200,1.00242456897
544222,544230,547432,8,3202,2,7200,1.00249843848
544565,544574,547767,9,3193,2,7200,1.00281866583
544583,544593,548242,10,3649,2,7200,1.00274047684
544598,544608,548126,10,3518,2,7200,1.00284252416
545253,545263,548536,10,3273,2,7200,1.00305530095
545563,545571,548774,8,3203,2,7200,1.00249765845
545578,545587,548460,9,2873,2,7200,1.00313261399
545794,545804,548963,10,3159,2,7200,1.00316555872
545845,545854,548811,9,2957,2,7200,1.0030436253
546419,546425,546791,6,366,64,16020,1.01639344262
546609,546618,549823,9,3205,2,7200,1.00280811232
546819,546825,557640,6,10815,64,21600,1.00055478502
546973,546984,550368,11,3384,2,7200,1.00325059102
547063,547071,550066,8,2995,2,7200,1.00267111853
547078,547088,550519,10,3431,2,7200,1.00291460216
547168,547178,550546,10,3368,2,7200,1.00296912114
547433,547443,551147,10,3704,2,7200,1.00269978402
547770,547778,551111,8,3333,2,7200,1.00240024002
547794,547804,550897,10,3093,2,7200,1.00323310702
548128,548137,551709,9,3572,2,7200,1.00251959686
548245,548254,551710,9,3456,2,7200,1.00260416667
548349,548355,548620,6,265,2,600,1.02264150943
548379,548385,548591,6,206,3,600,1.02912621359
548461,548471,551893,10,3422,2,7200,1.00292226768
548536,548547,551890,11,3343,2,7200,1.00329045767
548777,548785,552686,8,3901,2,7200,1.00205075622
548813,548822,552107,9,3285,2,7200,1.00273972603
548963,548974,552430,11,3456,2,7200,1.00318287037
549566,549572,549805,6,233,1,900,1.02575107296
549824,549834,553485,10,3651,2,7200,1.00273897562
550067,550077,553411,10,3334,2,7200,1.00299940012
550086,550092,550606,6,514,1,3600,1.01167315175
550371,550380,554054,9,3674,2,7200,1.00244964616
550522,550531,554111,9,3580,2,7200,1.00251396648
550548,550557,553365,9,2808,2,7200,1.00320512821
550897,550908,554194,11,3286,2,7200,1.003347535
550928,550935,551395,7,460,1,3600,1.0152173913
551114,551122,554766,8,3644,2,7200,1.00219538968
551150,551158,554084,8,2926,2,7200,1.002734108
551710,551720,555020,10,3300,2,7200,1.00303030303
551724,551731,555307,7,3576,2,7200,1.00195749441
551893,551901,555166,8,3265,2,7200,1.00245022971
551908,551914,555853,6,3939,2,7200,1.00152322925
552109,552118,555541,9,3423,2,7200,1.00262927257
552342,552349,722807,7,170458,4,360060,1.00004106583
552431,552441,555996,10,3555,2,7200,1.00281293952
552687,552697,556135,10,3438,2,7200,1.00290866783
553367,553376,557086,9,3710,2,7200,1.00242587601
553412,553422,557119,10,3697,2,7200,1.00270489586
553487,553496,556339,9,2843,2,7200,1.00316567007
553583,553590,553988,7,398,1,3600,1.0175879397
554056,554065,557764,9,3699,2,7200,1.00243309002
554086,554095,557639,9,3544,2,7200,1.00253950339
554112,554122,557339,10,3217,2,7200,1.00310848617
554197,554205,557654,8,3449,2,7200,1.0023195129
554768,554777,558355,9,3578,2,7200,1.00251537172
555021,555032,558795,11,3763,2,7200,1.00292319957
555168,555177,558147,9,2970,2,7200,1.00303030303
555310,555318,559033,8,3715,2,7200,1.00215343203
555541,555552,559254,11,3702,2,7200,1.00297136683
555854,555865,558855,11,2990,2,7200,1.00367892977
555998,556007,559755,9,3748,2,7200,1.00240128068
556137,556146,559446,9,3300,2,7200,1.00272727273
556341,556350,559833,9,3483,2,7200,1.00258397933
556785,556791,587619,6,30828,24,36000,1.00019462826
556798,556804,575986,6,19182,24,28800,1.00031279324
557087,557098,560359,11,3261,2,7200,1.00337319841
557120,557130,560366,10,3236,2,7200,1.00309023486
557340,557350,561427,10,4077,2,7200,1.00245278391
557529,557656,566004,127,8348,64,28800,1.01521322472
557641,557650,561324,9,3674,2,7200,1.00244964616
557655,557665,561528,10,3863,2,7200,1.00258866166
557767,557775,560754,8,2979,2,7200,1.00268546492
558149,558158,561734,9,3576,2,7200,1.00251677852
558356,558366,561930,10,3564,2,7200,1.00280583614
558470,558476,563522,6,5046,20,10799,1.00118906064
558566,563534,568384,4968,4850,20,10799,2.02432989691
558658,567325,573450,8667,6125,20,10799,2.41502040816
558798,558807,562254,9,3447,2,7200,1.00261096606
558858,558866,562630,8,3764,2,7200,1.00212539851
559036,559045,562430,9,3385,2,7200,1.00265878877
559255,559265,562791,10,3526,2,7200,1.00283607487
559448,559458,562762,10,3304,2,7200,1.00302663438
559758,559766,563319,8,3553,2,7200,1.00225161835
559836,559844,563333,8,3489,2,7200,1.00229292061
560040,568398,569116,8358,718,20,7199,12.6406685237
560077,569127,569884,9050,757,20,7199,12.9550858653
560359,560370,563761,11,3391,2,7200,1.00324388086
560374,560380,563592,6,3212,2,7200,1.00186799502
560756,560765,564173,9,3408,2,7200,1.00264084507
561325,561335,565175,10,3840,2,7200,1.00260416667
561430,561438,564484,8,3046,2,7200,1.00262639527
561529,561539,565322,10,3783,2,7200,1.00264340471
561703,561709,561931,6,222,8,3600,1.02702702703
561737,561745,565473,8,3728,2,7200,1.00214592275
561932,561941,565613,9,3672,2,7200,1.00245098039
562254,562265,566024,11,3759,2,7200,1.00292631019
562431,562441,566290,10,3849,2,7200,1.00259807742
562633,562642,566260,9,3618,2,7200,1.00248756219
562762,562773,566563,11,3790,2,7200,1.00290237467
562792,562802,566542,10,3740,2,7200,1.00267379679
563322,563330,566521,8,3191,2,7200,1.00250705108
563336,563344,566421,8,3077,2,7200,1.002599935
563595,563603,566709,8,3106,2,7200,1.00257566001
563763,563772,567154,9,3382,2,7200,1.00266114725
564176,564184,567668,8,3484,2,7200,1.00229621125
564486,564495,568108,9,3613,2,7200,1.00249100471
565178,565186,568454,8,3268,2,7200,1.00244798042
565325,565333,568709,8,3376,2,7200,1.00236966825
565475,565484,568674,9,3190,2,7200,1.00282131661
565614,565624,569484,10,3860,2,7200,1.00259067358
565858,566015,575269,157,9254,64,20400,1.01696563648
566026,566036,569766,10,3730,2,7200,1.00268096515
566261,566271,570022,10,3751,2,7200,1.00266595575
566293,566301,569399,8,3098,2,7200,1.00258231117
566423,566433,569478,10,3045,2,7200,1.00328407225
566522,566532,569695,10,3163,2,7200,1.00316155549
566543,566553,570193,10,3640,2,7200,1.00274725275
566566,566575,570558,9,3983,2,7200,1.00225960331
566711,566720,570249,9,3529,2,7200,1.00255029753
567156,567165,570200,9,3035,2,7200,1.00296540362
567465,569895,570657,2430,762,20,10799,4.18897637795
567510,570671,571583,3161,912,20,7199,4.46600877193
567560,571594,572529,4034,935,20,3599,5.31443850267
567587,572540,573505,4953,965,20,7199,6.13264248705
567671,567679,571122,8,3443,2,7200,1.00232355504
568110,568119,570987,9,2868,2,7200,1.00313807531
568456,568466,572156,10,3690,2,7200,1.0027100271
568675,568685,572462,10,3777,2,7200,1.00264760392
568711,568720,572387,9,3667,2,7200,1.00245432233
568730,573461,574377,4731,916,20,7199,6.16484716157
568880,573516,574471,4636,955,20,7199,5.85445026178
568915,574391,575323,5476,932,20,7199,6.87553648069
569401,569410,572854,9,3444,2,7200,1.00261324042
569479,569489,572789,10,3300,2,7200,1.00303030303
569493,569500,573003,7,3503,2,7200,1.00199828718
569698,569706,573039,8,3333,2,7200,1.00240024002
569767,569778,573102,11,3324,2,7200,1.00330926594
570022,570033,573790,11,3757,2,7200,1.00292786798
570194,570204,573964,10,3760,2,7200,1.00265957447
570209,570215,573890,6,3675,2,7200,1.00163265306
570251,570260,573976,9,3716,2,7200,1.0024219591
570560,570569,574216,9,3647,2,7200,1.00246778174
570988,570998,574951,10,3953,2,7200,1.00252972426
571123,571133,574194,10,3061,2,7200,1.00326690624
571316,571322,572165,6,843,10,3600,1.00711743772
571542,571548,572868,6,1320,1,3600,1.00454545455
571557,572177,572840,620,663,8,3600,1.93514328808
571576,571582,571583,6,1,1,3600,1.0
571631,571637,572912,6,1275,1,3600,1.00470588235
571667,571674,573009,7,1335,1,3600,1.00524344569
572158,572167,575775,9,3608,2,7200,1.00249445676
572390,572398,575980,8,3582,2,7200,1.00223338917
572465,572473,575413,8,2940,2,7200,1.00272108844
572790,572800,576275,10,3475,2,7200,1.00287769784
572856,572865,576650,9,3785,2,7200,1.00237780713
573003,573014,576495,11,3481,2,7200,1.00316001149
573042,573051,576954,9,3903,2,7200,1.00230591852
573102,573113,576882,11,3769,2,7200,1.00291854603
573189,573196,648606,7,75410,1,108000,1.00009282589
573212,573219,625663,7,52444,1,108000,1.00013347571
573232,573238,657292,6,84054,1,108000,1.00007138268
573791,573801,577067,10,3266,2,7200,1.00306184936
573890,573901,577124,11,3223,2,7200,1.00341296928
573965,573975,577124,10,3149,2,7200,1.00317561131
573980,573987,577058,7,3071,2,7200,1.00227938782
574197,574205,577539,8,3334,2,7200,1.0023995201
574218,574227,577089,9,2862,2,7200,1.00314465409
574628,574634,574640,6,6,6,3600,1.2
574952,574962,578252,10,3290,2,7200,1.00303951368
575184,575280,576947,96,1667,64,10800,1.0575884823
575226,575232,581697,6,6465,10,7200,1.00092807425
575415,575424,578978,9,3554,2,7200,1.00253235791
575776,575786,579162,10,3376,2,7200,1.00296208531
575981,575991,579560,10,3569,2,7200,1.0028019053
576276,576286,579691,10,3405,2,7200,1.00293685756
576349,576355,579034,6,2679,6,7200,1.00223964166
576430,576437,579633,7,3196,10,7200,1.0021902378
576498,576507,579642,9,3135,2,7200,1.0028708134
576651,576661,580160,10,3499,2,7200,1.00285795942
576682,576688,579884,6,3196,10,7200,1.00187734668
576883,576894,580145,11,3251,2,7200,1.00338357428
576922,576958,584490,36,7532,64,8400,1.00477960701
576955,576965,580678,10,3713,2,7200,1.00269323997
576995,577001,580626,6,3625,4,7200,1.00165517241
577060,577070,580813,10,3743,2,7200,1.00267165375
577075,577081,580727,6,3646,2,7200,1.00164563906
577090,577100,580239,10,3139,2,7200,1.00318572794
577126,577135,580519,9,3384,2,7200,1.00265957447
577127,577141,580680,14,3539,2,7200,1.00395591975
577543,577551,581419,8,3868,2,7200,1.00206825233
578253,578263,581746,10,3483,2,7200,1.00287108814
578920,578927,579104,7,177,1,72000,1.0395480226
578921,578937,579109,16,172,1,72000,1.09302325581
578921,578932,579107,11,175,1,72000,1.06285714286
578921,578949,579114,28,165,1,72000,1.1696969697
578921,578943,579111,22,168,1,72000,1.13095238095
578922,578965,578966,43,1,1,72000,4.4
578923,578998,579126,75,128,1,72000,1.5859375
578923,578992,579122,69,130,1,72000,1.53076923077
578923,578987,579119,64,132,1,72000,1.48484848485
578923,578982,579117,59,135,1,72000,1.43703703704
578924,579003,579129,79,126,1,72000,1.62698412698
578924,579019,579020,95,1,1,72000,9.6
578925,579046,579138,121,92,1,72000,2.3152173913
578925,579041,579136,116,95,1,72000,2.22105263158
578925,579035,579164,110,129,1,72000,1.85271317829
578926,579062,579063,136,1,1,72000,13.7
578926,579052,579140,126,88,1,72000,2.43181818182
578926,579057,579143,131,86,1,72000,2.52325581395
578927,579089,579168,162,79,1,72000,3.05063291139
578928,579095,579171,167,76,1,72000,3.19736842105
578928,579100,579173,172,73,1,72000,3.35616438356
578928,579105,579175,177,70,1,72000,3.52857142857
578928,579111,579179,183,68,1,72000,3.69117647059
578929,579121,579122,192,1,1,72000,19.3
578981,579146,582725,165,3579,2,7200,1.0461022632
579165,579173,582364,8,3191,2,7200,1.00250705108
579286,579298,627712,12,48414,1,72000,1.00024786219
579286,579292,628823,6,49531,1,72000,1.00012113626
579287,579309,627527,22,48218,1,72000,1.00045626115
579287,579315,628887,28,49572,1,72000,1.00056483499
579287,579303,628575,16,49272,1,72000,1.00032472804
579288,579320,629230,32,49910,1,72000,1.00064115408
579288,579342,635989,54,56647,1,72000,1.00095327202
579288,579331,631231,43,51900,1,72000,1.00082851638
579288,579336,632278,48,52942,1,72000,1.00090665256
579288,579326,630208,38,50882,1,72000,1.00074682599
579289,579352,625935,63,46583,1,72000,1.0013524247
579289,579347,625384,58,46037,1,72000,1.0012598562
579289,579358,626528,69,47170,1,72000,1.00146279415
579289,579363,626993,74,47630,1,72000,1.00155364266
579290,579368,625752,78,46384,1,72000,1.00168161435
579290,579374,626010,84,46636,1,72000,1.00180118363
579290,579385,628662,95,49277,1,72000,1.0019278771
579290,579379,628256,89,48877,1,72000,1.00182089735
579291,579411,628656,120,49245,1,72000,1.00243679561
579291,579395,634158,104,54763,1,72000,1.00189909245
579291,579390,630813,99,51423,1,72000,1.00192520856
579291,579406,628664,115,49258,1,72000,1.00233464615
579291,579401,628970,110,49569,1,72000,1.00221912889
579292,579417,627603,125,48186,1,72000,1.00259411447
579292,579427,628649,135,49222,1,72000,1.00274267604
579292,579422,627423,130,48001,1,72000,1.00270827691
579292,579433,628499,141,49066,1,72000,1.00287368035
579293,579449,633237,156,53788,1,72000,1.00290027515
579293,579438,629794,145,50356,1,72000,1.00287949797
579293,579443,631589,150,52146,1,72000,1.00287653895
579293,579454,626120,161,46666,1,72000,1.00345004929
579294,579470,626038,176,46568,1,72000,1.00377941934
579294,579475,626215,181,46740,1,72000,1.00387248609
579294,579465,625948,171,46483,1,72000,1.00367876428
579294,579459,627321,165,47862,1,72000,1.00344741131
579295,579481,626813,186,47332,1,72000,1.00392968816
579295,579497,630946,202,51449,1,72000,1.0039262182
579295,579486,627405,191,47919,1,72000,1.00398589286
579295,579492,627515,197,48023,1,72000,1.00410220103
579296,579502,633527,206,54025,1,72000,1.00381304951
579545,579644,582839,99,3195,10,7200,1.03098591549
579562,579571,583000,9,3429,2,7200,1.00262467192
579612,579895,583089,283,3194,10,7200,1.08860363181
579643,579653,583129,10,3476,2,7200,1.00287686997
579694,579702,583409,8,3707,2,7200,1.00215807931
579708,579714,582387,6,2673,6,7200,1.00224466891
580148,580156,583968,8,3812,2,7200,1.00209863589
580163,580171,583933,8,3762,2,7200,1.00212652844
580241,580251,583568,10,3317,2,7200,1.00301477238
580304,581709,582861,1405,1152,8,7200,2.21961805556
580521,580530,584487,9,3957,2,7200,1.00227445034
580680,580689,584346,9,3657,2,7200,1.00246103363
580695,580701,583977,6,3276,2,7200,1.00183150183
580731,580739,584117,8,3378,2,7200,1.00236826525
580770,581997,582058,1227,61,15,3600,21.1147540984
580814,580825,584544,11,3719,2,7200,1.00295778435
581423,581431,584843,8,3412,2,7200,1.00234466589
581749,581757,585455,8,3698,2,7200,1.00216333153
581786,582069,582262,283,193,15,7200,2.46632124352
581908,582273,582468,365,195,15,7200,2.87179487179
582366,582375,586230,9,3855,2,7200,1.00233463035
582606,582612,589099,6,6487,10,7200,1.00092492678
582721,582736,586169,15,3433,2,7200,1.00436935625
583000,583011,586884,11,3873,2,7200,1.00284017557
583133,583141,586308,8,3167,2,7200,1.00252604989
583230,583236,586431,6,3195,10,7200,1.00187793427
583255,583261,586456,6,3195,10,7200,1.00187793427
583372,583378,583380,6,2,15,7200,1.0
583413,583421,587493,8,4072,2,7200,1.00196463654
583495,583501,585154,6,1653,15,7200,1.00362976407
583516,583522,585172,6,1650,15,7200,1.00363636364
583569,583579,587125,10,3546,2,7200,1.00282007896
583936,583945,587773,9,3828,2,7200,1.00235109718
583969,583979,587803,10,3824,2,7200,1.00261506276
583984,583990,587087,6,3097,2,7200,1.00193735873
584119,584128,587551,9,3423,2,7200,1.00262927257
584348,584357,587794,9,3437,2,7200,1.0026185627
584489,584498,587893,9,3395,2,7200,1.00265095729
584546,584555,588135,9,3580,2,7200,1.00251396648
584844,584854,588334,10,3480,2,7200,1.00287356322
585458,585466,588964,8,3498,2,7200,1.00228702115
586171,586180,589894,9,3714,2,7200,1.00242326333
586231,586241,589499,10,3258,2,7200,1.00306936771
586309,586320,589991,11,3671,2,7200,1.00299645873
586887,586895,590072,8,3177,2,7200,1.00251809884
587089,587098,590008,9,2910,2,7200,1.00309278351
587127,587137,590519,10,3382,2,7200,1.00295683028
587495,587504,591165,9,3661,2,7200,1.00245834471
587551,587562,590936,11,3374,2,7200,1.00326022525
587774,587784,591561,10,3777,2,7200,1.00264760392
587795,587805,590893,10,3088,2,7200,1.00323834197
587810,587816,591316,6,3500,2,7200,1.00171428571
587894,587904,591265,10,3361,2,7200,1.00297530497
588138,588146,591834,8,3688,2,7200,1.0021691974
588336,588345,591456,9,3111,2,7200,1.00289296046
588965,588975,592384,10,3409,2,7200,1.00293341156
589501,589510,592597,9,3087,2,7200,1.0029154519
589895,589905,593198,10,3293,2,7200,1.00303674461
589991,590002,593637,11,3635,2,7200,1.0030261348
590009,590019,593343,10,3324,2,7200,1.00300842359
590075,590083,593744,8,3661,2,7200,1.0021851953
590521,590532,594070,11,3538,2,7200,1.00310910119
590894,590904,594471,10,3567,2,7200,1.00280347631
590939,590947,594392,8,3445,2,7200,1.0023222061
591167,591176,594927,9,3751,2,7200,1.00239936017
591266,591276,594730,10,3454,2,7200,1.00289519398
591317,591327,594647,10,3320,2,7200,1.00301204819
591386,591392,591394,6,2,2,3540,1.0
591459,591467,595329,8,3862,2,7200,1.00207146556
591564,591572,594841,8,3269,2,7200,1.00244723157
591835,591845,595920,10,4075,2,7200,1.00245398773
592386,592395,595873,9,3478,2,7200,1.00258769408
592465,592471,592722,6,251,64,14400,1.02390438247
592599,592608,596491,9,3883,2,7200,1.00231779552
592876,592884,593701,8,817,128,14400,1.00979192166
593201,593210,596956,9,3746,2,7200,1.00240256273
593345,593355,596919,10,3564,2,7200,1.00280583614
593640,593649,596948,9,3299,2,7200,1.00272809942
593675,593713,594373,38,660,128,13200,1.05757575758
593746,593755,597488,9,3733,2,7200,1.00241092955
594074,594082,598209,8,4127,2,7200,1.00193845408
594393,594403,597874,10,3471,2,7200,1.00288101412
594399,594410,595168,11,758,128,13200,1.01451187335
594474,594482,597791,8,3309,2,7200,1.00241764884
594648,594658,598226,10,3568,2,7200,1.00280269058
594732,594741,598341,9,3600,2,7200,1.0025
594843,594852,598606,9,3754,2,7200,1.00239744273
594930,594938,598675,8,3737,2,7200,1.00214075462
595222,595228,597440,6,2212,128,13200,1.0027124774
595331,595340,599046,9,3706,2,7200,1.00242849433
595876,595884,599395,8,3511,2,7200,1.00227855312
595924,595932,599593,8,3661,2,7200,1.0021851953
596493,596502,599543,9,3041,2,7200,1.00295955278
596920,596930,600448,10,3518,2,7200,1.00284252416
596950,596959,600640,9,3681,2,7200,1.00244498778
596965,596971,600699,6,3728,2,7200,1.00160944206
597487,597493,597535,6,42,128,13200,1.14285714286
597488,597499,601166,11,3667,2,7200,1.0029997273
597574,597580,597860,6,280,128,13200,1.02142857143
597792,597802,601423,10,3621,2,7200,1.00276166805
597876,597886,600827,10,2941,2,7200,1.00340020401
597939,597945,598247,6,302,128,13200,1.01986754967
598210,598220,601341,10,3121,2,7200,1.00320410125
598228,598237,601943,9,3706,2,7200,1.00242849433
598272,598279,598558,7,279,128,13200,1.02508960573
598342,598353,602335,11,3982,2,7200,1.00276243094
598607,598617,601900,10,3283,2,7200,1.00304599452
598641,598648,610285,7,11637,128,13200,1.0006015296
598676,598686,602392,10,3706,2,7200,1.00269832704
599046,599057,602782,11,3725,2,7200,1.00295302013
599396,599406,602969,10,3563,2,7200,1.00280662363
599419,599426,600000,7,574,1,3600,1.01219512195
599546,599555,603309,9,3754,2,7200,1.00239744273
599594,599604,602909,10,3305,2,7200,1.00302571861
600449,600459,603894,10,3435,2,7200,1.00291120815
600641,600651,604083,10,3432,2,7200,1.00291375291
600701,600711,604608,10,3897,2,7200,1.00256607647
600831,600838,604469,7,3631,2,7200,1.00192784357
601168,601177,604584,9,3407,2,7200,1.00264162019
601342,601352,604614,10,3262,2,7200,1.00306560392
601426,601434,605339,8,3905,2,7200,1.00204865557
601497,601503,601592,6,89,6,86400,1.06741573034
601902,601912,605235,10,3323,2,7200,1.00300932892
601944,601954,605606,10,3652,2,7200,1.00273822563
601995,602001,643890,6,41889,6,86400,1.00014323569
602338,602346,605705,8,3359,2,7200,1.00238166121
602395,602403,605878,8,3475,2,7200,1.00230215827
602783,602793,606085,10,3292,2,7200,1.00303766707
602910,602920,606403,10,3483,2,7200,1.00287108814
602973,602981,606159,8,3178,2,7200,1.00251730648
603310,603320,606992,10,3672,2,7200,1.00272331155
603897,603905,607519,8,3614,2,7200,1.00221361372
604086,604098,607537,12,3439,2,7200,1.00348938645
604471,604480,608359,9,3879,2,7200,1.00232018561
604585,604597,608372,12,3775,2,7200,1.00317880795
604609,604619,608092,10,3473,2,7200,1.00287935502
604624,604630,607956,6,3326,2,7200,1.00180396873
