SubmitTime,StartTime,EndTime,QueuedTime,RunTime,NodesRequested,walltime,bslowdown
112,3327,3516,3215,189,1,3540,18.0105820106
300,3251,3379,2951,128,4,3540,24.0546875
350,3333,3465,2983,132,1,3540,23.5984848485
11142,12382,25273,1240,12891,5,28800,1.09619114111
11820,12516,26402,696,13886,5,28800,1.05012242546
12385,12536,26923,151,14387,5,28800,1.01049558629
12519,12929,25537,410,12608,5,28800,1.03251903553
12540,14658,28544,2118,13886,5,28800,1.15252772577
12930,14663,26930,1733,12267,5,28800,1.14127333496
14654,15026,26013,372,10987,5,28800,1.03385819605
14665,15032,27686,367,12654,5,28800,1.0290026869
15025,15228,29399,203,14171,5,28800,1.01432502999
15035,15234,29574,199,14340,5,28800,1.01387726639
15231,15294,28883,63,13589,5,28800,1.00463610273
15231,15992,30822,761,14830,5,28800,1.05131490223
15293,24916,39974,9623,15058,5,28800,1.63906229247
15991,25285,39115,9294,13830,5,28800,1.67201735358
24913,25550,39223,637,13673,5,28800,1.04658816646
25281,26025,40154,744,14129,5,28800,1.05265765447
25548,26333,39971,785,13638,5,28800,1.0575597595
26029,26415,40607,386,14192,5,28800,1.02719842165
26336,26936,41113,600,14177,5,28800,1.04232207096
26418,29586,44350,3168,14764,5,28800,1.21457599567
26936,27574,27615,638,41,12,210,16.5609756098
26940,30835,46451,3895,15616,5,28800,1.24942366803
26997,28557,28583,1560,26,22,210,61.0
27477,29412,29450,1935,38,32,210,51.9210526316
27860,27868,28502,8,634,15,600,1.01261829653
29584,31621,44805,2037,13184,5,28800,1.15450546117
30839,31626,44969,787,13343,5,28800,1.05898223788
31126,31134,31245,8,111,3,90,1.07207207207
31156,31165,31167,9,2,3,90,1.1
31173,31180,31292,7,112,3,90,1.0625
31185,31193,31288,8,95,3,90,1.08421052632
31241,31249,31353,8,104,3,90,1.07692307692
31288,31295,31425,7,130,3,90,1.05384615385
31332,31340,31476,8,136,3,90,1.05882352941
31369,31377,31513,8,136,3,90,1.05882352941
31390,31397,31399,7,2,3,90,1.0
31406,31414,31533,8,119,3,90,1.06722689076
31427,31436,31533,9,97,3,90,1.09278350515
31626,32028,45312,402,13284,5,28800,1.03026196929
31626,32510,45423,884,12913,5,28800,1.06845814296
31854,32085,32107,231,22,3,210,11.5
32025,34216,48389,2191,14173,5,28800,1.15458971283
32100,32120,32436,20,316,4,300,1.06329113924
32217,32448,32480,231,32,3,210,8.21875
32515,35312,47383,2797,12071,5,28800,1.23171236849
32901,39860,39897,6959,37,12,210,189.081081081
32961,40215,40243,7254,28,22,210,260.071428571
33021,43674,43708,10653,34,32,210,314.323529412
33081,43924,43951,10843,27,42,210,402.592592593
33142,44982,45011,11840,29,52,210,409.275862069
33202,45436,45464,12234,28,62,210,437.928571429
33262,48402,48434,15140,32,72,210,474.125
33273,33357,34201,84,844,3,1200,1.09952606635
33322,56950,56983,23628,33,82,210,717.0
33383,66314,66338,32931,24,92,210,1373.125
33443,66271,66303,32828,32,102,210,1026.875
33503,66216,66253,32713,37,112,210,885.135135135
33563,66175,66201,32612,26,122,210,1255.30769231
33624,66132,66157,32508,25,132,210,1301.32
33684,66095,66120,32411,25,142,210,1297.44
33744,66052,66084,32308,32,152,210,1010.625
34221,38655,53496,4434,14841,5,28800,1.29876692945
35757,66246,109912,30489,43666,16,72000,1.69823203408
35762,66276,109894,30514,43618,16,90000,1.69957357054
35794,39127,52290,3333,13163,5,28800,1.25320975462
37268,66351,66663,29083,312,16,108000,94.2147435897
39121,39238,53190,117,13952,5,28800,1.0083858945
39234,39985,53827,751,13842,5,28800,1.05425516544
39862,42413,109910,2551,67497,4,72000,1.03779427234
39979,39994,53650,15,13656,5,28800,1.00109841828
39990,40256,53961,266,13705,5,28800,1.01940897483
40164,40621,56081,457,15460,5,28800,1.02956015524
40613,41126,55209,513,14083,5,28800,1.03642689768
41114,44363,59263,3249,14900,5,28800,1.21805369128
44357,45875,60514,1518,14639,5,28800,1.10369560762
44499,66180,109911,21681,43731,16,57600,1.4957810249
44806,46464,59572,1658,13108,5,28800,1.12648764114
44808,66187,66214,21379,27,16,57600,792.814814815
45877,52302,66026,6425,13724,5,28800,1.46815797144
49611,49618,78558,7,28940,4,28920,1.00024187975
50489,50496,55371,7,4875,4,7200,1.00143589744
50548,50556,50563,8,7,4,7200,1.5
50647,50655,55448,8,4793,4,7200,1.00166910077
50725,50732,55330,7,4598,4,7200,1.00152240104
50829,50836,55770,7,4934,4,7200,1.0014187272
53040,53202,65767,162,12565,5,28800,1.01289295663
53164,53508,66726,344,13218,5,28800,1.02602511726
53205,53662,70363,457,16701,5,28800,1.02736363092
53511,53839,67342,328,13503,5,28800,1.02429089832
53665,53975,68602,310,14627,5,28800,1.02119368292
53839,55221,69216,1382,13995,5,28800,1.09874955341
54003,56094,72846,2091,16752,5,28800,1.12482091691
55218,59276,74327,4058,15051,5,28800,1.26961663677
56095,59584,74400,3489,14816,5,28800,1.23548866091
57021,57028,57029,7,1,1,25200,1.0
57022,57033,57077,11,44,1,25200,1.25
57022,57045,57046,23,1,1,25200,2.4
57022,57039,57040,17,1,1,25200,1.8
57023,57078,57079,55,1,1,25200,5.6
57023,57065,57066,42,1,1,25200,4.3
57023,57059,57367,36,308,1,25200,1.11688311688
57024,57096,57097,72,1,1,25200,7.3
57024,57089,57091,65,2,1,25200,6.7
57025,57123,57210,98,87,1,25200,2.12643678161
57025,57109,57110,84,1,1,25200,8.5
57025,57129,57293,104,164,1,25200,1.63414634146
57026,57222,57224,196,2,1,25200,19.8
57026,57235,57236,209,1,1,25200,21.0
57027,57261,57269,234,8,1,25200,24.2
57027,57305,57377,278,72,1,25200,4.86111111111
57027,57281,57336,254,55,1,25200,5.61818181818
57028,57348,57352,320,4,1,25200,32.4
57028,57377,57388,349,11,1,25200,32.7272727273
57029,57405,57441,376,36,1,25200,11.4444444444
57029,57384,57385,355,1,1,25200,35.6
57029,57391,57392,362,1,1,25200,36.3
57030,57411,57654,381,243,1,25200,2.56790123457
57030,57453,58523,423,1070,1,25200,1.3953271028
57030,57418,57745,388,327,1,25200,2.18654434251
57031,57680,57688,649,8,1,25200,65.7
57031,57666,57667,635,1,1,25200,63.6
57031,57700,62358,669,4658,1,25200,1.14362387291
57032,58054,58401,1022,347,1,25200,3.94524495677
57032,58040,58041,1008,1,1,25200,100.9
57032,57758,58027,726,269,1,25200,3.69888475836
57033,58450,59744,1417,1294,1,25200,2.09505409583
57033,58414,58419,1381,5,1,25200,138.6
57033,58437,58438,1404,1,1,25200,140.5
57034,58536,58537,1502,1,1,25200,150.3
57034,58550,58555,1516,5,1,25200,152.1
57034,58568,58569,1534,1,1,25200,153.5
57035,58620,58622,1585,2,1,25200,158.7
57035,58594,58595,1559,1,1,25200,156.0
57035,58581,58582,1546,1,1,25200,154.7
57036,58634,61007,1598,2373,1,25200,1.67340918668
57036,59769,59777,2733,8,1,25200,274.1
57036,59756,59757,2720,1,1,25200,272.1
57037,59819,59836,2782,17,1,25200,164.647058824
57037,59806,59807,2769,1,1,25200,277.0
57037,59789,59793,2752,4,1,25200,275.6
57038,59849,59868,2811,19,1,25200,148.947368421
57038,59880,59882,2842,2,1,25200,284.4
57038,59964,59966,2926,2,1,25200,292.8
57038,59894,59951,2856,57,1,25200,51.1052631579
57039,59978,59979,2939,1,1,25200,294.0
57039,59991,60302,2952,311,1,25200,10.4919614148
57039,60314,60316,3275,2,1,25200,327.7
57040,60357,60360,3317,3,1,25200,332.0
57040,60328,60345,3288,17,1,25200,194.411764706
57041,60373,60374,3332,1,1,25200,333.3
57041,60386,60404,3345,18,1,25200,186.833333333
57041,60417,60419,3376,2,1,25200,337.8
57041,60431,60432,3390,1,1,25200,339.1
57042,60444,60445,3402,1,1,25200,340.3
57042,60457,60462,3415,5,1,25200,342.0
57042,60474,60475,3432,1,1,25200,343.3
57043,60487,60494,3444,7,1,25200,345.1
57043,61019,61731,3976,712,1,25200,6.58426966292
57043,61743,61745,4700,2,1,25200,470.2
57043,60506,68419,3463,7913,1,25200,1.43763427272
57044,61757,61762,4713,5,1,25200,471.8
57044,61774,61784,4730,10,1,25200,474.0
57044,61796,61797,4752,1,1,25200,475.3
57045,62384,62399,5339,15,1,25200,356.933333333
57045,62370,62372,5325,2,1,25200,532.7
57045,61810,62401,4765,591,1,25200,9.06260575296
57046,62419,62420,5373,1,1,25200,537.4
57046,62412,62421,5366,9,1,25200,537.5
57046,62432,62433,5386,1,1,25200,538.7
57046,62439,62506,5393,67,1,25200,81.4925373134
57047,62446,62447,5399,1,1,25200,540.0
57047,62459,63582,5412,1123,1,25200,5.81923419412
57048,62518,62730,5470,212,1,25200,26.8018867925
57048,62741,62743,5693,2,1,25200,569.5
57048,62755,62756,5707,1,1,25200,570.8
57049,62794,62796,5745,2,1,25200,574.7
57050,62821,62836,5771,15,1,25200,385.733333333
57050,62848,62849,5798,1,1,25200,579.9
57051,63452,63453,6401,1,1,25200,640.2
57051,63465,63476,6414,11,1,25200,584.090909091
57051,63489,63491,6438,2,1,25200,644.0
57051,62875,63440,5824,565,1,25200,11.3079646018
57052,63503,63504,6451,1,1,25200,645.2
57052,63516,63563,6464,47,1,25200,138.531914894
57052,63575,63576,6523,1,1,25200,652.4
57053,63620,64675,6567,1055,1,25200,7.22464454976
57053,63589,63608,6536,19,1,25200,345.0
57053,63596,63738,6543,142,1,25200,47.0774647887
57054,63772,63781,6718,9,1,25200,672.7
57054,63793,63794,6739,1,1,25200,674.0
57054,63751,63760,6697,9,1,25200,670.6
57055,63831,63832,6776,1,1,25200,677.7
57056,63857,64550,6801,693,1,25200,10.8138528139
57056,64562,64563,7506,1,1,25200,750.7
57057,64701,89927,7644,25226,1,25200,1.30302069294
57057,64587,64703,7530,116,1,25200,65.9137931034
57057,64687,64689,7630,2,1,25200,763.2
57058,64743,65017,7685,274,1,25200,29.0474452555
57058,64730,64731,7672,1,1,25200,767.3
57058,64716,64717,7658,1,1,25200,765.9
57058,65029,65048,7971,19,1,25200,420.526315789
57059,65061,65103,8002,42,1,25200,191.523809524
57059,65116,65118,8057,2,1,25200,805.9
57060,65229,65230,8169,1,1,25200,817.0
57060,65156,65217,8096,61,1,25200,133.721311475
57061,65242,65249,8181,7,1,25200,818.8
57061,65261,65277,8200,16,1,25200,513.5
57062,65289,65299,8227,10,1,25200,823.7
57062,65311,65318,8249,7,1,25200,825.6
57062,66057,66059,8995,2,1,25200,899.7
57063,65330,65334,8267,4,1,25200,827.1
57063,65346,65347,8283,1,1,25200,828.4
57063,65927,69120,8864,3193,1,25200,3.77607265894
57063,65359,65915,8296,556,1,25200,15.9208633094
57064,65997,65999,8933,2,1,25200,893.5
57064,66025,66038,8961,13,1,25200,690.307692308
57064,66038,66056,8974,18,1,25200,499.555555556
57065,66082,67076,9017,994,1,25200,10.0714285714
57066,66168,66198,9102,30,1,25200,304.4
57066,66210,66656,9144,446,1,25200,21.5022421525
57067,66222,66223,9155,1,1,25200,915.6
57067,66145,66155,9078,10,1,25200,908.8
57068,66228,66230,9160,2,1,25200,916.2
57068,66233,66759,9165,526,1,25200,18.4239543726
57068,66239,66240,9171,1,1,25200,917.2
57069,66378,66576,9309,198,1,25200,48.0151515152
57069,66251,66680,9182,429,1,25200,22.4032634033
57069,66257,66258,9188,1,1,25200,918.9
57069,66383,66385,9314,2,1,25200,931.6
57070,66372,66373,9302,1,1,25200,930.3
57070,66282,91505,9212,25223,1,25200,1.36522221782
57070,66264,66846,9194,582,1,25200,16.7972508591
57071,66388,66390,9317,2,1,25200,931.9
57071,66399,66400,9328,1,1,25200,932.9
57071,66394,66395,9323,1,1,25200,932.4
57072,66424,66425,9352,1,1,25200,935.3
57072,66411,66412,9339,1,1,25200,934.0
57072,66405,66408,9333,3,1,25200,933.6
57073,66451,66519,9378,68,1,25200,138.911764706
57073,66429,66453,9356,24,1,25200,390.833333333
57073,66435,67673,9362,1238,1,25200,8.56219709208
57074,66446,66813,9372,367,1,25200,26.5367847411
57074,66457,91697,9383,25240,1,25200,1.37175118859
57074,66440,66491,9366,51,1,25200,184.647058824
57075,66468,66469,9393,1,1,25200,939.4
57075,66484,66486,9409,2,1,25200,941.1
57075,66473,66478,9398,5,1,25200,940.3
57076,66501,66508,9425,7,1,25200,943.2
57076,66496,66498,9420,2,1,25200,942.2
57076,66479,67079,9403,600,1,25200,16.6716666667
57076,66490,73625,9414,7135,1,25200,2.31941135249
57077,66546,66724,9469,178,1,25200,54.1966292135
57077,66535,66536,9458,1,1,25200,945.9
57077,66540,66542,9463,2,1,25200,946.5
57078,66507,66511,9429,4,1,25200,943.3
57078,66518,66519,9440,1,1,25200,944.1
57078,66512,66515,9434,3,1,25200,943.7
57079,66551,66553,9472,2,1,25200,947.4
57079,66524,66898,9445,374,1,25200,26.2540106952
57079,66557,66570,9478,13,1,25200,730.076923077
57079,66529,66578,9450,49,1,25200,193.857142857
57080,66563,66565,9483,2,1,25200,948.5
57080,66568,67100,9488,532,1,25200,18.8345864662
57080,66605,70702,9525,4097,1,25200,3.32487185746
57081,66599,66725,9518,126,1,25200,76.5396825397
57081,66610,66750,9529,140,1,25200,69.0642857143
57081,66580,66581,9499,1,1,25200,950.0
57081,66574,66643,9493,69,1,25200,138.579710145
57082,66638,91867,9556,25229,1,25200,1.37877046256
57082,66632,67162,9550,530,1,25200,19.0188679245
57083,66643,66644,9560,1,1,25200,956.1
57083,66621,91855,9538,25234,1,25200,1.37798208766
57083,66627,71936,9544,5309,1,25200,2.79770201545
57084,66654,66663,9570,9,1,25200,957.9
57085,66670,66671,9585,1,1,25200,958.6
57085,66676,66679,9591,3,1,25200,959.4
57085,66665,66692,9580,27,1,25200,355.814814815
57086,66733,66847,9647,114,1,25200,85.6228070175
57086,66728,66729,9642,1,1,25200,964.3
57086,66681,66682,9595,1,1,25200,959.6
57087,66703,71157,9616,4454,1,25200,3.15895823978
57087,66692,66693,9605,1,1,25200,960.6
57087,66698,66796,9611,98,1,25200,99.0714285714
57088,66739,66778,9651,39,1,25200,248.461538462
57088,66722,69039,9634,2317,1,25200,5.15796288304
57088,66766,66770,9678,4,1,25200,968.2
57088,66744,67052,9656,308,1,25200,32.3506493506
57089,66755,66778,9666,23,1,25200,421.260869565
57089,66750,66751,9661,1,1,25200,966.2
57089,66761,91996,9672,25235,1,25200,1.38327719437
57090,66777,68367,9687,1590,1,25200,7.09245283019
57090,66788,66789,9698,1,1,25200,969.9
57090,66772,66775,9682,3,1,25200,968.5
57091,66783,66796,9692,13,1,25200,746.538461538
57091,66799,66800,9708,1,1,25200,970.9
57092,66805,66966,9713,161,1,25200,61.3291925466
57092,66816,92057,9724,25241,1,25200,1.38524622638
57092,66810,66813,9718,3,1,25200,972.1
57092,66832,81926,9740,15094,1,25200,1.64528951901
57093,66826,67135,9733,309,1,25200,32.498381877
57093,66821,66822,9728,1,1,25200,972.9
57094,66854,66887,9760,33,1,25200,296.757575758
57094,66848,66849,9754,1,1,25200,975.5
57094,66843,66926,9749,83,1,25200,118.457831325
57095,66859,66860,9764,1,1,25200,976.5
57095,66870,66918,9775,48,1,25200,204.645833333
57095,66865,66867,9770,2,1,25200,977.2
57095,66890,67274,9795,384,1,25200,26.5078125
57096,66895,66896,9799,1,1,25200,980.0
57096,66906,66907,9810,1,1,25200,981.1
57096,66901,66903,9805,2,1,25200,980.7
57097,66912,92127,9815,25215,1,25200,1.38925242911
57097,68526,70954,11429,2428,1,25200,5.70716639209
57097,68512,68515,11415,3,1,25200,1141.8
57098,68619,68905,11521,286,1,25200,41.2832167832
57098,68638,69840,11540,1202,1,25200,10.6006655574
57099,68770,68773,11671,3,1,25200,1167.4
57099,68679,68759,11580,80,1,25200,145.75
57099,68708,69108,11609,400,1,25200,30.0225
57100,70152,70159,13052,7,1,25200,1305.9
57100,66917,67038,9817,121,1,25200,82.132231405
57100,69951,70315,12851,364,1,25200,36.3049450549
57100,70341,70343,13241,2,1,25200,1324.3
57101,66922,66925,9821,3,1,25200,982.4
57101,66933,67471,9832,538,1,25200,19.2750929368
57101,66928,66933,9827,5,1,25200,983.2
57102,66955,66960,9853,5,1,25200,985.8
57102,66939,66947,9837,8,1,25200,984.5
57102,66950,67801,9848,851,1,25200,12.5722679201
57102,66944,67375,9842,431,1,25200,23.8352668213
57103,66966,66968,9863,2,1,25200,986.5
57103,66972,67222,9869,250,1,25200,40.476
57104,66977,66979,9873,2,1,25200,987.5
57104,66983,66984,9879,1,1,25200,988.0
57105,66999,67000,9894,1,1,25200,989.5
57105,66994,68666,9889,1672,1,25200,6.91447368421
57105,66988,66989,9883,1,1,25200,988.4
57106,67035,67347,9929,312,1,25200,32.8237179487
57106,67010,67011,9904,1,1,25200,990.5
57106,67005,67007,9899,2,1,25200,990.1
57106,67029,67035,9923,6,1,25200,992.9
57107,67046,67051,9939,5,1,25200,994.4
57107,67040,67352,9933,312,1,25200,32.8365384615
57107,67051,67093,9944,42,1,25200,237.761904762
57108,67062,67063,9954,1,1,25200,995.5
57108,67067,67261,9959,194,1,25200,52.3350515464
57108,67073,67084,9965,11,1,25200,906.909090909
57109,67078,67099,9969,21,1,25200,475.714285714
57109,67089,68082,9980,993,1,25200,11.0503524673
57109,67084,67089,9975,5,1,25200,998.0
57110,67095,67990,9985,895,1,25200,12.156424581
57110,67120,67460,10010,340,1,25200,30.4411764706
57110,67100,67101,9990,1,1,25200,999.1
57111,67125,67137,10014,12,1,25200,835.5
57111,67136,67699,10025,563,1,25200,18.8063943162
57112,67153,67350,10041,197,1,25200,51.9695431472
57112,67142,67143,10030,1,1,25200,1003.1
57112,67147,67695,10035,548,1,25200,19.3120437956
57113,67176,67177,10063,1,1,25200,1006.4
57113,67182,67200,10069,18,1,25200,560.388888889
57113,67170,67171,10057,1,1,25200,1005.8
57113,67158,67160,10045,2,1,25200,1004.7
57114,67188,67189,10074,1,1,25200,1007.5
57114,67202,67207,10088,5,1,25200,1009.3
57115,68785,68788,11670,3,1,25200,1167.3
57115,68800,68976,11685,176,1,25200,67.3920454545
57115,68917,68974,11802,57,1,25200,208.052631579
57115,67209,67239,10094,30,1,25200,337.466666667
57116,68968,94214,11852,25246,1,25200,1.4694605086
57116,68974,69080,11858,106,1,25200,112.867924528
57116,68985,68988,11869,3,1,25200,1187.2
57117,69000,69016,11883,16,1,25200,743.6875
57117,69028,69037,11911,9,1,25200,1192.0
57117,68993,69279,11876,286,1,25200,42.5244755245
57118,69065,69124,11947,59,1,25200,203.491525424
57118,69050,69052,11932,2,1,25200,1193.4
57118,69093,94339,11975,25246,1,25200,1.47433256754
57119,67223,67422,10104,199,1,25200,51.7738693467
57120,67273,67298,10153,25,1,25200,407.12
57120,67252,74692,10132,7440,1,25200,2.36182795699
57120,67237,68145,10117,908,1,25200,12.1420704846
57120,67244,92489,10124,25245,1,25200,1.40102990691
57121,67310,82509,10189,15199,1,25200,1.67037305086
57121,67368,67373,10247,5,1,25200,1025.2
57121,67361,67490,10240,129,1,25200,80.3798449612
57122,67386,70140,10264,2754,1,25200,4.7269426289
57122,67373,67375,10251,2,1,25200,1025.3
57122,67393,67398,10271,5,1,25200,1027.6
57123,67410,67413,10287,3,1,25200,1029.0
57123,67435,67437,10312,2,1,25200,1031.4
57123,67398,67426,10275,28,1,25200,367.964285714
57123,67424,67473,10301,49,1,25200,211.224489796
57124,67442,67464,10318,22,1,25200,470.0
57124,67450,67451,10326,1,1,25200,1032.7
57125,67480,68956,10355,1476,1,25200,8.01558265583
57125,67503,67910,10378,407,1,25200,26.4987714988
57125,67463,67470,10338,7,1,25200,1034.5
57125,67473,70586,10348,3113,1,25200,4.32412463861
57126,67814,82837,10688,15023,1,25200,1.7114424549
57126,67708,92949,10582,25241,1,25200,1.41923854047
57126,67715,67870,10589,155,1,25200,69.3161290323
57127,67935,67937,10808,2,1,25200,1081.0
57127,67882,69182,10755,1300,1,25200,9.27307692308
57127,67922,67924,10795,2,1,25200,1079.7
57127,67950,68383,10823,433,1,25200,25.9953810624
57128,68003,68005,10875,2,1,25200,1087.7
57128,68030,68031,10902,1,1,25200,1090.3
57129,68054,68055,10925,1,1,25200,1092.6
57129,68065,68067,10936,2,1,25200,1093.8
57130,68157,68159,11027,2,1,25200,1102.9
57130,68094,69374,10964,1280,1,25200,9.565625
57130,68072,68961,10942,889,1,25200,13.3082114736
57130,68170,68171,11040,1,1,25200,1104.1
57131,68262,68273,11131,11,1,25200,1012.90909091
57131,68249,68250,11118,1,1,25200,1111.9
57131,68182,68236,11051,54,1,25200,205.648148148
57132,68395,68397,11263,2,1,25200,1126.5
57132,68285,68501,11153,216,1,25200,52.6342592593
57132,68409,68415,11277,6,1,25200,1128.3
57133,69132,69134,11999,2,1,25200,1200.1
57133,69121,72742,11988,3621,1,25200,4.31068765534
57133,68434,89492,11301,21058,1,25200,1.53666065153
57133,68427,68691,11294,264,1,25200,43.7803030303
57134,69195,74447,12061,5252,1,25200,3.296458492
57134,69139,94379,12005,25240,1,25200,1.47563391442
57134,69146,70199,12012,1053,1,25200,12.4074074074
57135,69292,69300,12157,8,1,25200,1216.5
57135,69326,69359,12191,33,1,25200,370.424242424
57135,69372,69719,12237,347,1,25200,36.265129683
57136,69386,69392,12250,6,1,25200,1225.6
57136,69416,69763,12280,347,1,25200,36.3890489914
57137,69791,70447,12654,656,1,25200,20.2896341463
57137,69776,69779,12639,3,1,25200,1264.2
57137,69731,77950,12594,8219,1,25200,2.5323031999
57138,69852,69854,12714,2,1,25200,1271.6
57138,69866,69939,12728,73,1,25200,175.356164384
57138,70171,70189,13033,18,1,25200,725.055555556
57138,70202,95424,13064,25222,1,25200,1.51796051067
57139,70327,70329,13188,2,1,25200,1319.0
57139,70211,72254,13072,2043,1,25200,7.39843367597
57140,70459,70472,13319,13,1,25200,1025.53846154
57140,70382,70608,13242,226,1,25200,59.592920354
57140,70485,70507,13345,22,1,25200,607.590909091
57141,70598,70622,13457,24,1,25200,561.708333333
57141,70533,72447,13392,1914,1,25200,7.99686520376
57141,70519,70521,13378,2,1,25200,1338.0
57142,70635,95846,13493,25211,1,25200,1.53520288763
57142,70620,70751,13478,131,1,25200,103.885496183
57142,70763,70765,13621,2,1,25200,1362.3
57143,70966,71047,13823,81,1,25200,171.654320988
57143,70804,71401,13661,597,1,25200,23.8827470687
57144,71060,71353,13916,293,1,25200,48.4948805461
57144,71170,71189,14026,19,1,25200,739.210526316
57145,71366,71588,14221,222,1,25200,65.0585585586
57145,71214,71217,14069,3,1,25200,1407.2
57145,71414,71425,14269,11,1,25200,1298.18181818
57145,71229,71468,14084,239,1,25200,59.9288702929
57146,71438,71526,14292,88,1,25200,163.409090909
57146,71481,75190,14335,3709,1,25200,4.86492315988
57146,71539,71682,14393,143,1,25200,101.65034965
57147,72563,73252,15416,689,1,25200,23.3744557329
57147,71616,72408,14469,792,1,25200,19.2689393939
57147,71695,71700,14548,5,1,25200,1455.3
57147,71601,71604,14454,3,1,25200,1445.7
57148,72616,72816,15468,200,1,25200,78.34
57148,71819,71841,14671,22,1,25200,667.863636364
57148,71712,71806,14564,94,1,25200,155.936170213
57149,71857,79284,14708,7427,1,25200,2.98034199542
57149,72267,72604,15118,337,1,25200,45.8605341246
57149,72420,72423,15271,3,1,25200,1527.4
57150,72435,74794,15285,2359,1,25200,7.47944044086
57150,72459,72508,15309,49,1,25200,313.428571429
57150,72520,72523,15370,3,1,25200,1537.3
57151,72754,73652,15603,898,1,25200,18.3752783964
57151,72829,72831,15678,2,1,25200,1568.0
57151,72549,72551,15398,2,1,25200,1540.0
57152,72843,73058,15691,215,1,25200,73.9813953488
57152,76273,76286,19121,13,1,25200,1471.84615385
57153,73279,73280,16126,1,1,25200,1612.7
57153,73265,73267,16112,2,1,25200,1611.4
57153,73292,98533,16139,25241,1,25200,1.63939622044
57154,73665,73667,16511,2,1,25200,1651.3
57154,73680,73681,16526,1,1,25200,1652.7
57154,73637,73639,16483,2,1,25200,1648.5
57154,73651,73723,16497,72,1,25200,230.125
57155,81490,81493,24335,3,1,25200,2433.8
57155,73693,73694,16538,1,1,25200,1653.9
57155,73706,73778,16551,72,1,25200,230.875
57156,81393,81394,24237,1,1,25200,2423.8
57156,76346,101585,19190,25239,1,25200,1.76033123341
57156,76313,76334,19157,21,1,25200,913.238095238
57156,76298,76301,19142,3,1,25200,1914.5
57157,81410,81419,24253,9,1,25200,2426.2
57157,81404,81407,24247,3,1,25200,2425.0
57157,81398,106618,24241,25220,1,25200,1.9611816019
57158,81437,81438,24279,1,1,25200,2428.0
57158,81430,81432,24272,2,1,25200,2427.4
57159,81451,81521,24292,70,1,25200,348.028571429
57159,81459,81633,24300,174,1,25200,140.655172414
57159,81484,81657,24325,173,1,25200,141.606936416
57159,81506,81620,24347,114,1,25200,214.570175439
57160,81534,81539,24374,5,1,25200,2437.9
57160,81607,82006,24447,399,1,25200,62.2706766917
57160,81550,82640,24390,1090,1,25200,23.376146789
57161,81618,81624,24457,6,1,25200,2446.3
57162,81696,81697,24534,1,1,25200,2453.5
57162,81673,81674,24511,1,1,25200,2451.2
57162,81702,81707,24540,5,1,25200,2454.5
57162,81629,81796,24467,167,1,25200,147.508982036
57163,81657,81706,24494,49,1,25200,500.87755102
57163,81652,101040,24489,19388,1,25200,2.26310088715
57163,81646,81647,24483,1,1,25200,2448.4
57164,81668,81669,24504,1,1,25200,2450.5
57164,81679,81680,24515,1,1,25200,2451.6
57164,81662,81672,24498,10,1,25200,2450.8
57165,81718,81845,24553,127,1,25200,194.330708661
57165,81707,81801,24542,94,1,25200,262.085106383
57165,81684,81686,24519,2,1,25200,2452.1
57165,81752,81756,24587,4,1,25200,2459.1
57166,81729,81779,24563,50,1,25200,492.26
57166,81713,81714,24547,1,1,25200,2454.8
57166,81723,81863,24557,140,1,25200,176.407142857
57167,81757,82275,24590,518,1,25200,48.471042471
57167,81734,81735,24567,1,1,25200,2456.8
57167,81741,81744,24574,3,1,25200,2457.7
57167,81746,81843,24579,97,1,25200,254.391752577
57168,81775,81778,24607,3,1,25200,2461.0
57168,81768,81770,24600,2,1,25200,2460.2
57168,81762,106998,24594,25236,1,25200,1.97456015216
57169,81780,81787,24611,7,1,25200,2461.8
57169,81803,81807,24634,4,1,25200,2463.8
57169,81810,81812,24641,2,1,25200,2464.3
57170,81785,104172,24615,22387,1,25200,2.09952204404
57170,81793,83330,24623,1537,1,25200,17.0201691607
57170,81883,81886,24713,3,1,25200,2471.6
57171,81821,81822,24650,1,1,25200,2465.1
57171,81918,81920,24747,2,1,25200,2474.9
57171,81816,82057,24645,241,1,25200,103.261410788
57172,81844,81845,24672,1,1,25200,2467.3
57172,81833,107047,24661,25214,1,25200,1.97806774014
57172,81838,81841,24666,3,1,25200,2466.9
57173,82002,82004,24829,2,1,25200,2483.1
57173,81849,81851,24676,2,1,25200,2467.8
57174,81867,81868,24693,1,1,25200,2469.4
57174,81862,81865,24688,3,1,25200,2469.1
57174,81873,81931,24699,58,1,25200,426.844827586
57175,81902,81904,24727,2,1,25200,2472.9
57175,81878,107114,24703,25236,1,25200,1.97887937867
57175,81907,81925,24732,18,1,25200,1375.0
57175,81896,81936,24721,40,1,25200,619.025
57176,81925,82377,24749,452,1,25200,55.7544247788
57176,81930,83039,24754,1109,1,25200,23.3210099188
57176,81912,107115,24736,25203,1,25200,1.98147045987
57177,81936,82391,24759,455,1,25200,55.4153846154
57177,81946,82079,24769,133,1,25200,187.233082707
57177,81941,107180,24764,25239,1,25200,1.98117991997
57178,81957,81972,24779,15,1,25200,1652.93333333
57178,81952,82456,24774,504,1,25200,50.1547619048
57178,82020,107232,24842,25212,1,25200,1.98532444868
57179,81975,82006,24796,31,1,25200,800.870967742
57179,81986,82007,24807,21,1,25200,1182.28571429
57179,81980,81983,24801,3,1,25200,2480.4
57179,81969,81973,24790,4,1,25200,2479.4
57180,81991,107207,24811,25216,1,25200,1.98393876904
57180,82025,82026,24845,1,1,25200,2484.6
57180,81996,84169,24816,2173,1,25200,12.4201564657
57181,82030,83077,24849,1047,1,25200,24.7335243553
57181,82037,82310,24856,273,1,25200,92.0476190476
57181,82048,82082,24867,34,1,25200,732.382352941
57182,82053,82056,24871,3,1,25200,2487.4
57182,82117,82171,24935,54,1,25200,462.759259259
57182,82043,82048,24861,5,1,25200,2486.6
57182,82077,82116,24895,39,1,25200,639.333333333
57183,82065,107275,24882,25210,1,25200,1.98698928996
57183,82059,82061,24876,2,1,25200,2487.8
57184,82072,82211,24888,139,1,25200,180.050359712
57184,82122,82123,24938,1,1,25200,2493.9
57184,82149,82963,24965,814,1,25200,31.6695331695
57185,82091,82094,24906,3,1,25200,2490.9
57185,82083,82089,24898,6,1,25200,2490.4
57185,82183,82416,24998,233,1,25200,108.287553648
57185,82129,83151,24944,1022,1,25200,25.4070450098
57186,82105,82601,24919,496,1,25200,51.2399193548
57186,82098,82101,24912,3,1,25200,2491.5
57186,82110,85326,24924,3216,1,25200,8.75
57187,82196,82197,25009,1,1,25200,2501.0
57187,82209,82211,25022,2,1,25200,2502.4
57187,82136,82137,24949,1,1,25200,2495.0
57188,82223,82606,25035,383,1,25200,66.365535248
57188,82245,82248,25057,3,1,25200,2506.0
57188,82259,85092,25071,2833,1,25200,9.84962936816
57188,82228,82234,25040,6,1,25200,2504.6
57189,82322,82326,25133,4,1,25200,2513.7
57189,82302,82419,25113,117,1,25200,215.641025641
57189,82287,82290,25098,3,1,25200,2510.1
57190,82334,82335,25144,1,1,25200,2514.5
57190,82480,82484,25290,4,1,25200,2529.4
57190,82329,82408,25139,79,1,25200,319.215189873
57191,82340,82341,25149,1,1,25200,2515.0
57191,82490,82725,25299,235,1,25200,108.655319149
57191,82346,82881,25155,535,1,25200,48.0186915888
57191,82485,82516,25294,31,1,25200,816.935483871
57192,82501,82502,25309,1,1,25200,2531.0
57192,82496,82628,25304,132,1,25200,192.696969697
57192,82351,82352,25159,1,1,25200,2516.0
57193,82358,82363,25165,5,1,25200,2517.0
57193,82363,82365,25170,2,1,25200,2517.2
57193,82368,82404,25175,36,1,25200,700.305555556
57194,82379,82380,25185,1,1,25200,2518.6
57194,82374,82383,25180,9,1,25200,2518.9
57194,82385,82386,25191,1,1,25200,2519.2
57195,82396,107606,25201,25210,1,25200,1.99964299881
57195,82408,91247,25213,8839,1,25200,3.85247199909
57195,82390,82391,25195,1,1,25200,2519.6
57196,82424,82454,25228,30,1,25200,841.933333333
57196,82430,82431,25234,1,1,25200,2523.5
57196,82419,82487,25223,68,1,25200,371.926470588
57196,82413,82426,25217,13,1,25200,1940.76923077
57197,82435,82436,25238,1,1,25200,2523.9
57197,82440,82441,25243,1,1,25200,2524.4
57197,82446,83231,25249,785,1,25200,33.1643312102
57198,82458,82535,25260,77,1,25200,329.051948052
57198,82463,82552,25265,89,1,25200,284.876404494
57198,82469,82576,25271,107,1,25200,237.177570093
57198,82474,82477,25276,3,1,25200,2527.9
57199,82507,107743,25308,25236,1,25200,2.00285306705
57199,82512,82513,25313,1,1,25200,2531.4
57199,82525,82530,25326,5,1,25200,2533.1
57200,82531,82534,25331,3,1,25200,2533.4
57200,82541,82812,25341,271,1,25200,94.5092250923
57200,82536,82537,25336,1,1,25200,2533.7
57201,82565,107770,25364,25205,1,25200,2.00630827217
57201,82570,82571,25369,1,1,25200,2537.0
57201,82552,89367,25351,6815,1,25200,4.71988261189
57202,82575,82787,25373,212,1,25200,120.683962264
57202,82581,82585,25379,4,1,25200,2538.3
57202,82586,82587,25384,1,1,25200,2538.5
57203,82598,82686,25395,88,1,25200,289.579545455
57203,82603,82604,25400,1,1,25200,2540.1
57203,82609,82610,25406,1,1,25200,2540.7
57203,82593,82617,25390,24,1,25200,1058.91666667
57204,82621,107850,25417,25229,1,25200,2.00745174204
57204,82615,84171,25411,1556,1,25200,17.3309768638
57204,82626,107864,25422,25238,1,25200,2.00729059355
57205,82644,82645,25439,1,1,25200,2544.0
57205,82639,82730,25434,91,1,25200,280.494505495
57205,82631,82632,25426,1,1,25200,2542.7
57206,82656,82722,25450,66,1,25200,386.606060606
57206,82747,82748,25541,1,1,25200,2554.2
57206,82740,82755,25534,15,1,25200,1703.26666667
57206,82649,82725,25443,76,1,25200,335.776315789
57207,82753,88819,25546,6066,1,25200,5.2113419057
57207,82763,82764,25556,1,1,25200,2555.7
57207,82758,83364,25551,606,1,25200,43.1633663366
57208,82769,107995,25561,25226,1,25200,2.01327994926
57208,82661,82664,25453,3,1,25200,2545.6
57208,82774,82805,25566,31,1,25200,825.709677419
57209,82678,83410,25469,732,1,25200,35.793715847
57209,82672,82676,25463,4,1,25200,2546.7
57210,82684,82685,25474,1,1,25200,2547.5
57210,82689,82690,25479,1,1,25200,2548.0
57211,82712,82713,25501,1,1,25200,2550.2
57211,82700,82702,25489,2,1,25200,2549.1
57211,82707,82748,25496,41,1,25200,622.853658537
57212,82730,82731,25518,1,1,25200,2551.9
57212,82718,82721,25506,3,1,25200,2550.9
57212,82735,82766,25523,31,1,25200,824.322580645
57212,82723,82724,25511,1,1,25200,2551.2
57213,82793,83887,25580,1094,1,25200,24.3820840951
57213,82780,82781,25567,1,1,25200,2556.8
57213,82787,83495,25574,708,1,25200,37.1214689266
57214,82809,82845,25595,36,1,25200,711.972222222
57214,82798,83402,25584,604,1,25200,43.357615894
57214,82803,82807,25589,4,1,25200,2559.3
57215,82834,82838,25619,4,1,25200,2562.3
57215,82829,82834,25614,5,1,25200,2561.9
57215,82817,82964,25602,147,1,25200,175.163265306
57215,82822,83087,25607,265,1,25200,97.6301886792
57216,82840,83077,25624,237,1,25200,109.11814346
57216,82857,82858,25641,1,1,25200,2564.2
57216,82852,83094,25636,242,1,25200,106.933884298
57217,82864,83128,25647,264,1,25200,98.1477272727
57217,82876,82878,25659,2,1,25200,2566.1
57218,82892,87477,25674,4585,1,25200,6.59956379498
57218,82898,83116,25680,218,1,25200,118.798165138
57218,82887,82891,25669,4,1,25200,2567.3
57219,82903,83111,25684,208,1,25200,124.480769231
57219,82921,82996,25702,75,1,25200,343.693333333
57219,82915,83174,25696,259,1,25200,100.212355212
57220,82943,82963,25723,20,1,25200,1287.15
57220,82937,82947,25717,10,1,25200,2572.7
57220,82932,82978,25712,46,1,25200,559.956521739
57220,82926,82927,25706,1,1,25200,2570.7
57221,82966,82969,25745,3,1,25200,2574.8
57221,82980,83116,25759,136,1,25200,190.404411765
57221,82973,82996,25752,23,1,25200,1120.65217391
57222,83192,108428,25970,25236,1,25200,2.02908543351
57222,83186,83191,25964,5,1,25200,2596.9
57222,83199,83283,25977,84,1,25200,310.25
57223,83217,90186,25994,6969,1,25200,4.72994690773
57223,83204,83219,25981,15,1,25200,1733.06666667
57224,83232,83468,26008,236,1,25200,111.203389831
57224,83224,83225,26000,1,1,25200,2600.1
57224,82985,83100,25761,115,1,25200,225.008695652
57225,83023,83335,25798,312,1,25200,83.6858974359
57225,82991,83599,25766,608,1,25200,43.3782894737
57225,83008,83009,25783,1,1,25200,2578.4
57225,83003,83231,25778,228,1,25200,114.061403509
57226,83028,94511,25802,11483,1,25200,3.24697378734
57226,83034,83035,25808,1,1,25200,2580.9
57226,83051,83054,25825,3,1,25200,2582.8
57227,83056,84726,25829,1670,1,25200,16.4664670659
57227,83068,108301,25841,25233,1,25200,2.02409543059
57227,83061,83062,25834,1,1,25200,2583.5
57228,83081,83082,25853,1,1,25200,2585.4
57228,83099,83108,25871,9,1,25200,2588.0
57228,83094,83110,25866,16,1,25200,1617.625
57229,83105,83278,25876,173,1,25200,150.572254335
57229,83117,83795,25888,678,1,25200,39.1828908555
57229,83123,83130,25894,7,1,25200,2590.1
57230,83135,83165,25905,30,1,25200,864.5
57230,83141,83238,25911,97,1,25200,268.12371134
57231,83157,83246,25926,89,1,25200,292.303370787
57231,83163,83205,25932,42,1,25200,618.428571429
57231,83151,86492,25920,3341,1,25200,8.75815624065
57231,83146,83149,25915,3,1,25200,2591.8
57232,83169,83418,25937,249,1,25200,105.164658635
57232,83181,83248,25949,67,1,25200,388.298507463
57232,83176,83697,25944,521,1,25200,50.7965451056
57233,83246,83766,26013,520,1,25200,51.025
57233,83251,83255,26018,4,1,25200,2602.2
57234,83268,83269,26034,1,1,25200,2603.5
57234,83274,83521,26040,247,1,25200,106.425101215
57234,83263,84417,26029,1154,1,25200,23.5554592721
57235,83281,83286,26046,5,1,25200,2605.1
57235,83291,84585,26056,1294,1,25200,21.1360123648
57235,83286,84214,26051,928,1,25200,29.0721982759
57235,83299,83302,26064,3,1,25200,2606.7
57236,83310,83319,26074,9,1,25200,2608.3
57236,83304,83333,26068,29,1,25200,899.896551724
57237,83349,83391,26112,42,1,25200,622.714285714
57237,83336,94299,26099,10963,1,25200,3.38064398431
57237,83344,83535,26107,191,1,25200,137.685863874
57238,83361,83367,26123,6,1,25200,2612.9
57238,83356,93358,26118,10002,1,25200,3.61127774445
57238,83376,83381,26138,5,1,25200,2614.3
57239,83392,83464,26153,72,1,25200,364.236111111
57239,83383,83389,26144,6,1,25200,2615.0
57239,83401,83433,26162,32,1,25200,818.5625
57240,83421,83465,26181,44,1,25200,596.022727273
57240,83431,84393,26191,962,1,25200,28.2255717256
57240,83408,97350,26168,13942,1,25200,2.87691866303
57240,83415,83419,26175,4,1,25200,2617.9
57241,83445,83451,26204,6,1,25200,2621.0
57241,83437,83441,26196,4,1,25200,2620.0
57241,83454,83992,26213,538,1,25200,49.7230483271
57242,83476,83481,26234,5,1,25200,2623.9
57242,83482,84343,26240,861,1,25200,31.4761904762
57242,83464,83465,26222,1,1,25200,2622.3
57243,83487,83488,26244,1,1,25200,2624.5
57244,83507,103139,26263,19632,1,25200,2.33776487368
57244,83500,83521,26256,21,1,25200,1251.28571429
57244,83512,83513,26268,1,1,25200,2626.9
57245,83538,88581,26293,5043,1,25200,6.21376164981
57245,83533,108772,26288,25239,1,25200,2.04156266096
57245,83525,83526,26280,1,1,25200,2628.1
57245,83517,83518,26272,1,1,25200,2627.3
57246,83558,83561,26312,3,1,25200,2631.5
57246,83563,83565,26317,2,1,25200,2631.9
57246,83551,83554,26305,3,1,25200,2630.8
57247,83587,83614,26340,27,1,25200,976.555555556
57247,83570,83724,26323,154,1,25200,171.928571429
57247,83581,83582,26334,1,1,25200,2633.5
57247,83576,84377,26329,801,1,25200,33.8701622971
57248,83609,83610,26361,1,1,25200,2636.2
57248,83604,83605,26356,1,1,25200,2635.7
57248,83598,83599,26350,1,1,25200,2635.1
57249,83627,83639,26378,12,1,25200,2199.16666667
57249,83621,83828,26372,207,1,25200,128.400966184
57249,83632,84383,26383,751,1,25200,36.1304926764
57250,83644,83645,26394,1,1,25200,2639.5
57250,83649,83650,26399,1,1,25200,2640.0
57250,83639,83651,26389,12,1,25200,2200.08333333
57251,83661,85703,26410,2042,1,25200,13.9333986288
57251,83673,83804,26422,131,1,25200,202.694656489
57252,83685,83696,26433,11,1,25200,2404.0
57252,83691,83692,26439,1,1,25200,2644.0
57252,83679,83680,26427,1,1,25200,2642.8
57253,83704,88185,26451,4481,1,25200,6.90292345459
57253,83716,83717,26463,1,1,25200,2646.4
57253,83711,83856,26458,145,1,25200,183.468965517
57253,83730,83760,26477,30,1,25200,883.566666667
57254,83771,109011,26517,25240,1,25200,2.05059429477
57254,83737,83740,26483,3,1,25200,2648.6
57254,83753,83760,26499,7,1,25200,2650.6
57255,83784,83896,26529,112,1,25200,237.866071429
57255,83777,83780,26522,3,1,25200,2652.5
57255,83791,83816,26536,25,1,25200,1062.44
57256,83816,84432,26560,616,1,25200,44.1168831169
57256,83806,83810,26550,4,1,25200,2655.4
57256,83823,85568,26567,1745,1,25200,16.2246418338
57257,83866,83867,26609,1,1,25200,2661.0
57257,83830,83834,26573,4,1,25200,2657.7
57257,83841,98158,26584,14317,1,25200,2.85681357826
57257,83848,83854,26591,6,1,25200,2659.7
57258,83893,84073,26635,180,1,25200,148.972222222
57258,83872,84438,26614,566,1,25200,48.0212014134
57259,83950,84256,26691,306,1,25200,88.2254901961
57259,83900,83958,26641,58,1,25200,460.327586207
57259,83908,84653,26649,745,1,25200,36.7704697987
57260,83970,83974,26710,4,1,25200,2671.4
57260,83997,83998,26737,1,1,25200,2673.8
57260,83985,83986,26725,1,1,25200,2672.6
57260,83956,84353,26696,397,1,25200,68.2443324937
57261,84004,109217,26743,25213,1,25200,2.060682981
57261,84024,109258,26763,25234,1,25200,2.06059285092
57262,84085,84086,26823,1,1,25200,2682.4
57262,84183,84202,26921,19,1,25200,1417.89473684
57262,84098,84938,26836,840,1,25200,32.9476190476
57262,84188,87339,26926,3151,1,25200,9.5452237385
57263,84227,84231,26964,4,1,25200,2696.8
57263,84214,84225,26951,11,1,25200,2451.09090909
57263,84236,84247,26973,11,1,25200,2453.09090909
57264,84262,84263,26998,1,1,25200,2699.9
57265,84270,84601,27005,331,1,25200,82.586102719
57265,84311,84315,27046,4,1,25200,2705.0
57265,84275,85453,27010,1178,1,25200,23.9286926995
57265,84282,84298,27017,16,1,25200,1689.5625
57266,84337,84338,27071,1,1,25200,2707.2
57266,84349,84538,27083,189,1,25200,144.296296296
57266,84356,84361,27090,5,1,25200,2709.5
57267,84364,84369,27097,5,1,25200,2710.2
57267,84381,84388,27114,7,1,25200,2712.1
57268,84412,84508,27144,96,1,25200,283.75
57268,84400,84404,27132,4,1,25200,2713.6
57268,84405,84445,27137,40,1,25200,679.425
57268,84387,84502,27119,115,1,25200,236.817391304
57269,84436,84440,27167,4,1,25200,2717.1
57269,84429,84430,27160,1,1,25200,2716.1
57269,84417,84418,27148,1,1,25200,2714.9
57270,84691,94994,27421,10303,1,25200,3.66145782782
57270,84448,84457,27178,9,1,25200,2718.7
57270,84441,84442,27171,1,1,25200,2717.2
57271,84453,109666,27182,25213,1,25200,2.07809463372
57271,84460,84498,27189,38,1,25200,716.5
57271,84465,84500,27194,35,1,25200,777.971428571
57272,84758,84762,27486,4,1,25200,2749.0
57272,84482,84486,27210,4,1,25200,2721.4
57272,84470,84567,27198,97,1,25200,281.391752577
57273,84489,109694,27216,25205,1,25200,2.07978575679
57273,84497,84499,27224,2,1,25200,2722.6
57273,84510,84514,27237,4,1,25200,2724.1
57274,84522,84523,27248,1,1,25200,2724.9
57274,84528,84575,27254,47,1,25200,580.872340426
57275,84550,84745,27275,195,1,25200,140.871794872
57275,84534,84535,27259,1,1,25200,2726.0
57275,84539,84563,27264,24,1,25200,1137.0
57275,84545,84549,27270,4,1,25200,2727.4
57276,84562,92206,27286,7644,1,25200,4.5695970696
57276,84557,84561,27281,4,1,25200,2728.5
57277,84581,85608,27304,1027,1,25200,27.5861733204
57277,84587,85315,27310,728,1,25200,38.5137362637
57277,84575,85815,27298,1240,1,25200,23.014516129
57278,84593,109827,27315,25234,1,25200,2.0824680986
57278,84598,84606,27320,8,1,25200,2732.8
57278,84605,88827,27327,4222,1,25200,7.47252486973
57279,84632,101211,27353,16579,1,25200,2.64985825442
57279,84640,84678,27361,38,1,25200,721.026315789
57279,84613,84621,27334,8,1,25200,2734.2
57280,84666,109886,27386,25220,1,25200,2.08588421887
57280,84738,84793,27458,55,1,25200,500.236363636
57281,84914,94321,27633,9407,1,25200,3.93749335601
57281,84792,109794,27511,25002,1,25200,2.10035197184
57281,84806,84998,27525,192,1,25200,144.359375
57282,84930,84970,27648,40,1,25200,692.2
57282,84919,84922,27637,3,1,25200,2764.0
57282,84936,109894,27654,24958,1,25200,2.10802147608
57283,84948,84949,27665,1,1,25200,2766.6
57283,84984,86675,27701,1691,1,25200,17.3814311059
57284,84990,85001,27706,11,1,25200,2519.72727273
57284,84966,85702,27682,736,1,25200,38.6114130435
57284,84971,90676,27687,5705,1,25200,5.85311130587
57285,85022,102071,27737,17049,1,25200,2.62689893835
57285,85009,85014,27724,5,1,25200,2772.9
57285,85028,85034,27743,6,1,25200,2774.9
57286,85105,87174,27819,2069,1,25200,14.4456259062
57286,85063,88178,27777,3115,1,25200,9.91717495987
57286,85045,85050,27759,5,1,25200,2776.4
57287,85354,85675,28067,321,1,25200,88.4361370717
57287,85338,85342,28051,4,1,25200,2805.5
57287,85582,109901,28295,24319,1,25200,2.1634935647
57288,85620,86191,28332,571,1,25200,50.6182136602
57288,85587,85594,28299,7,1,25200,2830.6
57288,85606,85784,28318,178,1,25200,160.08988764
57288,85669,87084,28381,1415,1,25200,21.0572438163
57289,85701,89086,28412,3385,1,25200,9.39350073855
57289,85683,85703,28394,20,1,25200,1420.7
57289,85714,85720,28425,6,1,25200,2843.1
57290,85688,85689,28398,1,1,25200,2839.9
57290,85720,85885,28430,165,1,25200,173.303030303
57290,85695,100243,28405,14548,1,25200,2.95250206214
57291,85860,85863,28569,3,1,25200,2857.2
57291,85727,85740,28436,13,1,25200,2188.38461538
57291,85853,85989,28562,136,1,25200,211.014705882
57292,85766,87061,28474,1295,1,25200,22.9876447876
57292,85754,85755,28462,1,1,25200,2846.3
57292,85797,85802,28505,5,1,25200,2851.0
57293,85825,85841,28532,16,1,25200,1784.25
57293,85830,86298,28537,468,1,25200,61.9764957265
57293,85817,86059,28524,242,1,25200,118.867768595
57294,85837,85841,28543,4,1,25200,2854.7
57294,86013,109910,28719,23897,1,25200,2.20178265054
57294,85897,104159,28603,18262,1,25200,2.56625780309
57295,86308,86443,29013,135,1,25200,215.911111111
57295,86313,86641,29018,328,1,25200,89.4695121951
57295,86044,87880,28749,1836,1,25200,16.658496732
57295,86039,109907,28744,23868,1,25200,2.20429026311
57296,86108,86109,28812,1,1,25200,2881.3
57296,86122,90404,28826,4282,1,25200,7.73190098085
57296,86127,106531,28831,20404,1,25200,2.41300725348
57297,86133,86261,28836,128,1,25200,226.28125
57297,86273,86278,28976,5,1,25200,2898.1
57297,86320,86362,29023,42,1,25200,692.023809524
57298,86371,86447,29073,76,1,25200,383.539473684
57298,86359,86436,29061,77,1,25200,378.415584416
57298,86364,86365,29066,1,1,25200,2906.7
57299,86448,87812,29149,1364,1,25200,22.3702346041
57299,86389,86395,29090,6,1,25200,2909.6
57299,86383,95962,29084,9579,1,25200,4.03622507569
57300,86480,109912,29180,23432,1,25200,2.24530556504
57300,86455,86462,29155,7,1,25200,2916.2
57300,86461,86469,29161,8,1,25200,2916.9
57301,86485,86768,29184,283,1,25200,104.123674912
57301,86498,86903,29197,405,1,25200,73.0913580247
57301,86491,86492,29190,1,1,25200,2919.1
57302,86522,86526,29220,4,1,25200,2922.4
57302,86510,86517,29208,7,1,25200,2921.5
57303,86547,87385,29244,838,1,25200,35.8973747017
57303,86540,86597,29237,57,1,25200,513.929824561
57303,86528,86530,29225,2,1,25200,2922.7
57304,86682,109909,29378,23227,1,25200,2.26482111336
57304,86559,109907,29255,23348,1,25200,2.25299811547
57304,86675,86677,29371,2,1,25200,2937.3
57304,86655,86663,29351,8,1,25200,2935.9
57305,86788,109574,29483,22786,1,25200,2.29390854033
57305,86695,86955,29390,260,1,25200,114.038461538
57305,86781,86786,29476,5,1,25200,2948.1
57306,86799,86839,29493,40,1,25200,738.325
57306,86852,86857,29546,5,1,25200,2955.1
57306,86868,87709,29562,841,1,25200,36.1510107015
57307,86932,87153,29625,221,1,25200,135.049773756
57307,86877,86886,29570,9,1,25200,2957.9
57307,86898,87825,29591,927,1,25200,32.9212513484
57307,86940,92428,29633,5488,1,25200,6.39959912536
57308,87000,87012,29692,12,1,25200,2475.33333333
57308,86967,86987,29659,20,1,25200,1483.95
57308,86992,87425,29684,433,1,25200,69.5542725173
57309,87045,89737,29736,2692,1,25200,12.0460624071
57309,87024,87032,29715,8,1,25200,2972.3
57309,87073,87098,29764,25,1,25200,1191.56
57310,87103,87306,29793,203,1,25200,147.763546798
57310,87091,87652,29781,561,1,25200,54.0855614973
57310,87097,88159,29787,1062,1,25200,29.0480225989
57310,87114,87231,29804,117,1,25200,255.735042735
57311,87108,99947,29797,12839,1,25200,3.32081937846
57311,87126,87131,29815,5,1,25200,2982.0
57311,87121,87905,29810,784,1,25200,39.0229591837
57312,87495,87498,30183,3,1,25200,3018.6
57312,87165,89184,29853,2019,1,25200,15.7860326895
57312,87144,95276,29832,8132,1,25200,4.66847024102
57313,87683,87692,30370,9,1,25200,3037.9
57313,87523,92094,30210,4571,1,25200,7.6090570991
57313,87665,87671,30352,6,1,25200,3035.8
57314,87722,89119,30408,1397,1,25200,22.766642806
57314,87703,87827,30389,124,1,25200,246.072580645
58423,58430,63143,7,4713,4,7200,1.00148525355
58482,58489,63386,7,4897,4,7200,1.0014294466
59276,60526,75293,1250,14767,5,28800,1.08464820207
59404,66462,73703,7058,7241,24,7199,1.97472724762
59589,62549,78654,2960,16105,5,28800,1.18379385284
60529,65779,79464,5250,13685,5,28800,1.38363171355
61263,66138,109904,4875,43766,4,72120,1.11138783531
61570,66325,73350,4755,7025,5,10800,1.6768683274
61726,66361,72510,4635,6149,5,10800,1.75378110262
61905,66367,71837,4462,5470,5,10800,1.81572212066
62550,65992,80015,3442,14023,5,28800,1.24545389717
64060,64428,109911,368,45483,6,432000,1.00809093507
64277,65971,109908,1694,43937,6,432000,1.03855520404
65784,66033,80123,249,14090,5,28800,1.01767210788
65988,66045,78898,57,12853,5,28800,1.00443476231
66032,66102,79549,70,13447,5,28800,1.00520562207
66044,66107,80041,63,13934,5,28800,1.00452131477
66098,66320,80651,222,14331,5,28800,1.01549089387
66324,66356,81901,32,15545,5,28800,1.00205853972
66357,66594,81376,237,14782,5,28800,1.01603301312
66605,66717,80975,112,14258,5,28800,1.00785523916
66736,66884,80854,148,13970,5,28800,1.01059413028
66919,67024,81596,105,14572,5,28800,1.00720559978
67037,67114,80298,77,13184,5,28800,1.00584041262
67156,67165,80789,9,13624,5,28800,1.00066059894
67167,67354,81297,187,13943,5,28800,1.01341174783
67359,67487,82658,128,15171,5,28800,1.00843714983
68061,68614,82333,553,13719,5,28800,1.04030906043
68611,69227,82093,616,12866,5,28800,1.0478781284
69233,70375,84228,1142,13853,5,28800,1.08243701725
69287,80311,512316,11024,432005,6,432000,1.02551822317
69409,80663,512707,11254,432044,6,432000,1.02604827286
69754,80801,109910,11047,29109,6,432000,1.37950462056
70114,80986,109911,10872,28925,6,432000,1.37586862576
70381,71849,84902,1468,13053,5,28800,1.11246456753
70485,81309,109896,10824,28587,6,432000,1.37863364466
70688,81387,109905,10699,28518,6,432000,1.37516656147
71851,72526,82314,675,9788,5,28800,1.06896199428
72523,72858,88623,335,15765,5,28800,1.02124960355
72859,73362,87080,503,13718,5,28800,1.03666715265
72885,72892,75657,7,2765,2,14400,1.00253164557
72887,73070,76256,183,3186,2,14400,1.05743879473
72889,73714,76782,825,3068,2,14400,1.26890482399
72890,73720,76544,830,2824,2,14400,1.29390934844
72892,73725,76607,833,2882,2,14400,1.28903539209
72894,73730,76665,836,2935,2,14400,1.28483816014
72896,73736,76778,840,3042,2,14400,1.27613412229
72898,73741,76986,843,3245,2,14400,1.25978428351
72899,73746,76845,847,3099,2,14400,1.27331397225
72901,73752,76612,851,2860,2,14400,1.29755244755
72903,73757,76643,854,2886,2,14400,1.29591129591
72905,73762,76860,857,3098,2,14400,1.27663008393
72906,73768,76690,862,2922,2,14400,1.29500342231
72908,73773,76644,865,2871,2,14400,1.30128874956
72910,73790,76900,880,3110,2,14400,1.28295819936
72912,74338,77053,1426,2715,2,14400,1.52523020258
72913,74344,77408,1431,3064,2,14400,1.46703655352
72915,74412,77533,1497,3121,2,14400,1.47965395707
72917,74417,77504,1500,3087,2,14400,1.48590864917
72919,74704,77789,1785,3085,2,14400,1.57860615883
72920,75203,78196,2283,2993,2,14400,1.76277981958
72922,75304,78305,2382,3001,2,14400,1.79373542153
72924,74423,77821,1499,3398,2,14400,1.44114184815
72926,75310,78359,2384,3049,2,14400,1.78189570351
72928,75669,78896,2741,3227,2,14400,1.84939572358
72929,76267,79416,3338,3149,2,14400,2.06001905367
72931,76556,79567,3625,3011,2,14400,2.2039189638
72933,76619,79578,3686,2959,2,14400,2.24569111186
72935,76626,79670,3691,3044,2,14400,2.21254927727
72937,76655,79675,3718,3020,2,14400,2.23112582781
72938,76661,79642,3723,2981,2,14400,2.24890976182
72940,76676,79706,3736,3030,2,14400,2.23300330033
72942,76701,79924,3759,3223,2,14400,2.16630468508
72944,76790,79900,3846,3110,2,14400,2.23665594855
72946,76796,79711,3850,2915,2,14400,2.32075471698
73208,79561,79563,6353,2,2,3540,635.5
75658,76856,79849,1198,2993,2,14400,1.40026729034
76258,76871,80015,613,3144,2,14400,1.19497455471
76547,76912,79908,365,2996,2,14400,1.12182910547
76608,76997,79981,389,2984,2,14400,1.13036193029
76623,77066,80076,443,3010,2,14400,1.14717607973
76645,77419,80447,774,3028,2,14400,1.25561426684
76647,77516,80509,869,2993,2,14400,1.29034413632
76668,77544,80712,876,3168,2,14400,1.27651515152
76693,77800,80815,1107,3015,2,14400,1.3671641791
76781,77834,80886,1053,3052,2,14400,1.34501965924
76796,78316,81325,1520,3009,2,14400,1.50515121303
76847,78372,81362,1525,2990,2,14400,1.51003344482
76863,78569,81609,1706,3040,2,14400,1.56118421053
76902,78209,81468,1307,3259,2,14400,1.40104326481
76987,78575,81638,1588,3063,2,14400,1.51844596801
77057,78665,81622,1608,2957,2,14400,1.5437943862
77409,78671,81809,1262,3138,2,14400,1.40216698534
77507,78676,81945,1169,3269,2,14400,1.35760171306
77534,78907,81955,1373,3048,2,14400,1.45045931759
77791,78914,81970,1123,3056,2,14400,1.36747382199
77824,78920,81868,1096,2948,2,14400,1.37177747626
78199,79297,82178,1098,2881,2,14400,1.38111766748
78308,79475,82531,1167,3056,2,14400,1.38187172775
78363,79481,82489,1118,3008,2,14400,1.37167553191
78898,79486,82352,588,2866,2,14400,1.20516399163
79382,79687,109911,305,30224,16,57600,1.01009131816
79420,79717,82425,297,2708,2,14400,1.10967503693
79568,79724,82853,156,3129,2,14400,1.04985618408
79584,79860,82915,276,3055,2,14400,1.09034369885
79644,79912,82867,268,2955,2,14400,1.09069373942
79672,79919,82974,247,3055,2,14400,1.08085106383
79687,79935,83048,248,3113,2,14400,1.07966591712
79709,79992,82905,283,2913,2,14400,1.09715070374
79724,80026,82998,302,2972,2,14400,1.10161507402
79851,80032,83102,181,3070,2,14400,1.05895765472
79902,80037,82825,135,2788,2,14400,1.04842180775
79917,80052,82930,135,2878,2,14400,1.0469075747
79933,80058,82876,125,2818,2,14400,1.0443577005
79984,80063,83035,79,2972,2,14400,1.02658142665
80018,80087,83244,69,3157,2,14400,1.02185619259
80079,80134,83108,55,2974,2,14400,1.0184936113
80450,80457,83581,7,3124,2,14400,1.00224071703
80511,80517,83537,6,3020,2,14400,1.00198675497
80714,80725,83590,11,2865,2,14400,1.00383944154
80817,80827,83937,10,3110,2,14400,1.00321543408
80887,80893,83963,6,3070,2,14400,1.00195439739
82532,82559,85671,27,3112,2,14400,1.00867609254
82885,82910,85811,25,2901,2,14400,1.00861771803
82907,82950,86291,43,3341,2,14400,1.01287039808
82922,82955,86104,33,3149,2,14400,1.01047951731
82937,82960,86021,23,3061,2,14400,1.00751388435
82976,82997,86085,21,3088,2,14400,1.00680051813
83001,83016,85993,15,2977,2,14400,1.00503862949
83038,83044,86131,6,3087,2,14400,1.0019436346
83053,83074,86344,21,3270,2,14400,1.00642201835
83104,83112,86364,8,3252,2,14400,1.0024600246
83119,83130,86224,11,3094,2,14400,1.00355526826
83246,83258,86463,12,3205,2,14400,1.00374414977
83539,83545,86679,6,3134,2,14400,1.00191448628
83585,83593,86762,8,3169,2,14400,1.00252445566
83600,83616,86552,16,2936,2,14400,1.00544959128
83938,83944,87014,6,3070,2,14400,1.00195439739
83965,83977,87003,12,3026,2,14400,1.0039656312
84318,84324,87302,6,2978,2,14400,1.00201477502
85181,85328,85658,147,330,1,3540,1.44545454545
85734,85747,88037,13,2290,1,3540,1.0056768559
85791,85809,88902,18,3093,2,14400,1.00581959263
85859,85875,86116,16,241,1,3540,1.06639004149
85910,85916,88973,6,3057,2,14400,1.00196270854
85913,86001,86358,88,357,1,3540,1.24649859944
85961,86008,86668,47,660,1,3540,1.07121212121
86025,86031,89096,6,3065,2,14400,1.00195758564
86039,86071,86547,32,476,1,3540,1.06722689076
86087,86103,86774,16,671,1,3540,1.02384500745
86088,86095,88960,7,2865,2,14400,1.00244328098
86106,86115,89048,9,2933,2,14400,1.00306853051
86134,86139,89107,5,2968,2,14400,1.00168463612
86136,86204,86865,68,661,1,3540,1.10287443268
86184,86242,86928,58,686,1,3540,1.08454810496
86227,86234,89153,7,2919,2,14400,1.00239808153
86233,86247,86920,14,673,1,3540,1.02080237741
86282,86290,86980,8,690,1,3540,1.0115942029
86294,86301,89368,7,3067,2,14400,1.00228236061
86345,86352,89315,7,2963,2,14400,1.00236247047
86366,86378,89607,12,3229,2,14400,1.00371632084
86392,86406,87016,14,610,1,3540,1.02295081967
86466,86473,89572,7,3099,2,14400,1.00225879316
86553,86566,89551,13,2985,2,14400,1.00435510888
86592,86608,87015,16,407,1,3540,1.03931203931
86680,86690,89447,10,2757,2,14400,1.00362713094
86765,86774,89832,9,3058,2,14400,1.00294310007
86903,86916,87186,13,270,1,3540,1.04814814815
87006,87014,89870,8,2856,2,14400,1.00280112045
87021,87031,90112,10,3081,2,14400,1.00324569945
87165,87488,87724,323,236,4,3540,2.3686440678
87222,87250,87482,28,232,1,3540,1.12068965517
87238,87244,90229,6,2985,2,14400,1.00201005025
87407,87414,90301,7,2887,2,14400,1.00242466228
88954,88960,92187,6,3227,2,14400,1.00185931205
88984,88990,91992,6,3002,2,14400,1.00199866755
89051,89056,92477,5,3421,2,14400,1.00146156095
89099,89105,92226,6,3121,2,14400,1.00192246075
89114,89120,91876,6,2756,2,14400,1.00217706821
89156,89162,92187,6,3025,2,14400,1.00198347107
89316,89323,92347,7,3024,2,14400,1.00231481481
89371,89377,92536,6,3159,2,14400,1.00189933523
89449,89456,92666,7,3210,2,14400,1.00218068536
89552,89558,92675,6,3117,2,14400,1.00192492782
89574,89580,92722,6,3142,2,14400,1.00190961171
89610,89616,92766,6,3150,2,14400,1.0019047619
89833,89839,92956,6,3117,2,14400,1.00192492782
89872,89878,92983,6,3105,2,14400,1.00193236715
90113,90120,93200,7,3080,2,14400,1.00227272727
90150,90156,93156,6,3000,2,14400,1.002
90304,90310,93358,6,3048,2,14400,1.00196850394
90621,90628,91487,7,859,8,3540,1.00814901048
90732,90738,93739,6,3001,2,14400,1.00199933356
91993,91999,94901,6,2902,2,14400,1.00206753963
92096,92102,95199,6,3097,2,14400,1.00193735873
92192,92199,95259,7,3060,2,14400,1.0022875817
92228,92234,95153,6,2919,2,14400,1.00205549846
92349,92355,95303,6,2948,2,14400,1.00203527815
92479,92485,95693,6,3208,2,14400,1.00187032419
92539,92545,95784,6,3239,2,14400,1.00185242359
92669,92675,95773,6,3098,2,14400,1.00193673338
92684,92690,95762,6,3072,2,14400,1.001953125
92722,92728,93561,6,833,8,3540,1.00720288115
92723,92735,95829,12,3094,2,14400,1.00387847447
92768,92774,95855,6,3081,2,14400,1.00194741967
92958,92964,95930,6,2966,2,14400,1.0020229265
92985,92991,96105,6,3114,2,14400,1.00192678227
93157,93163,96255,6,3092,2,14400,1.00194049159
93172,93178,96284,6,3106,2,14400,1.00193174501
93229,93236,96155,7,2919,2,14400,1.00239808153
93416,93422,96299,6,2877,2,14400,1.00208550574
93630,93636,93803,6,167,8,3540,1.03592814371
93817,93824,96668,7,2844,2,14400,1.00246132208
95154,95160,98044,6,2884,2,14400,1.00208044383
95202,95208,98429,6,3221,2,14400,1.00186277554
95257,95263,98294,6,3031,2,14400,1.0019795447
95305,95311,98506,6,3195,2,14400,1.00187793427
95697,95703,98838,6,3135,2,14400,1.0019138756
95763,95769,98890,6,3121,2,14400,1.00192246075
95778,95784,98971,6,3187,2,14400,1.00188264826
95793,95800,98839,7,3039,2,14400,1.00230338927
95830,95836,98922,6,3086,2,14400,1.00194426442
95857,95863,98730,6,2867,2,14400,1.00209277991
95932,95938,98909,6,2971,2,14400,1.00201952205
95978,95984,99029,6,3045,2,14400,1.00197044335
96285,96292,99258,7,2966,2,14400,1.00236008092
96300,96307,99391,7,3084,2,14400,1.00226977951
96533,96539,99477,6,2938,2,14400,1.00204220558
96688,96694,99723,6,3029,2,14400,1.00198085177
98263,98269,101306,6,3037,2,14400,1.00197563385
98432,98438,101718,6,3280,2,14400,1.00182926829
98507,98513,101545,6,3032,2,14400,1.00197889182
98733,98740,101710,7,2970,2,14400,1.00235690236
98839,98845,101624,6,2779,2,14400,1.00215905002
98841,98851,101784,10,2933,2,14400,1.00340947835
98892,98898,101915,6,3017,2,14400,1.00198873053
98910,98916,101716,6,2800,2,14400,1.00214285714
98925,98931,101923,6,2992,2,14400,1.00200534759
98973,98979,102041,6,3062,2,14400,1.00195950359
99018,99025,101895,7,2870,2,14400,1.00243902439
99178,99184,102367,6,3183,2,14400,1.00188501414
99302,99308,102179,6,2871,2,14400,1.00208986416
99479,99485,102532,6,3047,2,14400,1.00196914998
99726,99732,102780,6,3048,2,14400,1.00196850394
99765,99771,102826,6,3055,2,14400,1.00196399345
101547,101553,104473,6,2920,2,14400,1.00205479452
101628,101634,104636,6,3002,2,14400,1.00199866755
101712,101718,104738,6,3020,2,14400,1.00198675497
101728,101734,104832,6,3098,2,14400,1.00193673338
101729,101740,104811,11,3071,2,14400,1.00358189515
101783,101789,104774,6,2985,2,14400,1.00201005025
101897,101904,105010,7,3106,2,14400,1.00225370251
101915,101921,104913,6,2992,2,14400,1.00200534759
101930,101936,105035,6,3099,2,14400,1.00193610842
101996,102002,104901,6,2899,2,14400,1.0020696792
102180,102186,105477,6,3291,2,14400,1.00182315406
102198,102205,105063,7,2858,2,14400,1.00244926522
102536,102542,105495,6,2953,2,14400,1.00203183204
102701,102708,105705,7,2997,2,14400,1.002335669
102828,102834,105989,6,3155,2,14400,1.00190174326
103009,103015,105982,6,2967,2,14400,1.00202224469
104505,104512,107427,7,2915,2,14400,1.00240137221
104740,104746,107864,6,3118,2,14400,1.00192431046
104776,104782,107883,6,3101,2,14400,1.00193485972
104812,104819,107855,7,3036,2,14400,1.00230566535
104833,104840,107847,7,3007,2,14400,1.00232790156
104903,104909,108148,6,3239,2,14400,1.00185242359
104918,104924,107839,6,2915,2,14400,1.00205831904
104969,104975,107997,6,3022,2,14400,1.00198544011
105035,105042,107910,7,2868,2,14400,1.00244072524
105065,105072,107961,7,2889,2,14400,1.00242298373
105280,105286,108217,6,2931,2,14400,1.00204708291
105503,105509,108601,6,3092,2,14400,1.00194049159
105599,105605,108536,6,2931,2,14400,1.00204708291
105895,105901,108865,6,2964,2,14400,1.0020242915
106000,106006,109055,6,3049,2,14400,1.00196785831
106049,106055,108811,6,2756,2,14400,1.00217706821
107505,107511,109910,6,2399,2,14400,1.0025010421
107855,107861,109903,6,2042,2,14400,1.00293829579
107857,107867,109906,10,2039,2,14400,1.00490436488
107872,107878,109907,6,2029,2,14400,1.00295712173
107887,107893,109907,6,2014,2,14400,1.00297914598
107911,107917,110932,6,3015,2,14400,1.00199004975
107962,107969,109900,7,1931,2,14400,1.00362506473
107999,108005,109906,6,1901,2,14400,1.00315623356
108035,108041,110932,6,2891,2,14400,1.00207540643
108219,108225,109924,6,1699,2,14400,1.00353148911
108476,108482,109912,6,1430,2,14400,1.0041958042
108603,108610,109886,7,1276,2,14400,1.00548589342
108685,108691,109917,6,1226,2,14400,1.00489396411
108866,108873,109907,7,1034,2,14400,1.00676982592
108924,108930,109903,6,973,2,14400,1.00616649538
109058,109069,109910,11,841,2,14400,1.01307966706
110841,111576,114543,735,2967,2,14400,1.24772497472
110843,111581,114544,738,2963,2,14400,1.2490718866
110844,111586,114645,742,3059,2,14400,1.24256292906
110846,111592,114675,746,3083,2,14400,1.24197210509
110847,111597,114538,750,2941,2,14400,1.25501530092
110849,111602,114721,753,3119,2,14400,1.24142353318
110850,111608,114576,758,2968,2,14400,1.25539083558
110852,111613,114754,761,3141,2,14400,1.24227952881
110853,111618,114832,765,3214,2,14400,1.23802115744
110854,111624,114582,770,2958,2,14400,1.26031102096
110856,111629,114648,773,3019,2,14400,1.25604504803
110857,111635,114704,778,3069,2,14400,1.25350276963
110859,111640,114750,781,3110,2,14400,1.25112540193
110860,111645,114494,785,2849,2,14400,1.27553527554
110862,111651,114700,789,3049,2,14400,1.25877336832
110863,111656,114474,793,2818,2,14400,1.28140525195
110865,111661,114922,796,3261,2,14400,1.24409690279
110866,111667,114917,801,3250,2,14400,1.24646153846
110868,111672,114878,804,3206,2,14400,1.2507797879
110869,111677,114660,808,2983,2,14400,1.27086825344
110871,111683,114687,812,3004,2,14400,1.27030625832
110872,111688,114835,816,3147,2,14400,1.25929456625
110874,111694,114971,820,3277,2,14400,1.25022886787
110875,111699,114657,824,2958,2,14400,1.27856659905
110877,111704,114537,827,2833,2,14400,1.29191669608
110878,111710,114895,832,3185,2,14400,1.2612244898
110880,111715,114907,835,3192,2,14400,1.2615914787
110881,111720,114810,839,3090,2,14400,1.2715210356
110883,111726,114990,843,3264,2,14400,1.25827205882
110884,111731,114738,847,3007,2,14400,1.28167608913
110886,111736,114698,850,2962,2,14400,1.28696826469
110887,111742,114637,855,2895,2,14400,1.29533678756
110889,111747,114901,858,3154,2,14400,1.27203551046
110890,111753,114770,863,3017,2,14400,1.2860457408
110892,111758,114865,866,3107,2,14400,1.27872545864
111428,111763,111768,335,5,4,3600,34.0
111431,111769,111772,338,3,4,3600,34.1
113373,113379,113443,6,64,16,72000,1.09375
113379,113385,113447,6,62,16,90000,1.09677419355
113463,113469,126085,6,12616,16,54000,1.00047558656
113467,113475,146017,8,32542,16,54000,1.00024583615
113472,113481,113708,9,227,16,72000,1.03964757709
114475,114481,117501,6,3020,2,14400,1.00198675497
114496,114502,117680,6,3178,2,14400,1.00188797986
114538,114545,117498,7,2953,2,14400,1.00237047071
114540,114551,117548,11,2997,2,14400,1.003670337
114555,114561,117617,6,3056,2,14400,1.00196335079
114556,114567,117556,11,2989,2,14400,1.00368016059
114578,114584,117543,6,2959,2,14400,1.00202771206
114593,114599,117537,6,2938,2,14400,1.00204220558
114641,114647,117702,6,3055,2,14400,1.00196399345
114656,114662,117737,6,3075,2,14400,1.00195121951
114658,114668,117742,10,3074,2,14400,1.00325309044
114673,114679,117615,6,2936,2,14400,1.00204359673
114674,114685,117717,11,3032,2,14400,1.00362796834
114690,114696,117738,6,3042,2,14400,1.00197238659
114691,114702,117856,11,3154,2,14400,1.00348763475
114707,114713,117649,6,2936,2,14400,1.00204359673
114708,114719,117778,11,3059,2,14400,1.00359594639
114710,114725,117766,15,3041,2,14400,1.00493258796
114725,114731,117654,6,2923,2,14400,1.0020526856
114740,114746,117873,6,3127,2,14400,1.00191877199
114755,114761,117872,6,3111,2,14400,1.00192864031
114757,114767,117656,10,2889,2,14400,1.00346140533
114772,114778,117752,6,2974,2,14400,1.00201748487
114811,114817,117869,6,3052,2,14400,1.00196592398
114836,114842,117647,6,2805,2,14400,1.00213903743
114837,114848,117922,11,3074,2,14400,1.00357839948
114868,114874,117942,6,3068,2,14400,1.00195567145
114883,114888,117893,5,3005,2,14400,1.00166389351
114898,114904,117819,6,2915,2,14400,1.00205831904
114913,114919,117924,6,3005,2,14400,1.00199667221
114914,114925,118037,11,3112,2,14400,1.00353470437
114930,114936,117900,6,2964,2,14400,1.0020242915
114931,114942,118034,11,3092,2,14400,1.00355756792
114974,114980,117765,6,2785,2,14400,1.00215439856
114992,114998,118135,6,3137,2,14400,1.0019126554
115431,115437,655481,6,540044,15,540000,1.00001111021
115640,115646,115647,6,1,1,25200,1.0
115640,115651,115709,11,58,1,25200,1.18965517241
115640,115657,115659,17,2,1,25200,1.9
115640,115663,115664,23,1,1,25200,2.4
115641,115674,116149,33,475,1,25200,1.06947368421
115642,115707,115708,65,1,1,25200,6.6
115642,115687,115688,45,1,1,25200,4.6
115642,115694,115695,52,1,1,25200,5.3
115642,115699,115700,57,1,1,25200,5.8
115643,115724,115829,81,105,1,25200,1.77142857143
115643,115713,115714,70,1,1,25200,7.1
115644,115730,115972,86,242,1,25200,1.35537190083
115644,115741,115742,97,1,1,25200,9.8
115645,115764,115859,119,95,1,25200,2.25263157895
115645,115752,115762,107,10,1,25200,11.7
115645,115758,115821,113,63,1,25200,2.79365079365
115646,115781,115792,135,11,1,25200,13.2727272727
115646,115775,115776,129,1,1,25200,13.0
115646,115769,115773,123,4,1,25200,12.7
115647,115786,115787,139,1,1,25200,14.0
115647,115803,115852,156,49,1,25200,4.18367346939
115648,115820,121448,172,5628,1,25200,1.03056147832
115648,115814,116385,166,571,1,25200,1.29071803853
115648,115809,116173,161,364,1,25200,1.44230769231
115649,115831,115842,182,11,1,25200,17.5454545455
115649,115837,133892,188,18055,1,25200,1.01041262808
115650,115853,116416,203,563,1,25200,1.36056838366
115650,115859,115864,209,5,1,25200,21.4
115650,115842,116275,192,433,1,25200,1.44341801386
115651,115870,126618,219,10748,1,25200,1.02037588389
115652,115881,115888,229,7,1,25200,23.6
115652,115892,115894,240,2,1,25200,24.2
115653,115909,115911,256,2,1,25200,25.8
115653,115903,115904,250,1,1,25200,25.1
115653,115898,115899,245,1,1,25200,24.6
115654,115926,115945,272,19,1,25200,15.3157894737
115654,115932,115942,278,10,1,25200,28.8
115654,115920,115921,266,1,1,25200,26.7
115654,115915,132667,261,16752,1,25200,1.01558022923
115655,115937,115938,282,1,1,25200,28.3
115655,115949,115975,294,26,1,25200,12.3076923077
115655,115943,115975,288,32,1,25200,10.0
115656,115960,116060,304,100,1,25200,4.04
115656,115954,115956,298,2,1,25200,30.0
115656,115965,115966,309,1,1,25200,31.0
115656,115971,115972,315,1,1,25200,31.6
115657,115985,115986,328,1,1,25200,32.9
115657,115980,116644,323,664,1,25200,1.48644578313
115657,115991,116022,334,31,1,25200,11.7741935484
115658,116013,116043,355,30,1,25200,12.8333333333
115658,115997,116000,339,3,1,25200,34.2
115659,116029,116030,370,1,1,25200,37.1
115659,116019,116020,360,1,1,25200,36.1
115660,116046,116055,386,9,1,25200,39.5
115660,116035,116041,375,6,1,25200,38.1
115660,116040,116041,380,1,1,25200,38.1
115660,116051,141266,391,25215,1,25200,1.01550664287
115661,116056,118733,395,2677,1,25200,1.14755323123
115661,116062,116063,401,1,1,25200,40.2
115661,116067,116074,406,7,1,25200,41.3
115662,116083,119109,421,3026,1,25200,1.13912756114
115662,116078,116079,416,1,1,25200,41.7
115662,116073,116089,411,16,1,25200,26.6875
115663,116100,116114,437,14,1,25200,32.2142857143
115663,116094,116128,431,34,1,25200,13.6764705882
115663,116105,116107,442,2,1,25200,44.4
115664,116121,116124,457,3,1,25200,46.0
115664,116110,116112,446,2,1,25200,44.8
115664,116116,116123,452,7,1,25200,45.9
115665,116132,116603,467,471,1,25200,1.991507431
115665,116127,124124,462,7997,1,25200,1.05777166437
115665,116137,116138,472,1,1,25200,47.3
115666,116143,116145,477,2,1,25200,47.9
115666,116148,116149,482,1,1,25200,48.3
115666,116154,116155,488,1,1,25200,48.9
115667,116170,116192,503,22,1,25200,23.8636363636
115667,116164,116166,497,2,1,25200,49.9
115667,116159,116161,492,2,1,25200,49.4
115668,116191,116192,523,1,1,25200,52.4
115668,116175,116176,507,1,1,25200,50.8
115668,116186,117788,518,1602,1,25200,1.32334581773
115669,116202,116203,533,1,1,25200,53.4
115669,116197,116213,528,16,1,25200,34.0
115669,116207,116208,538,1,1,25200,53.9
115670,116213,116318,543,105,1,25200,6.17142857143
115670,116224,116256,554,32,1,25200,18.3125
115670,116218,116220,548,2,1,25200,55.0
115671,116229,116506,558,277,1,25200,3.01444043321
115671,116234,127562,563,11328,1,25200,1.04969985876
115671,116240,116255,569,15,1,25200,38.9333333333
115672,116245,116264,573,19,1,25200,31.1578947368
115672,116261,116262,589,1,1,25200,59.0
115673,116267,116269,594,2,1,25200,59.6
115673,116278,121821,605,5543,1,25200,1.10914667148
115674,116289,116290,615,1,1,25200,61.6
115674,116295,116574,621,279,1,25200,3.22580645161
115675,116312,116313,637,1,1,25200,63.8
115675,116306,141104,631,24798,1,25200,1.02544560045
115676,116317,116318,641,1,1,25200,64.2
115676,116328,116376,652,48,1,25200,14.5833333333
115676,116334,116437,658,103,1,25200,7.38834951456
115676,116323,117159,647,836,1,25200,1.77392344498
115677,116345,116346,668,1,1,25200,66.9
115677,116339,116340,662,1,1,25200,66.3
115678,116362,116363,684,1,1,25200,68.5
115678,116373,116374,695,1,1,25200,69.6
115678,116368,116388,690,20,1,25200,35.5
115678,116356,116548,678,192,1,25200,4.53125
115679,116385,116400,706,15,1,25200,48.0666666667
115679,116379,116415,700,36,1,25200,20.4444444444
115680,116407,116416,727,9,1,25200,73.6
115680,116412,116414,732,2,1,25200,73.4
115680,116401,116418,721,17,1,25200,43.4117647059
115681,116418,120393,737,3975,1,25200,1.18540880503
115681,116435,116458,754,23,1,25200,33.7826086957
115681,116424,128986,743,12562,1,25200,1.0591466327
115681,116429,116431,748,2,1,25200,75.0
115682,116446,116447,764,1,1,25200,76.5
115682,116451,116452,769,1,1,25200,77.0
115682,116440,116469,758,29,1,25200,27.1379310345
115683,116468,116544,785,76,1,25200,11.3289473684
115683,116457,119990,774,3533,1,25200,1.21907727144
115684,116474,116601,790,127,1,25200,7.22047244094
115684,116485,116486,801,1,1,25200,80.2
115685,117926,117988,2241,62,1,25200,37.1451612903
115685,117937,117940,2252,3,1,25200,225.5
115685,117932,117933,2247,1,1,25200,224.8
115685,117943,120263,2258,2320,1,25200,1.97327586207
115686,117954,118692,2268,738,1,25200,4.07317073171
115686,117959,120910,2273,2951,1,25200,1.77024737377
115686,117948,117949,2262,1,1,25200,226.3
115687,117976,121140,2289,3164,1,25200,1.72345132743
115687,117970,117974,2283,4,1,25200,228.7
115687,117965,117968,2278,3,1,25200,228.1
115688,117981,143222,2293,25241,1,25200,1.09084426132
115688,117987,117992,2299,5,1,25200,230.4
115688,117992,117996,2304,4,1,25200,230.8
115689,116498,116499,809,1,1,25200,81.0
115689,116509,116514,820,5,1,25200,82.5
115689,116504,116507,815,3,1,25200,81.8
115690,116520,116523,830,3,1,25200,83.3
115690,116531,116564,841,33,1,25200,26.4848484848
115690,116525,116526,835,1,1,25200,83.6
115691,116542,116616,851,74,1,25200,12.5
115691,116552,117058,861,506,1,25200,2.70158102767
115691,116547,116597,856,50,1,25200,18.12
115691,116536,119468,845,2932,1,25200,1.28819918145
115692,116563,116564,871,1,1,25200,87.2
115692,116558,141769,866,25211,1,25200,1.03435008528
115693,116585,124251,892,7666,1,25200,1.11635794417
115693,116574,116579,881,5,1,25200,88.6
115693,116579,117550,886,971,1,25200,1.91246138002
115694,116590,116591,896,1,1,25200,89.7
115694,116596,116601,902,5,1,25200,90.7
115694,116601,116602,907,1,1,25200,90.8
115695,116612,116768,917,156,1,25200,6.87820512821
115695,116617,116621,922,4,1,25200,92.6
115696,116634,117126,938,492,1,25200,2.90650406504
115696,116639,116685,943,46,1,25200,21.5
115696,116623,116624,927,1,1,25200,92.8
115696,116628,116629,932,1,1,25200,93.3
115697,116650,116660,953,10,1,25200,96.3
115697,116655,116656,958,1,1,25200,95.9
115697,116644,116645,947,1,1,25200,94.8
115698,116671,116828,973,157,1,25200,7.1974522293
115698,116661,117640,963,979,1,25200,1.98365679265
115698,116677,116752,979,75,1,25200,14.0533333333
115698,116666,128827,968,12161,1,25200,1.07959871721
115699,116682,116684,983,2,1,25200,98.5
115699,116693,117753,994,1060,1,25200,1.93773584906
115699,116687,116852,988,165,1,25200,6.98787878788
115700,116709,132448,1009,15739,1,25200,1.06410826609
115700,116698,141918,998,25220,1,25200,1.03957176844
115701,116715,120342,1014,3627,1,25200,1.27956989247
115701,116720,116721,1019,1,1,25200,102.0
115701,116725,116738,1024,13,1,25200,79.7692307692
115702,116731,116732,1029,1,1,25200,103.0
115702,116736,116737,1034,1,1,25200,103.5
115702,116747,116749,1045,2,1,25200,104.7
115702,116742,116777,1040,35,1,25200,30.7142857143
115703,116752,116756,1049,4,1,25200,105.3
115703,116763,116918,1060,155,1,25200,7.83870967742
115704,116779,116780,1075,1,1,25200,107.6
115704,116768,116769,1064,1,1,25200,106.5
115705,116795,121001,1090,4206,1,25200,1.25915359011
115705,116790,133270,1085,16480,1,25200,1.06583737864
115705,116785,116947,1080,162,1,25200,7.66666666667
115705,116801,116851,1096,50,1,25200,22.92
115706,116817,116819,1111,2,1,25200,111.3
115706,116806,116810,1100,4,1,25200,110.4
115706,116812,117380,1106,568,1,25200,2.94718309859
115707,116828,137911,1121,21083,1,25200,1.05317080112
115707,116822,116848,1115,26,1,25200,43.8846153846
115707,116833,116836,1126,3,1,25200,112.9
115708,116839,116841,1131,2,1,25200,113.3
115708,116844,123136,1136,6292,1,25200,1.180546726
115708,116849,116865,1141,16,1,25200,72.3125
115709,116866,117156,1157,290,1,25200,4.98965517241
115709,116860,116861,1151,1,1,25200,115.2
115709,116871,116875,1162,4,1,25200,116.6
115710,116876,142079,1166,25203,1,25200,1.04626433361
115710,116882,130779,1172,13897,1,25200,1.08433474851
115710,116887,116888,1177,1,1,25200,117.8
115711,116903,117028,1192,125,1,25200,10.536
115711,116893,117567,1182,674,1,25200,2.75370919881
115711,116898,116899,1187,1,1,25200,118.8
115712,116920,116962,1208,42,1,25200,29.7619047619
115712,116925,116926,1213,1,1,25200,121.4
115712,116914,116915,1202,1,1,25200,120.3
115713,116936,117003,1223,67,1,25200,19.2537313433
115713,116941,117757,1228,816,1,25200,2.50490196078
115713,116947,116949,1234,2,1,25200,123.6
115714,116952,116954,1238,2,1,25200,124.0
115714,116963,142170,1249,25207,1,25200,1.04954972825
115714,116958,116960,1244,2,1,25200,124.6
115715,116979,117612,1264,633,1,25200,2.99684044234
115715,116974,121474,1259,4500,1,25200,1.27977777778
115715,116968,116969,1253,1,1,25200,125.4
115716,116985,116987,1269,2,1,25200,127.1
115716,116990,120630,1274,3640,1,25200,1.35
115716,117001,118054,1285,1053,1,25200,2.22032288699
115716,116995,117142,1279,147,1,25200,9.70068027211
115717,117006,117008,1289,2,1,25200,129.1
115717,117012,117015,1295,3,1,25200,129.8
115717,117017,117891,1300,874,1,25200,2.48741418764
115718,117028,117216,1310,188,1,25200,7.96808510638
115718,117023,117035,1305,12,1,25200,109.75
115719,117039,117049,1320,10,1,25200,133.0
115719,117050,117068,1331,18,1,25200,74.9444444444
115719,117044,118431,1325,1387,1,25200,1.95529920692
115720,117055,118157,1335,1102,1,25200,2.21143375681
115720,117061,118937,1341,1876,1,25200,1.71481876333
115720,117066,117074,1346,8,1,25200,135.4
115720,117072,117074,1352,2,1,25200,135.4
115721,117077,117082,1356,5,1,25200,136.1
115721,117083,117605,1362,522,1,25200,3.6091954023
115721,117088,117090,1367,2,1,25200,136.9
115722,117105,121195,1383,4090,1,25200,1.33814180929
115722,117110,117114,1388,4,1,25200,139.2
115722,117099,117100,1377,1,1,25200,137.8
115722,117094,117095,1372,1,1,25200,137.3
115723,117127,117133,1404,6,1,25200,141.0
115723,117116,117118,1393,2,1,25200,139.5
115723,117121,117122,1398,1,1,25200,139.9
115724,117132,117725,1408,593,1,25200,3.37436762226
115724,117143,117152,1419,9,1,25200,142.8
115724,117149,117239,1425,90,1,25200,16.8333333333
115724,117138,117812,1414,674,1,25200,3.09792284866
115725,117154,117157,1429,3,1,25200,143.2
115725,117159,117160,1434,1,1,25200,143.5
115725,117165,117506,1440,341,1,25200,5.22287390029
115726,117181,117187,1455,6,1,25200,146.1
115726,117170,117188,1444,18,1,25200,81.2222222222
115726,117176,117206,1450,30,1,25200,49.3333333333
115727,117187,120060,1460,2873,1,25200,1.5081796032
115727,117203,117861,1476,658,1,25200,3.24316109422
115727,117192,119468,1465,2276,1,25200,1.64367311072
115727,117198,117199,1471,1,1,25200,147.2
115728,117220,118597,1492,1377,1,25200,2.08351488744
115728,117209,117231,1481,22,1,25200,68.3181818182
115728,117214,117215,1486,1,1,25200,148.7
115729,117231,118634,1502,1403,1,25200,2.07056307912
115729,117225,117228,1496,3,1,25200,149.9
115729,117236,117642,1507,406,1,25200,4.7118226601
115730,117258,117259,1528,1,1,25200,152.9
115730,117253,117256,1523,3,1,25200,152.6
115731,117275,117276,1544,1,1,25200,154.5
115731,117264,117285,1533,21,1,25200,74.0
115731,117270,117273,1539,3,1,25200,154.2
115732,117286,117343,1554,57,1,25200,28.2631578947
115732,117291,117300,1559,9,1,25200,156.8
115732,117280,117288,1548,8,1,25200,155.6
115733,117308,142549,1575,25241,1,25200,1.06239847867
115733,117313,117587,1580,274,1,25200,6.76642335766
115733,117302,117375,1569,73,1,25200,22.4931506849
115733,117297,117699,1564,402,1,25200,4.89054726368
115734,117330,117354,1596,24,1,25200,67.5
115734,117324,118116,1590,792,1,25200,3.00757575758
115734,117319,117320,1585,1,1,25200,158.6
115735,117352,142560,1617,25208,1,25200,1.06414630276
115735,117335,117362,1600,27,1,25200,60.2592592593
115735,117346,117526,1611,180,1,25200,9.95
115736,117363,117802,1627,439,1,25200,4.70615034169
115737,117379,142616,1642,25237,1,25200,1.06506320086
115737,117368,117369,1631,1,1,25200,163.2
115737,117374,120328,1637,2954,1,25200,1.55416384563
115737,117385,129037,1648,11652,1,25200,1.14143494679
115738,117401,117699,1663,298,1,25200,6.58053691275
115738,117390,117429,1652,39,1,25200,43.358974359
115738,117396,130818,1658,13422,1,25200,1.12352853524
115739,117418,119559,1679,2141,1,25200,1.78421298459
115739,117407,117415,1668,8,1,25200,167.6
115739,117412,117415,1673,3,1,25200,167.6
115740,117429,117494,1689,65,1,25200,26.9846153846
115740,117434,117440,1694,6,1,25200,170.0
115740,117440,117573,1700,133,1,25200,13.7819548872
115740,117423,117435,1683,12,1,25200,141.25
115741,117456,117458,1715,2,1,25200,171.7
115741,117451,117493,1710,42,1,25200,41.7142857143
115741,117445,117448,1704,3,1,25200,170.7
115742,117473,122534,1731,5061,1,25200,1.34202726734
115742,117461,117481,1719,20,1,25200,86.95
115742,117467,128087,1725,10620,1,25200,1.16242937853
115743,117483,142715,1740,25232,1,25200,1.06896005073
115743,117478,118639,1735,1161,1,25200,2.49440137812
115743,117489,117992,1746,503,1,25200,4.47117296223
115744,117503,121998,1759,4495,1,25200,1.39132369299
115744,117498,140178,1754,22680,1,25200,1.07733686067
115744,117514,117523,1770,9,1,25200,177.9
115745,117525,117526,1780,1,1,25200,178.1
115745,117520,118900,1775,1380,1,25200,2.28623188406
115746,117536,117540,1790,4,1,25200,179.4
115746,117547,117551,1801,4,1,25200,180.5
115746,117553,117554,1807,1,1,25200,180.8
115747,117558,120808,1811,3250,1,25200,1.55723076923
115747,117564,121890,1817,4326,1,25200,1.42001849283
115748,117575,117576,1827,1,1,25200,182.8
115748,117580,117722,1832,142,1,25200,13.9014084507
115748,117569,117570,1821,1,1,25200,182.2
115748,117586,117589,1838,3,1,25200,184.1
115749,117602,117606,1853,4,1,25200,185.7
115749,117596,118106,1847,510,1,25200,4.62156862745
115749,117591,117626,1842,35,1,25200,53.6285714286
115750,117613,118676,1863,1063,1,25200,2.75258701787
115750,117607,117622,1857,15,1,25200,124.8
115750,117618,133803,1868,16185,1,25200,1.11541550819
115751,117624,131823,1873,14199,1,25200,1.13191069794
115751,117687,119743,1936,2056,1,25200,1.94163424125
115751,117635,142855,1884,25220,1,25200,1.07470261697
115752,117693,118735,1941,1042,1,25200,2.86276391555
115752,117698,117715,1946,17,1,25200,115.470588235
115752,117704,117705,1952,1,1,25200,195.3
115753,117715,119312,1962,1597,1,25200,2.22855353788
115753,117720,117729,1967,9,1,25200,197.6
115753,117709,117793,1956,84,1,25200,24.2857142857
115754,117726,117728,1972,2,1,25200,197.4
115754,117731,119009,1977,1278,1,25200,2.54694835681
115754,117737,118285,1983,548,1,25200,4.61861313869
115755,117753,117756,1998,3,1,25200,200.1
115755,117748,120630,1993,2882,1,25200,1.69153365718
115755,117743,117744,1988,1,1,25200,198.9
115755,117759,117934,2004,175,1,25200,12.4514285714
115756,117764,117858,2008,94,1,25200,22.3617021277
115756,117775,125694,2019,7919,1,25200,1.25495643389
115756,117770,142997,2014,25227,1,25200,1.07983509732
115757,117797,118578,2040,781,1,25200,3.61203585147
115757,117781,117782,2024,1,1,25200,202.5
115757,117786,117788,2029,2,1,25200,203.1
115757,117792,117795,2035,3,1,25200,203.8
115758,117803,117873,2045,70,1,25200,30.2142857143
115758,117809,117865,2051,56,1,25200,37.625
115759,117820,125627,2061,7807,1,25200,1.26399385167
115759,117905,118030,2146,125,1,25200,18.168
115759,117910,118318,2151,408,1,25200,6.27205882353
115759,117814,117815,2055,1,1,25200,205.6
115760,117921,117926,2161,5,1,25200,216.6
115760,117998,117999,2238,1,1,25200,223.9
115760,117915,143130,2155,25215,1,25200,1.08546500099
115761,118009,120123,2248,2114,1,25200,2.06338694418
115761,118020,118317,2259,297,1,25200,8.60606060606
115761,118014,118095,2253,81,1,25200,28.8148148148
115761,118003,118005,2242,2,1,25200,224.4
115762,118117,118123,2355,6,1,25200,236.1
115762,118111,118113,2349,2,1,25200,235.1
115762,118105,118153,2343,48,1,25200,49.8125
115763,118129,119484,2366,1355,1,25200,2.74612546125
115763,118123,119242,2360,1119,1,25200,3.109025916
115763,118134,118179,2371,45,1,25200,53.6888888889
115764,118146,120660,2382,2514,1,25200,1.94749403341
115764,118152,118848,2388,696,1,25200,4.43103448276
115764,118140,118470,2376,330,1,25200,8.2
115765,118164,122124,2399,3960,1,25200,1.60580808081
115765,118170,118179,2405,9,1,25200,241.4
115765,118158,118161,2393,3,1,25200,239.6
115766,118194,118287,2428,93,1,25200,27.1075268817
115766,118182,119498,2416,1316,1,25200,2.8358662614
115766,118176,121537,2410,3361,1,25200,1.71704849747
115766,118188,118690,2422,502,1,25200,5.82470119522
115767,118206,119731,2439,1525,1,25200,2.5993442623
115767,118200,124105,2433,5905,1,25200,1.41202370872
115767,118237,118243,2470,6,1,25200,247.6
115768,118254,118258,2486,4,1,25200,249.0
115768,118259,118264,2491,5,1,25200,249.6
115768,118248,118500,2480,252,1,25200,10.8412698413
115768,118242,128065,2474,9823,1,25200,1.25185788456
115769,118276,118277,2507,1,1,25200,250.8
115769,118265,118272,2496,7,1,25200,250.3
115769,118270,121256,2501,2986,1,25200,1.83757535164
115770,119300,119399,3530,99,1,25200,36.6565656566
115770,118281,119610,2511,1329,1,25200,2.88939051919
115770,119412,119418,3642,6,1,25200,364.8
115771,119431,119432,3660,1,1,25200,366.1
115771,119439,119444,3668,5,1,25200,367.3
115771,119446,144683,3675,25237,1,25200,1.14561952689
115771,119470,119471,3699,1,1,25200,370.0
115772,119811,119813,4039,2,1,25200,404.1
115772,119817,119819,4045,2,1,25200,404.7
115772,119652,119908,3880,256,1,25200,16.15625
115773,119457,119458,3684,1,1,25200,368.5
115773,119828,120070,4055,242,1,25200,17.7561983471
115773,119823,119824,4050,1,1,25200,405.1
115773,119834,119842,4061,8,1,25200,406.9
115774,119483,119535,3709,52,1,25200,72.3269230769
115774,119510,119514,3736,4,1,25200,374.0
115774,119496,144703,3722,25207,1,25200,1.14765739675
115775,119570,119615,3795,45,1,25200,85.3333333333
115775,119526,144732,3751,25206,1,25200,1.1488137745
115775,119547,119558,3772,11,1,25200,343.909090909
115776,119622,119626,3846,4,1,25200,385.0
115776,119629,119633,3853,4,1,25200,385.7
115776,119638,119639,3862,1,1,25200,386.3
115777,119645,119869,3868,224,1,25200,18.2678571429
115777,119806,120346,4029,540,1,25200,8.46111111111
115777,119800,119948,4023,148,1,25200,28.1824324324
115777,119744,120355,3967,611,1,25200,7.49263502455
115778,118287,118294,2509,7,1,25200,251.6
115778,118297,119784,2519,1487,1,25200,2.69401479489
115778,118292,118958,2514,666,1,25200,4.77477477477
115779,118323,118324,2544,1,1,25200,254.5
115779,118311,118313,2532,2,1,25200,253.4
115779,118317,118331,2538,14,1,25200,182.285714286
115779,118329,118639,2550,310,1,25200,9.22580645161
115780,118336,118338,2556,2,1,25200,255.8
115780,118357,118361,2577,4,1,25200,258.1
115780,118350,118358,2570,8,1,25200,257.8
115780,118342,118343,2562,1,1,25200,256.3
115781,118363,118764,2582,401,1,25200,7.43890274314
115781,118368,118581,2587,213,1,25200,13.1455399061
115782,118379,118380,2597,1,1,25200,259.8
115782,118374,118393,2592,19,1,25200,137.421052632
115782,118390,118391,2608,1,1,25200,260.9
115783,118403,118417,2620,14,1,25200,188.142857143
115783,118395,118797,2612,402,1,25200,7.49751243781
115783,118408,118669,2625,261,1,25200,11.0574712644
115784,118419,118826,2635,407,1,25200,7.4742014742
115784,118414,118426,2630,12,1,25200,220.166666667
115784,118425,118627,2641,202,1,25200,14.0742574257
115785,118437,118444,2652,7,1,25200,265.9
115785,118444,118776,2659,332,1,25200,9.00903614458
115785,118449,120202,2664,1753,1,25200,2.51968054763
115786,118516,143745,2730,25229,1,25200,1.10820880732
115786,118455,118478,2669,23,1,25200,117.043478261
115786,118577,118585,2791,8,1,25200,279.9
115787,118583,118625,2796,42,1,25200,67.5714285714
115787,118588,118591,2801,3,1,25200,280.4
115787,118596,118601,2809,5,1,25200,281.4
115788,118609,119425,2821,816,1,25200,4.45710784314
115788,118614,121758,2826,3144,1,25200,1.89885496183
115788,118602,118614,2814,12,1,25200,235.5
115789,118627,119521,2838,894,1,25200,4.1744966443
115789,118621,118622,2832,1,1,25200,283.3
115789,118639,118641,2850,2,1,25200,285.2
115789,118633,118634,2844,1,1,25200,284.5
115790,118656,118661,2866,5,1,25200,287.1
115790,118645,143847,2855,25202,1,25200,1.11328465995
115790,118651,118652,2861,1,1,25200,286.2
115791,118669,118671,2878,2,1,25200,288.0
115791,118662,118664,2871,2,1,25200,287.3
115791,118674,118678,2883,4,1,25200,288.7
115792,118685,118686,2893,1,1,25200,289.4
115792,118692,118908,2900,216,1,25200,14.4259259259
115793,118698,143935,2905,25237,1,25200,1.11510876887
115793,118703,118823,2910,120,1,25200,25.25
115793,118708,118714,2915,6,1,25200,292.1
115793,118714,118766,2921,52,1,25200,57.1730769231
115794,118732,121438,2938,2706,1,25200,2.08573540281
115794,118720,143960,2926,25240,1,25200,1.11592709984
115794,118725,119933,2931,1208,1,25200,3.42632450331
115795,118749,119190,2954,441,1,25200,7.69841269841
115795,118756,120452,2961,1696,1,25200,2.74587264151
115795,118743,143966,2948,25223,1,25200,1.11687745312
115795,118737,120289,2942,1552,1,25200,2.8956185567
115796,118761,118798,2965,37,1,25200,81.1351351351
115796,118777,133590,2981,14813,1,25200,1.20124215216
115796,118784,118788,2988,4,1,25200,299.2
115797,118812,118864,3015,52,1,25200,58.9807692308
115797,118804,118806,3007,2,1,25200,300.9
115797,118797,118883,3000,86,1,25200,35.8837209302
115798,118835,118840,3037,5,1,25200,304.2
115798,118827,124100,3029,5273,1,25200,1.57443580504
115798,118819,144039,3021,25220,1,25200,1.11978588422
115799,118861,119757,3062,896,1,25200,4.41741071429
115799,118853,121275,3054,2422,1,25200,2.26094137077
115799,118842,118967,3043,125,1,25200,25.344
115800,118878,118888,3078,10,1,25200,308.8
115800,118904,119046,3104,142,1,25200,22.8591549296
115800,118896,118899,3096,3,1,25200,309.9
115800,118911,119182,3111,271,1,25200,12.479704797
115801,118938,119426,3137,488,1,25200,7.42827868852
115801,118925,144140,3124,25215,1,25200,1.12389450724
115801,118918,118925,3117,7,1,25200,312.4
115802,118997,120920,3195,1923,1,25200,2.66146645866
115802,118970,121194,3168,2224,1,25200,2.42446043165
115802,118980,118985,3178,5,1,25200,318.3
115803,119195,119211,3392,16,1,25200,213.0
115803,119122,119855,3319,733,1,25200,5.52796725784
115803,119203,119209,3400,6,1,25200,340.6
115803,119221,119222,3418,1,1,25200,341.9
115804,119254,119259,3450,5,1,25200,345.5
115804,119228,120646,3424,1418,1,25200,3.41466854725
115804,119235,126104,3431,6869,1,25200,1.49949046441
115805,119840,120848,4035,1008,1,25200,5.00297619048
115805,119285,119287,3480,2,1,25200,348.2
115805,119272,119273,3467,1,1,25200,346.8
115806,119856,126157,4050,6301,1,25200,1.64275511824
115806,119851,119856,4045,5,1,25200,405.0
115806,119862,119864,4056,2,1,25200,405.8
115806,119845,119856,4039,11,1,25200,368.181818182
115807,119989,120254,4182,265,1,25200,16.7811320755
115807,119973,119977,4166,4,1,25200,417.0
115807,119869,120234,4062,365,1,25200,12.1287671233
115808,119875,119878,4067,3,1,25200,407.0
115808,120019,120030,4211,11,1,25200,383.818181818
115808,120004,120006,4196,2,1,25200,419.8
115808,120043,120119,4235,76,1,25200,56.7236842105
115809,119881,121125,4072,1244,1,25200,4.27331189711
115809,119888,120382,4079,494,1,25200,9.25708502024
115810,119920,119924,4110,4,1,25200,411.4
115810,119895,120190,4085,295,1,25200,14.8474576271
115810,119945,119957,4135,12,1,25200,345.583333333
115810,119936,119937,4126,1,1,25200,412.7
115811,120054,120075,4243,21,1,25200,203.047619048
115811,119966,120042,4155,76,1,25200,55.6710526316
115811,119952,119954,4141,2,1,25200,414.3
115812,120089,120090,4277,1,1,25200,427.8
115812,120082,120084,4270,2,1,25200,427.2
115812,120073,120078,4261,5,1,25200,426.6
115812,120096,123514,4284,3418,1,25200,2.25336454067
115813,120101,132583,4288,12482,1,25200,1.34353468995
115813,120108,120134,4295,26,1,25200,166.192307692
115813,120131,120265,4318,134,1,25200,33.223880597
115814,120203,120209,4389,6,1,25200,439.5
115814,120221,120222,4407,1,1,25200,440.8
115814,120214,120216,4400,2,1,25200,440.2
115814,120146,120223,4332,77,1,25200,57.2597402597
115815,120228,121753,4413,1525,1,25200,3.8937704918
115815,120234,120444,4419,210,1,25200,22.0428571429
115816,120247,120447,4431,200,1,25200,23.155
115816,120266,120271,4450,5,1,25200,445.5
115816,120277,139562,4461,19285,1,25200,1.23131967851
115816,120240,120445,4424,205,1,25200,22.5804878049
115817,120289,120290,4472,1,1,25200,447.3
115817,120282,120287,4465,5,1,25200,447.0
115817,120299,120300,4482,1,1,25200,448.3
115818,120326,125079,4508,4753,1,25200,1.94845360825
115818,120311,120819,4493,508,1,25200,9.84448818898
115818,120306,120311,4488,5,1,25200,449.3
115819,120359,120360,4540,1,1,25200,454.1
115819,120333,145564,4514,25231,1,25200,1.17890690024
115819,120368,120850,4549,482,1,25200,10.4377593361
115820,120395,120447,4575,52,1,25200,88.9807692308
115820,120375,120376,4555,1,1,25200,455.6
115821,120426,120427,4605,1,1,25200,460.6
115821,120409,120413,4588,4,1,25200,459.2
115821,120402,120551,4581,149,1,25200,31.744966443
115822,120469,120475,4647,6,1,25200,465.3
115822,120463,145685,4641,25222,1,25200,1.18400602648
115822,120456,143647,4634,23191,1,25200,1.19981889526
115822,120439,124361,4617,3922,1,25200,2.17720550739
115823,120480,120481,4657,1,1,25200,465.8
115823,120486,120659,4663,173,1,25200,27.9537572254
115823,120474,120838,4651,364,1,25200,13.7774725275
115824,120502,120507,4678,5,1,25200,468.3
115824,120491,120630,4667,139,1,25200,34.5755395683
115824,120497,120530,4673,33,1,25200,142.606060606
115825,120543,120548,4718,5,1,25200,472.3
115825,120508,124367,4683,3859,1,25200,2.21352682042
115825,120514,121957,4689,1443,1,25200,4.24948024948
115826,120601,120607,4775,6,1,25200,478.1
115826,120519,145741,4693,25222,1,25200,1.18606771866
115826,120525,120611,4699,86,1,25200,55.6395348837
115827,120572,121334,4745,762,1,25200,7.22703412073
115827,120579,120581,4752,2,1,25200,475.4
115827,120554,120559,4727,5,1,25200,473.2
115827,120548,120553,4721,5,1,25200,472.6
115828,120590,120591,4762,1,1,25200,476.3
115828,120585,120586,4757,1,1,25200,475.8
115828,120596,120598,4768,2,1,25200,477.0
115829,120614,120721,4785,107,1,25200,45.7196261682
115829,120625,120632,4796,7,1,25200,480.3
115830,120663,120664,4833,1,1,25200,483.4
115830,120649,120651,4819,2,1,25200,482.1
115830,120643,120644,4813,1,1,25200,481.4
115830,120656,120709,4826,53,1,25200,92.0566037736
115831,120668,122534,4837,1866,1,25200,3.59217577706
115831,120675,121957,4844,1282,1,25200,4.77847113885
115831,120688,121137,4857,449,1,25200,11.8173719376
115832,120833,120870,5001,37,1,25200,136.162162162
115832,120722,120727,4890,5,1,25200,489.5
115832,121138,121379,5306,241,1,25200,23.0165975104
115833,121159,121698,5326,539,1,25200,10.8812615955
115833,120762,120763,4929,1,1,25200,493.0
115833,120748,120750,4915,2,1,25200,491.7
115834,120855,121324,5021,469,1,25200,11.7057569296
115834,120825,121287,4991,462,1,25200,11.803030303
115834,120841,120842,5007,1,1,25200,500.8
115834,120780,121141,4946,361,1,25200,14.7008310249
115835,120875,120876,5040,1,1,25200,504.1
115835,120868,120876,5033,8,1,25200,504.1
115835,120882,120884,5047,2,1,25200,504.9
115836,121016,121361,5180,345,1,25200,16.0144927536
115836,120923,121298,5087,375,1,25200,14.5653333333
115836,120938,121305,5102,367,1,25200,14.9019073569
115836,120889,125777,5053,4888,1,25200,2.03375613748
115837,121062,121195,5225,133,1,25200,40.2857142857
115837,121085,121087,5248,2,1,25200,525.0
115838,121204,121221,5366,17,1,25200,316.647058824
115838,121233,121235,5395,2,1,25200,539.7
115838,121217,121246,5379,29,1,25200,186.482758621
115838,121099,121186,5261,87,1,25200,61.4712643678
115839,121265,121493,5426,228,1,25200,24.798245614
115839,121248,121284,5409,36,1,25200,151.25
115839,121272,121277,5433,5,1,25200,543.8
115840,121311,121353,5471,42,1,25200,131.261904762
115840,121295,121451,5455,156,1,25200,35.9679487179
115840,121288,146500,5448,25212,1,25200,1.21608757734
115841,121318,121323,5477,5,1,25200,548.2
115841,121350,121482,5509,132,1,25200,42.7348484848
115841,121335,127866,5494,6531,1,25200,1.84121880263
115841,121342,121346,5501,4,1,25200,550.5
115842,121374,121802,5532,428,1,25200,13.9252336449
115842,121367,122917,5525,1550,1,25200,4.56451612903
115842,121358,121501,5516,143,1,25200,39.5734265734
115843,121479,131023,5636,9544,1,25200,1.59052808047
115843,121392,121397,5549,5,1,25200,555.4
115843,121410,121817,5567,407,1,25200,14.6781326781
115844,121550,121555,5706,5,1,25200,571.1
115844,121568,121569,5724,1,1,25200,572.5
115844,121487,125473,5643,3986,1,25200,2.41570496739
115845,121495,121499,5650,4,1,25200,565.4
115845,121507,146715,5662,25208,1,25200,1.22461123453
115845,121591,121592,5746,1,1,25200,574.7
115846,121611,121612,5765,1,1,25200,576.6
115846,121625,121665,5779,40,1,25200,145.475
115846,121678,121692,5832,14,1,25200,417.571428571
115846,121704,122014,5858,310,1,25200,19.8967741935
115847,121711,123641,5864,1930,1,25200,4.03834196891
115847,121766,121776,5919,10,1,25200,592.9
115847,121773,121825,5926,52,1,25200,114.961538462
115848,121836,127050,5988,5214,1,25200,2.14844649022
115848,121816,121821,5968,5,1,25200,597.3
115848,121788,122008,5940,220,1,25200,28.0
115849,121844,121995,5995,151,1,25200,40.701986755
115849,121849,121946,6000,97,1,25200,62.8556701031
115849,121854,122211,6005,357,1,25200,17.8207282913
115850,121935,122067,6085,132,1,25200,47.0984848485
115850,121941,121942,6091,1,1,25200,609.2
115850,121946,123024,6096,1078,1,25200,6.65491651206
115850,121903,122964,6053,1061,1,25200,6.70499528746
115851,121957,124090,6106,2133,1,25200,3.86263478669
115851,121963,121966,6112,3,1,25200,611.5
115851,121952,121953,6101,1,1,25200,610.2
115852,121968,122296,6116,328,1,25200,19.6463414634
115852,122069,124418,6217,2349,1,25200,3.64665815241
115852,122074,124984,6222,2910,1,25200,3.1381443299
115852,122063,122072,6211,9,1,25200,622.0
115853,121984,121999,6131,15,1,25200,409.733333333
115853,121979,122043,6126,64,1,25200,96.71875
115854,121995,121998,6141,3,1,25200,614.4
115854,122001,122123,6147,122,1,25200,51.3852459016
115854,121990,121993,6136,3,1,25200,613.9
115855,122025,130822,6170,8797,1,25200,1.70137546891
115855,122006,122485,6151,479,1,25200,13.8413361169
115855,122012,122088,6157,76,1,25200,82.0131578947
115856,122042,122050,6186,8,1,25200,619.4
115856,122031,122044,6175,13,1,25200,476.0
115856,122036,122037,6180,1,1,25200,618.1
115856,122047,122164,6191,117,1,25200,53.9145299145
115857,122052,122113,6195,61,1,25200,102.557377049
115857,122058,126058,6201,4000,1,25200,2.55025
115857,122080,122083,6223,3,1,25200,622.6
115858,122085,122172,6227,87,1,25200,72.5747126437
115858,122099,122100,6241,1,1,25200,624.2
115858,122104,122107,6246,3,1,25200,624.9
115858,122093,124348,6235,2255,1,25200,3.76496674058
115859,122110,123596,6251,1486,1,25200,5.2065948856
115859,122115,122120,6256,5,1,25200,626.1
115860,122121,122122,6261,1,1,25200,626.2
115860,122132,122137,6272,5,1,25200,627.7
115860,122145,122146,6285,1,1,25200,628.6
115860,122126,124141,6266,2015,1,25200,4.10967741935
115861,122161,122165,6300,4,1,25200,630.4
115861,122150,122166,6289,16,1,25200,394.0625
115861,122156,132758,6295,10602,1,25200,1.59375589511
115862,122177,147399,6315,25222,1,25200,1.2503766553
115862,122166,122168,6304,2,1,25200,630.6
115862,122172,122177,6310,5,1,25200,631.5
115862,122183,122333,6321,150,1,25200,43.14
115863,122201,122205,6338,4,1,25200,634.2
115863,122188,122193,6325,5,1,25200,633.0
115863,122196,122197,6333,1,1,25200,633.4
115864,122223,122277,6359,54,1,25200,118.759259259
115864,122212,123196,6348,984,1,25200,7.4512195122
115864,122207,122587,6343,380,1,25200,17.6921052632
115864,122218,122220,6354,2,1,25200,635.6
115865,122229,122234,6364,5,1,25200,636.9
115865,122234,122235,6369,1,1,25200,637.0
115866,122253,122274,6387,21,1,25200,305.142857143
115866,122247,122814,6381,567,1,25200,12.253968254
115866,122258,124342,6392,2084,1,25200,4.06717850288
115867,122264,122288,6397,24,1,25200,267.541666667
115867,122282,122283,6415,1,1,25200,641.6
115867,122277,122278,6410,1,1,25200,641.1
115867,122271,122272,6404,1,1,25200,640.5
115868,122289,125590,6421,3301,1,25200,2.94516813087
115868,122308,122312,6440,4,1,25200,644.4
115868,122295,122584,6427,289,1,25200,23.2387543253
115869,122300,122304,6431,4,1,25200,643.5
115869,122319,122320,6450,1,1,25200,645.1
115869,122314,122339,6445,25,1,25200,258.8
115870,122325,127127,6455,4802,1,25200,2.34423157018
115870,122338,122339,6468,1,1,25200,646.9
115870,122333,122655,6463,322,1,25200,21.0714285714
115871,122350,122351,6479,1,1,25200,648.0
115871,122356,122372,6485,16,1,25200,406.3125
115871,122343,122403,6472,60,1,25200,108.866666667
115872,122368,122369,6496,1,1,25200,649.7
115872,122401,122455,6529,54,1,25200,121.907407407
115872,122363,147573,6491,25210,1,25200,1.25747719159
115872,122381,122714,6509,333,1,25200,20.5465465465
115873,122468,126263,6595,3795,1,25200,2.73781291173
115873,122388,122389,6515,1,1,25200,651.6
115873,122415,123092,6542,677,1,25200,10.6632200886
115874,122497,122503,6623,6,1,25200,662.9
115874,122552,122558,6678,6,1,25200,668.4
115874,122547,122565,6673,18,1,25200,371.722222222
115874,122515,122636,6641,121,1,25200,55.8842975207
115875,122590,122801,6715,211,1,25200,32.8246445498
115875,122570,123550,6695,980,1,25200,7.83163265306
115875,122577,122578,6702,1,1,25200,670.3
115876,122597,123570,6721,973,1,25200,7.90750256937
115876,122667,122797,6791,130,1,25200,53.2384615385
115876,122604,122940,6728,336,1,25200,21.0238095238
115877,122728,122733,6851,5,1,25200,685.6
115877,122745,122746,6868,1,1,25200,686.9
115877,122759,122760,6882,1,1,25200,688.3
115877,122648,123237,6771,589,1,25200,12.4957555178
115878,122772,147997,6894,25225,1,25200,1.27330029732
115878,122817,148028,6939,25211,1,25200,1.27523699972
115878,122810,122817,6932,7,1,25200,693.9
115879,122827,125621,6948,2794,1,25200,3.48675733715
115879,124153,124158,8274,5,1,25200,827.9
115879,124380,124415,8501,35,1,25200,243.885714286
115879,124339,126043,8460,1704,1,25200,5.96478873239
115880,124417,124434,8537,17,1,25200,503.176470588
115880,122834,122880,6954,46,1,25200,152.173913043
115880,122893,122896,7013,3,1,25200,701.6
115881,122909,122910,7028,1,1,25200,702.9
115881,122930,122937,7049,7,1,25200,705.6
115881,122923,122924,7042,1,1,25200,704.3
115882,122937,123527,7055,590,1,25200,12.9576271186
115882,122956,123031,7074,75,1,25200,95.32
115882,122949,124793,7067,1844,1,25200,4.83242950108
115883,122976,122982,7093,6,1,25200,709.9
115883,122995,122996,7112,1,1,25200,711.3
115883,123008,123546,7125,538,1,25200,14.2434944238
115884,123044,123049,7160,5,1,25200,716.5
115884,123055,123056,7171,1,1,25200,717.2
115884,123036,123042,7152,6,1,25200,715.8
115885,123089,123090,7204,1,1,25200,720.5
115885,123063,123077,7178,14,1,25200,513.714285714
115885,123102,123232,7217,130,1,25200,56.5153846154
115885,123070,123203,7185,133,1,25200,55.022556391
115886,123109,123436,7223,327,1,25200,23.0886850153
115886,123177,123178,7291,1,1,25200,729.2
115886,123152,123158,7266,6,1,25200,727.2
115887,123190,123192,7303,2,1,25200,730.5
115887,123211,123257,7324,46,1,25200,160.217391304
115887,123204,123205,7317,1,1,25200,731.8
115888,123245,123376,7357,131,1,25200,57.1603053435
115888,123224,148438,7336,25214,1,25200,1.29094947252
115888,123218,134053,7330,10835,1,25200,1.67651130595
115889,123290,123291,7401,1,1,25200,740.2
115889,123296,123298,7407,2,1,25200,740.9
115889,123269,123447,7380,178,1,25200,42.4606741573
115889,123252,123406,7363,154,1,25200,48.8116883117
115890,123315,123326,7425,11,1,25200,676.0
115890,123308,148544,7418,25236,1,25200,1.29394515771
115890,123301,123302,7411,1,1,25200,741.2
115891,123320,123321,7429,1,1,25200,743.0
115891,123334,123335,7443,1,1,25200,744.4
115891,123341,123342,7450,1,1,25200,745.1
115891,123348,123527,7457,179,1,25200,42.6592178771
115892,123561,123566,7669,5,1,25200,767.4
115892,123448,123550,7556,102,1,25200,75.0784313725
115892,123355,123358,7463,3,1,25200,746.6
115893,123993,123995,8100,2,1,25200,810.2
115893,123579,124188,7686,609,1,25200,13.6206896552
115893,123998,131089,8105,7091,1,25200,2.14299816669
115894,124021,127064,8127,3043,1,25200,3.67071968452
115894,124007,124008,8113,1,1,25200,811.4
115894,124114,125518,8220,1404,1,25200,6.8547008547
115895,124121,126060,8226,1939,1,25200,5.24239298608
115895,124170,149376,8275,25206,1,25200,1.32829485043
115895,124201,124212,8306,11,1,25200,756.090909091
115896,124275,124286,8379,11,1,25200,762.727272727
115896,124311,132122,8415,7811,1,25200,2.07732684675
115896,124298,124299,8402,1,1,25200,840.3
115896,124227,130833,8331,6606,1,25200,2.26112624886
115897,124427,141535,8530,17108,1,25200,1.49859714753
115897,124355,124435,8458,80,1,25200,106.725
115897,124434,124598,8537,164,1,25200,53.0548780488
115898,124454,125918,8556,1464,1,25200,6.84426229508
115898,124463,124884,8565,421,1,25200,21.3444180523
115899,124611,126731,8712,2120,1,25200,5.10943396226
115899,124829,124830,8930,1,1,25200,893.1
115899,124805,124817,8906,12,1,25200,743.166666667
115900,124923,126021,9023,1098,1,25200,9.21766848816
115900,124896,150135,8996,25239,1,25200,1.35643250525
115900,124842,124911,8942,69,1,25200,130.594202899
115901,124997,125003,9096,6,1,25200,910.2
115901,125016,125017,9115,1,1,25200,911.6
115901,125029,126851,9128,1822,1,25200,6.00987925357
115901,125091,127762,9190,2671,1,25200,4.44065892924
115902,125389,125411,9487,22,1,25200,432.227272727
115902,125599,125603,9697,4,1,25200,970.1
115902,125606,136083,9704,10477,1,25200,1.9262193376
115903,125617,127575,9714,1958,1,25200,5.96118488253
115903,125930,125941,10027,11,1,25200,912.545454545
115903,125923,125933,10020,10,1,25200,1003.0
115903,125945,130521,10042,4576,1,25200,3.19449300699
115904,125658,125911,9754,253,1,25200,39.5533596838
115904,125640,125645,9736,5,1,25200,974.1
115905,125706,150945,9801,25239,1,25200,1.38832758826
115905,125953,125956,10048,3,1,25200,1005.1
115905,125969,126213,10064,244,1,25200,42.2459016393
115905,126033,127460,10128,1427,1,25200,8.09740714786
115906,126070,130623,10164,4553,1,25200,3.23237425873
115906,126055,128463,10149,2408,1,25200,5.21470099668
115906,126078,126082,10172,4,1,25200,1017.6
115907,126101,133828,10194,7727,1,25200,2.31927009189
115907,126094,126124,10187,30,1,25200,340.566666667
115907,126112,126117,10205,5,1,25200,1021.0
115907,126107,126479,10200,372,1,25200,28.4193548387
115908,126137,126439,10229,302,1,25200,34.8708609272
115908,126120,126144,10212,24,1,25200,426.5
115908,126129,126130,10221,1,1,25200,1022.2
115909,126223,126227,10314,4,1,25200,1031.8
115909,126204,126211,10295,7,1,25200,1030.2
115909,126230,128370,10321,2140,1,25200,5.82289719626
115910,126156,126815,10246,659,1,25200,16.5477996965
115910,126163,126192,10253,29,1,25200,354.551724138
115910,126144,126145,10234,1,1,25200,1023.5
115911,126240,126241,10329,1,1,25200,1033.0
115911,126253,127849,10342,1596,1,25200,7.47994987469
115911,126170,127383,10259,1213,1,25200,9.45754328112
115912,126451,144368,10539,17917,1,25200,1.58821231233
115912,126275,130461,10363,4186,1,25200,3.47563306259
115912,126744,127013,10832,269,1,25200,41.2676579926
115912,126492,128681,10580,2189,1,25200,5.83325719507
115913,126893,132333,10980,5440,1,25200,3.01838235294
115913,126827,127248,10914,421,1,25200,26.9239904988
115913,126868,126873,10955,5,1,25200,1096.0
115913,127026,134390,11113,7364,1,25200,2.50909831613
115914,127063,127333,11149,270,1,25200,42.2925925926
115914,127094,127186,11180,92,1,25200,122.52173913
115914,127078,127082,11164,4,1,25200,1116.8
115915,127140,127239,11225,99,1,25200,114.383838384
115915,127198,127203,11283,5,1,25200,1128.8
115916,127260,127269,11344,9,1,25200,1135.3
115916,127252,130653,11336,3401,1,25200,4.33313731256
115916,127216,127334,11300,118,1,25200,96.7627118644
115917,127363,152591,11446,25228,1,25200,1.45370223561
115917,127345,127350,11428,5,1,25200,1143.3
115917,127281,128967,11364,1686,1,25200,7.74021352313
115917,127352,127356,11435,4,1,25200,1143.9
115918,127412,127976,11494,564,1,25200,21.3794326241
115918,127395,127400,11477,5,1,25200,1148.2
115918,127370,127806,11452,436,1,25200,27.2660550459
115919,127595,127599,11676,4,1,25200,1168.0
115919,127588,127592,11669,4,1,25200,1167.3
115919,127574,127579,11655,5,1,25200,1166.0
115920,127620,128165,11700,545,1,25200,22.4678899083
115920,127612,127682,11692,70,1,25200,168.028571429
115920,127605,127608,11685,3,1,25200,1168.8
115921,127630,152846,11709,25216,1,25200,1.46434803299
115921,128100,128107,12179,7,1,25200,1218.6
115921,127695,127704,11774,9,1,25200,1178.3
115922,128119,135506,12197,7387,1,25200,2.65114390145
115922,127717,128014,11795,297,1,25200,40.7138047138
115922,127775,127781,11853,6,1,25200,1185.9
115923,127794,129505,11871,1711,1,25200,7.93804792519
115923,128027,128032,12104,5,1,25200,1210.9
115923,127970,128033,12047,63,1,25200,192.222222222
115924,128044,128049,12120,5,1,25200,1212.5
115924,128051,129339,12127,1288,1,25200,10.4153726708
115924,128177,129142,12253,965,1,25200,13.6974093264
115924,128061,128291,12137,230,1,25200,53.7695652174
115925,128348,130492,12423,2144,1,25200,6.79430970149
115925,128303,128336,12378,33,1,25200,376.090909091
115925,128078,133226,12153,5148,1,25200,3.36072261072
115926,128382,128411,12456,29,1,25200,430.517241379
115926,128424,128444,12498,20,1,25200,625.9
115927,128475,128514,12548,39,1,25200,322.743589744
115927,128694,129838,12767,1144,1,25200,12.159965035
115927,128526,128924,12599,398,1,25200,32.6557788945
115927,128457,131331,12530,2874,1,25200,5.35977731385
115928,129187,129624,13259,437,1,25200,31.3409610984
115928,128979,129164,13051,185,1,25200,71.5459459459
115928,128937,129038,13009,101,1,25200,129.801980198
115929,129408,134708,13479,5300,1,25200,3.54320754717
115929,129397,129402,13468,5,1,25200,1347.3
115929,129351,129795,13422,444,1,25200,31.2297297297
115930,129002,131379,13072,2377,1,25200,6.49936895246
115930,129015,129016,13085,1,1,25200,1308.6
115930,128995,129003,13065,8,1,25200,1307.3
115931,129193,129384,13262,191,1,25200,70.4345549738
115931,129056,129071,13125,15,1,25200,876.0
115931,129028,132617,13097,3589,1,25200,4.64920590694
115931,129051,129054,13120,3,1,25200,1312.3
115932,129198,130715,13266,1517,1,25200,9.7448912327
117500,117644,120813,144,3169,2,14400,1.04544020196
117515,117649,120829,134,3180,2,14400,1.04213836478
117540,117655,120551,115,2896,2,14400,1.03970994475
117555,117660,120777,105,3117,2,14400,1.03368623677
117557,117666,120706,109,3040,2,14400,1.03585526316
117573,117671,120528,98,2857,2,14400,1.03430171509
117619,117677,120493,58,2816,2,14400,1.02059659091
117620,117682,120699,62,3017,2,14400,1.02055021545
117652,117829,120859,177,3030,2,14400,1.05841584158
117654,117834,120599,180,2765,2,14400,1.0650994575
117669,117839,120589,170,2750,2,14400,1.06181818182
117671,117845,120959,174,3114,2,14400,1.05587668593
117686,117850,120674,164,2824,2,14400,1.05807365439
117705,117856,120707,151,2851,2,14400,1.05296387233
117721,117861,121073,140,3212,2,14400,1.04358655044
117739,117867,120712,128,2845,2,14400,1.04499121265
117741,117872,120894,131,3022,2,14400,1.04334877565
117757,117877,120602,120,2725,2,14400,1.04403669725
117759,117883,120856,124,2973,2,14400,1.04170871174
117774,117888,120990,114,3102,2,14400,1.03675048356
117776,117894,120844,118,2950,2,14400,1.04
117792,117899,120996,107,3097,2,14400,1.03454956409
117822,118045,121047,223,3002,2,14400,1.07428381079
117830,118029,138893,199,20864,4,21600,1.00953796012
117832,118034,125804,202,7770,4,21600,1.025997426
117834,118039,139690,205,21651,4,21600,1.00946838483
117860,118050,121222,190,3172,2,14400,1.05989911728
117876,118056,120914,180,2858,2,14400,1.06298110567
117878,118061,121016,183,2955,2,14400,1.06192893401
117880,118067,120813,187,2746,2,14400,1.06809905317
117895,118072,121019,177,2947,2,14400,1.06006107906
117911,118077,120980,166,2903,2,14400,1.05718222528
117926,118083,121119,157,3036,2,14400,1.05171277997
117928,118088,121133,160,3045,2,14400,1.05254515599
117943,118094,121245,151,3151,2,14400,1.04792129483
117964,118099,125308,135,7209,12,7200,1.01872659176
118038,118214,121433,176,3219,2,14400,1.05467536502
118039,118219,121178,180,2959,2,14400,1.06083136195
118137,118224,121181,87,2957,2,14400,1.02942171119
118269,118305,129162,36,10857,12,43200,1.0033158331
118443,118461,121414,18,2953,2,14400,1.00609549611
118445,118467,121419,22,2952,2,14400,1.00745257453
118447,118472,121571,25,3099,2,14400,1.00806711843
118449,118478,121389,29,2911,2,14400,1.0099622123
118779,118791,118799,12,8,4,3600,2.0
118825,119770,119788,945,18,16,3600,53.5
118952,118958,119203,6,245,4,1800,1.02448979592
120568,120715,121918,147,1203,28,1200,1.12219451372
120598,131394,132611,10796,1217,29,1200,9.87099424815
120607,120632,123257,25,2625,2,14400,1.00952380952
120609,120638,123257,29,2619,2,14400,1.0110729286
120628,130176,131383,9548,1207,30,1200,8.91052195526
120659,127951,129196,7292,1245,31,1200,6.85702811245
120668,134783,135851,14115,1068,28,1020,14.2162921348
120677,120683,123257,6,2574,2,14400,1.00233100233
120689,125593,126805,4904,1212,32,1200,5.04620462046
120698,132623,133652,11925,1029,29,1020,12.5889212828
120701,120708,123257,7,2549,2,14400,1.00274617497
120717,120729,123257,12,2528,2,14400,1.00474683544
120719,120735,123258,16,2523,2,14400,1.00634165676
120720,124263,125499,3543,1236,33,1200,3.86650485437
120721,120740,123257,19,2517,2,14400,1.00754866905
120728,123370,130696,2642,7326,2,7200,1.36063336063
120729,131232,132257,10503,1025,30,1020,11.2468292683
120751,121929,123159,1178,1230,34,1200,1.95772357724
120759,130170,131221,9411,1051,31,1020,9.95432921028
120779,120787,123257,8,2470,2,14400,1.0032388664
120790,126880,127938,6090,1058,32,1020,6.7561436673
120816,120862,123257,46,2395,2,14400,1.01920668058
120818,120896,123258,78,2362,2,14400,1.03302286198
120821,124328,125372,3507,1044,33,1020,4.3591954023
120833,120906,123257,73,2351,2,14400,1.03105061676
120843,127957,129395,7114,1438,4,3600,5.9471488178
120849,120930,123257,81,2327,2,14400,1.03480876665
120851,123171,124200,2320,1029,34,1020,3.25461613217
120865,120971,123258,106,2287,2,14400,1.04634892873
120866,120992,123257,126,2265,2,14400,1.05562913907
120897,121002,123257,105,2255,2,14400,1.0465631929
120916,121009,123257,93,2248,2,14400,1.04137010676
120962,121029,123257,67,2228,2,14400,1.03007181329
120984,121036,123258,52,2222,2,14400,1.02340234023
120999,121131,123258,132,2127,2,14400,1.06205923836
121001,121146,123258,145,2112,2,14400,1.06865530303
121019,135863,136888,14844,1025,28,1020,15.4819512195
121020,121153,123258,133,2105,2,14400,1.06318289786
121022,121190,123258,168,2068,2,14400,1.08123791103
121049,121197,123258,148,2061,2,14400,1.07180980107
121049,133716,134772,12667,1056,29,1020,12.9952651515
121078,121211,123258,133,2047,2,14400,1.06497313141
121080,129038,130106,7958,1068,30,1020,8.45131086142
121111,127965,129025,6854,1060,31,1020,7.46603773585
121121,121241,123258,120,2017,2,14400,1.05949429846
121137,121257,123258,120,2001,2,14400,1.05997001499
121141,126886,127944,5745,1058,32,1020,6.43005671078
121172,125383,126405,4211,1022,33,1020,5.12035225049
121174,132287,132290,11113,3,16,18000,1111.6
121180,121302,123258,122,1956,2,14400,1.06237218814
121195,121402,123258,207,1856,2,14400,1.11153017241
121203,123278,124316,2075,1038,34,1020,2.99903660886
121225,121429,123258,204,1829,2,14400,1.11153635867
121247,121435,123258,188,1823,2,14400,1.10312671421
121259,131343,131353,10084,10,8,18000,1009.4
121392,121442,123258,50,1816,2,14400,1.02753303965
121427,121460,123258,33,1798,2,14400,1.01835372636
121429,121466,123258,37,1792,2,14400,1.02064732143
121444,121514,123258,70,1744,2,14400,1.04013761468
121475,121532,123258,57,1726,2,14400,1.03302433372
121520,121585,123258,65,1673,2,14400,1.03885236103
122220,132629,221144,10409,88515,16,108000,1.1175958877
122291,124214,124230,1923,16,16,10800,121.1875
122389,123284,555319,895,432035,6,432000,1.00207159142
122522,124334,399938,1812,275604,6,432000,1.00657465059
122581,125320,557352,2739,432032,6,432000,1.00633980816
122619,124219,124230,1600,11,16,28800,146.454545455
123065,125325,557348,2260,432023,6,432000,1.00523120297
123105,126422,295500,3317,169078,6,432000,1.0196181644
123139,129176,264886,6037,135710,6,432000,1.04448456267
123351,123362,123394,11,32,2,14400,1.34375
123402,123689,123949,287,260,2,129600,2.10384615385
123422,123430,125324,8,1894,2,14400,1.00422386484
123473,123479,125324,6,1845,2,14400,1.00325203252
123475,123487,125324,12,1837,2,14400,1.00653238977
123476,123492,125324,16,1832,2,14400,1.00873362445
123478,123498,125324,20,1826,2,14400,1.01095290252
123479,123503,125324,24,1821,2,14400,1.01317957166
123481,123510,125324,29,1814,2,14400,1.01598676957
123482,123515,125324,33,1809,2,14400,1.01824212272
123484,123520,125324,36,1804,2,14400,1.0199556541
123486,123526,125324,40,1798,2,14400,1.02224694105
123487,123531,125324,44,1793,2,14400,1.0245398773
123489,123536,125324,47,1788,2,14400,1.02628635347
123491,123542,125324,51,1782,2,14400,1.02861952862
123492,123547,125324,55,1777,2,14400,1.03095104108
123494,123553,125324,59,1771,2,14400,1.03331451158
123496,123568,125324,72,1756,2,14400,1.0410022779
123501,132270,168300,8769,36030,16,36000,1.24338051624
123770,123961,123981,191,20,2,172800,10.55
123982,124270,125733,288,1463,4,28920,1.1968557758
124087,125339,298143,1252,172804,2,172800,1.00724520266
124100,124107,124146,7,39,2,60,1.17948717949
124123,304746,477581,180623,172835,2,172800,2.04506031764
124279,125745,255363,1466,129618,4,129600,1.01131015754
124317,258756,373990,134439,115234,4,115200,2.16666088134
124363,124373,124404,10,31,2,60,1.32258064516
125309,129413,136299,4104,6886,1,108000,1.59599186756
125373,129419,161839,4046,32420,1,32400,1.12479950648
125388,125397,132458,9,7061,2,14400,1.001274607
125389,125402,132417,13,7015,2,14400,1.00185317177
125391,125408,132113,17,6705,2,14400,1.00253542133
125392,125415,131942,23,6527,2,14400,1.00352382412
125394,125420,132005,26,6585,2,14400,1.0039483675
125395,125425,132184,30,6759,2,14400,1.00443852641
125397,125431,132323,34,6892,2,14400,1.00493325595
125398,125436,132109,38,6673,2,14400,1.00569459014
125400,125442,131742,42,6300,2,14400,1.00666666667
125402,125447,132338,45,6891,2,14400,1.00653025686
125403,125453,132084,50,6631,2,14400,1.00754034082
125405,125458,132338,53,6880,2,14400,1.00770348837
125406,125463,132867,57,7404,2,14400,1.00769854133
125408,125469,132107,61,6638,2,14400,1.00918951491
125410,125476,132457,66,6981,2,14400,1.00945423292
125742,126417,147338,675,20921,16,28800,1.03226423211
125952,129181,129992,3229,811,4,28920,4.98150431566
126330,126817,126826,487,9,64,1800,49.6
126334,126837,126841,503,4,64,1800,50.7
126337,126852,126869,515,17,64,1800,31.2941176471
126597,126631,130231,34,3600,1,3600,1.00944444444
127088,129044,733880,1956,604836,2,604800,1.00323393449
127421,127473,127618,52,145,1,3600,1.35862068966
128733,128840,128983,107,143,1,3600,1.74825174825
129057,130117,130128,1060,11,64,1800,97.3636363636
129058,129426,129573,368,147,1,3600,3.50340136054
129070,130139,130145,1069,6,64,1800,107.5
129079,130156,130159,1077,3,64,1800,108.0
129319,131400,491444,2081,360044,10,360000,1.00577984913
129333,129433,260205,100,130772,1,172800,1.00076468969
129650,130533,143028,883,12495,8,43200,1.07066826731
130150,130156,159111,6,28955,4,28920,1.0002072181
130552,130835,142639,283,11804,8,43200,1.02397492375
131747,131754,138572,7,6818,2,14400,1.00102669405
131945,131955,138684,10,6729,2,14400,1.00148610492
131972,132020,138886,48,6866,2,14400,1.00699097
132086,132097,138857,11,6760,2,14400,1.00162721893
132111,132121,138854,10,6733,2,14400,1.00148522204
132112,132126,138822,14,6696,2,14400,1.00209080048
132127,132135,138471,8,6336,2,14400,1.00126262626
132166,132173,139152,7,6979,2,14400,1.00100300903
132202,132209,139291,7,7082,2,14400,1.00098842135
132349,132356,139126,7,6770,2,14400,1.00103397341
132350,132363,139142,13,6779,2,14400,1.00191768697
132401,132408,139315,7,6907,2,14400,1.0010134646
132455,132462,138727,7,6265,2,14400,1.00111731844
132472,132483,138855,11,6372,2,14400,1.00172630257
132550,132557,139003,7,6446,2,14400,1.00108594477
132898,132905,140362,7,7457,2,14400,1.0009387153
133710,133816,133834,106,18,8,57600,6.88888888889
133904,133911,151420,7,17509,8,43200,1.00039979439
134053,136906,136922,2853,16,8,57600,179.3125
134450,136901,137837,2451,936,12,14400,3.61858974359
136808,137058,141343,250,4285,8,18000,1.05834305718
137245,137251,137386,6,135,3,90,1.04444444444
137486,137493,137529,7,36,3,90,1.19444444444
137590,137596,137635,6,39,4,120,1.15384615385
137621,137627,137782,6,155,5,120,1.03870967742
137651,137657,137696,6,39,6,120,1.15384615385
137681,137707,137745,26,38,7,120,1.68421052632
137711,137993,138152,282,159,8,120,2.77358490566
137742,137756,137925,14,169,9,120,1.08284023669
137772,137987,138150,215,163,10,120,2.31901840491
137802,137936,137976,134,40,11,120,4.35
137833,137848,138007,15,159,12,120,1.09433962264
138228,138234,141729,6,3495,2,3600,1.0017167382
138285,138291,138296,6,5,8,60,1.1
138373,138380,142874,7,4494,8,10800,1.0015576324
138434,138440,138479,6,39,4,150,1.15384615385
138574,138580,145448,6,6868,2,14400,1.00087361677
138619,138625,167649,6,29024,4,28980,1.00020672547
138625,138632,138886,7,254,4,240,1.02755905512
138686,138692,145172,6,6480,2,14400,1.00092592593
138711,138718,138789,7,71,1,3600,1.0985915493
138725,138731,145938,6,7207,2,14400,1.00083252394
138824,138830,145551,6,6721,2,14400,1.0008927243
138846,138852,145671,6,6819,2,14400,1.00087989441
138862,138874,145533,12,6659,2,14400,1.00180207238
138864,138880,145442,16,6562,2,14400,1.00243828101
138888,138894,145591,6,6697,2,14400,1.00089592355
138891,141452,144618,2561,3166,12,7200,1.80890713834
138915,138921,146059,6,7138,2,14400,1.00084057159
139004,139009,139399,5,390,4,360,1.01282051282
139128,139134,145447,6,6313,2,14400,1.00095041977
139143,139149,146442,6,7293,2,14400,1.00082270671
139160,139170,145914,10,6744,2,14400,1.00148279953
139191,139203,146170,12,6967,2,14400,1.00172240563
139317,139323,145522,6,6199,2,14400,1.00096789805
139335,139341,146158,6,6817,2,14400,1.00088015256
139547,139554,139916,7,362,4,360,1.01933701657
139812,139819,139827,7,8,2,86400,1.5
139873,139879,144773,6,4894,2,86400,1.00122599101
139957,139963,140604,6,641,4,600,1.00936037441
140249,141357,141440,1108,83,16,90000,14.3493975904
140680,140686,140689,6,3,3,600,1.0
140715,140722,140728,7,6,3,600,1.3
140772,140779,140815,7,36,3,600,1.19444444444
140798,140805,140843,7,38,3,600,1.18421052632
140818,140825,140865,7,40,3,600,1.175
140839,140846,140882,7,36,3,600,1.19444444444
140878,140884,141521,6,637,3,600,1.00941915228
140924,140930,140967,6,37,3,600,1.16216216216
140949,140955,140991,6,36,3,600,1.16666666667
140977,140984,141020,7,36,3,600,1.19444444444
140998,141005,141040,7,35,3,600,1.2
141383,141519,141556,136,37,3,600,4.67567567568
141657,141663,141699,6,36,3,600,1.16666666667
141685,142699,143151,1014,452,16,90000,3.24336283186
142038,142585,142623,547,38,3,600,15.3947368421
142069,142561,142601,492,40,3,600,13.3
142146,142567,142604,421,37,3,600,12.3783783784
142160,142572,142612,412,40,3,600,11.3
142225,142577,142616,352,39,3,600,10.0256410256
142247,142652,142688,405,36,3,600,12.25
142428,142657,143264,229,607,3,600,1.37726523888
142442,142635,143280,193,645,3,600,1.2992248062
142794,142800,146151,6,3351,1,21600,1.0017905103
143109,143115,143124,6,9,16,90000,1.5
143163,143169,204087,6,60918,16,90000,1.00009849306
143270,143275,144731,5,1456,8,18000,1.00343406593
143485,146023,215491,2538,69468,16,90000,1.03653480739
144001,144007,144336,6,329,8,57600,1.01823708207
144030,144036,145305,6,1269,1,3600,1.00472813239
144172,144178,144416,6,238,1,3600,1.02521008403
144316,144323,144929,7,606,3,600,1.01155115512
144335,144342,144380,7,38,3,600,1.18421052632
144611,144618,145874,7,1256,1,3600,1.00557324841
144629,144635,145273,6,638,3,600,1.00940438871
144649,144655,145268,6,613,3,600,1.00978792822
144669,144675,144711,6,36,3,600,1.16666666667
144742,144749,144759,7,10,16,90000,1.7
144748,144755,145392,7,637,3,600,1.01098901099
144772,144778,145415,6,637,3,600,1.00941915228
144787,144793,145419,6,626,3,600,1.00958466454
144805,144811,144849,6,38,3,600,1.15789473684
144822,144828,144871,6,43,3,600,1.13953488372
144839,144845,144884,6,39,3,600,1.15384615385
144855,144861,144896,6,35,3,600,1.17142857143
144870,144876,144914,6,38,3,600,1.15789473684
144883,144889,144924,6,35,3,600,1.17142857143
145174,145181,151801,7,6620,2,14400,1.00105740181
145340,145346,152170,6,6824,2,14400,1.00087924971
145460,145466,152081,6,6615,2,14400,1.00090702948
145462,145472,152374,10,6902,2,14400,1.0014488554
145470,145478,145515,8,37,3,600,1.21621621622
145525,145531,152029,6,6498,2,14400,1.00092336103
145540,145547,152297,7,6750,2,14400,1.00103703704
145542,145553,152610,11,7057,2,14400,1.00155873601
145584,145590,145626,6,36,3,600,1.16666666667
145594,145600,152185,6,6585,2,14400,1.00091116173
145673,145679,152414,6,6735,2,14400,1.0008908686
145695,145701,145737,6,36,3,600,1.16666666667
145697,145707,152348,10,6641,2,14400,1.00150579732
145804,145811,145847,7,36,3,600,1.19444444444
145860,145866,146077,6,211,3,600,1.02843601896
145940,145946,152859,6,6913,2,14400,1.00086792999
146039,146046,146301,7,255,3,600,1.02745098039
146052,146058,153110,6,7052,2,14400,1.00085082246
146100,146106,152547,6,6441,2,14400,1.00093153237
146176,146181,153145,5,6964,2,14400,1.00071797817
146197,146203,153301,6,7098,2,14400,1.00084530854
146253,146264,153051,11,6787,2,14400,1.00162074554
146265,146271,146318,6,47,16,108000,1.12765957447
146366,146372,146413,6,41,3,600,1.14634146341
146435,146441,146477,6,36,3,600,1.16666666667
146447,146458,150193,11,3735,8,3600,1.00294511379
146639,146645,146649,6,4,1,3600,1.0
146651,146657,149832,6,3175,4,3600,1.00188976378
146679,146685,152058,6,5373,4,7200,1.00111669458
146887,146893,319713,6,172820,10,172800,1.0000347182
147685,147691,148012,6,321,1,3600,1.01869158879
148957,148968,155776,11,6808,2,14400,1.00161574618
148959,148974,155891,15,6917,2,14400,1.00216857019
148960,148979,155318,19,6339,2,14400,1.00299731819
148962,148984,155657,22,6673,2,14400,1.00329686798
148963,148990,155272,27,6282,2,14400,1.00429799427
148964,149006,234299,42,85293,2,172800,1.00049242025
148965,148996,155802,31,6806,2,14400,1.00455480458
148984,149001,155756,17,6755,2,14400,1.00251665433
148986,149012,155553,26,6541,2,14400,1.00397492738
148987,149018,155979,31,6961,2,14400,1.00445338313
148989,149023,155638,34,6615,2,14400,1.00513983371
148991,149028,155834,37,6806,2,14400,1.00543637967
148992,149034,155559,42,6525,2,14400,1.00643678161
148994,149039,155727,45,6688,2,14400,1.0067284689
148995,149044,156102,49,7058,2,14400,1.00694247662
148997,149050,156318,53,7268,2,14400,1.00729223996
148998,149055,155832,57,6777,2,14400,1.00841080124
149000,149060,156006,60,6946,2,14400,1.00863806507
149001,149066,155803,65,6737,2,14400,1.00964821137
149003,149071,156104,68,7033,2,14400,1.00966870468
150091,150097,150944,6,847,8,43200,1.00708382527
150115,150122,151204,7,1082,8,43200,1.00646950092
150153,150159,151240,6,1081,8,43200,1.00555041628
150185,150191,151278,6,1087,8,43200,1.00551977921
150239,150245,160619,6,10374,8,43200,1.000578369
150698,150955,163337,257,12382,8,43200,1.02075593604
150936,150961,150969,25,8,1,18000,3.3
151078,151085,161847,7,10762,1,18000,1.00065043672
151288,151294,161876,6,10582,1,18000,1.00056700057
151412,151418,162056,6,10638,1,18000,1.00056401579
151453,151459,158424,6,6965,5,9000,1.00086145011
151688,151694,157704,6,6010,5,10800,1.00099833611
151803,151809,158189,6,6380,2,14400,1.00094043887
151843,151849,162358,6,10509,1,18000,1.00057093919
151918,151924,162309,6,10385,1,18000,1.00057775638
152032,152038,159117,6,7079,2,14400,1.00084757734
152083,152089,158794,6,6705,2,14400,1.00089485459
152173,152179,158998,6,6819,2,14400,1.00087989441
152188,152194,159507,6,7313,2,14400,1.00082045672
152250,152257,157253,7,4996,1,36000,1.0014011209
152299,152306,159126,7,6820,2,14400,1.00102639296
152350,152356,158610,6,6254,2,14400,1.00095938599
152377,152383,159192,6,6809,2,14400,1.00088118666
152416,152423,159227,7,6804,2,14400,1.00102880658
152452,152458,159528,6,7070,2,14400,1.00084865629
152613,152619,159689,6,7070,2,14400,1.00084865629
152700,152706,159781,6,7075,2,14400,1.00084805654
152956,152962,159587,6,6625,2,14400,1.00090566038
153112,153119,159777,7,6658,2,14400,1.00105136678
153149,153155,160655,6,7500,2,14400,1.0008
153170,153176,159874,6,6698,2,14400,1.00089578979
153392,153398,160766,6,7368,2,14400,1.00081433225
153607,153618,160136,11,6518,2,14400,1.00168763424
153682,153688,413578,6,259890,6,604800,1.00002308669
155493,155499,162503,6,7004,2,14400,1.00085665334
155545,155555,162911,10,7356,2,14400,1.00135943448
155546,155561,162346,15,6785,2,14400,1.00221075903
155548,155566,162837,18,7271,2,14400,1.00247558795
155549,155571,162335,22,6764,2,14400,1.00325251331
155551,155578,162746,27,7168,2,14400,1.00376674107
155552,155584,162407,32,6823,2,14400,1.00469001905
155554,155589,163047,35,7458,2,14400,1.00469294717
155555,155594,162503,39,6909,2,14400,1.00564481112
155557,155600,161900,43,6300,2,14400,1.00682539683
155572,155605,162283,33,6678,2,14400,1.00494159928
155574,155611,162350,37,6739,2,14400,1.00549042885
155575,155622,155668,47,46,1,25200,2.02173913043
155575,155617,155618,42,1,1,25200,4.3
155575,155633,155634,58,1,1,25200,5.9
155575,155628,155630,53,2,1,25200,5.5
155576,155656,155657,80,1,1,25200,8.1
155576,155638,155639,62,1,1,25200,6.3
155576,155646,156025,70,379,1,25200,1.18469656992
155577,155687,155688,110,1,1,25200,11.1
155577,155697,155698,120,1,1,25200,12.1
155577,155674,155675,97,1,1,25200,9.8
155577,155669,155670,92,1,1,25200,9.3
155577,155692,155693,115,1,1,25200,11.6
155578,155704,155832,126,128,1,25200,1.984375
155578,155715,155716,137,1,1,25200,13.8
155578,155710,155934,132,224,1,25200,1.58928571429
155579,155747,155821,168,74,1,25200,3.27027027027
155579,155735,155756,156,21,1,25200,8.42857142857
155579,155728,155729,149,1,1,25200,15.0
155580,155879,155880,299,1,1,25200,30.0
155580,155832,155836,252,4,1,25200,25.6
155580,155850,155852,270,2,1,25200,27.2
155580,155773,155866,193,93,1,25200,3.0752688172
155580,155862,155874,282,12,1,25200,24.5
155581,155886,155887,305,1,1,25200,30.6
155581,155900,155943,319,43,1,25200,8.41860465116
155581,159239,159509,3658,270,1,25200,14.5481481481
155582,159804,160600,4222,796,1,25200,6.3040201005
155582,159522,162394,3940,2872,1,25200,2.37186629526
155582,159533,159543,3951,10,1,25200,396.1
155583,159560,159565,3977,5,1,25200,398.2
155583,159539,171268,3956,11729,1,25200,1.3372836559
155583,159544,159965,3961,421,1,25200,10.4085510689
155583,159555,160085,3972,530,1,25200,8.49433962264
155584,159577,159578,3993,1,1,25200,399.4
155584,159571,162886,3987,3315,1,25200,2.20271493213
155585,159582,159595,3997,13,1,25200,308.461538462
155585,159598,159600,4013,2,1,25200,401.5
155585,159593,159594,4008,1,1,25200,400.9
155585,159587,159590,4002,3,1,25200,400.5
155586,159604,159605,4018,1,1,25200,401.9
155586,159715,159716,4129,1,1,25200,413.0
155586,159710,168482,4124,8772,1,25200,1.47013223894
155586,159704,159706,4118,2,1,25200,412.0
155587,159731,159732,4144,1,1,25200,414.5
155587,159737,159765,4150,28,1,25200,149.214285714
155587,159742,159766,4155,24,1,25200,174.125
155587,159721,159731,4134,10,1,25200,414.4
155587,159726,159732,4139,6,1,25200,414.5
155588,159758,159759,4170,1,1,25200,417.1
155588,159753,159846,4165,93,1,25200,45.7849462366
155588,159748,159750,4160,2,1,25200,416.2
155589,159780,159809,4191,29,1,25200,145.517241379
155589,159769,160450,4180,681,1,25200,7.13803230543
155589,159774,159775,4185,1,1,25200,418.6
155590,159812,159813,4222,1,1,25200,422.3
155590,159785,159789,4195,4,1,25200,419.9
155590,159896,159933,4306,37,1,25200,117.378378378
155590,159995,159996,4405,1,1,25200,440.6
155591,159823,159824,4232,1,1,25200,423.3
155591,159829,159835,4238,6,1,25200,424.4
155591,159834,159836,4243,2,1,25200,424.5
155591,159839,159851,4248,12,1,25200,355.0
155592,159850,161635,4258,1785,1,25200,3.38543417367
155592,159861,159866,4269,5,1,25200,427.4
155592,159845,183721,4253,23876,1,25200,1.17812866477
155592,159866,159883,4274,17,1,25200,252.411764706
155592,159856,159858,4264,2,1,25200,426.6
155593,159888,159922,4295,34,1,25200,127.323529412
155593,159877,161756,4284,1879,1,25200,3.27993613624
155593,159872,159873,4279,1,1,25200,428.0
155594,159907,159909,4313,2,1,25200,431.5
155594,159913,159914,4319,1,1,25200,432.0
155594,159902,159915,4308,13,1,25200,332.384615385
155595,159934,160421,4339,487,1,25200,9.90965092402
155595,159924,159926,4329,2,1,25200,433.1
155595,159929,164682,4334,4753,1,25200,1.91184515043
155595,159918,159969,4323,51,1,25200,85.7647058824
155596,159945,159947,4349,2,1,25200,435.1
155597,159967,159994,4370,27,1,25200,162.851851852
155597,159972,159973,4375,1,1,25200,437.6
155597,160006,160007,4409,1,1,25200,441.0
155597,159961,159965,4364,4,1,25200,436.8
155598,160028,160030,4430,2,1,25200,443.2
155598,160022,160040,4424,18,1,25200,246.777777778
155598,160012,161400,4414,1388,1,25200,4.18011527378
155598,160017,160018,4419,1,1,25200,442.0
155599,160035,160037,4436,2,1,25200,443.8
155599,160051,160087,4452,36,1,25200,124.666666667
155599,160046,160047,4447,1,1,25200,444.8
155599,160057,160358,4458,301,1,25200,15.8106312292
155599,160041,160152,4442,111,1,25200,41.018018018
155600,160067,160084,4467,17,1,25200,263.764705882
155600,160080,160100,4480,20,1,25200,225.0
155600,160062,164250,4462,4188,1,25200,2.06542502388
155601,160104,160107,4503,3,1,25200,450.6
155601,160091,160093,4490,2,1,25200,449.2
155602,160120,160122,4518,2,1,25200,452.0
155602,160109,160110,4507,1,1,25200,450.8
155602,160115,162731,4513,2616,1,25200,2.7251529052
155602,160132,160409,4530,277,1,25200,17.3537906137
155602,160127,160128,4525,1,1,25200,452.6
155603,160143,161794,4540,1651,1,25200,3.74984857662
155603,160148,160150,4545,2,1,25200,454.7
155603,160161,160162,4558,1,1,25200,455.9
155604,160166,160971,4562,805,1,25200,6.66708074534
155604,160172,160222,4568,50,1,25200,92.36
155604,160177,160291,4573,114,1,25200,41.1140350877
155605,161678,161679,6073,1,1,25200,607.4
155605,160189,160210,4584,21,1,25200,219.285714286
155605,161042,161374,5437,332,1,25200,17.3765060241
155605,161027,161030,5422,3,1,25200,542.5
155606,160195,160198,4589,3,1,25200,459.2
155606,160208,160225,4602,17,1,25200,271.705882353
155606,160200,160243,4594,43,1,25200,107.837209302
155607,160222,160224,4615,2,1,25200,461.7
155607,160236,160243,4629,7,1,25200,463.6
155607,160241,160245,4634,4,1,25200,463.8
155607,160229,160251,4622,22,1,25200,211.090909091
155607,160260,162308,4653,2048,1,25200,3.27197265625
155608,160278,160280,4670,2,1,25200,467.2
155608,160293,160319,4685,26,1,25200,181.192307692
155608,160308,160342,4700,34,1,25200,139.235294118
155608,160272,164884,4664,4612,1,25200,2.01127493495
155609,160344,160345,4735,1,1,25200,473.6
155609,160354,162230,4745,1876,1,25200,3.52931769723
155609,160370,160424,4761,54,1,25200,89.1666666667
155609,160331,160333,4722,2,1,25200,472.4
155610,160421,160423,4811,2,1,25200,481.3
155610,160377,161486,4767,1109,1,25200,5.29846708747
155610,160433,160435,4823,2,1,25200,482.5
155610,160440,160459,4830,19,1,25200,255.210526316
155611,160460,161291,4849,831,1,25200,6.83513838748
155611,160445,160447,4834,2,1,25200,483.6
155611,160453,160454,4842,1,1,25200,484.3
155612,160480,161435,4868,955,1,25200,6.09738219895
155612,160472,160747,4860,275,1,25200,18.6727272727
155612,160485,160487,4873,2,1,25200,487.5
155613,160631,160633,5018,2,1,25200,502.0
155613,160511,161574,4898,1063,1,25200,5.60771401693
155613,160613,185815,5000,25202,1,25200,1.19839695262
155614,160637,160638,5023,1,1,25200,502.4
155615,160660,160661,5045,1,1,25200,504.6
155615,160654,160658,5039,4,1,25200,504.3
155615,160671,160672,5056,1,1,25200,505.7
155615,160665,160666,5050,1,1,25200,505.1
155616,160684,160722,5068,38,1,25200,134.368421053
155616,160701,160750,5085,49,1,25200,104.775510204
155616,160695,160825,5079,130,1,25200,40.0692307692
155616,160690,162322,5074,1632,1,25200,4.10906862745
155617,160717,160718,5100,1,1,25200,510.1
155617,160706,161372,5089,666,1,25200,8.64114114114
155617,160711,185952,5094,25241,1,25200,1.20181450814
155618,160735,161616,5117,881,1,25200,6.80817253121
155618,160722,160723,5104,1,1,25200,510.5
155618,160728,160736,5110,8,1,25200,511.8
155619,160740,164034,5121,3294,1,25200,2.55464480874
155619,160751,160763,5132,12,1,25200,428.666666667
155620,160770,160773,5150,3,1,25200,515.3
155620,160776,160778,5156,2,1,25200,515.8
155620,160799,160803,5179,4,1,25200,518.3
155620,160794,161015,5174,221,1,25200,24.4117647059
155621,160817,161384,5196,567,1,25200,10.164021164
155621,160805,160808,5184,3,1,25200,518.7
155622,160835,160936,5213,101,1,25200,52.6138613861
155622,160829,160830,5207,1,1,25200,520.8
155622,160824,160891,5202,67,1,25200,78.6417910448
155623,160847,161615,5224,768,1,25200,7.80208333333
155623,160856,166192,5233,5336,1,25200,1.98069715142
155623,160841,160844,5218,3,1,25200,522.1
155624,161290,161471,5666,181,1,25200,32.3038674033
155624,160904,161114,5280,210,1,25200,26.1428571429
155624,161127,161263,5503,136,1,25200,41.4632352941
155624,161275,161278,5651,3,1,25200,565.4
155625,161303,162027,5678,724,1,25200,8.84254143646
155625,161384,186599,5759,25215,1,25200,1.22839579615
155625,161391,161393,5766,2,1,25200,576.8
155626,161398,165452,5772,4054,1,25200,2.42377898372
155626,161404,162960,5778,1556,1,25200,4.71336760925
155626,161426,161439,5800,13,1,25200,447.153846154
155626,161412,161414,5786,2,1,25200,578.8
155627,161461,161501,5834,40,1,25200,146.85
155627,161447,161450,5820,3,1,25200,582.3
155628,161488,161491,5860,3,1,25200,586.3
155628,161481,161485,5853,4,1,25200,585.7
155628,161468,161469,5840,1,1,25200,584.1
155629,161496,161648,5867,152,1,25200,39.5986842105
155629,161509,161511,5880,2,1,25200,588.2
155630,161515,161516,5885,1,1,25200,588.6
155630,161532,163276,5902,1744,1,25200,4.38417431193
155630,161521,161667,5891,146,1,25200,41.3493150685
155630,161527,166090,5897,4563,1,25200,2.29235152312
155631,161634,162852,6003,1218,1,25200,5.92857142857
155631,161587,161640,5956,53,1,25200,113.377358491
155631,161626,161632,5995,6,1,25200,600.1
155632,161657,176823,6025,15166,1,25200,1.39727020968
155632,161651,161678,6019,27,1,25200,223.925925926
155632,161645,161646,6013,1,1,25200,601.4
155632,161664,161667,6032,3,1,25200,603.5
155633,161683,163699,6050,2016,1,25200,4.00099206349
155633,161669,161672,6036,3,1,25200,603.9
155634,161690,161706,6056,16,1,25200,379.5
155634,161820,162104,6186,284,1,25200,22.7816901408
155634,161695,161698,6061,3,1,25200,606.4
155635,161716,178864,6081,17148,1,25200,1.35461861442
155635,161724,167233,6089,5509,1,25200,2.10528226538
155635,161709,161714,6074,5,1,25200,607.9
155636,161731,161732,6095,1,1,25200,609.6
155636,161769,161771,6133,2,1,25200,613.5
155636,161743,162191,6107,448,1,25200,14.6316964286
155637,161850,161907,6213,57,1,25200,110.0
155637,161783,161911,6146,128,1,25200,49.015625
155637,161806,161808,6169,2,1,25200,617.1
155637,161858,161859,6221,1,1,25200,622.2
155638,161884,161970,6246,86,1,25200,73.6279069767
155638,161871,161872,6233,1,1,25200,623.4
155638,161891,162334,6253,443,1,25200,15.1151241535
155639,161920,161921,6281,1,1,25200,628.2
155639,161927,161929,6288,2,1,25200,629.0
155639,161914,161916,6275,2,1,25200,627.7
155639,161932,168321,6293,6389,1,25200,1.98497417436
155640,161938,161939,6298,1,1,25200,629.9
155640,155663,162149,23,6486,2,14400,1.00354609929
155640,162767,166037,7127,3270,1,25200,3.17951070336
155641,161956,163549,6315,1593,1,25200,4.96421845574
155641,161944,162293,6303,349,1,25200,19.0601719198
155641,161950,161951,6309,1,1,25200,631.0
155642,162356,162360,6714,4,1,25200,671.8
155642,161982,162411,6340,429,1,25200,15.7785547786
155642,162351,162352,6709,1,1,25200,671.0
155642,161962,162077,6320,115,1,25200,55.9565217391
155643,162372,162494,6729,122,1,25200,56.1557377049
155643,162367,162373,6724,6,1,25200,673.0
155643,162361,162803,6718,442,1,25200,16.1990950226
155644,162394,162402,6750,8,1,25200,675.8
155644,162378,162380,6734,2,1,25200,673.6
155644,162383,162389,6739,6,1,25200,674.5
155644,162389,162962,6745,573,1,25200,12.7713787086
155645,162415,163434,6770,1019,1,25200,7.64376840039
155645,162434,162436,6789,2,1,25200,679.1
155645,162399,162881,6754,482,1,25200,15.0124481328
155646,162457,162459,6811,2,1,25200,681.3
155646,162452,162453,6806,1,1,25200,680.7
155646,162463,162741,6817,278,1,25200,25.5215827338
155647,162479,162480,6832,1,1,25200,683.3
155647,162474,162476,6827,2,1,25200,682.9
155647,162468,162469,6821,1,1,25200,682.2
155648,162490,162491,6842,1,1,25200,684.3
155648,162495,162497,6847,2,1,25200,684.9
155648,162501,162502,6853,1,1,25200,685.4
155648,162484,164536,6836,2052,1,25200,4.33138401559
155649,162506,162509,6857,3,1,25200,686.0
155649,162525,162855,6876,330,1,25200,21.8363636364
155649,162512,162834,6863,322,1,25200,22.3136645963
155650,162531,162536,6881,5,1,25200,688.6
155650,162541,162543,6891,2,1,25200,689.3
155650,162536,162579,6886,43,1,25200,161.139534884
155651,162558,162570,6907,12,1,25200,576.583333333
155651,162563,162588,6912,25,1,25200,277.48
155651,162552,162767,6901,215,1,25200,33.0976744186
155652,162574,163768,6922,1194,1,25200,6.797319933
155652,162569,162573,6917,4,1,25200,692.1
155652,162579,163765,6927,1186,1,25200,6.84064080944
155653,162590,162958,6937,368,1,25200,19.8505434783
155653,162585,162586,6932,1,1,25200,693.3
155653,162596,162609,6943,13,1,25200,535.076923077
155654,162652,163340,6998,688,1,25200,11.1715116279
155654,162632,163340,6978,708,1,25200,10.8559322034
155654,162625,162626,6971,1,1,25200,697.2
155654,162639,162640,6985,1,1,25200,698.6
155655,162779,162782,7124,3,1,25200,712.7
155655,162743,162950,7088,207,1,25200,35.2415458937
155655,162753,162755,7098,2,1,25200,710.0
155656,162819,162821,7163,2,1,25200,716.5
155656,162813,162830,7157,17,1,25200,422.0
155657,162842,162848,7185,6,1,25200,719.1
155657,162854,162891,7197,37,1,25200,195.513513514
155657,162860,162866,7203,6,1,25200,720.9
155658,162867,163108,7209,241,1,25200,30.9128630705
155658,162872,162918,7214,46,1,25200,157.826086957
155658,155681,162412,23,6731,2,14400,1.0034170257
155659,162885,163009,7226,124,1,25200,59.2741935484
155659,162878,188119,7219,25241,1,25200,1.28600293174
155659,162906,163411,7247,505,1,25200,15.3504950495
155659,162899,162902,7240,3,1,25200,724.3
155660,162970,162984,7310,14,1,25200,523.142857143
155660,162911,162913,7251,2,1,25200,725.3
155660,162963,162977,7303,14,1,25200,522.642857143
155661,162918,162997,7257,79,1,25200,92.8607594937
155661,162930,188157,7269,25227,1,25200,1.28814365561
155661,162937,162939,7276,2,1,25200,727.8
155661,162951,163264,7290,313,1,25200,24.2907348243
155662,162977,162979,7315,2,1,25200,731.7
155662,162989,188228,7327,25239,1,25200,1.29030468719
155662,162982,164127,7320,1145,1,25200,7.39301310044
155663,162995,167464,7332,4469,1,25200,2.64063548892
155663,163001,163037,7338,36,1,25200,204.833333333
155663,163009,168408,7346,5399,1,25200,2.36062233747
155664,163050,163060,7386,10,1,25200,739.6
155664,163022,163286,7358,264,1,25200,28.8712121212
155665,163357,163363,7692,6,1,25200,769.8
155665,163120,163131,7455,11,1,25200,678.727272727
155665,163084,164005,7419,921,1,25200,9.05537459283
155665,163352,163386,7687,34,1,25200,227.088235294
155666,163778,163828,8112,50,1,25200,163.24
155666,163388,163423,7722,35,1,25200,221.628571429
155666,163375,163376,7709,1,1,25200,771.0
155667,163398,163416,7731,18,1,25200,430.5
155667,163784,163785,8117,1,1,25200,811.8
155667,163428,166322,7761,2894,1,25200,3.68175535591
155668,163789,185848,8121,22059,1,25200,1.36814905481
155668,163795,163994,8127,199,1,25200,41.8391959799
155668,163446,163882,7778,436,1,25200,18.8394495413
155668,163435,165148,7767,1713,1,25200,5.53415061296
155669,163806,165438,8137,1632,1,25200,5.98590686275
155669,163800,177540,8131,13740,1,25200,1.59177583697
155669,163811,163815,8142,4,1,25200,814.6
155670,163822,164353,8152,531,1,25200,16.352165725
155670,163817,163819,8147,2,1,25200,814.9
155671,163833,163834,8162,1,1,25200,816.3
155671,165255,165256,9584,1,1,25200,958.5
155672,163855,165275,8183,1420,1,25200,6.76267605634
155672,163844,163845,8172,1,1,25200,817.3
155672,163850,164766,8178,916,1,25200,9.92794759825
155673,163861,163863,8188,2,1,25200,819.0
155673,164046,164049,8373,3,1,25200,837.6
155673,164061,164131,8388,70,1,25200,120.828571429
155674,164139,164142,8465,3,1,25200,846.8
155674,164146,164159,8472,13,1,25200,652.692307692
155674,164154,164395,8480,241,1,25200,36.1867219917
155674,164172,164173,8498,1,1,25200,849.9
155675,164262,173379,8587,9117,1,25200,1.94186684216
155675,164203,164547,8528,344,1,25200,25.7906976744
155675,164186,164191,8511,5,1,25200,851.6
155676,164408,164411,8732,3,1,25200,873.5
155676,164366,170700,8690,6334,1,25200,2.37196084623
155676,165226,172208,9550,6982,1,25200,2.3678029218
155677,165263,166066,9586,803,1,25200,12.9377334994
155677,165287,165298,9610,11,1,25200,874.636363636
155677,165270,165638,9593,368,1,25200,27.0679347826
155678,165242,165746,9564,504,1,25200,19.9761904762
155678,165294,165298,9616,4,1,25200,962.0
155678,165237,165276,9559,39,1,25200,246.102564103
155678,165231,165234,9553,3,1,25200,955.6
155679,165309,165310,9630,1,1,25200,963.1
155679,165315,165791,9636,476,1,25200,21.243697479
155679,165327,165569,9648,242,1,25200,40.867768595
155680,164423,165410,8743,987,1,25200,9.85815602837
155680,164559,164641,8879,82,1,25200,109.280487805
155680,164549,164551,8869,2,1,25200,887.1
155680,165332,165334,9652,2,1,25200,965.4
155681,164601,189821,8920,25220,1,25200,1.35368754956
155681,164653,167732,8972,3079,1,25200,3.91393309516
155681,164566,164588,8885,22,1,25200,404.863636364
155682,164793,164794,9111,1,1,25200,911.2
155682,164778,164781,9096,3,1,25200,909.9
155682,164807,164808,9125,1,1,25200,912.6
155683,164820,165148,9137,328,1,25200,28.8567073171
155683,164925,164943,9242,18,1,25200,514.444444444
155683,164897,164913,9214,16,1,25200,576.875
155684,164955,164957,9271,2,1,25200,927.3
155684,165160,165219,9476,59,1,25200,161.610169492
155684,164970,167112,9286,2142,1,25200,5.33520074697
155684,165166,165380,9482,214,1,25200,45.308411215
155685,165177,165180,9492,3,1,25200,949.5
155685,165182,165185,9497,3,1,25200,950.0
155685,165171,184944,9486,19773,1,25200,1.47974510696
155686,165204,165308,9518,104,1,25200,92.5192307692
155686,165199,165236,9513,37,1,25200,258.108108108
155686,165193,165795,9507,602,1,25200,16.792358804
155686,165188,165191,9502,3,1,25200,950.5
155687,165209,165235,9522,26,1,25200,367.230769231
155687,165220,165223,9533,3,1,25200,953.6
155687,165215,165216,9528,1,1,25200,952.9
155688,165423,165441,9735,18,1,25200,541.833333333
155688,165347,165716,9659,369,1,25200,27.1761517615
155688,165392,165810,9704,418,1,25200,24.2153110048
155689,165581,165584,9892,3,1,25200,989.5
155689,165450,165591,9761,141,1,25200,70.2269503546
155689,165457,166209,9768,752,1,25200,13.9893617021
155689,165466,165705,9777,239,1,25200,41.9079497908
155690,165603,165609,9913,6,1,25200,991.9
155690,165596,166641,9906,1045,1,25200,10.4794258373
155690,165622,166575,9932,953,1,25200,11.4218258132
155691,165728,165757,10037,29,1,25200,347.103448276
155691,165759,167982,10068,2223,1,25200,5.5290148448
155691,165651,165968,9960,317,1,25200,32.4195583596
155691,165717,165850,10026,133,1,25200,76.3834586466
155692,165769,166177,10077,408,1,25200,25.6985294118
155692,165803,165805,10111,2,1,25200,1011.3
155693,165825,165827,10132,2,1,25200,1013.4
155693,165810,169806,10117,3996,1,25200,3.53178178178
155693,165862,165864,10169,2,1,25200,1017.1
155693,165818,165872,10125,54,1,25200,188.5
155694,165852,167069,10158,1217,1,25200,9.34675431389
155694,165839,165840,10145,1,1,25200,1014.6
155695,165884,165906,10189,22,1,25200,464.136363636
155695,165918,165921,10223,3,1,25200,1022.6
155695,165905,166206,10210,301,1,25200,34.9202657807
155696,166234,166237,10538,3,1,25200,1054.1
155696,166239,191452,10543,25213,1,25200,1.41815729981
155697,166719,166721,11022,2,1,25200,1102.4
155697,166245,166246,10548,1,1,25200,1054.9
155697,166223,166336,10526,113,1,25200,94.1504424779
155697,166228,166231,10531,3,1,25200,1053.4
155698,166250,166355,10552,105,1,25200,101.495238095
155698,166255,166260,10557,5,1,25200,1056.2
155698,166261,166264,10563,3,1,25200,1056.6
155699,166266,166297,10567,31,1,25200,341.870967742
155699,166277,166281,10578,4,1,25200,1058.2
155699,166272,183529,10573,17257,1,25200,1.6126789129
155700,166282,184813,10582,18531,1,25200,1.57104311694
155700,166288,166294,10588,6,1,25200,1059.4
155700,166293,166307,10593,14,1,25200,757.642857143
155700,166299,166301,10599,2,1,25200,1060.1
155701,166304,166307,10603,3,1,25200,1060.6
155701,166382,166462,10681,80,1,25200,134.5125
155701,166367,166370,10666,3,1,25200,1066.9
155702,166654,166791,10952,137,1,25200,80.9416058394
155702,166694,166700,10992,6,1,25200,1099.8
155702,166474,166696,10772,222,1,25200,49.5225225225
155702,166587,166681,10885,94,1,25200,116.79787234
155703,166707,166980,11004,273,1,25200,41.3076923077
155703,166725,167226,11022,501,1,25200,23.0
155704,166741,166949,11037,208,1,25200,54.0625
155704,166801,166803,11097,2,1,25200,1109.9
155704,166735,166744,11031,9,1,25200,1104.0
155705,166746,166749,11041,3,1,25200,1104.4
155705,166757,166761,11052,4,1,25200,1105.6
155706,166768,166920,11062,152,1,25200,73.7763157895
155706,166919,166982,11213,63,1,25200,178.984126984
155706,166763,166765,11057,2,1,25200,1105.9
155707,166790,166792,11083,2,1,25200,1108.5
155707,166773,166785,11066,12,1,25200,923.166666667
155707,166779,166780,11072,1,1,25200,1107.3
155707,166784,166785,11077,1,1,25200,1107.8
155708,166821,166961,11113,140,1,25200,80.3785714286
155708,166795,166961,11087,166,1,25200,67.7891566265
155708,166924,166929,11216,5,1,25200,1122.1
155709,166908,166910,11199,2,1,25200,1120.1
155709,167132,167277,11423,145,1,25200,79.7793103448
155709,166929,166930,11220,1,1,25200,1122.1
155709,166913,167077,11204,164,1,25200,69.3170731707
155710,166935,166939,11225,4,1,25200,1122.9
155710,166940,167055,11230,115,1,25200,98.652173913
155711,166951,166957,11240,6,1,25200,1124.6
155711,166957,191534,11246,24577,1,25200,1.45758229239
155711,166962,166965,11251,3,1,25200,1125.4
155711,166946,167459,11235,513,1,25200,22.9005847953
155712,166978,166981,11266,3,1,25200,1126.9
155712,166973,166975,11261,2,1,25200,1126.3
155712,166967,166977,11255,10,1,25200,1126.5
155713,167068,168049,11355,981,1,25200,12.5749235474
155713,167003,167007,11290,4,1,25200,1129.4
155713,167019,167270,11306,251,1,25200,46.0438247012
155713,167082,167083,11369,1,1,25200,1137.0
155714,167115,167117,11401,2,1,25200,1140.3
155714,167089,167342,11375,253,1,25200,45.9604743083
155714,167096,167097,11382,1,1,25200,1138.3
155715,167238,167241,11523,3,1,25200,1152.6
155715,167245,167246,11530,1,1,25200,1153.1
155715,167253,167254,11538,1,1,25200,1153.9
155715,167125,192371,11410,25246,1,25200,1.4519527846
155716,167260,167261,11544,1,1,25200,1154.5
155716,167274,167275,11558,1,1,25200,1155.9
155717,167440,167496,11723,56,1,25200,210.339285714
155717,167281,167282,11564,1,1,25200,1156.5
155717,167509,177343,11792,9834,1,25200,2.19910514541
155718,167413,167428,11695,15,1,25200,780.666666667
155718,167397,167401,11679,4,1,25200,1168.3
155718,167354,167384,11636,30,1,25200,388.866666667
155719,167662,168699,11943,1037,1,25200,12.5168756027
155719,167679,176666,11960,8987,1,25200,2.33081117169
155719,167684,168131,11965,447,1,25200,27.7673378076
155719,167668,168194,11949,526,1,25200,23.716730038
155720,167673,189465,11953,21792,1,25200,1.54850403818
155720,167690,167856,11970,166,1,25200,73.1084337349
155720,167706,168255,11986,549,1,25200,22.8324225865
155721,167701,175356,11980,7655,1,25200,2.56499020248
155721,167711,167715,11990,4,1,25200,1199.4
155721,167695,167718,11974,23,1,25200,521.608695652
155722,167722,167723,12000,1,1,25200,1200.1
155722,167717,167758,11995,41,1,25200,293.56097561
155722,167735,192943,12013,25208,1,25200,1.47655506189
155722,167729,167755,12007,26,1,25200,462.807692308
155723,167740,170010,12017,2270,1,25200,6.29383259912
155723,167771,167807,12048,36,1,25200,335.666666667
155724,167868,168143,12144,275,1,25200,45.16
155724,167820,168907,12096,1087,1,25200,12.127874885
155724,167994,167999,12270,5,1,25200,1227.5
155725,168024,168056,12299,32,1,25200,385.34375
155725,168061,168126,12336,65,1,25200,190.784615385
155726,168138,168277,12412,139,1,25200,90.2949640288
155726,168068,168072,12342,4,1,25200,1234.6
155726,168084,177146,12358,9062,1,25200,2.36371661885
155727,168318,169069,12591,751,1,25200,17.7656458056
155727,168289,169225,12562,936,1,25200,14.4209401709
155727,168324,168630,12597,306,1,25200,42.1666666667
155727,168313,168314,12586,1,1,25200,1258.7
155728,168330,168335,12602,5,1,25200,1260.7
155728,155742,162670,14,6928,2,14400,1.00202078522
155728,168336,168337,12608,1,1,25200,1260.9
155729,168359,168360,12630,1,1,25200,1263.1
155729,168348,168997,12619,649,1,25200,20.4437596302
155729,168353,171667,12624,3314,1,25200,4.80929390465
155730,168377,168860,12647,483,1,25200,27.1842650104
155730,168365,168366,12635,1,1,25200,1263.6
155730,168371,168373,12641,2,1,25200,1264.3
155731,168388,168391,12657,3,1,25200,1266.0
155731,168383,168388,12652,5,1,25200,1265.7
155731,168425,171518,12694,3093,1,25200,5.10410604591
155732,168394,168395,12662,1,1,25200,1266.3
155732,168430,168532,12698,102,1,25200,125.490196078
155732,168400,168567,12668,167,1,25200,76.8562874251
155732,168419,168422,12687,3,1,25200,1269.0
155733,168620,168621,12887,1,1,25200,1288.8
155733,168435,168478,12702,43,1,25200,296.395348837
155733,168626,168631,12893,5,1,25200,1289.8
155734,168446,169072,12712,626,1,25200,21.3067092652
155734,168452,168701,12718,249,1,25200,52.0763052209
155734,168441,168442,12707,1,1,25200,1270.8
155734,168457,168605,12723,148,1,25200,86.9662162162
155735,168473,168483,12738,10,1,25200,1274.8
155735,168468,168469,12733,1,1,25200,1273.4
155736,168479,168483,12743,4,1,25200,1274.7
155736,168490,168503,12754,13,1,25200,982.076923077
155736,168484,175236,12748,6752,1,25200,2.88803317536
155737,168496,168498,12759,2,1,25200,1276.1
155737,168501,168502,12764,1,1,25200,1276.5
155737,168506,168507,12769,1,1,25200,1277.0
155738,168512,168739,12774,227,1,25200,57.2731277533
155738,168518,174581,12780,6063,1,25200,3.10786739238
155738,168526,168542,12788,16,1,25200,800.25
155738,168531,168573,12793,42,1,25200,305.595238095
155739,168542,168543,12803,1,1,25200,1280.4
155739,168547,168548,12808,1,1,25200,1280.9
155739,168537,168580,12798,43,1,25200,298.627906977
155740,168553,168554,12813,1,1,25200,1281.4
155740,168564,168670,12824,106,1,25200,121.981132075
155740,168569,168686,12829,117,1,25200,110.64957265
155740,168558,169434,12818,876,1,25200,15.6324200913
155741,168575,168689,12834,114,1,25200,113.578947368
155741,168580,168581,12839,1,1,25200,1284.0
155741,168586,179140,12845,10554,1,25200,2.21707409513
155742,168591,168594,12849,3,1,25200,1285.2
155742,168604,168607,12862,3,1,25200,1286.5
155743,168615,168908,12872,293,1,25200,44.9317406143
155743,168610,168613,12867,3,1,25200,1287.0
155743,168631,168634,12888,3,1,25200,1289.1
155744,168671,193912,12927,25241,1,25200,1.51214294204
155744,168677,168678,12933,1,1,25200,1293.4
155744,168637,171619,12893,2982,1,25200,5.32360831657
155745,168717,168718,12972,1,1,25200,1297.3
155745,168711,168943,12966,232,1,25200,56.8879310345
155745,168642,168643,12897,1,1,25200,1289.8
155746,168660,168661,12914,1,1,25200,1291.5
155746,168655,168742,12909,87,1,25200,149.379310345
155746,168649,168677,12903,28,1,25200,461.821428571
155747,168728,169100,12981,372,1,25200,35.8951612903
155747,168666,168671,12919,5,1,25200,1292.4
155747,168722,170419,12975,1697,1,25200,8.6458456099
155748,168916,194135,13168,25219,1,25200,1.52214600103
155748,168688,168800,12940,112,1,25200,116.535714286
155748,168682,168683,12934,1,1,25200,1293.5
155749,168701,168795,12952,94,1,25200,138.787234043
155749,168706,168786,12957,80,1,25200,162.9625
155749,168733,168755,12984,22,1,25200,591.181818182
155749,168693,168694,12944,1,1,25200,1294.5
155750,168739,168740,12989,1,1,25200,1299.0
155753,168746,170792,12993,2046,1,25200,7.3504398827
155753,168752,169390,12999,638,1,25200,21.3746081505
155754,168768,168798,13014,30,1,25200,434.8
155754,168757,168761,13003,4,1,25200,1300.7
155754,168763,194001,13009,25238,1,25200,1.5154528885
155755,168810,168815,13055,5,1,25200,1306.0
155755,168844,168845,13089,1,1,25200,1309.0
155756,168863,169183,13107,320,1,25200,41.959375
155756,168868,168869,13112,1,1,25200,1311.3
155756,168875,168876,13119,1,1,25200,1312.0
155756,168882,168883,13126,1,1,25200,1312.7
155757,168896,168938,13139,42,1,25200,313.833333333
155757,168889,168890,13132,1,1,25200,1313.3
155758,168950,168954,13192,4,1,25200,1319.6
155758,168940,168941,13182,1,1,25200,1318.3
155758,168923,168928,13165,5,1,25200,1317.0
155759,169527,170500,13768,973,1,25200,15.1500513875
155759,169008,169011,13249,3,1,25200,1325.2
155759,168965,168995,13206,30,1,25200,441.2
155759,155768,162213,9,6445,2,14400,1.00139643134
155759,169064,169225,13305,161,1,25200,83.6397515528
155760,169015,169680,13255,665,1,25200,20.9323308271
155760,169043,169052,13283,9,1,25200,1329.2
155761,169371,169500,13610,129,1,25200,106.503875969
155761,169437,169439,13676,2,1,25200,1367.8
155761,169402,169725,13641,323,1,25200,43.2321981424
155762,169456,169618,13694,162,1,25200,85.5308641975
155762,169443,169444,13681,1,1,25200,1368.2
155762,169461,169699,13699,238,1,25200,58.5588235294
155763,169479,169480,13716,1,1,25200,1371.7
155763,169491,169495,13728,4,1,25200,1373.2
155763,169484,169804,13721,320,1,25200,43.878125
155764,169507,169508,13743,1,1,25200,1374.4
155764,169515,172257,13751,2742,1,25200,6.01495258935
155764,169520,169750,13756,230,1,25200,60.8086956522
155765,169607,169702,13842,95,1,25200,146.705263158
155765,169563,169837,13798,274,1,25200,51.3576642336
155765,169601,169853,13836,252,1,25200,55.9047619048
155766,169084,169126,13318,42,1,25200,318.095238095
155766,169089,169099,13323,10,1,25200,1333.3
155766,169633,169637,13867,4,1,25200,1387.1
155767,169095,169117,13328,22,1,25200,606.818181818
155767,169100,169103,13333,3,1,25200,1333.6
155767,169106,169118,13339,12,1,25200,1112.58333333
155767,169111,169269,13344,158,1,25200,85.4556962025
155768,169116,169119,13348,3,1,25200,1335.1
155768,169127,169227,13359,100,1,25200,134.59
155768,169122,194345,13354,25223,1,25200,1.52943741823
155769,169138,169139,13369,1,1,25200,1337.0
155769,169133,169167,13364,34,1,25200,394.058823529
155769,169143,173091,13374,3948,1,25200,4.38753799392
155770,169149,169150,13379,1,1,25200,1338.0
155770,169154,169429,13384,275,1,25200,49.6690909091
155770,169160,169319,13390,159,1,25200,85.213836478
155771,169199,169438,13428,239,1,25200,57.1841004184
155771,169213,169551,13442,338,1,25200,40.7692307692
155771,169165,169918,13394,753,1,25200,18.7875166003
155771,169205,169208,13434,3,1,25200,1343.7
155772,169229,169230,13457,1,1,25200,1345.8
155772,169218,175678,13446,6460,1,25200,3.08142414861
155772,169223,169224,13451,1,1,25200,1345.2
155773,169248,169249,13475,1,1,25200,1347.6
155773,169254,194500,13481,25246,1,25200,1.53398558187
155773,169236,171052,13463,1816,1,25200,8.41354625551
155774,169259,169260,13485,1,1,25200,1348.6
155774,169275,169285,13501,10,1,25200,1351.1
155774,169270,169295,13496,25,1,25200,540.84
155774,169264,169265,13490,1,1,25200,1349.1
155775,169294,170106,13519,812,1,25200,17.6490147783
155775,169288,169473,13513,185,1,25200,74.0432432432
155775,169306,169311,13531,5,1,25200,1353.6
155776,169347,172178,13571,2831,1,25200,5.79371246909
155776,169323,169437,13547,114,1,25200,119.833333333
155776,169313,169358,13537,45,1,25200,301.822222222
155776,169331,169335,13555,4,1,25200,1355.9
155777,169644,169743,13867,99,1,25200,141.070707071
155777,169638,169737,13861,99,1,25200,141.01010101
155777,169650,169883,13873,233,1,25200,60.5407725322
155777,155787,162504,10,6717,2,14400,1.00148875986
155778,169711,169803,13933,92,1,25200,152.445652174
155778,169692,170216,13914,524,1,25200,27.5534351145
155778,169718,169721,13940,3,1,25200,1394.3
155779,169814,170652,14035,838,1,25200,17.7482100239
155779,169822,169827,14043,5,1,25200,1404.8
155779,169732,170273,13953,541,1,25200,26.7911275416
155779,169740,169743,13961,3,1,25200,1396.4
155780,170228,170234,14448,6,1,25200,1445.4
155780,169827,170049,14047,222,1,25200,64.2747747748
155780,170246,171058,14466,812,1,25200,18.815270936
155781,170671,170675,14890,4,1,25200,1489.4
155781,170666,171750,14885,1084,1,25200,14.7315498155
155781,170677,170700,14896,23,1,25200,648.652173913
155781,170682,170691,14901,9,1,25200,1491.0
155782,170693,170697,14911,4,1,25200,1491.5
155782,170688,170691,14906,3,1,25200,1490.9
155783,170699,170757,14916,58,1,25200,258.172413793
155783,170704,170868,14921,164,1,25200,91.9817073171
155783,170715,176108,14932,5393,1,25200,3.7687743371
155783,170709,170750,14926,41,1,25200,365.048780488
155784,170731,170739,14947,8,1,25200,1495.5
155784,170726,170727,14942,1,1,25200,1494.3
155784,170720,170726,14936,6,1,25200,1494.2
155785,170819,170852,15034,33,1,25200,456.575757576
155785,170825,172369,15040,1544,1,25200,10.7409326425
155785,170751,170806,14966,55,1,25200,273.109090909
155786,170836,170870,15050,34,1,25200,443.647058824
155786,170830,170833,15044,3,1,25200,1504.7
155786,170841,171573,15055,732,1,25200,21.5669398907
155787,170863,170864,15076,1,1,25200,1507.7
155787,170857,171250,15070,393,1,25200,39.3460559796
155787,170852,170856,15065,4,1,25200,1506.9
155788,170868,170869,15080,1,1,25200,1508.1
155788,170874,171557,15086,683,1,25200,23.0878477306
155789,170895,176809,15106,5914,1,25200,3.55427798444
155789,170884,170888,15095,4,1,25200,1509.9
155789,170890,170907,15101,17,1,25200,889.294117647
155790,171710,171713,15920,3,1,25200,1592.3
155790,171716,196962,15926,25246,1,25200,1.63083260715
155790,170900,170903,15110,3,1,25200,1511.3
155791,171065,171068,15274,3,1,25200,1527.7
155791,171072,171075,15281,3,1,25200,1528.4
155791,170915,170979,15124,64,1,25200,237.3125
155792,171095,171756,15303,661,1,25200,24.1512859304
155792,171088,171206,15296,118,1,25200,130.627118644
155792,171081,171082,15289,1,1,25200,1529.0
155793,171218,171222,15425,4,1,25200,1542.9
155793,171234,171254,15441,20,1,25200,773.05
155793,171530,171537,15737,7,1,25200,1574.4
155793,171536,171541,15743,5,1,25200,1574.8
155794,171552,171571,15758,19,1,25200,830.368421053
155794,171547,171686,15753,139,1,25200,114.330935252
155794,171541,171549,15747,8,1,25200,1575.5
155795,171558,172108,15763,550,1,25200,29.66
155795,171574,171578,15779,4,1,25200,1578.3
155795,171569,171572,15774,3,1,25200,1577.7
155795,171563,171569,15768,6,1,25200,1577.4
155796,171585,173006,15789,1421,1,25200,12.1111893033
155796,171591,171595,15795,4,1,25200,1579.9
155797,171607,171617,15810,10,1,25200,1582.0
155797,171601,171602,15804,1,1,25200,1580.5
155797,171596,171687,15799,91,1,25200,174.615384615
155798,171612,171616,15814,4,1,25200,1581.8
155798,171632,174203,15834,2571,1,25200,7.15869311552
155798,171721,171724,15923,3,1,25200,1592.6
155798,171699,171803,15901,104,1,25200,153.894230769
155799,171732,171735,15933,3,1,25200,1593.6
155799,171727,171748,15928,21,1,25200,759.476190476
155799,171737,171744,15938,7,1,25200,1594.5
155800,171743,192943,15943,21200,1,25200,1.75202830189
155800,171754,171835,15954,81,1,25200,197.962962963
155800,171759,171780,15959,21,1,25200,760.952380952
155800,171748,171749,15948,1,1,25200,1594.9
155801,171772,172643,15971,871,1,25200,19.3363949483
155801,171766,171767,15965,1,1,25200,1596.6
155801,171777,173134,15976,1357,1,25200,12.7730287399
155802,171854,171861,16052,7,1,25200,1605.9
155802,171791,171842,15989,51,1,25200,314.509803922
155803,172226,172404,16423,178,1,25200,93.2640449438
155803,171887,172349,16084,462,1,25200,35.8138528139
155803,172220,172225,16417,5,1,25200,1642.2
155803,171874,171875,16071,1,1,25200,1607.2
155804,172239,172476,16435,237,1,25200,70.3459915612
155804,172231,172796,16427,565,1,25200,30.0743362832
155804,172306,172345,16502,39,1,25200,424.128205128
155805,155814,162048,9,6234,2,14400,1.00144369586
155805,172244,172538,16439,294,1,25200,56.9149659864
155805,172250,172255,16445,5,1,25200,1645.0
155805,172255,172260,16450,5,1,25200,1645.5
155806,172261,172262,16455,1,1,25200,1645.6
155806,172266,197512,16460,25246,1,25200,1.65198447279
155806,172277,197509,16471,25232,1,25200,1.65278218136
155806,172272,172276,16466,4,1,25200,1647.0
155807,155820,163084,13,7264,2,14400,1.00178964758
155807,172288,172909,16481,621,1,25200,27.539452496
155807,172293,172310,16486,17,1,25200,970.764705882
155807,172282,172287,16475,5,1,25200,1648.0
155808,172415,172419,16607,4,1,25200,1661.1
155808,172300,175397,16492,3097,1,25200,6.32515337423
155808,172365,172378,16557,13,1,25200,1274.61538462
155809,172432,172438,16623,6,1,25200,1662.9
155809,172463,172464,16654,1,1,25200,1665.5
155809,172450,172451,16641,1,1,25200,1664.2
155810,173157,173178,17347,21,1,25200,827.047619048
155810,173510,174272,17700,762,1,25200,24.2283464567
155810,172488,172751,16678,263,1,25200,64.4144486692
155811,173173,173291,17362,118,1,25200,148.13559322
155811,173168,173169,17357,1,1,25200,1735.8
155812,173190,173192,17378,2,1,25200,1738.0
155812,173184,173185,17372,1,1,25200,1737.3
155812,173179,173180,17367,1,1,25200,1736.8
155813,173211,173241,17398,30,1,25200,580.933333333
155813,173200,173277,17387,77,1,25200,226.805194805
155813,173206,173207,17393,1,1,25200,1739.4
155813,173195,173202,17382,7,1,25200,1738.9
155814,173230,173233,17416,3,1,25200,1741.9
155814,173217,173282,17403,65,1,25200,268.738461538
155814,173222,173225,17408,3,1,25200,1741.1
155815,173295,173297,17480,2,1,25200,1748.2
155815,173301,173311,17486,10,1,25200,1749.6
155815,173537,173538,17722,1,1,25200,1772.3
155816,173311,198528,17495,25217,1,25200,1.6937780069
155816,173317,173338,17501,21,1,25200,834.380952381
155816,173322,173347,17506,25,1,25200,701.24
155816,173306,179866,17490,6560,1,25200,3.66615853659
155817,173338,173339,17521,1,1,25200,1752.2
155817,173328,173389,17511,61,1,25200,288.06557377
155817,173333,173334,17516,1,1,25200,1751.7
155818,173349,196082,17531,22733,1,25200,1.77116966524
155818,173355,173359,17537,4,1,25200,1754.1
155819,173376,173410,17557,34,1,25200,517.382352941
155819,173371,173374,17552,3,1,25200,1755.5
155819,173365,173369,17546,4,1,25200,1755.0
155819,173360,173361,17541,1,1,25200,1754.2
155820,173505,173508,17685,3,1,25200,1768.8
155820,173494,173495,17674,1,1,25200,1767.5
155820,173499,173521,17679,22,1,25200,804.590909091
155821,173516,177551,17695,4035,1,25200,5.385377943
155821,174799,174801,18978,2,1,25200,1898.0
155821,173543,173711,17722,168,1,25200,106.488095238
155821,173521,173525,17700,4,1,25200,1770.4
155822,173526,174484,17704,958,1,25200,19.4801670146
155822,173532,174115,17710,583,1,25200,31.3773584906
155822,173548,174175,17726,627,1,25200,29.2711323764
155823,173564,176276,17741,2712,1,25200,7.54166666667
155823,173559,173564,17736,5,1,25200,1774.1
155823,173570,173572,17747,2,1,25200,1774.9
155823,173553,198755,17730,25202,1,25200,1.703515594
155824,173604,173633,17780,29,1,25200,614.103448276
155824,173598,177725,17774,4127,1,25200,5.30676035861
155824,173575,173583,17751,8,1,25200,1775.9
155825,173615,173664,17790,49,1,25200,364.06122449
155825,173633,174169,17808,536,1,25200,34.223880597
155825,173609,182347,17784,8738,1,25200,3.03524834058
155825,173621,173622,17796,1,1,25200,1779.7
155826,173870,174052,18044,182,1,25200,100.142857143
155826,173906,174786,18080,880,1,25200,21.5454545455
155826,173911,173915,18085,4,1,25200,1808.9
155827,173917,173918,18090,1,1,25200,1809.1
155827,174005,199251,18178,25246,1,25200,1.72003485701
155827,173922,173959,18095,37,1,25200,490.054054054
155828,174063,174067,18235,4,1,25200,1823.9
155828,174010,174696,18182,686,1,25200,27.5043731778
155829,174092,174686,18263,594,1,25200,31.7457912458
155829,174130,175039,18301,909,1,25200,21.1331133113
155829,174187,174190,18358,3,1,25200,1836.1
155829,174181,174187,18352,6,1,25200,1835.8
155830,174199,180001,18369,5802,1,25200,4.16597724922
155830,174215,174222,18385,7,1,25200,1839.2
155830,174206,174209,18376,3,1,25200,1837.9
155831,174233,174861,18402,628,1,25200,30.3025477707
155831,174699,174702,18868,3,1,25200,1887.1
155831,174222,176149,18391,1927,1,25200,10.5438505449
155832,174715,199923,18883,25208,1,25200,1.74908759124
155832,174814,174816,18982,2,1,25200,1898.4
155832,174708,174832,18876,124,1,25200,153.225806452
155833,175738,176247,19905,509,1,25200,40.1060903733
155833,174845,175702,19012,857,1,25200,23.1843640607
155833,174829,174927,18996,98,1,25200,194.836734694
155833,174873,176966,19040,2093,1,25200,10.0969899666
155834,174986,174989,19152,3,1,25200,1915.5
155834,174944,174947,19110,3,1,25200,1911.3
155834,174959,174973,19125,14,1,25200,1367.07142857
155835,175679,175821,19844,142,1,25200,140.746478873
155835,175684,175691,19849,7,1,25200,1985.6
155835,155845,162786,10,6941,2,14400,1.00144071459
155835,175001,179924,19166,4923,1,25200,4.89315458054
155836,175690,175692,19854,2,1,25200,1985.6
155836,175695,175837,19859,142,1,25200,140.852112676
155836,175706,175707,19870,1,1,25200,1987.1
155836,175700,175705,19864,5,1,25200,1986.9
155837,175711,176607,19874,896,1,25200,23.1808035714
155837,175722,175953,19885,231,1,25200,87.0822510823
155838,175733,176164,19895,431,1,25200,47.1600928074
155838,175727,175748,19889,21,1,25200,948.095238095
155838,176022,176025,20184,3,1,25200,2018.7
155839,176039,176337,20200,298,1,25200,68.7852348993
155839,176028,176739,20189,711,1,25200,29.3952180028
155839,176044,179282,20205,3238,1,25200,7.23996294009
155839,176033,176407,20194,374,1,25200,54.9946524064
155840,176055,176243,20215,188,1,25200,108.526595745
155840,176061,176064,20221,3,1,25200,2022.4
155840,176050,176167,20210,117,1,25200,173.735042735
155841,176066,179821,20225,3755,1,25200,6.3861517976
155841,176071,181242,20230,5171,1,25200,4.91220266873
155841,176438,176557,20597,119,1,25200,174.084033613
155842,176448,176481,20606,33,1,25200,625.424242424
155842,176454,176503,20612,49,1,25200,421.653061224
155842,176443,176447,20601,4,1,25200,2060.5
155842,176459,176462,20617,3,1,25200,2062.0
155843,176475,176479,20632,4,1,25200,2063.6
155843,176465,176536,20622,71,1,25200,291.450704225
155843,176470,178256,20627,1786,1,25200,12.5492721165
155844,176492,176494,20648,2,1,25200,2065.0
155844,176486,176489,20642,3,1,25200,2064.5
155844,176481,177350,20637,869,1,25200,24.747986191
155844,176497,200859,20653,24362,1,25200,1.84775469994
155845,176503,176728,20658,225,1,25200,92.8133333333
155845,176508,176511,20663,3,1,25200,2066.6
155846,176637,176638,20791,1,1,25200,2079.2
155846,176631,176634,20785,3,1,25200,2078.8
155846,176626,176968,20780,342,1,25200,61.7602339181
155847,176648,176649,20801,1,1,25200,2080.2
155847,176653,176692,20806,39,1,25200,534.487179487
155847,176642,176648,20795,6,1,25200,2080.1
155848,176664,201879,20816,25215,1,25200,1.82554035296
155848,176669,176674,20821,5,1,25200,2082.6
155848,176674,176676,20826,2,1,25200,2082.8
155848,176658,176924,20810,266,1,25200,79.2330827068
155849,176680,177472,20831,792,1,25200,27.3017676768
155849,176685,176870,20836,185,1,25200,113.627027027
155849,176983,176984,21134,1,1,25200,2113.5
155850,176994,177016,21144,22,1,25200,962.090909091
155850,176989,177898,21139,909,1,25200,24.2552255226
155850,155857,163119,7,7262,2,14400,1.00096392178
155851,177016,177751,21165,735,1,25200,29.7959183673
155851,177005,177599,21154,594,1,25200,36.6127946128
155851,177010,177013,21159,3,1,25200,2116.2
155851,177021,177168,21170,147,1,25200,145.013605442
155852,177032,177048,21180,16,1,25200,1324.75
155852,177026,179747,21174,2721,1,25200,8.78169790518
155853,177037,177383,21184,346,1,25200,62.225433526
155853,177043,177059,21190,16,1,25200,1325.375
155853,177048,177062,21195,14,1,25200,1514.92857143
155854,177053,178924,21199,1871,1,25200,12.3303046499
155854,177374,177397,21520,23,1,25200,936.652173913
155854,177385,178083,21531,698,1,25200,31.8467048711
155854,177380,177552,21526,172,1,25200,126.151162791
155855,177401,177702,21546,301,1,25200,72.5813953488
155855,177396,177538,21541,142,1,25200,152.697183099
155855,177390,177454,21535,64,1,25200,337.484375
155856,177423,177428,21567,5,1,25200,2157.2
155856,177407,177658,21551,251,1,25200,86.8605577689
155856,177418,180426,21562,3008,1,25200,8.16821808511
155856,177412,177413,21556,1,1,25200,2155.7
155857,177434,177435,21577,1,1,25200,2157.8
155857,177428,179121,21571,1693,1,25200,13.7412876551
155858,177769,177771,21911,2,1,25200,2191.3
155858,177763,179878,21905,2115,1,25200,11.3569739953
155858,177774,177781,21916,7,1,25200,2192.3
155858,177780,177893,21922,113,1,25200,195.0
155859,177785,178907,21926,1122,1,25200,20.5418894831
155893,156019,163329,126,7310,2,14400,1.01723666211
155981,156114,163263,133,7149,2,14400,1.01860400056
156009,156121,163453,112,7332,2,14400,1.01527550464
156106,156330,162881,224,6551,2,14400,1.03419325294
156108,158201,165306,2093,7105,2,14400,1.29458128079
156320,158622,165546,2302,6924,2,14400,1.33246678221
156510,158438,254228,1928,95790,16,108000,1.02012736194
159590,159628,166531,38,6903,2,14400,1.00550485296
159651,159799,159801,148,2,2,3540,15.0
159690,159697,166748,7,7051,2,14400,1.00099276698
159781,159794,167049,13,7255,2,14400,1.00179186768
159796,159979,166955,183,6976,2,14400,1.02623279817
159875,159985,166886,110,6901,2,14400,1.01593971888
159877,159990,166711,113,6721,2,14400,1.01681297426
160234,160254,166689,20,6435,2,14400,1.00310800311
160738,160758,167921,20,7163,2,14400,1.0027921262
160919,160983,167957,64,6974,2,14400,1.00917694293
162052,162161,169021,109,6860,2,14400,1.01588921283
162152,162423,169195,271,6772,2,14400,1.04001772002
162215,162335,169710,120,7375,2,14400,1.01627118644
162285,162340,169041,55,6701,2,14400,1.00820773019
162307,162345,168846,38,6501,2,14400,1.00584525458
162353,162603,169588,250,6985,2,14400,1.03579098067
162355,162609,169421,254,6812,2,14400,1.03728714034
162397,162441,169449,44,7008,2,14400,1.00627853881
162428,162447,169142,19,6695,2,14400,1.00283793876
162510,162620,170103,110,7483,2,14400,1.01469998664
162512,162520,169085,8,6565,2,14400,1.0012185834
162514,162614,169141,100,6527,2,14400,1.01532097441
162671,162682,169439,11,6757,2,14400,1.00162794139
162749,162760,169659,11,6899,2,14400,1.00159443398
162774,162801,169978,27,7177,2,14400,1.00376201756
162841,162849,169618,8,6769,2,14400,1.00118185847
162884,162894,169276,10,6382,2,14400,1.00156690693
162914,162925,169870,11,6945,2,14400,1.00158387329
163050,163058,169441,8,6383,2,14400,1.00125332916
163086,163096,169252,10,6156,2,14400,1.00162443145
163120,163131,170579,11,7448,2,14400,1.00147690655
163265,163275,170271,10,6996,2,14400,1.00142938822
163331,163341,169818,10,6477,2,14400,1.00154392466
163455,163465,170317,10,6852,2,14400,1.0014594279
165311,165322,172144,11,6822,2,14400,1.00161243037
165549,165558,172221,9,6663,2,14400,1.00135074291
166535,166544,173238,9,6694,2,14400,1.0013444876
166616,166809,173641,193,6832,2,14400,1.02824941452
166722,166990,173482,268,6492,2,14400,1.04128157733
166749,166997,173848,248,6851,2,14400,1.03619909502
166776,166902,174292,126,7390,2,14400,1.01705006766
166957,167061,173882,104,6821,2,14400,1.01524703123
167051,167288,173989,237,6701,2,14400,1.03536785554
167078,167300,173803,222,6503,2,14400,1.03413809011
167960,168155,175167,195,7012,2,14400,1.02780946948
168255,168408,169741,153,1333,4,71400,1.11477869467
168306,168414,175493,108,7079,2,14400,1.01525639215
168954,169038,175930,84,6892,2,14400,1.01218804411
169041,169178,175653,137,6475,2,14400,1.02115830116
169087,169172,175801,85,6629,2,14400,1.01282244682
169117,169183,175964,66,6781,2,14400,1.00973307772
169146,169194,176453,48,7259,2,14400,1.00661248106
169197,169243,175993,46,6750,2,14400,1.00681481481
169255,169283,176351,28,7068,2,14400,1.00396151669
169279,169300,176225,21,6925,2,14400,1.00303249097
169424,169430,176016,6,6586,2,14400,1.00091102338
169439,169450,177191,11,7741,2,14400,1.00142100504
169455,169468,176420,13,6952,2,14400,1.00186996548
169456,169473,176603,17,7130,2,14400,1.00238429173
169589,169595,176099,6,6504,2,14400,1.00092250923
169619,169626,176522,7,6896,2,14400,1.00101508121
169662,169671,177237,9,7566,2,14400,1.00118953212
169713,169725,176485,12,6760,2,14400,1.00177514793
169742,169762,194172,20,24410,4,71400,1.00081933634
169821,169834,176715,13,6881,2,14400,1.00188926028
169872,169990,176588,118,6598,2,14400,1.01788420734
169981,170283,176656,302,6373,2,14400,1.04738741566
170104,170330,177187,226,6857,2,14400,1.03295901998
170273,170591,177432,318,6841,2,14400,1.0464844321
170318,172156,179645,1838,7489,2,14400,1.24542662572
170330,170660,259037,330,88377,1,172800,1.00373400319
170580,170655,177769,75,7114,2,14400,1.01054259207
171608,171621,171908,13,287,1,3540,1.04529616725
172097,172104,174287,7,2183,1,3540,1.00320659643
172156,172313,179128,157,6815,2,14400,1.02303741746
172224,173252,180301,1028,7049,2,14400,1.14583628884
172251,172319,172542,68,223,1,3540,1.30493273543
172351,172358,172681,7,323,1,3540,1.02167182663
172415,172423,173005,8,582,1,3540,1.01374570447
172517,172524,172949,7,425,1,3540,1.01647058824
172565,172572,173152,7,580,1,3540,1.01206896552
172615,172622,173183,7,561,1,3540,1.01247771836
172669,172676,173260,7,584,1,3540,1.01198630137
172717,172725,173265,8,540,1,3540,1.01481481481
172765,173245,173818,480,573,1,3540,1.83769633508
172871,173146,173706,275,560,1,3540,1.49107142857
173086,173152,173483,66,331,1,3540,1.19939577039
173248,173582,181012,334,7430,2,14400,1.04495289367
173393,173593,173829,200,236,1,3540,1.84745762712
173494,173587,180432,93,6845,2,14400,1.01358655953
173633,173722,173894,89,172,4,3540,1.51744186047
173645,173653,180040,8,6387,2,14400,1.00125254423
173744,173829,173970,85,141,1,3540,1.60283687943
173746,173820,180597,74,6777,2,14400,1.01091928582
173830,173865,180528,35,6663,2,14400,1.00525288909
173885,173893,181063,8,7170,2,14400,1.00111576011
173912,173929,180604,17,6675,2,14400,1.00254681648
173914,173981,180739,67,6758,2,14400,1.00991417579
174496,175945,183471,1449,7526,2,14400,1.19253255381
175494,175668,183284,174,7616,2,14400,1.02284663866
175618,175673,182603,55,6930,2,14400,1.00793650794
175790,176079,183107,289,7028,2,14400,1.04112122937
175820,176006,182848,186,6842,2,14400,1.02718503362
175967,176012,182680,45,6668,2,14400,1.00674865027
175994,176017,183084,23,7067,2,14400,1.00325456346
176019,176111,182484,92,6373,2,14400,1.01443590146
176100,176237,183318,137,7081,2,14400,1.01934754978
176227,176534,183251,307,6717,2,14400,1.0457049278
176353,176605,183309,252,6704,2,14400,1.03758949881
176422,176432,183802,10,7370,2,14400,1.0013568521
176457,176693,183925,236,7232,2,14400,1.03263274336
176488,176727,183362,239,6635,2,14400,1.03602110023
176528,177199,183945,671,6746,2,14400,1.09946635043
176543,176615,183365,72,6750,2,14400,1.01066666667
176606,176621,183643,15,7022,2,14400,1.00213614355
176657,177445,183936,788,6491,2,14400,1.12139885996
176717,176978,183752,261,6774,2,14400,1.03852967228
177189,177909,185261,720,7352,2,14400,1.09793253536
177203,177363,184113,160,6750,2,14400,1.0237037037
177239,177369,184057,130,6688,2,14400,1.01943779904
177435,177915,184577,480,6662,2,14400,1.0720504353
177770,177920,185053,150,7133,2,14400,1.02102902005
179131,179137,186349,6,7212,2,14400,1.00083194676
179646,179653,186975,7,7322,2,14400,1.00095602294
180043,180050,186802,7,6752,2,14400,1.00103672986
180302,180308,186501,6,6193,2,14400,1.00096883578
180390,180396,187427,6,7031,2,14400,1.00085336368
180531,180537,186873,6,6336,2,14400,1.0009469697
180591,180598,187622,7,7024,2,14400,1.00099658314
180608,180619,188199,11,7580,2,14400,1.00145118734
180740,180746,187489,6,6743,2,14400,1.00088981166
180833,180839,187574,6,6735,2,14400,1.0008908686
181065,181071,187589,6,6518,2,14400,1.00092052777
181174,181180,188487,6,7307,2,14400,1.00082113042
182532,182538,189395,6,6857,2,14400,1.00087501823
182682,182688,189273,6,6585,2,14400,1.00091116173
182742,182748,190167,6,7419,2,14400,1.00080873433
183085,183091,189947,6,6856,2,14400,1.00087514586
183110,183116,190422,6,7306,2,14400,1.00082124281
183254,183261,190129,7,6868,2,14400,1.00101921957
183287,183298,190174,11,6876,2,14400,1.00159976731
183311,183317,190036,6,6719,2,14400,1.00089299003
183326,183332,190245,6,6913,2,14400,1.00086792999
183365,183371,190497,6,7126,2,14400,1.00084198709
183380,183386,190162,6,6776,2,14400,1.00088547816
183473,183480,190575,7,7095,2,14400,1.00098661029
183612,183618,190579,6,6961,2,14400,1.00086194512
183753,183760,191037,7,7277,2,14400,1.00096193486
183805,183811,191248,6,7437,2,14400,1.00080677693
183928,183934,190670,6,6736,2,14400,1.00089073634
183943,183949,190615,6,6666,2,14400,1.00090009001
183958,183964,191338,6,7374,2,14400,1.00081366965
184057,184063,191223,6,7160,2,14400,1.00083798883
184115,184121,191063,6,6942,2,14400,1.00086430424
184579,184586,190929,7,6343,2,14400,1.00110357875
185055,185062,191666,7,6604,2,14400,1.00105996366
185060,185068,185233,8,165,5,7200,1.04848484848
185263,185269,191903,6,6634,2,14400,1.00090443172
185637,185643,185855,6,212,5,7200,1.02830188679
186353,186359,192975,6,6616,2,14400,1.00090689238
186503,186509,192891,6,6382,2,14400,1.00094014416
186805,186811,193567,6,6756,2,14400,1.00088809947
186874,186880,193437,6,6557,2,14400,1.00091505262
186978,186984,194791,6,7807,2,14400,1.00076854105
187170,187176,194010,6,6834,2,14400,1.00087796313
187493,187500,194765,7,7265,2,14400,1.00096352374
187577,187584,194644,7,7060,2,14400,1.00099150142
187593,187599,194758,6,7159,2,14400,1.00083810588
187623,187629,194769,6,7140,2,14400,1.00084033613
187659,187665,194670,6,7005,2,14400,1.00085653105
188254,188260,195054,6,6794,2,14400,1.00088313218
188526,188532,195803,6,7271,2,14400,1.00082519598
189397,189403,195884,6,6481,2,14400,1.00092578306
189581,189587,196328,6,6741,2,14400,1.00089007566
190015,190022,197341,7,7319,2,14400,1.00095641481
190133,190139,196742,6,6603,2,14400,1.00090867787
190163,190169,197144,6,6975,2,14400,1.00086021505
190178,190184,196826,6,6642,2,14400,1.00090334237
190179,190190,196987,11,6797,2,14400,1.00161836104
190249,190255,197506,6,7251,2,14400,1.00082747207
190423,190430,197723,7,7293,2,14400,1.00095982449
190499,190505,197345,6,6840,2,14400,1.00087719298
190577,190583,197150,6,6567,2,14400,1.00091365921
190592,190598,197641,6,7043,2,14400,1.0008519097
190616,190622,197391,6,6769,2,14400,1.00088639385
190673,190679,197674,6,6995,2,14400,1.00085775554
190932,190939,198186,7,7247,2,14400,1.00096591693
191038,191044,198710,6,7666,2,14400,1.00078267675
191065,191071,197732,6,6661,2,14400,1.00090076565
191222,191228,198669,6,7441,2,14400,1.00080634323
191249,191255,197599,6,6344,2,14400,1.00094577554
191339,191345,198116,6,6771,2,14400,1.00088613203
191668,191674,198763,6,7089,2,14400,1.00084638172
191906,191912,199078,6,7166,2,14400,1.00083728719
192893,192900,199934,7,7034,2,14400,1.00099516633
192978,192984,199867,6,6883,2,14400,1.00087171292
193438,193444,200201,6,6757,2,14400,1.00088796803
193571,193577,200444,6,6867,2,14400,1.00087374399
194014,194020,201611,6,7591,2,14400,1.0007904097
194417,194423,201197,6,6774,2,14400,1.00088573959
194673,194679,201116,6,6437,2,14400,1.00093211123
194760,194767,202196,7,7429,2,14400,1.00094225333
194775,194781,201111,6,6330,2,14400,1.0009478673
194777,194787,201623,10,6836,2,14400,1.00146284377
194795,194801,202084,6,7283,2,14400,1.00082383633
194825,194831,201575,6,6744,2,14400,1.00088967972
194968,194979,201985,11,7006,2,14400,1.00157008279
195048,195054,195154,6,100,2,7200,1.06
195305,195311,195353,6,42,1,7200,1.14285714286
195519,195525,195564,6,39,1,7200,1.15384615385
195793,195799,195837,6,38,1,7200,1.15789473684
195854,195860,202639,6,6779,2,14400,1.0008850863
195902,195908,203118,6,7210,2,14400,1.00083217753
196293,196299,196384,6,85,1,7200,1.07058823529
196412,196418,201535,6,5117,4,7200,1.00117256205
196519,196525,203206,6,6681,2,14400,1.00089806915
196763,196769,204618,6,7849,2,14400,1.00076442859
196910,196916,203860,6,6944,2,14400,1.0008640553
197145,197151,203674,6,6523,2,14400,1.00091982217
197160,197166,204356,6,7190,2,14400,1.00083449235
197344,197350,204206,6,6856,2,14400,1.00087514586
197358,197365,204260,7,6895,2,14400,1.00101522843
197391,197398,204581,7,7183,2,14400,1.00097452318
197509,197515,204609,6,7094,2,14400,1.00084578517
197602,197608,204984,6,7376,2,14400,1.00081344902
197644,197650,204590,6,6940,2,14400,1.00086455331
197677,197683,204784,6,7101,2,14400,1.00084495142
197725,197731,204208,6,6477,2,14400,1.00092635479
197740,197746,204666,6,6920,2,14400,1.00086705202
198119,198125,204898,6,6773,2,14400,1.00088587037
198188,198194,204919,6,6725,2,14400,1.00089219331
198670,198676,205466,6,6790,2,14400,1.00088365243
198712,198718,205344,6,6626,2,14400,1.00090552369
198766,198773,205387,7,6614,2,14400,1.00105836105
199080,199086,206001,6,6915,2,14400,1.00086767896
199869,199875,206778,6,6903,2,14400,1.00086918731
199935,199941,206921,6,6980,2,14400,1.00085959885
200203,200209,207477,6,7268,2,14400,1.0008255366
200447,200453,207776,6,7323,2,14400,1.00081933634
201112,201118,208535,6,7417,2,14400,1.00080895241
201127,201133,207774,6,6641,2,14400,1.00090347839
201199,201205,207442,6,6237,2,14400,1.00096200096
201559,201565,208624,6,7059,2,14400,1.00084997875
201560,201571,208667,11,7096,2,14400,1.00155016911
201562,201576,207998,14,6422,2,14400,1.00218000623
201563,201582,208773,19,7191,2,14400,1.00264219163
201565,201587,208553,22,6966,2,14400,1.00315819696
201566,201593,208632,27,7039,2,14400,1.00383577213
201568,201599,208217,31,6618,2,14400,1.00468419462
201570,201604,208676,34,7072,2,14400,1.00480769231
201571,201609,208118,38,6509,2,14400,1.00583807036
201573,201615,208660,42,7045,2,14400,1.00596167495
201574,201620,208979,46,7359,2,14400,1.0062508493
201576,201626,209309,50,7683,2,14400,1.00650787453
201577,201631,208400,54,6769,2,14400,1.00797754469
201579,201636,208861,57,7225,2,14400,1.00788927336
201580,201642,208633,62,6991,2,14400,1.00886854527
201582,201647,208302,65,6655,2,14400,1.00976709241
201583,201652,208549,69,6897,2,14400,1.01000434972
201585,201658,208657,73,6999,2,14400,1.01043006144
201586,201663,208341,77,6678,2,14400,1.01153039832
201588,201670,209037,82,7367,2,14400,1.01113071807
201589,201675,208646,86,6971,2,14400,1.01233682399
201591,201680,208463,89,6783,2,14400,1.01312103789
201592,201686,208612,94,6926,2,14400,1.01357204736
201594,201691,209044,97,7353,2,14400,1.01319189446
201595,201697,208116,102,6419,2,14400,1.0158903256
201597,201702,208502,105,6800,2,14400,1.01544117647
201599,201707,208920,108,7213,2,14400,1.01497296548
201600,201713,208750,113,7037,2,14400,1.01605797925
201602,201718,208500,116,6782,2,14400,1.01710409909
201603,201723,208191,120,6468,2,14400,1.0185528757
201620,201735,208612,115,6877,2,14400,1.01672240803
201622,201741,208530,119,6789,2,14400,1.01752835469
201637,201746,208495,109,6749,2,14400,1.01615054082
203676,203682,203753,6,71,1,3600,1.08450704225
203676,203688,203759,12,71,1,3600,1.16901408451
203677,203705,203776,28,71,1,3600,1.39436619718
203677,203699,203770,22,71,1,3600,1.30985915493
203677,203693,203764,16,71,1,3600,1.22535211268
203678,203710,203781,32,71,1,3600,1.45070422535
203678,203721,203792,43,71,1,3600,1.60563380282
203678,203716,203786,38,70,1,3600,1.54285714286
203679,203728,203799,49,71,1,3600,1.69014084507
203679,203734,203805,55,71,1,3600,1.77464788732
203679,203739,203810,60,71,1,3600,1.84507042254
203679,203745,203816,66,71,1,3600,1.92957746479
203900,203906,203928,6,22,3,600,1.27272727273
204005,204011,204032,6,21,3,600,1.28571428571
204102,204108,204144,6,36,3,600,1.16666666667
204205,204211,204246,6,35,3,600,1.17142857143
204251,204257,204293,6,36,3,600,1.16666666667
204302,204308,204344,6,36,3,600,1.16666666667
204355,204362,204398,7,36,3,600,1.19444444444
204414,204420,204456,6,36,3,600,1.16666666667
204461,204472,204508,11,36,3,600,1.30555555556
204461,204478,204500,17,22,1,3600,1.77272727273
204461,204467,204478,6,11,1,3600,1.54545454545
204462,204484,204504,22,20,1,3600,2.1
204462,204489,204510,27,21,1,3600,2.28571428571
204462,204494,204515,32,21,1,3600,2.52380952381
204463,204500,204531,37,31,1,3600,2.1935483871
204463,204505,204536,42,31,1,3600,2.35483870968
204463,204511,204542,48,31,1,3600,2.54838709677
204463,204516,204557,53,41,1,3600,2.29268292683
204464,204522,204563,58,41,1,3600,2.41463414634
204464,204533,204573,69,40,1,3600,2.725
204464,204527,204568,63,41,1,3600,2.53658536585
204506,204540,204753,34,213,8,57600,1.15962441315
204513,204545,204581,32,36,3,600,1.88888888889
204538,204551,205029,13,478,1,32400,1.02719665272
204599,204605,204982,6,377,3,600,1.01591511936
204646,204652,204688,6,36,3,600,1.16666666667
204700,204717,204787,17,70,1,3600,1.24285714286
204700,204711,204783,11,72,1,3600,1.15277777778
204700,204706,204777,6,71,1,3600,1.08450704225
204701,204735,204805,34,70,1,3600,1.48571428571
204701,204724,204794,23,70,1,3600,1.32857142857
204701,204729,204800,28,71,1,3600,1.39436619718
204702,204751,204822,49,71,1,3600,1.69014084507
204702,204745,204816,43,71,1,3600,1.60563380282
204702,204740,204811,38,71,1,3600,1.53521126761
204703,204767,204838,64,71,1,3600,1.9014084507
204703,204762,204832,59,70,1,3600,1.84285714286
204703,204756,204827,53,71,1,3600,1.74647887324
204725,204773,205015,48,242,3,600,1.19834710744
204745,204779,204815,34,36,3,600,1.94444444444
204782,204788,210561,6,5773,20,10800,1.00103932098
205003,205009,206828,6,1819,10,1800,1.00329851567
205027,205033,205068,6,35,3,600,1.17142857143
205089,205095,205106,6,11,4,28980,1.54545454545
205095,205101,205137,6,36,3,600,1.16666666667
205113,205119,240656,6,35537,4,54180,1.00016883811
205127,205133,205233,6,100,10,3600,1.06
205198,205204,205239,6,35,3,600,1.17142857143
205223,205230,205240,7,10,1,3600,1.7
205224,205235,205257,11,22,1,3600,1.5
205224,205240,205261,16,21,1,3600,1.7619047619
205224,205246,205268,22,22,1,3600,2.0
205225,205252,205273,27,21,1,3600,2.28571428571
205225,205257,205289,32,32,1,3600,2.0
205225,205263,205294,38,31,1,3600,2.22580645161
205225,205268,205299,43,31,1,3600,2.38709677419
205226,205279,205320,53,41,1,3600,2.29268292683
205226,205285,205326,59,41,1,3600,2.43902439024
205226,205274,205315,48,41,1,3600,2.17073170732
205227,205290,205331,63,41,1,3600,2.53658536585
205257,205297,205822,40,525,10,3600,1.07619047619
205325,205331,205565,6,234,3,600,1.02564102564
205569,205575,205611,6,36,3,600,1.16666666667
205681,205687,205839,6,152,3,600,1.03947368421
205844,205850,206204,6,354,3,600,1.01694915254
206155,206161,211753,6,5592,20,10800,1.00107296137
206222,206228,206264,6,36,3,600,1.16666666667
206298,206304,206518,6,214,3,600,1.02803738318
206540,206546,206582,6,36,3,600,1.16666666667
206617,206623,206658,6,35,3,600,1.17142857143
206730,206736,207008,6,272,3,600,1.02205882353
206796,206802,240744,6,33942,4,53400,1.00017677214
206881,206889,206926,8,37,3,600,1.21621621622
207025,207032,207068,7,36,3,600,1.19444444444
207114,207121,207539,7,418,3,600,1.01674641148
207145,207151,207187,6,36,3,600,1.16666666667
207166,207183,207185,17,2,1,25200,1.9
207166,207178,207222,12,44,1,25200,1.27272727273
207166,207172,207173,6,1,1,25200,1.0
207167,207200,207559,33,359,1,25200,1.09192200557
207167,207189,207190,22,1,1,25200,2.3
207168,207217,207218,49,1,1,25200,5.0
207168,207211,207212,43,1,1,25200,4.4
207169,207233,207234,64,1,1,25200,6.5
207169,207228,207229,59,1,1,25200,6.0
207169,207222,207223,53,1,1,25200,5.4
207170,207244,207338,74,94,1,25200,1.78723404255
207170,207250,207439,80,189,1,25200,1.42328042328
207171,207266,207267,95,1,1,25200,9.6
207171,207255,207256,84,1,1,25200,8.5
207172,207277,207343,105,66,1,25200,2.59090909091
207172,207272,207281,100,9,1,25200,10.9
207172,207283,207372,111,89,1,25200,2.24719101124
207173,207288,207291,115,3,1,25200,11.8
207173,207403,207414,230,11,1,25200,21.9090909091
207174,207409,207410,235,1,1,25200,23.6
207174,207414,207415,240,1,1,25200,24.1
207175,212227,212655,5052,428,1,25200,12.8037383178
207175,212220,212517,5045,297,1,25200,17.9865319865
207175,212167,212208,4992,41,1,25200,122.756097561
207176,213502,215423,6326,1921,1,25200,4.29307652264
207176,213566,213578,6390,12,1,25200,533.5
207176,213561,213562,6385,1,1,25200,638.6
207177,213577,214035,6400,458,1,25200,14.9737991266
207177,213572,223099,6395,9527,1,25200,1.67125013121
207177,213692,213693,6515,1,1,25200,651.6
207178,213603,213609,6425,6,1,25200,643.1
207178,213597,214145,6419,548,1,25200,12.7135036496
207179,213613,215836,6434,2223,1,25200,3.89428699955
207179,213608,213609,6429,1,1,25200,643.0
207179,213619,213620,6440,1,1,25200,644.1
207180,214107,214108,6927,1,1,25200,692.8
207180,213624,213632,6444,8,1,25200,645.2
207180,213630,213631,6450,1,1,25200,645.1
207181,214119,214120,6938,1,1,25200,693.9
207181,214127,214129,6946,2,1,25200,694.8
207181,214112,214113,6931,1,1,25200,693.2
207182,214146,214147,6964,1,1,25200,696.5
207182,214134,220464,6952,6330,1,25200,2.09826224329
207182,214153,214161,6971,8,1,25200,697.9
207183,207302,207306,119,4,1,25200,12.3
207183,207313,207336,130,23,1,25200,6.65217391304
207183,207307,207309,124,2,1,25200,12.6
207184,207318,207339,134,21,1,25200,7.38095238095
207184,207324,207325,140,1,1,25200,14.1
207184,207329,207399,145,70,1,25200,3.07142857143
207185,207340,207341,155,1,1,25200,15.6
207186,207346,207766,160,420,1,25200,1.38095238095
207186,207351,207352,165,1,1,25200,16.6
207186,207362,207365,176,3,1,25200,17.9
207186,207357,207379,171,22,1,25200,8.77272727273
207187,207373,207395,186,22,1,25200,9.45454545455
207187,207379,207381,192,2,1,25200,19.4
207188,207425,207426,237,1,1,25200,23.8
207188,207436,207441,248,5,1,25200,25.3
207189,207460,221861,271,14401,1,25200,1.01881813763
207189,207455,207463,266,8,1,25200,27.4
207190,207466,208729,276,1263,1,25200,1.21852731591
207190,207472,207474,282,2,1,25200,28.4
207191,207482,207494,291,12,1,25200,25.25
207191,207488,207489,297,1,1,25200,29.8
207191,207477,207482,286,5,1,25200,29.1
207192,207499,207500,307,1,1,25200,30.8
207192,207494,208759,302,1265,1,25200,1.23873517787
207192,207505,207526,313,21,1,25200,15.9047619048
207193,207515,207518,322,3,1,25200,32.5
207193,207521,207522,328,1,1,25200,32.9
207193,207510,207520,317,10,1,25200,32.7
207194,207556,210988,362,3432,1,25200,1.10547785548
207194,207526,207597,332,71,1,25200,5.67605633803
207194,207532,207536,338,4,1,25200,34.2
207195,207567,207568,372,1,1,25200,37.3
207195,207562,207923,367,361,1,25200,2.01662049861
207196,207589,207591,393,2,1,25200,39.5
207196,207578,207579,382,1,1,25200,38.3
207197,207600,207619,403,19,1,25200,22.2105263158
207197,207606,207607,409,1,1,25200,41.0
207197,207296,207525,99,229,3,600,1.43231441048
207198,207617,208631,419,1014,1,25200,1.41321499014
207198,207611,207612,413,1,1,25200,41.4
207199,207633,207634,434,1,1,25200,43.5
207199,207638,207639,439,1,1,25200,44.0
207199,207628,207642,429,14,1,25200,31.6428571429
207200,207649,207650,449,1,1,25200,45.0
207200,207655,207679,455,24,1,25200,19.9583333333
207200,207644,207715,444,71,1,25200,7.25352112676
207201,207685,210455,484,2770,1,25200,1.17472924188
207201,207680,207925,479,245,1,25200,2.95510204082
207202,207696,207712,494,16,1,25200,31.875
207202,207691,207702,489,11,1,25200,45.4545454545
207203,207707,207709,504,2,1,25200,50.6
207203,207712,207713,509,1,1,25200,51.0
207203,207718,207719,515,1,1,25200,51.6
207204,207734,207735,530,1,1,25200,53.1
207204,207723,207724,519,1,1,25200,52.0
207204,207729,209613,525,1884,1,25200,1.27866242038
207205,207745,207972,540,227,1,25200,3.37885462555
207205,207751,207752,546,1,1,25200,54.7
207206,207788,207790,582,2,1,25200,58.4
207206,207800,207801,594,1,1,25200,59.5
207206,207756,208834,550,1078,1,25200,1.51020408163
207207,207831,207930,624,99,1,25200,7.30303030303
207207,207808,208485,601,677,1,25200,1.88774002954
207207,207826,207881,619,55,1,25200,12.2545454545
207208,207839,207840,631,1,1,25200,63.2
207208,207844,207845,636,1,1,25200,63.7
207209,207855,207993,646,138,1,25200,5.68115942029
207209,207866,207884,657,18,1,25200,37.5
207210,207871,207872,661,1,1,25200,66.2
207210,207877,207908,667,31,1,25200,22.5161290323
207210,207882,207897,672,15,1,25200,45.8
207211,207896,207911,685,15,1,25200,46.6666666667
207211,207901,207907,690,6,1,25200,69.6
207211,207890,207891,679,1,1,25200,68.0
207212,207912,209357,700,1445,1,25200,1.48442906574
207212,207907,207908,695,1,1,25200,69.6
207213,207929,207949,716,20,1,25200,36.8
207213,207918,210985,705,3067,1,25200,1.22986631888
207213,207923,207925,710,2,1,25200,71.2
207214,207934,207961,720,27,1,25200,27.6666666667
207215,207953,209217,738,1264,1,25200,1.58386075949
207215,207958,207960,743,2,1,25200,74.5
207215,207964,208010,749,46,1,25200,17.2826086957
207216,207969,208311,753,342,1,25200,3.20175438596
207216,207974,207975,758,1,1,25200,75.9
207216,207980,207982,764,2,1,25200,76.6
207217,207991,207993,774,2,1,25200,77.6
207217,207996,207999,779,3,1,25200,78.2
207217,207985,208005,768,20,1,25200,39.4
207218,208008,208010,790,2,1,25200,79.2
207218,208002,208600,784,598,1,25200,2.3110367893
207218,208013,208250,795,237,1,25200,4.35443037975
207219,208019,208627,800,608,1,25200,2.31578947368
207219,208032,208033,813,1,1,25200,81.4
207220,208043,208757,823,714,1,25200,2.15266106443
207220,208049,218029,829,9980,1,25200,1.08306613226
207221,208059,208061,838,2,1,25200,84.0
207221,208065,208067,844,2,1,25200,84.6
207221,208070,208072,849,2,1,25200,85.1
207222,208087,208089,865,2,1,25200,86.7
207222,208082,208084,860,2,1,25200,86.2
207222,208076,208080,854,4,1,25200,85.8
207223,208093,208094,870,1,1,25200,87.1
207223,208656,208682,1433,26,1,25200,56.1153846154
207224,208678,209067,1454,389,1,25200,4.73778920308
207224,208662,209820,1438,1158,1,25200,2.24179620035
207224,208667,208732,1443,65,1,25200,23.2
207224,208673,208716,1449,43,1,25200,34.6976744186
207225,208684,233916,1459,25232,1,25200,1.05782339886
207225,208747,208749,1522,2,1,25200,152.4
207225,208752,208753,1527,1,1,25200,152.8
207226,208769,212152,1543,3383,1,25200,1.45610404966
207226,208763,209332,1537,569,1,25200,3.70123022847
207226,208758,208761,1532,3,1,25200,153.5
207227,208785,208789,1558,4,1,25200,156.2
207227,208780,208793,1553,13,1,25200,120.461538462
207227,208774,208775,1547,1,1,25200,154.8
207228,214158,214262,6930,104,1,25200,67.6346153846
207228,208834,208835,1606,1,1,25200,160.7
207229,208111,208112,882,1,1,25200,88.3
207229,208098,208104,869,6,1,25200,87.5
207230,208117,208523,887,406,1,25200,3.18472906404
207230,208122,208175,892,53,1,25200,17.8301886792
207231,208133,208160,902,27,1,25200,34.4074074074
207231,208144,208666,913,522,1,25200,2.74904214559
207232,208155,208320,923,165,1,25200,6.59393939394
207232,208178,208254,946,76,1,25200,13.4473684211
207232,208150,211374,918,3224,1,25200,1.28473945409
207233,208196,208692,963,496,1,25200,2.94153225806
207233,208189,208343,956,154,1,25200,7.20779220779
207233,208184,208185,951,1,1,25200,95.2
207234,208207,208208,973,1,1,25200,97.4
207234,208202,233413,968,25211,1,25200,1.03839593828
207234,208220,210942,986,2722,1,25200,1.36223365173
207235,208225,209358,990,1133,1,25200,1.87378640777
207235,208238,208239,1003,1,1,25200,100.4
207235,208251,208261,1016,10,1,25200,102.6
207236,208317,208348,1081,31,1,25200,35.8709677419
207236,208263,208265,1027,2,1,25200,102.9
207236,208270,208272,1034,2,1,25200,103.6
207237,208324,208326,1087,2,1,25200,108.9
207237,208332,208336,1095,4,1,25200,109.9
207237,208535,208536,1298,1,1,25200,129.9
207238,208629,208631,1391,2,1,25200,139.3
207238,208623,208624,1385,1,1,25200,138.6
207238,208618,208720,1380,102,1,25200,14.5294117647
207239,208634,208635,1395,1,1,25200,139.6
207239,208640,208727,1401,87,1,25200,17.1034482759
207240,208651,208686,1411,35,1,25200,41.3142857143
207240,208741,211328,1501,2587,1,25200,1.58020873599
207240,208645,209839,1405,1194,1,25200,2.17671691792
207241,208839,208842,1598,3,1,25200,160.1
207241,208845,209174,1604,329,1,25200,5.87537993921
207241,208850,208851,1609,1,1,25200,161.0
207242,208867,208871,1625,4,1,25200,162.9
207242,208856,208876,1614,20,1,25200,81.7
207242,208862,216387,1620,7525,1,25200,1.21528239203
207243,208878,210169,1635,1291,1,25200,2.26646010844
207243,208872,208873,1629,1,1,25200,163.0
207243,208883,208896,1640,13,1,25200,127.153846154
207244,208902,208905,1658,3,1,25200,166.1
207244,208913,209075,1669,162,1,25200,11.3024691358
207245,208919,208923,1674,4,1,25200,167.8
207245,208926,212979,1681,4053,1,25200,1.41475450284
207245,208932,211823,1687,2891,1,25200,1.58353510896
207246,208937,208939,1691,2,1,25200,169.3
207246,208950,209227,1704,277,1,25200,7.15162454874
207246,208955,208956,1709,1,1,25200,171.0
207247,208961,209052,1714,91,1,25200,19.8351648352
207247,208973,209007,1726,34,1,25200,51.7647058824
207248,208998,208999,1750,1,1,25200,175.1
207248,209011,209063,1763,52,1,25200,34.9038461538
207249,209019,209331,1770,312,1,25200,6.67307692308
207249,209061,209062,1812,1,1,25200,181.3
207249,209068,209070,1819,2,1,25200,182.1
207250,209087,211073,1837,1986,1,25200,1.92497482377
207250,209082,209083,1832,1,1,25200,183.3
207251,209101,211227,1850,2126,1,25200,1.87017873942
207251,209094,209096,1843,2,1,25200,184.5
207251,209108,209353,1857,245,1,25200,8.57959183673
207252,209371,209372,2119,1,1,25200,212.0
207252,209400,209460,2148,60,1,25200,36.8
207252,209385,210402,2133,1017,1,25200,3.09734513274
207253,209475,209477,2222,2,1,25200,222.4
207253,209490,209491,2237,1,1,25200,223.8
207253,209451,209834,2198,383,1,25200,6.73890339426
207254,209846,209852,2592,6,1,25200,259.8
207254,209504,209897,2250,393,1,25200,6.72519083969
207254,209858,209956,2604,98,1,25200,27.5714285714
207255,209866,209867,2611,1,1,25200,261.2
207255,209879,209883,2624,4,1,25200,262.8
207255,209895,210249,2640,354,1,25200,8.45762711864
207256,210019,210593,2763,574,1,25200,5.81358885017
207256,209909,209917,2653,8,1,25200,266.1
207256,209929,210220,2673,291,1,25200,10.1855670103
207257,210468,210472,3211,4,1,25200,321.5
207257,210487,210488,3230,1,1,25200,323.1
207257,210598,210599,3341,1,1,25200,334.2
207258,211085,211087,3827,2,1,25200,382.9
207258,210997,211116,3739,119,1,25200,32.4201680672
207259,211125,211965,3866,840,1,25200,5.60238095238
207259,211132,211134,3873,2,1,25200,387.5
207259,211112,211113,3853,1,1,25200,385.4
207260,211174,211176,3914,2,1,25200,391.6
207260,211160,211161,3900,1,1,25200,390.1
207260,211146,211148,3886,2,1,25200,388.8
207261,211977,212110,4716,133,1,25200,36.4586466165
207261,212122,212214,4861,92,1,25200,53.8369565217
207262,213635,213639,6373,4,1,25200,637.7
207262,213646,213647,6384,1,1,25200,638.5
207262,213641,213657,6379,16,1,25200,399.6875
207263,213651,213652,6388,1,1,25200,638.9
207263,213662,213670,6399,8,1,25200,640.7
207263,213657,213807,6394,150,1,25200,43.6266666667
207264,213678,214232,6414,554,1,25200,12.5776173285
207264,213673,213677,6409,4,1,25200,641.3
207264,213668,213682,6404,14,1,25200,458.428571429
207265,214013,214485,6748,472,1,25200,15.2966101695
207265,213802,213809,6537,7,1,25200,654.4
207265,213796,214001,6531,205,1,25200,32.8585365854
207266,213812,214095,6546,283,1,25200,24.1307420495
207267,213829,213935,6562,106,1,25200,62.9056603774
207267,213823,214083,6556,260,1,25200,26.2153846154
207268,213834,213835,6566,1,1,25200,656.7
207268,213839,213840,6571,1,1,25200,657.2
207269,213855,213856,6586,1,1,25200,658.7
207269,213850,213861,6581,11,1,25200,599.272727273
207270,214031,214034,6761,3,1,25200,676.4
207270,213866,213883,6596,17,1,25200,389.0
207270,213872,213875,6602,3,1,25200,660.5
207271,214052,239289,6781,25237,1,25200,1.26869279233
207271,214046,214068,6775,22,1,25200,308.954545455
207271,214038,214136,6767,98,1,25200,70.0510204082
207272,214080,214139,6808,59,1,25200,116.389830508
207273,214174,214181,6901,7,1,25200,690.8
207273,214164,214357,6891,193,1,25200,36.7046632124
207273,214169,214178,6896,9,1,25200,690.5
207274,214194,214234,6920,40,1,25200,174.0
207274,214244,214245,6970,1,1,25200,697.1
207274,214199,239432,6925,25233,1,25200,1.27444219871
207275,214270,214801,6995,531,1,25200,14.1732580038
207275,214251,214338,6976,87,1,25200,81.183908046
207276,214277,239220,7001,24943,1,25200,1.28067995029
207276,214353,216556,7077,2203,1,25200,4.21243758511
207276,214369,214381,7093,12,1,25200,592.083333333
207277,214603,214760,7326,157,1,25200,47.6624203822
207277,214393,217474,7116,3081,1,25200,3.30963972736
207278,214700,214703,7422,3,1,25200,742.5
207278,214490,215041,7212,551,1,25200,14.0889292196
207279,214517,214534,7238,17,1,25200,426.764705882
207279,214522,214525,7243,3,1,25200,724.6
207279,214495,214497,7216,2,1,25200,721.8
207280,214501,214529,7221,28,1,25200,258.892857143
207280,214511,214525,7231,14,1,25200,517.5
207281,214533,214539,7252,6,1,25200,725.8
207281,214729,216234,7448,1505,1,25200,5.9488372093
207281,214528,214529,7247,1,1,25200,724.8
207282,214555,225556,7273,11001,1,25200,1.66112171621
207282,214539,215558,7257,1019,1,25200,8.12168792934
207282,214544,214840,7262,296,1,25200,25.5337837838
207283,214550,214688,7267,138,1,25200,53.6594202899
207283,214561,219859,7278,5298,1,25200,2.37372593431
207284,214566,214567,7282,1,1,25200,728.3
207284,214788,215681,7504,893,1,25200,9.40313549832
207284,214773,214776,7489,3,1,25200,749.2
207285,214813,215092,7528,279,1,25200,27.982078853
207285,214852,214854,7567,2,1,25200,756.9
207285,214865,214866,7580,1,1,25200,758.1
207286,215104,215105,7818,1,1,25200,781.9
207287,215249,215727,7962,478,1,25200,17.6569037657
207287,215357,216093,8070,736,1,25200,11.964673913
207288,215285,215324,7997,39,1,25200,206.051282051
207289,215336,215344,8047,8,1,25200,805.5
207289,216458,216460,9169,2,1,25200,917.1
207289,215435,215573,8146,138,1,25200,60.0289855072
207290,216569,216844,9279,275,1,25200,34.7418181818
207290,216564,216570,9274,6,1,25200,928.0
207291,216575,226176,9284,9601,1,25200,1.96698260598
207291,216464,221865,9173,5401,1,25200,2.69838918719
207292,216475,217238,9183,763,1,25200,13.0353866317
207292,216480,217074,9188,594,1,25200,16.468013468
207292,216469,216470,9177,1,1,25200,917.8
207293,216496,216498,9203,2,1,25200,920.5
207293,216485,216710,9192,225,1,25200,41.8533333333
207293,216491,216496,9198,5,1,25200,920.3
207294,216512,216514,9218,2,1,25200,922.0
207294,216502,216531,9208,29,1,25200,318.517241379
207294,216507,216857,9213,350,1,25200,27.3228571429
207295,216529,216530,9234,1,1,25200,923.5
207295,216523,216688,9228,165,1,25200,56.9272727273
207295,216580,216924,9285,344,1,25200,27.9912790698
207296,216540,216616,9244,76,1,25200,122.631578947
207296,216534,216535,9238,1,1,25200,923.9
207296,216664,217413,9368,749,1,25200,13.5073431242
207297,216591,241837,9294,25246,1,25200,1.36813752674
207297,216585,216608,9288,23,1,25200,404.826086957
207298,216597,219319,9299,2722,1,25200,4.41623806025
207298,216602,216603,9304,1,1,25200,930.5
207299,216624,216634,9325,10,1,25200,933.5
207299,216618,216872,9319,254,1,25200,37.688976378
207299,216613,216614,9314,1,1,25200,931.5
207300,216640,218403,9340,1763,1,25200,6.2977878616
207300,216629,216643,9329,14,1,25200,667.357142857
207301,216646,216666,9345,20,1,25200,468.25
207301,216654,216808,9353,154,1,25200,61.7337662338
207301,216659,216832,9358,173,1,25200,55.0924855491
207302,216675,216676,9373,1,1,25200,937.4
207302,216681,216682,9379,1,1,25200,938.0
207303,216705,216784,9402,79,1,25200,120.012658228
207303,216691,216718,9388,27,1,25200,348.703703704
207303,216686,217137,9383,451,1,25200,21.8048780488
207304,216721,216723,9417,2,1,25200,941.9
207304,216715,216716,9411,1,1,25200,941.2
207304,216710,216732,9406,22,1,25200,428.545454545
207305,216738,217049,9433,311,1,25200,31.3311897106
207305,216743,216756,9438,13,1,25200,727.0
207305,216726,216989,9421,263,1,25200,36.8212927757
207306,217074,217272,9768,198,1,25200,50.3333333333
207306,216931,217616,9625,685,1,25200,15.0510948905
207306,216749,216862,9443,113,1,25200,84.5663716814
207307,217081,217084,9774,3,1,25200,977.7
207307,217093,217097,9786,4,1,25200,979.0
207307,217086,218046,9779,960,1,25200,11.1864583333
207308,216761,217024,9453,263,1,25200,36.9429657795
207308,217100,217899,9792,799,1,25200,13.2553191489
207309,216767,216887,9458,120,1,25200,79.8166666667
207309,216812,218871,9503,2059,1,25200,5.61534725595
207309,216774,216806,9465,32,1,25200,296.78125
207310,216873,220257,9563,3384,1,25200,3.82594562648
207310,216859,216861,9549,2,1,25200,955.1
207310,216852,217261,9542,409,1,25200,24.3300733496
207311,216899,216900,9588,1,1,25200,958.9
207311,216880,216924,9569,44,1,25200,218.477272727
207311,207387,207423,76,36,3,600,3.11111111111
207311,216887,216889,9576,2,1,25200,957.8
207312,216913,218027,9601,1114,1,25200,9.61849192101
207312,216906,216907,9594,1,1,25200,959.5
207313,216944,216959,9631,15,1,25200,643.066666667
207313,216938,217261,9625,323,1,25200,30.7987616099
207314,216977,216979,9663,2,1,25200,966.5
207314,216996,242242,9682,25246,1,25200,1.38350629803
207314,216989,216990,9675,1,1,25200,967.6
207315,217003,217004,9688,1,1,25200,968.9
207315,217008,217108,9693,100,1,25200,97.93
207315,217014,217018,9699,4,1,25200,970.3
207316,217026,217028,9710,2,1,25200,971.2
207316,217033,217116,9717,83,1,25200,118.072289157
207317,217038,217043,9721,5,1,25200,972.6
207317,217051,217071,9734,20,1,25200,487.7
207318,217057,217443,9739,386,1,25200,26.2305699482
207318,217063,217064,9745,1,1,25200,974.6
207318,217068,219227,9750,2159,1,25200,5.51597962019
207319,217121,217133,9802,12,1,25200,817.833333333
207319,217109,217113,9790,4,1,25200,979.4
207320,217159,217162,9839,3,1,25200,984.2
207320,217128,217130,9808,2,1,25200,981.0
207320,217175,217261,9855,86,1,25200,115.593023256
207320,217133,217134,9813,1,1,25200,981.4
207321,217154,217311,9833,157,1,25200,63.6305732484
207321,217142,217337,9821,195,1,25200,51.3641025641
207321,217148,217228,9827,80,1,25200,123.8375
207322,217249,217464,9927,215,1,25200,47.1720930233
207322,217259,217625,9937,366,1,25200,28.150273224
207322,217241,217247,9919,6,1,25200,992.5
207323,217544,217545,10221,1,1,25200,1022.2
207323,217550,217555,10227,5,1,25200,1023.2
207323,217273,217275,9950,2,1,25200,995.2
207324,217278,217366,9954,88,1,25200,114.113636364
207324,217283,217286,9959,3,1,25200,996.2
207325,217296,217298,9971,2,1,25200,997.3
207325,217301,217307,9976,6,1,25200,998.2
207326,207392,207428,66,36,3,600,2.83333333333
207326,217328,217336,10002,8,1,25200,1001.0
207326,217323,217375,9997,52,1,25200,193.25
207326,217316,217431,9990,115,1,25200,87.8695652174
207327,217353,217355,10026,2,1,25200,1002.8
207327,217333,217334,10006,1,1,25200,1000.7
207328,217358,217478,10030,120,1,25200,84.5833333333
207328,217372,217427,10044,55,1,25200,183.618181818
207328,217364,217370,10036,6,1,25200,1004.2
207329,217393,217441,10064,48,1,25200,210.666666667
207329,217386,217509,10057,123,1,25200,82.7642276423
207329,217379,217382,10050,3,1,25200,1005.3
207330,217400,217401,10070,1,1,25200,1007.1
207330,217425,217506,10095,81,1,25200,125.62962963
207330,217413,217416,10083,3,1,25200,1008.6
207331,217439,217445,10108,6,1,25200,1011.4
207331,217432,217872,10101,440,1,25200,23.9568181818
207331,217446,228752,10115,11306,1,25200,1.89465770387
207332,217461,217468,10129,7,1,25200,1013.6
207332,217454,217458,10122,4,1,25200,1012.6
207333,217466,217469,10133,3,1,25200,1013.6
207333,217479,217483,10146,4,1,25200,1015.0
207333,217485,217692,10152,207,1,25200,50.0434782609
207334,217497,217499,10163,2,1,25200,1016.5
207334,217492,218279,10158,787,1,25200,13.9072426938
207334,217503,217707,10169,204,1,25200,50.8480392157
207335,217515,217517,10180,2,1,25200,1018.2
207335,217508,217511,10173,3,1,25200,1017.6
207336,217532,217533,10196,1,1,25200,1019.7
207336,217527,217529,10191,2,1,25200,1019.3
207336,217520,225571,10184,8051,1,25200,2.26493603279
207337,217555,217557,10218,2,1,25200,1022.0
207337,217562,217563,10225,1,1,25200,1022.6
207337,217538,217540,10201,2,1,25200,1020.3
207338,217567,217568,10229,1,1,25200,1023.0
207338,217579,217628,10241,49,1,25200,210.0
207339,217597,217599,10258,2,1,25200,1026.0
207339,217591,217618,10252,27,1,25200,380.703703704
207339,217586,227397,10247,9811,1,25200,2.04443991438
207340,217616,217627,10276,11,1,25200,935.181818182
207340,217636,217949,10296,313,1,25200,33.8945686901
207340,217629,218880,10289,1251,1,25200,9.22462030376
207341,217643,218446,10302,803,1,25200,13.8293897883
207341,217648,218084,10307,436,1,25200,24.6399082569
207341,217654,222718,10313,5064,1,25200,3.03653238547
207342,217719,218165,10377,446,1,25200,24.2668161435
207342,217830,217844,10488,14,1,25200,750.142857143
207342,217704,217818,10362,114,1,25200,91.8947368421
207343,217884,217886,10541,2,1,25200,1054.3
207343,217856,221653,10513,3797,1,25200,3.76876481433
207343,217898,217927,10555,29,1,25200,364.965517241
207344,217912,217914,10568,2,1,25200,1057.0
207344,217926,217945,10582,19,1,25200,557.947368421
207345,217940,243151,10595,25211,1,25200,1.42025306414
207345,217957,219687,10612,1730,1,25200,7.13410404624
207345,217964,217966,10619,2,1,25200,1062.1
207346,218025,218840,10679,815,1,25200,14.1030674847
207346,217979,218013,10633,34,1,25200,313.735294118
207347,218058,218062,10711,4,1,25200,1071.5
207347,218039,218275,10692,236,1,25200,46.3050847458
207348,218099,218148,10751,49,1,25200,220.408163265
207348,218092,218115,10744,23,1,25200,468.130434783
207348,218127,218130,10779,3,1,25200,1078.2
207349,218160,218281,10811,121,1,25200,90.347107438
207349,218143,222624,10794,4481,1,25200,3.4088373131
207349,218177,218823,10828,646,1,25200,17.7616099071
207350,218307,218568,10957,261,1,25200,42.9808429119
207350,218298,218738,10948,440,1,25200,25.8818181818
207350,218293,218295,10943,2,1,25200,1094.5
207351,218392,218393,11041,1,1,25200,1104.2
207351,218363,218368,11012,5,1,25200,1101.7
207351,218380,218381,11029,1,1,25200,1103.0
207352,218405,218859,11053,454,1,25200,25.345814978
207352,218416,220797,11064,2381,1,25200,5.64678706426
207353,218464,218466,11111,2,1,25200,1111.3
207353,218490,218491,11137,1,1,25200,1113.8
207354,218495,218849,11141,354,1,25200,32.4717514124
207354,218503,218510,11149,7,1,25200,1115.6
207354,218523,218526,11169,3,1,25200,1117.2
207355,218537,220800,11182,2263,1,25200,5.9412284578
207355,218750,218753,11395,3,1,25200,1139.8
207355,218579,218582,11224,3,1,25200,1122.7
207355,218598,218711,11243,113,1,25200,100.495575221
207356,218848,218855,11492,7,1,25200,1149.9
207356,218835,218837,11479,2,1,25200,1148.1
207356,218766,218836,11410,70,1,25200,164.0
207357,218855,218893,11498,38,1,25200,303.578947368
207358,218873,218993,11515,120,1,25200,96.9583333333
207358,218868,219309,11510,441,1,25200,27.0997732426
207358,218885,218964,11527,79,1,25200,146.911392405
207359,218891,218893,11532,2,1,25200,1153.4
207359,218898,218900,11539,2,1,25200,1154.1
207359,218903,218909,11544,6,1,25200,1155.0
207360,218921,218928,11561,7,1,25200,1156.8
207360,218909,218910,11549,1,1,25200,1155.0
207360,218916,218947,11556,31,1,25200,373.774193548
207361,218934,218935,11573,1,1,25200,1157.4
207361,218939,218940,11578,1,1,25200,1157.9
207362,218951,224669,11589,5718,1,25200,3.02675760756
207362,218946,219075,11584,129,1,25200,90.7984496124
207362,218957,218968,11595,11,1,25200,1055.09090909
207363,218969,218994,11606,25,1,25200,465.24
207363,218976,218979,11613,3,1,25200,1161.6
207363,218964,218990,11601,26,1,25200,447.192307692
207364,219002,219643,11638,641,1,25200,19.1560062402
207365,219021,219100,11656,79,1,25200,148.544303797
207365,219015,219087,11650,72,1,25200,162.805555556
207365,219010,219069,11645,59,1,25200,198.372881356
207366,219026,219029,11660,3,1,25200,1166.3
207366,219041,225896,11675,6855,1,25200,2.70313639679
207366,219082,219084,11716,2,1,25200,1171.8
207367,219089,219091,11722,2,1,25200,1172.4
207367,219097,219098,11730,1,1,25200,1173.1
207367,219134,219135,11767,1,1,25200,1176.8
207368,219140,219311,11772,171,1,25200,69.8421052632
207368,219146,219147,11778,1,1,25200,1177.9
207369,219159,219803,11790,644,1,25200,19.3074534161
207369,219240,244478,11871,25238,1,25200,1.47036215231
207370,219277,219278,11907,1,1,25200,1190.8
207370,219264,219265,11894,1,1,25200,1189.5
207370,219252,219398,11882,146,1,25200,82.3835616438
207371,219327,219329,11956,2,1,25200,1195.8
207371,219290,219308,11919,18,1,25200,663.166666667
207371,219320,219357,11949,37,1,25200,323.945945946
207372,219347,219633,11975,286,1,25200,42.8706293706
207372,219332,219336,11960,4,1,25200,1196.4
207372,219340,220482,11968,1142,1,25200,11.4798598949
207373,219369,219371,11996,2,1,25200,1199.8
207373,219354,244568,11981,25214,1,25200,1.4751725232
207373,219383,219421,12010,38,1,25200,317.052631579
207374,219424,219485,12050,61,1,25200,198.540983607
207374,219409,219412,12035,3,1,25200,1203.8
207375,219717,219771,12342,54,1,25200,229.555555556
207375,219724,219738,12349,14,1,25200,883.071428571
207375,219750,219751,12375,1,1,25200,1237.6
207376,219498,219963,12122,465,1,25200,27.0688172043
207376,219646,219649,12270,3,1,25200,1227.3
207376,219434,220678,12058,1244,1,25200,10.692926045
207377,219694,219698,12317,4,1,25200,1232.1
207377,219655,244869,12278,25214,1,25200,1.4869516935
207377,219662,219681,12285,19,1,25200,647.578947368
207378,219763,220042,12385,279,1,25200,45.3906810036
207378,219701,219703,12323,2,1,25200,1232.5
207379,219783,219786,12404,3,1,25200,1240.7
207379,219798,219799,12419,1,1,25200,1242.0
207379,219811,219812,12432,1,1,25200,1243.3
207380,219818,219821,12438,3,1,25200,1244.1
207380,219833,219834,12453,1,1,25200,1245.4
207380,219825,219865,12445,40,1,25200,312.125
207381,219846,219848,12465,2,1,25200,1246.7
207381,219861,219862,12480,1,1,25200,1248.1
207381,219871,219874,12490,3,1,25200,1249.3
207382,219883,219904,12501,21,1,25200,596.285714286
207383,219916,220366,12533,450,1,25200,28.8511111111
207383,219902,219932,12519,30,1,25200,418.3
207383,219944,220415,12561,471,1,25200,27.6687898089
207384,219975,219977,12591,2,1,25200,1259.3
207384,220054,220060,12670,6,1,25200,1267.6
207384,219990,220082,12606,92,1,25200,138.02173913
207385,220085,220086,12700,1,1,25200,1270.1
207385,220101,220276,12716,175,1,25200,73.6628571429
207385,220072,220073,12687,1,1,25200,1268.8
207386,220094,220175,12708,81,1,25200,157.888888889
207386,220188,220190,12802,2,1,25200,1280.4
207386,220136,220262,12750,126,1,25200,102.19047619
207387,220275,220277,12888,2,1,25200,1289.0
207387,207444,208716,57,1272,1,3600,1.04481132075
207387,220202,220396,12815,194,1,25200,67.0567010309
207387,220268,220271,12881,3,1,25200,1288.4
207388,220290,221543,12902,1253,1,25200,11.2968874701
207388,220282,220283,12894,1,1,25200,1289.5
207388,220295,220414,12907,119,1,25200,109.462184874
207389,220302,220462,12913,160,1,25200,81.70625
207389,220408,220466,13019,58,1,25200,225.465517241
207389,220379,220540,12990,161,1,25200,81.6832298137
207390,220454,220484,13064,30,1,25200,436.466666667
207390,220433,220441,13043,8,1,25200,1305.1
207390,220426,220428,13036,2,1,25200,1303.8
207391,220441,220459,13050,18,1,25200,726.0
207391,220483,220498,13092,15,1,25200,873.8
207391,220476,220479,13085,3,1,25200,1308.8
207392,220489,220593,13097,104,1,25200,126.932692308
207392,220501,245730,13109,25229,1,25200,1.51960045979
207392,220494,220497,13102,3,1,25200,1310.5
207393,220506,220577,13113,71,1,25200,185.690140845
207393,220512,220528,13119,16,1,25200,820.9375
207394,220543,220545,13149,2,1,25200,1315.1
207394,220530,221986,13136,1456,1,25200,10.021978022
207394,220524,220525,13130,1,1,25200,1313.1
207395,220559,220602,13164,43,1,25200,307.139534884
207395,220552,220575,13157,23,1,25200,573.043478261
207395,220587,221081,13192,494,1,25200,27.7044534413
207396,220605,220607,13209,2,1,25200,1321.1
207396,220594,220781,13198,187,1,25200,71.577540107
207396,220614,220802,13218,188,1,25200,71.3085106383
207397,220621,224084,13224,3463,1,25200,4.81865434594
207397,220691,220696,13294,5,1,25200,1329.9
207397,220709,220710,13312,1,1,25200,1331.3
207398,220722,222297,13324,1575,1,25200,9.45968253968
207398,220793,220795,13395,2,1,25200,1339.7
207399,220807,246024,13408,25217,1,25200,1.53170480232
207399,220819,220821,13420,2,1,25200,1342.2
207399,220814,220816,13415,2,1,25200,1341.7
207400,220838,220843,13438,5,1,25200,1344.3
207400,220833,220848,13433,15,1,25200,896.533333333
207400,220855,220969,13455,114,1,25200,119.026315789
207401,220867,221424,13466,557,1,25200,25.1759425494
207401,220969,220972,13568,3,1,25200,1357.1
207401,220974,220997,13573,23,1,25200,591.130434783
207402,221002,223455,13600,2453,1,25200,6.5442315532
207402,221009,221041,13607,32,1,25200,426.21875
207402,220982,221070,13580,88,1,25200,155.318181818
207403,221083,221193,13680,110,1,25200,125.363636364
207403,221054,221461,13651,407,1,25200,34.5405405405
207403,221094,221422,13691,328,1,25200,42.7408536585
207404,221173,221174,13769,1,1,25200,1377.0
207404,221167,221223,13763,56,1,25200,246.767857143
207405,221187,221621,13782,434,1,25200,32.7557603687
207405,221227,221903,13822,676,1,25200,21.4467455621
207405,221205,221207,13800,2,1,25200,1380.2
207406,221232,221233,13826,1,1,25200,1382.7
207406,221243,221245,13837,2,1,25200,1383.9
207406,221238,221410,13832,172,1,25200,81.4186046512
207407,221254,222735,13847,1481,1,25200,10.3497636732
207407,221249,222182,13842,933,1,25200,15.8360128617
207408,221267,221292,13859,25,1,25200,555.36
207408,221278,221282,13870,4,1,25200,1387.4
207408,221272,221278,13864,6,1,25200,1387.0
207409,221283,221284,13874,1,1,25200,1387.5
207409,221288,221346,13879,58,1,25200,240.293103448
207410,221301,221341,13891,40,1,25200,348.275
207410,221311,221314,13901,3,1,25200,1390.4
207410,221306,224766,13896,3460,1,25200,5.0161849711
207410,221294,221480,13884,186,1,25200,75.6451612903
207411,221323,221330,13912,7,1,25200,1391.9
207411,221317,221318,13906,1,1,25200,1390.7
207411,221330,221388,13919,58,1,25200,240.982758621
207412,221352,221355,13940,3,1,25200,1394.3
207412,221336,221363,13924,27,1,25200,516.703703704
207412,221343,223223,13931,1880,1,25200,8.41010638298
207413,221369,222281,13956,912,1,25200,16.3026315789
207413,221364,221409,13951,45,1,25200,311.022222222
207414,221380,221383,13966,3,1,25200,1396.9
207414,221385,221919,13971,534,1,25200,27.1629213483
207415,221403,222141,13988,738,1,25200,19.9539295393
207415,221398,221399,13983,1,1,25200,1398.4
207416,221426,221434,14010,8,1,25200,1401.8
207416,221415,221416,13999,1,1,25200,1400.0
207417,221438,221439,14021,1,1,25200,1402.2
207417,221433,227421,14016,5988,1,25200,3.34068136273
207418,221449,221451,14031,2,1,25200,1403.3
207418,221454,234781,14036,13327,1,25200,2.05320027013
207418,221462,221521,14044,59,1,25200,239.033898305
207419,221467,221468,14048,1,1,25200,1404.9
207419,221473,221477,14054,4,1,25200,1405.8
207419,221478,221482,14059,4,1,25200,1406.3
207420,221502,221503,14082,1,1,25200,1408.3
207420,221484,221632,14064,148,1,25200,96.027027027
207420,221496,221782,14076,286,1,25200,50.2167832168
207421,221507,221508,14086,1,1,25200,1408.7
207421,221513,221516,14092,3,1,25200,1409.5
207421,221554,221580,14133,26,1,25200,544.576923077
207422,221565,221772,14143,207,1,25200,69.3236714976
207422,221572,221583,14150,11,1,25200,1287.36363636
207422,221559,221560,14137,1,1,25200,1413.8
207423,221577,222347,14154,770,1,25200,19.3818181818
207423,221519,221528,14096,9,1,25200,1410.5
207424,221536,221539,14112,3,1,25200,1411.5
207424,221530,221531,14106,1,1,25200,1410.7
207424,221543,222660,14119,1117,1,25200,13.6401074306
207425,221588,221589,14163,1,1,25200,1416.4
207425,221582,221707,14157,125,1,25200,114.256
207425,221548,221549,14123,1,1,25200,1412.4
207426,221600,221604,14174,4,1,25200,1417.8
207426,221595,221606,14169,11,1,25200,1289.09090909
207427,221627,221628,14200,1,1,25200,1420.1
207427,221622,221760,14195,138,1,25200,103.862318841
207427,221608,224213,14181,2605,1,25200,6.44376199616
207428,221633,221663,14205,30,1,25200,474.5
207428,221648,221657,14220,9,1,25200,1422.9
207429,221664,221667,14235,3,1,25200,1423.8
207429,221654,223112,14225,1458,1,25200,10.756515775
207429,221729,221844,14300,115,1,25200,125.347826087
207430,221748,222283,14318,535,1,25200,27.7626168224
207430,221742,221743,14312,1,1,25200,1431.3
207430,221737,221760,14307,23,1,25200,623.043478261
207431,221753,223871,14322,2118,1,25200,7.76203966006
207431,221684,221739,14253,55,1,25200,260.145454545
207432,221702,222119,14270,417,1,25200,35.2206235012
207432,221696,221697,14264,1,1,25200,1426.5
207432,221691,221697,14259,6,1,25200,1426.5
207433,221724,221725,14291,1,1,25200,1429.2
207433,221760,221803,14327,43,1,25200,334.186046512
207433,221765,221815,14332,50,1,25200,287.64
207434,221777,221890,14343,113,1,25200,127.92920354
207434,221785,221963,14351,178,1,25200,81.6235955056
207434,221772,222100,14338,328,1,25200,44.7134146341
207435,221808,221809,14373,1,1,25200,1437.4
207435,221793,221796,14358,3,1,25200,1436.1
207436,221834,247073,14398,25239,1,25200,1.57046634177
207436,221822,247042,14386,25220,1,25200,1.57042030135
207436,221829,221830,14393,1,1,25200,1439.4
207437,221845,222771,14408,926,1,25200,16.5593952484
207437,221851,221872,14414,21,1,25200,687.380952381
207438,221867,221868,14429,1,1,25200,1443.0
207438,221856,224042,14418,2186,1,25200,7.5956084172
207438,221862,221881,14424,19,1,25200,760.157894737
207439,221873,221882,14434,9,1,25200,1444.3
207439,221878,221881,14439,3,1,25200,1444.2
207440,221891,221894,14451,3,1,25200,1445.4
207440,221885,221886,14445,1,1,25200,1444.6
207440,221896,222124,14456,228,1,25200,64.4035087719
207441,221913,221916,14472,3,1,25200,1447.5
207441,221907,221934,14466,27,1,25200,536.777777778
207441,221902,222907,14461,1005,1,25200,15.3890547264
207442,221925,222127,14483,202,1,25200,72.698019802
207442,221930,221931,14488,1,1,25200,1448.9
207442,221918,221919,14476,1,1,25200,1447.7
207443,221948,221958,14505,10,1,25200,1451.5
207443,221937,221940,14494,3,1,25200,1449.7
207443,221943,221944,14500,1,1,25200,1450.1
207444,221959,221960,14515,1,1,25200,1451.6
207444,221966,222008,14522,42,1,25200,346.761904762
207444,221954,222013,14510,59,1,25200,246.93220339
207445,221972,222083,14527,111,1,25200,131.873873874
207445,221977,221978,14532,1,1,25200,1453.3
207446,221988,221989,14542,1,1,25200,1454.3
207446,221994,221995,14548,1,1,25200,1454.9
207446,221999,222014,14553,15,1,25200,971.2
207447,222012,222045,14565,33,1,25200,442.363636364
207447,222218,228684,14771,6466,1,25200,3.284410764
207447,222006,247236,14559,25230,1,25200,1.57705112961
207448,222023,222103,14575,80,1,25200,183.1875
207448,222017,222063,14569,46,1,25200,317.717391304
207448,222028,222029,14580,1,1,25200,1458.1
207449,222045,224774,14596,2729,1,25200,6.34847929645
207449,222034,222038,14585,4,1,25200,1458.9
207449,222039,222040,14590,1,1,25200,1459.1
207450,222057,222062,14607,5,1,25200,1461.2
207450,222062,222063,14612,1,1,25200,1461.3
207451,222073,222074,14622,1,1,25200,1462.3
207451,222079,222139,14628,60,1,25200,244.8
207451,222086,222090,14635,4,1,25200,1463.9
207452,222091,222118,14639,27,1,25200,543.185185185
207452,222097,222098,14645,1,1,25200,1464.6
207452,222102,222378,14650,276,1,25200,54.0797101449
207453,222120,222124,14667,4,1,25200,1467.1
207453,222113,225990,14660,3877,1,25200,4.78127418107
207453,222108,222109,14655,1,1,25200,1465.6
207454,222136,223317,14682,1181,1,25200,13.4318374259
207454,222125,224129,14671,2004,1,25200,8.32085828343
207454,222131,222542,14677,411,1,25200,36.7104622871
207455,222149,222153,14694,4,1,25200,1469.8
207455,222142,243543,14687,21401,1,25200,1.68627634223
207456,222155,226305,14699,4150,1,25200,4.54192771084
207456,222160,222166,14704,6,1,25200,1471.0
207456,222165,222169,14709,4,1,25200,1471.3
207457,222184,227869,14727,5685,1,25200,3.59050131926
207457,222176,222218,14719,42,1,25200,351.452380952
207457,222171,227369,14714,5198,1,25200,3.83070411697
207458,222200,223215,14742,1015,1,25200,15.524137931
207458,222195,222196,14737,1,1,25200,1473.8
207458,222189,222268,14731,79,1,25200,187.46835443
207459,222231,223719,14772,1488,1,25200,10.9274193548
207459,222206,222485,14747,279,1,25200,53.8566308244
207459,222280,222287,14821,7,1,25200,1482.8
207460,222293,222296,14833,3,1,25200,1483.6
207460,222301,222348,14841,47,1,25200,316.765957447
207460,222306,247552,14846,25246,1,25200,1.58805355304
207461,222332,222333,14871,1,1,25200,1487.2
207461,222318,222321,14857,3,1,25200,1486.0
207461,222313,223104,14852,791,1,25200,19.7762326169
207462,222369,222385,14907,16,1,25200,932.6875
207462,222364,224125,14902,1761,1,25200,9.46223736513
207462,222345,223530,14883,1185,1,25200,13.5594936709
207463,222375,222376,14912,1,1,25200,1491.3
207463,222686,222691,15223,5,1,25200,1522.8
207463,222380,226645,14917,4265,1,25200,4.49753810082
207464,222399,225728,14935,3329,1,25200,5.4863322319
207464,222420,223742,14956,1322,1,25200,12.3131618759
207464,222393,222403,14929,10,1,25200,1493.9
207465,222512,222638,15047,126,1,25200,120.420634921
207465,222517,247726,15052,25209,1,25200,1.59708834147
207465,222496,222501,15031,5,1,25200,1503.6
207466,222538,222709,15072,171,1,25200,89.1403508772
207466,222523,222527,15057,4,1,25200,1506.1
207467,222555,223443,15088,888,1,25200,17.990990991
207467,222650,225765,15183,3115,1,25200,5.87415730337
207467,222640,224437,15173,1797,1,25200,9.44351697273
207468,222691,222717,15223,26,1,25200,586.5
207468,222698,222699,15230,1,1,25200,1523.1
207468,222672,222675,15204,3,1,25200,1520.7
207469,222705,227821,15236,5116,1,25200,3.97810789679
207469,222721,222735,15252,14,1,25200,1090.42857143
207469,222712,222967,15243,255,1,25200,60.7764705882
207470,223970,224215,16500,245,1,25200,68.3469387755
207470,222730,222733,15260,3,1,25200,1526.3
207470,222735,222742,15265,7,1,25200,1527.2
207471,222753,224350,15282,1597,1,25200,10.5691922354
207471,222748,222749,15277,1,1,25200,1527.8
207472,222772,222792,15300,20,1,25200,766.0
207472,222766,223174,15294,408,1,25200,38.4852941176
207472,222777,223511,15305,734,1,25200,21.8514986376
207473,222790,224009,15317,1219,1,25200,13.5652173913
207474,222802,223225,15328,423,1,25200,37.2364066194
207474,222849,223006,15375,157,1,25200,98.9299363057
207474,222795,223240,15321,445,1,25200,35.4292134831
207474,222809,225022,15335,2213,1,25200,7.92950745594
207475,207551,211175,76,3624,1,3600,1.02097130243
207475,222996,227146,15521,4150,1,25200,4.74
207475,222979,222983,15504,4,1,25200,1550.8
207475,222919,223187,15444,268,1,25200,58.6268656716
207476,223121,223124,15645,3,1,25200,1564.8
207476,223115,223274,15639,159,1,25200,99.358490566
207476,223024,228612,15548,5588,1,25200,3.78239083751
207477,223128,223177,15651,49,1,25200,320.408163265
207477,223137,223202,15660,65,1,25200,241.923076923
207478,223193,223280,15715,87,1,25200,181.632183908
207478,223200,225304,15722,2104,1,25200,8.47243346008
207478,223185,223189,15707,4,1,25200,1571.1
207479,223214,224612,15735,1398,1,25200,12.2553648069
207479,223222,223223,15743,1,1,25200,1574.4
207479,223207,223211,15728,4,1,25200,1573.2
207480,223230,223233,15750,3,1,25200,1575.3
207480,223237,247069,15757,23832,1,25200,1.66116985566
207480,223242,223599,15762,357,1,25200,45.1512605042
207481,223265,223266,15784,1,1,25200,1578.5
207481,223254,223257,15773,3,1,25200,1577.6
207481,223260,223795,15779,535,1,25200,30.4934579439
207482,223284,223285,15802,1,1,25200,1580.3
207482,223272,223275,15790,3,1,25200,1579.3
207482,223277,223281,15795,4,1,25200,1579.9
207483,223291,223342,15808,51,1,25200,310.960784314
207483,223296,223721,15813,425,1,25200,38.2070588235
207483,223303,248531,15820,25228,1,25200,1.62708102109
207484,223308,223313,15824,5,1,25200,1582.9
207484,223314,223316,15830,2,1,25200,1583.2
207485,223326,224498,15841,1172,1,25200,14.5162116041
207485,223333,223586,15848,253,1,25200,63.6403162055
207485,223338,223339,15853,1,1,25200,1585.4
207486,223400,223403,15914,3,1,25200,1591.7
207486,223350,224691,15864,1341,1,25200,12.8299776286
207486,223358,223388,15872,30,1,25200,530.066666667
207487,223455,223462,15968,7,1,25200,1597.5
207487,223467,224608,15980,1141,1,25200,15.0052585451
207487,223416,224312,15929,896,1,25200,18.7779017857
207488,223474,223693,15986,219,1,25200,73.99543379
207488,223529,226119,16041,2590,1,25200,7.19343629344
207488,223543,223568,16055,25,1,25200,643.2
207489,223580,224090,16091,510,1,25200,32.5509803922
207489,223598,223621,16109,23,1,25200,701.391304348
207489,223611,223635,16122,24,1,25200,672.75
207490,223695,223941,16205,246,1,25200,66.8739837398
207490,223634,225875,16144,2241,1,25200,8.20392681838
207490,223648,223683,16158,35,1,25200,462.657142857
207491,223739,223958,16248,219,1,25200,75.1917808219
207491,223705,224726,16214,1021,1,25200,16.8805093046
207491,223732,223828,16241,96,1,25200,170.177083333
207492,223841,223845,16349,4,1,25200,1635.3
207492,223754,224204,16262,450,1,25200,37.1377777778
207492,223807,224114,16315,307,1,25200,54.1433224756
207493,223857,226408,16364,2551,1,25200,7.41473931791
207493,223907,225958,16414,2051,1,25200,9.00292540224
207493,223884,223895,16391,11,1,25200,1491.09090909
207494,224055,224060,16561,5,1,25200,1656.6
207494,224072,226385,16578,2313,1,25200,8.1673151751
207495,224103,224109,16608,6,1,25200,1661.4
207495,224096,224099,16601,3,1,25200,1660.4
207495,224111,224257,16616,146,1,25200,114.808219178
207496,224121,225458,16625,1337,1,25200,13.4345549738
207546,207663,211283,117,3620,1,3600,1.03232044199
207579,207674,207710,95,36,3,600,3.63888888889
207618,207669,211310,51,3641,1,3600,1.0140071409
207674,207795,207832,121,37,3,600,4.27027027027
207683,207776,207815,93,39,4,600,3.38461538462
207686,207770,207809,84,39,5,600,3.15384615385
207689,207765,207803,76,38,6,600,3.0
207756,207820,207856,64,36,3,600,2.77777777778
207791,207815,214900,24,7085,2,14400,1.00338743825
208000,208027,214514,27,6487,2,14400,1.00416217049
208119,208162,215860,43,7698,2,14400,1.00558586646
208134,208167,215277,33,7110,2,14400,1.00464135021
208192,208214,215515,22,7301,2,14400,1.00301328585
208220,208233,214650,13,6417,2,14400,1.00202586879
208235,208480,208519,245,39,4,600,7.28205128205
208305,208312,214707,7,6395,2,14400,1.00109460516
208345,208352,215284,7,6932,2,14400,1.00100980958
208403,208410,215737,7,7327,2,14400,1.00095537055
208468,208475,215349,7,6874,2,14400,1.00101832994
208484,208794,208818,310,24,8,18000,13.9166666667
208488,208497,208747,9,250,1,104400,1.036
208496,208505,215697,9,7192,2,14400,1.00125139043
208512,208561,215066,49,6505,2,14400,1.00753266718
208514,208568,216057,54,7489,2,14400,1.00721057551
208533,208692,215706,159,7014,2,14400,1.02266894782
208548,208698,215703,150,7005,2,14400,1.02141327623
208551,208703,214989,152,6286,2,14400,1.02418071906
208566,208612,215463,46,6851,2,14400,1.00671434827
208615,208709,215396,94,6687,2,14400,1.01405712577
208617,208714,215231,97,6517,2,14400,1.01488414915
208633,208805,215689,172,6884,2,14400,1.02498547356
208649,208810,216070,161,7260,2,14400,1.02217630854
208651,208816,215950,165,7134,2,14400,1.02312867956
208653,208720,215554,67,6834,2,14400,1.00980392157
208669,208725,215891,56,7166,2,14400,1.00781468044
208671,208731,215679,60,6948,2,14400,1.00863557858
208673,208736,215870,63,7134,2,14400,1.00883095038
208689,208799,215332,110,6533,2,14400,1.01683759375
208753,208821,215986,68,7165,2,14400,1.0094905792
208774,208827,215600,53,6773,2,14400,1.00782518825
208863,208897,215661,34,6764,2,14400,1.00502661147
208868,208891,279333,23,70442,1,104400,1.00032650975
208897,210574,214135,1677,3561,8,18000,1.47093513058
208915,218357,225558,9442,7201,24,7199,2.31120677684
208923,208944,216369,21,7425,2,14400,1.00282828283
208981,208991,216205,10,7214,2,14400,1.00138619351
209039,209056,216454,17,7398,2,14400,1.00229791836
209055,209075,215727,20,6652,2,14400,1.00300661455
209137,209239,209280,102,41,4,600,3.48780487805
209140,209343,209382,203,39,5,600,6.20512820513
209142,209446,209840,304,394,6,600,1.77157360406
209145,209395,209434,250,39,7,600,7.41025641026
209165,211822,247854,2657,36032,16,36000,1.07374000888
209179,209326,216425,147,7099,2,14400,1.02070714185
209615,209625,312384,10,102759,1,108000,1.00009731508
209814,210580,211877,766,1297,10,1800,1.59059367772
209831,211882,247904,2051,36022,2,36000,1.05693742713
209844,209853,209890,9,37,6,600,1.24324324324
209926,209968,210007,42,39,8,600,2.07692307692
209956,210232,210274,276,42,9,600,7.57142857143
209987,210286,210461,299,175,10,600,2.70857142857
210169,211887,265915,1718,54028,2,54000,1.03179832679
210377,210475,213587,98,3112,8,3600,1.03149100257
210399,210480,210586,81,106,3,90,1.7641509434
210408,210585,210715,177,130,3,90,2.36153846154
210474,211893,265924,1419,54031,2,54000,1.02626270104
210543,211189,211228,646,39,10,600,17.5641025641
210578,211241,211859,663,618,11,600,2.07281553398
210581,211772,211810,1191,38,12,600,32.3421052632
210808,214574,218346,3766,3772,20,10800,1.99840933192
210887,210954,286128,67,75174,1,129600,1.0008912656
211163,213894,220954,2731,7060,2,14400,1.38682719547
211455,211766,211863,311,97,1,3600,4.20618556701
211648,211898,303478,250,91580,2,172800,1.00272985368
211824,211876,212997,52,1121,8,3540,1.04638715433
211900,211907,213211,7,1304,1,3600,1.00536809816
211956,213550,213783,1594,233,8,3600,7.84120171674
211972,211984,213241,12,1257,1,3600,1.00954653938
212400,213556,215665,1156,2109,4,3600,1.54812707444
212436,212508,212568,72,60,1,3600,2.2
212436,212581,212642,145,61,1,3600,3.37704918033
212436,212529,212592,93,63,1,3600,2.47619047619
212436,212442,212495,6,53,1,3600,1.11320754717
212437,213253,213326,816,73,1,3600,12.1780821918
212437,212604,212664,167,60,1,3600,3.78333333333
212437,212654,212715,217,61,1,3600,4.55737704918
212438,213420,213490,982,70,1,3600,15.0285714286
212438,213338,213408,900,70,1,3600,13.8571428571
212847,212855,212864,8,9,3,600,1.7
212888,212895,213538,7,643,11,600,1.01088646967
213837,213879,213890,42,11,1,3600,4.81818181818
213838,213902,213922,64,20,1,3600,4.2
213838,213933,213954,95,21,1,3600,5.52380952381
213838,213947,213969,109,22,1,3600,5.95454545455
213838,213966,213986,128,20,1,3600,7.4
213839,213998,214018,159,20,1,3600,8.95
213839,213981,214011,142,30,1,3600,5.73333333333
214130,214141,214477,11,336,11,720,1.03273809524
214652,214661,221014,9,6353,2,14400,1.00141665355
214710,214722,222349,12,7627,2,14400,1.00157335781
214744,215117,273927,373,58810,1,172800,1.00634245877
214901,215566,216756,665,1190,4,3600,1.55882352941
214903,214912,221689,9,6777,2,14400,1.00132802125
214991,215001,221675,10,6674,2,14400,1.00149835181
215069,215076,222009,7,6933,2,14400,1.00100966393
215235,215241,222405,6,7164,2,14400,1.00083752094
215278,215291,222225,13,6934,2,14400,1.00187481973
215293,215310,222193,17,6883,2,14400,1.00246985326
215333,215343,221204,10,5861,2,14400,1.00170619348
215351,215363,222351,12,6988,2,14400,1.00171722954
215400,215409,221670,9,6261,2,14400,1.00143747005
215464,215527,222870,63,7343,2,14400,1.00857959962
215511,216453,217043,942,590,2,10800,2.59661016949
215518,215611,223081,93,7470,2,14400,1.0124497992
215555,215677,222495,122,6818,2,14400,1.0178938105
215603,215709,222582,106,6873,2,14400,1.01542266841
215631,215638,217192,7,1554,1,3600,1.0045045045
215664,215717,223005,53,7288,2,14400,1.00727222832
215682,215722,222631,40,6909,2,14400,1.00578954986
215698,215749,222314,51,6565,2,14400,1.00776846915
215713,215848,223032,135,7184,2,14400,1.01879175947
215715,215873,222721,158,6848,2,14400,1.02307242991
215717,215882,223070,165,7188,2,14400,1.02295492487
215732,215903,222668,171,6765,2,14400,1.02527716186
215748,215962,223391,214,7429,2,14400,1.02880603042
215863,215999,222829,136,6830,2,14400,1.01991215227
215875,216553,217564,678,1011,2,36000,1.6706231454
215878,216070,222391,192,6321,2,14400,1.03037494067
215893,216082,223235,189,7153,2,14400,1.02642248008
215948,216216,222935,268,6719,2,14400,1.03988688793
215988,216247,222857,259,6610,2,14400,1.03918305598
215989,216409,216411,420,2,1,3600,42.2
215990,216431,216432,441,1,1,3600,44.2
215990,216425,216426,435,1,1,3600,43.6
215990,216420,216421,430,1,1,3600,43.1
215990,216436,216437,446,1,1,3600,44.7
215991,216442,216443,451,1,1,3600,45.2
215991,216447,216448,456,1,1,3600,45.7
216060,216380,223430,320,7050,2,14400,1.04539007092
216076,216404,223512,328,7108,2,14400,1.04614518852
216749,216756,217004,7,248,1,1200,1.02822580645
216790,216807,216889,17,82,1,3600,1.20731707317
216790,216820,216921,30,101,1,3600,1.29702970297
216790,216796,216857,6,61,1,3600,1.09836065574
216790,216802,216866,12,64,1,3600,1.1875
216791,216825,216927,34,102,1,3600,1.33333333333
216791,216830,216986,39,156,1,3600,1.25
216792,216841,217000,49,159,1,3600,1.30817610063
216792,216836,216958,44,122,1,3600,1.3606557377
217268,217291,217504,23,213,1,3600,1.10798122066
217598,217603,217705,5,102,1,3600,1.04901960784
218067,218073,218083,6,10,2,600,1.6
218256,218263,221816,7,3553,8,18000,1.00197016606
218279,218286,218477,7,191,1,3600,1.03664921466
218592,221162,221202,2570,40,11,720,65.25
218610,218616,218627,6,11,1,3600,1.54545454545
218610,218622,218643,12,21,1,3600,1.57142857143
218611,218639,218659,28,20,1,3600,2.4
218611,218671,218692,60,21,1,3600,3.85714285714
218611,218655,218675,44,20,1,3600,3.2
218612,218687,218717,75,30,1,3600,3.5
218612,218704,218724,92,20,1,3600,5.6
218688,218722,218873,34,151,1,3600,1.22516556291
219018,219104,219234,86,130,2,600,1.66153846154
219332,221156,221346,1824,190,4,300,10.6
219866,219878,220124,12,246,1,1200,1.0487804878
220526,220536,470180,10,249644,1,345600,1.00004005704
221077,221219,237109,142,15890,4,18000,1.00893643801
222012,222052,229150,40,7098,2,14400,1.00563539025
222196,222213,228725,17,6512,2,14400,1.00261056511
222226,222238,229686,12,7448,2,14400,1.00161117078
222317,222324,228987,7,6663,2,14400,1.00105057782
222350,222357,229237,7,6880,2,14400,1.00101744186
222365,222387,229709,22,7322,2,14400,1.00300464354
222392,222405,229657,13,7252,2,14400,1.00179260894
222407,222413,228756,6,6343,2,14400,1.00094592464
222498,222504,230004,6,7500,2,14400,1.0008
222585,222592,229870,7,7278,2,14400,1.00096180269
222618,225569,226079,2951,510,8,3540,6.7862745098
222628,222634,230279,6,7645,2,14400,1.00078482668
222670,222678,229417,8,6739,2,14400,1.00118711975
222724,222742,229483,18,6741,2,14400,1.00267022697
222819,222844,223237,25,393,1,3600,1.06361323155
222830,222836,229455,6,6619,2,14400,1.00090648134
222860,222869,229539,9,6670,2,14400,1.00134932534
222875,222881,229472,6,6591,2,14400,1.00091033227
222939,222947,230385,8,7438,2,14400,1.00107555795
223008,223016,229335,8,6319,2,14400,1.0012660231
223035,223044,229896,9,6852,2,14400,1.00131348511
223071,223083,229631,12,6548,2,14400,1.00183262065
223086,223093,229699,7,6606,2,14400,1.00105964275
223237,223248,230091,11,6843,2,14400,1.0016074821
223394,223406,230005,12,6599,2,14400,1.00181845734
223433,223442,230566,9,7124,2,14400,1.0012633352
223515,223523,230237,8,6714,2,14400,1.00119154007
223786,224137,226293,351,2156,4,5400,1.16280148423
223788,224227,226174,439,1947,4,5400,1.22547508988
223801,224787,225847,986,1060,8,10800,1.93018867925
223949,224450,225196,501,746,4,3600,1.67158176944
224981,225034,225037,53,3,1,3540,5.6
225091,225098,225140,7,42,1,3540,1.16666666667
225484,225490,232670,6,7180,2,14400,1.0008356546
225500,225507,234875,7,9368,4,21600,1.00074722459
225866,225872,225880,6,8,8,60,1.4
226003,226009,226015,6,6,8,60,1.2
226317,226323,226329,6,6,8,57600,1.2
226427,226433,233927,6,7494,20,10800,1.00080064051
226433,226440,229951,7,3511,8,57600,1.00199373398
226793,226800,227235,7,435,8,18000,1.01609195402
228435,228442,229044,7,602,8,18000,1.01162790698
228717,228725,231807,8,3082,1,18000,1.00259571707
228726,228732,229981,6,1249,2,18000,1.00480384307
228733,228739,229389,6,650,4,18000,1.00923076923
228742,228751,229178,9,427,8,18000,1.02107728337
228759,228765,235370,6,6605,2,14400,1.00090840273
228774,228780,235779,6,6999,2,14400,1.00085726532
228788,234118,234318,5330,200,16,18000,27.65
228799,234112,234243,5313,131,32,18000,41.5572519084
228813,233938,234101,5125,163,64,18000,32.4417177914
229150,229156,235631,6,6475,2,14400,1.00092664093
229238,229244,235932,6,6688,2,14400,1.00089712919
229337,229344,236587,7,7243,2,14400,1.00096645037
229418,229424,236087,6,6663,2,14400,1.00090049527
229457,229465,236869,8,7404,2,14400,1.00108049703
229476,229483,236536,7,7053,2,14400,1.00099248547
229491,229498,236796,7,7298,2,14400,1.0009591669
229542,229549,236168,7,6619,2,14400,1.00105756157
229632,229721,236599,89,6878,2,14400,1.01293980808
229659,229886,236863,227,6977,2,14400,1.0325354737
229687,229908,236899,221,6991,2,14400,1.03161207266
229702,229962,237134,260,7172,2,14400,1.03625209147
229716,229968,237486,252,7518,2,14400,1.03351955307
229858,229973,236810,115,6837,2,14400,1.0168202428
229897,229979,237393,82,7414,2,14400,1.01106015646
229982,229989,231503,7,1514,1,3600,1.00462351387
230006,230016,237026,10,7010,2,14400,1.00142653352
230008,230291,237517,283,7226,2,14400,1.03916412953
230092,230397,237270,305,6873,2,14400,1.0443765459
230190,234523,292149,4333,57626,8,57600,1.07519175372
230239,230578,237296,339,6718,2,14400,1.05046144686
230282,234431,241471,4149,7040,2,14400,1.58934659091
230387,234436,240993,4049,6557,2,14400,1.61750800671
230568,234442,241005,3874,6563,2,14400,1.5902788359
230583,230590,231508,7,918,1,3600,1.00762527233
230644,230651,231769,7,1118,8,3540,1.00626118068
231613,231620,231972,7,352,2,3600,1.01988636364
232237,234513,241628,2276,7115,2,14400,1.31988756149
232265,232271,232954,6,683,2,3600,1.00878477306
232749,234518,241276,1769,6758,2,14400,1.26176383545
232936,232943,233066,7,123,8,3540,1.05691056911
232975,232981,235028,6,2047,2,3600,1.00293111871
233057,234529,240946,1472,6417,1,36000,1.229390681
233085,234534,241365,1449,6831,1,36000,1.21212121212
233365,234448,234960,1083,512,4,18000,3.115234375
233372,234454,234958,1082,504,4,18000,3.14682539683
233379,234459,235012,1080,553,4,18000,2.95298372514
233389,234316,234610,927,294,8,18000,4.15306122449
233395,234329,234605,934,276,8,18000,4.38405797101
233400,234335,234622,935,287,8,18000,4.25783972125
233411,234123,234292,712,169,16,18000,5.21301775148
233416,234255,234414,839,159,16,18000,6.27672955975
233420,234260,234417,840,157,16,18000,6.35031847134
233606,234309,238677,703,4368,4,28980,1.16094322344
233640,233647,233650,7,3,1,60,1.0
233640,234425,234747,785,322,8,18000,3.43788819876
233668,234465,235009,797,544,4,18000,2.46507352941
233755,234303,234496,548,193,16,18000,3.83937823834
233929,234758,241990,829,7232,24,7199,1.11462942478
234423,234507,256157,84,21650,4,21600,1.00387990762
234522,234616,256254,94,21638,4,21600,1.00434420926
235268,235274,235992,6,718,4,3600,1.00835654596
235514,235520,239132,6,3612,2,3600,1.00166112957
235610,235616,242228,6,6612,2,14400,1.00090744102
235668,235674,236178,6,504,4,18000,1.0119047619
235727,235733,242335,6,6602,2,14400,1.00090881551
235935,235941,242879,6,6938,2,14400,1.00086480254
236019,236026,242782,7,6756,2,14400,1.00103611604
236170,236177,243285,7,7108,2,14400,1.00098480585
236538,236544,242891,6,6347,2,14400,1.0009453285
236589,236596,243756,7,7160,2,14400,1.00097765363
236604,236610,243767,6,7157,2,14400,1.00083834009
236797,236803,243371,6,6568,2,14400,1.0009135201
236812,236818,243713,6,6895,2,14400,1.00087019579
236867,236873,243237,6,6364,2,14400,1.00094280327
236882,236888,243845,6,6957,2,14400,1.00086244071
236900,236906,243439,6,6533,2,14400,1.0009184142
237029,237035,243983,6,6948,2,14400,1.00086355786
237138,237144,243908,6,6764,2,14400,1.00088704908
237153,237159,244266,6,7107,2,14400,1.00084423808
237298,237304,244553,6,7249,2,14400,1.00082770037
237395,237401,244508,6,7107,2,14400,1.00084423808
237488,237494,244156,6,6662,2,14400,1.00090063044
237505,237511,237520,6,9,2,172800,1.5
237518,237524,244867,6,7343,2,14400,1.00081710473
237532,237539,237545,7,6,2,172800,1.3
237914,237921,272604,7,34683,2,172800,1.00020182798
237949,237955,238921,6,966,2,172800,1.00621118012
238380,238386,256115,6,17729,2,86400,1.00033842856
238920,238926,276041,6,37115,2,172800,1.00016165971
239154,239160,239178,6,18,3,1200,1.33333333333
239178,239184,239197,6,13,3,1200,1.46153846154
239305,239311,246212,6,6901,2,14400,1.00086943921
239307,239318,239332,11,14,3,1200,1.78571428571
239465,239471,239487,6,16,4,1200,1.375
239646,239652,240894,6,1242,3,1200,1.00483091787
240068,240074,240708,6,634,4,600,1.0094637224
240073,240080,240699,7,619,5,600,1.0113085622
240097,241485,242107,1388,622,3,600,3.23151125402
240099,241349,241980,1250,631,4,600,2.98098256735
240101,240719,241338,618,619,5,600,1.99838449111
240118,241987,242630,1869,643,3,600,3.9066874028
240120,241355,241975,1235,620,4,600,2.99193548387
240123,240755,241363,632,608,5,600,2.03947368421
240140,241992,242626,1852,634,3,600,3.92113564669
240143,241374,241993,1231,619,4,600,2.9886914378
240146,241008,241646,862,638,5,600,2.35109717868
240378,240710,269723,332,29013,4,28980,1.01144314618
241009,241016,247857,7,6841,2,14400,1.00102324222
241052,241058,247463,6,6405,2,14400,1.00093676815
241473,241479,248349,6,6870,2,14400,1.00087336245
241504,242002,242103,498,101,32,18000,5.93069306931
241509,242114,242212,605,98,32,18000,7.17346938776
241514,242223,242336,709,113,32,18000,7.27433628319
241523,242352,242506,829,154,32,18000,6.38311688312
241584,241592,248797,8,7205,2,14400,1.00111034004
241765,241771,249084,6,7313,2,14400,1.00082045672
241909,242357,242763,448,406,8,18000,2.10344827586
242278,242284,249286,6,7002,2,14400,1.00085689803
242365,242371,249132,6,6761,2,14400,1.00088744269
242880,242886,249835,6,6949,2,14400,1.00086343359
242897,242908,249889,11,6981,2,14400,1.00157570549
243012,243018,249970,6,6952,2,14400,1.00086306099
243286,243292,250751,6,7459,2,14400,1.00080439737
243373,243379,250115,6,6736,2,14400,1.00089073634
243439,243446,249754,7,6308,2,14400,1.00110970197
243716,243723,250643,7,6920,2,14400,1.00101156069
243759,243765,250186,6,6421,2,14400,1.00093443389
243774,243780,250944,6,7164,2,14400,1.00083752094
243846,243852,250639,6,6787,2,14400,1.00088404302
243909,243915,250932,6,7017,2,14400,1.00085506627
243985,243991,250414,6,6423,2,14400,1.00093414292
244156,244163,251288,7,7125,2,14400,1.00098245614
244268,244274,251470,6,7196,2,14400,1.00083379655
244509,244515,251581,6,7066,2,14400,1.00084913671
244554,244560,251435,6,6875,2,14400,1.00087272727
244870,244876,251976,6,7100,2,14400,1.00084507042
246019,246025,246028,6,3,2,3540,1.0
246213,246220,252820,7,6600,2,14400,1.00106060606
246936,246942,254239,6,7297,2,14400,1.00082225572
247135,247142,295728,7,48586,16,90000,1.00014407442
247142,247149,313740,7,66591,16,90000,1.00010511931
247341,254241,362254,6900,108013,16,108000,1.06388119949
247559,247566,253961,7,6395,2,14400,1.00109460516
248177,248183,255432,6,7249,2,14400,1.00082770037
248353,248364,255169,11,6805,2,14400,1.00161645849
248953,248959,255512,6,6553,2,14400,1.00091561117
249134,249140,256081,6,6941,2,14400,1.00086442876
249221,249227,255682,6,6455,2,14400,1.00092951201
249253,249264,256759,11,7495,2,14400,1.0014676451
249837,249843,257062,6,7219,2,14400,1.00083114005
249891,249898,257407,7,7509,2,14400,1.00093221468
249973,249979,256443,6,6464,2,14400,1.00092821782
250117,250124,256989,7,6865,2,14400,1.00101966497
250190,250196,256757,6,6561,2,14400,1.00091449474
250416,250422,257253,6,6831,2,14400,1.0008783487
250440,250446,257826,6,7380,2,14400,1.00081300813
250657,250663,257744,6,7081,2,14400,1.00084733795
250753,250759,257882,6,7123,2,14400,1.00084234171
250934,250940,257444,6,6504,2,14400,1.00092250923
250949,250955,257746,6,6791,2,14400,1.00088352231
251289,251296,257557,7,6261,2,14400,1.00111803226
251350,251356,258142,6,6786,2,14400,1.0008841733
251473,251479,257989,6,6510,2,14400,1.00092165899
251585,251591,258396,6,6805,2,14400,1.00088170463
251979,251986,258293,7,6307,2,14400,1.00110987791
252822,252829,259422,7,6593,2,14400,1.00106173214
253281,253287,253920,6,633,6,600,1.00947867299
253302,253308,253943,6,635,6,600,1.0094488189
253318,253325,253328,7,3,3,600,1.0
253331,253337,253970,6,633,6,600,1.00947867299
253346,253352,253976,6,624,6,600,1.00961538462
253455,253462,254364,7,902,3,900,1.00776053215
253486,253492,254433,6,941,4,900,1.00637619554
253516,253522,254450,6,928,5,900,1.00646551724
253530,258762,259684,5232,922,3,900,6.67462039046
253546,258128,259062,4582,934,6,900,5.90578158458
253560,258691,259625,5131,934,4,900,6.49357601713
253577,257699,258634,4122,935,7,900,5.40855614973
253590,258223,259156,4633,933,5,900,5.96570203644
253607,257183,258117,3576,934,8,900,4.82869379015
253621,258178,259112,4557,934,6,900,5.87901498929
253637,256334,257267,2697,933,9,900,3.89067524116
253651,257768,258680,4117,912,7,900,5.51425438596
253668,255889,256823,2221,934,10,900,3.37794432548
253681,257233,258167,3552,934,8,900,4.80299785867
253698,254944,255878,1246,934,11,900,2.33404710921
253711,256774,257688,3063,914,9,900,4.35120350109
253721,259073,259692,5352,619,3,600,9.64620355412
253728,253954,254865,226,911,12,900,1.24807903403
253742,256096,257016,2354,920,10,900,3.55869565217
253772,255374,256277,1602,903,11,900,2.77408637874
253802,253987,254933,185,946,12,900,1.1955602537
253804,259079,259998,5275,919,3,900,6.73993471164
253834,258724,259658,4890,934,4,900,6.23554603854
253850,259106,260040,5256,934,3,900,6.62740899358
253865,258645,259578,4780,933,5,900,6.12325830654
253880,258730,259653,4850,923,4,900,6.25460455038
253895,258185,259098,4290,913,6,900,5.69879518072
253910,258651,259575,4741,924,5,900,6.13095238095
253925,257781,258713,3856,932,7,900,5.13733905579
253940,258191,259095,4251,904,6,900,5.70243362832
253956,257239,258172,3283,933,8,900,4.51875669882
253964,253971,260619,7,6648,2,14400,1.00105294826
253971,257840,258745,3869,905,7,900,5.27513812155
253986,256834,257768,2848,934,9,900,4.04925053533
254001,257278,258212,3277,934,8,900,4.50856531049
254016,256265,257172,2249,907,10,900,3.4796030871
254031,256840,257754,2809,914,9,900,4.07330415755
254047,255388,256323,1341,935,11,900,2.43422459893
254062,256288,257222,2226,934,10,900,3.38329764454
254077,254461,255377,384,916,12,900,1.4192139738
254092,255822,256761,1730,939,11,900,2.84238551651
254122,254876,255810,754,934,12,900,1.80728051392
254160,254167,261143,7,6976,2,14400,1.00100344037
254221,254235,254870,14,635,2,600,1.02204724409
254464,254471,261677,7,7206,2,14400,1.00097141271
254495,254505,254668,10,163,3,600,1.06134969325
255007,255014,255059,7,45,4,600,1.15555555556
255100,255113,262019,13,6906,2,14400,1.00188242108
255102,255118,262532,16,7414,2,14400,1.00215807931
255103,255123,262091,20,6968,2,14400,1.00287026406
255105,255129,262028,24,6899,2,14400,1.00347876504
255106,255134,261704,28,6570,2,14400,1.00426179604
255108,255141,262140,33,6999,2,14400,1.00471495928
255109,255146,261645,37,6499,2,14400,1.00569318357
255111,255151,262360,40,7209,2,14400,1.00554861978
255112,255157,261674,45,6517,2,14400,1.00690501765
255170,255177,262020,7,6843,2,14400,1.00102294315
255206,255213,261957,7,6744,2,14400,1.00103795967
255514,255521,262460,7,6939,2,14400,1.00100879089
255686,256294,262759,608,6465,2,14400,1.09404485692
256038,256340,263257,302,6917,2,14400,1.04366054648
256086,258767,297411,2681,38644,2,86400,1.0693768761
256210,257001,263755,791,6754,2,14400,1.11711578324
256639,257027,263832,388,6805,2,14400,1.05701689934
256761,257033,264033,272,7000,2,14400,1.03885714286
256993,257038,264079,45,7041,2,14400,1.00639113762
257008,257043,263714,35,6671,2,14400,1.00524658972
257257,257265,263891,8,6626,2,14400,1.00120736493
257408,257418,263949,10,6531,2,14400,1.00153115909
257445,257456,264512,11,7056,2,14400,1.00155895692
257557,257569,264855,12,7286,2,14400,1.00164699424
257717,257723,264914,6,7191,2,14400,1.0008343763
257749,257761,265022,12,7261,2,14400,1.00165266492
257764,257774,264550,10,6776,2,14400,1.00147579693
257786,259084,259335,1298,251,1,3540,6.17131474104
257884,257893,264820,9,6927,2,14400,1.00129926375
257989,258000,264990,11,6990,2,14400,1.00157367668
258145,258151,265523,6,7372,2,14400,1.0008138904
258155,259112,261155,957,2043,1,3540,1.4684287812
258233,259117,259295,884,178,1,3540,5.96629213483
258282,259122,259387,840,265,1,3540,4.16981132075
258296,258302,265072,6,6770,2,14400,1.00088626292
258334,259130,259612,796,482,1,3540,2.65145228216
258399,258405,266035,6,7630,2,14400,1.00078636959
258414,259135,259497,721,362,1,3540,2.99171270718
258462,259140,259647,678,507,1,3540,2.33727810651
258511,259146,259630,635,484,1,3540,2.31198347107
258562,259151,259654,589,503,1,3540,2.17097415507
258613,259156,259634,543,478,1,3540,2.1359832636
258661,259162,259666,501,504,1,3540,1.99404761905
258742,259167,259702,425,535,1,3540,1.79439252336
258941,259173,259438,232,265,1,3540,1.87547169811
259199,259205,259390,6,185,1,3540,1.03243243243
259378,259384,259505,6,121,4,3540,1.04958677686
259428,259434,265807,6,6373,2,14400,1.00094147183
259429,259441,259568,12,127,1,3540,1.09448818898
260151,260157,260193,6,36,1,3540,1.16666666667
260622,260628,267804,6,7176,2,14400,1.0008361204
261146,261152,267957,6,6805,2,14400,1.00088170463
261412,261418,268139,6,6721,2,14400,1.0008927243
261674,261681,268256,7,6575,2,14400,1.00106463878
261689,261696,268736,7,7040,2,14400,1.00099431818
261708,261714,268515,6,6801,2,14400,1.0008822232
261765,261771,268504,6,6733,2,14400,1.00089113322
262021,262027,269398,6,7371,2,14400,1.00081400081
262023,262033,268582,10,6549,2,14400,1.00152695068
262038,262044,268680,6,6636,2,14400,1.00090415913
262092,262098,269115,6,7017,2,14400,1.00085506627
262144,262150,269249,6,7099,2,14400,1.00084518946
262162,262168,269445,6,7277,2,14400,1.0008245156
262463,262469,269325,6,6856,2,14400,1.00087514586
262533,262539,268888,6,6349,2,14400,1.00094503071
262727,262733,262769,6,36,1,3540,1.16666666667
262732,262740,269999,8,7259,2,14400,1.00110208018
262866,262873,269510,7,6637,2,14400,1.00105469339
263243,263249,263387,6,138,1,3540,1.04347826087
263364,263370,270498,6,7128,2,14400,1.00084175084
263380,263387,263462,7,75,1,3540,1.09333333333
263556,263562,263640,6,78,1,3540,1.07692307692
263602,263608,263968,6,360,2,3540,1.01666666667
263639,263648,263783,9,135,1,3540,1.06666666667
263687,263693,263919,6,226,1,3540,1.02654867257
263759,263765,271040,6,7275,2,14400,1.00082474227
263834,263840,269897,6,6057,2,14400,1.0009905894
263892,263898,271170,6,7272,2,14400,1.00082508251
263946,263952,270965,6,7013,2,14400,1.00085555397
264033,264039,270885,6,6846,2,14400,1.00087642419
264082,264088,271047,6,6959,2,14400,1.00086219284
264513,264519,270963,6,6444,2,14400,1.0009310987
264552,264558,271322,6,6764,2,14400,1.00088704908
264823,264829,271770,6,6941,2,14400,1.00086442876
264857,264863,271594,6,6731,2,14400,1.00089139801
264905,264911,271434,6,6523,2,14400,1.00091982217
264992,264998,271771,6,6773,2,14400,1.00088587037
265023,265029,271880,6,6851,2,14400,1.00087578456
265074,265080,272367,6,7287,2,14400,1.00082338411
265161,265168,272579,7,7411,2,14400,1.0009445419
265809,265815,272669,6,6854,2,14400,1.00087540123
266036,266042,272591,6,6549,2,14400,1.00091617041
267804,267810,274535,6,6725,2,14400,1.00089219331
267961,267967,274945,6,6978,2,14400,1.00085984523
268142,268148,274968,6,6820,2,14400,1.0008797654
268260,268266,275470,6,7204,2,14400,1.00083287063
268470,268476,275084,6,6608,2,14400,1.00090799031
268521,268528,275647,7,7119,2,14400,1.00098328417
268550,268556,274903,6,6347,2,14400,1.0009453285
268634,268641,275630,7,6989,2,14400,1.0010015739
268719,268725,275300,6,6575,2,14400,1.00091254753
268809,268816,275931,7,7115,2,14400,1.00098383696
268969,268976,275340,7,6364,2,14400,1.00109993715
269253,269259,276053,6,6794,2,14400,1.00088313218
269328,269334,276214,6,6880,2,14400,1.00087209302
269400,269406,275690,6,6284,2,14400,1.00095480586
269436,269443,276503,7,7060,2,14400,1.00099150142
269512,269518,276124,6,6606,2,14400,1.00090826521
269817,269823,276679,6,6856,2,14400,1.00087514586
270001,270007,276670,6,6663,2,14400,1.00090049527
270049,270055,277202,6,7147,2,14400,1.00083951308
270637,270643,277312,6,6669,2,14400,1.00089968511
270966,270972,278204,6,7232,2,14400,1.00082964602
270967,270978,277572,11,6594,2,14400,1.0016681832
270969,270984,277852,15,6868,2,14400,1.00218404193
271057,271064,278107,7,7043,2,14400,1.00099389465
271106,271112,277545,6,6433,2,14400,1.00093269081
271323,271329,278700,6,7371,2,14400,1.00081400081
271437,271443,278189,6,6746,2,14400,1.00088941595
271534,271540,278334,6,6794,2,14400,1.00088313218
271772,271778,278385,6,6607,2,14400,1.00090812774
271773,271784,278491,11,6707,2,14400,1.00164007753
271882,271888,279320,6,7432,2,14400,1.0008073197
272021,272027,278575,6,6548,2,14400,1.00091631032
272581,272588,279717,7,7129,2,14400,1.0009819049
272596,272602,279790,6,7188,2,14400,1.00083472454
272672,272678,279561,6,6883,2,14400,1.00087171292
274539,274545,281294,6,6749,2,14400,1.0008890206
274906,274912,281416,6,6504,2,14400,1.00092250923
274945,274952,281599,7,6647,2,14400,1.00105310666
274970,274976,282421,6,7445,2,14400,1.00080591001
275078,275084,282138,6,7054,2,14400,1.00085058123
275304,275310,282077,6,6767,2,14400,1.00088665583
275343,275349,282425,6,7076,2,14400,1.00084793669
275473,275479,282358,6,6879,2,14400,1.0008722198
275506,275512,282641,6,7129,2,14400,1.00084163277
275650,275657,283330,7,7673,2,14400,1.00091228985
275693,275699,283182,6,7483,2,14400,1.00080181745
275694,275705,282727,11,7022,2,14400,1.00156650527
275951,275957,283369,6,7412,2,14400,1.00080949811
276126,276132,282855,6,6723,2,14400,1.00089245872
276216,276222,282913,6,6691,2,14400,1.00089672695
276475,276482,283846,7,7364,2,14400,1.00095057034
276671,276677,283692,6,7015,2,14400,1.00085531005
276686,276693,283381,7,6688,2,14400,1.00104665072
276864,276870,284040,6,7170,2,14400,1.00083682008
277232,277238,284326,6,7088,2,14400,1.00084650113
277407,277413,284153,6,6740,2,14400,1.00089020772
277565,277576,284355,11,6779,2,14400,1.00162265821
277855,277861,284863,6,7002,2,14400,1.00085689803
278075,278081,285168,6,7087,2,14400,1.00084662057
278192,278199,285294,7,7095,2,14400,1.00098661029
278207,278214,284734,7,6520,2,14400,1.00107361963
278337,278343,285188,6,6845,2,14400,1.00087655223
278388,278394,285211,6,6817,2,14400,1.00088015256
278493,278500,285208,7,6708,2,14400,1.00104353011
278569,278575,285986,6,7411,2,14400,1.00080960734
278701,278707,285741,6,7034,2,14400,1.00085299972
279322,279328,286201,6,6873,2,14400,1.00087298123
279563,279570,286200,7,6630,2,14400,1.00105580694
279720,279726,286323,6,6597,2,14400,1.00090950432
279793,279799,287074,6,7275,2,14400,1.00082474227
279973,279979,287293,6,7314,2,14400,1.00082034454
280222,280229,280230,7,1,1,25200,1.0
280223,280240,280241,17,1,1,25200,1.8
280223,280234,280278,11,44,1,25200,1.25
280224,280251,280252,27,1,1,25200,2.8
280224,280259,280762,35,503,1,25200,1.06958250497
280225,280286,280287,61,1,1,25200,6.2
280225,280281,280282,56,1,1,25200,5.7
280225,280276,280277,51,1,1,25200,5.2
280225,280270,280271,45,1,1,25200,4.6
280226,280292,280293,66,1,1,25200,6.7
280226,280297,280298,71,1,1,25200,7.2
280226,280303,280417,77,114,1,25200,1.67543859649
280227,280319,280320,92,1,1,25200,9.3
280227,280308,280570,81,262,1,25200,1.30916030534
280228,280330,280344,102,14,1,25200,8.28571428571
280228,280341,280470,113,129,1,25200,1.87596899225
280228,280336,280425,108,89,1,25200,2.21348314607
280229,280347,280350,118,3,1,25200,12.1
280229,280352,280353,123,1,1,25200,12.4
280230,280358,280370,128,12,1,25200,11.6666666667
280230,280369,280370,139,1,1,25200,14.0
280230,280375,280376,145,1,1,25200,14.6
280231,280381,280455,150,74,1,25200,3.02702702703
280231,280386,280797,155,411,1,25200,1.37712895377
280231,280392,281135,161,743,1,25200,1.21668909825
280232,280397,285279,165,4882,1,25200,1.03379762392
280232,280408,280429,176,21,1,25200,9.38095238095
280232,280403,280404,171,1,1,25200,17.2
280232,280414,296844,182,16430,1,25200,1.01107729763
280233,280430,281075,197,645,1,25200,1.30542635659
280233,280419,280927,186,508,1,25200,1.36614173228
280233,280425,280426,192,1,1,25200,19.3
280234,280436,280441,202,5,1,25200,20.7
280234,280447,285073,213,4626,1,25200,1.04604409857
280234,280441,280442,207,1,1,25200,20.8
280235,280452,280453,217,1,1,25200,21.8
280235,280463,280464,228,1,1,25200,22.9
280235,280458,280464,223,6,1,25200,22.9
280236,280469,280470,233,1,1,25200,23.4
280236,280474,280475,238,1,1,25200,23.9
280236,282443,282451,2207,8,1,25200,221.5
280237,282470,282473,2233,3,1,25200,223.6
280237,282485,282522,2248,37,1,25200,61.7567567568
280237,282449,297701,2212,15252,1,25200,1.14503015998
280238,282526,282557,2288,31,1,25200,74.8064516129
280238,282533,282536,2295,3,1,25200,229.8
280238,282539,282685,2301,146,1,25200,16.7602739726
280239,282548,282624,2309,76,1,25200,31.3815789474
280239,282574,282575,2335,1,1,25200,233.6
280239,282567,283014,2328,447,1,25200,6.20805369128
280239,282553,282558,2314,5,1,25200,231.9
280240,280489,281261,249,772,1,25200,1.3225388601
280240,280495,280496,255,1,1,25200,25.6
280241,280505,280509,264,4,1,25200,26.8
280241,280500,280529,259,29,1,25200,9.93103448276
280242,280522,280523,280,1,1,25200,28.1
280242,280527,280528,285,1,1,25200,28.6
280242,280516,280550,274,34,1,25200,9.05882352941
280243,280538,280545,295,7,1,25200,30.2
280243,280543,280545,300,2,1,25200,30.2
280243,280549,280561,306,12,1,25200,26.5
280244,280554,305765,310,25211,1,25200,1.0122962199
280244,280560,282948,316,2388,1,25200,1.13232830821
280244,280565,280568,321,3,1,25200,32.4
280245,280587,283222,342,2635,1,25200,1.12979127135
280245,280581,280582,336,1,1,25200,33.7
280245,280571,280578,326,7,1,25200,33.3
280245,280576,280592,331,16,1,25200,21.6875
280246,280598,280627,352,29,1,25200,13.1379310345
280246,280592,280593,346,1,1,25200,34.7
280246,280603,280616,357,13,1,25200,28.4615384615
280247,280619,280703,372,84,1,25200,5.42857142857
280247,280614,280615,367,1,1,25200,36.8
280247,280608,280611,361,3,1,25200,36.4
280248,280625,280626,377,1,1,25200,37.8
280248,280630,291146,382,10516,1,25200,1.03632559909
280248,280635,281163,387,528,1,25200,1.73295454545
280249,280646,280647,397,1,1,25200,39.8
280250,280666,280668,416,2,1,25200,41.8
280250,280660,280661,410,1,1,25200,41.1
280250,280677,280707,427,30,1,25200,15.2333333333
280250,280671,280674,421,3,1,25200,42.4
280251,280682,280683,431,1,1,25200,43.2
280251,280687,280689,436,2,1,25200,43.8
280252,280698,280699,446,1,1,25200,44.7
280252,280709,280710,457,1,1,25200,45.8
280252,280704,280724,452,20,1,25200,23.6
280252,280693,282246,441,1553,1,25200,1.28396651642
280253,280726,280727,473,1,1,25200,47.4
280253,280720,280826,467,106,1,25200,5.40566037736
280254,280747,280763,493,16,1,25200,31.8125
280254,280731,280764,477,33,1,25200,15.4545454545
280254,280742,287908,488,7166,1,25200,1.06809935808
280254,280736,281056,482,320,1,25200,2.50625
280255,280763,280765,508,2,1,25200,51.0
280255,280753,280773,498,20,1,25200,25.9
280256,280769,280771,513,2,1,25200,51.5
280256,280774,280776,518,2,1,25200,52.0
280257,280785,284833,528,4048,1,25200,1.13043478261
280257,280801,281114,544,313,1,25200,2.73801916933
280257,280790,280791,533,1,1,25200,53.4
280258,280821,280822,563,1,1,25200,56.4
280258,280816,282904,558,2088,1,25200,1.26724137931
280259,280832,281817,573,985,1,25200,1.58172588832
280259,280837,280881,578,44,1,25200,14.1363636364
280259,280826,280827,567,1,1,25200,56.8
280260,280848,280849,588,1,1,25200,58.9
280260,280842,280974,582,132,1,25200,5.40909090909
280261,280865,281086,604,221,1,25200,3.73303167421
280261,280859,280862,598,3,1,25200,60.1
280261,280870,280871,609,1,1,25200,61.0
280262,280886,280939,624,53,1,25200,12.7735849057
280262,280881,280883,619,2,1,25200,62.1
280262,280876,280907,614,31,1,25200,20.8064516129
280262,280892,280918,630,26,1,25200,25.2307692308
280263,280903,280932,640,29,1,25200,23.0689655172
280263,280897,280898,634,1,1,25200,63.5
280263,280908,280923,645,15,1,25200,44.0
280264,280924,289904,660,8980,1,25200,1.07349665924
280264,280913,280916,649,3,1,25200,65.2
280264,280919,283835,655,2916,1,25200,1.22462277092
280264,280929,280933,665,4,1,25200,66.9
280265,280935,280963,670,28,1,25200,24.9285714286
280265,280940,280971,675,31,1,25200,22.7741935484
280266,280960,283493,694,2533,1,25200,1.27398341887
280266,280965,280967,699,2,1,25200,70.1
280266,280954,280955,688,1,1,25200,68.9
280267,280970,281030,703,60,1,25200,12.7166666667
280267,280976,281410,709,434,1,25200,2.633640553
280267,280981,280982,714,1,1,25200,71.5
280268,280997,281000,729,3,1,25200,73.2
280268,280992,281020,724,28,1,25200,26.8571428571
280268,281003,281006,735,3,1,25200,73.8
280269,281008,281913,739,905,1,25200,1.81657458564
280269,281019,281308,750,289,1,25200,3.59515570934
280269,281014,281015,745,1,1,25200,74.6
280270,281024,282118,754,1094,1,25200,1.68921389397
280270,281035,281036,765,1,1,25200,76.6
280271,281041,282313,770,1272,1,25200,1.60534591195
280271,281046,304847,775,23801,1,25200,1.03256165707
280271,281051,281052,780,1,1,25200,78.1
280272,281076,281080,804,4,1,25200,80.8
280272,281070,281072,798,2,1,25200,80.0
280273,281087,281088,814,1,1,25200,81.5
280273,281081,281082,808,1,1,25200,80.9
280273,281092,281095,819,3,1,25200,82.2
280274,281097,281133,823,36,1,25200,23.8611111111
280274,281114,281165,840,51,1,25200,17.4705882353
280274,281108,281202,834,94,1,25200,9.87234042553
280274,281103,283361,829,2258,1,25200,1.36713906112
280275,281124,306337,849,25213,1,25200,1.03367310514
280275,281119,281764,844,645,1,25200,2.30852713178
280275,281130,281133,855,3,1,25200,85.8
280276,281135,281136,859,1,1,25200,86.0
280276,281148,282157,872,1009,1,25200,1.86422200198
280276,281142,281147,866,5,1,25200,87.1
280277,281153,287598,876,6445,1,25200,1.1359193173
280277,281164,281172,887,8,1,25200,89.5
280278,281180,281431,902,251,1,25200,4.59362549801
280278,281169,281172,891,3,1,25200,89.4
280278,281186,281190,908,4,1,25200,91.2
280279,281196,281199,917,3,1,25200,92.0
280279,281202,281764,923,562,1,25200,2.64234875445
280279,281191,281193,912,2,1,25200,91.4
280280,281220,281247,940,27,1,25200,35.8148148148
280280,281215,281216,935,1,1,25200,93.6
280280,281210,281292,930,82,1,25200,12.3414634146
280281,281237,291732,956,10495,1,25200,1.09109099571
280281,281231,282155,950,924,1,25200,2.02813852814
280282,281248,281355,966,107,1,25200,10.0280373832
280282,281242,281447,960,205,1,25200,5.68292682927
280282,281253,281257,971,4,1,25200,97.5
280282,281258,281458,976,200,1,25200,5.88
280283,281269,306477,986,25208,1,25200,1.0391145668
280283,281264,282205,981,941,1,25200,2.04250797024
280284,281298,281313,1014,15,1,25200,68.6
280284,281287,283730,1003,2443,1,25200,1.41056078592
280284,281282,288696,998,7414,1,25200,1.13461019692
280284,281293,281295,1009,2,1,25200,101.1
280285,281303,281306,1018,3,1,25200,102.1
280285,281314,281361,1029,47,1,25200,22.8936170213
280286,281338,281341,1052,3,1,25200,105.5
280286,281333,281338,1047,5,1,25200,105.2
280286,281327,281329,1041,2,1,25200,104.3
280287,281344,281523,1057,179,1,25200,6.90502793296
280287,281355,281357,1068,2,1,25200,107.0
280287,281349,281350,1062,1,1,25200,106.3
280288,281360,281361,1072,1,1,25200,107.3
280288,281377,284170,1089,2793,1,25200,1.38990332975
280288,281372,290549,1084,9177,1,25200,1.11812139043
280288,281365,281557,1077,192,1,25200,6.609375
280289,281394,281964,1105,570,1,25200,2.93859649123
280289,281388,281392,1099,4,1,25200,110.3
280289,281383,281438,1094,55,1,25200,20.8909090909
280290,281417,281420,1127,3,1,25200,113.0
280290,281410,301252,1120,19842,1,25200,1.05644592279
280290,281405,281436,1115,31,1,25200,36.9677419355
280290,281399,281401,1109,2,1,25200,111.1
280291,281427,284615,1136,3188,1,25200,1.35633626098
280291,281422,281423,1131,1,1,25200,113.2
280291,281440,281460,1149,20,1,25200,58.45
280292,281457,281737,1165,280,1,25200,5.16071428571
280292,281445,281446,1153,1,1,25200,115.4
280292,281450,281451,1158,1,1,25200,115.9
280293,281473,292668,1180,11195,1,25200,1.1054041983
280293,281468,297037,1175,15569,1,25200,1.07547048622
280293,281462,281468,1169,6,1,25200,117.5
280294,281492,281494,1198,2,1,25200,120.0
280294,281481,281484,1187,3,1,25200,119.0
280294,281486,282017,1192,531,1,25200,3.24482109228
280295,281503,281505,1208,2,1,25200,121.0
280295,281510,281557,1215,47,1,25200,26.8510638298
280295,281497,281629,1202,132,1,25200,10.1060606061
280296,281515,281516,1219,1,1,25200,122.0
280296,281529,281604,1233,75,1,25200,17.44
280296,281522,281523,1226,1,1,25200,122.7
280297,281541,281542,1244,1,1,25200,124.5
280297,281536,282167,1239,631,1,25200,2.96354992076
280298,281573,287424,1275,5851,1,25200,1.21791146813
280298,281578,281581,1280,3,1,25200,128.3
280299,281615,281616,1316,1,1,25200,131.7
280299,281621,283983,1322,2362,1,25200,1.55969517358
280299,281584,284942,1285,3358,1,25200,1.38266825491
280299,281593,282084,1294,491,1,25200,3.63543788187
280300,281641,281645,1341,4,1,25200,134.5
280300,281626,281752,1326,126,1,25200,11.5238095238
280300,281633,282341,1333,708,1,25200,2.88276836158
280301,281656,281660,1355,4,1,25200,135.9
280301,281671,282334,1370,663,1,25200,3.06636500754
280301,281749,281759,1448,10,1,25200,145.8
280301,281764,281928,1463,164,1,25200,9.92073170732
280302,281784,282807,1482,1023,1,25200,2.44868035191
280302,281778,281789,1476,11,1,25200,135.181818182
280303,281812,283304,1509,1492,1,25200,2.01139410188
280303,281800,282636,1497,836,1,25200,2.79066985646
280303,281790,281801,1487,11,1,25200,136.181818182
280304,281828,281833,1524,5,1,25200,152.9
280304,281844,281846,1540,2,1,25200,154.2
280305,281869,282290,1564,421,1,25200,4.71496437055
280305,281926,281929,1621,3,1,25200,162.4
280305,281940,281942,1635,2,1,25200,163.7
280306,281972,281975,1666,3,1,25200,166.9
280306,281960,281961,1654,1,1,25200,165.5
280306,281953,284795,1647,2842,1,25200,1.57952146376
280307,281980,281982,1673,2,1,25200,167.5
280307,281987,281992,1680,5,1,25200,168.5
280307,282004,282554,1697,550,1,25200,4.08545454545
280307,281994,282513,1687,519,1,25200,4.25048169557
280308,282063,282137,1755,74,1,25200,24.7162162162
280308,282030,282051,1722,21,1,25200,83.0
280308,282092,282094,1784,2,1,25200,178.6
280309,282098,282099,1789,1,1,25200,179.0
280309,282112,282126,1803,14,1,25200,129.785714286
280309,282105,282454,1796,349,1,25200,6.14613180516
280310,282117,282146,1807,29,1,25200,63.3103448276
280310,282138,283871,1828,1733,1,25200,2.05481823428
280310,282129,282137,1819,8,1,25200,182.7
280311,282163,282729,1852,566,1,25200,4.27208480565
280311,282153,283682,1842,1529,1,25200,2.2047089601
280311,282169,282176,1858,7,1,25200,186.5
280311,282158,282159,1847,1,1,25200,184.8
280312,282187,283225,1875,1038,1,25200,2.8063583815
280312,282182,282184,1870,2,1,25200,187.2
280312,282194,282197,1882,3,1,25200,188.5
280313,282205,282536,1892,331,1,25200,6.71601208459
280313,282199,283239,1886,1040,1,25200,2.81346153846
280314,282220,282222,1906,2,1,25200,190.8
280314,282234,282245,1920,11,1,25200,175.545454545
280315,282265,282274,1950,9,1,25200,195.9
280315,282252,282253,1937,1,1,25200,193.8
280315,282271,282316,1956,45,1,25200,44.4666666667
280316,282277,282283,1961,6,1,25200,196.7
280316,282294,282396,1978,102,1,25200,20.3921568627
280316,282286,282630,1970,344,1,25200,6.72674418605
280317,282331,282336,2014,5,1,25200,201.9
280317,282302,307524,1985,25222,1,25200,1.07870113393
280317,282325,282566,2008,241,1,25200,9.33195020747
280318,282370,282372,2052,2,1,25200,205.4
280318,282352,282392,2034,40,1,25200,51.85
280318,282346,282926,2028,580,1,25200,4.49655172414
280318,282357,282395,2039,38,1,25200,54.6578947368
280319,282376,282515,2057,139,1,25200,15.7985611511
280319,282395,307603,2076,25208,1,25200,1.082354808
280320,282423,284262,2103,1839,1,25200,2.14355628059
280320,282416,282419,2096,3,1,25200,209.9
280320,282411,282781,2091,370,1,25200,6.65135135135
280321,282431,307656,2110,25225,1,25200,1.08364717542
280321,282579,282632,2258,53,1,25200,43.6037735849
280321,282463,292216,2142,9753,1,25200,1.21962473085
280322,282592,282883,2270,291,1,25200,8.80068728522
280322,282643,282648,2321,5,1,25200,232.6
280322,282586,293916,2264,11330,1,25200,1.19982347749
280322,282637,282659,2315,22,1,25200,106.227272727
280323,282649,284005,2326,1356,1,25200,2.71533923304
280323,282661,282663,2338,2,1,25200,234.0
280323,282667,282725,2344,58,1,25200,41.4137931034
280324,282679,282760,2355,81,1,25200,30.0740740741
280324,282672,282677,2348,5,1,25200,235.3
280325,282691,282726,2366,35,1,25200,68.6
280325,282703,282712,2378,9,1,25200,238.7
280326,282741,299637,2415,16896,1,25200,1.14293323864
280326,282716,286437,2390,3721,1,25200,1.64230045687
280326,282724,283509,2398,785,1,25200,4.05477707006
280326,282709,289060,2383,6351,1,25200,1.37521650134
280327,282793,286157,2466,3364,1,25200,1.73305588585
280327,282784,296001,2457,13217,1,25200,1.1858969509
280327,282777,283157,2450,380,1,25200,7.44736842105
280328,282752,282758,2424,6,1,25200,243.0
280328,282757,283679,2429,922,1,25200,3.63449023861
280328,282746,282747,2418,1,1,25200,241.9
280329,282763,282766,2434,3,1,25200,243.7
280329,282820,282822,2491,2,1,25200,249.3
280330,282903,284631,2573,1728,1,25200,2.48900462963
280330,282872,282873,2542,1,1,25200,254.3
280331,282878,282879,2547,1,1,25200,254.8
280331,282915,285544,2584,2629,1,25200,1.98288322556
280331,282922,282925,2591,3,1,25200,259.4
280332,282890,283011,2558,121,1,25200,22.1404958678
280332,282908,282938,2576,30,1,25200,86.8666666667
280333,282943,282946,2610,3,1,25200,261.3
280333,282937,283352,2604,415,1,25200,7.27469879518
280333,282950,282955,2617,5,1,25200,262.2
280333,282959,283661,2626,702,1,25200,4.74074074074
280334,283023,283026,2689,3,1,25200,269.2
280334,282966,297613,2632,14647,1,25200,1.17969550079
280334,282973,295551,2639,12578,1,25200,1.20981078073
280335,283038,284395,2703,1357,1,25200,2.99189388357
280335,283170,283764,2835,594,1,25200,5.77272727273
280335,283030,286031,2695,3001,1,25200,1.89803398867
280335,283199,283212,2864,13,1,25200,221.307692308
280336,283218,283274,2882,56,1,25200,52.4642857143
280336,283225,284049,2889,824,1,25200,4.50606796117
280336,283204,283205,2868,1,1,25200,286.9
280337,283251,283966,2914,715,1,25200,5.07552447552
280337,283233,283238,2896,5,1,25200,290.1
280337,283241,283243,2904,2,1,25200,290.6
280338,283277,285057,2939,1780,1,25200,2.65112359551
280338,283263,283264,2925,1,1,25200,292.6
280338,283287,283289,2949,2,1,25200,295.1
280338,283256,283617,2918,361,1,25200,9.08310249307
280339,283347,308557,3008,25210,1,25200,1.11931773106
280339,283316,283357,2977,41,1,25200,73.6097560976
280339,283302,283417,2963,115,1,25200,26.7652173913
280340,283364,283367,3024,3,1,25200,302.7
280340,283371,283373,3031,2,1,25200,303.3
280340,283378,283381,3038,3,1,25200,304.1
280340,283352,289974,3012,6622,1,25200,1.4548474781
280341,283390,283886,3049,496,1,25200,7.14717741935
280341,283396,283422,3055,26,1,25200,118.5
280342,283440,287921,3098,4481,1,25200,1.69136353493
280342,283433,283435,3091,2,1,25200,309.3
280342,283408,283436,3066,28,1,25200,110.5
280342,283447,283498,3105,51,1,25200,61.8823529412
280343,283511,283513,3168,2,1,25200,317.0
280343,283505,283861,3162,356,1,25200,9.88202247191
280343,283453,283730,3110,277,1,25200,12.2274368231
280344,283536,284594,3192,1058,1,25200,4.01701323251
280344,283522,283523,3178,1,1,25200,317.9
280345,283673,283676,3328,3,1,25200,333.1
280345,283629,283664,3284,35,1,25200,94.8285714286
280345,283543,283595,3198,52,1,25200,62.5
280345,283608,283763,3263,155,1,25200,22.0516129032
280346,283693,284363,3347,670,1,25200,5.99552238806
280346,283680,283683,3334,3,1,25200,333.7
280346,283698,284475,3352,777,1,25200,5.31402831403
280347,283717,283927,3370,210,1,25200,17.0476190476
280347,283722,285391,3375,1669,1,25200,3.02216896345
280347,283711,283741,3364,30,1,25200,113.133333333
280348,283747,286391,3399,2644,1,25200,2.28555219365
280348,283728,284142,3380,414,1,25200,9.16425120773
280348,283742,283747,3394,5,1,25200,339.9
280349,283754,283761,3405,7,1,25200,341.2
280349,283761,285926,3412,2165,1,25200,2.57598152425
280349,283780,284064,3431,284,1,25200,13.0809859155
280349,283773,284509,3424,736,1,25200,5.65217391304
280350,283785,283833,3435,48,1,25200,72.5625
280350,283852,284754,3502,902,1,25200,4.88248337029
280350,283845,288683,3495,4838,1,25200,1.72240595287
280351,283873,283875,3522,2,1,25200,352.4
280351,283891,284029,3540,138,1,25200,26.652173913
280351,283884,292357,3533,8473,1,25200,1.41697155671
280352,283899,283903,3547,4,1,25200,355.1
280352,283915,283916,3563,1,1,25200,356.4
280352,283927,283931,3575,4,1,25200,357.9
280353,283939,286389,3586,2450,1,25200,2.46367346939
280353,283958,284723,3605,765,1,25200,5.71241830065
280353,283946,283947,3593,1,1,25200,359.4
280353,283979,284021,3626,42,1,25200,87.3333333333
280354,283995,283998,3641,3,1,25200,364.4
280354,284009,284010,3655,1,1,25200,365.6
280354,284017,284021,3663,4,1,25200,366.7
280355,284023,309268,3668,25245,1,25200,1.14529609824
280355,284039,284227,3684,188,1,25200,20.5957446809
280355,284033,284034,3678,1,1,25200,367.9
280355,284047,284053,3692,6,1,25200,369.8
280356,284064,284066,3708,2,1,25200,371.0
280356,284069,284243,3713,174,1,25200,22.3390804598
280356,284052,284053,3696,1,1,25200,369.7
280357,284082,284086,3725,4,1,25200,372.9
280357,284076,284089,3719,13,1,25200,287.076923077
280357,284087,284129,3730,42,1,25200,89.8095238095
280358,284105,290202,3747,6097,1,25200,1.61456453994
280358,284112,284118,3754,6,1,25200,376.0
280358,284093,284712,3735,619,1,25200,7.03392568659
280358,284100,284101,3742,1,1,25200,374.3
280359,284141,284143,3782,2,1,25200,378.4
280359,284118,284144,3759,26,1,25200,145.576923077
280360,284147,284148,3787,1,1,25200,378.8
280360,284160,284587,3800,427,1,25200,9.89929742389
280360,284155,284317,3795,162,1,25200,24.4259259259
280361,284206,284655,3845,449,1,25200,9.56347438753
280361,284178,284596,3817,418,1,25200,10.1315789474
280361,284185,284194,3824,9,1,25200,383.3
280361,284172,284404,3811,232,1,25200,17.4267241379
280362,284239,285215,3877,976,1,25200,4.97233606557
280362,284270,284282,3908,12,1,25200,326.666666667
280362,284255,284258,3893,3,1,25200,389.6
280363,284293,284572,3930,279,1,25200,15.0860215054
280363,284300,284301,3937,1,1,25200,393.8
280363,284277,284281,3914,4,1,25200,391.8
280364,284334,284339,3970,5,1,25200,397.5
280364,284327,284336,3963,9,1,25200,397.2
280364,284314,284315,3950,1,1,25200,395.1
280365,284376,284623,4011,247,1,25200,17.2388663968
280365,284381,284504,4016,123,1,25200,33.6504065041
280365,284348,284368,3983,20,1,25200,200.15
280366,284393,284394,4027,1,1,25200,402.8
280366,284370,284372,4004,2,1,25200,400.6
280366,284355,284356,3989,1,1,25200,399.0
280366,284399,284656,4033,257,1,25200,16.6926070039
280367,284411,284568,4044,157,1,25200,26.7579617834
280367,284416,284422,4049,6,1,25200,405.5
280367,284404,284416,4037,12,1,25200,337.416666667
280368,284436,284558,4068,122,1,25200,34.3442622951
280368,284487,284491,4119,4,1,25200,412.3
280368,284429,284688,4061,259,1,25200,16.6795366795
280368,284503,284508,4135,5,1,25200,414.0
280369,284516,284711,4147,195,1,25200,22.2666666667
280369,284524,285780,4155,1256,1,25200,4.30812101911
280369,284529,284545,4160,16,1,25200,261.0
280370,284570,284575,4200,5,1,25200,420.5
280370,284556,298455,4186,13899,1,25200,1.30117274624
280370,284580,284601,4210,21,1,25200,201.476190476
280371,284587,284592,4216,5,1,25200,422.1
280371,284601,284607,4230,6,1,25200,423.6
280372,284619,284622,4247,3,1,25200,425.0
280372,284613,286740,4241,2127,1,25200,2.99388810531
280372,284608,285111,4236,503,1,25200,9.42147117296
280373,284625,285182,4252,557,1,25200,8.63375224417
280373,284632,284633,4259,1,1,25200,426.0
280373,284643,289708,4270,5065,1,25200,1.84304047384
280373,284638,284640,4265,2,1,25200,426.7
280374,284661,284662,4287,1,1,25200,428.8
280374,284655,284659,4281,4,1,25200,428.5
280374,284650,284651,4276,1,1,25200,427.7
280375,284684,284687,4309,3,1,25200,431.2
280375,284666,284671,4291,5,1,25200,429.6
280375,284673,284674,4298,1,1,25200,429.9
280375,284679,284680,4304,1,1,25200,430.5
280376,284690,284817,4314,127,1,25200,34.968503937
280376,284695,298589,4319,13894,1,25200,1.31085360587
280376,284701,284773,4325,72,1,25200,61.0694444444
280377,284724,285921,4347,1197,1,25200,4.63157894737
280377,284719,284749,4342,30,1,25200,145.733333333
280377,284713,284717,4336,4,1,25200,434.0
280378,284730,285646,4352,916,1,25200,5.75109170306
280378,284747,285933,4369,1186,1,25200,4.68381112985
280378,284735,286820,4357,2085,1,25200,3.0896882494
280379,284753,294989,4374,10236,1,25200,1.42731535756
280379,284787,284815,4408,28,1,25200,158.428571429
280379,284758,285037,4379,279,1,25200,16.6953405018
280379,284764,285987,4385,1223,1,25200,4.58544562551
280380,284782,284841,4402,59,1,25200,75.6101694915
280380,284771,293106,4391,8335,1,25200,1.52681463707
280380,284776,284777,4396,1,1,25200,439.7
280381,284800,310038,4419,25238,1,25200,1.17509311356
280381,284886,284887,4505,1,1,25200,450.6
280381,284795,284830,4414,35,1,25200,127.114285714
280382,284910,284911,4528,1,1,25200,452.9
280382,284808,284878,4426,70,1,25200,64.2285714286
280382,284898,289456,4516,4558,1,25200,1.99078543221
280383,284834,285526,4451,692,1,25200,7.43208092486
280383,284826,286838,4443,2012,1,25200,3.20825049702
280383,284848,284854,4465,6,1,25200,447.1
280384,284866,285046,4482,180,1,25200,25.9
280384,284860,284936,4476,76,1,25200,59.8947368421
280384,284853,284856,4469,3,1,25200,447.2
280385,284879,284881,4494,2,1,25200,449.6
280385,284903,285182,4518,279,1,25200,17.1935483871
280385,284891,292503,4506,7612,1,25200,1.59196006306
280385,284923,286747,4538,1824,1,25200,3.48793859649
280386,284960,285589,4574,629,1,25200,8.27186009539
280386,284948,286149,4562,1201,1,25200,4.79850124896
280387,285049,285059,4662,10,1,25200,467.2
280387,285058,285062,4671,4,1,25200,467.5
280387,285070,285073,4683,3,1,25200,468.6
280388,285082,291117,4694,6035,1,25200,1.7777961889
280388,285077,286248,4689,1171,1,25200,5.00426985482
280388,285089,285090,4701,1,1,25200,470.2
280389,285110,286012,4721,902,1,25200,6.23392461197
280389,285094,285098,4705,4,1,25200,470.9
280389,285102,285104,4713,2,1,25200,471.5
280390,285146,291034,4756,5888,1,25200,1.80774456522
280390,285124,285130,4734,6,1,25200,474.0
280390,285117,285127,4727,10,1,25200,473.7
280391,285153,285531,4762,378,1,25200,13.5978835979
280391,285184,285188,4793,4,1,25200,479.7
280391,285254,285258,4863,4,1,25200,486.7
280391,285189,285443,4798,254,1,25200,19.8897637795
280392,285201,285205,4809,4,1,25200,481.3
280392,285207,285217,4815,10,1,25200,482.5
280393,285237,285706,4844,469,1,25200,11.328358209
280393,285219,285220,4826,1,1,25200,482.7
280393,285214,285284,4821,70,1,25200,69.8714285714
280393,285224,286392,4831,1168,1,25200,5.13613013699
280394,285248,285250,4854,2,1,25200,485.6
280394,285259,285260,4865,1,1,25200,486.6
280394,285243,285578,4849,335,1,25200,15.4746268657
280395,285282,285638,4887,356,1,25200,14.7275280899
280395,285265,285274,4870,9,1,25200,487.9
280395,285277,285278,4882,1,1,25200,488.3
280396,285289,285303,4893,14,1,25200,350.5
280396,285295,285299,4899,4,1,25200,490.3
280397,285306,285310,4909,4,1,25200,491.3
280397,285324,294832,4927,9508,1,25200,1.51819520404
280397,285319,285741,4922,422,1,25200,12.663507109
280397,285331,285363,4934,32,1,25200,155.1875
280398,285374,285457,4976,83,1,25200,60.9518072289
280398,285336,285425,4938,89,1,25200,56.4831460674
280399,285489,286929,5090,1440,1,25200,4.53472222222
280399,285557,285564,5158,7,1,25200,516.5
280399,285456,285462,5057,6,1,25200,506.3
280399,285476,285477,5077,1,1,25200,507.8
280400,285575,285744,5175,169,1,25200,31.6213017751
280400,285590,285767,5190,177,1,25200,30.3220338983
280400,285601,285751,5201,150,1,25200,35.6733333333
280401,285666,285667,5265,1,1,25200,526.6
280401,285659,294721,5258,9062,1,25200,1.58022511587
280401,285650,285653,5249,3,1,25200,525.2
280402,285691,285692,5289,1,1,25200,529.0
280402,286050,286054,5648,4,1,25200,565.2
280402,286056,286423,5654,367,1,25200,16.4059945504
280403,285718,286571,5315,853,1,25200,7.23094958968
280403,285723,310937,5320,25214,1,25200,1.21099389228
280404,285759,285760,5355,1,1,25200,535.6
280404,285764,286068,5360,304,1,25200,18.6315789474
280404,285770,285773,5366,3,1,25200,536.9
280405,285783,285884,5378,101,1,25200,54.2475247525
280405,286063,286066,5658,3,1,25200,566.1
280405,285776,285810,5371,34,1,25200,158.970588235
280406,285806,286503,5400,697,1,25200,8.7474892396
280406,285794,285798,5388,4,1,25200,539.2
280406,285801,289277,5395,3476,1,25200,2.55207134638
280407,285812,311044,5405,25232,1,25200,1.2142121116
280407,285819,285820,5412,1,1,25200,541.3
280407,285826,285924,5419,98,1,25200,56.2959183673
280408,285845,285981,5437,136,1,25200,40.9779411765
280408,285941,286048,5533,107,1,25200,52.7102803738
280408,285946,285974,5538,28,1,25200,198.785714286
280409,285953,285958,5544,5,1,25200,554.9
280409,285970,289306,5561,3336,1,25200,2.66696642686
280410,285987,287314,5577,1327,1,25200,5.20271288621
280410,285994,285997,5584,3,1,25200,558.7
280410,286012,286058,5602,46,1,25200,122.782608696
280410,286007,311215,5597,25208,1,25200,1.22203268804
280411,286018,286025,5607,7,1,25200,561.4
280411,286025,286026,5614,1,1,25200,561.5
280411,286030,286034,5619,4,1,25200,562.3
280412,286037,286538,5625,501,1,25200,12.2275449102
280412,286043,286044,5631,1,1,25200,563.2
280412,286068,286069,5656,1,1,25200,565.7
280413,286089,286184,5676,95,1,25200,60.7473684211
280413,286076,286079,5663,3,1,25200,566.6
280413,286082,286083,5669,1,1,25200,567.0
280414,286107,286108,5693,1,1,25200,569.4
280414,286100,286107,5686,7,1,25200,569.3
280414,286095,286096,5681,1,1,25200,568.2
280415,286118,286152,5703,34,1,25200,168.735294118
280415,286113,286114,5698,1,1,25200,569.9
280416,286130,286187,5714,57,1,25200,101.245614035
280416,286148,286149,5732,1,1,25200,573.3
280416,286142,287336,5726,1194,1,25200,5.79564489112
280416,286137,287408,5721,1271,1,25200,5.50118017309
280417,286162,286169,5745,7,1,25200,575.2
280417,286167,286711,5750,544,1,25200,11.5698529412
280417,286179,286436,5762,257,1,25200,23.420233463
280418,286201,286566,5783,365,1,25200,16.8438356164
280418,286174,286178,5756,4,1,25200,576.0
280418,286193,286442,5775,249,1,25200,24.1927710843
280419,286224,286228,5805,4,1,25200,580.9
280419,286212,286653,5793,441,1,25200,14.1360544218
280419,286206,286207,5787,1,1,25200,578.8
280420,286248,289174,5828,2926,1,25200,2.99179767601
280420,286235,286237,5815,2,1,25200,581.7
280420,286229,286230,5809,1,1,25200,581.0
280421,286400,286748,5979,348,1,25200,18.1810344828
280421,286261,286602,5840,341,1,25200,18.1260997067
280421,286408,286638,5987,230,1,25200,27.0304347826
280422,286413,286523,5991,110,1,25200,55.4636363636
280422,286436,286440,6014,4,1,25200,601.8
280422,286448,286516,6026,68,1,25200,89.6176470588
280423,286536,286568,6113,32,1,25200,192.03125
280423,286455,286468,6032,13,1,25200,465.0
280423,286460,286488,6037,28,1,25200,216.607142857
280423,286486,286488,6063,2,1,25200,606.5
280424,286563,286790,6139,227,1,25200,28.0440528634
280424,286479,311713,6055,25234,1,25200,1.23995403028
280424,286466,286467,6042,1,1,25200,604.3
280425,286505,286537,6080,32,1,25200,191.0
280425,286499,286649,6074,150,1,25200,41.4933333333
280425,286515,286520,6090,5,1,25200,609.5
280426,286549,286587,6123,38,1,25200,162.131578947
280426,286529,289760,6103,3231,1,25200,2.88888888889
280426,286542,286545,6116,3,1,25200,611.9
280427,286585,286992,6158,407,1,25200,16.1302211302
280427,286556,286661,6129,105,1,25200,59.3714285714
280427,286591,286592,6164,1,1,25200,616.5
280427,286579,287844,6152,1265,1,25200,5.86324110672
280428,286632,286971,6204,339,1,25200,19.3008849558
280428,286598,286604,6170,6,1,25200,617.6
280428,286650,291132,6222,4482,1,25200,2.38821954485
280429,286606,286607,6177,1,1,25200,617.8
280429,286620,286621,6191,1,1,25200,619.2
280429,286614,290266,6185,3652,1,25200,2.69359255203
280430,286662,286666,6232,4,1,25200,623.6
280430,286626,311833,6196,25207,1,25200,1.24580473678
280430,286669,286673,6239,4,1,25200,624.3
280431,286676,286722,6245,46,1,25200,136.760869565
280431,286733,286743,6302,10,1,25200,631.2
280431,286682,286946,6251,264,1,25200,24.678030303
280432,286724,286733,6292,9,1,25200,630.1
280432,286745,286783,6313,38,1,25200,167.131578947
280432,286690,288150,6258,1460,1,25200,5.28630136986
280433,286765,291013,6332,4248,1,25200,2.49058380414
280433,286759,286762,6326,3,1,25200,632.9
280433,286753,286956,6320,203,1,25200,32.1330049261
280433,286770,286837,6337,67,1,25200,95.5820895522
280434,286777,287324,6343,547,1,25200,12.5959780622
280434,286796,287018,6362,222,1,25200,29.6576576577
280434,286803,287435,6369,632,1,25200,11.0775316456
280435,286848,286851,6413,3,1,25200,641.6
280435,286831,286949,6396,118,1,25200,55.2033898305
280435,286856,287569,6421,713,1,25200,10.0056100982
280436,286941,286946,6505,5,1,25200,651.0
280436,286876,288065,6440,1189,1,25200,6.41631623213
280437,287001,289035,6564,2034,1,25200,4.22713864307
280437,287008,289576,6571,2568,1,25200,3.55880062305
280437,286958,287183,6521,225,1,25200,29.9822222222
280437,286964,286975,6527,11,1,25200,594.363636364
280438,286977,287000,6539,23,1,25200,285.304347826
280438,286970,287044,6532,74,1,25200,89.2702702703
280439,286984,286989,6545,5,1,25200,655.0
280439,286991,286992,6552,1,1,25200,655.3
280439,287021,287115,6582,94,1,25200,71.0212765957
280440,287035,287091,6595,56,1,25200,118.767857143
280440,287103,287112,6663,9,1,25200,667.2
280440,287057,291209,6617,4152,1,25200,2.59368978805
280440,287028,287362,6588,334,1,25200,20.7245508982
280441,287123,287125,6682,2,1,25200,668.4
280441,287131,287137,6690,6,1,25200,669.6
280441,287137,287228,6696,91,1,25200,74.5824175824
280442,287149,287191,6707,42,1,25200,160.69047619
280442,287203,287208,6761,5,1,25200,676.6
280442,287194,290602,6752,3408,1,25200,2.98122065728
280443,287312,287315,6869,3,1,25200,687.2
280443,287219,287284,6776,65,1,25200,105.246153846
280443,287295,287299,6852,4,1,25200,685.6
280443,287240,289193,6797,1953,1,25200,4.48028673835
280444,287338,287342,6894,4,1,25200,689.8
280444,287325,288506,6881,1181,1,25200,6.82641828959
280444,287332,287333,6888,1,1,25200,688.9
280445,287346,288985,6901,1639,1,25200,5.21049420378
280445,287353,287356,6908,3,1,25200,691.1
280446,287388,287391,6942,3,1,25200,694.5
280446,287375,295907,6929,8532,1,25200,1.81211908111
280446,287381,287385,6935,4,1,25200,693.9
280446,287369,287375,6923,6,1,25200,692.9
280447,287412,287515,6965,103,1,25200,68.6213592233
280447,287405,303670,6958,16265,1,25200,1.42778973255
280448,287435,287436,6987,1,1,25200,698.8
280448,287420,287423,6972,3,1,25200,697.5
280448,287440,287445,6992,5,1,25200,699.7
280449,287472,287511,7023,39,1,25200,181.076923077
280449,287459,287461,7010,2,1,25200,701.2
280449,287453,287903,7004,450,1,25200,16.5644444444
280449,287448,287719,6999,271,1,25200,26.8265682657
280450,287592,287593,7142,1,1,25200,714.3
280450,287522,287526,7072,4,1,25200,707.6
280451,287615,287626,7164,11,1,25200,652.272727273
280451,287530,289349,7079,1819,1,25200,4.89169873557
280451,287607,288022,7156,415,1,25200,18.243373494
280451,287537,287556,7086,19,1,25200,373.947368421
280452,287580,287581,7128,1,1,25200,712.9
280453,287620,289815,7167,2195,1,25200,4.26514806378
280453,287586,287589,7133,3,1,25200,713.6
280454,287781,287782,7327,1,1,25200,732.8
280454,287650,287872,7196,222,1,25200,33.4144144144
280454,287747,287769,7293,22,1,25200,332.5
280454,287731,287734,7277,3,1,25200,728.0
280455,287922,287926,7467,4,1,25200,747.1
280455,287916,288172,7461,256,1,25200,30.14453125
280455,287793,291033,7338,3240,1,25200,3.26481481481
280456,287933,287981,7477,48,1,25200,156.770833333
280456,287950,287961,7494,11,1,25200,682.272727273
280456,287940,287941,7484,1,1,25200,748.5
280457,287967,288240,7510,273,1,25200,28.5091575092
280457,287956,290020,7499,2064,1,25200,4.63323643411
280457,287961,287962,7504,1,1,25200,750.5
280457,287972,288010,7515,38,1,25200,198.763157895
280458,287983,288734,7525,751,1,25200,11.0199733688
280458,287977,287979,7519,2,1,25200,752.1
280458,287988,291288,7530,3300,1,25200,3.28181818182
280459,288004,288018,7545,14,1,25200,539.928571429
280459,287994,287995,7535,1,1,25200,753.6
280459,287999,288098,7540,99,1,25200,77.1616161616
280460,288010,288011,7550,1,1,25200,755.1
280460,288021,288022,7561,1,1,25200,756.2
280460,288015,288859,7555,844,1,25200,9.95142180095
280461,288043,288229,7582,186,1,25200,41.7634408602
280461,288026,288116,7565,90,1,25200,85.0555555556
280461,288032,288159,7571,127,1,25200,60.6141732283
280461,288037,288758,7576,721,1,25200,11.507628294
280462,288060,288062,7598,2,1,25200,760.0
280462,288048,288573,7586,525,1,25200,15.4495238095
280462,288054,288056,7592,2,1,25200,759.4
280463,288065,288067,7602,2,1,25200,760.4
280463,288076,288078,7613,2,1,25200,761.5
280463,288071,313294,7608,25223,1,25200,1.30162946517
280464,288093,289930,7629,1837,1,25200,5.15296679369
280464,288087,288088,7623,1,1,25200,762.4
280464,288082,313305,7618,25223,1,25200,1.30202592872
280465,288143,288144,7678,1,1,25200,767.9
280465,288098,288135,7633,37,1,25200,207.297297297
280465,288138,288184,7673,46,1,25200,167.804347826
280465,288106,290230,7641,2124,1,25200,4.59745762712
280466,288111,288112,7645,1,1,25200,764.6
280466,288155,288157,7689,2,1,25200,769.1
280466,288149,288168,7683,19,1,25200,405.368421053
280467,288127,289707,7660,1580,1,25200,5.84810126582
280467,288117,288121,7650,4,1,25200,765.4
280467,288133,288207,7666,74,1,25200,104.594594595
280467,288122,288618,7655,496,1,25200,16.4334677419
280468,288171,288683,7703,512,1,25200,16.044921875
280468,288160,288161,7692,1,1,25200,769.3
280469,288182,288183,7713,1,1,25200,771.4
280469,288187,288188,7718,1,1,25200,771.9
280470,288193,288206,7723,13,1,25200,595.076923077
280470,288206,288207,7736,1,1,25200,773.7
280470,288201,288278,7731,77,1,25200,101.402597403
280471,288212,288342,7741,130,1,25200,60.5461538462
280471,288217,288557,7746,340,1,25200,23.7823529412
280472,288228,288229,7756,1,1,25200,775.7
280472,288234,288239,7762,5,1,25200,776.7
280472,288240,288241,7768,1,1,25200,776.9
280472,288245,288272,7773,27,1,25200,288.888888889
280473,288250,298156,7777,9906,1,25200,1.78507974965
280473,288256,313502,7783,25246,1,25200,1.30828646122
280473,288261,288388,7788,127,1,25200,62.3228346457
280474,288277,288278,7803,1,1,25200,780.4
280474,288283,288284,7809,1,1,25200,781.0
280474,288272,288470,7798,198,1,25200,40.3838383838
280474,288266,288437,7792,171,1,25200,46.567251462
280475,288296,292068,7821,3772,1,25200,3.07343584305
280475,288288,288290,7813,2,1,25200,781.5
280475,288301,288320,7826,19,1,25200,412.894736842
280476,288312,288319,7836,7,1,25200,784.3
280476,288318,288320,7842,2,1,25200,784.4
280476,288307,288308,7831,1,1,25200,783.2
280477,288323,288546,7846,223,1,25200,36.1838565022
280477,288334,288440,7857,106,1,25200,75.1226415094
280477,288329,288330,7852,1,1,25200,785.3
280478,288346,289009,7868,663,1,25200,12.8672699849
280478,288351,288353,7873,2,1,25200,787.5
280478,288340,288341,7862,1,1,25200,786.3
280479,288493,288501,8014,8,1,25200,802.2
280479,288356,293611,7877,5255,1,25200,2.49895337774
280479,288871,291733,8392,2862,1,25200,3.9322152341
280480,289047,314255,8567,25208,1,25200,1.3398524278
280480,289021,291071,8541,2050,1,25200,5.16634146341
280480,288998,289594,8518,596,1,25200,15.2919463087
280481,289072,294584,8591,5512,1,25200,2.55859941945
280481,289185,289197,8704,12,1,25200,726.333333333
280481,289206,289210,8725,4,1,25200,872.9
280481,289213,289220,8732,7,1,25200,873.9
280482,289231,289300,8749,69,1,25200,127.797101449
280482,289288,296592,8806,7304,1,25200,2.2056407448
280482,289221,296103,8739,6882,1,25200,2.26983435048
280483,289361,289779,8878,418,1,25200,22.2392344498
280483,289320,290695,8837,1375,1,25200,7.42690909091
280483,289313,289490,8830,177,1,25200,50.8870056497
280483,296115,296117,15632,2,1,25200,1563.4
280484,289502,289512,9018,10,1,25200,902.8
280484,289467,291483,8983,2016,1,25200,5.4558531746
280485,289535,289599,9050,64,1,25200,142.40625
280485,289606,290251,9121,645,1,25200,15.1410852713
280485,289587,314827,9102,25240,1,25200,1.36061806656
280486,296872,297553,16386,681,1,25200,25.0616740088
280486,289612,289613,9126,1,1,25200,912.7
280486,296306,296307,15820,1,1,25200,1582.1
280487,289624,289629,9137,5,1,25200,914.2
280487,297050,297899,16563,849,1,25200,20.5088339223
280487,289640,289643,9153,3,1,25200,915.6
280488,289726,289736,9238,10,1,25200,924.8
280488,289739,293682,9251,3943,1,25200,3.34618310931
280488,289720,289727,9232,7,1,25200,923.9
280488,289655,294496,9167,4841,1,25200,2.89361702128
280489,289748,291494,9259,1746,1,25200,6.30297823597
280489,289771,289775,9282,4,1,25200,928.6
280489,289787,289948,9298,161,1,25200,58.751552795
280490,289826,289833,9336,7,1,25200,934.3
280490,289844,290075,9354,231,1,25200,41.4935064935
280490,289794,315005,9304,25211,1,25200,1.36904525802
280491,289916,291334,9425,1418,1,25200,7.6466854725
280491,289943,292137,9452,2194,1,25200,5.30811303555
280491,289961,293684,9470,3723,1,25200,3.54364759602
280492,289987,289990,9495,3,1,25200,949.8
280492,290002,290031,9510,29,1,25200,328.931034483
280492,290032,290036,9540,4,1,25200,954.4
280492,290044,296910,9552,6866,1,25200,2.39120302942
280493,290050,290440,9557,390,1,25200,25.5051282051
280493,290087,290122,9594,35,1,25200,275.114285714
280493,290133,290134,9640,1,1,25200,964.1
280494,290146,290447,9652,301,1,25200,33.0664451827
280494,290214,290222,9720,8,1,25200,972.8
280494,290234,290235,9740,1,1,25200,974.1
280495,290250,290943,9755,693,1,25200,15.0764790765
280495,290245,290246,9750,1,1,25200,975.1
280495,290239,292164,9744,1925,1,25200,6.06181818182
280496,290266,290267,9770,1,1,25200,977.1
280496,290255,290282,9759,27,1,25200,362.444444444
280496,290261,291454,9765,1193,1,25200,9.18524727578
280497,290283,290945,9786,662,1,25200,15.7824773414
280497,290272,291836,9775,1564,1,25200,7.25
280497,290277,290760,9780,483,1,25200,21.248447205
280498,290305,290306,9807,1,1,25200,980.8
280498,290288,292519,9790,2231,1,25200,5.38816674137
280498,290300,290712,9802,412,1,25200,24.7912621359
280498,290294,290605,9796,311,1,25200,32.498392283
280499,290317,297946,9818,7629,1,25200,2.2869314458
280499,290489,290796,9990,307,1,25200,33.5407166124
280499,290311,295850,9812,5539,1,25200,2.77143888789
280500,290824,290893,10324,69,1,25200,150.623188406
280500,290808,290812,10308,4,1,25200,1031.2
280501,290905,290995,10404,90,1,25200,116.6
280501,291007,291011,10506,4,1,25200,1051.0
280501,291023,291150,10522,127,1,25200,83.8503937008
280501,291159,293295,10658,2136,1,25200,5.98970037453
280502,291166,291173,10664,7,1,25200,1067.1
280502,291221,291224,10719,3,1,25200,1072.2
280502,291185,292478,10683,1293,1,25200,9.26218097448
280503,291237,291238,10734,1,1,25200,1073.5
280503,291250,315825,10747,24575,1,25200,1.43731434385
280503,291507,291888,11004,381,1,25200,29.8818897638
280504,293308,293311,12804,3,1,25200,1280.7
280504,293107,293110,12603,3,1,25200,1260.6
280504,292680,292684,12176,4,1,25200,1218.0
280504,292696,293094,12192,398,1,25200,31.6331658291
280505,293323,293328,12818,5,1,25200,1282.3
280505,293340,293342,12835,2,1,25200,1283.7
280505,293354,293393,12849,39,1,25200,330.461538462
280506,293405,293615,12899,210,1,25200,62.4238095238
280506,293624,318870,13118,25246,1,25200,1.51960706647
280507,293631,293637,13124,6,1,25200,1313.0
280507,293649,293651,13142,2,1,25200,1314.4
280507,293932,294105,13425,173,1,25200,78.6011560694
280507,293663,294488,13156,825,1,25200,16.9466666667
280508,298282,298778,17774,496,1,25200,36.8346774194
280508,298291,298308,17783,17,1,25200,1047.05882353
280508,298268,298270,17760,2,1,25200,1776.2
280509,299434,299438,18925,4,1,25200,1892.9
280509,299126,299128,18617,2,1,25200,1861.9
280509,299140,299422,18631,282,1,25200,67.0673758865
280510,296184,298096,15674,1912,1,25200,9.19769874477
280510,296130,296236,15620,106,1,25200,148.358490566
280510,296248,296272,15738,24,1,25200,656.75
280510,299450,299806,18940,356,1,25200,54.202247191
280511,294118,294494,13607,376,1,25200,37.1888297872
280511,294502,294519,13991,17,1,25200,824.0
280512,294531,294544,14019,13,1,25200,1079.38461538
280512,294596,294619,14084,23,1,25200,613.347826087
280512,294556,296350,14044,1794,1,25200,8.82831661093
280513,294733,295428,14220,695,1,25200,21.4604316547
280513,294844,294968,14331,124,1,25200,116.572580645
280513,294820,294873,14307,53,1,25200,270.943396226
280513,294631,294807,14118,176,1,25200,81.2159090909
280514,294981,295144,14467,163,1,25200,89.754601227
280514,295861,295864,15347,3,1,25200,1535.0
280514,294885,295149,14371,264,1,25200,55.4356060606
280515,295881,298001,15366,2120,1,25200,8.24811320755
280515,296284,296294,15769,10,1,25200,1577.9
280515,296319,297900,15804,1581,1,25200,10.9962049336
280516,298168,298177,17652,9,1,25200,1766.1
280516,296362,296365,15846,3,1,25200,1584.9
280516,296377,298256,15861,1879,1,25200,9.44119212347
280516,296857,296859,16341,2,1,25200,1634.3
280517,298189,298279,17672,90,1,25200,197.355555556
280517,298320,299114,17803,794,1,25200,23.4219143577
281418,281434,287933,16,6499,2,14400,1.00246191722
281602,281609,287933,7,6324,2,14400,1.00110689437
282000,282010,287933,10,5923,2,14400,1.00168833361
282139,282145,287933,6,5788,2,14400,1.00103662751
282158,282176,287933,18,5757,2,14400,1.00312662845
282425,282438,287933,13,5495,2,14400,1.00236578708
282440,282455,287933,15,5478,2,14400,1.00273822563
282598,282604,287933,6,5329,2,14400,1.00112591481
282728,282734,287933,6,5199,2,14400,1.00115406809
282749,282770,287933,21,5163,2,14400,1.00406740267
282917,282929,287933,12,5004,2,14400,1.00239808153
283185,283192,287933,7,4741,2,14400,1.00147648175
283333,283340,287933,7,4593,2,14400,1.00152405835
283373,283385,287933,12,4548,2,14400,1.00263852243
283388,283403,287933,15,4530,2,14400,1.00331125828
283419,283426,287933,7,4507,2,14400,1.00155313956
283849,283859,287933,10,4074,2,14400,1.00245459008
283982,283988,287933,6,3945,2,14400,1.00152091255
284155,284167,287933,12,3766,2,14400,1.00318640467
284329,284341,287933,12,3592,2,14400,1.00334075724
284357,284364,287933,7,3569,2,14400,1.00196133371
284406,284423,287933,17,3510,2,14400,1.00484330484
284829,284841,287933,12,3092,2,14400,1.00388098318
284929,284935,287933,6,2998,2,14400,1.00200133422
285189,285196,287933,7,2737,2,14400,1.00255754476
285210,285232,287934,22,2702,2,14400,1.00814211695
285226,285271,287936,45,2665,2,14400,1.01688555347
285295,285313,287934,18,2621,2,14400,1.00686760778
285392,285437,287934,45,2497,2,14400,1.01802162595
285451,285469,361375,18,75906,1,172800,1.0002371354
285509,285540,379884,31,94344,1,172800,1.00032858475
285536,285547,359594,11,74047,1,172800,1.0001485543
285836,285933,287934,97,2001,2,14400,1.04847576212
286202,286218,287934,16,1716,2,14400,1.00932400932
286217,286242,287934,25,1692,2,14400,1.01477541371
286326,286335,287934,9,1599,2,14400,1.00562851782
287079,287085,287934,6,849,2,14400,1.00706713781
287296,287304,287935,8,631,2,14400,1.01267828843
287824,287883,287934,59,51,2,14400,2.1568627451
288311,288363,290222,52,1859,2,7200,1.02797202797
288312,288369,290222,57,1853,2,7200,1.03076092822
288313,288374,290222,61,1848,2,7200,1.03300865801
288315,288380,290222,65,1842,2,7200,1.03528773073
288316,288385,290222,69,1837,2,7200,1.03756124115
288318,288390,290222,72,1832,2,7200,1.03930131004
288319,288396,290222,77,1826,2,7200,1.0421686747
288320,288401,290222,81,1821,2,7200,1.04448105437
288322,288406,289009,84,603,2,7200,1.13930348259
288323,288412,290222,89,1810,2,7200,1.04917127072
288325,288417,288849,92,432,2,7200,1.21296296296
288326,288422,290222,96,1800,2,7200,1.05333333333
288327,288428,290222,101,1794,2,7200,1.05629877369
288329,288433,290222,104,1789,2,7200,1.05813303522
288330,288439,290222,109,1783,2,7200,1.06113292204
288331,288444,290223,113,1779,2,7200,1.0635188308
288333,288449,290223,116,1774,2,7200,1.06538895152
288334,288455,290223,121,1768,2,7200,1.06843891403
288336,288460,290223,124,1763,2,7200,1.07033465683
288337,288465,290223,128,1758,2,7200,1.07281001138
288338,288471,290223,133,1752,2,7200,1.07591324201
288340,288476,289019,136,543,2,7200,1.25046040516
288341,288481,290223,140,1742,2,7200,1.0803673938
288342,288487,290223,145,1736,2,7200,1.08352534562
288344,288505,290223,161,1718,2,7200,1.09371362049
288345,288620,290223,275,1603,2,7200,1.17155333749
288347,288625,290223,278,1598,2,7200,1.17396745932
288348,288630,290223,282,1593,2,7200,1.17702448211
288349,288694,290223,345,1529,2,7200,1.22563767168
288351,288707,290223,356,1516,2,7200,1.23482849604
288352,288770,290223,418,1453,2,7200,1.2876806607
288354,288847,290223,493,1376,2,7200,1.35828488372
288355,288854,290223,499,1369,2,7200,1.36449963477
288356,288862,290223,506,1361,2,7200,1.37178545187
288358,288500,290223,142,1723,2,7200,1.0824143935
290249,290326,297012,77,6686,2,7200,1.01151660185
290251,290332,297055,81,6723,2,7200,1.01204819277
290252,290337,297179,85,6842,2,7200,1.01242326805
290253,290343,297202,90,6859,2,7200,1.01312144627
290255,290348,297504,93,7156,2,7200,1.0129960872
290256,290353,297055,97,6702,2,7200,1.01447329155
290258,290359,296811,101,6452,2,7200,1.01565406076
290259,290364,297550,105,7186,2,7200,1.01461174506
290260,290370,297196,110,6826,2,7200,1.01611485497
290262,290375,297260,113,6885,2,7200,1.01641249092
290263,290381,296967,118,6586,2,7200,1.0179167932
290265,290386,297115,121,6729,2,7200,1.01798186952
290266,290391,297299,125,6908,2,7200,1.01809496236
290267,290397,297153,130,6756,2,7200,1.01924215512
290269,290402,297579,133,7177,2,7200,1.01853141981
290270,290408,297623,138,7215,2,7200,1.01912681913
290272,290413,296748,141,6335,2,7200,1.02225730071
290273,290418,297524,145,7106,2,7200,1.0204052913
290274,290424,297376,150,6952,2,7200,1.02157652474
290276,290429,297345,153,6916,2,7200,1.02212261423
290277,290435,297124,158,6689,2,7200,1.02362087009
290279,290440,296702,161,6262,2,7200,1.02571063558
290280,290446,297687,166,7241,2,7200,1.02292501036
290281,290451,297089,170,6638,2,7200,1.02561012353
290283,290456,297443,173,6987,2,7200,1.02476026907
290284,290462,297496,178,7034,2,7200,1.02530565823
290286,290467,296706,181,6239,2,7200,1.02901105946
290287,290473,297016,186,6543,2,7200,1.02842732691
290288,290478,297191,190,6713,2,7200,1.02830329212
290290,290484,297716,194,7232,2,7200,1.02682522124
290291,290613,297381,322,6768,2,7200,1.04757683215
290293,290707,297492,414,6785,2,7200,1.06101694915
290294,290773,297991,479,7218,2,7200,1.0663618731
290295,291083,297894,788,6811,2,7200,1.11569519894
290297,291145,297882,848,6737,2,7200,1.12587204987
290298,291345,297964,1047,6619,2,7200,1.15818099411
290300,291494,298409,1194,6915,2,7200,1.1726681128
290301,291744,298956,1443,7212,2,7200,1.20008319468
290302,291900,299112,1598,7212,2,7200,1.22157515252
290304,292167,298958,1863,6791,2,7200,1.27433367693
290305,292172,299052,1867,6880,2,7200,1.27136627907
290307,292177,299401,1870,7224,2,7200,1.2588593577
290308,292229,298501,1921,6272,2,7200,1.30628188776
290309,292490,299334,2181,6844,2,7200,1.31867329047
290311,292530,299619,2219,7089,2,7200,1.3130201721
290312,293121,299341,2809,6220,2,7200,1.45160771704
290314,293696,300515,3382,6819,2,7200,1.49596715061
290315,294509,301195,4194,6686,2,7200,1.62728088543
290316,295163,301674,4847,6511,2,7200,1.74443249885
290318,290497,297240,179,6743,2,7200,1.02654604775
290319,295516,301884,5197,6368,2,7200,1.81611180905
290321,295522,302348,5201,6826,2,7200,1.76193964254
290322,295527,302555,5205,7028,2,7200,1.7406089926
290323,295746,302442,5423,6696,2,7200,1.8098864994
290325,295751,302514,5426,6763,2,7200,1.80230666864
290605,295813,309475,5208,13662,2,21600,1.38120333773
290905,291045,291094,140,49,4,14400,3.85714285714
290946,295800,296972,4854,1172,8,3540,5.14163822526
291095,291106,294409,11,3303,4,28980,1.00333030578
292134,292161,326325,27,34164,4,53400,1.00079030558
292535,295756,295789,3221,33,4,7200,98.6060606061
293576,303688,305346,10112,1658,4,3600,7.09891435464
293667,304095,311353,10428,7258,2,28800,2.43675943786
293680,295818,295881,2138,63,2,600,34.9365079365
293945,304243,354689,10298,50446,2,50400,1.20413907941
294493,295321,324325,828,29004,4,28980,1.02854778651
294507,299352,299475,4845,123,8,57600,40.3902439024
294995,295001,295148,6,147,1,28800,1.04081632653
295001,295156,298833,155,3677,1,28800,1.04215392983
295024,299649,424671,4625,125022,1,129600,1.03699348915
295100,299819,401441,4719,101622,1,129600,1.04643679518
295188,304029,421655,8841,117626,1,129600,1.07516195399
295253,304719,413979,9466,109260,1,129600,1.08663737873
295288,295439,304524,151,9085,1,28800,1.01662080352
295302,304859,395716,9557,90857,1,129600,1.10518727231
295348,304927,393299,9579,88372,1,129600,1.10839406147
295391,306638,392805,11247,86167,1,129600,1.13052560725
295428,306644,392180,11216,85536,1,129600,1.13112607557
295525,295564,296171,39,607,1,28800,1.06425041186
295634,295740,295801,106,61,4,300,2.73770491803
295853,295893,302879,40,6986,2,7200,1.00572573719
295855,296012,303129,157,7117,2,7200,1.02205985668
295856,296713,303959,857,7246,2,7200,1.11827215015
295857,296720,302848,863,6128,2,7200,1.14082898172
295859,296761,303617,902,6856,2,7200,1.13156359393
295860,296979,304083,1119,7104,2,7200,1.15751689189
295861,296985,303898,1124,6913,2,7200,1.16259221756
295863,296991,303407,1128,6416,2,7200,1.17581047382
295864,296996,303700,1132,6704,2,7200,1.16885441527
295866,297002,303517,1136,6515,2,7200,1.17436684574
295867,297028,303797,1161,6769,2,7200,1.17151721081
295868,297100,304319,1232,7219,2,7200,1.17066075634
295870,297127,303923,1257,6796,2,7200,1.1849617422
295871,297136,303731,1265,6595,2,7200,1.19181197877
295872,297166,304125,1294,6959,2,7200,1.18594625665
295874,297202,303562,1328,6360,2,7200,1.20880503145
295875,297210,303850,1335,6640,2,7200,1.20105421687
295876,297273,303891,1397,6618,2,7200,1.21109096404
295878,297312,304232,1434,6920,2,7200,1.20722543353
295879,297356,303754,1477,6398,2,7200,1.23085339168
296170,303694,735696,7524,432002,6,432000,1.01741658603
296208,303902,735906,7694,432004,6,432000,1.01781002028
296262,296824,297447,562,623,3,600,1.90208667737
296281,297713,298347,1432,634,3,600,3.25867507886
296348,297463,333469,1115,36006,16,36000,1.03096706105
296703,297389,304190,686,6801,2,7200,1.10086751948
296717,297395,303906,678,6511,2,7200,1.10413146982
296750,297456,304189,706,6733,2,7200,1.10485667607
296774,303934,345242,7160,41308,6,432000,1.17333204222
296813,297504,304735,691,7231,2,7200,1.09556077998
296970,297510,304080,540,6570,2,7200,1.08219178082
297014,297518,304314,504,6796,2,7200,1.07416127134
297016,297894,298539,878,645,3,600,2.36124031008
297029,297535,303840,506,6305,2,7200,1.08025376685
297044,297907,298530,863,623,3,600,2.38523274478
297057,297591,304301,534,6710,2,7200,1.07958271237
297059,297596,304710,537,7114,2,7200,1.07548495924
297091,297635,303848,544,6213,2,7200,1.0875583454
297118,297698,304783,580,7085,2,7200,1.08186309104
297130,298467,299084,1337,617,3,600,3.16693679092
297133,298846,305659,1713,6813,2,7200,1.25143108763
297157,299359,306439,2202,7080,2,7200,1.31101694915
297181,299365,306365,2184,7000,2,7200,1.312
297196,299370,306430,2174,7060,2,7200,1.30793201133
297198,299375,306040,2177,6665,2,7200,1.32663165791
297205,298542,299182,1337,640,3,600,3.0890625
297213,299381,305876,2168,6495,2,7200,1.3337952271
297234,298551,299162,1317,611,3,600,3.15548281506
297243,299386,305901,2143,6515,2,7200,1.32893323101
297264,299392,306354,2128,6962,2,7200,1.30565929331
297302,299397,306625,2095,7228,2,7200,1.28984504704
297348,302097,309051,4749,6954,2,7200,1.68291630716
297369,304395,325309,7026,20914,2,86400,1.33594721239
297378,302359,309217,4981,6858,2,7200,1.7263050452
297392,302364,309599,4972,7235,2,7200,1.68721492744
297446,302370,308501,4924,6131,2,7200,1.80313162616
297494,302375,309493,4881,7118,2,7200,1.68572632762
297509,302381,309357,4872,6976,2,7200,1.69839449541
297511,302386,309437,4875,7051,2,7200,1.69139129202
297526,302391,309493,4865,7102,2,7200,1.6850183047
297552,302397,309504,4845,7107,2,7200,1.68172224567
297576,302402,309292,4826,6890,2,7200,1.70043541364
297624,302453,309069,4829,6616,2,7200,1.72989721886
297698,298583,312171,885,13588,16,36000,1.06513099794
297755,307537,311173,9782,3636,1,3600,3.6903190319
297992,298358,298572,366,214,16,3600,2.71028037383
298048,327220,334421,29172,7201,24,7199,5.05110401333
298258,305357,391807,7099,86450,2,86400,1.08211683054
298954,299173,299345,219,172,16,3600,2.27325581395
299246,302567,302593,3321,26,4,7200,128.730769231
299321,299413,299460,92,47,1,1800,2.95744680851
299391,301398,301605,2007,207,16,3600,10.6956521739
299415,299487,300131,72,644,3,600,1.11180124224
299560,299566,300197,6,631,3,600,1.00950871632
299608,303573,303677,3965,104,8,57600,39.125
299652,299659,300282,7,623,3,600,1.01123595506
299665,299672,300316,7,644,3,600,1.01086956522
299678,300143,300757,465,614,3,600,1.75732899023
299691,300211,300827,520,616,3,600,1.84415584416
299701,300294,300912,593,618,3,600,1.95954692557
299714,300328,300947,614,619,3,600,1.99192245557
299726,300769,301387,1043,618,3,600,2.68770226537
300048,301617,301859,1569,242,16,10800,7.48347107438
300072,301870,302075,1798,205,16,7200,9.77073170732
300150,302086,302348,1936,262,16,14400,8.3893129771
300304,304327,306030,4023,1703,4,36000,3.36230182032
300630,302104,312916,1474,10812,1,10800,1.1363300037
300733,303141,304017,2408,876,1,3600,3.74885844749
300845,301264,311700,419,10436,1,28800,1.04014948256
301156,302092,304915,936,2823,1,28800,1.33156216791
301525,305363,348572,3838,43209,2,43200,1.08882408757
302301,305672,321798,3371,16126,2,72000,1.20904129976
302651,302657,331785,6,29128,4,29100,1.00020598737
302661,305912,478744,3251,172832,2,172800,1.01881017404
303098,305888,377927,2790,72039,2,72000,1.03872902178
303247,306369,479191,3122,172822,2,172800,1.01806482971
303942,306383,479211,2441,172828,2,172800,1.01412386882
304226,308017,308625,3791,608,3,600,7.23519736842
304399,308636,309255,4237,619,3,600,7.84491114701
304417,309303,309944,4886,641,3,600,8.6224648986
304428,309368,309999,4940,631,3,600,8.82884310618
304447,309515,310157,5068,642,3,600,8.89408099688
304464,309611,310228,5147,617,3,600,9.34197730956
304480,309955,310574,5475,619,3,600,9.84491114701
304505,310010,310623,5505,613,3,600,9.98042414356
304568,310168,310787,5600,619,3,600,10.0468497577
304605,310239,310859,5634,620,3,600,10.0870967742
304625,311366,311984,6741,618,3,600,11.9077669903
304641,312183,312707,7542,524,3,600,15.393129771
304656,312188,312710,7532,522,3,600,15.4291187739
304671,312194,312713,7523,519,3,600,15.4951830443
304687,312199,312716,7512,517,3,600,15.5299806576
305539,309266,338080,3727,28814,8,57600,1.12934684528
305723,305778,316291,55,10513,1,10800,1.005231618
305836,306348,308218,512,1870,1,3600,1.27379679144
305975,306042,308005,67,1963,3,86400,1.03413143148
305999,306051,308006,52,1955,3,86400,1.02659846547
306201,306447,317018,246,10571,1,10800,1.0232712137
306339,306452,316984,113,10532,1,10800,1.01072920623
306355,306362,313554,7,7192,2,14400,1.00097330367
306370,306377,313483,7,7106,2,14400,1.00098508303
306433,306440,313265,7,6825,2,14400,1.00102564103
306446,306489,316990,43,10501,1,10800,1.00409484811
306447,306459,313554,12,7095,2,14400,1.00169133192
307597,325505,327487,17908,1982,4,144120,10.0353178607
307754,307760,313554,6,5794,2,14400,1.00103555402
307755,307768,313554,13,5786,2,14400,1.00224680263
307756,307773,313554,17,5781,2,14400,1.0029406677
307758,307778,313554,20,5776,2,14400,1.00346260388
307759,307784,313554,25,5770,2,14400,1.00433275563
307761,307789,313554,28,5765,2,14400,1.00485689506
307762,307796,313554,34,5758,2,14400,1.00590482807
307764,307802,313554,38,5752,2,14400,1.00660639777
307765,307807,313554,42,5747,2,14400,1.00730816078
307766,307813,313554,47,5741,2,14400,1.00818672705
307841,309081,381132,1240,72051,2,72000,1.01721003178
307971,307977,313554,6,5577,2,14400,1.00107584723
308073,308079,394497,6,86418,3,86400,1.00006942998
308133,308515,348061,382,39546,3,86400,1.00965963688
308544,308551,313554,7,5003,2,14400,1.0013991605
309349,322724,344350,13375,21626,2,21600,1.61846851013
309451,309504,770317,53,460813,6,460800,1.00011501412
310155,311227,311453,1072,226,16,3600,5.74336283186
310357,311712,319402,1355,7690,2,14400,1.17620286086
310358,313277,320980,2919,7703,2,14400,1.37894326886
310360,313495,321066,3135,7571,2,14400,1.41408004227
310361,313566,321005,3205,7439,2,14400,1.43083747816
310363,313571,321421,3208,7850,2,14400,1.40866242038
310364,313576,321002,3212,7426,2,14400,1.43253433881
310366,313582,321064,3216,7482,2,14400,1.42983159583
310367,313587,321010,3220,7423,2,14400,1.43378687862
310369,313593,321296,3224,7703,2,14400,1.41853823186
310370,313598,321516,3228,7918,2,14400,1.40767870674
310372,313605,321453,3233,7848,2,14400,1.4119520897
310374,313610,321422,3236,7812,2,14400,1.41423451101
310375,313615,321167,3240,7552,2,14400,1.42902542373
310377,313621,321510,3244,7889,2,14400,1.41120547598
310378,313626,321357,3248,7731,2,14400,1.42012676239
310380,313631,321350,3251,7719,2,14400,1.42116854515
310381,313637,321414,3256,7777,2,14400,1.41867043847
310383,320992,327529,10609,6537,2,14400,2.62291571057
310384,321014,327880,10630,6866,2,14400,2.54820856394
310504,312204,312722,1700,518,3,600,4.28185328185
310896,324384,785218,13488,460834,6,460800,1.02926867375
311021,324305,497111,13284,172806,2,172800,1.07687233082
311088,311094,311354,6,260,1,1800,1.02307692308
311290,311995,321343,705,9348,20,14400,1.07541720154
311314,313317,322988,2003,9671,20,14400,1.20711405232
311537,326157,498995,14620,172838,2,172800,1.08458787998
311719,313756,313983,2037,227,3,600,9.97356828194
311959,311966,314788,7,2822,1,2700,1.00248051028
312063,313515,321637,1452,8122,1,28800,1.17877370106
312239,323852,323900,11613,48,8,3540,242.9375
313577,315018,324373,1441,9355,20,12600,1.15403527525
313640,321034,327502,7394,6468,2,14400,2.14316635745
313642,321088,328322,7446,7234,2,14400,2.02930605474
313643,321093,328293,7450,7200,2,14400,2.03472222222
313645,321098,327642,7453,6544,2,14400,2.13890586797
313646,321182,327938,7536,6756,2,14400,2.11545293073
313648,321312,328229,7664,6917,2,14400,2.10799479543
314923,324299,335810,9376,11511,8,14400,1.81452523673
315264,316304,316309,1040,5,1,120,104.5
315374,317002,317052,1628,50,3,300,33.56
315495,315837,321640,342,5803,1,28800,1.0589350336
315949,321109,331996,5160,10887,1,18000,1.47395976853
316102,324224,335152,8122,10928,1,18000,1.7432284041
316723,320055,320314,3332,259,16,14400,13.8648648649
317154,317161,317484,7,323,3,300,1.02167182663
317174,317496,317803,322,307,3,300,2.04885993485
317208,317815,318163,607,348,3,300,2.74425287356
317221,318175,318523,954,348,3,300,3.74137931034
317239,321691,322014,4452,323,3,300,14.7832817337
317251,322027,322333,4776,306,3,300,16.6078431373
317270,323137,323444,5867,307,3,300,20.1107491857
317271,320325,320521,3054,196,16,10800,16.5816326531
317283,323206,323526,5923,320,3,300,19.509375
317398,320532,320721,3134,189,16,7200,17.582010582
317449,323867,324212,6418,345,3,300,19.6028985507
317463,326163,326499,8700,336,3,300,26.8928571429
317478,326192,326500,8714,308,3,300,29.2922077922
317491,326198,326524,8707,326,3,300,27.7085889571
317507,326203,326518,8696,315,3,300,28.6063492063
317520,326300,326648,8780,348,3,300,26.2298850575
317532,326306,326647,8774,341,3,300,26.7302052786
317537,320732,320863,3195,131,16,3600,25.3893129771
317547,326313,326662,8766,349,3,300,26.11747851
317697,326319,326659,8622,340,3,300,26.3588235294
317712,326336,326685,8624,349,3,300,25.7106017192
317727,326510,326859,8783,349,3,300,26.1661891117
317742,326517,326860,8775,343,3,300,26.583090379
317759,326529,326849,8770,320,3,300,28.40625
317774,326536,326884,8762,348,3,300,26.1781609195
317786,326626,326934,8840,308,3,300,29.7012987013
317800,326632,326943,8832,311,3,300,29.3987138264
317853,320875,321068,3022,193,16,3600,16.6580310881
317857,321082,321330,3225,248,16,3600,14.0040322581
317862,321341,321596,3479,255,16,3600,14.6431372549
317866,321354,321674,3488,320,16,3600,11.9
317952,326652,326968,8700,316,3,300,28.5316455696
317963,326658,327007,8695,349,3,300,25.9140401146
317973,326665,327008,8692,343,3,300,26.3411078717
317984,326672,326978,8688,306,3,300,29.3921568627
317995,326700,327045,8705,345,3,300,26.231884058
318007,326832,327140,8825,308,3,300,29.6525974026
318018,326860,327209,8842,349,3,300,26.335243553
318029,326867,327214,8838,347,3,300,26.469740634
318204,326928,332770,8724,5842,2,172800,2.49332420404
318251,318535,319288,284,753,4,720,1.37715803453
318263,319300,320044,1037,744,5,720,2.3938172043
318293,325518,326289,7225,771,6,720,10.3709468223
318323,325146,325904,6823,758,7,720,10.0013192612
318354,324730,325488,6376,758,8,720,9.41160949868
318384,324340,325095,5956,755,9,720,8.88874172185
318414,323861,324618,5447,757,10,720,8.19550858653
318423,321360,322102,2937,742,4,720,4.95822102426
318444,323102,323850,4658,748,11,720,7.22727272727
318453,321615,322356,3162,741,5,720,5.26720647773
318475,321608,322360,3133,752,12,720,5.16622340426
318483,325545,326302,7062,757,6,720,10.3289299868
318513,325321,326082,6808,761,7,720,9.94612352168
318520,322324,323082,3804,758,4,720,6.01846965699
318544,324736,325507,6192,771,8,720,9.03112840467
318550,326094,326850,7544,756,5,720,10.9788359788
318558,322368,323125,3810,757,4,720,6.03302509908
318574,324390,325135,5816,745,9,720,8.8067114094
318580,325866,326620,7286,754,6,720,10.6631299735
318588,326099,326821,7511,722,5,720,11.4030470914
318605,323911,324655,5306,744,10,720,8.13172043011
318611,325392,326146,6781,754,7,720,9.99336870027
318619,325872,326615,7253,743,6,720,10.7617765814
318635,323200,323959,4565,759,11,720,7.01449275362
318641,324784,325534,6143,750,8,720,9.19066666667
318649,325427,326181,6778,754,7,720,9.98938992042
318665,321685,322428,3020,743,12,720,5.06460296097
318671,324629,325381,5958,752,9,720,8.92287234043
318679,325107,325855,6428,748,8,720,9.5935828877
318701,323970,324719,5269,749,10,720,8.0347129506
318710,324666,325416,5956,750,9,720,8.94133333333
318732,323264,324003,4532,739,11,720,7.13261163735
318740,324014,324773,5274,759,10,720,7.94861660079
318762,322439,323189,3677,750,12,720,5.90266666667
318770,323537,324288,4767,751,11,720,7.34753661784
318801,323096,323841,4295,745,12,720,6.76510067114
319866,319872,319879,6,7,1,60,1.3
320029,321021,321026,992,5,1,60,99.7
320095,326934,398958,6839,72024,2,72000,1.09495445962
320380,326638,326644,6258,6,1,14400,626.4
320480,326946,398991,6466,72045,2,72000,1.08974946214
320534,324672,335086,4138,10414,1,18000,1.39734972153
320677,325399,335930,4722,10531,1,18000,1.44839046624
321368,321380,328438,12,7058,2,14400,1.00170019836
321385,321398,328028,13,6630,2,14400,1.00196078431
321432,321443,328339,11,6896,2,14400,1.00159512761
321435,321456,328084,21,6628,2,14400,1.00316837658
321456,321466,328215,10,6749,2,14400,1.00148170099
321474,325404,335772,3930,10368,1,18000,1.37905092593
321486,321527,328678,41,7151,2,14400,1.00573346385
321530,321543,328346,13,6803,2,14400,1.00191092165
321595,325433,335640,3838,10207,1,18000,1.37601645929
321619,322114,329981,495,7867,2,14400,1.06292106267
321650,321656,330886,6,9230,1,28800,1.00065005417
321653,321663,334587,10,12924,1,28800,1.00077375426
321954,325438,326682,3484,1244,1,3600,3.80064308682
322182,326644,326917,4462,273,4,3600,17.3443223443
322202,322211,322216,9,5,1,50,1.4
322207,326694,326960,4487,266,4,3600,17.8684210526
322262,325499,336195,3237,10696,1,18000,1.30263649963
322317,322374,322565,57,191,16,3600,1.29842931937
322433,325510,336306,3077,10796,1,18000,1.28501296777
322474,322576,322821,102,245,16,3600,1.41632653061
322680,325524,336447,2844,10923,1,18000,1.26036803076
322717,322833,323085,116,252,16,3600,1.46031746032
322796,325529,336420,2733,10891,1,18000,1.25094114406
322835,323001,323252,166,251,16,3600,1.66135458167
322874,326873,328176,3999,1303,4,3600,4.06907137375
322917,323007,323011,90,4,1,50,9.4
323605,326951,332941,3346,5990,2,64800,1.55859766277
323608,326957,333229,3349,6272,2,64800,1.53396045918
323611,326971,326972,3360,1,2,64800,336.1
323720,326879,328165,3159,1286,4,3600,3.45645412131
323787,326895,328212,3108,1317,4,3600,3.35990888383
323974,325915,336822,1941,10907,1,18000,1.17795910883
324088,325921,336698,1833,10777,1,18000,1.17008443908
324175,325926,337334,1751,11408,1,18000,1.1534887798
324249,325932,337201,1683,11269,1,18000,1.14934776821
324784,324792,324796,8,4,1,50,1.2
327341,328187,328438,846,251,16,28800,4.37051792829
327532,327538,334222,6,6684,2,14400,1.00089766607
327625,327632,334294,7,6662,2,14400,1.00105073551
327661,327667,334701,6,7034,2,14400,1.00085299972
327829,327835,327872,6,37,1,14400,1.16216216216
327940,327947,335001,7,7054,2,14400,1.00099234477
328031,328037,334709,6,6672,2,14400,1.00089928058
328084,328090,335112,6,7022,2,14400,1.00085445742
328212,328218,335390,6,7172,2,14400,1.00083658673
328242,328248,335286,6,7038,2,14400,1.00085251492
328290,328296,335148,6,6852,2,14400,1.00087565674
328326,328332,335281,6,6949,2,14400,1.00086343359
328327,328338,334908,11,6570,2,14400,1.00167427702
328357,328363,334961,6,6598,2,14400,1.00090936647
328417,328423,335407,6,6984,2,14400,1.00085910653
328505,328511,335461,6,6950,2,14400,1.00086330935
328714,328720,335545,6,6825,2,14400,1.00087912088
329880,329886,330605,6,719,1,14400,1.0083449235
331155,331161,374387,6,43226,1,43200,1.00013880535
331162,331169,374374,7,43205,1,43200,1.00016201828
331167,331175,374399,8,43224,1,43200,1.00018508236
331320,331327,338117,7,6790,2,14400,1.00103092784
331322,331333,338259,11,6926,2,14400,1.00158821831
331323,331339,338027,16,6688,2,14400,1.0023923445
331325,331344,338544,19,7200,2,14400,1.00263888889
331326,331349,338179,23,6830,2,14400,1.00336749634
331328,331355,338473,27,7118,2,14400,1.00379320034
331329,331361,338417,32,7056,2,14400,1.00453514739
331331,331367,338054,36,6687,2,14400,1.00538358008
331332,331372,338259,40,6887,2,14400,1.00580804414
331334,331377,337846,43,6469,2,14400,1.0066470861
332443,332450,332451,7,1,2,3540,1.0
333331,333337,333382,6,45,3,300,1.13333333333
333418,333424,334045,6,621,3,600,1.00966183575
333448,333454,333458,6,4,3,600,1.0
333491,333497,334104,6,607,3,600,1.00988467875
333515,333521,334171,6,650,3,600,1.00923076923
333545,333552,334172,7,620,3,600,1.01129032258
333569,333576,334221,7,645,3,600,1.01085271318
333596,333602,334239,6,637,3,600,1.00941915228
333735,333741,334822,6,1081,4,1080,1.00555041628
333765,333771,334806,6,1035,5,1080,1.00579710145
333947,334438,334607,491,169,11,1080,3.90532544379
333977,334184,334604,207,420,12,1080,1.49285714286
334072,334634,334829,562,195,4,1080,3.88205128205
334253,334622,334623,369,1,10,1080,37.0
334284,334616,334634,332,18,11,1080,19.4444444444
334314,334432,334638,118,206,12,1080,1.57281553398
334467,334643,334644,176,1,3,1080,17.7
334512,334648,334650,136,2,3,1080,13.8
334870,334876,336123,6,1247,3,1200,1.00481154771
335234,335244,342183,10,6939,2,14400,1.00144112985
335397,335411,342251,14,6840,2,14400,1.00204678363
335436,335442,342195,6,6753,2,14400,1.000888494
335464,335470,343111,6,7641,2,14400,1.00078523753
335465,335477,342314,12,6837,2,14400,1.00175515577
335665,335671,342711,6,7040,2,14400,1.00085227273
335964,335970,337674,6,1704,8,3600,1.00352112676
336216,336222,337109,6,887,3,1800,1.0067643743
337202,337208,337595,6,387,3,1800,1.01550387597
337561,337571,344383,10,6812,2,14400,1.00146799765
337562,337576,344496,14,6920,2,14400,1.00202312139
337564,337582,344886,18,7304,2,14400,1.00246440307
337565,337587,344393,22,6806,2,14400,1.00323244196
337567,337593,344467,26,6874,2,14400,1.00378236834
337568,337599,344324,31,6725,2,14400,1.00460966543
337570,337604,344344,34,6740,2,14400,1.00504451039
337571,337609,344253,38,6644,2,14400,1.00571944612
337573,337615,344277,42,6662,2,14400,1.00630441309
337574,337620,344247,46,6627,2,14400,1.00694130074
337576,337625,344421,49,6796,2,14400,1.0072101236
337577,337631,344410,54,6779,2,14400,1.00796577666
337579,337636,344500,57,6864,2,14400,1.0083041958
337580,337641,344308,61,6667,2,14400,1.00914954252
337582,337647,344494,65,6847,2,14400,1.0094932087
337583,337652,344608,69,6956,2,14400,1.00991949396
337585,337658,344615,73,6957,2,14400,1.0104930286
337586,337663,344624,77,6961,2,14400,1.01106162908
337588,337669,344366,81,6697,2,14400,1.0120949679
337589,337675,344348,86,6673,2,14400,1.01288775663
337591,337680,344498,89,6818,2,14400,1.01305368143
337592,337686,344518,94,6832,2,14400,1.0137587822
337594,337691,344717,97,7026,2,14400,1.01380586393
337595,337696,344030,101,6334,2,14400,1.01594568993
337597,337702,344443,105,6741,2,14400,1.01557632399
337598,337707,344711,109,7004,2,14400,1.01556253569
337600,337712,344866,112,7154,2,14400,1.0156555773
337601,337718,344492,117,6774,2,14400,1.01727192205
337603,337723,344495,120,6772,2,14400,1.01772002363
337604,337728,344769,124,7041,2,14400,1.01761113478
337606,337734,344568,128,6834,2,14400,1.01872988001
337607,337739,344512,132,6773,2,14400,1.01948914809
337609,337745,344844,136,7099,2,14400,1.01915762783
337610,337750,344601,140,6851,2,14400,1.020434973
337615,337755,338708,140,953,3,1800,1.14690451207
337817,337823,338853,6,1030,8,3600,1.00582524272
337849,337855,344892,6,7037,2,14400,1.00085263607
338030,338036,344744,6,6708,2,14400,1.00089445438
338057,338063,344908,6,6845,2,14400,1.00087655223
338117,338124,344947,7,6823,2,14400,1.00102594167
338180,338187,345039,7,6852,2,14400,1.00102159953
338259,338266,344936,7,6670,2,14400,1.00104947526
338274,338280,345204,6,6924,2,14400,1.00086655113
338418,338424,345218,6,6794,2,14400,1.00088313218
338475,338482,345148,7,6666,2,14400,1.00105010501
338548,338554,345453,6,6899,2,14400,1.00086969126
338671,338677,339014,6,337,4,300,1.0178041543
338701,338707,339028,6,321,5,300,1.01869158879
338731,338738,339060,7,322,6,300,1.02173913043
338734,339774,340112,1040,338,3,300,4.07692307692
338747,340124,340472,1377,348,3,300,4.95689655172
338762,341123,341444,2361,321,7,300,8.35514018692
338775,341461,341781,2686,320,3,300,9.39375
338785,341551,341898,2766,347,3,300,8.9711815562
338792,340795,341111,2003,316,8,300,7.33860759494
338804,341556,341893,2752,337,3,300,9.16617210682
338822,340457,340778,1635,321,9,300,6.09345794393
338826,341782,342097,2956,315,3,300,10.3841269841
338853,340097,340439,1244,342,10,300,4.63742690058
338883,339750,340098,867,348,11,300,3.49137931034
338908,341787,342100,2879,313,3,300,10.1980830671
338913,339071,339378,158,307,12,300,1.51465798046
338920,341795,342125,2875,330,3,300,9.71212121212
338930,341905,342253,2975,348,3,300,9.54885057471
338941,340790,347290,1849,6500,8,18000,1.28446153846
338942,341918,342258,2976,340,3,300,9.75294117647
338951,342108,342457,3157,349,3,300,10.0458452722
338963,342115,342460,3152,345,3,300,10.1362318841
338973,342137,342485,3164,348,3,300,10.091954023
338985,339412,339756,427,344,4,300,2.24127906977
339016,339077,339400,61,323,5,300,1.18885448916
339046,341456,341770,2410,314,6,300,8.67515923567
339076,341190,341538,2114,348,7,300,7.07471264368
339106,340830,341179,1724,349,8,300,5.93982808023
339137,340470,340818,1333,348,9,300,4.83045977011
339167,340110,340459,943,349,10,300,3.70200573066
339197,339768,340084,571,316,11,300,2.80696202532
339228,339389,339739,161,350,12,300,1.46
339840,340450,340493,610,43,1,25200,15.1860465116
339840,340437,340438,597,1,1,25200,59.8
339840,341801,341803,1961,2,1,25200,196.3
339840,341815,341816,1975,1,1,25200,197.6
339841,341830,341831,1989,1,1,25200,199.0
339841,341845,342198,2004,353,1,25200,6.67705382436
339841,342206,342207,2365,1,1,25200,236.6
339841,342225,342226,2384,1,1,25200,238.5
339842,342230,342232,2388,2,1,25200,239.0
339842,342243,342244,2401,1,1,25200,240.2
339842,342270,342271,2428,1,1,25200,242.9
339842,342257,342258,2415,1,1,25200,241.6
339843,342276,342361,2433,85,1,25200,29.6235294118
339843,342281,342456,2438,175,1,25200,14.9314285714
339843,342286,342287,2443,1,1,25200,244.4
339844,342304,342313,2460,9,1,25200,246.9
339844,342320,342323,2476,3,1,25200,247.9
339844,342315,342390,2471,75,1,25200,33.9466666667
339844,342310,342363,2466,53,1,25200,47.5283018868
339845,342343,342354,2498,11,1,25200,228.090909091
339845,342354,342355,2509,1,1,25200,251.0
339846,342367,342413,2521,46,1,25200,55.8043478261
339846,342385,344055,2539,1670,1,25200,2.52035928144
339846,342380,342804,2534,424,1,25200,6.97641509434
339846,342373,342669,2527,296,1,25200,9.53716216216
339847,342409,342786,2562,377,1,25200,7.79575596817
339847,342396,342405,2549,9,1,25200,255.8
339847,342414,342415,2567,1,1,25200,256.8
339847,342401,352192,2554,9791,1,25200,1.26085180268
339848,342468,344645,2620,2177,1,25200,2.20349104272
339848,342439,342445,2591,6,1,25200,259.7
339848,342457,342458,2609,1,1,25200,261.0
339848,342434,342912,2586,478,1,25200,6.410041841
339849,342485,342486,2636,1,1,25200,263.7
339849,342480,342486,2631,6,1,25200,263.7
339849,342491,342492,2642,1,1,25200,264.3
339849,342496,342497,2647,1,1,25200,264.8
339850,342519,342520,2669,1,1,25200,267.0
339850,342525,342534,2675,9,1,25200,268.4
339850,342501,342502,2651,1,1,25200,265.2
339850,342514,344266,2664,1752,1,25200,2.52054794521
339850,342507,342509,2657,2,1,25200,265.9
339851,342530,342535,2679,5,1,25200,268.4
339851,342535,342536,2684,1,1,25200,268.5
339851,342552,342553,2701,1,1,25200,270.2
339851,342546,342571,2695,25,1,25200,108.8
339851,342541,342574,2690,33,1,25200,82.5151515152
339852,342565,342566,2713,1,1,25200,271.4
339852,342570,342572,2718,2,1,25200,272.0
339852,342576,343135,2724,559,1,25200,5.87298747764
339852,342557,342643,2705,86,1,25200,32.4534883721
339853,342604,342631,2751,27,1,25200,102.888888889
339853,342592,342595,2739,3,1,25200,274.2
339853,342599,342600,2746,1,1,25200,274.7
339853,342586,342612,2733,26,1,25200,106.115384615
339853,342581,342582,2728,1,1,25200,272.9
339854,342610,342611,2756,1,1,25200,275.7
339854,342633,342639,2779,6,1,25200,278.5
339854,342615,342617,2761,2,1,25200,276.3
339855,342650,364664,2795,22014,1,25200,1.12696465885
339855,342663,342665,2808,2,1,25200,281.0
339855,342644,342654,2789,10,1,25200,279.9
339855,342657,343927,2802,1270,1,25200,3.2062992126
339856,342668,342674,2812,6,1,25200,281.8
339856,342673,342685,2817,12,1,25200,235.75
339856,342684,343876,2828,1192,1,25200,3.37248322148
339857,342708,342709,2851,1,1,25200,285.2
339857,342697,342724,2840,27,1,25200,106.185185185
339857,342713,342715,2856,2,1,25200,285.8
339857,342703,342714,2846,11,1,25200,259.727272727
339858,342731,342734,2873,3,1,25200,287.6
339858,342749,342750,2891,1,1,25200,289.2
339858,342737,346935,2879,4198,1,25200,1.68580276322
339858,342726,342793,2868,67,1,25200,43.8059701493
339858,342744,343145,2886,401,1,25200,8.1970074813
339859,342755,342756,2896,1,1,25200,289.7
339859,342760,342762,2901,2,1,25200,290.3
339859,342778,342781,2919,3,1,25200,292.2
339859,342765,342766,2906,1,1,25200,290.7
339860,342810,342812,2950,2,1,25200,295.2
339860,342797,342818,2937,21,1,25200,140.857142857
339860,342815,343745,2955,930,1,25200,4.17741935484
339860,342784,342785,2924,1,1,25200,292.5
339861,342834,342836,2973,2,1,25200,297.5
339861,342826,342841,2965,15,1,25200,198.666666667
339861,342839,342840,2978,1,1,25200,297.9
339862,342855,342883,2993,28,1,25200,107.892857143
339862,342845,342926,2983,81,1,25200,37.8271604938
339862,342863,343104,3001,241,1,25200,13.4522821577
339862,342850,342852,2988,2,1,25200,299.0
339862,342868,345013,3006,2145,1,25200,2.4013986014
339863,342873,342886,3010,13,1,25200,232.538461538
339863,342901,342903,3038,2,1,25200,304.0
339863,342894,342896,3031,2,1,25200,303.3
339863,342909,342910,3046,1,1,25200,304.7
339863,342880,342896,3017,16,1,25200,189.5625
339864,342927,344480,3063,1553,1,25200,2.97231165486
339864,342914,342915,3050,1,1,25200,305.1
339864,342935,342936,3071,1,1,25200,307.2
339865,342963,342965,3098,2,1,25200,310.0
339865,342946,343189,3081,243,1,25200,13.6790123457
339865,342940,342941,3075,1,1,25200,307.6
339865,342958,343892,3093,934,1,25200,4.31156316916
339866,342977,343541,3111,564,1,25200,6.51595744681
339866,343040,343158,3174,118,1,25200,27.8983050847
339866,342984,343028,3118,44,1,25200,71.8636363636
339867,343116,343119,3249,3,1,25200,325.2
339867,343142,343281,3275,139,1,25200,24.5611510791
339867,343134,343135,3267,1,1,25200,326.8
339868,343168,343198,3300,30,1,25200,111.0
339868,343147,343148,3279,1,1,25200,328.0
339868,343160,343161,3292,1,1,25200,329.3
339868,343155,343174,3287,19,1,25200,174.0
339868,343173,343188,3305,15,1,25200,221.333333333
339869,343181,343183,3312,2,1,25200,331.4
339869,343201,343202,3332,1,1,25200,333.3
339869,343194,343200,3325,6,1,25200,333.1
339869,343186,343201,3317,15,1,25200,222.133333333
339870,343212,345941,3342,2729,1,25200,2.22462440454
339870,343219,343221,3349,2,1,25200,335.1
339870,343243,343265,3373,22,1,25200,154.318181818
339870,343206,344333,3336,1127,1,25200,3.96007098492
339870,343248,343274,3378,26,1,25200,130.923076923
339871,343277,343279,3406,2,1,25200,340.8
339871,343283,344288,3412,1005,1,25200,4.39502487562
339872,343602,343654,3730,52,1,25200,72.7307692308
339872,343666,346340,3794,2674,1,25200,2.41884816754
339872,343235,343252,3363,17,1,25200,198.823529412
339872,343224,343225,3352,1,1,25200,335.3
339873,343271,343272,3398,1,1,25200,339.9
339873,343264,343265,3391,1,1,25200,339.2
339873,343301,343302,3428,1,1,25200,342.9
339873,343296,343775,3423,479,1,25200,8.14613778706
339874,343333,343334,3459,1,1,25200,346.0
339874,343309,343530,3435,221,1,25200,16.5429864253
339874,343314,343814,3440,500,1,25200,7.88
339874,343346,343917,3472,571,1,25200,7.08056042032
339875,343542,368762,3667,25220,1,25200,1.14540047581
339875,343553,343554,3678,1,1,25200,367.9
339876,343758,343760,3882,2,1,25200,388.4
339876,343785,343786,3909,1,1,25200,391.0
339876,343793,343795,3917,2,1,25200,391.9
339876,343772,343773,3896,1,1,25200,389.7
339877,343827,343883,3950,56,1,25200,71.5357142857
339877,343799,343820,3922,21,1,25200,187.761904762
339877,343807,344707,3930,900,1,25200,5.36666666667
339877,343889,344175,4012,286,1,25200,15.027972028
339877,343834,343927,3957,93,1,25200,43.5483870968
339878,343919,343920,4041,1,1,25200,404.2
339878,343897,366943,4019,23046,1,25200,1.17439034974
339878,343929,343933,4051,4,1,25200,405.5
339878,343905,343906,4027,1,1,25200,402.8
339878,343936,344371,4058,435,1,25200,10.3287356322
339879,343949,343950,4070,1,1,25200,407.1
339879,343956,343962,4077,6,1,25200,408.3
339879,343943,346862,4064,2919,1,25200,2.39225762247
339880,343988,343990,4108,2,1,25200,411.0
339880,343980,344112,4100,132,1,25200,32.0606060606
339881,344028,344354,4147,326,1,25200,13.7208588957
339881,344051,344052,4170,1,1,25200,417.1
339881,344046,344085,4165,39,1,25200,107.794871795
339881,344064,344074,4183,10,1,25200,419.3
339882,344099,344215,4217,116,1,25200,37.3534482759
339882,344085,344490,4203,405,1,25200,11.3777777778
339882,344092,345645,4210,1553,1,25200,3.71088216355
339882,344071,344072,4189,1,1,25200,419.0
339883,344207,344582,4324,375,1,25200,12.5306666667
339883,344201,344310,4318,109,1,25200,40.6146788991
339883,344124,344189,4241,65,1,25200,66.2461538462
339883,344188,344190,4305,2,1,25200,430.7
339884,344228,348076,4344,3848,1,25200,2.1288981289
339884,344328,345392,4444,1064,1,25200,5.17669172932
339884,344266,344267,4382,1,1,25200,438.3
339884,344271,347106,4387,2835,1,25200,2.54744268078
339885,344364,344372,4479,8,1,25200,448.7
339885,344345,344347,4460,2,1,25200,446.2
339885,344380,344405,4495,25,1,25200,180.8
339885,344369,344370,4484,1,1,25200,448.5
339886,344405,344407,4519,2,1,25200,452.1
339886,344410,344411,4524,1,1,25200,452.5
339886,344386,344387,4500,1,1,25200,450.1
339886,344416,344510,4530,94,1,25200,49.1914893617
339887,344451,344452,4564,1,1,25200,456.5
339887,344539,347829,4652,3290,1,25200,2.41398176292
339887,344462,344539,4575,77,1,25200,60.4155844156
339887,344457,344458,4570,1,1,25200,457.1
339888,344545,345611,4657,1066,1,25200,5.36866791745
339888,344596,344969,4708,373,1,25200,13.6219839142
339888,344556,344560,4668,4,1,25200,467.2
339888,344551,344582,4663,31,1,25200,151.419354839
339888,344481,344482,4593,1,1,25200,459.4
339889,344510,344512,4621,2,1,25200,462.3
339889,344504,344507,4615,3,1,25200,461.8
339889,344492,361696,4603,17204,1,25200,1.2675540572
339889,344486,344504,4597,18,1,25200,256.388888889
339890,344601,344603,4711,2,1,25200,471.3
339890,344534,344547,4644,13,1,25200,358.230769231
339890,344620,344759,4730,139,1,25200,35.0287769784
339890,344528,345603,4638,1075,1,25200,5.31441860465
339891,344670,344671,4779,1,1,25200,478.0
339891,344644,347525,4753,2881,1,25200,2.64977438389
339891,344665,349456,4774,4791,1,25200,1.99645168023
339891,344639,344642,4748,3,1,25200,475.1
339892,344719,344947,4827,228,1,25200,22.1710526316
339892,344788,344821,4896,33,1,25200,149.363636364
339892,344733,344734,4841,1,1,25200,484.2
339892,344738,344809,4846,71,1,25200,69.2535211268
339892,344772,344773,4880,1,1,25200,488.1
339893,344919,344965,5026,46,1,25200,110.260869565
339893,344833,344835,4940,2,1,25200,494.2
339894,345266,345267,5372,1,1,25200,537.3
339894,345260,345261,5366,1,1,25200,536.7
339894,344925,345215,5031,290,1,25200,18.3482758621
339894,344970,344971,5076,1,1,25200,507.7
339895,345271,346785,5376,1514,1,25200,4.55085865258
339895,345277,345278,5382,1,1,25200,538.3
339895,345282,348544,5387,3262,1,25200,2.65144083384
339895,345295,345546,5400,251,1,25200,22.5139442231
339896,345384,346489,5488,1105,1,25200,5.9665158371
339896,345575,345919,5679,344,1,25200,17.5087209302
339896,345313,345315,5417,2,1,25200,541.9
339896,345405,345478,5509,73,1,25200,76.4657534247
339896,345615,345618,5719,3,1,25200,572.2
339897,345348,345353,5451,5,1,25200,545.6
339897,345371,345372,5474,1,1,25200,547.5
339897,345365,345486,5468,121,1,25200,46.1900826446
339897,345327,345696,5430,369,1,25200,15.7154471545
339898,345499,345885,5601,386,1,25200,15.5103626943
339898,345545,345739,5647,194,1,25200,30.1082474227
339898,345538,345861,5640,323,1,25200,18.4613003096
339898,345525,345532,5627,7,1,25200,563.4
339898,345624,345629,5726,5,1,25200,573.1
339899,345677,345879,5778,202,1,25200,29.603960396
339899,345559,345562,5660,3,1,25200,566.3
339899,345663,345665,5764,2,1,25200,576.6
339900,345682,345683,5782,1,1,25200,578.3
339900,345644,347117,5744,1473,1,25200,4.89952477936
339900,345650,345651,5750,1,1,25200,575.1
339901,345704,345970,5803,266,1,25200,22.8157894737
339901,345697,345700,5796,3,1,25200,579.9
339901,345657,345660,5756,3,1,25200,575.9
339902,345711,345965,5809,254,1,25200,23.8700787402
339902,345751,345753,5849,2,1,25200,585.1
339902,345717,345722,5815,5,1,25200,582.0
339902,345765,345766,5863,1,1,25200,586.4
339902,345739,345766,5837,27,1,25200,217.185185185
339903,345787,345806,5884,19,1,25200,310.684210526
339903,345794,345799,5891,5,1,25200,589.6
339903,345782,345793,5879,11,1,25200,535.454545455
339903,345774,345999,5871,225,1,25200,27.0933333333
339904,345813,346455,5909,642,1,25200,10.2040498442
339904,345840,346152,5936,312,1,25200,20.0256410256
339904,345806,346710,5902,904,1,25200,7.52876106195
339905,345873,345876,5968,3,1,25200,597.1
339905,345932,346379,6027,447,1,25200,14.4832214765
339905,345916,345926,6011,10,1,25200,602.1
339905,345926,345927,6021,1,1,25200,602.2
339906,345901,345903,5995,2,1,25200,599.7
339906,345887,346315,5981,428,1,25200,14.9742990654
339906,345894,346067,5988,173,1,25200,35.612716763
339906,345944,345945,6038,1,1,25200,603.9
339907,345969,345975,6062,6,1,25200,606.8
339907,345977,346002,6070,25,1,25200,243.8
339907,345963,345965,6056,2,1,25200,605.8
339907,345950,345965,6043,15,1,25200,403.866666667
339908,345982,345989,6074,7,1,25200,608.1
339908,346037,346136,6129,99,1,25200,62.9090909091
339908,346000,346030,6092,30,1,25200,204.066666667
339908,345994,346136,6086,142,1,25200,43.8591549296
339909,346007,346019,6098,12,1,25200,509.166666667
339909,346048,346399,6139,351,1,25200,18.49002849
339909,346012,346021,6103,9,1,25200,611.2
339909,346042,346044,6133,2,1,25200,613.5
339910,346030,371240,6120,25210,1,25200,1.2427608092
339910,346018,346019,6108,1,1,25200,610.9
339910,346062,346221,6152,159,1,25200,39.6918238994
339910,346025,346090,6115,65,1,25200,95.0769230769
339910,346055,346057,6145,2,1,25200,614.7
339911,346068,352388,6157,6320,1,25200,1.97420886076
339911,346235,346930,6324,695,1,25200,10.0992805755
339911,346079,349946,6168,3867,1,25200,2.59503491078
339911,346227,346229,6316,2,1,25200,631.8
339911,346102,346121,6191,19,1,25200,326.842105263
339912,346147,346264,6235,117,1,25200,54.2905982906
339912,346133,365399,6221,19266,1,25200,1.32290044638
339912,346163,346166,6251,3,1,25200,625.4
339912,346152,346157,6240,5,1,25200,624.5
339913,346257,346298,6344,41,1,25200,155.731707317
339913,346242,346245,6329,3,1,25200,633.2
339913,346193,346216,6280,23,1,25200,274.043478261
339913,346177,346180,6264,3,1,25200,626.7
339913,346171,346837,6258,666,1,25200,10.3963963964
339914,346291,346308,6377,17,1,25200,376.117647059
339914,346310,346312,6396,2,1,25200,639.8
339914,346320,346326,6406,6,1,25200,641.2
339914,346277,346279,6363,2,1,25200,636.5
339915,346352,347398,6437,1046,1,25200,7.15391969407
339915,346332,347609,6417,1277,1,25200,6.0250587314
339915,346339,346652,6424,313,1,25200,21.5239616613
339915,346327,348554,6412,2227,1,25200,3.87920969915
339916,346467,347662,6551,1195,1,25200,6.4820083682
339916,346411,351192,6495,4781,1,25200,2.35850240535
339916,346391,346457,6475,66,1,25200,99.1060606061
339916,346486,346488,6570,2,1,25200,657.2
339916,346474,346475,6558,1,1,25200,655.9
339917,346507,346509,6590,2,1,25200,659.2
339917,346499,346844,6582,345,1,25200,20.0782608696
339918,346545,346546,6627,1,1,25200,662.8
339918,346664,347847,6746,1183,1,25200,6.70245139476
339918,346581,347851,6663,1270,1,25200,6.24645669291
339919,346723,346725,6804,2,1,25200,680.6
339919,346736,346745,6817,9,1,25200,682.6
339919,346781,346782,6862,1,1,25200,686.3
339919,346794,346845,6875,51,1,25200,135.803921569
339920,346819,347051,6899,232,1,25200,30.7370689655
339920,346757,346758,6837,1,1,25200,683.8
339920,346801,346806,6881,5,1,25200,688.6
339920,346742,346894,6822,152,1,25200,45.8815789474
339921,346856,352740,6935,5884,1,25200,2.1786199864
339921,346849,356003,6928,9154,1,25200,1.75682761634
339921,346874,350754,6953,3880,1,25200,2.79201030928
339922,346879,347385,6957,506,1,25200,14.7490118577
339922,346941,346953,7019,12,1,25200,585.916666667
339922,346906,347165,6984,259,1,25200,27.9652509653
339922,346960,346986,7038,26,1,25200,271.692307692
339923,346968,347334,7045,366,1,25200,20.2486338798
339923,347000,347003,7077,3,1,25200,708.0
339923,347026,347399,7103,373,1,25200,20.0428954424
339923,347014,347015,7091,1,1,25200,709.2
339924,347119,347121,7195,2,1,25200,719.7
339924,347149,347217,7225,68,1,25200,107.25
339924,347128,347918,7204,790,1,25200,10.1189873418
339924,347063,347238,7139,175,1,25200,41.7942857143
339925,347211,372449,7286,25238,1,25200,1.28869165544
339925,347177,347198,7252,21,1,25200,346.333333333
339925,347250,347252,7325,2,1,25200,732.7
339925,347229,350451,7304,3222,1,25200,3.26691495965
339926,347288,347577,7362,289,1,25200,26.4740484429
339926,347302,347315,7376,13,1,25200,568.384615385
339926,347307,347326,7381,19,1,25200,389.473684211
339926,347276,347277,7350,1,1,25200,735.1
339927,347329,347496,7402,167,1,25200,45.3233532934
339927,347318,349291,7391,1973,1,25200,4.74607197162
339927,347323,347356,7396,33,1,25200,225.121212121
339927,347312,347313,7385,1,1,25200,738.6
339928,347347,347349,7419,2,1,25200,742.1
339928,347334,347524,7406,190,1,25200,39.9789473684
339928,347352,347355,7424,3,1,25200,742.7
339929,347375,347398,7446,23,1,25200,324.739130435
339929,347370,347452,7441,82,1,25200,91.743902439
339929,347363,347389,7434,26,1,25200,286.923076923
339929,347358,347851,7429,493,1,25200,16.0689655172
339930,347395,347694,7465,299,1,25200,25.9665551839
339930,347402,347728,7472,326,1,25200,23.9202453988
339930,347386,347389,7456,3,1,25200,745.9
339930,347381,347383,7451,2,1,25200,745.3
339930,347407,347420,7477,13,1,25200,576.153846154
339931,347425,347622,7494,197,1,25200,39.0406091371
339931,347431,347434,7500,3,1,25200,750.3
339931,347420,348083,7489,663,1,25200,12.2956259427
339931,347413,347525,7482,112,1,25200,67.8035714286
339932,347446,347450,7514,4,1,25200,751.8
339932,347438,348411,7506,973,1,25200,8.71428571429
339932,347469,347742,7537,273,1,25200,28.6080586081
339932,347508,347629,7576,121,1,25200,63.6115702479
339932,347462,348350,7530,888,1,25200,9.47972972973
339933,347536,347562,7603,26,1,25200,293.423076923
339933,347548,347969,7615,421,1,25200,19.0878859857
339933,347543,349910,7610,2367,1,25200,4.21504013519
339933,347575,347577,7642,2,1,25200,764.4
339934,347589,351484,7655,3895,1,25200,2.96534017972
339934,347621,347624,7687,3,1,25200,769.0
339934,347634,347636,7700,2,1,25200,770.2
339934,347641,347643,7707,2,1,25200,770.9
339934,347594,347650,7660,56,1,25200,137.785714286
339935,347660,347984,7725,324,1,25200,24.8425925926
339935,347652,347653,7717,1,1,25200,771.8
339935,347646,349317,7711,1671,1,25200,5.61460203471
339935,347667,347688,7732,21,1,25200,369.19047619
339936,347678,347680,7742,2,1,25200,774.4
339936,347693,352318,7757,4625,1,25200,2.67718918919
339936,347672,347673,7736,1,1,25200,773.7
339936,347686,347687,7750,1,1,25200,775.1
339936,347700,347702,7764,2,1,25200,776.6
339937,347712,347714,7775,2,1,25200,777.7
339937,347727,347728,7790,1,1,25200,779.1
339937,347705,347800,7768,95,1,25200,82.7684210526
339938,347733,347825,7795,92,1,25200,85.7282608696
339938,347741,347746,7803,5,1,25200,780.8
339939,347782,351281,7843,3499,1,25200,3.24149757073
339939,347746,347769,7807,23,1,25200,340.434782609
339939,347775,347776,7836,1,1,25200,783.7
339939,347789,347794,7850,5,1,25200,785.5
339939,347755,349266,7816,1511,1,25200,6.17273328921
339940,347866,347868,7926,2,1,25200,792.8
339940,347813,347815,7873,2,1,25200,787.5
339940,347806,347817,7866,11,1,25200,716.090909091
339941,347877,348168,7936,291,1,25200,28.2714776632
339941,347840,347990,7899,150,1,25200,53.66
339941,347871,347952,7930,81,1,25200,98.9012345679
339941,347846,347851,7905,5,1,25200,791.0
339941,347834,347971,7893,137,1,25200,58.6131386861
339942,347896,347905,7954,9,1,25200,796.3
339942,347858,348286,7916,428,1,25200,19.4953271028
339942,347851,348102,7909,251,1,25200,32.5099601594
339943,347930,348024,7987,94,1,25200,85.9680851064
339943,347960,347965,8017,5,1,25200,802.2
339943,347948,347949,8005,1,1,25200,800.6
339943,347935,347936,7992,1,1,25200,799.3
339944,347977,348102,8033,125,1,25200,65.264
339944,347989,347997,8045,8,1,25200,805.3
339944,347984,348041,8040,57,1,25200,142.052631579
339944,347968,347970,8024,2,1,25200,802.6
339945,348014,348165,8069,151,1,25200,54.4370860927
339945,348021,348026,8076,5,1,25200,808.1
339945,348008,348011,8063,3,1,25200,806.6
339945,348002,348004,8057,2,1,25200,805.9
339945,347995,347997,8050,2,1,25200,805.2
339946,348033,348035,8087,2,1,25200,808.9
339946,348040,348086,8094,46,1,25200,176.956521739
339946,348026,348090,8080,64,1,25200,127.25
339946,348052,348191,8106,139,1,25200,59.3165467626
339947,348064,348150,8117,86,1,25200,95.3837209302
339947,348045,348047,8098,2,1,25200,810.0
339947,348059,348062,8112,3,1,25200,811.5
339947,348078,348085,8131,7,1,25200,813.8
339947,348073,348594,8126,521,1,25200,16.5969289827
339948,348090,348093,8142,3,1,25200,814.5
339948,348084,349895,8136,1811,1,25200,5.49254555494
339948,348097,348104,8149,7,1,25200,815.6
339948,348150,348151,8202,1,1,25200,820.3
339949,348103,348350,8154,247,1,25200,34.012145749
339949,348155,348156,8206,1,1,25200,820.7
339949,348161,348164,8212,3,1,25200,821.5
339950,348121,348369,8171,248,1,25200,33.9475806452
339950,348108,349052,8158,944,1,25200,9.64194915254
339950,348132,348135,8182,3,1,25200,818.5
339950,348114,348116,8164,2,1,25200,816.6
339951,348143,348145,8192,2,1,25200,819.4
339951,348138,350438,8187,2300,1,25200,4.55956521739
339951,348168,348169,8217,1,1,25200,821.8
339951,348173,348176,8222,3,1,25200,822.5
339952,348179,348181,8227,2,1,25200,822.9
339952,348191,348192,8239,1,1,25200,824.0
339952,348202,348262,8250,60,1,25200,138.5
339952,348184,348185,8232,1,1,25200,823.3
339953,348213,348252,8260,39,1,25200,212.794871795
339953,348225,348243,8272,18,1,25200,460.555555556
339953,348220,348222,8267,2,1,25200,826.9
339953,348208,351995,8255,3787,1,25200,3.17982571957
339954,348249,348776,8295,527,1,25200,16.7400379507
339954,348242,349149,8288,907,1,25200,10.1378169791
339954,348256,353490,8302,5234,1,25200,2.58616736721
339954,348236,348688,8282,452,1,25200,19.3230088496
339954,348231,348889,8277,658,1,25200,13.5790273556
339955,348329,352307,8374,3978,1,25200,3.10507792861
339955,348274,348758,8319,484,1,25200,18.1880165289
339955,348264,348392,8309,128,1,25200,65.9140625
339955,348298,348316,8343,18,1,25200,464.5
339956,348390,373622,8434,25232,1,25200,1.33425808497
339956,348367,348398,8411,31,1,25200,272.322580645
339956,348382,348405,8426,23,1,25200,367.347826087
339956,348362,348364,8406,2,1,25200,840.8
339956,348376,348377,8420,1,1,25200,842.1
339957,348410,348413,8453,3,1,25200,845.6
339957,348424,349423,8467,999,1,25200,9.47547547548
339957,348404,350528,8447,2124,1,25200,4.97693032015
339957,348418,348456,8461,38,1,25200,223.657894737
339958,348486,348487,8528,1,1,25200,852.9
339958,348499,348530,8541,31,1,25200,276.516129032
339958,348469,348474,8511,5,1,25200,851.6
339958,348430,348785,8472,355,1,25200,24.8647887324
339958,348541,348609,8583,68,1,25200,127.220588235
339959,348585,349362,8626,777,1,25200,12.1016731017
339959,348573,348739,8614,166,1,25200,52.8915662651
339959,348566,353886,8607,5320,1,25200,2.61785714286
339959,348557,348561,8598,4,1,25200,860.2
339960,348603,349176,8643,573,1,25200,16.0837696335
339960,348590,348591,8630,1,1,25200,863.1
339960,348610,348927,8650,317,1,25200,28.2870662461
339961,348701,351915,8740,3214,1,25200,3.71935283136
339961,348622,348630,8661,8,1,25200,866.9
339961,348642,348643,8681,1,1,25200,868.2
339961,348668,349219,8707,551,1,25200,16.8021778584
339962,348805,348806,8843,1,1,25200,884.4
339962,348797,348800,8835,3,1,25200,883.8
339962,348789,348791,8827,2,1,25200,882.9
339962,348812,349228,8850,416,1,25200,22.2740384615
339963,348902,349035,8939,133,1,25200,68.2105263158
339963,348845,351480,8882,2635,1,25200,4.37077798861
339963,348824,348829,8861,5,1,25200,886.6
339963,348857,348858,8894,1,1,25200,889.5
339963,348840,348843,8877,3,1,25200,888.0
339964,348939,348943,8975,4,1,25200,897.9
339964,348956,349065,8992,109,1,25200,83.495412844
339964,349047,349050,9083,3,1,25200,908.6
339964,349062,349065,9098,3,1,25200,910.1
339965,349102,349226,9137,124,1,25200,74.685483871
339965,349069,349105,9104,36,1,25200,253.888888889
339965,349076,349079,9111,3,1,25200,911.4
339965,349082,349577,9117,495,1,25200,19.4181818182
339965,349096,349284,9131,188,1,25200,49.5691489362
339966,349132,349138,9166,6,1,25200,917.2
339966,349108,349109,9142,1,1,25200,914.3
339966,349140,349141,9174,1,1,25200,917.5
339966,349127,349128,9161,1,1,25200,916.2
339967,349150,349685,9183,535,1,25200,18.1644859813
339967,349163,349166,9196,3,1,25200,919.9
339967,349156,349165,9189,9,1,25200,919.8
339967,349176,349177,9209,1,1,25200,921.0
339968,349227,349268,9259,41,1,25200,226.829268293
339968,349203,349215,9235,12,1,25200,770.583333333
339968,349191,349383,9223,192,1,25200,49.0364583333
339968,349196,354029,9228,4833,1,25200,2.90937306021
339969,349298,350327,9329,1029,1,25200,10.0660835763
339969,349280,349281,9311,1,1,25200,931.2
339969,349245,349280,9276,35,1,25200,266.028571429
339969,349286,349288,9317,2,1,25200,931.9
339969,349291,349293,9322,2,1,25200,932.4
339970,349303,349369,9333,66,1,25200,142.409090909
339970,349309,349386,9339,77,1,25200,122.285714286
339970,349316,349392,9346,76,1,25200,123.973684211
339970,349321,349324,9351,3,1,25200,935.4
339971,349347,349348,9376,1,1,25200,937.7
339971,349341,349342,9370,1,1,25200,937.1
339971,349333,349336,9362,3,1,25200,936.5
339971,349327,351718,9356,2391,1,25200,4.91300711
339972,349373,349534,9401,161,1,25200,59.3913043478
339972,349361,349362,9389,1,1,25200,939.0
339972,349385,350082,9413,697,1,25200,14.5050215208
339973,349393,358457,9420,9064,1,25200,2.03927625772
339973,349412,349414,9439,2,1,25200,944.1
339973,349400,349402,9427,2,1,25200,942.9
339973,349405,349556,9432,151,1,25200,63.4635761589
339974,349432,349469,9458,37,1,25200,256.621621622
339974,349439,349442,9465,3,1,25200,946.8
339974,349426,349444,9452,18,1,25200,526.111111111
339974,349418,349419,9444,1,1,25200,944.5
339974,349451,349454,9477,3,1,25200,948.0
339975,349456,350865,9481,1409,1,25200,7.72888573456
339975,349475,374684,9500,25209,1,25200,1.37684953786
339975,349482,349484,9507,2,1,25200,950.9
339975,349469,349840,9494,371,1,25200,26.590296496
339976,349578,349595,9602,17,1,25200,565.823529412
339976,349498,349566,9522,68,1,25200,141.029411765
339976,349568,349635,9592,67,1,25200,144.164179104
339976,349492,349493,9516,1,1,25200,951.7
339976,349487,349579,9511,92,1,25200,104.380434783
339977,349608,350235,9631,627,1,25200,16.360446571
339977,349596,351323,9619,1727,1,25200,6.56977417487
339977,349589,349591,9612,2,1,25200,961.4
339977,349614,349615,9637,1,1,25200,963.8
339978,349627,357604,9649,7977,1,25200,2.2096026075
339978,349646,349668,9668,22,1,25200,440.454545455
339978,349680,349684,9702,4,1,25200,970.6
339978,349696,349699,9718,3,1,25200,972.1
339979,349745,349747,9766,2,1,25200,976.8
339979,349711,350127,9732,416,1,25200,24.3942307692
339979,349718,349719,9739,1,1,25200,974.0
339979,349738,349739,9759,1,1,25200,976.0
339980,349772,349777,9792,5,1,25200,979.7
339980,349753,349800,9773,47,1,25200,208.936170213
339981,349832,349872,9851,40,1,25200,247.275
339981,349813,349835,9832,22,1,25200,447.909090909
339981,349800,349801,9819,1,1,25200,982.0
339981,349818,349820,9837,2,1,25200,983.9
339981,349847,350483,9866,636,1,25200,16.5125786164
339982,349884,349886,9902,2,1,25200,990.4
339982,349897,349902,9915,5,1,25200,992.0
339982,349853,350511,9871,658,1,25200,16.0015197568
339982,349906,350028,9924,122,1,25200,82.3442622951
339983,349938,349940,9955,2,1,25200,995.7
339983,349913,350193,9930,280,1,25200,36.4642857143
339983,349922,349927,9939,5,1,25200,994.4
339984,349958,351641,9974,1683,1,25200,6.92632204397
339984,350094,350381,10110,287,1,25200,36.2264808362
339984,350079,350082,10095,3,1,25200,1009.8
339984,350099,350101,10115,2,1,25200,1011.7
339984,349952,350067,9968,115,1,25200,87.6782608696
339985,350138,351444,10153,1306,1,25200,8.7741194487
339985,350124,350125,10139,1,1,25200,1014.0
339985,350144,350341,10159,197,1,25200,52.5685279188
339985,350205,350412,10220,207,1,25200,50.3719806763
339986,350340,350410,10354,70,1,25200,148.914285714
339986,350248,350383,10262,135,1,25200,77.0148148148
339986,350353,350356,10367,3,1,25200,1037.0
339986,350396,350438,10410,42,1,25200,248.857142857
339987,350389,350412,10402,23,1,25200,453.260869565
339987,350417,350435,10430,18,1,25200,580.444444444
339987,350401,350404,10414,3,1,25200,1041.7
339987,350368,350377,10381,9,1,25200,1039.0
339987,350423,350522,10436,99,1,25200,106.414141414
339988,350443,350514,10455,71,1,25200,148.253521127
339988,350449,350464,10461,15,1,25200,698.4
339988,350435,362507,10447,12072,1,25200,1.86539098741
339988,350429,350431,10441,2,1,25200,1044.3
339989,350461,351521,10472,1060,1,25200,10.879245283
339989,350479,350499,10490,20,1,25200,525.5
339989,350486,350543,10497,57,1,25200,185.157894737
339989,350473,350475,10484,2,1,25200,1048.6
339990,350493,351010,10503,517,1,25200,21.3152804642
339990,350500,350670,10510,170,1,25200,62.8235294118
339990,350510,350514,10520,4,1,25200,1052.4
339990,350523,350700,10533,177,1,25200,60.5084745763
339991,350535,350538,10544,3,1,25200,1054.7
339991,350542,350545,10551,3,1,25200,1055.4
339991,350547,351868,10556,1321,1,25200,8.99091597275
339991,350529,351827,10538,1298,1,25200,9.1186440678
339992,350561,358308,10569,7747,1,25200,2.36427004002
339992,350566,350568,10574,2,1,25200,1057.6
339992,350581,350600,10589,19,1,25200,558.315789474
339993,350587,350593,10594,6,1,25200,1060.0
339993,350700,350724,10707,24,1,25200,447.125
339993,350612,351149,10619,537,1,25200,20.7746741155
339993,350605,350738,10612,133,1,25200,80.7894736842
339993,350682,350688,10689,6,1,25200,1069.5
339994,350749,352456,10755,1707,1,25200,7.30052724077
339994,350736,350739,10742,3,1,25200,1074.5
339994,350756,350791,10762,35,1,25200,308.485714286
339994,350713,350794,10719,81,1,25200,133.333333333
339995,350866,350934,10871,68,1,25200,160.867647059
339995,350810,351139,10815,329,1,25200,33.8723404255
339995,350770,350853,10775,83,1,25200,130.819277108
339995,350802,350905,10807,103,1,25200,105.922330097
339996,350917,350919,10921,2,1,25200,1092.3
339996,350880,350882,10884,2,1,25200,1088.6
339996,350945,350948,10949,3,1,25200,1095.2
339996,350930,351432,10934,502,1,25200,22.780876494
339996,350895,351275,10899,380,1,25200,29.6815789474
339997,350970,350973,10973,3,1,25200,1097.6
339997,350965,351128,10968,163,1,25200,68.2883435583
339997,350985,352067,10988,1082,1,25200,11.1552680222
339997,350976,351711,10979,735,1,25200,15.937414966
339998,351187,351188,11189,1,1,25200,1119.0
339998,351158,351183,11160,25,1,25200,447.4
339998,351164,351173,11166,9,1,25200,1117.5
339998,351027,351028,11029,1,1,25200,1103.0
339999,351221,351253,11222,32,1,25200,351.6875
339999,351193,351238,11194,45,1,25200,249.755555556
339999,351227,352909,11228,1682,1,25200,7.67538644471
339999,351198,351350,11199,152,1,25200,74.6776315789
340000,351292,351338,11292,46,1,25200,246.47826087
340000,351298,351322,11298,24,1,25200,471.75
340000,351232,351237,11232,5,1,25200,1123.7
340000,351278,351281,11278,3,1,25200,1128.1
340000,351265,351266,11265,1,1,25200,1126.6
340001,351303,352732,11302,1429,1,25200,8.90902729181
340001,351341,351343,11340,2,1,25200,1134.2
340001,351358,352012,11357,654,1,25200,18.3654434251
340001,351346,351382,11345,36,1,25200,316.138888889
340002,351400,351401,11398,1,1,25200,1139.9
340002,351388,351389,11386,1,1,25200,1138.7
340002,351366,351367,11364,1,1,25200,1136.5
340002,351371,351375,11369,4,1,25200,1137.3
340002,351378,351774,11376,396,1,25200,29.7272727273
340003,351414,351415,11411,1,1,25200,1141.2
340003,351426,351427,11423,1,1,25200,1142.4
340003,351407,351977,11404,570,1,25200,21.0070175439
340003,351441,351448,11438,7,1,25200,1144.5
340004,351503,351505,11499,2,1,25200,1150.1
340004,351461,356469,11457,5008,1,25200,3.28773961661
340004,351495,351496,11491,1,1,25200,1149.2
340004,351466,351469,11462,3,1,25200,1146.5
340004,351508,365361,11504,13853,1,25200,1.83043384105
340005,351523,351567,11518,44,1,25200,262.772727273
340005,351591,351593,11586,2,1,25200,1158.8
340005,351584,351586,11579,2,1,25200,1158.1
340006,351604,351605,11598,1,1,25200,1159.9
340006,351610,351735,11604,125,1,25200,93.832
340006,351528,351529,11522,1,1,25200,1152.3
340006,351654,351810,11648,156,1,25200,75.6666666667
340007,351561,351562,11554,1,1,25200,1155.5
340007,351540,351563,11533,23,1,25200,502.434782609
340007,351566,351567,11559,1,1,25200,1156.0
340007,351572,351715,11565,143,1,25200,81.8741258741
340008,351736,351744,11728,8,1,25200,1173.6
340008,351724,351726,11716,2,1,25200,1171.8
340008,351711,351716,11703,5,1,25200,1170.8
340008,351717,352312,11709,595,1,25200,20.6789915966
340009,351760,351850,11751,90,1,25200,131.566666667
340009,351749,352431,11740,682,1,25200,18.2140762463
340009,351731,351732,11722,1,1,25200,1172.3
340009,351742,351744,11733,2,1,25200,1173.5
340009,351754,351755,11745,1,1,25200,1174.6
340010,351772,351782,11762,10,1,25200,1177.2
340010,351777,351778,11767,1,1,25200,1176.8
340010,351766,351767,11756,1,1,25200,1175.7
340010,351796,351900,11786,104,1,25200,114.326923077
340010,351785,353022,11775,1237,1,25200,10.5189975748
340011,351804,351805,11793,1,1,25200,1179.4
340011,351825,351827,11814,2,1,25200,1181.6
340011,351818,351842,11807,24,1,25200,492.958333333
340011,351839,351845,11828,6,1,25200,1183.4
340012,351873,351892,11861,19,1,25200,625.263157895
340012,351861,351939,11849,78,1,25200,152.91025641
340012,351854,351856,11842,2,1,25200,1184.4
340012,351879,351880,11867,1,1,25200,1186.8
340012,351844,353242,11832,1398,1,25200,9.4635193133
340013,351904,351954,11891,50,1,25200,238.82
340013,351890,353253,11877,1363,1,25200,9.71386647102
340013,351885,351897,11872,12,1,25200,990.333333333
340014,351912,351917,11898,5,1,25200,1190.3
340014,351990,352011,11976,21,1,25200,571.285714286
340014,351917,351918,11903,1,1,25200,1190.4
340014,351972,352351,11958,379,1,25200,32.5514511873
340014,351978,351980,11964,2,1,25200,1196.6
340015,352014,352094,11999,80,1,25200,150.9875
340015,352008,352171,11993,163,1,25200,74.5766871166
340015,352002,352046,11987,44,1,25200,273.431818182
340015,352023,352167,12008,144,1,25200,84.3888888889
340016,351924,351926,11908,2,1,25200,1191.0
340016,351936,351937,11920,1,1,25200,1192.1
340016,351942,356142,11926,4200,1,25200,3.83952380952
340017,352029,352045,12012,16,1,25200,751.75
340017,351959,351960,11942,1,1,25200,1194.3
340017,351954,369049,11937,17095,1,25200,1.69827434922
340017,351967,352642,11950,675,1,25200,18.7037037037
340018,352090,352091,12072,1,1,25200,1207.3
340018,352097,352101,12079,4,1,25200,1208.3
340018,352060,352920,12042,860,1,25200,15.0023255814
340018,352066,352083,12048,17,1,25200,709.705882353
340019,352103,352104,12084,1,1,25200,1208.5
340019,352135,352710,12116,575,1,25200,22.0713043478
340019,352128,352295,12109,167,1,25200,73.5089820359
340019,352116,352120,12097,4,1,25200,1210.1
340020,352184,352187,12164,3,1,25200,1216.7
340020,352191,352357,12171,166,1,25200,74.3192771084
340020,352179,352181,12159,2,1,25200,1216.1
340020,352140,352166,12120,26,1,25200,467.153846154
340021,352205,352208,12184,3,1,25200,1218.7
340021,352210,352211,12189,1,1,25200,1219.0
340021,352217,352225,12196,8,1,25200,1220.4
340021,352225,352245,12204,20,1,25200,611.2
340021,352198,352199,12177,1,1,25200,1217.8
340022,352244,352342,12222,98,1,25200,125.714285714
340022,352230,352231,12208,1,1,25200,1220.9
340022,352238,352279,12216,41,1,25200,298.951219512
340023,352306,358832,12283,6526,1,25200,2.88216365308
340023,352281,352283,12258,2,1,25200,1226.0
340023,352291,352294,12268,3,1,25200,1227.1
340023,352298,352310,12275,12,1,25200,1023.91666667
340023,352269,352270,12246,1,1,25200,1224.7
340024,352311,371144,12287,18833,1,25200,1.65241862688
340024,352319,352353,12295,34,1,25200,362.617647059
340024,352326,352355,12302,29,1,25200,425.206896552
340024,352331,352366,12307,35,1,25200,352.628571429
340025,352366,354691,12341,2325,1,25200,6.30795698925
340025,352371,352378,12346,7,1,25200,1235.3
340025,352352,352353,12327,1,1,25200,1232.8
340025,352338,352340,12313,2,1,25200,1231.5
340025,352358,352361,12333,3,1,25200,1233.6
340026,352384,352387,12358,3,1,25200,1236.1
340026,352390,352439,12364,49,1,25200,253.326530612
340026,352377,352380,12351,3,1,25200,1235.4
340027,352395,352400,12368,5,1,25200,1237.3
340027,352408,352409,12381,1,1,25200,1238.2
340027,352419,352420,12392,1,1,25200,1239.3
340027,352401,352423,12374,22,1,25200,563.454545455
340027,352413,352650,12386,237,1,25200,53.2616033755
340028,352424,354727,12396,2303,1,25200,6.38254450716
340028,352442,353238,12414,796,1,25200,16.5954773869
340028,352436,352437,12408,1,1,25200,1240.9
340028,352450,352668,12422,218,1,25200,57.9816513761
340029,352461,357434,12432,4973,1,25200,3.49989945707
340029,352467,352474,12438,7,1,25200,1244.5
340029,352456,353213,12427,757,1,25200,17.4161162483
340029,352474,355791,12445,3317,1,25200,4.75188423274
340030,352504,352546,12474,42,1,25200,298.0
340030,352479,352485,12449,6,1,25200,1245.5
340030,352486,352487,12456,1,1,25200,1245.7
340030,352497,357132,12467,4635,1,25200,3.68975188781
340031,352853,357116,12822,4263,1,25200,4.00774102745
340031,352661,352840,12630,179,1,25200,71.5586592179
340031,352654,353505,12623,851,1,25200,15.8331374853
340031,352557,352631,12526,74,1,25200,170.27027027
340031,352644,352646,12613,2,1,25200,1261.5
340032,352709,352746,12677,37,1,25200,343.621621622
340032,352668,353575,12636,907,1,25200,14.9316427784
340032,352679,352685,12647,6,1,25200,1265.3
340033,352744,353171,12711,427,1,25200,30.7681498829
340033,352752,352754,12719,2,1,25200,1272.1
340033,352759,352760,12726,1,1,25200,1272.7
340033,352766,353423,12733,657,1,25200,20.3805175038
340033,352722,373836,12689,21114,1,25200,1.60097565596
340034,352773,353648,12739,875,1,25200,15.5588571429
340034,352933,352936,12899,3,1,25200,1290.2
340034,352922,352929,12888,7,1,25200,1289.5
340034,352941,355510,12907,2569,1,25200,6.02413390424
340035,352968,352976,12933,8,1,25200,1294.1
340035,353033,353719,12998,686,1,25200,19.9475218659
340035,352988,355384,12953,2396,1,25200,6.40609348915
340035,353183,353185,13148,2,1,25200,1315.0
340035,352948,352956,12913,8,1,25200,1292.1
340036,353224,353229,13188,5,1,25200,1319.3
340036,353517,363051,13481,9534,1,25200,2.41399202853
340036,353197,353268,13161,71,1,25200,186.366197183
340036,353240,353358,13204,118,1,25200,112.898305085
340037,353265,355494,13228,2229,1,25200,6.93449977568
340037,353249,353662,13212,413,1,25200,32.99031477
340037,353256,354268,13219,1012,1,25200,14.0622529644
340037,353280,353281,13243,1,1,25200,1324.4
340037,353294,353311,13257,17,1,25200,780.823529412
340038,353435,353445,13397,10,1,25200,1340.7
340038,353371,353534,13333,163,1,25200,82.7975460123
340038,353322,353325,13284,3,1,25200,1328.7
340038,353337,358139,13299,4802,1,25200,3.76947105373
340039,353523,353524,13484,1,1,25200,1348.5
340039,353501,353506,13462,5,1,25200,1346.7
340039,353469,353608,13430,139,1,25200,97.618705036
340040,353586,353595,13546,9,1,25200,1355.5
340040,353546,353773,13506,227,1,25200,60.4977973568
340040,353536,354397,13496,861,1,25200,16.674796748
340041,353606,354057,13565,451,1,25200,31.0776053215
340041,353647,354382,13606,735,1,25200,19.5115646259
340041,353619,353621,13578,2,1,25200,1358.0
340041,353902,354175,13861,273,1,25200,51.7728937729
340042,353674,354780,13632,1106,1,25200,13.3254972875
340042,353785,353952,13743,167,1,25200,83.2934131737
340042,353882,353884,13840,2,1,25200,1384.2
340042,353731,353869,13689,138,1,25200,100.195652174
340042,353660,354072,13618,412,1,25200,34.0533980583
340043,353957,354082,13914,125,1,25200,112.312
340043,354112,354113,14069,1,1,25200,1407.0
340043,353895,357815,13852,3920,1,25200,4.53367346939
340043,353952,359287,13909,5335,1,25200,3.60712277413
340044,354009,354060,13965,51,1,25200,274.823529412
340044,353964,353997,13920,33,1,25200,422.818181818
340044,354056,354133,14012,77,1,25200,182.974025974
340044,354068,355680,14024,1612,1,25200,9.69975186104
340044,354041,354044,13997,3,1,25200,1400.0
340045,354084,354838,14039,754,1,25200,19.6193633952
340045,354075,354080,14030,5,1,25200,1403.5
340045,354105,376288,14060,22183,1,25200,1.63381868999
340045,354098,354100,14053,2,1,25200,1405.5
340046,354125,354321,14079,196,1,25200,72.8316326531
340046,354186,354188,14140,2,1,25200,1414.2
340046,354159,354438,14113,279,1,25200,51.5842293907
340046,354146,354148,14100,2,1,25200,1410.2
340047,354281,354438,14234,157,1,25200,91.6624203822
340047,354706,354708,14659,2,1,25200,1466.1
340047,354214,354218,14167,4,1,25200,1417.1
340047,354229,354262,14182,33,1,25200,430.757575758
340047,354200,354201,14153,1,1,25200,1415.4
340048,354292,371289,14244,16997,1,25200,1.83803024063
340048,354394,354552,14346,158,1,25200,91.7974683544
340048,354365,355363,14317,998,1,25200,15.3456913828
340048,354333,354340,14285,7,1,25200,1429.2
340048,354352,354353,14304,1,1,25200,1430.5
340049,354464,354482,14415,18,1,25200,801.833333333
340049,354493,354495,14444,2,1,25200,1444.6
340049,354455,355378,14406,923,1,25200,16.6078006501
340049,354449,354452,14400,3,1,25200,1440.3
340050,354551,355297,14501,746,1,25200,20.4383378016
340050,354535,354538,14485,3,1,25200,1448.8
340050,354564,354709,14514,145,1,25200,101.096551724
340050,354507,355015,14457,508,1,25200,29.4586614173
340051,354739,354756,14688,17,1,25200,865.0
340051,354726,355201,14675,475,1,25200,31.8947368421
340051,354720,354735,14669,15,1,25200,978.933333333
340051,354713,357002,14662,2289,1,25200,7.40541721276
340052,354748,354761,14696,13,1,25200,1131.46153846
340052,354769,356626,14717,1857,1,25200,8.92514808831
340052,354791,354964,14739,173,1,25200,86.1965317919
340052,354808,355542,14756,734,1,25200,21.1035422343
340052,354776,354796,14724,20,1,25200,737.2
340053,354851,355013,14798,162,1,25200,92.3456790123
340053,354977,355130,14924,153,1,25200,98.5424836601
340053,354969,355252,14916,283,1,25200,53.7067137809
340053,355024,355081,14971,57,1,25200,263.649122807
340054,355032,355035,14978,3,1,25200,1498.1
340054,355047,357405,14993,2358,1,25200,7.35835453774
340054,355144,355147,15090,3,1,25200,1509.3
340054,355113,356902,15059,1789,1,25200,9.41755170486
340054,355093,355101,15039,8,1,25200,1504.7
340055,355193,357318,15138,2125,1,25200,8.12376470588
340055,355367,355494,15312,127,1,25200,121.566929134
340055,355171,355180,15116,9,1,25200,1512.5
340055,355158,355159,15103,1,1,25200,1510.4
340056,355372,356975,15316,1603,1,25200,10.5545851528
341110,341128,356299,18,15171,1,36000,1.00118647419
341497,341504,348430,7,6926,2,14400,1.00101068438
342204,342219,349435,15,7216,2,14400,1.00207871397
342226,342237,348826,11,6589,2,14400,1.00166944908
342307,342333,349083,26,6750,2,14400,1.00385185185
342404,342422,349266,18,6844,2,14400,1.00263004091
342762,342773,349717,11,6944,2,14400,1.00158410138
343676,343682,350449,6,6767,2,14400,1.00088665583
344249,344258,351010,9,6752,2,14400,1.00133293839
344264,344278,350860,14,6582,2,14400,1.00212701307
344273,344300,344554,27,254,1,3540,1.1062992126
344280,344289,351258,9,6969,2,14400,1.00129143349
344310,344321,351131,11,6810,2,14400,1.00161527166
344326,344337,351226,11,6889,2,14400,1.00159674844
344347,344356,351341,9,6985,2,14400,1.0012884753
344363,344394,351192,31,6798,2,14400,1.00456016475
344378,344399,350947,21,6548,2,14400,1.00320708613
344396,344429,351213,33,6784,2,14400,1.00486438679
344398,344435,351166,37,6731,2,14400,1.00549695439
344414,344440,350748,26,6308,2,14400,1.00412175016
344429,344470,351169,41,6699,2,14400,1.00612031647
344445,344475,351270,30,6795,2,14400,1.00441501104
344469,344499,351283,30,6784,2,14400,1.00442216981
344494,344517,351473,23,6956,2,14400,1.00330649799
344511,344523,351451,12,6928,2,14400,1.00173210162
344513,344563,351458,50,6895,2,14400,1.00725163162
344515,344568,351163,53,6595,2,14400,1.00803639121
344517,344574,351519,57,6945,2,14400,1.00820734341
344519,344579,351454,60,6875,2,14400,1.00872727273
344535,344585,351316,50,6731,2,14400,1.00742831674
344537,344590,351316,53,6726,2,14400,1.00787986916
344570,344609,351541,39,6932,2,14400,1.00562608194
344604,344628,351435,24,6807,2,14400,1.00352578228
344620,344633,351382,13,6749,2,14400,1.00192621129
344622,344652,351586,30,6934,2,14400,1.00432650707
344638,344657,351428,19,6771,2,14400,1.00280608477
344663,344683,346727,20,2044,1,3540,1.00978473581
344715,344725,351423,10,6698,2,14400,1.00149298298
344730,344745,351505,15,6760,2,14400,1.00221893491
344744,344761,344943,17,182,1,3540,1.09340659341
344745,344756,351780,11,7024,2,14400,1.00156605923
344770,344781,352041,11,7260,2,14400,1.00151515152
344793,344821,345091,28,270,1,3540,1.1037037037
344845,344864,345355,19,491,1,3540,1.03869653768
344846,344857,351592,11,6735,2,14400,1.00163325909
344867,344878,351600,11,6722,2,14400,1.00163641773
344889,344898,351858,9,6960,2,14400,1.00129310345
344904,344912,351680,8,6768,2,14400,1.0011820331
344918,344964,345336,46,372,1,3540,1.12365591398
344920,344948,351544,28,6596,2,14400,1.00424499697
344938,344959,351971,21,7012,2,14400,1.00299486594
344954,344981,352052,27,7071,2,14400,1.00381841324
344967,344989,345513,22,524,1,3540,1.04198473282
345015,345025,345525,10,500,1,3540,1.02
345042,345051,351694,9,6643,2,14400,1.00135480957
345063,345103,345616,40,513,1,3540,1.07797270955
345110,345227,345719,117,492,1,3540,1.23780487805
345151,345161,352058,10,6897,2,14400,1.00144990576
345157,345255,345774,98,519,1,3540,1.18882466281
345205,345216,351976,11,6760,2,14400,1.00162721893
345221,345234,352064,13,6830,2,14400,1.0019033675
345252,345290,345825,38,535,1,3540,1.07102803738
345452,345490,345763,38,273,1,3540,1.13919413919
345457,345466,352096,9,6630,2,14400,1.00135746606
345723,345731,345914,8,183,1,3540,1.04371584699
345816,345833,345967,17,134,1,3540,1.12686567164
345976,345989,345992,13,3,2,43200,1.6
348426,348441,355138,15,6697,2,14400,1.00223980887
348721,348770,355352,49,6582,2,14400,1.00744454573
348857,348869,355698,12,6829,2,14400,1.00175721189
349216,349238,356022,22,6784,2,14400,1.00324292453
349348,349354,356346,6,6992,2,14400,1.00085812357
349499,349547,356183,48,6636,2,14400,1.00723327306
350025,350040,356803,15,6763,2,14400,1.00221795061
350751,350762,357591,11,6829,2,14400,1.00161077757
350862,350873,357729,11,6856,2,14400,1.00160443407
350951,350958,357883,7,6925,2,14400,1.00101083032
351012,351022,358013,10,6991,2,14400,1.00143041053
351030,351146,358214,116,7068,2,14400,1.01641199774
351037,351151,353939,114,2788,2,28800,1.04088952654
351166,351175,357992,9,6817,2,14400,1.00132022884
351183,351210,357733,27,6523,2,14400,1.00413919975
351184,351216,358058,32,6842,2,14400,1.00467699503
351199,351239,357999,40,6760,2,14400,1.00591715976
351214,351244,358076,30,6832,2,14400,1.0043911007
351230,351251,358051,21,6800,2,14400,1.00308823529
351260,351271,358032,11,6761,2,14400,1.00162697826
351275,351286,358484,11,7198,2,14400,1.00152820228
351290,351311,357990,21,6679,2,14400,1.00314418326
351317,351328,358284,11,6956,2,14400,1.0015813686
351319,351333,358040,14,6707,2,14400,1.0020873714
351343,351353,358180,10,6827,2,14400,1.00146477223
351383,351395,358180,12,6785,2,14400,1.00176860722
351425,351435,358070,10,6635,2,14400,1.00150715901
351440,351448,358196,8,6748,2,14400,1.00118553646
351442,351454,358214,12,6760,2,14400,1.00177514793
351458,351473,358210,15,6737,2,14400,1.00222651032
351459,351478,358181,19,6703,2,14400,1.00283455169
351475,351485,358312,10,6827,2,14400,1.00146477223
351476,351490,358280,14,6790,2,14400,1.00206185567
351506,351515,358380,9,6865,2,14400,1.00131099782
351521,351535,358204,14,6669,2,14400,1.00209926526
351543,351553,358436,10,6883,2,14400,1.00145285486
351558,351579,358513,21,6934,2,14400,1.00302855495
351588,351597,358342,9,6745,2,14400,1.00133432172
351603,351617,358396,14,6779,2,14400,1.00206520136
351604,351622,358319,18,6697,2,14400,1.00268777064
351683,351690,358533,7,6843,2,14400,1.00102294315
351698,351705,358238,7,6533,2,14400,1.00107148324
351782,351791,358665,9,6874,2,14400,1.00130928135
351861,351867,359058,6,7191,2,14400,1.0008343763
351972,351984,358745,12,6761,2,14400,1.00177488537
351987,351997,358530,10,6533,2,14400,1.00153069034
352044,352053,358929,9,6876,2,14400,1.00130890052
352060,352072,358834,12,6762,2,14400,1.00177462289
352062,352078,358862,16,6784,2,14400,1.00235849057
352077,352085,358915,8,6830,2,14400,1.00117130307
352098,352110,359208,12,7098,2,14400,1.00169061708
354238,354273,354282,35,9,1,3600,4.4
354396,354410,354525,14,115,1,3600,1.12173913043
354654,354701,354959,47,258,1,3600,1.18217054264
355142,355150,362393,8,7243,2,14400,1.0011045147
355203,355213,355860,10,647,1,3600,1.01545595054
355247,355309,362546,62,7237,2,14400,1.00856708581
355454,355461,361950,7,6489,2,14400,1.00107874865
355764,355770,362627,6,6857,2,14400,1.00087501823
356073,356079,362800,6,6721,2,14400,1.0008927243
356241,356247,363081,6,6834,2,14400,1.00087796313
356387,356393,360004,6,3611,1,3600,1.00166158959
356603,356609,363644,6,7035,2,14400,1.00085287846
357383,357389,364305,6,6916,2,14400,1.0008675535
357687,357693,364703,6,7010,2,14400,1.00085592011
357746,357752,364504,6,6752,2,14400,1.00088862559
357885,357891,364612,6,6721,2,14400,1.0008927243
357994,358001,364542,7,6541,2,14400,1.00107017276
357996,358007,364895,11,6888,2,14400,1.00159698026
358011,358017,364958,6,6941,2,14400,1.00086442876
358025,358031,364944,6,6913,2,14400,1.00086792999
358040,358046,364862,6,6816,2,14400,1.00088028169
358055,358061,364848,6,6787,2,14400,1.00088404302
358056,358067,364826,11,6759,2,14400,1.00162745968
358071,358078,365053,7,6975,2,14400,1.00100358423
358073,358085,364684,12,6599,2,14400,1.00181845734
358088,358094,364913,6,6819,2,14400,1.00087989441
358164,358170,358283,6,113,1,3600,1.05309734513
358181,358187,364875,6,6688,2,14400,1.00089712919
358183,358194,364957,11,6763,2,14400,1.00162649712
358184,358200,364813,16,6613,2,14400,1.00241947679
358199,358206,364975,7,6769,2,14400,1.00103412616
358214,358221,365079,7,6858,2,14400,1.00102070575
358216,358227,365001,11,6774,2,14400,1.00162385592
358218,358233,364909,15,6676,2,14400,1.0022468544
358233,358239,365315,6,7076,2,14400,1.00084793669
358248,358254,365404,6,7150,2,14400,1.00083916084
358285,358293,364926,8,6633,2,14400,1.00120609076
358300,358306,365078,6,6772,2,14400,1.00088600118
358315,358321,365352,6,7031,2,14400,1.00085336368
358330,358336,365152,6,6816,2,14400,1.00088028169
358345,358351,365107,6,6756,2,14400,1.00088809947
358380,358387,365082,7,6695,2,14400,1.00104555639
358398,358405,365094,7,6689,2,14400,1.00104649424
358413,358420,358670,7,250,1,3600,1.028
358438,358445,365184,7,6739,2,14400,1.00103872978
358488,358495,365471,7,6976,2,14400,1.00100344037
358514,358521,365371,7,6850,2,14400,1.00102189781
358529,358536,365193,7,6657,2,14400,1.00105152471
358544,358552,365385,8,6833,2,14400,1.00117078882
358668,358674,365520,6,6846,2,14400,1.00087642419
358750,358757,365347,7,6590,2,14400,1.00106221548
358837,358843,365567,6,6724,2,14400,1.000892326
358864,358870,365603,6,6733,2,14400,1.00089113322
358901,358907,359462,6,555,1,3600,1.01081081081
358918,358924,365555,6,6631,2,14400,1.0009048409
358933,358939,365489,6,6550,2,14400,1.00091603053
359060,359066,365878,6,6812,2,14400,1.00088079859
359210,359217,366231,7,7014,2,14400,1.00099800399
360114,360120,360198,6,78,1,3600,1.07692307692
360291,360297,360378,6,81,1,3600,1.07407407407
360313,360320,360561,7,241,1,3600,1.02904564315
360510,360516,360744,6,228,1,3600,1.02631578947
360855,360861,361332,6,471,1,3600,1.0127388535
361025,361031,361484,6,453,1,3600,1.01324503311
361955,361962,368858,7,6896,2,14400,1.00101508121
362097,362103,369084,6,6981,2,14400,1.00085947572
362449,362455,369383,6,6928,2,14400,1.00086605081
362629,362635,369317,6,6682,2,14400,1.00089793475
362681,362687,369778,6,7091,2,14400,1.000846143
362805,362817,369351,12,6534,2,14400,1.00183654729
363244,363251,370043,7,6792,2,14400,1.00103062426
363671,363677,371000,6,7323,2,14400,1.00081933634
364507,364513,371248,6,6735,2,14400,1.0008908686
364543,364549,371453,6,6904,2,14400,1.00086906141
364616,364622,371337,6,6715,2,14400,1.00089352197
364685,364691,371489,6,6798,2,14400,1.00088261253
364706,364712,371695,6,6983,2,14400,1.00085922956
364814,364820,371523,6,6703,2,14400,1.00089512159
364829,364835,371500,6,6665,2,14400,1.00090022506
364850,364856,371759,6,6903,2,14400,1.00086918731
364864,364871,371620,7,6749,2,14400,1.00103719069
364879,364885,371726,6,6841,2,14400,1.00087706476
364897,364903,371945,6,7042,2,14400,1.00085203067
364912,364918,371553,6,6635,2,14400,1.0009042954
364927,364933,372031,6,7098,2,14400,1.00084530854
364929,364940,371604,11,6664,2,14400,1.00165066026
364946,364952,371752,6,6800,2,14400,1.00088235294
364961,364967,371857,6,6890,2,14400,1.00087082729
364963,364973,371695,10,6722,2,14400,1.00148765248
364978,364984,371606,6,6622,2,14400,1.00090607067
365003,365009,372043,6,7034,2,14400,1.00085299972
365054,365060,371761,6,6701,2,14400,1.00089538875
365081,365087,372082,6,6995,2,14400,1.00085775554
365083,365093,371938,10,6845,2,14400,1.00146092038
365098,365104,371695,6,6591,2,14400,1.00091033227
365099,365110,372099,11,6989,2,14400,1.00157390185
365116,365122,371892,6,6770,2,14400,1.00088626292
365155,365162,372027,7,6865,2,14400,1.00101966497
365185,365192,372301,7,7109,2,14400,1.00098466732
365200,365206,371739,6,6533,2,14400,1.0009184142
365318,365324,371853,6,6529,2,14400,1.00091897687
365349,365356,372025,7,6669,2,14400,1.00104963263
365364,365370,371962,6,6592,2,14400,1.00091019417
365379,365385,372191,6,6806,2,14400,1.00088157508
365394,365400,372157,6,6757,2,14400,1.00088796803
365409,365415,372412,6,6997,2,14400,1.00085751036
365472,365478,372228,6,6750,2,14400,1.00088888889
365490,365496,372250,6,6754,2,14400,1.00088836245
365502,365510,365584,8,74,1,1800,1.10810810811
365523,365529,372561,6,7032,2,14400,1.00085324232
365556,365562,372571,6,7009,2,14400,1.00085604223
365571,365578,372414,7,6836,2,14400,1.00102399064
365605,365611,372460,6,6849,2,14400,1.0008760403
365816,365823,365911,7,88,1,1800,1.07954545455
365879,365886,372589,7,6703,2,14400,1.00104430852
366233,366239,373335,6,7096,2,14400,1.00084554679
366373,366380,366741,7,361,1,1800,1.01939058172
367829,367839,367879,10,40,1,1800,1.25
368104,368110,368181,6,71,1,1800,1.08450704225
368763,368770,369010,7,240,1,1800,1.02916666667
368862,368868,375807,6,6939,2,14400,1.00086467791
368973,368979,375676,6,6697,2,14400,1.00089592355
369234,369240,375843,6,6603,2,14400,1.00090867787
369236,369246,375934,10,6688,2,14400,1.00149521531
369386,369392,376322,6,6930,2,14400,1.00086580087
369425,369431,376102,6,6671,2,14400,1.00089941538
369855,369861,376792,6,6931,2,14400,1.00086567595
370071,370078,376776,7,6698,2,14400,1.00104508809
371023,371030,377664,7,6634,2,14400,1.00105517033
371025,371036,377826,11,6790,2,14400,1.00162002946
371359,371365,378373,6,7008,2,14400,1.00085616438
371479,371485,378401,6,6916,2,14400,1.0008675535
371509,371515,378110,6,6595,2,14400,1.00090978014
371527,371533,378594,6,7061,2,14400,1.000849738
371554,371560,378462,6,6902,2,14400,1.00086931324
371605,371612,378329,7,6717,2,14400,1.0010421319
371620,371627,378296,7,6669,2,14400,1.00104963263
371622,371633,378679,11,7046,2,14400,1.00156116946
371697,371704,378759,7,7055,2,14400,1.00099220411
371699,371711,378165,12,6454,2,14400,1.00185931205
371700,371716,378700,16,6984,2,14400,1.00229095074
371727,371734,378496,7,6762,2,14400,1.00103519669
371742,371749,378755,7,7006,2,14400,1.00099914359
371757,371763,378327,6,6564,2,14400,1.00091407678
371772,371778,378366,6,6588,2,14400,1.00091074681
371774,371784,378601,10,6817,2,14400,1.00146692093
371855,371861,379202,6,7341,2,14400,1.00081732734
371870,371876,378793,6,6917,2,14400,1.00086742808
371894,371900,378548,6,6648,2,14400,1.00090252708
371939,371945,378632,6,6687,2,14400,1.00089726335
371954,371960,378735,6,6775,2,14400,1.00088560886
371969,371975,378704,6,6729,2,14400,1.00089166295
372026,372032,378412,6,6380,2,14400,1.00094043887
372041,372047,378763,6,6716,2,14400,1.00089338892
372043,372053,379308,10,7255,2,14400,1.00137835975
372057,372064,379137,7,7073,2,14400,1.00098967906
372084,372091,378895,7,6804,2,14400,1.00102880658
372099,372106,379045,7,6939,2,14400,1.00100879089
372159,372166,379192,7,7026,2,14400,1.00099629946
372193,372199,379006,6,6807,2,14400,1.00088144557
372229,372235,379558,6,7323,2,14400,1.00081933634
372253,372259,379242,6,6983,2,14400,1.00085922956
372304,372310,379373,6,7063,2,14400,1.00084949738
372414,372420,379249,6,6829,2,14400,1.00087860595
372428,372435,379001,7,6566,2,14400,1.00106609808
372461,372468,379317,7,6849,2,14400,1.00102204701
372564,372570,379366,6,6796,2,14400,1.00088287228
372579,372585,379477,6,6892,2,14400,1.00087057458
372594,372600,379464,6,6864,2,14400,1.00087412587
373335,373342,380005,7,6663,2,14400,1.00105057782
375650,375657,382600,7,6943,2,14400,1.00100820971
375652,375663,382792,11,7129,2,14400,1.00154299341
375653,375669,382789,16,7120,2,14400,1.00224719101
375655,375674,382365,19,6691,2,14400,1.00283963533
375656,375679,382383,23,6704,2,14400,1.00343078759
375658,375685,382846,27,7161,2,14400,1.00377042313
375659,375691,382573,32,6882,2,14400,1.0046498111
375661,375696,382721,35,7025,2,14400,1.00498220641
375662,375701,382578,39,6877,2,14400,1.0056710775
375664,375707,382478,43,6771,2,14400,1.00635061291
375665,375712,382171,47,6459,2,14400,1.00727666821
375667,375718,382469,51,6751,2,14400,1.00755443638
375669,375723,382567,54,6844,2,14400,1.00789012274
375670,375729,382690,59,6961,2,14400,1.00847579371
375672,375734,382519,62,6785,2,14400,1.00913780398
375673,375739,382715,66,6976,2,14400,1.00946100917
375675,375745,382539,70,6794,2,14400,1.01030320871
375676,375750,382403,74,6653,2,14400,1.01112280174
375678,375755,382361,77,6606,2,14400,1.01165607024
375679,375761,382587,82,6826,2,14400,1.01201289188
375681,375767,382736,86,6969,2,14400,1.01234036447
375682,375773,382510,91,6737,2,14400,1.01350749592
375684,375778,382501,94,6723,2,14400,1.01398185334
375685,375784,382228,99,6444,2,14400,1.01536312849
375687,375789,382550,102,6761,2,14400,1.01508652566
375688,375794,382801,106,7007,2,14400,1.01512772941
375690,375800,382625,110,6825,2,14400,1.01611721612
375691,375805,382445,114,6640,2,14400,1.0171686747
375693,375810,382537,117,6727,2,14400,1.017392597
375694,375816,382631,122,6815,2,14400,1.01790168745
375709,375821,382626,112,6805,2,14400,1.01645848641
375737,375826,382679,89,6853,2,14400,1.01298701299
376806,376829,376830,23,1,1,25200,2.4
376806,376817,376861,11,44,1,25200,1.25
376806,376823,376825,17,2,1,25200,1.9
376806,376812,376813,6,1,1,25200,1.0
376807,376840,377129,33,289,1,25200,1.11418685121
376807,376851,376852,44,1,1,25200,4.5
376808,376862,376863,54,1,1,25200,5.5
376809,376878,376879,69,1,1,25200,7.0
376809,376873,376874,64,1,1,25200,6.5
376809,376884,376978,75,94,1,25200,1.79787234043
376809,376889,377076,80,187,1,25200,1.42780748663
376810,376900,376902,90,2,1,25200,9.2
376811,376922,377004,111,82,1,25200,2.35365853659
376811,376911,376920,100,9,1,25200,10.9
376811,376917,376978,106,61,1,25200,2.73770491803
376811,376928,376931,117,3,1,25200,12.0
376812,376939,376950,127,11,1,25200,12.5454545455
376812,376944,376945,132,1,1,25200,13.3
376812,376933,376934,121,1,1,25200,12.2
376813,377054,377055,241,1,1,25200,24.2
376813,377060,377113,247,53,1,25200,5.66037735849
376814,377070,377565,256,495,1,25200,1.51717171717
376814,378459,381022,1645,2563,1,25200,1.64182598517
376814,378465,378466,1651,1,1,25200,165.2
376814,377065,377415,251,350,1,25200,1.71714285714
376815,378503,379504,1688,1001,1,25200,2.68631368631
376815,378497,389141,1682,10644,1,25200,1.15802329951
376815,378470,378495,1655,25,1,25200,67.2
376816,378524,378525,1708,1,1,25200,170.9
376816,378508,378509,1692,1,1,25200,169.3
376816,378519,378531,1703,12,1,25200,142.916666667
376816,378513,379727,1697,1214,1,25200,2.3978583196
376817,378530,381701,1713,3171,1,25200,1.54020813623
376817,378537,378538,1720,1,1,25200,172.1
376817,378543,378558,1726,15,1,25200,116.066666667
376818,378548,378549,1730,1,1,25200,173.1
376818,378554,378556,1736,2,1,25200,173.8
376818,378559,378561,1741,2,1,25200,174.3
376819,378570,378575,1751,5,1,25200,175.6
376819,378602,378603,1783,1,1,25200,178.4
376819,378597,378604,1778,7,1,25200,178.5
376819,378564,378565,1745,1,1,25200,174.6
376820,378618,378622,1798,4,1,25200,180.2
376820,378632,378633,1812,1,1,25200,181.3
376820,378627,378641,1807,14,1,25200,130.071428571
376821,378648,378650,1827,2,1,25200,182.9
376821,378643,378694,1822,51,1,25200,36.7254901961
376821,378654,378920,1833,266,1,25200,7.89097744361
376821,378638,378712,1817,74,1,25200,25.5540540541
376822,378670,379960,1848,1290,1,25200,2.43255813953
376822,378659,378660,1837,1,1,25200,183.8
376823,376953,376954,130,1,1,25200,13.1
376823,376964,376967,141,3,1,25200,14.4
376823,376959,376982,136,23,1,25200,6.91304347826
376824,376975,376996,151,21,1,25200,8.19047619048
376824,376981,376982,157,1,1,25200,15.8
376825,376997,377001,172,4,1,25200,17.6
376825,377002,377003,177,1,1,25200,17.8
376825,376991,376992,166,1,1,25200,16.7
376826,377018,378373,192,1355,1,25200,1.14169741697
376826,377013,395190,187,18177,1,25200,1.01028772625
376826,377007,377015,181,8,1,25200,18.9
376827,377024,377025,197,1,1,25200,19.8
376827,377029,377035,202,6,1,25200,20.8
376827,377035,377044,208,9,1,25200,21.7
376828,377076,378453,248,1377,1,25200,1.1801016703
376828,377081,377082,253,1,1,25200,25.4
376828,377087,377111,259,24,1,25200,11.7916666667
376829,377097,377099,268,2,1,25200,27.0
376829,377103,377105,274,2,1,25200,27.6
376829,377092,377102,263,10,1,25200,27.3
376829,377108,377156,279,48,1,25200,6.8125
376830,377119,382120,289,5001,1,25200,1.05778844231
376830,377124,377505,294,381,1,25200,1.77165354331
376830,377114,377115,284,1,1,25200,28.5
376831,377130,377131,299,1,1,25200,30.0
376831,377135,377136,304,1,1,25200,30.5
376832,377166,377186,334,20,1,25200,17.7
376832,377150,377151,318,1,1,25200,31.9
376832,377155,377157,323,2,1,25200,32.5
376832,377161,377162,329,1,1,25200,33.0
376833,377182,378252,349,1070,1,25200,1.3261682243
376833,377177,377178,344,1,1,25200,34.5
376833,377171,377172,338,1,1,25200,33.9
376834,377198,377200,364,2,1,25200,36.6
376834,377193,377207,359,14,1,25200,26.6428571429
376835,377209,377289,374,80,1,25200,5.675
376835,377215,377217,380,2,1,25200,38.2
376836,377234,380274,398,3040,1,25200,1.13092105263
376836,377226,377451,390,225,1,25200,2.73333333333
376836,377220,377249,384,29,1,25200,14.2413793103
376837,377239,377251,402,12,1,25200,34.5
376837,377244,377261,407,17,1,25200,24.9411764706
376837,377250,377251,413,1,1,25200,41.4
376837,377255,377256,418,1,1,25200,41.9
376838,377266,377268,428,2,1,25200,43.0
376838,377260,377261,422,1,1,25200,42.3
376838,377271,377273,433,2,1,25200,43.5
376839,377293,377516,454,223,1,25200,3.03587443946
376839,377277,379894,438,2617,1,25200,1.16736721437
376839,377282,377283,443,1,1,25200,44.4
376839,377287,377288,448,1,1,25200,44.9
376840,377306,378438,466,1132,1,25200,1.41166077739
376840,377312,377313,472,1,1,25200,47.3
376840,377298,377299,458,1,1,25200,45.9
376841,377323,377955,482,632,1,25200,1.76265822785
376841,377317,377318,476,1,1,25200,47.7
376841,377328,377367,487,39,1,25200,13.4871794872
376842,377349,377350,507,1,1,25200,50.8
376842,377333,377418,491,85,1,25200,6.77647058824
376843,377360,377361,517,1,1,25200,51.8
376843,377355,377514,512,159,1,25200,4.22012578616
376843,377368,377386,525,18,1,25200,30.1666666667
376844,377384,377398,540,14,1,25200,39.5714285714
376844,377373,377374,529,1,1,25200,53.0
376844,377379,377409,535,30,1,25200,18.8333333333
376845,377408,377410,563,2,1,25200,56.5
376845,377403,377410,558,7,1,25200,56.5
376845,377395,377410,550,15,1,25200,37.6666666667
376846,377414,379164,568,1750,1,25200,1.32457142857
376846,377424,377426,578,2,1,25200,58.0
376846,377419,381211,573,3792,1,25200,1.15110759494
376847,377443,377444,596,1,1,25200,59.7
376847,377432,377457,585,25,1,25200,24.4
376847,377438,377471,591,33,1,25200,18.9090909091
376848,377448,377450,600,2,1,25200,60.2
376848,377459,377460,611,1,1,25200,61.2
376848,377454,378999,606,1545,1,25200,1.39223300971
376849,377465,377520,616,55,1,25200,12.2
376849,377472,377612,623,140,1,25200,5.45
376849,377477,377478,628,1,1,25200,62.9
376850,377499,377503,649,4,1,25200,65.3
376850,377488,377509,638,21,1,25200,31.380952381
376851,377518,377711,667,193,1,25200,4.45595854922
376851,377507,378061,656,554,1,25200,2.18411552347
376851,377512,377513,661,1,1,25200,66.2
376852,377531,377532,679,1,1,25200,68.0
376852,377523,378145,671,622,1,25200,2.07877813505
376852,377537,377539,685,2,1,25200,68.7
376853,377547,388923,694,11376,1,25200,1.06100562588
376853,377542,378337,689,795,1,25200,1.86666666667
376853,377553,377554,700,1,1,25200,70.1
376853,377558,377559,705,1,1,25200,70.6
376854,377577,377581,723,4,1,25200,72.7
376854,377571,377572,717,1,1,25200,71.8
376855,377590,377593,735,3,1,25200,73.8
376855,377596,377597,741,1,1,25200,74.2
376855,377601,377623,746,22,1,25200,34.9090909091
376855,377585,377586,730,1,1,25200,73.1
376856,377607,379013,751,1406,1,25200,1.53413940256
376856,377614,377681,758,67,1,25200,12.3134328358
376856,377619,377627,763,8,1,25200,77.1
376857,377625,378070,768,445,1,25200,2.72584269663
376857,377630,380036,773,2406,1,25200,1.321280133
376857,377638,377640,781,2,1,25200,78.3
376858,377643,377645,785,2,1,25200,78.7
376858,377651,377655,793,4,1,25200,79.7
376858,377659,378290,801,631,1,25200,2.26941362916
376859,377678,377683,819,5,1,25200,82.4
376859,377664,378865,805,1201,1,25200,1.67027477102
376860,377690,377691,830,1,1,25200,83.1
376860,377703,377706,843,3,1,25200,84.6
376860,377698,377862,838,164,1,25200,6.10975609756
376861,377722,378151,861,429,1,25200,3.00699300699
376861,377715,377716,854,1,1,25200,85.5
376861,377728,377779,867,51,1,25200,18.0
376861,377709,377710,848,1,1,25200,84.9
376862,377741,377753,879,12,1,25200,74.25
376863,377761,378383,898,622,1,25200,2.44372990354
376863,377767,378377,904,610,1,25200,2.48196721311
376863,377791,377952,928,161,1,25200,6.76397515528
376864,377875,378480,1011,605,1,25200,2.67107438017
376864,377844,377845,980,1,1,25200,98.1
376864,377839,377914,975,75,1,25200,14.0
376864,377856,378029,992,173,1,25200,6.73410404624
376865,377926,379476,1061,1550,1,25200,1.68451612903
376865,377945,381610,1080,3665,1,25200,1.29467939973
376866,377971,377983,1105,12,1,25200,93.0833333333
376866,377978,377979,1112,1,1,25200,111.3
376866,377965,377967,1099,2,1,25200,110.1
376866,377951,379649,1085,1698,1,25200,1.63898704358
376867,377997,378035,1130,38,1,25200,30.7368421053
376868,378018,378020,1150,2,1,25200,115.2
376868,378042,378177,1174,135,1,25200,9.6962962963
376869,378049,378050,1180,1,1,25200,118.1
376869,378062,378063,1193,1,1,25200,119.4
376869,378054,378055,1185,1,1,25200,118.6
376870,378088,378133,1218,45,1,25200,28.0666666667
376870,378077,382205,1207,4128,1,25200,1.29239341085
376870,378082,379899,1212,1817,1,25200,1.66703357182
376870,378070,378203,1200,133,1,25200,10.022556391
376871,378127,378424,1256,297,1,25200,5.22895622896
376871,378121,378125,1250,4,1,25200,125.4
376872,378159,378162,1287,3,1,25200,129.0
376872,378166,378167,1294,1,1,25200,129.5
376872,378145,378172,1273,27,1,25200,48.1481481481
376872,378151,381195,1279,3044,1,25200,1.42017082786
376873,378181,378192,1308,11,1,25200,119.909090909
376873,378173,379767,1300,1594,1,25200,1.81555834379
376874,378204,378209,1330,5,1,25200,133.5
376874,378186,378187,1312,1,1,25200,131.3
376874,378199,378386,1325,187,1,25200,8.08556149733
376875,378222,378223,1347,1,1,25200,134.8
376875,378217,383612,1342,5395,1,25200,1.24874884152
376875,378209,378707,1334,498,1,25200,3.67871485944
376876,378246,378247,1370,1,1,25200,137.1
376876,378234,378235,1358,1,1,25200,135.9
376876,378227,378519,1351,292,1,25200,5.62671232877
376876,378239,378332,1363,93,1,25200,15.6559139785
376877,378292,378338,1415,46,1,25200,31.7608695652
376877,378266,378268,1389,2,1,25200,139.1
376877,378259,378296,1382,37,1,25200,38.3513513514
376878,378315,378316,1437,1,1,25200,143.8
376878,378302,378701,1424,399,1,25200,4.56892230576
376879,378327,378332,1448,5,1,25200,145.3
376879,378320,378323,1441,3,1,25200,144.4
376879,378332,378333,1453,1,1,25200,145.4
376880,378340,379658,1460,1318,1,25200,2.10773899848
376880,378350,378351,1470,1,1,25200,147.1
376880,378345,378665,1465,320,1,25200,5.578125
376881,378369,378858,1488,489,1,25200,4.04294478528
376881,378358,380057,1477,1699,1,25200,1.86933490288
376881,378374,378375,1493,1,1,25200,149.4
376881,378364,378443,1483,79,1,25200,19.7721518987
376882,378385,378849,1503,464,1,25200,4.23922413793
376882,378380,378383,1498,3,1,25200,150.1
376882,378391,378396,1509,5,1,25200,151.4
376883,378398,378519,1515,121,1,25200,13.520661157
376883,378409,378413,1526,4,1,25200,153.0
376883,378414,379037,1531,623,1,25200,3.45746388443
376884,378420,378429,1536,9,1,25200,154.5
376884,378425,378945,1541,520,1,25200,3.96346153846
376885,378447,378449,1562,2,1,25200,156.4
376885,378431,378434,1546,3,1,25200,154.9
376885,378441,378442,1556,1,1,25200,155.7
376885,378436,378438,1551,2,1,25200,155.3
376886,378452,378728,1566,276,1,25200,6.67391304348
376886,378481,378482,1595,1,1,25200,159.6
376887,378581,378584,1694,3,1,25200,169.7
376887,378575,378576,1688,1,1,25200,168.9
376887,378486,378487,1599,1,1,25200,160.0
376887,378492,380308,1605,1816,1,25200,1.88381057269
376888,378608,378974,1720,366,1,25200,5.69945355191
376888,378591,378594,1703,3,1,25200,170.6
376888,378586,378587,1698,1,1,25200,169.9
376889,378613,378983,1724,370,1,25200,5.65945945946
376889,378675,378681,1786,6,1,25200,179.2
376889,378686,378688,1797,2,1,25200,179.9
376889,378681,378735,1792,54,1,25200,34.1851851852
376890,378692,378693,1802,1,1,25200,180.3
376890,378697,378937,1807,240,1,25200,8.52916666667
376891,378702,378717,1811,15,1,25200,121.733333333
376891,378754,380055,1863,1301,1,25200,2.43197540354
376891,378749,378755,1858,6,1,25200,186.4
376891,378730,378752,1839,22,1,25200,84.5909090909
376892,378708,379508,1816,800,1,25200,3.27
376892,378713,378714,1821,1,1,25200,182.2
376892,378719,379113,1827,394,1,25200,5.63705583756
376893,378770,378773,1877,3,1,25200,188.0
376893,378765,379503,1872,738,1,25200,3.53658536585
376893,378724,378733,1831,9,1,25200,184.0
376894,378786,378787,1892,1,1,25200,189.3
376894,378776,379485,1882,709,1,25200,3.65444287729
376894,378781,379032,1887,251,1,25200,8.51792828685
376895,378792,378794,1897,2,1,25200,189.9
376895,378797,378798,1902,1,1,25200,190.3
376895,378803,378823,1908,20,1,25200,96.4
376896,378819,378825,1923,6,1,25200,192.9
376896,378808,378809,1912,1,1,25200,191.3
376896,378813,378814,1917,1,1,25200,191.8
376897,378830,378834,1933,4,1,25200,193.7
376897,378840,378886,1943,46,1,25200,43.2391304348
376897,378824,378860,1927,36,1,25200,54.5277777778
376897,378835,379050,1938,215,1,25200,10.0139534884
376898,378871,379041,1973,170,1,25200,12.6058823529
376898,378876,378877,1978,1,1,25200,197.9
376898,378882,379309,1984,427,1,25200,5.64637002342
376899,378892,378908,1993,16,1,25200,125.5625
376899,378903,379009,2004,106,1,25200,19.9056603774
376899,378887,378904,1988,17,1,25200,117.941176471
376900,378919,379183,2019,264,1,25200,8.64772727273
376900,378908,404117,2008,25209,1,25200,1.07965409179
376900,378914,378915,2014,1,1,25200,201.5
376901,381342,382560,4441,1218,1,25200,4.64614121511
376901,381335,382444,4434,1109,1,25200,4.99819657349
376901,378925,378926,2024,1,1,25200,202.5
376902,378935,381544,2033,2609,1,25200,1.779225757
376902,381348,386295,4446,4947,1,25200,1.89872650091
376902,378930,378959,2028,29,1,25200,70.9310344828
376903,378960,378967,2057,7,1,25200,206.4
376903,378954,379137,2051,183,1,25200,12.2076502732
376903,378972,380057,2069,1085,1,25200,2.9069124424
376903,378965,378968,2062,3,1,25200,206.5
376904,378992,378996,2088,4,1,25200,209.2
376904,378985,379025,2081,40,1,25200,53.025
376904,378977,378983,2073,6,1,25200,207.9
376905,379020,379024,2115,4,1,25200,211.9
376905,379012,379041,2107,29,1,25200,73.6551724138
376905,378999,379073,2094,74,1,25200,29.2972972973
376906,379026,379037,2120,11,1,25200,193.727272727
376906,379033,381580,2127,2547,1,25200,1.83510011779
376907,379072,379239,2165,167,1,25200,13.9640718563
376907,379059,379623,2152,564,1,25200,4.81560283688
376907,379155,379184,2248,29,1,25200,78.5172413793
376907,379051,380804,2144,1753,1,25200,2.2230462065
376908,379166,380762,2258,1596,1,25200,2.41478696742
376908,379160,382470,2252,3310,1,25200,1.68036253776
376908,381318,381319,4410,1,1,25200,441.1
376909,381353,381356,4444,3,1,25200,444.7
376909,381329,381815,4420,486,1,25200,10.0946502058
376909,381324,381326,4415,2,1,25200,441.7
376909,381368,381369,4459,1,1,25200,446.0
376910,381407,381408,4497,1,1,25200,449.8
376911,381435,381436,4524,1,1,25200,452.5
376911,381421,382625,4510,1204,1,25200,4.74584717608
376911,381428,382927,4517,1499,1,25200,4.01334222815
376912,381446,381524,4534,78,1,25200,59.1282051282
376912,381440,381441,4528,1,1,25200,452.9
376912,379178,379180,2266,2,1,25200,226.8
376913,379200,379459,2287,259,1,25200,9.83011583012
376913,379193,379206,2280,13,1,25200,176.384615385
376913,379206,379208,2293,2,1,25200,229.5
376914,379219,379223,2305,4,1,25200,230.9
376914,379224,379664,2310,440,1,25200,6.25
376914,379242,385852,2328,6610,1,25200,1.35219364599
376914,379237,388112,2323,8875,1,25200,1.26174647887
376915,379249,379250,2334,1,1,25200,233.5
376915,379262,380024,2347,762,1,25200,4.08005249344
376915,379267,379933,2352,666,1,25200,4.53153153153
376916,379401,379402,2485,1,1,25200,248.6
376916,379383,379836,2467,453,1,25200,6.44591611479
376916,379415,379480,2499,65,1,25200,39.4461538462
376916,379396,379408,2480,12,1,25200,207.666666667
376917,379481,379489,2564,8,1,25200,257.2
376917,379423,380022,2506,599,1,25200,5.183639399
376917,379498,379499,2581,1,1,25200,258.2
376918,379635,379639,2717,4,1,25200,272.1
376918,379514,379804,2596,290,1,25200,9.95172413793
376918,379507,380048,2589,541,1,25200,5.78558225508
376919,379651,380504,2732,853,1,25200,4.20281359906
376919,379661,379663,2742,2,1,25200,274.4
376919,379779,379882,2860,103,1,25200,28.7669902913
376919,379819,379854,2900,35,1,25200,83.8571428571
376920,379895,379897,2975,2,1,25200,297.7
376920,379849,390042,2929,10193,1,25200,1.28735406652
376920,379866,382785,2946,2919,1,25200,2.00924974306
376921,380035,380049,3114,14,1,25200,223.428571429
376921,380022,380296,3101,274,1,25200,12.3175182482
376921,379946,379948,3025,2,1,25200,302.7
376921,379960,379961,3039,1,1,25200,304.0
376922,380049,380051,3127,2,1,25200,312.9
376922,380042,380060,3120,18,1,25200,174.333333333
376922,380060,381579,3138,1519,1,25200,3.06583278473
376923,380076,380104,3153,28,1,25200,113.607142857
376923,380117,380280,3194,163,1,25200,20.5950920245
376923,380286,380441,3363,155,1,25200,22.6967741935
376924,380293,380295,3369,2,1,25200,337.1
376924,380307,380308,3383,1,1,25200,338.4
376924,380314,380316,3390,2,1,25200,339.2
376925,380322,380731,3397,409,1,25200,9.30562347188
376925,380864,380883,3939,19,1,25200,208.315789474
376925,380362,380431,3437,69,1,25200,50.8115942029
376925,380329,380350,3404,21,1,25200,163.095238095
376926,380895,380896,3969,1,1,25200,397.0
376926,380908,380911,3982,3,1,25200,398.5
376926,380934,381179,4008,245,1,25200,17.3591836735
376927,381142,381704,4215,562,1,25200,8.5
376927,381136,381248,4209,112,1,25200,38.5803571429
376927,381125,381477,4198,352,1,25200,12.9261363636
376927,381130,381141,4203,11,1,25200,383.090909091
376928,381154,381156,4226,2,1,25200,422.8
376928,381148,381359,4220,211,1,25200,21.0
376928,381159,382292,4231,1133,1,25200,4.73433362754
376929,381170,382104,4241,934,1,25200,5.54068522484
376929,381176,381490,4247,314,1,25200,14.525477707
376929,381165,381170,4236,5,1,25200,424.1
376930,381199,381679,4269,480,1,25200,9.89375
376930,381188,381211,4258,23,1,25200,186.130434783
376930,381193,383797,4263,2604,1,25200,2.63709677419
376930,381181,381312,4251,131,1,25200,33.4503816794
376931,381210,385632,4279,4422,1,25200,1.96766169154
376931,381204,381205,4273,1,1,25200,427.4
376931,381215,381283,4284,68,1,25200,64.0
376932,381221,381222,4289,1,1,25200,429.0
376932,381226,381228,4294,2,1,25200,429.6
376932,381232,381235,4300,3,1,25200,430.3
376932,381237,382174,4305,937,1,25200,5.59445037353
376933,381254,381275,4321,21,1,25200,206.761904762
376933,381248,381600,4315,352,1,25200,13.2585227273
376934,381278,381281,4344,3,1,25200,434.7
376934,381267,381269,4333,2,1,25200,433.5
376935,381297,381396,4362,99,1,25200,45.0606060606
376935,381284,381890,4349,606,1,25200,8.17656765677
376935,381291,381292,4356,1,1,25200,435.7
376936,381307,381308,4371,1,1,25200,437.2
376936,381313,381314,4377,1,1,25200,437.8
376936,381302,381303,4366,1,1,25200,436.7
376937,381462,381463,4525,1,1,25200,452.6
376937,381457,381460,4520,3,1,25200,452.3
376937,381451,381552,4514,101,1,25200,45.6930693069
376937,381474,381498,4537,24,1,25200,190.041666667
376938,381487,381488,4549,1,1,25200,455.0
376938,381480,381838,4542,358,1,25200,13.687150838
376938,381492,384460,4554,2968,1,25200,2.53436657682
376939,381499,381504,4560,5,1,25200,456.5
376939,381505,381520,4566,15,1,25200,305.4
376939,381512,381514,4573,2,1,25200,457.5
376940,381565,381567,4625,2,1,25200,462.7
376940,381556,381558,4616,2,1,25200,461.8
376940,381572,381660,4632,88,1,25200,53.6363636364
376941,381598,381604,4657,6,1,25200,466.3
376941,381532,381648,4591,116,1,25200,40.5775862069
376941,381539,381730,4598,191,1,25200,25.0732984293
376941,381517,381721,4576,204,1,25200,23.431372549
376942,381644,381645,4702,1,1,25200,470.3
376942,381672,381680,4730,8,1,25200,473.8
376942,381591,382082,4649,491,1,25200,10.4684317719
376942,381579,381842,4637,263,1,25200,18.6311787072
376943,381612,381708,4669,96,1,25200,49.6354166667
376944,381664,381666,4720,2,1,25200,472.2
376944,381657,381661,4713,4,1,25200,471.7
376945,381684,381824,4739,140,1,25200,34.85
376945,381710,381719,4765,9,1,25200,477.4
376945,381691,381752,4746,61,1,25200,78.8032786885
376946,381729,381858,4783,129,1,25200,38.0775193798
376946,381716,381717,4770,1,1,25200,477.1
376946,381723,381726,4777,3,1,25200,478.0
376947,381769,381773,4822,4,1,25200,482.6
376947,381764,381839,4817,75,1,25200,65.2266666667
376947,381734,381739,4787,5,1,25200,479.2
376948,381747,381805,4799,58,1,25200,83.7413793103
376948,381740,381889,4792,149,1,25200,33.1610738255
376948,381753,381755,4805,2,1,25200,480.7
376949,381776,381875,4827,99,1,25200,49.7575757576
376949,381782,382421,4833,639,1,25200,8.56338028169
376949,381758,381761,4809,3,1,25200,481.2
376949,381787,381794,4838,7,1,25200,484.5
376950,381807,381816,4857,9,1,25200,486.6
376950,381792,382195,4842,403,1,25200,13.0148883375
376950,381800,381803,4850,3,1,25200,485.3
376951,381822,381826,4871,4,1,25200,487.5
376951,381829,382103,4878,274,1,25200,18.802919708
376951,381815,381816,4864,1,1,25200,486.5
376951,382074,382075,5123,1,1,25200,512.4
376952,381835,382827,4883,992,1,25200,5.92237903226
376952,381847,382127,4895,280,1,25200,18.4821428571
376952,381840,381841,4888,1,1,25200,488.9
376953,381865,384177,4912,2312,1,25200,3.12456747405
376953,381870,381872,4917,2,1,25200,491.9
376953,381859,381862,4906,3,1,25200,490.9
376953,381852,381855,4899,3,1,25200,490.2
376954,381899,381901,4945,2,1,25200,494.7
376955,381910,381911,4955,1,1,25200,495.6
376956,381940,381979,4984,39,1,25200,128.794871795
376956,381921,381998,4965,77,1,25200,65.4805194805
376956,381945,381948,4989,3,1,25200,499.2
376956,381927,382367,4971,440,1,25200,12.2977272727
376957,381962,382409,5005,447,1,25200,12.1968680089
376957,381951,381969,4994,18,1,25200,278.444444444
376957,381956,382484,4999,528,1,25200,10.4678030303
376958,381967,382939,5009,972,1,25200,6.15329218107
376958,381978,387462,5020,5484,1,25200,1.91539022611
376958,381973,382591,5015,618,1,25200,9.11488673139
376958,381984,382132,5026,148,1,25200,34.9594594595
376959,382080,382612,5121,532,1,25200,10.6259398496
376959,382085,382101,5126,16,1,25200,321.375
376959,382091,386332,5132,4241,1,25200,2.21009195944
376960,382002,382032,5042,30,1,25200,169.066666667
376960,381996,381997,5036,1,1,25200,503.7
376960,382014,382015,5054,1,1,25200,505.5
376961,382031,384417,5070,2386,1,25200,3.12489522213
376961,382036,382037,5075,1,1,25200,507.6
376961,382020,382041,5059,21,1,25200,241.904761905
376961,382025,407247,5064,25222,1,25200,1.20077709936
376962,382047,383072,5085,1025,1,25200,5.96097560976
376962,382042,382079,5080,37,1,25200,138.297297297
376962,382052,382341,5090,289,1,25200,18.6124567474
376963,382063,382064,5100,1,1,25200,510.1
376963,382069,382105,5106,36,1,25200,142.833333333
376963,382058,382060,5095,2,1,25200,509.7
376963,382104,382185,5141,81,1,25200,64.4691358025
376964,382110,382113,5146,3,1,25200,514.9
376964,382115,386690,5151,4575,1,25200,2.12590163934
376964,382121,382271,5157,150,1,25200,35.38
376965,382131,382132,5166,1,1,25200,516.7
376965,382137,382684,5172,547,1,25200,10.4552102377
376965,382126,382986,5161,860,1,25200,7.0011627907
376966,382148,382154,5182,6,1,25200,518.8
376966,382153,382154,5187,1,1,25200,518.8
376966,382142,382458,5176,316,1,25200,17.3797468354
376967,382175,382176,5208,1,1,25200,520.9
376967,382170,385008,5203,2838,1,25200,2.83333333333
376967,382164,382777,5197,613,1,25200,9.4779771615
376968,382192,382630,5224,438,1,25200,12.9269406393
376968,382186,382189,5218,3,1,25200,522.1
376969,382197,382203,5228,6,1,25200,523.4
376969,382202,382203,5233,1,1,25200,523.4
376969,382208,385195,5239,2987,1,25200,2.75393371276
376970,382213,382214,5243,1,1,25200,524.4
376970,382219,382400,5249,181,1,25200,30.0
376970,382224,382227,5254,3,1,25200,525.7
376971,382230,382352,5259,122,1,25200,44.106557377
376971,382283,382324,5312,41,1,25200,130.56097561
376971,382278,382285,5307,7,1,25200,531.4
376971,382236,382237,5265,1,1,25200,526.6
376972,382300,382518,5328,218,1,25200,25.4403669725
376972,382289,382290,5317,1,1,25200,531.8
376972,382294,382886,5322,592,1,25200,9.98986486486
376973,382305,382456,5332,151,1,25200,36.3112582781
376973,382317,382318,5344,1,1,25200,534.5
376973,382311,382312,5338,1,1,25200,533.9
376973,382322,382328,5349,6,1,25200,535.5
376974,382333,382383,5359,50,1,25200,108.18
376974,382328,382329,5354,1,1,25200,535.5
376974,382339,382349,5365,10,1,25200,537.5
376975,382344,382345,5369,1,1,25200,537.0
376975,382350,382351,5375,1,1,25200,537.6
376975,382355,382356,5380,1,1,25200,538.1
376976,382372,382388,5396,16,1,25200,338.25
376976,382361,382516,5385,155,1,25200,35.7419354839
376976,382366,387223,5390,4857,1,25200,2.10973852172
376977,382383,382417,5406,34,1,25200,160.0
376977,382377,382417,5400,40,1,25200,136.0
376977,382388,382390,5411,2,1,25200,541.3
376978,382399,382400,5421,1,1,25200,542.2
376978,382405,383067,5427,662,1,25200,9.19788519637
376978,382410,382509,5432,99,1,25200,55.8686868687
376979,382416,382514,5437,98,1,25200,56.4795918367
376979,382432,383159,5453,727,1,25200,8.50068775791
376979,382421,382505,5442,84,1,25200,65.7857142857
376980,382437,382439,5457,2,1,25200,545.9
376980,382454,382455,5474,1,1,25200,547.5
376980,382448,382450,5468,2,1,25200,547.0
376980,382443,382446,5463,3,1,25200,546.6
376981,382465,382467,5484,2,1,25200,548.6
376981,382459,382648,5478,189,1,25200,29.9841269841
376982,382470,383007,5488,537,1,25200,11.2197392924
376982,382535,386786,5553,4251,1,25200,2.30628087509
376982,382541,382542,5559,1,1,25200,556.0
376983,383693,383951,6710,258,1,25200,27.007751938
376983,383824,383861,6841,37,1,25200,185.891891892
376983,383766,383767,6783,1,1,25200,678.4
376983,383753,383754,6770,1,1,25200,677.1
376984,382564,384306,5580,1742,1,25200,4.20321469575
376984,382552,382553,5568,1,1,25200,556.9
376984,382558,382560,5574,2,1,25200,557.6
376984,382547,382588,5563,41,1,25200,136.682926829
376985,382570,382923,5585,353,1,25200,16.821529745
376985,382575,407821,5590,25246,1,25200,1.22142121524
376986,382597,382673,5611,76,1,25200,74.8289473684
376986,382586,382664,5600,78,1,25200,72.7948717949
376987,382614,382616,5627,2,1,25200,562.9
376987,382608,382625,5621,17,1,25200,331.647058824
376987,382602,382670,5615,68,1,25200,83.5735294118
376988,382619,384413,5631,1794,1,25200,4.13879598662
376988,382625,383243,5637,618,1,25200,10.1213592233
376988,382635,385654,5647,3019,1,25200,2.8704869162
376988,382630,382631,5642,1,1,25200,564.3
376989,382652,382653,5663,1,1,25200,566.4
376989,382646,382649,5657,3,1,25200,566.0
376989,382641,382651,5652,10,1,25200,566.2
376990,383678,383681,6688,3,1,25200,669.1
376990,383737,383741,6747,4,1,25200,675.1
376990,383923,383924,6933,1,1,25200,693.4
376990,383686,384063,6696,377,1,25200,18.7612732095
376991,383936,383937,6945,1,1,25200,694.6
376991,383979,383981,6988,2,1,25200,699.0
376991,383994,384048,7003,54,1,25200,130.685185185
376992,384046,384051,7054,5,1,25200,705.9
376992,384037,384038,7045,1,1,25200,704.6
376993,384073,384074,7080,1,1,25200,708.1
376993,384066,384092,7073,26,1,25200,273.038461538
376993,384060,384063,7067,3,1,25200,707.0
376994,384096,384099,7102,3,1,25200,710.5
376994,384091,384713,7097,622,1,25200,12.4099678457
376994,384086,384701,7092,615,1,25200,12.5317073171
376994,384078,384115,7084,37,1,25200,192.459459459
376995,383593,383600,6598,7,1,25200,660.5
376995,383606,383992,6611,386,1,25200,18.1269430052
376995,383612,383613,6617,1,1,25200,661.8
376995,383601,383801,6606,200,1,25200,34.03
376996,383626,383812,6630,186,1,25200,36.6451612903
376996,383633,384461,6637,828,1,25200,9.01570048309
376997,383671,383674,6674,3,1,25200,667.7
376997,383664,383999,6667,335,1,25200,20.9014925373
376997,383656,383659,6659,3,1,25200,666.2
376998,384117,384120,7119,3,1,25200,712.2
376998,384110,384112,7112,2,1,25200,711.4
376998,384123,385271,7125,1148,1,25200,7.20644599303
376999,384130,384311,7131,181,1,25200,40.3977900552
376999,384136,384347,7137,211,1,25200,34.8246445498
376999,384143,384268,7144,125,1,25200,58.152
377000,383899,383911,6899,12,1,25200,575.916666667
377000,384160,384163,7160,3,1,25200,716.3
377000,384175,384219,7175,44,1,25200,164.068181818
377000,384148,384220,7148,72,1,25200,100.277777778
377001,384005,384024,7004,19,1,25200,369.631578947
377001,383963,383967,6962,4,1,25200,696.6
377001,383949,383965,6948,16,1,25200,435.25
377002,384189,384191,7187,2,1,25200,718.9
377002,384198,387871,7196,3673,1,25200,2.95916144841
377002,384012,384124,7010,112,1,25200,63.5892857143
377003,384238,385429,7235,1191,1,25200,7.07472712007
377003,384205,384298,7202,93,1,25200,78.4408602151
377003,384221,384235,7218,14,1,25200,516.571428571
377003,384231,384233,7228,2,1,25200,723.0
377004,384246,384247,7242,1,1,25200,724.3
377004,384260,384330,7256,70,1,25200,104.657142857
377004,384253,384277,7249,24,1,25200,303.041666667
377005,384289,384480,7284,191,1,25200,39.1361256545
377005,384281,384864,7276,583,1,25200,13.4802744425
377005,384456,384632,7451,176,1,25200,43.3352272727
377005,384449,384450,7444,1,1,25200,744.5
377006,384476,384479,7470,3,1,25200,747.3
377006,384469,384470,7463,1,1,25200,746.4
377006,384462,385776,7456,1314,1,25200,6.67427701674
377007,384487,384490,7480,3,1,25200,748.3
377007,382657,382893,5650,236,1,25200,24.9406779661
377007,382663,382664,5656,1,1,25200,565.7
377007,384482,385935,7475,1453,1,25200,6.1445285616
377008,382668,382671,5660,3,1,25200,566.3
377008,382674,382695,5666,21,1,25200,270.80952381
377009,382771,382777,5762,6,1,25200,576.8
377009,382782,383499,5773,717,1,25200,9.05160390516
377009,382777,382875,5768,98,1,25200,59.8571428571
377009,382788,382791,5779,3,1,25200,578.2
377010,382799,382916,5789,117,1,25200,50.4786324786
377010,382804,382805,5794,1,1,25200,579.5
377010,382793,382824,5783,31,1,25200,187.548387097
377011,382826,382942,5815,116,1,25200,51.1293103448
377011,382821,382875,5810,54,1,25200,108.592592593
377011,382810,384937,5799,2127,1,25200,3.7263751763
377011,382815,382866,5804,51,1,25200,114.803921569
377012,382837,382912,5825,75,1,25200,78.6666666667
377012,382843,382845,5831,2,1,25200,583.3
377012,382832,383168,5820,336,1,25200,18.3214285714
377013,382848,383248,5835,400,1,25200,15.5875
377013,382854,382856,5841,2,1,25200,584.3
377013,382928,383504,5915,576,1,25200,11.2690972222
377014,382933,382934,5919,1,1,25200,592.0
377014,382939,383063,5925,124,1,25200,48.7822580645
377014,382944,382948,5930,4,1,25200,593.4
377015,382950,384034,5935,1084,1,25200,6.47509225092
377015,382966,382995,5951,29,1,25200,206.206896552
377015,382955,384412,5940,1457,1,25200,5.0768702814
377016,382972,382979,5956,7,1,25200,596.3
377016,382977,382980,5961,3,1,25200,596.4
377016,383003,383004,5987,1,1,25200,598.8
377016,383008,383067,5992,59,1,25200,102.559322034
377017,383019,383052,6002,33,1,25200,182.878787879
377017,383025,385022,6008,1997,1,25200,4.00851276915
377017,383014,383195,5997,181,1,25200,34.1325966851
377018,383030,383035,6012,5,1,25200,601.7
377018,383036,383037,6018,1,1,25200,601.9
377018,383041,383045,6023,4,1,25200,602.7
377019,383052,383077,6033,25,1,25200,242.32
377019,383057,384788,6038,1731,1,25200,4.4881571346
377019,383047,383105,6028,58,1,25200,104.931034483
377020,383071,383112,6051,41,1,25200,148.585365854
377020,383076,384044,6056,968,1,25200,7.25619834711
377020,383065,383067,6045,2,1,25200,604.7
377021,383082,383083,6061,1,1,25200,606.2
377021,383093,383643,6072,550,1,25200,12.04
377021,383087,383089,6066,2,1,25200,606.8
377021,383098,383101,6077,3,1,25200,608.0
377022,383115,383116,6093,1,1,25200,609.4
377022,383109,383965,6087,856,1,25200,8.11098130841
377022,383104,383105,6082,1,1,25200,608.3
377023,383139,387895,6116,4756,1,25200,2.28595458368
377023,383134,383143,6111,9,1,25200,612.0
377023,383128,383129,6105,1,1,25200,610.6
377024,383150,383151,6126,1,1,25200,612.7
377025,383168,394091,6143,10923,1,25200,1.56239128445
377025,383179,383180,6154,1,1,25200,615.5
377025,383186,383188,6161,2,1,25200,616.3
377025,383173,383225,6148,52,1,25200,119.230769231
377026,383197,383349,6171,152,1,25200,41.5986842105
377026,383192,383193,6166,1,1,25200,616.7
377026,383203,383431,6177,228,1,25200,28.0921052632
377027,383215,383239,6188,24,1,25200,258.833333333
377027,383226,383228,6199,2,1,25200,620.1
377027,383208,383209,6181,1,1,25200,618.2
377027,383220,383221,6193,1,1,25200,619.4
377028,383245,383252,6217,7,1,25200,622.4
377028,383239,383467,6211,228,1,25200,28.2412280702
377028,383231,383232,6203,1,1,25200,620.4
377029,383262,383264,6233,2,1,25200,623.5
377029,383257,383266,6228,9,1,25200,623.7
377029,383250,384148,6221,898,1,25200,7.9276169265
377030,383280,384208,6250,928,1,25200,7.7349137931
377030,383273,383274,6243,1,1,25200,624.4
377030,383268,383269,6238,1,1,25200,623.9
377031,383302,383315,6271,13,1,25200,483.384615385
377031,383291,383422,6260,131,1,25200,48.786259542
377032,383309,383310,6277,1,1,25200,627.8
377032,383314,384882,6282,1568,1,25200,5.00637755102
377032,383320,383467,6288,147,1,25200,43.7755102041
377033,383336,383337,6303,1,1,25200,630.4
377033,383342,383350,6309,8,1,25200,631.7
377033,383325,383326,6292,1,1,25200,629.3
377033,383331,383361,6298,30,1,25200,210.933333333
377034,383353,383354,6319,1,1,25200,632.0
377034,383358,383500,6324,142,1,25200,45.5352112676
377034,383347,383725,6313,378,1,25200,17.7010582011
377035,383369,383370,6334,1,1,25200,633.5
377035,383364,383389,6329,25,1,25200,254.16
377035,383375,383391,6340,16,1,25200,397.25
377036,383388,385070,6352,1682,1,25200,4.77645659929
377036,383393,383396,6357,3,1,25200,636.0
377036,383404,383412,6368,8,1,25200,637.6
377036,383399,383465,6363,66,1,25200,97.4090909091
377037,383424,383887,6387,463,1,25200,14.7948164147
377037,383432,383433,6395,1,1,25200,639.6
377037,383417,383419,6380,2,1,25200,638.2
377038,383439,383483,6401,44,1,25200,146.477272727
377038,383446,383504,6408,58,1,25200,111.482758621
377038,383452,383652,6414,200,1,25200,33.07
377039,383484,383662,6445,178,1,25200,37.2078651685
377039,383509,383510,6470,1,1,25200,647.1
377039,383477,383571,6438,94,1,25200,69.4893617021
377040,383527,383529,6487,2,1,25200,648.9
377040,383521,384103,6481,582,1,25200,12.1357388316
377040,383516,383519,6476,3,1,25200,647.9
377041,383545,384462,6504,917,1,25200,8.09269356598
377041,383534,386838,6493,3304,1,25200,2.9651937046
377041,383539,383540,6498,1,1,25200,649.9
377042,383556,384186,6514,630,1,25200,11.3396825397
377042,383568,383569,6526,1,1,25200,652.7
377042,383550,383571,6508,21,1,25200,310.904761905
377042,383563,383580,6521,17,1,25200,384.588235294
377043,384310,384313,7267,3,1,25200,727.0
377043,383581,383585,6538,4,1,25200,654.2
377043,383588,383589,6545,1,1,25200,654.6
377044,384326,384466,7282,140,1,25200,53.0142857143
377044,384319,384322,7275,3,1,25200,727.8
377044,384332,384803,7288,471,1,25200,16.4734607219
377045,384346,384348,7301,2,1,25200,730.3
377045,384359,384361,7314,2,1,25200,731.6
377045,384339,384370,7294,31,1,25200,236.290322581
377046,384383,384386,7337,3,1,25200,734.0
377046,384366,384521,7320,155,1,25200,48.2258064516
377046,384374,384375,7328,1,1,25200,732.9
377047,384398,384406,7351,8,1,25200,735.9
377047,384405,384415,7358,10,1,25200,736.8
377047,384418,384419,7371,1,1,25200,737.2
377048,384443,384444,7395,1,1,25200,739.6
377048,384430,384518,7382,88,1,25200,84.8863636364
377048,384438,384440,7390,2,1,25200,739.2
377048,384425,384467,7377,42,1,25200,176.642857143
377049,384515,384516,7466,1,1,25200,746.7
377049,384502,384503,7453,1,1,25200,745.4
377050,384548,384575,7498,27,1,25200,278.703703704
377050,384540,387145,7490,2605,1,25200,3.87523992322
377050,384535,389849,7485,5314,1,25200,2.40854347008
377050,384528,384535,7478,7,1,25200,748.5
377051,384588,384626,7537,38,1,25200,199.342105263
377051,384646,384648,7595,2,1,25200,759.7
377051,384639,384672,7588,33,1,25200,230.939393939
377052,384673,384674,7621,1,1,25200,762.2
377052,384691,384695,7639,4,1,25200,764.3
377052,384684,386628,7632,1944,1,25200,4.92592592593
377053,384714,384716,7661,2,1,25200,766.3
377053,384721,384722,7668,1,1,25200,766.9
377054,384733,384736,7679,3,1,25200,768.2
377054,384739,384746,7685,7,1,25200,769.2
377054,384728,384775,7674,47,1,25200,164.276595745
377055,384747,384748,7692,1,1,25200,769.3
377055,384752,384993,7697,241,1,25200,32.9377593361
377056,384776,385608,7720,832,1,25200,10.2788461538
377056,384764,386813,7708,2049,1,25200,4.76183504148
377056,384783,384969,7727,186,1,25200,42.5430107527
377057,384800,385335,7743,535,1,25200,15.4728971963
377057,384815,384821,7758,6,1,25200,776.4
377057,384790,385639,7733,849,1,25200,10.1083627797
377058,384833,387733,7775,2900,1,25200,3.68103448276
377058,384876,384880,7818,4,1,25200,782.2
377058,384905,388785,7847,3880,1,25200,3.02242268041
377059,385000,388393,7941,3393,1,25200,3.34040671972
377059,385021,385092,7962,71,1,25200,113.14084507
377059,384949,384988,7890,39,1,25200,203.307692308
377060,385049,385657,7989,608,1,25200,14.1398026316
377060,385082,385296,8022,214,1,25200,38.4859813084
377060,385034,385036,7974,2,1,25200,797.6
377061,385104,386133,8043,1029,1,25200,8.81632653061
377061,385303,385304,8242,1,1,25200,824.3
377061,385285,385291,8224,6,1,25200,823.0
377062,385789,385792,8727,3,1,25200,873.0
377062,385710,385742,8648,32,1,25200,271.25
377062,385754,402854,8692,17100,1,25200,1.50830409357
377062,385764,386012,8702,248,1,25200,36.0887096774
377063,385860,386728,8797,868,1,25200,11.1347926267
377063,385817,386531,8754,714,1,25200,13.2605042017
377063,385804,385805,8741,1,1,25200,874.2
377064,385898,387877,8834,1979,1,25200,5.46387064174
377064,385948,385953,8884,5,1,25200,888.9
377064,385867,385873,8803,6,1,25200,880.9
377065,385982,387890,8917,1908,1,25200,5.67348008386
377065,385965,385970,8900,5,1,25200,890.5
377066,386161,386238,9095,77,1,25200,119.116883117
377066,386250,387826,9184,1576,1,25200,6.82741116751
377066,386029,386753,8963,724,1,25200,13.3798342541
377066,386146,386148,9080,2,1,25200,908.2
377067,386307,386311,9240,4,1,25200,924.4
377067,386324,386393,9257,69,1,25200,135.15942029
377067,386405,386767,9338,362,1,25200,26.7955801105
377068,386825,386841,9757,16,1,25200,610.8125
377068,386765,386767,9697,2,1,25200,969.9
377068,386741,388183,9673,1442,1,25200,7.7080443828
377068,386702,387521,9634,819,1,25200,12.7631257631
377069,386869,390305,9800,3436,1,25200,3.85215366705
377069,386884,387004,9815,120,1,25200,82.7916666667
377069,386854,386856,9785,2,1,25200,978.7
377070,387051,387161,9981,110,1,25200,91.7363636364
377070,387163,387166,10093,3,1,25200,1009.6
377070,387038,387039,9968,1,1,25200,996.9
377070,387017,387026,9947,9,1,25200,995.6
377071,387180,387808,10109,628,1,25200,17.097133758
377071,387173,387175,10102,2,1,25200,1010.4
377072,387200,387396,10128,196,1,25200,52.6734693878
377072,387435,387779,10363,344,1,25200,31.125
377072,387187,387188,10115,1,1,25200,1011.6
377072,387408,387423,10336,15,1,25200,690.066666667
377073,387475,387477,10402,2,1,25200,1040.4
377073,387533,387687,10460,154,1,25200,68.9220779221
377073,387700,387904,10627,204,1,25200,53.0931372549
377073,387489,388039,10416,550,1,25200,19.9381818182
377074,387745,388419,10671,674,1,25200,16.8323442136
377074,387821,387923,10747,102,1,25200,106.362745098
377074,387791,387871,10717,80,1,25200,134.9625
377075,387902,390253,10827,2351,1,25200,5.60527435134
377075,387916,391284,10841,3368,1,25200,4.21882422803
377075,387890,387892,10815,2,1,25200,1081.7
377076,387935,388012,10859,77,1,25200,142.025974026
377076,388024,388026,10948,2,1,25200,1095.0
377076,388039,388063,10963,24,1,25200,457.791666667
377077,388075,388077,10998,2,1,25200,1100.0
377077,388051,388084,10974,33,1,25200,333.545454545
377077,388089,388137,11012,48,1,25200,230.416666667
377078,388149,388153,11071,4,1,25200,1107.5
377078,388195,388197,11117,2,1,25200,1111.9
377078,388165,388580,11087,415,1,25200,27.7156626506
377078,388096,389081,11018,985,1,25200,12.185786802
377079,388221,406268,11142,18047,1,25200,1.61738793151
377079,388405,388553,11326,148,1,25200,77.527027027
377080,388446,388661,11366,215,1,25200,53.8651162791
377080,388579,388580,11499,1,1,25200,1150.0
377080,388565,388567,11485,2,1,25200,1148.7
377080,388431,388434,11351,3,1,25200,1135.4
377081,388702,388723,11621,21,1,25200,554.380952381
377081,388689,388690,11608,1,1,25200,1160.9
377081,388673,388677,11592,4,1,25200,1159.6
377082,388736,388846,11654,110,1,25200,106.945454545
377082,388859,388864,11777,5,1,25200,1178.2
377082,388797,389515,11715,718,1,25200,17.3161559889
377083,388876,388878,11793,2,1,25200,1179.5
377083,388935,389034,11852,99,1,25200,120.717171717
377083,388890,389320,11807,430,1,25200,28.4581395349
377083,389047,389049,11964,2,1,25200,1196.6
377084,389110,389111,12026,1,1,25200,1202.7
377084,389093,389098,12009,5,1,25200,1201.4
377084,389061,389504,11977,443,1,25200,28.0361173815
377085,389332,389336,12247,4,1,25200,1225.1
377085,389123,389346,12038,223,1,25200,54.9820627803
377085,389358,389447,12273,89,1,25200,138.898876404
377085,389348,389697,12263,349,1,25200,36.1375358166
377086,400408,401276,23322,868,1,25200,27.8686635945
377086,400443,400552,23357,109,1,25200,215.28440367
377086,400424,400431,23338,7,1,25200,2334.5
377087,400584,400589,23497,5,1,25200,2350.2
377087,400564,400572,23477,8,1,25200,2348.5
377087,400601,401287,23514,686,1,25200,35.27696793
377088,401321,401368,24233,47,1,25200,516.595744681
377088,401380,401624,24292,244,1,25200,100.557377049
377088,401299,401309,24211,10,1,25200,2422.1
377089,401458,401478,24369,20,1,25200,1219.45
377089,401550,401655,24461,105,1,25200,233.961904762
377089,401704,401753,24615,49,1,25200,503.346938776
377089,401491,401537,24402,46,1,25200,531.47826087
377090,401879,401880,24789,1,1,25200,2479.0
377090,405672,405674,28582,2,1,25200,2858.4
377090,401892,402741,24802,849,1,25200,30.2131919906
377091,402005,402754,24914,749,1,25200,34.2630173565
377091,401992,401993,24901,1,1,25200,2490.2
377091,414024,414484,36933,460,1,25200,81.2891304348
377092,423329,423349,46237,20,1,25200,2312.85
377092,414008,414012,36916,4,1,25200,3692.0
377092,413995,413996,36903,1,1,25200,3690.4
377093,423367,423529,46274,162,1,25200,286.641975309
378661,378738,379383,77,645,3,600,1.11937984496
378709,378743,379393,34,650,3,600,1.05230769231
378748,378849,379799,101,950,3,900,1.10631578947
378764,378855,379790,91,935,3,900,1.09732620321
378782,378860,379810,78,950,3,900,1.08210526316
378814,378865,379777,51,912,3,900,1.05592105263
378879,378949,379875,70,926,5,900,1.07559395248
378909,378944,379870,35,926,6,900,1.03779697624
378940,380513,381422,1573,909,7,900,2.7304730473
378970,380218,381151,1248,933,8,900,2.33762057878
378992,381055,381991,2063,936,4,900,3.20405982906
379000,379912,380846,912,934,9,900,1.97644539615
379022,381049,381959,2027,910,5,900,3.22747252747
379031,379043,379964,12,921,10,900,1.01302931596
379053,381044,381953,1991,909,6,900,3.1903190319
379062,379573,380491,511,918,11,900,1.55664488017
379079,381060,381991,1981,931,3,900,3.12781954887
379083,380776,381687,1693,911,7,900,2.85839736553
379093,379274,380206,181,932,12,900,1.19420600858
379114,380508,381437,1394,929,8,900,2.50053821313
379144,379976,380909,832,933,9,900,1.89174705252
379174,379882,380815,708,933,10,900,1.75884244373
379205,379811,380744,606,933,11,900,1.64951768489
379235,379407,380329,172,922,12,900,1.18655097614
379474,380858,382020,1384,1162,6,1800,2.19104991394
379503,380921,381988,1418,1067,6,1800,2.32895970009
379546,380926,381989,1380,1063,6,1800,2.29821260583
379661,379739,390030,78,10291,1,18000,1.00757943834
379984,380068,381122,84,1054,8,1800,1.07969639469
380157,381097,382029,940,932,3,900,2.00858369099
380187,381103,382018,916,915,3,900,2.00109289617
380216,380340,380489,124,149,16,3600,1.8322147651
380402,380501,380757,99,256,16,3600,1.38671875
380413,381114,384734,701,3620,2,28800,1.19364640884
380510,380769,381032,259,263,16,3600,1.98479087452
380614,380827,381086,213,259,16,3600,1.82239382239
380661,381108,382058,447,950,3,900,1.47052631579
380758,381119,403933,361,22814,2,54000,1.01582361708
381184,381262,381271,78,9,1,50,8.7
381315,381469,381853,154,384,16,3600,1.40104166667
381364,381883,382142,519,259,16,3600,3.00386100386
381515,382009,384681,494,2672,16,3600,1.18488023952
381686,381705,382471,19,766,3,720,1.02480417755
381869,381888,382621,19,733,2,43200,1.02592087312
381921,381935,392467,14,10532,1,14400,1.00132928219
381961,381991,382000,30,9,1,50,3.9
382083,382099,383175,16,1076,1,43200,1.01486988848
382125,382272,383347,147,1075,1,43200,1.13674418605
382127,382261,392873,134,10612,1,14400,1.01262721447
382155,382267,392797,112,10530,1,14400,1.0106362773
382202,382245,384664,43,2419,1,2700,1.01777594047
382247,382530,383865,283,1335,1,43200,1.21198501873
382314,382519,382525,205,6,1,50,21.1
382318,382524,393393,206,10869,1,14400,1.01895298556
382359,382481,389388,122,6907,2,10800,1.01766324019
382377,382492,389745,115,7253,2,10800,1.01585550807
382392,382497,389255,105,6758,2,10800,1.01553714117
382407,382502,389282,95,6780,2,10800,1.01401179941
382447,382508,389016,61,6508,2,10800,1.00937307929
382471,382513,389362,42,6849,2,10800,1.00613228208
382486,382684,389466,198,6782,2,10800,1.02919492775
382502,382690,389824,188,7134,2,10800,1.02635267732
382517,382695,389604,178,6909,2,10800,1.02576349689
382532,382700,389382,168,6682,2,10800,1.025142173
382547,382706,389847,159,7141,2,10800,1.02226578911
382549,382711,389623,162,6912,2,10800,1.0234375
382564,382717,389868,153,7151,2,10800,1.02139560901
382580,382722,389604,142,6882,2,10800,1.02063353676
382582,382728,389456,146,6728,2,10800,1.02170035672
382583,382733,389537,150,6804,2,10800,1.02204585538
382598,382738,389168,140,6430,2,10800,1.02177293935
382615,382744,389406,129,6662,2,10800,1.01936355449
382631,382749,389519,118,6770,2,10800,1.01742983752
382633,382755,389522,122,6767,2,10800,1.01802866854
382648,382760,389357,112,6597,2,10800,1.01697741398
382682,382868,389675,186,6807,2,10800,1.02732481269
382699,382879,389757,180,6878,2,10800,1.02617039837
382713,382862,383290,149,428,10,3600,1.34813084112
382720,382884,389557,164,6673,2,10800,1.02457665218
382736,382890,389506,154,6616,2,10800,1.02327690447
382752,382895,389434,143,6539,2,10800,1.02186878728
382780,382922,393584,142,10662,1,14400,1.01331832677
382793,382900,389865,107,6965,2,10800,1.01536252692
382794,382906,389754,112,6848,2,10800,1.01635514019
382810,382911,390247,101,7336,2,10800,1.01376772083
382849,382917,389666,68,6749,2,10800,1.01007556675
382866,382992,398510,126,15518,1,36000,1.00811960304
382875,382997,393368,122,10371,1,14400,1.0117635715
382888,382986,389942,98,6956,2,10800,1.01408855664
383073,383123,814165,50,431042,6,432000,1.00011599798
383133,383157,383166,24,9,1,50,3.3
383151,384697,420742,1546,36045,16,36000,1.04289083091
383328,393404,405663,10076,12259,16,36000,1.8219267477
383357,383382,391474,25,8092,4,36000,1.00308947108
383401,383411,426629,10,43218,2,43200,1.00023138507
383702,383813,417241,111,33428,2,72000,1.00332056958
383772,383778,385757,6,1979,1,43200,1.00303183426
383829,383875,386469,46,2594,1,43200,1.01773323053
383830,384494,814165,664,429671,6,432000,1.00154536843
383848,383882,385850,34,1968,1,43200,1.01727642276
384087,384104,384137,17,33,1,1199,1.51515151515
384784,386021,389631,1237,3610,16,3600,1.34265927978
384950,384959,386010,9,1051,8,1800,1.00856327307
385130,385137,387542,7,2405,1,2700,1.00291060291
385223,389266,389530,4043,264,16,3600,16.3143939394
385291,389516,389949,4225,433,16,3600,10.7575057737
385647,385660,392633,13,6973,2,10800,1.00186433386
385649,385665,392448,16,6783,2,10800,1.00235883827
385650,385670,392256,20,6586,2,10800,1.00303674461
385652,385676,392575,24,6899,2,10800,1.00347876504
385654,385681,392445,27,6764,2,10800,1.00399172088
385655,385688,392500,33,6812,2,10800,1.00484439225
385657,385694,392250,37,6556,2,10800,1.00564368517
385658,385699,392677,41,6978,2,10800,1.00587560906
385660,385705,392452,45,6747,2,10800,1.00666963095
385788,386879,387602,1091,723,6,1800,2.50899031812
386008,386779,387359,771,580,2,172800,2.32931034483
386038,387883,388733,1845,850,2,172800,3.17058823529
386258,389642,397092,3384,7450,20,10800,1.45422818792
386496,386543,386867,47,324,4,300,1.1450617284
386839,389370,546488,2531,157118,2,172800,1.01610891177
386896,401289,567221,14393,165932,2,172800,1.08674035147
387151,387371,394320,220,6949,2,10800,1.03165923154
387253,387909,404063,656,16154,2,86400,1.04060913706
387278,389541,393100,2263,3559,16,3600,1.63585276763
387332,388592,397454,1260,8862,2,86400,1.14218009479
387429,418482,423348,31053,4866,4,7200,7.38162762022
387545,387552,390393,7,2841,1,2700,1.00246392115
387625,425946,598761,38321,172815,2,172800,1.22174579753
387699,426435,599272,38736,172837,2,172800,1.22411867829
388425,388437,388444,12,7,1,15,1.9
388637,513235,520441,124598,7206,24,7199,18.2908687205
388711,388745,820792,34,432047,2,432000,1.00007869514
388791,388804,388807,13,3,1,15,1.6
389477,389483,396174,6,6691,2,10800,1.00089672695
389507,389523,396421,16,6898,2,10800,1.0023195129
389522,389534,396433,12,6899,2,10800,1.00173938252
389524,389569,396187,45,6618,2,10800,1.00679963735
389539,389616,396463,77,6847,2,10800,1.01124580108
389560,389635,396384,75,6749,2,10800,1.01111275745
389605,389648,396421,43,6773,2,10800,1.00634873763
389607,389678,396542,71,6864,2,10800,1.01034382284
389624,389687,396947,63,7260,2,10800,1.00867768595
389667,389763,396638,96,6875,2,10800,1.01396363636
389683,389770,396958,87,7188,2,10800,1.01210350584
389731,389775,396504,44,6729,2,10800,1.00653886164
389764,389859,396554,95,6695,2,10800,1.0141896938
389766,389876,396962,110,7086,2,10800,1.0155235676
389826,389967,396781,141,6814,2,10800,1.02069269152
389850,390055,396865,205,6810,2,10800,1.03010279001
389868,390260,396801,392,6541,2,10800,1.05992967436
389870,390317,397250,447,6933,2,10800,1.06447425357
389883,389961,397037,78,7076,16,18000,1.01102317694
389945,391487,398258,1542,6771,2,10800,1.22773593265
390033,391492,401964,1459,10472,1,14400,1.13932391138
390209,394337,404774,4128,10437,1,14400,1.39551595286
390249,392261,398983,2012,6722,2,10800,1.29931567986
391869,393114,825158,1245,432044,20,432000,1.00288165094
392251,392269,399095,18,6826,2,10800,1.00263697627
392266,392461,399490,195,7029,2,10800,1.02774221084
392329,392466,399472,137,7006,2,10800,1.01955466743
392462,392512,399316,50,6804,2,10800,1.00734861846
392464,392587,399345,123,6758,2,10800,1.01820065108
392503,392646,399461,143,6815,2,10800,1.02098312546
392579,392689,399504,110,6815,2,10800,1.01614086574
392636,393314,400366,678,7052,2,10800,1.09614293817
392678,394506,401039,1828,6533,2,10800,1.2798101944
392970,394513,401680,1543,7167,2,10800,1.21529231199
393101,394519,401180,1418,6661,2,10800,1.21288094881
393454,393596,393601,142,5,1,15,14.7
393850,426519,473575,32669,47056,2,86400,1.69425790547
394175,397161,425934,2986,28773,8,57600,1.10377784729
394276,397109,400732,2833,3623,8,3600,1.78194866133
394364,426641,599475,32277,172834,2,172800,1.18675144937
394494,599631,772437,205137,172806,2,172800,2.18709419812
394511,397049,398888,2538,1839,12,1800,2.38009787928
394553,397103,398949,2550,1846,12,1800,2.38136511376
394935,396444,397150,1509,706,6,1800,3.13739376771
394943,395203,395209,260,6,1,15,26.6
395362,395369,395373,7,4,1,15,1.1
395488,395495,395500,7,5,1,59,1.2
395608,395616,395651,8,35,1,59,1.22857142857
395763,396969,400364,1206,3395,16,3600,1.35522827688
396191,396198,403026,7,6828,2,10800,1.00102519039
396193,396439,403243,246,6804,2,10800,1.03615520282
396422,396516,403337,94,6821,2,10800,1.01378097053
396424,396554,403537,130,6983,2,10800,1.01861664041
396441,396793,403770,352,6977,2,10800,1.05045148345
396465,396813,403440,348,6627,2,10800,1.05251244907
396507,396977,403773,470,6796,2,10800,1.06915832843
396544,397231,404127,687,6896,2,10800,1.09962296984
396559,397261,404007,702,6746,2,10800,1.10406166617
396640,397465,404241,825,6776,2,10800,1.12175324675
396707,396714,396753,7,39,1,59,1.17948717949
396782,398524,405037,1742,6513,2,10800,1.26746506986
396803,398996,405772,2193,6776,2,10800,1.32364226682
396866,399108,405948,2242,6840,2,10800,1.32777777778
396948,399327,406189,2379,6862,2,10800,1.34669192655
396963,399357,405939,2394,6582,2,10800,1.36371923428
396964,399472,406663,2508,7191,2,10800,1.34876929495
397130,397137,397220,7,83,1,59,1.0843373494
397250,399483,405979,2233,6496,2,10800,1.34375
397413,398960,406433,1547,7473,20,10800,1.20701190954
397504,400396,402217,2892,1821,12,1800,2.5881383855
397655,458503,461085,60848,2582,4,7200,24.5662277304
397731,458508,461063,60777,2555,4,7200,24.7874755382
397805,403782,404495,5977,713,6,1800,9.38288920056
397943,458561,461077,60618,2516,4,7200,25.0930047695
398050,398270,398316,220,46,1,59,5.78260869565
398101,414491,415891,16390,1400,8,1800,12.7071428571
398611,398617,398658,6,41,1,59,1.14634146341
399168,399174,452345,6,53171,4,86400,1.00011284347
399401,459382,464228,59981,4846,4,7200,13.3774246801
399579,400402,400412,823,10,1,104400,83.3
399814,399826,406736,12,6910,2,10800,1.0017366136
399816,399832,407038,16,7206,2,10800,1.00222037191
399931,400381,400385,450,4,16,86400,45.4
400079,400748,402582,669,1834,12,1800,1.36477644493
400092,432809,434144,32717,1335,12,1800,25.5071161049
400292,400299,455839,7,55540,4,86400,1.00012603529
400484,426626,837108,26142,410482,6,432000,1.0636861056
400506,400512,400566,6,54,4,300,1.11111111111
401582,406281,406288,4699,7,16,86400,470.6
401605,402229,403520,624,1291,16,3600,1.48334624322
401682,401699,408640,17,6941,2,10800,1.00244921481
401692,402593,406222,901,3629,16,3600,1.24827776247
401695,401765,401866,70,101,1,10800,1.69306930693
401735,448676,466382,46941,17706,1,104400,3.6511352084
401889,401976,401980,87,4,1,10800,9.1
402341,403531,403582,1190,51,16,3600,24.3333333333
402711,432762,433219,30051,457,2,86400,66.7571115974
402757,402764,405437,7,2673,1,10800,1.0026187804
402787,433231,433800,30444,569,2,86400,54.5043936731
403018,403025,403184,7,159,1,3540,1.04402515723
403028,403038,409881,10,6843,2,10800,1.00146134736
403074,403255,410166,181,6911,2,10800,1.02619013167
403338,403349,409844,11,6495,2,10800,1.00169361047
403368,403457,409825,89,6368,2,10800,1.01397613065
403523,403593,403904,70,311,16,3600,1.22508038585
403540,403550,410113,10,6563,2,10800,1.00152369343
403656,403916,404229,260,313,16,3600,1.83067092652
403771,403789,410677,18,6888,2,10800,1.00261324042
403786,405049,411797,1263,6748,2,10800,1.18716656787
403931,420078,421310,16147,1232,5,1200,14.1063311688
403931,404019,404736,88,717,4,1200,1.12273361227
403931,404130,404732,199,602,3,1200,1.33056478405
403932,404749,405200,817,451,7,1200,2.81152993348
403932,404762,405205,830,443,9,1200,2.87358916479
403932,454039,455264,50107,1225,8,1200,41.9036734694
403932,406576,406903,2644,327,6,1200,9.08562691131
403933,404508,404749,575,241,10,1200,3.38589211618
403933,430129,431350,26196,1221,11,1200,22.4545454545
403933,437636,438880,33703,1244,12,1200,28.0924437299
403934,406450,406547,2516,97,16,1200,26.9381443299
403934,406565,406845,2631,280,15,1200,10.3964285714
403934,435263,436506,31329,1243,13,1200,26.2043443282
403934,406571,406842,2637,271,14,1200,10.7306273063
403935,406444,406549,2509,105,17,1200,24.8952380952
403935,406268,406552,2333,284,18,1200,9.21478873239
404009,405436,412344,1427,6908,2,10800,1.20657209033
404129,405788,412341,1659,6553,2,10800,1.25316648863
404139,404241,406072,102,1831,16,3600,1.05570726379
404244,405951,413206,1707,7255,2,10800,1.23528600965
404726,405222,415716,496,10494,1,14400,1.04726510387
404984,405216,405655,232,439,16,3600,1.5284738041
405040,405961,412951,921,6990,2,10800,1.13175965665
405053,407833,407836,2780,3,1,3600,278.3
405430,405666,430117,236,24451,16,72000,1.00965195698
405437,434022,519859,28585,85837,4,85800,1.33301490033
405582,405678,427732,96,22054,16,72000,1.00435295185
405693,407848,407895,2155,47,1,3540,46.8510638298
405735,415903,419526,10168,3623,4,3600,3.80651393872
405776,405991,412787,215,6796,2,10800,1.03163625662
405829,406456,416826,627,10370,1,14400,1.06046287367
405941,406201,412940,260,6739,2,10800,1.0385813919
405956,406536,413519,580,6983,2,10800,1.08305885722
405980,406680,413696,700,7016,2,10800,1.09977194983
406121,406127,406257,6,130,16,3600,1.04615384615
406191,439393,448664,33202,9271,4,72000,4.58127494337
406191,406752,413714,561,6962,2,10800,1.08058029302
406194,415908,419514,9714,3606,4,3600,3.69384359401
406307,406314,406382,7,68,16,3600,1.10294117647
406363,462298,465851,55935,3553,5,7200,16.7430340557
406506,407056,413939,550,6883,2,10800,1.07990701729
406529,406558,492987,29,86429,16,86400,1.00033553553
406578,408002,418278,1424,10276,1,14400,1.13857532114
406603,417254,418470,10651,1216,3,1200,9.75904605263
406603,423360,424038,16757,678,4,1200,25.715339233
406604,443313,444530,36709,1217,5,1200,31.1635168447
406604,421321,422525,14717,1204,7,1200,13.2234219269
406604,419538,420782,12934,1244,6,1200,11.3971061093
406605,442838,444077,36233,1239,11,1200,30.2437449556
406605,457172,458419,50567,1247,8,1200,41.5509222133
406605,448617,449861,42012,1244,10,1200,34.7717041801
406605,422537,423317,15932,780,9,1200,21.4256410256
406606,434063,435265,27457,1202,14,1200,23.8427620632
406606,436493,437697,29887,1204,13,1200,25.823089701
406606,438995,440241,32389,1246,12,1200,26.9943820225
406607,427869,429092,21262,1223,16,1200,18.3851185609
406607,431590,432830,24983,1240,15,1200,21.1475806452
406607,406914,407537,307,623,17,1200,1.49277688604
406608,406856,407539,248,683,18,1200,1.36310395315
406630,407548,493968,918,86420,16,86400,1.01062254108
406684,407555,414200,871,6645,2,10800,1.13107599699
406999,407567,414407,568,6840,2,10800,1.08304093567
407069,408653,415585,1584,6932,2,10800,1.22850548182
407134,407561,458485,427,50924,16,259200,1.00838504438
407572,418858,420066,11286,1208,3,1200,10.3427152318
407603,455460,456679,47857,1219,4,1200,40.2592288761
407633,449673,450897,42040,1224,5,1200,35.3464052288
407663,445513,446720,37850,1207,6,1200,32.3587406794
407693,460647,461881,52954,1234,7,1200,43.9124797407
407724,458497,459732,50773,1235,8,1200,42.1117408907
407754,454827,456072,47073,1245,9,1200,38.8096385542
407784,451092,452335,43308,1243,10,1200,35.8415124698
407814,445349,446552,37535,1203,11,1200,32.2011637573
407844,440381,441587,32537,1206,12,1200,27.9792703151
407875,437708,438942,29833,1234,13,1200,25.1758508914
407905,435276,436481,27371,1205,14,1200,23.7145228216
407935,432841,434051,24906,1210,15,1200,21.5834710744
407965,431516,432761,23551,1245,16,1200,19.9164658635
407996,429119,430323,21123,1204,17,1200,18.5440199336
407996,420755,420889,12759,134,16,1200,96.2164179104
408026,424348,425256,16322,908,18,1200,18.9757709251
408516,420900,421055,12384,155,16,1200,80.8967741935
409479,467804,469010,58325,1206,4,1200,49.3623548922
409479,467827,469051,58348,1224,3,1200,48.6699346405
409480,463110,464356,53630,1246,6,1200,44.0417335474
409480,459376,460621,49896,1245,8,1200,41.0771084337
409480,464492,465695,55012,1203,5,1200,46.7290108063
409480,461386,462602,51906,1216,7,1200,43.6858552632
409481,446565,447767,37084,1202,11,1200,31.8519134775
409481,441143,442346,31662,1203,12,1200,27.319201995
409481,451827,453071,42346,1244,10,1200,35.040192926
409481,456084,457331,46603,1247,9,1200,38.3720930233
409482,437738,438984,28256,1246,13,1200,23.6773675762
409482,431522,432744,22040,1222,16,1200,19.0360065466
409482,433987,435191,24505,1204,15,1200,21.3529900332
409482,435387,436629,25905,1242,14,1200,21.8574879227
409483,425214,426423,15731,1209,18,1200,14.011579818
409483,429124,430350,19641,1226,17,1200,17.0203915171
409514,467208,468449,57694,1241,4,1200,47.4899274778
409514,468041,469245,58527,1204,3,1200,49.6104651163
409515,461892,463098,52377,1206,7,1200,44.4303482587
409515,464499,465737,54984,1238,5,1200,45.4135702746
409515,463236,464480,53721,1244,6,1200,44.1840836013
409515,459743,460947,50228,1204,8,1200,42.7176079734
409516,452347,453555,42831,1208,10,1200,36.4561258278
409516,456690,457919,47174,1229,9,1200,39.3840520749
409516,447356,448605,37840,1249,11,1200,31.2962369896
409516,441599,442825,32083,1226,12,1200,27.1688417618
409516,437897,439104,28381,1207,13,1200,24.5136702568
409517,430258,431505,20741,1247,17,1200,17.6327185245
409517,434017,435251,24500,1234,15,1200,20.8541329011
409517,436417,437625,26900,1208,14,1200,23.2682119205
409517,431554,432797,22037,1243,16,1200,18.7288817377
409518,425268,426502,15750,1234,18,1200,13.7633711507
409592,409841,416791,249,6950,2,10800,1.03582733813
409605,464504,465724,54899,1220,5,1200,45.9991803279
409605,468046,469268,58441,1222,3,1200,48.8240589198
409605,467799,469006,58194,1207,4,1200,49.2137531069
409606,457343,458550,47737,1207,9,1200,40.5501242751
409606,460119,461367,50513,1248,8,1200,41.4751602564
409606,461998,463247,52392,1249,7,1200,42.9471577262
409606,463258,464506,53652,1248,6,1200,43.9903846154
409607,448705,449926,39098,1221,11,1200,33.0212940213
409607,453567,454815,43960,1248,10,1200,36.2243589744
409607,443307,444556,33700,1249,12,1200,27.9815852682
409607,439115,440364,29508,1249,13,1200,24.6253002402
409608,436518,437725,26910,1207,14,1200,23.2949461475
409608,434157,435375,24549,1218,15,1200,21.1551724138
409608,432756,434005,23148,1249,16,1200,19.5332265813
409608,430334,431542,20726,1208,17,1200,18.1572847682
409609,426620,427852,17011,1232,18,1200,14.8076298701
409635,468147,469395,58512,1248,3,1200,47.8846153846
409636,462004,463224,52368,1220,7,1200,43.9245901639
409636,467821,469070,58185,1249,4,1200,47.5852682146
409636,463567,464816,53931,1249,6,1200,44.1793434748
409636,464517,465766,54881,1249,5,1200,44.9399519616
409637,457930,459151,48293,1221,9,1200,40.552006552
409637,460125,461370,50488,1245,8,1200,41.5526104418
409637,454033,455285,44396,1252,10,1200,36.4600638978
409637,444094,445337,34457,1243,12,1200,28.7208366854
409637,449872,451080,40235,1208,11,1200,34.3071192053
409638,436640,437885,27002,1245,14,1200,22.6883534137
409638,432774,433976,23136,1202,16,1200,20.2479201331
409638,435204,436405,25566,1201,15,1200,22.2872606162
409638,439886,441131,30248,1245,13,1200,25.2955823293
409639,430362,431579,20723,1217,17,1200,18.0279375514
409639,427863,429107,18224,1244,18,1200,15.6495176849
409845,409856,416758,11,6902,2,10800,1.00159374094
409884,409893,416698,9,6805,2,10800,1.00132255694
409902,410130,416988,228,6858,2,10800,1.03324584427
410167,410178,416815,11,6637,2,10800,1.00165737532
410366,410693,417095,327,6402,2,10800,1.05107778819
410925,426513,426602,15588,89,40,3540,176.146067416
411799,411809,418475,10,6666,2,10800,1.00150015002
412236,437744,610584,25508,172840,2,172800,1.14758157834
412344,412354,419356,10,7002,2,10800,1.00142816338
412345,412361,418845,16,6484,2,10800,1.00246761258
412788,412799,419548,11,6749,2,10800,1.00162987109
412942,412952,419923,10,6971,2,10800,1.00143451442
412957,412964,419587,7,6623,2,10800,1.00105692284
412981,445507,447345,32526,1838,12,1800,18.6964091404
413123,413221,420204,98,6983,2,10800,1.01403408277
413281,439007,611821,25726,172814,2,172800,1.14886525397
413321,413530,420401,209,6871,2,10800,1.03041769757
413556,413712,420440,156,6728,2,10800,1.02318668252
413578,439001,439381,25423,380,4,543540,67.9026315789
413716,413727,420799,11,7072,2,10800,1.00155542986
413791,413953,421029,162,7076,2,10800,1.02289429056
414054,414215,421146,161,6931,2,10800,1.02322897129
414301,415602,422510,1301,6908,2,10800,1.18833236827
414560,415728,422637,1168,6909,2,10800,1.16905485598
416462,416714,423601,252,6887,2,10800,1.03659067809
416760,416770,423334,10,6564,2,10800,1.0015234613
416793,416803,423675,10,6872,2,10800,1.00145518044
416817,416828,423240,11,6412,2,10800,1.00171553337
416976,417006,423736,30,6730,2,10800,1.0044576523
417097,417107,424145,10,7038,2,10800,1.0014208582
417692,419368,426059,1676,6691,2,10800,1.2504857271
417956,464510,464512,46554,2,1,10800,4655.6
418849,419561,426002,712,6441,2,10800,1.11054184133
418889,420794,424336,1905,3542,8,3540,1.53783173348
418987,419599,426026,612,6427,2,10800,1.0952232768
419264,419526,419528,262,2,2,3540,26.4
419550,419940,426737,390,6797,2,10800,1.05737825511
419589,420216,426832,627,6616,2,10800,1.09477025393
419758,420452,427204,694,6752,2,10800,1.10278436019
420206,420816,427921,610,7105,2,10800,1.08585503167
420227,421067,421378,840,311,16,3600,3.70096463023
420230,421044,428078,814,7034,2,10800,1.11572362809
420441,422526,429833,2085,7307,2,10800,1.28534282195
420443,421390,421580,947,190,16,3600,5.98421052632
420485,420492,420651,7,159,1,3540,1.04402515723
420543,423256,430229,2713,6973,2,10800,1.38907213538
420614,421592,425202,978,3610,16,3600,1.27091412742
420826,423350,430327,2524,6977,2,10800,1.3617600688
420940,426614,430245,5674,3631,16,3600,2.562654916
421148,423613,430272,2465,6659,2,10800,1.37017570206
421163,423687,430456,2524,6769,2,10800,1.37287634806
421965,424687,539898,2722,115211,1,115200,1.02362621625
421965,423542,538770,1577,115228,1,115200,1.01368590967
421978,435269,550471,13291,115202,1,115200,1.11537126092
421978,432767,547974,10789,115207,1,115200,1.09364882342
421984,437749,552990,15765,115241,1,115200,1.13680027074
421984,436646,551878,14662,115232,1,115200,1.1272389614
421991,438124,438332,16133,208,1,115200,78.5625
421991,437902,438112,15911,210,1,115200,76.7666666667
422007,439012,554225,17005,115213,1,115200,1.1475961914
422007,438345,553591,16338,115246,1,115200,1.14176630859
422014,439244,554490,17230,115246,1,115200,1.14950627354
422014,448687,563893,26673,115206,1,115200,1.23152439977
422020,453948,569180,31928,115232,1,115200,1.27707581227
422021,455963,571183,33942,115220,1,115200,1.29458427356
422027,456089,456299,34062,210,1,115200,163.2
422027,456311,456520,34284,209,1,115200,165.038277512
422043,456533,571754,34490,115221,1,115200,1.29933779433
422044,458123,573359,36079,115236,1,115200,1.31308792391
422050,458334,573565,36284,115231,1,115200,1.3148805443
422051,465323,580561,43272,115238,1,115200,1.37550113678
422056,465741,580979,43685,115238,1,115200,1.37908502404
422056,465735,580965,43679,115230,1,115200,1.37905927276
422062,465746,465955,43684,209,1,115200,210.014354067
422062,465752,465960,43690,208,1,115200,211.048076923
422343,441313,477326,18970,36013,16,36000,1.52675422764
422638,423748,430633,1110,6885,2,10800,1.16122004357
422711,465757,476368,43046,10611,1,14400,5.05673357836
422716,424163,431424,1447,7261,2,10800,1.1992838452
422926,465765,476130,42839,10365,1,14400,5.13304389773
422974,466380,466544,43406,164,1,3540,265.670731707
423273,426018,432855,2745,6837,2,10800,1.4014918824
423450,426038,432824,2588,6786,2,10800,1.38137341586
423587,426071,432870,2484,6799,2,10800,1.36534784527
423739,426749,433433,3010,6684,2,10800,1.45032914423
423766,426844,433492,3078,6648,2,10800,1.46299638989
424121,424127,425073,6,946,3,900,1.00634249471
424151,452993,453936,28842,943,4,900,31.5853658537
424181,452063,452981,27882,918,5,900,31.3725490196
424212,446732,447665,22520,933,6,900,25.1371918542
424242,466872,467787,42630,915,7,900,47.5901639344
424272,466088,466368,41816,280,8,900,150.342857143
424303,465707,466071,41404,364,9,900,114.747252747
424333,464368,465301,40035,933,10,900,43.9099678457
424363,449938,450866,25575,928,11,900,28.5592672414
424393,461379,462286,36986,907,12,900,41.7783902977
424424,459163,460108,34739,945,13,900,37.7608465608
424454,456227,457160,31773,933,14,900,35.0546623794
424484,453083,454021,28599,938,15,900,31.4893390192
424515,447779,448694,23264,915,16,900,26.425136612
424545,442358,443295,17813,937,17,900,20.0106723586
424575,438953,439875,14378,922,18,900,16.5943600868
425188,427221,433647,2033,6426,2,10800,1.31637099284
425342,468035,468945,42693,910,3,900,47.9153846154
425372,432847,433774,7475,927,4,900,9.06364617044
425402,467203,468135,41801,932,5,900,45.8508583691
425433,448711,449661,23278,950,6,900,25.5031578947
425463,466878,467810,41415,932,7,900,45.436695279
425493,466273,467191,40780,918,8,900,45.4226579521
425524,465778,466712,40254,934,9,900,44.0985010707
425554,465312,466256,39758,944,10,900,43.1165254237
425584,463573,464482,37989,909,11,900,42.7920792079
425614,462614,463556,37000,942,12,900,40.2781316348
425645,461074,461987,35429,913,13,900,39.8050383352
425675,458430,459365,32755,935,14,900,36.0320855615
425705,455297,456215,29592,918,15,900,33.2352941176
425736,450909,451815,25173,906,16,900,28.7847682119
425766,444568,445496,18802,928,17,900,21.2607758621
425796,440376,441301,14580,925,18,900,16.7621621622
426028,427939,434556,1911,6617,2,10800,1.28880157171
426061,428090,434813,2029,6723,2,10800,1.30179979176
426738,429850,436669,3112,6819,2,10800,1.45637190204
426834,430244,436927,3410,6683,2,10800,1.51024988777
426852,430288,437048,3436,6760,2,10800,1.50828402367
427399,430342,436900,2943,6558,2,10800,1.44876486734
427956,468392,468438,40436,46,1,25200,880.043478261
427956,468378,468379,40422,1,1,25200,4042.3
427957,468443,468444,40486,1,1,25200,4048.7
427957,468461,468777,40504,316,1,25200,129.17721519
427958,468479,468480,40521,1,1,25200,4052.2
427958,468484,468485,40526,1,1,25200,4052.7
427958,468495,468496,40537,1,1,25200,4053.8
427959,468513,468606,40554,93,1,25200,437.064516129
427959,468518,468725,40559,207,1,25200,196.937198068
427960,468552,468612,40592,60,1,25200,677.533333333
427960,468547,468556,40587,9,1,25200,4059.6
427960,468529,468530,40569,1,1,25200,4057.0
427960,468558,468645,40598,87,1,25200,467.643678161
427961,468581,468593,40620,12,1,25200,3386.0
427961,468576,468577,40615,1,1,25200,4061.6
427961,468571,468574,40610,3,1,25200,4061.3
427962,468599,468600,40637,1,1,25200,4063.8
427962,468618,469160,40656,542,1,25200,76.0110701107
427962,468612,468960,40650,348,1,25200,117.810344828
427962,468607,468663,40645,56,1,25200,726.803571429
427963,468642,473156,40679,4514,1,25200,10.0117412494
427963,468623,469872,40660,1249,1,25200,33.5540432346
427963,468631,468632,40668,1,1,25200,4066.9
427963,468636,468649,40673,13,1,25200,3129.69230769
427964,468676,468683,40712,7,1,25200,4071.9
427964,468665,468666,40701,1,1,25200,4070.2
427964,468671,469241,40707,570,1,25200,72.4157894737
427964,468647,469101,40683,454,1,25200,90.6101321586
427965,468689,470409,40724,1720,1,25200,24.676744186
427965,468694,468695,40729,1,1,25200,4073.0
427965,468702,468707,40737,5,1,25200,4074.2
427965,468707,468708,40742,1,1,25200,4074.3
427966,468713,468715,40747,2,1,25200,4074.9
427966,468719,468721,40753,2,1,25200,4075.5
427966,468730,468732,40764,2,1,25200,4076.6
427966,468738,468742,40772,4,1,25200,4077.6
427967,468743,468745,40776,2,1,25200,4077.8
427967,468754,468760,40787,6,1,25200,4079.3
427967,468749,468751,40782,2,1,25200,4078.4
427967,468759,468760,40792,1,1,25200,4079.3
427968,468783,468881,40815,98,1,25200,417.479591837
427968,468778,468779,40810,1,1,25200,4081.1
427968,468772,468799,40804,27,1,25200,1512.25925926
427968,468767,468801,40799,34,1,25200,1200.97058824
427968,468790,468792,40822,2,1,25200,4082.4
427969,468801,469380,40832,579,1,25200,71.5215889465
427969,468814,468816,40845,2,1,25200,4084.7
427969,468819,468849,40850,30,1,25200,1362.66666667
427969,468796,468797,40827,1,1,25200,4082.8
427970,468835,468863,40865,28,1,25200,1460.46428571
427970,468825,468828,40855,3,1,25200,4085.8
427970,468848,468849,40878,1,1,25200,4087.9
427970,468853,468854,40883,1,1,25200,4088.4
427971,468866,468872,40895,6,1,25200,4090.1
427971,468871,468873,40900,2,1,25200,4090.2
427971,468877,468888,40906,11,1,25200,3719.72727273
427972,468883,475755,40911,6872,1,25200,6.9532887078
427972,468894,468896,40922,2,1,25200,4092.4
427972,468907,468913,40935,6,1,25200,4094.1
427972,468889,469934,40917,1045,1,25200,40.1550239234
427972,468912,468931,40940,19,1,25200,2155.73684211
427973,468925,469916,40952,991,1,25200,42.3239152371
427973,468938,468973,40965,35,1,25200,1171.42857143
427973,468918,468919,40945,1,1,25200,4094.6
427974,468968,469137,40994,169,1,25200,243.568047337
427974,468974,468976,41000,2,1,25200,4100.2
427974,468945,468964,40971,19,1,25200,2157.36842105
427974,468963,468964,40989,1,1,25200,4099.0
427974,468950,468951,40976,1,1,25200,4097.7
427975,468979,471224,41004,2245,1,25200,19.2645879733
427975,468987,469389,41012,402,1,25200,103.019900498
427975,468998,469000,41023,2,1,25200,4102.5
427975,468992,468997,41017,5,1,25200,4102.2
427976,469016,469019,41040,3,1,25200,4104.3
427976,469003,469005,41027,2,1,25200,4102.9
427976,469029,469057,41053,28,1,25200,1467.17857143
427977,469045,469851,41068,806,1,25200,51.952853598
427977,469040,469041,41063,1,1,25200,4106.4
427978,469401,469402,41423,1,1,25200,4142.4
427978,469393,469472,41415,79,1,25200,525.240506329
427978,469056,469075,41078,19,1,25200,2163.0
427979,469596,470544,41617,948,1,25200,44.8997890295
427979,469414,469441,41435,27,1,25200,1535.62962963
427979,471245,471254,43266,9,1,25200,4327.5
427979,471266,471275,43287,9,1,25200,4329.6
427979,469484,469687,41505,203,1,25200,205.458128079
427980,471291,471292,43311,1,1,25200,4331.2
427980,471321,471322,43341,1,1,25200,4334.2
427980,471334,471335,43354,1,1,25200,4335.5
427981,474702,474821,46721,119,1,25200,393.613445378
427981,474676,474677,46695,1,1,25200,4669.6
427981,473977,473978,45996,1,1,25200,4599.7
427981,473990,474664,46009,674,1,25200,69.262611276
427982,474834,474836,46852,2,1,25200,4685.4
427982,474848,475337,46866,489,1,25200,96.8404907975
427982,476466,476467,48484,1,1,25200,4848.5
427982,476479,476480,48497,1,1,25200,4849.8
427983,476743,476760,48760,17,1,25200,2869.23529412
427983,476772,476815,48789,43,1,25200,1135.62790698
427983,476827,476829,48844,2,1,25200,4884.6
427983,476492,476730,48509,238,1,25200,204.819327731
427984,476867,476925,48883,58,1,25200,843.810344828
427984,476937,476938,48953,1,1,25200,4895.4
427984,476951,476958,48967,7,1,25200,4897.4
427984,476854,476855,48870,1,1,25200,4887.1
427985,477032,477033,49047,1,1,25200,4904.8
427985,476970,476971,48985,1,1,25200,4898.6
427985,476983,476998,48998,15,1,25200,3267.53333333
427985,477010,477020,49025,10,1,25200,4903.5
427985,477045,477052,49060,7,1,25200,4906.7
427986,477093,477577,49107,484,1,25200,102.460743802
427986,477079,477080,49093,1,1,25200,4909.4
427986,477064,477067,49078,3,1,25200,4908.1
427986,477593,478519,49607,926,1,25200,54.5712742981
427987,478571,478588,50584,17,1,25200,2976.52941176
427987,478531,478533,50544,2,1,25200,5054.6
427987,478546,478558,50559,12,1,25200,4214.25
427988,479596,479622,51608,26,1,25200,1985.92307692
427988,478629,478971,50641,342,1,25200,149.073099415
427988,479603,481073,51615,1470,1,25200,36.112244898
427988,479608,479609,51620,1,1,25200,5162.1
427988,479591,479592,51603,1,1,25200,5160.4
427989,479619,479630,51630,11,1,25200,4694.63636364
427989,479637,479638,51648,1,1,25200,5164.9
427990,479653,479847,51663,194,1,25200,267.304123711
427990,479648,479649,51658,1,1,25200,5165.9
427990,479664,479665,51674,1,1,25200,5167.5
427990,479642,480018,51652,376,1,25200,138.372340426
427990,479659,480034,51669,375,1,25200,138.784
427991,479681,484053,51690,4372,1,25200,12.8229643184
427991,479670,479671,51679,1,1,25200,5168.0
427991,479676,480205,51685,529,1,25200,98.7032136106
427992,479692,479693,51700,1,1,25200,5170.1
427992,479698,479699,51706,1,1,25200,5170.7
427992,479708,479711,51716,3,1,25200,5171.9
427993,479735,480679,51742,944,1,25200,55.811440678
427993,479730,479749,51737,19,1,25200,2724.0
427993,479719,479720,51726,1,1,25200,5172.7
427994,479749,479756,51755,7,1,25200,5176.2
427994,479754,480091,51760,337,1,25200,154.590504451
427994,479760,481279,51766,1519,1,25200,35.0789993417
427994,479741,479789,51747,48,1,25200,1079.0625
427994,479765,479766,51771,1,1,25200,5177.2
427995,479786,480713,51791,927,1,25200,56.8694714132
427995,479776,479779,51781,3,1,25200,5178.4
427995,479770,479771,51775,1,1,25200,5177.6
427995,479781,480261,51786,480,1,25200,108.8875
427996,479813,479947,51817,134,1,25200,387.694029851
427996,479808,479809,51812,1,1,25200,5181.3
427996,479797,479803,51801,6,1,25200,5180.7
427997,480008,480342,52011,334,1,25200,156.721556886
427997,480026,480076,52029,50,1,25200,1041.58
427997,479827,479829,51830,2,1,25200,5183.2
427998,480031,480032,52033,1,1,25200,5203.4
427998,479832,479833,51834,1,1,25200,5183.5
427998,480037,480049,52039,12,1,25200,4337.58333333
427998,479837,480274,51839,437,1,25200,119.624713959
427999,479854,479913,51855,59,1,25200,879.898305085
427999,479843,480269,51844,426,1,25200,122.699530516
427999,479864,479980,51865,116,1,25200,448.112068966
427999,479848,479984,51849,136,1,25200,382.242647059
428000,479875,480833,51875,958,1,25200,55.1492693111
428000,479925,479927,51925,2,1,25200,5192.7
428000,479939,482102,51939,2163,1,25200,25.012482663
428000,479870,480282,51870,412,1,25200,126.898058252
428001,479985,479994,51984,9,1,25200,5199.3
428001,479958,480950,51957,992,1,25200,53.3760080645
428001,480013,480015,52012,2,1,25200,5201.4
428001,479990,479991,51989,1,1,25200,5199.0
428002,480044,480046,52042,2,1,25200,5204.4
428002,480062,480063,52060,1,1,25200,5206.1
428002,480049,480052,52047,3,1,25200,5205.0
428002,480055,480157,52053,102,1,25200,511.323529412
428002,480019,480047,52017,28,1,25200,1858.75
428003,480073,480075,52070,2,1,25200,5207.2
428003,480078,480167,52075,89,1,25200,586.112359551
428003,480091,480092,52088,1,1,25200,5208.9
428003,480067,480069,52064,2,1,25200,5206.6
428004,480144,480148,52140,4,1,25200,5214.4
428004,480096,480132,52092,36,1,25200,1448.0
428004,480120,481024,52116,904,1,25200,58.6504424779
428004,480086,482271,52082,2185,1,25200,24.8361556064
428004,480104,480721,52100,617,1,25200,85.4408427877
428005,480282,481927,52277,1645,1,25200,32.779331307
428005,480109,480112,52104,3,1,25200,5210.7
428005,480115,480135,52110,20,1,25200,2606.5
428005,480296,480297,52291,1,1,25200,5229.2
428005,480289,480292,52284,3,1,25200,5228.7
428006,480170,480172,52164,2,1,25200,5216.6
428006,480160,480172,52154,12,1,25200,4347.16666667
428006,480179,480181,52173,2,1,25200,5217.5
428006,480151,480965,52145,814,1,25200,65.0601965602
428007,480460,482900,52453,2440,1,25200,22.4971311475
428007,480304,480427,52297,123,1,25200,426.178861789
428007,480487,480490,52480,3,1,25200,5248.3
428007,480325,480818,52318,493,1,25200,107.121703854
428007,480310,480313,52303,3,1,25200,5230.6
428008,480367,480434,52359,67,1,25200,782.47761194
428008,480440,480442,52432,2,1,25200,5243.4
428008,480502,480698,52494,196,1,25200,268.826530612
428008,480354,480356,52346,2,1,25200,5234.8
428009,481038,481039,53029,1,1,25200,5303.0
428009,480452,480475,52443,23,1,25200,2281.13043478
428009,481306,481333,53297,27,1,25200,1974.96296296
428009,480513,480514,52504,1,1,25200,5250.5
428010,481054,481057,53044,3,1,25200,5304.7
428010,480518,480519,52508,1,1,25200,5250.9
428010,481344,481535,53334,191,1,25200,280.235602094
428011,481355,481356,53344,1,1,25200,5334.5
428011,481369,481821,53358,452,1,25200,119.048672566
428011,480540,480541,52529,1,1,25200,5253.0
428011,481379,481532,53368,153,1,25200,349.810457516
428012,480554,480615,52542,61,1,25200,862.344262295
428012,480690,480693,52678,3,1,25200,5268.1
428012,480704,480707,52692,3,1,25200,5269.5
428012,480628,480913,52616,285,1,25200,185.61754386
428012,480547,481342,52535,795,1,25200,67.0817610063
428013,480747,480751,52734,4,1,25200,5273.8
428013,480719,480725,52706,6,1,25200,5271.2
428013,480727,480824,52714,97,1,25200,544.443298969
428013,480734,480736,52721,2,1,25200,5272.3
428013,480712,481001,52699,289,1,25200,183.349480969
428014,480838,481078,52824,240,1,25200,221.1
428014,480783,481078,52769,295,1,25200,179.877966102
428014,480831,480839,52817,8,1,25200,5282.5
428014,480846,480850,52832,4,1,25200,5283.6
428015,480925,480927,52910,2,1,25200,5291.2
428015,480961,480963,52946,2,1,25200,5294.8
428015,480862,480863,52847,1,1,25200,5284.8
428015,480853,480855,52838,2,1,25200,5284.0
428015,480938,481076,52923,138,1,25200,384.5
428016,480980,480981,52964,1,1,25200,5296.5
428016,480985,480986,52969,1,1,25200,5297.0
428016,480994,481929,52978,935,1,25200,57.6609625668
428017,481033,481035,53016,2,1,25200,5301.8
428017,481018,481019,53001,1,1,25200,5300.2
428017,481013,481016,52996,3,1,25200,5299.9
428017,481059,481223,53042,164,1,25200,324.426829268
428017,481068,481201,53051,133,1,25200,399.879699248
428018,481116,481210,53098,94,1,25200,565.872340426
428018,481098,481099,53080,1,1,25200,5308.1
428018,481086,481089,53068,3,1,25200,5307.1
428018,481093,481110,53075,17,1,25200,3123.05882353
428019,481142,481663,53123,521,1,25200,102.96353167
428019,481134,481138,53115,4,1,25200,5311.9
428019,481149,481524,53130,375,1,25200,142.68
428019,481129,481142,53110,13,1,25200,4086.38461538
428019,481121,481128,53102,7,1,25200,5310.9
428020,481156,481157,53136,1,1,25200,5313.7
428020,481169,481366,53149,197,1,25200,270.791878173
428020,481213,481219,53193,6,1,25200,5319.9
428021,481222,481223,53201,1,1,25200,5320.2
428021,481248,481249,53227,1,1,25200,5322.8
428021,481261,481368,53240,107,1,25200,498.570093458
428021,481253,481498,53232,245,1,25200,218.273469388
428021,481243,481528,53222,285,1,25200,187.743859649
428022,481411,481420,53389,9,1,25200,5339.8
428022,481398,481399,53376,1,1,25200,5337.7
428022,481292,481293,53270,1,1,25200,5327.1
428023,481473,481487,53450,14,1,25200,3818.85714286
428023,481499,481502,53476,3,1,25200,5347.9
428023,481457,481460,53434,3,1,25200,5343.7
428024,481610,481793,53586,183,1,25200,293.819672131
428024,481509,481591,53485,82,1,25200,653.256097561
428024,481517,481535,53493,18,1,25200,2972.83333333
428024,481536,481594,53512,58,1,25200,923.620689655
428024,481603,481605,53579,2,1,25200,5358.1
428025,481617,481624,53592,7,1,25200,5359.9
428025,481636,481641,53611,5,1,25200,5361.6
428025,481659,481660,53634,1,1,25200,5363.5
428025,481673,481706,53648,33,1,25200,1626.6969697
428025,481680,490437,53655,8757,1,25200,7.12709832134
428026,481857,482311,53831,454,1,25200,119.570484581
428026,481806,481807,53780,1,1,25200,5378.1
428026,481820,481895,53794,75,1,25200,718.253333333
428027,481940,482007,53913,67,1,25200,805.671641791
428027,482019,482137,53992,118,1,25200,458.559322034
428027,481908,483417,53881,1509,1,25200,36.7064280981
428027,481865,482468,53838,603,1,25200,90.2835820896
428027,481947,483053,53920,1106,1,25200,49.7522603978
428028,482114,482117,54086,3,1,25200,5408.9
428028,482150,482153,54122,3,1,25200,5412.5
428028,482165,482178,54137,13,1,25200,4165.38461538
428028,482140,482589,54112,449,1,25200,121.516703786
428029,482237,482258,54208,21,1,25200,2582.33333333
428029,482190,482193,54161,3,1,25200,5416.4
428029,482205,482224,54176,19,1,25200,2852.36842105
428030,482309,482313,54279,4,1,25200,5428.3
428030,482284,482286,54254,2,1,25200,5425.6
428030,501363,501534,73333,171,1,25200,429.847953216
428030,482331,482953,54301,622,1,25200,88.3006430868
428030,482324,483251,54294,927,1,25200,59.569579288
428031,501553,501569,73522,16,1,25200,4596.125
428031,501546,501607,73515,61,1,25200,1206.16393443
428031,501754,502179,73723,425,1,25200,174.465882353
428031,502194,502195,74163,1,1,25200,7416.4
428031,501672,502485,73641,813,1,25200,91.5793357934
428032,502216,502217,74184,1,1,25200,7418.5
428032,501581,501742,73549,161,1,25200,457.826086957
428032,501633,501634,73601,1,1,25200,7360.2
428032,501619,501621,73587,2,1,25200,7358.9
428033,502243,502244,74210,1,1,25200,7421.1
428033,502230,502231,74197,1,1,25200,7419.8
428033,502256,502534,74223,278,1,25200,267.989208633
428033,501659,501660,73626,1,1,25200,7362.7
428033,501646,501647,73613,1,1,25200,7361.4
428034,502546,502547,74512,1,1,25200,7451.3
428034,502497,502922,74463,425,1,25200,176.207058824
428034,502573,502594,74539,21,1,25200,3550.47619048
428035,502774,502826,74739,52,1,25200,1438.28846154
428035,502758,502761,74723,3,1,25200,7472.6
428035,502632,502634,74597,2,1,25200,7459.9
428035,502618,502619,74583,1,1,25200,7458.4
428036,502825,507400,74789,4575,1,25200,17.3473224044
428036,502831,505185,74795,2354,1,25200,32.7735768904
428036,502658,502746,74622,88,1,25200,848.977272727
428036,502836,502837,74800,1,1,25200,7480.1
428037,502935,502940,74898,5,1,25200,7490.3
428037,502854,502962,74817,108,1,25200,693.75
428037,502849,503029,74812,180,1,25200,416.622222222
428037,502842,503164,74805,322,1,25200,233.313664596
428038,502963,502982,74925,19,1,25200,3944.42105263
428038,502994,502997,74956,3,1,25200,7495.9
428038,502974,503120,74936,146,1,25200,514.260273973
428039,503140,503430,75101,290,1,25200,259.968965517
428039,503042,503127,75003,85,1,25200,883.388235294
428039,503132,503133,75093,1,1,25200,7509.4
428039,503021,503175,74982,154,1,25200,487.896103896
428040,503240,504443,75200,1203,1,25200,63.5103906899
428040,503159,503195,75119,36,1,25200,2087.63888889
428040,503220,506941,75180,3721,1,25200,21.2042461704
428040,503176,503187,75136,11,1,25200,6831.54545455
428041,503268,503270,75227,2,1,25200,7522.9
428041,503245,503373,75204,128,1,25200,588.53125
428042,503251,503256,75209,5,1,25200,7521.4
428042,503302,503304,75260,2,1,25200,7526.2
428042,503386,503397,75344,11,1,25200,6850.45454545
428042,503315,504054,75273,739,1,25200,102.857916103
428042,503282,503291,75240,9,1,25200,7524.9
428043,503442,503508,75399,66,1,25200,1143.40909091
428043,503526,503527,75483,1,1,25200,7548.4
428043,503409,503493,75366,84,1,25200,898.214285714
428043,503506,503507,75463,1,1,25200,7546.4
428044,503539,503551,75495,12,1,25200,6292.25
428044,503563,503592,75519,29,1,25200,2605.10344828
428044,503604,503617,75560,13,1,25200,5813.30769231
428044,503533,503704,75489,171,1,25200,442.456140351
428045,503697,503892,75652,195,1,25200,388.958974359
428045,503641,503642,75596,1,1,25200,7559.7
428045,503703,503711,75658,8,1,25200,7566.6
428045,503654,503810,75609,156,1,25200,485.673076923
428046,503730,504214,75684,484,1,25200,157.371900826
428046,503708,503784,75662,76,1,25200,996.552631579
428046,503724,503725,75678,1,1,25200,7567.9
428046,503714,504044,75668,330,1,25200,230.296969697
428046,503719,503859,75673,140,1,25200,541.521428571
428047,503746,503916,75699,170,1,25200,446.288235294
428047,503758,503846,75711,88,1,25200,861.352272727
428047,503741,504174,75694,433,1,25200,175.812933025
428047,503735,503739,75688,4,1,25200,7569.2
428048,503821,504073,75773,252,1,25200,301.686507937
428048,503859,503860,75811,1,1,25200,7581.2
428048,503769,505058,75721,1289,1,25200,59.7439875873
428048,503764,503785,75716,21,1,25200,3606.52380952
428049,503866,503867,75817,1,1,25200,7581.8
428049,503796,503836,75747,40,1,25200,1894.675
428049,503803,503805,75754,2,1,25200,7575.6
428049,503775,505843,75726,2068,1,25200,37.6179883946
428050,503827,503830,75777,3,1,25200,7578.0
428050,503876,503887,75826,11,1,25200,6894.27272727
428050,503843,504233,75793,390,1,25200,195.341025641
428050,503849,503851,75799,2,1,25200,7580.1
428050,503871,504064,75821,193,1,25200,393.85492228
428051,503882,503883,75831,1,1,25200,7583.2
428051,503887,503889,75836,2,1,25200,7583.8
428051,503893,504184,75842,291,1,25200,261.625429553
428051,503898,503900,75847,2,1,25200,7584.9
428052,503917,504002,75865,85,1,25200,893.529411765
428052,504224,504225,76172,1,1,25200,7617.3
428052,504232,504233,76180,1,1,25200,7618.1
428052,503911,503912,75859,1,1,25200,7586.0
428053,503922,503923,75869,1,1,25200,7587.0
428053,503935,503938,75882,3,1,25200,7588.5
428053,504245,504257,76192,12,1,25200,6350.33333333
428053,503930,504001,75877,71,1,25200,1069.69014085
428054,504314,505851,76260,1537,1,25200,50.6161353286
428054,504251,505097,76197,846,1,25200,91.0673758865
428054,504328,504330,76274,2,1,25200,7627.6
428055,504258,504264,76203,6,1,25200,7620.9
428055,504268,504270,76213,2,1,25200,7621.5
428055,504282,504283,76227,1,1,25200,7622.8
428055,504288,504332,76233,44,1,25200,1733.56818182
428056,504368,504470,76312,102,1,25200,749.156862745
428056,504435,504562,76379,127,1,25200,602.409448819
428056,504349,504423,76293,74,1,25200,1031.98648649
428056,504354,504357,76298,3,1,25200,7630.1
428056,504341,504427,76285,86,1,25200,888.034883721
428057,504444,504648,76387,204,1,25200,375.446078431
428057,504581,504585,76524,4,1,25200,7652.8
428057,504455,504456,76398,1,1,25200,7639.9
428058,504592,504637,76534,45,1,25200,1701.75555556
428058,504488,504491,76430,3,1,25200,7643.3
428058,504480,504481,76422,1,1,25200,7642.3
428059,504503,506320,76444,1817,1,25200,43.0715465052
428059,504597,504630,76538,33,1,25200,2320.33333333
428059,504510,504515,76451,5,1,25200,7645.6
428060,504551,504552,76491,1,1,25200,7649.2
428060,504576,504579,76516,3,1,25200,7651.9
428060,504539,504540,76479,1,1,25200,7648.0
428060,504564,504638,76504,74,1,25200,1034.83783784
428061,504608,504635,76547,27,1,25200,2836.07407407
428061,504632,504721,76571,89,1,25200,861.348314607
428061,504626,504628,76565,2,1,25200,7656.7
428061,504603,504641,76542,38,1,25200,2015.26315789
428062,504649,504651,76587,2,1,25200,7658.9
428062,504654,504903,76592,249,1,25200,308.598393574
428062,504621,504623,76559,2,1,25200,7656.1
428062,504644,504947,76582,303,1,25200,253.745874587
428062,504637,504683,76575,46,1,25200,1665.67391304
428063,504672,504673,76609,1,1,25200,7661.0
428063,504667,504669,76604,2,1,25200,7660.6
428063,504660,504662,76597,2,1,25200,7659.9
428063,504694,504700,76631,6,1,25200,7663.7
428063,504678,504681,76615,3,1,25200,7661.8
428064,504702,504832,76638,130,1,25200,590.523076923
428064,504689,505291,76625,602,1,25200,128.284053156
428064,504683,504830,76619,147,1,25200,522.217687075
428064,504729,504730,76665,1,1,25200,7666.6
428065,504718,507282,76653,2564,1,25200,30.8958658346
428065,504724,504725,76659,1,1,25200,7666.0
428065,504713,504714,76648,1,1,25200,7664.9
428065,504707,504708,76642,1,1,25200,7664.3
428066,504753,504754,76687,1,1,25200,7668.8
428066,504759,504760,76693,1,1,25200,7669.4
428066,504771,504772,76705,1,1,25200,7670.6
428066,504782,504783,76716,1,1,25200,7671.7
428067,504984,505028,76917,44,1,25200,1749.11363636
428067,504989,505195,76922,206,1,25200,374.40776699
428067,504790,504809,76723,19,1,25200,4039.05263158
428067,504795,504797,76728,2,1,25200,7673.0
428068,504813,505283,76745,470,1,25200,164.287234043
428068,504800,504809,76732,9,1,25200,7674.1
428068,504826,505377,76758,551,1,25200,140.306715064
428068,504821,505066,76753,245,1,25200,314.27755102
428068,504834,505145,76766,311,1,25200,247.836012862
428069,504843,508091,76774,3248,1,25200,24.6373152709
428069,504916,505191,76847,275,1,25200,280.443636364
428069,504953,504964,76884,11,1,25200,6990.45454545
428069,504851,504935,76782,84,1,25200,915.071428571
428070,504977,504978,76907,1,1,25200,7690.8
428070,504960,507563,76890,2603,1,25200,30.5389934691
428070,504996,505018,76926,22,1,25200,3497.63636364
428070,505029,505032,76959,3,1,25200,7696.2
428071,505079,505106,77008,27,1,25200,2853.14814815
428071,505041,505050,76970,9,1,25200,7697.9
428071,505048,530276,76977,25228,1,25200,4.0512525765
428071,505071,505074,77000,3,1,25200,7700.3
428071,505062,506367,76991,1305,1,25200,59.9969348659
428072,505086,505677,77014,591,1,25200,131.311336717
428072,505118,505122,77046,4,1,25200,7705.0
428072,505109,505318,77037,209,1,25200,369.598086124
428072,505146,505173,77074,27,1,25200,2855.59259259
428073,505197,508035,77124,2838,1,25200,28.1754756871
428073,505185,505187,77112,2,1,25200,7711.4
428073,505156,505204,77083,48,1,25200,1606.89583333
428073,505203,505281,77130,78,1,25200,989.846153846
428074,505215,505217,77141,2,1,25200,7714.3
428074,505292,505295,77218,3,1,25200,7722.1
428074,505252,505408,77178,156,1,25200,495.730769231
428074,505209,505642,77135,433,1,25200,179.140877598
428074,505221,505492,77147,271,1,25200,285.675276753
428075,505312,506814,77237,1502,1,25200,52.4227696405
428075,505317,505319,77242,2,1,25200,7724.4
428075,505305,505626,77230,321,1,25200,241.591900312
428075,505240,505241,77165,1,1,25200,7716.6
428075,505228,505229,77153,1,1,25200,7715.4
428076,505342,505343,77266,1,1,25200,7726.7
428076,505329,505332,77253,3,1,25200,7725.6
428076,505356,505361,77280,5,1,25200,7728.5
428076,505350,505626,77274,276,1,25200,280.97826087
428077,505373,505376,77296,3,1,25200,7729.9
428077,505394,505397,77317,3,1,25200,7732.0
428077,505420,505423,77343,3,1,25200,7734.6
428077,505409,505488,77332,79,1,25200,979.886075949
428077,505388,507091,77311,1703,1,25200,46.3969465649
428078,505506,505520,77428,14,1,25200,5531.57142857
428078,505435,505480,77357,45,1,25200,1720.04444444
428078,505492,505493,77414,1,1,25200,7741.5
428078,505500,505503,77422,3,1,25200,7742.5
428079,505579,505580,77500,1,1,25200,7750.1
428079,505512,505514,77433,2,1,25200,7743.5
428079,505519,505836,77440,317,1,25200,245.29022082
428079,505532,505596,77453,64,1,25200,1211.203125
428079,505525,505612,77446,87,1,25200,891.183908046
428080,505615,505619,77535,4,1,25200,7753.9
428080,505590,505594,77510,4,1,25200,7751.4
428080,505610,506004,77530,394,1,25200,197.776649746
428081,505628,505629,77547,1,1,25200,7754.8
428081,430468,437214,2387,6746,2,10800,1.35383931218
428081,505638,505720,77557,82,1,25200,946.817073171
428081,505633,505634,77552,1,1,25200,7755.3
428082,505657,505678,77575,21,1,25200,3695.04761905
428082,505667,505670,77585,3,1,25200,7758.8
428082,505651,505660,77569,9,1,25200,7757.8
428082,505646,508646,77564,3000,1,25200,26.8546666667
428082,505662,505683,77580,21,1,25200,3695.28571429
428083,505701,505742,77618,41,1,25200,1894.12195122
428083,505693,506143,77610,450,1,25200,173.466666667
428083,505673,505675,77590,2,1,25200,7759.2
428084,505706,505759,77622,53,1,25200,1465.56603774
428084,505887,505960,77803,73,1,25200,1066.79452055
428084,505902,506346,77818,444,1,25200,176.265765766
428085,505712,505714,77627,2,1,25200,7762.9
428085,505717,505718,77632,1,1,25200,7763.3
428086,505738,505739,77652,1,1,25200,7765.3
428086,505745,506282,77659,537,1,25200,145.616387337
428086,505753,508402,77667,2649,1,25200,30.3193657984
428086,505733,505853,77647,120,1,25200,648.058333333
428087,505759,505761,77672,2,1,25200,7767.4
428087,505790,505791,77703,1,1,25200,7770.4
428087,505802,505814,77715,12,1,25200,6477.25
428087,505771,505888,77684,117,1,25200,664.965811966
428087,505777,505779,77690,2,1,25200,7769.2
428088,505864,506673,77776,809,1,25200,97.1384425216
428088,505857,505861,77769,4,1,25200,7777.3
428088,505849,505851,77761,2,1,25200,7776.3
428088,505825,505850,77737,25,1,25200,3110.48
428089,505869,506139,77780,270,1,25200,289.074074074
428089,505972,505974,77883,2,1,25200,7788.5
428089,505922,506148,77833,226,1,25200,345.39380531
428089,505875,531090,77786,25215,1,25200,4.08490977593
428089,505882,505884,77793,2,1,25200,7779.5
428090,506048,506056,77958,8,1,25200,7796.6
428090,506016,506071,77926,55,1,25200,1417.83636364
428090,506158,506160,78068,2,1,25200,7807.0
428090,506166,507056,78076,890,1,25200,88.7258426966
428090,505986,506037,77896,51,1,25200,1528.37254902
428091,506069,506384,77978,315,1,25200,248.549206349
428091,506096,507761,78005,1665,1,25200,47.8498498498
428091,506083,506085,77992,2,1,25200,7799.4
428091,506151,506155,78060,4,1,25200,7806.4
428092,506186,506187,78094,1,1,25200,7809.5
428092,506194,506588,78102,394,1,25200,199.228426396
428092,506178,506179,78086,1,1,25200,7808.7
428092,506295,506297,78203,2,1,25200,7820.5
428092,506173,506175,78081,2,1,25200,7808.3
428093,506339,506363,78246,24,1,25200,3261.25
428093,506345,506346,78252,1,1,25200,7825.3
428093,506321,506322,78228,1,1,25200,7822.9
428093,506332,506334,78239,2,1,25200,7824.1
428093,506309,506310,78216,1,1,25200,7821.7
428094,506357,506359,78263,2,1,25200,7826.5
428094,506378,506392,78284,14,1,25200,5592.71428571
428094,506363,506365,78269,2,1,25200,7827.1
428095,506409,506410,78314,1,1,25200,7831.5
428095,506396,506695,78301,299,1,25200,262.876254181
428095,506383,506385,78288,2,1,25200,7829.0
428095,506403,506712,78308,309,1,25200,254.42394822
428095,506391,506411,78296,20,1,25200,3915.8
428096,506414,506420,78318,6,1,25200,7832.4
428096,506422,506480,78326,58,1,25200,1351.44827586
428096,506436,506437,78340,1,1,25200,7834.1
428096,506428,506546,78332,118,1,25200,664.830508475
428097,506537,506707,78440,170,1,25200,462.411764706
428097,430649,437685,2552,7036,2,10800,1.362706083
428097,506462,506511,78365,49,1,25200,1600.28571429
428097,506492,509219,78395,2727,1,25200,29.7477081041
428097,506524,506525,78427,1,1,25200,7842.8
428098,506578,507412,78480,834,1,25200,95.1007194245
428098,506558,506561,78460,3,1,25200,7846.3
428098,506573,506574,78475,1,1,25200,7847.6
428099,506592,506723,78493,131,1,25200,600.183206107
428099,506603,506645,78504,42,1,25200,1870.14285714
428099,506597,506671,78498,74,1,25200,1061.78378378
428099,506584,506686,78485,102,1,25200,770.460784314
428099,506611,506613,78512,2,1,25200,7851.4
428100,506625,506632,78525,7,1,25200,7853.2
428100,506643,506655,78543,12,1,25200,6546.25
428100,506656,506687,78556,31,1,25200,2535.06451613
428100,506668,506669,78568,1,1,25200,7856.9
428100,506680,506693,78580,13,1,25200,6045.61538462
428101,506693,506744,78592,51,1,25200,1542.01960784
428101,506688,506754,78587,66,1,25200,1191.71212121
428101,506706,509495,78605,2789,1,25200,29.1839368949
428101,506701,506702,78600,1,1,25200,7860.1
428102,506732,506734,78630,2,1,25200,7863.2
428102,506719,506721,78617,2,1,25200,7861.9
428102,506727,507532,78625,805,1,25200,98.6708074534
428102,506714,506726,78612,12,1,25200,6552.0
428103,506738,506751,78635,13,1,25200,6049.84615385
428103,506745,506782,78642,37,1,25200,2126.45945946
428103,506750,507157,78647,407,1,25200,194.235872236
428103,506813,506938,78710,125,1,25200,630.68
428104,506763,506764,78659,1,1,25200,7866.0
428104,506756,507742,78652,986,1,25200,80.7687626775
428104,506768,506769,78664,1,1,25200,7866.5
428104,506774,507778,78670,1004,1,25200,79.3565737052
428104,506870,507014,78766,144,1,25200,547.986111111
428105,506800,506802,78695,2,1,25200,7869.7
428105,506786,506955,78681,169,1,25200,466.568047337
428105,506781,506783,78676,2,1,25200,7867.8
428106,506835,507287,78729,452,1,25200,175.17920354
428106,506828,506898,78722,70,1,25200,1125.6
428106,506805,506817,78699,12,1,25200,6559.25
428106,506842,506845,78736,3,1,25200,7873.9
428106,506821,506825,78715,4,1,25200,7871.9
428107,506910,506933,78803,23,1,25200,3427.2173913
428107,506952,506954,78845,2,1,25200,7884.7
428107,506958,508116,78851,1158,1,25200,69.0924006908
428107,506945,507018,78838,73,1,25200,1080.97260274
428108,507008,507100,78900,92,1,25200,858.608695652
428108,506972,507011,78864,39,1,25200,2023.15384615
428108,507031,507085,78923,54,1,25200,1462.53703704
428108,507024,507276,78916,252,1,25200,314.158730159
428108,506966,506995,78858,29,1,25200,2720.24137931
428109,507097,507099,78988,2,1,25200,7899.0
428109,507036,507038,78927,2,1,25200,7892.9
428109,507067,507070,78958,3,1,25200,7896.1
428109,507082,507441,78973,359,1,25200,220.980501393
428109,507050,507364,78941,314,1,25200,252.404458599
428110,507104,507208,78994,104,1,25200,760.557692308
428110,507125,507883,79015,758,1,25200,105.241424802
428110,507118,507671,79008,553,1,25200,143.871609403
428110,507111,507113,79001,2,1,25200,7900.3
428111,507169,507176,79058,7,1,25200,7906.5
428111,507288,507307,79177,19,1,25200,4168.21052632
428111,507255,507257,79144,2,1,25200,7914.6
428111,507187,507188,79076,1,1,25200,7907.7
428111,507199,507200,79088,1,1,25200,7908.9
428112,507211,507243,79099,32,1,25200,2472.84375
428112,507220,507345,79108,125,1,25200,633.864
428112,507269,507295,79157,26,1,25200,3045.5
428113,507324,507363,79211,39,1,25200,2032.05128205
428113,507316,507320,79203,4,1,25200,7920.7
428113,507304,507305,79191,1,1,25200,7919.2
428113,507310,508317,79197,1007,1,25200,79.6464746773
428113,507296,507298,79183,2,1,25200,7918.5
428114,507376,507377,79262,1,1,25200,7926.3
428114,507381,507410,79267,29,1,25200,2734.34482759
428114,507329,507349,79215,20,1,25200,3961.75
428114,507336,508181,79222,845,1,25200,94.7538461538
428115,507394,507663,79279,269,1,25200,295.717472119
428115,507412,507414,79297,2,1,25200,7929.9
428115,507356,507762,79241,406,1,25200,196.174876847
428115,507369,507370,79254,1,1,25200,7925.5
428115,507389,507390,79274,1,1,25200,7927.5
428116,507434,507435,79318,1,1,25200,7931.9
428116,507422,507424,79306,2,1,25200,7930.8
428116,507429,507788,79313,359,1,25200,221.927576602
428117,507456,510385,79339,2929,1,25200,28.0874018436
428117,507449,507454,79332,5,1,25200,7933.7
428117,507461,507463,79344,2,1,25200,7934.6
428117,507469,507470,79352,1,1,25200,7935.3
428117,507475,507476,79358,1,1,25200,7935.9
428118,507489,507524,79371,35,1,25200,2268.74285714
428118,507545,507547,79427,2,1,25200,7942.9
428118,507536,507538,79418,2,1,25200,7942.0
428118,507482,515896,79364,8414,1,25200,10.4323746137
428119,507585,507601,79466,16,1,25200,4967.625
428119,507579,507654,79460,75,1,25200,1060.46666667
428119,507565,507661,79446,96,1,25200,828.5625
428119,507557,507558,79438,1,1,25200,7943.9
428120,507674,507677,79554,3,1,25200,7955.7
428120,507612,507616,79492,4,1,25200,7949.6
428120,507641,507712,79521,71,1,25200,1121.01408451
428120,507666,507668,79546,2,1,25200,7954.8
428121,507699,507701,79578,2,1,25200,7958.0
428121,507686,507691,79565,5,1,25200,7957.0
428121,507680,508001,79559,321,1,25200,248.847352025
428122,507713,507714,79591,1,1,25200,7959.2
428122,507743,507804,79621,61,1,25200,1306.26229508
428122,507723,508069,79601,346,1,25200,231.060693642
428122,507754,507756,79632,2,1,25200,7963.4
428123,507767,507772,79644,5,1,25200,7964.9
428123,507775,507776,79652,1,1,25200,7965.3
428123,507786,507839,79663,53,1,25200,1504.0754717
428123,507780,508559,79657,779,1,25200,103.255455712
428124,507807,507808,79683,1,1,25200,7968.4
428124,507799,507809,79675,10,1,25200,7968.5
428124,507812,507815,79688,3,1,25200,7969.1
428124,507820,508002,79696,182,1,25200,438.89010989
428125,507825,507827,79700,2,1,25200,7970.2
428125,507853,507862,79728,9,1,25200,7973.7
428125,507832,507878,79707,46,1,25200,1733.76086957
428125,507838,507852,79713,14,1,25200,5694.78571429
428126,507859,508798,79733,939,1,25200,85.9126730564
428126,507881,507885,79755,4,1,25200,7975.9
428126,507890,507891,79764,1,1,25200,7976.5
428126,507874,507906,79748,32,1,25200,2493.125
428126,507867,507869,79741,2,1,25200,7974.3
428127,507902,507903,79775,1,1,25200,7977.6
428127,507909,507919,79782,10,1,25200,7979.2
428127,507917,507939,79790,22,1,25200,3627.81818182
428127,507897,508146,79770,249,1,25200,321.361445783
428128,507930,507993,79802,63,1,25200,1267.6984127
428128,508005,508007,79877,2,1,25200,7987.9
428128,507924,508031,79796,107,1,25200,746.757009346
428128,507950,508050,79822,100,1,25200,799.22
428128,508059,508061,79931,2,1,25200,7993.3
428129,508020,508261,79891,241,1,25200,332.497925311
428129,508071,510045,79942,1974,1,25200,41.4974670719
428129,508066,508067,79937,1,1,25200,7993.8
428129,508013,508015,79884,2,1,25200,7988.6
428130,508051,508061,79921,10,1,25200,7993.1
428130,508045,508881,79915,836,1,25200,96.5921052632
428130,508038,508050,79908,12,1,25200,6660.0
428130,508025,508026,79895,1,1,25200,7989.6
428130,508033,508392,79903,359,1,25200,223.571030641
428131,508078,508079,79947,1,1,25200,7994.8
428131,508084,508087,79953,3,1,25200,7995.6
428131,508089,508091,79958,2,1,25200,7996.0
428132,508102,508104,79970,2,1,25200,7997.2
428132,508121,508123,79989,2,1,25200,7999.1
428132,508145,508438,80013,293,1,25200,274.081911263
428132,508167,508185,80035,18,1,25200,4447.38888889
428132,508115,508195,79983,80,1,25200,1000.7875
428133,508132,508224,79999,92,1,25200,870.554347826
428133,508126,508127,79993,1,1,25200,7999.4
428134,508174,508176,80040,2,1,25200,8004.2
428134,508156,508160,80022,4,1,25200,8002.6
428134,508150,508151,80016,1,1,25200,8001.7
428134,508139,508140,80005,1,1,25200,8000.6
428135,508179,508180,80044,1,1,25200,8004.5
428135,508190,508239,80055,49,1,25200,1634.7755102
428135,508161,508166,80026,5,1,25200,8003.1
428135,508185,508202,80050,17,1,25200,4709.82352941
428136,508209,508211,80073,2,1,25200,8007.5
428136,508220,508225,80084,5,1,25200,8008.9
428136,508198,508199,80062,1,1,25200,8006.3
428137,508238,508255,80101,17,1,25200,4712.82352941
428137,508227,512535,80090,4308,1,25200,19.5909935005
428137,508243,508263,80106,20,1,25200,4006.3
428137,508249,508272,80112,23,1,25200,3484.13043478
428137,508232,509948,80095,1716,1,25200,47.6754079254
428138,508254,508255,80116,1,1,25200,8011.7
428138,508262,508264,80124,2,1,25200,8012.6
428138,508267,508269,80129,2,1,25200,8013.1
428138,508273,509558,80135,1285,1,25200,63.3618677043
428139,508296,508297,80157,1,1,25200,8015.8
428139,508280,508284,80141,4,1,25200,8014.5
428139,508285,508287,80146,2,1,25200,8014.8
428139,508291,508293,80152,2,1,25200,8015.4
428139,508302,508332,80163,30,1,25200,2673.1
428140,508351,508353,80211,2,1,25200,8021.3
428140,508338,508342,80198,4,1,25200,8020.2
428140,508316,508473,80176,157,1,25200,511.675159236
428140,508310,508311,80170,1,1,25200,8017.1
428140,508321,508322,80181,1,1,25200,8018.2
428141,508419,508522,80278,103,1,25200,780.398058252
428141,508356,508870,80215,514,1,25200,157.060311284
428141,508327,509638,80186,1311,1,25200,62.1639969489
428141,508332,508333,80191,1,1,25200,8019.2
428142,508367,508371,80225,4,1,25200,8022.9
428142,508424,508960,80282,536,1,25200,150.779850746
428142,508373,510524,80231,2151,1,25200,38.2993956299
428142,508398,508400,80256,2,1,25200,8025.8
428142,508362,508751,80220,389,1,25200,207.221079692
428143,508412,511662,80269,3250,1,25200,25.6981538462
428143,508486,511285,80343,2799,1,25200,29.7041800643
428143,508405,508407,80262,2,1,25200,8026.4
428143,508450,508477,80307,27,1,25200,2975.33333333
428144,508547,509001,80403,454,1,25200,178.099118943
428144,508534,508536,80390,2,1,25200,8039.2
428144,508493,508538,80349,45,1,25200,1786.53333333
428144,508555,508703,80411,148,1,25200,544.317567568
428145,508694,508720,80549,26,1,25200,3099.03846154
428145,508572,509308,80427,736,1,25200,110.275815217
428145,508674,508675,80529,1,1,25200,8053.0
428145,508658,508662,80513,4,1,25200,8051.7
428146,508699,523223,80553,14524,1,25200,6.54619939411
428146,508755,509240,80609,485,1,25200,167.204123711
428146,508743,508744,80597,1,1,25200,8059.8
428146,508731,508732,80585,1,1,25200,8058.6
428146,508715,508894,80569,179,1,25200,451.106145251
428147,508840,510390,80693,1550,1,25200,53.06
428147,508810,508816,80663,6,1,25200,8066.9
428147,508764,509340,80617,576,1,25200,140.960069444
428147,508883,508887,80736,4,1,25200,8074.0
428147,508828,508829,80681,1,1,25200,8068.2
428148,508922,509325,80774,403,1,25200,201.431761787
428148,509337,509339,81189,2,1,25200,8119.1
428148,508908,510420,80760,1512,1,25200,54.4126984127
428148,508900,508905,80752,5,1,25200,8075.7
428149,509506,509738,81357,232,1,25200,351.676724138
428149,509350,509404,81201,54,1,25200,1504.72222222
428149,509491,509494,81342,3,1,25200,8134.5
428149,509496,509551,81347,55,1,25200,1480.03636364
428149,509416,510784,81267,1368,1,25200,60.4057017544
428150,509513,510268,81363,755,1,25200,108.765562914
428150,509533,510950,81383,1417,1,25200,58.4333098095
428150,509577,509579,81427,2,1,25200,8142.9
428150,509538,509539,81388,1,1,25200,8138.9
428150,509550,509564,81400,14,1,25200,5815.28571429
428151,509607,509608,81456,1,1,25200,8145.7
428151,509563,512743,81412,3180,1,25200,26.6012578616
428151,509571,509671,81420,100,1,25200,815.2
428151,509590,509595,81439,5,1,25200,8144.4
428152,509679,510272,81527,593,1,25200,138.482293423
428152,509686,509687,81534,1,1,25200,8153.5
428152,509649,509653,81497,4,1,25200,8150.1
428152,509619,509707,81467,88,1,25200,926.761363636
428153,509749,509751,81596,2,1,25200,8159.8
428153,509762,510303,81609,541,1,25200,151.848428835
428153,509743,510058,81590,315,1,25200,260.015873016
428153,509719,509731,81566,12,1,25200,6798.16666667
428153,509700,509867,81547,167,1,25200,489.305389222
428154,509821,509891,81667,70,1,25200,1167.67142857
428154,510857,511578,82703,721,1,25200,115.705963939
428154,510763,510995,82609,232,1,25200,357.073275862
428154,509816,510180,81662,364,1,25200,225.346153846
428155,509917,512497,81762,2580,1,25200,32.6906976744
428155,509960,513272,81805,3312,1,25200,25.6995772947
428155,509903,509904,81748,1,1,25200,8174.9
428155,509879,509991,81724,112,1,25200,730.678571429
428156,510004,510079,81848,75,1,25200,1092.30666667
428156,510092,510094,81936,2,1,25200,8193.8
428156,510069,510100,81913,31,1,25200,2643.35483871
428156,510077,510128,81921,51,1,25200,1607.29411765
428156,510057,510059,81901,2,1,25200,8190.3
428157,510157,510598,82000,441,1,25200,186.941043084
428157,510113,511180,81956,1067,1,25200,77.8097469541
428157,510139,510144,81982,5,1,25200,8198.7
428157,510105,510174,81948,69,1,25200,1188.65217391
428158,510186,510187,82028,1,1,25200,8202.9
428158,510200,525931,82042,15731,1,25200,6.2153073549
428158,510279,510281,82121,2,1,25200,8212.3
428158,510206,510329,82048,123,1,25200,668.056910569
428158,510192,510194,82034,2,1,25200,8203.6
428159,510314,510319,82155,5,1,25200,8216.0
428159,510287,510488,82128,201,1,25200,409.597014925
428159,510306,510307,82147,1,1,25200,8214.8
428160,510321,510324,82161,3,1,25200,8216.4
428160,510338,510446,82178,108,1,25200,761.907407407
428160,510330,510349,82170,19,1,25200,4325.73684211
428160,510344,511155,82184,811,1,25200,102.336621455
428160,510879,510884,82719,5,1,25200,8272.4
428161,510376,510867,82215,491,1,25200,168.443991853
428161,510360,510363,82199,3,1,25200,8220.2
428161,510396,510496,82235,100,1,25200,823.35
428162,510459,510724,82297,265,1,25200,311.554716981
428162,510416,510953,82254,537,1,25200,154.173184358
428162,510433,510437,82271,4,1,25200,8227.5
428162,510449,510450,82287,1,1,25200,8228.8
428162,510466,510468,82304,2,1,25200,8230.6
428163,510499,510594,82336,95,1,25200,867.694736842
428163,510562,510730,82399,168,1,25200,491.470238095
428163,510508,511851,82345,1343,1,25200,62.3142218913
428163,510537,510550,82374,13,1,25200,6337.46153846
428163,510479,510924,82316,445,1,25200,185.979775281
428164,510628,511770,82464,1142,1,25200,73.2101576182
428164,510606,510616,82442,10,1,25200,8245.2
428164,510613,510622,82449,9,1,25200,8245.8
428164,510636,510651,82472,15,1,25200,5499.13333333
428165,510737,511206,82572,469,1,25200,177.059701493
428165,510662,510741,82497,79,1,25200,1045.26582278
428165,510756,510947,82591,191,1,25200,433.413612565
428165,510750,510845,82585,95,1,25200,870.315789474
428165,510743,510783,82578,40,1,25200,2065.45
428166,510795,510897,82629,102,1,25200,811.088235294
428166,510802,510804,82636,2,1,25200,8263.8
428166,510923,510926,82757,3,1,25200,8276.0
428166,510819,512184,82653,1365,1,25200,61.5516483516
428166,510895,511970,82729,1075,1,25200,77.9572093023
428167,510908,510911,82741,3,1,25200,8274.4
428167,510936,512211,82769,1275,1,25200,65.9168627451
428168,510948,510957,82780,9,1,25200,8278.9
428168,510954,511021,82786,67,1,25200,1236.6119403
428168,510962,511465,82794,503,1,25200,165.600397614
429668,466083,468024,36415,1941,8,3540,19.760947965
430033,431441,438341,1408,6900,2,10800,1.20405797101
430249,432852,439492,2603,6640,2,10800,1.39201807229
430329,432867,439910,2538,7043,2,10800,1.36035780207
430459,432883,439459,2424,6576,2,10800,1.36861313869
430550,433445,440402,2895,6957,2,10800,1.41612764122
430583,466395,466644,35812,249,1,3540,144.823293173
430777,433505,440280,2728,6775,2,10800,1.40265682657
430950,466557,468602,35607,2045,1,3540,18.4117359413
431026,466656,466833,35630,177,1,3540,202.299435028
431071,466845,467105,35774,260,1,3540,138.592307692
431108,466884,466959,35776,75,1,3540,478.013333333
431119,466965,467449,35846,484,1,3540,75.0619834711
431200,466973,467333,35773,360,1,3540,100.369444444
431208,467462,467601,36254,139,1,3540,261.820143885
431250,467614,468126,36364,512,1,3540,72.0234375
431298,468076,468557,36778,481,1,3540,77.4615384615
431330,468081,468164,36751,83,1,3540,443.78313253
431347,468089,468594,36742,505,1,3540,73.7564356436
431455,468138,468365,36683,227,1,3540,162.599118943
431525,468152,468635,36627,483,1,3540,76.8322981366
431613,468157,468291,36544,134,1,3540,273.71641791
431690,468177,468685,36487,508,1,3540,72.8248031496
431704,454491,454856,22787,365,2,3540,63.4301369863
431775,468188,468724,36413,536,1,3540,68.9347014925
431973,468305,468570,36332,265,1,3540,138.101886792
432231,469072,469254,36841,182,1,3540,203.423076923
432298,469078,469211,36780,133,1,3540,277.541353383
432810,433660,440509,850,6849,2,10800,1.12410570886
432858,433812,440538,954,6726,2,10800,1.14183764496
432873,434573,441553,1700,6980,2,10800,1.2435530086
433437,434829,441554,1392,6725,2,10800,1.20698884758
433495,435393,442241,1898,6848,2,10800,1.27716121495
433650,436685,443505,3035,6820,2,10800,1.44501466276
433953,436913,444070,2960,7157,2,10800,1.4135811094
434736,436939,443746,2203,6807,2,10800,1.32363743206
434982,437060,443766,2078,6706,2,10800,1.30987175664
436904,437226,443833,322,6607,2,10800,1.04873618889
436929,437701,444453,772,6752,2,10800,1.11433649289
437051,438354,445246,1303,6892,2,10800,1.18905977945
437124,439477,446107,2353,6630,2,10800,1.35490196078
437656,439504,446073,1848,6569,2,10800,1.28132135789
438344,439925,447149,1581,7224,2,10800,1.2188538206
438558,440293,447020,1735,6727,2,10800,1.25791586145
439497,440414,447301,917,6887,2,10800,1.13314941194
439871,440521,447290,650,6769,2,10800,1.09602600089
440284,441569,447999,1285,6430,2,10800,1.199844479
440405,441575,448065,1170,6490,2,10800,1.18027734977
440511,442259,448973,1748,6714,2,10800,1.26035150432
440542,443522,450103,2980,6581,2,10800,1.45281872056
440625,443764,450621,3139,6857,2,10800,1.45778037042
441571,443778,450825,2207,7047,2,10800,1.31318291472
441662,443846,450189,2184,6343,2,10800,1.34431656945
442468,444082,450973,1614,6891,2,10800,1.23421854593
443600,444469,451552,869,7083,2,10800,1.1226881265
443769,445259,452053,1490,6794,2,10800,1.2193111569
443837,446085,453113,2248,7028,2,10800,1.31986340353
443952,446119,452598,2167,6479,2,10800,1.33446519525
444124,445355,445363,1231,8,1,1800,123.9
444225,447035,453684,2810,6649,2,10800,1.42261994285
445249,447161,454018,1912,6857,2,10800,1.27883914248
445512,455276,455353,9764,77,1,1800,127.805194805
446078,447303,454051,1225,6748,2,10800,1.18153526971
446109,447313,454259,1204,6946,2,10800,1.17333717247
446185,447677,454478,1492,6801,2,10800,1.21937950301
447151,448016,454684,865,6668,2,10800,1.12972405519
447293,448077,454760,784,6683,2,10800,1.11731258417
447309,448682,455442,1373,6760,2,10800,1.20310650888
447623,448990,455948,1367,6958,2,10800,1.19646450129
448039,450120,456701,2081,6581,2,10800,1.31621334144
448409,450201,457104,1792,6903,2,10800,1.25959727655
449242,450639,457295,1397,6656,2,10800,1.20988581731
450192,450843,457732,651,6889,2,10800,1.09449847583
450215,450985,457687,770,6702,2,10800,1.11489107729
450647,451564,458585,917,7021,2,10800,1.13060817547
450977,451833,458318,856,6485,2,10800,1.13199691596
451554,452075,458865,521,6790,2,10800,1.07673048601
451627,452610,459379,983,6769,2,10800,1.1452208598
451814,455281,455354,3467,73,1,1800,48.4931506849
452599,453125,459902,526,6777,2,10800,1.07761546407
453116,453701,460654,585,6953,2,10800,1.08413634402
453385,454045,460636,660,6591,2,10800,1.10013654984
453749,454063,460970,314,6907,2,10800,1.04546112639
454054,454271,461165,217,6894,2,10800,1.03147664636
454263,454701,461737,438,7036,2,10800,1.06225127914
454481,454777,461439,296,6662,2,10800,1.04443110177
454515,454868,461503,353,6635,2,10800,1.05320271289
454747,455287,462148,540,6861,2,10800,1.07870572803
454765,469085,526720,14320,57635,8,57600,1.24846013707
454959,456719,463165,1760,6446,2,10800,1.27303754266
455465,457122,463974,1657,6852,2,10800,1.24182720374
455540,469168,469263,13628,95,1,1800,144.452631579
455558,469176,469268,13618,92,1,1800,149.02173913
456326,457310,463990,984,6680,2,10800,1.14730538922
456886,457704,464378,818,6674,2,10800,1.1225651783
457132,457748,464535,616,6787,2,10800,1.09076175041
457311,458597,465203,1286,6606,2,10800,1.19467151075
457708,458877,465216,1169,6339,2,10800,1.18441394542
457837,459391,466341,1554,6950,2,10800,1.2235971223
458582,459915,466807,1333,6892,2,10800,1.19341265235
458747,469224,469334,10477,110,1,3600,96.2454545455
458867,460653,467498,1786,6845,2,10800,1.26092037984
459048,469275,469586,10227,311,1,3600,33.884244373
459380,460667,467184,1287,6517,2,10800,1.19748350468
459906,460987,467513,1081,6526,2,10800,1.16564511186
460473,461177,467835,704,6658,2,10800,1.1057374587
460557,461392,468064,835,6672,2,10800,1.1251498801
460559,461397,467925,838,6528,2,10800,1.12837009804
461169,461451,468493,282,7042,2,10800,1.04004544164
461441,461520,468430,79,6910,2,10800,1.01143270622
461457,461754,468778,297,7024,2,10800,1.04228359909
461582,462166,469147,584,6981,2,10800,1.08365563673
461776,463182,470037,1406,6855,2,10800,1.20510576222
462105,466386,466953,4281,567,1,10800,8.55026455026
462259,463991,470750,1732,6759,2,10800,1.25625092469
463222,464002,471131,780,7129,2,10800,1.10941225978
463580,465318,537657,1738,72339,4,172800,1.02402576757
463992,464394,471304,402,6910,2,10800,1.05817655572
464071,464552,471398,481,6846,2,10800,1.07026000584
464462,465221,472179,759,6958,2,10800,1.10908306985
464925,465229,471821,304,6592,2,10800,1.04611650485
465222,466359,473141,1137,6782,2,10800,1.16764966087
465422,466819,473744,1397,6925,2,10800,1.20173285199
465922,469125,469871,3203,746,1,104400,5.29356568365
466261,466267,468645,6,2378,1,2700,1.00252312868
466334,466724,466861,390,137,16,3600,3.84671532847
466811,467196,474015,385,6819,2,10800,1.05645989148
467002,467118,468176,116,1058,1,10800,1.10964083176
467186,467510,474097,324,6587,2,10800,1.04918779414
467367,467525,474237,158,6712,2,10800,1.02353992849
467516,467851,474542,335,6691,2,10800,1.05006725452
467800,468535,475638,735,7103,2,10800,1.10347740391
467840,467938,468068,98,130,1,600,1.75384615385
467928,468807,476018,879,7211,2,10800,1.12189710165
467938,469341,470873,1403,1532,1,3600,1.91579634465
467998,469281,470627,1283,1346,6,1800,1.95319465082
468000,469256,474850,1256,5594,2,179940,1.22452627816
468067,469101,475539,1034,6438,2,10800,1.16060888475
468382,469107,476069,725,6962,2,10800,1.10413674232
468494,469114,475989,620,6875,2,10800,1.09018181818
468647,468660,469800,13,1140,1,2700,1.01140350877
468772,469119,475757,347,6638,2,10800,1.05227478156
468828,473921,473960,5093,39,4,1800,131.58974359
468897,469163,475858,266,6695,2,10800,1.03973114264
468955,469883,471594,928,1711,6,1800,1.54237288136
469447,469453,469709,6,256,1,3600,1.0234375
469672,469700,469916,28,216,1,1800,1.12962962963
469677,472506,478801,2829,6295,16,10800,1.44940428912
469696,469719,470073,23,354,1,1800,1.06497175141
469714,470053,476688,339,6635,2,10800,1.05109269028
469795,470058,470613,263,555,1,3600,1.47387387387
469803,469810,472640,7,2830,1,2700,1.00247349823
469933,470799,471228,866,429,1,3600,3.01864801865
470380,470421,477212,41,6791,2,10800,1.00603740244
470495,470557,470565,62,8,1,1800,7.0
470700,470707,470745,7,38,1,1800,1.18421052632
470786,470794,477797,8,7003,2,10800,1.00114236756
470916,470924,470999,8,75,1,1800,1.10666666667
471043,471050,471086,7,36,1,1800,1.19444444444
471152,471238,774507,86,303269,1,345600,1.00028357663
471276,471284,471351,8,67,1,1800,1.11940298507
471310,471316,478301,6,6985,2,10800,1.00085898354
471329,471347,471456,18,109,1,3600,1.16513761468
471401,471408,478331,7,6923,2,10800,1.00101112235
471417,471466,471625,49,159,1,1800,1.30817610063
471565,471635,471865,70,230,1,3600,1.30434782609
471639,471875,471880,236,5,1,3600,24.1
471680,471687,478611,7,6924,2,10800,1.00101097631
471901,471907,472144,6,237,1,1800,1.0253164557
471922,471930,478717,8,6787,2,10800,1.00117872403
471988,472154,472233,166,79,1,3600,3.10126582278
472036,479569,510739,7533,31170,2,72000,1.2416746872
472140,472243,472692,103,449,1,3600,1.2293986637
472368,472650,472893,282,243,1,3600,2.16049382716
472768,472775,472787,7,12,1,3600,1.58333333333
472878,472885,479896,7,7011,2,10800,1.00099843104
472971,472977,472990,6,13,1,3600,1.46153846154
472990,472997,473914,7,917,1,2700,1.00763358779
473036,479575,522798,6539,43223,2,43200,1.15128519538
473055,479580,480501,6525,921,2,86400,8.08469055375
473068,473075,473082,7,7,1,3600,1.4
473141,473147,476778,6,3631,1,3600,1.00165243735
473145,473168,473547,23,379,1,3600,1.06068601583
473551,475775,1051820,2224,576045,10,576000,1.00386080949
473619,478839,481834,5220,2995,5,7200,2.7429048414
473749,473755,480733,6,6978,2,10800,1.00085984523
473805,477339,479547,3534,2208,16,18000,2.60054347826
473919,473972,474544,53,572,1,2700,1.09265734266
474018,474026,481029,8,7003,2,10800,1.00114236756
474032,474039,474046,7,7,1,3600,1.4
474061,474067,480423,6,6356,2,10800,1.00094398993
474114,478757,479615,4643,858,16,18000,6.41142191142
474160,474167,474277,7,110,1,3600,1.06363636364
474193,479585,603383,5392,123798,2,172800,1.04355482318
474239,474247,481220,8,6973,2,10800,1.00114728237
474409,474417,474671,8,254,1,3600,1.03149606299
474472,474480,480963,8,6483,2,10800,1.00123399661
474799,474806,481912,7,7106,2,10800,1.00098508303
474801,474813,481558,12,6745,2,10800,1.00177909563
474906,474913,475337,7,424,1,3600,1.01650943396
475311,479564,479568,4253,4,4,14400,425.7
475703,475709,482383,6,6674,2,10800,1.00089901109
475779,476030,482934,251,6904,2,10800,1.03635573581
475855,475863,475871,8,8,1,3600,1.6
475917,476705,483580,788,6875,2,10800,1.11461818182
475991,475998,476079,7,81,1,3600,1.08641975309
476021,478318,485028,2297,6710,2,10800,1.34232488823
476074,478348,484901,2274,6553,2,10800,1.3470166336
476210,476218,476456,8,238,1,3600,1.03361344538
476399,476405,483705,6,7300,1,7200,1.00082191781
476673,478624,485381,1951,6757,2,10800,1.28873760545
476710,478845,479224,2135,379,1,3600,6.63324538259
476800,478731,485271,1931,6540,2,10800,1.29525993884
477233,478813,485637,1580,6824,2,10800,1.23153575615
478071,478818,485855,747,7037,2,10800,1.10615319028
478111,479559,480622,1448,1063,6,1800,2.36218250235
478306,478823,485615,517,6792,2,10800,1.07611896349
478614,478829,485509,215,6680,2,10800,1.03218562874
478636,478834,485971,198,7137,2,10800,1.02774274905
478896,479203,486111,307,6908,2,10800,1.04444122756
479819,479888,479968,69,80,4,29100,1.8625
480016,480635,497899,619,17264,6,25200,1.03585495829
480120,480193,481053,73,860,4,29100,1.08488372093
480202,480273,482660,71,2387,2,72000,1.0297444491
480425,480431,487376,6,6945,2,10800,1.00086393089
480736,480755,487498,19,6743,2,10800,1.00281773691
480756,480765,480771,9,6,1,10800,1.5
480859,480875,527284,16,46409,2,72000,1.00034476071
480966,480972,487303,6,6331,2,10800,1.00094771758
481033,481046,488064,13,7018,2,10800,1.0018523796
481223,481230,488035,7,6805,2,10800,1.0010286554
481310,481318,488058,8,6740,2,10800,1.00118694362
481520,481846,482257,326,411,4,543540,1.79318734793
481527,481547,481647,20,100,4,29100,1.2
481701,481719,485018,18,3299,1,10800,1.00545619885
481914,481920,488494,6,6574,2,10800,1.00091268634
481929,494487,494771,12558,284,4,10800,45.2183098592
481956,481967,482057,11,90,4,29100,1.12222222222
482191,482269,485991,78,3722,4,29100,1.02095647501
482264,482276,488667,12,6391,2,10800,1.00187764043
482404,482481,482858,77,377,1,1200,1.20424403183
482457,489917,490336,7460,419,38,1200,18.8042959427
482461,482468,489062,7,6594,2,10800,1.00106157113
482954,482961,483229,7,268,1,1200,1.02611940299
483297,483304,483573,7,269,1,1200,1.02602230483
483360,483573,483934,213,361,16,3600,1.59002770083
483411,483419,490259,8,6840,2,10800,1.00116959064
483573,490985,491128,7412,143,8,10800,52.8321678322
483587,483946,484416,359,470,16,3600,1.76382978723
483617,483624,490093,7,6469,2,10800,1.00108208378
483683,484429,484914,746,485,16,3600,2.5381443299
483748,483755,483785,7,30,1,1200,1.23333333333
483809,483815,483831,6,16,1,1200,1.375
483880,483887,483915,7,28,1,1200,1.25
484128,484135,484142,7,7,3,1800,1.4
484137,484154,484184,17,30,1,1200,1.56666666667
484157,484927,485288,770,361,16,3600,3.13296398892
484184,491461,491979,7277,518,2,10800,15.0482625483
484222,484229,484258,7,29,1,1200,1.24137931034
484299,485300,485767,1001,467,16,3600,3.14346895075
484382,485779,486243,1397,464,16,3600,4.01077586207
484433,484441,484476,8,35,1,1200,1.22857142857
484465,484472,484506,7,34,1,1200,1.20588235294
484536,484544,484578,8,34,1,1200,1.23529411765
484560,484568,484602,8,34,1,1200,1.23529411765
484751,484759,484793,8,34,1,1200,1.23529411765
484778,484785,484819,7,34,1,1200,1.20588235294
484980,484987,484994,7,7,3,1800,1.4
484983,485006,485041,23,35,1,1200,1.65714285714
485027,485521,485523,494,2,6,1800,49.6
485029,485044,492119,15,7075,2,10800,1.00212014134
485030,485039,485075,9,36,1,1200,1.25
485150,485157,485194,7,37,1,1200,1.18918918919
485164,485873,485875,709,2,10,3600,71.1
485274,485282,492028,8,6746,2,10800,1.00118588793
485383,485390,492177,7,6787,2,10800,1.00103138353
485513,485526,492273,13,6747,2,10800,1.00192678227
485552,485559,487041,7,1482,1,3540,1.00472334683
485556,485566,491857,10,6291,2,10800,1.00158957241
485641,487321,494448,1680,7127,2,10800,1.23572330574
485702,487389,493965,1687,6576,2,10800,1.25653892944
485964,490347,593191,4383,102844,16,108000,1.04261794563
485973,487511,493683,1538,6172,2,10800,1.24918988983
486112,488047,494876,1935,6829,2,10800,1.28335041734
486537,488070,494854,1533,6784,2,10800,1.22597287736
486568,486576,486578,8,2,6,1800,1.0
486600,486606,487068,6,462,16,3600,1.01298701299
486736,486743,487369,7,626,16,3600,1.01118210863
486820,486827,486864,7,37,1,1200,1.18918918919
486823,486877,486883,54,6,3,1800,6.0
486859,487080,487799,221,719,16,3600,1.3073713491
486871,486895,486931,24,36,1,1200,1.66666666667
486967,487811,487866,844,55,6,1800,16.3454545455
486985,487053,489746,68,2693,4,3600,1.02525064983
487193,487382,488180,189,798,16,3600,1.23684210526
487379,488511,495377,1132,6866,2,10800,1.16487037576
487483,487817,487823,334,6,3,1800,34.0
487500,488680,495791,1180,7111,2,10800,1.16594009281
488037,489073,495914,1036,6841,2,10800,1.15143984798
488062,490110,497091,2048,6981,2,10800,1.29336771236
488077,490271,497188,2194,6917,2,10800,1.31718953303
488129,491873,498474,3744,6601,2,10800,1.56718678988
488389,490417,490880,2028,463,16,3600,5.38012958963
488436,488443,488445,7,2,3,1800,1.0
488540,490892,493141,2352,2249,16,3600,2.0457981325
488606,488615,489905,9,1290,10,1800,1.00697674419
488669,491991,498618,3322,6627,2,10800,1.50128263166
489062,490353,490406,1291,53,16,126000,25.358490566
489065,492046,498747,2981,6701,2,10800,1.44485897627
489136,494783,494786,5647,3,3,1800,565.0
489489,492131,498815,2642,6684,2,10800,1.39527229204
489490,491455,492171,1965,716,16,3600,3.74441340782
489615,492182,493600,2567,1418,16,3600,2.81029619182
489754,492999,494801,3245,1802,16,3600,2.80077691454
489872,494498,495138,4626,640,4,600,8.228125
489872,494747,495196,4875,449,6,600,11.8574610245
489872,495150,495429,5278,279,5,600,19.917562724
489872,494799,495443,4927,644,3,600,8.65062111801
489873,501534,502175,11661,641,9,600,19.1918876755
489873,500919,501522,11046,603,10,600,19.3184079602
489873,490359,490973,486,614,7,600,1.79153094463
489873,494608,494735,4735,127,8,600,38.2834645669
489874,497321,497959,7447,638,14,600,12.6724137931
489874,499234,499848,9360,614,13,600,16.2442996743
489874,495441,496061,5567,620,11,600,9.97903225806
489874,497987,498600,8113,613,15,600,14.2349102773
489874,499650,500273,9776,623,12,600,16.6918138042
489875,496699,497351,6824,652,16,600,11.4662576687
489875,496073,496684,6198,611,17,600,11.1440261866
489875,495842,496488,5967,646,18,600,10.2368421053
489890,498651,509101,8761,10450,1,14400,1.83837320574
489984,502820,505568,12836,2748,4,3600,5.67103347889
490076,494493,494596,4417,103,8,1800,43.8834951456
490161,500913,503686,10752,2773,10,3600,4.87738910927
490262,492190,498645,1928,6455,2,10800,1.29868319132
490479,492285,499179,1806,6894,2,10800,1.26196692776
491138,493153,493745,2015,592,16,3600,4.40371621622
491221,493611,494475,2390,864,16,3600,3.7662037037
491417,503941,504176,12524,235,1,3540,54.2936170213
491843,493757,495447,1914,1690,16,3600,2.1325443787
491960,497350,504558,5390,7208,16,7200,1.74778024417
492016,493701,500430,1685,6729,2,10800,1.25040867885
492117,493986,501038,1869,7052,2,10800,1.26503119682
492180,494465,501364,2285,6899,2,10800,1.33120742137
492274,494753,501368,2479,6615,2,10800,1.37475434618
492510,494867,502024,2357,7157,2,10800,1.3293279307
493735,494888,501883,1153,6995,2,10800,1.16483202287
493783,493980,495693,197,1713,16,3600,1.11500291886
494137,495394,502195,1257,6801,2,10800,1.18482576092
494481,503950,763168,9469,259218,2,259200,1.03652909906
494528,501358,504686,6830,3328,1,10800,3.05228365385
494627,777059,949893,282432,172834,2,172800,2.63412291563
494658,494813,495830,155,1017,16,3600,1.15240904621
494858,495803,502282,945,6479,2,10800,1.14585584195
494879,495929,502719,1050,6790,2,10800,1.15463917526
495026,503906,506556,8880,2650,4,3600,4.35094339623
495039,497107,503699,2068,6592,2,10800,1.31371359223
495568,495575,497339,7,1764,16,3600,1.00396825397
495794,497200,503803,1406,6603,2,10800,1.21293351507
495824,498491,505256,2667,6765,2,10800,1.39423503326
495899,497978,497996,2079,18,4,1800,116.5
495947,496079,496528,132,449,3,600,1.29398663697
495952,498659,505655,2707,6996,2,10800,1.38693539165
495977,496045,496680,68,635,4,600,1.10708661417
495987,500889,511353,4902,10464,1,14400,1.46846330275
496007,499642,500256,3635,614,5,600,6.92019543974
496038,503234,503853,7196,619,6,600,12.6252019386
496068,498008,498639,1940,631,7,600,4.07448494453
496098,496692,497310,594,618,8,600,1.96116504854
496129,502605,503223,6476,618,9,600,11.4789644013
496159,502187,502803,6028,616,10,600,10.7857142857
496189,501979,502593,5790,614,11,600,10.4299674267
496219,501346,501967,5127,621,12,600,9.25603864734
496250,500284,500902,4034,618,13,600,7.52750809061
496280,500266,500885,3986,619,14,600,7.4394184168
496284,496500,498005,216,1505,16,3600,1.14352159468
496310,499636,500255,3326,619,15,600,6.3731825525
496341,499007,499625,2666,618,16,600,5.31391585761
496371,498611,499222,2240,611,17,600,4.66612111293
496401,497363,497975,962,612,18,600,2.57189542484
497190,498760,504733,1570,5973,2,10800,1.26284948937
497227,504014,504967,6787,953,2,86400,8.12172088143
497417,497971,499638,554,1667,16,3600,1.33233353329
497678,498828,505357,1150,6529,2,10800,1.17613723388
497982,498017,540538,35,42521,8,57600,1.00082312269
498622,499196,506043,574,6847,2,10800,1.08383233533
498646,500447,507352,1801,6905,2,10800,1.26082548878
498749,501056,507540,2307,6484,2,10800,1.35579888957
498819,501352,508102,2533,6750,2,10800,1.37525925926
499097,501377,508547,2280,7170,2,10800,1.3179916318
499592,504065,504431,4473,366,2,3540,13.2213114754
499692,504076,504213,4384,137,1,3540,33.0
499739,504085,504315,4346,230,1,3540,19.8956521739
499757,499860,501334,103,1474,16,3600,1.06987788331
499856,504186,504270,4330,84,1,3540,52.5476190476
499894,504194,504332,4300,138,1,3540,32.1594202899
499936,504201,504276,4265,75,1,3540,57.8666666667
500279,501384,508328,1105,6944,2,10800,1.15913018433
500389,500897,1076932,508,576035,10,576000,1.00088189086
500819,501540,508676,721,7136,2,10800,1.10103699552
501368,501901,508449,533,6548,2,10800,1.08139890043
501383,502036,508856,653,6820,2,10800,1.09574780059
501401,502211,509255,810,7044,2,10800,1.11499148211
502026,502294,508884,268,6590,2,10800,1.0406676783
502027,502610,509474,583,6864,2,10800,1.08493589744
502284,502735,509413,451,6678,2,10800,1.06753519018
502653,502814,509799,161,6985,2,10800,1.02304939155
503109,503199,509515,90,6316,2,10800,1.01424952502
503807,503814,510802,7,6988,2,10800,1.00100171723
504289,504296,510860,7,6564,2,10800,1.00106642291
504374,504570,792577,196,288007,10,288000,1.00068053901
504701,504737,508011,36,3274,1,10800,1.01099572389
504701,504743,508313,42,3570,1,10800,1.01176470588
504788,504808,511607,20,6799,2,10800,1.00294160906
505258,505270,511932,12,6662,2,10800,1.00180126088
505577,505602,505604,25,2,2,3540,2.7
505656,505681,512087,25,6406,2,10800,1.00390259132
506045,506055,512959,10,6904,2,10800,1.00144843569
506193,506201,512866,8,6665,2,10800,1.00120030008
507395,507402,514292,7,6890,2,10800,1.00101596517
507691,507707,514443,16,6736,2,10800,1.00237529691
508330,508345,515369,15,7024,2,10800,1.00213553531
508340,508385,512002,45,3617,1,10800,1.01244124965
508340,508380,511792,40,3412,1,10800,1.01172332943
508341,508390,512145,49,3755,1,10800,1.01304926764
508444,508456,515382,12,6926,2,10800,1.00173260179
508550,508562,515540,12,6978,2,10800,1.00171969046
508679,508686,515668,7,6982,2,10800,1.00100257806
508854,508860,515785,6,6925,2,10800,1.00086642599
508887,508893,515685,6,6792,2,10800,1.00088339223
508917,511478,513224,2561,1746,16,3600,2.4667812142
509042,509320,519656,278,10336,1,14400,1.02689628483
509170,509177,515867,7,6690,2,10800,1.00104633782
509417,509423,516217,6,6794,2,10800,1.00088313218
509477,509484,516287,7,6803,2,10800,1.00102895781
509519,509525,515785,6,6260,2,10800,1.00095846645
509802,509809,516560,7,6751,2,10800,1.00103688342
510266,510273,517116,7,6843,2,10800,1.00102294315
510862,510869,517825,7,6956,2,10800,1.00100632547
511021,511166,518027,145,6861,2,10800,1.02113394549
511841,511848,518477,7,6629,2,10800,1.00105596621
512007,512013,518902,6,6889,2,10800,1.00087095369
512171,512177,515467,6,3290,1,10800,1.00182370821
512171,512188,515940,17,3752,1,10800,1.00453091684
512171,512182,515540,11,3358,1,10800,1.00327575938
512172,512194,516141,22,3947,1,10800,1.00557385356
512521,512527,519172,6,6645,2,10800,1.00090293454
512523,512533,519113,10,6580,2,10800,1.00151975684
512524,512539,519088,15,6549,2,10800,1.00229042602
512526,512544,519391,18,6847,2,10800,1.00262888856
512631,512638,519392,7,6754,2,10800,1.00103642286
512962,512968,519918,6,6950,2,10800,1.00086330935
513641,513648,520770,7,7122,2,10800,1.00098286998
513748,513759,520561,11,6802,2,10800,1.00161717142
513749,513765,520251,16,6486,2,10800,1.00246685168
513751,513770,520446,19,6676,2,10800,1.00284601558
514059,514306,521358,247,7052,2,10800,1.03502552467
514444,514454,520966,10,6512,2,10800,1.00153562654
514990,515380,522098,390,6718,2,10800,1.05805299196
515389,515395,522210,6,6815,2,10800,1.00088041086
515416,515555,522316,139,6761,2,10800,1.02055908889
515587,515593,522275,6,6682,2,10800,1.00089793475
515687,515693,522860,6,7167,2,10800,1.00083717036
515787,515793,522357,6,6564,2,10800,1.00091407678
515788,515800,522605,12,6805,2,10800,1.00176340926
515799,515909,515910,110,1,1,240,11.1
515870,515876,522831,6,6955,2,10800,1.00086268871
515942,515948,522854,6,6906,2,10800,1.00086880973
516288,516294,523374,6,7080,2,10800,1.00084745763
516563,516569,523475,6,6906,2,10800,1.00086880973
517012,517018,523864,6,6846,2,10800,1.00087642419
517012,517023,517277,11,254,1,3540,1.04330708661
517142,517148,524158,6,7010,2,10800,1.00085592011
517386,517392,519438,6,2046,1,3540,1.00293255132
517463,517469,517656,6,187,1,3540,1.0320855615
517512,517668,517932,156,264,1,3540,1.59090909091
517563,517943,518437,380,494,1,3540,1.76923076923
517636,518043,518418,407,375,1,3540,2.08533333333
517683,518049,518569,366,520,1,3540,1.70384615385
517734,518448,518929,714,481,1,3540,2.48440748441
517781,518493,519004,712,511,1,3540,2.39334637965
517828,518499,518986,671,487,1,3540,2.37782340862
517869,517876,524800,7,6924,2,10800,1.00101097631
517876,518582,519107,706,525,1,3540,2.34476190476
517974,518940,519475,966,535,1,3540,2.80560747664
518123,518429,524922,306,6493,2,10800,1.04712767596
518172,518997,519263,825,266,1,3540,4.1015037594
518436,519015,519198,579,183,1,3540,4.16393442623
518503,519120,519244,617,124,1,3540,5.97580645161
518666,518917,525684,251,6767,2,10800,1.03709176888
519091,519100,525741,9,6641,2,10800,1.00135521759
519115,519126,525974,11,6848,2,10800,1.00160630841
519173,519183,525767,10,6584,2,10800,1.00151883354
519245,519255,526093,10,6838,2,10800,1.00146241591
519395,519406,526268,11,6862,2,10800,1.00160303119
519558,519564,526238,6,6674,2,10800,1.00089901109
520254,520261,527160,7,6899,2,10800,1.0010146398
520447,520453,527236,6,6783,2,10800,1.00088456435
520562,520568,527174,6,6606,2,10800,1.00090826521
520676,520682,527688,6,7006,2,10800,1.00085640879
520866,520872,527717,6,6845,2,10800,1.00087655223
521230,521237,527811,7,6574,2,10800,1.00106480073
522102,522108,528767,6,6659,2,10800,1.00090103619
522210,522216,529063,6,6847,2,10800,1.00087629619
522276,522283,529429,7,7146,2,10800,1.00097956899
522319,522325,529506,6,7181,2,10800,1.00083553823
522361,522367,529339,6,6972,2,10800,1.0008605852
522363,522374,529475,11,7101,2,10800,1.00154907759
522833,522839,529425,6,6586,2,10800,1.00091102338
522857,522863,529662,6,6799,2,10800,1.00088248272
522871,522878,529715,7,6837,2,10800,1.00102384087
523122,523128,530028,6,6900,2,10800,1.00086956522
523473,523479,530285,6,6806,2,10800,1.00088157508
523865,523871,530478,6,6607,2,10800,1.00090812774
524160,524167,530782,7,6615,2,10800,1.00105820106
524266,524272,531165,6,6893,2,10800,1.00087044828
524593,524600,524917,7,317,3,300,1.02208201893
524924,524930,531697,6,6767,2,10800,1.00088665583
524925,524936,531700,11,6764,2,10800,1.00162625665
525029,525035,525371,6,336,12,300,1.01785714286
525396,525402,525731,6,329,7,300,1.01823708207
525740,525746,532169,6,6423,2,10800,1.00093414292
525770,525776,532209,6,6433,2,10800,1.00093269081
525777,525782,526684,5,902,6,1200,1.00554323725
525788,525794,532602,6,6808,2,10800,1.0008813161
526095,526101,532689,6,6588,2,10800,1.00091074681
526241,526247,532828,6,6581,2,10800,1.00091171554
526272,526278,533064,6,6786,2,10800,1.0008841733
526347,526353,532431,6,6078,2,10800,1.00098716683
527017,527023,527031,6,8,1,3600,1.4
527144,527150,527259,6,109,1,3600,1.05504587156
527177,527183,534186,6,7003,2,10800,1.00085677567
527237,527244,534203,7,6959,2,10800,1.00100589165
527390,527396,527649,6,253,1,3600,1.02371541502
527415,527421,527701,6,280,4,300,1.02142857143
527425,527432,534277,7,6845,2,10800,1.00102264427
527706,527712,528034,6,322,6,300,1.01863354037
527719,527725,534743,6,7018,2,10800,1.00085494443
527812,527819,534529,7,6710,2,10800,1.00104321908
527883,527889,528288,6,399,1,3600,1.01503759398
528262,528268,535182,6,6914,2,10800,1.00086780445
528810,528816,528822,6,6,1,3600,1.2
528873,528879,536059,6,7180,2,10800,1.0008356546
528937,528944,529026,7,82,1,3600,1.08536585366
529160,529167,529412,7,245,1,3600,1.02857142857
529342,529348,535962,6,6614,2,10800,1.00090716662
529427,529433,536050,6,6617,2,10800,1.00090675533
529442,529448,535965,6,6517,2,10800,1.00092066902
529466,529472,536415,6,6943,2,10800,1.00086417975
529508,529514,536309,6,6795,2,10800,1.00088300221
529664,529676,530031,12,355,1,3600,1.0338028169
529665,529670,536404,5,6734,2,10800,1.00074250074
529719,529725,536541,6,6816,2,10800,1.00088028169
530030,530036,536771,6,6735,2,10800,1.0008908686
530287,530293,536380,6,6087,2,10800,1.00098570724
530336,530342,537031,6,6689,2,10800,1.00089699507
530433,530440,530447,7,7,1,3600,1.4
530495,530502,530509,7,7,1,1800,1.4
530556,530562,530671,6,109,1,3600,1.05504587156
530639,530645,530718,6,73,1,1800,1.08219178082
530781,530786,531038,5,252,1,3600,1.01984126984
530787,530792,537530,5,6738,2,10800,1.00074205996
530819,530825,530934,6,109,1,3600,1.05504587156
530904,530910,531000,6,90,1,1800,1.06666666667
531055,531061,531306,6,245,1,3600,1.02448979592
531168,531174,537969,6,6795,2,10800,1.00088300221
531214,531220,537712,6,6492,2,10800,1.00092421442
531247,531254,531653,7,399,1,3600,1.01754385965
531381,531388,531593,7,205,1,1800,1.03414634146
531536,531543,532099,7,556,1,3600,1.01258992806
531715,531721,538546,6,6825,2,10800,1.00087912088
531938,531945,538869,7,6924,2,10800,1.00101097631
532075,532081,532088,6,7,1,3600,1.3
532175,532184,532191,9,7,1,1800,1.6
532201,532207,532287,6,80,1,3600,1.075
532211,532217,539039,6,6822,2,10800,1.00087950748
532244,532250,539267,6,7017,2,10800,1.00085506627
532322,532328,532368,6,40,1,1800,1.15
532398,532404,532674,6,270,1,3600,1.02222222222
532519,532525,539395,6,6870,2,10800,1.00087336245
532546,532552,532628,6,76,1,1800,1.07894736842
532692,532698,539227,6,6529,2,10800,1.00091897687
532832,532838,539994,6,7156,2,10800,1.00083845724
532848,532854,532934,6,80,1,3600,1.075
532895,532901,533289,6,388,1,3600,1.01546391753
533047,533054,533213,7,159,1,1800,1.04402515723
533048,533059,533296,11,237,1,3600,1.04641350211
533068,533074,540017,6,6943,2,10800,1.00086417975
533585,533591,534047,6,456,1,3600,1.01315789474
533609,533616,540559,7,6943,2,10800,1.00100820971
534206,534212,541115,6,6903,2,10800,1.00086918731
534280,534286,541038,6,6752,2,10800,1.00088862559
534470,534476,541745,6,7269,2,10800,1.00082542303
534745,534751,541896,6,7145,2,10800,1.00083974808
535185,535191,542176,6,6985,2,10800,1.00085898354
535417,535423,542431,6,7008,2,10800,1.00085616438
535967,535979,542981,12,7002,2,10800,1.00171379606
536052,536058,542852,6,6794,2,10800,1.00088313218
536067,536073,542958,6,6885,2,10800,1.00087145969
536311,536317,543593,6,7276,2,10800,1.00082462892
536383,536389,542944,6,6555,2,10800,1.00091533181
536407,536413,543075,6,6662,2,10800,1.00090063044
536426,536437,542977,11,6540,2,10800,1.00168195719
536543,536549,543325,6,6776,2,10800,1.00088547816
536772,536779,543802,7,7023,2,10800,1.00099672505
536977,536983,543612,6,6629,2,10800,1.00090511389
537532,537538,544198,6,6660,2,10800,1.0009009009
537713,537719,544352,6,6633,2,10800,1.00090456807
537970,537976,544442,6,6466,2,10800,1.00092793071
538100,538106,545057,6,6951,2,10800,1.00086318515
538200,538206,538281,6,75,1,1800,1.08
538507,538513,538600,6,87,1,1800,1.06896551724
538568,538574,545443,6,6869,2,10800,1.00087348959
539041,539047,545687,6,6640,2,10800,1.00090361446
539066,539072,539438,6,366,1,1800,1.01639344262
539089,539096,546088,7,6992,2,10800,1.00100114416
539268,539274,546117,6,6843,2,10800,1.00087680842
539340,539346,546087,6,6741,2,10800,1.00089007566
539999,540005,546759,6,6754,2,10800,1.00088836245
540017,540023,546720,6,6697,2,10800,1.00089592355
540536,540542,540582,6,40,1,1800,1.15
540561,540568,547337,7,6769,2,10800,1.00103412616
540755,540761,547630,6,6869,2,10800,1.00087348959
540806,540812,540887,6,75,1,1800,1.08
541116,541122,547667,6,6545,2,10800,1.00091673033
541195,541201,547897,6,6696,2,10800,1.00089605735
541481,541487,541726,6,239,1,1800,1.02510460251
541900,541906,548688,6,6782,2,10800,1.00088469478
542177,542183,549116,6,6933,2,10800,1.00086542622
542434,542440,549399,6,6959,2,10800,1.00086219284
542494,542500,549686,6,7186,2,10800,1.00083495686
542944,542950,549603,6,6653,2,10800,1.00090184879
542959,542965,549494,6,6529,2,10800,1.00091897687
542982,542988,549432,6,6444,2,10800,1.0009310987
542983,542994,549668,11,6674,2,10800,1.00164818699
543044,543050,549663,6,6613,2,10800,1.0009073038
543327,543333,549892,6,6559,2,10800,1.00091477359
543595,543601,550574,6,6973,2,10800,1.00086046178
543613,543619,550320,6,6701,2,10800,1.00089538875
543728,543734,550496,6,6762,2,10800,1.00088731145
544200,544207,551155,7,6948,2,10800,1.00100748417
544354,544360,551171,6,6811,2,10800,1.00088092791
544445,544451,550992,6,6541,2,10800,1.00091729093
544860,544866,551811,6,6945,2,10800,1.00086393089
545077,545083,552056,6,6973,2,10800,1.00086046178
545683,545689,552544,6,6855,2,10800,1.00087527352
545882,545888,552566,6,6678,2,10800,1.0008984726
546102,546108,553029,6,6921,2,10800,1.00086692674
546120,546126,552692,6,6566,2,10800,1.00091379836
546156,546163,553361,7,7198,2,10800,1.00097249236
546762,546768,553651,6,6883,2,10800,1.00087171292
547340,547346,553973,6,6627,2,10800,1.00090538705
547632,547638,554713,6,7075,2,10800,1.00084805654
547668,547675,554592,7,6917,2,10800,1.00101199942
547828,547834,554410,6,6576,2,10800,1.00091240876
548103,548109,554402,6,6293,2,10800,1.00095344033
548104,548115,555258,11,7143,2,10800,1.0015399692
549357,549363,556053,6,6690,2,10800,1.00089686099
549435,549441,556427,6,6986,2,10800,1.00085886058
549462,549469,555573,7,6104,2,10800,1.00114678899
549604,549610,556515,6,6905,2,10800,1.00086893555
549664,549670,556566,6,6896,2,10800,1.00087006961
549679,549685,556269,6,6584,2,10800,1.00091130012
549694,549700,556212,6,6512,2,10800,1.00092137592
549892,549899,557083,7,7184,2,10800,1.00097438753
549962,549969,556537,7,6568,2,10800,1.00106577345
550204,550210,550535,6,325,18,300,1.01846153846
550204,550215,550531,11,316,3,300,1.03481012658
550498,550505,557550,7,7045,2,10800,1.00099361249
550522,550539,550855,17,316,4,300,1.05379746835
550523,550534,550851,11,317,5,300,1.03470031546
550523,550529,550862,6,333,6,300,1.01801801802
550523,551544,551877,1021,333,7,300,4.06606606607
550524,551538,551842,1014,304,8,300,4.33552631579
550524,551517,551837,993,320,9,300,4.103125
550524,551528,551832,1004,304,10,300,4.30263157895
550525,551211,551527,686,316,12,300,3.17088607595
550525,551176,551517,651,341,14,300,2.90909090909
550525,551511,551815,986,304,11,300,4.24342105263
550525,551182,551500,657,318,13,300,3.06603773585
550526,550547,550849,21,302,17,300,1.06953642384
550526,550867,551200,341,333,15,300,2.02402402402
550526,550860,551165,334,305,16,300,2.09508196721
550577,550584,557231,7,6647,2,10800,1.00105310666
550890,550897,557215,7,6318,2,10800,1.00110794555
551158,551164,557790,6,6626,2,10800,1.00090552369
551173,551190,558224,17,7034,2,10800,1.00241683253
551652,551659,557912,7,6253,2,10800,1.00111946266
551849,551855,558427,6,6572,2,10800,1.00091296409
552027,552033,552361,6,328,3,300,1.01829268293
552057,552063,552394,6,331,18,300,1.01812688822
552232,552238,559072,6,6834,2,10800,1.00087796313
552354,552360,552683,6,323,4,300,1.01857585139
552384,552390,552721,6,331,5,300,1.01812688822
552415,552421,552754,6,333,6,300,1.01801801802
552445,552451,552787,6,336,7,300,1.01785714286
552475,552481,552805,6,324,8,300,1.01851851852
552505,552512,552828,7,316,9,300,1.02215189873
552536,552560,552876,24,316,10,300,1.07594936709
552566,552572,559703,6,7131,2,10800,1.00084139672
552566,553473,553817,907,344,11,300,3.63662790698
552596,553208,553538,612,330,12,300,2.85454545455
552627,553202,553506,575,304,13,300,2.89144736842
552657,553159,553462,502,303,14,300,2.65676567657
552688,552889,553191,201,302,15,300,1.66556291391
552693,552699,559001,6,6302,2,10800,1.00095207871
552718,552816,553147,98,331,16,300,1.29607250755
552725,552732,559163,7,6431,2,10800,1.00108847769
552727,552739,559178,12,6439,2,10800,1.00186364342
552728,552744,559532,16,6788,2,10800,1.00235710077
552730,552750,559240,20,6490,2,10800,1.0030816641
552732,552755,559700,23,6945,2,10800,1.00331173506
552733,552762,559348,29,6586,2,10800,1.00440327968
552735,552767,559682,32,6915,2,10800,1.00462762111
552736,552773,559832,37,7059,2,10800,1.00524153563
552738,553479,560679,741,7200,2,10800,1.10291666667
552740,553484,560352,744,6868,2,10800,1.10832847991
552748,552780,553126,32,346,17,300,1.09248554913
552886,553138,644425,252,91287,16,126000,1.0027605245
555623,555629,562404,6,6775,2,10800,1.00088560886
556039,556050,562777,11,6727,2,10800,1.00163520143
556041,556056,562890,15,6834,2,10800,1.00219490781
556042,556061,562657,19,6596,2,10800,1.00288053366
556044,556067,562818,23,6751,2,10800,1.00340690268
556046,556073,562777,27,6704,2,10800,1.0040274463
556047,556079,563040,32,6961,2,10800,1.00459704066
556049,556084,563255,35,7171,2,10800,1.00488076977
556050,556089,563144,39,7055,2,10800,1.00552799433
556051,556095,563109,44,7014,2,10800,1.00627316795
556053,556100,563182,47,7082,2,10800,1.00663654335
556054,556105,562680,51,6575,2,10800,1.00775665399
556056,556111,563039,55,6928,2,10800,1.00793879908
556057,556116,562941,59,6825,2,10800,1.00864468864
556059,556121,562612,62,6491,2,10800,1.00955168695
556060,556127,562753,67,6626,2,10800,1.01011168126
556062,556132,563309,70,7177,2,10800,1.00975337885
556064,556138,562641,74,6503,2,10800,1.01137936337
556065,556143,562533,78,6390,2,10800,1.01220657277
556067,556148,562898,81,6750,2,10800,1.012
556068,556154,562904,86,6750,2,10800,1.01274074074
556070,556160,562943,90,6783,2,10800,1.01326846528
556071,556165,562827,94,6662,2,10800,1.01410987691
556073,556171,562530,98,6359,2,10800,1.01541122818
556074,556176,562867,102,6691,2,10800,1.01524435809
556076,556181,563375,105,7194,2,10800,1.01459549625
556077,556187,562632,110,6445,2,10800,1.01706749418
556079,556192,563170,113,6978,2,10800,1.01619375179
556081,556197,562841,116,6644,2,10800,1.01745936183
556082,556203,562984,121,6781,2,10800,1.01784397581
556084,556208,563152,124,6944,2,10800,1.01785714286
556085,556214,563066,129,6852,2,10800,1.01882661996
556087,556223,562678,136,6455,2,10800,1.02106893881
556088,556280,562791,192,6511,2,10800,1.02948855783
556090,556439,563105,349,6666,2,10800,1.05235523552
557221,557227,557230,6,3,3,1800,1.0
557402,557408,557412,6,4,3,1800,1.0
557696,557702,557704,6,2,3,1800,1.0
557840,557846,557848,6,2,3,1800,1.0
558087,558093,558095,6,2,3,1800,1.0
558268,558274,558276,6,2,3,1800,1.0
558393,558400,558402,7,2,3,1800,1.0
559055,559061,559071,6,10,3,1800,1.6
559410,559416,559418,6,2,3,1800,1.0
559631,559637,559642,6,5,3,1800,1.1
562300,562306,562310,6,4,3,1800,1.0
562679,562686,569683,7,6997,2,10800,1.00100042876
562691,562697,562700,6,3,3,1800,1.0
562694,562703,569838,9,7135,2,10800,1.00126138753
562755,562761,569559,6,6798,2,10800,1.00088261253
562779,562785,569432,6,6647,2,10800,1.00090266286
562781,562792,569510,11,6718,2,10800,1.00163739208
562796,562802,569595,6,6793,2,10800,1.00088326218
562814,562820,562822,6,2,3,1800,1.0
562820,562826,569366,6,6540,2,10800,1.00091743119
562835,562841,569978,6,7137,2,10800,1.00084068937
562850,562856,569669,6,6813,2,10800,1.00088066931
562868,562874,569580,6,6706,2,10800,1.00089472115
562889,562895,569837,6,6942,2,10800,1.00086430424
562906,562917,569715,11,6798,2,10800,1.00161812298
562908,562923,569479,15,6556,2,10800,1.00228798048
562942,562948,569608,6,6660,2,10800,1.0009009009
562957,562963,569634,6,6671,2,10800,1.00089941538
562987,562993,569705,6,6712,2,10800,1.00089392133
563041,563048,569940,7,6892,2,10800,1.00101567034
563043,563054,570128,11,7074,2,10800,1.0015549901
563067,563073,569733,6,6660,2,10800,1.0009009009
563085,563091,563097,6,6,3,1800,1.2
563106,563112,569450,6,6338,2,10800,1.00094667087
563121,563127,570227,6,7100,2,10800,1.00084507042
563145,563151,570128,6,6977,2,10800,1.00085996847
563160,563167,569747,7,6580,2,10800,1.00106382979
563177,563187,570000,10,6813,2,10800,1.00146778218
563192,563198,570264,6,7066,2,10800,1.00084913671
563255,563262,570274,7,7012,2,10800,1.00099828865
563313,563319,570132,6,6813,2,10800,1.00088066931
563376,563382,570499,6,7117,2,10800,1.00084305185
563403,563409,563415,6,6,3,1800,1.2
563603,563609,563611,6,2,3,1800,1.0
564143,564148,564151,5,3,3,1800,1.0
564383,564390,564392,7,2,3,1800,1.0
564501,564508,564513,7,5,3,1800,1.2
564791,564797,564799,6,2,3,1800,1.0
565439,565446,565448,7,2,3,1800,1.0
565475,565481,565483,6,2,3,1800,1.0
565596,565602,565606,6,4,3,1800,1.0
566429,566436,573793,7,7357,2,10800,1.00095147479
567531,567537,570092,6,2555,4,3600,1.00234833659
567679,567685,570324,6,2639,4,3600,1.00227358848
567854,567860,567867,6,7,3,1800,1.3
567985,567991,567993,6,2,3,1800,1.0
568400,568411,575300,11,6889,2,10800,1.00159674844
568402,568417,574992,15,6575,2,10800,1.00228136882
568403,568422,575165,19,6743,2,10800,1.00281773691
568405,568427,575552,22,7125,2,10800,1.0030877193
568406,568434,574998,28,6564,2,10800,1.00426569165
568408,568440,575416,32,6976,2,10800,1.00458715596
568409,568445,575303,36,6858,2,10800,1.00524934383
568411,568450,575274,39,6824,2,10800,1.00571512309
568412,568456,575581,44,7125,2,10800,1.0061754386
568414,568461,575546,47,7085,2,10800,1.00663373324
568415,568467,575458,52,6991,2,10800,1.00743813474
568417,568472,575176,55,6704,2,10800,1.00820405728
568418,568477,575439,59,6962,2,10800,1.00847457627
568420,568483,575316,63,6833,2,10800,1.00921996195
568421,568488,575264,67,6776,2,10800,1.00988783943
568423,568493,575188,70,6695,2,10800,1.01045556385
568424,568499,575154,75,6655,2,10800,1.01126972201
568426,568504,575484,78,6980,2,10800,1.0111747851
568427,568509,575605,82,7096,2,10800,1.01155580609
568429,568515,575523,86,7008,2,10800,1.0122716895
568430,568521,574957,91,6436,2,10800,1.0141392169
568432,568527,575467,95,6940,2,10800,1.01368876081
568433,568532,575727,99,7195,2,10800,1.01375955525
568435,568538,575000,103,6462,2,10800,1.01593933767
568436,568543,575177,107,6634,2,10800,1.01612903226
568438,568548,576104,110,7556,2,10800,1.01455796718
568439,568554,575186,115,6632,2,10800,1.01734016888
568441,568559,575491,118,6932,2,10800,1.01702250433
568442,568564,575025,122,6461,2,10800,1.01888252592
568444,568570,575292,126,6722,2,10800,1.0187444213
568446,568575,575095,129,6520,2,10800,1.01978527607
568447,568581,575580,134,6999,2,10800,1.01914559223
568449,568586,575363,137,6777,2,10800,1.02021543456
568694,568700,575312,6,6612,2,10800,1.00090744102
569421,569428,576452,7,7024,2,10800,1.00099658314
569452,569458,576078,6,6620,2,10800,1.00090634441
569482,569488,576309,6,6821,2,10800,1.00087963642
569512,569519,576117,7,6598,2,10800,1.00106092755
569514,569525,576283,11,6758,2,10800,1.0016277005
569580,569587,576061,7,6474,2,10800,1.00108124807
569582,569593,576668,11,7075,2,10800,1.00155477032
569612,569618,576617,6,6999,2,10800,1.00085726532
569636,569642,576225,6,6583,2,10800,1.00091143855
569672,569678,576648,6,6970,2,10800,1.00086083214
569687,569693,576527,6,6834,2,10800,1.00087796313
569709,569715,576659,6,6944,2,10800,1.0008640553
569724,569730,576596,6,6866,2,10800,1.00087387125
569739,569745,576898,6,7153,2,10800,1.00083880889
569754,569760,577048,6,7288,2,10800,1.00082327113
569793,569799,577192,6,7393,2,10800,1.00081157852
569840,569851,576458,11,6607,2,10800,1.00166490086
569943,569949,576971,6,7022,2,10800,1.00085445742
569979,569986,576527,7,6541,2,10800,1.00107017276
570004,570010,576768,6,6758,2,10800,1.00088783664
570130,570136,576990,6,6854,2,10800,1.00087540123
570132,570142,576588,10,6446,2,10800,1.00155134967
570147,570153,576281,6,6128,2,10800,1.00097911227
570228,570234,576997,6,6763,2,10800,1.00088718025
570268,570274,577041,6,6767,2,10800,1.00088665583
570283,570289,576780,6,6491,2,10800,1.0009243568
570340,570346,577212,6,6866,2,10800,1.00087387125
571506,571513,574057,7,2544,4,3600,1.00275157233
571616,571623,574318,7,2695,4,3600,1.0025974026
572701,572707,575444,6,2737,4,3600,1.00219218122
573057,573372,580336,315,6964,2,10800,1.04523262493
573830,573836,580285,6,6449,2,10800,1.0009303768
573875,573881,573882,6,1,1,25200,1.0
573875,573894,573939,19,45,1,25200,1.42222222222
573875,573950,573952,75,2,1,25200,7.7
573876,573976,573977,100,1,1,25200,10.1
573876,573988,574251,112,263,1,25200,1.42585551331
573877,574085,574086,208,1,1,25200,20.9
573877,574074,574075,197,1,1,25200,19.8
573877,574080,574081,203,1,1,25200,20.4
573878,574110,574204,232,94,1,25200,3.46808510638
573878,574103,574104,225,1,1,25200,22.6
573879,574121,574122,242,1,1,25200,24.3
573879,574116,574303,237,187,1,25200,2.26737967914
573880,574142,574151,262,9,1,25200,27.1
573880,574163,574243,283,80,1,25200,4.5375
573880,574148,574208,268,60,1,25200,5.46666666667
573881,574232,574242,351,10,1,25200,36.1
573881,574223,574224,342,1,1,25200,34.3
573881,574216,574220,335,4,1,25200,33.9
573882,574260,574261,378,1,1,25200,37.9
573882,574265,574303,383,38,1,25200,11.0789473684
573883,574273,574550,390,277,1,25200,2.40794223827
573883,574284,575400,401,1116,1,25200,1.35931899642
573883,574278,574631,395,353,1,25200,2.11898016997
573884,574314,574316,430,2,1,25200,43.2
573884,574320,574328,436,8,1,25200,44.4
573884,574328,581366,444,7038,1,25200,1.06308610401
573884,574335,574681,451,346,1,25200,2.30346820809
573885,574351,574356,466,5,1,25200,47.1
573885,574340,574341,455,1,1,25200,45.6
573885,574346,575150,461,804,1,25200,1.57338308458
573886,574359,574360,473,1,1,25200,47.4
573886,574372,574373,486,1,1,25200,48.7
573886,574377,574383,491,6,1,25200,49.7
573886,574364,576244,478,1880,1,25200,1.25425531915
573887,574395,574396,508,1,1,25200,50.9
573888,574423,574426,535,3,1,25200,53.8
573888,574416,574418,528,2,1,25200,53.0
573889,574445,574450,556,5,1,25200,56.1
573889,574451,574452,562,1,1,25200,56.3
573889,574438,574440,549,2,1,25200,55.1
573890,574469,574490,579,21,1,25200,28.5714285714
573890,574462,574487,572,25,1,25200,23.88
573890,574500,574502,610,2,1,25200,61.2
573891,574540,574990,649,450,1,25200,2.44222222222
573891,574508,574588,617,80,1,25200,8.7125
573892,574562,574563,670,1,1,25200,67.1
573892,574576,574602,684,26,1,25200,27.3076923077
573892,574601,574605,709,4,1,25200,71.3
573893,574614,574615,721,1,1,25200,72.2
573893,574621,574646,728,25,1,25200,30.12
573893,574628,574629,735,1,1,25200,73.6
573894,574648,574649,754,1,1,25200,75.5
573894,574667,574677,773,10,1,25200,78.3
573894,574655,574660,761,5,1,25200,76.6
573895,574680,575773,785,1093,1,25200,1.71820677036
573895,574675,589965,780,15290,1,25200,1.05101373447
573895,574689,574691,794,2,1,25200,79.6
573896,574726,575723,830,997,1,25200,1.83249749248
573896,574704,574713,808,9,1,25200,81.7
573896,574696,574701,800,5,1,25200,80.5
573897,574779,574788,882,9,1,25200,89.1
573897,574731,574732,834,1,1,25200,83.5
573897,574744,574767,847,23,1,25200,37.8260869565
573898,574928,574931,1030,3,1,25200,103.3
573898,574827,574916,929,89,1,25200,11.4382022472
573898,574800,574802,902,2,1,25200,90.4
573898,574814,574815,916,1,1,25200,91.7
573899,574979,574980,1080,1,1,25200,108.1
573899,574943,578391,1044,3448,1,25200,1.30278422274
573899,574974,575339,1075,365,1,25200,3.94520547945
573900,575003,575004,1103,1,1,25200,110.4
573900,574991,574992,1091,1,1,25200,109.2
573900,575023,575024,1123,1,1,25200,112.4
573901,575034,575052,1133,18,1,25200,63.9444444444
573901,575039,575040,1138,1,1,25200,113.9
573901,575028,575029,1127,1,1,25200,112.8
573902,575086,575960,1184,874,1,25200,2.35469107551
573902,575097,575122,1195,25,1,25200,48.8
573902,575057,575058,1155,1,1,25200,115.6
573903,575063,575064,1160,1,1,25200,116.1
573903,575068,575069,1165,1,1,25200,116.6
573903,575102,575219,1199,117,1,25200,11.2478632479
573904,575162,576607,1258,1445,1,25200,1.87058823529
573904,575110,575111,1206,1,1,25200,120.7
573904,575115,575158,1211,43,1,25200,29.1627906977
573904,575121,575347,1217,226,1,25200,6.38495575221
573905,575180,575198,1275,18,1,25200,71.8333333333
573905,575175,575190,1270,15,1,25200,85.6666666667
573905,575186,575187,1281,1,1,25200,128.2
573906,575260,575261,1354,1,1,25200,135.5
573906,575245,575247,1339,2,1,25200,134.1
573906,575240,575241,1334,1,1,25200,133.5
573907,575227,576802,1320,1575,1,25200,1.8380952381
573907,575291,575481,1384,190,1,25200,8.28421052632
573908,575390,575392,1482,2,1,25200,148.4
573908,575383,576258,1475,875,1,25200,2.68571428571
573908,575350,575353,1442,3,1,25200,144.5
573909,575403,575404,1494,1,1,25200,149.5
573909,575305,575784,1396,479,1,25200,3.91440501044
573909,575358,575428,1449,70,1,25200,21.7
573909,575310,575345,1401,35,1,25200,41.0285714286
573910,575370,575372,1460,2,1,25200,146.2
573910,575412,575413,1502,1,1,25200,150.3
573911,575457,575458,1546,1,1,25200,154.7
573911,575468,575469,1557,1,1,25200,155.8
573911,575419,575544,1508,125,1,25200,13.064
573911,575463,575480,1552,17,1,25200,92.2941176471
573912,575474,575504,1562,30,1,25200,53.0666666667
573912,575620,575622,1708,2,1,25200,171.0
573912,575544,575558,1632,14,1,25200,117.571428571
573913,575492,575499,1579,7,1,25200,158.6
573913,575497,575499,1584,2,1,25200,158.6
573913,575515,576703,1602,1188,1,25200,2.34848484848
573913,575645,575660,1732,15,1,25200,116.466666667
573914,575521,578220,1607,2699,1,25200,1.59540570582
573914,575526,575528,1612,2,1,25200,161.4
573914,575532,575552,1618,20,1,25200,81.9
573915,575650,575677,1735,27,1,25200,65.2592592593
573915,575568,576665,1653,1097,1,25200,2.50683682771
573915,575555,575556,1640,1,1,25200,164.1
573916,575591,578310,1675,2719,1,25200,1.6160353071
573916,575573,575575,1657,2,1,25200,165.9
573916,575596,575598,1680,2,1,25200,168.2
573916,575586,575627,1670,41,1,25200,41.7317073171
573917,575656,575673,1739,17,1,25200,103.294117647
573918,575663,576100,1745,437,1,25200,4.99313501144
573918,575638,575639,1720,1,1,25200,172.1
573918,575672,575673,1754,1,1,25200,175.5
573919,575697,575699,1778,2,1,25200,178.0
573919,575685,575870,1766,185,1,25200,10.5459459459
573919,575690,576126,1771,436,1,25200,5.0619266055
573920,575796,582463,1876,6667,1,25200,1.2813859307
573920,575883,575884,1963,1,1,25200,196.4
573920,575785,576347,1865,562,1,25200,4.31850533808
573921,575921,575922,2000,1,1,25200,200.1
573922,575961,575962,2039,1,1,25200,204.0
573922,575933,575936,2011,3,1,25200,201.4
573922,575972,575974,2050,2,1,25200,205.2
573923,575986,576949,2063,963,1,25200,3.14226375909
573923,575979,576005,2056,26,1,25200,80.0769230769
573923,576017,576074,2094,57,1,25200,37.7368421053
573923,576077,576085,2154,8,1,25200,216.2
573924,576082,576417,2158,335,1,25200,7.44179104478
573924,576089,577842,2165,1753,1,25200,2.23502567028
573925,576112,576114,2187,2,1,25200,218.9
573925,576125,576128,2200,3,1,25200,220.3
573925,576151,577144,2226,993,1,25200,3.2416918429
573925,576144,576652,2219,508,1,25200,5.36811023622
573926,576156,576158,2230,2,1,25200,223.2
573926,576169,576174,2243,5,1,25200,224.8
573926,576187,576189,2261,2,1,25200,226.3
573927,576256,576257,2329,1,1,25200,233.0
573927,576200,576340,2273,140,1,25200,17.2357142857
573927,576352,576355,2425,3,1,25200,242.8
573927,576359,576361,2432,2,1,25200,243.4
573928,576304,576678,2376,374,1,25200,7.35294117647
573928,576309,576387,2381,78,1,25200,31.5256410256
573929,576399,576875,2470,476,1,25200,6.18907563025
573929,576380,576414,2451,34,1,25200,73.0882352941
573930,576426,576567,2496,141,1,25200,18.7021276596
573930,576602,576668,2672,66,1,25200,41.4848484848
573930,576412,576872,2482,460,1,25200,6.39565217391
573931,576627,577716,2696,1089,1,25200,3.47566574839
573931,576622,577066,2691,444,1,25200,7.06081081081
573931,576440,576567,2509,127,1,25200,20.7559055118
573932,576710,576712,2778,2,1,25200,278.0
573932,576686,579145,2754,2459,1,25200,2.11996746645
573932,576704,577869,2772,1165,1,25200,3.37939914163
573932,576667,576668,2735,1,1,25200,273.6
573933,576692,576693,2759,1,1,25200,276.0
573933,576717,576728,2784,11,1,25200,254.090909091
573934,576697,576727,2763,30,1,25200,93.1
573934,576749,576751,2815,2,1,25200,281.7
573934,576744,576747,2810,3,1,25200,281.3
573935,576790,576791,2855,1,1,25200,285.6
573935,576757,576862,2822,105,1,25200,27.8761904762
573935,576784,576785,2849,1,1,25200,285.0
573936,576804,577892,2868,1088,1,25200,3.63602941176
573936,576817,576904,2881,87,1,25200,34.1149425287
573936,576824,579397,2888,2573,1,25200,2.12242518461
573937,576891,577415,2954,524,1,25200,6.63740458015
573937,576883,576888,2946,5,1,25200,295.1
573937,576874,576910,2937,36,1,25200,82.5833333333
573938,576900,576901,2962,1,1,25200,296.3
573938,576924,578874,2986,1950,1,25200,2.53128205128
573938,576919,576939,2981,20,1,25200,150.05
573939,576961,576970,3022,9,1,25200,303.1
573939,576932,576935,2993,3,1,25200,299.6
573939,576954,577954,3015,1000,1,25200,4.015
573940,576966,576968,3026,2,1,25200,302.8
573940,576999,577191,3059,192,1,25200,16.9322916667
573941,577096,577498,3155,402,1,25200,8.84825870647
573941,576993,580091,3052,3098,1,25200,1.98515171078
573941,577155,577158,3214,3,1,25200,321.7
573941,577078,577084,3137,6,1,25200,314.3
573942,577279,577371,3337,92,1,25200,37.2717391304
573942,577265,577268,3323,3,1,25200,332.6
573942,577169,577411,3227,242,1,25200,14.3347107438
573943,577383,577384,3440,1,1,25200,344.1
573943,577209,577253,3266,44,1,25200,75.2272727273
573944,577434,577436,3490,2,1,25200,349.2
573944,577421,577458,3477,37,1,25200,94.972972973
573944,577429,577690,3485,261,1,25200,14.3524904215
573946,577510,578277,3564,767,1,25200,5.64667535854
573946,577702,577916,3756,214,1,25200,18.5514018692
573946,577474,577479,3528,5,1,25200,353.3
573947,577728,577730,3781,2,1,25200,378.3
573947,577855,577915,3908,60,1,25200,66.1333333333
573947,577742,578587,3795,845,1,25200,5.49112426036
573947,577882,578173,3935,291,1,25200,14.5223367698
573948,577904,577906,3956,2,1,25200,395.8
573948,577946,578262,3998,316,1,25200,13.6518987342
573948,577918,577920,3970,2,1,25200,397.2
573949,577934,578032,3985,98,1,25200,41.6632653061
573949,577927,577934,3978,7,1,25200,398.5
573949,577953,577956,4004,3,1,25200,400.7
573950,577973,577979,4023,6,1,25200,402.9
573950,577991,578276,4041,285,1,25200,15.1789473684
573950,577966,578285,4016,319,1,25200,13.5893416928
573951,578059,578060,4108,1,1,25200,410.9
573951,578044,578047,4093,3,1,25200,409.6
573952,578135,578289,4183,154,1,25200,28.1623376623
573953,578185,579267,4232,1082,1,25200,4.9112754159
573953,578232,578234,4279,2,1,25200,428.1
573953,578246,578247,4293,1,1,25200,429.4
573954,578272,578275,4318,3,1,25200,432.1
573954,578259,578260,4305,1,1,25200,430.6
573954,578279,578456,4325,177,1,25200,25.4350282486
573955,578307,578308,4352,1,1,25200,435.3
573955,578300,578316,4345,16,1,25200,272.5625
573955,578294,578298,4339,4,1,25200,434.3
573955,578287,578430,4332,143,1,25200,31.2937062937
573956,578312,578313,4356,1,1,25200,435.7
573956,578325,578333,4369,8,1,25200,437.7
573956,578333,578346,4377,13,1,25200,337.692307692
573956,578320,578422,4364,102,1,25200,43.7843137255
573957,578344,578905,4387,561,1,25200,8.81996434938
573957,578351,578749,4394,398,1,25200,12.040201005
573957,578338,578342,4381,4,1,25200,438.5
573958,578371,578376,4413,5,1,25200,441.8
573958,578363,578571,4405,208,1,25200,22.1778846154
573959,578401,578697,4442,296,1,25200,16.0067567568
573959,578408,578409,4449,1,1,25200,445.0
573960,578422,578691,4462,269,1,25200,17.5873605948
573960,578434,578547,4474,113,1,25200,40.592920354
573960,578448,578450,4488,2,1,25200,449.0
573961,578468,578470,4507,2,1,25200,450.9
573961,578482,578483,4521,1,1,25200,452.2
573961,578476,578486,4515,10,1,25200,452.5
573962,578494,578495,4532,1,1,25200,453.3
573962,578502,578505,4540,3,1,25200,454.3
573962,578509,578524,4547,15,1,25200,304.133333333
573963,578533,578626,4570,93,1,25200,50.1397849462
573963,578540,578560,4577,20,1,25200,229.85
573963,578559,578626,4596,67,1,25200,69.5970149254
573963,578518,578520,4555,2,1,25200,455.7
573964,578607,578615,4643,8,1,25200,465.1
573964,578583,578792,4619,209,1,25200,23.1004784689
573964,578573,578574,4609,1,1,25200,461.0
573965,578704,578712,4739,8,1,25200,474.7
573965,578711,578712,4746,1,1,25200,474.7
573965,578724,594882,4759,16158,1,25200,1.29452902587
573965,578717,578761,4752,44,1,25200,109.0
573966,578589,578590,4623,1,1,25200,462.4
573966,578600,578700,4634,100,1,25200,47.34
573967,578643,579228,4676,585,1,25200,8.99316239316
573967,578637,579128,4670,491,1,25200,10.5112016293
573967,578650,580838,4683,2188,1,25200,3.14031078611
573967,578729,578745,4762,16,1,25200,298.625
573968,578757,580171,4789,1414,1,25200,4.38684582744
573968,578773,578775,4805,2,1,25200,480.7
573968,578764,578847,4796,83,1,25200,58.7831325301
573969,578800,579342,4831,542,1,25200,9.91328413284
573969,578808,578812,4839,4,1,25200,484.3
573969,578824,578841,4855,17,1,25200,286.588235294
573970,578876,578899,4906,23,1,25200,214.304347826
573970,578854,578857,4884,3,1,25200,488.7
573971,578887,578889,4916,2,1,25200,491.8
573971,578918,578924,4947,6,1,25200,495.3
573971,578869,578882,4898,13,1,25200,377.769230769
573972,578901,579837,4929,936,1,25200,6.26602564103
573972,578912,579163,4940,251,1,25200,20.6812749004
573972,578894,580325,4922,1431,1,25200,4.43955276031
573973,579141,579979,5168,838,1,25200,7.16706443914
573973,579020,579036,5047,16,1,25200,316.4375
573973,578936,579008,4963,72,1,25200,69.9305555556
573973,579049,580790,5076,1741,1,25200,3.9155657668
573974,579157,579159,5183,2,1,25200,518.5
573974,579171,579173,5197,2,1,25200,519.9
573974,579178,579461,5204,283,1,25200,19.3886925795
573976,579241,579828,5265,587,1,25200,9.96933560477
573976,579233,579234,5257,1,1,25200,525.8
573977,579306,579344,5329,38,1,25200,141.236842105
573977,579279,579280,5302,1,1,25200,530.3
573977,579261,580019,5284,758,1,25200,7.9709762533
573978,579361,579370,5383,9,1,25200,539.2
573978,579354,579356,5376,2,1,25200,537.8
573978,579367,579492,5389,125,1,25200,44.112
573978,579504,579505,5526,1,1,25200,552.7
573979,579518,579522,5539,4,1,25200,554.3
573979,579534,579702,5555,168,1,25200,34.0654761905
573979,579382,584513,5403,5131,1,25200,2.05301110895
573980,579473,579474,5493,1,1,25200,549.4
573980,579409,582547,5429,3138,1,25200,2.73008285532
573980,579487,579968,5507,481,1,25200,12.4490644491
573980,579714,579985,5734,271,1,25200,22.1586715867
573981,579903,580060,5922,157,1,25200,38.7197452229
573981,579991,579997,6010,6,1,25200,601.6
573981,579997,579998,6016,1,1,25200,601.7
573982,579840,579864,5858,24,1,25200,245.083333333
573982,579849,580064,5867,215,1,25200,28.288372093
573982,579875,579880,5893,5,1,25200,589.8
573983,580008,580126,6025,118,1,25200,52.0593220339
573983,579980,580210,5997,230,1,25200,27.0739130435
573984,580016,580017,6032,1,1,25200,603.3
573984,580036,580037,6052,1,1,25200,605.3
573984,580029,580454,6045,425,1,25200,15.2235294118
573984,580049,580098,6065,49,1,25200,124.775510204
573985,580072,580086,6087,14,1,25200,435.785714286
573985,580098,581897,6113,1799,1,25200,4.39799888827
573985,580079,584084,6094,4005,1,25200,2.5215980025
573986,580128,580297,6142,169,1,25200,37.3431952663
573986,580113,580114,6127,1,1,25200,612.8
573986,580106,580107,6120,1,1,25200,612.1
573987,580154,580156,6167,2,1,25200,616.9
573987,580142,580157,6155,15,1,25200,411.333333333
573987,580134,580143,6147,9,1,25200,615.6
573988,580174,580190,6186,16,1,25200,387.625
573988,580169,581126,6181,957,1,25200,7.45872518286
573988,580184,580291,6196,107,1,25200,58.9065420561
573989,580234,580235,6245,1,1,25200,624.6
573989,580202,580296,6213,94,1,25200,67.0957446809
573989,580221,580223,6232,2,1,25200,623.4
573990,580302,580318,6312,16,1,25200,395.5
573990,580313,580329,6323,16,1,25200,396.1875
573990,580308,580347,6318,39,1,25200,163.0
573990,580260,580519,6270,259,1,25200,25.2084942085
573991,580321,580322,6330,1,1,25200,633.1
573991,580326,580328,6335,2,1,25200,633.7
573991,580340,580501,6349,161,1,25200,40.4347826087
573992,580377,580441,6385,64,1,25200,100.765625
573992,580382,580685,6390,303,1,25200,22.0891089109
573992,580351,580358,6359,7,1,25200,636.6
573992,580346,580529,6354,183,1,25200,35.7213114754
573993,580453,580571,6460,118,1,25200,55.7457627119
573993,580465,580985,6472,520,1,25200,13.4461538462
573993,580364,580365,6371,1,1,25200,637.2
573994,580572,580736,6578,164,1,25200,41.1097560976
573994,580513,580517,6519,4,1,25200,652.3
573994,580529,580984,6535,455,1,25200,15.3626373626
573994,580697,580773,6703,76,1,25200,89.1973684211
573995,580536,582008,6541,1472,1,25200,5.44361413043
573995,580542,580803,6547,261,1,25200,26.0842911877
573995,580751,580768,6756,17,1,25200,398.411764706
573996,580583,580585,6587,2,1,25200,658.9
573996,580780,580815,6784,35,1,25200,194.828571429
573996,580596,582820,6600,2224,1,25200,3.96762589928
573996,580786,580788,6790,2,1,25200,679.2
573997,580820,581366,6823,546,1,25200,13.4963369963
573997,580807,580810,6810,3,1,25200,681.3
573998,580844,580845,6846,1,1,25200,684.7
573998,580838,580849,6840,11,1,25200,622.818181818
573998,580825,580826,6827,1,1,25200,682.8
573998,580833,581032,6835,199,1,25200,35.3467336683
573999,580852,580853,6853,1,1,25200,685.4
573999,580858,580859,6859,1,1,25200,686.0
573999,580866,581220,6867,354,1,25200,20.3983050847
574000,580871,580873,6871,2,1,25200,687.3
574000,580892,580893,6892,1,1,25200,689.3
574000,580884,580954,6884,70,1,25200,99.3428571429
574001,580998,581072,6997,74,1,25200,95.5540540541
574001,580990,580992,6989,2,1,25200,699.1
574001,580905,580907,6904,2,1,25200,690.6
574002,580931,580945,6929,14,1,25200,495.928571429
574002,580918,580919,6916,1,1,25200,691.7
574002,580957,581398,6955,441,1,25200,16.7709750567
574002,580967,580968,6965,1,1,25200,696.6
574003,581003,581006,7000,3,1,25200,700.3
574003,581008,581015,7005,7,1,25200,701.2
574003,580976,582582,6973,1606,1,25200,5.34184308842
574004,581035,581094,7031,59,1,25200,120.169491525
574004,581022,581023,7018,1,1,25200,701.9
574004,581030,581031,7026,1,1,25200,702.7
574005,581055,581164,7050,109,1,25200,65.6788990826
574005,581043,581157,7038,114,1,25200,62.7368421053
574005,581138,581142,7133,4,1,25200,713.7
574005,581048,581162,7043,114,1,25200,62.7807017544
574006,581107,581109,7101,2,1,25200,710.3
574006,581085,581400,7079,315,1,25200,23.473015873
574006,581143,581327,7137,184,1,25200,39.7880434783
574007,581165,581166,7158,1,1,25200,715.9
574007,581120,581125,7113,5,1,25200,711.8
574007,581186,581240,7179,54,1,25200,133.944444444
574008,581191,581195,7183,4,1,25200,718.7
574008,581178,581180,7170,2,1,25200,717.2
574009,581197,581235,7188,38,1,25200,190.157894737
574009,581236,581360,7227,124,1,25200,59.2822580645
574009,581204,581210,7195,6,1,25200,720.1
574010,581210,581211,7200,1,1,25200,720.1
574010,581267,581371,7257,104,1,25200,70.7788461538
574010,581261,581264,7251,3,1,25200,725.4
574011,581241,581247,7230,6,1,25200,723.6
574011,581249,581320,7238,71,1,25200,102.943661972
574011,581254,581260,7243,6,1,25200,724.9
574012,581349,581353,7337,4,1,25200,734.1
574012,581331,581334,7319,3,1,25200,732.2
574012,581274,581390,7262,116,1,25200,63.6034482759
574012,581280,581332,7268,52,1,25200,140.769230769
574013,581372,581375,7359,3,1,25200,736.2
574013,581367,581700,7354,333,1,25200,23.0840840841
574013,581354,581413,7341,59,1,25200,125.423728814
574014,581385,581388,7371,3,1,25200,737.4
574014,581391,581396,7377,5,1,25200,738.2
574014,581380,581645,7366,265,1,25200,28.7962264151
574015,581398,581399,7383,1,1,25200,738.4
574015,581403,581406,7388,3,1,25200,739.1
574015,581411,581412,7396,1,1,25200,739.7
574016,581427,581428,7411,1,1,25200,741.2
574016,581422,581971,7406,549,1,25200,14.4899817851
574016,581433,581611,7417,178,1,25200,42.6685393258
574016,581416,581602,7400,186,1,25200,40.7849462366
574017,581445,581447,7428,2,1,25200,743.0
574017,581451,582841,7434,1390,1,25200,6.34820143885
574018,581456,581457,7438,1,1,25200,743.9
574018,581462,581464,7444,2,1,25200,744.6
574018,581481,581482,7463,1,1,25200,746.4
574018,581489,581490,7471,1,1,25200,747.2
574019,581494,581495,7475,1,1,25200,747.6
574019,581470,581471,7451,1,1,25200,745.2
574020,581507,581714,7487,207,1,25200,37.1690821256
574020,581518,581521,7498,3,1,25200,750.1
574020,581512,581548,7492,36,1,25200,209.111111111
574020,581500,581562,7480,62,1,25200,121.64516129
574021,581537,581866,7516,329,1,25200,23.8449848024
574021,581532,581548,7511,16,1,25200,470.4375
574021,581579,581812,7558,233,1,25200,33.4377682403
574022,581543,581866,7521,323,1,25200,24.2848297214
574022,581623,582104,7601,481,1,25200,16.8024948025
574022,581560,584419,7538,2859,1,25200,3.63658621896
574022,581565,581647,7543,82,1,25200,92.987804878
574023,581711,581723,7688,12,1,25200,641.666666667
574023,581613,581870,7590,257,1,25200,30.53307393
574023,581726,583953,7703,2227,1,25200,4.45891333633
574024,581739,581747,7715,8,1,25200,772.3
574024,581731,581732,7707,1,1,25200,770.8
574024,581791,581810,7767,19,1,25200,409.789473684
574025,581821,581823,7796,2,1,25200,779.8
574025,581746,606965,7721,25219,1,25200,1.30615805543
574025,581772,582832,7747,1060,1,25200,8.30849056604
574026,581829,581849,7803,20,1,25200,391.15
574026,581878,581880,7852,2,1,25200,785.4
574026,581836,582242,7810,406,1,25200,20.236453202
574026,581861,582033,7835,172,1,25200,46.5523255814
574027,581916,581951,7889,35,1,25200,226.4
574027,581883,581884,7856,1,1,25200,785.7
574027,581896,581914,7869,18,1,25200,438.166666667
574028,581983,582355,7955,372,1,25200,22.3844086022
574028,581921,581924,7893,3,1,25200,789.6
574028,581929,583728,7901,1799,1,25200,5.39188438021
574028,581962,582028,7934,66,1,25200,121.212121212
574029,582025,582027,7996,2,1,25200,799.8
574029,581941,582162,7912,221,1,25200,36.8009049774
574029,582103,582235,8074,132,1,25200,62.1666666667
574030,582117,582118,8087,1,1,25200,808.8
574030,582109,582111,8079,2,1,25200,808.1
574031,582174,582175,8143,1,1,25200,814.4
574031,582139,583480,8108,1341,1,25200,7.04623415362
574031,582132,582403,8101,271,1,25200,30.8929889299
574032,582212,582216,8180,4,1,25200,818.4
574032,582206,582404,8174,198,1,25200,42.2828282828
574032,582200,582201,8168,1,1,25200,816.9
574033,582219,582222,8186,3,1,25200,818.9
574033,582228,583743,8195,1515,1,25200,6.40924092409
574034,582267,582268,8233,1,1,25200,823.4
574034,582260,582304,8226,44,1,25200,187.954545455
574034,582253,582255,8219,2,1,25200,822.1
574034,582248,582320,8214,72,1,25200,115.083333333
574035,582316,582317,8281,1,1,25200,828.2
574035,582293,582313,8258,20,1,25200,413.9
574035,582280,582282,8245,2,1,25200,824.7
574036,582346,582422,8310,76,1,25200,110.342105263
574036,582421,582423,8385,2,1,25200,838.7
574036,582415,582471,8379,56,1,25200,150.625
574036,582341,582636,8305,295,1,25200,29.1525423729
574037,582365,582368,8328,3,1,25200,833.1
574037,582467,582495,8430,28,1,25200,302.071428571
574037,582434,582435,8397,1,1,25200,839.8
574038,582476,582482,8438,6,1,25200,844.4
574038,582483,582484,8445,1,1,25200,844.6
574039,582508,582588,8469,80,1,25200,106.8625
574039,582513,584984,8474,2471,1,25200,4.42938081748
574039,582520,582529,8481,9,1,25200,849.0
574040,582602,582621,8562,19,1,25200,451.631578947
574040,582607,582629,8567,22,1,25200,390.409090909
574041,582615,582616,8574,1,1,25200,857.5
574041,582620,582622,8579,2,1,25200,858.1
574041,582550,582896,8509,346,1,25200,25.5924855491
574042,582556,582593,8514,37,1,25200,231.108108108
574042,582563,582614,8521,51,1,25200,168.078431373
574042,582568,582618,8526,50,1,25200,171.52
574043,582627,582984,8584,357,1,25200,25.0448179272
574043,582594,582595,8551,1,1,25200,855.2
574043,582633,582634,8590,1,1,25200,859.1
574043,582645,582646,8602,1,1,25200,860.3
574044,582675,582782,8631,107,1,25200,81.6635514019
574044,582669,582671,8625,2,1,25200,862.7
574045,582685,582686,8640,1,1,25200,864.1
574045,582657,583046,8612,389,1,25200,23.1388174807
574045,582680,584873,8635,2193,1,25200,4.93752849977
574045,582651,582652,8606,1,1,25200,860.7
574046,582699,582808,8653,109,1,25200,80.3853211009
574046,582732,582733,8686,1,1,25200,868.7
574046,582738,582739,8692,1,1,25200,869.3
574047,582795,582797,8748,2,1,25200,875.0
574047,582753,582774,8706,21,1,25200,415.571428571
574047,582771,582772,8724,1,1,25200,872.5
574047,582745,582758,8698,13,1,25200,670.076923077
574048,582832,583021,8784,189,1,25200,47.4761904762
574048,582819,583572,8771,753,1,25200,12.6480743692
574048,582846,608079,8798,25233,1,25200,1.34867039195
574049,582870,582907,8821,37,1,25200,239.405405405
574049,582864,582866,8815,2,1,25200,881.7
574049,582851,582852,8802,1,1,25200,880.3
574049,582859,582935,8810,76,1,25200,116.921052632
574050,582927,582929,8877,2,1,25200,887.9
574050,582877,582920,8827,43,1,25200,206.279069767
574050,582889,582896,8839,7,1,25200,884.6
574051,582914,584374,8863,1460,1,25200,7.07054794521
574051,582939,583820,8888,881,1,25200,11.0885357548
574051,582946,583235,8895,289,1,25200,31.7785467128
574052,582957,582959,8905,2,1,25200,890.7
574052,582920,582923,8868,3,1,25200,887.1
574053,582979,583452,8926,473,1,25200,19.8710359408
574053,583033,583035,8980,2,1,25200,898.2
574053,582986,582987,8933,1,1,25200,893.4
574054,583064,583090,9010,26,1,25200,347.538461538
574054,583058,583060,9004,2,1,25200,900.6
574054,583046,583047,8992,1,1,25200,899.3
574055,583086,583088,9031,2,1,25200,903.3
574055,583091,583092,9036,1,1,25200,903.7
574056,583141,583162,9085,21,1,25200,433.619047619
574056,583110,583124,9054,14,1,25200,647.714285714
574056,583133,583134,9077,1,1,25200,907.8
574057,583146,583498,9089,352,1,25200,26.8210227273
574057,583115,583478,9058,363,1,25200,25.9531680441
574057,583121,583122,9064,1,1,25200,906.5
574058,583154,583158,9096,4,1,25200,910.0
574058,583177,583313,9119,136,1,25200,68.0514705882
574058,583170,583238,9112,68,1,25200,135.0
574059,583274,583276,9215,2,1,25200,921.7
574059,583288,583340,9229,52,1,25200,178.480769231
574059,583295,584019,9236,724,1,25200,13.7569060773
574059,583280,583281,9221,1,1,25200,922.2
574060,583351,583354,9291,3,1,25200,929.4
574060,583338,583511,9278,173,1,25200,54.6300578035
574060,583325,583327,9265,2,1,25200,926.7
574061,583397,584063,9336,666,1,25200,15.018018018
574061,583464,583542,9403,78,1,25200,121.551282051
574062,583490,583598,9428,108,1,25200,88.2962962963
574062,583496,583556,9434,60,1,25200,158.233333333
574062,583523,583526,9461,3,1,25200,946.4
574062,583509,583548,9447,39,1,25200,243.230769231
574063,583560,583569,9497,9,1,25200,950.6
574063,583553,583560,9490,7,1,25200,949.7
574063,583538,583563,9475,25,1,25200,380.0
574064,583567,583569,9503,2,1,25200,950.5
574064,583575,583585,9511,10,1,25200,952.1
574064,583580,583645,9516,65,1,25200,147.4
574065,583593,585815,9528,2222,1,25200,5.28802880288
574065,583624,583636,9559,12,1,25200,797.583333333
574065,583599,583650,9534,51,1,25200,187.941176471
574066,583641,584256,9575,615,1,25200,16.5691056911
574066,583612,583613,9546,1,1,25200,954.7
574066,583629,583630,9563,1,1,25200,956.4
574067,583617,583630,9550,13,1,25200,735.615384615
574067,583654,583960,9587,306,1,25200,32.3300653595
574067,583647,583687,9580,40,1,25200,240.5
574068,583667,583670,9599,3,1,25200,960.2
574068,583662,583755,9594,93,1,25200,104.161290323
574068,583682,583786,9614,104,1,25200,93.4423076923
574069,583698,584417,9629,719,1,25200,14.3922114047
574069,583757,583758,9688,1,1,25200,968.9
574069,583740,583742,9671,2,1,25200,967.3
574070,583762,584534,9692,772,1,25200,13.5544041451
574070,583775,583902,9705,127,1,25200,77.4173228346
574070,583787,583788,9717,1,1,25200,971.8
574071,583813,583816,9742,3,1,25200,974.5
574071,583806,583816,9735,10,1,25200,974.5
574071,583798,583800,9727,2,1,25200,972.9
574072,583839,583843,9767,4,1,25200,977.1
574072,583856,583872,9784,16,1,25200,612.5
574072,583827,583880,9755,53,1,25200,185.056603774
574072,583833,584153,9761,320,1,25200,31.503125
574073,583884,583943,9811,59,1,25200,167.288135593
574073,583893,583895,9820,2,1,25200,982.2
574073,583906,584778,9833,872,1,25200,12.2763761468
574074,583951,583978,9877,27,1,25200,366.814814815
574074,583914,583938,9840,24,1,25200,411.0
574074,583958,584023,9884,65,1,25200,153.061538462
574074,583983,584164,9909,181,1,25200,55.7458563536
574075,583970,583972,9895,2,1,25200,989.7
574075,583991,584030,9916,39,1,25200,255.256410256
574075,583996,584227,9921,231,1,25200,43.9480519481
574076,584042,584300,9966,258,1,25200,39.6279069767
574076,584037,584038,9961,1,1,25200,996.2
574077,584075,584498,9998,423,1,25200,24.6359338061
574077,584067,584069,9990,2,1,25200,999.2
574077,584055,584132,9978,77,1,25200,130.584415584
574078,584110,584126,10032,16,1,25200,628.0
574078,584087,584695,10009,608,1,25200,17.4621710526
574078,584096,584097,10018,1,1,25200,1001.9
574078,584137,584143,10059,6,1,25200,1006.5
574079,584145,584146,10066,1,1,25200,1006.7
574079,584165,584190,10086,25,1,25200,404.44
574080,584173,584267,10093,94,1,25200,108.372340426
574080,584185,584941,10105,756,1,25200,14.3664021164
574080,584178,584200,10098,22,1,25200,460.0
574081,584201,584204,10120,3,1,25200,1012.3
574081,584215,584216,10134,1,1,25200,1013.5
574081,584221,584224,10140,3,1,25200,1014.3
574082,584263,584265,10181,2,1,25200,1018.3
574082,584227,584253,10145,26,1,25200,391.192307692
574082,584235,584251,10153,16,1,25200,635.5625
574082,584242,584923,10160,681,1,25200,15.919236417
574083,584271,584294,10188,23,1,25200,443.956521739
574083,584284,584285,10201,1,1,25200,1020.2
574083,584276,584617,10193,341,1,25200,30.8914956012
574084,584303,584304,10219,1,1,25200,1022.0
574084,584296,584522,10212,226,1,25200,46.185840708
574084,584289,584290,10205,1,1,25200,1020.6
574085,584317,584625,10232,308,1,25200,34.2207792208
574085,584323,584325,10238,2,1,25200,1024.0
574085,584311,584312,10226,1,1,25200,1022.7
574086,584353,584355,10267,2,1,25200,1026.9
574086,584337,584341,10251,4,1,25200,1025.5
574086,584344,586887,10258,2543,1,25200,5.03381832481
574087,584366,584367,10279,1,1,25200,1028.0
574087,584385,593162,10298,8777,1,25200,2.17329383616
574088,584447,584448,10359,1,1,25200,1036.0
574088,584398,584424,10310,26,1,25200,397.538461538
574088,584441,584442,10353,1,1,25200,1035.4
574089,584436,584510,10347,74,1,25200,140.824324324
574089,584455,584537,10366,82,1,25200,127.414634146
574089,584429,584431,10340,2,1,25200,1034.2
574090,584473,584489,10383,16,1,25200,649.9375
574090,584501,584502,10411,1,1,25200,1041.2
574091,584541,584543,10450,2,1,25200,1045.2
574091,584514,584515,10423,1,1,25200,1042.4
574091,584522,584523,10431,1,1,25200,1043.2
574091,584534,584596,10443,62,1,25200,169.435483871
574092,584608,584613,10516,5,1,25200,1052.1
574092,584548,584806,10456,258,1,25200,41.5271317829
574092,584624,584625,10532,1,1,25200,1053.3
574093,584632,584633,10539,1,1,25200,1054.0
574093,584644,584915,10551,271,1,25200,39.9335793358
574094,584651,584652,10557,1,1,25200,1055.8
574094,584675,584679,10581,4,1,25200,1058.5
574094,584657,584717,10563,60,1,25200,177.05
574095,584711,584761,10616,50,1,25200,213.32
574095,584703,585277,10608,574,1,25200,19.4808362369
574095,584690,584692,10595,2,1,25200,1059.7
574096,584729,584730,10633,1,1,25200,1063.4
574096,584743,584752,10647,9,1,25200,1065.6
574096,584773,584777,10677,4,1,25200,1068.1
574096,584764,584765,10668,1,1,25200,1066.9
574097,584795,584840,10698,45,1,25200,238.733333333
574097,584779,584927,10682,148,1,25200,73.1756756757
574098,584803,584815,10705,12,1,25200,893.083333333
574098,584818,584820,10720,2,1,25200,1072.2
574098,584826,584834,10728,8,1,25200,1073.6
574099,584834,586207,10735,1373,1,25200,8.81864530226
574099,584846,584847,10747,1,1,25200,1074.8
574099,584852,584881,10753,29,1,25200,371.793103448
574100,584884,585071,10784,187,1,25200,58.6684491979
574100,584891,584892,10791,1,1,25200,1079.2
574100,584860,584864,10760,4,1,25200,1076.4
574100,584875,584876,10775,1,1,25200,1077.6
574101,584898,584908,10797,10,1,25200,1080.7
574101,584920,584977,10819,57,1,25200,190.807017544
574101,584905,584924,10804,19,1,25200,569.631578947
574102,584947,584948,10845,1,1,25200,1084.6
574102,584942,584943,10840,1,1,25200,1084.1
574102,584928,584963,10826,35,1,25200,310.314285714
574102,584935,584980,10833,45,1,25200,241.733333333
574103,584960,585155,10857,195,1,25200,56.6769230769
574103,584953,584954,10850,1,1,25200,1085.1
574103,584993,584994,10890,1,1,25200,1089.1
574104,584981,584988,10877,7,1,25200,1088.4
574104,584974,585252,10870,278,1,25200,40.1007194245
574104,584998,586800,10894,1802,1,25200,7.04550499445
574105,585004,585005,10899,1,1,25200,1090.0
574105,584986,586048,10881,1062,1,25200,11.2457627119
574105,585036,585044,10931,8,1,25200,1093.9
574106,585023,585024,10917,1,1,25200,1091.8
574106,585010,585015,10904,5,1,25200,1090.9
574107,585057,585072,10950,15,1,25200,731.0
574107,585044,585109,10937,65,1,25200,169.261538462
574107,585049,585283,10942,234,1,25200,47.7606837607
574108,585082,585085,10974,3,1,25200,1097.7
574108,585096,585175,10988,79,1,25200,140.088607595
574108,585089,585091,10981,2,1,25200,1098.3
574109,585103,585104,10994,1,1,25200,1099.5
574109,585122,585124,11013,2,1,25200,1101.5
574109,585129,585134,11020,5,1,25200,1102.5
574110,585154,585169,11044,15,1,25200,737.266666667
574110,585145,585146,11035,1,1,25200,1103.6
574110,585136,585141,11026,5,1,25200,1103.1
574111,585160,585201,11049,41,1,25200,270.487804878
574111,585167,585169,11056,2,1,25200,1105.8
574112,585186,585188,11074,2,1,25200,1107.6
574112,585193,585194,11081,1,1,25200,1108.2
574112,585199,585204,11087,5,1,25200,1109.2
574113,585220,585235,11107,15,1,25200,741.466666667
574113,585207,589545,11094,4338,1,25200,3.55739972337
574113,585212,586864,11099,1652,1,25200,7.71852300242
574113,585225,585244,11112,19,1,25200,585.842105263
574114,585265,585266,11151,1,1,25200,1115.2
574114,585247,585270,11133,23,1,25200,485.043478261
574114,585255,585257,11141,2,1,25200,1114.3
574115,585286,585290,11171,4,1,25200,1117.5
574115,585291,585292,11176,1,1,25200,1117.7
574115,585278,586284,11163,1006,1,25200,12.0964214712
574116,585312,585335,11196,23,1,25200,487.782608696
574116,585304,585306,11188,2,1,25200,1119.0
574116,585299,585301,11183,2,1,25200,1118.5
574117,585325,585326,11208,1,1,25200,1120.9
574117,585317,585443,11200,126,1,25200,89.8888888889
574117,585330,585335,11213,5,1,25200,1121.8
574118,585346,585347,11228,1,1,25200,1122.9
574118,585351,586608,11233,1257,1,25200,9.93635640414
574119,585455,585945,11336,490,1,25200,24.1346938776
574119,585364,585827,11245,463,1,25200,25.2872570194
574119,585464,585889,11345,425,1,25200,27.6941176471
574119,585371,585452,11252,81,1,25200,139.913580247
574120,585827,585832,11707,5,1,25200,1171.2
574120,585839,588111,11719,2272,1,25200,6.15801056338
574120,585946,585949,11826,3,1,25200,1182.9
574121,585983,589202,11862,3219,1,25200,4.68499534017
574121,585970,585971,11849,1,1,25200,1185.0
574121,586060,586081,11939,21,1,25200,569.523809524
574121,585846,588615,11725,2769,1,25200,5.23438064283
574122,585963,586328,11841,365,1,25200,33.4410958904
574122,585956,585958,11834,2,1,25200,1183.6
574122,585900,585934,11778,34,1,25200,347.411764706
574123,586218,586952,12095,734,1,25200,17.4782016349
574123,586093,586207,11970,114,1,25200,106.0
574123,586224,586227,12101,3,1,25200,1210.4
574124,586296,586439,12172,143,1,25200,86.1188811189
574124,586250,586273,12126,23,1,25200,528.217391304
574124,586285,600529,12161,14244,1,25200,1.85376298792
574125,586350,586351,12225,1,1,25200,1222.6
574125,586344,586345,12219,1,1,25200,1222.0
574125,586355,586825,12230,470,1,25200,27.0212765957
574126,586377,588188,12251,1811,1,25200,7.76477084484
574126,586372,586373,12246,1,1,25200,1224.7
574126,586366,586371,12240,5,1,25200,1224.5
574126,586361,587001,12235,640,1,25200,20.1171875
574127,586394,588222,12267,1828,1,25200,7.71061269147
574127,586389,586392,12262,3,1,25200,1226.5
574127,586383,586385,12256,2,1,25200,1225.8
574128,586411,586466,12283,55,1,25200,224.327272727
574128,586400,586832,12272,432,1,25200,29.4074074074
574128,586405,586406,12277,1,1,25200,1227.8
574128,586416,587972,12288,1556,1,25200,8.8971722365
574129,586728,587081,12599,353,1,25200,36.6912181303
574129,586722,586776,12593,54,1,25200,234.203703704
574129,586716,586718,12587,2,1,25200,1258.9
574130,586739,588360,12609,1621,1,25200,8.77853177051
574130,586750,586751,12620,1,1,25200,1262.1
574130,586733,587728,12603,995,1,25200,13.6663316583
574131,586767,590193,12636,3426,1,25200,4.68826619965
574131,586761,586762,12630,1,1,25200,1263.1
574131,586756,586769,12625,13,1,25200,972.153846154
574131,586772,586898,12641,126,1,25200,101.325396825
574132,586778,586783,12646,5,1,25200,1265.1
574132,586784,586785,12652,1,1,25200,1265.3
574132,586790,586919,12658,129,1,25200,99.1240310078
574133,586806,587613,12673,807,1,25200,16.7038413879
574133,586795,586798,12662,3,1,25200,1266.5
574134,586823,586836,12689,13,1,25200,977.076923077
574134,586828,587277,12694,449,1,25200,29.271714922
574134,586817,587085,12683,268,1,25200,48.3246268657
574135,586850,587144,12715,294,1,25200,44.2482993197
574135,586839,587526,12704,687,1,25200,19.4919941776
574135,586845,587099,12710,254,1,25200,51.0393700787
574136,586856,587814,12720,958,1,25200,14.2776617954
574136,586861,586973,12725,112,1,25200,114.616071429
574136,586872,586873,12736,1,1,25200,1273.7
574136,586867,587043,12731,176,1,25200,73.3352272727
574137,586883,590670,12746,3787,1,25200,4.36572484816
574137,586878,589404,12741,2526,1,25200,6.04394299287
574138,586905,586952,12767,47,1,25200,272.638297872
574138,586900,586937,12762,37,1,25200,345.918918919
574138,586894,586895,12756,1,1,25200,1275.7
574138,586889,587021,12751,132,1,25200,97.5984848485
574139,586922,588107,12783,1185,1,25200,11.7873417722
574139,586911,586913,12772,2,1,25200,1277.4
574139,586916,586991,12777,75,1,25200,171.36
574139,586927,586931,12788,4,1,25200,1279.2
574140,586938,586939,12798,1,1,25200,1279.9
574140,586943,586944,12803,1,1,25200,1280.4
574140,586932,587516,12792,584,1,25200,22.904109589
574141,586949,602752,12808,15803,1,25200,1.81047902297
574141,586965,587253,12824,288,1,25200,45.5277777778
574141,586954,587163,12813,209,1,25200,62.3062200957
574141,586960,586961,12819,1,1,25200,1282.0
574142,586971,586972,12829,1,1,25200,1283.0
574142,586976,586977,12834,1,1,25200,1283.5
574142,586982,586986,12840,4,1,25200,1284.4
574143,586987,586989,12844,2,1,25200,1284.6
574143,586998,587146,12855,148,1,25200,87.8581081081
574143,586993,587028,12850,35,1,25200,368.142857143
574144,587020,587563,12876,543,1,25200,24.7127071823
574144,587009,587013,12865,4,1,25200,1286.9
574144,587004,587929,12860,925,1,25200,14.9027027027
574144,587015,587016,12871,1,1,25200,1287.2
574145,587037,587646,12892,609,1,25200,22.1691297209
574145,587031,587033,12886,2,1,25200,1288.8
574145,587026,587152,12881,126,1,25200,103.23015873
574146,587042,587045,12896,3,1,25200,1289.9
574146,588234,588237,14088,3,1,25200,1409.1
574146,588215,588422,14069,207,1,25200,68.9661835749
574146,588201,588203,14055,2,1,25200,1405.7
574147,589559,590672,15412,1113,1,25200,14.8472596586
574147,589214,589540,15067,326,1,25200,47.217791411
574147,589552,589618,15405,66,1,25200,234.409090909
574148,588457,588463,14309,6,1,25200,1431.5
574148,588435,588445,14287,10,1,25200,1429.7
574148,588249,588384,14101,135,1,25200,105.451851852
574148,589630,589639,15482,9,1,25200,1549.1
574149,588727,589062,14578,335,1,25200,44.5164179104
574149,588627,588639,14478,12,1,25200,1207.5
574149,588475,589439,14326,964,1,25200,15.8609958506
574149,588651,588715,14502,64,1,25200,227.59375
574150,589075,589104,14925,29,1,25200,515.655172414
574150,589202,589362,15052,160,1,25200,95.075
574150,589116,589189,14966,73,1,25200,206.01369863
574151,589417,589419,15266,2,1,25200,1526.8
574151,589451,589454,15300,3,1,25200,1530.3
574151,589431,590691,15280,1260,1,25200,13.126984127
574151,589374,589449,15223,75,1,25200,203.973333333
574152,589481,590656,15329,1175,1,25200,14.0459574468
574152,589461,590393,15309,932,1,25200,17.4259656652
574153,589743,590191,15590,448,1,25200,35.7991071429
574153,589666,589671,15513,5,1,25200,1551.8
574153,589683,589731,15530,48,1,25200,324.541666667
574153,589652,589653,15499,1,1,25200,1550.0
574994,575016,582005,22,6989,2,10800,1.00314780369
575010,575045,581323,35,6278,2,10800,1.00557502389
575012,575052,581833,40,6781,2,10800,1.00589883498
575029,575134,581514,105,6380,2,10800,1.01645768025
575097,575193,581975,96,6782,2,10800,1.01415511648
575116,575198,581670,82,6472,2,10800,1.01266996292
575172,575203,582314,31,7111,2,10800,1.00435944312
575189,575211,581788,22,6577,2,10800,1.00334499012
575191,575216,582092,25,6876,2,10800,1.00363583479
575193,575253,582306,60,7053,2,10800,1.00850701829
575195,575279,582076,84,6797,2,10800,1.01235839341
575240,575297,581922,57,6625,2,10800,1.00860377358
575283,575318,581892,35,6574,2,10800,1.00532400365
575299,575323,581679,24,6356,2,10800,1.00377595972
575315,575330,581748,15,6418,2,10800,1.00233717669
575317,575336,581749,19,6413,2,10800,1.00296273195
575319,575378,582530,59,7152,2,10800,1.00824944072
575335,575427,581714,92,6287,2,10800,1.01463337045
575366,575442,581879,76,6437,2,10800,1.01180674227
575412,575451,582313,39,6862,2,10800,1.00568347421
575430,575486,582192,56,6706,2,10800,1.00835073069
575461,575503,582361,42,6858,2,10800,1.00612423447
575477,575510,582803,33,7293,2,10800,1.00452488688
575494,575539,582327,45,6788,2,10800,1.0066293459
575496,575562,582790,66,7228,2,10800,1.00913115661
575527,575580,582148,53,6568,2,10800,1.00806942753
575548,575609,582428,61,6819,2,10800,1.0089455932
575564,575614,582576,50,6962,2,10800,1.0071818443
575583,575627,582339,44,6712,2,10800,1.00655542312
575585,575735,582792,150,7057,2,10800,1.021255491
575607,575742,582628,135,6886,2,10800,1.01960499564
575716,576095,582890,379,6795,2,10800,1.05577630611
575947,576120,582837,173,6717,2,10800,1.02575554563
576081,576133,583257,52,7124,2,10800,1.00729927007
576106,576237,582718,131,6481,2,10800,1.0202129301
576122,576269,582870,147,6601,2,10800,1.02226935313
576228,576298,582897,70,6599,2,10800,1.01060766783
576259,576321,583077,62,6756,2,10800,1.00917702783
576286,576468,583390,182,6922,2,10800,1.02629297891
576311,576475,583069,164,6594,2,10800,1.02487109493
576378,576540,583436,162,6896,2,10800,1.02349187935
576471,576545,583104,74,6559,2,10800,1.01128220765
576529,576579,583738,50,7159,2,10800,1.00698421567
576531,576615,583346,84,6731,2,10800,1.01247957213
576547,576633,583432,86,6799,2,10800,1.01264891896
576605,576659,583771,54,7112,2,10800,1.0075928009
576620,576673,583376,53,6703,2,10800,1.00790690735
576651,576681,583836,30,7155,2,10800,1.00419287212
576667,576764,583387,97,6623,2,10800,1.01464593085
576682,576798,583587,116,6789,2,10800,1.0170864634
576752,576911,583692,159,6781,2,10800,1.02344786905
576786,576987,584380,201,7393,2,10800,1.02718788043
576901,577007,583956,106,6949,2,10800,1.01525399338
576974,577014,584050,40,7036,2,10800,1.00568504832
576993,577052,584066,59,7014,2,10800,1.00841174793
577009,577060,584116,51,7056,2,10800,1.00722789116
577043,577203,583664,160,6461,2,10800,1.02476396843
577058,577224,584192,166,6968,2,10800,1.02382319173
577195,577491,584135,296,6644,2,10800,1.04455147502
577214,580334,586325,3120,5991,2,10800,1.52078117176
577483,580358,586325,2875,5967,2,10800,1.48181665829
580326,581360,586325,1034,4965,2,10800,1.20825780463
580402,581659,586325,1257,4666,2,10800,1.26939562795
581352,581687,586325,335,4638,2,10800,1.07222940923
581636,581694,586325,58,4631,2,10800,1.01252429281
581688,581760,586325,72,4565,2,10800,1.01577217963
581715,581766,586325,51,4559,2,10800,1.01118666374
581749,581800,586325,51,4525,2,10800,1.01127071823
581764,581844,586325,80,4481,2,10800,1.01785315778
581789,581890,586325,101,4435,2,10800,1.02277339346
581834,581903,586325,69,4422,2,10800,1.01560379919
581877,581935,586325,58,4390,2,10800,1.0132118451
581908,581990,586325,82,4335,2,10800,1.01891580161
581923,582017,586325,94,4308,2,10800,1.02181987001
581978,582039,586325,61,4286,2,10800,1.01423238451
582008,582047,586325,39,4278,2,10800,1.00911640954
582027,582092,586325,65,4233,2,10800,1.01535553981
582094,582161,586325,67,4164,2,10800,1.01609029779
582151,582323,586325,172,4002,2,10800,1.04297851074
582194,582330,586327,136,3997,2,10800,1.03402551914
582309,582335,586325,26,3990,2,10800,1.00651629073
582324,582354,586325,30,3971,2,10800,1.0075547721
582326,582359,586325,33,3966,2,10800,1.00832072617
582341,582372,586325,31,3953,2,10800,1.00784214521
582343,582380,586325,37,3945,2,10800,1.00937896071
582362,582441,586325,79,3884,2,10800,1.02033985582
582364,582589,586325,225,3736,2,10800,1.0602248394
582452,582640,586325,188,3685,2,10800,1.05101763908
582579,582693,586325,114,3632,2,10800,1.0313876652
582631,582787,586325,156,3538,2,10800,1.04409270774
582655,582802,586325,147,3523,2,10800,1.04172580187
582765,582814,586325,49,3511,2,10800,1.01395613785
582794,582827,586325,33,3498,2,10800,1.00943396226
582813,582884,586326,71,3442,2,10800,1.02062754213
582841,582902,586326,61,3424,2,10800,1.01781542056
582871,582909,586326,38,3417,2,10800,1.01112086626
582893,582999,586326,106,3327,2,10800,1.03186053502
582908,583104,586326,196,3222,2,10800,1.0608317815
582944,583128,586326,184,3198,2,10800,1.05753595997
583087,583250,586326,163,3076,2,10800,1.05299089727
583105,583359,586326,254,2967,2,10800,1.08560835861
583160,583389,586326,229,2937,2,10800,1.07797071842
583348,583404,586326,56,2922,2,10800,1.01916495551
583378,583409,586326,31,2917,2,10800,1.01062735687
583394,583449,586326,55,2877,2,10800,1.01911713591
583395,583454,586326,59,2872,2,10800,1.02054317549
583411,583606,586326,195,2720,2,10800,1.07169117647
583451,583676,586326,225,2650,2,10800,1.08490566038
583589,583705,586326,116,2621,2,10800,1.04425791683
583665,583749,586326,84,2577,2,10800,1.03259604191
583695,583782,586326,87,2544,2,10800,1.03419811321
583741,583848,586326,107,2478,2,10800,1.04317998386
583774,583978,586326,204,2348,2,10800,1.08688245315
583837,584061,586326,224,2265,2,10800,1.09889624724
583898,584081,586326,183,2245,2,10800,1.08151447661
584053,584127,586326,74,2199,2,10800,1.03365165985
584068,584152,586326,84,2174,2,10800,1.03863845446
584119,584209,586326,90,2117,2,10800,1.04251299008
584138,584392,586326,254,1934,2,10800,1.13133402275
584502,584554,588125,52,3571,5,7200,1.01456174741
584835,586745,593972,1910,7227,24,7199,1.26428670264
586268,586339,593006,71,6667,4,29100,1.01064946753
586339,586425,586656,86,231,2,10800,1.37229437229
586341,586430,586656,89,226,2,10800,1.39380530973
586342,586436,586656,94,220,2,10800,1.42727272727
586344,586445,586656,101,211,2,10800,1.47867298578
586345,586450,586656,105,206,2,10800,1.50970873786
586347,586456,586656,109,200,2,10800,1.545
586348,586461,586656,113,195,2,10800,1.57948717949
586350,586466,586656,116,190,2,10800,1.61052631579
586351,586472,586656,121,184,2,10800,1.65760869565
586353,586477,586656,124,179,2,10800,1.69273743017
586354,586483,586656,129,173,2,10800,1.74566473988
586356,586488,586656,132,168,2,10800,1.78571428571
586358,586494,586656,136,162,2,10800,1.83950617284
586359,586499,586656,140,157,2,10800,1.89171974522
586361,586505,586656,144,151,2,10800,1.95364238411
586362,586510,586656,148,146,2,10800,2.01369863014
586364,586515,586656,151,141,2,10800,2.07092198582
586365,586521,586656,156,135,2,10800,2.15555555556
586367,586526,586656,159,130,2,10800,2.22307692308
586369,586532,586656,163,124,2,10800,2.31451612903
586370,586537,586656,167,119,2,10800,2.40336134454
586372,586543,586656,171,113,2,10800,2.51327433628
586373,586548,586656,175,108,2,10800,2.62037037037
586375,586553,586656,178,103,2,10800,2.72815533981
586376,586559,586656,183,97,2,10800,2.88659793814
586378,586564,586656,186,92,2,10800,3.02173913043
586380,586570,586656,190,86,2,10800,3.20930232558
586381,586575,586656,194,81,2,10800,3.3950617284
586383,586581,586656,198,75,2,10800,3.64
586384,586586,586656,202,70,2,10800,3.88571428571
586386,586591,586656,205,65,2,10800,4.15384615385
586388,586597,586656,209,59,2,10800,4.54237288136
586389,586602,586657,213,55,2,10800,4.87272727273
586391,586608,586657,217,49,2,10800,5.42857142857
586392,586613,586657,221,44,2,10800,6.02272727273
586394,586619,586657,225,38,2,10800,6.92105263158
586395,586624,586657,229,33,2,10800,7.93939393939
586397,586629,586657,232,28,2,10800,9.28571428571
586399,586635,586657,236,22,2,10800,11.7272727273
586400,586640,586659,240,19,2,10800,13.6315789474
586402,586646,586657,244,11,2,10800,23.1818181818
586403,586651,586657,248,6,2,10800,25.4
586405,586657,586658,252,1,2,10800,25.3
586406,586662,586663,256,1,2,10800,25.7
586408,586667,586669,259,2,2,10800,26.1
586853,587053,593435,200,6382,2,10800,1.03133813851
586942,587058,593841,116,6783,2,10800,1.01710157747
586944,587064,594093,120,7029,2,10800,1.01707212975
586945,587069,593202,124,6133,2,10800,1.02021849014
586947,587075,594058,128,6983,2,10800,1.01833023056
586949,587080,594300,131,7220,2,10800,1.01814404432
586950,587086,594064,136,6978,2,10800,1.01948982516
586952,587091,594343,139,7252,2,10800,1.01916712631
586953,587096,594268,143,7172,2,10800,1.01993865031
586955,587102,593929,147,6827,2,10800,1.02153215175
586957,587107,594458,150,7351,2,10800,1.02040538702
586958,587113,594027,155,6914,2,10800,1.02241828175
586960,587118,593707,158,6589,2,10800,1.02397935954
586961,587124,593977,163,6853,2,10800,1.02378520356
586963,587129,594250,166,7121,2,10800,1.02331133268
586964,587134,593843,170,6709,2,10800,1.02533909674
586966,587140,594071,174,6931,2,10800,1.02510460251
586967,587145,594004,178,6859,2,10800,1.02595130485
586969,587151,594584,182,7433,2,10800,1.02448540293
586971,587156,594543,185,7387,2,10800,1.02504399621
586972,587162,594404,190,7242,2,10800,1.02623584645
586974,587167,593874,193,6707,2,10800,1.02877590577
586975,587172,594472,197,7300,2,10800,1.02698630137
586977,587178,594651,201,7473,2,10800,1.02689682858
586978,587183,593949,205,6766,2,10800,1.03029855158
586980,587189,594228,209,7039,2,10800,1.02969171757
586982,587194,593930,212,6736,2,10800,1.03147268409
586983,587200,593724,217,6524,2,10800,1.03326180258
586985,587205,594698,220,7493,2,10800,1.02936073669
586986,587211,594409,225,7198,2,10800,1.03125868297
586988,587216,593982,228,6766,2,10800,1.03369790127
586989,587221,594307,232,7086,2,10800,1.0327406153
586991,587227,594194,236,6967,2,10800,1.03387397732
586992,587538,594565,546,7027,2,10800,1.07770029885
586994,587576,594309,582,6733,2,10800,1.08643992277
586995,587625,594618,630,6993,2,10800,1.09009009009
586997,587740,594525,743,6785,2,10800,1.10950626382
586999,587941,594503,942,6562,2,10800,1.14355379457
587000,588119,594765,1119,6646,2,10800,1.16837195305
587002,588136,595073,1134,6937,2,10800,1.16347124117
587003,588142,595473,1139,7331,2,10800,1.15536761697
587005,588147,595313,1142,7166,2,10800,1.15936366174
587006,588397,595527,1391,7130,2,10800,1.1950911641
587038,590202,596673,3164,6471,2,10800,1.48895070314
587040,590406,596926,3366,6520,2,10800,1.51625766871
587041,590683,597972,3642,7289,2,10800,1.49965701742
587043,587343,594083,300,6740,2,10800,1.04451038576
587044,587349,594869,305,7520,2,10800,1.04055851064
587046,587354,594178,308,6824,2,10800,1.04513481829
587047,587360,594388,313,7028,2,10800,1.04453614115
587049,587365,594380,316,7015,2,10800,1.04504632929
587051,587371,594311,320,6940,2,10800,1.04610951009
587052,587376,594379,324,7003,2,10800,1.04626588605
587054,590702,597774,3648,7072,2,10800,1.51583710407
587055,593203,600079,6148,6876,2,10800,1.89412449098
587057,593209,600171,6152,6962,2,10800,1.88365412238
587058,593214,599923,6156,6709,2,10800,1.91757340885
587060,593220,600248,6160,7028,2,10800,1.8764940239
587062,593225,599893,6163,6668,2,10800,1.92426514697
587063,593230,600425,6167,7195,2,10800,1.85712300208
587065,593241,599831,6176,6590,2,10800,1.93717754173
587066,593264,600215,6198,6951,2,10800,1.89167026327
587072,593984,859661,6912,265677,6,432000,1.02601655394
587581,593989,1002523,6408,408534,6,432000,1.01568535299
587680,593994,1002523,6314,408529,6,432000,1.01545545114
592113,593236,593238,1123,2,2,3540,112.5
593205,593718,600914,513,7196,2,10800,1.07128960534
593221,593249,593252,28,3,2,600,3.1
593437,593724,600784,287,7060,2,10800,1.04065155807
593708,593729,600914,21,7185,2,10800,1.00292275574
593726,593736,601280,10,7544,2,10800,1.00132555673
593744,593923,594181,179,258,4,29100,1.69379844961
593765,593854,600540,89,6686,2,10800,1.01331139695
593844,593866,601157,22,7291,2,10800,1.00301741874
593878,593887,600255,9,6368,2,10800,1.00141331658
593914,593946,600430,32,6484,2,10800,1.00493522517
593933,593951,600829,18,6878,2,10800,1.00261703984
593951,593961,600943,10,6982,2,10800,1.00143225437
593978,594000,601255,22,7255,2,10800,1.00303239145
593994,594011,600752,17,6741,2,10800,1.00252188103
594011,594023,601123,12,7100,2,10800,1.00169014085
594044,594051,601312,7,7261,2,10800,1.00096405454
594061,594067,600572,6,6505,2,10800,1.00092236741
594078,594088,601474,10,7386,2,10800,1.00135391281
594079,594094,600900,15,6806,2,10800,1.0022039377
594097,594113,601172,16,7059,2,10800,1.00226661
594099,594118,600891,19,6773,2,10800,1.00280525616
594180,594186,600891,6,6705,2,10800,1.00089485459
594195,594201,601125,6,6924,2,10800,1.00086655113
594213,594219,600579,6,6360,2,10800,1.00094339623
594225,594231,594338,6,107,4,29100,1.05607476636
594252,594258,600913,6,6655,2,10800,1.00090157776
594270,594276,601237,6,6961,2,10800,1.00086194512
594300,594306,601669,6,7363,2,10800,1.00081488524
594317,594328,601586,11,7258,2,10800,1.00151556903
594318,594334,601730,16,7396,2,10800,1.00216333153
594320,594339,601289,19,6950,2,10800,1.00273381295
594351,594357,601238,6,6881,2,10800,1.00087196628
594381,594387,601310,6,6923,2,10800,1.0008666763
594383,594399,602063,16,7664,2,10800,1.00208768267
594388,594394,594396,6,2,2,600,1.0
594398,594406,601593,8,7187,2,10800,1.00111312091
594415,594427,601434,12,7007,2,10800,1.00171257314
594416,594432,601783,16,7351,2,10800,1.00217657462
594431,594438,601517,7,7079,2,10800,1.00098884023
594453,594459,594462,6,3,2,600,1.0
594473,594479,601478,6,6999,2,10800,1.00085726532
594484,594490,594567,6,77,4,29100,1.07792207792
594506,594512,601428,6,6916,2,10800,1.0008675535
594527,594533,601522,6,6989,2,10800,1.00085849192
594545,594551,601709,6,7158,2,10800,1.00083822297
594566,594572,601148,6,6576,2,10800,1.00091240876
594585,594591,594594,6,3,2,600,1.0
594587,594598,602013,11,7415,2,10800,1.00148347943
594602,594608,601486,6,6878,2,10800,1.00087234661
594640,594646,594698,6,52,4,29100,1.11538461538
594653,594659,601722,6,7063,2,10800,1.00084949738
594701,594707,601813,6,7106,2,10800,1.00084435688
594767,594773,601933,6,7160,2,10800,1.00083798883
594873,594879,602341,6,7462,2,10800,1.00080407397
594960,594966,601847,6,6881,2,10800,1.00087196628
595039,595045,624175,6,29130,4,29100,1.00020597322
595085,595091,595094,6,3,4,600,1.0
595282,595288,595290,6,2,1,600,1.0
595312,595319,602270,7,6951,2,10800,1.00100704935
595448,595454,595502,6,48,4,29160,1.125
595475,595481,602676,6,7195,2,10800,1.00083391244
595529,595535,602450,6,6915,2,10800,1.00086767896
596676,596682,603189,6,6507,2,10800,1.00092208391
596908,596914,597177,6,263,3,300,1.02281368821
596929,596935,603688,6,6753,2,10800,1.000888494
597222,597228,597421,6,193,6,300,1.0310880829
597369,597375,597377,6,2,1,600,1.0
597391,597432,597537,41,105,7,300,1.39047619048
597491,597548,597859,57,311,5,300,1.18327974277
597527,597534,597536,7,2,1,600,1.0
597752,597759,597760,7,1,2,600,1.0
597776,597782,604466,6,6684,2,10800,1.00089766607
597922,597929,598268,7,339,5,300,1.02064896755
597965,601322,601643,3357,321,4,300,11.4579439252
597974,597980,604429,6,6449,2,10800,1.0009303768
597995,603722,604042,5727,320,6,300,18.896875
598018,598207,598550,189,343,3,300,1.55102040816
598025,605600,605947,7575,347,9,300,22.8299711816
598046,599283,599614,1237,331,12,300,4.73716012085
598048,605567,605874,7519,307,4,300,25.4918566775
598056,603440,603787,5384,347,10,300,16.5158501441
598079,598280,598628,201,348,5,300,1.5775862069
598086,601287,601627,3201,340,11,300,10.4147058824
598109,605886,606207,7777,321,6,300,25.2274143302
598139,606219,606567,8080,348,7,300,24.2183908046
598170,606994,607342,8824,348,8,300,26.3563218391
598200,605960,606308,7760,348,9,300,23.2988505747
598231,603798,604148,5567,350,10,300,16.9057142857
598249,598563,598865,314,302,3,300,2.03973509934
598261,601638,601988,3377,350,11,300,10.6485714286
598279,608173,608513,9894,340,4,300,30.1
598291,599625,599933,1334,308,12,300,5.33116883117
598310,598640,598988,330,348,5,300,1.94827586207
598340,607798,608143,9458,345,6,300,28.4144927536
598370,607644,607984,9274,340,7,300,28.2764705882
598384,600915,601242,2531,327,3,300,8.74006116208
598401,607157,607473,8756,316,8,300,28.7088607595
598415,608287,608632,9872,345,4,300,29.6144927536
598431,606319,606663,7888,344,9,300,23.9302325581
598445,598877,599185,432,308,5,300,2.4025974026
598445,602764,603066,4319,302,3,300,15.3013245033
598461,604159,604507,5698,348,10,300,17.3735632184
598475,607805,608152,9330,347,6,300,27.8876080692
598475,608302,608626,9827,324,4,300,31.3302469136
598492,601999,602347,3507,348,11,300,11.0775862069
598506,603395,603710,4889,315,5,300,16.5206349206
598506,607658,608006,9152,348,7,300,27.2988505747
598522,599944,600255,1422,311,12,300,5.57234726688
598536,607298,607646,8762,348,8,300,26.1781609195
598536,607927,608276,9391,349,6,300,27.9083094556
598566,607714,608063,9148,349,7,300,27.212034384
598567,606578,606931,8011,353,9,300,23.6940509915
598597,607353,607703,8756,350,8,300,26.0171428571
598597,604518,604868,5921,350,10,300,17.9171428571
598627,602359,602708,3732,349,11,300,11.6934097421
598658,600267,600587,1609,320,12,300,6.028125
598664,606675,606983,8011,308,9,300,27.0097402597
598694,604879,605227,6185,348,10,300,18.7729885057
598699,603078,603381,4379,303,3,300,15.4521452145
598725,602719,603067,3994,348,11,300,12.4770114943
598730,608356,608675,9626,319,4,300,31.1755485893
598755,600598,600946,1843,348,12,300,6.29597701149
598760,605246,605555,6486,309,5,300,21.9902912621
598790,607995,608344,9205,349,6,300,27.3753581662
598821,607751,608089,8930,338,7,300,27.4201183432
598851,607484,607792,8633,308,8,300,29.0292207792
598881,606942,607287,8061,345,9,300,24.3652173913
598912,605238,605588,6326,350,10,300,19.0742857143
598942,603085,603428,4143,343,11,300,13.0787172012
598973,600961,601270,1988,309,12,300,7.43365695793
599832,599950,606557,118,6607,2,10800,1.01785984562
599895,599956,606740,61,6784,2,10800,1.00899174528
599926,599961,606503,35,6542,2,10800,1.00535004586
600079,600227,607462,148,7235,2,10800,1.0204561161
600172,600272,607145,100,6873,2,10800,1.01454968718
600217,600278,607180,61,6902,2,10800,1.00883801797
600250,600283,607532,33,7249,2,10800,1.00455235205
600265,600290,607185,25,6895,2,10800,1.00362581581
600428,600443,607146,15,6703,2,10800,1.00223780397
600443,600552,607101,109,6549,2,10800,1.01664376241
600533,600585,607221,52,6636,2,10800,1.00783604581
600575,600592,606971,17,6379,2,10800,1.00266499451
600590,600604,607788,14,7184,2,10800,1.00194877506
600753,600764,607787,11,7023,2,10800,1.00156628222
600786,600796,607748,10,6952,2,10800,1.00143843498
600828,600841,607680,13,6839,2,10800,1.0019008627
600894,600903,607633,9,6730,2,10800,1.00133729569
600896,600908,607939,12,7031,2,10800,1.00170672735
600911,600925,607662,14,6737,2,10800,1.0020780763
600926,600932,607602,6,6670,2,10800,1.00089955022
600927,600955,608530,28,7575,2,10800,1.00369636964
600929,600967,607740,38,6773,2,10800,1.00561051233
600944,601139,607751,195,6612,2,10800,1.02949183303
600968,601144,608440,176,7296,2,10800,1.02412280702
601140,601160,607907,20,6747,2,10800,1.00296428042
601155,601169,608019,14,6850,2,10800,1.00204379562
601156,601249,608459,93,7210,2,10800,1.01289875173
601186,601256,608289,70,7033,2,10800,1.00995307834
601237,601261,607910,24,6649,2,10800,1.00360956535
601252,601269,608329,17,7060,2,10800,1.00240793201
601271,601293,608636,22,7343,2,10800,1.00299605066
601286,601300,607933,14,6633,2,10800,1.00211065883
601301,601307,608475,6,7168,2,10800,1.00083705357
601316,601329,608451,13,7122,2,10800,1.00182532996
601317,601446,608290,129,6844,2,10800,1.01884862653
601368,601451,608002,83,6551,2,10800,1.0126698214
601447,601486,608436,39,6950,2,10800,1.00561151079
601476,601493,608461,17,6968,2,10800,1.00243972445
601491,601500,608532,9,7032,2,10800,1.00127986348
601493,601528,608552,35,7024,2,10800,1.00498291572
601520,601535,608691,15,7156,2,10800,1.0020961431
601521,601598,608768,77,7170,2,10800,1.01073919107
601591,601605,608670,14,7065,2,10800,1.00198159943
601605,601655,608488,50,6833,2,10800,1.00731743012
601644,601661,608450,17,6789,2,10800,1.00250405067
601711,601718,608380,7,6662,2,10800,1.00105073551
601725,601735,608455,10,6720,2,10800,1.00148809524
601740,601747,608718,7,6971,2,10800,1.00100416009
601785,601795,608496,10,6701,2,10800,1.00149231458
601815,601825,608748,10,6923,2,10800,1.00144446049
601848,601859,608830,11,6971,2,10800,1.00157796586
601873,601950,608780,77,6830,2,10800,1.01127379209
602014,602020,608788,6,6768,2,10800,1.00088652482
602065,602072,609211,7,7139,2,10800,1.00098052949
602273,602281,609388,8,7107,2,10800,1.00112565077
602343,602349,608811,6,6462,2,10800,1.00092850511
602451,602458,609123,7,6665,2,10800,1.00105026257
602674,602682,610175,8,7493,2,10800,1.00106766315
603190,603201,610261,11,7060,2,10800,1.00155807365
603394,603446,603694,52,248,1,3540,1.20967741935
603689,603700,610256,11,6556,2,10800,1.00167785235
603770,604055,606095,285,2040,1,3540,1.13970588235
603848,604060,604237,212,177,1,3540,2.19774011299
603896,604066,604326,170,260,1,3540,1.65384615385
603947,604071,604549,124,478,1,3540,1.25941422594
604020,604076,604437,56,361,1,3540,1.15512465374
604069,604084,604588,15,504,1,3540,1.02976190476
604122,604249,604726,127,477,1,3540,1.26624737945
604171,604338,604841,167,503,1,3540,1.33200795229
604220,604449,604926,229,477,1,3540,1.48008385744
604269,604561,605064,292,503,1,3540,1.58051689861
604351,604600,605133,249,533,1,3540,1.46716697936
604430,604440,611671,10,7231,2,10800,1.00138293459
604457,605077,605231,620,154,4,21600,5.02597402597
604469,604479,611996,10,7517,2,10800,1.00133031795
604554,604739,605001,185,262,1,3540,1.70610687023
