SubmitTime,StartTime,EndTime,QueuedTime,RunTime,NodesRequested,walltime,bslowdown
8603,8805,12413,202,3608,1,3600,1.05598669623
12165,12270,12278,105,8,1,1800,11.3
12431,12475,12552,44,77,1,1800,1.57142857143
12528,12562,12673,34,111,1,3600,1.30630630631
12770,12814,12901,44,87,1,1800,1.50574712644
12808,12884,13136,76,252,1,3600,1.30158730159
13371,13390,13761,19,371,1,1800,1.05121293801
13386,13409,13977,23,568,1,3600,1.04049295775
14389,14554,14561,165,7,1,1800,17.2
14467,14572,14577,105,5,1,3600,11.0
14692,14799,14880,107,81,1,3600,2.32098765432
14712,14890,14930,178,40,1,1800,5.45
15017,15123,15361,106,238,1,3600,1.44537815126
15160,15371,15447,211,76,1,1800,3.77631578947
15671,15739,16242,68,503,1,3600,1.1351888668
16066,16252,16539,186,287,1,1800,1.64808362369
16905,17507,17773,602,266,1,3540,3.26315789474
17328,17784,19895,456,2111,1,3540,1.21601136902
17412,18235,18428,823,193,1,3540,5.26424870466
17463,18440,18718,977,278,1,3540,4.51438848921
17512,18473,18772,961,299,1,3540,4.21404682274
17586,18497,18743,911,246,1,3540,4.70325203252
17638,18567,18879,929,312,1,3540,3.97756410256
17690,18582,19098,892,516,1,3540,2.72868217054
17739,18591,19131,852,540,1,3540,2.57777777778
17788,18658,19169,870,511,1,3540,2.70254403131
17841,18730,19255,889,525,1,3540,2.69333333333
17917,18754,19315,837,561,1,3540,2.49197860963
18119,18785,19062,666,277,1,3540,3.40433212996
18377,18891,19078,514,187,1,3540,3.7486631016
18430,19073,19204,643,131,1,3540,5.90839694656
27603,27615,45635,12,18020,1,18000,1.00066592675
27603,27609,45659,6,18050,1,18000,1.00033240997
27604,27620,45638,16,18018,1,18000,1.00088800089
27604,27632,45664,28,18032,1,18000,1.00155279503
27604,27627,45656,23,18029,1,18000,1.00127572245
27605,27649,45669,44,18020,1,18000,1.00244173141
27605,27638,45654,33,18016,1,18000,1.00183170515
27605,27643,45682,38,18039,1,18000,1.00210654693
27606,27654,45675,48,18021,1,18000,1.00266355918
27606,27660,45672,54,18012,1,18000,1.00299800133
27606,27665,45684,59,18019,1,18000,1.00327432155
27606,27671,45692,65,18021,1,18000,1.00360690306
27607,27682,45694,75,18012,1,18000,1.00416389074
27607,27687,45708,80,18021,1,18000,1.0044392653
27607,27676,45708,69,18032,1,18000,1.00382653061
27608,27693,45699,85,18006,1,18000,1.00472064867
27608,27704,45742,96,18038,1,18000,1.00532209779
27608,27699,45739,91,18040,1,18000,1.0050443459
27609,27710,45736,101,18026,1,18000,1.00560301786
27609,27726,45741,117,18015,1,18000,1.00649458784
27609,27721,45735,112,18014,1,18000,1.00621738648
27609,27715,45754,106,18039,1,18000,1.00587615721
27610,27743,45793,133,18050,1,18000,1.00736842105
27610,27732,45782,122,18050,1,18000,1.00675900277
27610,27737,45769,127,18032,1,18000,1.00704303461
27611,27753,45803,142,18050,1,18000,1.00786703601
27611,27748,45758,137,18010,1,18000,1.00760688506
27611,27759,45788,148,18029,1,18000,1.00820899662
27612,27770,45790,158,18020,1,18000,1.00876803552
27612,27764,45780,152,18016,1,18000,1.00843694494
27612,27775,45795,163,18020,1,18000,1.00904550499
27612,27780,45796,168,18016,1,18000,1.0093250444
27613,27791,45806,178,18015,1,18000,1.00988065501
27613,27802,45842,189,18040,1,18000,1.0104767184
27613,27786,45798,173,18012,1,18000,1.00960470797
27614,27818,45824,204,18006,1,18000,1.01132955681
27614,27823,45873,209,18050,1,18000,1.01157894737
27614,27812,45829,198,18017,1,18000,1.01098962091
27614,27807,45857,193,18050,1,18000,1.01069252078
27615,27829,45840,214,18011,1,18000,1.01188162789
27615,27834,45851,219,18017,1,18000,1.01215518677
27616,27840,45864,224,18024,1,18000,1.01242787395
27616,27850,45867,234,18017,1,18000,1.01298773381
27616,27856,45897,240,18041,1,18000,1.01330303198
27616,27845,45852,229,18007,1,18000,1.01271727661
27617,27874,45914,257,18040,1,18000,1.01424611973
27617,27861,45911,244,18050,1,18000,1.01351800554
27617,27867,45907,250,18040,1,18000,1.01385809313
27618,27879,45915,261,18036,1,18000,1.01447105788
27618,27885,45926,267,18041,1,18000,1.01479962308
27618,27890,45911,272,18021,1,18000,1.01509350203
27619,27895,45911,276,18016,1,18000,1.01531971581
27619,27901,45928,282,18027,1,18000,1.01564320186
27619,27912,45928,293,18016,1,18000,1.01626332149
27619,27906,45922,287,18016,1,18000,1.01593028419
27620,27928,45978,308,18050,1,18000,1.01706371191
27620,27917,45967,297,18050,1,18000,1.01645429363
27620,27922,45932,302,18010,1,18000,1.01676846197
27621,27939,45979,318,18040,1,18000,1.01762749446
27621,27933,45978,312,18045,1,18000,1.01729010806
27621,27951,45959,330,18008,1,18000,1.0183251888
27621,27944,45981,323,18037,1,18000,1.01790763431
27622,27967,46001,345,18034,1,18000,1.01913053122
27622,27962,46002,340,18040,1,18000,1.01884700665
27622,27956,46006,334,18050,1,18000,1.01850415512
27623,27973,46002,350,18029,1,18000,1.01941316767
27623,27983,46033,360,18050,1,18000,1.01994459834
27623,27978,46002,355,18024,1,18000,1.01969596094
27624,28000,46033,376,18033,1,18000,1.02085066267
27624,28005,46022,381,18017,1,18000,1.02114669479
27624,27994,46029,370,18035,1,18000,1.02051566399
27624,27989,46039,365,18050,1,18000,1.02022160665
27625,28011,46034,386,18023,1,18000,1.02141707818
27625,28021,46037,396,18016,1,18000,1.02198046181
27625,28016,46041,391,18025,1,18000,1.02169209431
27626,28032,46041,406,18009,1,18000,1.02254428341
27626,28027,46063,401,18036,1,18000,1.02223331116
27626,28038,46074,412,18036,1,18000,1.02284320248
27627,28049,46085,422,18036,1,18000,1.02339764915
27627,28054,46085,427,18031,1,18000,1.02368143752
27627,28043,46086,416,18043,1,18000,1.02305603281
27628,28070,46095,442,18025,1,18000,1.02452149792
27628,28059,46090,431,18031,1,18000,1.02390327769
27628,28065,46091,437,18026,1,18000,1.02424276046
27629,28075,46085,446,18010,1,18000,1.02476401999
27629,28086,46099,457,18013,1,18000,1.0253705657
27629,28081,46088,452,18007,1,18000,1.02510134948
27630,28092,46126,462,18034,1,18000,1.02561827659
27630,28102,46127,472,18025,1,18000,1.02618585298
27630,28097,46138,467,18041,1,18000,1.02588548307
27630,28108,46142,478,18034,1,18000,1.02650548963
27631,28113,46156,482,18043,1,18000,1.02671396109
27631,28119,46161,488,18042,1,18000,1.02704799911
27631,28124,46174,493,18050,1,18000,1.02731301939
27632,28136,46176,504,18040,1,18000,1.02793791574
27632,28141,46159,509,18018,1,18000,1.02824952825
27632,28130,46180,498,18050,1,18000,1.0275900277
27633,28152,46160,519,18008,1,18000,1.02882052421
27633,28147,46162,514,18015,1,18000,1.02853177907
27634,45677,63183,18043,17506,1,18000,2.03067519708
27634,28157,46194,523,18037,1,18000,1.02899595276
27634,45670,63183,18036,17513,1,18000,2.02986352995
27634,45655,63183,18021,17528,1,18000,2.02812642629
27635,45695,63183,18060,17488,1,18000,2.03270814273
27635,45688,63183,18053,17495,1,18000,2.03189482709
27635,45682,63183,18047,17501,1,18000,2.03119821724
27636,45706,63183,18070,17477,1,18000,2.03393030841
27636,45711,63183,18075,17472,1,18000,2.03451236264
27636,45700,63183,18064,17483,1,18000,2.03323228279
27637,45723,63183,18086,17460,1,18000,2.03585337915
27637,45734,63183,18097,17449,1,18000,2.03713679867
27637,45729,63183,18092,17454,1,18000,2.03655322562
27637,45718,63183,18081,17465,1,18000,2.03527054108
27638,45746,63183,18108,17437,1,18000,2.03848139015
27638,45741,63183,18103,17442,1,18000,2.03789703016
27639,45764,63183,18125,17419,1,18000,2.04053045525
27639,45759,63183,18120,17424,1,18000,2.03994490358
27639,45754,63183,18115,17429,1,18000,2.03935968788
27640,45775,63183,18135,17408,1,18000,2.04176240809
27640,45770,63183,18130,17413,1,18000,2.04117613277
27640,45787,63183,18147,17396,1,18000,2.04317084387
27640,45782,63183,18142,17401,1,18000,2.04258375955
27641,45800,63184,18159,17384,1,18000,2.04458122411
27641,45793,63184,18152,17391,1,18000,2.04375826577
27641,45805,63184,18164,17379,1,18000,2.04516945739
27642,45828,63184,18186,17356,1,18000,2.04782207882
27642,45823,63184,18181,17361,1,18000,2.04723230229
27642,45817,63184,18175,17367,1,18000,2.04652501871
27642,45810,63184,18168,17374,1,18000,2.04570047197
27643,45844,63184,18201,17340,1,18000,2.04965397924
27643,45839,63184,18196,17345,1,18000,2.04906313059
27643,45833,63184,18190,17351,1,18000,2.0483545617
27644,45851,63184,18207,17333,1,18000,2.05042404662
27644,45862,63184,18218,17322,1,18000,2.05172612862
27644,45856,63184,18212,17328,1,18000,2.05101569714
27645,45874,63184,18229,17310,1,18000,2.05309069902
27645,45880,63184,18235,17304,1,18000,2.053802589
27645,45869,63184,18224,17315,1,18000,2.05249783425
27646,45886,63184,18240,17298,1,18000,2.05445716268
27646,45891,63184,18245,17293,1,18000,2.05505117678
27646,45903,63184,18257,17281,1,18000,2.05647821307
27646,45898,63184,18252,17286,1,18000,2.05588337383
27647,45909,63184,18262,17275,1,18000,2.05713458755
27647,45916,63184,18269,17268,1,18000,2.05796849664
27647,45923,63184,18276,17261,1,18000,2.05880308209
27648,45930,63184,18282,17254,1,18000,2.05958038716
27648,45935,63184,18287,17249,1,18000,2.06017740159
27648,45941,63184,18293,17243,1,18000,2.06089427594
27649,45951,63184,18302,17233,1,18000,2.06203214762
27649,45946,63184,18297,17238,1,18000,2.06143404107
27649,45960,63184,18311,17224,1,18000,2.06310961449
27650,45976,63184,18326,17208,1,18000,2.0649697815
27650,45981,63184,18331,17203,1,18000,2.06556995873
27650,45965,63184,18315,17219,1,18000,2.0636506185
27650,45970,63184,18320,17214,1,18000,2.06425002905
27651,45988,63184,18337,17196,1,18000,2.06635264015
27651,45993,63184,18342,17191,1,18000,2.06695363853
27651,46000,63184,18349,17184,1,18000,2.06779562384
27652,46005,63184,18353,17179,1,18000,2.06833925141
27652,46011,63184,18359,17173,1,18000,2.06906189949
27652,46016,63184,18364,17168,1,18000,2.06966449208
27653,46023,63184,18370,17161,1,18000,2.07045043995
27653,46028,63184,18375,17156,1,18000,2.07105385871
27653,46034,63184,18381,17150,1,18000,2.07177842566
27653,45648,63184,17995,17536,1,18000,2.02617472628
27654,46045,63184,18391,17139,1,18000,2.07304976953
27654,46039,63184,18385,17145,1,18000,2.0723242928
27654,46052,63185,18398,17133,1,18000,2.07383412129
27655,46068,63184,18413,17116,1,18000,2.07577705071
27655,46063,63184,18408,17121,1,18000,2.07517084282
27655,46057,63184,18402,17127,1,18000,2.07444386057
27656,46085,63184,18429,17099,1,18000,2.07778232645
27656,46079,63184,18423,17105,1,18000,2.07705349313
27656,46074,63184,18418,17110,1,18000,2.0764465225
27657,46103,63184,18446,17081,1,18000,2.07991335402
27657,46097,63184,18440,17087,1,18000,2.07918300462
27657,46092,63184,18435,17092,1,18000,2.07857477182
27657,46108,63185,18451,17077,1,18000,2.08045909703
27658,46115,63185,18457,17070,1,18000,2.08125366139
27658,46126,63185,18468,17059,1,18000,2.08259569729
27658,46120,63185,18462,17065,1,18000,2.08186346323
27659,46131,63185,18472,17054,1,18000,2.08314764865
27659,46137,63185,18478,17048,1,18000,2.08388080713
27659,46142,63185,18483,17043,1,18000,2.08449216687
27659,46147,63185,18488,17038,1,18000,2.08510388543
27660,46153,63185,18493,17032,1,18000,2.08577970878
27660,46165,63185,18505,17020,1,18000,2.08725029377
27660,46158,63185,18498,17027,1,18000,2.08639220062
27661,46176,63185,18515,17009,1,18000,2.08854136046
27661,46181,63185,18520,17004,1,18000,2.08915549283
27661,46170,63185,18509,17015,1,18000,2.08780487805
27662,46194,63185,18532,16991,1,18000,2.09069507386
27662,46188,63185,18526,16997,1,18000,2.08995705124
27662,46199,63185,18537,16986,1,18000,2.09131049099
27663,46205,63185,18542,16980,1,18000,2.09199057715
27663,46215,63185,18552,16970,1,18000,2.0932233353
27663,46221,63185,18558,16964,1,18000,2.09396368781
27663,46210,63185,18547,16975,1,18000,2.09260677467
27664,46228,63185,18564,16957,1,18000,2.0947691219
27664,46234,63185,18570,16951,1,18000,2.09551058935
36209,36216,68475,7,32259,4,259200,1.00021699371
36590,36596,76406,6,39810,4,43200,1.0001507159
40036,40042,40857,6,815,4,3600,1.00736196319
40141,40148,41021,7,873,4,3600,1.00801832761
41414,41421,41902,7,481,4,64800,1.01455301455
41419,41428,41429,9,1,4,86400,1.0
41461,41467,41904,6,437,4,64800,1.01372997712
41937,41943,46387,6,4444,4,64800,1.00135013501
41940,41950,46006,10,4056,4,64800,1.00246548323
42281,42287,43140,6,853,4,7200,1.00703399766
42992,42998,43172,6,174,4,3600,1.03448275862
43389,43397,46535,8,3138,4,64800,1.00254939452
43672,43678,46664,6,2986,4,64800,1.00200937709
46624,46630,56257,6,9627,4,64800,1.00062324712
46704,46710,52669,6,5959,4,64800,1.00100688035
52987,52993,558585,6,505592,2,604800,1.00001186728
53343,53349,53358,6,9,2,604800,1.5
53430,53436,144591,6,91155,2,604800,1.00006582195
57795,57802,60653,7,2851,4,43200,1.00245527885
58109,58116,116476,7,58360,4,64800,1.00011994517
61244,61250,104490,6,43240,4,43200,1.00013876041
64319,64325,68290,6,3965,1,18000,1.00151324086
64320,64331,68514,11,4183,1,18000,1.00262969161
64320,64349,69153,29,4804,1,18000,1.00603663614
64320,64344,69196,24,4852,1,18000,1.00494641385
64320,64338,68974,18,4636,1,18000,1.00388265746
64321,64365,68865,44,4500,1,18000,1.00977777778
64321,64354,69089,33,4735,1,18000,1.00696937698
64321,64360,68473,39,4113,1,18000,1.00948212983
64322,64377,69122,55,4745,1,18000,1.01159114858
64322,64382,69313,60,4931,1,18000,1.01216791726
64322,64371,69104,49,4733,1,18000,1.01035284175
64323,64388,69120,65,4732,1,18000,1.01373626374
64323,64394,69001,71,4607,1,18000,1.01541133058
64323,64404,69235,81,4831,1,18000,1.01676671497
64323,64399,69000,76,4601,1,18000,1.01651814823
64324,64416,69253,92,4837,1,18000,1.01902005375
64324,64411,69085,87,4674,1,18000,1.01861360719
64324,64422,69096,98,4674,1,18000,1.02096705178
64325,64427,69072,102,4645,1,18000,1.0219590958
64325,64433,69192,108,4759,1,18000,1.02269384324
64325,64438,69153,113,4715,1,18000,1.02396606575
64326,64449,69254,123,4805,1,18000,1.02559833507
64326,64454,69014,128,4560,1,18000,1.02807017544
64326,64444,69143,118,4699,1,18000,1.0251117259
64327,64471,69129,144,4658,1,18000,1.0309145556
64327,64476,69348,149,4872,1,18000,1.03058292282
64327,64465,69069,138,4604,1,18000,1.02997393571
64327,64460,69074,133,4614,1,18000,1.02882531426
64328,64487,68673,159,4186,1,18000,1.03798375538
64328,64492,69219,164,4727,1,18000,1.03469430929
64328,64482,69083,154,4601,1,18000,1.03347098457
64329,64498,69378,169,4880,1,18000,1.03463114754
64329,64509,69496,180,4987,1,18000,1.03609384399
64329,64514,68772,185,4258,1,18000,1.04344762799
64329,64503,69231,174,4728,1,18000,1.03680203046
64330,64520,68715,190,4195,1,18000,1.0452920143
68508,68515,72615,7,4100,4,7200,1.00170731707
70383,70389,74167,6,3778,1,18000,1.00158814187
70383,70400,74182,17,3782,1,18000,1.0044949762
70383,70395,74208,12,3813,1,18000,1.00314712825
70384,70413,74266,29,3853,1,18000,1.00752660265
70384,70407,74314,23,3907,1,18000,1.00588686972
70385,70418,74331,33,3913,1,18000,1.00843342704
70385,70424,74189,39,3765,1,18000,1.01035856574
70385,70435,74233,50,3798,1,18000,1.01316482359
70385,70429,74259,44,3830,1,18000,1.01148825065
70386,70446,74325,60,3879,1,18000,1.0154679041
70386,70440,74300,54,3860,1,18000,1.01398963731
70386,70451,74370,65,3919,1,18000,1.01658586374
70387,70457,74326,70,3869,1,18000,1.01809253037
70387,70462,74335,75,3873,1,18000,1.01936483346
70387,70467,74339,80,3872,1,18000,1.02066115702
70388,70479,74469,91,3990,1,18000,1.02280701754
70388,70473,74346,85,3873,1,18000,1.02194681126
70388,70484,74347,96,3863,1,18000,1.02485115195
70389,70489,74307,100,3818,1,18000,1.02619172342
70389,70495,74281,106,3786,1,18000,1.02799788695
70390,70511,74387,121,3876,1,18000,1.03121775026
70390,70500,74593,110,4093,1,18000,1.0268751527
70390,70506,74395,116,3889,1,18000,1.02982771921
70391,70527,74375,136,3848,1,18000,1.03534303534
70391,70522,74392,131,3870,1,18000,1.0338501292
70391,70516,74351,125,3835,1,18000,1.03259452412
70392,70538,74352,146,3814,1,18000,1.03828002098
70392,70533,74493,141,3960,1,18000,1.03560606061
70392,70543,74459,151,3916,1,18000,1.03855975485
70393,70554,74464,161,3910,1,18000,1.04117647059
70393,70559,74442,166,3883,1,18000,1.04275045068
70393,70549,74362,156,3813,1,18000,1.04091266719
70394,70569,74378,175,3809,1,18000,1.04594381727
70394,70580,74524,186,3944,1,18000,1.04716024341
70394,70574,74450,180,3876,1,18000,1.04643962848
70394,70585,74403,191,3818,1,18000,1.05002619172
72628,72634,75555,6,2921,4,259200,1.00205409106
73973,73979,74273,6,294,20,7199,1.02040816327
74135,74141,74436,6,295,20,7199,1.02033898305
74237,74244,91006,7,16762,20,28799,1.00041761126
74300,74306,86430,6,12124,20,28799,1.00049488618
74348,74354,89548,6,15194,20,28799,1.00039489272
74561,74567,74580,6,13,4,85800,1.46153846154
74748,74754,74762,6,8,4,85800,1.4
75281,75287,75401,6,114,4,85800,1.05263157895
75661,75668,76519,7,851,4,3000,1.00822561692
75741,75748,113346,7,37598,4,259200,1.00018618012
76106,76112,79780,6,3668,1,18000,1.00163576881
76106,76118,79780,12,3662,1,18000,1.00327689787
76107,76123,79780,16,3657,1,18000,1.00437517091
76107,76130,79780,23,3650,1,18000,1.00630136986
76107,76136,79780,29,3644,1,18000,1.0079582876
76107,76141,79780,34,3639,1,18000,1.00934322616
76108,76152,79780,44,3628,1,18000,1.01212789416
76108,76147,79780,39,3633,1,18000,1.01073492981
76108,76157,79780,49,3623,1,18000,1.01352470328
76109,76168,79780,59,3612,1,18000,1.01633444075
76109,76163,79780,54,3617,1,18000,1.01492949959
76109,76173,79781,64,3608,1,18000,1.0177383592
76110,76179,79780,69,3601,1,18000,1.01916134407
76110,76196,79784,86,3588,1,18000,1.02396878484
76110,76190,79784,80,3594,1,18000,1.02225932109
76110,76184,79786,74,3602,1,18000,1.02054414214
76111,76212,79784,101,3572,1,18000,1.02827547592
76111,76207,79784,96,3577,1,18000,1.02683813251
76111,76201,79784,90,3583,1,18000,1.02511861569
76112,76229,79784,117,3555,1,18000,1.03291139241
76112,76223,79784,111,3561,1,18000,1.03117101938
76112,76218,79784,106,3566,1,18000,1.02972518228
76113,76245,79784,132,3539,1,18000,1.03729867194
76113,76234,79784,121,3550,1,18000,1.03408450704
76113,76240,79784,127,3544,1,18000,1.03583521445
76114,76256,79784,142,3528,1,18000,1.04024943311
76114,76261,79784,147,3523,1,18000,1.04172580187
76114,76267,79784,153,3517,1,18000,1.0435029855
76114,76250,79784,136,3534,1,18000,1.03848330504
76115,76272,79784,157,3512,1,18000,1.04470387244
76115,76277,79784,162,3507,1,18000,1.04619332763
76115,76283,79784,168,3501,1,18000,1.04798628963
76116,76288,79784,172,3496,1,18000,1.04919908467
76116,76305,79784,189,3479,1,18000,1.05432595573
76116,76294,79784,178,3490,1,18000,1.05100286533
76116,76299,79784,183,3485,1,18000,1.0525107604
77094,77101,77103,7,2,4,3000,1.0
77341,77347,77462,6,115,4,3000,1.05217391304
77503,77510,77512,7,2,1,3540,1.0
77722,77728,77844,6,116,4,3000,1.05172413793
78225,78231,78240,6,9,4,53400,1.5
79542,79554,79784,12,230,1,18000,1.05217391304
79542,79549,79784,7,235,1,18000,1.02978723404
79543,79567,79784,24,217,1,18000,1.11059907834
79543,79560,79784,17,224,1,18000,1.07589285714
79543,79578,79784,35,206,1,18000,1.16990291262
79543,79572,79784,29,212,1,18000,1.13679245283
79544,79583,79784,39,201,1,18000,1.19402985075
79544,79594,79785,50,191,1,18000,1.26178010471
79544,79589,79785,45,196,1,18000,1.22959183673
79545,79605,79785,60,180,1,18000,1.33333333333
79545,79610,79785,65,175,1,18000,1.37142857143
79545,79599,79785,54,186,1,18000,1.29032258065
79546,79627,79785,81,158,1,18000,1.51265822785
79546,79616,79785,70,169,1,18000,1.41420118343
79546,79621,79785,75,164,1,18000,1.45731707317
79547,79649,79785,102,136,1,18000,1.75
79547,79643,79785,96,142,1,18000,1.67605633803
79547,79637,79785,90,148,1,18000,1.60810810811
79547,79632,79785,85,153,1,18000,1.55555555556
79548,79660,79785,112,125,1,18000,1.896
79548,79655,79785,107,130,1,18000,1.82307692308
79548,79666,79785,118,119,1,18000,1.99159663866
79549,79676,79785,127,109,1,18000,2.16513761468
79549,79671,79785,122,114,1,18000,2.0701754386
79549,79682,79785,133,103,1,18000,2.29126213592
79550,79687,79785,137,98,1,18000,2.39795918367
79550,79693,79785,143,92,1,18000,2.55434782609
79550,79698,79785,148,87,1,18000,2.70114942529
79550,79704,79785,154,81,1,18000,2.9012345679
79551,79715,79786,164,71,1,18000,3.30985915493
79551,79720,79785,169,65,1,18000,3.6
79551,79709,79785,158,76,1,18000,3.07894736842
79552,79736,79785,184,49,1,18000,4.75510204082
79552,79731,79785,179,54,1,18000,4.31481481481
79552,79725,79785,173,60,1,18000,3.88333333333
79553,79742,79785,189,43,1,18000,5.39534883721
79905,79911,83960,6,4049,1,18000,1.00148184737
79905,79917,83799,12,3882,1,18000,1.00309119011
79905,79922,83774,17,3852,1,18000,1.0044132918
79906,79934,83814,28,3880,1,18000,1.00721649485
79906,79928,83741,22,3813,1,18000,1.00576973512
79906,79939,83750,33,3811,1,18000,1.00865914458
79907,79944,83801,37,3857,1,18000,1.00959294789
79907,79955,83917,48,3962,1,18000,1.01211509339
79907,79961,83906,54,3945,1,18000,1.01368821293
79907,79950,83789,43,3839,1,18000,1.01120083355
79908,79972,83815,64,3843,1,18000,1.016653656
79908,79966,83825,58,3859,1,18000,1.01502980047
79908,79977,83861,69,3884,1,18000,1.01776519053
79909,79982,83810,73,3828,1,18000,1.01907001045
79909,79988,83836,79,3848,1,18000,1.02053014553
79909,79999,83820,90,3821,1,18000,1.02355404344
79909,79994,83741,85,3747,1,18000,1.02268481452
79910,80005,83714,95,3709,1,18000,1.02561337288
79910,80010,83912,100,3902,1,18000,1.02562788314
79910,80016,83850,106,3834,1,18000,1.02764736568
79911,80032,83776,121,3744,1,18000,1.03231837607
79911,80021,83916,110,3895,1,18000,1.02824133504
79911,80027,83812,116,3785,1,18000,1.03064729194
79912,80043,83952,131,3909,1,18000,1.03351240727
79912,80048,84092,136,4044,1,18000,1.03363006924
79912,80037,83839,125,3802,1,18000,1.03287743293
79913,80059,83912,146,3853,1,18000,1.03789255126
79913,80054,83982,141,3928,1,18000,1.03589613035
79913,80070,83828,157,3758,1,18000,1.04177754125
79913,80065,84055,152,3990,1,18000,1.0380952381
79914,80075,84111,161,4036,1,18000,1.03989098117
79914,80092,84026,178,3934,1,18000,1.04524656838
79914,80081,84018,167,3937,1,18000,1.04241808484
79914,80086,84065,172,3979,1,18000,1.04322694144
79915,80103,83862,188,3759,1,18000,1.05001330141
79915,80097,83980,182,3883,1,18000,1.04687097605
80250,80256,80362,6,106,4,3000,1.05660377358
80608,80615,83639,7,3024,4,3000,1.00231481481
80753,80759,83116,6,2357,4,3000,1.00254560882
81386,81393,81394,7,1,1,7200,1.0
81387,81404,81405,17,1,1,7200,1.8
81387,81411,81666,24,255,1,7200,1.09411764706
81387,81399,81450,12,51,1,7200,1.23529411765
81388,81416,81520,28,104,1,7200,1.26923076923
81388,81422,81434,34,12,1,7200,3.83333333333
81389,81439,81992,50,553,1,7200,1.0904159132
81389,81433,81788,44,355,1,7200,1.12394366197
81389,81427,81428,38,1,1,7200,3.9
81390,81444,83233,54,1789,1,7200,1.03018446059
81390,81450,88691,60,7241,1,7200,1.00828614832
81391,81472,81474,81,2,1,7200,8.3
81391,81467,81468,76,1,1,7200,7.7
81391,81461,83593,70,2132,1,7200,1.03283302064
81392,81531,81532,139,1,1,7200,14.0
81392,81525,81526,133,1,1,7200,13.4
81392,81520,81526,128,6,1,7200,13.4
81392,81478,85346,86,3868,1,7200,1.02223371251
81393,81536,81537,143,1,1,7200,14.4
81394,81549,88780,155,7231,1,7200,1.0214354861
81394,81560,81563,166,3,1,7200,16.9
81394,81555,82680,161,1125,1,7200,1.14311111111
81395,81571,81600,176,29,1,7200,7.06896551724
81395,81565,88778,170,7213,1,7200,1.02356855677
81395,81578,81590,183,12,1,7200,16.25
81396,81583,81584,187,1,1,7200,18.8
81396,81597,81599,201,2,1,7200,20.3
81397,81617,82461,220,844,1,7200,1.26066350711
81397,81611,81612,214,1,1,7200,21.5
81397,81604,81974,207,370,1,7200,1.55945945946
81398,81623,81624,225,1,1,7200,22.6
81398,81637,81638,239,1,1,7200,24.0
81399,81692,81915,293,223,1,7200,2.31390134529
81399,81663,81755,264,92,1,7200,3.86956521739
81399,81678,81680,279,2,1,7200,28.1
81400,81829,81830,429,1,1,7200,43.0
81400,81801,81817,401,16,1,7200,26.0625
81400,81767,83775,367,2008,1,7200,1.1827689243
81401,81867,83183,466,1316,1,7200,1.35410334347
81402,81941,89156,539,7215,1,7200,1.07470547471
81402,81987,89226,585,7239,1,7200,1.08081226689
81402,81927,81928,525,1,1,7200,52.6
81403,82018,82510,615,492,1,7200,2.25
81403,82005,82006,602,1,1,7200,60.3
81404,82523,82525,1119,2,1,7200,112.1
81404,82473,82553,1069,80,1,7200,14.3625
81404,82537,82638,1133,101,1,7200,12.2178217822
81405,81485,81506,80,21,1,7200,4.80952380952
81405,81496,81508,91,12,1,7200,8.58333333333
81405,81491,81505,86,14,1,7200,7.14285714286
81406,81507,82536,101,1029,1,7200,1.09815354713
81406,81501,81503,95,2,1,7200,9.7
81406,81512,83690,106,2178,1,7200,1.04866850321
81407,82566,82590,1159,24,1,7200,49.2916666667
81407,82580,82581,1173,1,1,7200,117.4
81407,82549,82568,1142,19,1,7200,61.1052631579
81408,82651,82653,1243,2,1,7200,124.5
81408,82602,82642,1194,40,1,7200,30.85
81408,82594,83352,1186,758,1,7200,2.56464379947
81409,82665,82679,1256,14,1,7200,90.7142857143
81409,82658,82659,1249,1,1,7200,125.0
81410,82685,89918,1275,7233,1,7200,1.1762754044
81410,82697,82839,1287,142,1,7200,10.0633802817
81410,82692,82835,1282,143,1,7200,9.96503496503
81411,82854,90078,1443,7224,1,7200,1.19975083056
81411,82847,90093,1436,7246,1,7200,1.19817830527
81412,83196,83197,1784,1,1,7200,178.5
81412,83209,86542,1797,3333,1,7200,1.53915391539
81412,83245,83297,1833,52,1,7200,36.25
81413,83309,83562,1896,253,1,7200,8.49407114625
81413,83574,84747,2161,1173,1,7200,2.84228473998
81413,83365,90568,1952,7203,1,7200,1.2709981952
81414,83703,83704,2289,1,1,7200,229.0
81414,83716,90924,2302,7208,1,7200,1.31936736959
81414,83608,83723,2194,115,1,7200,20.0782608696
81415,83735,83736,2320,1,1,7200,232.1
81415,83787,85846,2372,2059,1,7200,2.15201554153
81415,83748,84050,2333,302,1,7200,8.72516556291
81416,84062,84153,2646,91,1,7200,30.0769230769
81416,84165,84215,2749,50,1,7200,55.98
81416,84227,84228,2811,1,1,7200,281.2
81417,84240,84322,2823,82,1,7200,35.4268292683
81417,84334,84577,2917,243,1,7200,13.0041152263
81418,85358,85965,3940,607,1,7200,7.49093904448
81418,84760,84761,3342,1,1,7200,334.3
81418,84589,91828,3171,7239,1,7200,1.43804392872
81418,84773,86709,3355,1936,1,7200,2.73295454545
81419,85858,85860,4439,2,1,7200,444.1
81420,85911,85912,4491,1,1,7200,449.2
81420,85924,85927,4504,3,1,7200,450.7
81421,85952,86022,4531,70,1,7200,65.7285714286
81421,85977,86028,4556,51,1,7200,90.3333333333
81421,86034,87803,4613,1769,1,7200,3.6076879593
81422,86555,86578,5133,23,1,7200,224.173913043
81422,86041,86670,4619,629,1,7200,8.34340222576
81423,86682,86683,5259,1,1,7200,526.0
81423,86689,89114,5266,2425,1,7200,3.17154639175
81423,86590,86673,5167,83,1,7200,63.2530120482
81424,86721,86731,5297,10,1,7200,530.7
81424,86743,86744,5319,1,1,7200,532.0
81424,86696,87904,5272,1208,1,7200,5.3642384106
81425,87815,90174,6390,2359,1,7200,3.70877490462
81425,86756,86833,5331,77,1,7200,70.2337662338
81425,86846,92251,5421,5405,1,7200,2.00296022202
81426,88066,88194,6640,128,1,7200,52.875
81426,87932,88053,6506,121,1,7200,54.7685950413
81426,87916,87920,6490,4,1,7200,649.4
81427,88207,88209,6780,2,1,7200,678.2
81427,88235,88236,6808,1,1,7200,680.9
81428,88423,88424,6995,1,1,7200,699.6
81428,88248,88410,6820,162,1,7200,43.0987654321
81429,88462,89771,7033,1309,1,7200,6.37280366692
81429,88449,88450,7020,1,1,7200,702.1
81430,88790,88938,7360,148,1,7200,50.7297297297
81430,88703,91697,7273,2994,1,7200,3.42919171677
81431,88810,89376,7379,566,1,7200,14.0371024735
81431,89005,89199,7574,194,1,7200,40.0412371134
81431,88951,88993,7520,42,1,7200,180.047619048
81432,89168,89173,7736,5,1,7200,774.1
81432,89126,89128,7694,2,1,7200,769.6
81432,89140,89359,7708,219,1,7200,36.196347032
81433,89185,89258,7752,73,1,7200,107.191780822
81433,89211,89444,7778,233,1,7200,34.3819742489
81434,89239,89251,7805,12,1,7200,651.416666667
81434,89263,89441,7829,178,1,7200,44.9831460674
81434,89276,89950,7842,674,1,7200,12.6350148368
81435,89371,89484,7936,113,1,7200,71.2300884956
81435,89388,90356,7953,968,1,7200,9.21590909091
81436,89460,89590,8024,130,1,7200,62.7230769231
81436,89497,89593,8061,96,1,7200,84.96875
81436,89453,89609,8017,156,1,7200,52.391025641
81437,89609,89623,8172,14,1,7200,584.714285714
81437,89621,90143,8184,522,1,7200,16.6781609195
81437,89602,89608,8165,6,1,7200,817.1
81438,89635,89813,8197,178,1,7200,47.0505617978
81438,89627,90075,8189,448,1,7200,19.2790178571
81438,89784,89785,8346,1,1,7200,834.7
81440,89828,89917,8388,89,1,7200,95.2471910112
81441,89848,89905,8407,57,1,7200,148.49122807
81441,89929,89936,8488,7,1,7200,849.5
81441,89917,90102,8476,185,1,7200,46.8162162162
81442,89963,90381,8521,418,1,7200,21.3851674641
81442,89936,89968,8494,32,1,7200,266.4375
81442,89949,97177,8507,7228,1,7200,2.17695074709
81443,90087,91819,8644,1732,1,7200,5.99076212471
81443,89981,97194,8538,7213,1,7200,2.18369610426
81443,90094,93255,8651,3161,1,7200,3.73679215438
81444,90114,90872,8670,758,1,7200,12.437994723
81444,90186,90897,8742,711,1,7200,13.2953586498
81444,90105,90306,8661,201,1,7200,44.0895522388
81444,90155,90915,8711,760,1,7200,12.4618421053
81445,90318,94544,8873,4226,1,7200,3.09962139139
81445,90368,90779,8923,411,1,7200,22.7104622871
81446,90580,90785,9134,205,1,7200,45.556097561
81446,90393,91042,8947,649,1,7200,14.7858243451
81446,90791,91110,9345,319,1,7200,30.2946708464
81447,90884,90987,9437,103,1,7200,92.6213592233
81447,90927,94831,9480,3904,1,7200,3.42827868852
81447,90910,91057,9463,147,1,7200,65.3741496599
81447,90798,91446,9351,648,1,7200,15.4305555556
81448,91054,91388,9606,334,1,7200,29.7604790419
81448,90940,93247,9492,2307,1,7200,5.1144343303
81448,90999,98220,9551,7221,1,7200,2.32266999031
81449,91069,98309,9620,7240,1,7200,2.32872928177
81449,91123,91129,9674,6,1,7200,968.0
81449,91141,91163,9692,22,1,7200,441.545454545
81450,91391,91571,9941,180,1,7200,56.2277777778
81450,91175,91361,9725,186,1,7200,53.2849462366
81450,91374,91379,9924,5,1,7200,992.9
81451,91400,91479,9949,79,1,7200,126.936708861
81451,91492,91538,10041,46,1,7200,219.282608696
81451,91458,91761,10007,303,1,7200,34.0264026403
81452,91584,92842,10132,1258,1,7200,9.05405405405
81452,91550,98782,10098,7232,1,7200,2.39629424779
81452,91709,91722,10257,13,1,7200,790.0
81453,91831,99050,10378,7219,1,7200,2.4375952348
81453,91773,91865,10320,92,1,7200,113.173913043
81453,91734,92548,10281,814,1,7200,13.6302211302
81454,91840,92065,10386,225,1,7200,47.16
81454,91877,91902,10423,25,1,7200,417.92
81455,91967,92097,10512,130,1,7200,81.8615384615
81455,92109,92117,10654,8,1,7200,1066.2
81455,92078,92232,10623,154,1,7200,69.9805194805
81455,91914,91954,10459,40,1,7200,262.475
81456,92199,92603,10743,404,1,7200,27.5915841584
81456,92129,92187,10673,58,1,7200,185.017241379
81457,92244,92333,10787,89,1,7200,122.202247191
81457,92346,92718,10889,372,1,7200,30.2715053763
81457,92263,92711,10806,448,1,7200,25.1205357143
81458,92616,92672,11158,56,1,7200,200.25
81458,92560,92688,11102,128,1,7200,87.734375
81458,92684,92704,11226,20,1,7200,562.3
81459,92730,92759,11271,29,1,7200,389.655172414
81459,92723,93747,11264,1024,1,7200,12.0
81459,92716,92914,11257,198,1,7200,57.8535353535
81459,92700,94096,11241,1396,1,7200,9.05229226361
81460,92771,94647,11311,1876,1,7200,7.02931769723
81460,92855,93007,11395,152,1,7200,75.9671052632
81460,92929,93095,11469,166,1,7200,70.0903614458
81461,93020,100228,11559,7208,1,7200,2.60363485017
81461,93108,93109,11647,1,1,7200,1164.8
81465,93264,93271,11799,7,1,7200,1180.6
81466,93290,93311,11824,21,1,7200,564.047619048
81466,93277,93309,11811,32,1,7200,370.09375
81467,93321,93772,11854,451,1,7200,27.2838137472
81467,93297,98020,11830,4723,1,7200,3.50476392124
81468,93328,100176,11860,6848,1,7200,2.73189252336
81468,93760,93792,12292,32,1,7200,385.125
81468,93784,97305,12316,3521,1,7200,4.49786992332
81469,93853,101072,12384,7219,1,7200,2.71547305721
81469,93833,93840,12364,7,1,7200,1237.1
81469,93804,93821,12335,17,1,7200,726.588235294
81470,94556,94760,13086,204,1,7200,65.1470588235
81470,94281,94647,12811,366,1,7200,36.0027322404
81470,94109,94268,12639,159,1,7200,80.4905660377
81471,94664,94713,13193,49,1,7200,270.244897959
81471,94725,94943,13254,218,1,7200,61.7981651376
81471,94659,101890,13188,7231,1,7200,2.82381413359
81471,94773,94794,13302,21,1,7200,634.428571429
81472,94806,102040,13334,7234,1,7200,2.84324025435
81472,94870,94880,13398,10,1,7200,1340.8
81472,94844,94858,13372,14,1,7200,956.142857143
81473,94956,95733,13483,777,1,7200,18.3526383526
81473,94893,102139,13420,7246,1,7200,2.85205630693
81474,95779,96071,14305,292,1,7200,49.9897260274
81474,96083,96248,14609,165,1,7200,89.5393939394
81474,95746,95767,14272,21,1,7200,680.619047619
81475,96261,96274,14786,13,1,7200,1138.38461538
81475,96287,97782,14812,1495,1,7200,10.9076923077
81475,97189,97256,15714,67,1,7200,235.537313433
81476,97318,97503,15842,185,1,7200,86.6324324324
81476,97206,97465,15730,259,1,7200,61.7335907336
81476,97268,97460,15792,192,1,7200,83.25
81477,97489,98842,16012,1353,1,7200,12.8344419808
81477,97479,97541,16002,62,1,7200,259.096774194
81477,97472,97477,15995,5,1,7200,1600.0
81478,97553,97606,16075,53,1,7200,304.301886792
81478,97515,97516,16037,1,1,7200,1603.8
81478,97528,98781,16050,1253,1,7200,13.8092577813
81479,97683,97698,16204,15,1,7200,1081.26666667
81479,97619,97650,16140,31,1,7200,521.64516129
81479,97663,97670,16184,7,1,7200,1619.1
81480,97710,97897,16230,187,1,7200,87.7914438503
81480,97860,97901,16380,41,1,7200,400.512195122
81480,97794,97848,16314,54,1,7200,303.111111111
81481,97910,98004,16429,94,1,7200,175.776595745
81481,98017,98025,16536,8,1,7200,1654.4
81481,97917,99813,16436,1896,1,7200,9.66877637131
81482,98060,98091,16578,31,1,7200,535.774193548
81482,98032,98047,16550,15,1,7200,1104.33333333
81482,98039,98441,16557,402,1,7200,42.1865671642
81483,98160,100284,16677,2124,1,7200,8.85169491525
81483,98104,98147,16621,43,1,7200,387.534883721
81483,98232,98304,16749,72,1,7200,233.625
81483,98316,98624,16833,308,1,7200,55.6525974026
81484,98453,98524,16969,71,1,7200,240.0
81484,98323,105554,16839,7231,1,7200,3.32872355138
81484,98537,98552,17053,15,1,7200,1137.86666667
81485,98637,98831,17152,194,1,7200,89.412371134
81485,98565,98582,17080,17,1,7200,1005.70588235
81485,98594,99099,17109,505,1,7200,34.8792079208
81486,98841,98874,17355,33,1,7200,526.909090909
81486,98793,106034,17307,7241,1,7200,3.3901394835
81486,98800,98828,17314,28,1,7200,619.357142857
81487,98942,106188,17455,7246,1,7200,3.40891526359
81487,98848,98930,17361,82,1,7200,212.719512195
81487,98886,99082,17399,196,1,7200,89.7704081633
81487,98860,99508,17373,648,1,7200,27.8101851852
81488,99062,99074,17574,12,1,7200,1465.5
81488,99086,99193,17598,107,1,7200,165.46728972
81488,99095,99114,17607,19,1,7200,927.684210526
81489,99127,99152,17638,25,1,7200,706.52
81489,99164,99353,17675,189,1,7200,94.5185185185
81489,99111,99127,17622,16,1,7200,1102.375
81489,99139,99647,17650,508,1,7200,35.7440944882
81490,99353,99533,17863,180,1,7200,100.238888889
81490,99261,99340,17771,79,1,7200,225.949367089
81490,99207,99248,17717,41,1,7200,433.12195122
81490,99365,99429,17875,64,1,7200,280.296875
81491,99441,99570,17950,129,1,7200,140.147286822
81491,99546,99616,18055,70,1,7200,258.928571429
81491,99521,99937,18030,416,1,7200,44.3413461538
81492,99582,99673,18090,91,1,7200,199.791208791
81492,99629,99683,18137,54,1,7200,336.87037037
81492,99659,99691,18167,32,1,7200,568.71875
81493,99695,99702,18202,7,1,7200,1820.9
81493,99685,99707,18192,22,1,7200,827.909090909
81493,99704,99716,18211,12,1,7200,1518.58333333
81493,99714,99725,18221,11,1,7200,1657.45454545
81494,99737,99763,18243,26,1,7200,702.653846154
81494,99721,99760,18227,39,1,7200,468.358974359
81494,99728,106966,18234,7238,1,7200,3.51920420006
81495,99772,99858,18277,86,1,7200,213.523255814
81495,99825,99835,18330,10,1,7200,1834.0
81495,99779,100164,18284,385,1,7200,48.4909090909
81496,99870,100072,18374,202,1,7200,91.9603960396
81496,99890,99961,18394,71,1,7200,260.070422535
81496,99848,99878,18352,30,1,7200,612.733333333
81497,99949,100025,18452,76,1,7200,243.789473684
81497,100037,100587,18540,550,1,7200,34.7090909091
81497,99973,100735,18476,762,1,7200,25.2467191601
81498,100176,100186,18678,10,1,7200,1868.8
81498,100189,100193,18691,4,1,7200,1869.5
81498,100198,100272,18700,74,1,7200,253.702702703
81498,100085,107290,18587,7205,1,7200,3.57973629424
81499,100205,100424,18706,219,1,7200,86.4155251142
81499,100259,100270,18760,11,1,7200,1706.45454545
81499,100243,100246,18744,3,1,7200,1874.7
81500,100283,100336,18783,53,1,7200,355.396226415
81500,100298,100319,18798,21,1,7200,896.142857143
81500,100291,100799,18791,508,1,7200,37.9901574803
81501,100397,100434,18896,37,1,7200,511.702702703
81501,100348,100497,18847,149,1,7200,127.489932886
81501,100436,100624,18935,188,1,7200,101.718085106
81501,100331,100384,18830,53,1,7200,356.283018868
81502,100509,100583,19007,74,1,7200,257.851351351
81502,100595,100895,19093,300,1,7200,64.6433333333
81502,100446,100673,18944,227,1,7200,84.4537444934
81503,100602,101050,19099,448,1,7200,43.6316964286
81503,100664,100669,19161,5,1,7200,1916.6
81503,100636,100652,19133,16,1,7200,1196.8125
81504,100690,100761,19186,71,1,7200,271.225352113
81504,100751,101353,19247,602,1,7200,32.9717607973
81504,100685,107905,19181,7220,1,7200,3.65664819945
81505,100774,100777,19269,3,1,7200,1927.2
81505,100790,100810,19285,20,1,7200,965.25
81505,100811,100829,19306,18,1,7200,1073.55555556
81505,100822,101318,19317,496,1,7200,39.9455645161
81506,100842,100843,19336,1,1,7200,1933.7
81506,100855,100874,19349,19,1,7200,1019.36842105
81506,100892,101152,19386,260,1,7200,75.5615384615
81506,100908,100909,19402,1,1,7200,1940.3
81507,100922,100924,19415,2,1,7200,1941.7
81507,100936,101096,19429,160,1,7200,122.43125
81508,101091,101092,19583,1,1,7200,1958.4
81508,101084,101273,19576,189,1,7200,104.576719577
81508,101062,101064,19554,2,1,7200,1955.6
81509,101119,102956,19610,1837,1,7200,11.6750136091
81509,101129,101130,19620,1,1,7200,1962.1
81509,101105,101107,19596,2,1,7200,1959.8
81509,101112,101117,19603,5,1,7200,1960.8
81510,101171,101195,19661,24,1,7200,820.208333333
81510,101164,108378,19654,7214,1,7200,3.72442472969
81511,101234,101235,19723,1,1,7200,1972.4
81511,101208,101210,19697,2,1,7200,1969.9
81512,101327,101354,19815,27,1,7200,734.888888889
81512,101313,101315,19801,2,1,7200,1980.3
81512,101247,101301,19735,54,1,7200,366.462962963
81512,101287,101340,19775,53,1,7200,374.113207547
81513,101355,101357,19842,2,1,7200,1984.4
81513,101348,101349,19835,1,1,7200,1983.6
81513,101334,101335,19821,1,1,7200,1982.2
81514,101380,101383,19866,3,1,7200,1986.9
81514,101369,101372,19855,3,1,7200,1985.8
81514,101362,101409,19848,47,1,7200,423.29787234
81514,101374,101582,19860,208,1,7200,96.4807692308
81515,101387,101388,19872,1,1,7200,1987.3
81515,101403,101645,19888,242,1,7200,83.1818181818
81515,101395,101397,19880,2,1,7200,1988.2
81516,101410,101411,19894,1,1,7200,1989.5
81516,101421,101473,19905,52,1,7200,383.788461538
81516,101445,101450,19929,5,1,7200,1993.4
81517,101477,101917,19960,440,1,7200,46.3636363636
81517,101463,101464,19946,1,1,7200,1994.7
81517,101486,101525,19969,39,1,7200,513.025641026
81518,101537,101544,20019,7,1,7200,2002.6
81518,101557,101569,20039,12,1,7200,1670.91666667
81518,101581,101582,20063,1,1,7200,2006.4
81518,101594,101599,20076,5,1,7200,2008.1
81519,101643,101654,20124,11,1,7200,1830.45454545
81519,101624,101631,20105,7,1,7200,2011.2
81519,101611,101612,20092,1,1,7200,2009.3
81519,101599,108814,20080,7215,1,7200,3.78309078309
81520,101667,108890,20147,7223,1,7200,3.78928423093
81520,101657,101659,20137,2,1,7200,2013.9
81521,101674,102039,20153,365,1,7200,56.2136986301
81521,101902,101904,20381,2,1,7200,2038.3
81521,101916,101936,20395,20,1,7200,1020.75
81522,101929,101934,20407,5,1,7200,2041.2
81522,101953,102101,20431,148,1,7200,139.047297297
81522,101946,101947,20424,1,1,7200,2042.5
81523,102052,102092,20529,40,1,7200,514.225
81523,102022,102078,20499,56,1,7200,367.053571429
81523,101973,101979,20450,6,1,7200,2045.6
81523,101991,102010,20468,19,1,7200,1078.26315789
81524,102104,102105,20580,1,1,7200,2058.1
81524,102091,102093,20567,2,1,7200,2056.9
81524,102057,102098,20533,41,1,7200,501.804878049
81525,102128,109360,20603,7232,1,7200,3.84886615044
81525,102123,102124,20598,1,1,7200,2059.9
81525,102116,109330,20591,7214,1,7200,3.85431106182
81526,102141,102333,20615,192,1,7200,108.369791667
81526,102148,103143,20622,995,1,7200,21.7256281407
81527,102155,106484,20628,4329,1,7200,5.76507276507
81527,102346,102348,20819,2,1,7200,2082.1
81527,102360,102361,20833,1,1,7200,2083.4
81528,102403,102404,20875,1,1,7200,2087.6
81528,102386,102387,20858,1,1,7200,2085.9
81529,102480,102639,20951,159,1,7200,132.767295597
81529,102677,102679,21148,2,1,7200,2115.0
81529,102416,102468,20887,52,1,7200,402.673076923
81529,102651,102664,21122,13,1,7200,1625.76923077
81530,102704,102777,21174,73,1,7200,291.054794521
81530,102789,102791,21259,2,1,7200,2126.1
81531,102803,102804,21272,1,1,7200,2127.3
81531,102829,102833,21298,4,1,7200,2130.2
81531,102816,102817,21285,1,1,7200,2128.6
81532,102845,102850,21313,5,1,7200,2131.8
81532,102862,102864,21330,2,1,7200,2133.2
81532,102876,102891,21344,15,1,7200,1423.93333333
81532,102903,102937,21371,34,1,7200,629.558823529
81533,102978,102984,21445,6,1,7200,2145.1
81533,102950,102952,21417,2,1,7200,2141.9
81533,102971,102973,21438,2,1,7200,2144.0
81533,102964,102965,21431,1,1,7200,2143.2
81534,102985,106281,21451,3296,1,7200,7.50819174757
81534,103186,103205,21652,19,1,7200,1140.57894737
81534,103156,103174,21622,18,1,7200,1202.22222222
81534,102996,110205,21462,7209,1,7200,3.9771119434
81535,103217,103237,21682,20,1,7200,1085.1
81535,103265,103266,21730,1,1,7200,2173.1
81535,103250,103252,21715,2,1,7200,2171.7
81536,105582,105583,24046,1,1,7200,2404.7
81536,105566,105570,24030,4,1,7200,2403.4
81536,103291,110496,21755,7205,1,7200,4.01943095073
81537,105621,105643,24084,22,1,7200,1095.72727273
81538,105696,105697,24158,1,1,7200,2415.9
81538,105671,105684,24133,13,1,7200,1857.38461538
81538,105656,105658,24118,2,1,7200,2412.0
81539,105830,105832,24291,2,1,7200,2429.3
81539,105710,105818,24171,108,1,7200,224.805555556
81539,105844,107024,24305,1180,1,7200,21.5974576271
81540,106200,106309,24660,109,1,7200,227.23853211
81540,106060,106732,24520,672,1,7200,37.4880952381
81541,106514,108108,24973,1594,1,7200,16.6668757842
81541,106322,113568,24781,7246,1,7200,4.4199558377
81541,106497,106502,24956,5,1,7200,2496.1
81541,106294,106622,24753,328,1,7200,76.4664634146
81542,106663,109255,25121,2592,1,7200,10.6917438272
81542,106635,106638,25093,3,1,7200,2509.6
81543,106744,106746,25201,2,1,7200,2520.3
81544,106806,106908,25262,102,1,7200,248.666666667
81545,106920,107589,25375,669,1,7200,38.9297458894
81545,106979,106982,25434,3,1,7200,2543.7
81545,107006,107030,25461,24,1,7200,1061.875
81546,107270,107271,25724,1,1,7200,2572.5
81546,107044,107258,25498,214,1,7200,120.14953271
81546,107037,114247,25491,7210,1,7200,4.53550624133
81547,107284,107285,25737,1,1,7200,2573.8
81547,107297,107697,25750,400,1,7200,65.375
81547,107820,107830,26273,10,1,7200,2628.3
81547,107304,107767,25757,463,1,7200,56.6306695464
81548,107826,109396,26278,1570,1,7200,17.7375796178
81548,107831,107837,26283,6,1,7200,2628.9
81548,108051,108054,26503,3,1,7200,2650.6
81549,108057,109414,26508,1357,1,7200,20.5342667649
81549,108062,108636,26513,574,1,7200,47.1898954704
81550,108120,115328,26570,7208,1,7200,4.68618201998
81550,108081,108129,26531,48,1,7200,553.729166667
81550,108141,108144,26591,3,1,7200,2659.4
81551,108390,109067,26839,677,1,7200,40.6440177253
81551,108228,108533,26677,305,1,7200,88.4655737705
81551,108156,108216,26605,60,1,7200,444.416666667
81552,108662,108677,27110,15,1,7200,1808.33333333
81552,108689,108691,27137,2,1,7200,2713.9
81552,108648,108649,27096,1,1,7200,2709.7
81552,108545,109650,26993,1105,1,7200,25.4280542986
81553,108826,108906,27273,80,1,7200,341.9125
81553,108918,108919,27365,1,1,7200,2736.6
81553,108902,108909,27349,7,1,7200,2735.6
81553,108703,111612,27150,2909,1,7200,10.3331041595
81554,108932,108934,27378,2,1,7200,2738.0
81554,108925,109009,27371,84,1,7200,326.845238095
81555,108960,109266,27405,306,1,7200,90.5588235294
81555,109035,109192,27480,157,1,7200,176.031847134
81555,109021,109023,27466,2,1,7200,2746.8
81556,109205,109207,27649,2,1,7200,2765.1
81556,109219,112862,27663,3643,1,7200,8.59346692287
81556,109080,109093,27524,13,1,7200,2118.23076923
81556,109106,109398,27550,292,1,7200,95.3493150685
81557,109279,109446,27722,167,1,7200,167.0
81557,109267,109867,27710,600,1,7200,47.1833333333
81557,109342,109407,27785,65,1,7200,428.461538462
81558,109422,114694,27864,5272,1,7200,6.28528072838
81558,109408,109410,27850,2,1,7200,2785.2
81558,109373,109464,27815,91,1,7200,306.659340659
81558,109415,111227,27857,1812,1,7200,16.3736203091
81559,109470,109539,27911,69,1,7200,405.507246377
81559,109477,109478,27918,1,1,7200,2791.9
81559,109427,109458,27868,31,1,7200,899.967741935
81559,109551,109570,27992,19,1,7200,1474.26315789
81560,109435,109436,27875,1,1,7200,2787.6
81560,109448,109494,27888,46,1,7200,607.260869565
81561,109458,116680,27897,7222,1,7200,4.86278039324
81561,109582,109585,28021,3,1,7200,2802.4
81561,109490,109491,27929,1,1,7200,2793.0
81561,109632,110024,28071,392,1,7200,72.6096938776
81562,109517,109620,27955,103,1,7200,272.40776699
81562,109510,116716,27948,7206,1,7200,4.8784346378
81562,109503,109504,27941,1,1,7200,2794.2
81563,109623,109625,28060,2,1,7200,2806.2
81563,109639,109801,28076,162,1,7200,174.308641975
81564,109704,109791,28140,87,1,7200,324.448275862
81564,109676,109692,28112,16,1,7200,1758.0
81564,109662,109664,28098,2,1,7200,2810.0
81565,109813,109819,28248,6,1,7200,2825.4
81565,109832,109833,28267,1,1,7200,2826.8
81565,109803,117015,28238,7212,1,7200,4.91541874653
81567,109859,110090,28292,231,1,7200,123.476190476
81568,109879,109881,28311,2,1,7200,2831.3
81568,110102,111332,28534,1230,1,7200,24.1983739837
81568,109893,110183,28325,290,1,7200,98.6724137931
81568,110037,110108,28469,71,1,7200,401.971830986
81569,110141,110222,28572,81,1,7200,353.740740741
81569,110216,110225,28647,9,1,7200,2865.6
81569,110195,110203,28626,8,1,7200,2863.4
81569,110120,110129,28551,9,1,7200,2856.0
81570,110242,110305,28672,63,1,7200,456.111111111
81570,110223,111189,28653,966,1,7200,30.6614906832
81571,110318,110344,28747,26,1,7200,1106.65384615
81572,110436,110441,28864,5,1,7200,2886.9
81572,110350,110424,28778,74,1,7200,389.891891892
81572,110372,111655,28800,1283,1,7200,23.4473889322
81572,110357,110360,28785,3,1,7200,2878.8
81573,110453,111411,28880,958,1,7200,31.1461377871
81573,110508,110509,28935,1,1,7200,2893.6
81574,111215,111221,29641,6,1,7200,2964.7
81574,111201,111203,29627,2,1,7200,2962.9
81574,111233,111293,29659,60,1,7200,495.316666667
81574,110521,111717,28947,1196,1,7200,25.2031772575
81575,111240,111450,29665,210,1,7200,142.261904762
83329,83336,126545,7,43209,4,43200,1.00016200329
83480,83487,83501,7,14,4,172200,1.5
83594,83600,83698,6,98,4,172200,1.0612244898
83907,83913,145678,6,61765,4,172200,1.00009714239
83980,83986,87473,6,3487,4,21000,1.0017206768
95009,95015,98625,6,3610,1,3600,1.00166204986
98646,98652,98660,6,8,1,1800,1.4
98740,98746,98854,6,108,1,3600,1.05555555556
98843,98854,98927,11,73,1,1800,1.15068493151
98990,98996,99279,6,283,1,3600,1.02120141343
99193,99199,99287,6,88,1,1800,1.06818181818
99515,99527,100098,12,571,1,3600,1.02101576182
99749,99755,100136,6,381,1,1800,1.0157480315
99807,99813,100076,6,263,1,3540,1.02281368821
100229,100235,102365,6,2130,1,3540,1.00281690141
100313,100320,100509,7,189,1,3540,1.03703703704
100363,100369,100647,6,278,1,3540,1.02158273381
100420,100427,100726,7,299,1,3540,1.02341137124
100503,100515,100759,12,244,1,3540,1.04918032787
100546,100552,104158,6,3606,1,3600,1.00166389351
100570,100576,100887,6,311,1,3540,1.0192926045
100622,100628,101142,6,514,1,3540,1.01167315175
100671,100677,101210,6,533,1,3540,1.01125703565
100737,100743,101236,6,493,1,3540,1.0121703854
100790,100796,101323,6,527,1,3540,1.01138519924
100828,100834,100843,6,9,1,1800,1.5
100877,100884,101457,7,573,1,3540,1.01221640489
101058,101068,101109,10,41,1,1800,1.24390243902
101088,101097,101446,9,349,1,3540,1.02578796562
101434,101440,101638,6,198,1,3540,1.0303030303
101488,101495,101623,7,128,1,3540,1.0546875
101494,101502,101578,8,76,1,1800,1.10526315789
102389,102395,102648,6,253,1,1800,1.02371541502
104277,104283,104365,6,82,1,3600,1.07317073171
104503,104509,104747,6,238,1,3600,1.02521008403
105047,105053,105513,6,460,1,3600,1.01304347826
107462,107468,114326,6,6858,1,18000,1.00087489064
107462,107474,114287,12,6813,1,18000,1.00176133862
107463,107486,114276,23,6790,1,18000,1.00338733432
107463,107479,114133,16,6654,1,18000,1.00240456868
107463,107492,113947,29,6455,1,18000,1.00449264136
107464,107503,113523,39,6020,1,18000,1.00647840532
107464,107498,113607,34,6109,1,18000,1.00556555901
107464,107509,113304,45,5795,1,18000,1.00776531493
107465,107531,112612,66,5081,1,18000,1.01298956898
107465,107526,112655,61,5129,1,18000,1.01189315656
107465,107515,112935,50,5420,1,18000,1.00922509225
107465,107520,112830,55,5310,1,18000,1.01035781544
107466,107550,114323,84,6773,1,18000,1.01240218515
107466,107542,114550,76,7008,1,18000,1.01084474886
107466,107537,112533,71,4996,1,18000,1.0142113691
107467,107563,114321,96,6758,1,18000,1.01420538621
107467,107568,113832,101,6264,1,18000,1.0161238825
107467,107557,114149,90,6592,1,18000,1.01365291262
107468,107579,113340,111,5761,1,18000,1.01926748828
107468,107574,113538,106,5964,1,18000,1.01777330651
107468,107585,113124,117,5539,1,18000,1.02112294638
107469,107596,112950,127,5354,1,18000,1.02372058274
107469,107601,112813,132,5212,1,18000,1.02532617038
107469,107590,112942,121,5352,1,18000,1.0226083707
107470,107618,114611,148,6993,1,18000,1.02116402116
107470,107607,112654,137,5047,1,18000,1.02714483852
107470,107612,112528,142,4916,1,18000,1.02888527258
107471,107629,114267,158,6638,1,18000,1.02380235011
107471,107640,114113,169,6473,1,18000,1.02610845049
107471,107623,114406,152,6783,1,18000,1.02240896359
107471,107634,113722,163,6088,1,18000,1.0267739816
107472,107657,113082,185,5425,1,18000,1.03410138249
107472,107652,113249,180,5597,1,18000,1.03216008576
107472,107647,113569,175,5922,1,18000,1.02955082742
107473,107674,112859,201,5185,1,18000,1.0387656702
107473,107679,112878,206,5199,1,18000,1.03962300442
107473,107668,112938,195,5270,1,18000,1.03700189753
107473,107663,112812,190,5149,1,18000,1.036900369
107474,107697,114428,223,6731,1,18000,1.03313029268
107474,107685,113126,211,5441,1,18000,1.0387796361
107474,107691,114610,217,6919,1,18000,1.03136291372
107475,107702,114211,227,6509,1,18000,1.03487478875
107475,107708,113962,233,6254,1,18000,1.03725615606
107475,107713,113620,238,5907,1,18000,1.04029117996
107476,107718,113339,242,5621,1,18000,1.04305283757
107476,107729,112986,253,5257,1,18000,1.04812630778
107476,107724,113182,248,5458,1,18000,1.04543788934
107477,107752,113209,275,5457,1,18000,1.05039398937
107477,107747,113012,270,5265,1,18000,1.05128205128
107477,107736,113001,259,5265,1,18000,1.04919278253
107477,107741,112882,264,5141,1,18000,1.05135187707
107478,107758,113329,280,5571,1,18000,1.05026027643
107478,107763,114597,285,6834,1,18000,1.04170324846
107478,107769,114175,291,6406,1,18000,1.04542616297
107479,107792,113275,313,5483,1,18000,1.05708553711
107479,107781,113952,302,6171,1,18000,1.0489385837
107479,107774,114252,295,6478,1,18000,1.04553874653
107479,107786,113486,307,5700,1,18000,1.05385964912
107480,107802,113047,322,5245,1,18000,1.06139180172
107480,107797,113134,317,5337,1,18000,1.05939666479
107480,107808,112935,328,5127,1,18000,1.06397503413
107481,107813,113387,332,5574,1,18000,1.05956225332
107481,107837,113697,356,5860,1,18000,1.06075085324
107481,107843,113480,362,5637,1,18000,1.06421855597
107482,107848,113478,366,5630,1,18000,1.06500888099
107482,107859,114100,377,6241,1,18000,1.06040698606
107482,107853,114267,371,6414,1,18000,1.05784222014
107483,107882,113179,399,5297,1,18000,1.07532565603
107483,107875,113402,392,5527,1,18000,1.0709245522
107483,107864,114089,381,6225,1,18000,1.06120481928
107483,107870,113633,387,5763,1,18000,1.06715252473
107484,107898,113824,414,5926,1,18000,1.06986162673
107484,107893,113210,409,5317,1,18000,1.07692307692
107484,107887,113404,403,5517,1,18000,1.0730469458
107485,107917,113683,432,5766,1,18000,1.0749219563
107485,107911,113792,426,5881,1,18000,1.07243666043
107485,107906,113782,421,5876,1,18000,1.07164737917
107486,107922,113576,436,5654,1,18000,1.07711354793
107486,107928,114575,442,6647,1,18000,1.06649616368
107486,107933,114163,447,6230,1,18000,1.07174959872
107486,107938,113976,452,6038,1,18000,1.07485922491
107487,107944,113632,457,5688,1,18000,1.08034458509
107487,107949,113463,462,5514,1,18000,1.0837867247
107487,107955,113608,468,5653,1,18000,1.08278790023
107488,107972,114254,484,6282,1,18000,1.0770455269
107488,107966,113708,478,5742,1,18000,1.08324625566
107488,107960,113416,472,5456,1,18000,1.08651026393
107489,107988,113737,499,5749,1,18000,1.08679770395
107489,107977,114064,488,6087,1,18000,1.08017085592
107489,107994,113189,505,5195,1,18000,1.09720885467
107489,107983,113779,494,5796,1,18000,1.08523119393
107490,108010,113745,520,5735,1,18000,1.09067131648
107490,107999,114491,509,6492,1,18000,1.07840418977
107490,108004,114294,514,6290,1,18000,1.08171701113
107491,108016,113759,525,5743,1,18000,1.09141563643
107491,108028,113472,537,5444,1,18000,1.09864070536
107491,108021,113272,530,5251,1,18000,1.10093315559
107492,108033,114045,541,6012,1,18000,1.08998669328
107492,108044,114222,552,6178,1,18000,1.08934930398
107492,108039,114371,547,6332,1,18000,1.08638660771
107493,112666,117883,5173,5217,1,18000,1.99156603412
107493,112625,118207,5132,5582,1,18000,1.91938373343
107493,112547,118509,5054,5962,1,18000,1.84770211338
107494,112673,118033,5179,5360,1,18000,1.96623134328
107494,112825,118926,5331,6101,1,18000,1.87379118177
107494,112832,118702,5338,5870,1,18000,1.90936967632
107494,112843,118634,5349,5791,1,18000,1.92367466759
107495,112947,119185,5452,6238,1,18000,1.87399807631
107495,112871,118259,5376,5388,1,18000,1.99777282851
107495,112890,118407,5395,5517,1,18000,1.97788653254
107495,112897,118709,5402,5812,1,18000,1.92945629732
107496,112952,119061,5456,6109,1,18000,1.8931085284
107496,112964,118342,5468,5378,1,18000,2.01673484567
107496,112959,119225,5463,6266,1,18000,1.87184806894
107497,113016,118108,5519,5092,1,18000,2.08385703064
107497,112972,118226,5475,5254,1,18000,2.04206318995
107497,112998,118239,5501,5241,1,18000,2.04960885327
107498,113025,119145,5527,6120,1,18000,1.90310457516
107498,113059,118911,5561,5852,1,18000,1.9502734108
107498,113094,118448,5596,5354,1,18000,2.04519985058
107499,113143,119338,5644,6195,1,18000,1.91105730428
107499,113150,119304,5651,6154,1,18000,1.91826454339
107499,113136,118337,5637,5201,1,18000,2.08383003269
107500,113221,118536,5721,5315,1,18000,2.07638758231
107500,113206,118576,5706,5370,1,18000,2.0625698324
107500,113192,119354,5692,6162,1,18000,1.92372606297
107500,113199,119276,5699,6077,1,18000,1.93779825572
107501,113261,118276,5760,5015,1,18000,2.14855433699
107501,113285,118345,5784,5060,1,18000,2.14308300395
107501,113228,118362,5727,5134,1,18000,2.11550447994
107502,113298,119408,5796,6110,1,18000,1.94860883797
107502,113341,118731,5839,5390,1,18000,2.08330241187
107502,113316,118879,5814,5563,1,18000,2.04511953982
107503,113399,119423,5896,6024,1,18000,1.97875166003
107503,113357,119215,5854,5858,1,18000,1.9993171731
107503,113351,119268,5848,5917,1,18000,1.98833868514
107504,113415,119586,5911,6171,1,18000,1.9578674445
107504,113434,118603,5930,5169,1,18000,2.1472238344
107504,113422,118729,5918,5307,1,18000,2.11513095911
107505,113485,118531,5980,5046,1,18000,2.18509710662
107505,113475,118533,5970,5058,1,18000,2.1803084223
107505,113492,118591,5987,5099,1,18000,2.17415179447
107506,113499,118498,5993,4999,1,18000,2.19883976795
107506,113535,119074,6029,5539,1,18000,2.08846362159
107506,113505,119333,5999,5828,1,18000,2.02934111187
107507,113582,119763,6075,6181,1,18000,1.98285067141
107507,113550,119278,6043,5728,1,18000,2.05499301676
107507,113589,119564,6082,5975,1,18000,2.01790794979
107508,113625,118825,6117,5200,1,18000,2.17634615385
107508,113633,118970,6125,5337,1,18000,2.14764849166
107508,113620,119372,6112,5752,1,18000,2.06258692629
107509,113644,118745,6135,5101,1,18000,2.20270535189
107509,113709,118798,6200,5089,1,18000,2.21831401061
107509,113700,118824,6191,5124,1,18000,2.20823575332
107509,113649,118685,6140,5036,1,18000,2.21922160445
107510,113749,119445,6239,5696,1,18000,2.09533005618
107510,113734,119357,6224,5623,1,18000,2.10688244709
107510,113721,118619,6211,4898,1,18000,2.26806859943
107511,113771,119746,6260,5975,1,18000,2.04769874477
107511,113757,119840,6246,6083,1,18000,2.02679598882
107511,113791,119383,6280,5592,1,18000,2.12303290415
107512,113798,118892,6286,5094,1,18000,2.23400078524
107512,113805,118934,6293,5129,1,18000,2.22694482355
107512,112540,117904,5028,5364,1,18000,1.93736017897
107513,113959,119019,6446,5060,1,18000,2.27391304348
107513,113844,119063,6331,5219,1,18000,2.21306763748
107513,113837,119089,6324,5252,1,18000,2.20411271896
107514,113974,118852,6460,4878,1,18000,2.32431324313
107514,113966,118931,6452,4965,1,18000,2.29949647533
107514,113988,119606,6474,5618,1,18000,2.15236739053
107514,114057,119934,6543,5877,1,18000,2.11332312404
107515,114101,119916,6586,5815,1,18000,2.13258813414
107515,114076,119940,6561,5864,1,18000,2.11886084584
107516,114146,119318,6630,5172,1,18000,2.2819025522
107516,114113,119284,6597,5171,1,18000,2.27576871011
107516,114126,119264,6610,5138,1,18000,2.28649279875
107517,114187,119293,6670,5106,1,18000,2.30630630631
107517,114161,119313,6644,5152,1,18000,2.28959627329
107517,114175,119386,6658,5211,1,18000,2.2776818269
107517,114223,119277,6706,5054,1,18000,2.32686980609
107518,114234,119414,6716,5180,1,18000,2.29652509653
107518,114272,120319,6754,6047,1,18000,2.11691747974
107518,114265,119236,6747,4971,1,18000,2.35727217864
107519,114284,119888,6765,5604,1,18000,2.20717344754
107519,114279,120022,6760,5743,1,18000,2.17708514714
107519,114291,119698,6772,5407,1,18000,2.25245052709
107519,114300,119564,6781,5264,1,18000,2.28818389058
107520,114307,119429,6787,5122,1,18000,2.32506833268
107520,114333,119719,6813,5386,1,18000,2.2649461567
107520,114340,119520,6820,5180,1,18000,2.3166023166
107521,114419,119366,6898,4947,1,18000,2.39438043259
107521,114346,119492,6825,5146,1,18000,2.32627283327
107521,114383,119463,6862,5080,1,18000,2.35078740157
107522,114440,119466,6918,5026,1,18000,2.37644249901
107522,114503,119442,6981,4939,1,18000,2.41344401701
107522,114562,120429,7040,5867,1,18000,2.19993182206
107523,114609,119833,7086,5224,1,18000,2.35643185299
107523,114622,119636,7099,5014,1,18000,2.41583566015
107523,114588,120281,7065,5693,1,18000,2.24099771649
107523,114629,119816,7106,5187,1,18000,2.36996336996
107524,117895,123153,10371,5258,1,18000,2.97242297452
107524,117916,123147,10392,5231,1,18000,2.98661823743
107524,118045,123273,10521,5228,1,18000,3.01243305279
107525,118220,123386,10695,5166,1,18000,3.07026713124
107525,118238,123433,10713,5195,1,18000,3.06217516843
107525,118120,123269,10595,5149,1,18000,3.05768110313
107526,118288,123998,10762,5710,1,18000,2.88476357268
107526,118252,123166,10726,4914,1,18000,3.18274318274
107526,118271,123187,10745,4916,1,18000,3.18572009764
107527,118356,123466,10829,5110,1,18000,3.11917808219
107527,118374,123658,10847,5284,1,18000,3.0528009084
107527,118363,123572,10836,5209,1,18000,3.08024572855
107527,118349,123528,10822,5179,1,18000,3.08959258544
107528,118511,123540,10983,5029,1,18000,3.18393318751
107528,118419,123680,10891,5261,1,18000,3.07013875689
107528,118461,123567,10933,5106,1,18000,3.14120642382
107529,118550,123656,11021,5106,1,18000,3.15844104975
107529,118543,123638,11014,5095,1,18000,3.16172718351
107529,118521,123831,10992,5310,1,18000,3.07005649718
107530,118588,123703,11058,5115,1,18000,3.16187683284
107530,118615,123820,11085,5205,1,18000,3.12968299712
107530,118555,123428,11025,4873,1,18000,3.26246665299
107530,118604,124047,11074,5443,1,18000,3.03453977586
107531,118698,123836,11167,5138,1,18000,3.17341377968
107531,118646,123815,11115,5169,1,18000,3.15031921068
107531,118632,123739,11101,5107,1,18000,3.17368317995
107532,118741,123835,11209,5094,1,18000,3.20043188064
107532,118714,123953,11182,5239,1,18000,3.13437678946
107532,118721,123776,11189,5055,1,18000,3.2134520277
107533,118810,123585,11277,4775,1,18000,3.36167539267
107533,118748,123862,11215,5114,1,18000,3.19299960892
107533,118757,123618,11224,4861,1,18000,3.30898991977
107534,118836,123694,11302,4858,1,18000,3.32647179909
107534,118842,123430,11308,4588,1,18000,3.46469049695
107534,118892,124312,11358,5420,1,18000,3.09557195572
107534,118865,124112,11331,5247,1,18000,3.15951972556
107535,118904,124178,11369,5274,1,18000,3.1556693212
107535,118923,124030,11388,5107,1,18000,3.2298805561
107535,118938,124061,11403,5123,1,18000,3.2258442319
107536,118945,124122,11409,5177,1,18000,3.20378597643
107536,119031,123890,11495,4859,1,18000,3.36571310969
107536,118952,124072,11416,5120,1,18000,3.2296875
107536,118982,124068,11446,5086,1,18000,3.25049154542
107537,119073,124021,11536,4948,1,18000,3.33144704931
107537,119080,123970,11543,4890,1,18000,3.36053169734
107538,119087,123976,11549,4889,1,18000,3.36224176723
107538,119101,123807,11563,4706,1,18000,3.4570760731
107538,119158,124582,11620,5424,1,18000,3.14233038348
107539,119237,124319,11698,5082,1,18000,3.30184966549
107539,119248,124448,11709,5200,1,18000,3.25173076923
107539,119228,124465,11689,5237,1,18000,3.23200305518
107539,119197,124607,11658,5410,1,18000,3.15489833641
107540,119290,124407,11750,5117,1,18000,3.29626734415
107540,119284,124429,11744,5145,1,18000,3.28260447036
107540,119297,124329,11757,5032,1,18000,3.33644674086
107541,119308,124233,11767,4925,1,18000,3.38923857868
107541,119303,124198,11762,4895,1,18000,3.40286006129
107541,119314,124369,11773,5055,1,18000,3.32898120673
107541,119325,123870,11784,4545,1,18000,3.59273927393
107542,119338,124525,11796,5187,1,18000,3.27414690573
107542,119330,123893,11788,4563,1,18000,3.58338812185
107542,119343,124806,11801,5463,1,18000,3.16016840564
107543,119350,124528,11807,5178,1,18000,3.28022402472
107543,119355,124466,11812,5111,1,18000,3.31109371943
107543,119367,124474,11824,5107,1,18000,3.31525357353
107544,119381,124500,11837,5119,1,18000,3.31236569643
107544,119395,124091,11851,4696,1,18000,3.52363713799
107544,119388,124332,11844,4944,1,18000,3.39563106796
107544,119374,124558,11830,5184,1,18000,3.28202160494
107545,119402,123970,11857,4568,1,18000,3.59566549912
107545,119427,124059,11882,4632,1,18000,3.56519861831
107545,119420,124258,11875,4838,1,18000,3.45452666391
107546,119435,124117,11889,4682,1,18000,3.53929944468
111744,111750,119087,6,7337,12,86400,1.00081777293
112036,112042,119818,6,7776,12,86400,1.00077160494
112164,112171,119863,7,7692,12,86400,1.0009100364
112288,112294,121019,6,8725,12,86400,1.00068767908
112911,112918,112919,7,1,1,36000,1.0
113061,113067,113068,6,1,1,36000,1.0
113160,113166,149194,6,36028,1,36000,1.00016653714
113283,113292,149330,9,36038,1,36000,1.00024973639
113355,113364,149370,9,36006,1,36000,1.00024995834
113437,113443,131452,6,18009,1,18000,1.00033316675
113505,113512,149521,7,36009,1,36000,1.00019439585
113545,113557,149569,12,36012,1,36000,1.00033322226
115465,115472,167502,7,52030,30,57600,1.00013453777
115476,216670,274286,101194,57616,30,57600,2.75635240211
116133,116140,223235,7,107095,1,172800,1.00006536253
116238,116244,116262,6,18,4,259200,1.33333333333
116279,116285,154063,6,37778,4,259200,1.0001588226
116449,116456,133534,7,17078,4,64800,1.00040988406
116555,116561,116565,6,4,1,172800,1.0
116686,116694,224888,8,108194,1,172800,1.00007394125
116910,116917,124846,7,7929,4,43200,1.00088283516
119473,119480,145685,7,26205,4,237000,1.00026712459
120150,120156,142361,6,22205,24,28800,1.00027020941
120158,142373,164702,22215,22329,24,28800,1.99489453177
120710,120716,149004,6,28288,12,86400,1.00021210407
120772,120779,181566,7,60787,12,86400,1.0001151562
120809,120815,207260,6,86445,12,86400,1.00006940829
121395,121401,207809,6,86408,12,86400,1.00006943801
121856,121862,129108,6,7246,2,7200,1.00082804306
122571,122579,130174,8,7595,1,111000,1.00105332456
122645,122651,133663,6,11012,1,165000,1.00054486015
122959,122965,122978,6,13,8,345600,1.46153846154
123001,123008,123147,7,139,8,604800,1.05035971223
123076,123082,123089,6,7,4,604800,1.3
123172,123177,123186,5,9,4,604800,1.4
123190,123196,134559,6,11363,4,604800,1.00052802957
123242,123248,123250,6,2,1,604800,1.0
123318,123324,129229,6,5905,2,7200,1.00101608806
123333,123339,123346,6,7,1,3050,1.3
123333,123344,123348,11,4,1,3050,1.5
123334,123357,123362,23,5,1,3050,2.8
123334,123351,123355,17,4,1,3050,2.1
123334,123362,123365,28,3,1,3050,3.1
123352,123370,123583,18,213,1,604800,1.08450704225
123564,123570,123585,6,15,4,36060,1.4
123642,123648,447694,6,324046,5,324000,1.00001851589
123662,123668,123675,6,7,4,604800,1.3
123795,123801,129950,6,6149,1,604800,1.00097576842
125327,125333,197362,6,72029,4,72000,1.00008329978
125606,125612,125616,6,4,8,3600,1.0
125765,125771,125775,6,4,8,3600,1.0
125906,125912,125915,6,3,8,3600,1.0
126312,126318,126346,6,28,8,3600,1.21428571429
126406,126412,196575,6,70163,4,144000,1.00008551516
126539,126545,224932,6,98387,2,108000,1.00006098367
126678,126684,129667,6,2983,1,10800,1.00201139792
126678,126695,130416,17,3721,1,10800,1.00456866434
126678,126690,129315,12,2625,1,10800,1.00457142857
126679,126701,129722,22,3021,1,10800,1.00728235684
126679,126707,129923,28,3216,1,10800,1.00870646766
126680,126723,129359,43,2636,1,10800,1.01631259484
126680,126712,129202,32,2490,1,10800,1.01285140562
126680,126718,129739,38,3021,1,10800,1.01257861635
126680,126729,129444,49,2715,1,10800,1.01804788214
126681,126739,129405,58,2666,1,10800,1.02175543886
126681,126734,129545,53,2811,1,10800,1.01885450018
126681,126745,129443,64,2698,1,10800,1.02372127502
126682,126750,129456,68,2706,1,10800,1.0251293422
126682,126755,130497,73,3742,1,10800,1.01950828434
126682,126761,129892,79,3131,1,10800,1.02523155541
126716,126767,126828,51,61,8,3600,1.83606557377
126928,126934,225296,6,98362,4,144000,1.00006099917
126961,126967,127029,6,62,8,3600,1.09677419355
127027,127033,134890,6,7857,2,10800,1.00076365025
127109,127115,127145,6,30,8,3600,1.2
127226,127232,128023,6,791,8,3600,1.00758533502
127275,127282,184162,7,56880,12,86400,1.0001230661
127316,127322,184944,6,57622,12,57600,1.0001041269
127391,127397,127410,6,13,1,3600,1.46153846154
127421,127427,127431,6,4,16,86400,1.0
127487,127493,127959,6,466,1,3600,1.01287553648
127512,127518,129810,6,2292,16,28800,1.00261780105
127584,127590,128549,6,959,1,3600,1.00625651721
127666,127672,127726,6,54,9,3600,1.11111111111
127693,127699,128463,6,764,5,3600,1.00785340314
127717,127723,128841,6,1118,4,3600,1.0053667263
127738,127744,127808,6,64,5,3600,1.09375
127752,127758,128801,6,1043,3,3600,1.00575263663
127764,127771,129311,7,1540,2,3600,1.00454545455
127812,127818,128477,6,659,6,3600,1.0091047041
128174,128180,163117,6,34937,4,144000,1.0001717377
128300,128307,128407,7,100,2,7200,1.07
128433,128439,128457,6,18,16,86400,1.33333333333
128453,128459,130975,6,2516,2,7200,1.00238473768
128758,128764,129644,6,880,8,3600,1.00681818182
128807,128813,129438,6,625,7,3600,1.0096
129170,129177,130330,7,1153,2,3600,1.00607111882
129193,129199,129203,6,4,16,3600,1.0
129263,129270,129306,7,36,16,3600,1.19444444444
129283,129290,132243,7,2953,2,7200,1.00237047071
129286,129297,129311,11,14,1,3600,1.78571428571
129407,129413,129498,6,85,16,3600,1.07058823529
129615,129621,136726,6,7105,16,86400,1.00084447572
129632,129638,129682,6,44,32,3600,1.13636363636
129740,129746,132175,6,2429,1,3600,1.00247015233
129807,129813,129998,6,185,4,3600,1.03243243243
129973,129979,130127,6,148,6,604800,1.04054054054
130117,130124,135893,7,5769,4,36060,1.00121338187
130172,130178,130183,6,5,64,3600,1.1
130173,130194,136693,21,6499,6,604800,1.00323126635
130387,130429,130498,42,69,64,3600,1.60869565217
130428,130509,131959,81,1450,1,3600,1.05586206897
130781,130787,130791,6,4,64,3600,1.0
130848,130854,130866,6,12,64,3600,1.5
131033,131040,131044,7,4,64,3600,1.1
131066,131073,131079,7,6,64,3600,1.3
131123,131129,131195,6,66,64,3600,1.09090909091
131518,131525,131526,7,1,1,7200,1.0
131519,131530,131579,11,49,1,7200,1.22448979592
131519,131542,131802,23,260,1,7200,1.08846153846
131520,131553,131566,33,13,1,7200,3.53846153846
131520,131548,131639,28,91,1,7200,1.30769230769
131521,131564,131918,43,354,1,7200,1.12146892655
131521,131570,132377,49,807,1,7200,1.06071871128
131522,131581,138810,59,7229,1,7200,1.00816157145
131522,131587,131588,65,1,1,7200,6.6
131522,131576,134263,54,2687,1,7200,1.02009676219
131523,131593,134396,70,2803,1,7200,1.02497324295
131523,131604,131606,81,2,1,7200,8.3
131524,131664,131665,140,1,1,7200,14.1
131524,131610,135498,86,3888,1,7200,1.02211934156
131524,131659,131666,135,7,1,7200,14.2
131525,131676,131677,151,1,1,7200,15.2
131525,131670,131673,145,3,1,7200,14.8
131526,131689,138923,163,7234,1,7200,1.02253248549
131526,131682,131683,156,1,1,7200,15.7
131526,131695,132925,169,1230,1,7200,1.13739837398
131527,131706,138946,179,7240,1,7200,1.02472375691
131527,131700,131701,173,1,1,7200,17.4
131528,131726,131727,198,1,1,7200,19.9
131528,131712,131744,184,32,1,7200,6.75
131528,131719,131732,191,13,1,7200,15.6923076923
131529,131739,131740,210,1,1,7200,21.1
131529,131746,132125,217,379,1,7200,1.57255936675
131529,131753,131754,224,1,1,7200,22.5
131530,131765,131766,235,1,1,7200,23.6
131530,131760,132609,230,849,1,7200,1.27090694935
131530,131773,131774,243,1,1,7200,24.4
131531,131780,131781,249,1,1,7200,25.0
131531,131793,131912,262,119,1,7200,3.20168067227
131532,131805,131806,273,1,1,7200,27.4
131532,131821,132049,289,228,1,7200,2.26754385965
131532,131826,133998,294,2172,1,7200,1.13535911602
131533,131932,131934,399,2,1,7200,40.1
131533,131925,131945,392,20,1,7200,20.6
131534,131964,133286,430,1322,1,7200,1.32526475038
131534,131957,131959,423,2,1,7200,42.5
131535,132083,132089,548,6,1,7200,55.4
131535,132061,139300,526,7239,1,7200,1.07266196989
131535,131983,139217,448,7234,1,7200,1.06192977606
131536,131628,131708,92,80,1,7200,2.15
131536,131622,132071,86,449,1,7200,1.19153674833
131537,131633,131634,96,1,1,7200,9.7
131537,131639,131743,102,104,1,7200,1.98076923077
131538,132101,132115,563,14,1,7200,41.2142857143
131538,131652,131664,114,12,1,7200,10.5
131538,131646,131672,108,26,1,7200,5.15384615385
131539,132145,134451,606,2306,1,7200,1.26279271466
131539,132127,132129,588,2,1,7200,59.0
131539,132138,133163,599,1025,1,7200,1.5843902439
131540,132422,132446,882,24,1,7200,37.75
131540,132458,132459,918,1,1,7200,91.9
131540,132389,132410,849,21,1,7200,41.4285714286
131541,132621,132666,1080,45,1,7200,25.0
131541,132679,132680,1138,1,1,7200,113.9
131541,132472,133277,931,805,1,7200,2.15652173913
131542,132732,132733,1190,1,1,7200,119.1
131542,132745,139971,1203,7226,1,7200,1.1664821478
131542,132706,132720,1164,14,1,7200,84.1428571429
131543,133093,133227,1550,134,1,7200,12.5671641791
131543,132937,133082,1394,145,1,7200,10.6137931034
131544,133176,140414,1632,7238,1,7200,1.22547665101
131544,133289,133290,1745,1,1,7200,174.6
131544,133240,140458,1696,7218,1,7200,1.23496813522
131545,133305,133362,1760,57,1,7200,31.8771929825
131545,133374,133647,1829,273,1,7200,7.69963369963
131545,133298,136261,1753,2963,1,7200,1.59163010462
131546,133659,140905,2113,7246,1,7200,1.29160916368
131546,134276,134385,2730,109,1,7200,26.0458715596
131546,134011,135396,2465,1385,1,7200,2.7797833935
131547,134408,141618,2861,7210,1,7200,1.39680998613
131547,134397,134399,2850,2,1,7200,285.2
131548,134427,134733,2879,306,1,7200,10.408496732
131549,134848,134895,3299,47,1,7200,71.1914893617
131549,134746,134836,3197,90,1,7200,36.5222222222
131549,134463,136352,2914,1889,1,7200,2.54261514029
131550,134907,134908,3357,1,1,7200,335.8
131550,134921,135012,3371,91,1,7200,38.043956044
131550,136711,136983,5161,272,1,7200,19.9742647059
131551,136716,143947,5165,7231,1,7200,1.71428571429
131551,136729,138644,5178,1915,1,7200,3.70391644909
131551,136722,136723,5171,1,1,7200,517.2
131552,136735,137384,5183,649,1,7200,8.98613251156
131552,136748,136749,5196,1,1,7200,519.7
131553,136772,136773,5219,1,1,7200,522.0
131553,136797,136799,5244,2,1,7200,524.6
131553,136784,136785,5231,1,1,7200,523.2
131554,136811,136813,5257,2,1,7200,525.9
131555,136926,136982,5371,56,1,7200,96.9107142857
131555,136839,136914,5284,75,1,7200,71.4533333333
131556,138029,138108,6473,79,1,7200,82.9367088608
131556,137000,137682,5444,682,1,7200,8.98240469208
131556,137396,137423,5840,27,1,7200,217.296296296
131556,136995,138276,5439,1281,1,7200,5.24590163934
131557,138135,139479,6578,1344,1,7200,5.8943452381
131557,138121,138123,6564,2,1,7200,656.6
131557,138171,138983,6614,812,1,7200,9.14532019704
131558,138310,138311,6752,1,1,7200,675.3
131558,138288,138297,6730,9,1,7200,673.9
131558,138323,138408,6765,85,1,7200,80.5882352941
131559,138420,144430,6861,6010,1,7200,2.14159733777
131559,138656,141383,7097,2727,1,7200,3.60249358269
131560,138936,139071,7376,135,1,7200,55.637037037
131560,138822,138825,7262,3,1,7200,726.5
131560,138958,138959,7398,1,1,7200,739.9
131560,138837,138985,7277,148,1,7200,50.1689189189
131561,139003,139190,7442,187,1,7200,40.7967914439
131561,138972,138991,7411,19,1,7200,391.052631579
131562,139008,139009,7446,1,1,7200,744.7
131563,139029,140529,7466,1500,1,7200,5.97733333333
131563,139036,143131,7473,4095,1,7200,2.82490842491
131563,139083,139084,7520,1,1,7200,752.1
131567,139205,139212,7638,7,1,7200,764.5
131568,139223,139224,7655,1,1,7200,765.6
131568,139236,140433,7668,1197,1,7200,7.40601503759
131568,139229,139372,7661,143,1,7200,54.5734265734
131569,139253,139430,7684,177,1,7200,44.4124293785
131570,139312,139449,7742,137,1,7200,57.5109489051
131570,139407,139426,7837,19,1,7200,413.473684211
131570,139384,139394,7814,10,1,7200,782.4
131571,139439,140019,7868,580,1,7200,14.5655172414
131571,139462,139694,7891,232,1,7200,35.0129310345
131571,139446,140103,7875,657,1,7200,12.9863013699
131572,139706,140048,8134,342,1,7200,24.783625731
131572,139495,139784,7923,289,1,7200,28.4152249135
131573,139937,140043,8364,106,1,7200,79.9056603774
131573,139921,139925,8348,4,1,7200,835.2
131573,139796,139909,8223,113,1,7200,73.7699115044
131573,131616,131621,43,5,16,345600,4.8
131574,140031,140257,8457,226,1,7200,38.4203539823
131574,140020,140085,8446,65,1,7200,130.938461538
131574,139983,140008,8409,25,1,7200,337.36
131575,140056,140063,8481,7,1,7200,848.8
131575,140062,140063,8487,1,1,7200,848.8
131576,140080,140586,8504,506,1,7200,17.8063241107
131576,140087,147313,8511,7226,1,7200,2.17783005812
131577,140115,143728,8538,3613,1,7200,3.36313313036
131577,140272,140371,8695,99,1,7200,88.8282828283
131577,140098,142228,8521,2130,1,7200,5.00046948357
131578,140453,140946,8875,493,1,7200,19.0020283976
131578,140470,141360,8892,890,1,7200,10.991011236
131579,140541,140542,8962,1,1,7200,896.3
131579,140475,141309,8896,834,1,7200,11.6666666667
131581,140599,141317,9018,718,1,7200,13.5598885794
131583,140657,141038,9074,381,1,7200,24.8162729659
131583,140650,147857,9067,7207,1,7200,2.25808241987
131583,140917,148150,9334,7233,1,7200,2.2904742154
131584,140959,140967,9375,8,1,7200,938.3
131584,141013,141222,9429,209,1,7200,46.1148325359
131584,140979,141001,9395,22,1,7200,428.045454545
131585,141050,141054,9465,4,1,7200,946.9
131585,141235,141327,9650,92,1,7200,105.891304348
131585,141066,141285,9481,219,1,7200,44.2922374429
131586,141477,141533,9891,56,1,7200,177.625
131586,141297,141754,9711,457,1,7200,22.249452954
131586,141482,148695,9896,7213,1,7200,2.3719672813
131587,141488,143634,9901,2146,1,7200,5.6136999068
131587,141493,141511,9906,18,1,7200,551.333333333
131587,141499,142867,9912,1368,1,7200,8.24561403509
131588,141523,141658,9935,135,1,7200,74.5925925926
131588,141545,148761,9957,7216,1,7200,2.37985033259
131589,141630,141955,10041,325,1,7200,31.8953846154
131589,141670,141694,10081,24,1,7200,421.041666667
131589,141706,141748,10117,42,1,7200,241.880952381
131590,141761,141984,10171,223,1,7200,46.6098654709
131590,141768,142017,10178,249,1,7200,41.875502008
131590,141967,141979,10377,12,1,7200,865.75
131591,141998,142647,10407,649,1,7200,17.0354391371
131591,142029,142153,10438,124,1,7200,85.1774193548
131591,141991,142093,10400,102,1,7200,102.960784314
131592,142124,142949,10532,825,1,7200,13.7660606061
131592,142165,142822,10573,657,1,7200,17.0928462709
131592,142466,142554,10874,88,1,7200,124.568181818
131592,142241,142453,10649,212,1,7200,51.2311320755
131593,142693,144522,11100,1829,1,7200,7.06889010388
131593,142672,142693,11079,21,1,7200,528.571428571
131594,143144,143145,11550,1,1,7200,1155.1
131594,142705,143073,11111,368,1,7200,31.1929347826
131594,143086,144563,11492,1477,1,7200,8.78063642519
131595,143422,143516,11827,94,1,7200,126.819148936
131595,143170,143409,11575,239,1,7200,49.4309623431
131596,143474,150712,11878,7238,1,7200,2.64106106659
131596,143533,143534,11937,1,1,7200,1193.8
131596,143526,143600,11930,74,1,7200,162.216216216
131597,149016,149029,17419,13,1,7200,1340.92307692
131597,149022,156257,17425,7235,1,7200,3.40843123704
131597,149027,156250,17430,7223,1,7200,3.41312474041
131598,149043,149121,17445,78,1,7200,224.653846154
131598,149038,149193,17440,155,1,7200,113.516129032
131598,149032,149076,17434,44,1,7200,397.227272727
131599,149049,149179,17450,130,1,7200,135.230769231
131600,149060,149119,17460,59,1,7200,296.93220339
131600,149065,156311,17465,7246,1,7200,3.41029533536
131600,149054,149318,17454,264,1,7200,67.1136363636
131601,149076,149084,17475,8,1,7200,1748.3
131601,149070,149108,17469,38,1,7200,460.710526316
131601,149084,149168,17483,84,1,7200,209.130952381
131602,149092,149139,17490,47,1,7200,373.127659574
131602,149100,149194,17498,94,1,7200,187.14893617
131602,149120,149160,17518,40,1,7200,438.95
131603,149139,149649,17536,510,1,7200,35.3843137255
131603,149131,154009,17528,4878,1,7200,4.59327593276
131603,149152,149912,17549,760,1,7200,24.0907894737
131604,149172,149205,17568,33,1,7200,533.363636364
131604,149180,153379,17576,4199,1,7200,5.18575851393
131605,149211,156446,17606,7235,1,7200,3.43344851417
131605,149191,149211,17586,20,1,7200,880.3
131605,149205,149216,17600,11,1,7200,1601.0
131606,149231,149515,17625,284,1,7200,63.0598591549
131606,149218,149407,17612,189,1,7200,94.1851851852
131606,149223,149761,17617,538,1,7200,33.7453531599
131607,149237,156462,17630,7225,1,7200,3.4401384083
131607,149330,149415,17723,85,1,7200,209.505882353
131608,149428,156633,17820,7205,1,7200,3.47328244275
131608,149420,149433,17812,13,1,7200,1371.15384615
131608,149346,149631,17738,285,1,7200,63.2385964912
131609,149507,156737,17898,7230,1,7200,3.4755186722
131609,149446,149468,17837,22,1,7200,811.772727273
131609,149480,149494,17871,14,1,7200,1277.5
131609,149528,150555,17919,1027,1,7200,18.4479065239
131610,149662,150095,18052,433,1,7200,42.6905311778
131610,149644,149667,18034,23,1,7200,785.086956522
131610,149680,149860,18070,180,1,7200,101.388888889
131611,149773,149789,18162,16,1,7200,1136.125
131611,149802,151490,18191,1688,1,7200,11.7766587678
131612,149872,149945,18260,73,1,7200,251.136986301
131612,149958,150199,18346,241,1,7200,77.1244813278
131612,149925,150286,18313,361,1,7200,51.728531856
131613,150107,150326,18494,219,1,7200,85.4474885845
131613,150212,150217,18599,5,1,7200,1860.4
131613,150230,150293,18617,63,1,7200,296.507936508
131614,150306,150313,18692,7,1,7200,1869.9
131614,150299,151801,18685,1502,1,7200,13.4400798935
131614,150325,151895,18711,1570,1,7200,12.9178343949
131615,150423,150468,18808,45,1,7200,418.955555556
131615,150480,150484,18865,4,1,7200,1886.9
131615,150338,150411,18723,73,1,7200,257.479452055
131616,150497,150517,18881,20,1,7200,945.05
131616,150530,150778,18914,248,1,7200,77.2661290323
131616,150567,150638,18951,71,1,7200,267.915492958
131617,150650,150702,19033,52,1,7200,367.019230769
131617,150714,150811,19097,97,1,7200,197.87628866
131618,150811,150824,19193,13,1,7200,1477.38461538
131618,150790,150799,19172,9,1,7200,1918.1
131618,150725,152819,19107,2094,1,7200,10.1246418338
131619,150894,150949,19275,55,1,7200,351.454545455
131619,150823,151284,19204,461,1,7200,42.6572668113
131619,150837,150881,19218,44,1,7200,437.772727273
131620,161688,162192,30068,504,1,7200,60.6587301587
131620,151296,151384,19676,88,1,7200,224.590909091
131620,150961,153195,19341,2234,1,7200,9.657564906
131621,162122,169337,30501,7215,1,7200,5.22744282744
131621,162262,162270,30641,8,1,7200,3064.9
131621,162204,162263,30583,59,1,7200,519.355932203
131622,162518,162655,30896,137,1,7200,226.518248175
131622,162283,162664,30661,381,1,7200,81.4750656168
131622,162275,162288,30653,13,1,7200,2358.92307692
131623,162676,162697,31053,21,1,7200,1479.71428571
131623,162667,169913,31044,7246,1,7200,5.28429478333
131624,162827,163303,31203,476,1,7200,66.5525210084
131624,162709,162737,31085,28,1,7200,1111.17857143
131624,162749,162815,31125,66,1,7200,472.590909091
131625,163129,163280,31504,151,1,7200,209.635761589
131625,163134,170374,31509,7240,1,7200,5.3520718232
131625,163140,163149,31515,9,1,7200,3152.4
131626,163191,163204,31565,13,1,7200,2429.07692308
131626,163145,163224,31519,79,1,7200,399.974683544
131626,163161,163179,31535,18,1,7200,1752.94444444
131627,163216,163237,31589,21,1,7200,1505.23809524
131627,163249,163407,31622,158,1,7200,201.139240506
131627,163236,163667,31609,431,1,7200,74.3387470998
131628,163292,163331,31664,39,1,7200,812.897435897
131628,163315,163379,31687,64,1,7200,496.109375
131629,163391,163457,31762,66,1,7200,482.242424242
131629,163343,163519,31714,176,1,7200,181.193181818
131629,163420,163522,31791,102,1,7200,312.676470588
131630,163469,163814,31839,345,1,7200,93.2869565217
131630,163531,163586,31901,55,1,7200,581.018181818
131630,163538,163660,31908,122,1,7200,262.540983607
131631,163650,163676,32019,26,1,7200,1232.5
131631,163598,163638,31967,40,1,7200,800.175
131631,163672,163690,32041,18,1,7200,1781.05555556
131632,163688,163695,32056,7,1,7200,3206.3
131632,163697,163703,32065,6,1,7200,3207.1
131632,163704,163738,32072,34,1,7200,944.294117647
131632,163680,163684,32048,4,1,7200,3205.2
131633,163719,163741,32086,22,1,7200,1459.45454545
131633,163750,163773,32117,23,1,7200,1397.39130435
131633,163712,170934,32079,7222,1,7200,5.44184436444
131634,163785,163793,32151,8,1,7200,3215.9
131634,163758,164075,32124,317,1,7200,102.337539432
131635,163805,163828,32170,23,1,7200,1399.69565217
131635,163840,163894,32205,54,1,7200,597.388888889
131635,163827,163986,32192,159,1,7200,203.465408805
131636,163907,163970,32271,63,1,7200,513.238095238
131636,163998,164412,32362,414,1,7200,79.1690821256
131636,163982,164436,32346,454,1,7200,72.2466960352
131637,164424,164431,32787,7,1,7200,3279.4
131637,164443,164446,32806,3,1,7200,3280.9
131637,164088,171307,32451,7219,1,7200,5.49522094473
131638,164512,164515,32874,3,1,7200,3287.7
131638,164451,164499,32813,48,1,7200,684.604166667
131638,164458,164627,32820,169,1,7200,195.201183432
131639,164595,164953,32956,358,1,7200,93.0558659218
131639,164527,164536,32888,9,1,7200,3289.7
131639,164548,164583,32909,35,1,7200,941.257142857
131640,164639,164658,32999,19,1,7200,1737.78947368
131640,164670,164713,33030,43,1,7200,769.139534884
131641,164725,164837,33084,112,1,7200,296.392857143
131641,164849,164873,33208,24,1,7200,1384.66666667
131641,164885,165032,33244,147,1,7200,227.149659864
131642,165117,165347,33475,230,1,7200,146.543478261
131642,164966,165128,33324,162,1,7200,206.703703704
131642,165045,165104,33403,59,1,7200,567.152542373
131643,165359,165369,33716,10,1,7200,3372.6
131643,165381,165388,33738,7,1,7200,3374.5
131643,165140,165482,33497,342,1,7200,98.9444444444
131644,165494,165549,33850,55,1,7200,616.454545455
131644,165561,165981,33917,420,1,7200,81.7547619048
131644,165401,172608,33757,7207,1,7200,5.68391841265
131645,172620,172623,40975,3,1,7200,4097.8
131645,172635,172649,40990,14,1,7200,2928.85714286
131645,172661,172670,41016,9,1,7200,4102.5
131646,172682,173005,41036,323,1,7200,128.046439628
131646,173018,173019,41372,1,1,7200,4137.3
131647,173031,173044,41384,13,1,7200,3184.38461538
131647,173245,173247,41598,2,1,7200,4160.0
131647,173057,173232,41410,175,1,7200,237.628571429
131648,173259,173260,41611,1,1,7200,4161.2
131648,173383,173384,41735,1,1,7200,4173.6
131648,173272,173371,41624,99,1,7200,421.444444444
131649,173544,173545,41895,1,1,7200,4189.6
131649,173408,173532,41759,124,1,7200,337.766129032
131650,173584,174712,41934,1128,1,7200,38.1755319149
131650,173569,173572,41919,3,1,7200,4192.2
131651,174724,174725,43073,1,1,7200,4307.4
131652,181593,181594,49941,1,1,7200,4994.2
131652,181588,181605,49936,17,1,7200,2938.41176471
131652,174762,181979,43110,7217,1,7200,6.97339614798
131653,181617,181618,49964,1,1,7200,4996.5
131654,181624,181664,49970,40,1,7200,1250.25
131654,181632,181670,49978,38,1,7200,1316.21052632
131654,181676,181677,50022,1,1,7200,5002.3
131655,181684,181702,50029,18,1,7200,2780.38888889
131656,181702,181703,50046,1,1,7200,5004.7
131656,181720,181753,50064,33,1,7200,1518.09090909
131657,181728,181730,50071,2,1,7200,5007.3
131657,181765,181768,50108,3,1,7200,5011.1
131657,181742,181882,50085,140,1,7200,358.75
131658,181804,181968,50146,164,1,7200,306.768292683
131658,181895,181896,50237,1,1,7200,5023.8
131659,181908,181948,50249,40,1,7200,1257.225
131659,181960,181961,50301,1,1,7200,5030.2
131660,181973,181975,50313,2,1,7200,5031.5
131660,181988,182267,50328,279,1,7200,181.387096774
131660,181995,182018,50335,23,1,7200,2189.47826087
131661,182043,182052,50382,9,1,7200,5039.1
131662,182091,189322,50429,7231,1,7200,7.97400082976
131662,182279,182280,50617,1,1,7200,5061.8
131662,182076,182079,50414,3,1,7200,5041.7
131663,182292,182297,50629,5,1,7200,5063.4
131663,182353,182354,50690,1,1,7200,5069.1
131663,182309,182340,50646,31,1,7200,1634.74193548
131664,182365,189583,50701,7218,1,7200,8.0242449432
131664,182636,182962,50972,326,1,7200,157.355828221
131665,182652,182655,50987,3,1,7200,5099.0
131665,182647,182664,50982,17,1,7200,2999.94117647
131666,182658,182659,50992,1,1,7200,5099.3
131666,182663,182787,50997,124,1,7200,412.266129032
131667,182674,182679,51007,5,1,7200,5101.2
131667,182687,182700,51020,13,1,7200,3925.61538462
131667,182692,182736,51025,44,1,7200,1160.65909091
131668,182708,182709,51040,1,1,7200,5104.1
131668,182703,182740,51035,37,1,7200,1380.32432432
131668,182698,182724,51030,26,1,7200,1963.69230769
131669,182717,182718,51048,1,1,7200,5104.9
131669,182731,189963,51062,7232,1,7200,8.06056415929
131670,182744,189962,51074,7218,1,7200,8.07592130784
131671,182763,184946,51092,2183,1,7200,24.404489235
131671,182758,182933,51087,175,1,7200,292.925714286
131672,182775,182776,51103,1,1,7200,5110.4
131672,182787,182788,51115,1,1,7200,5111.6
131672,182768,182901,51096,133,1,7200,385.180451128
131673,182799,182801,51126,2,1,7200,5112.8
131674,182827,182981,51153,154,1,7200,333.162337662
131674,182820,182874,51146,54,1,7200,948.148148148
131674,182886,182899,51212,13,1,7200,3940.38461538
131675,182918,182919,51243,1,1,7200,5124.4
131675,182926,182981,51251,55,1,7200,932.836363636
131675,182911,182913,51236,2,1,7200,5123.8
131676,182952,182953,51276,1,1,7200,5127.7
131676,182933,182934,51257,1,1,7200,5125.8
131676,182945,182946,51269,1,1,7200,5127.0
131676,182960,182963,51284,3,1,7200,5128.7
131677,182968,182971,51291,3,1,7200,5129.4
131677,182975,182976,51298,1,1,7200,5129.9
131678,182980,182992,51302,12,1,7200,4276.16666667
131678,182987,183009,51309,22,1,7200,2333.22727273
131679,182992,182993,51313,1,1,7200,5131.4
131679,183001,183002,51322,1,1,7200,5132.3
131679,183006,183007,51327,1,1,7200,5132.8
131680,183024,190254,51344,7230,1,7200,8.10152143845
131680,183019,185643,51339,2624,1,7200,20.5651676829
131680,183013,183018,51333,5,1,7200,5133.8
131681,183033,183045,51352,12,1,7200,4280.33333333
131681,183038,183052,51357,14,1,7200,3669.35714286
131681,183043,183058,51362,15,1,7200,3425.13333333
131682,183057,183058,51375,1,1,7200,5137.6
131682,183063,183064,51381,1,1,7200,5138.2
131683,183089,183090,51406,1,1,7200,5140.7
131683,183084,183086,51401,2,1,7200,5140.3
131683,183076,190315,51393,7239,1,7200,8.09946125155
131684,183104,183105,51420,1,1,7200,5142.1
131685,183112,183130,51427,18,1,7200,2858.05555556
131685,183118,183120,51433,2,1,7200,5143.5
131686,183154,183239,51468,85,1,7200,606.505882353
131686,183131,183144,51445,13,1,7200,3958.30769231
131686,183142,183143,51456,1,1,7200,5145.7
131687,183251,183252,51564,1,1,7200,5156.5
131687,183161,183163,51474,2,1,7200,5147.6
131687,183174,184002,51487,828,1,7200,63.1823671498
131688,183847,183848,52159,1,1,7200,5216.0
131688,183263,183823,51575,560,1,7200,93.0982142857
131688,183835,183836,52147,1,1,7200,5214.8
131689,183859,183860,52170,1,1,7200,5217.1
131689,183871,183872,52182,1,1,7200,5218.3
131690,183895,183896,52205,1,1,7200,5220.6
131690,183920,185727,52230,1807,1,7200,29.9042612064
131691,185007,185036,53316,29,1,7200,1839.48275862
131691,184014,184032,52323,18,1,7200,2907.83333333
131691,184044,185236,52353,1192,1,7200,44.9203020134
131692,185329,185802,53637,473,1,7200,114.397463002
131692,185047,185049,53355,2,1,7200,5335.7
131692,185247,185318,53555,71,1,7200,755.295774648
131692,185060,186143,53368,1083,1,7200,50.2779316713
131693,185655,185658,53962,3,1,7200,5396.5
131693,185683,185696,53990,13,1,7200,4154.07692308
131694,185813,185815,54119,2,1,7200,5412.1
131694,185739,185886,54045,147,1,7200,368.653061224
131694,185708,192932,54014,7224,1,7200,8.47702104097
131695,185826,185827,54131,1,1,7200,5413.2
131695,185839,186086,54144,247,1,7200,220.206477733
131696,186117,187068,54421,951,1,7200,58.2250262881
131696,185898,186205,54202,307,1,7200,177.553745928
131696,186097,186103,54401,6,1,7200,5440.7
131697,186154,186157,54457,3,1,7200,5446.0
131697,186168,186171,54471,3,1,7200,5447.4
131697,186182,186940,54485,758,1,7200,72.8799472296
131698,186216,186608,54518,392,1,7200,140.076530612
131698,186632,186668,54934,36,1,7200,1526.94444444
131698,186619,186621,54921,2,1,7200,5492.3
131699,186967,187016,55268,49,1,7200,1128.91836735
131699,186952,186954,55253,2,1,7200,5525.5
131699,186680,193925,54981,7245,1,7200,8.58881987578
131700,186974,187173,55274,199,1,7200,278.75879397
131700,187001,187456,55301,455,1,7200,122.540659341
131701,187008,187760,55307,752,1,7200,74.5465425532
131701,187019,187029,55318,10,1,7200,5532.8
131701,187013,187014,55312,1,1,7200,5531.3
131702,187042,189275,55340,2233,1,7200,25.7828034035
131702,187049,187118,55347,69,1,7200,803.130434783
131703,187080,187153,55377,73,1,7200,759.589041096
131703,187087,187089,55384,2,1,7200,5538.6
131703,187054,187058,55351,4,1,7200,5535.5
131704,187115,187406,55411,291,1,7200,191.41580756
131704,187130,187131,55426,1,1,7200,5542.7
131705,187166,187176,55461,10,1,7200,5547.1
131705,187143,187258,55438,115,1,7200,483.069565217
131705,187185,187406,55480,221,1,7200,252.040723982
131706,187275,187818,55569,543,1,7200,103.337016575
131706,187204,188978,55498,1774,1,7200,32.2841037204
131707,187417,187547,55710,130,1,7200,429.538461538
131707,187772,187848,56065,76,1,7200,738.697368421
131707,187423,187467,55716,44,1,7200,1267.27272727
131708,187830,187832,56122,2,1,7200,5612.4
131708,187947,190521,56239,2574,1,7200,22.8488733489
131708,187900,189342,56192,1442,1,7200,39.9680998613
131709,188990,189049,57281,59,1,7200,971.86440678
131709,189287,189288,57578,1,1,7200,5757.9
131709,189301,189319,57592,18,1,7200,3200.55555556
131710,187479,187480,55769,1,1,7200,5577.0
131710,187468,187489,55758,21,1,7200,2656.14285714
131710,187492,187522,55782,30,1,7200,1860.4
131711,187501,194737,55790,7236,1,7200,8.71006080708
131711,187550,187841,55839,291,1,7200,192.886597938
131711,187535,187538,55824,3,1,7200,5582.7
131712,187584,194812,55872,7228,1,7200,8.72993912562
131712,187559,187560,55847,1,1,7200,5584.8
131713,187854,187996,56141,142,1,7200,396.35915493
131713,187844,187935,56131,91,1,7200,617.824175824
131713,187861,187862,56148,1,1,7200,5614.9
131714,188008,188011,56294,3,1,7200,5629.7
131714,187886,187888,56172,2,1,7200,5617.4
131715,188024,188038,56309,14,1,7200,4023.07142857
131715,188050,188134,56335,84,1,7200,671.654761905
131716,189062,189066,57346,4,1,7200,5735.0
131716,188146,195370,56430,7224,1,7200,8.81146179402
131716,189078,189079,57362,1,1,7200,5736.3
131717,189438,189491,57721,53,1,7200,1090.0754717
131717,189091,189393,57374,302,1,7200,190.98013245
131717,189565,189566,57848,1,1,7200,5784.9
131718,189578,189943,57860,365,1,7200,159.520547945
131718,189331,189344,57613,13,1,7200,4432.76923077
131718,189338,189339,57620,1,1,7200,5762.1
131719,189352,189514,57633,162,1,7200,356.759259259
131719,189364,189366,57645,2,1,7200,5764.7
131719,189370,189572,57651,202,1,7200,286.400990099
131720,189378,189425,57658,47,1,7200,1227.76595745
131720,189406,190256,57686,850,1,7200,68.8658823529
131721,189523,189603,57802,80,1,7200,723.525
131721,189504,189511,57783,7,1,7200,5779.0
131722,189548,189553,57826,5,1,7200,5783.1
131722,189530,189536,57808,6,1,7200,5781.4
131722,189585,190255,57863,670,1,7200,87.3626865672
131723,189595,189604,57872,9,1,7200,5788.1
131723,189621,189872,57898,251,1,7200,231.669322709
131777,131787,133109,10,1322,16,345600,1.00756429652
131787,131800,218216,13,86416,1,86400,1.0001504351
131797,131813,218229,16,86416,1,86400,1.0001851509
132633,132640,135240,7,2600,1,43200,1.00269230769
133598,133605,187620,7,54015,1,54000,1.00012959363
133746,133753,133754,7,1,4,64800,1.0
133785,133791,135209,6,1418,1,1800,1.00423131171
133818,133824,133898,6,74,2,3600,1.08108108108
133967,133973,134958,6,985,2,3600,1.00609137056
134222,134229,135688,7,1459,2,7200,1.00479780672
134350,134356,148102,6,13746,4,64800,1.00043649062
134636,134643,715017,7,580374,6,604800,1.00001206119
134982,134988,138401,6,3413,4,7200,1.00175798418
135006,136705,137104,1699,399,64,600,5.25814536341
135120,135126,135163,6,37,8,3600,1.16216216216
135346,136364,136684,1018,320,1,43200,4.18125
135475,135481,135501,6,20,1,3600,1.3
135501,135507,136932,6,1425,1,3600,1.00421052632
135633,135641,135688,8,47,4,3600,1.17021276596
135792,135799,135829,7,30,16,3600,1.23333333333
135983,136743,395969,760,259226,8,259200,1.00293180468
136045,136697,136710,652,13,1,18000,51.1538461538
136810,136817,726643,7,589826,6,604800,1.00001186791
137266,138017,224442,751,86425,64,86400,1.00868961527
137390,137435,138161,45,726,2,600,1.06198347107
137658,138023,138545,365,522,1,43200,1.69923371648
138553,138560,141251,7,2691,1,43200,1.00260126347
138779,138785,139518,6,733,2,600,1.00818553888
139264,139271,140637,7,1366,1,18000,1.00512445095
139481,139487,139927,6,440,1,3600,1.01363636364
140257,140264,141439,7,1175,1,4200,1.00595744681
140273,140280,141449,7,1169,1,4200,1.00598802395
140280,140286,141449,6,1163,1,4200,1.00515907137
140286,140293,141518,7,1225,1,4200,1.00571428571
140293,140300,141467,7,1167,1,4200,1.0059982862
140299,140384,141565,85,1181,1,4200,1.07197290432
140305,140426,140441,121,15,1,4200,9.06666666667
140311,140445,140458,134,13,1,4200,11.3076923077
141272,141278,146524,6,5246,1,43200,1.00114372856
141291,141461,141465,170,4,8,3600,17.4
141919,141925,141951,6,26,2,3600,1.23076923077
142032,142038,142681,6,643,1,18000,1.00933125972
142052,142058,142265,6,207,2,3600,1.02898550725
142062,142105,142111,43,6,4,3600,4.9
142302,142308,143769,6,1461,4,3600,1.00410677618
142374,164714,186979,22340,22265,24,28800,2.00336851561
142513,142521,143670,8,1149,1,4200,1.00696257615
142528,142566,143754,38,1188,1,4200,1.03198653199
142608,142659,142660,51,1,1,3600,5.2
142738,142834,143462,96,628,1,4200,1.15286624204
142762,142879,143514,117,635,1,4200,1.1842519685
142776,142961,143603,185,642,1,4200,1.28816199377
143543,143552,144174,9,622,1,4200,1.01446945338
143566,143611,144234,45,623,1,4200,1.07223113965
143586,143618,144211,32,593,1,4200,1.05396290051
143639,143645,144268,6,623,1,4200,1.00963081862
143644,144186,144827,542,641,8,600,1.84555382215
143730,143766,144357,36,591,1,4200,1.06091370558
143976,146602,182614,2626,36012,24,36000,1.07292013773
143984,144223,144812,239,589,1,4200,1.40577249576
144347,147325,150330,2978,3005,1,10800,1.99101497504
144347,148801,152661,4454,3860,1,10800,2.15388601036
144347,148773,151385,4426,2612,1,10800,2.69448698315
144348,156646,159714,12298,3068,1,10800,5.00847457627
144348,156323,159372,11975,3049,1,10800,4.92751721876
144348,156458,159696,12110,3238,1,10800,4.73996294009
144348,156474,158979,12126,2505,1,10800,5.84071856287
144349,156749,159447,12400,2698,1,10800,5.59599703484
144349,158991,161676,14642,2685,1,10800,6.45325884544
144349,159459,162109,15110,2650,1,10800,6.70188679245
144349,159384,162250,15035,2866,1,10800,6.24598743894
144350,162300,166065,17950,3765,1,10800,5.76759628154
144350,159708,162403,15358,2695,1,10800,6.6987012987
144350,159726,162506,15376,2780,1,10800,6.5309352518
144350,162415,165591,18065,3176,1,10800,6.68797229219
144728,177009,291077,32281,114068,4,345600,1.28299786093
144785,144792,145404,7,612,1,4200,1.0114379085
144830,144837,145451,7,614,1,4200,1.01140065147
144842,184989,186157,40147,1168,4,36000,35.3724315068
144862,144869,145488,7,619,1,4200,1.0113085622
144886,144893,145508,7,615,1,4200,1.01138211382
144932,144939,145514,7,575,1,4200,1.01217391304
145001,145009,145585,8,576,1,4200,1.01388888889
145049,181578,289585,36529,108007,16,108000,1.33820956049
145497,149386,150002,3889,616,1,4200,7.31331168831
145523,149537,150141,4014,604,1,4200,7.64569536424
146466,185015,185651,38549,636,1,18000,61.6116352201
146815,185272,185921,38457,649,1,18000,60.2557781202
147594,148161,176996,567,28835,8,28800,1.01966360326
148675,182631,331236,33956,148605,4,345600,1.22849836816
148795,156269,588317,7474,432048,20,432000,1.01729900381
151434,182680,470697,31246,288017,1,288000,1.10848665183
151512,182834,470856,31322,288022,1,288000,1.10874863726
151636,184180,472225,32544,288045,1,288000,1.11298234651
151771,184185,616214,32414,432029,1,432000,1.07502737085
151831,184191,616210,32360,432019,1,432000,1.07490411301
151864,184196,616232,32332,432036,1,432000,1.07483635623
151904,184957,617001,33053,432044,1,432000,1.07650378202
151942,184962,616989,33020,432027,1,432000,1.07643040828
151992,184968,617012,32976,432044,1,432000,1.07632555943
152029,184973,617008,32944,432035,1,432000,1.07625308135
152057,184978,617030,32921,432052,1,432000,1.07619684668
152137,187024,619056,34887,432032,1,432000,1.08075096289
152198,187030,619049,34832,432019,1,432000,1.08062608358
152638,152645,153385,7,740,2,600,1.00945945946
153484,153491,153497,7,6,1,600,1.3
153627,184984,224460,31357,39476,1,54000,1.7943307326
153649,153656,153657,7,1,1,600,1.0
153703,184174,227403,30471,43229,8,43200,1.70487404289
153771,153778,153821,7,43,1,600,1.16279069767
156274,182626,186794,26352,4168,12,14400,7.32245681382
159720,186174,209658,26454,23484,4,259200,2.12646908533
162288,171318,200121,9030,28803,8,28800,1.31350900948
164715,186991,186992,22276,1,24,28800,2227.7
181403,184995,185002,3592,7,1,3600,359.9
182610,185000,185261,2390,261,1,3540,10.1570881226
183046,185663,187770,2617,2107,1,3540,2.2420503085
183126,186197,186385,3071,188,1,3540,17.335106383
183176,186397,186725,3221,328,1,3540,10.8201219512
183226,186736,187083,3510,347,1,3540,11.1152737752
183302,186805,187050,3503,245,1,3540,15.2979591837
183352,186811,187120,3459,309,1,3540,12.1941747573
183401,186816,187459,3415,643,1,3540,6.31104199067
183452,186821,187487,3369,666,1,3540,6.05855855856
183501,186827,187473,3326,646,1,3540,6.14860681115
183552,186832,187503,3280,671,1,3540,5.88822652757
183628,186838,187541,3210,703,1,3540,5.56614509246
183828,186843,187128,3015,285,1,3540,11.5789473684
184084,186849,187036,2765,187,1,3540,15.7860962567
184135,186854,186989,2719,135,1,3540,21.1407407407
185037,185933,185941,896,8,1,1800,90.4
185119,186859,187062,1740,203,1,3600,9.57142857143
186104,186111,186187,7,76,1,1800,1.09210526316
186418,186865,186957,447,92,1,1800,5.85869565217
187204,187210,187688,6,478,1,3600,1.01255230126
187811,187817,188201,6,384,1,1800,1.015625
187941,187953,188544,12,591,1,3600,1.02030456853
188830,188836,188843,6,7,1,1800,1.3
189006,189012,189050,6,38,1,1800,1.15789473684
189048,189055,192656,7,3601,1,3600,1.00194390447
189353,189359,189435,6,76,1,1800,1.07894736842
190140,190146,190349,6,203,1,1800,1.02955665025
192777,192783,192866,6,83,1,3600,1.07228915663
193004,193011,193247,7,236,1,3600,1.02966101695
193550,193556,194016,6,460,1,3600,1.01304347826
197681,197687,287845,6,90158,1,108000,1.00006654983
198218,198225,278203,7,79978,1,108000,1.00008752407
200455,200462,201114,7,652,1,18000,1.01073619632
205499,205505,277522,6,72017,16,72000,1.00008331366
205556,205562,217925,6,12363,4,36060,1.0004853191
206098,206104,216092,6,9988,4,28800,1.00060072087
206465,206471,206560,6,89,8,3600,1.06741573034
206490,206496,206565,6,69,8,3600,1.08695652174
207704,207710,211602,6,3892,16,28800,1.00154162384
208360,208366,532395,6,324029,5,324000,1.00001851686
208368,208374,280394,6,72020,4,72000,1.00008331019
208836,208842,261638,6,52796,1,431400,1.00011364497
208951,208957,296828,6,87871,1,604200,1.00006828191
209083,209089,352179,6,143090,1,604200,1.00004193165
209153,209159,209878,6,719,1,4200,1.0083449235
209169,209176,209879,7,703,1,4200,1.00995732575
209185,209192,209895,7,703,1,4200,1.00995732575
209189,209198,209898,9,700,1,4200,1.01285714286
209208,209215,209919,7,704,1,4200,1.00994318182
209212,209222,209923,10,701,1,4200,1.01426533524
209230,209237,209943,7,706,1,4200,1.00991501416
209234,209244,209945,10,701,1,4200,1.01426533524
209474,209480,231808,6,22328,24,28800,1.00026872089
209483,243937,266344,34454,22407,24,28800,2.5376444861
209518,209524,210242,6,718,1,4200,1.00835654596
209523,232860,416188,23337,183328,2,604800,1.12729643044
209551,209558,210272,7,714,1,4200,1.00980392157
210004,210010,253241,6,43231,1,43200,1.00013878929
210043,210050,210096,7,46,8,36000,1.15217391304
210062,210069,210822,7,753,1,4200,1.00929614874
210065,210075,210782,10,707,1,4200,1.01414427157
210090,210096,210801,6,705,1,4200,1.0085106383
210092,210103,210803,11,700,1,4200,1.01571428571
210103,210109,210846,6,737,1,4200,1.00814111262
210106,210116,210813,10,697,1,4200,1.0143472023
210112,210122,210123,10,1,1,900,1.1
210152,216632,250695,6480,34063,8,36000,1.19023573966
210166,210173,210889,7,716,1,4200,1.00977653631
210169,210180,210888,11,708,1,4200,1.01553672316
210205,210212,210216,7,4,1,4200,1.1
210221,224459,253289,14238,28830,8,28800,1.49386056191
210269,210275,210970,6,695,1,4200,1.00863309353
210283,210290,210449,7,159,8,28800,1.04402515723
210312,210571,212952,259,2381,20,86399,1.10877782444
210328,224464,253272,14136,28808,8,28800,1.4906970286
210377,224470,252062,14093,27592,8,28800,1.51076398956
210447,212972,241817,2525,28845,8,28800,1.08753683481
210506,248026,253465,37520,5439,4,36000,7.89832689833
210542,215077,243906,4535,28829,8,28800,1.15730687849
210577,221261,250078,10684,28817,8,28800,1.37075337474
210640,221267,250074,10627,28807,8,28800,1.36890339154
210676,222152,250978,11476,28826,8,28800,1.39811281482
211004,253252,257529,42248,4277,4,36000,10.8779518354
211013,253284,255346,42271,2062,4,36000,21.5
211080,211086,211827,6,741,1,4200,1.00809716599
211097,211883,212583,786,700,1,4200,2.12285714286
211100,212516,213227,1416,711,1,4200,2.99156118143
211110,212521,213231,1411,710,1,4200,2.98732394366
211112,212527,213227,1415,700,1,4200,3.02142857143
211117,212532,213233,1415,701,1,4200,3.01854493581
211120,212538,213241,1418,703,1,4200,3.01706970128
211201,212547,213252,1346,705,1,4200,2.90921985816
211207,212553,213254,1346,701,1,4200,2.92011412268
211348,212967,214809,1619,1842,20,86399,1.8789359392
211436,211839,211871,403,32,1,600,13.59375
211438,253476,296704,42038,43228,1,43200,1.97247154622
211569,253290,260692,41721,7402,4,36000,6.63644960821
211597,224454,250051,12857,25597,8,28800,1.50228542407
211610,252074,576117,40464,324043,5,324000,1.12487231633
211921,212558,213264,637,706,1,4200,1.90226628895
211924,212564,213297,640,733,1,4200,1.87312414734
211936,212569,212573,633,4,1,4200,63.7
211940,212574,212579,634,5,1,4200,63.9
211966,219609,221250,7643,1641,20,86399,5.65752589884
212436,224674,416192,12238,191518,18,198000,1.06389999896
212725,224475,224664,11750,189,25,3599,63.1693121693
212955,218245,219037,5290,792,1,18000,7.67929292929
213445,213451,214154,6,703,1,4200,1.00853485064
213449,213459,214153,10,694,1,4200,1.0144092219
213550,213557,214705,7,1148,1,4200,1.00609756098
213860,213867,215012,7,1145,1,4200,1.00611353712
213880,213886,215032,6,1146,1,4200,1.00523560209
213909,213917,215066,8,1149,1,4200,1.00696257615
213939,224680,228750,10741,4070,12,86400,3.63906633907
213983,227415,231467,13432,4052,12,57600,4.31490621915
214018,228761,232971,14743,4210,12,86400,4.50190023753
214076,243942,248008,29866,4066,12,86400,8.34530250861
214130,248020,252284,33890,4264,12,86400,8.94793621013
214211,253300,346360,39089,93060,4,259200,1.42004083387
214339,214346,214854,7,508,4,7200,1.01377952756
214710,214717,214839,7,122,2,3600,1.05737704918
214846,214853,215793,7,940,1,3600,1.00744680851
214859,253306,368134,38447,114828,4,259200,1.33482251716
215398,215806,215945,408,139,1,1800,3.93525179856
215515,250990,263353,35475,12363,16,72000,3.86944916282
215821,215957,219597,136,3640,1,3600,1.03736263736
215948,216104,219738,156,3634,1,3600,1.04292790314
216329,250093,259890,33764,9797,12,57600,4.44636113096
218262,255357,291432,37095,36075,4,36060,2.02827442827
218298,222005,222014,3707,9,1,86400,371.6
218303,224499,224509,6196,10,1,86400,620.6
218711,224492,224494,5781,2,1,144000,578.3
219288,231479,245940,12191,14461,4,14400,1.84302607012
220623,221272,221993,649,721,1,4200,1.90013869626
220626,224686,225400,4060,714,1,4200,6.6862745098
220632,224945,225666,4313,721,1,4200,6.98196948682
220635,225061,225773,4426,712,1,4200,7.21629213483
220656,225412,226154,4756,742,1,4200,7.40970350404
220659,225679,226376,5020,697,1,4200,8.20229555237
221073,259279,289610,38206,30331,4,72000,2.25963535657
221396,225784,226484,4388,700,1,4200,7.26857142857
221402,225818,226529,4416,711,1,4200,7.21097046414
221900,259292,292326,37392,33034,4,72000,2.13192468366
221942,222024,233366,82,11342,1,18000,1.00722976547
221958,224521,242542,2563,18021,1,18000,1.1422229621
222031,224514,224515,2483,1,1,172800,248.4
222145,226388,227089,4243,701,1,4200,7.05278174037
222145,226497,227193,4352,696,1,4200,7.25287356322
222409,226541,227245,4132,704,1,4200,6.86931818182
222412,227101,227798,4689,697,1,4200,7.72740315638
222707,222714,222730,7,16,1,1200,1.4375
223183,223190,223201,7,11,1,1200,1.63636363636
223215,224481,225049,1266,568,1,1200,3.22887323944
223608,259636,265294,36028,5658,4,36000,7.36762106752
224054,224528,234718,474,10190,1,72000,1.04651619235
224193,243948,257749,19755,13801,1,72000,2.43141801319
224238,253533,267301,29295,13768,1,72000,3.12776002324
224280,257546,270995,33266,13449,1,72000,3.47349245297
224347,257761,270992,33414,13231,1,72000,3.52543269594
224385,259901,274563,35516,14662,1,72000,3.42231619152
224414,224487,224489,73,2,1,600,7.5
224469,259907,274482,35438,14575,1,72000,3.43142367067
224560,224567,225175,7,608,1,600,1.01151315789
224786,259912,280992,35126,21080,1,144000,2.66631878558
224880,224900,224901,20,1,1,3600,2.1
224890,224921,232146,31,7225,1,7200,1.00429065744
224999,232865,273985,7866,41120,1,54000,1.19129377432
225179,225308,225660,129,352,1,3600,1.36647727273
225199,259918,259919,34719,1,1,172800,3472.0
225665,225672,225806,7,134,1,3600,1.05223880597
225891,226167,229786,276,3619,1,3600,1.07626416137
226660,259935,277536,33275,17601,1,72000,2.89051758423
226762,227206,227907,444,701,1,4200,1.63338088445
226765,227258,227952,493,694,1,4200,1.71037463977
226820,227421,228138,601,717,1,1200,1.83821478382
226823,227427,228135,604,708,1,1200,1.85310734463
227478,260703,260721,33225,18,1,86400,1846.83333333
227716,260709,260721,32993,12,1,86400,2750.41666667
229391,253482,698736,24091,445254,1,604800,1.05410619556
229437,253487,700218,24050,446731,1,604800,1.05383552966
229455,229461,230171,6,710,1,4200,1.00845070423
229458,229469,230167,11,698,1,4200,1.01575931232
229466,229476,230174,10,698,1,4200,1.01432664756
229470,229481,230176,11,695,1,4200,1.01582733813
229491,229498,230196,7,698,1,4200,1.0100286533
229493,229505,230195,12,690,1,4200,1.01739130435
229501,229798,230496,297,698,1,4200,1.42550143266
229506,230179,230872,673,693,1,4200,1.97113997114
229512,253493,253495,23981,2,1,604800,2398.3
229545,253507,253508,23962,1,1,604800,2396.3
229553,230186,230916,633,730,1,4200,1.86712328767
229556,230191,230885,635,694,1,4200,1.91498559078
229571,253520,253521,23949,1,1,604800,2395.0
230581,230588,231288,7,700,1,4200,1.01
230584,230595,231288,11,693,1,4200,1.01587301587
230594,230601,231298,7,697,1,4200,1.01004304161
230597,230608,231301,11,693,1,4200,1.01587301587
230717,230884,231575,167,691,1,4200,1.24167872648
230720,230897,231583,177,686,1,4200,1.25801749271
230732,230928,231618,196,690,1,4200,1.28405797101
230735,231300,231987,565,687,1,4200,1.82241630277
230893,231305,232034,412,729,1,4200,1.56515775034
230913,231312,232001,399,689,1,4200,1.57910014514
231238,243917,243920,12679,3,64,36000,1268.2
231339,231346,232035,7,689,1,4200,1.01015965167
231343,231484,232189,141,705,1,4200,1.2
231359,231490,232193,131,703,1,4200,1.18634423898
231362,231495,232189,133,694,1,4200,1.1916426513
232066,252295,259262,20229,6967,12,57600,3.90354528491
232093,232099,232806,6,707,1,4200,1.00848656294
232095,232107,232803,12,696,1,4200,1.01724137931
232103,232114,232808,11,694,1,4200,1.01585014409
232105,232119,232810,14,691,1,4200,1.02026049204
232120,232127,232825,7,698,1,4200,1.0100286533
232124,232134,232824,10,690,1,4200,1.01449275362
232183,259923,349992,27740,90069,4,144000,1.30798609955
232241,232248,232894,7,646,1,4200,1.01083591331
232270,232277,232921,7,644,1,4200,1.01086956522
232325,232332,232980,7,648,1,4200,1.01080246914
232329,232339,232994,10,655,1,4200,1.01526717557
232569,259928,352358,27359,92430,4,144000,1.29599697068
232673,232681,247085,8,14404,1,14400,1.00055540128
232853,250087,293625,17234,43538,18,129600,1.39583811843
232996,233008,233652,12,644,1,4200,1.01863354037
232999,233013,233657,14,644,1,4200,1.02173913043
233044,233050,233697,6,647,1,4200,1.00927357032
233047,233057,233704,10,647,1,4200,1.01545595054
233090,233097,233746,7,649,1,4200,1.01078582435
233093,233105,233747,12,642,1,4200,1.01869158879
233138,233145,233827,7,682,1,4200,1.01026392962
233141,233153,233799,12,646,1,4200,1.01857585139
233182,233193,233839,11,646,1,4200,1.01702786378
233185,233198,233845,13,647,1,4200,1.0200927357
233863,233870,234516,7,646,1,4200,1.01083591331
233867,233877,234523,10,646,1,4200,1.01547987616
233890,233897,234624,7,727,1,4200,1.00962861073
233892,260714,368853,26822,108139,1,172800,1.24803262468
233893,233903,234591,10,688,1,4200,1.01453488372
233924,233931,234624,7,693,1,4200,1.0101010101
233927,233938,234661,11,723,1,4200,1.01521438451
233981,233988,234680,7,692,1,4200,1.01011560694
233984,233996,234683,12,687,1,4200,1.01746724891
234037,234044,234737,7,693,1,4200,1.0101010101
234040,234052,234743,12,691,1,4200,1.01736613603
234134,234141,234710,7,569,1,3000,1.01230228471
234619,234626,235352,7,726,1,4200,1.00964187328
234623,234632,235321,9,689,1,4200,1.01306240929
234636,234643,235337,7,694,1,4200,1.01008645533
234647,234655,235346,8,691,1,4200,1.01157742402
234661,234668,235360,7,692,1,4200,1.01011560694
234672,234679,235366,7,687,1,4200,1.01018922853
234692,234699,235391,7,692,1,4200,1.01011560694
234705,234711,235401,6,690,1,4200,1.00869565217
235078,235085,237006,7,1921,1,3000,1.00364393545
237708,237714,238368,6,654,1,3000,1.00917431193
238563,261082,276893,22519,15811,1,18000,2.42426159003
239504,239511,239835,7,324,1,4200,1.02160493827
239506,239517,239840,11,323,1,4200,1.03405572755
239518,239526,239848,8,322,1,4200,1.0248447205
239521,239532,239854,11,322,1,4200,1.03416149068
239526,239537,239860,11,323,1,4200,1.03405572755
239530,239543,239865,13,322,1,4200,1.04037267081
239538,239549,239871,11,322,1,4200,1.03416149068
239540,239556,239878,16,322,1,4200,1.04968944099
239563,239569,239896,6,327,1,4200,1.01834862385
239566,239577,239898,11,321,1,4200,1.03426791277
240158,243932,330350,3774,86418,25,86399,1.04367145734
243938,266355,288725,22417,22370,24,28800,2.00210102816
246542,257541,264829,10999,7288,3,10800,2.50919319429
247069,259273,259280,12204,7,7,21600,1221.1
252682,259285,259625,6603,340,1,4200,20.4205882353
252685,260719,261058,8034,339,1,4200,24.6991150442
252693,260731,261059,8038,328,1,4200,25.506097561
252696,260736,261060,8040,324,1,4200,25.8148148148
252705,261069,261393,8364,324,1,4200,26.8148148148
252708,261075,261399,8367,324,1,4200,26.8240740741
260961,261404,263010,443,1606,1,86400,1.27584059776
261011,261411,263072,400,1661,1,86400,1.24081878387
265446,265453,265711,7,258,1,3540,1.02713178295
265851,265857,268030,6,2173,1,3540,1.00276115969
265929,265936,266123,7,187,1,3540,1.03743315508
265980,265986,266260,6,274,1,3540,1.02189781022
266028,266035,266323,7,288,1,3540,1.02430555556
266101,266107,266343,6,236,1,3540,1.02542372881
266152,266158,266454,6,296,1,3540,1.02027027027
266201,266207,266707,6,500,1,3540,1.012
266250,266256,266789,6,533,1,3540,1.01125703565
266301,266307,266800,6,493,1,3540,1.0121703854
266349,266361,266899,12,538,1,3540,1.02230483271
266357,288731,311035,22374,22304,24,28800,2.0031384505
266426,266434,266996,8,562,1,3540,1.01423487544
266628,266634,266908,6,274,1,3540,1.02189781022
266884,266890,267076,6,186,1,3540,1.03225806452
266935,266941,267072,6,131,1,3540,1.04580152672
267846,267853,267860,7,7,1,3600,1.4
267974,267980,268120,6,140,1,3600,1.04285714286
268250,268257,268509,7,252,1,3600,1.02777777778
268752,268758,269323,6,565,1,3600,1.01061946903
269846,269852,269858,6,6,1,3600,1.2
269974,269980,270059,6,79,1,3600,1.07594936709
270194,270200,270433,6,233,1,3600,1.02575107296
270735,270741,271250,6,509,1,3600,1.01178781925
271424,271430,271438,6,8,1,1800,1.4
271603,271610,271682,7,72,1,1800,1.09722222222
271918,271924,272009,6,85,1,1800,1.07058823529
272514,272520,272887,6,367,1,1800,1.01634877384
273531,273537,273543,6,6,1,1800,1.2
273741,273747,273783,6,36,1,1800,1.16666666667
274022,274029,274099,7,70,1,1800,1.1
274751,274757,275006,6,249,1,1800,1.02409638554
284021,284027,325494,6,41467,30,57600,1.00014469337
284031,325506,368244,41475,42738,30,57600,1.97044784501
284042,368256,411099,84214,42843,30,57600,2.96564199519
284183,284190,348339,7,64149,1,86400,1.00010912095
284734,284741,314834,7,30093,1,86400,1.00023261224
284888,284895,315402,7,30507,1,36000,1.00022945553
284965,284971,285721,6,750,12,57600,1.008
284971,284978,287914,7,2936,1,36000,1.00238419619
287577,287583,293782,6,6199,1,18000,1.00096789805
288517,288523,288547,6,24,1,172800,1.25
288733,330889,353219,42156,22330,24,28800,2.88786386028
288991,288997,291868,6,2871,12,57600,1.00208986416
289606,289613,338298,7,48685,18,86400,1.00014378145
289726,289733,332950,7,43217,12,43200,1.0001619733
290589,290597,362622,8,72025,4,72000,1.00011107254
290648,290655,362701,7,72046,4,72000,1.00009716015
290947,290953,362991,6,72038,4,72000,1.00008328938
290949,290959,394039,10,103080,1,172800,1.00009701203
291063,291069,309445,6,18376,12,57600,1.00032651284
291228,291235,306787,7,15552,1,72000,1.00045010288
291334,291340,306485,6,15145,1,72000,1.00039617035
291370,291377,306434,7,15057,1,72000,1.00046490005
291402,291408,307613,6,16205,1,72000,1.00037025609
291742,291749,307532,7,15783,1,72000,1.00044351517
291817,291824,309005,7,17181,1,72000,1.00040742681
292206,292212,307307,6,15095,1,86400,1.00039748261
292362,292368,317905,6,25537,4,72000,1.00023495321
292573,292580,323449,7,30869,1,43200,1.00022676472
292577,292586,323455,9,30869,1,43200,1.00029155463
292612,292618,308529,6,15911,1,86400,1.00037709761
292755,292761,309542,6,16781,1,86400,1.00035754723
292796,292802,307211,6,14409,1,14400,1.00041640641
292812,292818,307859,6,15041,1,86400,1.00039890965
292869,292881,307584,12,14703,1,86400,1.00081615997
292869,292875,323458,6,30583,1,43200,1.00019618742
292880,292887,296521,7,3634,2,3600,1.00192625206
293308,293316,299759,8,6443,8,14400,1.00124165761
293334,293340,307656,6,14316,1,28800,1.00041911148
293386,293636,296255,250,2619,12,43200,1.09545628102
293556,293642,389135,86,95493,1,604800,1.00090058957
293583,293647,389137,64,95490,1,604800,1.00067022725
293602,293653,389139,51,95486,1,604800,1.00053410971
293713,296267,296273,2554,6,12,43200,256.0
293761,296890,311711,3129,14821,1,86400,1.21111935767
293818,344135,361248,50317,17113,1,86400,3.94027931982
293827,296883,306801,3056,9918,1,18000,1.30812663844
293973,344140,360450,50167,16310,1,86400,4.07584304108
294180,294187,294809,7,622,1,3540,1.01125401929
294195,294202,294841,7,639,1,3540,1.01095461659
294201,294209,294814,8,605,1,3540,1.0132231405
294210,294217,294856,7,639,1,3540,1.01095461659
294218,294822,295431,604,609,1,3540,1.99178981938
294228,294829,295436,601,607,1,3540,1.99011532125
294233,294853,295463,620,610,1,3540,2.01639344262
294240,294867,295475,627,608,1,3540,2.03125
294282,295443,296049,1161,606,1,3540,2.91584158416
294290,295450,296057,1160,607,1,3540,2.91103789127
294306,296688,368736,2382,72048,16,72000,1.03306129247
294566,295476,295477,910,1,1,7200,91.1
294647,344146,389894,49499,45748,1,108000,2.08199265542
294690,344151,389896,49461,45745,1,108000,2.08123292163
295611,295618,296224,7,606,1,3540,1.01155115512
295618,295625,296231,7,606,1,3540,1.01155115512
295622,296061,296671,439,610,1,3540,1.71967213115
295628,296070,296676,442,606,1,3540,1.72937293729
295634,296236,296873,602,637,1,3540,1.94505494505
295645,296243,296849,598,606,1,3540,1.98679867987
295675,296860,296862,1185,2,1,7200,118.7
295691,296716,297338,1025,622,1,3540,2.64790996785
295706,296840,297464,1134,624,1,3540,2.81730769231
296530,341312,449358,44782,108046,16,108000,1.41447161394
296923,297351,298637,428,1286,1,3000,1.33281493002
296951,297476,298084,525,608,1,3540,1.86348684211
296957,298096,298703,1139,607,1,3540,2.87644151565
296962,298715,299321,1753,606,1,3540,3.89273927393
296966,299347,299954,2381,607,1,3540,4.92257001647
296975,300474,301083,3499,609,1,3540,6.74548440066
296988,301095,301705,4107,610,1,3540,7.73278688525
297022,301717,302326,4695,609,1,3540,8.70935960591
297035,302338,302974,5303,636,1,3540,9.33805031447
297111,302987,303594,5876,607,1,3540,10.6803953871
297231,339411,356470,42180,17059,12,43200,3.47259511109
297734,303606,304245,5872,639,1,3540,10.1893583725
297753,304257,304865,6504,608,1,3540,11.6973684211
298015,304877,305485,6862,608,1,3540,12.2861842105
298043,309467,310101,11424,634,1,3540,19.0189274448
298049,309473,310097,11424,624,1,3540,19.3076923077
298315,299770,304800,1455,5030,8,14400,1.28926441352
298348,298649,305888,301,7239,1,7200,1.04158032877
298836,330401,416831,31565,86430,25,86399,1.36520883952
299167,299333,299335,166,2,1,900,16.8
299212,316814,319137,17602,2323,4,36000,8.57727077056
299470,299966,300462,496,496,1,900,2.0
300477,309939,350876,9462,40937,1,54000,1.23113564746
300750,317919,326113,17169,8194,4,36000,3.09531364413
300758,319153,322206,18395,3053,4,36000,7.02522109401
302392,356538,510772,54146,154234,8,345600,1.35106396774
302654,315970,315989,13316,19,1,43200,701.842105263
302662,316002,316013,13340,11,1,43200,1213.72727273
304034,304812,304813,778,1,8,7200,77.9
304139,304825,316802,686,11977,8,14400,1.05727644652
304262,309462,313370,5200,3908,8,21600,2.33060388946
304306,310113,316466,5807,6353,8,14400,1.91405635133
304562,311047,318277,6485,7230,8,7200,1.8969571231
304786,311052,314116,6266,3064,8,14400,3.04503916449
305276,305497,305498,221,1,1,7200,22.2
305276,305510,305557,234,47,1,7200,5.97872340426
305276,305569,305570,293,1,1,7200,29.4
305276,305582,305740,306,158,1,7200,2.93670886076
305277,305855,305856,578,1,1,7200,57.9
305277,305752,305819,475,67,1,7200,8.08955223881
305277,305831,305843,554,12,1,7200,47.1666666667
305277,305908,306246,631,338,1,7200,2.86686390533
305277,305868,306105,591,237,1,7200,3.49367088608
305278,306117,307326,839,1209,1,7200,1.69396195203
305278,306259,313497,981,7238,1,7200,1.13553467809
305278,306459,308150,1181,1691,1,7200,1.69840331165
305278,306446,306447,1168,1,1,7200,116.9
305279,306814,306815,1535,1,1,7200,153.6
305279,306799,306804,1520,5,1,7200,152.5
305279,306497,306498,1218,1,1,7200,121.9
305279,306510,306511,1231,1,1,7200,123.2
305279,306523,309834,1244,3311,1,7200,1.37571730595
305280,306844,314076,1564,7232,1,7200,1.21626106195
305280,306822,306825,1542,3,1,7200,154.5
305281,306851,307707,1570,856,1,7200,2.83411214953
305281,307240,314456,1959,7216,1,7200,1.27148004435
305281,307339,307349,2058,10,1,7200,206.8
305281,307319,307338,2038,19,1,7200,108.263157895
305281,307223,307227,1942,4,1,7200,194.6
305282,307368,307644,2086,276,1,7200,8.55797101449
305282,307361,307362,2079,1,1,7200,208.0
305282,307350,307352,2068,2,1,7200,207.0
305283,307582,307655,2299,73,1,7200,32.4931506849
305283,307387,308112,2104,725,1,7200,3.90206896552
305284,307626,309309,2342,1683,1,7200,2.39156268568
305284,307596,307597,2312,1,1,7200,231.3
305284,307656,307663,2372,7,1,7200,237.9
305284,307609,307808,2325,199,1,7200,12.6834170854
305285,307668,307670,2383,2,1,7200,238.5
305285,307688,308825,2403,1137,1,7200,3.11345646438
305285,307681,307682,2396,1,1,7200,239.7
305285,307673,307674,2388,1,1,7200,238.9
305286,307719,307721,2433,2,1,7200,243.5
305286,307701,313553,2415,5852,1,7200,1.41267942584
305286,307693,307695,2407,2,1,7200,240.9
305286,307709,314919,2423,7210,1,7200,1.33606102635
305286,307733,308143,2447,410,1,7200,6.96829268293
305287,307884,307991,2597,107,1,7200,25.2710280374
305287,307871,307872,2584,1,1,7200,258.5
305287,307820,307883,2533,63,1,7200,41.2063492063
305287,307895,307919,2608,24,1,7200,109.666666667
305288,307979,307981,2691,2,1,7200,269.3
305288,308003,309709,2715,1706,1,7200,2.59144196952
305288,307994,308828,2706,834,1,7200,4.24460431655
305288,307931,307944,2643,13,1,7200,204.307692308
305288,307956,307967,2668,11,1,7200,243.545454545
305289,308155,308178,2866,23,1,7200,125.608695652
305289,308163,308164,2874,1,1,7200,287.5
305289,308124,308144,2835,20,1,7200,142.75
305289,308168,308823,2879,655,1,7200,5.39541984733
305289,308176,308212,2887,36,1,7200,81.1944444444
305290,308190,308191,2900,1,1,7200,290.1
305290,308217,308230,2927,13,1,7200,226.153846154
305290,308225,308226,2935,1,1,7200,293.6
305291,308674,315890,3383,7216,1,7200,1.46881929047
305291,308836,316047,3545,7211,1,7200,1.49161004022
305291,308541,308661,3250,120,1,7200,28.0833333333
305291,308247,309422,2956,1175,1,7200,3.51574468085
305291,308239,315443,2948,7204,1,7200,1.40921710161
305292,308857,308895,3565,38,1,7200,94.8157894737
305292,308849,309926,3557,1077,1,7200,4.30269266481
305292,308844,308845,3552,1,1,7200,355.3
305292,308907,309110,3615,203,1,7200,18.8078817734
305292,309017,316244,3725,7227,1,7200,1.51542825515
305293,309321,309416,4028,95,1,7200,43.4
305293,309428,309430,4135,2,1,7200,413.7
305293,309435,316644,4142,7209,1,7200,1.5745595783
305293,309122,310576,3829,1454,1,7200,3.63342503439
305294,309442,309443,4148,1,1,7200,414.9
305294,309455,309737,4161,282,1,7200,15.7553191489
305294,310589,310590,5295,1,1,7200,529.6
305295,310651,310861,5356,210,1,7200,26.5047619048
305295,310874,318078,5579,7204,1,7200,1.77443087174
305296,311069,311721,5773,652,1,7200,9.85429447853
305296,311074,311075,5778,1,1,7200,577.9
305296,311063,312914,5767,1851,1,7200,4.11561318206
305296,311103,311104,5807,1,1,7200,580.8
305297,311108,311109,5811,1,1,7200,581.2
305297,311130,311133,5833,3,1,7200,583.6
305297,311115,311116,5818,1,1,7200,581.9
305298,311232,311940,5934,708,1,7200,9.3813559322
305298,311216,312486,5918,1270,1,7200,5.65984251969
305298,311145,311219,5847,74,1,7200,80.0135135135
305298,311152,311203,5854,51,1,7200,115.784313725
305299,311864,311866,6565,2,1,7200,656.7
305299,311772,311852,6473,80,1,7200,81.9125
305299,311878,319124,6579,7246,1,7200,1.90794921336
305299,311952,312611,6653,659,1,7200,11.095599393
305299,311733,311760,6434,27,1,7200,239.296296296
305300,312520,312521,7220,1,1,7200,722.1
305300,312533,312614,7233,81,1,7200,90.2962962963
305300,312623,317193,7323,4570,1,7200,2.60240700219
305300,312498,312508,7198,10,1,7200,720.8
305301,313071,313204,7770,133,1,7200,59.4210526316
305301,313216,313217,7915,1,1,7200,791.6
305301,312926,312927,7625,1,1,7200,762.6
305301,312630,314899,7329,2269,1,7200,4.23005729396
305301,312940,313058,7639,118,1,7200,65.7372881356
305302,313278,313279,7976,1,1,7200,797.7
305303,313509,317350,8206,3841,1,7200,3.13642280656
305303,313303,314469,8000,1166,1,7200,7.86106346484
305303,313565,313691,8262,126,1,7200,66.5714285714
305304,313703,313704,8399,1,1,7200,840.0
305304,314331,314332,9027,1,1,7200,902.8
305304,314088,314130,8784,42,1,7200,210.142857143
305304,313717,314400,8413,683,1,7200,13.317715959
305304,314142,314319,8838,177,1,7200,50.9322033898
305305,314345,314547,9040,202,1,7200,45.7524752475
305305,314428,314499,9123,71,1,7200,129.492957746
305305,314468,314675,9163,207,1,7200,45.2657004831
305305,314412,314416,9107,4,1,7200,911.1
305306,314485,314490,9179,5,1,7200,918.4
305306,314511,321727,9205,7216,1,7200,2.27563747228
305306,314682,315594,9376,912,1,7200,11.2807017544
305306,314502,314669,9196,167,1,7200,56.0658682635
305306,314559,314671,9253,112,1,7200,83.6160714286
305307,314694,314809,9387,115,1,7200,82.6260869565
305307,314822,314919,9515,97,1,7200,99.0927835052
305307,314689,314842,9382,153,1,7200,62.3202614379
305308,314917,315368,9609,451,1,7200,22.3059866962
305308,314854,314862,9546,8,1,7200,955.4
305308,314903,315405,9595,502,1,7200,20.1135458167
305308,314874,314887,9566,13,1,7200,736.846153846
305309,315141,315431,9832,290,1,7200,34.9034482759
305309,314930,315128,9621,198,1,7200,49.5909090909
305309,315190,315278,9881,88,1,7200,113.284090909
305309,315290,315294,9981,4,1,7200,998.5
305309,314936,315178,9627,242,1,7200,40.7809917355
305310,315306,315393,9996,87,1,7200,115.896551724
305310,315380,315400,10070,20,1,7200,504.5
305310,315413,315628,10103,215,1,7200,47.9906976744
305310,315406,315461,10096,55,1,7200,184.563636364
305311,315420,315427,10109,7,1,7200,1011.6
305311,315439,315471,10128,32,1,7200,317.5
305311,315460,315461,10149,1,1,7200,1015.0
305311,315446,322658,10135,7212,1,7200,2.40529672768
305312,315487,318530,10175,3043,1,7200,4.34373973053
305312,315480,317112,10168,1632,1,7200,7.23039215686
305313,315553,315985,10240,432,1,7200,24.7037037037
305314,315822,316104,10508,282,1,7200,38.2624113475
305314,315997,316102,10683,105,1,7200,102.742857143
305314,315640,315809,10326,169,1,7200,62.100591716
305314,315902,316646,10588,744,1,7200,15.2311827957
305314,315606,316190,10292,584,1,7200,18.6232876712
305315,316059,316186,10744,127,1,7200,85.5984251969
305315,316199,323445,10884,7246,1,7200,2.50207010765
305315,316115,319733,10800,3618,1,7200,3.98507462687
305315,316122,318186,10807,2064,1,7200,6.2359496124
305316,316639,316658,11323,19,1,7200,596.947368421
305316,316621,316627,11305,6,1,7200,1131.1
305316,316257,322568,10941,6311,1,7200,2.73363967675
305316,316206,316609,10890,403,1,7200,28.0223325062
305317,316849,317146,11532,297,1,7200,39.8282828283
305317,316679,316990,11362,311,1,7200,37.5337620579
305317,316670,316854,11353,184,1,7200,62.7010869565
305317,316656,316836,11339,180,1,7200,63.9944444444
305317,316663,316667,11346,4,1,7200,1135.0
305318,316922,324150,11604,7228,1,7200,2.60542335362
305318,317124,317136,11806,12,1,7200,984.833333333
305318,316867,316910,11549,43,1,7200,269.581395349
305318,317002,318141,11684,1139,1,7200,11.2581211589
305319,317158,317342,11839,184,1,7200,65.3423913043
305319,317363,317406,12044,43,1,7200,281.093023256
305319,317148,317995,11829,847,1,7200,14.9657615112
305319,317354,317654,12035,300,1,7200,41.1166666667
305319,317206,324437,11887,7231,1,7200,2.6438943438
305320,317418,317495,12098,77,1,7200,158.116883117
305320,317666,317804,12346,138,1,7200,90.4637681159
305320,317508,317663,12188,155,1,7200,79.6322580645
305320,317675,317682,12355,7,1,7200,1236.2
305321,317702,317762,12381,60,1,7200,207.35
305321,317816,317900,12495,84,1,7200,149.75
305321,318007,318352,12686,345,1,7200,37.7710144928
305321,317774,318199,12453,425,1,7200,30.3011764706
305321,317912,318312,12591,400,1,7200,32.4775
305322,318211,319506,12889,1295,1,7200,10.9528957529
305322,318154,318202,12832,48,1,7200,268.333333333
305322,318090,318206,12768,116,1,7200,111.068965517
305322,318198,318216,12876,18,1,7200,716.333333333
305323,318268,320069,12945,1801,1,7200,8.18767351471
305323,318223,319145,12900,922,1,7200,14.9913232104
305323,318218,318408,12895,190,1,7200,68.8684210526
305323,318229,318255,12906,26,1,7200,497.384615385
305324,318420,325631,13096,7211,1,7200,2.81611426987
305324,318364,318584,13040,220,1,7200,60.2727272727
305324,318324,318461,13000,137,1,7200,95.8905109489
305324,318473,318522,13149,49,1,7200,269.346938776
305325,318601,318602,13276,1,1,7200,1327.7
305325,318594,325840,13269,7246,1,7200,2.8312172233
305325,318534,318582,13209,48,1,7200,276.1875
305325,318570,325809,13245,7239,1,7200,2.82967260671
305325,318543,318558,13218,15,1,7200,882.2
305329,319139,319800,13810,661,1,7200,21.8925869894
305329,318771,319133,13442,362,1,7200,38.1325966851
305329,319160,322865,13831,3705,1,7200,4.7330634278
305329,319146,319173,13817,27,1,7200,512.740740741
305330,319215,319223,13885,8,1,7200,1389.3
305330,319235,326437,13905,7202,1,7200,2.93071369064
305330,319518,319688,14188,170,1,7200,84.4588235294
305330,319701,320074,14371,373,1,7200,39.528150134
305330,319186,319203,13856,17,1,7200,816.058823529
305331,319812,327051,14481,7239,1,7200,3.00041442188
305331,320004,320057,14673,53,1,7200,277.849056604
305331,319746,319965,14415,219,1,7200,66.8219178082
305331,320068,320252,14737,184,1,7200,81.0923913043
305332,320154,327400,14822,7246,1,7200,3.0455423682
305332,320131,320141,14799,10,1,7200,1480.9
305332,320082,320092,14750,10,1,7200,1476.0
305332,320104,320119,14772,15,1,7200,985.8
305332,320089,323655,14757,3566,1,7200,5.13825014021
305333,321014,321290,15681,276,1,7200,57.8152173913
305333,321302,321464,15969,162,1,7200,99.5740740741
305333,320983,321002,15650,19,1,7200,824.684210526
305333,320264,320972,14931,708,1,7200,22.0889830508
305334,321477,321492,16143,15,1,7200,1077.2
305334,321739,321811,16405,72,1,7200,228.847222222
305334,321503,323155,16169,1652,1,7200,10.7875302663
305335,321823,322161,16488,338,1,7200,49.7810650888
305335,322173,322386,16838,213,1,7200,80.0516431925
305335,322581,322587,17246,6,1,7200,1725.2
305335,322599,323273,17264,674,1,7200,26.6142433234
305335,322399,322628,17064,229,1,7200,75.5152838428
305336,322640,324088,17304,1448,1,7200,12.9502762431
305336,322877,322942,17541,65,1,7200,270.861538462
305336,322670,322676,17334,6,1,7200,1734.0
305336,322688,324037,17352,1349,1,7200,13.8628613788
305336,322954,322983,17618,29,1,7200,608.517241379
305337,322995,322998,17658,3,1,7200,1766.1
305337,323010,323026,17673,16,1,7200,1105.5625
305337,323038,323222,17701,184,1,7200,97.2010869565
305337,323167,323224,17830,57,1,7200,313.807017544
305338,323233,323277,17895,44,1,7200,407.704545455
305338,323336,323347,17998,11,1,7200,1637.18181818
305338,323327,323333,17989,6,1,7200,1799.5
305338,323241,323324,17903,83,1,7200,216.698795181
305338,323321,325592,17983,2271,1,7200,8.91853808895
305339,323416,323455,18077,39,1,7200,464.512820513
305339,323346,323726,18007,380,1,7200,48.3868421053
305339,323362,323404,18023,42,1,7200,430.119047619
305339,323457,325902,18118,2445,1,7200,8.41022494888
305340,323467,323551,18127,84,1,7200,216.797619048
305340,323738,323826,18398,88,1,7200,210.068181818
305340,323839,323854,18499,15,1,7200,1234.26666667
305340,323564,323946,18224,382,1,7200,48.7068062827
305340,323668,330876,18328,7208,1,7200,3.54273029967
305341,323866,323883,18525,17,1,7200,1090.70588235
305341,324049,331278,18708,7229,1,7200,3.58790980772
305341,323895,324505,18554,610,1,7200,31.4163934426
305341,323959,324173,18618,214,1,7200,88.0
305342,324204,324430,18862,226,1,7200,84.4601769912
305342,324185,324914,18843,729,1,7200,26.8477366255
305342,324150,324192,18808,42,1,7200,448.80952381
305342,324101,324138,18759,37,1,7200,508.0
305342,324162,324314,18820,152,1,7200,124.815789474
305343,324449,324572,19106,123,1,7200,156.333333333
305343,324442,324457,19099,15,1,7200,1274.26666667
305343,324327,331558,18984,7231,1,7200,3.62536302033
305343,324469,324494,19126,25,1,7200,766.04
305344,324507,324521,19163,14,1,7200,1369.78571429
305344,324534,325060,19190,526,1,7200,37.4828897338
305344,324518,324561,19174,43,1,7200,446.906976744
305344,324584,324634,19240,50,1,7200,385.8
305344,324573,324823,19229,250,1,7200,77.916
305345,324751,324951,19406,200,1,7200,98.03
305345,324835,324916,19490,81,1,7200,241.617283951
305345,324647,324738,19302,91,1,7200,213.10989011
305346,325075,325152,19729,77,1,7200,257.220779221
305346,325068,325220,19722,152,1,7200,130.75
305346,324933,325480,19587,547,1,7200,36.8080438757
305346,324964,325055,19618,91,1,7200,216.582417582
305346,324926,325089,19580,163,1,7200,121.122699387
305347,325202,325213,19855,11,1,7200,1806.0
305347,325179,325189,19832,10,1,7200,1984.2
305347,325102,325149,19755,47,1,7200,421.319148936
305347,325174,325204,19827,30,1,7200,661.9
305348,325216,325227,19868,11,1,7200,1807.18181818
305348,325226,325273,19878,47,1,7200,423.936170213
305348,325240,325276,19892,36,1,7200,553.555555556
305348,325285,325302,19937,17,1,7200,1173.76470588
305348,325233,332459,19885,7226,1,7200,3.75186825353
305349,325337,325364,19988,27,1,7200,741.296296296
305349,325315,325325,19966,10,1,7200,1997.6
305349,325377,325607,20028,230,1,7200,88.0782608696
305349,325292,325779,19943,487,1,7200,41.9507186858
305349,325492,325572,20143,80,1,7200,252.7875
305350,325584,325674,20234,90,1,7200,225.822222222
305350,325643,332870,20293,7227,1,7200,3.80794243808
305350,325604,326425,20254,821,1,7200,25.6699147381
305350,325620,326241,20270,621,1,7200,33.6409017713
305351,326125,326396,20774,271,1,7200,77.6568265683
305351,325726,325800,20375,74,1,7200,276.337837838
305351,325710,325714,20359,4,1,7200,2036.3
305351,325687,325698,20336,11,1,7200,1849.72727273
305352,326149,326674,20797,525,1,7200,40.6133333333
305352,326136,326151,20784,15,1,7200,1386.6
305352,326131,326133,20779,2,1,7200,2078.1
305352,326142,326200,20790,58,1,7200,359.448275862
305353,326329,326505,20976,176,1,7200,120.181818182
305353,326164,326191,20811,27,1,7200,771.777777778
305353,326203,326268,20850,65,1,7200,321.769230769
305353,326212,326377,20859,165,1,7200,127.418181818
305353,326280,326317,20927,37,1,7200,566.594594595
305354,326390,326589,21036,199,1,7200,106.708542714
305354,326408,326473,21054,65,1,7200,324.907692308
305354,326506,326938,21152,432,1,7200,49.962962963
305354,326485,326775,21131,290,1,7200,73.8655172414
305355,326535,333772,21180,7237,1,7200,3.92662705541
305355,326540,326611,21185,71,1,7200,299.38028169
305355,326527,326530,21172,3,1,7200,2117.5
305355,326520,326531,21165,11,1,7200,1925.09090909
305356,326567,326585,21211,18,1,7200,1179.38888889
305356,326552,326554,21196,2,1,7200,2119.8
305356,326547,327116,21191,569,1,7200,38.2425307557
305356,326597,326612,21241,15,1,7200,1417.06666667
305357,326605,327071,21248,466,1,7200,46.5965665236
305357,326637,326886,21280,249,1,7200,86.4618473896
305357,326623,326624,21266,1,1,7200,2126.7
305357,326658,326659,21301,1,1,7200,2130.2
305357,326628,326646,21271,18,1,7200,1182.72222222
305358,326686,326839,21328,153,1,7200,140.39869281
305358,326691,326692,21333,1,1,7200,2133.4
305358,326672,326673,21314,1,1,7200,2131.5
305359,326787,326789,21428,2,1,7200,2143.0
305359,326831,328499,21472,1668,1,7200,13.8729016787
305359,326801,326802,21442,1,1,7200,2144.3
305359,326814,326818,21455,4,1,7200,2145.9
305359,326717,326903,21358,186,1,7200,115.827956989
305360,326890,334116,21530,7226,1,7200,3.97951840576
305360,326851,326853,21491,2,1,7200,2149.3
305361,326899,326922,21538,23,1,7200,937.434782609
305361,326915,326916,21554,1,1,7200,2155.5
305361,326936,326937,21575,1,1,7200,2157.6
305362,326968,326990,21606,22,1,7200,983.090909091
305362,327003,327004,21641,1,1,7200,2164.2
305362,326955,326956,21593,1,1,7200,2159.4
305362,326950,327001,21588,51,1,7200,424.294117647
305362,326943,326992,21581,49,1,7200,441.428571429
305363,327029,327031,21666,2,1,7200,2166.8
305363,327022,327068,21659,46,1,7200,471.847826087
305363,327017,327018,21654,1,1,7200,2165.5
305364,327034,327225,21670,191,1,7200,114.455497382
305364,327044,327047,21680,3,1,7200,2168.3
305364,327073,327074,21709,1,1,7200,2171.0
305365,327113,327116,21748,3,1,7200,2175.1
305365,327092,327138,21727,46,1,7200,473.326086957
305365,327080,327309,21715,229,1,7200,95.8253275109
305366,327133,327559,21767,426,1,7200,52.0962441315
305366,327151,327153,21785,2,1,7200,2178.7
305366,327141,327175,21775,34,1,7200,641.441176471
305367,327202,334403,21835,7201,1,7200,4.03221774754
305367,327166,327177,21799,11,1,7200,1982.72727273
305367,327188,327189,21821,1,1,7200,2182.2
305367,327195,327198,21828,3,1,7200,2183.1
305368,327257,334473,21889,7216,1,7200,4.03339800443
305368,327223,327229,21855,6,1,7200,2186.1
305368,327237,327251,21869,14,1,7200,1563.07142857
305369,327287,327308,21918,21,1,7200,1044.71428571
305369,327320,327324,21951,4,1,7200,2195.5
305369,327264,327627,21895,363,1,7200,61.3168044077
305370,327374,327391,22004,17,1,7200,1295.35294118
305370,327336,327484,21966,148,1,7200,149.418918919
305370,327355,327362,21985,7,1,7200,2199.2
305370,327327,327328,21957,1,1,7200,2195.8
305371,327403,327459,22032,56,1,7200,394.428571429
305371,327513,327514,22142,1,1,7200,2214.3
305371,327470,327500,22099,30,1,7200,737.633333333
305371,327497,327532,22126,35,1,7200,633.171428571
305372,327546,334765,22174,7219,1,7200,4.07161656739
305372,327539,327540,22167,1,1,7200,2216.8
305372,327566,334804,22194,7238,1,7200,4.06631666206
305373,327573,327574,22200,1,1,7200,2220.1
305373,327586,327768,22213,182,1,7200,123.049450549
305373,327639,330019,22266,2380,1,7200,10.3554621849
305373,327781,331170,22408,3389,1,7200,7.61197993508
305374,328511,328512,23137,1,1,7200,2313.8
305374,328525,328534,23151,9,1,7200,2316.0
305375,328572,328573,23197,1,1,7200,2319.8
305375,328585,328646,23210,61,1,7200,381.491803279
305375,328658,328843,23283,185,1,7200,126.854054054
305376,328855,328868,23479,13,1,7200,1807.07692308
305376,328880,328881,23504,1,1,7200,2350.5
305376,328907,328971,23531,64,1,7200,368.671875
305376,328984,328986,23608,2,1,7200,2361.0
305377,329038,329043,23661,5,1,7200,2366.6
305377,329022,329026,23645,4,1,7200,2364.9
305378,329068,329083,23690,15,1,7200,1580.33333333
305378,329142,329145,23764,3,1,7200,2376.7
305378,329096,329129,23718,33,1,7200,719.727272727
305379,329199,332102,23820,2903,1,7200,9.20530485704
305379,329169,329170,23790,1,1,7200,2379.1
305379,329182,329186,23803,4,1,7200,2380.7
305379,330031,337250,24652,7219,1,7200,4.41487740684
305379,331183,331199,25804,16,1,7200,1613.75
305380,331211,331227,25831,16,1,7200,1615.4375
305380,331239,331256,25859,17,1,7200,1522.11764706
305380,331269,331270,25889,1,1,7200,2589.0
305381,331290,331291,25909,1,1,7200,2591.0
305381,331304,331308,25923,4,1,7200,2592.7
305381,331297,338543,25916,7246,1,7200,4.57659398289
305382,331390,331392,26008,2,1,7200,2601.0
305382,331404,331539,26022,135,1,7200,193.755555556
305382,331359,331377,25977,18,1,7200,1444.16666667
305383,331565,331643,26182,78,1,7200,336.666666667
305383,331656,331658,26273,2,1,7200,2627.5
305383,331585,332419,26202,834,1,7200,32.4172661871
305383,331572,331573,26189,1,1,7200,2619.0
305383,331552,331553,26169,1,1,7200,2617.0
305384,332115,332200,26731,85,1,7200,315.482352941
305384,332190,339429,26806,7239,1,7200,4.70299765161
305384,331669,332164,26285,495,1,7200,54.101010101
305384,332177,332178,26793,1,1,7200,2679.4
305385,332228,333382,26843,1154,1,7200,24.2608318891
305385,332431,332433,27046,2,1,7200,2704.8
305385,332213,332217,26828,4,1,7200,2683.2
305386,332457,334403,27071,1946,1,7200,14.9110996917
305386,332472,332492,27086,20,1,7200,1355.3
305386,332882,332908,27496,26,1,7200,1058.53846154
305386,332504,333832,27118,1328,1,7200,21.4201807229
305387,333394,333398,28007,4,1,7200,2801.1
305387,332968,333052,27581,84,1,7200,329.345238095
305387,332920,332921,27533,1,1,7200,2753.4
305387,332933,333980,27546,1047,1,7200,27.3094555874
305387,333064,333559,27677,495,1,7200,56.9131313131
305388,333422,333437,28034,15,1,7200,1869.93333333
305388,333571,333732,28183,161,1,7200,176.049689441
305388,333449,340678,28061,7229,1,7200,4.88172637986
305389,333845,333853,28456,8,1,7200,2846.4
305389,333771,334054,28382,283,1,7200,101.28975265
305389,333784,334141,28395,357,1,7200,80.5378151261
305389,333745,333747,28356,2,1,7200,2835.8
305390,333865,335013,28475,1148,1,7200,25.8040069686
305390,333992,333996,28602,4,1,7200,2860.6
305390,334009,334012,28619,3,1,7200,2862.2
305390,334128,335095,28738,967,1,7200,30.7187176836
305391,334485,334966,29094,481,1,7200,61.4864864865
305391,334066,341300,28675,7234,1,7200,4.963920376
305391,334090,334092,28699,2,1,7200,2870.1
305391,334036,334077,28645,41,1,7200,699.658536585
305392,334153,334975,28761,822,1,7200,35.9890510949
305392,334777,334999,29385,222,1,7200,133.364864865
305392,334105,334157,28713,52,1,7200,553.173076923
305392,334169,334170,28777,1,1,7200,2877.8
305392,334800,335327,29408,527,1,7200,56.8026565465
305393,335513,335586,30120,73,1,7200,413.602739726
305393,334183,334194,28790,11,1,7200,2618.27272727
305393,334817,337159,29424,2342,1,7200,13.5636208369
305393,334207,334208,28814,1,1,7200,2881.5
305394,334234,334300,28840,66,1,7200,437.96969697
305394,335598,335604,30204,6,1,7200,3021.0
305394,334312,334316,28918,4,1,7200,2892.2
305395,334415,334417,29020,2,1,7200,2902.2
305395,334429,334441,29034,12,1,7200,2420.5
305395,334420,334540,29025,120,1,7200,242.875
305395,334341,334577,28946,236,1,7200,123.652542373
305396,334987,337844,29591,2857,1,7200,11.3573678684
305396,334978,334980,29582,2,1,7200,2958.4
305396,334551,336878,29155,2327,1,7200,13.5290073055
305396,334453,334657,29057,204,1,7200,143.43627451
305397,334669,334716,29272,47,1,7200,623.808510638
305397,334725,334787,29328,62,1,7200,474.032258065
305397,334589,334712,29192,123,1,7200,238.333333333
305398,334994,337645,29596,2651,1,7200,12.164089023
305398,335011,335063,29613,52,1,7200,570.480769231
305398,335039,335053,29641,14,1,7200,2118.21428571
305398,335025,335026,29627,1,1,7200,2962.8
305398,334744,336140,29346,1396,1,7200,22.0214899713
305399,335076,335077,29677,1,1,7200,2967.8
305399,335090,335123,29691,33,1,7200,900.727272727
305399,335065,335089,29666,24,1,7200,1237.08333333
305399,335101,342322,29702,7221,1,7200,5.11328070904
305400,335123,335447,29723,324,1,7200,92.737654321
305400,335108,335110,29708,2,1,7200,2971.0
305400,335135,335136,29735,1,1,7200,2973.6
305401,335339,335436,29938,97,1,7200,309.639175258
305401,335161,342374,29760,7213,1,7200,5.12588382088
305401,335449,335593,30048,144,1,7200,209.666666667
305402,335487,335489,30085,2,1,7200,3008.7
305402,335460,335461,30058,1,1,7200,3005.9
305402,335605,335622,30203,17,1,7200,1777.64705882
305403,335727,335728,30324,1,1,7200,3032.5
305403,335711,335715,30308,4,1,7200,3031.2
305403,335616,335698,30213,82,1,7200,369.451219512
305403,335634,342868,30231,7234,1,7200,5.17901575892
305404,337532,337944,32128,412,1,7200,78.9805825243
305404,337558,337571,32154,13,1,7200,2474.38461538
305404,335740,336061,30336,321,1,7200,95.5046728972
305404,336074,336140,30670,66,1,7200,465.696969697
305404,336152,336153,30748,1,1,7200,3074.9
305405,337597,337801,32192,204,1,7200,158.803921569
305405,337626,337889,32221,263,1,7200,123.513307985
305405,337584,337585,32179,1,1,7200,3218.0
305405,337611,337614,32206,3,1,7200,3220.9
305406,337735,338676,32329,941,1,7200,35.3560042508
305406,337835,337911,32429,76,1,7200,427.697368421
305406,337857,337866,32451,9,1,7200,3246.0
305406,337814,337823,32408,9,1,7200,3241.7
305406,337657,337722,32251,65,1,7200,497.169230769
305407,336157,336167,30750,10,1,7200,3076.0
305407,337895,338621,32488,726,1,7200,45.7493112948
305407,337878,337883,32471,5,1,7200,3247.6
305408,336166,336220,30758,54,1,7200,570.592592593
305408,336267,336322,30859,55,1,7200,562.072727273
305408,336179,336465,30771,286,1,7200,108.590909091
305408,336232,336255,30824,23,1,7200,1341.17391304
305409,336333,343573,30924,7240,1,7200,5.27127071823
305409,336567,337546,31158,979,1,7200,32.8263534219
305409,336477,336536,31068,59,1,7200,527.576271186
305409,336553,336555,31144,2,1,7200,3114.6
305409,336891,336895,31482,4,1,7200,3148.6
305410,336907,337599,31497,692,1,7200,46.5158959538
305410,337185,338162,31775,977,1,7200,33.5230296827
305410,337262,337264,31852,2,1,7200,3185.4
305410,337171,337172,31761,1,1,7200,3176.2
305411,337276,337283,31865,7,1,7200,3187.2
305411,337296,337338,31885,42,1,7200,760.166666667
305411,337351,337519,31940,168,1,7200,191.119047619
308844,356527,378991,47683,22464,12,57600,3.12264066952
308853,356532,378995,47679,22463,12,57600,3.12255709389
310231,311079,318511,848,7432,1,18000,1.11410118407
310329,311085,311652,756,567,1,3540,2.33333333333
310330,311090,311653,760,563,1,3540,2.34991119005
310331,311096,311658,765,562,1,3540,2.36120996441
310331,311664,312240,1333,576,1,3540,3.31423611111
310332,311671,312249,1339,578,1,3540,3.31660899654
310333,311677,312225,1344,548,1,3540,3.45255474453
310334,312237,312784,1903,547,1,3540,4.478976234
310334,311723,312304,1389,581,1,3540,3.39070567986
311895,330407,373613,18512,43206,25,43199,1.42845901032
313038,313382,323291,344,9909,1,18000,1.03471591482
313179,313186,313873,7,687,1,1740,1.01018922853
313180,313193,313876,13,683,1,1740,1.01903367496
313181,313198,313884,17,686,1,1740,1.02478134111
313182,313204,313893,22,689,1,1740,1.03193033382
313183,313393,314083,210,690,1,1740,1.30434782609
313183,313387,314093,204,706,1,1740,1.28895184136
313184,313398,314135,214,737,1,1740,1.29036635007
313185,313403,314140,218,737,1,1740,1.29579375848
313788,313795,314360,7,565,1,7200,1.01238938053
314124,314131,314584,7,453,1,7200,1.01545253863
314439,314445,314448,6,3,1,3540,1.0
314471,314478,314480,7,2,1,3540,1.0
314582,314589,314591,7,2,1,3540,1.0
314888,314895,314898,7,3,1,3540,1.0
314899,314909,350930,10,36021,1,36000,1.00027761584
315023,315030,315033,7,3,1,7200,1.0
315092,330362,330390,15270,28,64,36000,546.357142857
315444,315453,349179,9,33726,1,36000,1.00026685643
315458,315467,315490,9,23,1,7200,1.39130434783
315692,363016,379135,47324,16119,12,57600,3.93591413859
315765,315773,315797,8,24,1,7200,1.33333333333
315878,315886,323114,8,7228,1,7200,1.00110680686
316010,316018,316043,8,25,1,7200,1.32
316079,316086,316144,7,58,1,36000,1.12068965517
316253,316264,316293,11,29,1,7200,1.37931034483
316285,316293,352316,8,36023,1,36000,1.00022208034
316351,316358,317567,7,1209,1,43200,1.00578990902
316353,316364,316383,11,19,1,7200,1.57894736842
316373,316478,317684,105,1206,1,43200,1.08706467662
316397,316404,317413,7,1009,1,7200,1.00693756194
316425,316433,316441,8,8,1,7200,1.6
316461,316821,352843,360,36022,1,36000,1.00999389262
316464,316471,316491,7,20,1,7200,1.35
316616,317577,352948,961,35371,1,36000,1.02716914987
316620,316628,317458,8,830,1,7200,1.00963855422
316699,322552,349612,5853,27060,1,36000,1.21629711752
316995,317694,339289,699,21595,1,36000,1.03236860384
318072,322218,322540,4146,322,4,21600,13.8757763975
319392,319404,319600,12,196,1,1140,1.0612244898
319392,319398,319599,6,201,1,1140,1.02985074627
319393,319416,319610,23,194,1,1140,1.11855670103
319393,319410,319610,17,200,1,1140,1.085
319394,319421,319610,27,189,1,1140,1.14285714286
319395,319427,319632,32,205,1,1140,1.15609756098
319395,319432,319632,37,200,1,1140,1.185
319396,319437,319632,41,195,1,1140,1.21025641026
319626,319632,320326,6,694,1,7200,1.00864553314
319663,319669,320535,6,866,1,7200,1.00692840647
319951,319963,319965,12,2,1,1140,1.4
319951,319968,319993,17,25,1,1140,1.68
319951,319958,319962,7,4,1,1140,1.1
319952,319986,319989,34,3,1,1140,3.7
319952,319981,319992,29,11,1,1140,3.63636363636
319952,319976,319978,24,2,1,1140,2.6
319953,319992,319993,39,1,1,1140,4.0
319953,319997,320000,44,3,1,1140,4.7
320015,320021,320192,6,171,1,1140,1.0350877193
320016,320027,320208,11,181,1,1140,1.06077348066
320017,320034,320205,17,171,1,1140,1.09941520468
320017,320039,320227,22,188,1,1140,1.1170212766
320018,320045,320216,27,171,1,1140,1.15789473684
320018,320050,320221,32,171,1,1140,1.18713450292
320019,320061,320247,42,186,1,1140,1.22580645161
320019,320055,320247,36,192,1,1140,1.1875
320229,368146,440180,47917,72034,4,72000,1.66519976678
320260,320270,320958,10,688,1,1140,1.01453488372
320261,320276,320962,15,686,1,1140,1.02186588921
320262,320281,320968,19,687,1,1140,1.02765647744
320263,320286,320971,23,685,1,1140,1.03357664234
320264,320292,320976,28,684,1,1140,1.04093567251
320265,320297,321014,32,717,1,1140,1.04463040446
320266,320303,321020,37,717,1,1140,1.05160390516
320267,320309,320997,42,688,1,1140,1.06104651163
320512,332962,336536,12450,3574,15,21599,4.48349188584
320542,336547,339400,16005,2853,15,21599,6.60988433228
320560,338310,341303,17750,2993,15,21599,6.93050451052
321024,321036,321602,12,566,1,1140,1.02120141343
321024,321031,321602,7,571,1,1140,1.0122591944
321025,321043,321591,18,548,1,1140,1.03284671533
321026,321048,321596,22,548,1,1140,1.0401459854
321027,321054,321599,27,545,1,1140,1.0495412844
321028,321060,321605,32,545,1,1140,1.05871559633
321028,321065,321612,37,547,1,1140,1.0676416819
321029,321070,321615,41,545,1,1140,1.0752293578
321406,321413,322069,7,656,8,7200,1.01067073171
321492,356521,381705,35029,25184,24,36000,2.39092280813
321543,321549,321557,6,8,8,7200,1.4
321627,321633,321650,6,17,8,10800,1.35294117647
321644,321651,321686,7,35,2,3600,1.2
321700,321707,323094,7,1387,8,10800,1.00504686373
321753,321760,322369,7,609,1,1140,1.01149425287
321755,321766,322378,11,612,1,1140,1.01797385621
321756,321772,322380,16,608,1,1140,1.02631578947
321757,321777,322413,20,636,1,1140,1.03144654088
321758,321783,322419,25,636,1,1140,1.0393081761
321760,321788,322395,28,607,1,1140,1.04612850082
321761,321795,322404,34,609,1,1140,1.05582922824
321763,321800,322408,37,608,1,1140,1.06085526316
321794,321807,329037,13,7230,8,7200,1.00179806362
321872,322081,329288,209,7207,8,7200,1.02899958374
321875,321882,321965,7,83,2,3600,1.0843373494
322459,322466,323073,7,607,1,1140,1.01153212521
322460,322472,323111,12,639,1,1140,1.01877934272
322461,322478,323087,17,609,1,1140,1.02791461412
322462,322483,323092,21,609,1,1140,1.03448275862
322463,322489,323096,26,607,1,1140,1.04283360791
322464,322494,323103,30,609,1,1140,1.04926108374
322465,322500,323108,35,608,1,1140,1.05756578947
322466,322505,323114,39,609,1,1140,1.06403940887
323002,350004,355317,27002,5313,1,111000,6.08225108225
323270,323277,323903,7,626,1,1140,1.01118210863
323271,323282,323903,11,621,1,1140,1.01771336554
323272,323294,323902,22,608,1,1140,1.03618421053
323272,323289,323896,17,607,1,1140,1.02800658979
323273,323300,323908,27,608,1,1140,1.04440789474
323274,323305,323914,31,609,1,1140,1.05090311987
323275,323310,323915,35,605,1,1140,1.05785123967
323276,323316,323958,40,642,1,1140,1.06230529595
323348,323354,323945,6,591,1,900,1.01015228426
323401,350888,394097,27487,43209,1,43200,1.63614061885
323503,352192,395432,28689,43240,1,43200,1.66348288622
323518,352855,395589,29337,42734,1,43200,1.68650255066
323545,352961,395589,29416,42628,1,43200,1.69006286948
323946,323952,324065,6,113,1,900,1.05309734513
324066,324072,325093,6,1021,1,900,1.00587659158
325121,325127,325765,6,638,1,1140,1.00940438871
325122,325133,325739,11,606,1,1140,1.01815181518
325123,325145,325810,22,665,1,1140,1.03308270677
325123,325140,325776,17,636,1,1140,1.02672955975
325124,325151,325780,27,629,1,1140,1.04292527822
325125,325156,325764,31,608,1,1140,1.05098684211
325127,325162,325769,35,607,1,1140,1.05766062603
325127,325167,325836,40,669,1,1140,1.05979073244
325436,325443,326359,7,916,1,900,1.0076419214
325508,411110,453975,85602,42865,30,57600,2.99701388079
325770,325782,326494,12,712,1,18000,1.01685393258
325770,325794,326539,24,745,1,18000,1.0322147651
325770,325776,326498,6,722,1,18000,1.00831024931
325770,325789,326501,19,712,1,18000,1.02668539326
325771,326560,327261,789,701,1,18000,2.12553495007
325771,325800,326510,29,710,1,18000,1.04084507042
326355,326513,326515,158,2,2,7200,16.0
327931,343722,344628,15791,906,1,18000,18.4293598234
327931,343717,344634,15786,917,1,18000,18.2148309706
327931,343728,344649,15797,921,1,18000,18.1520086862
327932,343843,344754,15911,911,1,18000,18.4654226125
327932,343733,344649,15801,916,1,18000,18.25
327932,343738,344672,15806,934,1,18000,17.9229122056
327932,343850,344764,15918,914,1,18000,18.4157549234
327933,344324,345237,16391,913,1,18000,18.9529025192
327933,344156,345075,16223,919,1,18000,18.6528835691
327933,344329,345234,16396,905,1,18000,19.1171270718
327933,344164,345073,16231,909,1,18000,18.8558855886
327934,344661,345558,16727,897,1,18000,19.6477146042
327934,344538,345451,16604,913,1,18000,19.1861993428
327934,344647,345551,16713,904,1,18000,19.4878318584
327934,344640,345552,16706,912,1,18000,19.3179824561
327935,344684,345591,16749,907,1,18000,19.4663726571
327935,344666,345583,16731,917,1,18000,19.2453653217
327935,344766,345669,16831,903,1,18000,19.6389811739
327935,344740,345641,16805,901,1,18000,19.6514983352
327936,344777,345675,16841,898,1,18000,19.7538975501
327936,345086,345985,17150,899,1,18000,20.0767519466
327936,345093,346003,17157,910,1,18000,19.8538461538
330891,363003,363004,32112,1,24,28800,3211.3
334394,337957,340906,3563,2949,1,10800,2.20820617158
334394,337924,341368,3530,3444,1,10800,2.024970964
334394,337902,340426,3508,2524,1,10800,2.38985736926
334395,341324,344312,6929,2988,1,10800,3.31894243641
334395,341335,344136,6940,2801,1,10800,3.47768654052
334395,338174,341132,3779,2958,1,10800,2.27755240027
334395,341329,344525,6934,3196,1,10800,3.16958698373
334396,341340,343831,6944,2491,1,10800,3.78763548776
334396,341351,343832,6955,2481,1,10800,3.8033051189
334396,341356,344728,6960,3372,1,10800,3.0640569395
334396,341346,344311,6950,2965,1,10800,3.34401349073
334397,341362,345820,6965,4458,1,10800,2.5623598026
335507,363022,449438,27515,86416,12,86400,1.31840168487
335576,368747,370266,33171,1519,12,14400,22.8373930217
335603,370277,371792,34674,1515,12,14400,23.8871287129
339095,341319,347442,2224,6123,2,7200,1.36322064348
341189,376725,395593,35536,18868,1,43200,2.8834004664
344128,356482,356510,12354,28,64,36000,442.214285714
345821,345833,346026,12,193,1,10800,1.0621761658
345821,345828,346006,7,178,1,10800,1.0393258427
345822,345851,346059,29,208,1,10800,1.13942307692
345822,345846,346054,24,208,1,10800,1.11538461538
345822,345839,346031,17,192,1,10800,1.08854166667
345823,345856,346079,33,223,1,10800,1.14798206278
345823,345862,346400,39,538,1,10800,1.07249070632
345824,345867,346407,43,540,1,10800,1.07962962963
345824,345873,346426,49,553,1,10800,1.08860759494
345824,345883,349210,59,3327,1,10800,1.01773369402
345824,345878,346431,54,553,1,10800,1.09764918626
345825,345889,349265,64,3376,1,10800,1.01895734597
345826,346022,348962,196,2940,1,10800,1.06666666667
345826,345997,348482,171,2485,1,10800,1.06881287726
345826,346015,349488,189,3473,1,10800,1.05441980996
345827,346038,348948,211,2910,1,10800,1.07250859107
345827,346045,349000,218,2955,1,10800,1.07377326565
345827,346066,348391,239,2325,1,10800,1.10279569892
345828,346372,349520,544,3148,1,10800,1.17280813215
345828,346091,349036,263,2945,1,10800,1.08930390492
345828,346073,349309,245,3236,1,10800,1.07571075402
345829,346388,348879,559,2491,1,10800,1.22440786833
345829,346377,349393,548,3016,1,10800,1.18169761273
345829,346383,349154,554,2771,1,10800,1.19992782389
345830,346412,349403,582,2991,1,10800,1.19458375125
345830,346419,348974,589,2555,1,10800,1.23052837573
345830,346438,349663,608,3225,1,10800,1.18852713178
345831,347454,350211,1623,2757,1,10800,1.58868335147
345831,347459,349839,1628,2380,1,10800,1.68403361345
345831,346445,348785,614,2340,1,10800,1.26239316239
345832,349222,352563,3390,3341,1,10800,2.01466626758
345832,348494,351419,2662,2925,1,10800,1.91008547009
345832,348403,351624,2571,3221,1,10800,1.79819931698
345832,348648,352050,2816,3402,1,10800,1.8277483833
345833,349234,352415,3401,3181,1,10800,2.06916064131
345833,349249,353637,3416,4388,1,10800,1.77848678213
348234,348350,348635,116,285,1,3540,1.40701754386
348671,348797,350955,126,2158,1,3540,1.05838739574
348748,348890,349079,142,189,1,3540,1.75132275132
348796,348961,349238,165,277,1,3540,1.59566787004
348845,348975,349264,130,289,1,3540,1.44982698962
348920,348986,349222,66,236,1,3540,1.27966101695
348970,349013,349315,43,302,1,3540,1.14238410596
349018,349049,349551,31,502,1,3540,1.06175298805
349073,349091,349613,18,522,1,3540,1.03448275862
349123,349166,349674,43,508,1,3540,1.08464566929
349173,349192,349721,19,529,1,3540,1.0359168242
349258,349276,349833,18,557,1,3540,1.03231597846
349470,349476,349756,6,280,1,3540,1.02142857143
349728,349736,349926,8,190,1,3540,1.04210526316
349781,349788,349919,7,131,1,3540,1.0534351145
350272,371803,415039,21531,43236,8,43200,1.49798778795
352419,355330,357805,2911,2475,1,10800,2.17616161616
352419,356493,359454,4074,2961,1,10800,2.37588652482
352419,356487,360006,4068,3519,1,10800,2.15601023018
352420,356498,359425,4078,2927,1,10800,2.3932353946
352420,360716,363058,8296,2342,1,10800,4.54227156277
352420,357818,360743,5398,2925,1,10800,2.84547008547
352421,363070,366186,10649,3116,1,10800,4.4175224647
352421,361996,365000,9575,3004,1,10800,4.18741677763
352421,360756,364252,8335,3496,1,10800,3.38415331808
352422,364264,367200,11842,2936,1,10800,5.03337874659
352422,366198,368698,13776,2500,1,10800,6.5104
352422,365011,367768,12589,2757,1,10800,5.56619513964
352423,368151,371395,15728,3244,1,10800,5.84833538841
352423,367212,370188,14789,2976,1,10800,5.96942204301
352423,367780,370320,15357,2540,1,10800,7.04606299213
352424,368753,371571,16329,2818,1,10800,6.7945351313
352424,368710,371050,16286,2340,1,10800,7.95982905983
352424,368758,371219,16334,2461,1,10800,7.63713937424
352425,370283,373656,17858,3373,1,10800,6.29439667951
352425,370199,373586,17774,3387,1,10800,6.24771183939
352425,368764,372080,16339,3316,1,10800,5.92732207479
352425,368865,371797,16440,2932,1,10800,6.6070941337
352426,370288,373470,17862,3182,1,10800,6.61345065996
352426,370331,374464,17905,4133,1,10800,5.33220421002
352428,371062,374002,18634,2940,1,10800,7.3380952381
352428,371230,373891,18802,2661,1,10800,8.06576475009
352429,371406,374117,18977,2711,1,10800,8.0
352429,371809,374484,19380,2675,1,10800,8.24485981308
352429,371582,374057,19153,2475,1,10800,8.73858585859
352430,371831,374386,19401,2555,1,10800,8.59334637965
352430,371814,374317,19384,2503,1,10800,8.7443068318
352430,371819,375477,19389,3658,1,10800,6.30043739748
352430,371825,374555,19395,2730,1,10800,8.1043956044
352431,373635,376643,21204,3008,1,10800,8.04920212766
352431,373598,375912,21167,2314,1,10800,10.1473638721
352431,372092,374622,19661,2530,1,10800,8.77114624506
352432,373640,376627,21208,2987,1,10800,8.10010043522
352432,373667,376608,21235,2941,1,10800,8.22033321999
352432,373902,377959,21470,4057,1,10800,6.29208774957
352433,374069,377401,21636,3332,1,10800,7.49339735894
352433,374013,376333,21580,2320,1,10800,10.3017241379
352433,374129,377055,21696,2926,1,10800,8.41490088859
352434,374475,378322,22041,3847,1,10800,6.7293995321
352434,374398,377369,21964,2971,1,10800,8.39279703803
352434,374328,377429,21894,3101,1,10800,8.06030312802
352435,374495,378412,22060,3917,1,10800,6.6318611182
352435,374568,377353,22133,2785,1,10800,8.94721723519
352435,374634,377109,22199,2475,1,10800,9.96929292929
352436,376345,379542,23909,3197,1,10800,8.47857366281
352436,375924,378465,23488,2541,1,10800,10.24360488
352436,375490,378466,23054,2976,1,10800,8.74663978495
352437,377066,379838,24629,2772,1,10800,9.88492063492
352437,376638,379409,24201,2771,1,10800,9.73367015518
352437,376654,379055,24217,2401,1,10800,11.0862140775
352437,376619,378945,24182,2326,1,10800,11.39638865
352438,377120,379838,24682,2718,1,10800,10.080941869
352438,377381,379838,24943,2457,1,10800,11.1518111518
352438,377365,379838,24927,2473,1,10800,11.0796603316
352439,378334,379838,25895,1504,1,10800,18.2174202128
352439,377901,379838,25462,1937,1,10800,14.1450696954
354204,354210,357817,6,3607,1,3600,1.00166343222
357840,357847,357854,7,7,1,1800,1.4
357932,357938,358047,6,109,1,3600,1.05504587156
358019,358025,358098,6,73,1,1800,1.08219178082
358183,358190,358433,7,243,1,3600,1.02880658436
358345,358351,358432,6,81,1,1800,1.07407407407
358683,358690,359255,7,565,1,3600,1.01238938053
358954,358961,359327,7,366,1,1800,1.01912568306
359764,359771,359776,7,5,1,3600,1.2
359891,359898,359977,7,79,1,3600,1.08860759494
359979,359987,359993,8,6,1,1800,1.4
360109,360467,360706,358,239,1,3600,2.49790794979
360166,360172,360209,6,37,1,1800,1.16216216216
360455,360461,360530,6,69,1,1800,1.08695652174
361012,361261,361724,249,463,1,3600,1.53779697624
361191,361734,361986,543,252,1,1800,3.15476190476
367968,376731,377666,8763,935,1,18000,10.3721925134
367969,376742,377646,8773,904,1,18000,10.7046460177
367969,376747,377651,8778,904,1,18000,10.7101769912
367969,376736,377654,8767,918,1,18000,10.5501089325
367969,376753,377654,8784,901,1,18000,10.7491675916
367970,376764,377668,8794,904,1,18000,10.7278761062
367970,376758,377684,8788,926,1,18000,10.4902807775
367970,376775,377700,8805,925,1,18000,10.5189189189
367970,376769,377694,8799,925,1,18000,10.5124324324
367971,376786,377692,8815,906,1,18000,10.729580574
367971,376792,377688,8821,896,1,18000,10.8448660714
367971,376798,377721,8827,923,1,18000,10.5633802817
367971,376780,377685,8809,905,1,18000,10.7337016575
367972,376852,377854,8880,1002,1,18000,9.8622754491
367972,384912,385852,16940,940,1,18000,19.0212765957
367972,376803,377721,8831,918,1,18000,10.6198257081
367972,376809,377732,8837,923,1,18000,10.5742145179
367973,386783,387700,18810,917,1,18000,21.5125408942
367973,384932,385869,16959,937,1,18000,19.0992529349
367973,385881,386790,17908,909,1,18000,20.700770077
367973,385864,386771,17891,907,1,18000,20.7254685777
367974,386803,387706,18829,903,1,18000,21.8516057586
368260,453986,495916,85726,41930,30,57600,3.04450274267
372811,376814,412853,4003,36039,1,36000,1.11107411415
372827,376820,412844,3993,36024,1,36000,1.11084277149
372844,376825,412846,3981,36021,1,36000,1.110518864
372858,376831,412859,3973,36028,1,36000,1.1102753414
372869,376836,412863,3967,36027,1,36000,1.11011186055
372880,376842,404973,3962,28131,1,36000,1.14084106502
372889,376847,397801,3958,20954,1,36000,1.18888994941
373063,373624,376714,561,3090,12,43200,1.18155339806
373130,373630,376771,500,3141,12,57600,1.15918497294
376979,377413,377414,434,1,1,7200,43.5
376980,377426,377473,446,47,1,7200,10.4893617021
376980,377455,377629,475,174,1,7200,3.72988505747
376981,377571,377585,590,14,1,7200,43.1428571429
376981,377597,377599,616,2,1,7200,61.8
376981,377485,377559,504,74,1,7200,7.81081081081
376981,377611,377889,630,278,1,7200,3.26618705036
376982,377659,378998,677,1339,1,7200,1.50560119492
376982,377641,378050,659,409,1,7200,2.61124694377
376982,377666,384882,684,7216,1,7200,1.09478935698
376983,377685,377686,702,1,1,7200,70.3
376983,377691,377694,708,3,1,7200,71.1
376983,377696,380789,713,3093,1,7200,1.23052053023
376983,377677,379299,694,1622,1,7200,1.42786683107
376984,377971,377979,987,8,1,7200,99.5
376984,377991,377992,1007,1,1,7200,100.8
376984,378004,378005,1020,1,1,7200,102.1
376984,378018,378019,1034,1,1,7200,103.5
376985,378031,378032,1046,1,1,7200,104.7
376985,378044,385283,1059,7239,1,7200,1.14629092416
376985,378062,378922,1077,860,1,7200,2.2523255814
376986,378948,386151,1962,7203,1,7200,1.27238650562
376986,378934,378936,1948,2,1,7200,195.0
376986,378957,378979,1971,22,1,7200,90.5909090909
376986,378991,379004,2005,13,1,7200,155.230769231
376986,379015,379016,2029,1,1,7200,203.0
376987,379023,379025,2036,2,1,7200,203.8
376987,379051,379755,2064,704,1,7200,3.93181818182
376987,379030,379323,2043,293,1,7200,7.97269624573
376987,379066,379067,2079,1,1,7200,208.0
376988,379184,379186,2196,2,1,7200,219.8
376988,379107,379171,2119,64,1,7200,34.109375
376988,379094,379095,2106,1,1,7200,210.7
376988,379079,379081,2091,2,1,7200,209.3
376989,379358,379359,2369,1,1,7200,237.0
376989,379198,379382,2209,184,1,7200,13.0054347826
376989,379311,380754,2322,1443,1,7200,2.60914760915
376989,379335,379346,2346,11,1,7200,214.272727273
376990,379394,380382,2404,988,1,7200,3.43319838057
376990,379371,379372,2381,1,1,7200,238.2
376991,379421,386640,2430,7219,1,7200,1.33661171907
376991,379413,380373,2422,960,1,7200,3.52291666667
376991,379567,379915,2576,348,1,7200,8.40229885057
376991,379554,379555,2563,1,1,7200,256.4
376992,379768,379835,2776,67,1,7200,42.4328358209
376992,381680,381698,4688,18,1,7200,261.444444444
376992,381675,381747,4683,72,1,7200,66.0416666667
376992,379848,379849,2856,1,1,7200,285.7
376993,381686,381696,4693,10,1,7200,470.3
376993,381702,382321,4709,619,1,7200,8.60743134087
376993,381691,381699,4698,8,1,7200,470.6
376993,381697,381698,4704,1,1,7200,470.5
376994,381707,382982,4713,1275,1,7200,4.69647058824
376994,381718,381737,4724,19,1,7200,249.631578947
376994,381713,381728,4719,15,1,7200,315.6
376994,381723,381724,4729,1,1,7200,473.0
376995,383499,383527,6504,28,1,7200,233.285714286
376995,381729,382212,4734,483,1,7200,10.801242236
376996,383521,383522,6525,1,1,7200,652.6
376996,383515,383527,6519,12,1,7200,544.25
376996,383504,383505,6508,1,1,7200,650.9
376997,383543,390783,6546,7240,1,7200,1.90414364641
376997,383526,390754,6529,7228,1,7200,1.90329275042
376997,383532,384019,6535,487,1,7200,14.4188911704
376997,383537,383650,6540,113,1,7200,58.8761061947
376998,383562,384094,6564,532,1,7200,13.3383458647
376998,383548,390768,6550,7220,1,7200,1.90720221607
376998,383567,383608,6569,41,1,7200,161.219512195
376998,383556,383557,6558,1,1,7200,655.9
376999,383572,383778,6573,206,1,7200,32.9077669903
376999,383620,384499,6621,879,1,7200,8.53242320819
376999,383578,390802,6579,7224,1,7200,1.91071428571
377000,384894,384981,7894,87,1,7200,91.7356321839
377000,384993,384994,7993,1,1,7200,799.4
377000,385014,385016,8014,2,1,7200,801.6
377000,385007,392217,8007,7210,1,7200,2.1105409154
377001,385028,385274,8027,246,1,7200,33.6300813008
377001,385295,385377,8294,82,1,7200,102.146341463
377001,385389,385430,8388,41,1,7200,205.585365854
377001,385287,386985,8286,1698,1,7200,5.87985865724
377002,385771,392978,8769,7207,1,7200,2.21673373109
377002,385442,385443,8440,1,1,7200,844.1
377002,385456,385531,8454,75,1,7200,113.72
377002,385543,385758,8541,215,1,7200,40.7255813953
377003,386163,386165,9160,2,1,7200,916.2
377003,387011,387012,10008,1,1,7200,1000.9
377003,386652,387167,9649,515,1,7200,19.7359223301
377003,386997,386999,9994,2,1,7200,999.6
377003,386177,387829,9174,1652,1,7200,6.55326876513
377004,387063,387065,10059,2,1,7200,1006.1
377004,387024,387025,10020,1,1,7200,1002.1
377005,387167,387214,10162,47,1,7200,217.212765957
377005,387089,387155,10084,66,1,7200,153.787878788
377005,387179,388209,10174,1030,1,7200,10.8776699029
377006,387842,387844,10836,2,1,7200,1083.8
377006,387718,387739,10712,21,1,7200,511.095238095
377006,387226,387797,10220,571,1,7200,18.8984238179
377006,387751,387825,10745,74,1,7200,146.202702703
377007,388782,388783,11775,1,1,7200,1177.6
377007,388221,388749,11214,528,1,7200,22.2386363636
377007,387856,395080,10849,7224,1,7200,2.50179955703
377007,388761,388769,11754,8,1,7200,1176.2
377008,392445,394767,15437,2322,1,7200,7.64814814815
377008,388795,388859,11787,64,1,7200,185.171875
377008,392450,392451,15442,1,1,7200,1544.3
377008,388872,392340,11864,3468,1,7200,4.42099192618
377009,392456,392581,15447,125,1,7200,124.576
377009,392461,392593,15452,132,1,7200,118.060606061
377010,392485,392629,15475,144,1,7200,108.465277778
377010,392472,392491,15462,19,1,7200,814.789473684
377011,392503,392504,15492,1,1,7200,1549.3
377011,392518,393849,15507,1331,1,7200,12.6506386176
377011,392525,396460,15514,3935,1,7200,4.94256670902
377012,392594,392706,15582,112,1,7200,140.125
377013,392641,392805,15628,164,1,7200,96.2926829268
377014,392722,392867,15708,145,1,7200,109.331034483
377016,392887,392899,15871,12,1,7200,1323.58333333
377016,392777,392874,15761,97,1,7200,163.484536082
377016,392879,392885,15863,6,1,7200,1586.9
377016,392818,392887,15802,69,1,7200,230.014492754
377017,392897,393340,15880,443,1,7200,36.8465011287
377017,392904,393248,15887,344,1,7200,47.1831395349
377017,392990,393195,15973,205,1,7200,78.9170731707
377017,392911,393071,15894,160,1,7200,100.3375
377018,393296,393373,16278,77,1,7200,212.402597403
377018,393261,393265,16243,4,1,7200,1624.7
377018,393207,393284,16189,77,1,7200,211.246753247
377018,393277,393368,16259,91,1,7200,179.67032967
377018,393083,393351,16065,268,1,7200,60.9440298507
377019,393384,393418,16365,34,1,7200,482.323529412
377019,393363,393365,16344,2,1,7200,1634.6
377019,393353,393404,16334,51,1,7200,321.274509804
377020,393389,400600,16369,7211,1,7200,3.27000416031
377020,393417,395066,16397,1649,1,7200,10.9436021831
377021,393424,396567,16403,3143,1,7200,6.21889914095
377021,393431,393646,16410,215,1,7200,77.3255813953
377021,393861,393863,16840,2,1,7200,1684.2
377021,393658,394341,16637,683,1,7200,25.3587115666
377022,393912,394497,16890,585,1,7200,29.8717948718
377023,394359,394474,17336,115,1,7200,151.747826087
377023,394051,394243,17028,192,1,7200,89.6875
377023,394109,394404,17086,295,1,7200,58.9186440678
377023,394255,395299,17232,1044,1,7200,17.5057471264
377024,394417,394536,17393,119,1,7200,147.159663866
377024,394509,396522,17485,2013,1,7200,9.68604073522
377024,394486,397705,17462,3219,1,7200,6.42466604536
377025,395092,395101,18067,9,1,7200,1807.6
377025,394550,401794,17525,7244,1,7200,3.41924351187
377025,395078,395187,18053,109,1,7200,166.623853211
377025,394779,395477,17754,698,1,7200,26.435530086
377026,395200,395205,18174,5,1,7200,1817.9
377026,395145,395307,18119,162,1,7200,112.845679012
377026,395217,395383,18191,166,1,7200,110.584337349
377026,395113,395132,18087,19,1,7200,952.947368421
377027,395319,395641,18292,322,1,7200,57.8074534161
377027,395395,395438,18368,43,1,7200,428.162790698
377027,395312,395535,18285,223,1,7200,82.9955156951
377028,395444,402677,18416,7233,1,7200,3.54610811558
377028,395451,396635,18423,1184,1,7200,16.5599662162
377028,395489,395505,18461,16,1,7200,1154.8125
377028,395517,396726,18489,1209,1,7200,16.2928039702
377029,395601,402840,18572,7239,1,7200,3.56554772759
377029,395606,395906,18577,300,1,7200,62.9233333333
377029,395614,395645,18585,31,1,7200,600.516129032
377029,395547,395643,18518,96,1,7200,193.895833333
377030,395665,395801,18635,136,1,7200,138.022058824
377030,395653,395753,18623,100,1,7200,187.23
377030,395660,396285,18630,625,1,7200,30.808
377031,395914,396382,18883,468,1,7200,41.3482905983
377031,395971,396055,18940,84,1,7200,226.476190476
377031,395834,395901,18803,67,1,7200,281.641791045
377031,395813,395822,18782,9,1,7200,1879.1
377032,396854,396901,19822,47,1,7200,422.744680851
377032,396739,396841,19707,102,1,7200,194.205882353
377032,395982,396521,18950,539,1,7200,36.1576994434
377032,395987,396546,18955,559,1,7200,34.908765653
377033,396943,397976,19910,1033,1,7200,20.2739593417
377033,397717,397902,20684,185,1,7200,112.805405405
377033,396913,396931,19880,18,1,7200,1105.44444444
377033,397813,398546,20780,733,1,7200,29.3492496589
377034,397914,397941,20880,27,1,7200,774.333333333
377034,397954,399317,20920,1363,1,7200,16.3484959648
377034,398232,398233,21198,1,1,7200,2119.9
377034,397991,398121,20957,130,1,7200,162.207692308
377034,398134,398220,21100,86,1,7200,246.348837209
377039,398425,398451,21386,26,1,7200,823.538461538
377039,398464,398524,21425,60,1,7200,358.083333333
377039,398536,398553,21497,17,1,7200,1265.52941176
377039,398558,404652,21519,6094,1,7200,4.53117820807
377040,399329,399356,22289,27,1,7200,826.518518519
377040,398566,398839,21526,273,1,7200,79.8498168498
377040,398852,399384,21812,532,1,7200,42.0
377040,399369,402216,22329,2847,1,7200,8.84299262381
377041,399451,406670,22410,7219,1,7200,4.10430807591
377041,399396,399419,22355,23,1,7200,972.956521739
377041,399432,399438,22391,6,1,7200,2239.7
377041,402855,402995,25814,140,1,7200,185.385714286
377042,404664,404702,27622,38,1,7200,727.894736842
377042,403483,407252,26441,3769,1,7200,8.01538869727
377042,403008,403295,25966,287,1,7200,91.4738675958
377042,403307,403471,26265,164,1,7200,161.152439024
377042,404715,404870,27673,155,1,7200,179.535483871
377043,404882,404890,27839,8,1,7200,2784.7
377043,405016,405026,27973,10,1,7200,2798.3
377043,404990,405004,27947,14,1,7200,1997.21428571
377043,404903,408461,27860,3558,1,7200,8.83024170883
377044,405128,405145,28084,17,1,7200,1653.0
377044,405038,412284,27994,7246,1,7200,4.86337289539
377044,405134,405427,28090,293,1,7200,96.8703071672
377044,405123,405928,28079,805,1,7200,35.8807453416
377045,405147,405159,28102,12,1,7200,2342.83333333
377045,405139,405283,28094,144,1,7200,196.097222222
377045,405153,406616,28108,1463,1,7200,20.2125768968
377045,405158,405213,28113,55,1,7200,512.145454545
377046,405179,405183,28133,4,1,7200,2813.7
377046,405163,405453,28117,290,1,7200,97.9551724138
377046,405169,405363,28123,194,1,7200,145.963917526
377046,405174,405372,28128,198,1,7200,143.060606061
377047,405197,406488,28150,1291,1,7200,22.8048024787
377047,405192,405247,28145,55,1,7200,512.727272727
377047,405205,405209,28158,4,1,7200,2816.2
377047,405221,406579,28174,1358,1,7200,21.7466863034
377048,405259,405292,28211,33,1,7200,855.878787879
377048,405295,405298,28247,3,1,7200,2825.0
377048,405228,405283,28180,55,1,7200,513.363636364
377049,405300,405318,28251,18,1,7200,1570.5
377049,405315,405378,28266,63,1,7200,449.666666667
377049,405330,405372,28281,42,1,7200,674.357142857
377049,405308,405522,28259,214,1,7200,133.051401869
377050,405396,405408,28346,12,1,7200,2363.16666667
377050,405375,405454,28325,79,1,7200,359.544303797
377050,405389,405397,28339,8,1,7200,2834.7
377050,405384,407164,28334,1780,1,7200,16.9179775281
377051,405409,405790,28358,381,1,7200,75.4304461942
377051,405439,405481,28388,42,1,7200,676.904761905
377051,405472,405547,28421,75,1,7200,379.946666667
377051,405465,407301,28414,1836,1,7200,16.4760348584
377051,405421,405469,28370,48,1,7200,592.041666667
377052,405494,412740,28442,7246,1,7200,4.92520011041
377052,405534,405614,28482,80,1,7200,357.025
377052,405559,405570,28507,11,1,7200,2592.54545455
377052,405482,405813,28430,331,1,7200,86.8912386707
377053,405613,406171,28560,558,1,7200,52.1827956989
377053,405582,405601,28529,19,1,7200,1502.52631579
377053,405801,413019,28748,7218,1,7200,4.98282072596
377053,405626,405824,28573,198,1,7200,145.308080808
377054,405866,405951,28812,85,1,7200,339.964705882
377054,405880,406511,28826,631,1,7200,46.6830427892
377054,405836,405868,28782,32,1,7200,900.4375
377054,405825,405854,28771,29,1,7200,993.103448276
377055,405963,413202,28908,7239,1,7200,4.9933692499
377055,406638,406728,29583,90,1,7200,329.7
377055,405941,406153,28886,212,1,7200,137.254716981
377055,406615,406625,29560,10,1,7200,2957.0
377056,406832,407230,29776,398,1,7200,75.8140703518
377056,406795,406820,29739,25,1,7200,1190.56
377056,406770,406783,29714,13,1,7200,2286.69230769
377056,406740,406757,29684,17,1,7200,1747.11764706
377057,407243,407384,30186,141,1,7200,215.085106383
377057,407396,407428,30339,32,1,7200,949.09375
377057,407447,407505,30390,58,1,7200,524.965517241
377058,407517,407637,30459,120,1,7200,254.825
377058,407827,408157,30769,330,1,7200,94.2393939394
377058,407713,407815,30655,102,1,7200,301.539215686
377058,407649,407700,30591,51,1,7200,600.823529412
377059,408448,408465,31389,17,1,7200,1847.41176471
377059,408235,408346,31176,111,1,7200,281.864864865
377059,408169,408223,31110,54,1,7200,577.111111111
377059,408358,408396,31299,38,1,7200,824.657894737
377059,408408,408431,31349,23,1,7200,1364.0
377060,408473,408477,31413,4,1,7200,3141.7
377060,408480,408487,31420,7,1,7200,3142.7
377060,408489,408494,31429,5,1,7200,3143.4
377061,408500,408526,31439,26,1,7200,1210.19230769
377061,408538,408558,31477,20,1,7200,1574.85
377061,408507,415721,31446,7214,1,7200,5.35902411977
377062,408933,408954,31871,21,1,7200,1518.66666667
377062,408588,408899,31526,311,1,7200,102.36977492
377062,408570,408576,31508,6,1,7200,3151.4
377062,408911,408920,31849,9,1,7200,3185.8
377063,409201,409259,32138,58,1,7200,555.103448276
377063,409272,409688,32209,416,1,7200,78.4254807692
377063,409136,409189,32073,53,1,7200,606.150943396
377063,408966,409124,31903,158,1,7200,202.917721519
377064,410679,410682,33615,3,1,7200,3361.8
377064,410660,410667,33596,7,1,7200,3360.3
377064,409701,410088,32637,387,1,7200,85.3333333333
377064,410655,417901,33591,7246,1,7200,5.63579906155
377065,410973,410983,33908,10,1,7200,3391.8
377065,410958,410961,33893,3,1,7200,3389.6
377065,410765,410946,33700,181,1,7200,187.187845304
377065,410694,410753,33629,59,1,7200,570.983050847
377066,425726,425741,48660,15,1,7200,3245.0
377066,410995,411032,33929,37,1,7200,918.0
377066,425748,425786,48682,38,1,7200,1282.10526316
377066,425755,425860,48689,105,1,7200,464.704761905
377066,411044,411376,33978,332,1,7200,103.343373494
377067,425907,426042,48840,135,1,7200,362.777777778
377067,426075,426137,49008,62,1,7200,791.451612903
377067,426149,426390,49082,241,1,7200,204.659751037
377067,426054,426209,48987,155,1,7200,317.04516129
377067,425872,425894,48805,22,1,7200,2219.40909091
377068,426239,426249,49171,10,1,7200,4918.1
377068,426244,426247,49176,3,1,7200,4917.9
377068,426249,433495,49181,7246,1,7200,7.78733094121
377068,426221,426642,49153,421,1,7200,117.752969121
377069,426271,426288,49202,17,1,7200,2895.23529412
377069,426277,426288,49208,11,1,7200,4474.45454545
377069,426255,426316,49186,61,1,7200,807.327868852
377069,426260,426833,49191,573,1,7200,86.8481675393
377069,426266,426267,49197,1,1,7200,4919.8
377070,426305,426324,49235,19,1,7200,2592.31578947
377070,426318,426554,49248,236,1,7200,209.677966102
377070,426295,426709,49225,414,1,7200,119.900966184
377071,426335,426479,49264,144,1,7200,343.111111111
377071,426323,426324,49252,1,1,7200,4925.3
377071,426329,426330,49258,1,1,7200,4925.9
377072,426365,426366,49293,1,1,7200,4929.4
377072,426348,426349,49276,1,1,7200,4927.7
377072,426353,426537,49281,184,1,7200,268.831521739
377073,426372,426376,49299,4,1,7200,4930.3
377073,426380,428183,49307,1803,1,7200,28.3471991126
377073,426387,426389,49314,2,1,7200,4931.6
377074,426414,433633,49340,7219,1,7200,7.83474165397
377074,426461,426462,49387,1,1,7200,4938.8
377074,426426,426449,49352,23,1,7200,2146.73913043
377074,426407,426410,49333,3,1,7200,4933.6
377075,426500,426557,49425,57,1,7200,868.105263158
377075,426473,426474,49398,1,1,7200,4939.9
377075,426493,426545,49418,52,1,7200,951.346153846
377076,426549,426550,49473,1,1,7200,4947.4
377076,426564,426565,49488,1,1,7200,4948.9
377076,426557,426577,49481,20,1,7200,2475.05
377077,426583,426638,49506,55,1,7200,901.109090909
377077,426572,426573,49495,1,1,7200,4949.6
377077,426591,426593,49514,2,1,7200,4951.6
377078,426596,426804,49518,208,1,7200,239.067307692
377078,426601,426605,49523,4,1,7200,4952.7
377079,426625,426862,49546,237,1,7200,210.054852321
377079,426644,426696,49565,52,1,7200,954.173076923
377079,426652,426653,49573,1,1,7200,4957.4
377080,426659,426662,49579,3,1,7200,4958.2
377080,426674,427137,49594,463,1,7200,108.114470842
377080,426681,426719,49601,38,1,7200,1306.28947368
377081,426708,426709,49627,1,1,7200,4962.8
377081,426733,426737,49652,4,1,7200,4965.6
377081,426720,426732,49639,12,1,7200,4137.58333333
377082,426740,433954,49658,7214,1,7200,7.88355974494
377082,426754,426761,49672,7,1,7200,4967.9
377082,426761,426772,49679,11,1,7200,4517.27272727
377082,426747,426748,49665,1,1,7200,4966.6
377083,426815,426817,49732,2,1,7200,4973.4
377083,426791,427463,49708,672,1,7200,74.9702380952
377083,426829,426850,49746,21,1,7200,2369.85714286
377083,426784,433999,49701,7215,1,7200,7.88856548857
377084,426867,427020,49783,153,1,7200,326.379084967
377084,426875,426876,49791,1,1,7200,4979.2
377084,426862,426863,49778,1,1,7200,4977.9
377084,426880,426887,49796,7,1,7200,4980.3
377084,426845,426850,49761,5,1,7200,4976.6
377085,426888,426908,49803,20,1,7200,2491.15
377085,426920,426955,49835,35,1,7200,1424.85714286
377085,426967,427020,49882,53,1,7200,942.169811321
377085,426900,426957,49815,57,1,7200,874.947368421
377086,426974,426975,49888,1,1,7200,4988.9
377086,427011,434257,49925,7246,1,7200,7.89000828043
377087,427037,434264,49950,7227,1,7200,7.91158156912
377087,427031,427033,49944,2,1,7200,4994.6
377088,427150,429549,50062,2399,1,7200,21.867861609
377088,427479,427480,50391,1,1,7200,5039.2
377088,427057,427265,49969,208,1,7200,241.235576923
377088,427277,429017,50189,1740,1,7200,29.8442528736
377089,427491,427504,50402,13,1,7200,3878.07692308
377089,427515,427516,50426,1,1,7200,5042.7
377089,427545,427546,50456,1,1,7200,5045.7
377090,427814,427816,50724,2,1,7200,5072.6
377090,427558,427609,50468,51,1,7200,990.568627451
377090,427622,427777,50532,155,1,7200,327.012903226
377090,427790,427803,50700,13,1,7200,3901.0
377091,427839,427910,50748,71,1,7200,715.76056338
377091,427922,427923,50831,1,1,7200,5083.2
377092,428004,428019,50912,15,1,7200,3395.13333333
377092,427975,427980,50883,5,1,7200,5088.8
377092,427959,427963,50867,4,1,7200,5087.1
377093,428107,428108,51014,1,1,7200,5101.5
377093,428080,428082,50987,2,1,7200,5098.9
377093,428032,428067,50939,35,1,7200,1456.4
377094,428195,435426,51101,7231,1,7200,8.06693403402
377094,428120,428125,51026,5,1,7200,5103.1
377094,428137,431239,51043,3102,1,7200,17.4548678272
377094,429029,429045,51935,16,1,7200,3246.9375
377095,429058,429074,51963,16,1,7200,3248.6875
377095,429087,429106,51992,19,1,7200,2737.42105263
377095,429118,429119,52023,1,1,7200,5202.4
377096,429156,436370,52060,7214,1,7200,8.21652342667
377096,429560,429564,52464,4,1,7200,5246.8
377096,429143,429144,52047,1,1,7200,5204.8
377097,429587,429588,52490,1,1,7200,5249.1
377097,429599,429600,52502,1,1,7200,5250.3
377097,429658,429668,52561,10,1,7200,5257.1
377097,429641,429643,52544,2,1,7200,5254.6
377097,429612,429630,52515,18,1,7200,2918.5
377098,429694,429787,52596,93,1,7200,566.548387097
377098,429799,429802,52701,3,1,7200,5270.4
377098,429814,430919,52716,1105,1,7200,48.7067873303
377098,429681,429682,52583,1,1,7200,5258.4
377099,430931,438142,53832,7211,1,7200,8.46526140618
377099,430648,430975,53549,327,1,7200,164.758409786
377099,430536,431210,53437,674,1,7200,80.2833827893
377099,430544,430636,53445,92,1,7200,581.923913043
377100,431164,431168,54064,4,1,7200,5406.8
377100,431180,431182,54080,2,1,7200,5408.2
377100,431196,431197,54096,1,1,7200,5409.7
377100,431170,432331,54070,1161,1,7200,47.571920758
377100,431209,433081,54109,1872,1,7200,29.9043803419
377101,431222,431223,54121,1,1,7200,5412.2
377101,431254,431255,54153,1,1,7200,5415.4
377102,431287,431289,54185,2,1,7200,5418.7
377102,431268,431346,54166,78,1,7200,695.435897436
377103,431313,431328,54210,15,1,7200,3615.0
377104,431340,438552,54236,7212,1,7200,8.52024403771
377104,431527,431528,54423,1,1,7200,5442.4
377104,431359,431515,54255,156,1,7200,348.788461538
377105,431553,431822,54448,269,1,7200,203.408921933
377105,431834,432174,54729,340,1,7200,161.967647059
377105,433507,433513,56402,6,1,7200,5640.8
377105,433524,434453,56419,929,1,7200,61.7308934338
377106,433644,433648,56538,4,1,7200,5654.2
377106,433660,433663,56554,3,1,7200,5655.7
377106,433674,434459,56568,785,1,7200,73.0611464968
377106,433966,434367,56860,401,1,7200,142.795511222
377107,434568,434603,57461,35,1,7200,1642.74285714
377107,434010,434012,56903,2,1,7200,5690.5
377107,434023,441244,56916,7221,1,7200,8.88201080183
377107,434276,434321,57169,45,1,7200,1271.42222222
377107,434269,434272,57162,3,1,7200,5716.5
377108,434283,434477,57175,194,1,7200,295.716494845
377108,434333,434786,57225,453,1,7200,127.324503311
377108,434378,435090,57270,712,1,7200,81.4353932584
377109,434465,434466,57356,1,1,7200,5735.7
377109,434472,434482,57363,10,1,7200,5737.3
377109,434479,434484,57370,5,1,7200,5737.5
377109,434488,436437,57379,1949,1,7200,30.4402257568
377110,434500,434504,57390,4,1,7200,5739.4
377110,434495,434557,57385,62,1,7200,926.564516129
377110,434528,434585,57418,57,1,7200,1008.33333333
377111,434597,434600,57486,3,1,7200,5748.9
377111,434618,434819,57507,201,1,7200,287.104477612
377112,434637,434745,57525,108,1,7200,533.638888889
377112,434758,434938,57646,180,1,7200,321.255555556
377112,435453,435463,58341,10,1,7200,5835.1
377112,434797,434799,57685,2,1,7200,5768.7
377113,434832,442045,57719,7213,1,7200,9.00207957854
377113,434810,435440,57697,630,1,7200,92.5825396825
377113,434949,435067,57836,118,1,7200,491.13559322
377114,435080,435125,57966,45,1,7200,1289.13333333
377114,435102,435161,57988,59,1,7200,983.847457627
377114,435150,436346,58036,1196,1,7200,49.525083612
377114,435137,435138,58023,1,1,7200,5802.4
377115,435439,435487,58324,48,1,7200,1216.08333333
377115,435486,435499,58371,13,1,7200,4491.07692308
377115,435174,437239,58059,2065,1,7200,29.1157384988
377116,443631,443656,66515,25,1,7200,2661.6
377116,435523,442726,58407,7203,1,7200,9.10870470637
377116,435511,435512,58395,1,1,7200,5839.6
377116,435499,435520,58383,21,1,7200,2781.14285714
377117,435824,435826,58707,2,1,7200,5870.9
377117,435531,435534,58414,3,1,7200,5841.7
377117,435546,435813,58429,267,1,7200,219.835205993
377118,435851,443077,58733,7226,1,7200,9.12800996402
377118,443668,443721,66550,53,1,7200,1256.66037736
377118,443733,443808,66615,75,1,7200,889.2
377118,443819,443821,66701,2,1,7200,6670.3
377119,443832,443833,66713,1,1,7200,6671.4
377119,443840,443842,66721,2,1,7200,6672.3
377119,443855,443862,66736,7,1,7200,6674.3
377120,443920,443923,66800,3,1,7200,6680.3
377120,443931,443932,66811,1,1,7200,6681.2
377120,443862,443908,66742,46,1,7200,1451.91304348
377120,443874,451093,66754,7219,1,7200,10.2469871173
377121,443944,443983,66823,39,1,7200,1714.41025641
377121,443992,443993,66871,1,1,7200,6687.2
377121,443938,444177,66817,239,1,7200,280.569037657
377122,444007,444015,66885,8,1,7200,6689.3
377122,444027,444029,66905,2,1,7200,6690.7
377122,444041,444182,66919,141,1,7200,475.602836879
377122,443999,444301,66877,302,1,7200,222.447019868
377123,444068,444070,66945,2,1,7200,6694.7
377123,444117,444160,66994,43,1,7200,1559.0
377123,444081,444253,66958,172,1,7200,390.290697674
377123,444172,444898,67049,726,1,7200,93.3539944904
377124,444190,444195,67066,5,1,7200,6707.1
377124,444206,444213,67082,7,1,7200,6708.9
377124,444225,444229,67101,4,1,7200,6710.5
377124,444196,444284,67072,88,1,7200,763.181818182
377125,444284,444325,67159,41,1,7200,1639.02439024
377125,444264,444273,67139,9,1,7200,6714.8
377125,444241,444815,67116,574,1,7200,117.926829268
377126,444322,444323,67196,1,1,7200,6719.7
377126,444315,444316,67189,1,1,7200,6719.0
377126,444296,444297,67170,1,1,7200,6717.1
377127,444342,445133,67215,791,1,7200,85.9747155499
377127,444348,444351,67221,3,1,7200,6722.4
377127,444329,444330,67202,1,1,7200,6720.3
377128,444354,444978,67226,624,1,7200,108.733974359
377128,444374,445089,67246,715,1,7200,95.0503496503
377128,444474,444475,67346,1,1,7200,6734.7
377129,444506,444643,67377,137,1,7200,492.802919708
377129,444487,444494,67358,7,1,7200,6736.5
377129,444493,444533,67364,40,1,7200,1685.1
377384,377866,378164,482,298,12,57600,2.61744966443
377908,378177,405076,269,26899,12,86400,1.01000037176
378416,378424,379909,8,1485,1,10800,1.00538720539
378416,378484,379883,68,1399,1,10800,1.04860614725
378416,378476,379910,60,1434,1,10800,1.04184100418
378531,379003,387615,472,8612,12,86400,1.0548072457
378584,379010,383888,426,4878,12,86400,1.08733087331
378621,424968,425408,46347,440,4,144000,106.334090909
378934,424973,425459,46039,486,4,144000,95.7304526749
379456,379855,381045,399,1190,1,1140,1.33529411765
379457,379861,381041,404,1180,1,1140,1.34237288136
379458,379866,381031,408,1165,1,1140,1.35021459227
379459,379872,381037,413,1165,1,1140,1.35450643777
379460,379877,381067,417,1190,1,1140,1.35042016807
379461,379883,381050,422,1167,1,1140,1.36161096829
379462,379890,381036,428,1146,1,1140,1.37347294939
379463,379897,381057,434,1160,1,1140,1.37413793103
379574,380048,383560,474,3512,15,21599,1.13496583144
379621,383635,387313,4014,3678,15,21599,2.09135399674
379658,387324,390577,7666,3253,15,21599,3.35659391331
380175,416200,438888,36025,22688,4,345600,2.58784379408
380187,416217,444608,36030,28391,4,345600,2.26906414004
380198,420539,423041,40341,2502,1,10800,17.123501199
380198,422008,425736,41810,3728,1,10800,12.2151287554
380199,422019,424944,41820,2925,1,10800,15.2974358974
380199,422024,424980,41825,2956,1,10800,15.149188092
380199,422013,424969,41814,2956,1,10800,15.1454668471
380200,422040,424515,41840,2475,1,10800,17.9050505051
380200,422035,424820,41835,2785,1,10800,16.0215439856
380200,422029,425196,41829,3167,1,10800,14.2077676034
380200,423053,426063,42853,3010,1,10800,15.2368770764
380201,423178,425714,42977,2536,1,10800,17.9467665615
380201,423183,426526,42982,3343,1,10800,13.85731379
380201,423189,427366,42988,4177,1,10800,11.2915968398
380597,380604,381372,7,768,1,900,1.00911458333
381334,381341,382546,7,1205,1,2340,1.00580912863
381668,381736,424946,68,43210,25,43199,1.00157370979
381803,381809,381848,6,39,2,3600,1.15384615385
381921,425768,431146,43847,5378,4,36000,9.15303086649
382731,382738,383923,7,1185,1,1740,1.005907173
382944,382951,382957,7,6,2,600,1.3
383167,413214,423417,30047,10203,24,36000,3.94491816133
383215,425419,537327,42204,111908,4,144000,1.37713121493
383492,383585,383623,93,38,16,36000,3.44736842105
383555,425471,425756,41916,285,4,259200,148.073684211
383685,383692,384900,7,1208,1,1740,1.00579470199
383705,383712,384918,7,1206,1,1740,1.00580431177
383730,383791,384998,61,1207,1,1740,1.05053852527
383753,387627,388835,3874,1208,1,1740,4.20695364238
383771,387632,388836,3861,1204,1,1740,4.20681063123
383793,387638,388828,3845,1190,1,1740,4.23109243697
383897,384510,420515,613,36005,16,36000,1.01702541314
384379,388849,392428,4470,3579,15,10799,2.24895222129
384382,426282,432101,41900,5819,4,36000,8.20054992267
387617,434016,444105,46399,10089,1,36000,5.59896917435
387646,435844,446083,48198,10239,1,36000,5.70729563434
387717,387724,388733,7,1009,1,900,1.00693756194
388862,390588,436063,1726,45475,20,82799,1.03795492029
389072,392439,395743,3367,3304,15,10799,2.01906779661
389181,395921,441379,6740,45458,1,288000,1.14826873158
389181,400612,444589,11431,43977,1,288000,1.25993132774
389182,416205,460356,27023,44151,1,288000,1.61205861702
389182,401807,445762,12625,43955,1,288000,1.28722557161
389182,402689,447262,13507,44573,1,288000,1.30303098288
389182,407264,450801,18082,43537,1,288000,1.41532489607
389182,402228,445923,13046,43695,1,288000,1.29856963039
389182,406682,451046,17500,44364,1,288000,1.3944639798
389183,424833,468579,35650,43746,1,288000,1.81493165089
389183,416228,460086,27045,43858,1,288000,1.61664918601
389183,416222,461051,27039,44829,1,288000,1.60315866961
389183,424528,469048,35345,44520,1,288000,1.79391284816
389183,423194,467334,34011,44140,1,288000,1.77052560036
389184,425208,469347,36024,44139,1,288000,1.81614898389
389184,444608,488551,55424,43943,1,288000,2.26127028196
389184,445942,489294,56758,43352,1,288000,2.30923602141
389184,445782,489497,56598,43715,1,288000,2.2947043349
389184,447282,491849,58098,44567,1,288000,2.30361029461
389184,424956,468824,35772,43868,1,288000,1.81544633902
389185,448077,491706,58892,43629,1,288000,2.34983611818
389185,448069,493067,58884,44998,1,288000,2.30859149296
389185,447848,491931,58663,44083,1,288000,2.33073974094
389185,447764,491898,58579,44134,1,288000,2.32729868129
389185,447758,491895,58573,44137,1,288000,2.32707252419
389393,424984,874153,35591,449169,1,604800,1.07923743624
389419,424992,874057,35573,449065,1,604800,1.07921570374
389431,424997,874372,35566,449375,1,604800,1.07914547983
394228,425799,568581,31571,142782,1,186600,1.2211133056
394607,437251,460408,42644,23157,1,108000,2.84151660405
395518,436081,440891,40563,4810,4,36000,9.43305613306
395644,438153,481386,42509,43233,1,43200,1.98325353318
395671,438564,481796,42893,43232,1,43200,1.99215858623
395690,438899,482144,43209,43245,1,43200,1.99916753382
395704,438906,482107,43202,43201,1,43200,2.00002314761
395959,395965,399296,6,3331,15,10799,1.00180126088
396033,396647,418292,614,21645,15,21599,1.02836682837
396197,399309,402836,3112,3527,15,10799,1.88233626311
397580,405185,405891,7605,706,1,1200,11.7719546742
397653,405089,405106,7436,17,2,600,438.411764706
397898,405094,405111,7196,17,2,600,424.294117647
397978,424979,460472,27001,35493,4,72000,1.76074155467
398270,405100,405112,6830,12,2,600,570.166666667
398540,405105,405118,6565,13,2,600,506.0
398683,436086,508116,37403,72030,4,72000,1.51926974872
398732,436449,508460,37717,72011,4,72000,1.52376720223
398770,436950,508977,38180,72027,4,72000,1.53007899815
398806,405111,405124,6305,13,2,600,486.0
399033,405116,405129,6083,13,2,600,468.923076923
399415,402847,406244,3432,3397,15,10799,2.01030320871
400800,433971,433999,33171,28,1,432000,1185.67857143
401551,416211,416213,14660,2,24,32400,1466.2
402245,416844,465090,14599,48246,12,86400,1.30259503379
402323,416849,465111,14526,48262,12,86400,1.30098213916
402507,438911,460072,36404,21161,1,108000,2.72033457776
402803,405903,406603,3100,700,1,1500,5.42857142857
402804,406166,406886,3362,720,1,1500,5.66944444444
402805,406184,406905,3379,721,1,1500,5.68654646325
402806,406501,407218,3695,717,1,1500,6.15341701534
402807,406523,407241,3716,718,1,1500,6.17548746518
402808,406591,407307,3783,716,1,1500,6.28351955307
402809,406628,407347,3819,719,1,1500,6.31154381085
402809,406898,407595,4089,697,1,1500,6.86657101865
402940,440908,441794,37968,886,1,18000,43.8532731377
402941,440913,441797,37972,884,1,18000,43.9547511312
402941,441256,442149,38315,893,1,18000,43.9059350504
402941,441399,442283,38458,884,1,18000,44.5045248869
402941,440919,441792,37978,873,1,18000,44.5028636884
402942,441811,442693,38869,882,1,18000,45.0691609977
402942,442057,442949,39115,892,1,18000,44.850896861
402942,441803,442694,38861,891,1,18000,44.6150392817
402942,441816,442717,38874,901,1,18000,44.1453940067
402943,442294,443169,39351,875,1,18000,45.9725714286
402943,442705,443583,39762,878,1,18000,46.2870159453
402943,442160,443034,39217,874,1,18000,45.8707093822
402943,442710,443584,39767,874,1,18000,46.5
402944,443046,443919,40102,873,1,18000,46.9358533792
402944,443088,443981,40144,893,1,18000,45.954087346
402944,442961,443829,40017,868,1,18000,47.1025345622
402944,442737,443620,39793,883,1,18000,46.0656851642
402944,442730,443601,39786,871,1,18000,46.6785304248
402945,443601,444499,40656,898,1,18000,46.2739420935
402945,443614,444476,40669,862,1,18000,48.1798143852
402945,443595,444463,40650,868,1,18000,47.831797235
402945,443181,444057,40236,876,1,18000,46.9315068493
403788,416854,482683,13066,65829,12,86400,1.19848395084
404403,423172,509583,18769,86411,12,86400,1.21720614274
404435,424963,511391,20528,86428,12,86400,1.23751561994
405924,430519,436938,24595,6419,4,14400,4.83159370618
405943,430525,444968,24582,14443,4,14400,2.70200096933
405945,440191,542307,34246,102116,1,172800,1.33536370402
405945,440197,541530,34252,101333,1,172800,1.33801426978
405945,438917,541429,32972,102512,1,172800,1.32164039332
405946,440208,541701,34262,101493,1,172800,1.33757993162
405946,440203,541201,34257,100998,1,172800,1.33918493436
406012,440902,543543,34890,102641,1,172800,1.339922643
406146,406256,409831,110,3575,15,10799,1.03076923077
406297,444512,458123,38215,13611,1,108000,3.8076555727
406375,444545,458126,38170,13581,1,108000,3.81054414255
406492,409842,413202,3350,3360,15,10799,1.99702380952
406579,444620,458129,38041,13509,1,108000,3.81597453549
407212,444625,458133,37413,13508,1,108000,3.76969203435
407274,444631,458136,37357,13505,1,108000,3.76616068123
407416,444636,458138,37220,13502,1,108000,3.75662864761
407428,407434,408134,6,700,1,1500,1.00857142857
407435,407442,408140,7,698,1,1500,1.0100286533
407446,407454,408152,8,698,1,1500,1.01146131805
407452,407461,408214,9,753,1,1500,1.01195219124
407457,407468,408177,11,709,1,1500,1.01551480959
407464,407475,408175,11,700,1,1500,1.01571428571
407470,407482,408182,12,700,1,1500,1.01714285714
407510,444655,458142,37145,13487,1,108000,3.75413361014
407521,407607,408308,86,701,1,1500,1.12268188302
410013,410020,410099,7,79,1,600,1.08860759494
410648,416234,419802,5586,3568,15,10799,2.56558295964
418252,418303,420284,51,1981,8,7200,1.02574457345
418358,418365,421981,7,3616,8,14400,1.00193584071
418434,420533,430508,2099,9975,8,28800,1.21042606516
418547,421992,421996,3445,4,8,28800,344.9
418669,419813,423160,1144,3347,15,10799,1.34179862563
418810,420527,430969,1717,10442,15,28799,1.16443210113
423420,424330,425325,910,995,24,36000,1.91457286432
425454,436075,464723,10621,28648,16,36000,1.37074141301
426198,426287,451664,89,25377,12,86400,1.00350711274
426482,426538,427151,56,613,1,1140,1.09135399674
426482,427378,428035,896,657,1,1140,2.36377473364
426483,427538,428144,1055,606,1,1140,2.74092409241
426583,428048,428544,1465,496,1,1140,3.95362903226
426743,428156,428457,1413,301,1,1140,5.69435215947
426996,427163,427528,167,365,1,600,1.45753424658
427392,444980,448152,17588,3172,1,10800,6.5447667087
427392,444985,447996,17593,3011,1,10800,6.84290933245
427392,444910,447933,17518,3023,1,10800,6.79490572279
427392,444827,447835,17435,3008,1,10800,6.79621010638
427393,445003,448095,17610,3092,1,10800,6.69534282018
427393,445100,448079,17707,2979,1,10800,6.94394091977
427393,444991,448066,17598,3075,1,10800,6.72292682927
427393,444996,448358,17603,3362,1,10800,6.23587150506
427394,447706,450813,20312,3107,1,10800,7.53749597683
427394,446095,449162,18701,3067,1,10800,7.09748940333
427394,445144,448508,17750,3364,1,10800,6.27645659929
427394,447711,450717,20317,3006,1,10800,7.75881570193
427907,447716,510980,19809,63264,1,169200,1.31311646434
429623,431159,621205,1536,190046,18,198000,1.00808225377
431174,432114,432372,940,258,1,3540,4.64341085271
431623,432119,434221,496,2102,1,3540,1.23596574691
431700,432124,432309,424,185,1,3540,3.29189189189
431750,432130,432404,380,274,1,3540,2.38686131387
431798,432186,432477,388,291,1,3540,2.33333333333
431870,432321,432554,451,233,1,3540,2.9356223176
431919,432343,432647,424,304,1,3540,2.39473684211
431967,432384,432879,417,495,1,3540,1.84242424242
432017,432416,432943,399,527,1,3540,1.75711574953
432066,432489,432981,423,492,1,3540,1.85975609756
432115,432566,433090,451,524,1,3540,1.8606870229
432193,432659,433216,466,557,1,3540,1.83662477558
432392,432891,433160,499,269,1,3540,2.85501858736
432648,432955,433142,307,187,1,3540,2.64171122995
432701,432993,433123,292,130,1,3540,3.24615384615
440631,447727,447734,7096,7,1,3600,710.3
444223,447744,447752,3521,8,1,1800,352.9
445296,447722,447747,2426,25,1,432000,98.04
447850,447944,448059,94,115,1,3600,1.81739130435
447919,448008,448084,89,76,1,1800,2.17105263158
448202,448209,448463,7,254,1,3600,1.02755905512
448341,448347,448439,6,92,1,1800,1.0652173913
448709,448715,449143,6,428,1,3600,1.01401869159
448972,448979,449193,7,214,1,1800,1.03271028037
449675,449682,449688,7,6,1,3600,1.3
449804,449810,449888,6,78,1,3600,1.07692307692
449870,449876,449882,6,6,1,1800,1.2
450023,450029,450267,6,238,1,3600,1.02521008403
450063,450069,450107,6,38,1,1800,1.15789473684
450362,450368,450443,6,75,1,1800,1.08
450529,450535,451002,6,467,1,3600,1.01284796574
450832,450838,453353,6,2515,1,10800,1.00238568588
450832,450844,453569,12,2725,1,10800,1.00440366972
450832,450849,453367,17,2518,1,10800,1.00675138999
450833,450856,453166,23,2310,1,10800,1.00995670996
450833,450862,453557,29,2695,1,10800,1.0107606679
450833,450867,453578,34,2711,1,10800,1.0125414976
450834,450883,453398,49,2515,1,10800,1.01948310139
450834,450872,453437,38,2565,1,10800,1.01481481481
450834,450878,453429,44,2551,1,10800,1.01724813799
450835,450888,453219,53,2331,1,10800,1.02273702274
450835,450899,453225,64,2326,1,10800,1.02751504729
450835,450894,453414,59,2520,1,10800,1.02341269841
451083,451091,451280,8,189,1,1800,1.04232804233
451513,451519,451526,6,7,1,3600,1.3
451644,451650,451760,6,110,1,3600,1.05454545455
451897,451903,452161,6,258,1,3600,1.02325581395
452401,452407,452829,6,422,1,3600,1.01421800948
453373,453379,453385,6,6,1,3600,1.2
453503,453514,453594,11,80,1,3600,1.1375
453602,453608,456351,6,2743,1,10800,1.00218738607
453603,453626,456346,23,2720,1,10800,1.00845588235
453603,453620,456166,17,2546,1,10800,1.00667714061
453603,453614,456039,11,2425,1,10800,1.00453608247
453604,453642,455984,38,2342,1,10800,1.01622544833
453604,453637,455947,33,2310,1,10800,1.01428571429
453604,453631,456041,27,2410,1,10800,1.0112033195
453605,453653,456409,48,2756,1,10800,1.01741654572
453605,453648,455988,43,2340,1,10800,1.01837606838
453606,453659,456054,53,2395,1,10800,1.02212943633
453606,453669,456050,63,2381,1,10800,1.02645947081
453606,453664,456420,58,2756,1,10800,1.02104499274
453733,453739,453981,6,242,1,3600,1.02479338843
454237,454243,454739,6,496,1,3600,1.01209677419
456718,456725,457657,7,932,1,18000,1.00751072961
456719,456730,457613,11,883,1,18000,1.01245753114
456719,456742,457580,23,838,1,18000,1.02744630072
456719,456735,457615,16,880,1,18000,1.01818181818
456720,456764,457621,44,857,1,18000,1.05134189032
456720,456753,457622,33,869,1,18000,1.03797468354
456720,456759,457641,39,882,1,18000,1.04421768707
456720,456748,457583,28,835,1,18000,1.03353293413
456721,456775,457621,54,846,1,18000,1.06382978723
456721,456770,457622,49,852,1,18000,1.05751173709
456721,456780,457611,59,831,1,18000,1.07099879663
456722,456797,457609,75,812,1,18000,1.09236453202
456722,456791,457612,69,821,1,18000,1.08404384896
456722,456786,457615,64,829,1,18000,1.07720144753
456723,456813,457688,90,875,1,18000,1.10285714286
456723,456808,457716,85,908,1,18000,1.0936123348
456723,456802,457673,79,871,1,18000,1.09070034443
456724,456835,457597,111,762,1,18000,1.14566929134
456724,456824,457612,100,788,1,18000,1.1269035533
456724,456829,457620,105,791,1,18000,1.13274336283
456724,456818,457641,94,823,1,18000,1.1142162819
456725,456840,457613,115,773,1,18000,1.14877102199
458235,458241,462648,6,4407,12,21600,1.00136147039
458278,458285,552222,7,93937,1,108000,1.00007451803
458312,458318,553219,6,94901,1,108000,1.00006322378
458342,458349,563464,7,105115,1,108000,1.00006659373
458370,458377,562304,7,103927,1,108000,1.00006735497
458400,458407,460804,7,2397,12,43200,1.00292031706
458403,458414,559267,11,100853,1,108000,1.00010906964
458430,458436,554794,6,96358,1,108000,1.00006226779
458454,458461,552014,7,93553,1,108000,1.0000748239
458583,458589,462238,6,3649,12,43200,1.00164428611
458809,458815,462262,6,3447,12,86400,1.00174064404
460313,460319,460494,6,175,1,108000,1.03428571429
460375,460381,554576,6,94195,1,108000,1.00006369765
460535,460541,534559,6,74018,1,108000,1.00008106136
462153,462160,484136,7,21976,12,86400,1.0003185293
462757,462764,466402,7,3638,4,28800,1.00192413414
462794,462801,469570,7,6769,4,28800,1.00103412616
462851,462857,462858,6,1,4,28800,1.0
462944,462950,470750,6,7800,4,28800,1.00076923077
462946,462956,467854,10,4898,4,28800,1.00204164965
463510,463517,465328,7,1811,1,108000,1.00386526781
463532,463538,464359,6,821,1,18000,1.00730816078
463532,463549,464362,17,813,1,18000,1.0209102091
463532,463544,464374,12,830,1,18000,1.01445783133
463533,463561,464329,28,768,1,18000,1.03645833333
463533,463556,464409,23,853,1,18000,1.02696365768
463534,463577,464410,43,833,1,18000,1.05162064826
463534,463572,464325,38,753,1,18000,1.05046480744
463534,463566,464332,32,766,1,18000,1.04177545692
463534,463583,464367,49,784,1,18000,1.0625
463535,463593,464471,58,878,1,18000,1.06605922551
463535,463599,464161,64,562,1,18000,1.11387900356
463535,463588,464361,53,773,1,18000,1.06856403622
463536,463604,464139,68,535,1,18000,1.12710280374
463536,463610,464156,74,546,1,18000,1.13553113553
463536,463615,464177,79,562,1,18000,1.14056939502
463537,463621,464190,84,569,1,18000,1.14762741652
463537,463626,464205,89,579,1,18000,1.15371329879
463537,463632,464202,95,570,1,18000,1.16666666667
463538,463637,464224,99,587,1,18000,1.16865417376
463538,463643,464190,105,547,1,18000,1.19195612431
463539,463648,464233,109,585,1,18000,1.18632478632
463539,463654,464215,115,561,1,18000,1.20499108734
463597,463660,465323,63,1663,1,108000,1.03788334336
463672,463678,464928,6,1250,1,108000,1.0048
463752,463759,464610,7,851,1,108000,1.00822561692
463807,463814,464700,7,886,1,108000,1.0079006772
463871,463879,464288,8,409,1,108000,1.0195599022
463937,463943,464139,6,196,1,108000,1.0306122449
463962,464152,468093,190,3941,4,21600,1.04821111393
464022,464201,470374,179,6173,4,21600,1.02899724607
464349,464356,472584,7,8228,4,259200,1.00085075352
464675,464681,489299,6,24618,12,86400,1.0002437241
464725,464733,572737,8,108004,1,108000,1.00007407133
464735,465636,481888,901,16252,12,86400,1.05543933054
464858,464864,570610,6,105746,1,108000,1.00005673973
464880,464888,567851,8,102963,1,108000,1.00007769781
464898,464905,569971,7,105066,1,108000,1.00006662479
464966,464972,572978,6,108006,1,108000,1.00005555247
465465,465472,466312,7,840,1,18000,1.00833333333
465466,465647,466466,181,819,1,18000,1.221001221
465466,465641,466465,175,824,1,18000,1.21237864078
465466,465652,466501,186,849,1,18000,1.21908127208
465467,465658,466443,191,785,1,18000,1.24331210191
465467,465663,466427,196,764,1,18000,1.25654450262
465468,466003,466764,535,761,1,18000,1.70302233903
465468,466014,466812,546,798,1,18000,1.68421052632
465468,466008,466846,540,838,1,18000,1.64439140811
465469,466030,466590,561,560,1,18000,2.00178571429
465469,466019,466790,550,771,1,18000,1.71335927367
465469,466025,466928,556,903,1,18000,1.61572535991
465470,466036,466583,566,547,1,18000,2.03473491773
465470,466041,466582,571,541,1,18000,2.05545286506
465471,466047,466627,576,580,1,18000,1.99310344828
465471,466052,466630,581,578,1,18000,2.00519031142
465471,466058,466633,587,575,1,18000,2.02086956522
465472,466070,466646,598,576,1,18000,2.03819444444
465472,466063,466644,591,581,1,18000,2.01721170396
465472,466076,466622,604,546,1,18000,2.10622710623
465473,466087,466660,614,573,1,18000,2.07155322862
465473,466081,466671,608,590,1,18000,2.03050847458
466071,466093,557184,22,91091,1,108000,1.00024151673
466101,466108,567753,7,101645,1,108000,1.00006886714
466418,466425,548361,7,81936,1,108000,1.00008543253
467736,467743,468365,7,622,1,18000,1.01125401929
467737,467755,468445,18,690,1,18000,1.02608695652
467737,467750,468368,13,618,1,18000,1.02103559871
467737,467761,468385,24,624,1,18000,1.03846153846
467738,467772,468376,34,604,1,18000,1.05629139073
467738,467778,468387,40,609,1,18000,1.06568144499
467738,467767,468389,29,622,1,18000,1.04662379421
467739,467783,468384,44,601,1,18000,1.07321131448
467739,467794,468416,55,622,1,18000,1.0884244373
467739,467788,468435,49,647,1,18000,1.07573415765
467740,467810,468585,70,775,1,18000,1.09032258065
467740,467805,468600,65,795,1,18000,1.08176100629
467740,467799,468427,59,628,1,18000,1.09394904459
467741,467827,468647,86,820,1,18000,1.10487804878
467741,467832,468631,91,799,1,18000,1.11389236546
467741,467821,468583,80,762,1,18000,1.10498687664
467741,467816,468757,75,941,1,18000,1.07970244421
467742,467843,468639,101,796,1,18000,1.12688442211
467742,467838,468623,96,785,1,18000,1.12229299363
467742,467848,468612,106,764,1,18000,1.1387434555
467743,467854,468643,111,789,1,18000,1.14068441065
467743,467859,468627,116,768,1,18000,1.15104166667
467869,467875,475674,6,7799,1,108000,1.0007693294
467950,467956,475677,6,7721,1,108000,1.00077710141
468069,468076,468081,7,5,4,600,1.2
468409,468415,468417,6,2,4,7200,1.0
468530,468536,468790,6,254,4,7200,1.02362204724
468751,468757,468765,6,8,8,14400,1.4
468839,468846,480543,7,11697,8,14400,1.00059844405
468858,468864,568389,6,99525,16,108000,1.00006028636
468873,468879,468884,6,5,4,7200,1.1
468951,468956,471884,5,2928,4,7200,1.00170765027
468977,471896,480582,2919,8686,8,14400,1.33605802441
469042,469049,469053,7,4,4,600,1.1
469127,488571,488659,19444,88,64,1800,221.954545455
469437,512524,944555,43087,432031,5,432000,1.09973126928
469928,469934,477224,6,7290,15,10799,1.00082304527
470124,470130,471000,6,870,1,18000,1.00689655172
470124,470142,471012,18,870,1,18000,1.02068965517
470124,470136,471023,12,887,1,18000,1.01352874859
470125,470386,471256,261,870,1,18000,1.3
470125,470392,471237,267,845,1,18000,1.31597633136
470126,470403,471249,277,846,1,18000,1.32742316785
470126,470397,471237,271,840,1,18000,1.32261904762
470126,470710,471571,584,861,1,18000,1.67828106852
470127,470773,471620,646,847,1,18000,1.7626918536
470127,470767,471596,640,829,1,18000,1.77201447527
470127,470762,471623,635,861,1,18000,1.737514518
470128,470778,471499,650,721,1,18000,1.90152565881
470128,470869,471598,741,729,1,18000,2.01646090535
470129,471012,471734,883,722,1,18000,2.22299168975
470129,471035,471731,906,696,1,18000,2.30172413793
470129,471025,471724,896,699,1,18000,2.28183118741
470130,471262,471961,1132,699,1,18000,2.61945636624
470130,471248,471960,1118,712,1,18000,2.5702247191
470130,471254,471958,1124,704,1,18000,2.59659090909
470131,471268,471964,1137,696,1,18000,2.63362068966
470132,471584,472280,1452,696,1,18000,3.08620689655
470132,471511,472227,1379,716,1,18000,2.92597765363
470757,512048,512512,41291,464,4,144000,89.9892241379
470874,527664,529292,56790,1628,4,144000,35.8832923833
472678,525828,553543,53150,27715,4,259200,2.91773407902
472732,491332,491383,18600,51,4,72000,365.705882353
472778,472785,473650,7,865,1,18000,1.00809248555
472778,472791,473664,13,873,1,18000,1.01489117984
472779,472816,473673,37,857,1,18000,1.04317386231
472779,472804,473655,25,851,1,18000,1.02937720329
472779,472796,473651,17,855,1,18000,1.01988304094
472779,472811,473655,32,844,1,18000,1.03791469194
472780,472822,473664,42,842,1,18000,1.04988123515
472780,472827,473673,47,846,1,18000,1.05555555556
472780,472834,473674,54,840,1,18000,1.06428571429
472781,472845,473670,64,825,1,18000,1.07757575758
472781,472851,473577,70,726,1,18000,1.09641873278
472781,472840,473677,59,837,1,18000,1.07048984468
472782,472856,473585,74,729,1,18000,1.10150891632
472782,472862,473572,80,710,1,18000,1.11267605634
472782,473585,473785,803,200,1,18000,5.015
472783,473592,473785,809,193,1,18000,5.19170984456
472783,473599,473785,816,186,1,18000,5.38709677419
472783,473664,473785,881,121,1,18000,8.28099173554
472784,473684,473785,900,101,1,18000,9.91089108911
472784,473671,473785,887,114,1,18000,8.78070175439
472784,473676,473785,892,109,1,18000,9.18348623853
472785,473689,473785,904,96,1,18000,10.4166666667
473223,473797,476620,574,2823,8,7200,1.203329791
473750,473761,473785,11,24,1,18000,1.45833333333
473750,473769,473785,19,16,1,18000,2.1875
473750,473756,473785,6,29,1,18000,1.20689655172
473751,473774,473785,23,11,1,18000,3.09090909091
473784,473803,474631,19,828,1,18000,1.0229468599
473784,473808,474661,24,853,1,18000,1.02813599062
473784,473813,474678,29,865,1,18000,1.03352601156
473785,473824,474681,39,857,1,18000,1.0455075846
473785,473830,474702,45,872,1,18000,1.05160550459
473785,473819,474737,34,918,1,18000,1.03703703704
473786,474643,475499,857,856,1,18000,2.0011682243
473786,474690,475512,904,822,1,18000,2.099756691
473786,474674,475532,888,858,1,18000,2.03496503497
473787,475511,476257,1724,746,1,18000,3.3109919571
473787,474749,475590,962,841,1,18000,2.14387633769
473787,474697,475518,910,821,1,18000,2.1084043849
473788,475523,476219,1735,696,1,18000,3.49281609195
473788,475531,476232,1743,701,1,18000,3.48644793153
473789,475693,476426,1904,733,1,18000,3.59754433834
473789,475602,476348,1813,746,1,18000,3.43029490617
473789,475545,476251,1756,706,1,18000,3.48725212465
473789,475686,476404,1897,718,1,18000,3.64206128134
473790,476263,476971,2473,708,1,18000,4.49293785311
473790,475700,476442,1910,742,1,18000,3.57412398922
473790,476232,476974,2442,742,1,18000,4.29110512129
473791,476270,477011,2479,741,1,18000,4.34547908232
473854,511547,547555,37693,36008,16,36000,2.04679515663
474135,474715,475687,580,972,1,108000,1.59670781893
474230,491502,526537,17272,35035,4,72000,1.49299272156
474517,529304,533510,54787,4206,4,36000,14.025915359
475586,476417,478325,831,1908,1,1800,1.43553459119
475731,476243,568322,512,92079,1,108000,1.00556044266
475751,476360,566888,609,90528,1,108000,1.00672720042
475799,476455,568804,656,92349,1,108000,1.00710348786
475814,481934,582957,6120,101023,1,108000,1.0605802639
475829,482040,590042,6211,108002,1,108000,1.05750819429
475902,482096,585061,6194,102965,1,108000,1.06015636381
475965,489517,596175,13552,106658,1,108000,1.12706032365
476034,490896,588495,14862,97599,1,108000,1.15227615037
476088,491138,587642,15050,96504,1,108000,1.15595208489
476148,491183,599215,15035,108032,1,108000,1.1391717269
476206,491726,599760,15520,108034,1,108000,1.14365847789
477519,477525,484610,6,7085,15,10799,1.00084685956
477607,480555,487654,2948,7099,15,17999,1.4152697563
477668,481900,488478,4232,6578,15,17999,1.64335664336
478056,480560,481310,2504,750,1,18000,4.33866666667
478056,480566,481366,2510,800,1,18000,4.1375
478056,481260,481922,3204,662,1,18000,5.83987915408
478056,480572,481244,2516,672,1,18000,4.74404761905
478057,482119,482833,4062,714,1,18000,6.68907563025
478057,481322,482028,3265,706,1,18000,5.62464589235
478057,482156,482895,4099,739,1,18000,6.54668470907
478057,481379,482084,3322,705,1,18000,5.71205673759
478058,482845,483592,4787,747,1,18000,7.40829986613
478058,490037,490770,11979,733,1,18000,17.3424283765
478058,482907,483669,4849,762,1,18000,7.36351706037
478058,490043,490878,11985,835,1,18000,15.3532934132
478058,490048,490851,11990,803,1,18000,15.9315068493
478059,490059,490906,12000,847,1,18000,15.1676505313
478059,490054,490889,11995,835,1,18000,15.3652694611
478059,490070,490884,12011,814,1,18000,15.7555282555
478059,490065,490919,12006,854,1,18000,15.0585480094
478060,490218,491011,12158,793,1,18000,16.3316519546
478060,490235,491032,12175,797,1,18000,16.2760351317
478060,490230,491047,12170,817,1,18000,15.8959608323
478060,490224,491089,12164,865,1,18000,15.0624277457
478061,490919,491760,12858,841,1,18000,16.288941736
478090,490021,554563,11931,64542,18,86400,1.18485637259
478118,490026,536573,11908,46547,18,86400,1.25582744323
478290,490845,606330,12555,115485,18,172800,1.10871541759
479456,479464,479577,8,113,8,600,1.07079646018
480336,481911,493638,1575,11727,2,36000,1.13430544896
480493,484148,484266,3655,118,16,600,31.9745762712
480595,511552,518211,30957,6659,16,36000,5.64889623067
480708,511558,511573,30850,15,16,36000,2057.66666667
480853,483607,483780,2754,173,2,10800,16.9190751445
481175,481905,485826,730,3921,8,14400,1.18617699566
482573,490032,498827,7459,8795,4,18000,1.84809550881
482576,533522,539498,50946,5976,4,21600,9.52510040161
482673,534571,534572,51898,1,4,21600,5189.9
482675,534585,534586,51910,1,4,21600,5191.1
483387,483601,483604,214,3,4,600,21.7
483570,483596,483672,26,76,1,3600,1.34210526316
483744,526562,526570,42818,8,16,108000,4282.6
483850,483856,484174,6,318,1,3600,1.01886792453
483993,484000,484005,7,5,4,600,1.2
484149,491869,499149,7720,7280,2,36000,2.06043956044
484486,495927,495940,11441,13,8,600000,881.076923077
484487,495933,495946,11446,13,8,600000,881.461538462
484727,484734,485941,7,1207,1,3600,1.0057995029
484824,484830,484856,6,26,16,600,1.23076923077
485073,492528,504728,7455,12200,2,54000,1.61106557377
485963,485970,486449,7,479,1,3600,1.01461377871
486912,488670,490003,1758,1333,64,3540,2.31882970743
487024,487031,490599,7,3568,15,10799,1.00196188341
487110,487117,487537,7,420,1,3600,1.01666666667
487912,490015,497042,2103,7027,15,17999,1.29927422798
488426,488432,488437,6,5,1,600,1.1
488444,488451,488681,7,230,1,600,1.03043478261
488531,489314,489805,783,491,1,3600,2.59470468432
488755,488763,489383,8,620,1,600,1.01290322581
489062,534598,558049,45536,23451,4,28800,2.94175088482
489065,545102,563568,56037,18466,4,28800,4.03460413733
489069,547582,563570,58513,15988,4,28800,4.65980735552
489717,489723,490428,6,705,1,2400,1.0085106383
490200,490213,490218,13,5,8,7200,1.8
490286,490293,490782,7,489,1,3600,1.01431492843
490429,490436,490445,7,9,8,7200,1.6
490571,490610,490638,39,28,16,600,2.39285714286
490704,490711,493221,7,2510,8,6300,1.00278884462
490833,494502,497246,3669,2744,2,28800,2.33709912536
491043,491049,491659,6,610,1,3600,1.00983606557
491080,491086,492515,6,1429,1,3600,1.00419874038
491089,491101,491125,12,24,8,600,1.5
491175,511475,511526,20300,51,64,1800,399.039215686
491524,543586,615608,52062,72022,4,72000,1.72286245869
491526,511580,518128,20054,6548,15,17999,4.06261453879
491744,493234,493437,1490,203,8,600,8.33990147783
491766,491773,491778,7,5,4,600,1.2
491820,493450,493623,1630,173,8,600,10.4219653179
491975,491983,492163,8,180,1,2400,1.04444444444
492004,498839,498906,6835,67,32,600,103.014925373
492074,494368,494463,2294,95,16,600,25.1473684211
492652,492659,493786,7,1127,1,3600,1.00621118012
492654,492666,492810,12,144,1,2400,1.08333333333
492779,543561,543565,50782,4,8,72000,5078.6
492889,511402,511464,18513,62,64,600,299.596774194
492906,498845,572591,5939,73746,1,108000,1.08053318146
492918,498919,572694,6001,73775,1,108000,1.08134191799
492940,499161,573295,6221,74134,1,108000,1.08391561227
492947,499166,573034,6219,73868,1,108000,1.08419071858
493293,493299,493427,6,128,1,2400,1.046875
493690,494491,494918,801,427,1,3600,2.87587822014
493707,493714,493715,7,1,8,1800,1.0
493715,493721,494356,6,635,1,600,1.0094488189
493834,493841,493866,7,25,8,300,1.28
493870,527658,614059,33788,86401,20,86399,1.39106028865
493870,494497,495425,627,928,1,3600,1.67564655172
493908,533300,595082,39392,61782,20,86399,1.63759671102
493924,494475,495012,551,537,2,600,2.0260707635
493974,510784,513422,16810,2638,8,21600,7.37225170584
493981,513433,525816,19452,12383,24,86399,2.5708632803
493991,504740,510980,10749,6240,1,259200,2.72259615385
494190,519615,525095,25425,5480,8,21600,5.63959854015
494287,504745,505829,10458,1084,1,18000,10.647601476
494287,519620,533288,25333,13668,8,21600,2.85345332163
494288,508129,509293,13841,1164,1,18000,12.8908934708
494288,508102,509232,13814,1130,1,18000,13.2247787611
494288,505842,507029,11554,1187,1,18000,10.7337826453
494288,507043,508090,12755,1047,1,18000,13.182425979
494289,508473,509696,14184,1223,1,18000,12.5977105478
494289,508134,509664,13845,1530,1,18000,10.0490196078
494289,509245,510632,14956,1387,1,18000,11.7829848594
494289,509305,510529,15016,1224,1,18000,13.2679738562
494290,510542,511576,16252,1034,1,18000,16.7176015474
494290,509676,510807,15386,1131,1,18000,14.6038903625
494290,510644,512030,16354,1386,1,18000,12.7994227994
494290,509708,510819,15418,1111,1,18000,14.8775877588
494291,511585,512843,17294,1258,1,18000,14.747217806
494291,510997,512265,16706,1268,1,18000,14.1750788644
494291,510819,511890,16528,1071,1,18000,16.4323062558
494291,510832,512036,16541,1204,1,18000,14.738372093
494292,511597,512688,17305,1091,1,18000,16.8615948671
494292,511603,512623,17311,1020,1,18000,17.9715686275
494292,511608,512605,17316,997,1,18000,18.3681043129
494292,511592,512856,17300,1264,1,18000,14.6867088608
494293,511614,512593,17321,979,1,18000,18.6925434116
494333,494480,494481,147,1,1,900,14.8
494430,525857,527647,31427,1790,8,21600,18.5569832402
494475,525863,530416,31388,4553,8,21600,7.89391609928
494515,536586,542923,42071,6337,8,21600,7.63894587344
494563,536592,538655,42029,2063,8,21600,21.3727581192
494576,494584,495601,8,1017,1,3600,1.00786627335
494765,539511,543833,44746,4322,8,21600,11.353077279
494776,539516,545135,44740,5619,8,21600,8.9622708667
495103,495109,497360,6,2251,8,12600,1.00266548201
495251,495257,495305,6,48,1,3600,1.125
495469,495476,496376,7,900,1,3600,1.00777777778
495535,495541,496527,6,986,1,3600,1.0060851927
495768,497258,520073,1490,22815,2,54000,1.06530791146
495880,495886,496054,6,168,1,2400,1.03571428571
495928,495940,495953,12,13,8,600000,1.92307692308
495929,495951,495965,22,14,8,600000,2.57142857143
495940,495958,495971,18,13,8,600000,2.38461538462
495951,495965,495979,14,14,8,600000,2.0
495962,495977,495989,15,12,8,600000,2.25
495963,495983,495997,20,14,8,600000,2.42857142857
495974,495991,496004,17,13,8,600000,2.30769230769
495985,496001,496016,16,15,8,600000,2.06666666667
495996,496008,496023,12,15,8,600000,1.8
496007,496016,496031,9,15,8,600000,1.6
496008,496027,496043,19,16,8,600000,2.1875
496019,496034,496050,15,16,8,600000,1.9375
496030,496055,496078,25,23,8,600000,2.08695652174
496030,496043,496060,13,17,8,600000,1.76470588235
496042,496062,496083,20,21,8,600000,1.95238095238
496053,496071,496090,18,19,8,600000,1.94736842105
496064,496089,496107,25,18,8,600000,2.38888888889
496075,496096,496114,21,18,8,600000,2.16666666667
496086,496103,496121,17,18,8,600000,1.94444444444
496097,496118,496137,21,19,8,600000,2.10526315789
496108,496125,496144,17,19,8,600000,1.89473684211
496119,496132,496152,13,20,8,600000,1.65
496125,496137,497148,12,1011,1,3600,1.0118694362
496130,496148,496168,18,20,8,600000,1.9
496131,496155,496179,24,24,8,600000,2.0
496150,496162,497323,12,1161,1,1140,1.01033591731
496151,496168,497322,17,1154,1,1140,1.01473136915
496152,496173,497331,21,1158,1,1140,1.01813471503
496152,496388,497537,236,1149,1,1140,1.20539599652
496152,496180,496199,28,19,8,600000,2.47368421053
496153,496185,496206,32,21,8,600000,2.52380952381
496153,496539,497700,386,1161,1,1140,1.33247200689
496154,497065,498213,911,1148,1,1140,1.79355400697
496155,497071,498251,916,1180,1,1140,1.77627118644
496156,497076,498255,920,1179,1,1140,1.78032230704
496185,496217,496238,32,21,8,600000,2.52380952381
496185,496191,496214,6,23,8,600000,1.26086956522
496196,496210,496233,14,23,8,600000,1.60869565217
496207,496225,496248,18,23,8,600000,1.78260869565
496218,496244,496266,26,22,8,600000,2.18181818182
496230,496252,496274,22,22,8,600000,2.0
496241,496260,496285,19,25,8,600000,1.76
496252,496278,496302,26,24,8,600000,2.08333333333
496263,496286,496309,23,23,8,600000,2.0
496284,496296,496320,12,24,8,600000,1.5
496285,496313,496338,28,25,8,600000,2.12
496296,496320,496347,24,27,8,600000,1.88888888889
496317,496331,496357,14,26,8,600000,1.53846153846
496318,496351,496377,33,26,8,600000,2.26923076923
496329,496359,496387,30,28,8,600000,2.07142857143
496351,496368,496394,17,26,8,600000,1.65384615385
496362,496394,496420,32,26,8,600000,2.23076923077
496373,496401,496428,28,27,8,600000,2.03703703704
496394,496408,496436,14,28,8,600000,1.5
496405,496431,496459,26,28,8,600000,1.92857142857
496406,496440,496469,34,29,8,600000,2.1724137931
496427,496447,496475,20,28,8,600000,1.71428571429
496438,496470,496500,32,30,8,600000,2.06666666667
496449,496480,496510,31,30,8,600000,2.03333333333
496471,496487,496515,16,28,8,600000,1.57142857143
496482,496511,496541,29,30,8,600000,1.96666666667
496493,496521,496551,28,30,8,600000,1.93333333333
496515,496528,496559,13,31,8,600000,1.41935483871
496526,496552,496586,26,34,8,600000,1.76470588235
496527,496564,496593,37,29,8,600000,2.27586206897
496548,496570,496602,22,32,8,600000,1.6875
496559,496597,496629,38,32,8,600000,2.1875
496570,496604,496638,34,34,8,600000,2.0
496602,496614,496649,12,35,8,600000,1.34285714286
496603,496641,496671,38,30,8,600000,2.26666666667
496614,496649,496684,35,35,8,600000,2.0
496646,496660,496693,14,33,8,600000,1.42424242424
496646,496682,496716,36,34,8,600000,2.05882352941
496657,496695,496730,38,35,8,600000,2.08571428571
496679,496704,496738,25,34,8,600000,1.73529411765
496700,496727,496761,27,34,8,600000,1.79411764706
496701,496741,496774,40,33,8,600000,2.21212121212
496733,496749,496785,16,36,8,600000,1.44444444444
496744,496772,496811,28,39,8,600000,1.71794871795
496755,496786,496830,31,44,8,600000,1.70454545455
496776,496796,496833,20,37,8,600000,1.54054054054
496787,496822,496864,35,42,8,600000,1.83333333333
496799,496841,496879,42,38,8,600000,2.10526315789
496820,496848,496887,28,39,8,600000,1.71794871795
496841,496875,496915,34,40,8,600000,1.85
496853,496891,496927,38,36,8,600000,2.05555555556
496874,496898,496936,24,38,8,600000,1.63157894737
496895,496927,496967,32,40,8,600000,1.8
496896,496938,496978,42,40,8,600000,2.05
496928,496948,496988,20,40,8,600000,1.5
496931,497060,497940,129,880,1,3600,1.14659090909
496939,496978,497018,39,40,8,600000,1.975
496950,496988,497028,38,40,8,600000,1.95
496982,496999,497041,17,42,8,600000,1.40476190476
496993,497030,497070,37,40,8,600000,1.925
497004,497039,497080,35,41,8,600000,1.85365853659
497036,497053,497093,17,40,8,600000,1.425
497036,497082,497121,46,39,8,600000,2.17948717949
497058,497094,497135,36,41,8,600000,1.87804878049
497079,497104,497148,25,44,8,600000,1.56818181818
497090,497132,497175,42,43,8,600000,1.97674418605
497101,497147,497195,46,48,8,600000,1.95833333333
497133,497159,497201,26,42,8,600000,1.61904761905
497144,497186,497232,42,46,8,600000,1.91304347826
497155,497206,497252,51,46,8,600000,2.10869565217
497187,497213,497260,26,47,8,600000,1.55319148936
497209,497244,497286,35,42,8,600000,1.83333333333
497209,497264,497309,55,45,8,600000,2.22222222222
499995,545291,549612,45296,4321,12,86400,11.4827586207
500170,543580,545084,43410,1504,12,21600,29.8630319149
500204,546605,548113,46401,1508,12,86400,31.7698938992
500228,545096,546593,44868,1497,12,86400,30.9719438878
500466,500472,500477,6,5,16,600,1.1
501936,501942,501943,6,1,16,600,1.0
502035,502041,502043,6,2,16,600,1.0
502065,502071,502072,6,1,16,600,1.0
502177,502183,502184,6,1,16,600,1.0
502437,511537,511542,9100,5,16,30600,910.5
502558,511564,511568,9006,4,16,30600,901.0
509388,547571,547592,38183,21,4,72000,1819.23809524
509794,511619,511621,1825,2,1,180000,182.7
510953,510992,680203,39,169211,1,169200,1.00023048147
513648,518222,542209,4574,23987,16,30600,1.19068662192
513668,542220,565908,28552,23688,16,30600,2.20533603512
514059,520090,520739,6031,649,1,18000,10.2927580894
514059,520085,520707,6026,622,1,18000,10.6881028939
514060,521404,522030,7344,626,1,18000,12.731629393
514060,521249,521863,7189,614,1,18000,12.7084690554
514060,520751,521392,6691,641,1,18000,11.4383775351
514060,520720,521237,6660,517,1,18000,13.8820116054
514061,522042,522704,7981,662,1,18000,13.0558912387
514061,522514,523218,8453,704,1,18000,13.0071022727
514061,522715,523389,8654,674,1,18000,13.8397626113
514061,521876,522502,7815,626,1,18000,13.4840255591
514062,523983,524518,9921,535,1,18000,19.5439252336
514062,523231,524031,9169,800,1,18000,12.46125
514062,523402,523971,9340,569,1,18000,17.4147627417
514063,525152,525739,11089,587,1,18000,19.8909710392
514063,524630,525250,10567,620,1,18000,18.0435483871
514063,524530,525115,10467,585,1,18000,18.8923076923
514063,524044,524618,9981,574,1,18000,18.3885017422
514064,525868,526561,11804,693,1,18000,18.0331890332
514064,525898,526542,11834,644,1,18000,19.3757763975
514064,525752,526524,11688,772,1,18000,16.1398963731
514064,525263,525886,11199,623,1,18000,18.9759229535
514065,526537,527434,12472,897,1,18000,14.9041248606
514911,514923,514936,12,13,8,600000,1.92307692308
514911,514917,514930,6,13,8,600000,1.46153846154
514922,514930,514943,8,13,8,600000,1.61538461538
514923,514942,514956,19,14,8,600000,2.35714285714
514934,514949,514962,15,13,8,600000,2.15384615385
514945,514956,514970,11,14,8,600000,1.78571428571
514946,514967,514980,21,13,8,600000,2.61538461538
514957,514974,514987,17,13,8,600000,2.30769230769
514968,514981,514996,13,15,8,600000,1.86666666667
514979,514999,515015,20,16,8,600000,2.25
514979,514992,515007,13,15,8,600000,1.86666666667
515284,515291,515482,7,191,8,600000,1.03664921466
515285,515296,515482,11,186,8,600000,1.05913978495
515296,515302,515482,6,180,8,600000,1.03333333333
515481,515489,516380,8,891,1,3600,1.00897867565
515558,515564,515574,6,10,5,16200,1.6
515559,515570,515574,11,4,5,16200,1.5
515570,515577,515578,7,1,5,16200,1.0
515625,515631,515745,6,114,5,600000,1.05263157895
515625,515636,515745,11,109,5,600000,1.10091743119
515636,515643,515745,7,102,5,600000,1.06862745098
515637,515648,515745,11,97,5,600000,1.11340206186
515648,515655,515745,7,90,5,600000,1.07777777778
515649,515661,515747,12,86,5,600000,1.13953488372
516205,516211,516261,6,50,5,600000,1.12
516206,516218,516261,12,43,5,600000,1.27906976744
516217,516225,516261,8,36,5,600000,1.22222222222
516217,516231,516261,14,30,5,600000,1.46666666667
516229,516237,516261,8,24,5,600000,1.33333333333
516242,516272,516274,30,2,5,16200,3.2
516318,516324,516339,6,15,5,16200,1.4
516319,516330,516339,11,9,5,16200,2.0
516524,516530,517983,6,1453,5,600000,1.00412938747
516525,516536,517984,11,1448,5,600000,1.00759668508
516536,516542,518042,6,1500,5,600000,1.004
516536,516548,518078,12,1530,5,600000,1.00784313725
516547,516554,517926,7,1372,5,600000,1.00510204082
516548,516659,518187,111,1528,5,600000,1.07264397906
516559,517939,519467,1380,1528,5,600000,1.90314136126
516664,517994,519411,1330,1417,5,600000,1.93860268172
516996,517004,517264,8,260,1,3540,1.03076923077
517404,517411,519598,7,2187,1,3540,1.0032007316
517480,525107,525304,7627,197,1,3540,39.7157360406
517530,525112,525392,7582,280,1,3540,28.0785714286
517578,525118,525402,7540,284,1,3540,27.5492957746
517651,525123,525357,7472,234,1,3540,32.9316239316
517700,525128,525423,7428,295,1,3540,26.1796610169
517749,525134,525626,7385,492,1,3540,16.0101626016
517797,525139,525659,7342,520,1,3540,15.1192307692
517849,525145,525634,7296,489,1,3540,15.9202453988
517898,525317,525845,7419,528,1,3540,15.0511363636
517941,518002,519561,61,1559,5,600000,1.03912764593
517974,525369,525927,7395,558,1,3540,14.252688172
517993,518053,519500,60,1447,5,600000,1.04146510021
518004,518089,519528,85,1439,5,600000,1.05906879778
518057,518198,519743,141,1545,5,600000,1.09126213592
518089,519478,520902,1389,1424,5,600000,1.97542134831
518173,525404,525675,7231,271,1,3540,27.6826568266
518203,519424,520945,1221,1521,5,600000,1.80276134122
518428,525414,525598,6986,184,1,3540,38.9673913043
518478,525436,525563,6958,127,1,3540,55.7874015748
519421,519583,520983,162,1400,5,600000,1.11571428571
519484,519512,520941,28,1429,5,600000,1.01959412176
519516,519589,521053,73,1464,5,600000,1.04986338798
519579,519755,521426,176,1671,5,600000,1.105326152
519590,520959,522470,1369,1511,5,600000,1.90602250165
519757,520914,522340,1157,1426,5,600000,1.81136044881
520025,525575,526422,5550,847,1,3600,7.55253837072
520909,520953,522403,44,1450,5,600000,1.03034482759
520952,520994,522446,42,1452,5,600000,1.02892561983
520963,521065,522525,102,1460,5,600000,1.0698630137
520995,521438,523001,443,1563,5,600000,1.28342930262
521068,522351,523812,1283,1461,5,600000,1.87816563997
521442,522415,523857,973,1442,5,600000,1.67475728155
522355,522481,523906,126,1425,5,600000,1.08842105263
522418,522458,523951,40,1493,5,600000,1.02679169457
522460,522536,523983,76,1447,5,600000,1.05252246026
522482,523012,524559,530,1547,5,600000,1.34259857789
522534,523824,525279,1290,1455,5,600000,1.88659793814
523012,523870,525291,858,1421,5,600000,1.60380014075
523822,523964,525416,142,1452,5,600000,1.09779614325
523875,523917,525405,42,1488,5,600000,1.02822580645
523917,523995,525434,78,1439,5,600000,1.05420430855
523970,524570,526127,600,1557,5,600000,1.38535645472
523991,525290,526808,1299,1518,5,600000,1.8557312253
524573,525302,526816,729,1514,5,600000,1.48150594452
525289,525421,526885,132,1464,5,600000,1.09016393443
525300,525428,526874,128,1446,5,600000,1.08852005533
525425,525446,526953,21,1507,5,600000,1.01393497014
525426,526138,527580,712,1442,5,600000,1.49375866852
525447,526820,528341,1373,1521,5,600000,1.902695595
526143,526827,528441,684,1614,5,600000,1.42379182156
526817,526896,528388,79,1492,5,600000,1.05294906166
526828,526887,528413,59,1526,5,600000,1.03866317169
526891,526964,528593,73,1629,5,600000,1.04481276857
526902,527591,529031,689,1440,5,600000,1.47847222222
526964,528352,529812,1388,1460,5,600000,1.95068493151
527047,527055,527061,8,6,1,3600,1.4
527176,527182,527293,6,111,1,3600,1.05405405405
527427,527434,527689,7,255,1,3600,1.02745098039
527597,528400,529904,803,1504,5,600000,1.53390957447
527925,527932,528318,7,386,1,3600,1.01813471503
528354,528453,529950,99,1497,5,600000,1.06613226453
528396,528424,529994,28,1570,5,600000,1.0178343949
528428,528604,530029,176,1425,5,600000,1.12350877193
528449,529042,530511,593,1469,5,600000,1.40367597005
528606,529823,531269,1217,1446,5,600000,1.84163208852
528858,528865,532466,7,3601,1,3600,1.00194390447
529041,529915,531357,874,1442,5,600000,1.60610263523
529825,530005,531473,180,1468,5,600000,1.12261580381
529919,529963,531413,44,1450,5,600000,1.03034482759
529961,530040,531784,79,1744,5,600000,1.04529816514
530003,530522,531984,519,1462,5,600000,1.35499316005
530045,531281,532855,1236,1574,5,600000,1.78526048285
530522,531369,532944,847,1575,5,600000,1.53777777778
530642,530648,530658,6,10,1,1800,1.6
530837,530844,530917,7,73,1,1800,1.09589041096
531167,531173,531264,6,91,1,1800,1.06593406593
531279,531424,532813,145,1389,5,600000,1.10439164867
531375,531485,532930,110,1445,5,600000,1.07612456747
531427,531795,533260,368,1465,5,600000,1.25119453925
531490,531996,533587,506,1591,5,600000,1.3180389692
531791,532838,534356,1047,1518,5,600000,1.68972332016
531796,531803,532005,7,202,1,1800,1.03465346535
531999,532866,534325,867,1459,5,600000,1.59424263194
532583,532590,532731,7,141,1,3600,1.04964539007
532672,532679,532686,7,7,1,1800,1.4
532838,532957,534435,119,1478,5,600000,1.08051420839
532866,532873,532916,7,43,1,1800,1.16279069767
532870,532942,534395,72,1453,5,600000,1.04955264969
532872,532880,533124,8,244,1,3600,1.03278688525
532943,533274,534824,331,1550,5,600000,1.2135483871
532954,533599,535137,645,1538,5,600000,1.41937581274
533177,533183,533258,6,75,1,1800,1.08
533276,534367,535893,1091,1526,5,600000,1.71494102228
533389,533396,533746,7,350,1,3600,1.02
533598,534336,535785,738,1449,5,600000,1.50931677019
533842,533848,534007,6,159,1,1800,1.03773584906
534261,534267,534274,6,7,1,3600,1.3
534333,534407,535851,74,1444,5,600000,1.0512465374
534365,534446,535912,81,1466,5,600000,1.05525238745
534392,534399,534509,7,110,1,3600,1.06363636364
534407,534835,536270,428,1435,5,600000,1.29825783972
534449,535149,536654,700,1505,5,600000,1.46511627907
534646,536597,536855,1951,258,1,3600,8.56201550388
534833,535797,537172,964,1375,5,600000,1.70109090909
535154,535905,537428,751,1523,5,600000,1.49310571241
535797,535862,537386,65,1524,5,600000,1.04265091864
535860,535923,537449,63,1526,5,600000,1.04128440367
535902,536281,537810,379,1529,5,600000,1.24787442773
535923,536665,538135,742,1470,5,600000,1.50476190476
536184,543566,543568,7382,2,5,28800,738.4
536286,537184,538649,898,1465,5,600000,1.61296928328
536670,537397,538863,727,1466,5,600000,1.49590723056
537096,537103,537493,7,390,1,3600,1.01794871795
537188,537439,538928,251,1489,5,600000,1.16856950974
537396,537460,539006,64,1546,5,600000,1.04139715395
537438,537823,539288,385,1465,5,600000,1.26279863481
537460,538147,539587,687,1440,5,600000,1.47708333333
537823,538660,540117,837,1457,5,600000,1.57446808511
538037,538043,538049,6,6,1,3600,1.2
538144,538874,540413,730,1539,5,600000,1.47433398311
538166,538173,538256,7,83,1,3600,1.0843373494
538393,538399,538640,6,241,1,3600,1.02489626556
538663,538939,540377,276,1438,5,600000,1.19193324061
538870,539017,540529,147,1512,5,600000,1.09722222222
538897,538903,539253,6,350,1,3600,1.01714285714
538943,539299,540754,356,1455,5,600000,1.24467353952
539017,539598,541062,581,1464,5,600000,1.3968579235
539297,540128,541672,831,1544,5,600000,1.53821243523
539598,540424,541961,826,1537,5,600000,1.53741054001
540127,540388,541826,261,1438,5,600000,1.18150208623
540386,540540,542070,154,1530,5,600000,1.10065359477
540425,540765,552652,340,11887,5,16200,1.02860267519
540540,541683,552652,1143,10969,5,16200,1.10420275321
540768,541073,552652,305,11579,5,16200,1.02634078936
541079,541839,552652,760,10813,5,16200,1.07028576713
541589,548261,618936,6672,70675,18,86400,1.0944039618
541679,541973,552652,294,10679,5,16200,1.02753066767
541835,542081,551837,246,9756,5,16200,1.02521525215
541970,551848,552652,9878,804,5,16200,13.2860696517
543405,543412,543417,7,5,4,600,1.2
543736,543845,543852,109,7,4,600,11.6
544250,544257,544902,7,645,4,600,1.01085271318
544657,544663,545280,6,617,4,600,1.00972447326
545192,547576,547584,2384,8,4,600,239.2
548105,548125,548126,20,1,1,21600,2.1
548277,548284,548285,7,1,1,21600,1.0
548353,548358,548360,5,2,5,300,1.0
548381,548387,548391,6,4,1,21600,1.0
548423,548429,548432,6,3,4,21600,1.0
548426,548444,548445,18,1,5,300,1.9
548518,548525,553333,7,4808,1,21600,1.00145590682
548553,548560,548591,7,31,4,21600,1.22580645161
549774,549781,554373,7,4592,4,21600,1.00152439024
551919,551925,551927,6,2,2,300,1.0
551985,551992,552127,7,135,2,300,1.05185185185
552184,552191,552534,7,343,2,300,1.02040816327
552597,552725,572421,128,19696,4,72000,1.00649878148
552834,552846,552921,12,75,5,600000,1.16
552834,552840,552921,6,81,5,600000,1.07407407407
552845,552852,552921,7,69,5,600000,1.10144927536
552846,552858,552921,12,63,5,600000,1.19047619048
552857,552864,552921,7,57,5,600000,1.12280701754
552858,552869,552921,11,52,5,600000,1.21153846154
552899,552905,559252,6,6347,4,21600,1.0009453285
552902,552911,556854,9,3943,4,21600,1.002282526
552942,552954,554643,12,1689,1,288000,1.00710479574
552942,552948,553607,6,659,1,288000,1.0091047041
552943,552966,554699,23,1733,1,288000,1.01327178304
552943,552959,553465,16,506,1,288000,1.03162055336
552944,554591,554740,1647,149,1,288000,12.0536912752
552944,554575,554687,1631,112,1,288000,15.5625
552944,554586,554698,1642,112,1,288000,15.6607142857
552944,554580,554740,1636,160,1,288000,11.225
552945,554597,554740,1652,143,1,288000,12.5524475524
552945,554607,554740,1662,133,1,288000,13.4962406015
552945,554613,554741,1668,128,1,288000,14.03125
552945,554602,554662,1657,60,1,288000,28.6166666667
552946,554618,554659,1672,41,1,288000,41.7804878049
552946,554634,554741,1688,107,1,288000,16.7757009346
552946,554624,554682,1678,58,1,288000,29.9310344828
552946,554629,554662,1683,33,1,288000,52.0
552947,554651,554728,1704,77,1,288000,23.1298701299
552947,554640,554741,1693,101,1,288000,17.7623762376
552947,554645,554741,1698,96,1,288000,18.6875
552948,554661,554741,1713,80,1,288000,22.4125
552948,554656,554707,1708,51,1,288000,34.4901960784
552948,554667,554741,1719,74,1,288000,24.2297297297
552948,554672,554741,1724,69,1,288000,25.9855072464
552949,554678,554741,1729,63,1,288000,28.4444444444
552965,552973,554393,8,1420,5,14400,1.00563380282
552965,552979,554411,14,1432,5,14400,1.00977653631
552976,552985,554480,9,1495,5,14400,1.00602006689
552977,552991,554465,14,1474,5,14400,1.00949796472
552988,552997,554351,9,1354,5,14400,1.00664697194
552989,553003,554468,14,1465,5,14400,1.00955631399
553000,554362,555869,1362,1507,5,14400,1.90378234904
553001,554405,555834,1404,1429,5,14400,1.98250524843
554368,554422,555957,54,1535,5,14400,1.03517915309
554410,554483,555918,73,1435,5,14400,1.05087108014
554421,554477,555909,56,1432,5,14400,1.03910614525
554474,554491,555994,17,1503,5,14400,1.01131071191
554485,555881,557280,1396,1399,5,14400,1.99785561115
554496,555845,557328,1349,1483,5,14400,1.90964261632
554763,554769,599016,6,44247,1,288000,1.00013560241
554763,554775,598472,12,43697,1,288000,1.00027461839
554764,554792,597780,28,42988,1,288000,1.00065134456
554764,554780,598804,16,44024,1,288000,1.00036343812
554764,554786,598536,22,43750,1,288000,1.00050285714
554765,554797,598052,32,43255,1,288000,1.00073979887
554765,554802,598446,37,43644,1,288000,1.00084776831
554765,554808,598984,43,44176,1,288000,1.00097337921
554765,554813,598357,48,43544,1,288000,1.00110233327
554766,554829,598525,63,43696,1,288000,1.00144177957
554766,554818,599832,52,45014,1,288000,1.00115519616
554766,554824,598361,58,43537,1,288000,1.0013322002
554766,554835,598882,69,44047,1,288000,1.0015665085
554767,554840,598523,73,43683,1,288000,1.00167113065
554767,554846,598379,79,43533,1,288000,1.00181471527
554767,554857,598863,90,44006,1,288000,1.00204517566
554767,554862,599112,95,44250,1,288000,1.00214689266
554767,554851,599356,84,44505,1,288000,1.00188742838
554768,554867,598546,99,43679,1,288000,1.00226653541
554768,554878,598889,110,44011,1,288000,1.00249937516
554768,554883,599083,115,44200,1,288000,1.00260180995
554768,554873,598355,105,43482,1,288000,1.00241479233
554769,554889,598930,120,44041,1,288000,1.00272473377
554769,554894,599059,125,44165,1,288000,1.00283029548
555842,555930,557283,88,1353,5,14400,1.06504065041
555884,555920,557349,36,1429,5,14400,1.02519244227
555926,555968,557369,42,1401,5,14400,1.02997858672
555927,556006,557407,79,1401,5,14400,1.05638829408
555945,555951,642695,6,86744,5,86700,1.00006916905
555969,557298,558778,1329,1480,5,14400,1.89797297297
556011,557292,558703,1281,1411,5,14400,1.90786676116
556591,558634,631255,2043,72621,1,86400,1.02813235841
556866,558602,631270,1736,72668,1,86400,1.02388946992
556893,558607,627760,1714,69153,1,86400,1.02478562029
556933,558613,614505,1680,55892,1,86400,1.03005796894
556958,558618,614498,1660,55880,1,86400,1.02970651396
557001,558624,597474,1623,38850,1,86400,1.04177606178
557045,558629,594100,1584,35471,1,86400,1.04465619802
557295,557339,558763,44,1424,5,14400,1.0308988764
557296,557361,558792,65,1431,5,14400,1.04542278127
557338,557381,558815,43,1434,5,14400,1.029986053
557359,557419,558866,60,1447,5,14400,1.04146510021
557381,558714,560117,1333,1403,5,14400,1.95010691376
557423,558789,560206,1366,1417,5,14400,1.9640084686
558717,558774,560202,57,1428,5,14400,1.03991596639
558769,563486,566792,4717,3306,4,21600,2.42679975802
558780,558804,560268,24,1464,5,14400,1.01639344262
558791,558828,560251,37,1423,5,14400,1.02600140548
558802,558878,560375,76,1497,5,14400,1.05076820307
558833,560129,561563,1296,1434,5,14400,1.90376569038
558869,563491,574008,4622,10517,4,21600,1.43947893886
558875,560213,561617,1338,1404,5,14400,1.95299145299
560127,560220,561640,93,1420,5,14400,1.06549295775
560211,560279,561716,68,1437,5,14400,1.04732080724
560222,560262,561684,40,1422,5,14400,1.02812939522
560264,560386,561937,122,1551,5,14400,1.07865892972
560275,561575,563101,1300,1526,5,14400,1.85190039318
560389,561634,563129,1245,1495,5,14400,1.83277591973
561580,561651,563066,71,1415,5,14400,1.05017667845
561632,561695,563109,63,1414,5,14400,1.04455445545
561654,561729,563254,75,1525,5,14400,1.04918032787
561696,561948,563350,252,1402,5,14400,1.17974322397
561728,563078,564573,1350,1495,5,14400,1.90301003344
561946,563112,564660,1166,1548,5,14400,1.75322997416
563074,563121,564642,47,1521,5,14400,1.03090072321
563116,563140,564655,24,1515,5,14400,1.01584158416
563127,563265,564830,138,1565,5,14400,1.08817891374
563138,563362,564782,224,1420,5,14400,1.15774647887
563263,564584,566008,1321,1424,5,14400,1.92766853933
563367,564672,566182,1305,1510,5,14400,1.8642384106
563500,564594,566880,1094,2286,4,21600,1.47856517935
564587,564653,566107,66,1454,5,14400,1.04539202201
564650,564666,566239,16,1573,5,14400,1.01017164654
564671,564841,566259,170,1418,5,14400,1.11988716502
564672,564794,566202,122,1408,5,14400,1.08664772727
564797,566019,567444,1222,1425,5,14400,1.85754385965
564839,566118,567547,1279,1429,5,14400,1.89503149055
566019,566250,567704,231,1454,5,14400,1.15887207703
566123,566193,567638,70,1445,5,14400,1.04844290657
566196,566213,567792,17,1579,5,14400,1.01076630779
566217,566271,567797,54,1526,5,14400,1.03538663172
566237,566243,566251,6,8,4,600,1.4
566249,567456,568934,1207,1478,5,14400,1.81664411367
566270,567558,569136,1288,1578,5,14400,1.81622306717
566568,566574,566581,6,7,4,600,1.3
566904,566910,696520,6,129610,18,129600,1.00004629272
567461,567650,569003,189,1353,5,14400,1.13968957871
567555,567804,569257,249,1453,5,14400,1.17136958018
567649,567716,569155,67,1439,5,14400,1.04656011119
567722,567811,569362,89,1551,5,14400,1.05738233398
567805,568945,570489,1140,1544,5,14400,1.73834196891
567816,569148,570580,1332,1432,5,14400,1.93016759777
568944,569014,570434,70,1420,5,14400,1.04929577465
569017,569166,570600,149,1434,5,14400,1.10390516039
569152,569268,570753,116,1485,5,14400,1.07811447811
569163,569374,570860,211,1486,5,14400,1.14199192463
569267,570501,571992,1234,1491,5,14400,1.82763246144
569371,570445,571885,1074,1440,5,14400,1.74583333333
570265,570271,575179,6,4908,4,14400,1.00122249389
570446,570592,572024,146,1432,5,14400,1.10195530726
570499,570613,572072,114,1459,5,14400,1.07813570939
570592,570764,572196,172,1432,5,14400,1.12011173184
570614,570872,572340,258,1468,5,14400,1.1757493188
570769,571896,573247,1127,1351,5,14400,1.83419689119
570874,572003,573544,1129,1541,5,14400,1.73264114212
570924,573050,580137,2126,7087,15,21599,1.29998588966
570997,580155,587117,9158,6962,15,17999,2.31542660155
571898,572035,573539,137,1504,5,14400,1.09109042553
572002,572084,573585,82,1501,5,14400,1.0546302465
572033,572207,573707,174,1500,5,14400,1.116
572086,572351,573796,265,1445,5,14400,1.18339100346
572211,573258,574719,1047,1461,5,14400,1.71663244353
572356,573557,574987,1201,1430,5,14400,1.83986013986
573257,573551,575054,294,1503,5,14400,1.19560878244
573547,573596,575098,49,1502,5,14400,1.03262316911
573558,573718,575155,160,1437,5,14400,1.11134307585
573600,573807,575234,207,1427,5,14400,1.14505956552
573714,574731,576197,1017,1466,5,14400,1.69372442019
573807,575065,576566,1258,1501,5,14400,1.83810792805
574727,574999,576427,272,1428,5,14400,1.19047619048
574996,575109,576619,113,1510,5,14400,1.07483443709
575069,575166,576639,97,1473,5,14400,1.06585200272
575111,575245,576740,134,1495,5,14400,1.08963210702
575163,576208,577729,1045,1521,5,14400,1.68704799474
575247,576440,577946,1193,1506,5,14400,1.79216467463
576208,576577,578011,369,1434,5,14400,1.25732217573
576436,576631,578146,195,1515,5,14400,1.12871287129
576580,576650,589620,70,12970,5,16200,1.00539707016
576632,576752,588434,120,11682,5,16200,1.01027221366
576654,577740,590707,1086,12967,5,16200,1.08375106038
576747,577957,592101,1210,14144,5,16200,1.08554864253
577740,578023,589392,283,11369,5,16200,1.02489225086
577958,578157,587207,199,9050,5,16200,1.02198895028
578020,587220,600821,9200,13601,5,16200,1.67642085141
578155,589403,597081,11248,7678,5,16200,2.46496483459
585530,585536,585540,6,4,2,3600,1.0
586333,586362,586617,29,255,1,7200,1.1137254902
586333,586344,586395,11,51,1,7200,1.21568627451
586333,586339,586340,6,1,1,7200,1.0
586334,586373,586385,39,12,1,7200,4.25
586334,586367,586459,33,92,1,7200,1.35869565217
586335,586378,586379,43,1,1,7200,4.4
586335,586394,588222,59,1828,1,7200,1.03227571116
586335,586389,586939,54,550,1,7200,1.09818181818
586335,586384,586737,49,353,1,7200,1.1388101983
586336,586400,593618,64,7218,1,7200,1.00886672208
586336,586411,588457,75,2046,1,7200,1.0366568915
586337,586417,586418,80,1,1,7200,8.1
586337,586422,586424,85,2,1,7200,8.7
586337,586428,589962,91,3534,1,7200,1.02574985852
586338,586479,586480,141,1,1,7200,14.2
586338,586486,586492,148,6,1,7200,15.4
586338,586474,586479,136,5,1,7200,14.1
586339,586491,586492,152,1,1,7200,15.3
586339,586503,593710,164,7207,1,7200,1.02275565423
586340,586514,586516,174,2,1,7200,17.6
586340,586509,587638,169,1129,1,7200,1.14968999114
586340,586519,593725,179,7206,1,7200,1.02484041077
586341,586545,586546,204,1,1,7200,20.5
586341,586532,586559,191,27,1,7200,8.07407407407
586341,586537,586550,196,13,1,7200,16.0769230769
586342,586570,586571,228,1,1,7200,22.9
586342,586564,586934,222,370,1,7200,1.6
586342,586557,586559,215,2,1,7200,21.7
586343,586582,586583,239,1,1,7200,24.0
586343,586594,586595,251,1,1,7200,25.2
586343,586575,587443,232,868,1,7200,1.26728110599
586344,586629,586630,285,1,1,7200,28.6
586344,586621,586713,277,92,1,7200,4.01086956522
586344,586642,586867,298,225,1,7200,2.32444444444
586345,586754,586766,409,12,1,7200,35.0833333333
586345,586779,586781,434,2,1,7200,43.6
586345,586725,588634,380,1909,1,7200,1.19905709796
586346,586878,586880,532,2,1,7200,53.4
586346,586817,588124,471,1307,1,7200,1.36036725325
586347,586946,594153,599,7207,1,7200,1.08311363952
586347,586891,588014,544,1123,1,7200,1.48441674087
586348,587465,587466,1117,1,1,7200,111.8
586348,587455,587532,1107,77,1,7200,15.3766233766
586348,587471,587581,1123,110,1,7200,11.2090909091
586348,586965,587453,617,488,1,7200,2.2643442623
586349,587478,587503,1129,25,1,7200,46.16
586349,587514,587529,1165,15,1,7200,78.6666666667
586349,587541,587551,1192,10,1,7200,120.2
586350,586435,586436,85,1,1,7200,8.6
586350,586451,586469,101,18,1,7200,6.61111111111
586350,586446,588526,96,2080,1,7200,1.04615384615
586350,586441,587457,91,1016,1,7200,1.08956692913
586351,586457,586478,106,21,1,7200,6.04761904762
586351,587547,588300,1196,753,1,7200,2.58831341301
586351,586462,586463,111,1,1,7200,11.2
586352,587605,587606,1253,1,1,7200,125.4
586352,587564,587602,1212,38,1,7200,32.8947368421
586352,587593,587594,1241,1,1,7200,124.2
586353,587632,594862,1279,7230,1,7200,1.17690179806
586353,587613,587628,1260,15,1,7200,85.0
586353,587640,589258,1287,1618,1,7200,1.79542645241
586354,587649,587789,1295,140,1,7200,10.25
586354,587800,595015,1446,7215,1,7200,1.20041580042
586354,588025,595265,1671,7240,1,7200,1.23080110497
586355,588233,588288,1878,55,1,7200,35.1454545455
586355,588300,588513,1945,213,1,7200,10.1314553991
586355,588136,588138,1781,2,1,7200,178.3
586355,588150,589029,1795,879,1,7200,3.04209328783
586356,592077,593658,5721,1581,1,7200,4.61859582543
586356,588313,595520,1957,7207,1,7200,1.27154155682
586356,592083,592176,5727,93,1,7200,62.5806451613
586357,595714,595716,9357,2,1,7200,935.9
586357,592094,599305,5737,7211,1,7200,1.79559007073
586358,599322,599359,12964,37,1,7200,351.378378378
586358,595725,597097,9367,1372,1,7200,7.82725947522
586358,595720,595942,9362,222,1,7200,43.1711711712
586358,599316,599382,12958,66,1,7200,197.333333333
586359,602946,603009,16587,63,1,7200,264.285714286
586359,602940,602942,16581,2,1,7200,1658.3
586359,606586,606765,20227,179,1,7200,114.0
586360,606591,613825,20231,7234,1,7200,3.7966546862
586360,613831,615105,27471,1274,1,7200,22.5627943485
586360,613837,614212,27477,375,1,7200,74.272
586361,621108,621109,34747,1,1,7200,3474.8
586361,617468,617469,31107,1,1,7200,3110.8
586362,635566,635568,49204,2,1,7200,4920.6
586362,631949,631950,45587,1,1,7200,4558.8
586362,628320,628321,41958,1,1,7200,4195.9
586363,646434,646468,60071,34,1,7200,1767.79411765
586363,639182,639183,52819,1,1,7200,5282.0
586363,642793,642847,56430,54,1,7200,1046.0
586449,595830,595834,9381,4,1,7200,938.5
586501,592271,592563,5770,292,1,7200,20.7602739726
586501,592277,592325,5776,48,1,7200,121.333333333
586501,595910,595911,9409,1,1,7200,941.0
586502,599520,599528,13018,8,1,7200,1302.6
586502,599514,599801,13012,287,1,7200,46.3379790941
586506,588625,588670,2119,45,1,7200,48.0888888889
586507,610396,610990,23889,594,1,7200,41.2171717172
586507,603126,603158,16619,32,1,7200,520.34375
586507,606777,606778,20270,1,1,7200,2027.1
586507,588631,595834,2124,7203,1,7200,1.29487713453
586508,621268,621760,34760,492,1,7200,71.6504065041
586508,617641,617643,31133,2,1,7200,3113.5
586508,624877,624878,38369,1,1,7200,3837.0
586509,635760,635764,49251,4,1,7200,4925.5
586509,628482,629007,41973,525,1,7200,80.9485714286
586509,632109,632112,45600,3,1,7200,4560.3
586510,643031,643122,56521,91,1,7200,622.10989011
586510,639371,639403,52861,32,1,7200,1652.90625
586720,586732,586735,12,3,1,900,1.5
586824,586830,586833,6,3,1,60,1.0
587218,588446,597658,1228,9212,5,16200,1.13330438558
587558,587570,595816,12,8246,4,21600,1.00145525103
588444,589633,603805,1189,14172,5,16200,1.0838978267
588775,588782,589456,7,674,1,18000,1.01038575668
588776,588800,589472,24,672,1,18000,1.03571428571
588776,588788,589462,12,674,1,18000,1.0178041543
588776,588793,589445,17,652,1,18000,1.02607361963
588776,588807,589458,31,651,1,18000,1.04761904762
588777,588812,589472,35,660,1,18000,1.05303030303
588777,588818,589463,41,645,1,18000,1.06356589147
588778,588823,589483,45,660,1,18000,1.06818181818
588778,588829,589481,51,652,1,18000,1.0782208589
588778,588834,589491,56,657,1,18000,1.08523592085
588779,588845,590394,66,1549,1,18000,1.04260813428
588779,588840,589489,61,649,1,18000,1.09399075501
588779,588851,590256,72,1405,1,18000,1.0512455516
588780,588862,590419,82,1557,1,18000,1.05266538215
588780,588868,590412,88,1544,1,18000,1.05699481865
588780,588856,590283,76,1427,1,18000,1.05325858444
588781,588885,590436,104,1551,1,18000,1.06705351386
588781,588873,590535,92,1662,1,18000,1.05535499398
588781,588879,590267,98,1388,1,18000,1.07060518732
588782,588890,590382,108,1492,1,18000,1.07238605898
588782,588896,590383,114,1487,1,18000,1.07666442502
588783,588901,590380,118,1479,1,18000,1.07978363759
589401,590719,599419,1318,8700,5,16200,1.15149425287
589638,592266,600241,2628,7975,5,16200,1.32952978056
590723,597092,612946,6369,15854,5,16200,1.40172827047
592268,599502,608007,7234,8505,5,16200,1.850558495
597090,597669,609147,579,11478,5,16200,1.05044432828
597668,600252,609575,2584,9323,5,16200,1.277164003
599508,600833,608246,1325,7413,5,16200,1.17874005126
600254,603817,612811,3563,8994,5,16200,1.39615299088
600831,608018,617790,7187,9772,5,16200,1.73546868604
603413,603419,603680,6,261,1,3540,1.02298850575
603818,608257,623506,4439,15249,5,16200,1.29110105581
603819,603824,606038,5,2214,1,3540,1.00225835592
603894,603900,604086,6,186,1,3540,1.03225806452
603943,603949,604223,6,274,1,3540,1.02189781022
603994,604000,604291,6,291,1,3540,1.0206185567
604064,604074,604312,10,238,1,3540,1.04201680672
604115,604122,604418,7,296,1,3540,1.02364864865
604163,604169,604669,6,500,1,3540,1.012
604213,604219,604751,6,532,1,3540,1.01127819549
604265,604271,604764,6,493,1,3540,1.0121703854
604314,604320,604845,6,525,1,3540,1.01142857143
604389,604395,604956,6,561,1,3540,1.01069518717
604593,604600,604874,7,274,1,3540,1.02554744526
