submit_time,start_time,end_time,run_time,wait_time
251,251,258,7,0
3238,3238,3241,3,0
3523,3523,3526,3,0
4194,4194,4200,6,0
45587,45587,45590,3,0
45943,45943,45946,3,0
46254,46254,46255,1,0
46633,46633,46636,3,0
46656,46656,46658,2,0
47190,47190,47192,2,0
58014,58014,59327,1313,0
58025,58026,59329,1303,1
59328,59329,59331,2,1
59328,59329,59331,2,1
59328,59329,59331,2,1
59328,59329,59331,2,1
59328,59329,59331,2,1
59328,59329,59332,3,1
59328,59331,59333,2,3
59328,59331,59334,3,3
59328,59331,59334,3,3
59328,59331,59334,3,3
59328,59332,59334,2,4
59328,59332,59334,2,4
59328,59333,59335,2,5
59328,59334,59336,2,6
59328,59334,59338,4,6
59328,59329,59340,11,1
59328,59329,59344,15,1
59328,59329,59348,19,1
59328,59329,59354,25,1
59328,59334,59355,21,6
59328,59329,59356,27,1
59328,59328,59358,30,0
59328,59328,59360,32,0
59328,59328,59361,33,0
59328,59328,59362,34,0
59328,59329,59362,33,1
59328,59328,59362,34,0
59328,59328,59363,35,0
59328,59329,59365,36,1
59328,59328,59365,37,0
59328,59334,59366,32,6
59328,59329,59370,41,1
59328,59335,59371,36,7
59328,59329,59371,42,1
58019,58019,59379,1360,0
59328,59336,59381,45,8
59328,59334,59384,50,6
59328,59338,59388,50,10
59328,59340,59388,48,12
59328,59344,59393,49,16
59328,59354,59395,41,26
59328,59356,59396,40,28
59328,59348,59397,49,20
59328,59360,59398,38,32
59328,59358,59399,41,30
59328,59355,59399,44,27
59328,59361,59400,39,33
59328,59398,59402,4,70
59328,59399,59402,3,71
59328,59400,59402,2,72
59328,59362,59403,41,34
59328,59363,59403,40,35
59328,59399,59403,4,71
59328,59397,59403,6,69
59328,59365,59403,38,37
59328,59402,59404,2,74
59328,59402,59405,3,74
59328,59402,59404,2,74
59328,59403,59405,2,75
59328,59403,59405,2,75
59328,59403,59407,4,75
59328,59404,59407,3,76
59328,59403,59407,4,75
59328,59405,59408,3,77
59328,59405,59407,2,77
59328,59371,59408,37,43
59328,59405,59410,5,77
59328,59363,59411,48,35
59328,59396,59412,16,68
59328,59367,59414,47,39
59328,59370,59416,46,42
59328,59362,59416,54,34
59328,59365,59418,53,37
59328,59379,59421,42,51
59328,59372,59423,51,44
58025,58025,59430,1405,0
59328,59381,59432,51,53
59330,59412,59433,21,82
59330,59408,59434,26,78
59330,59408,59435,27,78
59328,59396,59434,38,68
59330,59434,59435,1,104
59328,59384,59435,51,56
59330,59432,59436,4,102
59330,59433,59435,2,103
59330,59435,59436,1,105
59328,59389,59437,48,61
59330,59407,59437,30,77
59330,59435,59436,1,105
59328,59388,59438,50,60
59330,59435,59437,2,105
59330,59406,59438,32,76
59330,59408,59438,30,78
59330,59436,59438,2,106
59330,59435,59438,3,105
59330,59436,59438,2,106
59330,59437,59438,1,107
59330,59437,59439,2,107
59330,59437,59439,2,107
59330,59438,59440,2,108
59330,59437,59439,2,107
59330,59438,59440,2,108
59330,59438,59439,1,108
59330,59438,59440,2,108
59330,59410,59442,32,80
59330,59407,59442,35,77
59328,59393,59443,50,65
59330,59438,59444,6,108
59330,59430,59446,16,100
59330,59411,59446,35,81
59330,59421,59447,26,91
59330,59407,59447,40,77
59330,59423,59447,24,93
59330,59414,59450,36,84
59330,59416,59453,37,86
58022,58022,59454,1432,0
59330,59417,59453,36,87
59330,59418,59455,37,88
59330,59439,59463,24,109
59330,59438,59465,27,108
59330,59439,59473,34,109
59330,59440,59476,36,110
59330,59440,59480,40,110
59330,59440,59480,40,110
59330,59440,59481,41,110
59330,59480,59482,2,150
58017,58017,59483,1466,0
59330,59442,59483,41,112
59330,59439,59483,44,109
59330,59481,59483,2,151
59330,59483,59485,2,153
59330,59483,59485,2,153
59330,59441,59486,45,111
59330,59483,59485,2,153
59330,59446,59486,40,116
59330,59483,59487,4,153
59330,59484,59486,2,154
59330,59485,59487,2,155
59330,59440,59487,47,110
59330,59485,59487,2,155
59330,59486,59488,2,156
59330,59486,59488,2,156
59330,59486,59489,3,156
59330,59447,59489,42,117
59330,59487,59490,3,157
59330,59487,59490,3,157
59330,59487,59490,3,157
59330,59443,59491,48,113
59330,59480,59491,11,150
59330,59487,59491,4,157
59330,59444,59493,49,114
59330,59442,59493,51,112
59330,59446,59495,49,116
58016,58016,59495,1479,0
59330,59447,59499,52,117
59330,59447,59502,55,117
59330,59450,59504,54,120
59330,59454,59504,50,124
59379,59488,59505,17,109
59379,59493,59505,12,114
59379,59505,59507,2,126
59379,59490,59507,17,111
59379,59504,59507,3,125
59379,59505,59508,3,126
58028,58028,59509,1481,0
59379,59507,59508,1,128
59379,59507,59509,2,128
59379,59507,59508,1,128
59330,59453,59510,57,123
59379,59508,59510,2,129
59379,59509,59511,2,130
59379,59509,59511,2,130
59330,59476,59511,35,146
59379,59509,59510,1,130
59379,59509,59510,1,130
59379,59504,59512,8,125
59330,59463,59512,49,133
59379,59510,59512,2,131
59379,59511,59513,2,132
59379,59511,59513,2,132
59379,59511,59513,2,132
59379,59511,59513,2,132
59379,59493,59515,22,114
59330,59473,59515,42,143
59330,59455,59515,60,125
59379,59488,59516,28,109
59379,59512,59517,5,133
59379,59490,59518,28,111
59330,59454,59518,64,124
59379,59502,59518,16,123
59379,59491,59520,29,112
59379,59490,59522,32,111
59379,59489,59522,33,110
59379,59489,59523,34,110
59330,59465,59524,59,135
59379,59496,59524,28,117
59379,59491,59524,33,112
59379,59499,59525,26,120
59379,59491,59529,38,112
59379,59512,59529,17,133
59379,59512,59530,18,133
59379,59495,59533,38,116
59379,59512,59542,30,133
59379,59513,59549,36,134
59379,59525,59551,26,146
59379,59513,59553,40,134
59379,59513,59555,42,134
59379,59516,59557,41,137
58011,58011,59557,1546,0
59379,59513,59557,44,134
59379,59515,59558,43,136
59379,59517,59561,44,138
59379,59522,59563,41,143
59379,59522,59564,42,143
59379,59523,59565,42,144
59379,59513,59565,52,134
59379,59520,59568,48,141
59379,59515,59569,54,136
59379,59520,59570,50,141
59379,59529,59570,41,150
59379,59524,59571,47,145
59379,59525,59572,47,146
59379,59518,59572,54,139
59379,59515,59572,57,136
59379,59520,59573,53,141
59379,59529,59574,45,150
59379,59530,59575,45,151
59379,59524,59576,52,145
59379,59570,59577,7,191
59379,59569,59579,10,190
59379,59570,59581,11,191
59379,59533,59582,49,154
59379,59561,59589,28,182
59379,59568,59590,22,189
59379,59549,59592,43,170
59379,59555,59595,40,176
59379,59542,59596,54,163
59379,59553,59596,43,174
59379,59557,59597,40,178
59379,59563,59598,35,184
59379,59557,59598,41,178
59379,59558,59598,40,179
59430,59598,59600,2,168
59430,59598,59599,1,168
59430,59598,59599,1,168
59430,59599,59601,2,169
59430,59600,59602,2,170
59430,59600,59602,2,170
59430,59601,59602,1,171
59430,59602,59604,2,172
59379,59557,59604,47,178
59379,59564,59604,40,185
59430,59602,59603,1,172
59430,59602,59603,1,172
59430,59597,59605,8,167
59379,59565,59605,40,186
59430,59572,59606,34,142
59430,59604,59606,2,174
59430,59574,59605,31,144
59430,59604,59606,2,174
59430,59603,59605,2,173
59430,59604,59605,1,174
59379,59551,59606,55,172
59430,59575,59607,32,145
59430,59572,59607,35,142
59430,59604,59606,2,174
59430,59574,59607,33,144
59430,59604,59606,2,174
59430,59605,59608,3,175
59379,59566,59614,48,187
59430,59605,59614,9,175
59430,59581,59615,34,151
59430,59576,59615,39,146
59430,59579,59617,38,149
59430,59572,59617,45,142
59430,59596,59621,25,166
59430,59589,59622,33,159
59430,59578,59622,44,148
59430,59592,59624,32,162
59430,59595,59625,30,165
59430,59582,59626,44,152
59430,59606,59626,20,176
59430,59606,59630,24,176
59430,59590,59632,42,160
59430,59606,59638,32,176
59430,59606,59645,39,176
59430,59608,59645,37,178
59430,59638,59645,7,208
59430,59607,59646,39,177
59430,59645,59647,2,215
59430,59645,59647,2,215
59430,59645,59648,3,215
59430,59606,59647,41,176
59430,59646,59649,3,216
59430,59606,59649,43,176
59430,59607,59649,42,177
59430,59647,59649,2,217
59430,59647,59649,2,217
59430,59648,59650,2,218
59430,59649,59651,2,219
59430,59648,59650,2,218
59430,59607,59652,45,177
59430,59607,59653,46,177
59430,59651,59653,2,221
59430,59606,59654,48,176
59430,59651,59654,3,221
59430,59649,59654,5,219
59430,59626,59656,30,196
59430,59651,59656,5,221
59430,59615,59657,42,185
59430,59615,59658,43,185
59430,59632,59660,28,202
59430,59649,59659,10,219
59430,59607,59660,53,177
59430,59630,59663,33,200
59430,59652,59666,14,222
59430,59649,59667,18,219
59430,59615,59667,52,185
59430,59622,59668,46,192
59430,59615,59668,53,185
59430,59617,59671,54,187
59430,59621,59672,51,191
59455,59671,59674,3,216
59455,59672,59675,3,217
59430,59625,59675,50,195
59455,59674,59676,2,219
59455,59675,59677,2,220
59455,59669,59677,8,214
59455,59675,59677,2,220
59430,59617,59678,61,187
59455,59676,59679,3,221
59430,59624,59679,55,194
59455,59677,59678,1,222
59455,59677,59680,3,222
59455,59677,59681,4,222
59455,59678,59681,3,223
59455,59680,59681,1,225
59455,59680,59681,1,225
59455,59679,59682,3,224
59455,59680,59683,3,225
59455,59653,59683,30,198
59455,59653,59684,31,198
59455,59681,59684,3,226
59455,59656,59685,29,201
59455,59681,59685,4,226
59455,59656,59686,30,201
59430,59626,59685,59,196
59455,59654,59685,31,199
59455,59667,59688,21,212
59455,59668,59689,21,213
59455,59655,59690,35,200
59455,59668,59692,24,213
59430,59622,59692,70,192
59455,59657,59693,36,202
59455,59660,59693,33,205
59455,59658,59694,36,203
59455,59664,59694,30,209
59455,59654,59695,41,199
59455,59681,59694,13,226
59455,59660,59696,36,205
59455,59666,59697,31,211
59455,59660,59698,38,205
59455,59682,59704,22,227
59455,59683,59725,42,228
59455,59685,59725,40,230
59455,59683,59725,42,228
59455,59682,59727,45,227
59455,59686,59730,44,231
59455,59727,59730,3,272
59455,59704,59731,27,249
59455,59725,59731,6,270
59455,59684,59732,48,229
59455,59686,59732,46,231
59455,59730,59732,2,275
59455,59688,59734,46,233
59455,59730,59734,4,275
59455,59684,59734,50,229
59455,59731,59734,3,276
59455,59689,59733,44,234
59455,59693,59736,43,238
59455,59685,59738,53,230
59455,59686,59739,53,231
59455,59694,59741,47,239
59455,59690,59740,50,235
59455,59694,59742,48,239
59455,59698,59746,48,243
59455,59692,59746,54,237
59455,59695,59749,54,240
59455,59694,59749,55,239
59455,59731,59750,19,276
59455,59692,59750,58,237
59455,59697,59752,55,242
59455,59695,59755,60,240
59455,59725,59759,34,270
59455,59696,59763,67,241
59455,59725,59767,42,270
59484,59742,59774,32,258
59455,59732,59775,43,277
59484,59746,59777,31,262
59455,59734,59777,43,279
59484,59747,59777,30,263
59484,59742,59778,36,258
59455,59734,59777,43,279
59455,59732,59778,46,277
59484,59778,59780,2,294
59484,59778,59780,2,294
59455,59734,59780,46,279
59484,59778,59780,2,294
59484,59777,59781,4,293
59455,59732,59781,49,277
59455,59736,59780,44,281
59484,59777,59780,3,293
59484,59780,59781,1,296
59484,59749,59781,32,265
59484,59780,59782,2,296
59484,59780,59781,1,296
59484,59780,59783,3,296
59484,59781,59783,2,297
59484,59781,59783,2,297
59484,59781,59783,2,297
59484,59781,59784,3,297
59484,59781,59783,2,297
59484,59781,59783,2,297
59484,59782,59784,2,298
59484,59752,59785,33,268
59455,59734,59785,51,279
59455,59739,59784,45,284
59484,59783,59785,2,299
59455,59734,59788,54,279
59484,59749,59788,39,265
59484,59750,59789,39,266
59484,59777,59790,13,293
59484,59759,59791,32,275
59484,59750,59792,42,266
59484,59755,59793,38,271
59484,59767,59793,26,283
59455,59738,59795,57,283
59484,59763,59796,33,279
59484,59774,59798,24,290
59484,59776,59800,24,292
59484,59783,59802,19,299
59484,59783,59812,29,299
59484,59784,59820,36,300
59484,59783,59821,38,299
59484,59785,59820,35,301
59484,59785,59822,37,301
59484,59784,59823,39,300
59484,59784,59823,39,300
59484,59784,59828,44,300
59484,59791,59829,38,307
59484,59790,59829,39,306
59484,59785,59831,46,301
59484,59788,59832,44,304
59484,59793,59832,39,309
59484,59785,59831,46,301
59484,59784,59834,50,300
59484,59789,59834,45,305
59484,59788,59833,45,304
59484,59798,59834,36,314
59484,59834,59837,3,350
59484,59793,59837,44,309
59484,59834,59838,4,350
59484,59800,59838,38,316
59484,59837,59839,2,353
59484,59834,59839,5,350
59484,59795,59839,44,311
59484,59837,59840,3,353
59484,59838,59841,3,354
59484,59838,59841,3,354
59484,59792,59842,50,308
59484,59796,59842,46,312
59484,59802,59848,46,318
59484,59812,59850,38,328
59484,59834,59853,19,350
59484,59821,59857,36,337
59484,59820,59858,38,336
59484,59821,59858,37,337
59484,59823,59860,37,339
59484,59824,59861,37,340
59484,59822,59861,39,338
59484,59829,59865,36,345
59484,59829,59866,37,345
59497,59865,59867,2,368
59497,59866,59867,1,369
59497,59867,59869,2,370
59497,59869,59870,1,372
59497,59840,59871,31,343
59497,59869,59871,2,372
59484,59832,59871,39,348
59497,59870,59872,2,373
59484,59833,59872,39,349
59484,59828,59871,43,344
59497,59871,59873,2,374
59497,59871,59873,2,374
59484,59832,59874,42,348
59497,59872,59874,2,375
59497,59872,59873,1,375
59497,59871,59873,2,374
59497,59841,59875,34,344
59497,59872,59875,3,375
59497,59862,59874,12,365
59497,59873,59874,1,376
59497,59873,59874,1,376
59497,59841,59876,35,344
59497,59840,59876,36,343
59484,59831,59876,45,347
59497,59839,59876,37,342
59497,59874,59877,3,377
59497,59843,59878,35,346
59497,59874,59877,3,377
59497,59874,59877,3,377
59497,59842,59878,36,345
58020,58020,59879,1859,0
59497,59861,59880,19,364
59497,59848,59881,33,351
59497,59850,59882,32,353
59497,59859,59883,24,362
59497,59861,59883,22,364
59497,59874,59884,10,377
59497,59858,59883,25,361
59497,59857,59884,27,360
59497,59853,59891,38,356
59497,59876,59910,34,379
59497,59875,59911,36,378
59497,59876,59911,35,379
58018,58019,59913,1894,1
59497,59877,59914,37,380
59497,59875,59913,38,378
58013,58013,59916,1903,0
59497,59875,59917,42,378
59497,59876,59917,41,379
59497,59875,59919,44,378
59497,59878,59919,41,381
59497,59880,59920,40,383
59497,59882,59920,38,385
59497,59883,59921,38,386
59497,59877,59921,44,380
59497,59876,59921,45,379
59497,59883,59922,39,386
59497,59878,59922,44,381
59497,59878,59922,44,381
59497,59884,59921,37,387
59497,59922,59924,2,425
59497,59921,59924,3,424
59497,59921,59924,3,424
59497,59923,59925,2,426
59497,59922,59925,3,425
59497,59886,59924,38,389
59497,59878,59925,47,381
59497,59922,59926,4,425
59497,59920,59925,5,423
59497,59922,59925,3,425
59497,59924,59927,3,427
59497,59881,59928,47,384
59497,59884,59928,44,387
59497,59924,59928,4,427
59497,59879,59929,50,382
59497,59920,59932,12,423
59509,59933,59935,2,424
59509,59935,59937,2,426
59509,59930,59938,8,421
59509,59937,59941,4,428
59497,59891,59941,50,394
59497,59910,59942,32,413
59509,59942,59944,2,433
59509,59944,59946,2,435
59509,59929,59947,18,420
59497,59911,59946,35,414
59509,59946,59948,2,437
59497,59913,59949,36,416
59509,59941,59949,8,432
59509,59947,59949,2,438
59509,59947,59949,2,438
59509,59928,59950,22,419
59509,59938,59950,12,429
59509,59948,59949,1,439
59497,59914,59950,36,417
59497,59915,59951,36,418
59509,59949,59950,1,440
59509,59941,59952,11,432
59509,59950,59952,2,441
59509,59949,59952,3,440
59509,59950,59952,2,441
59509,59950,59953,3,441
59509,59951,59952,1,442
59509,59950,59954,4,441
59509,59951,59953,2,442
59509,59951,59953,2,442
59509,59951,59954,3,442
59497,59913,59955,42,416
59509,59925,59955,30,416
59497,59919,59955,36,422
59509,59925,59956,31,416
59509,59926,59956,30,417
59497,59917,59958,41,420
59509,59927,59959,32,418
59509,59925,59959,34,416
59509,59925,59960,35,416
59509,59952,59961,9,443
59509,59926,59961,35,417
59509,59956,59962,6,447
58009,58009,59962,1953,0
59509,59955,59963,8,446
59497,59917,59962,45,420
59497,59916,59963,47,419
59497,59919,59966,47,422
59509,59952,59966,14,443
59509,59928,59967,39,419
59509,59926,59968,42,417
59509,59952,59975,23,443
59509,59975,59978,3,466
59509,59958,59978,20,449
59509,59978,59981,3,469
59509,59978,59981,3,469
59509,59958,59982,24,449
59509,59961,59983,22,452
59509,59968,59983,15,459
59509,59981,59983,2,472
59509,59981,59984,3,472
59509,59982,59984,2,473
59509,59983,59985,2,474
59509,59983,59986,3,474
59509,59983,59986,3,474
59509,59984,59986,2,475
59509,59985,59986,1,476
59509,59985,59987,2,476
59509,59954,59987,33,445
59509,59986,59988,2,477
59509,59987,59989,2,478
59509,59986,59989,3,477
59509,59952,59991,39,443
59509,59954,59992,38,445
58015,58015,59993,1978,0
59509,59991,59994,3,482
59509,59954,59994,40,445
59509,59953,59994,41,444
59509,59954,59995,41,445
59509,59959,59996,37,450
59509,59956,59996,40,447
59509,59955,59996,41,446
59509,59959,59998,39,450
59509,59963,59999,36,454
59557,59999,60000,1,442
59509,59954,60001,47,445
59557,59999,60001,2,442
59557,59996,60002,6,439
59557,60001,60003,2,444
59557,60001,60002,1,444
59557,60001,60004,3,444
59557,60002,60004,2,445
59557,60003,60005,2,446
59557,59996,60006,10,439
59509,59962,60007,45,453
59509,59962,60011,49,453
59509,59960,60011,51,451
59557,60003,60012,9,446
59557,59987,60013,26,430
59509,59961,60013,52,452
59557,59988,60013,25,431
59509,59966,60015,49,457
59509,59963,60015,52,454
59557,60004,60016,12,447
59509,59967,60016,49,458
59509,59963,60017,54,454
59557,59996,60018,22,439
59557,59989,60019,30,432
59557,59992,60020,28,435
59509,59966,60023,57,457
59557,59995,60023,28,438
58021,58021,60023,2002,0
59557,59994,60027,33,437
59557,59988,60028,40,431
59557,59994,60030,36,437
59557,59989,60031,42,432
59557,59991,60032,41,434
59557,59994,60034,40,437
59557,59993,60034,41,436
59557,60005,60039,34,448
59557,60011,60044,33,454
59557,60012,60046,34,455
59557,60013,60048,35,456
59557,60004,60049,45,447
59557,60006,60051,45,449
59557,60011,60051,40,454
59557,60048,60051,3,491
59557,60014,60052,38,457
59557,60049,60052,3,492
59557,60007,60053,46,450
59557,60016,60053,37,459
59557,60051,60053,2,494
59557,60051,60054,3,494
59557,60051,60054,3,494
59557,60052,60054,2,495
59557,60052,60055,3,495
59557,60053,60055,2,496
59557,60053,60056,3,496
59557,60054,60056,2,497
59557,60054,60056,2,497
59557,60054,60056,2,497
59557,60054,60056,2,497
59557,60014,60057,43,457
59557,60055,60057,2,498
59557,60018,60058,40,461
59557,60055,60058,3,498
59557,60056,60058,2,499
59557,60056,60058,2,499
59557,60056,60059,3,499
59557,60020,60059,39,463
59557,60056,60059,3,499
59557,60056,60060,4,499
59557,60057,60060,3,500
59557,60057,60060,3,500
59557,60019,60060,41,462
59557,60058,60061,3,501
59557,60023,60061,38,466
59557,60058,60063,5,501
59557,60016,60064,48,459
59557,60018,60064,46,461
59557,60016,60065,49,459
59557,60023,60066,43,466
59557,60058,60065,7,501
59557,60046,60066,20,489
58010,58010,60067,2057,0
59557,60016,60068,52,459
59885,60067,60070,3,182
59885,60068,60071,3,183
59885,60070,60072,2,185
59885,60071,60073,2,186
59557,60023,60074,51,466
59885,60066,60074,8,181
58013,58013,60074,2061,0
59885,60072,60074,2,187
59885,60074,60076,2,189
59885,60073,60076,3,188
59885,60074,60076,2,189
59885,60074,60077,3,189
59885,60074,60077,3,189
59557,60031,60078,47,474
59885,60076,60078,2,191
59885,60076,60077,1,191
59557,60027,60079,52,470
59885,60076,60079,3,191
59885,60077,60079,2,192
59885,60077,60080,3,192
59557,60039,60080,41,482
59557,60028,60081,53,471
59885,60078,60081,3,193
59557,60044,60083,39,487
59557,60032,60084,52,475
59885,60078,60086,8,193
59557,60035,60087,52,478
59557,60030,60088,58,473
58024,58024,60088,2064,0
59885,60059,60090,31,174
59557,60034,60091,57,477
59885,60058,60092,34,173
59885,60059,60093,34,174
59885,60060,60093,33,175
59885,60079,60096,17,194
59885,60060,60095,35,175
59885,60066,60096,30,181
59885,60059,60097,38,174
59885,60061,60097,36,176
59885,60061,60096,35,176
59885,60062,60096,34,177
59885,60060,60098,38,175
59885,60065,60101,36,180
59885,60079,60102,23,194
59885,60064,60103,39,179
59885,60064,60103,39,179
59885,60083,60104,21,198
59885,60063,60106,43,178
59885,60066,60107,41,181
59885,60079,60111,32,194
59885,60080,60116,36,195
59885,60080,60118,38,195
59885,60081,60121,40,196
59885,60080,60124,44,195
59885,60081,60132,51,196
59885,60084,60135,51,199
59885,60092,60136,44,207
59885,60088,60136,48,203
59885,60096,60136,40,211
59885,60089,60137,48,204
59885,60093,60137,44,208
59885,60086,60138,52,201
59885,60088,60138,50,203
59885,60096,60139,43,211
59885,60096,60140,44,211
59885,60097,60141,44,212
59885,60137,60141,4,252
59885,60090,60142,52,205
59885,60137,60142,5,252
59885,60092,60142,50,207
59885,60097,60143,46,212
59885,60093,60144,51,208
59885,60097,60147,50,212
59885,60097,60147,50,212
59885,60104,60149,45,219
59885,60106,60153,47,221
59885,60102,60154,52,217
59885,60104,60154,50,219
59885,60102,60155,53,217
59885,60103,60155,52,218
59885,60098,60154,56,213
59885,60137,60156,19,252
59885,60107,60156,49,222
58027,58027,60158,2131,0
59914,60155,60158,3,241
59914,60156,60157,1,242
59914,60155,60157,2,241
59914,60155,60158,3,241
59885,60111,60159,48,226
59885,60116,60159,43,231
59914,60158,60160,2,244
59914,60158,60160,2,244
59914,60158,60160,2,244
59914,60159,60161,2,245
59914,60157,60160,3,243
59914,60159,60161,2,245
59914,60160,60162,2,246
59914,60158,60161,3,244
59914,60159,60161,2,245
59914,60160,60162,2,246
59885,60118,60163,45,233
59914,60161,60163,2,247
59914,60160,60163,3,246
59885,60121,60166,45,236
59914,60154,60166,12,240
59914,60161,60169,8,247
59885,60124,60172,48,239
59914,60139,60172,33,225
59914,60140,60173,33,226
59914,60139,60175,36,225
59914,60141,60175,34,227
59914,60154,60176,22,240
59914,60142,60177,35,228
59914,60143,60177,34,229
59885,60136,60178,42,251
59914,60138,60179,41,224
59914,60147,60180,33,233
59914,60143,60181,38,229
59885,60135,60182,47,250
59914,60144,60183,39,230
59885,60132,60183,51,247
59914,60149,60184,35,235
59885,60136,60184,48,251
59914,60142,60185,43,228
59914,60161,60184,23,247
59914,60153,60186,33,239
59914,60147,60187,40,233
59914,60142,60187,45,228
59914,60162,60190,28,248
59914,60162,60201,39,248
59914,60179,60204,25,265
59914,60181,60205,24,267
59914,60163,60205,42,249
58018,58018,60205,2187,0
59914,60163,60207,44,249
59914,60163,60210,47,249
59914,60162,60210,48,248
59914,60175,60212,37,261
59914,60166,60213,47,252
59914,60164,60215,51,250
59914,60172,60215,43,258
59914,60177,60215,38,263
59914,60173,60216,43,259
59914,60170,60216,46,256
59914,60168,60218,50,254
59914,60177,60220,43,263
59914,60215,60222,7,301
59914,60215,60224,9,301
59914,60178,60224,46,264
59914,60172,60225,53,258
59914,60213,60225,12,299
59914,60212,60227,15,298
59914,60176,60228,52,262
59914,60184,60228,44,270
59914,60175,60228,53,261
59914,60191,60228,37,277
59914,60181,60231,50,267
59914,60182,60231,49,268
59914,60187,60232,45,273
59914,60185,60232,47,271
59914,60185,60233,48,271
59916,60231,60234,3,315
59916,60233,60235,2,317
59914,60186,60235,49,272
59916,60233,60235,2,317
59914,60183,60235,52,269
59916,60232,60234,2,316
59914,60183,60236,53,269
59916,60234,60236,2,318
59916,60235,60237,2,319
59916,60235,60238,3,319
59916,60235,60238,3,319
59916,60235,60238,3,319
59914,60184,60237,53,270
59916,60235,60238,3,319
59916,60231,60238,7,315
59914,60188,60239,51,274
59916,60236,60238,2,320
59916,60237,60240,3,321
59916,60230,60243,13,314
59914,60210,60245,35,296
59914,60205,60245,40,291
59916,60216,60245,29,300
59914,60205,60245,40,291
59916,60215,60245,30,299
59914,60201,60249,48,287
59916,60220,60251,31,304
59914,60206,60251,45,292
59914,60204,60252,48,290
59916,60218,60253,35,302
59914,60210,60254,44,296
59916,60222,60254,32,306
59916,60228,60255,27,312
59916,60237,60254,17,321
59916,60228,60255,27,312
59916,60216,60255,39,300
59914,60208,60257,49,294
59916,60228,60258,30,312
59916,60227,60258,31,311
59916,60225,60260,35,309
59916,60225,60261,36,309
59916,60225,60262,37,309
59916,60224,60267,43,308
59916,60267,60272,5,351
59916,60272,60276,4,356
59916,60238,60276,38,322
59916,60262,60276,14,346
59916,60276,60279,3,360
59916,60276,60279,3,360
59916,60238,60279,41,322
59916,60276,60280,4,360
59916,60243,60280,37,327
59916,60238,60282,44,322
59916,60279,60282,3,363
59916,60238,60282,44,322
59916,60280,60282,2,364
59916,60280,60283,3,364
59916,60279,60283,4,363
59916,60245,60283,38,329
59916,60280,60283,3,364
59916,60245,60284,39,329
59916,60245,60284,39,329
59916,60238,60284,46,322
59916,60282,60285,3,366
59916,60282,60285,3,366
59916,60246,60284,38,330
59916,60283,60285,2,367
59916,60283,60286,3,367
59916,60282,60286,4,366
59916,60282,60286,4,366
59916,60238,60286,48,322
59916,60283,60286,3,367
59916,60283,60287,4,367
59916,60245,60288,43,329
59916,60239,60288,49,323
59916,60284,60288,4,368
59916,60239,60289,50,323
59916,60240,60290,50,324
59963,60288,60292,4,325
59963,60289,60293,4,326
59916,60251,60293,42,335
59916,60254,60294,40,338
59916,60253,60294,41,337
59916,60249,60297,48,333
59916,60258,60298,40,342
59963,60290,60298,8,327
59916,60260,60299,39,344
59916,60254,60300,46,338
59963,60288,60300,12,325
59916,60258,60301,43,342
59916,60251,60301,50,335
59916,60252,60302,50,336
59916,60255,60302,47,339
59916,60262,60302,40,346
59916,60257,60304,47,341
59916,60255,60305,50,339
59916,60255,60307,52,339
59916,60256,60309,53,340
59963,60292,60311,19,329
59963,60288,60315,27,325
59963,60287,60317,30,324
59963,60286,60319,33,323
59963,60285,60321,36,322
59963,60286,60320,34,323
59963,60293,60323,30,330
59963,60286,60324,38,323
59963,60284,60324,40,321
59963,60286,60327,41,323
59963,60285,60328,43,322
59963,60286,60330,44,323
59963,60285,60331,46,322
59963,60285,60331,46,322
59963,60293,60331,38,330
59963,60285,60332,47,322
59963,60295,60332,37,332
59963,60331,60333,2,368
59963,60331,60334,3,368
59963,60332,60334,2,369
59963,60331,60334,3,368
59963,60332,60335,3,369
59963,60333,60335,2,370
59963,60334,60336,2,371
59963,60334,60336,2,371
59963,60334,60337,3,371
59963,60299,60337,38,336
59963,60335,60337,2,372
59963,60335,60338,3,372
59963,60298,60339,41,335
59963,60336,60339,3,373
59963,60336,60338,2,373
59963,60337,60339,2,374
59963,60338,60340,2,375
59963,60337,60340,3,374
59963,60337,60340,3,374
59963,60339,60341,2,376
59963,60301,60341,40,338
59963,60339,60341,2,376
59963,60295,60341,46,332
59963,60339,60341,2,376
59963,60340,60342,2,377
59963,60339,60342,3,376
59963,60340,60343,3,377
59963,60298,60344,46,335
59963,60340,60344,4,377
59963,60298,60344,46,335
59963,60341,60344,3,378
59963,60341,60344,3,378
59963,60304,60345,41,341
59963,60342,60346,4,379
59963,60341,60346,5,378
59963,60300,60347,47,337
59963,60341,60348,7,378
59963,60342,60348,6,379
59963,60300,60348,48,337
59963,60301,60348,47,338
59963,60302,60350,48,339
59963,60307,60351,44,344
59963,60302,60351,49,339
59963,60312,60353,41,349
59993,60351,60355,4,358
59963,60307,60355,48,344
59993,60353,60355,2,360
59963,60330,60357,27,367
59993,60355,60357,2,362
59963,60342,60356,14,379
59993,60351,60356,5,358
59993,60355,60357,2,362
59993,60355,60357,2,362
59963,60302,60357,55,339
59993,60357,60359,2,364
59963,60309,60359,50,346
59993,60357,60359,2,364
59993,60357,60360,3,364
59993,60357,60360,3,364
59993,60358,60361,3,365
59993,60357,60360,3,364
59993,60357,60360,3,364
59993,60359,60361,2,366
59993,60359,60362,3,366
59993,60360,60363,3,367
59993,60359,60362,3,366
59963,60320,60367,47,357
59963,60324,60369,45,361
59963,60328,60370,42,365
59963,60321,60370,49,358
59963,60317,60370,53,354
59963,60315,60372,57,352
59993,60346,60374,28,353
59993,60344,60375,31,351
59993,60350,60375,25,357
59963,60323,60375,52,360
59993,60344,60374,30,351
59993,60346,60377,31,353
59993,60349,60377,28,356
59993,60348,60378,30,355
59993,60348,60378,30,355
59993,60348,60377,29,355
59963,60321,60379,58,358
59963,60324,60379,55,361
59993,60344,60379,35,351
59993,60360,60380,20,367
59993,60344,60381,37,351
59993,60343,60380,37,350
59993,60344,60381,37,351
59963,60327,60385,58,364
59993,60345,60386,41,352
59993,60347,60389,42,354
59993,60361,60397,36,368
59993,60361,60400,39,368
59993,60361,60402,41,368
59993,60361,60403,42,368
59993,60367,60404,37,374
59993,60362,60405,43,369
59993,60369,60405,36,376
59993,60400,60406,6,407
59993,60363,60406,43,370
59993,60404,60406,2,411
59993,60363,60406,43,370
59993,60403,60406,3,410
59993,60370,60408,38,377
59993,60405,60408,3,412
59993,60370,60408,38,377
59993,60405,60408,3,412
59993,60402,60407,5,409
59993,60406,60409,3,413
59993,60406,60409,3,413
59993,60374,60409,35,381
59993,60397,60410,13,404
59993,60407,60410,3,414
59993,60406,60409,3,413
59993,60408,60410,2,415
59993,60408,60411,3,415
59993,60407,60411,4,414
59993,60370,60415,45,377
59993,60379,60415,36,386
59993,60375,60415,40,382
59993,60375,60415,40,382
59993,60372,60416,44,379
59993,60377,60417,40,384
59993,60375,60419,44,382
60032,60417,60419,2,385
59993,60379,60420,41,386
59993,60375,60421,46,382
60032,60419,60421,2,387
60032,60419,60422,3,387
59993,60378,60421,43,385
60032,60421,60423,2,389
60032,60420,60422,2,388
59993,60379,60424,45,386
60032,60422,60424,2,390
60032,60421,60423,2,389
59993,60377,60424,47,384
59993,60381,60425,44,388
60032,60422,60424,2,390
60032,60423,60425,2,391
60032,60423,60426,3,391
60032,60424,60426,2,392
59993,60389,60427,38,396
59993,60380,60427,47,387
60032,60424,60427,3,392
60032,60424,60427,3,392
59993,60380,60426,46,387
60032,60424,60426,2,392
60032,60425,60427,2,393
60032,60425,60428,3,393
60032,60425,60428,3,393
59993,60381,60429,48,388
59993,60379,60429,50,386
59993,60381,60429,48,388
60032,60408,60432,24,376
59993,60386,60432,46,393
59993,60385,60432,47,392
60032,60410,60437,27,378
60032,60426,60437,11,394
60032,60409,60438,29,377
60032,60411,60439,28,379
60032,60426,60439,13,394
60032,60410,60440,30,378
60032,60411,60440,29,379
60032,60415,60439,24,383
60032,60416,60441,25,384
60032,60410,60442,32,378
60032,60408,60441,33,376
60032,60412,60443,31,380
60032,60415,60444,29,383
60032,60409,60445,36,377
60032,60415,60446,31,383
60032,60410,60447,37,378
60032,60415,60450,35,383
60032,60408,60452,44,376
60032,60445,60454,9,413
60032,60446,60459,13,414
60032,60427,60459,32,395
60032,60444,60460,16,412
60032,60427,60462,35,395
60032,60428,60468,40,396
60032,60429,60471,42,397
60032,60428,60471,43,396
60032,60432,60471,39,400
60032,60437,60472,35,405
60032,60427,60472,45,395
60032,60428,60471,43,396
60032,60427,60473,46,395
60032,60431,60474,43,399
60032,60432,60476,44,400
60032,60428,60476,48,396
60032,60432,60477,45,400
60032,60431,60477,46,399
60032,60442,60478,36,410
60032,60441,60478,37,409
60032,60439,60478,39,407
60032,60440,60480,40,408
60032,60429,60480,51,397
60032,60440,60480,40,408
60032,60437,60481,44,405
60032,60443,60482,39,411
60032,60472,60484,12,440
60032,60438,60484,46,406
60032,60440,60486,46,408
60068,60484,60486,2,416
60032,60454,60487,33,422
60068,60483,60486,3,415
60068,60486,60488,2,418
60068,60485,60487,2,417
60068,60486,60489,3,418
60032,60447,60489,42,415
60032,60459,60489,30,427
60032,60441,60492,51,409
60068,60481,60493,12,413
60032,60442,60494,52,410
60032,60450,60495,45,418
60032,60472,60495,23,440
60032,60460,60497,37,428
60032,60471,60498,27,439
60032,60452,60498,46,420
60068,60487,60499,12,419
60068,60481,60500,19,413
60032,60471,60505,34,439
60068,60480,60505,25,412
60032,60462,60505,43,430
60032,60459,60506,47,427
60068,60478,60507,29,410
60068,60480,60507,27,412
60068,60474,60508,34,406
60068,60479,60510,31,411
60032,60469,60512,43,437
60068,60478,60512,34,410
60068,60473,60511,38,405
60068,60473,60513,40,405
60068,60478,60514,36,410
60032,60471,60515,44,439
60068,60476,60516,40,408
60068,60476,60516,40,408
60068,60487,60518,31,419
60068,60477,60518,41,409
60068,60518,60521,3,450
60068,60519,60521,2,451
60068,60489,60523,34,421
60068,60521,60524,3,453
60068,60521,60524,3,453
60068,60523,60525,2,455
60068,60524,60526,2,456
60068,60525,60527,2,457
60068,60524,60527,3,456
60068,60488,60528,40,420
60068,60489,60527,38,421
60068,60495,60529,34,427
60068,60526,60529,3,458
60068,60527,60529,2,459
60068,60488,60530,42,420
60068,60527,60530,3,459
60068,60489,60530,41,421
60068,60528,60531,3,460
60068,60529,60531,2,461
60068,60529,60531,2,461
60068,60529,60532,3,461
60068,60528,60531,3,460
60068,60494,60532,38,426
60068,60530,60533,3,462
60068,60531,60533,2,463
60068,60530,60533,3,462
60068,60531,60534,3,463
60068,60530,60533,3,462
60068,60498,60534,36,430
60068,60531,60533,2,463
60068,60516,60535,19,448
60068,60532,60535,3,464
60068,60497,60534,37,429
60068,60532,60536,4,464
60068,60532,60536,4,464
60068,60495,60537,42,427
60068,60500,60536,36,432
60068,60533,60537,4,465
60068,60533,60538,5,465
60068,60492,60538,46,424
60068,60494,60539,45,426
60068,60499,60542,43,431
60068,60505,60543,38,437
60068,60498,60544,46,430
60075,60543,60545,2,468
60068,60507,60546,39,439
60075,60544,60546,2,469
60075,60542,60546,4,467
60068,60533,60547,14,465
60075,60545,60546,1,470
60075,60546,60547,1,471
60068,60508,60549,41,440
60068,60512,60549,37,444
60068,60507,60549,42,439
60075,60546,60549,3,471
60075,60547,60549,2,472
60075,60547,60549,2,472
60075,60547,60549,2,472
60075,60548,60550,2,473
60068,60505,60551,46,437
60068,60511,60552,41,443
60075,60539,60553,14,464
60068,60506,60556,50,438
60068,60506,60558,52,438
60068,60512,60558,46,444
60075,60534,60559,25,459
60068,60514,60560,46,446
60075,60535,60561,26,460
60068,60516,60561,45,448
60075,60538,60561,23,463
60068,60513,60562,49,445
60075,60549,60562,13,474
60075,60537,60564,27,462
60068,60515,60563,48,447
60075,60534,60565,31,459
60075,60537,60566,29,462
60075,60536,60567,31,461
60075,60534,60568,34,459
60075,60538,60568,30,463
60075,60534,60569,35,459
60068,60512,60569,57,444
60075,60535,60569,34,460
60075,60536,60573,37,461
60075,60549,60578,29,474
60075,60537,60578,41,462
60075,60535,60578,43,460
60075,60549,60581,32,474
60075,60578,60582,4,503
60075,60578,60583,5,503
60075,60550,60583,33,475
60075,60581,60583,2,506
60075,60582,60585,3,507
60075,60550,60584,34,475
60075,60583,60586,3,508
60075,60583,60585,2,508
60075,60583,60585,2,508
60075,60549,60585,36,474
60075,60552,60586,34,477
60075,60585,60588,3,510
60075,60586,60588,2,511
60075,60585,60587,2,510
60075,60586,60589,3,511
60075,60549,60589,40,474
60075,60587,60590,3,512
60075,60586,60589,3,511
60075,60587,60590,3,512
60075,60588,60591,3,513
60075,60588,60591,3,513
60075,60589,60592,3,514
60075,60590,60593,3,515
60075,60589,60593,4,514
60075,60590,60593,3,515
60075,60589,60592,3,514
60075,60559,60594,35,484
60075,60590,60595,5,515
60075,60550,60595,45,475
60075,60553,60596,43,478
60075,60578,60597,19,503
60075,60559,60597,38,484
60075,60561,60598,37,486
60075,60556,60599,43,481
60075,60551,60599,48,476
60075,60564,60603,39,489
60075,60562,60604,42,487
60075,60561,60604,43,486
60075,60565,60604,39,490
60075,60560,60606,46,485
60075,60558,60605,47,483
60090,60604,60605,1,514
60090,60604,60607,3,514
60090,60607,60608,1,517
60075,60562,60607,45,487
60075,60566,60608,42,491
60090,60606,60608,2,516
60090,60606,60608,2,516
60075,60564,60609,45,489
60075,60562,60609,47,487
60090,60604,60609,5,514
60090,60608,60610,2,518
60090,60608,60610,2,518
60090,60607,60609,2,517
60090,60608,60611,3,518
60090,60608,60611,3,518
60090,60608,60611,3,518
60090,60603,60611,8,513
60090,60609,60612,3,519
60090,60609,60612,3,519
60090,60610,60612,2,520
60090,60609,60611,2,519
60090,60610,60613,3,520
60075,60568,60613,45,493
60075,60567,60615,48,492
60075,60569,60615,46,494
60075,60570,60615,45,495
60075,60568,60616,48,493
60075,60570,60617,47,495
60075,60573,60616,43,498
60090,60591,60618,27,501
60090,60610,60620,10,520
60090,60593,60621,28,503
60090,60595,60622,27,505
60090,60598,60624,26,508
60090,60597,60624,27,507
60090,60600,60625,25,510
60090,60592,60627,35,502
60090,60591,60627,36,501
60090,60593,60628,35,503
60090,60594,60629,35,504
60090,60596,60631,35,506
60090,60593,60632,39,503
60090,60599,60633,34,509
60090,60595,60635,40,505
60090,60597,60637,40,507
60090,60634,60637,3,544
60090,60593,60638,45,503
60090,60611,60638,27,521
60090,60635,60639,4,545
60090,60632,60640,8,542
60090,60637,60640,3,547
60090,60637,60640,3,547
60090,60638,60641,3,548
60090,60639,60641,2,549
60090,60621,60642,21,531
60090,60611,60642,31,521
60090,60611,60643,32,521
60090,60620,60642,22,530
60090,60639,60643,4,549
60090,60617,60645,28,527
60090,60617,60646,29,527
60090,60612,60648,36,522
60090,60612,60654,42,522
60090,60611,60655,44,521
60090,60618,60656,38,528
60090,60613,60656,43,523
60090,60615,60658,43,525
60090,60613,60660,47,523
60090,60614,60660,46,524
60090,60615,60661,46,525
60090,60615,60660,45,525
60090,60616,60662,46,526
60090,60640,60665,25,550
60090,60612,60665,53,522
60090,60622,60667,45,532
60090,60631,60671,40,541
60090,60624,60671,47,534
60158,60671,60673,2,513
60158,60643,60674,31,485
60090,60627,60675,48,537
60158,60671,60675,4,513
60090,60629,60675,46,539
60158,60673,60674,1,515
60158,60674,60677,3,516
60158,60675,60677,2,517
60158,60675,60677,2,517
60158,60675,60676,1,517
60158,60675,60677,2,517
60158,60648,60678,30,490
60158,60677,60679,2,519
60158,60677,60679,2,519
60158,60677,60678,1,519
60158,60678,60680,2,520
60158,60677,60680,3,519
60158,60678,60680,2,520
60090,60642,60680,38,552
60158,60679,60681,2,521
60090,60625,60681,56,535
60158,60645,60681,36,487
60158,60679,60681,2,521
60158,60667,60682,15,509
60090,60643,60681,38,553
60158,60679,60682,3,521
60158,60660,60682,22,502
60158,60661,60682,21,503
60090,60642,60684,42,552
60158,60656,60684,28,498
60090,60641,60685,44,551
60158,60680,60685,5,522
60090,60643,60686,43,553
60158,60661,60686,25,503
60090,60641,60687,46,551
60158,60656,60687,31,498
60090,60628,60687,59,538
60090,60627,60688,61,537
60090,60640,60688,48,550
60158,60660,60688,28,502
60158,60646,60688,42,488
60090,60624,60675,51,534
60158,60654,60691,37,496
60090,60642,60692,50,552
60158,60658,60693,35,500
60158,60656,60695,39,498
60158,60665,60696,31,507
60158,60665,60696,31,507
60158,60695,60698,3,537
60158,60696,60698,2,538
60158,60696,60699,3,538
60158,60680,60699,19,522
60158,60698,60701,3,540
60158,60698,60701,3,540
60158,60699,60702,3,541
60158,60699,60702,3,541
60158,60701,60704,3,543
60158,60663,60704,41,505
60158,60701,60704,3,543
60158,60702,60705,3,544
60158,60702,60705,3,544
60158,60680,60705,25,522
60158,60704,60707,3,546
60158,60704,60707,3,546
60158,60693,60707,14,535
60158,60704,60707,3,546
60158,60705,60708,3,547
60158,60705,60709,4,547
60158,60681,60712,31,523
60158,60680,60712,32,522
60158,60682,60716,34,524
60158,60682,60720,38,524
60158,60682,60722,40,524
60158,60686,60723,37,528
60158,60681,60724,43,523
60158,60684,60727,43,526
60158,60681,60728,47,523
60158,60685,60728,43,527
60206,60705,60728,23,499
60158,60682,60729,47,524
60158,60682,60729,47,524
60158,60682,60729,47,524
60206,60729,60730,1,523
60206,60729,60732,3,523
60206,60729,60732,3,523
60158,60687,60732,45,529
60206,60729,60732,3,523
60206,60731,60733,2,525
60158,60684,60732,48,526
60206,60728,60734,6,522
60206,60732,60734,2,526
60206,60732,60734,2,526
60206,60732,60733,1,526
60206,60733,60735,2,527
60206,60732,60734,2,526
60158,60690,60735,45,532
60206,60734,60736,2,528
60206,60735,60736,1,529
60206,60734,60737,3,528
60206,60707,60737,30,501
60158,60686,60737,51,528
60158,60687,60737,50,529
60206,60734,60736,2,528
60206,60735,60737,2,529
60206,60712,60738,26,506
60206,60734,60737,3,528
60158,60686,60740,54,528
60158,60688,60741,53,530
60206,60708,60741,33,502
60206,60707,60742,35,501
60206,60728,60742,14,522
60206,60727,60743,16,521
60206,60722,60745,23,516
60158,60687,60745,58,529
60158,60692,60745,53,534
60206,60735,60746,11,529
60158,60691,60746,55,533
60206,60716,60745,29,510
60158,60688,60746,58,530
60206,60707,60746,39,501
60158,60688,60746,58,530
60158,60688,60747,59,530
60206,60713,60747,34,507
60206,60709,60749,40,503
60206,60707,60750,43,501
60206,60720,60753,33,514
60206,60723,60753,30,517
60206,60735,60753,18,529
60206,60724,60754,30,518
59329,59406,60769,1363,77
60206,60736,60770,34,530
60206,60738,60775,37,532
60206,60737,60776,39,531
60206,60738,60776,38,532
60206,60737,60777,40,531
60206,60737,60778,41,531
60206,60743,60779,36,537
60206,60736,60779,43,530
60206,60737,60780,43,531
60206,60737,60781,44,531
60206,60748,60781,33,542
60206,60780,60783,3,574
60206,60742,60784,42,536
60206,60779,60784,5,573
60206,60781,60784,3,575
60206,60745,60784,39,539
60206,60781,60784,3,575
60206,60740,60785,45,534
60206,60742,60786,44,536
60206,60746,60786,40,540
60206,60746,60786,40,540
60206,60738,60785,47,532
60206,60741,60786,45,535
60206,60741,60788,47,535
60206,60753,60788,35,547
60206,60746,60788,42,540
60206,60753,60788,35,547
60206,60753,60788,35,547
60206,60746,60790,44,540
60770,60788,60790,2,18
60206,60745,60790,45,539
60770,60788,60791,3,18
60206,60747,60791,44,541
60770,60788,60791,3,18
60206,60747,60792,45,541
60206,60779,60791,12,573
60770,60790,60792,2,20
60770,60788,60791,3,18
60206,60746,60791,45,540
60206,60749,60791,42,543
60206,60750,60793,43,544
60770,60791,60793,2,21
60770,60788,60793,5,18
60770,60791,60792,1,21
60770,60790,60792,2,20
60206,60745,60792,47,539
60770,60792,60793,1,22
60770,60792,60794,2,22
60206,60754,60793,39,548
60770,60791,60793,2,21
60770,60792,60795,3,22
60770,60792,60795,3,22
60770,60792,60794,2,22
60770,60793,60795,2,23
60770,60790,60795,5,20
60770,60793,60796,3,23
60770,60792,60795,3,22
60770,60793,60796,3,23
60770,60793,60795,2,23
60770,60787,60797,10,17
60770,60793,60798,5,23
60206,60778,60802,24,572
60206,60769,60805,36,563
60770,60786,60806,20,16
60770,60794,60806,12,24
60206,60771,60807,36,565
60206,60776,60809,33,570
60206,60775,60810,35,569
60770,60794,60812,18,24
60770,60784,60813,29,14
60770,60786,60814,28,16
60770,60784,60815,31,14
60770,60785,60815,30,15
60206,60777,60816,39,571
60770,60784,60817,33,14
60770,60794,60818,24,24
60770,60783,60819,36,13
60770,60784,60820,36,14
60770,60786,60820,34,16
60770,60818,60821,3,48
60770,60786,60821,35,16
60770,60819,60821,2,49
60770,60784,60822,38,14
60206,60776,60822,46,570
60770,60821,60823,2,51
60770,60820,60823,3,50
60770,60820,60823,3,50
60770,60821,60824,3,51
60770,60822,60824,2,52
60770,60822,60825,3,52
60770,60822,60825,3,52
60770,60823,60824,1,53
60770,60823,60825,2,53
60770,60823,60826,3,53
60770,60824,60826,2,54
60770,60795,60827,32,25
60770,60795,60827,32,25
60770,60825,60827,2,55
60770,60824,60827,3,54
60770,60825,60828,3,55
60770,60795,60829,34,25
60770,60794,60831,37,24
60770,60796,60835,39,26
60770,60794,60835,41,24
60770,60796,60837,41,26
60770,60795,60839,44,25
60770,60796,60841,45,26
60770,60795,60842,47,25
60770,60806,60842,36,36
60770,60817,60844,27,47
60770,60805,60844,39,35
60770,60807,60845,38,37
60770,60813,60846,33,43
60770,60797,60847,50,27
60770,60798,60847,49,28
60770,60802,60850,48,32
60770,60796,60852,56,26
60770,60806,60853,47,36
60770,60817,60856,39,47
60770,60810,60856,46,40
60770,60815,60857,42,45
60770,60809,60858,49,39
60770,60815,60862,47,45
60770,60812,60863,51,42
60770,60814,60871,57,44
59380,59571,60938,1367,191
60938,60938,60941,3,0
60938,60938,60941,3,0
60938,60938,60941,3,0
60938,60938,60941,3,0
60938,60938,60942,4,0
60938,60938,60942,4,0
60938,60938,60941,3,0
60938,60938,60942,4,0
60938,60938,60941,3,0
60938,60938,60941,3,0
60938,60938,60941,3,0
60938,60938,60941,3,0
60938,60938,60942,4,0
60938,60938,60942,4,0
60938,60938,60943,5,0
60938,60938,60942,4,0
60938,60938,60942,4,0
60938,60938,60942,4,0
60938,60938,60942,4,0
60938,60938,60942,4,0
60938,60938,60942,4,0
60938,60938,60945,7,0
60938,60938,60955,17,0
60938,60938,60955,17,0
60938,60938,60955,17,0
60938,60938,60957,19,0
60938,60938,60959,21,0
60938,60938,60963,25,0
60938,60938,60965,27,0
60938,60938,60967,29,0
60938,60938,60966,28,0
60938,60938,60967,29,0
60938,60938,60968,30,0
60938,60967,60969,2,29
60938,60967,60969,2,29
60938,60967,60970,3,29
60938,60938,60970,32,0
60938,60968,60970,2,30
60938,60969,60971,2,31
60938,60970,60972,2,32
60938,60938,60972,34,0
60938,60941,60972,31,3
60938,60969,60971,2,31
60938,60970,60971,1,32
60938,60971,60973,2,33
60938,60972,60974,2,34
60938,60972,60974,2,34
60938,60972,60974,2,34
60938,60972,60975,3,34
60938,60972,60974,2,34
60938,60972,60975,3,34
60938,60974,60977,3,36
60938,60941,60979,38,3
60938,60966,60980,14,28
60938,60941,60981,40,3
60938,60942,60981,39,4
60938,60942,60983,41,4
60938,60942,60987,45,4
60938,60942,60987,45,4
60938,60942,60987,45,4
60938,60942,60987,45,4
60938,60942,60988,46,4
60938,60943,60987,44,5
60938,60943,60988,45,5
60938,60942,60989,47,4
60938,60943,60989,46,5
60938,60943,60989,46,5
60938,60943,60990,47,5
60938,60942,60990,48,4
60938,60943,60989,46,5
60938,60943,60989,46,5
60938,60943,60995,52,5
60938,60943,60997,54,5
60938,60955,60999,44,17
60938,60955,61000,45,17
60938,60957,61000,43,19
60938,60963,61001,38,25
60938,60945,61002,57,7
60938,60959,61002,43,21
60938,60956,61002,46,18
59330,59488,61026,1538,158
61026,61026,61029,3,0
61026,61026,61029,3,0
61026,61026,61029,3,0
61026,61026,61029,3,0
61026,61026,61029,3,0
61026,61026,61030,4,0
61026,61026,61030,4,0
61026,61026,61030,4,0
61026,61026,61030,4,0
61026,61026,61029,3,0
61026,61026,61029,3,0
61026,61026,61029,3,0
61026,61026,61029,3,0
61026,61026,61029,3,0
61026,61026,61029,3,0
61026,61026,61030,4,0
61026,61026,61030,4,0
61026,61026,61030,4,0
61026,61027,61030,3,1
61026,61026,61030,4,0
61026,61026,61030,4,0
61026,61026,61032,6,0
61026,61026,61038,12,0
61026,61026,61039,13,0
61026,61026,61042,16,0
59665,59665,61043,1378,0
61026,61026,61044,18,0
61026,61026,61045,19,0
61026,61026,61048,22,0
61026,61026,61053,27,0
61026,61026,61053,27,0
61026,61026,61054,28,0
61026,61026,61053,27,0
61026,61026,61054,28,0
61026,61053,61056,3,27
61026,61054,61056,2,28
61026,61054,61055,1,28
61026,61055,61056,1,29
61026,61053,61057,4,27
61026,61056,61058,2,30
61026,61056,61058,2,30
61026,61026,61058,32,0
61026,61056,61057,1,30
61026,61026,61058,32,0
61026,61056,61058,2,30
61026,61026,61059,33,0
61026,61058,61060,2,32
61026,61059,61060,1,33
61026,61058,61059,1,32
61026,61058,61059,1,32
61026,61059,61061,2,33
61026,61029,61061,32,3
61026,61058,61061,3,32
61026,61059,61062,3,33
61026,61030,61067,37,4
61026,61029,61067,38,3
61026,61029,61070,41,3
61026,61030,61070,40,4
61026,61048,61070,22,22
61026,61029,61071,42,3
61026,61030,61072,42,4
61026,61029,61074,45,3
61026,61030,61074,44,4
61026,61030,61075,45,4
61026,61031,61075,44,5
61026,61031,61076,45,5
61026,61030,61076,46,4
61026,61031,61076,45,5
61026,61030,61077,47,4
61026,61031,61077,46,5
61026,61030,61077,47,4
61026,61031,61078,47,5
61026,61031,61078,47,5
61026,61046,61080,34,20
61043,61043,61082,39,0
61043,61043,61083,40,0
61043,61043,61083,40,0
61043,61043,61084,41,0
61026,61038,61084,46,12
61043,61043,61085,42,0
61043,61043,61084,41,0
61043,61043,61085,42,0
61043,61043,61085,42,0
61043,61043,61085,42,0
61026,61031,61085,54,5
61026,61031,61086,55,5
61043,61043,61086,43,0
61043,61043,61086,43,0
61026,61039,61086,47,13
61043,61043,61086,43,0
61026,61042,61086,44,16
61043,61043,61086,43,0
61043,61043,61086,43,0
61043,61043,61086,43,0
61026,61045,61088,43,19
61043,61043,61088,45,0
61026,61033,61092,59,7
59455,59741,61108,1367,286
61109,61109,61111,2,0
61109,61109,61112,3,0
61109,61109,61112,3,0
61109,61109,61112,3,0
61109,61109,61112,3,0
61109,61109,61112,3,0
61109,61109,61112,3,0
61109,61109,61112,3,0
61109,61109,61112,3,0
61109,61109,61112,3,0
61109,61109,61112,3,0
61109,61109,61112,3,0
61109,61109,61113,4,0
61109,61109,61112,3,0
61109,61109,61112,3,0
61109,61109,61112,3,0
61109,61109,61112,3,0
61109,61109,61112,3,0
61109,61109,61112,3,0
61109,61109,61112,3,0
61109,61109,61112,3,0
61109,61109,61117,8,0
61109,61109,61122,13,0
61043,61083,61124,41,40
61043,61083,61125,42,40
61043,61082,61125,43,39
61043,61085,61126,41,42
61043,61085,61126,41,42
61043,61084,61127,43,41
61043,61088,61128,40,45
61043,61085,61128,43,42
61043,61086,61127,41,43
61043,61085,61128,43,42
61043,61127,61129,2,84
61043,61128,61130,2,85
61043,61128,61130,2,85
61043,61085,61129,44,42
61043,61128,61130,2,85
61043,61128,61130,2,85
61043,61089,61131,42,46
61043,61087,61130,43,44
61109,61109,61130,21,0
61043,61087,61130,43,44
61109,61109,61130,21,0
61043,61129,61130,1,86
61043,61087,61131,44,44
61109,61109,61132,23,0
61043,61130,61131,1,87
61043,61087,61133,46,44
61043,61131,61132,1,88
61043,61126,61133,7,83
61043,61130,61132,2,87
61043,61130,61132,2,87
61043,61131,61132,1,88
61043,61130,61132,2,87
61043,61130,61132,2,87
61109,61109,61133,24,0
61109,61113,61134,21,4
61109,61109,61134,25,0
61043,61132,61133,1,89
61043,61131,61133,2,88
61043,61132,61133,1,89
61043,61132,61134,2,89
61043,61133,61134,1,90
61109,61112,61136,24,3
61109,61109,61135,26,0
61109,61109,61135,26,0
61109,61134,61137,3,25
61109,61134,61137,3,25
61109,61136,61138,2,27
61109,61137,61138,1,28
61109,61113,61137,24,4
61109,61109,61138,29,0
61109,61136,61139,3,27
61043,61133,61139,6,90
61109,61137,61139,2,28
61109,61137,61139,2,28
61109,61113,61140,27,4
61109,61138,61140,2,29
61109,61109,61140,31,0
61109,61138,61140,2,29
61109,61109,61141,32,0
61109,61138,61140,2,29
61109,61138,61141,3,29
61109,61139,61141,2,30
61109,61139,61142,3,30
61109,61140,61142,2,31
61109,61140,61143,3,31
61109,61112,61143,31,3
61109,61140,61143,3,31
61109,61109,61143,34,0
61109,61112,61143,31,3
61109,61109,61143,34,0
61109,61109,61144,35,0
61109,61111,61144,33,2
61109,61113,61145,32,4
61109,61113,61145,32,4
61109,61109,61146,37,0
61109,61113,61146,33,4
61109,61134,61147,13,25
61109,61113,61148,35,4
61109,61112,61150,38,3
61109,61112,61150,38,3
61109,61113,61151,38,4
61109,61112,61153,41,3
61109,61113,61152,39,4
61109,61113,61155,42,4
61109,61113,61158,45,4
61109,61132,61159,27,23
61109,61122,61159,37,13
61109,61113,61161,48,4
61109,61113,61162,49,4
61043,61126,61163,37,83
61043,61125,61165,40,82
61043,61125,61166,41,82
61043,61133,61166,33,90
61043,61133,61167,34,90
61109,61113,61167,54,4
61043,61124,61169,45,81
61043,61133,61171,38,90
61043,61134,61173,39,91
61043,61135,61173,38,92
61109,61117,61173,56,8
61109,61132,61174,42,23
61043,61133,61174,41,90
61043,61133,61174,41,90
61043,61134,61175,41,91
61043,61133,61174,41,90
61043,61134,61174,40,91
61109,61131,61177,46,22
61043,61135,61179,44,92
61043,61139,61180,41,96
61043,61166,61204,38,123
61043,61165,61205,40,122
61043,61166,61205,39,123
61043,61167,61208,41,124
61043,61169,61210,41,126
61043,61173,61211,38,130
61043,61163,61213,50,120
61043,61171,61213,42,128
61043,61173,61215,42,130
61043,61174,61215,41,131
61043,61174,61216,42,131
61043,61175,61215,40,132
59497,59925,61260,1335,428
61262,61262,61264,2,0
61262,61262,61264,2,0
61262,61262,61265,3,0
61262,61262,61265,3,0
61262,61262,61265,3,0
61262,61262,61265,3,0
61262,61262,61265,3,0
61262,61262,61265,3,0
61262,61262,61265,3,0
61262,61262,61265,3,0
61262,61262,61266,4,0
61262,61262,61266,4,0
61262,61262,61265,3,0
61262,61262,61265,3,0
61262,61262,61265,3,0
61262,61262,61265,3,0
61262,61262,61265,3,0
61262,61262,61265,3,0
61262,61262,61265,3,0
61262,61262,61265,3,0
61262,61262,61265,3,0
61262,61262,61269,7,0
61262,61262,61277,15,0
59484,59839,61277,1438,355
61262,61262,61283,21,0
61262,61262,61284,22,0
61262,61262,61285,23,0
61262,61262,61286,24,0
61262,61262,61288,26,0
61262,61262,61289,27,0
61262,61262,61290,28,0
61262,61288,61290,2,26
61262,61286,61290,4,24
61262,61290,61291,1,28
61262,61262,61292,30,0
61262,61290,61292,2,28
61262,61290,61292,2,28
61262,61262,61293,31,0
61262,61290,61293,3,28
61262,61291,61293,2,29
61262,61292,61294,2,30
61262,61292,61294,2,30
61262,61262,61294,32,0
61262,61292,61294,2,30
61262,61293,61295,2,31
61262,61293,61295,2,31
61262,61293,61296,3,31
61262,61262,61296,34,0
61262,61294,61296,2,32
61262,61264,61297,33,2
61262,61294,61297,3,32
61262,61262,61297,35,0
61262,61264,61298,34,2
61262,61262,61297,35,0
61262,61262,61300,38,0
61262,61265,61302,37,3
61262,61265,61303,38,3
61277,61302,61305,3,25
61277,61303,61305,2,26
61262,61265,61305,40,3
61262,61266,61307,41,4
61262,61262,61306,44,0
61262,61266,61306,40,4
61277,61305,61307,2,28
61277,61305,61308,3,28
61262,61266,61308,42,4
61262,61265,61308,43,3
61277,61305,61308,3,28
61277,61307,61310,3,30
61262,61266,61309,43,4
61277,61308,61310,2,31
61277,61307,61309,2,30
61262,61266,61311,45,4
61277,61307,61310,3,30
61277,61307,61310,3,30
61277,61309,61311,2,32
61262,61265,61311,46,3
61262,61265,61310,45,3
61277,61308,61310,2,31
61262,61266,61310,44,4
61277,61309,61311,2,32
61277,61301,61312,11,24
61277,61310,61313,3,33
61277,61310,61313,3,33
61262,61266,61312,46,4
61277,61310,61313,3,33
61262,61266,61313,47,4
61262,61266,61312,46,4
61277,61310,61312,2,33
61277,61311,61313,2,34
61277,61311,61314,3,34
61277,61311,61314,3,34
61262,61266,61314,48,4
61262,61266,61315,49,4
61277,61311,61314,3,34
61262,61266,61315,49,4
61277,61311,61317,6,34
61262,61266,61318,52,4
61262,61269,61317,48,7
61277,61298,61320,22,21
61277,61295,61320,25,18
61277,61297,61322,25,20
61277,61295,61321,26,18
61277,61296,61323,27,19
61262,61277,61324,47,15
61262,61285,61325,40,23
61277,61296,61325,29,19
61277,61295,61325,30,18
61277,61298,61324,26,21
61262,61277,61325,48,15
61277,61325,61327,2,48
61277,61297,61328,31,20
61277,61325,61327,2,48
61277,61326,61328,2,49
61277,61294,61328,34,17
61277,61325,61327,2,48
61277,61327,61329,2,50
61277,61297,61329,32,20
61262,61284,61329,45,22
61277,61311,61329,18,34
61277,61328,61330,2,51
61277,61328,61330,2,51
61277,61328,61330,2,51
61277,61329,61331,2,52
61277,61328,61330,2,51
61277,61328,61331,3,51
61277,61329,61331,2,52
61277,61329,61331,2,52
61277,61329,61332,3,52
61277,61330,61332,2,53
61277,61330,61333,3,53
61262,61283,61334,51,21
61277,61296,61342,46,19
61277,61312,61345,33,35
61277,61311,61345,34,34
61277,61325,61347,22,48
61277,61311,61349,38,34
61277,61313,61350,37,36
61277,61312,61351,39,35
61277,61314,61352,38,37
61277,61315,61353,38,38
61277,61313,61354,41,36
61277,61313,61355,42,36
61277,61314,61355,41,37
61277,61313,61355,42,36
61277,61314,61358,44,37
61277,61313,61359,46,36
61277,61314,61359,45,37
61277,61316,61358,42,39
61277,61313,61359,46,36
61277,61317,61361,44,40
61277,61313,61361,48,36
61277,61320,61362,42,43
61277,61315,61363,48,38
61277,61324,61364,40,47
61277,61318,61365,47,41
61277,61320,61365,45,43
61277,61322,61365,43,45
61277,61323,61367,44,46
61277,61322,61367,45,45
61277,61318,61371,53,41
59430,59652,61570,1918,222
61572,61572,61574,2,0
61572,61572,61573,1,0
61572,61572,61574,2,0
61572,61572,61575,3,0
61572,61572,61574,2,0
61572,61572,61575,3,0
61572,61572,61575,3,0
61572,61572,61575,3,0
61572,61572,61575,3,0
61572,61572,61575,3,0
61572,61572,61575,3,0
61572,61572,61575,3,0
61572,61572,61575,3,0
61572,61572,61575,3,0
61572,61572,61575,3,0
61572,61572,61576,4,0
61572,61572,61575,3,0
61572,61572,61575,3,0
61572,61572,61575,3,0
61572,61572,61575,3,0
61572,61572,61575,3,0
61572,61572,61575,3,0
61572,61572,61575,3,0
61572,61575,61577,2,3
61572,61575,61578,3,3
61572,61572,61580,8,0
61572,61578,61581,3,6
61572,61580,61582,2,8
61572,61572,61583,11,0
61572,61582,61584,2,10
61572,61581,61584,3,9
61572,61583,61586,3,11
61572,61584,61586,2,12
61572,61584,61585,1,12
61572,61587,61588,1,15
61572,61586,61589,3,14
61572,61586,61589,3,14
61572,61588,61590,2,16
61572,61572,61591,19,0
61572,61589,61591,2,17
61572,61589,61592,3,17
61572,61590,61593,3,18
61572,61591,61593,2,19
61572,61577,61594,17,5
61572,61591,61594,3,19
61572,61572,61596,24,0
61572,61572,61597,25,0
61572,61572,61597,25,0
61572,61572,61599,27,0
61572,61572,61600,28,0
61572,61572,61600,28,0
61572,61572,61601,29,0
61572,61572,61603,31,0
61572,61572,61605,33,0
61572,61572,61606,34,0
61572,61574,61607,33,2
61572,61574,61608,34,2
61572,61572,61608,36,0
61572,61572,61609,37,0
61572,61572,61611,39,0
61572,61575,61611,36,3
61572,61574,61613,39,2
61572,61575,61613,38,3
61572,61576,61616,40,4
61572,61575,61618,43,3
61572,61572,61619,47,0
61572,61576,61619,43,4
61572,61575,61619,44,3
61572,61575,61620,45,3
61572,61575,61620,45,3
61572,61575,61622,47,3
61572,61576,61624,48,4
61572,61576,61624,48,4
61572,61576,61624,48,4
61572,61576,61625,49,4
61572,61576,61626,50,4
61572,61576,61628,52,4
61572,61576,61628,52,4
61572,61576,61628,52,4
61572,61576,61630,54,4
61650,61650,62617,967,0
62617,62617,62634,17,0
62617,62617,62635,18,0
62617,62617,62635,18,0
62617,62617,62636,19,0
62617,62617,62640,23,0
62617,62617,62641,24,0
62617,62617,62642,25,0
62617,62617,62642,25,0
62617,62617,62642,25,0
62617,62617,62643,26,0
62617,62617,62644,27,0
62617,62617,62646,29,0
62617,62617,62647,30,0
62617,62617,62648,31,0
62617,62617,62648,31,0
62617,62617,62655,38,0
62617,62635,62667,32,18
62617,62635,62668,33,18
62617,62636,62671,35,19
62617,62634,62671,37,17
62617,62640,62677,37,23
62617,62642,62679,37,25
62617,62641,62680,39,24
62617,62643,62681,38,26
62617,62647,62681,34,30
62617,62644,62681,37,27
62617,62642,62682,40,25
62617,62643,62682,39,26
62617,62683,62685,2,66
62617,62648,62686,38,31
62617,62685,62686,1,68
62617,62649,62688,39,32
62617,62686,62687,1,69
62617,62682,62688,6,65
62617,62687,62689,2,70
62617,62646,62688,42,29
62617,62688,62690,2,71
62617,62688,62690,2,71
62617,62689,62690,1,72
62617,62690,62691,1,73
62617,62689,62690,1,72
62617,62690,62691,1,73
62617,62690,62692,2,73
62617,62691,62693,2,74
62617,62691,62694,3,74
62617,62691,62693,2,74
62617,62691,62694,3,74
62617,62692,62697,5,75
62617,62655,62697,42,38
62617,62693,62701,8,76
62617,62667,62703,36,50
62617,62694,62705,11,77
62617,62671,62706,35,54
62617,62668,62708,40,51
62617,62681,62709,28,64
62617,62677,62712,35,60
62617,62671,62713,42,54
62617,62681,62715,34,64
62617,62679,62715,36,62
62617,62694,62716,22,77
62617,62695,62718,23,78
62617,62681,62719,38,64
62617,62680,62720,40,63
62617,62698,62726,28,81
62617,62697,62727,30,80
62617,62701,62735,34,84
62617,62706,62739,33,89
62617,62703,62739,36,86
62617,62706,62742,36,89
62617,62715,62743,28,98
62617,62708,62744,36,91
62617,62709,62745,36,92
62617,62712,62746,34,95
62617,62713,62748,35,96
62617,62716,62750,34,99
62617,62717,62754,37,100
62617,62718,62755,37,101
62617,62719,62754,35,102
62617,62720,62757,37,103
62617,62726,62759,33,109
64198,64199,65489,1290,1
65489,65489,65500,11,0
65489,65489,65501,12,0
65489,65489,65501,12,0
65489,65490,65503,13,1
65489,65489,65503,14,0
65489,65489,65505,16,0
65489,65489,65506,17,0
65489,65489,65506,17,0
65489,65489,65506,17,0
65489,65489,65508,19,0
65489,65489,65507,18,0
65489,65489,65510,21,0
65489,65489,65510,21,0
65489,65489,65513,24,0
65489,65489,65514,25,0
65489,65489,65516,27,0
65489,65489,65517,28,0
65489,65489,65517,28,0
65489,65489,65519,30,0
65489,65489,65520,31,0
65489,65489,65519,30,0
65489,65489,65524,35,0
65489,65489,65525,36,0
65489,65489,65527,38,0
65489,65489,65528,39,0
65489,65489,65532,43,0
65489,65500,65534,34,11
65489,65489,65536,47,0
65489,65489,65536,47,0
65489,65489,65539,50,0
65489,65501,65539,38,12
65489,65489,65540,51,0
65489,65501,65550,49,12
65489,65506,65553,47,17
65489,65506,65553,47,17
65489,65508,65554,46,19
65489,65503,65554,51,14
65489,65503,65562,59,14
65489,65510,65562,52,21
64201,64201,65562,1361,0
65489,65505,65563,58,16
65489,65517,65565,48,28
65489,65506,65566,60,17
65489,65508,65566,58,19
65489,65514,65568,54,25
64208,64208,65572,1364,0
65489,65524,65573,49,35
65489,65520,65574,54,31
65489,65510,65573,63,21
65489,65517,65574,57,28
65489,65513,65574,61,24
65489,65525,65577,52,36
65489,65519,65577,58,30
65489,65528,65578,50,39
65489,65516,65579,63,27
65489,65520,65579,59,31
65489,65527,65582,55,38
65489,65532,65586,54,43
65489,65536,65588,52,47
65489,65534,65596,62,45
65489,65536,65597,61,47
65562,65577,65600,23,15
65489,65539,65601,62,50
65489,65539,65601,62,50
65562,65578,65603,25,16
65489,65554,65603,49,65
65489,65562,65605,43,73
65562,65576,65608,32,14
65562,65608,65611,3,46
65562,65605,65612,7,43
65489,65562,65612,50,73
65562,65577,65613,36,15
65489,65565,65613,48,76
65562,65611,65614,3,49
65562,65612,65614,2,50
65562,65612,65613,1,50
65562,65613,65615,2,51
65489,65554,65614,60,65
65562,65614,65616,2,52
65562,65579,65616,37,17
65489,65554,65616,62,65
65562,65614,65616,2,52
65562,65614,65616,2,52
65489,65553,65616,63,64
65562,65615,65617,2,53
65562,65613,65616,3,51
65562,65616,65618,2,54
65562,65582,65617,35,20
65562,65615,65617,2,53
65562,65616,65617,1,54
65562,65616,65618,2,54
65562,65616,65618,2,54
65562,65616,65619,3,54
65562,65579,65620,41,17
65489,65572,65620,48,83
65489,65562,65621,59,73
65489,65568,65621,53,79
65489,65574,65621,47,85
65489,65573,65622,49,84
65489,65567,65622,55,78
65489,65563,65624,61,74
65489,65540,65624,84,51
65562,65588,65625,37,26
65562,65586,65624,38,24
65489,65551,65625,74,62
65562,65603,65625,22,41
65489,65566,65627,61,77
65562,65617,65629,12,55
64200,64200,65629,1429,0
65562,65597,65630,33,35
65489,65574,65630,56,85
65562,65597,65633,36,35
65562,65600,65634,34,38
65489,65574,65635,61,85
65562,65601,65637,36,39
65562,65601,65639,38,39
65562,65603,65639,36,41
65562,65617,65642,25,55
64199,64199,65648,1449,0
65562,65618,65652,34,56
65562,65618,65657,39,56
65562,65617,65659,42,55
65562,65618,65659,41,56
65562,65621,65662,41,59
65562,65620,65663,43,58
64207,64207,65665,1458,0
65562,65618,65666,48,56
65562,65622,65666,44,60
65562,65619,65668,49,57
65562,65619,65667,48,57
65562,65621,65668,47,59
65562,65619,65669,50,57
65562,65625,65669,44,63
65562,65629,65671,42,67
65562,65624,65673,49,62
65562,65624,65675,51,62
65562,65629,65677,48,67
65562,65621,65677,56,59
65562,65668,65677,9,106
65562,65625,65677,52,63
65562,65620,65678,58,58
65562,65625,65679,54,63
65562,65625,65679,54,63
65562,65627,65679,52,65
65562,65622,65681,59,60
65562,65643,65682,39,81
65562,65639,65682,43,77
65562,65634,65682,48,72
65562,65639,65688,49,77
65562,65630,65689,59,68
65562,65630,65689,59,68
65562,65648,65690,42,86
65572,65690,65692,2,118
65572,65689,65692,3,117
65562,65633,65692,59,71
65572,65689,65692,3,117
65572,65688,65693,5,116
65562,65668,65694,26,106
65562,65652,65694,42,90
65572,65692,65693,1,120
65562,65637,65693,56,75
65572,65692,65694,2,120
65572,65692,65695,3,120
65562,65635,65695,60,73
65572,65692,65695,3,120
65572,65693,65695,2,121
65572,65668,65696,28,96
65562,65657,65696,39,95
65572,65694,65696,2,122
65572,65694,65696,2,122
65572,65694,65696,2,122
65572,65694,65698,4,122
65572,65694,65699,5,122
65572,65669,65699,30,97
65562,65662,65700,38,100
65572,65671,65701,30,99
65562,65659,65702,43,97
65572,65695,65704,9,123
65562,65663,65705,42,101
65562,65659,65706,47,97
65562,65665,65706,41,103
65562,65666,65707,41,104
65572,65673,65710,37,101
65572,65677,65710,33,105
65572,65682,65710,28,110
65572,65682,65711,29,110
65572,65682,65711,29,110
65572,65669,65711,42,97
65572,65679,65713,34,107
65562,65666,65713,47,104
65572,65677,65712,35,105
65572,65713,65716,3,141
65572,65713,65716,3,141
65572,65713,65716,3,141
65572,65675,65718,43,103
65572,65695,65717,22,123
65572,65716,65719,3,144
65572,65680,65719,39,108
65572,65716,65719,3,144
65572,65711,65720,9,139
65572,65681,65720,39,109
65572,65677,65721,44,105
65572,65680,65722,42,108
65572,65678,65723,45,106
65572,65677,65724,47,105
65572,65716,65729,13,144
65572,65696,65729,33,124
65572,65695,65731,36,123
65572,65696,65731,35,124
65572,65696,65731,35,124
65572,65731,65734,3,159
65572,65695,65735,40,123
65572,65696,65736,40,124
65572,65702,65737,35,130
65572,65731,65738,7,159
65572,65732,65737,5,160
65572,65700,65739,39,128
65572,65696,65739,43,124
65572,65701,65741,40,129
65572,65699,65740,41,127
65572,65706,65742,36,134
65572,65698,65743,45,126
65572,65705,65744,39,133
65572,65699,65747,48,127
65572,65707,65747,40,135
65572,65711,65748,37,139
65572,65710,65750,40,138
65572,65711,65752,41,139
65572,65706,65752,46,134
65630,65734,65752,18,104
65572,65710,65753,43,138
65572,65704,65753,49,132
65630,65752,65754,2,122
65630,65752,65754,2,122
65630,65752,65754,2,122
65630,65753,65755,2,123
65630,65753,65754,1,123
65630,65754,65756,2,124
65572,65729,65756,27,157
65630,65754,65755,1,124
65630,65755,65757,2,125
65630,65754,65757,3,124
65572,65710,65758,48,138
65630,65755,65758,3,125
65630,65756,65758,2,126
65630,65756,65757,1,126
65630,65757,65758,1,127
65630,65757,65759,2,127
65572,65719,65759,40,147
65630,65757,65760,3,127
65630,65736,65761,25,106
65630,65750,65761,11,120
65630,65758,65761,3,128
65572,65720,65762,42,148
65572,65719,65762,43,147
65572,65719,65762,43,147
65572,65718,65761,43,146
65630,65738,65762,24,108
65572,65723,65763,40,151
65572,65720,65763,43,148
65572,65725,65764,39,153
65572,65718,65765,47,146
65630,65735,65765,30,105
65572,65729,65766,37,157
65630,65739,65767,28,109
65572,65721,65768,47,149
65630,65738,65768,30,108
65572,65722,65769,47,150
65630,65741,65770,29,111
65630,65737,65771,34,107
65630,65741,65772,31,111
65630,65742,65773,31,112
65630,65758,65776,18,128
65630,65758,65778,20,128
65630,65749,65781,32,119
65630,65744,65782,38,114
65630,65739,65782,43,109
65630,65747,65783,36,117
65630,65758,65785,27,128
65630,65747,65786,39,117
65630,65743,65787,44,113
65630,65759,65792,33,129
65630,65758,65799,41,128
65630,65761,65803,42,131
65630,65761,65803,42,131
65630,65759,65804,45,129
65630,65762,65805,43,132
65630,65761,65806,45,131
65630,65762,65810,48,132
65630,65768,65813,45,138
65630,65760,65813,53,130
65630,65770,65813,43,140
65630,65767,65814,47,137
65630,65762,65814,52,132
65630,65762,65815,53,132
65630,65765,65816,51,135
65630,65764,65816,52,134
65630,65765,65817,52,135
65630,65764,65817,53,134
65630,65762,65818,56,132
65630,65766,65818,52,136
65630,65772,65820,48,142
65630,65769,65821,52,139
65630,65773,65821,48,143
65630,65772,65820,48,142
65630,65763,65822,59,133
65648,65813,65822,9,165
65630,65783,65824,41,153
65630,65778,65824,46,148
65630,65768,65825,57,138
65630,65785,65826,41,155
65630,65781,65828,47,151
65648,65826,65828,2,178
65648,65825,65829,4,177
65648,65828,65830,2,180
65648,65824,65830,6,176
65630,65782,65830,48,152
65648,65829,65831,2,181
65648,65813,65831,18,165
65630,65813,65832,19,183
65648,65830,65832,2,182
65648,65830,65832,2,182
65648,65829,65832,3,181
65648,65814,65832,18,166
65648,65831,65833,2,183
65630,65787,65834,47,157
65630,65782,65834,52,152
65648,65831,65833,2,183
65648,65831,65833,2,183
65630,65776,65834,58,146
65648,65832,65834,2,184
65648,65832,65836,4,184
65630,65793,65838,45,163
65630,65786,65838,52,156
65648,65814,65838,24,166
65648,65832,65838,6,184
65630,65799,65842,43,169
65648,65815,65842,27,167
65630,65803,65843,40,173
65630,65803,65844,41,173
65648,65817,65845,28,169
65648,65824,65843,19,176
65648,65820,65845,25,172
65648,65817,65846,29,169
65630,65805,65847,42,175
65648,65832,65850,18,184
65648,65817,65851,34,169
65648,65822,65854,32,174
65630,65804,65855,51,174
65648,65817,65855,38,169
65630,65810,65856,46,180
65648,65818,65857,39,170
65630,65806,65861,55,176
65648,65821,65862,41,173
65648,65823,65863,40,175
65648,65818,65863,45,170
65648,65833,65866,33,185
65648,65821,65870,49,173
65648,65822,65871,49,174
65648,65833,65872,39,185
65648,65834,65881,47,186
65648,65834,65882,48,186
65648,65835,65883,48,187
65648,65836,65883,47,188
65648,65834,65887,53,186
65648,65838,65888,50,190
65648,65835,65889,54,187
65648,65839,65889,50,191
65648,65842,65891,49,194
65648,65834,65890,56,186
65648,65844,65892,48,196
65648,65845,65891,46,197
65648,65845,65893,48,197
65648,65838,65894,56,190
65648,65844,65895,51,196
65648,65847,65897,50,199
65648,65838,65898,60,190
65648,65845,65900,55,197
65648,65854,65901,47,206
65648,65842,65901,59,194
65648,65846,65903,57,198
65648,65851,65905,54,203
65648,65850,65909,59,202
65648,65855,65914,59,207
65665,65902,65915,13,237
65648,65866,65915,49,218
65648,65870,65916,46,222
65665,65893,65918,25,228
65665,65892,65919,27,227
65665,65898,65919,21,233
65648,65855,65921,66,207
65665,65919,65920,1,254
65665,65919,65922,3,254
65648,65872,65922,50,224
65665,65903,65922,19,238
65665,65921,65923,2,256
65665,65921,65923,2,256
65665,65892,65924,32,227
65665,65895,65924,29,230
65665,65922,65924,2,257
65665,65922,65923,1,257
65665,65923,65925,2,258
65665,65922,65925,3,257
65665,65897,65925,28,232
65665,65923,65925,2,258
65665,65924,65926,2,259
65665,65900,65926,26,235
65665,65924,65925,1,259
65665,65918,65925,7,253
65665,65924,65927,3,259
65665,65901,65927,26,236
65665,65925,65926,1,260
65665,65924,65926,2,259
65665,65925,65927,2,260
65665,65925,65927,2,260
65648,65857,65927,70,209
65648,65881,65927,46,233
65648,65863,65928,65,215
65648,65863,65929,66,215
65648,65891,65928,37,243
65648,65856,65931,75,208
65648,65882,65931,49,234
65665,65894,65931,37,229
65648,65890,65932,42,242
65648,65883,65931,48,235
65648,65884,65931,47,236
65648,65871,65934,63,223
65648,65888,65934,46,240
65648,65862,65935,73,214
65665,65916,65936,20,251
65648,65891,65936,45,243
65665,65925,65939,14,260
65665,65936,65940,4,271
65665,65938,65941,3,273
65648,65887,65941,54,239
65648,65862,65942,80,214
65665,65939,65944,5,274
65665,65915,65944,29,250
65665,65914,65945,31,249
65665,65935,65946,11,270
65665,65905,65945,40,240
65648,65889,65946,57,241
65665,65909,65948,39,244
65665,65915,65949,34,250
65665,65940,65950,10,275
65665,65926,65950,24,261
65665,65934,65956,22,269
65665,65926,65959,33,261
65665,65926,65959,33,261
65665,65927,65962,35,262
65665,65927,65962,35,262
65665,65959,65963,4,294
65665,65926,65963,37,261
65665,65927,65963,36,262
65665,65928,65965,37,263
65665,65927,65966,39,262
65665,65927,65965,38,262
65665,65929,65969,40,264
65665,65928,65969,41,263
65665,65928,65970,42,263
65665,65927,65970,43,262
65665,65941,65970,29,276
65665,65933,65971,38,268
65665,65962,65970,8,297
65665,65932,65973,41,267
65665,65932,65973,41,267
65665,65944,65975,31,279
65665,65929,65975,46,264
65665,65931,65976,45,266
65665,65959,65975,16,294
65665,65931,65979,48,266
65665,65950,65982,32,285
65665,65934,65984,50,269
65665,65931,65986,55,266
65665,65941,65986,45,276
65665,65945,65986,41,280
65665,65950,65985,35,285
65665,65949,65987,38,284
65665,65957,65986,29,292
65665,65946,65989,43,281
65665,65947,65989,42,282
65665,65947,65989,42,282
65665,65948,65990,42,283
65665,65944,65991,47,279
65665,65942,65992,50,277
64204,64204,66087,1883,0
66087,66087,66090,3,0
66087,66087,66090,3,0
66087,66087,66090,3,0
66087,66088,66091,3,1
66087,66088,66091,3,1
66087,66087,66091,4,0
66087,66087,66090,3,0
66087,66087,66091,4,0
66087,66087,66091,4,0
66087,66087,66091,4,0
66087,66087,66092,5,0
66087,66087,66092,5,0
66087,66087,66091,4,0
66087,66087,66091,4,0
66087,66088,66091,3,1
66087,66087,66091,4,0
66087,66087,66093,6,0
66087,66087,66104,17,0
66087,66088,66109,21,1
66087,66087,66116,29,0
66087,66087,66118,31,0
66087,66087,66118,31,0
66087,66087,66119,32,0
66087,66088,66119,31,1
64203,64203,66120,1917,0
66087,66087,66120,33,0
66087,66087,66120,33,0
66087,66087,66120,33,0
66087,66087,66119,32,0
66087,66087,66119,32,0
66087,66087,66120,33,0
66087,66087,66120,33,0
66087,66087,66122,35,0
66087,66087,66121,34,0
64205,64205,66122,1917,0
66087,66087,66123,36,0
66087,66087,66124,37,0
66087,66087,66124,37,0
66087,66090,66129,39,3
66087,66091,66130,39,4
66087,66090,66131,41,3
66087,66120,66135,15,33
66087,66094,66135,41,7
66087,66091,66136,45,4
66087,66091,66138,47,4
66087,66091,66138,47,4
66087,66092,66139,47,5
66087,66135,66140,5,48
66087,66091,66141,50,4
66087,66092,66141,49,5
66087,66090,66142,52,3
66087,66092,66142,50,5
66087,66136,66142,6,49
66087,66091,66143,52,4
66087,66092,66142,50,5
66087,66091,66143,52,4
66087,66092,66143,51,5
66087,66092,66146,54,5
66087,66135,66145,10,48
66087,66120,66149,29,33
66087,66104,66154,50,17
66087,66122,66157,35,35
66087,66109,66157,48,22
66120,66157,66159,2,37
66120,66157,66159,2,37
66087,66121,66161,40,34
66087,66122,66161,39,35
66087,66120,66161,41,33
66120,66159,66160,1,39
66087,66118,66162,44,31
66120,66159,66162,3,39
66087,66120,66161,41,33
66087,66124,66163,39,37
66120,66161,66162,1,41
66120,66161,66163,2,41
66087,66123,66163,40,36
66120,66161,66162,1,41
66087,66119,66162,43,32
66120,66161,66163,2,41
66120,66162,66164,2,42
66087,66124,66164,40,37
66120,66162,66163,1,42
66120,66154,66165,11,34
66087,66120,66164,44,33
66120,66162,66164,2,42
66120,66163,66165,2,43
66087,66121,66165,44,34
66120,66163,66164,1,43
66120,66163,66164,1,43
66087,66122,66166,44,35
66120,66163,66165,2,43
66120,66163,66165,2,43
66087,66120,66167,47,33
66120,66139,66166,27,19
66120,66149,66167,18,29
66120,66163,66169,6,43
66120,66138,66171,33,18
66087,66116,66171,55,29
66120,66139,66171,32,19
66087,66119,66171,52,32
66087,66120,66172,52,33
66087,66129,66174,45,42
66120,66140,66176,36,20
66120,66147,66176,29,27
66087,66131,66177,46,44
66120,66141,66176,35,21
66087,66130,66177,47,43
66120,66141,66179,38,21
66120,66142,66180,38,22
66120,66142,66182,40,22
66120,66142,66183,41,22
66120,66143,66184,41,23
66120,66145,66184,39,25
66120,66143,66184,41,23
66120,66163,66187,24,43
66120,66146,66187,41,26
66120,66144,66188,44,24
64204,64204,66191,1987,0
66120,66164,66199,35,44
66120,66164,66201,37,44
66120,66164,66202,38,44
66120,66165,66205,40,45
66120,66165,66206,41,45
66120,66165,66206,41,45
66120,66166,66207,41,46
66120,66165,66208,43,45
66120,66166,66208,42,46
66120,66166,66210,44,46
66120,66167,66211,44,47
66120,66169,66211,42,49
66120,66168,66211,43,48
66120,66165,66212,47,45
66120,66206,66213,7,86
66120,66171,66214,43,51
66120,66171,66215,44,51
66120,66206,66215,9,86
66120,66167,66217,50,47
66120,66166,66218,52,46
66120,66167,66220,53,47
66120,66172,66220,48,52
66120,66171,66222,51,51
66120,66171,66223,52,51
66120,66176,66225,49,56
66123,66225,66227,2,102
66123,66223,66227,4,100
66123,66227,66228,1,104
66123,66227,66230,3,104
66120,66187,66230,43,67
66120,66177,66231,54,57
66123,66229,66231,2,106
66120,66177,66231,54,57
66120,66175,66231,56,55
66120,66184,66232,48,64
66120,66183,66232,49,63
66120,66179,66232,53,59
66123,66230,66232,2,107
66123,66231,66232,1,108
66120,66205,66232,27,85
66123,66231,66233,2,108
66120,66180,66233,53,60
66123,66232,66234,2,109
66120,66177,66234,57,57
66120,66184,66233,49,64
66123,66232,66234,2,109
66123,66231,66233,2,108
66123,66232,66234,2,109
66120,66187,66233,46,67
66123,66232,66234,2,109
66123,66232,66235,3,109
66123,66207,66235,28,84
66120,66184,66235,51,64
66123,66232,66234,2,109
66120,66191,66234,43,71
66123,66232,66234,2,109
66123,66232,66235,3,109
66120,66176,66236,60,56
66120,66199,66236,37,79
66123,66208,66237,29,85
66120,66182,66238,56,62
66120,66188,66238,50,68
66123,66209,66240,31,86
66123,66222,66240,18,99
66120,66201,66240,39,81
66123,66211,66242,31,88
66123,66210,66245,35,87
66123,66214,66246,32,91
66123,66211,66246,35,88
66123,66215,66246,31,92
66123,66233,66248,15,110
66123,66213,66249,36,90
66123,66215,66249,34,92
66123,66211,66250,39,88
66120,66202,66251,49,82
66123,66220,66254,34,97
66123,66212,66254,42,89
66123,66217,66255,38,94
66123,66220,66255,35,97
66123,66218,66256,38,95
66123,66246,66259,13,123
66123,66246,66265,19,123
66123,66233,66265,32,110
66123,66234,66266,32,111
66123,66245,66265,20,122
66123,66266,66272,6,143
66123,66235,66273,38,112
66123,66234,66273,39,111
66123,66247,66274,27,124
66123,66242,66273,31,119
66123,66234,66274,40,111
66123,66234,66274,40,111
66123,66235,66275,40,112
66123,66235,66278,43,112
66123,66272,66278,6,149
66123,66235,66278,43,112
66123,66237,66278,41,114
66123,66234,66279,45,111
66123,66234,66280,46,111
66123,66266,66281,15,143
66123,66234,66281,47,111
66123,66236,66282,46,113
66123,66240,66283,43,117
66123,66236,66283,47,113
66123,66235,66283,48,112
66123,66235,66283,48,112
66123,66235,66284,49,112
64206,64206,66284,2078,0
66123,66240,66284,44,117
66123,66235,66285,50,112
66192,66283,66286,3,91
66192,66283,66286,3,91
66123,66251,66286,35,128
66192,66285,66286,1,93
66123,66249,66286,37,126
66192,66284,66287,3,92
66192,66285,66287,2,93
66192,66284,66286,2,92
66192,66284,66286,2,92
66123,66249,66286,37,126
66123,66248,66288,40,125
66192,66286,66288,2,94
66192,66286,66288,2,94
66192,66286,66288,2,94
66192,66286,66288,2,94
66192,66287,66288,1,95
66192,66287,66289,2,95
66192,66287,66289,2,95
66192,66287,66290,3,95
66192,66283,66290,7,91
66123,66239,66291,52,116
66192,66287,66290,3,95
66123,66240,66292,52,117
66123,66238,66292,54,115
66192,66288,66293,5,96
66123,66251,66295,44,128
66123,66259,66295,36,136
66123,66254,66295,41,131
66123,66255,66297,42,132
66123,66254,66299,45,131
66123,66256,66300,44,133
66123,66265,66300,35,142
66123,66256,66301,45,133
66123,66265,66305,40,142
66192,66274,66305,31,82
66192,66273,66305,32,81
66192,66288,66305,17,96
66192,66273,66306,33,81
66192,66274,66308,34,82
66192,66274,66308,34,82
66192,66276,66308,32,84
66192,66278,66311,33,86
66192,66288,66311,23,96
66192,66281,66311,30,89
66192,66278,66314,36,86
66192,66283,66314,31,91
66192,66288,66315,27,96
66192,66290,66316,26,98
66192,66275,66316,41,83
66192,66280,66319,39,88
66192,66279,66319,40,87
66192,66278,66320,42,86
66192,66278,66319,41,86
66192,66289,66322,33,97
66192,66281,66323,42,89
66192,66289,66325,36,97
66192,66323,66328,5,131
66192,66289,66328,39,97
66192,66325,66331,6,133
66192,66288,66332,44,96
66192,66293,66333,40,101
66192,66290,66334,44,98
66192,66295,66339,44,103
66192,66289,66339,50,97
66192,66292,66340,48,100
66192,66293,66341,48,101
66192,66322,66341,19,130
66192,66291,66341,50,99
66192,66300,66343,43,108
66192,66291,66344,53,99
66192,66295,66344,49,103
66192,66299,66347,48,107
66192,66295,66348,53,103
66192,66297,66348,51,105
66192,66305,66349,44,113
66192,66300,66350,50,108
66192,66306,66351,45,114
66192,66309,66351,42,117
66192,66308,66352,44,116
66192,66311,66352,41,119
66192,66302,66352,50,110
66192,66315,66351,36,123
66285,66349,66351,2,64
66285,66348,66353,5,63
66285,66352,66354,2,67
66192,66306,66354,48,114
66285,66351,66353,2,66
66285,66351,66353,2,66
66285,66352,66353,1,67
66285,66351,66353,2,66
66192,66314,66355,41,122
66192,66311,66355,44,119
66285,66352,66355,3,67
66285,66353,66355,2,68
66285,66353,66354,1,68
66285,66353,66354,1,68
66285,66354,66355,1,69
66285,66354,66355,1,69
66285,66354,66355,1,69
66285,66354,66356,2,69
66285,66354,66357,3,69
66192,66314,66356,42,122
66285,66354,66358,4,69
66192,66311,66358,47,119
66192,66305,66359,54,113
66285,66331,66360,29,46
66192,66316,66361,45,124
66192,66308,66360,52,116
66285,66328,66364,36,43
66192,66316,66364,48,124
66192,66306,66365,59,114
66285,66348,66366,18,63
66285,66355,66366,11,70
66192,66319,66366,47,127
66285,66333,66366,33,48
66285,66329,66367,38,44
66192,66320,66368,48,128
66285,66334,66370,36,49
66192,66320,66370,50,128
66285,66339,66371,32,54
66192,66319,66371,52,127
66285,66343,66371,28,58
66285,66333,66372,39,48
66285,66341,66373,32,56
66285,66341,66376,35,56
66285,66368,66377,9,83
66285,66340,66377,37,55
66285,66344,66378,34,59
66285,66341,66379,38,56
66285,66347,66379,32,62
66285,66370,66379,9,85
66285,66339,66379,40,54
66285,66344,66381,37,59
66285,66355,66384,29,70
66285,66370,66384,14,85
66285,66356,66389,33,71
66285,66368,66390,22,83
66285,66355,66391,36,70
66285,66384,66392,8,99
66285,66355,66392,37,70
66285,66357,66393,36,72
66285,66355,66392,37,70
66285,66355,66393,38,70
66285,66356,66393,37,71
66285,66358,66395,37,73
66285,66356,66395,39,71
66285,66384,66396,12,99
66285,66357,66396,39,72
66285,66389,66398,9,104
66285,66367,66401,34,82
66285,66358,66402,44,73
66285,66360,66402,42,75
66285,66359,66403,44,74
66285,66371,66403,32,86
66285,66359,66405,46,74
66285,66366,66406,40,81
66285,66372,66409,37,87
66285,66367,66410,43,82
66285,66373,66410,37,88
66285,66365,66411,46,80
66285,66361,66411,50,76
66285,66361,66411,50,76
66285,66364,66412,48,79
66285,66364,66413,49,79
66285,66366,66413,47,81
66285,66373,66415,42,88
66285,66371,66415,44,86
66285,66376,66415,39,91
66285,66379,66418,39,94
66285,66379,66419,40,94
66285,66377,66421,44,92
66285,66379,66421,42,94
66285,66382,66422,40,97
66285,66377,66422,45,92
66285,66380,66422,42,95
66285,66379,66424,45,94
76527,76527,76535,8,0
76527,76527,76539,12,0
76527,76527,76539,12,0
76527,76527,76540,13,0
76527,76527,76541,14,0
76527,76527,76542,15,0
76527,76527,76542,15,0
76527,76527,76543,16,0
76527,76527,76545,18,0
76527,76527,76545,18,0
76527,76527,76546,19,0
76527,76527,76546,19,0
76527,76527,76546,19,0
76527,76527,76552,25,0
76527,76527,76552,25,0
76527,76527,76553,26,0
76527,76527,76555,28,0
76527,76527,76557,30,0
76527,76527,76557,30,0
76527,76527,76560,33,0
76527,76527,76561,34,0
76527,76527,76562,35,0
76527,76527,76561,34,0
76527,76527,76563,36,0
76527,76527,76565,38,0
76527,76527,76565,38,0
76527,76527,76565,38,0
76527,76527,76566,39,0
76527,76527,76566,39,0
76527,76527,76567,40,0
76527,76527,76569,42,0
76527,76527,76573,46,0
76527,76527,76577,50,0
76527,76527,76579,52,0
76527,76527,76583,56,0
76527,76527,76584,57,0
76527,76535,76584,49,8
76527,76527,76585,58,0
76527,76527,76586,59,0
76527,76527,76587,60,0
76527,76527,76589,62,0
76527,76543,76589,46,16
76527,76540,76591,51,13
76527,76539,76591,52,12
76527,76545,76594,49,18
76527,76546,76595,49,19
76527,76553,76598,45,26
76527,76547,76598,51,20
76527,76539,76600,61,12
76527,76542,76601,59,15
76527,76542,76602,60,15
76527,76546,76605,59,19
76527,76541,76605,64,14
76527,76552,76608,56,25
76527,76545,76608,63,18
76527,76557,76609,52,30
76527,76566,76610,44,39
76527,76565,76614,49,38
76527,76566,76615,49,39
76527,76552,76617,65,25
76527,76567,76618,51,40
76527,76557,76619,62,30
76527,76569,76619,50,42
76527,76555,76621,66,28
76527,76560,76623,63,33
76527,76562,76624,62,35
76527,76561,76624,63,34
76527,76563,76625,62,36
76527,76565,76627,62,38
76527,76573,76629,56,46
76527,76584,76633,49,57
76527,76565,76636,71,38
76527,76579,76636,57,52
76527,76577,76638,61,50
76527,76585,76641,56,58
76527,76584,76641,57,57
76527,76587,76643,56,60
76527,76562,76643,81,35
76527,76586,76646,60,59
76527,76583,76651,68,56
76659,76659,76662,3,0
76659,76659,76662,3,0
76659,76659,76663,4,0
76659,76659,76663,4,0
76659,76659,76663,4,0
76659,76659,76663,4,0
76659,76659,76663,4,0
76659,76659,76663,4,0
76659,76659,76663,4,0
76659,76659,76663,4,0
76659,76659,76663,4,0
76659,76659,76665,6,0
76659,76659,76666,7,0
76659,76659,76667,8,0
76659,76659,76668,9,0
76659,76659,76677,18,0
76659,76659,76677,18,0
76659,76659,76678,19,0
76659,76659,76680,21,0
76659,76659,76682,23,0
76659,76659,76683,24,0
76659,76659,76683,24,0
76659,76659,76684,25,0
76659,76659,76685,26,0
76659,76659,76688,29,0
76659,76659,76692,33,0
76659,76659,76692,33,0
76659,76659,76693,34,0
76659,76659,76695,36,0
76659,76659,76698,39,0
76659,76659,76699,40,0
76659,76659,76699,40,0
76659,76659,76702,43,0
76659,76659,76704,45,0
76659,76659,76710,51,0
76659,76659,76712,53,0
76659,76666,76713,47,7
76659,76659,76715,56,0
76659,76659,76716,57,0
76659,76659,76716,57,0
76659,76659,76716,57,0
76659,76662,76718,56,3
76659,76662,76719,57,3
76659,76664,76720,56,5
76659,76664,76720,56,5
76659,76663,76720,57,4
76659,76664,76721,57,5
76659,76663,76721,58,4
76659,76663,76722,59,4
76659,76668,76722,54,9
76659,76663,76723,60,4
76659,76665,76723,58,6
76659,76663,76723,60,4
76659,76677,76725,48,18
76659,76678,76725,47,19
76659,76664,76726,62,5
76659,76668,76728,60,9
76659,76677,76730,53,18
76659,76680,76730,50,21
76659,76682,76735,53,23
76659,76693,76739,46,34
76659,76683,76742,59,24
76659,76692,76742,50,33
76659,76695,76742,47,36
76659,76688,76742,54,29
76659,76684,76744,60,25
76659,76685,76746,61,26
76659,76692,76747,55,33
76659,76698,76747,49,39
76659,76700,76750,50,41
76659,76704,76752,48,45
76659,76716,76752,36,57
76659,76699,76753,54,40
76659,76683,76754,71,24
76659,76713,76760,47,54
76659,76702,76762,60,43
76659,76710,76764,54,51
76659,76715,76765,50,56
76659,76712,76767,55,53
76659,76716,76771,55,57
76779,76779,76782,3,0
76779,76779,76782,3,0
76779,76779,76782,3,0
76779,76779,76782,3,0
76779,76779,76782,3,0
76779,76779,76782,3,0
76779,76779,76782,3,0
76779,76779,76782,3,0
76779,76779,76783,4,0
76779,76779,76782,3,0
76779,76779,76782,3,0
76779,76779,76782,3,0
76779,76779,76782,3,0
76779,76779,76782,3,0
76779,76779,76782,3,0
76779,76779,76782,3,0
76779,76779,76792,13,0
76779,76779,76797,18,0
76779,76779,76800,21,0
76779,76779,76803,24,0
76779,76779,76804,25,0
76779,76779,76804,25,0
76779,76779,76804,25,0
76779,76779,76807,28,0
76779,76779,76809,30,0
76779,76779,76809,30,0
76779,76779,76810,31,0
76779,76779,76811,32,0
76779,76779,76811,32,0
76779,76779,76811,32,0
76779,76779,76812,33,0
76779,76779,76812,33,0
76779,76779,76814,35,0
76779,76779,76814,35,0
76779,76779,76816,37,0
76779,76779,76816,37,0
76779,76779,76821,42,0
76779,76779,76825,46,0
76779,76782,76825,43,3
76779,76779,76828,49,0
76779,76782,76830,48,3
76779,76782,76831,49,3
76779,76779,76832,53,0
76779,76783,76832,49,4
76779,76782,76832,50,3
76779,76783,76834,51,4
76779,76783,76834,51,4
76779,76783,76835,52,4
76779,76783,76835,52,4
76779,76782,76835,53,3
76779,76782,76835,53,3
76779,76783,76836,53,4
76779,76783,76835,52,4
76779,76783,76839,56,4
76779,76782,76839,57,3
76779,76797,76840,43,18
76779,76783,76839,56,4
76779,76792,76845,53,13
76779,76828,76850,22,49
76779,76804,76851,47,25
76779,76803,76851,48,24
76779,76800,76852,52,21
76779,76811,76852,41,32
76779,76812,76851,39,33
76779,76804,76852,48,25
76779,76810,76853,43,31
76779,76807,76854,47,28
76779,76811,76855,44,32
76779,76816,76856,40,37
76779,76815,76856,41,36
76779,76809,76855,46,30
76779,76814,76857,43,35
76779,76809,76857,48,30
76779,76816,76858,42,37
76779,76813,76858,45,34
76779,76804,76864,60,25
76779,76811,76865,54,32
76779,76821,76870,49,42
76779,76825,76870,45,46
76779,76825,76876,51,46
76884,76885,76887,2,1
76884,76885,76887,2,1
76884,76885,76888,3,1
76884,76885,76888,3,1
76884,76885,76888,3,1
76884,76885,76888,3,1
76884,76885,76888,3,1
76884,76885,76888,3,1
76884,76885,76888,3,1
76884,76885,76888,3,1
76884,76885,76888,3,1
76884,76885,76888,3,1
76884,76885,76888,3,1
76884,76885,76888,3,1
76884,76885,76888,3,1
76884,76885,76888,3,1
76884,76885,76894,9,1
76884,76885,76901,16,1
76884,76885,76907,22,1
76884,76885,76909,24,1
76884,76885,76910,25,1
76884,76885,76912,27,1
76884,76885,76912,27,1
76884,76885,76914,29,1
76884,76885,76914,29,1
76884,76885,76915,30,1
76884,76885,76915,30,1
76884,76885,76915,30,1
76884,76885,76915,30,1
76884,76885,76916,31,1
76884,76885,76916,31,1
76884,76885,76917,32,1
76884,76885,76919,34,1
76884,76885,76921,36,1
76884,76885,76923,38,1
76884,76885,76925,40,1
76884,76885,76926,41,1
76884,76885,76931,46,1
76884,76885,76933,48,1
76884,76885,76934,49,1
76884,76888,76936,48,4
76884,76888,76936,48,4
76884,76889,76937,48,5
76884,76887,76936,49,3
76884,76889,76938,49,5
76884,76888,76938,50,4
76884,76888,76940,52,4
76884,76888,76940,52,4
76884,76889,76940,51,5
76884,76889,76941,52,5
76884,76889,76942,53,5
76884,76889,76942,53,5
76884,76889,76942,53,5
76884,76889,76943,54,5
76884,76934,76943,9,50
76884,76888,76943,55,4
76884,76889,76945,56,5
76884,76894,76946,52,10
76884,76901,76951,50,17
76884,76916,76954,38,32
76884,76917,76956,39,33
76884,76917,76956,39,33
76884,76916,76958,42,32
76884,76915,76958,43,31
76884,76909,76959,50,25
76884,76910,76959,49,26
76884,76933,76960,27,49
76884,76921,76959,38,37
76884,76912,76960,48,28
76884,76914,76961,47,30
76884,76912,76961,49,28
76884,76919,76962,43,35
76884,76915,76963,48,31
76884,76923,76964,41,39
76884,76914,76964,50,30
76884,76916,76965,49,32
76884,76907,76968,61,23
76884,76926,76973,47,42
76884,76926,76975,49,42
76884,76931,76986,55,47
76995,76995,76998,3,0
76995,76995,76998,3,0
76995,76995,76998,3,0
76995,76995,76998,3,0
76995,76995,76998,3,0
76995,76995,76999,4,0
76995,76995,76999,4,0
76995,76995,76998,3,0
76995,76995,76999,4,0
76995,76995,76998,3,0
76995,76995,76999,4,0
76995,76995,76998,3,0
76995,76995,76999,4,0
76995,76995,76998,3,0
76995,76995,76999,4,0
76995,76995,76999,4,0
76995,76995,77003,8,0
76995,76995,77007,12,0
76995,76995,77014,19,0
76995,76995,77018,23,0
76995,76995,77022,27,0
76995,76995,77022,27,0
76995,76995,77023,28,0
76995,76995,77025,30,0
76995,76995,77025,30,0
76995,76995,77026,31,0
76995,76995,77027,32,0
76995,76995,77027,32,0
76995,76995,77028,33,0
76995,76995,77028,33,0
76995,76995,77028,33,0
76995,76995,77028,33,0
76995,76995,77028,33,0
76995,76995,77029,34,0
76995,76995,77030,35,0
76995,76995,77034,39,0
76995,76995,77036,41,0
76995,76995,77042,47,0
76995,76998,77046,48,3
76995,76998,77047,49,3
76995,76995,77048,53,0
76995,76995,77048,53,0
76995,76999,77048,49,4
76995,76998,77049,51,3
76995,76998,77049,51,3
76995,76998,77048,50,3
76995,76999,77050,51,4
76995,76999,77050,51,4
76995,76999,77050,51,4
76995,76999,77050,51,4
76995,76999,77051,52,4
76995,77000,77051,51,5
76995,76999,77050,51,4
76995,76999,77052,53,4
76995,76999,77052,53,4
76995,77003,77052,49,8
76995,77000,77052,52,5
76995,77046,77055,9,51
76995,77047,77057,10,52
76995,77014,77062,48,19
76995,77007,77062,55,12
76995,77029,77065,36,34
76995,77028,77067,39,33
76995,77029,77067,38,34
76995,77022,77068,46,27
76995,77018,77068,50,23
76995,77029,77068,39,34
76995,77027,77069,42,32
76995,77028,77070,42,33
76995,77026,77070,44,31
76995,77025,77070,45,30
76995,77022,77070,48,27
76995,77027,77070,43,32
76995,77028,77071,43,33
76995,77026,77072,46,31
76995,77042,77075,33,47
76995,77023,77077,54,28
76995,77030,77078,48,35
76995,77034,77080,46,39
76995,77036,77082,46,41
77091,77091,77094,3,0
77091,77091,77094,3,0
77091,77091,77094,3,0
77091,77091,77094,3,0
77091,77091,77094,3,0
77091,77091,77094,3,0
77091,77091,77094,3,0
77091,77091,77095,4,0
77091,77091,77094,3,0
77091,77091,77094,3,0
77091,77091,77094,3,0
77091,77091,77094,3,0
77091,77091,77094,3,0
77091,77091,77094,3,0
77091,77091,77094,3,0
77091,77091,77094,3,0
77091,77091,77099,8,0
77091,77091,77101,10,0
77091,77091,77113,22,0
77091,77091,77115,24,0
77091,77091,77117,26,0
77091,77091,77119,28,0
77091,77094,77119,25,3
77091,77091,77122,31,0
77091,77091,77122,31,0
77091,77091,77123,32,0
77091,77091,77122,31,0
77091,77091,77123,32,0
77091,77091,77124,33,0
77091,77091,77124,33,0
77091,77091,77123,32,0
77091,77091,77124,33,0
77091,77091,77125,34,0
77091,77091,77126,35,0
77091,77091,77126,35,0
77091,77091,77126,35,0
77091,77091,77126,35,0
77091,77091,77127,36,0
77091,77091,77129,38,0
77091,77094,77133,39,3
77091,77091,77134,43,0
77091,77129,77134,5,38
77091,77091,77136,45,0
77091,77133,77140,7,42
77091,77095,77142,47,4
77091,77095,77143,48,4
77091,77094,77144,50,3
77091,77095,77144,49,4
77091,77095,77143,48,4
77091,77094,77145,51,3
77091,77095,77145,50,4
77091,77094,77146,52,3
77091,77095,77146,51,4
77091,77094,77145,51,3
77091,77127,77147,20,36
77091,77095,77146,51,4
77091,77095,77148,53,4
77091,77095,77148,53,4
77091,77099,77150,51,8
77091,77095,77151,56,4
77091,77101,77155,54,10
77091,77124,77161,37,33
77091,77125,77163,38,34
77091,77123,77164,41,32
77091,77119,77163,44,28
77091,77124,77164,40,33
77091,77117,77164,47,26
77091,77122,77164,42,31
77091,77126,77165,39,35
77091,77124,77166,42,33
77091,77125,77166,41,34
77091,77126,77166,40,35
77091,77124,77167,43,33
77091,77122,77166,44,31
77091,77113,77168,55,22
77091,77123,77167,44,32
77091,77126,77169,43,35
77091,77115,77174,59,24
77091,77126,77175,49,35
77091,77119,77177,58,28
77186,77186,77189,3,0
77186,77186,77189,3,0
77186,77186,77189,3,0
77186,77186,77189,3,0
77186,77186,77189,3,0
77186,77186,77189,3,0
77186,77186,77189,3,0
77186,77186,77190,4,0
77186,77186,77190,4,0
77186,77186,77189,3,0
77186,77186,77189,3,0
77186,77186,77189,3,0
77186,77186,77189,3,0
77186,77186,77189,3,0
77186,77186,77189,3,0
77186,77186,77189,3,0
77186,77186,77192,6,0
77186,77186,77203,17,0
77186,77186,77208,22,0
77186,77186,77215,29,0
77186,77186,77216,30,0
77186,77186,77218,32,0
77186,77186,77218,32,0
77186,77186,77217,31,0
77186,77186,77219,33,0
77186,77186,77219,33,0
77186,77186,77218,32,0
77186,77186,77219,33,0
77186,77186,77218,32,0
77186,77186,77219,33,0
77186,77186,77220,34,0
77186,77186,77220,34,0
77186,77186,77220,34,0
77186,77186,77221,35,0
77186,77186,77222,36,0
77186,77186,77222,36,0
77186,77186,77226,40,0
77186,77186,77228,42,0
77186,77189,77228,39,3
77186,77190,77231,41,4
77186,77186,77233,47,0
77186,77190,77233,43,4
77186,77218,77233,15,32
77186,77189,77234,45,3
77186,77229,77235,6,43
77186,77186,77235,49,0
77186,77189,77235,46,3
77186,77190,77237,47,4
77186,77231,77237,6,45
77186,77189,77237,48,3
77186,77190,77238,48,4
77186,77190,77239,49,4
77186,77189,77239,50,3
77186,77190,77240,50,4
77186,77190,77241,51,4
77186,77190,77241,51,4
77186,77189,77241,52,3
77186,77190,77242,52,4
77186,77190,77242,52,4
77186,77228,77241,13,42
77186,77192,77244,52,6
77186,77218,77247,29,32
77186,77203,77254,51,17
77186,77216,77254,38,30
77186,77219,77254,35,33
77186,77208,77256,48,22
77186,77220,77256,36,34
77186,77215,77257,42,29
77186,77219,77258,39,33
77186,77219,77260,41,33
77186,77218,77260,42,32
77186,77222,77260,38,36
77186,77222,77260,38,36
77186,77220,77261,41,34
77186,77222,77261,39,36
77186,77220,77261,41,34
77186,77219,77263,44,33
77186,77219,77263,44,33
77186,77220,77268,48,34
77186,77226,77271,45,40
77282,77282,77285,3,0
77282,77282,77285,3,0
77282,77282,77285,3,0
77282,77282,77285,3,0
77282,77282,77285,3,0
77282,77282,77285,3,0
77282,77282,77285,3,0
77282,77282,77285,3,0
77282,77282,77285,3,0
77282,77282,77285,3,0
77282,77282,77285,3,0
77282,77282,77285,3,0
77282,77282,77285,3,0
77282,77282,77285,3,0
77282,77282,77285,3,0
77282,77282,77287,5,0
77282,77282,77287,5,0
77282,77282,77300,18,0
77282,77282,77301,19,0
77282,77282,77309,27,0
77282,77282,77309,27,0
77282,77282,77310,28,0
77282,77282,77312,30,0
77282,77282,77313,31,0
77282,77282,77314,32,0
77282,77282,77314,32,0
77282,77282,77315,33,0
77282,77282,77314,32,0
77282,77282,77314,32,0
77282,77282,77314,32,0
77282,77282,77316,34,0
77282,77282,77317,35,0
77282,77282,77317,35,0
77282,77282,77317,35,0
77282,77282,77318,36,0
77282,77282,77318,36,0
77282,77282,77320,38,0
77282,77282,77322,40,0
77282,77310,77324,14,28
77282,77285,77325,40,3
77282,77282,77325,43,0
77282,77282,77328,46,0
77282,77309,77329,20,27
77282,77286,77329,43,4
77282,77324,77330,6,42
77282,77285,77330,45,3
77282,77285,77330,45,3
77282,77285,77332,47,3
77282,77312,77332,20,30
77282,77285,77332,47,3
77282,77285,77333,48,3
77282,77325,77333,8,43
77282,77286,77334,48,4
77282,77286,77334,48,4
77282,77286,77334,48,4
77282,77286,77334,48,4
77282,77286,77334,48,4
77282,77286,77335,49,4
77282,77286,77335,49,4
77282,77287,77338,51,5
77282,77287,77339,52,5
77282,77313,77339,26,31
77282,77309,77340,31,27
77282,77322,77340,18,40
77282,77286,77341,55,4
77282,77315,77350,35,33
77282,77315,77351,36,33
77282,77300,77351,51,18
77282,77315,77352,37,33
77282,77314,77351,37,32
77282,77317,77352,35,35
77282,77314,77353,39,32
77282,77316,77354,38,34
77282,77318,77354,36,36
77282,77317,77354,37,35
77282,77301,77354,53,19
77282,77319,77354,35,37
77282,77317,77354,37,35
77282,77320,77358,38,38
77282,77315,77360,45,33
77370,77370,77373,3,0
77370,77370,77373,3,0
77370,77370,77373,3,0
77370,77370,77373,3,0
77370,77370,77373,3,0
77370,77370,77373,3,0
77370,77370,77373,3,0
77370,77370,77374,4,0
77370,77370,77373,3,0
77370,77370,77373,3,0
77370,77370,77373,3,0
77370,77370,77373,3,0
77370,77370,77373,3,0
77370,77370,77373,3,0
77370,77370,77373,3,0
77370,77370,77373,3,0
77370,77370,77375,5,0
77370,77370,77384,14,0
77370,77370,77389,19,0
77370,77370,77396,26,0
77370,77370,77399,29,0
77370,77370,77399,29,0
77370,77370,77399,29,0
77370,77370,77400,30,0
77370,77370,77399,29,0
77370,77370,77401,31,0
77370,77370,77402,32,0
77370,77370,77401,31,0
77370,77370,77403,33,0
77370,77370,77403,33,0
77370,77370,77403,33,0
77370,77370,77403,33,0
77370,77370,77403,33,0
77370,77370,77405,35,0
77370,77399,77406,7,29
77370,77370,77406,36,0
77370,77370,77406,36,0
77370,77370,77405,35,0
77370,77399,77407,8,29
77370,77370,77411,41,0
77370,77400,77411,11,30
77370,77370,77414,44,0
77370,77407,77413,6,37
77370,77370,77415,45,0
77370,77373,77416,43,3
77370,77396,77416,20,26
77370,77373,77415,42,3
77370,77373,77417,44,3
77370,77373,77417,44,3
77370,77373,77418,45,3
77370,77406,77418,12,36
77370,77374,77419,45,4
77370,77373,77420,47,3
77370,77374,77419,45,4
77370,77374,77420,46,4
77370,77374,77421,47,4
77370,77411,77421,10,41
77370,77374,77421,47,4
77370,77375,77423,48,5
77370,77374,77423,49,4
77370,77374,77424,50,4
77370,77374,77424,50,4
77370,77374,77423,49,4
77370,77374,77424,50,4
77370,77384,77428,44,14
77370,77389,77428,39,19
77370,77400,77433,33,30
77370,77403,77436,33,33
77370,77400,77437,37,30
77370,77401,77438,37,31
77370,77402,77438,36,32
77370,77403,77438,35,33
77370,77403,77438,35,33
77370,77404,77439,35,34
77370,77402,77440,38,32
77370,77405,77440,35,35
77370,77405,77441,36,35
77370,77406,77443,37,36
77370,77406,77450,44,36
77370,77406,77453,47,36
77462,77462,77465,3,0
77462,77462,77465,3,0
77462,77462,77465,3,0
77462,77462,77465,3,0
77462,77462,77465,3,0
77462,77462,77465,3,0
77462,77462,77466,4,0
77462,77462,77466,4,0
77462,77462,77465,3,0
77462,77462,77466,4,0
77462,77462,77465,3,0
77462,77462,77465,3,0
77462,77462,77465,3,0
77462,77462,77466,4,0
77462,77462,77466,4,0
77462,77462,77466,4,0
77462,77462,77473,11,0
77462,77462,77473,11,0
77462,77462,77476,14,0
77462,77462,77479,17,0
77462,77462,77480,18,0
77462,77479,77482,3,17
77462,77480,77483,3,18
77462,77462,77483,21,0
77462,77482,77486,4,20
77462,77462,77487,25,0
77462,77462,77487,25,0
77462,77462,77487,25,0
77462,77476,77487,11,14
77462,77462,77488,26,0
77462,77462,77488,26,0
77462,77462,77490,28,0
77462,77462,77490,28,0
77462,77462,77491,29,0
77462,77462,77491,29,0
77462,77462,77492,30,0
77462,77483,77493,10,21
77462,77462,77494,32,0
77462,77462,77494,32,0
77462,77462,77495,33,0
77462,77462,77496,34,0
77462,77462,77495,33,0
77462,77473,77495,22,11
77462,77494,77498,4,32
77462,77462,77502,40,0
77462,77495,77503,8,33
77462,77466,77505,39,4
77462,77462,77505,43,0
77462,77466,77507,41,4
77462,77466,77507,41,4
77462,77465,77507,42,3
77462,77465,77507,42,3
77462,77494,77508,14,32
77462,77465,77508,43,3
77462,77462,77507,45,0
77462,77466,77508,42,4
77462,77465,77510,45,3
77462,77465,77510,45,3
77462,77466,77512,46,4
77462,77467,77513,46,5
77462,77484,77513,29,22
77462,77467,77514,47,5
77462,77467,77515,48,5
77462,77467,77515,48,5
77462,77473,77517,44,11
77462,77466,77519,53,4
77462,77487,77519,32,25
77462,77467,77519,52,5
77462,77491,77523,32,29
77462,77493,77523,30,31
77462,77490,77524,34,28
77462,77489,77524,35,27
77462,77491,77523,32,29
77462,77489,77524,35,27
77462,77491,77525,34,29
77462,77486,77524,38,24
77462,77487,77524,37,25
77462,77488,77529,41,26
77462,77487,77530,43,25
77462,77492,77537,45,30
77545,77545,77548,3,0
77545,77545,77548,3,0
77545,77545,77548,3,0
77545,77545,77548,3,0
77545,77545,77548,3,0
77545,77545,77548,3,0
77545,77545,77549,4,0
77545,77545,77549,4,0
77545,77545,77549,4,0
77545,77545,77549,4,0
77545,77545,77548,3,0
77545,77545,77548,3,0
77545,77545,77550,5,0
77545,77545,77552,7,0
77545,77545,77555,10,0
77545,77545,77568,23,0
77545,77545,77573,28,0
77545,77545,77572,27,0
77545,77545,77574,29,0
77545,77545,77575,30,0
77545,77545,77574,29,0
77545,77545,77575,30,0
77545,77545,77576,31,0
77545,77575,77577,2,30
77545,77574,77577,3,29
77545,77575,77578,3,30
77545,77545,77578,33,0
77545,77575,77577,2,30
77545,77576,77578,2,31
77545,77545,77578,33,0
77545,77545,77578,33,0
77545,77545,77578,33,0
77545,77545,77578,33,0
77545,77545,77580,35,0
77545,77545,77579,34,0
77545,77545,77580,35,0
77545,77545,77581,36,0
77545,77545,77581,36,0
77545,77573,77581,8,28
77545,77545,77584,39,0
77545,77545,77583,38,0
77545,77545,77584,39,0
77545,77582,77585,3,37
77545,77545,77586,41,0
77545,77577,77587,10,32
77545,77581,77588,7,36
77545,77545,77588,43,0
77545,77549,77589,40,4
77545,77584,77590,6,39
77545,77545,77591,46,0
77545,77548,77591,43,3
77545,77545,77592,47,0
77545,77549,77592,43,4
77545,77548,77592,44,3
77545,77549,77594,45,4
77545,77549,77594,45,4
77545,77549,77594,45,4
77545,77548,77595,47,3
77545,77548,77595,47,3
77545,77548,77594,46,3
77545,77549,77596,47,4
77545,77548,77597,49,3
77545,77551,77600,49,6
77545,77552,77601,49,7
77545,77555,77606,51,10
77545,77581,77608,27,36
77545,77580,77610,30,35
77545,77573,77611,38,28
77545,77577,77611,34,32
77545,77578,77612,34,33
77545,77578,77613,35,33
77545,77579,77613,34,34
77545,77578,77614,36,33
77545,77580,77614,34,35
77545,77568,77616,48,23
77545,77579,77617,38,34
77545,77580,77617,37,35
77545,77579,77617,38,34
77545,77578,77618,40,33
77545,77579,77622,43,34
77870,77870,77873,3,0
77870,77870,77874,4,0
77870,77870,77879,9,0
77870,77870,77880,10,0
77870,77870,77893,23,0
77870,77870,77894,24,0
77870,77870,77895,25,0
77870,77870,77899,29,0
77870,77870,77902,32,0
77870,77870,77903,33,0
77870,77870,77904,34,0
77870,77870,77906,36,0
77870,77870,77906,36,0
77870,77904,77906,2,34
77870,77870,77907,37,0
77870,77906,77908,2,36
77870,77903,77907,4,33
77870,77906,77908,2,36
77870,77870,77908,38,0
77870,77906,77908,2,36
77870,77907,77910,3,37
77870,77870,77909,39,0
77870,77908,77910,2,38
77870,77870,77910,40,0
77870,77908,77909,1,38
77870,77908,77910,2,38
77870,77870,77911,41,0
77870,77870,77910,40,0
77870,77908,77910,2,38
77870,77908,77910,2,38
77870,77910,77912,2,40
77870,77910,77912,2,40
77870,77910,77912,2,40
77870,77870,77912,42,0
77870,77910,77912,2,40
77870,77910,77912,2,40
77870,77910,77912,2,40
77870,77911,77913,2,41
77870,77911,77914,3,41
77870,77911,77913,2,41
77870,77911,77913,2,41
77870,77912,77914,2,42
77870,77870,77914,44,0
77870,77912,77914,2,42
77870,77912,77914,2,42
77870,77870,77915,45,0
77870,77870,77916,46,0
77870,77912,77916,4,42
77870,77912,77916,4,42
77870,77870,77917,47,0
77870,77870,77917,47,0
77870,77913,77917,4,43
77870,77870,77917,47,0
77870,77914,77918,4,44
77870,77870,77918,48,0
77870,77870,77918,48,0
77870,77870,77918,48,0
77870,77870,77918,48,0
77870,77870,77918,48,0
77870,77870,77919,49,0
77870,77870,77919,49,0
77870,77870,77918,48,0
77870,77913,77918,5,43
77870,77870,77920,50,0
77870,77914,77920,6,44
77870,77873,77920,47,3
77870,77870,77919,49,0
77870,77870,77921,51,0
77870,77870,77921,51,0
77870,77870,77923,53,0
77870,77874,77924,50,4
77870,77880,77924,44,10
77870,77914,77925,11,44
77870,77870,77927,57,0
77870,77902,77930,28,32
77870,77893,77939,46,23
77870,77879,77940,61,9
77870,77899,77941,42,29
77870,77895,77942,47,25
77870,77894,77947,53,24
77957,77957,77959,2,0
77957,77957,77960,3,0
77957,77957,77960,3,0
77957,77957,77960,3,0
77957,77957,77961,4,0
77957,77957,77968,11,0
77957,77957,77970,13,0
77957,77957,77977,20,0
77957,77957,77979,22,0
77957,77957,77984,27,0
77957,77957,77985,28,0
77957,77957,77986,29,0
77957,77957,77988,31,0
77957,77957,77989,32,0
77957,77957,77989,32,0
77957,77957,77990,33,0
77957,77957,77990,33,0
77957,77989,77991,2,32
77957,77957,77991,34,0
77957,77957,77991,34,0
77957,77988,77991,3,31
77957,77989,77992,3,32
77957,77957,77991,34,0
77957,77991,77993,2,34
77957,77991,77993,2,34
77957,77990,77992,2,33
77957,77991,77993,2,34
77957,77991,77993,2,34
77957,77957,77993,36,0
77957,77991,77993,2,34
77957,77992,77994,2,35
77957,77993,77995,2,36
77957,77992,77994,2,35
77957,77993,77995,2,36
77957,77993,77995,2,36
77957,77957,77995,38,0
77957,77993,77995,2,36
77957,77993,77995,2,36
77957,77957,77997,40,0
77957,77994,77996,2,37
77957,77994,77996,2,37
77957,77995,77997,2,38
77957,77995,77997,2,38
77957,77995,77997,2,38
77957,77994,77998,4,37
77957,77957,77997,40,0
77957,77995,77998,3,38
77957,77959,77998,39,2
77957,77957,77998,41,0
77957,77957,77999,42,0
77957,77957,78000,43,0
77957,77996,78000,4,39
77957,77957,77999,42,0
77957,77996,78000,4,39
77957,77995,77999,4,38
77957,77957,78000,43,0
77957,77957,78000,43,0
77957,77957,78001,44,0
77957,77960,78000,40,3
77957,77957,78001,44,0
77957,77986,78001,15,29
77957,77960,78002,42,3
77957,77997,78002,5,40
77957,77957,78003,46,0
77957,77957,78003,46,0
77957,77957,78003,46,0
77957,77957,78003,46,0
77957,77957,78004,47,0
77957,77968,78005,37,11
77957,77957,78005,48,0
77957,77957,78005,48,0
77957,77961,78007,46,4
77957,77957,78008,51,0
77957,77997,78008,11,40
77957,77960,78011,51,3
77957,77979,78018,39,22
77957,77977,78019,42,20
77957,77970,78022,52,13
77957,77985,78023,38,28
77957,77984,78025,41,27
78034,78034,78036,2,0
78034,78034,78037,3,0
78034,78034,78037,3,0
78034,78034,78037,3,0
78034,78034,78037,3,0
78034,78034,78037,3,0
78034,78034,78037,3,0
78034,78034,78038,4,0
78034,78034,78043,9,0
78034,78034,78045,11,0
78034,78034,78047,13,0
78034,78034,78056,22,0
78034,78034,78058,24,0
78034,78034,78061,27,0
78034,78034,78061,27,0
78034,78034,78062,28,0
78034,78034,78062,28,0
78034,78034,78064,30,0
78034,78062,78064,2,28
78034,78034,78065,31,0
78034,78062,78065,3,28
78034,78034,78066,32,0
78034,78064,78067,3,30
78034,78034,78067,33,0
78034,78064,78067,3,30
78034,78034,78067,33,0
78034,78065,78067,2,31
78034,78065,78067,2,31
78034,78034,78069,35,0
78034,78034,78069,35,0
78034,78066,78068,2,32
78034,78067,78069,2,33
78034,78067,78069,2,33
78034,78067,78069,2,33
78034,78067,78069,2,33
78034,78068,78071,3,34
78034,78069,78071,2,35
78034,78069,78071,2,35
78034,78068,78071,3,34
78034,78069,78071,2,35
78034,78069,78071,2,35
78034,78069,78071,2,35
78034,78070,78072,2,36
78034,78071,78073,2,37
78034,78034,78073,39,0
78034,78070,78072,2,36
78034,78071,78074,3,37
78034,78071,78074,3,37
78034,78034,78074,40,0
78034,78034,78075,41,0
78034,78072,78075,3,38
78034,78034,78076,42,0
78034,78034,78076,42,0
78034,78036,78077,41,2
78034,78072,78078,6,38
78034,78037,78078,41,3
78034,78034,78078,44,0
78034,78034,78079,45,0
78034,78034,78079,45,0
78034,78034,78079,45,0
78034,78034,78080,46,0
78034,78034,78081,47,0
78034,78061,78081,20,27
78034,78034,78082,48,0
78034,78034,78082,48,0
78034,78037,78083,46,3
78034,78034,78082,48,0
78034,78043,78084,41,9
78034,78037,78084,47,3
78034,78038,78085,47,4
78034,78034,78085,51,0
78034,78034,78086,52,0
78034,78037,78087,50,3
78034,78037,78089,52,3
78034,78037,78093,56,3
78034,78045,78097,52,11
78034,78056,78101,45,22
78034,78061,78101,40,27
78034,78058,78101,43,24
78034,78047,78101,54,13
78110,78110,78113,3,0
78110,78110,78113,3,0
78110,78110,78113,3,0
78110,78110,78113,3,0
78110,78110,78113,3,0
78110,78110,78113,3,0
78110,78110,78114,4,0
78110,78110,78113,3,0
78110,78110,78113,3,0
78110,78110,78113,3,0
78110,78110,78122,12,0
78110,78110,78124,14,0
78110,78110,78129,19,0
78110,78110,78135,25,0
78110,78110,78136,26,0
78110,78110,78135,25,0
78110,78110,78137,27,0
78110,78110,78136,26,0
78110,78110,78138,28,0
78110,78110,78138,28,0
78110,78110,78138,28,0
78110,78110,78138,28,0
78110,78110,78140,30,0
78110,78138,78141,3,28
78110,78138,78141,3,28
78110,78140,78142,2,30
78110,78139,78142,3,29
78110,78140,78143,3,30
78110,78110,78142,32,0
78110,78141,78144,3,31
78110,78141,78143,2,31
78110,78142,78144,2,32
78110,78143,78145,2,33
78110,78142,78144,2,32
78110,78110,78145,35,0
78110,78110,78145,35,0
78110,78144,78146,2,34
78110,78143,78145,2,33
78110,78110,78147,37,0
78110,78145,78147,2,35
78110,78144,78146,2,34
78110,78144,78146,2,34
78110,78145,78148,3,35
78110,78110,78148,38,0
78110,78110,78149,39,0
78110,78146,78149,3,36
78110,78113,78148,35,3
78110,78145,78149,4,35
78110,78110,78149,39,0
78110,78146,78149,3,36
78110,78146,78149,3,36
78110,78110,78150,40,0
78110,78110,78150,40,0
78110,78147,78151,4,37
78110,78147,78152,5,37
78110,78110,78152,42,0
78110,78110,78153,43,0
78110,78110,78153,43,0
78110,78110,78154,44,0
78110,78110,78154,44,0
78110,78110,78155,45,0
78110,78110,78156,46,0
78110,78113,78156,43,3
78110,78137,78156,19,27
78110,78110,78156,46,0
78110,78113,78157,44,3
78110,78113,78157,44,3
78110,78113,78158,45,3
78110,78114,78158,44,4
78110,78113,78159,46,3
78110,78114,78159,45,4
78110,78114,78162,48,4
78110,78122,78162,40,12
78110,78114,78165,51,4
78110,78129,78169,40,19
78110,78124,78171,47,14
78110,78137,78172,35,27
78110,78135,78174,39,25
78110,78137,78174,37,27
78110,78136,78176,40,26
78184,78185,78188,3,1
78184,78185,78188,3,1
78184,78185,78188,3,1
78184,78185,78188,3,1
78184,78185,78188,3,1
78184,78185,78188,3,1
78184,78185,78188,3,1
78184,78185,78188,3,1
78184,78185,78188,3,1
78184,78185,78188,3,1
78184,78185,78188,3,1
78184,78185,78188,3,1
78184,78185,78190,5,1
78184,78185,78198,13,1
78184,78185,78203,18,1
78184,78185,78207,22,1
78184,78185,78208,23,1
78184,78184,78214,30,0
78184,78185,78214,29,1
78184,78184,78214,30,0
78184,78184,78215,31,0
78184,78185,78214,29,1
78184,78185,78215,30,1
78184,78185,78216,31,1
78184,78185,78217,32,1
78184,78185,78217,32,1
78184,78215,78218,3,31
78184,78184,78217,33,0
78184,78216,78218,2,32
78184,78217,78219,2,33
78184,78185,78220,35,1
78184,78215,78219,4,31
78184,78217,78219,2,33
78184,78218,78220,2,34
78184,78218,78220,2,34
78184,78218,78221,3,34
78184,78185,78221,36,1
78184,78220,78222,2,36
78184,78219,78221,2,35
78184,78220,78223,3,36
78184,78220,78223,3,36
78184,78185,78224,39,1
78184,78220,78223,3,36
78184,78221,78223,2,37
78184,78221,78223,2,37
78184,78222,78225,3,38
78184,78222,78225,3,38
78184,78222,78224,2,38
78184,78215,78227,12,31
78184,78185,78227,42,1
78184,78223,78228,5,39
78184,78185,78228,43,1
78184,78185,78228,43,1
78184,78189,78230,41,5
78184,78185,78231,46,1
78184,78188,78232,44,4
78184,78185,78232,47,1
78184,78185,78232,47,1
78184,78188,78233,45,4
78184,78188,78233,45,4
78184,78185,78234,49,1
78184,78190,78234,44,6
78184,78185,78234,49,1
78184,78185,78235,50,1
78184,78185,78236,51,1
78184,78189,78237,48,5
78184,78188,78237,49,4
78184,78188,78237,49,4
78184,78189,78237,48,5
78184,78198,78237,39,14
78184,78188,78238,50,4
78184,78189,78238,49,5
78184,78189,78239,50,5
78184,78189,78241,52,5
78184,78207,78247,40,23
78184,78208,78247,39,24
78184,78214,78249,35,30
78184,78214,78253,39,30
78184,78203,78256,53,19
78184,78214,78256,42,30
78266,78266,78269,3,0
78266,78266,78269,3,0
78266,78266,78269,3,0
78266,78266,78269,3,0
78266,78266,78269,3,0
78266,78266,78269,3,0
78266,78266,78269,3,0
78266,78266,78269,3,0
78266,78266,78269,3,0
78266,78266,78269,3,0
78266,78266,78269,3,0
78266,78266,78269,3,0
78266,78266,78269,3,0
78266,78266,78269,3,0
78266,78266,78271,5,0
78266,78266,78275,9,0
78266,78266,78278,12,0
78266,78266,78282,16,0
78266,78266,78288,22,0
78266,78266,78291,25,0
78266,78266,78294,28,0
78266,78266,78294,28,0
78266,78266,78294,28,0
78266,78266,78295,29,0
78266,78266,78296,30,0
78266,78266,78297,31,0
78266,78266,78299,33,0
78266,78266,78299,33,0
78266,78266,78299,33,0
78266,78266,78299,33,0
78266,78266,78300,34,0
78266,78296,78301,5,30
78266,78297,78301,4,31
78266,78266,78301,35,0
78266,78266,78301,35,0
78266,78299,78302,3,33
78266,78299,78302,3,33
78266,78299,78302,3,33
78266,78299,78303,4,33
78266,78301,78304,3,35
78266,78301,78304,3,35
78266,78301,78303,2,35
78266,78301,78304,3,35
78266,78301,78303,2,35
78266,78302,78304,2,36
78266,78302,78304,2,36
78266,78303,78306,3,37
78266,78303,78306,3,37
78266,78304,78309,5,38
78266,78295,78311,16,29
78266,78266,78312,46,0
78266,78269,78313,44,3
78266,78266,78314,48,0
78266,78266,78315,49,0
78266,78266,78315,49,0
78266,78269,78315,46,3
78266,78271,78315,44,5
78266,78266,78315,49,0
78266,78269,78315,46,3
78266,78266,78315,49,0
78266,78270,78316,46,4
78266,78270,78315,45,4
78266,78266,78317,51,0
78266,78275,78317,42,9
78266,78269,78316,47,3
78266,78269,78318,49,3
78266,78270,78318,48,4
78266,78269,78319,50,3
78266,78270,78318,48,4
78266,78270,78319,49,4
78266,78270,78320,50,4
78266,78270,78319,49,4
78266,78278,78320,42,12
78266,78270,78323,53,4
78266,78282,78324,42,16
78266,78291,78330,39,25
78266,78294,78333,39,28
78266,78294,78334,40,28
78266,78294,78337,43,28
78266,78288,78339,51,22
78349,78349,78352,3,0
78349,78349,78352,3,0
78349,78349,78352,3,0
78349,78349,78352,3,0
78349,78349,78352,3,0
78349,78349,78352,3,0
78349,78349,78352,3,0
78349,78349,78352,3,0
78349,78349,78353,4,0
78349,78349,78352,3,0
78349,78349,78353,4,0
78349,78349,78353,4,0
78349,78349,78352,3,0
78349,78349,78352,3,0
78349,78349,78352,3,0
78349,78349,78352,3,0
78349,78349,78354,5,0
78349,78349,78370,21,0
78349,78349,78370,21,0
78349,78349,78373,24,0
78349,78349,78374,25,0
78349,78349,78375,26,0
78349,78349,78378,29,0
78349,78349,78379,30,0
78349,78349,78379,30,0
78349,78349,78380,31,0
78349,78349,78380,31,0
78349,78349,78380,31,0
78349,78349,78380,31,0
78349,78349,78381,32,0
78349,78349,78381,32,0
78349,78349,78384,35,0
78349,78381,78384,3,32
78349,78349,78385,36,0
78349,78382,78385,3,33
78349,78380,78384,4,31
78349,78380,78385,5,31
78349,78385,78387,2,36
78349,78385,78387,2,36
78349,78384,78386,2,35
78349,78384,78386,2,35
78349,78386,78388,2,37
78349,78386,78388,2,37
78349,78387,78390,3,38
78349,78387,78390,3,38
78349,78349,78391,42,0
78349,78387,78391,4,38
78349,78349,78392,43,0
78349,78354,78392,38,5
78349,78349,78392,43,0
78349,78349,78393,44,0
78349,78380,78393,13,31
78349,78349,78393,44,0
78349,78352,78394,42,3
78349,78349,78394,45,0
78349,78353,78395,42,4
78349,78349,78394,45,0
78349,78353,78396,43,4
78349,78354,78396,42,5
78349,78352,78396,44,3
78349,78352,78397,45,3
78349,78353,78397,44,4
78349,78352,78396,44,3
78349,78353,78398,45,4
78349,78352,78397,45,3
78349,78352,78398,46,3
78349,78352,78399,47,3
78349,78353,78400,47,4
78349,78353,78401,48,4
78349,78353,78400,47,4
78349,78353,78401,48,4
78349,78370,78409,39,21
78349,78374,78411,37,25
78349,78380,78412,32,31
78349,78373,78413,40,24
78349,78379,78416,37,30
78349,78375,78416,41,26
78349,78370,78417,47,21
78349,78378,78418,40,29
78349,78379,78419,40,30
78428,78428,78431,3,0
78428,78428,78431,3,0
78428,78428,78431,3,0
78428,78428,78431,3,0
78428,78428,78431,3,0
78428,78428,78431,3,0
78428,78428,78432,4,0
78428,78428,78432,4,0
78428,78428,78431,3,0
78428,78428,78432,4,0
78428,78428,78431,3,0
78428,78428,78432,4,0
78428,78428,78432,4,0
78428,78428,78432,4,0
78428,78428,78432,4,0
78428,78428,78433,5,0
78428,78428,78433,5,0
78428,78428,78438,10,0
78428,78428,78441,13,0
78428,78428,78448,20,0
78428,78428,78451,23,0
78428,78428,78452,24,0
78428,78428,78454,26,0
78428,78428,78454,26,0
78428,78428,78456,28,0
78428,78428,78457,29,0
78428,78428,78457,29,0
78428,78428,78457,29,0
78428,78428,78457,29,0
78428,78428,78458,30,0
78428,78428,78459,31,0
78428,78428,78458,30,0
78428,78428,78460,32,0
78428,78460,78462,2,32
78428,78459,78462,3,31
78428,78428,78463,35,0
78428,78459,78464,5,31
78428,78462,78465,3,34
78428,78462,78465,3,34
78428,78463,78465,2,35
78428,78465,78467,2,37
78428,78465,78467,2,37
78428,78464,78466,2,36
78428,78428,78469,41,0
78428,78466,78469,3,38
78428,78428,78470,42,0
78428,78458,78471,13,30
78428,78428,78471,43,0
78428,78431,78472,41,3
78428,78441,78472,31,13
78428,78432,78473,41,4
78428,78428,78473,45,0
78428,78428,78474,46,0
78428,78431,78475,44,3
78428,78431,78475,44,3
78428,78432,78475,43,4
78428,78432,78476,44,4
78428,78432,78476,44,4
78428,78432,78476,44,4
78428,78431,78477,46,3
78428,78432,78477,45,4
78428,78433,78477,44,5
78428,78433,78477,44,5
78428,78432,78476,44,4
78428,78434,78478,44,6
78428,78432,78478,46,4
78428,78428,78477,49,0
78428,78432,78479,47,4
78428,78434,78480,46,6
78428,78438,78483,45,10
78428,78451,78487,36,23
78428,78458,78488,30,30
78428,78453,78489,36,25
78428,78454,78490,36,26
78428,78454,78490,36,26
78428,78457,78491,34,29
78428,78457,78492,35,29
78428,78448,78494,46,20
78428,78456,78496,40,28
78428,78457,78497,40,29
78506,78506,78509,3,0
78506,78506,78509,3,0
78506,78506,78509,3,0
78506,78506,78509,3,0
78506,78506,78509,3,0
78506,78506,78509,3,0
78506,78506,78509,3,0
78506,78506,78510,4,0
78506,78506,78509,3,0
78506,78506,78509,3,0
78506,78506,78509,3,0
78506,78506,78509,3,0
78506,78506,78509,3,0
78506,78506,78509,3,0
78506,78506,78509,3,0
78506,78506,78510,4,0
78506,78506,78510,4,0
78506,78506,78519,13,0
78506,78506,78526,20,0
78506,78506,78530,24,0
78506,78506,78530,24,0
78506,78506,78531,25,0
78506,78506,78532,26,0
78506,78506,78534,28,0
78506,78506,78537,31,0
78506,78506,78537,31,0
78506,78506,78538,32,0
78506,78506,78537,31,0
78506,78506,78539,33,0
78506,78506,78538,32,0
78506,78506,78539,33,0
78506,78506,78539,33,0
78506,78506,78538,32,0
78506,78506,78539,33,0
78506,78506,78544,38,0
78506,78540,78544,4,34
78506,78544,78547,3,38
78506,78544,78547,3,38
78506,78547,78549,2,41
78506,78506,78549,43,0
78506,78547,78550,3,41
78506,78509,78551,42,3
78506,78549,78552,3,43
78506,78510,78552,42,4
78506,78509,78552,43,3
78506,78509,78553,44,3
78506,78506,78553,47,0
78506,78506,78553,47,0
78506,78511,78553,42,5
78506,78539,78553,14,33
78506,78549,78553,4,43
78506,78506,78554,48,0
78506,78511,78555,44,5
78506,78510,78555,45,4
78506,78510,78555,45,4
78506,78510,78554,44,4
78506,78511,78556,45,5
78506,78509,78556,47,3
78506,78510,78556,46,4
78506,78511,78556,45,5
78506,78506,78557,51,0
78506,78510,78557,47,4
78506,78519,78558,39,13
78506,78509,78559,50,3
78506,78509,78559,50,3
78506,78512,78559,47,6
78506,78531,78566,35,25
78506,78530,78568,38,24
78506,78531,78568,37,25
78506,78534,78571,37,28
78506,78526,78571,45,20
78506,78533,78572,39,27
78506,78539,78572,33,33
78506,78537,78573,36,31
78506,78538,78573,35,32
78506,78537,78572,35,31
78506,78538,78574,36,32
78506,78539,78575,36,33
78506,78539,78575,36,33
78506,78539,78578,39,33
78587,78587,78590,3,0
78587,78587,78590,3,0
78587,78587,78590,3,0
78587,78587,78590,3,0
78587,78587,78590,3,0
78587,78587,78590,3,0
78587,78587,78590,3,0
78587,78587,78590,3,0
78587,78587,78590,3,0
78587,78587,78590,3,0
78587,78587,78590,3,0
78587,78587,78590,3,0
78587,78587,78590,3,0
78587,78587,78590,3,0
78587,78587,78590,3,0
78587,78587,78591,4,0
78587,78587,78593,6,0
78587,78587,78597,10,0
78587,78587,78599,12,0
78587,78587,78603,16,0
78587,78587,78608,21,0
78587,78587,78610,23,0
78587,78587,78610,23,0
78587,78587,78612,25,0
78587,78587,78612,25,0
78587,78587,78613,26,0
78587,78587,78615,28,0
78587,78587,78616,29,0
78587,78587,78617,30,0
78587,78587,78616,29,0
78587,78587,78619,32,0
78587,78587,78620,33,0
78587,78587,78619,32,0
78587,78587,78621,34,0
78587,78587,78622,35,0
78587,78587,78627,40,0
78587,78587,78628,41,0
78587,78587,78628,41,0
78587,78590,78629,39,3
78587,78587,78629,42,0
78587,78628,78631,3,41
78587,78591,78631,40,4
78587,78629,78632,3,42
78587,78590,78632,42,3
78587,78587,78632,45,0
78587,78628,78632,4,41
78587,78590,78633,43,3
78587,78629,78633,4,42
78587,78590,78633,43,3
78587,78591,78633,42,4
78587,78592,78634,42,5
78587,78591,78634,43,4
78587,78590,78634,44,3
78587,78591,78635,44,4
78587,78591,78636,45,4
78587,78590,78636,46,3
78587,78591,78637,46,4
78587,78599,78637,38,12
78587,78591,78637,46,4
78587,78591,78638,47,4
78587,78591,78638,47,4
78587,78597,78640,43,10
78587,78593,78640,47,6
78587,78603,78641,38,16
78587,78622,78643,21,35
78587,78627,78643,16,40
78587,78610,78647,37,23
78587,78610,78647,37,23
78587,78608,78648,40,21
78587,78612,78648,36,25
78587,78613,78648,35,26
78587,78612,78649,37,25
78587,78616,78649,33,29
78587,78615,78651,36,28
78587,78621,78652,31,34
78587,78617,78652,35,30
78587,78617,78653,36,30
78587,78620,78654,34,33
78587,78619,78655,36,32
78587,78620,78657,37,33
78666,78666,78669,3,0
78666,78666,78669,3,0
78666,78666,78669,3,0
78666,78666,78669,3,0
78666,78666,78669,3,0
78666,78666,78669,3,0
78666,78666,78669,3,0
78666,78666,78670,4,0
78666,78666,78670,4,0
78666,78666,78670,4,0
78666,78666,78669,3,0
78666,78666,78670,4,0
78666,78666,78669,3,0
78666,78666,78669,3,0
78666,78666,78670,4,0
78666,78666,78670,4,0
78666,78666,78676,10,0
78666,78666,78678,12,0
78666,78666,78685,19,0
78666,78666,78690,24,0
78666,78671,78694,23,5
78666,78666,78695,29,0
78666,78666,78696,30,0
78666,78666,78698,32,0
78666,78666,78699,33,0
78666,78666,78699,33,0
78666,78666,78700,34,0
78666,78666,78700,34,0
78666,78671,78700,29,5
78666,78666,78699,33,0
78666,78666,78700,34,0
78666,78666,78699,33,0
78666,78666,78701,35,0
78666,78666,78701,35,0
78666,78666,78702,36,0
78666,78666,78702,36,0
78666,78666,78701,35,0
78666,78666,78704,38,0
78666,78666,78709,43,0
78666,78704,78714,10,38
78666,78666,78714,48,0
78666,78670,78714,44,4
78666,78670,78715,45,4
78666,78666,78716,50,0
78666,78669,78716,47,3
78666,78669,78717,48,3
78666,78702,78717,15,36
78666,78666,78716,50,0
78666,78670,78718,48,4
78666,78709,78718,9,43
78666,78669,78719,50,3
78666,78669,78719,50,3
78666,78670,78720,50,4
78666,78670,78721,51,4
78666,78714,78721,7,48
78666,78669,78721,52,3
78666,78670,78722,52,4
78666,78670,78722,52,4
78666,78670,78721,51,4
78666,78676,78723,47,10
78666,78670,78726,56,4
78666,78678,78728,50,12
78666,78685,78730,45,19
78666,78702,78731,29,36
78666,78697,78736,39,31
78666,78699,78738,39,33
78666,78702,78738,36,36
78666,78700,78738,38,34
78666,78699,78739,40,33
78666,78700,78739,39,34
78666,78699,78739,40,33
78666,78700,78740,40,34
78666,78700,78739,39,34
78666,78695,78740,45,29
78666,78700,78740,40,34
78666,78702,78743,41,36
78666,78690,78743,53,24
78666,78694,78746,52,28
78666,78701,78746,45,35
78666,78700,78751,51,34
78761,78761,78764,3,0
78761,78761,78764,3,0
78761,78761,78764,3,0
78761,78761,78764,3,0
78761,78761,78764,3,0
78761,78761,78764,3,0
78761,78761,78765,4,0
78761,78761,78764,3,0
78761,78761,78764,3,0
78761,78761,78765,4,0
78761,78761,78764,3,0
78761,78761,78764,3,0
78761,78761,78764,3,0
78761,78761,78764,3,0
78761,78761,78764,3,0
78761,78761,78764,3,0
78761,78761,78768,7,0
78761,78761,78769,8,0
78761,78761,78771,10,0
78761,78761,78775,14,0
78761,78761,78778,17,0
78761,78761,78778,17,0
78761,78761,78779,18,0
78761,78761,78782,21,0
78761,78761,78782,21,0
78761,78761,78783,22,0
78761,78761,78783,22,0
78761,78761,78783,22,0
78761,78761,78788,27,0
78761,78761,78788,27,0
78761,78761,78792,31,0
78761,78761,78792,31,0
78761,78761,78792,31,0
78761,78769,78793,24,8
78761,78761,78792,31,0
78761,78761,78794,33,0
78761,78761,78795,34,0
78761,78761,78796,35,0
78761,78796,78803,7,35
78761,78761,78804,43,0
78761,78761,78806,45,0
78761,78771,78808,37,10
78761,78803,78809,6,42
78761,78761,78810,49,0
78761,78764,78811,47,3
78761,78765,78811,46,4
78761,78764,78812,48,3
78761,78765,78813,48,4
78761,78795,78813,18,34
78761,78764,78814,50,3
78761,78765,78815,50,4
78761,78765,78815,50,4
78761,78775,78816,41,14
78761,78765,78815,50,4
78761,78764,78816,52,3
78761,78764,78816,52,3
78761,78765,78817,52,4
78761,78765,78817,52,4
78761,78765,78818,53,4
78761,78804,78817,13,43
78761,78778,78819,41,17
78761,78764,78818,54,3
78761,78765,78820,55,4
78761,78765,78821,56,4
78761,78782,78823,41,21
78761,78778,78824,46,17
78761,78768,78824,56,7
78761,78779,78824,45,18
78761,78783,78825,42,22
78761,78784,78825,41,23
78761,78792,78826,34,31
78761,78792,78827,35,31
78761,78788,78828,40,27
78761,78788,78829,41,27
78761,78783,78831,48,22
78761,78792,78832,40,31
78761,78793,78834,41,32
78761,78794,78835,41,33
78761,78782,78835,53,21
78761,78793,78839,46,32
78849,78849,78852,3,0
78849,78849,78852,3,0
78849,78849,78852,3,0
78849,78849,78852,3,0
78849,78849,78852,3,0
78849,78849,78852,3,0
78849,78849,78852,3,0
78849,78849,78852,3,0
78849,78849,78853,4,0
78849,78849,78852,3,0
78849,78849,78852,3,0
78849,78849,78852,3,0
78849,78849,78852,3,0
78849,78849,78852,3,0
78849,78849,78852,3,0
78849,78849,78852,3,0
78849,78849,78857,8,0
78849,78849,78859,10,0
78849,78849,78870,21,0
78849,78849,78873,24,0
78849,78849,78876,27,0
78849,78849,78877,28,0
78849,78852,78878,26,3
78849,78849,78880,31,0
78849,78849,78880,31,0
78849,78849,78881,32,0
78849,78849,78880,31,0
78849,78849,78882,33,0
78849,78849,78882,33,0
78849,78849,78883,34,0
78849,78849,78882,33,0
78849,78849,78882,33,0
78849,78849,78883,34,0
78849,78849,78884,35,0
78849,78849,78885,36,0
78849,78849,78884,35,0
78849,78849,78884,35,0
78849,78849,78886,37,0
78849,78849,78891,42,0
78849,78852,78892,40,3
78849,78849,78893,44,0
78849,78849,78896,47,0
78849,78891,78896,5,42
78849,78892,78899,7,43
78849,78853,78901,48,4
78849,78853,78902,49,4
78849,78853,78901,48,4
78849,78852,78902,50,3
78849,78853,78902,49,4
78849,78853,78903,50,4
78849,78852,78903,51,3
78849,78853,78904,51,4
78849,78853,78904,51,4
78849,78853,78905,52,4
78849,78886,78905,19,37
78849,78853,78906,53,4
78849,78853,78907,54,4
78849,78853,78906,53,4
78849,78857,78909,52,8
78849,78852,78909,57,3
78849,78859,78913,54,10
78849,78883,78919,36,34
78849,78881,78921,40,32
78849,78877,78921,44,28
78849,78870,78922,52,21
78849,78883,78923,40,34
78849,78880,78923,43,31
78849,78882,78923,41,33
78849,78880,78923,43,31
78849,78882,78924,42,33
78849,78876,78924,48,27
78849,78885,78925,40,36
78849,78883,78925,42,34
78849,78884,78926,42,35
78849,78881,78926,45,32
78849,78886,78926,40,37
78849,78885,78927,42,36
78849,78883,78931,48,34
78849,78878,78931,53,29
78849,78873,78932,59,24
78941,78941,78944,3,0
78941,78941,78944,3,0
78941,78941,78944,3,0
78941,78941,78944,3,0
78941,78941,78944,3,0
78941,78941,78945,4,0
78941,78941,78944,3,0
78941,78941,78945,4,0
78941,78941,78945,4,0
78941,78941,78945,4,0
78941,78941,78945,4,0
78941,78941,78944,3,0
78941,78941,78944,3,0
78941,78941,78944,3,0
78941,78941,78945,4,0
78941,78941,78945,4,0
78941,78941,78946,5,0
78941,78941,78954,13,0
78941,78941,78956,15,0
78941,78941,78965,24,0
78941,78941,78966,25,0
78941,78941,78966,25,0
78941,78941,78966,25,0
78941,78941,78967,26,0
78941,78941,78968,27,0
78941,78941,78968,27,0
78941,78941,78968,27,0
78941,78941,78970,29,0
78941,78941,78971,30,0
78941,78941,78971,30,0
78941,78941,78971,30,0
78941,78941,78972,31,0
78941,78941,78972,31,0
78941,78941,78973,32,0
78941,78941,78973,32,0
78941,78941,78974,33,0
78941,78941,78975,34,0
78941,78968,78976,8,27
78941,78941,78979,38,0
78941,78968,78981,13,27
78941,78967,78983,16,26
78941,78944,78984,40,3
78941,78945,78987,42,4
78941,78944,78987,43,3
78941,78945,78988,43,4
78941,78941,78988,47,0
78941,78944,78989,45,3
78941,78945,78989,44,4
78941,78945,78990,45,4
78941,78981,78990,9,40
78941,78945,78990,45,4
78941,78941,78990,49,0
78941,78945,78991,46,4
78941,78944,78992,48,3
78941,78945,78992,47,4
78941,78946,78992,46,5
78941,78946,78993,47,5
78941,78945,78993,48,4
78941,78944,78994,50,3
78941,78945,78993,48,4
78941,78947,78994,47,6
78941,78966,79000,34,25
78941,78972,79000,28,31
78941,78956,79000,44,15
78941,78954,79001,47,13
78941,78966,79002,36,25
78941,78972,79003,31,31
78941,78969,79004,35,28
78941,78974,79006,32,33
78941,78965,79009,44,24
78941,78970,79009,39,29
78941,78973,79009,36,32
78941,78979,79009,30,38
78941,78976,79009,33,35
78941,78973,79009,36,32
78941,78974,79010,36,33
78941,78971,79010,39,30
78941,78975,79012,37,34
78941,78972,79012,40,31
78941,78966,79015,49,25
79024,79024,79027,3,0
79024,79024,79027,3,0
79024,79024,79027,3,0
79024,79024,79027,3,0
79024,79024,79027,3,0
79024,79024,79027,3,0
79024,79024,79027,3,0
79024,79024,79028,4,0
79024,79024,79027,3,0
79024,79024,79027,3,0
79024,79024,79027,3,0
79024,79024,79027,3,0
79024,79024,79027,3,0
79024,79024,79027,3,0
79024,79024,79027,3,0
79024,79024,79029,5,0
79024,79024,79032,8,0
79024,79024,79040,16,0
79024,79024,79044,20,0
79024,79024,79045,21,0
79024,79024,79049,25,0
79024,79024,79049,25,0
79024,79024,79051,27,0
79024,79024,79053,29,0
79024,79024,79054,30,0
79024,79024,79054,30,0
79024,79024,79054,30,0
79024,79024,79054,30,0
79024,79024,79055,31,0
79024,79024,79054,30,0
79024,79024,79055,31,0
79024,79054,79056,2,30
79024,79024,79055,31,0
79024,79054,79057,3,30
79024,79055,79057,2,31
79024,79053,79056,3,29
79024,79054,79056,2,30
79024,79024,79058,34,0
79024,79024,79061,37,0
79024,79024,79061,37,0
79024,79024,79062,38,0
79024,79024,79064,40,0
79024,79055,79069,14,31
79024,79027,79070,43,3
79024,79024,79070,46,0
79024,79024,79073,49,0
79024,79027,79075,48,3
79024,79024,79075,51,0
79024,79027,79077,50,3
79024,79028,79078,50,4
79024,79028,79079,51,4
79024,79027,79079,52,3
79024,79028,79080,52,4
79024,79028,79081,53,4
79024,79050,79081,31,26
79024,79028,79082,54,4
79024,79027,79082,55,3
79024,79027,79083,56,3
79024,79028,79083,55,4
79024,79028,79084,56,4
79024,79028,79084,56,4
79024,79051,79085,34,27
79024,79028,79086,58,4
79024,79029,79088,59,5
79024,79046,79092,46,22
79024,79055,79096,41,31
79024,79032,79096,64,8
79024,79061,79098,37,37
79024,79056,79098,42,32
79024,79050,79099,49,26
79024,79044,79099,55,20
79024,79057,79100,43,33
79024,79056,79099,43,32
79024,79057,79099,42,33
79024,79058,79100,42,34
79024,79056,79102,46,32
79024,79058,79102,44,34
79024,79058,79102,44,34
79024,79061,79106,45,37
79024,79040,79107,67,16
79115,79115,79118,3,0
79115,79115,79118,3,0
79115,79115,79119,4,0
79115,79116,79119,3,1
79115,79116,79119,3,1
79115,79116,79119,3,1
79115,79116,79119,3,1
79115,79116,79118,2,1
79115,79116,79118,2,1
79115,79115,79119,4,0
79115,79115,79119,4,0
79115,79116,79119,3,1
79115,79115,79119,4,0
79115,79116,79119,3,1
79115,79115,79119,4,0
79115,79116,79120,4,1
79115,79115,79122,7,0
79115,79116,79126,10,1
79115,79115,79126,11,0
79115,79115,79134,19,0
79115,79120,79142,22,5
79115,79115,79142,27,0
79115,79115,79143,28,0
79115,79115,79143,28,0
79115,79115,79143,28,0
79115,79115,79144,29,0
79115,79115,79143,28,0
79115,79116,79145,29,1
79115,79120,79145,25,5
79115,79115,79144,29,0
79115,79115,79146,31,0
79115,79143,79146,3,28
79115,79144,79146,2,29
79115,79144,79147,3,29
79115,79145,79148,3,30
79115,79116,79148,32,1
79115,79145,79148,3,30
79115,79115,79148,33,0
79115,79115,79147,32,0
79115,79145,79147,2,30
79115,79120,79149,29,5
79115,79115,79149,34,0
79115,79120,79148,28,5
79115,79143,79150,7,28
79115,79115,79150,35,0
79115,79146,79149,3,31
79115,79115,79150,35,0
79115,79115,79150,35,0
79115,79115,79153,38,0
79115,79116,79156,40,1
79115,79116,79157,41,1
79115,79119,79159,40,4
79115,79116,79160,44,1
79115,79118,79161,43,3
79115,79119,79163,44,4
79115,79119,79164,45,4
79115,79119,79164,45,4
79115,79120,79165,45,5
79115,79120,79165,45,5
79115,79119,79166,47,4
79115,79120,79165,45,5
79115,79146,79167,21,31
79115,79118,79173,55,3
79115,79120,79175,55,5
79115,79143,79176,33,28
79115,79121,79177,56,6
79115,79126,79182,56,11
79115,79127,79184,57,12
79115,79147,79184,37,32
79115,79122,79185,63,7
79115,79148,79187,39,33
79115,79146,79187,41,31
79115,79148,79187,39,33
79115,79143,79189,46,28
79115,79148,79190,42,33
79115,79148,79191,43,33
79115,79148,79192,44,33
79115,79148,79193,45,33
79115,79134,79199,65,19
79115,79142,79202,60,27
79211,79212,79214,2,1
79211,79211,79215,4,0
79211,79211,79214,3,0
79211,79212,79215,3,1
79211,79212,79214,2,1
79211,79212,79215,3,1
79211,79212,79215,3,1
79211,79212,79215,3,1
79211,79212,79215,3,1
79211,79212,79215,3,1
79211,79212,79215,3,1
79211,79212,79216,4,1
79211,79211,79215,4,0
79211,79212,79215,3,1
79211,79211,79215,4,0
79211,79212,79215,3,1
79211,79211,79215,4,0
79211,79211,79222,11,0
79211,79212,79224,12,1
79211,79211,79232,21,0
79211,79212,79236,24,1
79211,79211,79238,27,0
79211,79211,79239,28,0
79211,79211,79240,29,0
79211,79211,79241,30,0
79211,79211,79241,30,0
79211,79211,79242,31,0
79211,79211,79243,32,0
79211,79211,79243,32,0
79211,79242,79244,2,31
79211,79212,79244,32,1
79211,79241,79244,3,30
79211,79211,79245,34,0
79211,79242,79244,2,31
79211,79243,79245,2,32
79211,79244,79246,2,33
79211,79211,79245,34,0
79211,79244,79246,2,33
79211,79244,79247,3,33
79211,79244,79246,2,33
79211,79211,79248,37,0
79211,79211,79248,37,0
79211,79240,79248,8,29
79211,79246,79249,3,35
79211,79245,79248,3,34
79211,79211,79248,37,0
79211,79245,79249,4,34
79211,79211,79249,38,0
79211,79212,79250,38,1
79211,79211,79249,38,0
79211,79246,79249,3,35
79211,79212,79254,42,1
79211,79247,79255,8,36
79211,79246,79255,9,35
79211,79212,79258,46,1
79211,79215,79260,45,4
79211,79215,79260,45,4
79211,79215,79260,45,4
79211,79215,79260,45,4
79211,79247,79261,14,36
79211,79215,79262,47,4
79211,79239,79262,23,28
79211,79245,79263,18,34
79211,79214,79263,49,3
79211,79216,79265,49,5
79211,79215,79266,51,4
79211,79216,79265,49,5
79211,79215,79267,52,4
79211,79216,79267,51,5
79211,79216,79267,51,5
79211,79216,79267,51,5
79211,79215,79268,53,4
79211,79238,79271,33,27
79211,79236,79273,37,25
79211,79216,79273,57,5
79211,79216,79275,59,5
79211,79232,79282,50,21
79211,79224,79283,59,13
79211,79216,79284,68,5
79211,79222,79285,63,11
79293,79293,79295,2,0
79293,79293,79296,3,0
79293,79293,79296,3,0
79293,79293,79296,3,0
79293,79293,79296,3,0
79293,79293,79296,3,0
79293,79293,79296,3,0
79293,79293,79296,3,0
79293,79293,79297,4,0
79293,79293,79296,3,0
79293,79293,79296,3,0
79293,79293,79296,3,0
79293,79293,79296,3,0
79293,79293,79296,3,0
79293,79293,79296,3,0
79293,79293,79296,3,0
79293,79293,79297,4,0
79293,79293,79299,6,0
79293,79293,79312,19,0
79293,79293,79313,20,0
79293,79293,79314,21,0
79293,79293,79318,25,0
79293,79293,79318,25,0
79293,79293,79318,25,0
79293,79293,79320,27,0
79293,79293,79321,28,0
79293,79293,79321,28,0
79293,79293,79321,28,0
79293,79293,79323,30,0
79293,79293,79323,30,0
79293,79321,79323,2,28
79293,79293,79323,30,0
79293,79293,79324,31,0
79293,79293,79324,31,0
79293,79293,79323,30,0
79293,79320,79323,3,27
79293,79293,79323,30,0
79293,79321,79323,2,28
79293,79323,79325,2,30
79293,79323,79325,2,30
79293,79293,79325,32,0
79293,79323,79326,3,30
79293,79323,79325,2,30
79293,79324,79326,2,31
79293,79293,79325,32,0
79293,79323,79326,3,30
79293,79324,79326,2,31
79293,79324,79326,2,31
79293,79324,79327,3,31
79293,79324,79326,2,31
79293,79324,79327,3,31
79293,79325,79328,3,32
79293,79325,79327,2,32
79293,79319,79331,12,26
79293,79293,79334,41,0
79293,79293,79340,47,0
79293,79293,79340,47,0
79293,79296,79341,45,3
79293,79295,79343,48,2
79293,79296,79343,47,3
79293,79296,79343,47,3
79293,79297,79344,47,4
79293,79297,79345,48,4
79293,79297,79345,48,4
79293,79297,79346,49,4
79293,79297,79346,49,4
79293,79297,79348,51,4
79293,79296,79348,52,3
79293,79296,79349,53,3
79293,79296,79350,54,3
79293,79297,79352,55,4
79293,79297,79351,54,4
79293,79318,79353,35,25
79293,79297,79353,56,4
79293,79298,79357,59,5
79293,79314,79360,46,21
79293,79299,79362,63,6
79293,79313,79362,49,20
79293,79318,79367,49,25
79293,79313,79369,56,20
79378,79378,79381,3,0
79378,79378,79381,3,0
79378,79378,79381,3,0
79378,79378,79381,3,0
79378,79378,79382,4,0
79378,79378,79382,4,0
79378,79378,79382,4,0
79378,79378,79382,4,0
79378,79378,79382,4,0
79378,79378,79382,4,0
79378,79378,79382,4,0
79378,79378,79382,4,0
79378,79378,79382,4,0
79378,79378,79382,4,0
79378,79378,79382,4,0
79378,79378,79382,4,0
79378,79378,79383,5,0
79378,79378,79386,8,0
79378,79378,79396,18,0
79378,79378,79396,18,0
79378,79378,79397,19,0
79378,79378,79399,21,0
79378,79378,79400,22,0
79378,79378,79402,24,0
79378,79378,79404,26,0
79378,79378,79404,26,0
79378,79378,79405,27,0
79378,79404,79406,2,26
79378,79404,79406,2,26
79378,79378,79406,28,0
79378,79405,79407,2,27
79378,79378,79408,30,0
79378,79406,79408,2,28
79378,79378,79409,31,0
79378,79406,79409,3,28
79378,79407,79409,2,29
79378,79378,79409,31,0
79378,79407,79409,2,29
79378,79378,79409,31,0
79378,79378,79409,31,0
79378,79378,79410,32,0
79378,79408,79410,2,30
79378,79409,79411,2,31
79378,79409,79411,2,31
79378,79409,79410,1,31
79378,79409,79412,3,31
79378,79409,79411,2,31
79378,79410,79412,2,32
79378,79378,79411,33,0
79378,79378,79411,33,0
79378,79410,79412,2,32
79378,79410,79413,3,32
79378,79378,79414,36,0
79378,79378,79416,38,0
79378,79403,79415,12,25
79378,79378,79420,42,0
79378,79382,79422,40,4
79378,79378,79423,45,0
79378,79382,79425,43,4
79378,79383,79427,44,5
79378,79381,79428,47,3
79378,79381,79428,47,3
79378,79381,79428,47,3
79378,79381,79427,46,3
79378,79382,79428,46,4
79378,79382,79429,47,4
79378,79382,79433,51,4
79378,79383,79433,50,5
79378,79383,79434,51,5
79378,79382,79434,52,4
79378,79383,79435,52,5
79378,79383,79436,53,5
79378,79383,79436,53,5
79378,79384,79438,54,6
79378,79386,79440,54,8
79378,79400,79441,41,22
79378,79397,79442,45,19
79378,79396,79444,48,18
79378,79399,79453,54,21
79378,79396,79454,58,18
79462,79462,79465,3,0
79462,79462,79465,3,0
79462,79462,79465,3,0
79462,79462,79465,3,0
79462,79462,79465,3,0
79462,79462,79465,3,0
79462,79462,79465,3,0
79462,79462,79465,3,0
79462,79462,79465,3,0
79462,79462,79465,3,0
79462,79462,79465,3,0
79462,79462,79466,4,0
79462,79462,79466,4,0
79462,79462,79466,4,0
79462,79462,79465,3,0
79462,79462,79467,5,0
79462,79462,79466,4,0
79462,79462,79466,4,0
79462,79462,79467,5,0
79462,79462,79469,7,0
79462,79462,79470,8,0
79462,79462,79473,11,0
79462,79466,79473,7,4
79462,79462,79474,12,0
79462,79462,79476,14,0
79462,79465,79476,11,3
79462,79462,79478,16,0
79462,79476,79479,3,14
79462,79476,79479,3,14
79462,79478,79480,2,16
79462,79462,79481,19,0
79462,79462,79481,19,0
79462,79479,79482,3,17
79462,79479,79482,3,17
79462,79480,79482,2,18
79462,79481,79483,2,19
79462,79482,79484,2,20
79462,79481,79484,3,19
79462,79482,79484,2,20
79462,79482,79485,3,20
79462,79483,79485,2,21
79462,79484,79486,2,22
79462,79466,79486,20,4
79462,79484,79487,3,22
79462,79484,79487,3,22
79462,79462,79487,25,0
79462,79485,79488,3,23
79462,79466,79488,22,4
79462,79474,79490,16,12
79462,79462,79490,28,0
79462,79462,79491,29,0
79462,79462,79492,30,0
79462,79462,79493,31,0
79462,79462,79493,31,0
79462,79462,79494,32,0
79462,79462,79494,32,0
79462,79466,79495,29,4
79462,79462,79496,34,0
79462,79462,79498,36,0
79462,79465,79499,34,3
79462,79462,79502,40,0
79462,79465,79502,37,3
79462,79465,79502,37,3
79462,79462,79502,40,0
79462,79466,79504,38,4
79462,79462,79504,42,0
79462,79465,79507,42,3
79462,79465,79510,45,3
79462,79467,79512,45,5
79462,79465,79514,49,3
79462,79466,79514,48,4
79462,79469,79514,45,7
79462,79467,79516,49,5
79462,79466,79517,51,4
79462,79468,79520,52,6
79462,79467,79521,54,5
79462,79473,79521,48,11
79462,79473,79523,50,11
79462,79467,79527,60,5
79462,79470,79529,59,8
79538,79538,79540,2,0
79538,79538,79540,2,0
79538,79538,79540,2,0
79538,79538,79541,3,0
79538,79538,79541,3,0
79538,79538,79541,3,0
79538,79538,79541,3,0
79538,79538,79541,3,0
79538,79538,79541,3,0
79538,79538,79540,2,0
79538,79538,79541,3,0
79538,79538,79542,4,0
79538,79538,79541,3,0
79538,79538,79541,3,0
79538,79538,79542,4,0
79538,79538,79541,3,0
79538,79538,79541,3,0
79538,79538,79541,3,0
79538,79538,79541,3,0
79538,79538,79544,6,0
79538,79538,79543,5,0
79538,79538,79545,7,0
79538,79538,79546,8,0
79538,79538,79551,13,0
79538,79538,79558,20,0
79538,79558,79561,3,20
79538,79538,79561,23,0
79538,79538,79561,23,0
79538,79538,79563,25,0
79538,79561,79563,2,23
79538,79561,79564,3,23
79538,79561,79563,2,23
79538,79563,79565,2,25
79538,79538,79564,26,0
79538,79563,79565,2,25
79538,79538,79565,27,0
79538,79564,79566,2,26
79538,79540,79566,26,2
79538,79564,79566,2,26
79538,79565,79567,2,27
79538,79565,79567,2,27
79538,79538,79567,29,0
79538,79538,79567,29,0
79538,79538,79568,30,0
79538,79538,79568,30,0
79538,79540,79567,27,2
79538,79538,79568,30,0
79538,79565,79567,2,27
79538,79565,79567,2,27
79538,79567,79569,2,29
79538,79538,79569,31,0
79538,79538,79569,31,0
79538,79566,79569,3,28
79538,79567,79569,2,29
79538,79567,79569,2,29
79538,79540,79574,34,2
79538,79538,79576,38,0
79538,79551,79578,27,13
79538,79547,79579,32,9
79538,79538,79580,42,0
79538,79538,79581,43,0
79538,79541,79582,41,3
79538,79541,79582,41,3
79538,79543,79582,39,5
79538,79542,79585,43,4
79538,79541,79586,45,3
79538,79541,79587,46,3
79538,79542,79587,45,4
79538,79545,79587,42,7
79538,79542,79588,46,4
79538,79542,79588,46,4
79538,79541,79590,49,3
79538,79542,79591,49,4
79538,79541,79591,50,3
79538,79541,79594,53,3
79538,79542,79597,55,4
79538,79544,79600,56,6
79538,79543,79602,59,5
79538,79542,79602,60,4
79538,79545,79602,57,7
79612,79612,79614,2,0
79612,79612,79614,2,0
79612,79612,79613,1,0
79612,79612,79615,3,0
79612,79612,79615,3,0
79612,79612,79615,3,0
79612,79612,79615,3,0
79612,79612,79615,3,0
79612,79612,79615,3,0
79612,79612,79615,3,0
79612,79612,79615,3,0
79612,79612,79615,3,0
79612,79612,79616,4,0
79612,79612,79615,3,0
79612,79612,79615,3,0
79612,79612,79615,3,0
79612,79612,79615,3,0
79612,79612,79615,3,0
79612,79612,79615,3,0
79612,79612,79615,3,0
79612,79612,79615,3,0
79612,79612,79618,6,0
79612,79612,79624,12,0
79612,79612,79625,13,0
79612,79612,79628,16,0
79612,79612,79630,18,0
79612,79612,79631,19,0
79612,79628,79631,3,16
79612,79630,79632,2,18
79612,79631,79633,2,19
79612,79612,79633,21,0
79612,79632,79634,2,20
79612,79633,79635,2,21
79612,79632,79634,2,20
79612,79634,79636,2,22
79612,79633,79636,3,21
79612,79635,79637,2,23
79612,79635,79637,2,23
79612,79636,79637,1,24
79612,79612,79638,26,0
79612,79612,79639,27,0
79612,79636,79639,3,24
79612,79637,79639,2,25
79612,79612,79639,27,0
79612,79612,79640,28,0
79612,79612,79640,28,0
79612,79638,79640,2,26
79612,79638,79641,3,26
79612,79638,79642,4,26
79612,79612,79643,31,0
79612,79625,79644,19,13
79612,79612,79644,32,0
79612,79612,79645,33,0
79612,79612,79647,35,0
79612,79614,79648,34,2
79612,79614,79648,34,2
79612,79612,79651,39,0
79612,79614,79652,38,2
79612,79612,79654,42,0
79612,79615,79655,40,3
79612,79624,79657,33,12
79612,79615,79657,42,3
79612,79615,79658,43,3
79612,79615,79659,44,3
79612,79615,79659,44,3
79612,79616,79659,43,4
79612,79612,79660,48,0
79612,79615,79660,45,3
79612,79616,79661,45,4
79612,79615,79661,46,3
79612,79615,79662,47,3
79612,79615,79662,47,3
79612,79616,79663,47,4
79612,79618,79668,50,6
79612,79616,79670,54,4
79612,79616,79670,54,4
79612,79616,79670,54,4
79612,79616,79672,56,4
79612,79616,79671,55,4
79612,79616,79678,62,4
79687,79687,79689,2,0
79687,79687,79689,2,0
79687,79687,79689,2,0
79687,79687,79690,3,0
79687,79687,79690,3,0
79687,79687,79690,3,0
79687,79687,79690,3,0
79687,79687,79690,3,0
79687,79687,79690,3,0
79687,79687,79690,3,0
79687,79687,79691,4,0
79687,79687,79690,3,0
79687,79687,79691,4,0
79687,79687,79690,3,0
79687,79687,79691,4,0
79687,79687,79690,3,0
79687,79687,79691,4,0
79687,79687,79690,3,0
79687,79687,79690,3,0
79687,79687,79690,3,0
79687,79687,79690,3,0
79687,79687,79692,5,0
79687,79687,79704,17,0
79687,79687,79704,17,0
79687,79687,79704,17,0
79687,79687,79706,19,0
79687,79705,79708,3,18
79687,79706,79708,2,19
79687,79687,79708,21,0
79687,79708,79710,2,21
79687,79708,79709,1,21
79687,79709,79711,2,22
79687,79687,79712,25,0
79687,79710,79712,2,23
79687,79687,79713,26,0
79687,79711,79712,1,24
79687,79712,79714,2,25
79687,79712,79714,2,25
79687,79712,79715,3,25
79687,79713,79715,2,26
79687,79687,79715,28,0
79687,79713,79715,2,26
79687,79714,79716,2,27
79687,79687,79716,29,0
79687,79687,79717,30,0
79687,79687,79716,29,0
79687,79714,79716,2,27
79687,79687,79718,31,0
79687,79715,79718,3,28
79687,79715,79718,3,28
79687,79687,79719,32,0
79687,79687,79719,32,0
79687,79705,79718,13,18
79687,79689,79726,37,2
79687,79687,79726,39,0
79687,79689,79728,39,2
79687,79687,79729,42,0
79687,79687,79729,42,0
79687,79689,79729,40,2
79687,79687,79731,44,0
79687,79690,79735,45,3
79687,79691,79735,44,4
79687,79690,79735,45,3
79687,79690,79736,46,3
79687,79692,79736,44,5
79687,79691,79736,45,4
79687,79691,79737,46,4
79687,79690,79737,47,3
79687,79704,79737,33,17
79687,79691,79736,45,4
79687,79690,79737,47,3
79687,79691,79737,46,4
79687,79690,79739,49,3
79687,79691,79742,51,4
79687,79692,79742,50,5
79687,79691,79743,52,4
79687,79691,79745,54,4
79687,79691,79745,54,4
79687,79692,79747,55,5
79687,79691,79748,57,4
79758,79758,79760,2,0
79758,79758,79760,2,0
79758,79758,79761,3,0
79758,79758,79761,3,0
79758,79758,79760,2,0
79758,79758,79761,3,0
79758,79758,79761,3,0
79758,79758,79761,3,0
79758,79758,79761,3,0
79758,79758,79762,4,0
79758,79758,79761,3,0
79758,79758,79762,4,0
79758,79758,79761,3,0
79758,79758,79762,4,0
79758,79758,79762,4,0
79758,79758,79762,4,0
79758,79758,79762,4,0
79758,79758,79762,4,0
79758,79758,79762,4,0
79758,79758,79762,4,0
79758,79758,79762,4,0
79758,79758,79762,4,0
79758,79758,79762,4,0
79758,79762,79764,2,4
79758,79762,79764,2,4
79758,79758,79766,8,0
79758,79766,79768,2,8
79758,79765,79769,4,7
79758,79768,79770,2,10
79758,79758,79769,11,0
79758,79769,79772,3,11
79758,79770,79772,2,12
79758,79772,79774,2,14
79758,79770,79773,3,12
79758,79772,79774,2,14
79758,79774,79777,3,16
79758,79774,79777,3,16
79758,79758,79777,19,0
79758,79774,79777,3,16
79758,79777,79779,2,19
79758,79764,79780,16,6
79758,79777,79780,3,19
79758,79777,79779,2,19
79758,79778,79781,3,20
79758,79779,79780,1,21
79758,79758,79782,24,0
79758,79758,79783,25,0
79758,79758,79783,25,0
79758,79758,79786,28,0
79758,79758,79786,28,0
79758,79758,79787,29,0
79758,79758,79787,29,0
79758,79758,79790,32,0
79758,79758,79791,33,0
79758,79758,79794,36,0
79758,79761,79794,33,3
79758,79760,79795,35,2
79758,79758,79798,40,0
79758,79761,79798,37,3
79758,79758,79798,40,0
79758,79760,79798,38,2
79758,79758,79798,40,0
79758,79761,79799,38,3
79758,79763,79803,40,5
79758,79758,79804,46,0
79758,79761,79805,44,3
79758,79762,79805,43,4
79758,79762,79806,44,4
79758,79762,79806,44,4
79758,79761,79806,45,3
79758,79762,79809,47,4
79758,79763,79809,46,5
79758,79762,79810,48,4
79758,79762,79811,49,4
79758,79763,79811,48,5
79758,79762,79813,51,4
79758,79763,79814,51,5
79758,79763,79814,51,5
79758,79763,79816,53,5
79758,79763,79818,55,5
79826,79827,79829,2,1
79826,79827,79828,1,1
79826,79827,79828,1,1
79826,79827,79830,3,1
79826,79827,79830,3,1
79826,79827,79830,3,1
79826,79827,79830,3,1
79826,79827,79830,3,1
79826,79827,79830,3,1
79826,79827,79830,3,1
79826,79827,79830,3,1
79826,79827,79830,3,1
79826,79827,79830,3,1
79826,79827,79830,3,1
79826,79827,79830,3,1
79826,79827,79830,3,1
79826,79827,79830,3,1
79826,79827,79830,3,1
79826,79827,79830,3,1
79826,79827,79830,3,1
79826,79827,79830,3,1
79826,79827,79835,8,1
79826,79827,79839,12,1
79826,79827,79849,22,1
79826,79827,79849,22,1
79826,79827,79849,22,1
79826,79827,79850,23,1
79826,79849,79851,2,23
79826,79827,79851,24,1
79826,79849,79851,2,23
79826,79827,79851,24,1
79826,79831,79852,21,5
79826,79851,79853,2,25
79826,79851,79853,2,25
79826,79827,79854,27,1
79826,79851,79854,3,25
79826,79851,79854,3,25
79826,79827,79854,27,1
79826,79851,79853,2,25
79826,79853,79855,2,27
79826,79831,79855,24,5
79826,79852,79854,2,26
79826,79827,79856,29,1
79826,79829,79855,26,3
79826,79853,79855,2,27
79826,79854,79856,2,28
79826,79854,79855,1,28
79826,79831,79857,26,5
79826,79854,79857,3,28
79826,79854,79857,3,28
79826,79854,79856,2,28
79826,79827,79858,31,1
79826,79855,79857,2,29
79826,79827,79859,32,1
79826,79827,79860,33,1
79826,79830,79860,30,4
79826,79829,79861,32,3
79826,79827,79862,35,1
79826,79829,79862,33,3
79826,79849,79862,13,23
79826,79827,79862,35,1
79826,79831,79863,32,5
79826,79827,79863,36,1
79826,79830,79863,33,4
79826,79830,79864,34,4
79826,79831,79864,33,5
79826,79827,79866,39,1
79826,79839,79867,28,13
79826,79830,79869,39,4
79826,79831,79869,38,5
79826,79827,79869,42,1
79826,79830,79871,41,4
79826,79830,79873,43,4
79826,79831,79876,45,5
79826,79831,79878,47,5
79826,79831,79879,48,5
79826,79835,79885,50,9
79826,79831,79886,55,5
79826,79831,79886,55,5
79826,79831,79890,59,5
79898,79898,79900,2,0
79898,79898,79900,2,0
79898,79898,79901,3,0
79898,79898,79901,3,0
79898,79898,79901,3,0
79898,79898,79901,3,0
79898,79898,79901,3,0
79898,79898,79901,3,0
79898,79898,79901,3,0
79898,79898,79902,4,0
79898,79898,79901,3,0
79898,79898,79902,4,0
79898,79898,79901,3,0
79898,79898,79901,3,0
79898,79898,79901,3,0
79898,79898,79901,3,0
79898,79898,79901,3,0
79898,79898,79901,3,0
79898,79898,79902,4,0
79898,79898,79903,5,0
79898,79898,79902,4,0
79898,79898,79905,7,0
79898,79898,79909,11,0
79898,79898,79918,20,0
79898,79898,79921,23,0
79898,79921,79923,2,23
79898,79898,79924,26,0
79898,79898,79924,26,0
79898,79898,79925,27,0
79898,79923,79925,2,25
79898,79924,79926,2,26
79898,79924,79925,1,26
79898,79898,79925,27,0
79898,79898,79927,29,0
79898,79925,79927,2,27
79898,79898,79926,28,0
79898,79925,79926,1,27
79898,79898,79927,29,0
79898,79926,79928,2,28
79898,79926,79928,2,28
79898,79898,79928,30,0
79898,79927,79929,2,29
79898,79926,79928,2,28
79898,79927,79928,1,29
79898,79928,79929,1,30
79898,79928,79930,2,30
79898,79927,79929,2,29
79898,79928,79930,2,30
79898,79898,79929,31,0
79898,79929,79932,3,31
79898,79901,79932,31,3
79898,79898,79933,35,0
79898,79900,79935,35,2
79898,79898,79936,38,0
79898,79898,79938,40,0
79898,79898,79938,40,0
79898,79900,79938,38,2
79898,79898,79939,41,0
79898,79898,79939,41,0
79898,79902,79940,38,4
79898,79902,79941,39,4
79898,79901,79943,42,3
79898,79901,79943,42,3
79898,79918,79944,26,20
79898,79902,79944,42,4
79898,79902,79946,44,4
79898,79902,79946,44,4
79898,79901,79946,45,3
79898,79901,79946,45,3
79898,79902,79947,45,4
79898,79902,79949,47,4
79898,79909,79949,40,11
79898,79902,79950,48,4
79898,79901,79951,50,3
79898,79903,79953,50,5
79898,79903,79953,50,5
79898,79903,79955,52,5
79898,79903,79956,53,5
79898,79903,79957,54,5
79898,79905,79957,52,7
79967,79967,79969,2,0
79967,79967,79969,2,0
79967,79967,79969,2,0
79967,79967,79970,3,0
79967,79967,79970,3,0
79967,79967,79970,3,0
79967,79967,79970,3,0
79967,79967,79970,3,0
79967,79967,79970,3,0
79967,79967,79970,3,0
79967,79967,79971,4,0
79967,79967,79970,3,0
79967,79967,79970,3,0
79967,79967,79970,3,0
79967,79967,79970,3,0
79967,79967,79970,3,0
79967,79967,79970,3,0
79967,79967,79970,3,0
79967,79967,79970,3,0
79967,79967,79970,3,0
79967,79967,79970,3,0
79967,79967,79974,7,0
79967,79967,79982,15,0
79967,79967,79988,21,0
79967,79967,79989,22,0
79967,79967,79990,23,0
79967,79967,79991,24,0
79967,79991,79993,2,24
79967,79967,79994,27,0
79967,79967,79994,27,0
79967,79990,79994,4,23
79967,79993,79995,2,26
79967,79967,79995,28,0
79967,79994,79996,2,27
79967,79995,79996,1,28
79967,79995,79997,2,28
79967,79995,79997,2,28
79967,79994,79997,3,27
79967,79967,79998,31,0
79967,79996,79998,2,29
79967,79997,79999,2,30
79967,79997,79998,1,30
79967,79997,79999,2,30
79967,79967,79999,32,0
79967,79967,79998,31,0
79967,79998,80000,2,31
79967,79997,80000,3,30
79967,79967,80001,34,0
79967,79969,80001,32,2
79967,79998,80001,3,31
79967,79967,80002,35,0
79967,79967,80002,35,0
79967,79967,80004,37,0
79967,79970,80006,36,3
79967,79969,80007,38,2
79967,79967,80007,40,0
79967,79967,80008,41,0
79967,79969,80008,39,2
79967,79970,80010,40,3
79967,79967,80011,44,0
79967,79970,80012,42,3
79967,79971,80012,41,4
79967,79971,80013,42,4
79967,79970,80014,44,3
79967,79971,80014,43,4
79967,79971,80015,44,4
79967,79970,80015,45,3
79967,79970,80017,47,3
79967,79971,80018,47,4
79967,79971,80018,47,4
79967,79971,80019,48,4
79967,79971,80019,48,4
79967,79971,80020,49,4
79967,79971,80020,49,4
79967,79971,80020,49,4
79967,79989,80028,39,22
79967,79971,80030,59,4
79967,79974,80030,56,7
79967,79982,80033,51,15
79967,79988,80033,45,21
81195,81195,82438,1243,0
82438,82439,82446,7,1
82438,82439,82451,12,1
82438,82439,82452,13,1
82438,82439,82453,14,1
82438,82439,82454,15,1
82438,82439,82455,16,1
82438,82439,82455,16,1
82438,82439,82455,16,1
82438,82439,82455,16,1
82438,82439,82457,18,1
82438,82439,82458,19,1
82438,82439,82460,21,1
82438,82439,82461,22,1
82438,82439,82462,23,1
82438,82439,82464,25,1
82438,82439,82465,26,1
82438,82439,82466,27,1
82438,82439,82467,28,1
82438,82439,82469,30,1
82438,82439,82470,31,1
82438,82439,82471,32,1
82438,82446,82471,25,8
82438,82471,82473,2,33
82438,82473,82475,2,35
82438,82471,82476,5,33
82438,82439,82477,38,1
82438,82475,82476,1,37
82438,82476,82479,3,38
82438,82477,82479,2,39
82438,82477,82479,2,39
82438,82479,82481,2,41
82438,82479,82480,1,41
82438,82479,82482,3,41
82438,82481,82483,2,43
82438,82481,82484,3,43
82438,82482,82484,2,44
82438,82483,82485,2,45
82438,82484,82486,2,46
82438,82484,82487,3,46
82438,82485,82489,4,47
82438,82451,82495,44,13
82438,82455,82496,41,17
82438,82470,82496,26,32
82438,82452,82497,45,14
82438,82453,82498,45,15
81188,81188,82500,1312,0
82438,82455,82500,45,17
82438,82458,82502,44,20
82438,82486,82502,16,48
82438,82469,82503,34,31
82438,82455,82502,47,17
82438,82454,82505,51,16
82438,82457,82508,51,19
82438,82461,82509,48,23
82438,82460,82511,51,22
82438,82500,82514,14,62
81193,81193,82514,1321,0
82438,82455,82515,60,17
82438,82467,82515,48,29
82438,82465,82517,52,27
82438,82487,82517,30,49
82438,82489,82519,30,51
82438,82462,82519,57,24
82438,82464,82520,56,26
82438,82466,82526,60,28
81192,81192,82535,1343,0
81201,81201,82534,1333,0
82500,82519,82536,17,19
82500,82520,82536,16,20
82500,82517,82538,21,17
82500,82519,82538,19,19
82500,82526,82541,15,26
82438,82496,82542,46,58
82438,82496,82542,46,58
82500,82535,82543,8,35
82500,82518,82543,25,18
82500,82535,82545,10,35
82438,82496,82547,51,58
82500,82537,82548,11,37
82500,82536,82550,14,36
82500,82538,82552,14,38
82500,82539,82552,13,39
82500,82543,82555,12,43
82500,82541,82557,16,41
82438,82497,82557,60,59
82500,82542,82558,16,42
81196,81196,82559,1363,0
81190,81190,82559,1369,0
82438,82498,82560,62,60
82500,82542,82561,19,42
82500,82545,82562,17,45
82438,82514,82564,50,76
82500,82555,82565,10,55
82500,82544,82566,22,44
82438,82502,82568,66,64
82438,82501,82569,68,63
82438,82503,82569,66,65
82438,82502,82569,67,64
82438,82503,82569,66,65
82500,82515,82571,56,15
82438,82514,82572,58,76
82500,82552,82572,20,52
82500,82572,82575,3,72
82500,82558,82576,18,58
82500,82548,82576,28,48
81199,81199,82575,1376,0
82500,82575,82577,2,75
82500,82552,82577,25,52
82438,82508,82576,68,70
82438,82505,82578,73,67
82438,82511,82579,68,73
82500,82576,82579,3,76
82500,82576,82579,3,76
82500,82576,82578,2,76
82500,82577,82578,1,77
82438,82510,82579,69,72
82500,82547,82580,33,47
82500,82559,82580,21,59
82500,82577,82579,2,77
82500,82578,82581,3,78
82500,82557,82581,24,57
82500,82578,82581,3,78
82500,82579,82581,2,79
82500,82579,82581,2,79
82500,82579,82581,2,79
82500,82579,82581,2,79
82500,82579,82581,2,79
82500,82550,82581,31,50
82500,82579,82583,4,79
82438,82515,82584,69,77
82500,82580,82585,5,80
81203,81203,82588,1385,0
82500,82580,82589,9,80
82500,82566,82589,23,66
82500,82560,82590,30,60
82500,82572,82591,19,72
82500,82562,82592,30,62
82500,82568,82592,24,68
82500,82559,82591,32,59
82500,82580,82591,11,80
82500,82557,82594,37,57
82500,82571,82595,24,71
82500,82564,82599,35,64
82500,82565,82601,36,65
82500,82581,82603,22,81
82500,82581,82603,22,81
82500,82581,82606,25,81
82500,82570,82611,41,70
82500,82561,82612,51,61
82500,82569,82614,45,69
82515,82592,82614,22,77
82500,82570,82615,45,70
82500,82589,82617,28,89
82500,82591,82621,30,91
82500,82569,82621,52,69
82515,82599,82621,22,84
82515,82592,82625,33,77
82515,82595,82625,30,80
81190,81190,82625,1435,0
81197,81197,82626,1429,0
82500,82589,82626,37,89
82515,82602,82626,24,87
82515,82603,82627,24,88
82500,82581,82627,46,81
82515,82606,82629,23,91
82515,82594,82628,34,79
81189,81189,82630,1441,0
82515,82612,82631,19,97
82515,82614,82632,18,99
82515,82611,82634,23,96
82500,82584,82634,50,84
82500,82589,82633,44,89
82515,82614,82635,21,99
82515,82615,82635,20,100
82500,82590,82638,48,90
82500,82582,82638,56,82
82515,82617,82638,21,102
82515,82622,82640,18,107
82515,82621,82641,20,106
81194,81194,82642,1448,0
82500,82585,82642,57,85
82500,82582,82643,61,82
82515,82603,82644,41,88
82515,82644,82646,2,129
82515,82643,82646,3,128
82515,82642,82647,5,127
82515,82646,82648,2,131
82515,82646,82649,3,131
82515,82647,82650,3,132
82515,82621,82649,28,106
82500,82582,82651,69,82
82515,82648,82651,3,133
82515,82649,82651,2,134
82500,82581,82652,71,81
82500,82581,82652,71,81
82500,82592,82653,61,92
82515,82650,82653,3,135
82515,82651,82653,2,136
82515,82651,82653,2,136
82515,82650,82652,2,135
82515,82652,82654,2,137
82515,82652,82655,3,137
82515,82651,82654,3,136
82515,82653,82655,2,138
82515,82653,82657,4,138
82515,82626,82658,32,111
82515,82626,82657,31,111
82515,82626,82658,32,111
82500,82583,82658,75,83
82515,82626,82660,34,111
82515,82625,82660,35,110
82515,82642,82659,17,127
82515,82627,82662,35,112
82515,82653,82666,13,138
82515,82625,82666,41,110
81198,81198,82667,1469,0
82515,82629,82670,41,114
82515,82639,82673,34,124
82515,82632,82673,41,117
82515,82630,82674,44,115
82500,82592,82674,82,92
82515,82629,82677,48,114
82515,82654,82678,24,139
82515,82641,82679,38,126
82515,82634,82679,45,119
82515,82627,82679,52,112
82515,82640,82680,40,125
82515,82638,82681,43,123
82515,82635,82683,48,120
81200,81200,82683,1483,0
82515,82635,82685,50,120
82515,82653,82686,33,138
82515,82634,82688,54,119
81202,81202,82688,1486,0
82515,82632,82688,56,117
82536,82673,82691,18,137
82515,82653,82693,40,138
82536,82680,82693,13,144
82515,82638,82693,55,123
82515,82634,82694,60,119
82536,82683,82696,13,147
82536,82681,82698,17,145
82536,82683,82698,15,147
82536,82679,82700,21,143
82536,82679,82700,21,143
82515,82656,82705,49,141
82515,82655,82705,50,140
82536,82688,82707,19,152
82536,82679,82709,30,143
82536,82687,82709,22,151
82515,82658,82709,51,143
82515,82658,82710,52,143
82536,82691,82710,19,155
82536,82688,82711,23,152
82515,82657,82711,54,142
82536,82694,82712,18,158
82536,82686,82711,25,150
82536,82696,82712,16,160
82536,82689,82714,25,153
82536,82674,82715,41,138
82536,82674,82715,41,138
82515,82660,82715,55,145
82515,82659,82716,57,144
82515,82661,82716,55,146
82515,82662,82717,55,147
82536,82716,82718,2,180
82536,82677,82718,41,141
82536,82716,82718,2,180
82536,82693,82718,25,157
82536,82678,82719,41,142
82515,82655,82719,64,140
82536,82715,82718,3,179
82536,82717,82718,1,181
82536,82718,82720,2,182
82536,82718,82720,2,182
82536,82715,82720,5,179
82536,82718,82721,3,182
82536,82718,82721,3,182
82536,82719,82721,2,183
82536,82719,82721,2,183
82536,82719,82722,3,183
82536,82720,82722,2,184
82536,82719,82721,2,183
82536,82720,82721,1,184
82515,82668,82721,53,153
82536,82720,82721,1,184
82536,82721,82725,4,185
82515,82660,82728,68,145
82536,82693,82729,36,157
82536,82698,82729,31,162
82515,82666,82730,64,151
82515,82660,82731,71,145
82536,82693,82731,38,157
82515,82673,82733,60,158
82536,82722,82736,14,186
82536,82721,82737,16,185
82515,82670,82737,67,155
82515,82666,82738,72,151
82536,82721,82738,17,185
82536,82700,82738,38,164
82536,82715,82739,24,179
81191,81191,82740,1549,0
82536,82738,82742,4,202
82536,82698,82742,44,162
82536,82708,82743,35,172
82536,82738,82744,6,202
82536,82714,82745,31,178
82536,82700,82745,45,164
82536,82739,82746,7,203
82536,82740,82750,10,204
82536,82742,82750,8,206
82536,82705,82750,45,169
82536,82710,82752,42,174
82536,82712,82752,40,176
82536,82743,82754,11,207
82536,82709,82754,45,173
82536,82705,82754,49,169
82536,82742,82755,13,206
82536,82721,82757,36,185
82536,82712,82759,47,176
82536,82711,82759,48,175
82536,82711,82759,48,175
82536,82712,82760,48,176
82536,82744,82763,19,208
82536,82722,82763,41,186
82536,82745,82764,19,209
82536,82709,82765,56,173
82536,82709,82765,56,173
82536,82750,82767,17,214
82536,82745,82767,22,209
82536,82746,82768,22,210
82536,82750,82769,19,214
82536,82711,82770,59,175
82536,82752,82770,18,216
82536,82722,82770,48,186
82536,82754,82772,18,218
82536,82750,82772,22,214
82536,82754,82773,19,218
82536,82723,82775,52,187
82536,82722,82777,55,186
82536,82752,82777,25,216
82536,82777,82781,4,241
82536,82723,82781,58,187
82536,82781,82782,1,245
82536,82781,82782,1,245
82536,82755,82785,30,219
82536,82783,82785,2,247
82536,82784,82785,1,248
82536,82729,82785,56,193
82536,82731,82785,54,195
82536,82785,82787,2,249
82536,82786,82787,1,250
82536,82785,82787,2,249
82536,82785,82786,1,249
82536,82785,82786,1,249
82536,82787,82789,2,251
82536,82771,82789,18,235
82536,82787,82788,1,251
82536,82788,82789,1,252
82536,82787,82790,3,251
82536,82734,82790,56,198
82536,82771,82790,19,235
82536,82787,82789,2,251
82536,82789,82791,2,253
82536,82754,82792,38,218
82536,82729,82792,63,193
82536,82725,82793,68,189
82536,82759,82793,34,223
82536,82789,82794,5,253
82536,82737,82795,58,201
82536,82730,82795,65,194
82536,82759,82794,35,223
82536,82759,82796,37,223
82536,82736,82796,60,200
82536,82789,82797,8,253
82536,82777,82798,21,241
82536,82772,82800,28,236
82536,82728,82801,73,192
82536,82731,82801,70,195
82536,82757,82801,44,221
82536,82762,82804,42,226
82536,82737,82806,69,201
82536,82769,82807,38,233
82536,82738,82808,70,202
82536,82763,82809,46,227
82536,82771,82810,39,235
82536,82773,82810,37,237
82536,82763,82810,47,227
82536,82772,82810,38,236
82536,82775,82813,38,239
82536,82765,82814,49,229
82536,82768,82815,47,232
82536,82768,82815,47,232
82559,82810,82816,6,251
82536,82764,82816,52,228
82536,82789,82816,27,253
82536,82767,82818,51,231
82536,82765,82818,53,229
82559,82810,82823,13,251
82559,82813,82824,11,254
82559,82809,82824,15,250
82559,82811,82824,13,252
82559,82808,82827,19,249
82559,82810,82828,18,251
82559,82807,82829,22,248
82536,82790,82829,39,254
82559,82816,82830,14,257
82559,82804,82830,26,245
82536,82790,82830,40,254
82559,82814,82831,17,255
82559,82815,82831,16,256
82559,82815,82833,18,256
82536,82790,82834,44,254
82559,82816,82834,18,257
82559,82807,82835,28,248
82559,82816,82837,21,257
82536,82798,82838,40,262
82536,82790,82838,48,254
82536,82791,82843,52,255
82536,82792,82843,51,256
82559,82818,82843,25,259
82559,82818,82844,26,259
82536,82795,82846,51,259
82536,82794,82846,52,258
82536,82792,82847,55,256
82559,82847,82848,1,288
82559,82846,82847,1,287
82559,82824,82849,25,265
82559,82847,82849,2,288
82559,82844,82849,5,285
82536,82795,82848,53,259
82559,82848,82850,2,289
82559,82849,82850,1,290
82559,82849,82851,2,290
82559,82849,82851,2,290
82559,82849,82851,2,290
82536,82793,82852,59,257
82559,82850,82852,2,291
82559,82802,82852,50,243
82559,82849,82851,2,290
82559,82850,82851,1,291
82559,82830,82853,23,271
82559,82851,82852,1,292
82536,82797,82854,57,261
82559,82852,82854,2,293
82559,82852,82854,2,293
82536,82793,82854,61,257
82559,82824,82856,32,265
82559,82852,82855,3,293
82559,82844,82857,13,285
82536,82796,82858,62,260
82536,82800,82859,59,264
82559,82829,82859,30,270
82536,82796,82859,63,260
82559,82824,82860,36,265
82536,82795,82860,65,259
82559,82829,82860,31,270
82559,82801,82863,62,242
82559,82823,82863,40,264
82559,82852,82865,13,293
82559,82843,82864,21,284
82559,82827,82867,40,268
82559,82838,82872,34,279
82559,82852,82872,20,293
82536,82801,82872,71,265
82559,82843,82872,29,284
82559,82828,82874,46,269
82560,82865,82874,9,305
82559,82833,82874,41,274
82559,82834,82875,41,275
82559,82835,82876,41,276
81192,81192,82878,1686,0
82560,82863,82879,16,303
82559,82831,82879,48,272
82559,82830,82880,50,271
82559,82835,82882,47,276
81196,81196,82883,1687,0
82560,82867,82884,17,307
82559,82831,82885,54,272
82559,82838,82886,48,279
82559,82830,82886,56,271
82560,82872,82887,15,312
82559,82860,82886,26,301
82560,82866,82886,20,306
82559,82852,82888,36,293
82560,82875,82890,15,315
82560,82874,82891,17,314
82559,82853,82891,38,294
82560,82873,82892,19,313
82560,82876,82892,16,316
82560,82872,82892,20,312
82559,82837,82892,55,278
82559,82852,82894,42,293
82560,82875,82897,22,315
82559,82853,82901,48,294
82559,82854,82902,48,295
82560,82879,82902,23,319
82559,82858,82903,45,299
82560,82878,82903,25,318
82560,82872,82904,32,312
82560,82879,82905,26,319
82560,82880,82905,25,320
82560,82883,82908,25,323
82560,82905,82908,3,345
82559,82859,82909,50,300
82560,82908,82911,3,348
82560,82908,82911,3,348
82560,82909,82911,2,349
82560,82905,82911,6,345
82560,82884,82913,29,324
82560,82882,82913,31,322
82559,82859,82913,54,300
82560,82911,82912,1,351
82560,82874,82914,40,314
82559,82856,82914,58,297
82559,82854,82914,60,295
82560,82911,82913,2,351
82560,82911,82913,2,351
82560,82911,82913,2,351
82560,82913,82915,2,353
82560,82914,82915,1,354
82560,82914,82916,2,354
82560,82913,82916,3,353
82560,82914,82916,2,354
82560,82913,82915,2,353
82560,82914,82917,3,354
82560,82887,82918,31,327
82559,82854,82919,65,295
82560,82885,82920,35,325
82560,82914,82919,5,354
82560,82892,82922,30,332
82559,82855,82922,67,296
82559,82856,82925,69,297
82560,82887,82925,38,327
82560,82890,82925,35,330
82560,82892,82926,34,332
82560,82886,82926,40,326
82559,82859,82926,67,300
82560,82886,82926,40,326
82560,82891,82927,36,331
82559,82857,82928,71,298
82560,82891,82929,38,331
82560,82904,82930,26,344
82577,82926,82931,5,349
82560,82914,82931,17,354
82559,82860,82931,71,301
82559,82863,82933,70,304
82559,82860,82932,72,301
82577,82927,82932,5,350
82560,82894,82934,40,334
82560,82892,82934,42,332
82577,82928,82935,7,351
82560,82887,82936,49,327
82577,82929,82936,7,352
82560,82901,82937,36,341
82560,82888,82936,48,328
82560,82903,82938,35,343
82560,82892,82940,48,332
82560,82903,82941,38,343
82577,82930,82944,14,353
82577,82933,82946,13,356
82577,82931,82947,16,354
82577,82932,82949,17,355
82577,82931,82949,18,354
82560,82915,82950,35,355
82560,82914,82952,38,354
82577,82936,82952,16,359
82577,82935,82953,18,358
82577,82937,82953,16,360
82560,82902,82954,52,342
82560,82916,82956,40,356
82577,82934,82957,23,357
82560,82902,82958,56,342
82577,82933,82959,26,356
82560,82898,82962,64,338
82577,82938,82962,24,361
82560,82916,82963,47,356
82577,82933,82963,30,356
82577,82936,82964,28,359
82560,82916,82964,48,356
82560,82925,82968,43,365
82577,82937,82968,31,360
82577,82936,82968,32,359
82577,82941,82970,29,364
82577,82968,82970,2,391
82577,82969,82971,2,392
82560,82918,82971,53,358
82577,82968,82971,3,391
82560,82922,82972,50,362
82577,82970,82971,1,393
82577,82971,82973,2,394
82577,82971,82973,2,394
82577,82971,82973,2,394
82560,82917,82974,57,357
82577,82973,82974,1,396
82577,82940,82974,34,363
82577,82973,82975,2,396
82577,82971,82974,3,394
82577,82973,82975,2,396
82577,82972,82974,2,395
82577,82974,82976,2,397
82560,82916,82976,60,356
82577,82974,82977,3,397
82577,82975,82977,2,398
82577,82974,82976,2,397
82577,82975,82979,4,398
82577,82947,82979,32,370
82560,82920,82980,60,360
82577,82964,82981,17,387
82560,82925,82980,55,365
82577,82944,82981,37,367
82560,82919,82982,63,359
82577,82950,82982,32,373
82560,82926,82983,57,366
82560,82920,82983,63,360
82577,82948,82984,36,371
82560,82918,82984,66,358
82577,82949,82985,36,372
82577,82952,82986,34,375
82560,82926,82988,62,366
82560,82922,82988,66,362
82577,82953,82990,37,376
82593,82986,82991,5,393
82577,82953,82992,39,376
82577,82975,82992,17,398
82560,82925,82993,68,365
82577,82956,82994,38,379
82593,82988,82995,7,395
82593,82988,82995,7,395
82577,82960,82995,35,383
82593,82990,82996,6,397
82593,82991,82997,6,398
82593,82992,82997,5,399
82577,82957,82998,41,380
82577,82962,82999,37,385
82560,82926,82999,73,366
82577,82964,83000,36,387
82577,82954,83000,46,377
82577,82958,83001,43,381
82577,82963,83001,38,386
82577,82952,83004,52,375
82593,82993,83005,12,400
82593,82992,83005,13,399
82577,82962,83007,45,385
82593,82994,83007,13,401
82593,82995,83007,12,402
82577,82975,83008,33,398
82577,82949,83011,62,372
82577,82975,83012,37,398
82577,82977,83013,36,400
82593,82996,83014,18,403
82593,82995,83014,19,402
82593,82997,83015,18,404
82593,82997,83017,20,404
82577,82963,83017,54,386
82593,82995,83017,22,402
82593,82999,83019,20,406
82577,82976,83020,44,399
82593,83001,83024,23,408
82593,82999,83026,27,406
82593,82999,83025,26,406
82593,83017,83027,10,424
82593,83000,83027,27,407
82577,82977,83028,51,400
82593,83017,83029,12,424
82593,83027,83029,2,434
82593,83027,83030,3,434
82593,83029,83030,1,436
82577,82980,83031,51,403
82577,82976,83031,55,399
82593,83026,83030,4,433
82593,83029,83031,2,436
82577,82979,83031,52,402
82593,83030,83032,2,437
82593,83030,83032,2,437
82593,83030,83032,2,437
82593,83001,83032,31,408
82593,83031,83032,1,438
82593,83031,83033,2,438
82577,82981,83033,52,404
82593,83032,83034,2,439
82593,83032,83033,1,439
82593,83031,83034,3,438
82577,82983,83034,51,406
82577,82981,83035,54,404
82593,83032,83035,3,439
82593,83031,83034,3,438
82593,83032,83034,2,439
82593,83004,83036,32,411
82577,82984,83037,53,407
82577,82977,83038,61,400
82593,83033,83040,7,440
82593,83017,83041,24,424
82577,82982,83043,61,405
82577,82982,83043,61,405
82593,83019,83044,25,426
82593,83005,83045,40,412
82577,82980,83046,66,403
82577,82984,83047,63,407
82577,82983,83047,64,406
82593,83015,83047,32,422
82593,83007,83047,40,414
82593,83026,83048,22,433
82593,83008,83049,41,415
82593,83033,83049,16,440
82593,83012,83049,37,419
82593,83001,83049,48,408
82593,83020,83050,30,427
82593,83007,83051,44,414
82577,82985,83051,66,408
82593,83005,83052,47,412
82577,82983,83052,69,406
82593,83014,83053,39,421
82593,83007,83054,47,414
82593,83014,83057,43,421
82593,83011,83057,46,418
82593,83024,83061,37,431
82626,83049,83061,12,423
82593,83034,83062,28,441
82626,83049,83063,14,423
82593,83013,83063,50,420
82593,83033,83064,31,440
82626,83049,83063,14,423
82626,83051,83064,13,425
82626,83050,83067,17,424
82626,83049,83068,19,423
82626,83052,83069,17,426
82626,83052,83070,18,426
82626,83053,83072,19,427
82626,83054,83073,19,428
82593,83034,83073,39,441
82626,83057,83073,16,431
82626,83051,83074,23,425
82593,83034,83075,41,441
82626,83048,83075,27,422
82626,83047,83076,29,421
82626,83061,83081,20,435
82593,83034,83085,51,441
82626,83057,83085,28,431
82593,83035,83087,52,442
82626,83062,83089,27,436
82593,83034,83089,55,441
82593,83037,83088,51,444
82626,83047,83090,43,421
82626,83089,83091,2,463
82626,83061,83091,30,435
82593,83041,83092,51,448
82626,83090,83092,2,464
82626,83091,83093,2,465
82626,83089,83093,4,463
82626,83091,83093,2,465
82626,83092,83094,2,466
82626,83093,83095,2,467
82626,83093,83094,1,467
82626,83047,83096,49,421
82626,83094,83096,2,468
82626,83094,83096,2,468
82593,83035,83097,62,442
82626,83093,83096,3,467
82626,83063,83096,33,437
82626,83095,83097,2,469
82626,83095,83097,2,469
82626,83096,83098,2,470
82593,83035,83098,63,442
82626,83089,83098,9,463
82593,83036,83099,63,443
82626,83064,83098,34,438
82626,83067,83099,32,441
82593,83044,83098,54,451
82626,83096,83098,2,470
82593,83038,83099,61,445
82626,83096,83100,4,470
82626,83064,83100,36,438
82593,83036,83101,65,443
82593,83041,83101,60,448
82626,83047,83102,55,421
82593,83043,83103,60,450
82626,83097,83104,7,471
82593,83044,83105,61,451
82626,83087,83107,20,461
82626,83077,83109,32,451
82626,83068,83108,40,442
82626,83085,83111,26,459
82626,83064,83111,47,438
82626,83073,83112,39,447
82593,83045,83112,67,452
82626,83065,83113,48,439
82626,83106,83114,8,480
82626,83070,83115,45,444
82626,83107,83115,8,481
82626,83073,83117,44,447
82626,83109,83117,8,483
82626,83075,83117,42,449
82626,83069,83119,50,443
82626,83073,83119,46,447
82593,83046,83121,75,453
82626,83081,83122,41,455
82626,83072,83123,51,446
82626,83110,83123,13,484
82626,83074,83126,52,448
82626,83085,83128,43,459
82626,83111,83130,19,485
82626,83111,83130,19,485
82626,83117,83131,14,491
82626,83112,83132,20,486
82626,83075,83132,57,449
82626,83097,83133,36,471
82626,83115,83134,19,489
82626,83119,83136,17,493
82626,83117,83136,19,491
82626,83112,83136,24,486
82626,83115,83136,21,489
82626,83097,83137,40,471
82626,83114,83138,24,488
82626,83118,83139,21,492
82626,83119,83144,25,493
82626,83097,83144,47,471
82626,83098,83147,49,472
82626,83122,83149,27,496
82626,83098,83149,51,472
82626,83121,83150,29,495
82626,83097,83151,54,471
82626,83114,83152,38,488
82626,83099,83154,55,473
82626,83151,83154,3,525
82626,83152,83154,2,526
82626,83150,83155,5,524
82626,83123,83156,33,497
82626,83154,83156,2,528
82626,83154,83155,1,528
82626,83154,83157,3,528
82626,83099,83157,58,473
82626,83155,83158,3,529
82626,83156,83158,2,530
82626,83156,83158,2,530
82626,83099,83158,59,473
82626,83156,83159,3,530
82626,83157,83159,2,531
82626,83157,83159,2,531
82626,83158,83160,2,532
82626,83126,83160,34,500
82626,83158,83160,2,532
82626,83100,83160,60,474
82626,83102,83161,59,476
82626,83158,83161,3,532
82626,83130,83161,31,504
82626,83158,83161,3,532
82626,83101,83162,61,475
82626,83124,83162,38,498
82626,83159,83163,4,533
82626,83132,83164,32,506
82626,83133,83166,33,507
82626,83099,83167,68,473
82626,83100,83167,67,474
82626,83149,83167,18,523
82626,83103,83168,65,477
82626,83100,83168,68,474
82626,83137,83169,32,511
82626,83128,83169,41,502
82626,83136,83170,34,510
82626,83099,83170,71,473
82626,83098,83170,72,472
82626,83104,83170,66,478
82626,83134,83174,40,508
82626,83101,83176,75,475
82626,83160,83176,16,534
82626,83133,83176,43,507
82626,83159,83176,17,533
82626,83136,83178,42,510
82626,83136,83177,41,510
82626,83139,83179,40,513
82626,83138,83180,42,512
82626,83136,83180,44,510
82626,83147,83180,33,521
82626,83134,83180,46,508
82626,83149,83181,32,523
82626,83130,83182,52,504
82631,83177,83187,10,546
82626,83144,83187,43,518
82631,83171,83189,18,540
82631,83178,83189,11,547
82631,83176,83189,13,545
82631,83178,83190,12,547
82631,83174,83191,17,543
82631,83177,83191,14,546
82631,83180,83191,11,549
82631,83170,83193,23,539
82631,83177,83193,16,546
82631,83180,83194,14,549
82631,83179,83194,15,548
82626,83144,83196,52,518
82631,83181,83197,16,550
82631,83180,83199,19,549
82626,83160,83200,40,534
82631,83180,83203,23,549
82626,83160,83205,45,534
82631,83182,83207,25,551
82626,83160,83208,48,534
82631,83170,83209,39,539
82631,83170,83209,39,539
82631,83188,83211,23,557
82626,83162,83212,50,536
82631,83187,83214,27,556
82626,83160,83215,55,534
82626,83166,83216,50,540
82631,83213,83216,3,582
82626,83161,83216,55,535
82631,83214,83216,2,583
82626,83164,83216,52,538
82631,83215,83217,2,584
82631,83216,83218,2,585
82631,83216,83218,2,585
82631,83216,83217,1,585
82626,83161,83218,57,535
82631,83217,83219,2,586
82631,83216,83219,3,585
82626,83162,83219,57,536
82631,83217,83220,3,586
82631,83218,83219,1,587
82631,83218,83219,1,587
82631,83169,83221,52,538
82631,83218,83220,2,587
82631,83219,83220,1,588
82631,83218,83221,3,587
82626,83167,83222,55,541
82631,83219,83222,3,588
82626,83162,83223,61,536
82631,83190,83224,34,559
82631,83190,83225,35,559
82631,83219,83225,6,588
82626,83167,83226,59,541
82631,83191,83225,34,560
82626,83169,83226,57,543
82631,83191,83226,35,560
82631,83194,83227,33,563
82631,83189,83227,38,558
82626,83162,83228,66,536
82631,83189,83229,40,558
82631,83211,83230,19,580
82626,83163,83231,68,537
82631,83209,83231,22,578
82626,83167,83231,64,541
82626,83168,83232,64,542
82631,83191,83233,42,560
82631,83220,83234,14,589
82626,83168,83235,67,542
82631,83211,83236,25,580
82631,83193,83237,44,562
82631,83197,83239,42,566
82631,83196,83240,44,565
82631,83194,83243,49,563
82631,83199,83243,44,568
82631,83200,83243,43,569
82631,83220,83246,26,589
82631,83194,83247,53,563
82631,83203,83248,45,572
82631,83208,83250,42,577
82642,83230,83249,19,588
82642,83231,83253,22,589
82642,83239,83253,14,597
82642,83231,83254,23,589
82631,83221,83254,33,590
82642,83231,83255,24,589
82631,83221,83256,35,590
82642,83234,83257,23,592
82631,83208,83257,49,577
82642,83237,83258,21,595
82642,83243,83258,15,601
82642,83240,83260,20,598
82642,83233,83261,28,591
82642,83243,83261,18,601
82642,83243,83262,19,601
82631,83205,83263,58,574
82642,83236,83263,27,594
82642,83235,83263,28,593
82642,83234,83264,30,592
82642,83247,83267,20,605
82642,83246,83268,22,604
82631,83221,83271,50,590
82631,83225,83274,49,594
82642,83248,83275,27,606
82631,83226,83278,52,595
82642,83250,83278,28,608
82631,83222,83279,57,591
82642,83278,83280,2,636
82642,83278,83280,2,636
82642,83275,83280,5,633
82642,83279,83282,3,637
82631,83221,83282,61,590
82631,83221,83282,61,590
82642,83280,83281,1,638
82642,83280,83281,1,638
82642,83280,83283,3,638
82631,83222,83283,61,591
82631,83226,83283,57,595
82642,83282,83284,2,640
82642,83282,83284,2,640
82642,83282,83284,2,640
82642,83253,83284,31,611
82642,83283,83285,2,641
82642,83250,83285,35,608
82642,83283,83285,2,641
82642,83282,83284,2,640
82642,83283,83285,2,641
82642,83282,83284,2,640
82642,83284,83286,2,642
82631,83226,83287,61,595
82642,83284,83287,3,642
82631,83227,83287,60,596
82631,83223,83290,67,592
82631,83228,83290,62,597
82631,83226,83291,65,595
82642,83256,83291,35,614
82642,83255,83291,36,613
82642,83257,83292,35,615
82642,83253,83293,40,611
82631,83225,83293,68,594
82642,83254,83294,40,612
82631,83228,83297,69,597
82631,83225,83297,72,594
82642,83284,83297,13,642
82642,83274,83298,24,632
82642,83257,83301,44,615
82642,83285,83302,17,643
82642,83261,83303,42,619
82669,83297,83303,6,628
82642,83258,83302,44,616
82642,83255,83304,49,613
82669,83297,83304,7,628
82631,83229,83304,75,598
82669,83297,83306,9,628
82642,83271,83307,36,629
82642,83268,83307,39,626
82642,83261,83306,45,619
82669,83298,83308,10,629
82642,83260,83310,50,618
82642,83262,83311,49,620
82642,83263,83312,49,621
82642,83258,83314,56,616
82642,83284,83315,31,642
82669,83303,83318,15,634
82669,83302,83318,16,633
82642,83265,83319,54,623
82669,83301,83319,18,632
82642,83267,83320,53,625
82642,83263,83321,58,621
82642,83263,83323,60,621
82669,83307,83325,18,638
82669,83303,83326,23,634
82669,83305,83326,21,636
82669,83303,83327,24,634
82669,83307,83327,20,638
82669,83307,83326,19,638
82669,83306,83329,23,637
82669,83304,83330,26,635
82669,83308,83331,23,639
82669,83311,83332,21,642
82669,83304,83332,28,635
82669,83310,83333,23,641
82642,83286,83337,51,644
82669,83312,83340,28,643
82642,83285,83341,56,643
82642,83285,83342,57,643
82642,83285,83343,58,643
82669,83341,83343,2,672
82642,83285,83343,58,643
82642,83287,83344,57,645
82669,83342,83345,3,673
82669,83340,83345,5,671
82642,83287,83345,58,645
82669,83343,83345,2,674
82669,83343,83346,3,674
82669,83344,83346,2,675
82642,83287,83346,59,645
82669,83345,83347,2,676
82642,83293,83347,54,651
82669,83345,83347,2,676
82669,83344,83346,2,675
82669,83346,83348,2,677
82669,83346,83348,2,677
82669,83345,83347,2,676
82669,83346,83348,2,677
82669,83315,83348,33,646
82669,83318,83348,30,649
82642,83291,83348,57,649
82669,83347,83349,2,678
82669,83345,83348,3,676
82642,83293,83348,55,651
82669,83347,83349,2,678
82642,83291,83351,60,649
82642,83285,83351,66,643
82669,83347,83352,5,678
82669,83314,83352,38,645
82669,83337,83353,16,668
82669,83318,83355,37,649
82669,83319,83356,37,650
82669,83329,83357,28,660
82669,83327,83360,33,658
82642,83291,83360,69,649
82642,83290,83360,70,648
82642,83290,83360,70,648
82642,83293,83360,67,651
82669,83319,83364,45,650
82669,83327,83365,38,658
82669,83321,83365,44,652
82683,83360,83367,7,677
82683,83360,83367,7,677
82683,83360,83367,7,677
82669,83325,83368,43,656
82669,83320,83368,48,651
82669,83327,83368,41,658
82669,83348,83369,21,679
82669,83333,83369,36,664
82642,83294,83369,75,652
82669,83326,83369,43,657
82683,83360,83370,10,677
82669,83323,83369,46,654
82669,83326,83371,45,657
82669,83332,83371,39,663
82669,83330,83372,42,661
82669,83348,83372,24,679
82669,83331,83373,42,662
82669,83332,83375,43,663
82683,83364,83375,11,681
82683,83365,83376,11,682
82669,83348,83379,31,679
82683,83365,83379,14,682
82683,83368,83384,16,685
82683,83367,83385,18,684
82683,83369,83386,17,686
82669,83348,83386,38,679
82683,83369,83391,22,686
82683,83367,83391,24,684
82683,83367,83392,25,684
82683,83369,83395,26,686
82683,83370,83396,26,687
82669,83351,83396,45,682
82683,83369,83395,26,686
82669,83349,83396,47,680
82683,83368,83396,28,685
82669,83349,83397,48,680
82683,83369,83396,27,686
82683,83372,83398,26,689
82669,83348,83399,51,679
82669,83349,83399,50,680
82683,83398,83399,1,715
82683,83397,83400,3,714
82669,83350,83399,49,681
82683,83397,83400,3,714
82683,83399,83401,2,716
82683,83399,83401,2,716
82669,83348,83401,53,679
82683,83400,83402,2,717
82683,83400,83402,2,717
82683,83400,83402,2,717
82683,83401,83403,2,718
82683,83400,83403,3,717
82683,83401,83402,1,718
82683,83370,83402,32,687
82683,83401,83404,3,718
82683,83402,83404,2,719
82683,83402,83403,1,719
82683,83372,83405,33,689
82683,83371,83405,34,688
82683,83403,83404,1,720
82669,83353,83406,53,684
82683,83403,83406,3,720
82669,83357,83406,49,688
82683,83375,83406,31,692
82669,83348,83408,60,679
82683,83403,83408,5,720
82669,83355,83409,54,686
82669,83349,83413,64,680
82669,83351,83413,62,682
82683,83375,83414,39,692
82683,83373,83414,41,690
82669,83353,83414,61,684
82683,83371,83416,45,688
82683,83396,83416,20,713
82683,83379,83417,38,696
82669,83352,83417,65,683
82669,83357,83418,61,688
82669,83360,83418,58,691
82683,83392,83419,27,709
82683,83403,83420,17,720
82683,83376,83421,45,693
82688,83417,83421,4,729
82688,83416,83422,6,728
82683,83396,83422,26,713
82688,83417,83423,6,729
82683,83386,83424,38,703
82688,83418,83424,6,730
82688,83418,83426,8,730
82683,83379,83427,48,696
82683,83395,83428,33,712
82688,83419,83428,9,731
82683,83384,83430,46,701
82683,83386,83430,44,703
82683,83391,83431,40,708
82688,83421,83431,10,733
82688,83420,83432,12,732
82688,83422,83435,13,734
82683,83396,83436,40,713
82683,83403,83436,33,720
82683,83385,83436,51,702
82688,83422,83439,17,734
82688,83426,83439,13,738
82688,83421,83440,19,733
82683,83391,83442,51,708
82683,83405,83443,38,722
82688,83423,83442,19,735
82688,83424,83447,23,736
82683,83404,83449,45,721
82683,83396,83449,53,713
82683,83396,83449,53,713
82688,83424,83449,25,736
82683,83404,83450,46,721
82688,83428,83449,21,740
82683,83405,83452,47,722
82683,83407,83452,45,724
82683,83406,83455,49,723
82683,83406,83456,50,723
82688,83430,83456,26,742
82688,83427,83457,30,739
82688,83428,83457,29,740
82683,83405,83458,53,722
82688,83455,83458,3,767
82688,83456,83457,1,768
82683,83409,83458,49,726
82688,83431,83457,26,743
82688,83456,83457,1,768
82688,83457,83459,2,769
82688,83458,83460,2,770
82688,83457,83460,3,769
82688,83458,83460,2,770
82683,83406,83459,53,723
82688,83458,83460,2,770
82688,83458,83460,2,770
82688,83458,83460,2,770
82688,83458,83460,2,770
82688,83460,83462,2,772
82688,83430,83462,32,742
82688,83459,83462,3,771
82688,83460,83462,2,772
82688,83460,83462,2,772
82683,83405,83463,58,722
82688,83460,83463,3,772
82688,83432,83464,32,744
82688,83460,83465,5,772
82688,83449,83466,17,761
82683,83414,83467,53,731
82688,83436,83469,33,748
82688,83450,83470,20,762
82688,83452,83470,18,764
82688,83449,83470,21,761
82688,83439,83471,32,751
82683,83408,83472,64,725
82683,83408,83474,66,725
82688,83439,83474,35,751
82688,83431,83476,45,743
82683,83413,83476,63,730
82688,83450,83478,28,762
82683,83414,83479,65,731
82688,83436,83479,43,748
82688,83460,83480,20,772
82688,83435,83480,45,747
82688,83436,83480,44,748
82683,83415,83481,66,732
82683,83413,83481,68,730
82688,83443,83483,40,755
82688,83447,83484,37,759
82683,83416,83485,69,733
82688,83452,83487,35,764
82688,83440,83488,48,752
82688,83449,83489,40,761
82688,83461,83489,28,773
82688,83442,83492,50,754
82741,83480,83493,13,739
82688,83443,83494,51,755
82741,83481,83494,13,740
82741,83481,83497,16,740
82741,83480,83499,19,739
82688,83450,83499,49,762
82688,83462,83500,38,774
82741,83484,83501,17,743
82741,83483,83501,18,742
82741,83487,83501,14,746
82741,83479,83503,24,738
82688,83462,83504,42,774
82741,83485,83505,20,744
82741,83480,83506,26,739
82741,83489,83508,19,748
82688,83469,83508,39,781
82688,83464,83508,44,776
82741,83479,83510,31,738
82741,83489,83509,20,748
82688,83463,83514,51,775
82688,83462,83514,52,774
82741,83476,83514,38,735
82688,83462,83514,52,774
82741,83492,83517,25,751
82688,83470,83517,47,782
82688,83462,83517,55,774
82688,83462,83518,56,774
82741,83489,83518,29,748
82741,83478,83518,40,737
82688,83465,83517,52,777
82688,83467,83520,53,779
82741,83517,83520,3,776
82741,83518,83520,2,777
82741,83493,83520,27,752
82741,83518,83520,2,777
82741,83518,83520,2,777
82741,83518,83520,2,777
82741,83518,83520,2,777
82741,83520,83522,2,779
82741,83520,83522,2,779
82741,83520,83521,1,779
82688,83470,83521,51,782
82741,83520,83521,1,779
82741,83520,83523,3,779
82741,83520,83523,3,779
82741,83521,83523,2,780
82741,83520,83523,3,779
82741,83494,83523,29,753
82688,83463,83523,60,775
82741,83522,83524,2,781
82741,83474,83525,51,733
82741,83517,83525,8,776
82741,83522,83527,5,781
82688,83466,83527,61,778
82741,83500,83531,31,759
82741,83497,83532,35,756
82741,83494,83532,38,753
82688,83471,83533,62,783
82741,83501,83534,33,760
82741,83476,83534,58,735
82741,83515,83534,19,774
82688,83470,83535,65,782
82741,83501,83534,33,760
82741,83523,83536,13,782
82741,83499,83535,36,758
82688,83474,83537,63,786
82741,83502,83539,37,761
82688,83472,83540,68,784
82741,83523,83541,18,782
82741,83503,83542,39,762
82741,83508,83546,38,767
82741,83523,83548,25,782
82741,83510,83547,37,769
82741,83504,83548,44,763
82741,83514,83549,35,773
82741,83514,83549,35,773
82741,83506,83550,44,765
82741,83499,83552,53,758
82741,83508,83553,45,767
82741,83505,83557,52,764
82882,83548,83559,11,666
82741,83510,83560,50,769
82741,83509,83560,51,768
82882,83540,83562,22,658
82882,83547,83562,15,665
82741,83523,83562,39,782
82741,83514,83563,49,773
82882,83541,83565,24,659
82882,83549,83565,16,667
82882,83539,83567,28,657
82882,83549,83568,19,667
82882,83549,83569,20,667
82882,83550,83569,19,668
82882,83542,83568,26,660
82882,83536,83569,33,654
82882,83537,83570,33,655
82741,83523,83570,47,782
82882,83548,83573,25,666
82882,83535,83574,39,653
82741,83524,83575,51,783
82882,83536,83574,38,654
82741,83523,83576,53,782
82882,83553,83576,23,671
82741,83525,83580,55,784
82882,83535,83581,46,653
82882,83552,83582,30,670
82741,83523,83582,59,782
82882,83558,83583,25,676
82882,83581,83584,3,699
82882,83580,83585,5,698
82882,83583,83586,3,701
82882,83583,83586,3,701
82882,83584,83587,3,702
82882,83582,83586,4,700
82882,83585,83586,1,703
82741,83531,83588,57,790
82882,83586,83588,2,704
82882,83562,83588,26,680
82741,83523,83589,66,782
82741,83527,83589,62,786
82882,83587,83589,2,705
82882,83586,83588,2,704
82882,83588,83590,2,706
82882,83587,83590,3,705
82882,83587,83589,2,705
82882,83589,83590,1,707
82882,83588,83591,3,706
82882,83559,83591,32,677
82882,83589,83591,2,707
82741,83528,83591,63,787
82882,83560,83593,33,678
82882,83589,83594,5,707
82882,83561,83595,34,679
82741,83525,83594,69,784
82741,83533,83596,63,792
82882,83577,83597,20,695
82882,83562,83598,36,680
82882,83568,83598,30,686
82741,83532,83600,68,791
82741,83523,83601,78,782
82741,83534,83601,67,793
82741,83532,83601,69,791
82882,83589,83602,13,707
82882,83562,83603,41,680
82741,83534,83604,70,793
82882,83566,83606,40,684
82741,83534,83606,72,793
82882,83565,83607,42,683
82882,83575,83607,32,693
82882,83568,83608,40,686
82882,83576,83608,32,694
82884,83603,83611,8,719
82884,83601,83612,11,717
82882,83571,83613,42,689
82882,83569,83614,45,687
82882,83590,83615,25,708
82884,83603,83615,12,719
82882,83570,83617,47,688
82882,83573,83618,45,691
82882,83574,83619,45,692
82882,83569,83620,51,687
82882,83563,83620,57,681
82884,83604,83621,17,720
82882,83570,83622,52,688
82882,83589,83622,33,707
82882,83590,83624,34,708
82884,83606,83625,19,722
82882,83570,83626,56,688
82884,83606,83627,21,722
82884,83607,83628,21,723
82882,83590,83629,39,708
82884,83607,83629,22,723
82884,83611,83628,17,727
82884,83614,83631,17,730
82884,83614,83632,18,730
82884,83615,83633,18,731
82884,83609,83634,25,725
82882,83575,83635,60,693
82884,83612,83634,22,728
82884,83608,83636,28,724
82884,83615,83638,23,731
82884,83619,83638,19,735
82882,83591,83642,51,709
82882,83590,83645,55,708
82884,83618,83645,27,734
82884,83645,83648,3,761
82884,83617,83650,33,733
82884,83648,83650,2,764
82884,83645,83649,4,761
82882,83591,83651,60,709
82882,83591,83651,60,709
82884,83650,83652,2,766
82884,83650,83652,2,766
82884,83650,83652,2,766
82882,83598,83653,55,716
82884,83651,83653,2,767
82884,83651,83654,3,767
82884,83652,83654,2,768
82882,83595,83655,60,713
82884,83652,83655,3,768
82884,83652,83655,3,768
82884,83620,83655,35,736
82884,83622,83655,33,738
82882,83598,83655,57,716
82884,83620,83655,35,736
82884,83654,83656,2,770
82884,83654,83655,1,770
82884,83654,83655,1,770
82884,83654,83656,2,770
82884,83655,83657,2,771
82882,83591,83656,65,709
82882,83593,83659,66,711
82884,83655,83660,5,771
82884,83624,83661,37,740
82884,83621,83662,41,737
82884,83625,83662,37,741
82884,83628,83662,34,744
82882,83594,83662,68,712
82884,83642,83664,22,758
82882,83595,83665,70,713
82884,83630,83666,36,746
82882,83596,83666,70,714
82882,83600,83666,66,718
82882,83601,83668,67,719
82882,83601,83670,69,719
82884,83629,83670,41,745
82884,83622,83670,48,738
82884,83633,83672,39,749
82884,83626,83672,46,742
82884,83638,83672,34,754
82884,83631,83672,41,747
82882,83598,83672,74,716
82884,83655,83675,20,771
82884,83632,83677,45,748
82884,83627,83677,50,743
82884,83634,83679,45,750
82884,83655,83682,27,771
82884,83636,83682,46,752
82884,83638,83686,48,754
82884,83629,83689,60,745
82884,83636,83690,54,752
82884,83635,83691,56,751
82884,83656,83694,38,772
82884,83655,83697,42,771
82884,83657,83705,48,773
82884,83657,83705,48,773
82884,83662,83706,44,778
82884,83656,83705,49,772
82884,83656,83710,54,772
82884,83659,83711,52,775
82884,83662,83712,50,778
82884,83656,83717,61,772
82884,83661,83717,56,777
82884,83662,83718,56,778
82884,83666,83720,54,782
82884,83662,83723,61,778
82884,83657,83723,66,773
82884,83657,83728,71,773
82884,83664,83729,65,780
82884,83660,83733,73,776
82884,83666,83737,71,782
85432,85432,86643,1211,0
86643,86643,86670,27,0
86643,86643,86672,29,0
86643,86643,86681,38,0
86643,86643,86682,39,0
86643,86643,86684,41,0
86643,86643,86684,41,0
86643,86643,86684,41,0
86643,86643,86684,41,0
86643,86643,86685,42,0
86643,86643,86685,42,0
86643,86643,86686,43,0
86643,86643,86687,44,0
86643,86643,86688,45,0
86643,86643,86691,48,0
86643,86643,86691,48,0
86643,86643,86691,48,0
86643,86643,86693,50,0
86643,86643,86699,56,0
86643,86643,86702,59,0
86643,86643,86704,61,0
86643,86681,86709,28,38
86643,86670,86709,39,27
86643,86672,86710,38,29
86643,86643,86719,76,0
86643,86686,86720,34,43
86643,86643,86719,76,0
86643,86682,86722,40,39
85437,85437,86722,1285,0
86643,86685,86723,38,42
86643,86684,86723,39,41
86643,86684,86724,40,41
86643,86684,86723,39,41
86643,86692,86726,34,49
86643,86687,86729,42,44
86643,86688,86729,41,45
86643,86685,86732,47,42
86643,86692,86734,42,49
86643,86685,86734,49,42
86643,86691,86737,46,48
86643,86701,86747,46,58
86643,86709,86749,40,66
85430,85430,86751,1321,0
86643,86704,86753,49,61
86643,86702,86752,50,59
86643,86693,86754,61,50
86643,86709,86764,55,66
86643,86724,86768,44,81
86643,86719,86770,51,76
86643,86720,86771,51,77
86643,86722,86772,50,79
86643,86723,86773,50,80
86643,86720,86775,55,77
86643,86726,86776,50,83
86643,86722,86779,57,79
86643,86710,86779,69,67
86643,86723,86780,57,80
86643,86729,86781,52,86
86643,86733,86781,48,90
86643,86729,86785,56,86
86643,86724,86786,62,81
86643,86734,86787,53,91
86643,86753,86797,44,110
86643,86734,86801,67,91
86643,86749,86804,55,106
86643,86753,86806,53,110
86643,86737,86806,69,94
86643,86751,86808,57,108
86643,86771,86811,40,128
86643,86808,86811,3,165
86643,86811,86813,2,168
86643,86811,86814,3,168
86643,86813,86814,1,170
86643,86747,86815,68,104
86643,86814,86816,2,171
86643,86816,86817,1,173
86643,86816,86819,3,173
86643,86817,86819,2,174
86643,86816,86819,3,173
86643,86773,86820,47,130
86643,86819,86821,2,176
86643,86820,86822,2,177
86643,86819,86821,2,176
86643,86820,86822,2,177
86643,86821,86823,2,178
86643,86806,86823,17,163
86643,86822,86824,2,179
86643,86822,86825,3,179
86643,86776,86825,49,133
86643,86823,86824,1,180
86643,86822,86825,3,179
86643,86823,86826,3,180
86643,86824,86825,1,181
86643,86825,86827,2,182
86643,86787,86826,39,144
86643,86797,86826,29,154
86643,86825,86826,1,182
86643,86754,86828,74,111
86643,86825,86827,2,182
86643,86826,86828,2,183
86643,86772,86827,55,129
86643,86826,86829,3,183
86643,86768,86829,61,125
86643,86826,86828,2,183
86643,86827,86829,2,184
86643,86780,86830,50,137
86643,86806,86830,24,163
86643,86828,86830,2,185
86643,86781,86831,50,138
86643,86770,86831,61,127
86643,86804,86831,27,161
86643,86828,86832,4,185
86643,86764,86832,68,121
86643,86785,86836,51,142
86643,86828,86836,8,185
86643,86780,86842,62,137
86643,86775,86842,67,132
86643,86779,86845,66,136
86643,86781,86846,65,138
86643,86786,86846,60,143
86643,86801,86847,46,158
86643,86828,86851,23,185
85439,85440,86860,1420,1
86643,86828,86863,35,185
85445,85445,86864,1419,0
86643,86829,86864,35,186
86643,86828,86866,38,185
85432,85432,86867,1435,0
85431,85431,86871,1440,0
85439,85439,86873,1434,0
86643,86828,86873,45,185
86643,86829,86874,45,186
86643,86829,86881,52,186
86643,86831,86883,52,188
86643,86832,86887,55,189
86643,86830,86888,58,187
86643,86831,86890,59,188
86643,86830,86890,60,187
86643,86836,86891,55,193
86643,86830,86893,63,187
86643,86829,86894,65,186
86643,86831,86898,67,188
86643,86836,86906,70,193
86643,86832,86909,77,189
86643,86846,86913,67,203
86643,86864,86914,50,221
86643,86842,86914,72,199
86643,86842,86915,73,199
86643,86863,86916,53,220
86643,86847,86918,71,204
86643,86860,86918,58,217
86643,86846,86918,72,203
86643,86867,86920,53,224
86643,86846,86920,74,203
86723,86893,86924,31,170
86643,86851,86927,76,208
85444,85444,86927,1483,0
86723,86909,86930,21,186
86643,86871,86930,59,228
86643,86867,86930,63,224
86643,86873,86930,57,230
86723,86914,86931,17,191
86643,86865,86931,66,222
86723,86916,86931,15,193
86723,86894,86932,38,171
86643,86874,86933,59,231
86643,86873,86933,60,230
86723,86915,86936,21,192
86723,86921,86936,15,198
86723,86918,86938,20,195
86723,86927,86944,17,204
86723,86898,86945,47,175
86643,86889,86945,56,246
86643,86883,86945,62,240
86723,86931,86946,15,208
86723,86930,86946,16,207
86643,86890,86946,56,247
86643,86891,86946,55,248
86723,86906,86948,42,183
86643,86887,86948,61,244
85438,85438,86950,1512,0
86723,86918,86952,34,195
86723,86931,86953,22,208
86643,86890,86952,62,247
86723,86913,86954,41,190
86643,86882,86955,73,239
86723,86918,86960,42,195
86723,86920,86964,44,197
86723,86914,86964,50,191
86723,86930,86965,35,207
86723,86930,86967,37,207
86723,86938,86968,30,215
86723,86933,86969,36,210
86723,86927,86971,44,204
86723,86936,86971,35,213
86723,86930,86972,42,207
86723,86924,86974,50,201
86723,86953,86975,22,230
86723,86931,86976,45,208
86723,86948,86976,28,225
86723,86936,86977,41,213
86723,86933,86978,45,210
86723,86945,86982,37,222
86723,86945,86983,38,222
86723,86945,86984,39,222
86723,86932,86984,52,209
86723,86944,86984,40,221
86723,86947,86986,39,224
86723,86946,86988,42,223
86723,86946,86988,42,223
86723,86946,86989,43,223
86723,86952,86991,39,229
86723,86950,86993,43,227
86723,86954,86995,41,231
86723,86948,86999,51,225
86723,86965,87007,42,242
86723,86964,87008,44,241
86723,86955,87011,56,232
86723,86954,87016,62,231
86723,86967,87020,53,244
86723,86964,87021,57,241
86723,86969,87021,52,246
86723,86971,87022,51,248
86723,86976,87025,49,253
86723,86975,87026,51,252
86723,86978,87027,49,255
86723,86971,87027,56,248
86723,86960,87028,68,237
86723,86968,87030,62,245
86723,87028,87031,3,305
86723,87027,87031,4,304
86723,87028,87031,3,305
86723,87031,87033,2,308
86723,87030,87033,3,307
86723,87031,87033,2,308
86723,86982,87034,52,259
86723,87033,87034,1,310
86723,87032,87035,3,309
86723,86972,87035,63,249
86723,87034,87036,2,311
86723,87033,87036,3,310
86723,86988,87035,47,265
86723,87035,87036,1,312
86723,87033,87035,2,310
86723,87035,87037,2,312
86723,87035,87037,2,312
86723,86984,87037,53,261
86723,87036,87038,2,313
86723,87036,87037,1,313
86723,87036,87038,2,313
86723,87036,87039,3,313
86723,87036,87038,2,313
86723,87037,87039,2,314
86723,86986,87039,53,263
86723,87038,87040,2,315
86723,87037,87040,3,314
85434,85434,87040,1606,0
86723,86977,87040,63,254
86723,87037,87040,3,314
86723,87038,87040,2,315
86723,87026,87040,14,303
86723,87039,87041,2,316
86723,86974,87040,66,251
86723,86992,87041,49,269
86723,87039,87041,2,316
86723,87038,87041,3,315
86723,87039,87041,2,316
86723,87039,87041,2,316
86723,87040,87042,2,317
86723,86984,87044,60,261
86723,86983,87045,62,260
86723,87040,87045,5,317
86723,87020,87047,27,297
86723,86993,87049,56,270
86723,86995,87051,56,272
86723,86976,87053,77,253
86723,87025,87054,29,302
86723,86984,87055,71,261
86723,87040,87055,15,317
86723,87040,87059,19,317
86723,86989,87060,71,266
86723,87022,87061,39,299
86723,87000,87062,62,277
86723,87007,87062,55,284
86723,86988,87062,74,265
86723,87021,87064,43,298
86723,87008,87068,60,285
86723,87040,87070,30,317
86723,87040,87072,32,317
86723,87011,87075,64,288
86723,87016,87077,61,293
86723,87021,87079,58,298
86723,87041,87080,39,318
86723,87043,87084,41,320
86723,87042,87088,46,319
86723,87042,87089,47,319
86723,87042,87090,48,319
86723,87041,87090,49,318
86723,87061,87097,36,338
86723,87042,87098,56,319
86723,87042,87102,60,319
86723,87051,87102,51,328
86723,87048,87104,56,325
86723,87044,87105,61,321
86723,87050,87106,56,327
86723,87042,87108,66,319
86723,87062,87109,47,339
86723,87053,87109,56,330
86723,87045,87111,66,322
86723,87054,87112,58,331
86723,87045,87113,68,322
86723,87059,87114,55,336
86723,87068,87120,52,345
86723,87064,87125,61,341
86723,87062,87127,65,339
86723,87063,87129,66,340
86723,87055,87129,74,332
86723,87055,87129,74,332
86723,87060,87134,74,337
86723,87070,87135,65,347
86723,87084,87139,55,361
86723,87080,87140,60,357
86723,87072,87141,69,349
86723,87090,87141,51,367
86752,87104,87142,38,352
86723,87091,87144,53,368
86723,87088,87144,56,365
86752,87114,87145,31,362
86723,87075,87146,71,352
86752,87109,87147,38,357
86723,87077,87148,71,354
86752,87103,87148,45,351
86752,87112,87148,36,360
86752,87120,87148,28,368
86752,87109,87149,40,357
86723,87079,87148,69,356
86723,87097,87151,54,374
86723,87089,87152,63,366
86752,87105,87151,46,353
86752,87111,87151,40,359
86752,87108,87154,46,356
86752,87106,87154,48,354
86752,87113,87158,45,361
86752,87127,87158,31,375
86752,87129,87161,32,377
86752,87125,87162,37,373
86752,87135,87164,29,383
86752,87130,87165,35,378
86752,87139,87166,27,387
86752,87098,87167,69,346
86752,87129,87169,40,377
86752,87140,87172,32,388
86752,87102,87172,70,350
86752,87144,87173,29,392
86752,87142,87173,31,390
86752,87141,87174,33,389
86752,87149,87176,27,397
86752,87141,87177,36,389
86752,87134,87176,42,382
86752,87148,87178,30,396
86752,87166,87178,12,414
86752,87144,87181,37,392
86752,87146,87181,35,394
86752,87173,87182,9,421
86752,87147,87185,38,395
86752,87146,87187,41,394
86752,87164,87187,23,412
86752,87148,87188,40,396
86752,87151,87189,38,399
86752,87162,87189,27,410
86752,87174,87191,17,422
86752,87149,87191,42,397
86752,87149,87191,42,397
86752,87177,87199,22,425
86752,87149,87200,51,397
86752,87167,87200,33,415
86752,87172,87200,28,420
86752,87154,87202,48,402
86752,87152,87202,50,400
86752,87152,87202,50,400
86752,87165,87203,38,413
86752,87169,87202,33,417
86752,87158,87205,47,406
86752,87154,87205,51,402
86752,87181,87209,28,429
86752,87176,87209,33,424
86752,87182,87211,29,430
86752,87161,87212,51,409
86752,87152,87214,62,400
86752,87212,87215,3,460
86752,87158,87215,57,406
86752,87188,87216,28,436
86752,87214,87217,3,462
86752,87211,87217,6,459
86752,87215,87218,3,463
86752,87215,87218,3,463
86752,87191,87219,28,439
86752,87216,87219,3,464
86752,87217,87219,2,465
86752,87217,87219,2,465
86752,87218,87221,3,466
86752,87218,87221,3,466
86752,87219,87221,2,467
86752,87219,87220,1,467
86752,87219,87220,1,467
86752,87172,87222,50,420
86752,87219,87222,3,467
86752,87174,87221,47,422
86752,87221,87223,2,469
86752,87221,87223,2,469
86752,87222,87223,1,470
86752,87222,87224,2,470
86752,87221,87224,3,469
86752,87221,87224,3,469
86752,87190,87223,33,438
86752,87222,87224,2,470
86752,87222,87224,2,470
86752,87223,87225,2,471
86752,87223,87225,2,471
86752,87224,87226,2,472
86752,87223,87226,3,471
86752,87224,87227,3,472
86752,87224,87227,3,472
86752,87224,87227,3,472
86752,87178,87228,50,426
86752,87178,87228,50,426
86752,87191,87229,38,439
86752,87224,87230,6,472
86752,87205,87234,29,453
86752,87186,87235,49,434
85441,85441,87235,1794,0
86752,87209,87236,27,457
86752,87225,87237,12,473
86752,87177,87237,60,425
86752,87187,87237,50,435
86752,87181,87237,56,429
86752,87225,87239,14,473
86752,87189,87242,53,437
86752,87191,87243,52,439
86752,87205,87243,38,453
86752,87226,87244,18,474
86752,87225,87246,21,473
86752,87188,87247,59,436
86752,87209,87247,38,457
85435,85435,87253,1818,0
86752,87226,87255,29,474
86752,87200,87258,58,448
86752,87200,87258,58,448
86752,87228,87258,30,476
86752,87227,87260,33,475
86752,87202,87262,60,450
86752,87229,87263,34,477
86752,87203,87263,60,451
86752,87201,87265,64,449
86752,87203,87265,62,451
86752,87199,87265,66,447
86752,87202,87267,65,450
86752,87228,87269,41,476
86752,87202,87272,70,450
86752,87247,87278,31,495
86752,87258,87282,24,506
86752,87237,87283,46,485
86752,87243,87283,40,491
85435,85435,87284,1849,0
86752,87228,87285,57,476
86752,87247,87285,38,495
86752,87254,87290,36,502
86752,87265,87290,25,513
86752,87236,87290,54,484
86752,87234,87293,59,482
86752,87260,87294,34,508
86752,87229,87294,65,477
86752,87235,87295,60,483
86752,87230,87296,66,478
86860,87278,87295,17,418
86752,87237,87297,60,485
86752,87246,87297,51,494
86752,87243,87298,55,491
86752,87242,87300,58,490
86752,87239,87302,63,487
86860,87282,87302,20,422
86752,87237,87304,67,485
86752,87267,87306,39,515
86752,87255,87306,51,503
85433,85433,87306,1873,0
86752,87258,87306,48,506
86860,87283,87306,23,423
86860,87285,87307,22,425
86752,87237,87310,73,485
86860,87283,87310,27,423
86752,87235,87311,76,483
86860,87284,87312,28,424
86860,87285,87316,31,425
86752,87258,87317,59,506
86752,87244,87318,74,492
86752,87262,87321,59,510
86860,87290,87322,32,430
86860,87293,87326,33,433
86860,87290,87327,37,430
86752,87265,87330,65,513
86860,87294,87331,37,434
86860,87294,87333,39,434
86860,87290,87334,44,430
86752,87267,87334,67,515
86752,87266,87334,68,514
86860,87295,87335,40,435
86860,87302,87336,34,442
86860,87298,87337,39,438
86860,87296,87338,42,436
86752,87263,87338,75,511
86860,87306,87339,33,446
86860,87297,87339,42,437
86860,87297,87340,43,437
86860,87302,87339,37,442
86860,87296,87340,44,436
86860,87301,87340,39,441
86860,87307,87342,35,447
86860,87306,87343,37,446
86860,87307,87345,38,447
86860,87312,87346,34,452
86752,87272,87347,75,520
86860,87311,87347,36,451
86752,87269,87348,79,517
86860,87306,87349,43,446
86860,87310,87351,41,450
86860,87316,87353,37,456
86860,87318,87354,36,458
86860,87306,87354,48,446
86860,87310,87357,47,450
86860,87321,87358,37,461
86860,87304,87358,54,444
85442,85442,87364,1922,0
86860,87317,87368,51,457
86860,87328,87369,41,468
86860,87326,87375,49,466
86860,87336,87375,39,476
86860,87322,87376,54,462
86860,87333,87376,43,473
85436,85436,87377,1941,0
86860,87335,87378,43,475
86860,87334,87381,47,474
86860,87331,87382,51,471
86860,87340,87382,42,480
86860,87337,87383,46,477
86860,87339,87384,45,479
86860,87351,87387,36,491
86860,87341,87389,48,481
86860,87343,87389,46,483
86860,87340,87390,50,480
86860,87335,87390,55,475
86860,87340,87391,51,480
86860,87389,87391,2,529
86860,87389,87391,2,529
86860,87387,87392,5,527
86860,87390,87392,2,530
86860,87339,87391,52,479
86860,87391,87392,1,531
86860,87390,87393,3,530
86860,87342,87393,51,482
86860,87391,87392,1,531
86860,87392,87394,2,532
86860,87392,87393,1,532
86860,87391,87393,2,531
86860,87338,87394,56,478
86860,87392,87394,2,532
86860,87393,87395,2,533
86860,87392,87394,2,532
86860,87393,87395,2,533
86860,87393,87395,2,533
86860,87394,87396,2,534
86860,87394,87396,2,534
86860,87394,87395,1,534
86860,87330,87395,65,470
86860,87395,87397,2,535
86860,87394,87397,3,534
86860,87395,87397,2,535
86860,87394,87396,2,534
86860,87395,87396,1,535
86860,87396,87398,2,536
86860,87395,87398,3,535
86860,87396,87398,2,536
86860,87384,87399,15,524
86860,87396,87398,2,536
86860,87397,87399,2,537
86860,87396,87399,3,536
86860,87345,87399,54,485
86860,87338,87401,63,478
86860,87334,87401,67,474
86860,87397,87401,4,537
86860,87397,87403,6,537
85440,85440,87404,1964,0
86860,87346,87405,59,486
86860,87397,87406,9,537
86860,87347,87408,61,487
86860,87354,87411,57,494
86860,87384,87411,27,524
86860,87358,87412,54,498
86860,87355,87412,57,495
86860,87357,87413,56,497
86860,87349,87413,64,489
86860,87348,87414,66,488
86860,87382,87415,33,522
86860,87382,87418,36,522
86860,87353,87419,66,493
86860,87347,87419,72,487
86860,87397,87420,23,537
86860,87358,87420,62,498
86860,87368,87421,53,508
86860,87375,87421,46,515
86860,87378,87423,45,518
86860,87364,87424,60,504
86860,87376,87429,53,516
86860,87369,87429,60,509
85443,85443,87431,1988,0
86860,87381,87431,50,521
86860,87398,87432,34,538
86860,87376,87433,57,516
86860,87398,87436,38,538
86860,87377,87437,60,517
86860,87375,87437,62,515
86860,87398,87439,41,538
86860,87399,87441,42,539
86860,87399,87450,51,539
86860,87400,87450,50,540
86860,87399,87453,54,539
86865,87439,87454,15,574
86860,87401,87455,54,541
86865,87438,87456,18,573
86865,87441,87457,16,576
86860,87400,87456,56,540
86860,87403,87457,54,543
86860,87401,87458,57,541
86860,87423,87459,36,563
86860,87406,87460,54,546
86860,87404,87463,59,544
86865,87451,87465,14,586
86860,87401,87466,65,541
86860,87411,87468,57,551
86860,87422,87469,47,562
86865,87450,87469,19,585
86860,87408,87471,63,548
86860,87405,87471,66,545
86865,87454,87472,18,589
86860,87415,87472,57,555
86860,87418,87472,54,558
86860,87412,87473,61,552
86860,87419,87473,54,559
86865,87453,87474,21,588
86865,87455,87473,18,590
86860,87413,87475,62,553
86860,87420,87475,55,560
86860,87413,87476,63,553
86865,87457,87477,20,592
86860,87412,87477,65,552
86865,87457,87477,20,592
86865,87456,87478,22,591
86860,87411,87478,67,551
86860,87421,87479,58,561
86860,87432,87482,50,572
86860,87414,87483,69,554
86865,87458,87484,26,593
86860,87420,87485,65,560
86860,87419,87486,67,559
86865,87457,87486,29,592
86860,87424,87486,62,564
86860,87429,87486,57,569
86860,87430,87487,57,570
86865,87460,87488,28,595
86865,87463,87490,27,598
86860,87431,87491,60,571
86865,87459,87492,33,594
86860,87433,87493,60,573
86860,87431,87498,67,571
86860,87436,87499,63,576
86865,87470,87499,29,605
86865,87472,87501,29,607
86865,87465,87502,37,600
86860,87437,87503,66,577
86865,87466,87504,38,601
86865,87471,87504,33,606
86865,87474,87506,32,609
86865,87469,87507,38,604
86865,87468,87507,39,603
86865,87472,87508,36,607
86865,87472,87509,37,607
86865,87471,87512,41,606
86865,87475,87513,38,610
86865,87475,87515,40,610
86865,87473,87517,44,608
86865,87477,87517,40,612
86865,87477,87518,41,612
86865,87478,87520,42,613
86865,87476,87522,46,611
86865,87482,87523,41,617
86865,87477,87526,49,612
86865,87486,87526,40,621
86865,87473,87526,53,608
86865,87475,87527,52,610
86865,87478,87528,50,613
86865,87485,87530,45,620
86865,87483,87531,48,618
86865,87487,87532,45,622
86865,87486,87537,51,621
86865,87486,87538,52,621
86865,87493,87538,45,628
86865,87488,87539,51,623
86865,87486,87539,53,621
86865,87479,87542,63,614
86865,87539,87542,3,674
86865,87539,87542,3,674
86865,87523,87543,20,658
86865,87542,87544,2,677
86865,87491,87544,53,626
86865,87542,87544,2,677
86865,87542,87545,3,677
86865,87543,87545,2,678
86865,87544,87546,2,679
86865,87544,87545,1,679
86865,87544,87547,3,679
86865,87545,87547,2,680
86865,87499,87547,48,634
86865,87545,87547,2,680
86865,87546,87548,2,681
86865,87501,87548,47,636
86865,87546,87548,2,681
86865,87539,87549,10,674
86865,87547,87549,2,682
86865,87547,87549,2,682
86865,87547,87548,1,682
86865,87490,87550,60,625
86865,87547,87550,3,682
86865,87548,87550,2,683
86865,87502,87550,48,637
86865,87549,87551,2,684
86865,87548,87550,2,683
86865,87549,87551,2,684
86865,87526,87550,24,661
86865,87548,87551,3,683
86865,87549,87551,2,684
86865,87549,87552,3,684
86865,87550,87552,2,685
86865,87550,87552,2,685
86865,87551,87553,2,686
86865,87520,87553,33,655
86865,87550,87552,2,685
86865,87506,87553,47,641
86865,87493,87552,59,628
86865,87507,87552,45,642
86865,87522,87554,32,657
86865,87551,87553,2,686
86865,87551,87554,3,686
86865,87484,87556,72,619
86865,87518,87558,40,653
86865,87507,87559,52,642
86865,87498,87559,61,633
86865,87504,87560,56,639
86865,87509,87561,52,644
86865,87517,87561,44,652
86865,87514,87561,47,649
86865,87551,87561,10,686
86865,87499,87563,64,634
86865,87526,87566,40,661
86865,87503,87567,64,638
86865,87509,87568,59,644
86865,87537,87567,30,672
86865,87517,87568,51,652
86865,87512,87570,58,647
86865,87538,87570,32,673
86865,87504,87572,68,639
86865,87515,87571,56,650
86865,87551,87572,21,686
86865,87526,87573,47,661
86865,87551,87581,30,686
86865,87527,87581,54,662
86865,87528,87582,54,663
86865,87532,87582,50,667
86865,87531,87584,53,666
86865,87530,87583,53,665
86865,87551,87586,35,686
86865,87553,87588,35,688
86865,87552,87595,43,687
86865,87553,87598,45,688
86865,87555,87599,44,690
86865,87552,87600,48,687
86865,87553,87606,53,688
86865,87554,87607,53,689
86865,87554,87608,54,689
86865,87554,87609,55,689
86865,87559,87609,50,694
86865,87558,87612,54,693
86865,87553,87613,60,688
86865,87553,87614,61,688
86865,87561,87614,53,696
86865,87556,87613,57,691
86865,87554,87615,61,689
86865,87561,87616,55,696
86865,87560,87617,57,695
86865,87561,87618,57,696
86865,87561,87618,57,696
86865,87568,87619,51,703
86865,87568,87621,53,703
86865,87559,87625,66,694
86865,87570,87628,58,705
86865,87564,87631,67,699
86865,87566,87631,65,701
86865,87568,87632,64,703
86865,87567,87634,67,702
86865,87581,87634,53,716
86865,87572,87635,63,707
86865,87583,87636,53,718
86865,87573,87637,64,708
86865,87573,87638,65,708
86865,87570,87638,68,705
86865,87572,87639,67,707
86865,87581,87641,60,716
86865,87582,87645,63,717
86867,87588,87646,58,721
86865,87584,87647,63,719
86867,87612,87647,35,745
86867,87618,87647,29,751
86867,87616,87646,30,749
86867,87614,87648,34,747
86867,87613,87650,37,746
86865,87584,87650,66,719
86867,87617,87651,34,750
86867,87609,87651,42,742
86867,87600,87652,52,733
86867,87606,87653,47,739
86867,87622,87652,30,755
86865,87587,87654,67,722
86867,87599,87656,57,732
86867,87618,87657,39,751
86867,87616,87658,42,749
86867,87620,87658,38,753
86867,87614,87659,45,747
86867,87608,87659,51,741
86867,87607,87659,52,740
86867,87615,87660,45,748
86867,87625,87661,36,758
86867,87598,87661,63,731
86867,87609,87664,55,742
86867,87636,87667,31,769
86867,87632,87670,38,765
86867,87595,87672,77,728
86867,87634,87673,39,767
86867,87631,87675,44,764
86867,87635,87675,40,768
86867,87634,87676,42,767
86867,87631,87676,45,764
86867,87628,87679,51,761
86867,87638,87680,42,771
86867,87646,87684,38,779
86867,87640,87684,44,773
86867,87639,87687,48,772
86867,87647,87689,42,780
86867,87637,87689,52,770
86867,87647,87690,43,780
86867,87647,87695,48,780
86867,87645,87696,51,778
86867,87641,87696,55,774
86867,87647,87698,51,780
86867,87648,87699,51,781
86867,87653,87703,50,786
86867,87650,87703,53,783
86867,87651,87704,53,784
86867,87661,87704,43,794
86867,87656,87706,50,789
86867,87659,87707,48,792
86867,87654,87707,53,787
86867,87651,87707,56,784
86867,87654,87708,54,787
86867,87658,87708,50,791
86867,87707,87709,2,840
86867,87707,87710,3,840
86867,87708,87710,2,841
86867,87658,87710,52,791
86867,87707,87710,3,840
86867,87709,87710,1,842
86867,87709,87710,1,842
86867,87710,87712,2,843
86867,87710,87712,2,843
86867,87710,87713,3,843
86867,87710,87713,3,843
86867,87711,87712,1,844
86867,87711,87712,1,844
86867,87657,87713,56,790
86867,87712,87714,2,845
86867,87712,87714,2,845
86867,87650,87714,64,783
86867,87652,87715,63,785
86867,87706,87715,9,839
86867,87713,87715,2,846
86867,87713,87715,2,846
86867,87713,87715,2,846
86867,87659,87716,57,792
86867,87713,87715,2,846
86867,87714,87715,1,847
86867,87713,87715,2,846
86867,87715,87717,2,848
86867,87715,87717,2,848
86867,87715,87717,2,848
86867,87715,87717,2,848
86867,87715,87717,2,848
86867,87715,87718,3,848
86867,87715,87718,3,848
86867,87661,87718,57,794
86867,87716,87718,2,849
86867,87660,87720,60,793
86867,87716,87721,5,849
86867,87673,87722,49,806
86867,87659,87723,64,792
86867,87704,87724,20,837
86867,87664,87727,63,797
86867,87668,87727,59,801
86867,87717,87727,10,850
86867,87704,87730,26,837
86867,87670,87730,60,803
86867,87716,87731,15,849
86867,87676,87733,57,809
86867,87684,87735,51,817
86867,87716,87736,20,849
86867,87703,87737,34,836
86867,87672,87737,65,805
86867,87699,87738,39,832
86867,87703,87738,35,836
86867,87675,87739,64,808
86867,87679,87739,60,812
86867,87680,87741,61,813
86867,87677,87741,64,810
86867,87690,87742,52,823
86867,87698,87744,46,831
86867,87689,87746,57,822
86867,87675,87747,72,808
86867,87689,87748,59,822
86867,87684,87748,64,817
86867,87717,87751,34,850
86867,87687,87751,64,820
86867,87695,87757,62,828
86867,87717,87757,40,850
86867,87696,87758,62,829
86867,87696,87759,63,829
86867,87717,87765,48,850
86867,87717,87768,51,850
86867,87718,87772,54,851
86867,87720,87777,57,853
86867,87718,87777,59,851
86867,87722,87780,58,855
86867,87718,87783,65,851
86867,87718,87783,65,851
86867,87727,87783,56,860
86867,87727,87784,57,860
86867,87730,87787,57,863
86867,87721,87788,67,854
86867,87738,87789,51,871
86867,87727,87790,63,860
86867,87731,87792,61,864
86867,87723,87793,70,856
86867,87738,87793,55,871
86867,87736,87796,60,869
86867,87739,87796,57,872
86867,87724,87797,73,857
86867,87730,87798,68,863
86867,87735,87797,62,868
86867,87737,87799,62,870
86867,87733,87799,66,866
86867,87741,87800,59,874
86867,87742,87802,60,875
86871,87768,87802,34,897
86867,87746,87802,56,879
86867,87739,87805,66,872
86867,87737,87804,67,870
86867,87742,87806,64,875
86867,87747,87808,61,880
86867,87748,87809,61,881
86867,87749,87810,61,882
86867,87757,87811,54,890
86871,87780,87815,35,909
86867,87751,87815,64,884
86871,87772,87816,44,901
86867,87751,87816,65,884
86871,87787,87818,31,916
86871,87784,87819,35,913
86871,87793,87820,27,922
86871,87789,87819,30,918
86867,87744,87820,76,877
86871,87793,87823,30,922
86871,87792,87823,31,921
86871,87783,87824,41,912
86871,87788,87824,36,917
86871,87783,87824,41,912
86871,87797,87828,31,926
86867,87757,87829,72,890
86871,87796,87829,33,925
86871,87802,87828,26,931
86871,87790,87831,41,919
86871,87758,87831,73,887
86871,87777,87831,54,906
86871,87784,87831,47,913
86871,87798,87832,34,927
86871,87796,87834,38,925
86871,87765,87833,68,894
86871,87798,87835,37,927
86871,87759,87835,76,888
86871,87799,87836,37,928
86871,87802,87837,35,931
86871,87800,87841,41,929
86871,87802,87841,39,931
86871,87800,87841,41,929
86871,87777,87845,68,906
86871,87805,87847,42,934
86871,87810,87847,37,939
86871,87806,87849,43,935
86871,87815,87850,35,944
86871,87805,87850,45,934
86871,87808,87852,44,937
86871,87809,87854,45,938
86871,87811,87855,44,940
86871,87816,87856,40,945
86871,87818,87860,42,947
86871,87819,87863,44,948
86871,87816,87863,47,945
86871,87820,87866,46,949
86871,87815,87869,54,944
86871,87820,87870,50,949
86871,87823,87870,47,952
86871,87820,87870,50,949
86871,87823,87874,51,952
86871,87831,87878,47,960
86871,87831,87878,47,960
86871,87835,87879,44,964
86871,87828,87880,52,957
86871,87824,87880,56,953
86871,87878,87880,2,1007
86871,87824,87881,57,953
86871,87878,87881,3,1007
86871,87830,87880,50,959
86871,87879,87881,2,1008
86871,87880,87882,2,1009
86871,87880,87882,2,1009
86871,87880,87882,2,1009
86871,87831,87883,52,960
86871,87881,87882,1,1010
86871,87881,87883,2,1010
86871,87881,87883,2,1010
86871,87825,87883,58,954
86871,87881,87883,2,1010
86871,87874,87884,10,1003
86871,87882,87883,1,1011
86871,87882,87883,1,1011
86871,87883,87885,2,1012
86871,87882,87885,3,1011
86871,87834,87885,51,963
86871,87883,87885,2,1012
86871,87883,87886,3,1012
86871,87883,87886,3,1012
86871,87883,87885,2,1012
86871,87883,87886,3,1012
86871,87884,87886,2,1013
86871,87884,87886,2,1013
86871,87838,87886,48,967
86871,87885,87887,2,1014
86871,87831,87887,56,960
86871,87829,87886,57,958
86871,87884,87886,2,1013
86871,87885,87886,1,1014
86871,87885,87888,3,1014
86871,87885,87887,2,1014
86871,87886,87888,2,1015
86871,87886,87889,3,1015
86871,87886,87891,5,1015
86871,87835,87892,57,964
86871,87841,87893,52,970
86871,87836,87895,59,965
86871,87841,87896,55,970
86871,87850,87897,47,979
86871,87829,87898,69,958
86871,87870,87899,29,999
86871,87835,87899,64,964
86871,87833,87901,68,962
86871,87841,87901,60,970
86871,87870,87903,33,999
86871,87845,87905,60,974
86871,87855,87905,50,984
86871,87886,87905,19,1015
86871,87870,87907,37,999
86871,87854,87907,53,983
86871,87887,87909,22,1016
86871,87856,87909,53,985
86871,87866,87909,43,995
86871,87863,87910,47,992
86871,87852,87911,59,981
86871,87849,87911,62,978
86871,87847,87911,64,976
86871,87886,87911,25,1015
86871,87850,87911,61,979
86871,87860,87911,51,989
86871,87847,87912,65,976
86871,87863,87913,50,992
86871,87869,87914,45,998
86871,87887,87921,34,1016
86871,87887,87933,46,1016
86871,87888,87936,48,1017
86871,87888,87937,49,1017
86871,87887,87939,52,1016
86871,87891,87941,50,1020
86871,87887,87943,56,1016
86873,87921,87946,25,1048
86871,87893,87947,54,1022
86871,87888,87948,60,1017
86871,87888,87949,61,1017
86871,87888,87950,62,1017
86871,87897,87951,54,1026
86871,87899,87954,55,1028
86871,87892,87956,64,1021
86871,87902,87957,55,1031
86871,87889,87958,69,1018
86873,87933,87958,25,1060
86871,87896,87958,62,1025
86871,87909,87961,52,1038
86873,87938,87962,24,1065
86871,87903,87962,59,1032
86871,87896,87962,66,1025
86871,87905,87963,58,1034
86873,87936,87964,28,1063
86871,87901,87965,64,1030
86871,87907,87964,57,1036
86871,87911,87964,53,1040
86871,87910,87965,55,1039
86871,87912,87965,53,1041
86871,87909,87965,56,1038
86871,87909,87968,59,1038
86871,87898,87968,70,1027
86871,87899,87971,72,1028
86873,87941,87971,30,1068
86871,87905,87972,67,1034
86871,87913,87972,59,1042
86871,87905,87972,67,1034
86873,87939,87974,35,1066
86871,87911,87974,63,1040
86871,87912,87973,61,1041
86871,87911,87975,64,1040
86871,87907,87976,69,1036
86871,87911,87977,66,1040
86871,87911,87981,70,1040
86873,87946,87983,37,1073
86873,87947,87983,36,1074
86871,87915,87985,70,1044
86873,87943,87985,42,1070
86873,87949,87989,40,1076
86873,87952,87991,39,1079
86873,87962,87992,30,1089
86873,87950,87993,43,1077
86873,87964,87996,32,1091
86873,87948,87996,48,1075
86873,87958,87997,39,1085
86873,87954,87999,45,1081
86873,87966,88000,34,1093
86873,87956,88001,45,1083
86873,87965,88002,37,1092
86873,87965,88003,38,1092
86873,87965,88003,38,1092
86873,87958,88004,46,1085
86873,87961,88003,42,1088
86873,87962,88003,41,1089
86873,87965,88006,41,1092
86873,87968,88006,38,1095
86873,87962,88006,44,1089
86873,87964,88010,46,1091
86873,87957,88011,54,1084
86873,87965,88012,47,1092
86873,87972,88011,39,1099
86873,87958,88013,55,1085
86873,87969,88015,46,1096
86873,87974,88016,42,1101
86873,87972,88017,45,1099
86873,87971,88019,48,1098
86873,87975,88025,50,1102
86873,87972,88026,54,1099
86873,87971,88028,57,1098
86873,87974,88029,55,1101
86873,87974,88029,55,1101
86873,87983,88032,49,1110
86873,87977,88036,59,1104
86873,87981,88036,55,1108
86873,87992,88036,44,1119
86873,87976,88037,61,1103
86873,87983,88041,58,1110
86873,87991,88041,50,1118
86873,87985,88042,57,1112
86873,88038,88043,5,1165
86873,88041,88043,2,1168
86873,88042,88045,3,1169
86873,88041,88044,3,1168
86873,88043,88044,1,1170
86873,88043,88045,2,1170
86873,87998,88047,49,1125
86873,88046,88047,1,1173
86873,88045,88047,2,1172
86873,87989,88047,58,1116
86873,88000,88048,48,1127
86873,87985,88048,63,1112
86873,88045,88047,2,1172
86873,88046,88048,2,1173
86873,88047,88049,2,1174
86873,87996,88048,52,1123
86873,88036,88049,13,1163
86873,88047,88049,2,1174
86873,88047,88048,1,1174
86873,88047,88050,3,1174
86873,88048,88049,1,1175
86873,88048,88051,3,1175
86873,88049,88051,2,1176
86873,88048,88051,3,1175
86873,88004,88050,46,1131
86873,88049,88050,1,1176
86873,88049,88051,2,1176
86873,88048,88051,3,1175
86873,88049,88052,3,1176
86873,88050,88052,2,1177
86873,88003,88051,48,1130
86873,87999,88051,52,1126
86873,88050,88051,1,1177
86873,88003,88053,50,1130
86873,88051,88053,2,1178
86873,88051,88053,2,1178
86873,88050,88052,2,1177
86873,88051,88052,1,1178
86873,88051,88054,3,1178
86873,88051,88053,2,1178
86873,88006,88055,49,1133
86873,88004,88054,50,1131
86873,88010,88054,44,1137
86873,87993,88058,65,1120
86873,88052,88058,6,1179
86873,88001,88058,57,1128
86873,88006,88059,53,1133
86873,87996,88061,65,1123
86873,88002,88062,60,1129
86873,88036,88066,30,1163
86873,88052,88067,15,1179
86873,88032,88068,36,1159
86873,88006,88069,63,1133
86873,88012,88071,59,1139
86873,88012,88071,59,1139
86873,88015,88073,58,1142
86873,88004,88074,70,1131
86873,88011,88075,64,1138
86873,88020,88075,55,1147
86873,88017,88075,58,1144
86873,88052,88080,28,1179
86873,88014,88081,67,1141
86873,88036,88080,44,1163
86873,88025,88083,58,1152
86873,88026,88084,58,1153
86873,88052,88086,34,1179
86873,88016,88087,71,1143
86873,88053,88091,38,1180
86873,88028,88091,63,1155
86873,88030,88091,61,1157
86873,88029,88091,62,1156
86873,88052,88092,40,1179
86873,88053,88103,50,1180
86873,88053,88105,52,1180
86873,88053,88105,52,1180
86873,88055,88106,51,1182
86873,88053,88108,55,1180
86873,88055,88108,53,1182
86873,88053,88108,55,1180
86873,88056,88109,53,1183
86873,88054,88109,55,1181
86873,88058,88112,54,1185
86873,88053,88112,59,1180
86928,88092,88113,21,1164
86928,88091,88113,22,1163
86928,88105,88116,11,1177
86873,88059,88118,59,1186
86873,88062,88119,57,1189
86873,88054,88119,65,1181
86928,88103,88119,16,1175
86873,88069,88121,52,1196
86873,88061,88121,60,1188
86928,88107,88123,16,1179
86873,88058,88124,66,1185
86928,88108,88125,17,1180
86873,88058,88127,69,1185
86928,88105,88128,23,1177
86928,88108,88128,20,1180
86928,88109,88131,22,1181
86873,88066,88132,66,1193
86873,88075,88132,57,1202
86928,88109,88132,23,1181
86873,88075,88133,58,1202
86928,88112,88134,22,1184
86873,88081,88134,53,1208
86873,88074,88135,61,1201
86928,88109,88135,26,1181
86873,88067,88137,70,1194
86873,88071,88137,66,1198
86873,88069,88138,69,1196
86873,88083,88138,55,1210
86928,88113,88140,27,1185
86873,88075,88140,65,1202
86873,88073,88142,69,1200
86873,88072,88142,70,1199
86873,88086,88143,57,1213
86873,88081,88144,63,1208
86928,88116,88145,29,1188
86873,88080,88147,67,1207
86928,88118,88148,30,1190
86928,88123,88149,26,1195
86873,88084,88150,66,1211
86928,88125,88150,25,1197
86873,88091,88150,59,1218
86928,88113,88152,39,1185
86873,88087,88152,65,1214
86928,88113,88153,40,1185
86873,88091,88154,63,1218
86928,88120,88155,35,1192
86928,88120,88155,35,1192
86928,88119,88157,38,1191
86873,88091,88158,67,1218
86928,88121,88160,39,1193
86928,88128,88164,36,1200
86928,88121,88164,43,1193
86928,88131,88166,35,1203
86928,88124,88166,42,1196
86928,88127,88167,40,1199
86928,88128,88171,43,1200
86928,88134,88171,37,1206
86928,88132,88171,39,1204
86928,88132,88173,41,1204
86928,88135,88174,39,1207
86928,88134,88179,45,1206
86928,88132,88180,48,1204
86928,88137,88180,43,1209
86928,88135,88185,50,1207
86928,88133,88187,54,1205
86928,88143,88187,44,1215
86928,88137,88188,51,1209
86928,88138,88189,51,1210
86928,88140,88190,50,1212
86928,88152,88192,40,1224
86928,88144,88194,50,1216
86928,88142,88194,52,1214
86928,88138,88194,56,1210
86928,88140,88195,55,1212
86928,88154,88197,43,1226
86928,88145,88197,52,1217
86928,88195,88198,3,1267
86928,88148,88198,50,1220
86928,88149,88197,48,1221
86928,88150,88199,49,1222
86928,88198,88200,2,1270
86928,88197,88200,3,1269
86928,88197,88199,2,1269
86928,88199,88200,1,1271
86928,88151,88199,48,1223
86928,88199,88200,1,1271
86928,88198,88199,1,1270
86928,88200,88202,2,1272
86928,88200,88202,2,1272
86928,88200,88202,2,1272
86928,88200,88202,2,1272
86928,88200,88201,1,1272
86928,88200,88202,2,1272
86928,88200,88202,2,1272
86928,88202,88204,2,1274
86928,88202,88204,2,1274
86928,88194,88204,10,1266
86928,88174,88203,29,1246
86928,88202,88203,1,1274
86928,88202,88204,2,1274
86928,88142,88203,61,1214
86928,88203,88205,2,1275
86928,88202,88205,3,1274
86928,88157,88205,48,1229
86928,88203,88205,2,1275
86928,88204,88206,2,1276
86928,88204,88206,2,1276
86928,88148,88206,58,1220
86928,88204,88207,3,1276
86928,88204,88206,2,1276
86928,88204,88206,2,1276
86928,88205,88207,2,1277
86928,88204,88206,2,1276
86928,88173,88206,33,1245
86928,88205,88207,2,1277
86928,88155,88208,53,1227
86928,88205,88210,5,1277
86928,88150,88211,61,1222
86928,88160,88212,52,1232
86928,88164,88212,48,1236
86928,88164,88214,50,1236
86928,88167,88215,48,1239
86928,88179,88215,36,1251
86928,88152,88215,63,1224
86928,88180,88216,36,1252
86928,88153,88216,63,1225
86928,88206,88216,10,1278
86928,88155,88217,62,1227
86928,88166,88217,51,1238
86928,88172,88221,49,1244
86928,88158,88221,63,1230
86928,88206,88223,17,1278
86928,88171,88224,53,1243
86928,88167,88225,58,1239
86928,88171,88225,54,1243
86928,88181,88225,44,1253
86928,88187,88230,43,1259
86928,88206,88230,24,1278
86928,88194,88231,37,1266
86928,88194,88232,38,1266
86928,88187,88232,45,1259
86928,88185,88237,52,1257
86928,88193,88237,44,1265
86928,88206,88239,33,1278
86928,88189,88241,52,1261
86928,88190,88247,57,1262
86928,88207,88249,42,1279
86928,88206,88250,44,1278
86928,88188,88251,63,1260
86928,88207,88257,50,1279
86928,88207,88258,51,1279
86928,88207,88258,51,1279
86928,88207,88259,52,1279
86928,88207,88260,53,1279
86928,88209,88260,51,1281
86928,88214,88263,49,1286
86928,88216,88263,47,1288
86928,88207,88265,58,1279
86928,88212,88269,57,1284
86928,88210,88269,59,1282
86928,88216,88269,53,1288
86928,88218,88271,53,1290
86928,88230,88275,45,1302
86928,88211,88275,64,1283
86928,88225,88276,51,1297
86928,88212,88277,65,1284
86928,88223,88276,53,1295
86928,88216,88276,60,1288
86928,88215,88278,63,1287
86928,88224,88278,54,1296
86951,88250,88278,28,1299
86928,88221,88281,60,1293
86928,88217,88283,66,1289
86928,88215,88285,70,1287
86928,88232,88286,54,1304
86928,88215,88286,71,1287
86928,88221,88287,66,1293
86928,88225,88288,63,1297
86951,88258,88288,30,1307
86951,88251,88287,36,1300
86951,88260,88289,29,1309
86951,88259,88289,30,1308
86928,88225,88290,65,1297
86928,88237,88293,56,1309
86928,88230,88294,64,1302
86951,88258,88294,36,1307
86928,88239,88295,56,1311
86951,88263,88296,33,1312
86951,88260,88295,35,1309
86951,88263,88297,34,1312
86928,88231,88296,65,1303
86951,88259,88298,39,1308
86928,88237,88300,63,1309
86928,88249,88300,51,1321
86928,88232,88301,69,1304
86951,88269,88308,39,1318
86951,88278,88309,31,1327
86951,88269,88309,40,1318
86951,88275,88309,34,1324
86928,88241,88310,69,1313
86951,88270,88310,40,1319
86928,88247,88311,64,1319
86951,88277,88315,38,1326
86951,88277,88316,39,1326
86951,88265,88317,52,1314
86951,88271,88322,51,1320
86951,88275,88323,48,1324
86951,88278,88324,46,1327
86951,88283,88325,42,1332
86951,88286,88327,41,1335
86951,88289,88327,38,1338
86951,88281,88328,47,1330
86951,88278,88329,51,1327
86951,88285,88330,45,1334
86951,88287,88331,44,1336
86951,88276,88331,55,1325
86951,88287,88333,46,1336
86951,88288,88334,46,1337
86951,88289,88335,46,1338
86951,88277,88335,58,1326
86951,88294,88336,42,1343
86951,88296,88337,41,1345
86951,88295,88338,43,1344
86951,88294,88339,45,1343
86951,88288,88339,51,1337
86951,88296,88338,42,1345
86951,88293,88341,48,1342
86951,88298,88341,43,1347
86951,88288,88341,53,1337
86951,88291,88350,59,1340
86951,88300,88351,51,1349
86951,88301,88352,51,1350
86951,88297,88354,57,1346
86951,88308,88356,48,1357
86951,88297,88358,61,1346
86951,88310,88358,48,1359
86951,88356,88359,3,1405
86951,88358,88360,2,1407
86951,88358,88361,3,1407
86951,88300,88361,61,1349
86951,88310,88362,52,1359
86951,88360,88361,1,1409
86951,88360,88361,1,1409
86951,88309,88363,54,1358
86951,88362,88363,1,1411
86951,88316,88362,46,1365
86951,88362,88363,1,1411
86951,88361,88364,3,1410
86951,88362,88364,2,1411
86951,88363,88365,2,1412
86951,88363,88365,2,1412
86951,88362,88364,2,1411
86951,88363,88364,1,1412
86951,88364,88366,2,1413
86951,88363,88365,2,1412
86951,88364,88366,2,1413
86951,88365,88367,2,1414
86951,88365,88366,1,1414
86951,88365,88366,1,1414
86951,88354,88368,14,1403
86951,88310,88368,58,1359
86951,88309,88368,59,1358
86951,88366,88367,1,1415
86951,88365,88367,2,1414
86951,88366,88367,1,1415
86951,88366,88369,3,1415
86951,88367,88369,2,1416
86951,88367,88369,2,1416
86951,88367,88369,2,1416
86951,88368,88370,2,1417
86951,88368,88371,3,1417
86951,88368,88371,3,1417
86951,88368,88371,3,1417
86951,88368,88373,5,1417
86951,88325,88374,49,1374
86951,88317,88378,61,1366
86951,88336,88378,42,1385
86951,88322,88378,56,1371
86951,88368,88379,11,1417
86951,88327,88379,52,1376
86951,88316,88380,64,1365
86951,88323,88380,57,1372
86951,88328,88382,54,1377
86951,88311,88381,70,1360
86951,88324,88384,60,1373
86951,88352,88385,33,1401
86951,88341,88388,47,1390
86951,88335,88388,53,1384
86951,88328,88389,61,1377
86951,88329,88390,61,1378
86951,88338,88390,52,1387
86951,88331,88390,59,1380
86951,88330,88391,61,1379
86951,88338,88392,54,1387
86951,88341,88391,50,1390
86951,88333,88392,59,1382
86951,88339,88394,55,1388
86951,88331,88394,63,1380
86951,88369,88396,27,1418
86951,88351,88396,45,1400
86951,88341,88396,55,1390
86951,88335,88398,63,1384
86951,88339,88399,60,1388
86951,88369,88399,30,1418
86951,88334,88400,66,1383
86951,88370,88402,32,1419
86951,88350,88407,57,1399
86951,88339,88408,69,1388
86951,88369,88408,39,1418
86951,88370,88417,47,1419
86951,88372,88420,48,1421
86951,88378,88425,47,1427
86951,88371,88426,55,1420
86951,88373,88428,55,1422
86951,88379,88430,51,1428
86951,88378,88431,53,1427
86951,88371,88431,60,1420
86951,88374,88432,58,1423
86951,88379,88438,59,1428
86951,88380,88439,59,1429
86951,88382,88440,58,1431
87040,88408,88441,33,1368
86951,88388,88443,55,1437
86951,88380,88444,64,1429
86951,88390,88444,54,1439
86951,88388,88445,57,1437
86951,88378,88445,67,1427
86951,88382,88447,65,1431
86951,88385,88448,63,1434
86951,88386,88449,63,1435
86951,88392,88449,57,1441
86951,88391,88451,60,1440
86951,88394,88452,58,1443
86951,88389,88452,63,1438
86951,88396,88454,58,1445
87040,88408,88454,46,1368
86951,88390,88456,66,1439
86951,88400,88456,56,1449
86951,88391,88457,66,1440
86951,88402,88457,55,1451
86951,88399,88458,59,1448
86951,88393,88457,64,1442
86951,88392,88459,67,1441
86951,88394,88462,68,1443
86951,88396,88462,66,1445
86951,88398,88465,67,1447
86951,88396,88467,71,1445
87040,88420,88468,48,1380
86951,88400,88472,72,1449
87040,88441,88474,33,1401
87040,88417,88475,58,1377
86951,88407,88476,69,1456
87040,88429,88478,49,1389
87040,88444,88478,34,1404
87040,88432,88479,47,1392
87040,88438,88480,42,1398
87040,88430,88480,50,1390
87040,88449,88482,33,1409
87040,88448,88482,34,1408
87040,88426,88483,57,1386
87040,88431,88483,52,1391
87040,88443,88482,39,1403
87040,88447,88485,38,1407
87040,88425,88485,60,1385
87040,88444,88486,42,1404
87040,88445,88486,41,1405
87040,88440,88486,46,1400
87040,88445,88488,43,1405
87040,88452,88492,40,1412
87040,88457,88493,36,1417
87040,88431,88494,63,1391
87040,88449,88495,46,1409
87040,88454,88497,43,1414
87040,88451,88497,46,1411
87040,88454,88497,43,1414
87040,88439,88497,58,1399
87040,88457,88500,43,1417
87040,88452,88500,48,1412
87040,88456,88500,44,1416
87040,88458,88501,43,1418
87040,88462,88501,39,1422
87040,88457,88503,46,1417
87040,88476,88507,31,1436
87040,88478,88510,32,1438
87040,88462,88511,49,1422
87040,88459,88511,52,1419
87040,88458,88512,54,1418
87040,88468,88517,49,1428
87040,88472,88522,50,1432
87040,88474,88523,49,1434
87040,88465,88524,59,1425
87040,88482,88525,43,1442
87040,88476,88530,54,1436
87040,88479,88532,53,1439
87040,88480,88533,53,1440
87040,88483,88533,50,1443
87040,88467,88535,68,1427
87040,88487,88535,48,1447
87040,88483,88535,52,1443
87040,88535,88537,2,1495
87040,88534,88537,3,1494
87040,88535,88537,2,1495
87040,88535,88537,2,1495
87040,88533,88538,5,1493
87040,88478,88538,60,1438
87040,88480,88538,58,1440
87040,88537,88538,1,1497
87040,88537,88538,1,1497
87040,88538,88539,1,1498
87040,88537,88538,1,1497
87040,88538,88540,2,1498
87040,88537,88540,3,1497
87040,88539,88541,2,1499
87040,88539,88541,2,1499
87040,88539,88541,2,1499
87040,88532,88542,10,1492
87040,88539,88541,2,1499
87040,88539,88541,2,1499
87040,88540,88542,2,1500
87040,88540,88541,1,1500
87040,88492,88542,50,1452
87040,88541,88543,2,1501
87040,88541,88543,2,1501
87040,88541,88543,2,1501
87040,88483,88544,61,1443
87040,88488,88543,55,1448
87040,88542,88544,2,1502
87040,88542,88544,2,1502
87040,88542,88544,2,1502
87040,88543,88545,2,1503
87040,88486,88544,58,1446
87040,88542,88544,2,1502
87040,88543,88545,2,1503
87040,88542,88545,3,1502
87040,88486,88546,60,1446
87040,88543,88545,2,1503
87040,88482,88547,65,1442
87040,88543,88548,5,1503
87040,88486,88549,63,1446
87040,88485,88550,65,1445
87040,88544,88550,6,1504
87040,88530,88551,21,1490
87040,88500,88553,53,1460
87040,88525,88553,28,1485
87040,88544,88554,10,1504
87040,88493,88555,62,1453
87040,88499,88557,58,1459
87040,88497,88558,61,1457
87040,88510,88560,50,1470
87040,88494,88561,67,1454
87040,88502,88561,59,1462
87040,88497,88562,65,1457
87040,88507,88562,55,1467
87040,88544,88562,18,1504
87040,88523,88563,40,1483
87040,88497,88563,66,1457
87040,88495,88564,69,1455
87040,88522,88564,42,1482
87040,88503,88566,63,1463
87040,88501,88566,65,1461
87040,88545,88569,24,1505
87040,88517,88570,53,1477
87040,88501,88570,69,1461
87040,88511,88572,61,1471
87040,88500,88574,74,1460
87040,88545,88574,29,1505
87040,88524,88574,50,1484
87040,88546,88575,29,1506
87040,88511,88577,66,1471
87040,88512,88577,65,1472
87040,88548,88585,37,1508
87040,88545,88585,40,1505
87236,88575,88589,14,1339
87040,88544,88592,48,1504
87040,88551,88593,42,1511
87040,88545,88596,51,1505
87040,88545,88596,51,1505
87040,88546,88598,52,1506
87236,88578,88599,21,1342
87236,88585,88599,14,1349
87040,88546,88599,53,1506
87236,88577,88601,24,1341
87040,88547,88602,55,1507
87040,88549,88608,59,1509
87236,88586,88609,23,1350
87040,88550,88609,59,1510
87040,88553,88610,57,1513
87040,88554,88611,57,1514
87236,88589,88611,22,1353
87040,88550,88613,63,1510
87040,88555,88614,59,1515
87040,88553,88615,62,1513
87236,88592,88617,25,1356
87040,88560,88617,57,1520
87040,88562,88619,57,1522
87236,88596,88620,24,1360
87040,88562,88621,59,1522
87040,88563,88622,59,1523
87236,88593,88623,30,1357
87236,88599,88627,28,1363
87040,88561,88627,66,1521
87040,88562,88629,67,1522
87236,88598,88630,32,1362
87040,88557,88631,74,1517
87040,88569,88630,61,1529
87040,88564,88631,67,1524
87040,88570,88633,63,1530
87040,88558,88633,75,1518
87040,88570,88634,64,1530
87040,88566,88634,68,1526
87040,88561,88635,74,1521
87040,88563,88636,73,1523
87040,88564,88635,71,1524
87040,88574,88636,62,1534
87236,88599,88636,37,1363
87040,88566,88637,71,1526
87236,88598,88639,41,1362
87236,88601,88639,38,1365
87040,88574,88641,67,1534
87236,88611,88644,33,1375
87236,88599,88644,45,1363
87236,88602,88644,42,1366
87040,88572,88644,72,1532
87236,88608,88646,38,1372
87040,88574,88647,73,1534
87236,88611,88647,36,1375
87236,88609,88651,42,1373
87236,88615,88654,39,1379
87236,88610,88654,44,1374
87236,88617,88657,40,1381
87236,88622,88657,35,1386
87236,88610,88658,48,1374
87236,88620,88659,39,1384
87236,88617,88660,43,1381
87236,88623,88660,37,1387
87236,88627,88661,34,1391
87236,88627,88661,34,1391
87236,88615,88663,48,1379
87236,88619,88663,44,1383
87236,88613,88664,51,1377
87236,88632,88671,39,1396
87236,88621,88671,50,1385
87236,88630,88676,46,1394
87236,88631,88679,48,1395
87236,88634,88680,46,1398
87236,88629,88682,53,1393
87236,88636,88683,47,1400
87236,88632,88685,53,1396
87236,88633,88686,53,1397
87236,88636,88688,52,1400
87236,88636,88689,53,1400
87236,88639,88690,51,1403
87236,88635,88691,56,1399
87236,88637,88692,55,1401
87236,88633,88692,59,1397
87236,88636,88694,58,1400
87236,88644,88695,51,1408
87236,88693,88696,3,1457
87236,88634,88697,63,1398
87236,88692,88697,5,1456
87236,88694,88696,2,1458
87236,88644,88698,54,1408
87236,88695,88697,2,1459
87236,88696,88698,2,1460
87236,88648,88699,51,1412
87236,88697,88699,2,1461
87236,88697,88700,3,1461
87236,88639,88700,61,1403
87236,88654,88700,46,1418
87236,88697,88699,2,1461
87236,88644,88699,55,1408
87236,88644,88701,57,1408
87236,88699,88701,2,1463
87236,88698,88700,2,1462
87236,88699,88700,1,1463
87236,88698,88700,2,1462
87236,88647,88702,55,1411
87236,88699,88702,3,1463
87236,88654,88702,48,1418
87236,88700,88702,2,1464
87236,88700,88702,2,1464
87236,88700,88703,3,1464
87236,88700,88703,3,1464
87236,88646,88702,56,1410
87236,88701,88703,2,1465
87236,88701,88703,2,1465
87236,88651,88702,51,1415
87236,88663,88703,40,1427
87236,88702,88704,2,1466
87236,88701,88704,3,1465
87236,88700,88703,3,1464
87236,88701,88703,2,1465
87236,88702,88703,1,1466
87236,88702,88705,3,1466
87236,88701,88704,3,1465
87236,88702,88704,2,1466
87236,88702,88704,2,1466
87236,88703,88706,3,1467
87236,88691,88706,15,1455
87236,88703,88707,4,1467
87236,88664,88707,43,1428
87236,88659,88707,48,1423
87236,88661,88707,46,1425
87236,88641,88711,70,1405
87236,88703,88711,8,1467
87236,88663,88711,48,1427
87236,88657,88711,54,1421
87236,88657,88712,55,1421
87236,88660,88713,53,1424
87236,88671,88715,44,1435
87236,88703,88716,13,1467
87236,88658,88719,61,1422
87236,88661,88719,58,1425
87236,88671,88720,49,1435
87236,88690,88722,32,1454
87236,88660,88724,64,1424
87236,88676,88725,49,1440
87236,88683,88725,42,1447
87236,88703,88727,24,1467
87236,88689,88730,41,1453
87236,88688,88730,42,1452
87236,88681,88732,51,1445
87236,88703,88736,33,1467
87236,88704,88740,36,1468
87236,88703,88742,39,1467
87236,88685,88742,57,1449
87236,88686,88743,57,1450
87236,88682,88743,61,1446
87236,88679,88746,67,1443
87236,88704,88748,44,1468
87236,88705,88755,50,1469
87236,88707,88756,49,1471
87236,88705,88760,55,1469
87236,88707,88760,53,1471
87236,88704,88761,57,1468
87236,88706,88763,57,1470
87236,88704,88765,61,1468
87236,88712,88765,53,1476
87236,88711,88765,54,1475
87236,88715,88765,50,1479
87236,88705,88767,62,1469
87236,88706,88767,61,1470
87236,88711,88768,57,1475
87236,88711,88769,58,1475
87236,88706,88769,63,1470
87236,88711,88771,60,1475
87236,88706,88771,65,1470
87236,88716,88772,56,1480
87236,88707,88774,67,1471
87236,88713,88776,63,1477
87236,88721,88777,56,1485
87236,88707,88776,69,1471
87236,88727,88780,53,1491
87236,88725,88783,58,1489
87236,88730,88784,54,1494
87236,88719,88784,65,1483
87236,88732,88786,54,1496
87236,88720,88786,66,1484
87236,88722,88788,66,1486
87236,88727,88789,62,1491
87236,88736,88790,54,1500
87236,88742,88794,52,1506
87236,88724,88793,69,1488
87236,88730,88794,64,1494
87255,88749,88801,52,1494
87236,88742,88803,61,1506
87255,88761,88804,43,1506
87255,88744,88805,61,1489
87255,88777,88806,29,1522
87236,88743,88807,64,1507
87255,88756,88807,51,1501
87255,88756,88807,51,1501
87255,88765,88808,43,1510
87236,88740,88807,67,1504
87255,88772,88809,37,1517
87255,88767,88810,43,1512
87255,88769,88811,42,1514
87255,88765,88811,46,1510
87255,88746,88811,65,1491
87255,88767,88812,45,1512
87255,88771,88813,42,1516
87255,88763,88816,53,1508
87255,88771,88816,45,1516
87255,88780,88818,38,1525
87255,88766,88818,52,1511
87255,88762,88818,56,1507
87255,88776,88817,41,1521
87255,88765,88819,54,1510
87255,88760,88819,59,1505
87255,88784,88819,35,1529
87255,88768,88820,52,1513
87255,88783,88819,36,1528
87255,88769,88820,51,1514
87255,88777,88820,43,1522
87255,88786,88821,35,1531
87255,88774,88827,53,1519
87255,88788,88828,40,1533
87255,88784,88830,46,1529
87255,88786,88831,45,1531
87255,88790,88833,43,1535
87255,88794,88835,41,1539
87255,88801,88839,38,1546
87255,88789,88843,54,1534
87255,88811,88848,37,1556
87255,88794,88848,54,1539
87255,88806,88853,47,1551
87255,88804,88854,50,1549
87255,88803,88855,52,1548
87255,88808,88856,48,1553
87255,88795,88856,61,1540
87255,88808,88857,49,1553
87255,88807,88858,51,1552
87255,88818,88861,43,1563
87255,88809,88862,53,1554
87255,88808,88863,55,1553
87255,88811,88864,53,1556
87255,88807,88865,58,1552
87255,88805,88866,61,1550
87255,88863,88867,4,1608
87255,88865,88867,2,1610
87255,88866,88869,3,1611
87255,88867,88869,2,1612
87255,88865,88868,3,1610
87255,88820,88869,49,1565
87255,88862,88869,7,1607
87255,88867,88869,2,1612
87255,88818,88870,52,1563
87255,88869,88871,2,1614
87255,88869,88870,1,1614
87255,88869,88871,2,1614
87255,88869,88871,2,1614
87255,88870,88871,1,1615
87255,88870,88873,3,1615
87255,88871,88873,2,1616
87255,88820,88873,53,1565
87255,88871,88872,1,1616
87255,88871,88873,2,1616
87255,88872,88874,2,1617
87255,88873,88875,2,1618
87255,88872,88875,3,1617
87255,88872,88874,2,1617
87255,88873,88874,1,1618
87255,88812,88874,62,1557
87255,88873,88875,2,1618
87255,88873,88876,3,1618
87255,88874,88876,2,1619
87255,88873,88875,2,1618
87255,88875,88877,2,1620
87255,88813,88877,64,1558
87255,88813,88876,63,1558
87255,88875,88877,2,1620
87255,88875,88878,3,1620
87255,88821,88878,57,1566
87255,88810,88878,68,1555
87255,88875,88877,2,1620
87255,88861,88878,17,1606
87255,88875,88878,3,1620
87255,88818,88880,62,1563
87255,88816,88879,63,1561
87255,88819,88879,60,1564
87255,88819,88881,62,1564
87255,88876,88881,5,1621
87255,88817,88881,64,1562
87255,88819,88882,63,1564
87255,88818,88883,65,1563
87255,88820,88885,65,1565
87255,88820,88886,66,1565
87255,88833,88886,53,1578
87255,88859,88887,28,1604
87255,88835,88887,52,1580
87255,88830,88887,57,1575
87255,88828,88891,63,1573
87255,88876,88892,16,1621
87255,88831,88893,62,1576
87255,88839,88894,55,1584
87255,88827,88894,67,1572
87255,88857,88900,43,1602
87255,88848,88900,52,1593
87255,88876,88901,25,1621
87255,88843,88905,62,1588
87255,88848,88906,58,1593
87255,88853,88907,54,1598
87255,88878,88907,29,1623
87255,88854,88908,54,1599
87255,88856,88908,52,1601
87255,88856,88910,54,1601
87255,88877,88911,34,1622
87255,88876,88913,37,1621
87255,88855,88913,58,1600
87255,88877,88919,42,1622
87255,88877,88926,49,1622
87255,88878,88929,51,1623
87255,88878,88930,52,1623
87255,88878,88931,53,1623
87255,88880,88935,55,1625
87255,88877,88935,58,1622
87255,88881,88937,56,1626
87255,88887,88941,54,1632
87255,88880,88942,62,1625
87255,88883,88943,60,1628
87255,88886,88944,58,1631
87255,88878,88946,68,1623
87255,88878,88946,68,1623
87255,88887,88947,60,1632
87255,88881,88949,68,1626
87255,88894,88950,56,1639
87255,88882,88950,68,1627
87255,88881,88952,71,1626
87255,88900,88953,53,1645
87255,88881,88954,73,1626
87255,88885,88953,68,1630
87255,88900,88956,56,1645
87255,88886,88958,72,1631
87284,88913,88959,46,1629
87255,88887,88960,73,1632
87255,88891,88960,69,1636
87255,88901,88961,60,1646
87255,88893,88962,69,1638
87255,88892,88962,70,1637
87255,88907,88966,59,1652
87255,88907,88966,59,1652
87284,88913,88966,53,1629
87255,88908,88966,58,1653
87255,88895,88969,74,1640
87255,88910,88972,62,1655
87255,88911,88972,61,1656
87284,88929,88973,44,1645
87284,88919,88975,56,1635
87284,88935,88976,41,1651
87284,88926,88976,50,1642
87255,88905,88977,72,1650
87255,88906,88977,71,1651
87284,88931,88978,47,1647
87284,88930,88978,48,1646
87255,88908,88978,70,1653
87284,88937,88981,44,1653
87284,88941,88981,40,1657
87284,88953,88985,32,1669
87284,88947,88986,39,1663
87284,88943,88989,46,1659
87284,88950,88991,41,1666
87284,88944,88993,49,1660
87284,88954,88993,39,1670
87284,88960,88994,34,1676
87284,88935,88995,60,1651
87284,88950,88994,44,1666
87284,88946,88995,49,1662
87284,88956,88995,39,1672
87284,88949,88994,45,1665
87284,88946,88996,50,1662
87284,88943,88996,53,1659
87284,88961,89000,39,1677
87284,88952,89001,49,1668
87284,88954,89001,47,1670
87284,88958,89003,45,1674
87284,88966,89003,37,1682
87284,88959,89004,45,1675
87284,88966,89005,39,1682
87284,88966,89006,40,1682
87284,88960,89008,48,1676
87284,88962,89008,46,1678
87284,88962,89010,48,1678
87284,88969,89012,43,1685
87284,88972,89017,45,1688
87284,88966,89020,54,1682
87284,88976,89024,48,1692
87284,88972,89026,54,1688
87284,88974,89028,54,1690
87284,88977,89031,54,1693
87284,88978,89032,54,1694
87284,88986,89032,46,1702
87284,88985,89033,48,1701
87284,88978,89033,55,1694
87284,88978,89034,56,1694
87284,88977,89034,57,1693
87284,88982,89035,53,1698
87284,88981,89035,54,1697
87284,89035,89037,2,1751
87284,89035,89037,2,1751
87284,89034,89038,4,1750
87284,88976,89038,62,1692
87284,89037,89039,2,1753
87284,89034,89039,5,1750
87284,89037,89038,1,1753
87284,88995,89039,44,1711
87284,89038,89040,2,1754
87284,89039,89041,2,1755
87284,89039,89041,2,1755
87284,89038,89040,2,1754
87284,89039,89041,2,1755
87284,89040,89043,3,1756
87284,89040,89043,3,1756
87284,88991,89042,51,1707
87284,89041,89042,1,1757
87284,89041,89042,1,1757
87284,89042,89044,2,1758
87284,89041,89044,3,1757
87284,89043,89045,2,1759
87284,89043,89045,2,1759
87284,88996,89046,50,1712
87284,89043,89045,2,1759
87284,89044,89045,1,1760
87284,89043,89045,2,1759
87284,89045,89047,2,1761
87284,88975,89047,72,1691
87284,89033,89047,14,1749
87284,89045,89046,1,1761
87284,89046,89048,2,1762
87284,89045,89048,3,1761
87284,89045,89047,2,1761
87284,89046,89049,3,1762
87284,89046,89049,3,1762
87284,89046,89049,3,1762
87284,88989,89050,61,1705
87284,88994,89051,57,1710
87284,89047,89051,4,1763
87284,89000,89052,52,1716
87284,89003,89052,49,1719
87284,88995,89052,57,1711
87284,88993,89052,59,1709
87284,88994,89056,62,1710
87284,89033,89057,24,1749
87284,88996,89059,63,1712
87284,89006,89059,53,1722
87284,89006,89060,54,1722
87284,89003,89059,56,1719
87284,89047,89059,12,1763
87284,88996,89061,65,1712
87284,89001,89063,62,1717
87284,88996,89063,67,1712
87284,89004,89065,61,1720
87284,88995,89066,71,1711
87284,89001,89066,65,1717
87284,89048,89068,20,1764
87284,89032,89069,37,1748
87284,89008,89071,63,1724
87284,89018,89072,54,1734
87284,89047,89072,25,1763
87284,89012,89073,61,1728
87284,89047,89073,26,1763
87284,89020,89074,54,1736
87284,89024,89074,50,1740
87284,89008,89073,65,1724
87284,89026,89074,48,1742
87284,89010,89079,69,1726
87284,89028,89080,52,1744
87284,89048,89084,36,1764
87284,89032,89086,54,1748
87284,89031,89087,56,1747
87284,89049,89091,42,1765
87284,89048,89096,48,1764
87284,89049,89099,50,1765
87284,89052,89100,48,1768
87284,89049,89103,54,1765
87284,89051,89103,52,1767
87284,89052,89104,52,1768
87284,89053,89109,56,1769
87284,89060,89111,51,1776
87284,89057,89111,54,1773
87284,89059,89110,51,1775
87284,89060,89110,50,1776
87284,89056,89113,57,1772
87284,89051,89113,62,1767
87284,89052,89115,63,1768
87307,89086,89116,30,1779
87284,89050,89116,66,1766
87284,89072,89121,49,1788
87284,89061,89124,63,1777
87284,89059,89125,66,1775
87284,89060,89126,66,1776
87284,89069,89127,58,1785
87284,89072,89129,57,1788
87284,89066,89130,64,1782
87284,89065,89130,65,1781
87284,89074,89130,56,1790
87284,89074,89130,56,1790
87284,89067,89132,65,1783
87284,89063,89133,70,1779
87284,89063,89132,69,1779
87284,89071,89134,63,1787
87284,89068,89137,69,1784
87284,89074,89138,64,1790
87284,89073,89140,67,1789
87284,89080,89140,60,1796
87284,89073,89140,67,1789
87307,89096,89142,46,1789
87307,89103,89142,39,1796
87284,89084,89142,58,1800
87284,89074,89141,67,1790
87307,89104,89143,39,1797
87307,89091,89144,53,1784
87307,89110,89145,35,1803
87284,89080,89146,66,1796
87307,89121,89152,31,1814
87307,89101,89153,52,1794
87307,89114,89153,39,1807
87307,89113,89154,41,1806
87307,89112,89154,42,1805
87307,89111,89155,44,1804
87307,89111,89155,44,1804
87307,89087,89158,71,1780
87307,89116,89159,43,1809
87307,89116,89159,43,1809
87307,89127,89161,34,1820
87307,89115,89161,46,1808
87307,89124,89161,37,1817
87307,89125,89162,37,1818
87307,89099,89162,63,1792
87307,89104,89164,60,1797
87307,89129,89165,36,1822
87307,89130,89165,35,1823
87307,89130,89170,40,1823
87307,89126,89170,44,1819
87307,89131,89170,39,1824
87307,89111,89170,59,1804
87307,89130,89173,43,1823
87307,89132,89175,43,1825
87307,89133,89179,46,1826
87307,89140,89179,39,1833
87307,89134,89180,46,1827
87307,89143,89182,39,1836
87307,89137,89185,48,1830
87307,89141,89185,44,1834
87307,89138,89187,49,1831
87307,89140,89188,48,1833
87307,89133,89188,55,1826
87307,89144,89190,46,1837
87307,89142,89193,51,1835
87307,89142,89193,51,1835
87307,89142,89195,53,1835
87307,89155,89196,41,1848
87307,89142,89197,55,1835
87307,89146,89199,53,1839
87307,89145,89201,56,1838
87307,89158,89203,45,1851
87307,89156,89205,49,1849
87307,89153,89206,53,1846
87307,89152,89207,55,1845
87307,89205,89208,3,1898
87307,89207,89209,2,1900
87307,89206,89209,3,1899
87307,89154,89209,55,1847
87307,89203,89210,7,1896
87307,89154,89210,56,1847
87307,89209,89211,2,1902
87307,89209,89211,2,1902
87307,89209,89211,2,1902
87307,89161,89212,51,1854
87307,89209,89211,2,1902
87307,89210,89212,2,1903
87307,89153,89213,60,1846
87307,89201,89213,12,1894
87307,89210,89213,3,1903
87307,89211,89213,2,1904
87307,89161,89213,52,1854
87307,89159,89213,54,1852
87307,89211,89212,1,1904
87307,89212,89214,2,1905
87307,89212,89213,1,1905
87307,89212,89214,2,1905
87307,89212,89213,1,1905
87307,89213,89215,2,1906
87307,89213,89215,2,1906
87307,89213,89215,2,1906
87307,89213,89214,1,1906
87307,89213,89214,1,1906
87307,89213,89214,1,1906
87307,89214,89216,2,1907
87307,89213,89215,2,1906
87307,89214,89216,2,1907
87307,89165,89217,52,1858
87307,89165,89217,52,1858
87307,89214,89217,3,1907
87307,89215,89216,1,1908
87307,89215,89218,3,1908
87307,89215,89219,4,1908
87307,89164,89219,55,1857
87307,89215,89220,5,1908
87307,89162,89219,57,1855
87307,89188,89221,33,1881
87307,89159,89222,63,1852
87307,89199,89222,23,1892
87307,89162,89223,61,1855
87307,89170,89223,53,1863
87307,89161,89225,64,1854
87307,89215,89227,12,1908
87307,89216,89228,12,1909
87307,89170,89229,59,1863
87307,89197,89229,32,1890
87307,89170,89230,60,1863
87307,89171,89233,62,1864
87307,89182,89234,52,1875
87307,89196,89236,40,1889
87307,89216,89238,22,1909
87307,89216,89239,23,1909
87307,89173,89239,66,1866
87307,89175,89243,68,1868
87307,89193,89243,50,1886
87307,89190,89244,54,1883
87307,89179,89245,66,1872
87307,89179,89245,66,1872
87307,89180,89248,68,1873
87307,89185,89248,63,1878
87307,89216,89249,33,1909
87307,89188,89249,61,1881
87307,89185,89248,63,1878
87307,89193,89248,55,1886
87307,89187,89250,63,1880
87307,89217,89252,35,1910
87307,89195,89254,59,1888
87307,89216,89257,41,1909
87307,89217,89260,43,1910
87307,89217,89265,48,1910
87366,89252,89269,17,1886
87366,89250,89269,19,1884
87307,89217,89273,56,1910
87307,89219,89273,54,1912
87366,89260,89274,14,1894
87307,89221,89275,54,1914
87307,89221,89275,54,1914
87307,89218,89276,58,1911
87307,89223,89277,54,1916
87307,89219,89280,61,1912
87307,89221,89282,61,1914
87366,89254,89283,29,1888
87307,89225,89284,59,1918
87366,89257,89283,26,1891
87366,89265,89284,19,1899
87307,89228,89286,58,1921
87307,89227,89286,59,1920
87307,89236,89287,51,1929
87307,89234,89287,53,1927
87366,89269,89290,21,1903
87307,89222,89291,69,1915
87307,89223,89292,69,1916
87307,89244,89292,48,1937
87307,89229,89294,65,1922
87307,89222,89294,72,1915
87307,89239,89295,56,1932
87366,89275,89298,23,1909
87307,89230,89299,69,1923
87307,89233,89300,67,1926
87307,89238,89300,62,1931
87366,89269,89300,31,1903
87307,89229,89301,72,1922
87366,89273,89303,30,1907
87366,89273,89304,31,1907
87307,89239,89304,65,1932
87307,89244,89304,60,1937
87366,89275,89304,29,1909
87307,89249,89307,58,1942
87307,89245,89308,63,1938
87307,89243,89309,66,1936
87366,89275,89309,34,1909
87366,89278,89313,35,1912
87366,89276,89313,37,1910
87307,89248,89313,65,1941
87307,89248,89317,69,1941
87307,89245,89318,73,1938
87366,89286,89319,33,1920
87366,89280,89320,40,1914
87307,89249,89321,72,1942
87366,89291,89321,30,1925
87366,89285,89322,37,1919
87307,89249,89322,73,1942
87366,89288,89324,36,1922
87307,89249,89326,77,1942
87366,89283,89328,45,1917
87366,89295,89330,35,1929
87366,89284,89330,46,1918
87366,89286,89330,44,1920
87366,89283,89333,50,1917
87366,89294,89333,39,1928
87366,89287,89334,47,1921
87366,89293,89335,42,1927
87366,89285,89336,51,1919
87366,89292,89336,44,1926
87366,89298,89336,38,1932
87366,89300,89342,42,1934
87366,89290,89347,57,1924
87366,89294,89347,53,1928
87366,89303,89348,45,1937
87366,89301,89349,48,1935
87366,89307,89348,41,1941
87366,89305,89350,45,1939
87366,89300,89349,49,1934
87366,89299,89352,53,1933
87366,89300,89352,52,1934
87366,89304,89354,50,1938
87366,89304,89355,51,1938
87366,89310,89355,45,1944
87366,89318,89358,40,1952
87366,89309,89361,52,1943
87366,89313,89362,49,1947
87366,89313,89362,49,1947
87366,89308,89363,55,1942
87366,89304,89364,60,1938
87366,89313,89365,52,1947
87366,89363,89366,3,1997
87366,89362,89366,4,1996
87366,89319,89366,47,1953
87366,89362,89367,5,1996
87366,89364,89366,2,1998
87366,89322,89367,45,1956
87366,89365,89366,1,1999
87366,89366,89368,2,2000
87366,89366,89368,2,2000
87366,89366,89368,2,2000
87366,89367,89369,2,2001
87366,89367,89369,2,2001
87366,89367,89369,2,2001
87366,89368,89369,1,2002
87366,89367,89369,2,2001
87366,89368,89371,3,2002
87366,89369,89371,2,2003
87366,89368,89371,3,2002
87366,89321,89371,50,1955
87366,89369,89370,1,2003
87366,89369,89372,3,2003
87366,89370,89372,2,2004
87366,89361,89373,12,1995
87366,89370,89373,3,2004
87366,89371,89373,2,2005
87366,89324,89373,49,1958
87366,89371,89373,2,2005
87366,89371,89372,1,2005
87366,89372,89374,2,2006
87366,89371,89373,2,2005
87366,89372,89374,2,2006
87366,89371,89373,2,2005
87366,89373,89375,2,2007
87366,89373,89376,3,2007
87366,89373,89376,3,2007
87366,89317,89378,61,1951
87366,89321,89379,58,1955
87366,89331,89380,49,1965
87366,89373,89381,8,2007
87366,89320,89381,61,1954
87366,89330,89382,52,1964
87366,89347,89381,34,1981
87366,89342,89383,41,1976
87366,89322,89385,63,1956
87366,89330,89384,54,1964
87366,89334,89384,50,1968
87366,89337,89384,47,1971
87366,89333,89386,53,1967
87366,89358,89387,29,1992
87366,89374,89387,13,2008
87366,89335,89390,55,1969
87366,89326,89391,65,1960
87366,89348,89391,43,1982
87366,89355,89390,35,1989
87366,89328,89393,65,1962
87366,89373,89392,19,2007
87366,89336,89393,57,1970
87366,89337,89394,57,1971
87366,89350,89395,45,1984
87366,89333,89396,63,1967
87366,89348,89397,49,1982
87366,89355,89400,45,1989
87366,89349,89400,51,1983
87366,89352,89403,51,1986
87366,89354,89407,53,1988
87366,89349,89411,62,1983
87366,89352,89411,59,1986
87366,89351,89411,60,1985
87366,89374,89415,41,2008
87366,89374,89416,42,2008
87366,89374,89422,48,2008
87366,89375,89425,50,2009
87366,89376,89428,52,2010
87366,89375,89431,56,2009
87366,89380,89432,52,2014
87366,89381,89432,51,2015
87366,89383,89433,50,2017
87366,89376,89432,56,2010
87366,89379,89434,55,2013
87366,89383,89435,52,2017
87366,89378,89436,58,2012
87366,89385,89437,52,2019
87366,89385,89438,53,2019
87366,89390,89439,49,2024
87366,89382,89439,57,2016
87366,89385,89440,55,2019
87366,89395,89443,48,2029
87366,89387,89443,56,2021
87366,89391,89444,53,2025
87366,89382,89444,62,2016
87366,89385,89445,60,2019
87366,89387,89446,59,2021
87366,89400,89451,51,2034
87366,89386,89451,65,2020
87366,89397,89453,56,2031
87377,89416,89455,39,2039
87366,89400,89455,55,2034
87366,89393,89456,63,2027
87366,89393,89456,63,2027
87366,89391,89457,66,2025
87366,89391,89458,67,2025
87366,89393,89458,65,2027
87366,89394,89459,65,2028
87366,89396,89462,66,2030
87377,89422,89467,45,2045
87366,89407,89468,61,2041
87366,89403,89468,65,2037
87377,89433,89468,35,2056
87377,89432,89469,37,2055
87377,89433,89469,36,2056
87377,89428,89469,41,2051
87366,89411,89472,61,2045
87377,89425,89473,48,2048
87366,89411,89474,63,2045
87366,89411,89474,63,2045
87377,89437,89476,39,2060
87377,89435,89477,42,2058
87377,89431,89478,47,2054
87377,89434,89482,48,2057
87377,89434,89482,48,2057
87377,89447,89483,36,2070
87377,89444,89483,39,2067
87377,89438,89484,46,2061
87377,89439,89484,45,2062
87366,89415,89484,69,2049
87377,89443,89485,42,2066
87377,89444,89485,41,2067
87377,89445,89486,41,2068
87377,89441,89486,45,2064
87377,89453,89488,35,2076
87377,89436,89488,52,2059
87377,89439,89488,49,2062
87377,89451,89492,41,2074
87377,89444,89492,48,2067
87377,89455,89493,38,2078
87377,89451,89495,44,2074
87377,89455,89497,42,2078
87377,89460,89498,38,2083
87377,89456,89500,44,2079
87377,89468,89504,36,2091
87377,89457,89505,48,2080
87377,89468,89505,37,2091
87377,89456,89508,52,2079
87377,89459,89510,51,2082
87377,89458,89511,53,2081
87377,89471,89514,43,2094
87377,89462,89515,53,2085
87377,89469,89515,46,2092
87377,89469,89516,47,2092
87377,89477,89523,46,2100
87377,89472,89524,52,2095
87377,89467,89524,57,2090
87377,89483,89527,44,2106
87377,89478,89528,50,2101
87377,89468,89529,61,2091
87377,89484,89531,47,2107
87377,89483,89533,50,2106
87377,89485,89534,49,2108
87377,89531,89535,4,2154
87377,89533,89536,3,2156
87377,89474,89536,62,2097
87377,89534,89536,2,2157
87377,89535,89537,2,2158
87377,89473,89537,64,2096
87377,89536,89537,1,2159
87377,89536,89538,2,2159
87377,89536,89537,1,2159
87377,89475,89539,64,2098
87377,89486,89539,53,2109
87377,89537,89538,1,2160
87377,89538,89540,2,2161
87377,89537,89540,3,2160
87377,89538,89540,2,2161
87377,89482,89540,58,2105
87377,89539,89541,2,2162
87377,89538,89541,3,2161
87377,89488,89542,54,2111
87377,89492,89541,49,2115
87377,89478,89542,64,2101
87377,89540,89541,1,2163
87377,89539,89541,2,2162
87377,89540,89542,2,2163
87377,89540,89541,1,2163
87377,89540,89543,3,2163
87377,89540,89542,2,2163
87377,89541,89543,2,2164
87377,89541,89542,1,2164
87377,89495,89543,48,2118
87377,89485,89544,59,2108
87377,89542,89544,2,2165
87377,89489,89544,55,2112
87377,89542,89543,1,2165
87377,89542,89543,1,2165
87377,89542,89544,2,2165
87377,89542,89545,3,2165
87377,89543,89545,2,2166
87377,89542,89544,2,2165
87377,89543,89545,2,2166
87377,89493,89546,53,2116
87377,89542,89545,3,2165
87377,89529,89546,17,2152
87377,89484,89548,64,2107
87377,89482,89548,66,2105
87377,89497,89549,52,2120
87377,89543,89549,6,2166
87377,89484,89549,65,2107
87377,89488,89550,62,2111
87377,89543,89551,8,2166
87377,89486,89553,67,2109
87377,89492,89556,64,2115
87377,89498,89557,59,2121
87377,89529,89558,29,2152
87377,89505,89560,55,2128
87377,89543,89559,16,2166
87377,89515,89561,46,2138
87377,89516,89563,47,2139
87377,89500,89563,63,2123
87377,89510,89567,57,2133
87377,89544,89569,25,2167
87377,89527,89569,42,2150
87377,89514,89572,58,2137
87377,89505,89572,67,2128
87377,89508,89574,66,2131
87377,89505,89574,69,2128
87377,89523,89575,52,2146
87377,89511,89576,65,2134
87377,89544,89577,33,2167
87377,89525,89581,56,2148
87377,89544,89586,42,2167
87377,89515,89586,71,2138
87377,89544,89586,42,2167
87377,89524,89586,62,2147
87377,89544,89590,46,2167
87377,89545,89591,46,2168
87377,89544,89597,53,2167
87377,89545,89599,54,2168
87377,89546,89602,56,2169
87377,89545,89602,57,2168
87404,89587,89603,16,2183
87377,89549,89606,57,2172
87377,89551,89608,57,2174
87404,89590,89609,19,2186
87404,89587,89609,22,2183
87377,89550,89609,59,2173
87377,89546,89612,66,2169
87377,89548,89613,65,2171
87404,89586,89613,27,2182
87377,89546,89614,68,2169
87377,89545,89616,71,2168
87377,89558,89616,58,2181
87377,89549,89616,67,2172
87377,89556,89617,61,2179
87377,89560,89618,58,2183
87377,89561,89618,57,2184
87377,89563,89618,55,2186
87377,89557,89620,63,2180
87377,89548,89620,72,2171
87404,89591,89621,30,2187
87377,89553,89623,70,2176
87377,89551,89624,73,2174
87404,89599,89626,27,2195
87377,89569,89627,58,2192
87377,89569,89628,59,2192
87377,89560,89628,68,2183
87377,89563,89629,66,2186
87377,89572,89629,57,2195
87377,89575,89630,55,2198
87404,89597,89632,35,2193
87404,89602,89632,30,2198
87404,89602,89632,30,2198
87377,89577,89635,58,2200
87404,89606,89638,32,2202
87377,89574,89640,66,2197
87377,89567,89640,73,2190
87404,89603,89641,38,2199
87404,89609,89641,32,2205
87377,89574,89642,68,2197
87377,89572,89642,70,2195
87404,89608,89647,39,2204
87377,89576,89649,73,2199
87404,89609,89650,41,2205
87377,89581,89651,70,2204
87404,89609,89653,44,2205
87404,89619,89654,35,2215
87404,89618,89655,37,2214
87404,89614,89657,43,2210
87404,89618,89658,40,2214
87377,89586,89659,73,2209
87404,89620,89659,39,2216
87404,89626,89660,34,2222
87404,89612,89661,49,2208
87404,89614,89662,48,2210
87404,89616,89662,46,2212
87404,89614,89662,48,2210
87404,89632,89663,31,2228
87404,89617,89664,47,2213
87404,89616,89665,49,2212
87404,89631,89666,35,2227
87404,89627,89666,39,2223
87404,89620,89666,46,2216
87404,89628,89666,38,2224
87404,89616,89667,51,2212
87404,89622,89667,45,2218
87404,89629,89669,40,2225
87404,89630,89673,43,2226
87404,89623,89674,51,2219
87404,89624,89675,51,2220
87404,89635,89678,43,2231
87404,89628,89681,53,2224
87404,89638,89684,46,2234
87404,89632,89685,53,2228
87404,89632,89685,53,2228
87404,89640,89686,46,2236
87404,89641,89688,47,2237
87404,89642,89691,49,2238
87404,89642,89694,52,2238
87404,89640,89698,58,2236
87404,89649,89697,48,2245
87404,89667,89698,31,2263
87404,89647,89699,52,2243
87404,89698,89700,2,2294
87404,89695,89700,5,2291
87404,89698,89700,2,2294
87404,89699,89701,2,2295
87404,89698,89701,3,2294
87404,89655,89702,47,2251
87404,89700,89701,1,2296
87404,89642,89702,60,2238
87404,89700,89702,2,2296
87404,89700,89703,3,2296
87404,89654,89702,48,2250
87404,89701,89702,1,2297
87404,89701,89704,3,2297
87404,89702,89703,1,2298
87404,89702,89704,2,2298
87404,89702,89704,2,2298
87404,89691,89705,14,2287
87404,89702,89705,3,2298
87404,89703,89705,2,2299
87404,89658,89706,48,2254
87404,89704,89706,2,2300
87404,89704,89706,2,2300
87404,89704,89705,1,2300
87404,89704,89705,1,2300
87404,89704,89707,3,2300
87404,89662,89706,44,2258
87404,89704,89706,2,2300
87404,89705,89707,2,2301
87404,89651,89707,56,2247
87404,89705,89706,1,2301
87404,89660,89707,47,2256
87404,89706,89708,2,2302
87404,89705,89708,3,2301
87404,89706,89707,1,2302
87404,89706,89709,3,2302
87404,89707,89708,1,2303
87404,89707,89709,2,2303
87404,89663,89709,46,2259
87404,89707,89711,4,2303
87404,89689,89712,23,2285
87404,89707,89712,5,2303
87404,89653,89712,59,2249
87404,89651,89712,61,2247
87404,89666,89714,48,2262
87404,89664,89714,50,2260
87404,89667,89715,48,2263
87404,89657,89715,58,2253
87404,89662,89718,56,2258
87404,89661,89719,58,2257
87404,89666,89719,53,2262
87404,89707,89719,12,2303
87404,89665,89720,55,2261
87404,89684,89721,37,2280
87404,89659,89722,63,2255
87404,89659,89722,63,2255
87404,89673,89722,49,2269
87404,89678,89723,45,2274
87404,89667,89723,56,2263
87404,89686,89725,39,2282
87404,89669,89725,56,2265
87404,89662,89726,64,2258
87404,89669,89729,60,2265
87404,89686,89731,45,2282
87404,89707,89731,24,2303
87404,89685,89732,47,2281
87404,89681,89734,53,2277
87404,89675,89735,60,2271
87404,89674,89742,68,2270
87404,89708,89746,38,2304
87404,89707,89748,41,2303
87404,89708,89749,41,2304
87404,89707,89753,46,2303
87404,89709,89756,47,2305
87404,89708,89757,49,2304
87404,89709,89758,49,2305
87404,89709,89758,49,2305
87431,89748,89760,12,2317
87404,89709,89761,52,2305
87404,89708,89762,54,2304
87431,89749,89763,14,2318
87404,89714,89765,51,2310
87404,89712,89766,54,2308
87404,89712,89769,57,2308
87404,89719,89770,51,2315
87404,89712,89770,58,2308
87404,89712,89771,59,2308
87431,89758,89773,15,2327
87431,89756,89774,18,2325
87404,89723,89774,51,2319
87431,89753,89774,21,2322
87431,89758,89775,17,2327
87404,89719,89774,55,2315
87404,89714,89776,62,2310
87404,89715,89777,62,2311
87404,89711,89776,65,2307
87404,89715,89777,62,2311
87404,89721,89777,56,2317
87404,89722,89778,56,2318
87404,89732,89780,48,2328
87431,89761,89782,21,2330
87431,89758,89782,24,2327
87404,89720,89783,63,2316
87431,89760,89783,23,2329
87404,89724,89785,61,2320
87404,89722,89784,62,2318
87404,89718,89786,68,2314
87404,89719,89787,68,2315
87404,89726,89788,62,2322
87431,89762,89789,27,2331
87404,89722,89789,67,2318
87404,89729,89789,60,2325
87404,89725,89790,65,2321
87404,89725,89792,67,2321
87431,89763,89792,29,2332
87431,89766,89793,27,2335
87431,89765,89794,29,2334
87404,89734,89796,62,2330
87404,89732,89797,65,2328
87404,89731,89798,67,2327
87404,89735,89798,63,2331
87431,89770,89799,29,2339
87431,89773,89803,30,2342
87431,89770,89804,34,2339
87404,89746,89805,59,2342
87404,89742,89806,64,2338
87431,89774,89806,32,2343
87431,89769,89807,38,2338
87431,89771,89809,38,2340
87431,89775,89810,35,2344
87431,89775,89814,39,2344
87431,89780,89815,35,2349
87431,89776,89816,40,2345
87431,89777,89816,39,2346
87431,89777,89817,40,2346
87431,89778,89820,42,2347
87431,89774,89821,47,2343
87431,89782,89822,40,2351
87431,89782,89822,40,2351
87431,89774,89822,48,2343
87431,89777,89823,46,2346
87431,89777,89823,46,2346
87431,89783,89823,40,2352
87431,89785,89824,39,2354
87431,89785,89829,44,2354
87431,89783,89831,48,2352
87431,89793,89832,39,2362
87431,89788,89835,47,2357
87431,89792,89840,48,2361
87431,89792,89840,48,2361
87431,89789,89841,52,2358
87431,89803,89844,41,2372
87431,89789,89845,56,2358
87431,89787,89844,57,2356
87431,89794,89846,52,2363
87431,89786,89847,61,2355
87431,89790,89847,57,2359
87431,89796,89849,53,2365
87431,89789,89850,61,2358
87431,89799,89851,52,2368
87431,89849,89852,3,2418
87431,89805,89852,47,2374
87431,89847,89853,6,2416
87431,89851,89853,2,2420
87431,89850,89853,3,2419
87431,89798,89853,55,2367
87431,89852,89854,2,2421
87431,89852,89854,2,2421
87431,89853,89855,2,2422
87431,89853,89855,2,2422
87431,89853,89854,1,2422
87431,89799,89854,55,2368
87431,89797,89855,58,2366
87431,89847,89856,9,2416
87431,89854,89855,1,2423
87431,89853,89855,2,2422
87431,89855,89857,2,2424
87431,89855,89857,2,2424
87431,89810,89857,47,2379
87431,89855,89857,2,2424
87431,89854,89856,2,2423
87431,89855,89858,3,2424
87431,89855,89858,3,2424
87431,89806,89857,51,2375
87431,89856,89858,2,2425
87431,89857,89859,2,2426
87431,89856,89859,3,2425
87431,89857,89859,2,2426
87431,89805,89859,54,2374
87431,89824,89860,36,2393
87431,89857,89860,3,2426
87431,89856,89859,3,2425
87431,89857,89860,3,2426
87431,89858,89861,3,2427
87431,89858,89861,3,2427
87431,89859,89861,2,2428
87431,89858,89860,2,2427
87431,89857,89860,3,2426
87431,89859,89862,3,2428
87431,89822,89862,40,2391
87431,89814,89863,49,2383
87431,89824,89865,41,2393
87431,89809,89865,56,2378
87431,89859,89867,8,2428
87431,89816,89868,52,2385
87431,89823,89869,46,2392
87431,89831,89870,39,2400
87431,89820,89870,50,2389
87431,89807,89870,63,2376
87431,89815,89871,56,2384
87431,89829,89870,41,2398
87431,89846,89872,26,2415
87431,89821,89873,52,2390
87431,89859,89873,14,2428
87431,89806,89875,69,2375
87431,89823,89875,52,2392
87431,89822,89876,54,2391
87431,89816,89878,62,2385
87431,89822,89878,56,2391
87431,89817,89879,62,2386
87431,89832,89879,47,2401
87431,89840,89884,44,2409
87431,89859,89886,27,2428
87431,89846,89892,46,2415
87431,89844,89892,48,2413
87431,89835,89892,57,2404
87431,89860,89894,34,2429
87431,89841,89898,57,2410
87431,89841,89899,58,2410
87431,89845,89902,57,2414
87431,89860,89908,48,2429
87431,89862,89910,48,2431
87431,89861,89912,51,2430
87431,89860,89912,52,2429
87431,89863,89912,49,2432
87431,89860,89912,52,2429
87431,89861,89915,54,2430
87431,89863,89916,53,2432
87431,89861,89916,55,2430
87431,89865,89920,55,2434
87431,89868,89921,53,2437
87431,89870,89921,51,2439
87431,89861,89922,61,2430
87431,89861,89922,61,2430
87431,89871,89924,53,2440
87431,89874,89925,51,2443
87431,89865,89927,62,2434
87431,89872,89928,56,2441
87431,89867,89928,61,2436
87431,89869,89930,61,2438
87431,89879,89931,52,2448
87431,89870,89932,62,2439
87431,89878,89934,56,2447
87431,89873,89936,63,2442
87431,89871,89937,66,2440
87431,89871,89938,67,2440
87431,89875,89941,66,2444
87431,89876,89941,65,2445
87431,89886,89942,56,2455
87431,89876,89941,65,2445
87431,89879,89943,64,2448
87431,89884,89943,59,2453
87431,89878,89944,66,2447
87431,89892,89949,57,2461
87431,89894,89954,60,2463
87431,89892,89956,64,2461
87431,89892,89959,67,2461
87431,89899,89963,64,2468
87431,89902,89966,64,2471
87431,89898,89967,69,2467
88708,88708,90288,1580,0
90289,90289,90291,2,0
88711,88711,90291,1580,0
90289,90289,90291,2,0
90289,90289,90291,2,0
90289,90289,90291,2,0
90289,90289,90292,3,0
90289,90289,90292,3,0
90289,90289,90292,3,0
90289,90289,90291,2,0
90289,90289,90293,4,0
90289,90289,90293,4,0
90289,90289,90292,3,0
90289,90289,90294,5,0
90289,90291,90293,2,2
90289,90291,90294,3,2
90289,90291,90293,2,2
90289,90292,90294,2,3
90289,90291,90294,3,2
90289,90291,90294,3,2
90289,90292,90294,2,3
90289,90292,90294,2,3
90289,90293,90295,2,4
90289,90292,90295,3,3
90289,90294,90297,3,5
90289,90293,90296,3,4
90289,90289,90298,9,0
90289,90294,90297,3,5
90289,90294,90297,3,5
90289,90294,90298,4,5
90289,90294,90297,3,5
90289,90294,90297,3,5
90289,90293,90300,7,4
90289,90296,90300,4,7
88709,88709,90301,1592,0
90289,90295,90301,6,6
90289,90295,90301,6,6
90289,90295,90301,6,6
90289,90296,90302,6,7
90289,90289,90308,19,0
90289,90297,90309,12,8
90289,90298,90309,11,9
90289,90297,90311,14,8
90289,90298,90312,14,9
90289,90289,90318,29,0
90289,90298,90321,23,9
90289,90298,90325,27,9
90289,90289,90325,36,0
90289,90298,90326,28,9
90289,90301,90329,28,12
90289,90298,90330,32,9
90289,90300,90331,31,11
90289,90302,90338,36,13
90289,90303,90338,35,14
90289,90301,90340,39,12
90289,90301,90343,42,12
90289,90309,90346,37,20
90289,90302,90347,45,13
90289,90318,90352,34,29
90289,90311,90356,45,22
90289,90321,90359,38,32
88710,88710,90359,1649,0
90289,90312,90362,50,23
90289,90311,90364,53,22
90289,90362,90365,3,73
90289,90364,90366,2,75
90289,90359,90366,7,70
90289,90365,90367,2,76
90289,90308,90368,60,19
90289,90367,90369,2,78
90289,90367,90369,2,78
90289,90331,90369,38,42
90289,90367,90369,2,78
90289,90368,90370,2,79
90289,90369,90371,2,80
90289,90369,90371,2,80
90289,90370,90372,2,81
90289,90370,90371,1,81
90289,90370,90373,3,81
90289,90371,90374,3,82
90289,90330,90375,45,41
90289,90326,90376,50,37
90289,90372,90379,7,83
90289,90359,90385,26,70
90289,90329,90386,57,40
90289,90372,90388,16,83
90289,90325,90389,64,36
90289,90338,90390,52,49
90289,90326,90392,66,37
90289,90346,90395,49,57
88709,88709,90397,1688,0
90289,90348,90399,51,59
90289,90373,90398,25,84
90289,90357,90401,44,68
90289,90343,90401,58,54
90289,90338,90406,68,49
90289,90352,90410,58,63
90289,90373,90410,37,84
90289,90340,90412,72,51
90289,90374,90414,40,85
90289,90376,90415,39,87
90289,90379,90419,40,90
90289,90376,90425,49,87
90289,90385,90428,43,96
90289,90389,90429,40,100
90289,90388,90430,42,99
90289,90392,90433,41,103
90289,90395,90434,39,106
90289,90386,90435,49,97
90289,90397,90439,42,108
90289,90391,90440,49,102
90289,90399,90447,48,110
90289,90399,90448,49,110
90289,90401,90451,50,112
90289,90401,90467,66,112
90289,90410,90469,59,121
90289,90406,90471,65,117
90289,90410,90475,65,121
90289,90416,90479,63,127
90289,90419,90488,69,130
90289,90414,90491,77,125
90289,90412,90493,81,123
90289,90428,90500,72,139
90289,90429,90500,71,140
90289,90430,90502,72,141
90289,90434,90508,74,145
90289,90425,90511,86,136
90289,90436,90512,76,147
90289,90433,90512,79,144
90289,90439,90514,75,150
90289,90440,90518,78,151
90289,90447,90524,77,158
90289,90451,90534,83,162
90289,90448,90534,86,159
90289,90469,90542,73,180
90289,90479,90554,75,190
90289,90467,90555,88,178
90289,90475,90558,83,186
90289,90491,90566,75,202
90289,90488,90567,79,199
90289,90471,90568,97,182
90289,90493,90573,80,204
90289,90502,90578,76,213
90289,90501,90585,84,212
90289,90503,90587,84,214
90289,90512,90587,75,223
90289,90508,90588,80,219
90289,90512,90592,80,223
90289,90514,90592,78,225
90291,90588,90595,7,297
90291,90587,90595,8,296
90289,90511,90595,84,222
90289,90568,90597,29,279
90291,90592,90600,8,301
90289,90578,90600,22,289
90291,90593,90602,9,302
90289,90518,90602,84,229
90291,90595,90602,7,304
90291,90595,90604,9,304
90289,90573,90605,32,284
90291,90595,90605,10,304
90289,90524,90606,82,235
90291,90597,90606,9,306
90289,90567,90605,38,278
90289,90542,90606,64,253
90289,90585,90607,22,296
90289,90587,90609,22,298
90289,90566,90609,43,277
90291,90602,90608,6,311
90291,90600,90610,10,309
90289,90558,90611,53,269
90289,90535,90612,77,246
90291,90600,90612,12,309
90289,90535,90612,77,246
90291,90602,90612,10,311
90291,90603,90614,11,312
90289,90555,90615,60,266
90291,90604,90615,11,313
90289,90554,90616,62,265
90291,90606,90615,9,315
90291,90605,90615,10,314
90291,90609,90620,11,318
90291,90605,90620,15,314
90291,90606,90621,15,315
90291,90607,90622,15,316
90291,90607,90622,15,316
90291,90606,90621,15,315
90291,90610,90624,14,319
90291,90610,90626,16,319
90291,90609,90627,18,318
90291,90612,90633,21,321
90291,90611,90635,24,320
90291,90613,90635,22,322
90291,90612,90637,25,321
90291,90616,90638,22,325
90291,90614,90643,29,323
90291,90613,90644,31,322
90291,90615,90648,33,324
90291,90620,90650,30,329
90291,90616,90651,35,325
90291,90621,90657,36,330
90291,90615,90661,46,324
90291,90622,90662,40,331
90291,90617,90662,45,326
90291,90621,90663,42,330
90291,90624,90669,45,333
90291,90626,90672,46,335
90291,90622,90682,60,331
90291,90627,90687,60,336
90291,90633,90688,55,342
90291,90623,90688,65,332
90291,90636,90691,55,345
90291,90638,90695,57,347
90291,90657,90700,43,366
90291,90637,90702,65,346
90291,90648,90704,56,357
90291,90643,90704,61,352
90291,90635,90704,69,344
90291,90650,90715,65,359
90291,90644,90717,73,353
90291,90663,90719,56,372
90291,90652,90721,69,361
90291,90721,90723,2,430
90291,90723,90726,3,432
90291,90661,90727,66,370
90291,90663,90727,64,372
90291,90726,90728,2,435
90291,90727,90729,2,436
90291,90727,90729,2,436
90291,90728,90730,2,437
90291,90729,90731,2,438
90291,90729,90731,2,438
90291,90730,90732,2,439
90291,90731,90733,2,440
90291,90731,90733,2,440
90291,90732,90734,2,441
90291,90669,90734,65,378
90291,90682,90733,51,391
90291,90662,90734,72,371
90291,90733,90735,2,442
90291,90733,90735,2,442
90291,90734,90736,2,443
90291,90734,90736,2,443
90291,90720,90737,17,429
90291,90688,90736,48,397
90291,90734,90736,2,443
90291,90735,90737,2,444
90291,90736,90738,2,445
90291,90736,90738,2,445
90291,90735,90737,2,444
90291,90735,90737,2,444
90291,90737,90739,2,446
90291,90687,90740,53,396
90291,90737,90740,3,446
90291,90737,90739,2,446
90291,90737,90739,2,446
90291,90738,90741,3,447
90291,90738,90740,2,447
90291,90738,90741,3,447
90291,90738,90740,2,447
90291,90740,90742,2,449
90291,90672,90742,70,381
90291,90739,90741,2,448
90291,90740,90742,2,449
90291,90740,90742,2,449
90291,90740,90742,2,449
90291,90741,90743,2,450
90291,90741,90743,2,450
90291,90741,90743,2,450
90291,90741,90745,4,450
90291,90717,90745,28,426
90291,90688,90750,62,397
90291,90700,90754,54,409
90291,90742,90756,14,451
90291,90705,90759,54,414
90291,90702,90758,56,411
90291,90704,90762,58,413
90291,90691,90764,73,400
90291,90742,90770,28,451
90291,90695,90770,75,404
90291,90715,90771,56,424
90291,90704,90771,67,413
90291,90744,90786,42,453
90291,90743,90791,48,452
90291,90743,90804,61,452
90291,90743,90809,66,452
90291,90743,90812,69,452
90291,90743,90812,69,452
90291,90744,90813,69,453
90291,90745,90816,71,454
90291,90745,90819,74,454
90291,90750,90822,72,459
90291,90754,90823,69,463
90291,90756,90829,73,465
90291,90759,90832,73,468
90291,90759,90834,75,468
90291,90762,90835,73,471
90291,90770,90837,67,479
90291,90770,90838,68,479
90291,90771,90841,70,480
90291,90772,90841,69,481
90291,90764,90845,81,473
90291,90786,90854,68,495
90291,90841,90860,19,550
90291,90837,90862,25,546
90291,90791,90867,76,500
90291,90804,90868,64,513
90291,90841,90869,28,550
90302,90867,90870,3,565
90291,90845,90870,25,554
90291,90836,90871,35,545
90302,90869,90871,2,567
90302,90869,90872,3,567
90291,90829,90872,43,538
90302,90870,90873,3,568
90302,90870,90873,3,568
90302,90871,90874,3,569
90302,90871,90874,3,569
90302,90872,90875,3,570
90302,90872,90875,3,570
90302,90873,90876,3,571
90291,90812,90876,64,521
90302,90874,90876,2,572
90302,90875,90877,2,573
90302,90873,90876,3,571
90302,90875,90878,3,573
90302,90874,90877,3,572
90291,90832,90877,45,541
90302,90876,90879,3,574
90302,90876,90879,3,574
90291,90813,90878,65,522
90302,90876,90878,2,574
90302,90877,90880,3,575
90302,90878,90880,2,576
90302,90877,90881,4,575
90302,90878,90881,3,576
90302,90878,90882,4,576
90291,90838,90881,43,547
90291,90812,90882,70,521
90302,90879,90883,4,577
90291,90822,90882,60,531
90291,90824,90883,59,533
90291,90834,90884,50,543
90302,90879,90884,5,577
90291,90809,90883,74,518
90291,90816,90883,67,525
90302,90879,90884,5,577
90302,90879,90885,6,577
90302,90880,90885,5,578
90291,90860,90885,25,569
90302,90880,90887,7,578
90291,90819,90887,68,528
90302,90882,90888,6,580
90302,90882,90888,6,580
90302,90881,90889,8,579
90291,90863,90890,27,572
90302,90883,90891,8,581
90302,90883,90894,11,581
90302,90883,90895,12,581
90302,90883,90895,12,581
90302,90883,90899,16,581
90302,90884,90900,16,582
90291,90854,90903,49,563
90302,90884,90916,32,582
90302,90884,90916,32,582
90302,90884,90920,36,582
90302,90885,90921,36,583
90302,90888,90924,36,586
90302,90884,90928,44,582
90302,90887,90929,42,585
90302,90889,90931,42,587
90302,90885,90930,45,583
90302,90891,90932,41,589
90302,90888,90935,47,586
90302,90899,90935,36,597
90302,90890,90936,46,588
90302,90888,90937,49,586
90302,90885,90944,59,583
90302,90896,90949,53,594
90302,90901,90951,50,599
90302,90895,90950,55,593
90302,90924,90964,40,622
90302,90951,90965,14,649
90302,90964,90966,2,662
90302,90920,90967,47,618
90302,90965,90967,2,663
90302,90966,90968,2,664
90302,90967,90969,2,665
90302,90916,90969,53,614
90302,90967,90969,2,665
90302,90968,90970,2,666
90302,90969,90971,2,667
90302,90969,90971,2,667
90302,90969,90971,2,667
90302,90971,90973,2,669
90302,90971,90973,2,669
90302,90971,90973,2,669
90302,90970,90972,2,668
90302,90903,90974,71,601
90302,90917,90976,59,615
90302,90973,90976,3,671
90302,90973,90975,2,671
90302,90973,90977,4,671
90302,90974,90977,3,672
90302,90974,90977,3,672
90302,90976,90979,3,674
90302,90976,90979,3,674
90302,90976,90979,3,674
90302,90977,90979,2,675
90302,90977,90980,3,675
90302,90977,90980,3,675
90302,90979,90981,2,677
90302,90979,90982,3,677
90302,90895,90982,87,593
90302,90980,90982,2,678
90302,90979,90982,3,677
90302,90980,90983,3,678
90302,90980,90983,3,678
90302,90981,90985,4,679
90302,90982,90985,3,680
90302,90982,90985,3,680
90302,90982,90986,4,680
90302,90982,90985,3,680
90302,90949,90987,38,647
90302,90983,90988,5,681
90302,90951,90988,37,649
90302,90929,90988,59,627
90302,90933,90990,57,631
90302,90984,90993,9,682
90302,90935,90995,60,633
90302,90931,90994,63,629
90302,90922,90997,75,620
90302,90937,90998,61,635
90302,90936,91004,68,634
90302,90928,91004,76,626
90302,90931,91007,76,629
90302,90935,91008,73,633
90302,90985,91017,32,683
90302,90944,91021,77,642
90302,90985,91042,57,683
90302,90988,91051,63,686
90302,90985,91051,66,683
90302,90991,91057,66,689
90302,90986,91059,73,684
90302,90988,91061,73,686
90302,90986,91064,78,684
90302,90988,91067,79,686
90302,90987,91071,84,685
90302,90997,91072,75,695
90302,90995,91073,78,693
90302,90996,91073,77,694
90302,91004,91079,75,702
90302,90993,91079,86,691
90302,90999,91086,87,697
90302,91004,91088,84,702
90302,91007,91087,80,705
90302,91008,91090,82,706
90302,91017,91095,78,715
90302,91021,91103,82,719
90302,91042,91125,83,740
90302,91051,91131,80,749
90302,91090,91132,42,788
90302,91057,91135,78,755
90302,91073,91137,64,771
90302,91051,91137,86,749
90302,91095,91138,43,793
90302,91061,91139,78,759
90302,91067,91140,73,765
90302,91086,91141,55,784
90359,91140,91142,2,781
90302,91060,91142,82,758
90302,91073,91142,69,771
90359,91139,91143,4,780
90359,91141,91143,2,782
90302,91064,91143,79,762
90359,91142,91145,3,783
90302,91080,91145,65,778
90359,91140,91145,5,781
90359,91145,91147,2,786
90359,91145,91147,2,786
90359,91142,91147,5,783
90359,91145,91146,1,786
90302,91088,91147,59,786
90302,91072,91149,77,770
90359,91144,91148,4,785
90359,91142,91149,7,783
90359,91147,91150,3,788
90359,91149,91151,2,790
90359,91143,91151,8,784
90302,91103,91151,48,801
90302,91072,91151,79,770
90359,91145,91152,7,786
90359,91148,91152,4,789
90359,91151,91153,2,792
90302,91135,91154,19,833
90359,91147,91153,6,788
90359,91152,91154,2,793
90359,91147,91155,8,788
90359,91147,91155,8,788
90302,91079,91154,75,777
90359,91149,91155,6,790
90359,91149,91158,9,790
90302,91137,91159,22,835
90359,91150,91159,9,791
90359,91158,91160,2,799
90359,91156,91160,4,797
90302,91125,91160,35,823
90302,91132,91162,30,830
90302,91137,91161,24,835
90359,91151,91161,10,792
90302,91131,91162,31,829
90359,91151,91164,13,792
90359,91152,91164,12,793
90302,91088,91167,79,786
90359,91154,91172,18,795
90359,91153,91173,20,794
90359,91155,91173,18,796
90359,91152,91172,20,793
90359,91154,91174,20,795
90359,91155,91176,21,796
90359,91154,91180,26,795
90359,91155,91192,37,796
90359,91159,91192,33,800
90359,91160,91195,35,801
90359,91162,91196,34,803
90359,91162,91197,35,803
90359,91159,91200,41,800
90359,91200,91202,2,841
90359,91160,91203,43,801
90359,91164,91204,40,805
90359,91203,91205,2,844
90359,91203,91205,2,844
90359,91160,91210,50,801
90359,91173,91214,41,814
90359,91167,91215,48,808
90359,91162,91216,54,803
90359,91164,91217,53,805
90359,91162,91224,62,803
90359,91173,91226,53,814
90359,91173,91233,60,814
90359,91180,91234,54,821
90359,91172,91237,65,813
90359,91176,91237,61,817
90359,91237,91239,2,878
90359,91238,91240,2,879
90359,91239,91241,2,880
90359,91197,91243,46,838
90359,91241,91242,1,882
90359,91241,91243,2,882
90359,91176,91243,67,817
90359,91243,91245,2,884
90359,91243,91245,2,884
90359,91243,91244,1,884
90359,91243,91245,2,884
90359,91234,91246,12,875
90359,91245,91247,2,886
90359,91246,91248,2,887
90359,91246,91248,2,887
90359,91245,91247,2,886
90359,91192,91249,57,833
90359,91247,91249,2,888
90359,91247,91249,2,888
90359,91248,91250,2,889
90359,91248,91250,2,889
90359,91249,91251,2,890
90359,91248,91250,2,889
90359,91249,91251,2,890
90359,91250,91252,2,891
90359,91250,91252,2,891
90359,91251,91253,2,892
90359,91251,91253,2,892
90359,91251,91253,2,892
90359,91252,91254,2,893
90359,91251,91253,2,892
90359,91252,91254,2,893
90359,91253,91255,2,894
90359,91253,91255,2,894
90359,91254,91256,2,895
90359,91254,91256,2,895
90359,91254,91256,2,895
90359,91254,91256,2,895
90359,91255,91257,2,896
90359,91255,91257,2,896
90359,91256,91259,3,897
90359,91256,91258,2,897
90359,91192,91260,68,833
90359,91195,91263,68,836
90359,91257,91264,7,898
90359,91196,91264,68,837
90359,91205,91264,59,846
90359,91264,91265,1,905
90359,91233,91268,35,874
90359,91205,91269,64,846
90359,91264,91269,5,905
90359,91205,91274,69,846
90359,91226,91275,49,867
90359,91211,91276,65,852
90359,91224,91276,52,865
90359,91217,91275,58,858
90359,91275,91277,2,916
90359,91276,91278,2,917
90359,91215,91277,62,856
90359,91214,91280,66,855
90359,91257,91281,24,898
90359,91218,91283,65,859
90359,91283,91285,2,924
90359,91285,91287,2,926
90359,91274,91290,16,915
90359,91257,91299,42,898
90359,91259,91309,50,900
90359,91270,91314,44,911
90359,91259,91314,55,900
90359,91258,91317,59,899
90359,91317,91319,2,958
90359,91319,91321,2,960
90359,91260,91321,61,901
90359,91322,91324,2,963
90359,91268,91327,59,909
90359,91269,91330,61,910
90359,91265,91333,68,906
90359,91263,91334,71,904
90359,91321,91336,15,962
90359,91267,91338,71,908
90359,91278,91338,60,919
90359,91290,91341,51,931
90359,91276,91341,65,917
90359,91280,91343,63,921
90359,91287,91348,61,928
90359,91281,91349,68,922
90359,91277,91350,73,918
90359,91276,91351,75,917
90398,91349,91352,3,951
90359,91278,91352,74,919
90398,91350,91354,4,952
90398,91351,91354,3,953
90398,91341,91355,14,943
90398,91352,91355,3,954
90398,91349,91354,5,951
90398,91343,91356,13,945
90398,91353,91356,3,955
90398,91354,91357,3,956
90398,91354,91356,2,956
90398,91355,91357,2,957
90398,91355,91357,2,957
90359,91330,91358,28,971
90398,91355,91357,2,957
90398,91356,91358,2,958
90398,91356,91358,2,958
90398,91357,91359,2,959
90359,91327,91359,32,968
90398,91357,91359,2,959
90359,91338,91360,22,979
90398,91357,91359,2,959
90398,91358,91360,2,960
90398,91357,91359,2,959
90398,91359,91361,2,961
90398,91358,91360,2,960
90398,91358,91360,2,960
90398,91359,91361,2,961
90398,91359,91362,3,961
90398,91360,91362,2,962
90398,91360,91362,2,962
90398,91360,91363,3,962
90398,91359,91362,3,961
90359,91340,91363,23,981
90398,91360,91363,3,962
90398,91361,91365,4,963
90359,91324,91365,41,965
90359,91315,91364,49,956
90359,91341,91365,24,982
90398,91361,91364,3,963
90398,91361,91365,4,963
90398,91361,91365,4,963
90398,91362,91367,5,964
90398,91362,91367,5,964
90359,91333,91367,34,974
90398,91362,91369,7,964
90359,91338,91370,32,979
90359,91314,91369,55,955
90398,91363,91370,7,965
90359,91335,91372,37,976
90398,91363,91372,9,965
90359,91309,91375,66,950
90359,91299,91376,77,940
90398,91363,91382,19,965
90398,91365,91386,21,967
90398,91363,91387,24,965
90398,91365,91390,25,967
90398,91365,91391,26,967
90398,91366,91391,25,968
90398,91365,91393,28,967
90398,91366,91404,38,968
90398,91365,91407,42,967
90398,91370,91408,38,972
90398,91368,91413,45,970
90398,91367,91414,47,969
90398,91367,91413,46,969
90398,91373,91415,42,975
90398,91372,91418,46,974
90398,91375,91423,48,977
90398,91370,91425,55,972
90398,91369,91429,60,971
90398,91370,91429,59,972
90398,91387,91431,44,989
90398,91430,91433,3,1032
90398,91431,91433,2,1033
90398,91429,91435,6,1031
90398,91433,91435,2,1035
90398,91433,91435,2,1035
90398,91435,91437,2,1037
90398,91435,91437,2,1037
90398,91436,91438,2,1038
90398,91437,91439,2,1039
90398,91437,91439,2,1039
90398,91439,91441,2,1041
90398,91439,91441,2,1041
90398,91390,91441,51,992
90398,91441,91443,2,1043
90398,91440,91442,2,1042
90398,91376,91444,68,978
90398,91441,91445,4,1043
90398,91386,91445,59,988
90398,91382,91445,63,984
90398,91391,91448,57,993
90398,91425,91450,25,1027
90398,91442,91454,12,1044
90398,91415,91458,43,1017
90398,91393,91458,65,995
90398,91443,91458,15,1045
90398,91407,91460,53,1009
90398,91404,91462,58,1006
90398,91446,91463,17,1048
90398,91445,91464,19,1047
90398,91445,91464,19,1047
90398,91444,91465,21,1046
90398,91392,91465,73,994
90398,91448,91468,20,1050
90398,91414,91470,56,1016
90398,91423,91471,48,1025
90398,91443,91471,28,1045
90398,91454,91471,17,1056
90398,91450,91471,21,1052
90398,91458,91474,16,1060
90398,91458,91474,16,1060
90398,91413,91477,64,1015
90398,91409,91478,69,1011
90398,91460,91479,19,1062
90398,91458,91478,20,1060
90398,91414,91481,67,1016
90398,91462,91484,22,1064
90398,91464,91485,21,1066
90398,91463,91488,25,1065
90398,91464,91490,26,1066
90398,91465,91490,25,1067
90398,91418,91496,78,1020
90398,91466,91497,31,1068
90398,91470,91498,28,1072
90398,91468,91513,45,1070
90398,91471,91537,66,1073
90398,91471,91539,68,1073
90398,91474,91542,68,1076
90398,91471,91544,73,1073
90398,91474,91548,74,1076
90398,91472,91551,79,1074
90398,91478,91553,75,1080
90398,91481,91554,73,1083
90398,91477,91554,77,1079
90398,91479,91554,75,1081
90398,91479,91557,78,1081
90398,91484,91563,79,1086
90398,91485,91565,80,1087
90398,91489,91569,80,1091
90398,91498,91576,78,1100
90398,91490,91577,87,1092
90398,91490,91579,89,1092
90398,91496,91578,82,1098
90398,91498,91585,87,1100
90398,91513,91598,85,1115
90398,91551,91613,62,1153
90398,91542,91623,81,1144
90398,91539,91626,87,1141
90398,91548,91630,82,1150
90398,91554,91631,77,1156
90398,91537,91633,96,1139
90398,91585,91634,49,1187
90398,91579,91634,55,1181
90398,91544,91634,90,1146
90398,91553,91635,82,1155
90398,91556,91637,81,1158
90398,91565,91639,74,1167
90398,91554,91641,87,1156
90398,91576,91641,65,1178
90398,91557,91646,89,1159
90398,91634,91649,15,1236
90398,91598,91649,51,1200
90398,91563,91650,87,1165
90398,91579,91649,70,1181
90398,91569,91650,81,1171
90398,91577,91653,76,1179
90398,91631,91653,22,1233
90398,91633,91655,22,1235
90398,91623,91657,34,1225
90398,91630,91658,28,1232
90398,91626,91660,34,1228
90398,91613,91674,61,1215
95835,95835,96880,1045,0
96881,96881,96883,2,0
96881,96881,96883,2,0
96881,96881,96884,3,0
96881,96881,96884,3,0
96881,96881,96885,4,0
96881,96881,96885,4,0
96881,96881,96886,5,0
96881,96881,96887,6,0
96881,96881,96887,6,0
96881,96881,96887,6,0
96881,96881,96888,7,0
96881,96881,96887,6,0
96881,96881,96890,9,0
96881,96881,96890,9,0
96881,96881,96891,10,0
96881,96883,96892,9,2
96881,96881,96893,12,0
96881,96881,96893,12,0
96881,96881,96894,13,0
96881,96881,96893,12,0
96881,96884,96896,12,3
96881,96883,96898,15,2
96881,96881,96899,18,0
96881,96881,96900,19,0
96881,96885,96901,16,4
96881,96881,96906,25,0
96881,96887,96906,19,6
96881,96881,96908,27,0
96881,96884,96909,25,3
96881,96885,96911,26,4
96881,96881,96913,32,0
96881,96887,96918,31,6
95834,95835,96920,1085,1
96881,96888,96920,32,7
96881,96881,96921,40,0
96881,96881,96922,41,0
96881,96888,96923,35,7
96881,96887,96925,38,6
96881,96887,96928,41,6
96881,96890,96930,40,9
96881,96894,96932,38,13
96881,96891,96934,43,10
96881,96890,96936,46,9
96881,96893,96937,44,12
96881,96881,96938,57,0
96881,96899,96940,41,18
96881,96892,96941,49,11
96881,96881,96943,62,0
96881,96896,96944,48,15
96881,96894,96946,52,13
96881,96881,96947,66,0
96881,96881,96949,68,0
96881,96881,96951,70,0
96881,96881,96951,70,0
96881,96893,96952,59,12
96881,96881,96953,72,0
95836,95836,96955,1119,0
96881,96900,96956,56,19
96881,96901,96956,55,20
96881,96881,96957,76,0
96881,96899,96957,58,18
96881,96881,96957,76,0
96881,96881,96959,78,0
96881,96906,96960,54,25
96881,96909,96964,55,28
96881,96906,96972,66,25
96881,96908,96972,64,27
96881,96911,96975,64,30
96881,96920,96978,58,39
96881,96918,96981,63,37
96881,96920,96982,62,39
96881,96913,96984,71,32
96881,96934,96994,60,53
96881,96923,96994,71,42
96881,96953,96995,42,72
96881,96951,96995,44,70
96881,96922,96997,75,41
96881,96939,96997,58,58
96881,96937,96997,60,56
96881,96944,96998,54,63
96881,96955,96998,43,74
96881,96964,96998,34,83
96881,96925,96999,74,44
96881,96930,97000,70,49
96881,96932,97000,68,51
96881,96940,97001,61,59
96881,96928,97002,74,47
96881,96960,97003,43,79
96881,96951,97004,53,70
96881,96921,97004,83,40
96881,96943,97005,62,62
96881,96973,97005,32,92
96881,96941,97005,64,60
96881,96947,97007,60,66
96881,96978,97009,31,97
96881,96952,97009,57,71
96881,96957,97008,51,76
96881,96949,97010,61,68
96881,96936,97011,75,55
96881,96958,97011,53,77
96881,96972,97011,39,91
96881,96981,97011,30,100
96881,96975,97013,38,94
96881,96960,97014,54,79
96881,96984,97017,33,103
96881,96982,97017,35,101
96881,96946,97019,73,65
96881,96956,97019,63,75
96881,96957,97024,67,76
96881,96956,97029,73,75
96881,96995,97030,35,114
96881,96994,97030,36,113
96881,96994,97034,40,113
96881,96995,97037,42,114
95837,95837,97049,1212,0
96881,96997,97049,52,116
96881,96997,97049,52,116
96881,96998,97056,58,117
96881,96998,97057,59,117
96881,96997,97066,69,116
96881,96998,97067,69,117
96881,97001,97073,72,120
96881,97030,97074,44,149
96881,97000,97077,77,119
96881,97008,97078,70,127
96881,97003,97078,75,122
96881,97009,97078,69,128
96881,97012,97079,67,131
96881,97030,97079,49,149
96881,97005,97080,75,124
96881,97005,97081,76,124
96881,97004,97082,78,123
96881,97010,97085,75,129
96881,96999,97085,86,118
96881,97011,97090,79,130
96881,97002,97092,90,121
96881,97000,97093,93,119
96881,97058,97093,35,177
96881,97019,97094,75,138
96881,97056,97094,38,175
96881,97019,97095,76,138
96881,97010,97095,85,129
96920,97078,97096,18,158
96881,97005,97099,94,124
96881,97037,97099,62,156
96881,97050,97100,50,169
96881,97077,97101,24,196
96881,97018,97102,84,137
96920,97099,97101,2,179
96920,97100,97102,2,180
96881,97014,97102,88,133
96920,97097,97102,5,177
96881,97009,97103,94,128
96920,97099,97103,4,179
96881,97004,97103,99,123
96881,97011,97104,93,130
96881,97011,97104,93,130
96920,97078,97104,26,158
96920,97102,97105,3,182
96881,97024,97105,81,143
96881,97067,97105,38,186
96920,97102,97105,3,182
96920,97101,97104,3,181
96920,97102,97105,3,182
96881,97013,97106,93,132
96881,97034,97107,73,153
96920,97102,97106,4,182
96920,97102,97107,5,182
96881,97073,97108,35,192
96920,97103,97108,5,183
96920,97103,97109,6,183
96920,97094,97108,14,174
96920,97095,97108,13,175
96920,97103,97109,6,183
96920,97105,97110,5,185
96881,97049,97109,60,168
96920,97104,97111,7,184
96920,97104,97111,7,184
96920,97105,97112,7,185
96920,97105,97113,8,185
96920,97105,97113,8,185
96881,97066,97113,47,185
96920,97095,97114,19,175
96881,97049,97114,65,168
96881,97029,97115,86,148
96881,97017,97114,97,136
96920,97078,97116,38,158
96920,97106,97116,10,186
96920,97105,97117,12,185
96920,97094,97117,23,174
96920,97105,97119,14,185
96920,97095,97121,26,175
96881,97074,97121,47,193
96920,97109,97126,17,189
96920,97107,97129,22,187
96920,97107,97129,22,187
96920,97108,97130,22,188
96920,97106,97130,24,186
96920,97107,97130,23,187
96920,97109,97133,24,189
96920,97080,97136,56,160
96920,97082,97138,56,162
96920,97109,97138,29,189
96920,97108,97139,31,188
96920,97110,97145,35,190
96920,97080,97144,64,160
96920,97080,97146,66,160
96920,97114,97145,31,194
96920,97109,97147,38,189
96920,97090,97148,58,170
96920,97111,97148,37,191
96920,97113,97149,36,193
96920,97112,97150,38,192
96920,97116,97152,36,196
96920,97112,97154,42,192
96920,97110,97155,45,190
96920,97081,97155,74,161
96920,97085,97159,74,165
96920,97092,97162,70,172
96920,97113,97164,51,193
96920,97113,97166,53,193
96920,97093,97168,75,173
96920,97117,97169,52,197
96920,97114,97171,57,194
96920,97118,97173,55,198
96920,97115,97173,58,195
96920,97116,97175,59,196
96920,97122,97179,57,202
96920,97086,97182,96,166
96920,97129,97182,53,209
96920,97138,97184,46,218
96920,97115,97186,71,195
96920,97126,97186,60,206
96920,97119,97187,68,199
96920,97121,97190,69,201
96920,97136,97190,54,216
96920,97130,97191,61,210
96920,97146,97193,47,226
96920,97138,97194,56,218
96920,97130,97195,65,210
96920,97129,97196,67,209
96920,97130,97196,66,210
96920,97146,97199,53,226
96920,97139,97202,63,219
96920,97150,97202,52,230
96920,97154,97202,48,234
96920,97133,97204,71,213
96920,97155,97205,50,235
96920,97152,97206,54,232
96920,97148,97207,59,228
96920,97145,97209,64,225
96920,97145,97210,65,225
96920,97150,97212,62,230
96920,97175,97213,38,255
96920,97159,97218,59,239
96920,97173,97218,45,253
96920,97155,97220,65,235
96920,97147,97220,73,227
96920,97187,97221,34,267
96920,97150,97223,73,230
96920,97169,97227,58,249
96920,97182,97229,47,262
96920,97182,97229,47,262
96920,97174,97230,56,254
96920,97162,97231,69,242
96920,97184,97231,47,264
96920,97179,97233,54,259
96920,97166,97235,69,246
96920,97168,97236,68,248
96920,97164,97238,74,244
96920,97171,97238,67,251
96920,97191,97244,53,271
96920,97186,97246,60,266
96920,97188,97250,62,268
96920,97191,97251,60,271
96920,97190,97252,62,270
96920,97194,97255,61,274
96920,97195,97257,62,275
96920,97194,97268,74,274
96920,97202,97270,68,282
96920,97199,97276,77,279
96920,97205,97279,74,285
96920,97196,97279,83,276
96920,97210,97282,72,290
96920,97204,97282,78,284
96920,97206,97283,77,286
96920,97196,97285,89,276
96920,97207,97285,78,287
96920,97209,97284,75,289
96920,97202,97286,84,282
96920,97218,97288,70,298
96920,97213,97289,76,293
96920,97219,97292,73,299
96920,97203,97292,89,283
96920,97221,97294,73,301
96920,97229,97299,70,309
96920,97231,97300,69,311
96920,97212,97305,93,292
96920,97255,97306,51,335
96920,97282,97308,26,362
96956,97282,97310,28,326
96956,97283,97310,27,327
96920,97220,97311,91,300
96920,97220,97312,92,300
96920,97244,97312,68,324
96920,97257,97313,56,337
96920,97238,97313,75,318
96920,97271,97314,43,351
96920,97279,97314,35,359
96920,97277,97314,37,357
96956,97312,97315,3,356
96920,97223,97315,92,303
96920,97251,97315,64,331
96956,97313,97316,3,357
96920,97227,97316,89,307
96920,97233,97316,83,313
96956,97312,97317,5,356
96920,97231,97317,86,311
96956,97314,97318,4,358
96956,97313,97318,5,357
96956,97308,97319,11,352
96956,97314,97319,5,358
96956,97314,97320,6,358
96920,97236,97321,85,316
96920,97238,97321,83,318
96920,97235,97322,87,315
96920,97279,97321,42,359
96956,97315,97322,7,359
96956,97315,97323,8,359
96920,97229,97324,95,309
96956,97316,97324,8,360
96920,97230,97325,95,310
96956,97311,97325,14,355
96956,97315,97325,10,359
96956,97317,97326,9,361
96920,97252,97326,74,332
96956,97316,97327,11,360
96956,97310,97328,18,354
96920,97246,97328,82,326
96956,97310,97328,18,354
96956,97318,97329,11,362
96956,97307,97329,22,351
96956,97318,97330,12,362
96956,97319,97331,12,363
96956,97316,97331,15,360
96956,97319,97330,11,363
96956,97320,97330,10,364
96956,97318,97332,14,362
96956,97305,97333,28,349
96920,97250,97337,87,330
96956,97288,97338,50,332
96956,97300,97339,39,344
96956,97285,97340,55,329
96920,97268,97343,75,348
96956,97289,97346,57,333
96956,97285,97347,62,329
96956,97321,97347,26,365
96956,97285,97348,63,329
96956,97322,97350,28,366
96956,97322,97352,30,366
96956,97324,97356,32,368
96956,97287,97357,70,331
96956,97324,97358,34,368
96956,97326,97358,32,370
96956,97325,97359,34,369
96956,97321,97359,38,365
96956,97292,97360,68,336
96956,97322,97361,39,366
96956,97323,97362,39,367
96956,97328,97365,37,372
96956,97329,97366,37,373
96956,97294,97368,74,338
96956,97331,97369,38,375
96956,97325,97372,47,369
96956,97292,97371,79,336
96956,97328,97373,45,372
96956,97299,97373,74,343
96956,97327,97375,48,371
96956,97331,97375,44,375
96956,97325,97384,59,369
96956,97329,97384,55,373
96956,97330,97387,57,374
96956,97326,97388,62,370
96956,97338,97389,51,382
96956,97328,97391,63,372
96956,97331,97393,62,375
96956,97331,97395,64,375
96956,97334,97397,63,378
96956,97339,97400,61,383
96956,97395,97402,7,439
96956,97350,97402,52,394
96956,97393,97403,10,437
96956,97391,97403,12,435
96956,97397,97404,7,441
96956,97400,97405,5,444
96956,97340,97405,65,384
96956,97372,97406,34,416
96956,97373,97406,33,417
96956,97402,97406,4,446
96956,97347,97405,58,391
96956,97346,97407,61,390
96956,97337,97407,70,381
96956,97403,97407,4,447
96956,97403,97408,5,447
96956,97369,97408,39,413
96956,97403,97408,5,447
96956,97389,97410,21,433
96956,97372,97410,38,416
96956,97332,97410,78,376
96956,97404,97410,6,448
96956,97348,97411,63,392
96956,97405,97411,6,449
96956,97360,97412,52,404
96956,97373,97411,38,417
96956,97343,97414,71,387
96956,97405,97417,12,449
96956,97358,97417,59,402
96956,97359,97418,59,403
96956,97347,97418,71,391
96956,97388,97419,31,432
96956,97368,97420,52,412
96956,97358,97421,63,402
96956,97365,97423,58,409
96956,97359,97423,64,403
96956,97406,97426,20,450
96956,97366,97427,61,410
96956,97356,97428,72,400
96956,97387,97428,41,431
96956,97375,97429,54,419
96956,97362,97428,66,406
96956,97375,97429,54,419
96956,97352,97430,78,396
96956,97406,97433,27,450
96956,97384,97433,49,428
96956,97357,97435,78,401
96956,97361,97437,76,405
96956,97406,97444,38,450
96956,97384,97444,60,428
96956,97406,97447,41,450
96956,97409,97454,45,453
96956,97407,97463,56,451
96956,97408,97472,64,452
96956,97434,97478,44,478
96956,97412,97478,66,456
96956,97407,97481,74,451
96956,97409,97482,73,453
96956,97410,97484,74,454
96956,97447,97486,39,491
96956,97433,97488,55,477
96956,97411,97487,76,455
96956,97427,97490,63,471
96956,97411,97491,80,455
96956,97420,97492,72,464
96956,97417,97494,77,461
96956,97410,97495,85,454
96956,97408,97495,87,452
96956,97410,97498,88,454
96956,97414,97497,83,458
96956,97429,97499,70,473
96956,97430,97500,70,474
96956,97412,97504,92,456
96956,97444,97505,61,488
96956,97417,97505,88,461
96956,97423,97505,82,467
96956,97429,97506,77,473
96956,97410,97506,96,454
96956,97428,97506,78,472
96956,97454,97507,53,498
96956,97435,97507,72,479
96956,97418,97508,90,462
96956,97419,97509,90,463
96956,97463,97509,46,507
96956,97444,97509,65,488
96956,97418,97510,92,462
96956,97472,97510,38,516
96956,97479,97511,32,523
96956,97421,97512,91,465
96956,97437,97513,76,481
96956,97423,97512,89,467
96956,97430,97514,84,474
96956,97426,97515,89,470
96956,97478,97517,39,522
96956,97428,97521,93,472
97049,97481,97523,42,432
97049,97482,97524,42,433
97049,97510,97524,14,461
97049,97507,97525,18,458
97049,97506,97526,20,457
97049,97507,97527,20,458
97049,97507,97528,21,458
97049,97507,97529,22,458
97049,97509,97529,20,460
97049,97505,97530,25,456
97049,97506,97531,25,457
97049,97499,97532,33,450
97049,97484,97534,50,435
97049,97505,97535,30,456
97049,97510,97534,24,461
97049,97508,97537,29,459
97049,97488,97536,48,439
97049,97487,97538,51,438
97049,97488,97538,50,439
97049,97512,97539,27,463
97049,97509,97539,30,460
97049,97490,97540,50,441
97049,97498,97540,42,449
97049,97500,97541,41,451
97049,97511,97541,30,462
97049,97491,97542,51,442
97049,97514,97544,30,465
97049,97513,97546,33,464
97049,97513,97550,37,464
97049,97494,97550,56,445
97049,97518,97551,33,469
97049,97510,97550,40,461
97049,97515,97554,39,466
97049,97521,97554,33,472
97049,97493,97555,62,444
97049,97524,97557,33,475
97049,97504,97557,53,455
97049,97498,97565,67,449
97049,97523,97566,43,474
97049,97495,97573,78,446
97049,97495,97575,80,446
97049,97527,97575,48,478
97049,97524,97581,57,475
97049,97531,97581,50,482
97049,97534,97581,47,485
97049,97526,97581,55,477
97049,97529,97583,54,480
97049,97525,97583,58,476
97049,97530,97585,55,481
97049,97535,97585,50,486
97049,97585,97587,2,536
97049,97535,97587,52,486
97049,97529,97588,59,480
97049,97587,97589,2,538
97049,97528,97589,61,479
97049,97587,97589,2,538
97049,97588,97590,2,539
97049,97537,97590,53,488
97049,97589,97591,2,540
97049,97585,97591,6,536
97049,97589,97592,3,540
97049,97532,97591,59,483
97049,97538,97593,55,489
97049,97589,97593,4,540
97049,97542,97594,52,493
97049,97592,97594,2,543
97049,97593,97595,2,544
97049,97591,97595,4,542
97049,97591,97595,4,542
97049,97592,97595,3,543
97049,97593,97595,2,544
97049,97594,97596,2,545
97049,97594,97595,1,545
97049,97595,97597,2,546
97049,97539,97596,57,490
97049,97595,97596,1,546
97049,97595,97597,2,546
97049,97595,97596,1,546
97049,97595,97596,1,546
97049,97596,97597,1,547
97049,97539,97599,60,490
97049,97596,97598,2,547
97049,97597,97599,2,548
97049,97597,97600,3,548
97049,97591,97600,9,542
97049,97540,97601,61,491
97049,97597,97600,3,548
97049,97537,97601,64,488
97049,97541,97600,59,492
97049,97590,97604,14,541
97049,97539,97604,65,490
97049,97550,97605,55,501
97049,97540,97606,66,491
97049,97555,97607,52,506
97049,97597,97606,9,548
97049,97583,97607,24,534
97049,97551,97608,57,502
97049,97541,97610,69,492
97049,97544,97610,66,495
97049,97550,97613,63,501
97049,97551,97616,65,502
97049,97597,97617,20,548
97049,97557,97618,61,508
97049,97546,97619,73,497
97049,97554,97626,72,505
97049,97598,97626,28,549
97049,97599,97627,28,550
97049,97554,97628,74,505
97049,97575,97631,56,526
97049,97583,97631,48,534
97049,97566,97632,66,517
97049,97599,97633,34,550
97049,97557,97637,80,508
97049,97565,97637,72,516
97049,97581,97638,57,532
97049,97581,97640,59,532
97049,97581,97641,60,532
97049,97573,97642,69,524
97049,97575,97644,69,526
97049,97598,97646,48,549
97049,97581,97647,66,532
97049,97600,97654,54,551
97049,97599,97657,58,550
97049,97600,97666,66,551
97049,97628,97666,38,579
97049,97601,97667,66,552
97049,97601,97667,66,552
97049,97607,97670,63,558
97049,97613,97674,61,564
97049,97604,97674,70,555
97049,97601,97679,78,552
97049,97608,97680,72,559
97049,97601,97680,79,552
97049,97605,97681,76,556
97049,97617,97681,64,568
97049,97644,97681,37,595
97049,97610,97683,73,561
97049,97607,97684,77,558
97049,97604,97683,79,555
97049,97618,97686,68,569
97049,97610,97687,77,561
97049,97607,97687,80,558
97049,97606,97687,81,557
97049,97646,97687,41,597
97049,97633,97688,55,584
97049,97641,97689,48,592
97049,97627,97691,64,578
97049,97626,97692,66,577
97049,97631,97693,62,582
97049,97640,97693,53,591
97049,97643,97694,51,594
97049,97638,97695,57,589
97049,97638,97695,57,589
97049,97632,97696,64,583
97049,97616,97696,80,567
97049,97619,97699,80,570
97049,97647,97701,54,598
97049,97626,97703,77,577
97049,97631,97703,72,582
97049,97637,97707,70,588
95836,95836,97749,1913,0
97749,97749,97756,7,0
97749,97749,97758,9,0
97749,97749,97758,9,0
97749,97749,97758,9,0
97749,97749,97759,10,0
97749,97749,97759,10,0
97749,97749,97760,11,0
97749,97749,97762,13,0
97749,97749,97765,16,0
97749,97749,97765,16,0
97749,97749,97765,16,0
97749,97749,97766,17,0
97749,97749,97767,18,0
97749,97749,97767,18,0
97749,97749,97768,19,0
97749,97749,97769,20,0
97749,97749,97771,22,0
97749,97749,97772,23,0
97749,97749,97773,24,0
97749,97749,97776,27,0
97749,97749,97776,27,0
97749,97749,97777,28,0
97749,97749,97780,31,0
97749,97749,97781,32,0
97749,97749,97782,33,0
97749,97749,97783,34,0
97749,97749,97784,35,0
97749,97749,97786,37,0
97749,97749,97791,42,0
97749,97758,97792,34,9
97749,97756,97793,37,7
97749,97759,97797,38,10
97749,97749,97800,51,0
97749,97749,97800,51,0
97749,97760,97803,43,11
97749,97758,97804,46,9
97749,97749,97804,55,0
97749,97758,97805,47,9
97749,97749,97806,57,0
97749,97749,97806,57,0
97749,97749,97806,57,0
97749,97749,97807,58,0
97749,97762,97813,51,13
97749,97767,97814,47,18
97749,97749,97815,66,0
97749,97759,97815,56,10
97749,97749,97817,68,0
97749,97771,97817,46,22
97749,97765,97818,53,16
97749,97765,97818,53,16
97749,97749,97820,71,0
97749,97767,97822,55,18
97749,97749,97823,74,0
97749,97820,97823,3,71
97749,97818,97825,7,69
97749,97765,97825,60,16
97749,97822,97826,4,73
97749,97766,97827,61,17
97749,97823,97828,5,74
97749,97777,97830,53,28
97749,97830,97833,3,81
97749,97768,97834,66,19
97749,97818,97835,17,69
97749,97776,97835,59,27
97749,97823,97835,12,74
97749,97828,97835,7,79
97749,97833,97835,2,84
97749,97772,97836,64,23
97749,97835,97837,2,86
97749,97835,97837,2,86
97749,97834,97837,3,85
97749,97835,97837,2,86
97749,97835,97838,3,86
97749,97835,97838,3,86
97749,97836,97838,2,87
97749,97781,97839,58,32
97749,97837,97839,2,88
97749,97769,97840,71,20
97749,97837,97839,2,88
97749,97837,97840,3,88
97749,97838,97841,3,89
97749,97837,97841,4,88
97749,97780,97840,60,31
97749,97773,97842,69,24
97749,97838,97844,6,89
97749,97783,97844,61,34
97749,97776,97845,69,27
97749,97786,97845,59,37
97749,97827,97847,20,78
97749,97782,97847,65,33
97749,97784,97848,64,35
97749,97838,97849,11,89
97749,97800,97850,50,51
97749,97826,97852,26,77
97749,97806,97853,47,57
97749,97793,97854,61,44
97749,97817,97857,40,68
97749,97806,97862,56,57
97749,97800,97862,62,51
97749,97825,97863,38,76
97749,97793,97863,70,44
97749,97817,97863,46,68
97749,97839,97865,26,90
97749,97804,97866,62,55
97749,97825,97869,44,76
97749,97791,97870,79,42
97749,97806,97870,64,57
97749,97815,97871,56,66
97749,97803,97872,69,54
97749,97797,97873,76,48
97749,97814,97873,59,65
97749,97808,97877,69,59
97749,97816,97877,61,67
97749,97805,97881,76,56
97749,97839,97886,47,90
97749,97804,97887,83,55
97749,97813,97889,76,64
97749,97840,97895,55,91
97749,97841,97906,65,92
97749,97841,97908,67,92
97749,97840,97911,71,91
97749,97840,97912,72,91
97749,97845,97921,76,96
97749,97850,97922,72,101
97749,97886,97923,37,137
97749,97841,97923,82,92
97749,97845,97925,80,96
97749,97853,97926,73,104
97749,97843,97926,83,94
97749,97848,97928,80,99
97749,97866,97928,62,117
97749,97877,97930,53,128
97749,97845,97931,86,96
97749,97870,97932,62,121
97749,97847,97933,86,98
97749,97866,97932,66,117
97749,97873,97934,61,124
97749,97862,97934,72,113
97749,97862,97935,73,113
97749,97846,97935,89,97
97749,97847,97934,87,98
97749,97877,97935,58,128
97749,97854,97936,82,105
97749,97881,97936,55,132
97749,97871,97937,66,122
97749,97865,97939,74,116
97749,97908,97939,31,159
97749,97872,97940,68,123
97749,97889,97942,53,140
97749,97849,97943,94,100
97749,97852,97944,92,103
97749,97895,97944,49,146
97749,97906,97945,39,157
97749,97873,97945,72,124
97749,97869,97946,77,120
97749,97863,97949,86,114
97749,97870,97951,81,121
97749,97863,97953,90,114
97749,97857,97956,99,108
97749,97887,97967,80,138
139385,139385,139387,2,0
139386,139386,139388,2,0
139387,139387,139389,2,0
139387,139387,139390,3,0
139388,139388,139390,2,0
139388,139389,139392,3,1
139389,139389,139392,3,0
139390,139390,139393,3,0
139392,139392,139394,2,0
139390,139390,139394,4,0
139392,139392,139394,2,0
139391,139391,139394,3,0
139393,139393,139395,2,0
139394,139394,139396,2,0
139394,139394,139397,3,0
139397,139397,139399,2,0
139395,139395,139399,4,0
139396,139396,139399,3,0
139398,139398,139400,2,0
139396,139396,139400,4,0
139399,139399,139401,2,0
139400,139400,139402,2,0
139398,139398,139402,4,0
139401,139401,139403,2,0
139400,139400,139404,4,0
139402,139402,139404,2,0
139402,139402,139405,3,0
139403,139404,139405,1,1
139404,139404,139406,2,0
139403,139403,139406,3,0
139405,139405,139407,2,0
139405,139405,139408,3,0
139407,139407,139409,2,0
139406,139406,139409,3,0
139408,139408,139410,2,0
139409,139409,139411,2,0
139407,139407,139411,4,0
139410,139410,139412,2,0
139409,139409,139413,4,0
139411,139411,139413,2,0
139411,139411,139414,3,0
139413,139413,139414,1,0
139413,139413,139415,2,0
139412,139412,139415,3,0
139414,139415,139416,1,1
139416,139416,139418,2,0
139414,139414,139417,3,0
139415,139415,139419,4,0
139417,139417,139419,2,0
139418,139418,139420,2,0
139416,139416,139420,4,0
139418,139418,139420,2,0
139420,139420,139422,2,0
139419,139419,139422,3,0
139420,139420,139422,2,0
140090,140090,140096,6,0
139508,139508,140546,1038,0
140546,140546,140581,35,0
140546,140546,140582,36,0
140546,140546,140585,39,0
140546,140546,140588,42,0
140546,140546,140588,42,0
140546,140546,140589,43,0
140546,140546,140589,43,0
140546,140546,140590,44,0
140546,140546,140591,45,0
140546,140546,140591,45,0
140546,140546,140593,47,0
140546,140546,140595,49,0
140546,140546,140597,51,0
140546,140546,140596,50,0
140546,140595,140598,3,49
140546,140598,140599,1,52
140546,140597,140598,1,51
140546,140598,140600,2,52
140546,140546,140600,54,0
140546,140599,140601,2,53
140546,140546,140601,55,0
140546,140600,140601,1,54
140546,140600,140602,2,54
140546,140601,140602,1,55
140546,140601,140603,2,55
140546,140601,140603,2,55
140546,140601,140603,2,55
140546,140602,140603,1,56
140546,140603,140605,2,57
140546,140603,140604,1,57
140546,140603,140605,2,57
140546,140603,140604,1,57
140546,140604,140606,2,58
140546,140605,140607,2,59
140546,140605,140607,2,59
140546,140605,140606,1,59
140546,140605,140607,2,59
140546,140593,140608,15,47
140546,140607,140609,2,61
140546,140607,140609,2,61
140546,140607,140609,2,61
140546,140608,140610,2,62
140546,140607,140609,2,61
140546,140608,140610,2,62
140546,140609,140611,2,63
140546,140609,140616,7,63
140546,140592,140617,25,46
140546,140581,140624,43,35
140546,140582,140625,43,36
140546,140585,140628,43,39
140546,140591,140635,44,45
140546,140590,140636,46,44
140546,140590,140638,48,44
140546,140610,140638,28,64
140546,140588,140643,55,42
140546,140589,140643,54,43
140546,140588,140645,57,42
140546,140610,140652,42,64
140546,140610,140654,44,64
140546,140610,140661,51,64
140546,140611,140676,65,65
140546,140618,140677,59,72
140546,140616,140678,62,70
140546,140624,140688,64,78
140546,140625,140691,66,79
140546,140628,140693,65,82
140546,140635,140696,61,89
140546,140638,140704,66,92
140546,140636,140704,68,90
140546,140638,140705,67,92
140546,140643,140706,63,97
140546,140646,140709,63,100
140546,140643,140710,67,97
140546,140654,140719,65,108
140546,140652,140722,70,106
140546,140661,140733,72,115
140546,140676,140739,63,130
140546,140677,140744,67,131
140546,140678,140747,69,132
140546,140688,140756,68,142
141138,141138,141139,1,0
141281,141281,141282,1,0
141356,141356,141367,11,0
141487,141487,141494,7,0
149328,149328,149334,6,0
149327,149327,149333,6,0
149329,149329,149334,5,0
149330,149331,149335,4,1
149331,149331,149335,4,0
149329,149329,149335,6,0
149333,149333,149336,3,0
149330,149330,149336,6,0
149332,149332,149338,6,0
149333,149333,149339,6,0
149334,149334,149340,6,0
149336,149336,149340,4,0
149335,149335,149340,5,0
149337,149337,149342,5,0
149335,149335,149342,7,0
149338,149338,149342,4,0
149339,149339,149343,4,0
149340,149340,149344,4,0
149341,149341,149345,4,0
149338,149338,149344,6,0
149340,149340,149345,5,0
149343,149343,149346,3,0
149344,149344,149347,3,0
149343,149343,149347,4,0
149342,149342,149347,5,0
149346,149346,149350,4,0
149345,149345,149350,5,0
149347,149347,149350,3,0
149347,149347,149351,4,0
149345,149345,149350,5,0
149348,149348,149351,3,0
149349,149349,149354,5,0
149351,149351,149354,3,0
149350,149350,149355,5,0
149349,149349,149355,6,0
149352,149352,149355,3,0
149353,149353,149356,3,0
149351,149352,149356,4,1
149354,149354,149357,3,0
149356,149356,149358,2,0
149354,149354,149359,5,0
149357,149357,149360,3,0
149356,149356,149360,4,0
149358,149358,149361,3,0
149355,149355,149360,5,0
149359,149359,149362,3,0
149358,149358,149364,6,0
149360,149360,149363,3,0
149360,149360,149364,4,0
149361,149361,149364,3,0
149362,149362,149365,3,0
149363,149363,149366,3,0
149362,149362,149366,4,0
149364,149364,149367,3,0
149364,149364,149368,4,0
148562,148562,149820,1258,0
149820,149820,149823,3,0
149820,149820,149823,3,0
149820,149820,149825,5,0
149820,149820,149825,5,0
149820,149820,149826,6,0
149820,149820,149827,7,0
149820,149820,149829,9,0
149820,149820,149830,10,0
149820,149820,149830,10,0
149820,149820,149831,11,0
149820,149820,149831,11,0
149820,149820,149834,14,0
149820,149820,149836,16,0
149820,149820,149836,16,0
149820,149820,149840,20,0
149820,149820,149840,20,0
149820,149825,149842,17,5
149820,149830,149845,15,10
149820,149823,149848,25,3
149820,149823,149851,28,3
149820,149827,149852,25,7
149820,149836,149853,17,16
149820,149826,149853,27,6
149820,149831,149853,22,11
149820,149825,149854,29,5
149820,149834,149856,22,14
149820,149829,149856,27,9
149820,149853,149857,4,33
149820,149830,149858,28,10
149820,149841,149858,17,21
149820,149831,149861,30,11
149820,149842,149864,22,22
149820,149836,149864,28,16
149820,149864,149866,2,44
149820,149845,149867,22,25
149820,149866,149868,2,46
149820,149855,149868,13,35
149820,149867,149869,2,47
149820,149840,149869,29,20
149820,149864,149870,6,44
149820,149868,149870,2,48
149820,149853,149870,17,33
149820,149853,149871,18,33
149820,149869,149871,2,49
149820,149869,149871,2,49
149820,149870,149872,2,50
149820,149869,149871,2,49
149820,149870,149872,2,50
149820,149870,149871,1,50
149820,149871,149873,2,51
149820,149861,149872,11,41
149820,149871,149872,1,51
149820,149848,149874,26,28
149820,149872,149874,2,52
149820,149872,149874,2,52
149820,149873,149875,2,53
149820,149872,149874,2,52
149820,149873,149875,2,53
149820,149872,149874,2,52
149820,149851,149875,24,31
149820,149873,149876,3,53
149820,149873,149875,2,53
149820,149857,149875,18,37
149820,149874,149876,2,54
149820,149859,149876,17,39
149820,149874,149875,1,54
149820,149852,149876,24,32
149820,149875,149877,2,55
149820,149874,149876,2,54
149820,149875,149878,3,55
149820,149875,149877,2,55
149820,149875,149877,2,55
149820,149856,149879,23,36
149820,149876,149880,4,56
149820,149858,149879,21,38
149820,149857,149882,25,37
149820,149876,149885,9,56
149820,149876,149890,14,56
149820,149876,149892,16,56
149820,149892,149897,5,72
149820,149877,149899,22,57
149820,149876,149901,25,56
149820,149878,149906,28,58
149820,149879,149908,29,59
149820,149876,149908,32,56
149820,149877,149909,32,57
149820,149876,149910,34,56
149820,149897,149915,18,77
149820,149890,149920,30,70
149820,149878,149924,46,58
149820,149880,149925,45,60
149820,149877,149925,48,57
149820,149878,149926,48,58
149820,149885,149926,41,65
149820,149900,149928,28,80
149820,149901,149927,26,81
149820,149882,149932,50,62
149820,149880,149932,52,60
149820,149907,149951,44,87
149820,149908,149956,48,88
149820,149909,149957,48,89
149820,149908,149958,50,88
149820,149926,149961,35,106
149820,149925,149962,37,105
149820,149910,149962,52,90
149820,149915,149964,49,95
149820,149929,149967,38,109
149820,149920,149968,48,100
149820,149932,149970,38,112
149820,149924,149971,47,104
149820,149925,149976,51,105
149820,149932,149976,44,112
149820,149926,149980,54,106
149820,149929,149984,55,109
149820,149964,149995,31,144
149820,149984,149999,15,164
149820,149970,149999,29,150
149820,149951,150002,51,131
149820,149981,150002,21,161
149820,149976,150004,28,156
149820,149963,150004,41,143
149820,149956,150006,50,136
149820,149958,150008,50,138
149820,150006,150008,2,186
149820,150004,150009,5,184
149820,150004,150009,5,184
149820,150008,150011,3,188
149820,150008,150011,3,188
149820,150009,150011,2,189
149820,149968,150011,43,148
149820,150002,150012,10,182
149820,150009,150011,2,189
149820,149971,150012,41,151
149820,149976,150013,37,156
149820,149967,150013,46,147
149820,149958,150013,55,138
149820,150011,150013,2,191
149820,150011,150014,3,191
149820,149999,150014,15,179
149820,150011,150013,2,191
149820,150012,150015,3,192
149820,150012,150014,2,192
149820,150012,150015,3,192
149820,150013,150015,2,193
149820,150013,150016,3,193
149820,150013,150016,3,193
149820,150012,150015,3,192
149820,150013,150015,2,193
149820,150014,150016,2,194
149820,150014,150017,3,194
149820,150014,150017,3,194
149820,150015,150017,2,195
149820,150015,150018,3,195
149820,150015,150018,3,195
149820,149962,150019,57,142
149820,150015,150018,3,195
149820,150002,150020,18,182
149820,149995,150020,25,175
149820,149961,150020,59,141
149820,149999,150021,22,179
153205,153205,154170,965,0
154177,154177,155143,966,0
155457,155457,155459,2,0
155458,155459,155461,2,1
155459,155459,155462,3,0
155457,155457,155462,5,0
155461,155461,155463,2,0
155458,155458,155463,5,0
155461,155461,155464,3,0
155460,155460,155465,5,0
155463,155464,155466,2,1
155462,155462,155467,5,0
155464,155464,155467,3,0
155466,155466,155468,2,0
155463,155463,155468,5,0
155466,155466,155469,3,0
155467,155467,155470,3,0
155465,155465,155470,5,0
155469,155469,155472,3,0
155468,155468,155472,4,0
155468,155468,155473,5,0
155470,155470,155473,3,0
155471,155471,155474,3,0
155470,155470,155475,5,0
155472,155472,155475,3,0
155472,155472,155475,3,0
155474,155474,155477,3,0
155474,155474,155477,3,0
155476,155476,155478,2,0
155473,155473,155478,5,0
155476,155476,155479,3,0
155477,155477,155480,3,0
155475,155475,155480,5,0
155478,155478,155481,3,0
155479,155479,155482,3,0
155478,155478,155483,5,0
155480,155480,155483,3,0
155481,155481,155484,3,0
155482,155482,155484,2,0
155480,155480,155485,5,0
155482,155482,155485,3,0
155484,155484,155487,3,0
155484,155484,155487,3,0
155483,155483,155488,5,0
155485,155485,155488,3,0
155486,155486,155489,3,0
155487,155487,155490,3,0
155488,155488,155491,3,0
155486,155486,155491,5,0
155488,155488,155491,3,0
155490,155490,155493,3,0
155490,155490,155493,3,0
155491,155491,155494,3,0
155489,155489,155495,6,0
155492,155492,155495,3,0
155493,155493,155496,3,0
155494,155494,155497,3,0
155492,155492,155497,5,0
155540,155540,155543,3,0
155541,155541,155543,2,0
155539,155539,155544,5,0
155541,155541,155544,3,0
155538,155538,155543,5,0
155539,155539,155545,6,0
155542,155542,155545,3,0
155543,155543,155546,3,0
155543,155543,155547,4,0
155545,155545,155548,3,0
155544,155544,155548,4,0
155546,155546,155549,3,0
155547,155547,155550,3,0
155545,155545,155550,5,0
155548,155548,155551,3,0
155549,155550,155552,2,1
155547,155547,155552,5,0
155551,155551,155553,2,0
155549,155549,155554,5,0
155550,155550,155554,4,0
155551,155551,155554,3,0
155553,155553,155556,3,0
155554,155554,155556,2,0
155552,155552,155557,5,0
155556,155556,155558,2,0
155556,155556,155559,3,0
155554,155554,155560,6,0
155557,155557,155560,3,0
155558,155558,155560,2,0
155555,155555,155561,6,0
155559,155559,155562,3,0
155560,155560,155563,3,0
155558,155558,155563,5,0
155562,155562,155564,2,0
155560,155560,155565,5,0
155562,155562,155565,3,0
155563,155563,155566,3,0
155561,155561,155566,5,0
155564,155564,155566,2,0
155564,155564,155567,3,0
155566,155566,155568,2,0
155566,155566,155569,3,0
155565,155565,155569,4,0
155568,155568,155571,3,0
155568,155568,155571,3,0
155569,155569,155572,3,0
155567,155567,155572,5,0
155570,155570,155573,3,0
155570,155570,155574,4,0
155571,155571,155574,3,0
155572,155572,155575,3,0
155573,155573,155576,3,0
155574,155574,155577,3,0
155572,155572,155577,5,0
155575,155575,155578,3,0
155574,155574,155578,4,0
155147,155148,155877,729,1
155666,155666,156905,1239,0
156906,156906,156908,2,0
156906,156906,156908,2,0
156906,156906,156909,3,0
156906,156906,156909,3,0
156906,156906,156909,3,0
156906,156906,156910,4,0
156906,156906,156910,4,0
156906,156906,156910,4,0
156906,156906,156909,3,0
156906,156906,156909,3,0
156906,156908,156910,2,2
156906,156906,156910,4,0
156906,156910,156913,3,4
156906,156906,156913,7,0
156906,156906,156913,7,0
156906,156911,156914,3,5
156906,156906,156913,7,0
156906,156910,156915,5,4
156906,156913,156914,1,7
156906,156913,156915,2,7
156906,156906,156915,9,0
156906,156906,156916,10,0
156906,156913,156916,3,7
156906,156906,156916,10,0
156906,156914,156916,2,8
156906,156910,156917,7,4
156906,156915,156917,2,9
156906,156915,156917,2,9
156906,156916,156918,2,10
156906,156915,156918,3,9
156906,156916,156918,2,10
156906,156909,156918,9,3
156906,156915,156918,3,9
156906,156906,156918,12,0
156906,156910,156918,8,4
156906,156916,156919,3,10
156906,156916,156918,2,10
156906,156916,156919,3,10
156906,156906,156919,13,0
156906,156906,156918,12,0
156906,156917,156919,2,11
156906,156917,156920,3,11
156906,156918,156920,2,12
156906,156918,156919,1,12
156906,156906,156920,14,0
156906,156918,156919,1,12
156906,156906,156920,14,0
156906,156906,156919,13,0
156906,156918,156920,2,12
156906,156918,156921,3,12
156906,156918,156921,3,12
156906,156918,156920,2,12
156906,156918,156921,3,12
156906,156919,156920,1,13
156906,156919,156921,2,13
156906,156906,156922,16,0
156906,156908,156921,13,2
156906,156919,156922,3,13
156906,156906,156924,18,0
156906,156906,156924,18,0
156906,156906,156925,19,0
156906,156906,156925,19,0
156906,156906,156926,20,0
156906,156910,156926,16,4
156906,156909,156927,18,3
156906,156906,156928,22,0
156906,156906,156929,23,0
156906,156910,156930,20,4
156906,156906,156930,24,0
156906,156906,156930,24,0
156906,156906,156930,24,0
156906,156919,156931,12,13
156906,156906,156931,25,0
156906,156929,156932,3,23
156906,156930,156932,2,24
156906,156906,156932,26,0
156906,156906,156934,28,0
156906,156906,156934,28,0
156906,156928,156935,7,22
156906,156906,156935,29,0
156906,156906,156938,32,0
156906,156910,156937,27,4
156906,156925,156946,21,19
156906,156919,156952,33,13
156906,156920,156954,34,14
156906,156920,156954,34,14
156906,156920,156957,37,14
156906,156921,156959,38,15
156906,156920,156959,39,14
156906,156921,156960,39,15
156906,156920,156961,41,14
156906,156922,156963,41,16
156906,156930,156967,37,24
156906,156921,156968,47,15
156906,156919,156969,50,13
156906,156926,156969,43,20
156906,156924,156969,45,18
156906,156920,156971,51,14
156906,156922,156971,49,16
156906,156920,156972,52,14
156906,156921,156973,52,15
156906,156931,156973,42,25
156906,156920,156974,54,14
156906,156971,156974,3,65
156906,156972,156975,3,66
156906,156973,156975,2,67
156906,156973,156976,3,67
156906,156974,156976,2,68
156906,156974,156976,2,68
156906,156975,156977,2,69
156906,156975,156977,2,69
156906,156971,156977,6,65
156906,156923,156978,55,17
156906,156976,156979,3,70
156906,156977,156979,2,71
156906,156925,156980,55,19
156906,156977,156980,3,71
156906,156976,156979,3,70
156906,156931,156980,49,25
156906,156977,156979,2,71
156906,156924,156980,56,18
156906,156977,156981,4,71
156906,156979,156981,2,73
156906,156938,156981,43,32
156906,156961,156981,20,55
156906,156926,156981,55,20
156906,156978,156981,3,72
156906,156922,156982,60,16
156906,156934,156981,47,28
156906,156980,156982,2,74
156906,156979,156981,2,73
156906,156980,156983,3,74
156906,156980,156983,3,74
156906,156980,156983,3,74
156906,156963,156984,21,57
156906,156921,156984,63,15
156906,156980,156983,3,74
156906,156930,156985,55,24
156906,156969,156986,17,63
156906,156932,156987,55,26
156906,156946,156988,42,40
156906,156932,156991,59,26
156906,156959,156991,32,53
156906,156960,156991,31,54
156906,156969,156991,22,63
156906,156957,156991,34,51
156906,156952,156993,41,46
156906,156969,156993,24,63
156906,156927,156995,68,21
156906,156932,156996,64,26
156906,156935,156995,60,29
156906,156934,156998,64,28
156906,156938,156998,60,32
156906,156967,157000,33,61
156906,156931,157001,70,25
156906,156959,157002,43,53
156906,156968,157002,34,62
156906,156935,157005,70,29
156906,156955,157005,50,49
156906,156954,157007,53,48
157136,157136,158205,1069,0
158205,158206,158209,3,1
158205,158206,158210,4,1
158205,158206,158210,4,1
158205,158206,158214,8,1
158205,158206,158214,8,1
158205,158206,158215,9,1
158205,158206,158217,11,1
158205,158206,158217,11,1
158205,158206,158218,12,1
158205,158206,158220,14,1
158205,158206,158220,14,1
158205,158206,158221,15,1
158205,158206,158222,16,1
158205,158206,158222,16,1
158205,158206,158224,18,1
158205,158221,158224,3,16
158205,158206,158224,18,1
158205,158222,158224,2,17
158205,158222,158224,2,17
158205,158224,158226,2,19
158205,158206,158226,20,1
158205,158224,158227,3,19
158205,158224,158227,3,19
158205,158224,158227,3,19
158205,158224,158227,3,19
158205,158206,158226,20,1
158205,158206,158227,21,1
158205,158226,158228,2,21
158205,158206,158228,22,1
158205,158221,158227,6,16
158205,158206,158229,23,1
158205,158206,158229,23,1
158205,158209,158229,20,4
158205,158226,158228,2,21
158205,158227,158230,3,22
158205,158227,158229,2,22
158205,158228,158230,2,23
158205,158227,158230,3,22
158205,158206,158230,24,1
158205,158227,158230,3,22
158205,158227,158230,3,22
158205,158227,158230,3,22
158205,158206,158229,23,1
158205,158206,158230,24,1
158205,158228,158230,2,23
158205,158206,158231,25,1
158205,158206,158232,26,1
158205,158206,158231,25,1
158205,158230,158232,2,25
158205,158229,158231,2,24
158205,158230,158232,2,25
158205,158229,158232,3,24
158205,158228,158231,3,23
158205,158206,158232,26,1
158205,158217,158231,14,12
158205,158229,158231,2,24
158205,158206,158233,27,1
158205,158230,158232,2,25
158205,158229,158232,3,24
158205,158210,158234,24,5
158205,158220,158233,13,15
158205,158206,158234,28,1
158205,158230,158235,5,25
158205,158218,158236,18,13
158205,158206,158235,29,1
158205,158206,158237,31,1
158205,158206,158237,31,1
158205,158206,158238,32,1
158205,158206,158237,31,1
158205,158206,158239,33,1
158205,158214,158240,26,9
158205,158215,158240,25,10
158205,158206,158241,35,1
158205,158206,158243,37,1
158205,158216,158245,29,11
158205,158217,158245,28,12
158205,158206,158246,40,1
158205,158230,158247,17,25
158205,158210,158251,41,5
158205,158230,158264,34,25
158205,158232,158269,37,27
158205,158230,158270,40,25
158205,158230,158270,40,25
158205,158230,158273,43,25
158205,158232,158275,43,27
158205,158233,158276,43,28
158205,158232,158276,44,27
158205,158232,158278,46,27
158205,158231,158279,48,26
158205,158230,158281,51,25
158205,158232,158281,49,27
158205,158232,158282,50,27
158205,158231,158282,51,26
158205,158241,158284,43,36
158205,158243,158286,43,38
158205,158233,158286,53,28
158205,158232,158287,55,27
158205,158232,158290,58,27
158205,158232,158290,58,27
158205,158238,158295,57,33
158205,158290,158295,5,85
158205,158233,158295,62,28
158205,158240,158296,56,35
158205,158295,158298,3,90
158205,158296,158298,2,91
158205,158238,158298,60,33
158205,158295,158299,4,90
158205,158296,158299,3,91
158205,158282,158299,17,77
158205,158298,158300,2,93
158205,158290,158299,9,85
158205,158298,158301,3,93
158205,158233,158300,67,28
158205,158236,158301,65,31
158205,158299,158302,3,94
158205,158299,158302,3,94
158205,158300,158302,2,95
158205,158298,158301,3,93
158205,158299,158302,3,94
158205,158237,158303,66,32
158205,158301,158303,2,96
158205,158245,158304,59,40
158205,158234,158304,70,29
158205,158288,158303,15,83
158205,158301,158303,2,96
158205,158302,158304,2,97
158205,158301,158304,3,96
158205,158247,158305,58,42
158205,158284,158305,21,79
158205,158301,158304,3,96
158205,158236,158304,68,31
158205,158303,158306,3,98
158205,158302,158306,4,97
158205,158234,158306,72,29
158205,158303,158305,2,98
158205,158282,158306,24,77
158205,158286,158305,19,81
158205,158303,158306,3,98
158205,158234,158306,72,29
158205,158237,158307,70,32
158205,158303,158307,4,98
158205,158278,158308,30,73
158205,158241,158309,68,36
158205,158269,158309,40,64
158205,158239,158312,73,34
158205,158279,158313,34,74
158205,158246,158314,68,41
158205,158281,158314,33,76
158205,158235,158314,79,30
158205,158276,158316,40,71
158205,158264,158317,53,59
158205,158276,158317,41,71
158205,158275,158318,43,70
158205,158273,158324,51,68
158205,158245,158326,81,40
158205,158281,158327,46,76
158205,158286,158327,41,81
158205,158270,158328,58,65
158205,158251,158330,79,46
158205,158270,158334,64,65
162900,162900,162903,3,0
162901,162901,162904,3,0
162902,162902,162905,3,0
162903,162903,162906,3,0
162901,162902,162906,4,1
162903,162903,162908,5,0
162907,162907,162909,2,0
162904,162904,162909,5,0
162906,162906,162910,4,0
162907,162907,162910,3,0
162905,162905,162910,5,0
162905,162905,162910,5,0
162908,162908,162913,5,0
162910,162910,162913,3,0
162911,162911,162914,3,0
162910,162910,162914,4,0
162912,162912,162914,2,0
162909,162909,162914,5,0
162914,162914,162917,3,0
162912,162912,162918,6,0
162913,162913,162918,5,0
162915,162915,162918,3,0
162914,162914,162919,5,0
162916,162916,162919,3,0
162916,162916,162920,4,0
162918,162918,162920,2,0
162917,162917,162921,4,0
162919,162919,162922,3,0
162920,162920,162922,2,0
162921,162921,162924,3,0
162918,162918,162923,5,0
162920,162921,162925,4,1
162922,162922,162925,3,0
162923,162923,162926,3,0
162924,162924,162927,3,0
162922,162923,162927,4,1
162924,162925,162927,2,1
162926,162927,162929,2,1
162927,162927,162931,4,0
162926,162926,162931,5,0
162925,162925,162931,6,0
162928,162929,162932,3,1
162929,162929,162933,4,0
162931,162931,162934,3,0
162928,162928,162934,6,0
162932,162932,162935,3,0
162930,162930,162936,6,0
162934,162934,162937,3,0
162933,162933,162937,4,0
162934,162934,162937,3,0
162935,162935,162938,3,0
162932,162932,162938,6,0
162936,162936,162939,3,0
162936,162937,162941,4,1
162937,162937,162942,5,0
162938,162938,162943,5,0
162967,162968,162970,2,1
162968,162968,162971,3,0
162969,162969,162971,2,0
162969,162969,162972,3,0
162971,162971,162973,2,0
162971,162971,162974,3,0
162972,162972,162975,3,0
162973,162973,162975,2,0
162970,162970,162975,5,0
162974,162974,162977,3,0
162975,162975,162978,3,0
162976,162976,162979,3,0
162977,162977,162979,2,0
162973,162973,162978,5,0
162975,162975,162980,5,0
162977,162977,162980,3,0
162979,162979,162981,2,0
162978,162978,162983,5,0
162981,162981,162983,2,0
162979,162979,162984,5,0
162980,162980,162984,4,0
162981,162981,162984,3,0
162982,162982,162985,3,0
162983,162983,162986,3,0
162983,162983,162987,4,0
162985,162985,162987,2,0
162984,162984,162988,4,0
162985,162985,162988,3,0
162986,162986,162989,3,0
162987,162987,162989,2,0
162989,162989,162991,2,0
162987,162987,162992,5,0
162988,162988,162992,4,0
162989,162989,162992,3,0
162990,162990,162993,3,0
162991,162991,162994,3,0
162992,162992,162995,3,0
162991,162991,162995,4,0
162993,162993,162996,3,0
162994,162994,162997,3,0
162995,162995,162997,2,0
162993,162993,162997,4,0
162995,162995,162998,3,0
162997,162997,162999,2,0
162997,162997,163000,3,0
162996,162996,163001,5,0
162998,162998,163001,3,0
162999,162999,163001,2,0
163000,163000,163003,3,0
163001,163001,163003,2,0
162999,162999,163004,5,0
163001,163001,163004,3,0
163002,163002,163005,3,0
163003,163003,163006,3,0
163004,163004,163007,3,0
163003,163003,163007,4,0
163038,163038,164319,1281,0
164320,164320,164322,2,0
164320,164320,164322,2,0
164320,164320,164322,2,0
164320,164320,164321,1,0
164320,164320,164322,2,0
164320,164320,164323,3,0
164320,164320,164323,3,0
164320,164320,164324,4,0
164320,164320,164324,4,0
164320,164320,164324,4,0
164320,164320,164324,4,0
164320,164320,164323,3,0
164320,164324,164327,3,4
164320,164324,164329,5,4
164320,164320,164329,9,0
164320,164320,164330,10,0
164320,164328,164330,2,8
164320,164329,164331,2,9
164320,164329,164331,2,9
164320,164330,164332,2,10
164320,164330,164333,3,10
164320,164331,164333,2,11
164320,164332,164334,2,12
164320,164331,164334,3,11
164320,164333,164335,2,13
164320,164333,164335,2,13
164320,164334,164335,1,14
164320,164334,164338,4,14
164320,164320,164339,19,0
164320,164335,164341,6,15
164320,164339,164342,3,19
164320,164341,164343,2,21
164320,164338,164343,5,18
164320,164320,164343,23,0
164320,164342,164344,2,22
164320,164320,164344,24,0
164320,164320,164344,24,0
164320,164336,164345,9,16
164320,164343,164345,2,23
164320,164343,164345,2,23
164320,164335,164345,10,15
164320,164343,164345,2,23
164320,164344,164345,1,24
164320,164324,164346,22,4
164320,164345,164347,2,25
164320,164344,164347,3,24
164320,164345,164346,1,25
164320,164346,164347,1,26
164320,164320,164348,28,0
164320,164345,164348,3,25
164320,164346,164347,1,26
164320,164346,164349,3,26
164320,164320,164350,30,0
164320,164320,164351,31,0
164320,164350,164352,2,30
164320,164320,164353,33,0
164320,164351,164352,1,31
164320,164345,164354,9,25
164320,164353,164355,2,33
164320,164320,164355,35,0
164320,164320,164355,35,0
164320,164353,164354,1,33
164320,164320,164356,36,0
164320,164322,164356,34,2
164320,164356,164357,1,36
164320,164355,164356,1,35
164320,164355,164358,3,35
164320,164320,164357,37,0
164320,164320,164359,39,0
164320,164322,164360,38,2
164320,164354,164360,6,34
164320,164355,164359,4,35
164320,164320,164361,41,0
164320,164361,164363,2,41
164320,164322,164364,42,2
164320,164320,164366,46,0
164320,164323,164366,43,3
164320,164320,164367,47,0
164320,164320,164369,49,0
164320,164367,164369,2,47
164320,164322,164370,48,2
164320,164345,164370,25,25
164320,164320,164371,51,0
164320,164366,164373,7,46
164320,164320,164373,53,0
164320,164324,164374,50,4
164320,164320,164374,54,0
164320,164374,164376,2,54
164320,164374,164378,4,54
164320,164320,164378,58,0
164320,164320,164379,59,0
164320,164376,164379,3,56
164320,164323,164380,57,3
164320,164320,164381,61,0
164320,164324,164380,56,4
164320,164320,164381,61,0
164320,164320,164381,61,0
164320,164381,164383,2,61
164320,164381,164384,3,61
164320,164381,164384,3,61
164320,164382,164385,3,62
164320,164320,164386,66,0
164320,164383,164386,3,63
164320,164323,164387,64,3
164320,164384,164388,4,64
164320,164386,164388,2,66
164320,164384,164389,5,64
164320,164385,164388,3,65
164320,164387,164390,3,67
164320,164386,164389,3,66
164320,164388,164390,2,68
164320,164389,164391,2,69
164320,164388,164390,2,68
164320,164365,164392,27,45
164320,164390,164392,2,70
164320,164389,164392,3,69
164320,164390,164393,3,70
164320,164390,164393,3,70
164320,164391,164394,3,71
164320,164392,164394,2,72
164320,164392,164394,2,72
164320,164392,164395,3,72
164320,164392,164395,3,72
164320,164393,164395,2,73
164320,164393,164397,4,73
164320,164394,164397,3,74
164320,164394,164399,5,74
164320,164348,164401,53,28
164320,164347,164401,54,27
164320,164379,164403,24,59
164320,164358,164405,47,38
164320,164347,164407,60,27
164320,164347,164411,64,27
164320,164371,164414,43,51
164320,164348,164414,66,28
164320,164349,164418,69,29
164320,164378,164419,41,58
164320,164380,164420,40,60
164320,164352,164421,69,32
164320,164356,164421,65,36
164320,164357,164421,64,37
164320,164347,164421,74,27
164320,164358,164422,64,38
164320,164357,164425,68,37
164320,164363,164426,63,43
164320,164360,164427,67,40
164320,164378,164427,49,58
164320,164379,164427,48,59
164320,164374,164427,53,54
164320,164360,164429,69,40
164320,164348,164431,83,28
164320,164373,164435,62,53
164320,164371,164437,66,51
164320,164359,164442,83,39
164320,164369,164442,73,49
164320,164356,164443,87,36
164320,164371,164444,73,51
164320,164370,164448,78,50
164320,164360,164450,90,40
164320,164367,164466,99,47
164578,164578,165706,1128,0
165706,165706,165743,37,0
165706,165706,165743,37,0
165706,165706,165744,38,0
165706,165706,165746,40,0
165706,165706,165746,40,0
165706,165706,165747,41,0
165706,165706,165750,44,0
165706,165706,165750,44,0
165706,165706,165751,45,0
165706,165706,165751,45,0
165706,165706,165753,47,0
165706,165706,165754,48,0
165706,165706,165755,49,0
165706,165706,165755,49,0
165706,165706,165755,49,0
165706,165706,165755,49,0
165706,165706,165755,49,0
165706,165755,165757,2,49
165706,165755,165757,2,49
165706,165755,165757,2,49
165706,165755,165756,1,49
165706,165706,165757,51,0
165706,165754,165757,3,48
165706,165755,165758,3,49
165706,165757,165759,2,51
165706,165706,165758,52,0
165706,165757,165759,2,51
165706,165757,165758,1,51
165706,165706,165760,54,0
165706,165758,165759,1,52
165706,165758,165760,2,52
165706,165706,165759,53,0
165706,165759,165761,2,53
165706,165758,165760,2,52
165706,165759,165761,2,53
165706,165759,165762,3,53
165706,165758,165762,4,52
165706,165754,165762,8,48
165706,165760,165762,2,54
165706,165759,165762,3,53
165706,165760,165762,2,54
165706,165761,165763,2,55
165706,165760,165764,4,54
165706,165761,165763,2,55
165706,165760,165763,3,54
165706,165761,165763,2,55
165706,165762,165764,2,56
165706,165762,165765,3,56
165706,165762,165766,4,56
165706,165706,165767,61,0
165706,165706,165768,62,0
165706,165706,165768,62,0
165706,165706,165769,63,0
165706,165706,165769,63,0
165706,165706,165769,63,0
165706,165707,165771,64,1
165706,165707,165772,65,1
165706,165706,165774,68,0
165706,165706,165776,70,0
165706,165707,165776,69,1
165706,165707,165778,71,1
165706,165707,165779,72,1
165706,165707,165779,72,1
165706,165706,165780,74,0
165706,165706,165781,75,0
165706,165706,165781,75,0
165706,165707,165780,73,1
165706,165762,165786,24,56
165706,165762,165786,24,56
165706,165751,165787,36,45
165706,165707,165789,82,1
165706,165743,165801,58,37
165706,165746,165805,59,40
165706,165747,165808,61,41
165706,165751,165809,58,45
165706,165747,165812,65,41
165706,165744,165812,68,38
165706,165743,165813,70,37
165706,165750,165815,65,44
165706,165763,165817,54,57
165706,165750,165822,72,44
165706,165763,165824,61,57
165706,165764,165826,62,58
165706,165765,165826,61,59
165706,165764,165826,62,58
165706,165764,165830,66,58
165706,165764,165834,70,58
165706,165766,165837,71,60
165706,165768,165842,74,62
165706,165765,165843,78,59
165706,165842,165845,3,136
165706,165779,165845,66,73
165706,165768,165846,78,62
165706,165845,165847,2,139
165706,165770,165848,78,64
165706,165843,165848,5,137
165706,165847,165851,4,141
165706,165848,165852,4,142
165706,165772,165852,80,66
165706,165846,165852,6,140
165706,165848,165852,4,142
165706,165771,165854,83,65
165706,165852,165854,2,146
165706,165852,165855,3,146
165706,165851,165854,3,145
165706,165852,165855,3,146
165706,165853,165856,3,147
165706,165769,165856,87,63
165706,165779,165855,76,73
165706,165854,165857,3,148
165706,165770,165857,87,64
165706,165855,165858,3,149
165706,165854,165858,4,148
165706,165845,165857,12,139
165706,165855,165858,3,149
165706,165767,165859,92,61
165706,165856,165859,3,150
165706,165837,165859,22,131
165706,165856,165860,4,150
165706,165857,165860,3,151
165706,165856,165860,4,150
165706,165856,165859,3,150
165706,165857,165860,3,151
165706,165774,165860,86,68
165706,165858,165861,3,152
165706,165858,165861,3,152
165706,165786,165861,75,80
165706,165786,165861,75,80
165706,165858,165862,4,152
165706,165859,165862,3,153
165706,165776,165862,86,70
165706,165859,165862,3,153
165706,165780,165863,83,74
165706,165859,165863,4,153
165706,165859,165862,3,153
165706,165781,165864,83,75
165706,165860,165864,4,154
165706,165860,165863,3,154
165706,165776,165865,89,70
165706,165778,165868,90,72
165706,165781,165869,88,75
165706,165781,165872,91,75
165706,165801,165876,75,95
165706,165830,165878,48,124
165706,165826,165880,54,120
165706,165789,165881,92,83
165706,165817,165885,68,111
165706,165787,165885,98,81
165706,165806,165887,81,100
165706,165812,165887,75,106
165706,165809,165888,79,103
165706,165809,165888,79,103
165706,165826,165889,63,120
165706,165834,165891,57,128
165706,165813,165893,80,107
165706,165826,165894,68,120
165706,165825,165898,73,119
165706,165812,165906,94,106
165706,165815,165912,97,109
165706,165822,165920,98,116
166492,166492,167513,1021,0
167513,167513,167515,2,0
167513,167513,167516,3,0
167513,167513,167521,8,0
167513,167513,167523,10,0
167513,167513,167528,15,0
167513,167513,167529,16,0
167513,167513,167533,20,0
167513,167513,167533,20,0
167513,167513,167534,21,0
167513,167513,167534,21,0
167513,167513,167535,22,0
167513,167513,167535,22,0
167513,167513,167536,23,0
167513,167536,167538,2,23
167513,167513,167538,25,0
167513,167513,167539,26,0
167513,167536,167539,3,23
167513,167538,167540,2,25
167513,167513,167540,27,0
167513,167538,167541,3,25
167513,167539,167541,2,26
167513,167539,167540,1,26
167513,167513,167541,28,0
167513,167513,167542,29,0
167513,167535,167542,7,22
167513,167540,167541,1,27
167513,167540,167543,3,27
167513,167514,167543,29,1
167513,167513,167542,29,0
167513,167541,167544,3,28
167513,167541,167543,2,28
167513,167541,167543,2,28
167513,167542,167544,2,29
167513,167541,167543,2,28
167513,167513,167545,32,0
167513,167542,167546,4,29
167513,167513,167547,34,0
167513,167513,167548,35,0
167513,167544,167548,4,31
167513,167546,167548,2,33
167513,167544,167550,6,31
167513,167542,167550,8,29
167513,167514,167552,38,1
167513,167546,167552,6,33
167513,167513,167552,39,0
167513,167513,167554,41,0
167513,167514,167555,41,1
167513,167514,167556,42,1
167513,167513,167556,43,0
167513,167514,167558,44,1
167513,167513,167559,46,0
167513,167514,167560,46,1
167513,167544,167560,16,31
167513,167513,167561,48,0
167513,167516,167563,47,3
167513,167513,167563,50,0
167513,167514,167564,50,1
167513,167514,167564,50,1
167513,167515,167567,52,2
167513,167534,167567,33,21
167513,167547,167567,20,34
167513,167514,167569,55,1
167513,167543,167573,30,30
167513,167514,167575,61,1
167513,167544,167575,31,31
167513,167514,167575,61,1
167513,167534,167576,42,21
167513,167514,167576,62,1
167513,167544,167577,33,31
167513,167523,167579,56,10
167513,167529,167580,51,16
167513,167533,167581,48,20
167513,167528,167582,54,15
167513,167533,167583,50,20
167513,167521,167586,65,8
167513,167543,167588,45,30
167513,167548,167596,48,35
167513,167543,167597,54,30
167513,167550,167605,55,37
167513,167549,167605,56,36
167513,167550,167608,58,37
167513,167552,167616,64,39
167513,167548,167616,68,35
167513,167616,167618,2,103
167513,167618,167620,2,105
167513,167554,167620,66,41
167513,167560,167620,60,47
167513,167616,167624,8,103
167513,167552,167626,74,39
167513,167555,167629,74,42
167513,167560,167630,70,47
167513,167567,167631,64,54
167513,167556,167631,75,43
167513,167553,167630,77,40
167513,167556,167632,76,43
167513,167631,167633,2,118
167513,167631,167634,3,118
167513,167632,167634,2,119
167513,167633,167635,2,120
167513,167568,167636,68,55
167513,167559,167636,77,46
167513,167634,167636,2,121
167513,167558,167637,79,45
167513,167635,167638,3,122
167513,167568,167638,70,55
167513,167563,167638,75,50
167513,167638,167640,2,125
167513,167640,167642,2,127
167513,167564,167642,78,51
167513,167639,167642,3,126
167513,167564,167642,78,51
167513,167642,167644,2,129
167513,167642,167645,3,129
167513,167642,167645,3,129
167513,167642,167645,3,129
167513,167578,167645,67,65
167513,167575,167644,69,62
167513,167644,167646,2,131
167513,167561,167646,85,48
167513,167645,167647,2,132
167513,167645,167647,2,132
167513,167569,167646,77,56
167513,167645,167647,2,132
167513,167645,167647,2,132
167513,167645,167647,2,132
167513,167646,167648,2,133
167513,167646,167648,2,133
167513,167581,167649,68,68
167513,167563,167649,86,50
167513,167576,167649,73,63
167513,167647,167649,2,134
167513,167582,167652,70,69
167513,167580,167652,72,67
167513,167573,167652,79,60
167513,167583,167654,71,70
167513,167636,167655,19,123
167513,167576,167656,80,63
167513,167588,167656,68,75
167513,167634,167656,22,121
167513,167631,167658,27,118
167513,167575,167659,84,62
167513,167636,167660,24,123
167513,167638,167661,23,125
167513,167579,167663,84,66
167513,167576,167665,89,63
167513,167637,167668,31,124
167513,167636,167668,32,123
167513,167620,167670,50,107
167513,167597,167672,75,84
167513,167586,167672,86,73
167513,167605,167674,69,92
167513,167605,167678,73,92
167513,167630,167682,52,117
167513,167608,167683,75,95
167513,167597,167689,92,84
167513,167621,167695,74,108
167513,167626,167698,72,113
167513,167629,167700,71,116
167513,167624,167707,83,111
167513,167620,167708,88,107
210960,210960,211080,120,0
211674,211675,211694,19,1
211853,211853,211861,8,0
211889,211890,211897,7,1
211926,211926,211933,7,0
212030,212030,212038,8,0
213995,213995,215726,1731,0
225703,225703,226671,968,0
226076,226078,227050,972,2
226675,226677,227648,971,2
227059,227059,228029,970,0
227656,227658,228628,970,2
228039,228039,229010,971,0
228636,228639,229610,971,3
229020,229022,229993,971,2
229617,229620,230314,694,3
230338,230340,230774,434,2
229999,230001,230967,966,2
230970,230970,231177,207,0
260528,260529,260747,218,1
260662,260663,260872,209,1
263798,263798,264311,513,0
264113,264113,264635,522,0
265826,265826,266413,587,0
270941,270941,271923,982,0
271468,271468,272451,983,0
271929,271929,272796,867,0
272454,272454,273434,980,0
272458,272462,273436,974,4
273446,273449,274052,603,3
273443,273443,274413,970,0
274423,274423,275061,638,0
274353,274353,275322,969,0
275325,275325,276296,971,0
276305,276305,276566,261,0
339351,339351,341788,2437,0
339577,339577,341850,2273,0
339622,339622,341895,2273,0
339293,339297,342088,2791,4
339283,339284,342088,2804,1
342171,342171,344065,1894,0
341910,341910,344487,2577,0
341922,341932,344498,2566,10
341937,341960,344512,2552,23
344589,344589,345688,1099,0
344614,344638,345699,1061,24
345724,345724,345725,1,0
344598,344600,345725,1125,2
343071,344065,345738,1673,994
344134,344487,346120,1633,353
345759,345759,346358,599,0
346419,346419,346420,1,0
345744,345744,346420,676,0
345748,345755,346440,685,7
346439,346452,346453,1,13
345783,345803,346463,660,20
346461,346475,346481,6,14
346230,346358,346862,504,128
346555,346555,347058,503,0
346532,346532,347078,546,0
346454,346463,347081,618,9
346426,346427,347100,673,1
347033,347034,347561,527,1
347144,347144,347646,502,0
347250,347250,347712,462,0
347107,347107,347717,610,0
347118,347119,347717,598,1
347715,347723,347724,1,8
347716,347735,347736,1,19
347716,347735,347736,1,19
347641,347641,348292,651,0
347700,347700,348339,639,0
347754,347756,348609,853,2
347744,347744,348609,865,0
347762,347795,348609,814,33
384956,384956,384986,30,0
385537,385537,386129,592,0
398026,398026,398265,239,0
400944,400944,401823,879,0
400952,400953,401837,884,1
401823,401824,401870,46,1
401823,401824,401873,49,1
401823,401824,401874,50,1
401823,401837,401874,37,14
400943,400944,401875,931,1
401823,401824,401876,52,1
401823,401824,401880,56,1
401823,401824,401879,55,1
401823,401824,401880,56,1
401823,401824,401881,57,1
401823,401824,401882,58,1
401823,401824,401883,59,1
401823,401824,401884,60,1
401823,401824,401884,60,1
400940,400941,401885,944,1
401823,401824,401885,61,1
401823,401824,401886,62,1
401823,401881,401887,6,58
401823,401881,401887,6,58
401823,401824,401888,64,1
401823,401824,401890,66,1
401823,401824,401890,66,1
401823,401882,401891,9,59
401823,401880,401891,11,57
401823,401824,401891,67,1
401823,401824,401892,68,1
401823,401880,401893,13,57
401823,401824,401895,71,1
401823,401876,401895,19,53
401823,401883,401900,17,60
400957,400957,401902,945,0
401823,401824,401902,78,1
401823,401875,401903,28,52
401823,401884,401907,23,61
401823,401874,401910,36,51
401823,401885,401911,26,62
401823,401874,401913,39,51
401823,401870,401923,53,47
401823,401885,401923,38,62
401823,401873,401926,53,50
400954,400954,401926,972,0
401823,401885,401927,42,62
401823,401887,401945,58,64
401823,401891,401945,54,68
401823,401886,401947,61,63
401823,401911,401947,36,88
401823,401902,401951,49,79
401823,401894,401952,58,71
400949,400949,401953,1004,0
401823,401895,401952,57,72
401823,401890,401956,66,67
401823,401890,401958,68,67
401823,401891,401958,67,68
401823,401888,401959,71,65
401823,401887,401961,74,64
401823,401892,401961,69,69
401823,401913,401961,48,90
401823,401903,401966,63,80
401823,401907,401967,60,84
401823,401892,401967,75,69
401823,401895,401970,75,72
401823,401900,401974,74,77
401823,401910,401977,67,87
400940,400940,401979,1039,0
401823,401923,401983,60,100
401823,401926,401983,57,103
401823,401902,401985,83,79
401823,401927,401992,65,104
401823,401923,401999,76,100
401823,401926,402001,75,103
400956,400956,402003,1047,0
401823,401946,402005,59,123
401823,401952,402008,56,129
400948,400948,402009,1061,0
401823,401947,402011,64,124
401823,401945,402012,67,122
401823,401953,402014,61,130
401823,401952,402017,65,129
401823,401953,402018,65,130
401823,401947,402018,71,124
401823,402017,402020,3,194
401823,402018,402021,3,195
401823,402018,402021,3,195
401823,402021,402023,2,198
401823,402021,402023,2,198
401823,402021,402024,3,198
401823,402023,402025,2,200
401823,402012,402025,13,189
401823,402015,402026,11,192
401823,402023,402025,2,200
401823,402024,402027,3,201
401823,401977,402026,49,154
401823,402025,402027,2,202
401823,402025,402027,2,202
401823,402026,402028,2,203
401823,402026,402028,2,203
401823,401967,402029,62,144
401823,402027,402029,2,204
401823,402028,402030,2,205
401823,402027,402030,3,204
401823,402027,402029,2,204
401823,402027,402029,2,204
401823,402029,402031,2,206
401823,401956,402030,74,133
401823,402011,402031,20,188
401823,402029,402032,3,206
401823,402029,402031,2,206
401823,402030,402032,2,207
401823,402031,402033,2,208
401823,402030,402033,3,207
401823,402031,402033,2,208
401823,402031,402034,3,208
401823,402032,402034,2,209
401823,402032,402035,3,209
401823,402031,402035,4,208
401823,401966,402034,68,143
401823,402032,402034,2,209
401823,402032,402034,2,209
401823,401961,402035,74,138
401823,401958,402035,77,135
401823,402033,402035,2,210
401823,401961,402036,75,138
401823,402033,402037,4,210
401823,401958,402037,79,135
401823,402034,402037,3,211
401823,402035,402037,2,212
401823,402034,402036,2,211
401823,402035,402038,3,212
401823,402035,402038,3,212
401823,402035,402038,3,212
401823,402035,402039,4,212
401823,402035,402039,4,212
401823,402036,402039,3,213
401823,401962,402040,78,139
401823,401959,402041,82,136
401823,402035,402041,6,212
401823,402035,402041,6,212
401823,402037,402042,5,214
401823,401974,402043,69,151
401823,402036,402042,6,213
401823,402037,402043,6,214
401823,402037,402044,7,214
401823,402037,402045,8,214
401823,402037,402045,8,214
401823,402038,402046,8,215
401823,402039,402045,6,216
401823,401970,402046,76,147
401823,402039,402047,8,216
401823,401979,402046,67,156
401823,402039,402046,7,216
401823,402038,402047,9,215
401823,402041,402049,8,218
401823,401967,402049,82,144
401823,402039,402050,11,216
401823,402041,402050,9,218
401823,401983,402051,68,160
401823,402043,402052,9,220
401823,401983,402052,69,160
401823,402041,402054,13,218
401823,402041,402055,14,218
401823,401992,402055,63,169
401823,402005,402062,57,182
401823,401985,402063,78,162
401823,402003,402064,61,180
401823,402009,402069,60,186
401823,402008,402071,63,185
401823,402001,402080,79,178
401823,401999,402086,87,176
401838,402047,402091,44,209
401838,402091,402095,4,253
401838,402045,402096,51,207
401838,402095,402098,3,257
401838,402096,402098,2,258
401838,402044,402099,55,206
401838,402046,402099,53,208
401838,402098,402100,2,260
401838,402047,402100,53,209
401838,402052,402100,48,214
401838,402098,402099,1,260
401838,402047,402101,54,209
401838,402049,402101,52,211
401838,402062,402100,38,224
401838,402099,402102,3,261
401838,402086,402102,16,248
401838,402100,402102,2,262
401838,402099,402101,2,261
401838,402055,402102,47,217
401838,402100,402102,2,262
401838,402051,402103,52,213
401838,402071,402104,33,233
401838,402047,402103,56,209
401838,402045,402104,59,207
401838,402100,402106,6,262
401838,402064,402106,42,226
401838,402046,402107,61,208
401838,402050,402107,57,212
401838,402069,402107,38,231
401838,402080,402107,27,242
401838,402052,402107,55,214
401838,402054,402110,56,216
401838,402044,402111,67,206
401838,402055,402113,58,217
401838,402063,402117,54,225
401838,402046,402122,76,208
401838,402043,402122,79,205
401838,402051,402122,71,213
401838,402100,402122,22,262
401838,402049,402127,78,211
401838,402101,402144,43,263
401838,402101,402158,57,263
401838,402102,402159,57,264
401838,402107,402160,53,269
401838,402107,402162,55,269
401838,402101,402162,61,263
401838,402104,402163,59,266
400946,400946,402163,1217,0
401838,402104,402163,59,266
400945,400945,402164,1219,0
401838,402104,402165,61,266
401838,402104,402165,61,266
401838,402108,402165,57,270
401838,402102,402167,65,264
401838,402102,402167,65,264
401838,402108,402168,60,270
401838,402103,402169,66,265
401838,402107,402169,62,269
401838,402102,402170,68,264
401838,402107,402173,66,269
401838,402102,402177,75,264
401838,402122,402180,58,284
401838,402108,402183,75,270
401838,402110,402183,73,272
401838,402111,402187,76,273
401838,402113,402187,74,275
401838,402122,402195,73,284
401838,402122,402197,75,284
401838,402117,402199,82,279
401838,402122,402203,81,284
401838,402144,402205,61,306
401838,402127,402210,83,289
400943,400943,402213,1270,0
401838,402162,402215,53,324
401838,402160,402220,60,322
401838,402159,402222,63,321
401838,402170,402223,53,332
401838,402163,402224,61,325
401838,402158,402225,67,320
401838,402222,402226,4,384
400949,400950,402226,1276,1
401838,402224,402226,2,386
401838,402163,402227,64,325
401838,402223,402227,4,385
401838,402165,402228,63,327
401838,402225,402227,2,387
401838,402165,402228,63,327
401838,402226,402228,2,388
401838,402227,402229,2,389
401838,402227,402229,2,389
401838,402226,402229,3,388
401838,402226,402228,2,388
401838,402228,402230,2,390
401838,402228,402230,2,390
401838,402228,402230,2,390
401838,402228,402230,2,390
401838,402229,402231,2,391
401838,402229,402231,2,391
401838,402165,402231,66,327
401838,402229,402232,3,391
401838,402229,402231,2,391
401838,402230,402232,2,392
401838,402231,402233,2,393
401838,402231,402233,2,393
401838,402231,402232,1,393
401838,402169,402234,65,331
401838,402171,402233,62,333
401838,402167,402233,66,329
401838,402231,402233,2,393
401838,402231,402233,2,393
401838,402232,402235,3,394
401838,402232,402235,3,394
401838,402181,402234,53,343
401838,402232,402234,2,394
401838,402164,402235,71,326
401838,402233,402235,2,395
401838,402232,402235,3,394
401838,402233,402235,2,395
401838,402234,402237,3,396
401838,402234,402237,3,396
401838,402234,402237,3,396
401838,402234,402236,2,396
401838,402235,402238,3,397
401838,402169,402237,68,331
401838,402234,402237,3,396
401838,402234,402237,3,396
401838,402235,402238,3,397
401838,402235,402238,3,397
401838,402235,402238,3,397
401838,402235,402239,4,397
401838,402235,402238,3,397
401838,402236,402239,3,398
401838,402237,402240,3,399
401838,402237,402240,3,399
401838,402237,402240,3,399
401838,402220,402239,19,382
401838,402167,402240,73,329
401838,402236,402241,5,398
401838,402215,402242,27,377
401838,402162,402242,80,324
401838,402238,402243,5,400
401838,402238,402242,4,400
401838,402238,402244,6,400
401838,402237,402243,6,399
401838,402239,402244,5,401
401838,402238,402245,7,400
401838,402239,402248,9,401
401838,402239,402249,10,401
401838,402163,402249,86,325
401838,402239,402250,11,401
401838,402239,402252,13,401
401838,402173,402255,82,335
401838,402187,402257,70,349
401838,402177,402257,80,339
401838,402184,402260,76,346
401838,402183,402260,77,345
401838,402203,402262,59,365
401838,402197,402269,72,359
401838,402205,402270,65,367
401838,402187,402272,85,349
401838,402195,402281,86,357
401838,402199,402289,90,361
401875,402240,402289,49,365
401838,402213,402293,80,375
401875,402245,402293,48,370
401875,402289,402294,5,414
401838,402210,402296,86,372
401875,402244,402296,52,369
401875,402241,402296,55,366
401875,402242,402297,55,367
401875,402272,402297,25,397
401875,402293,402298,5,418
401875,402289,402298,9,414
401875,402244,402298,54,369
401875,402281,402299,18,406
400941,400941,402300,1359,0
401875,402246,402300,54,371
401875,402248,402300,52,373
401875,402240,402301,61,365
401875,402243,402301,58,368
401875,402240,402302,62,365
401875,402270,402302,32,395
401875,402293,402302,9,418
401875,402253,402304,51,378
401875,402240,402305,65,365
401875,402260,402306,46,385
401875,402243,402306,63,368
401875,402294,402307,13,419
401875,402249,402309,60,374
401875,402240,402309,69,365
401875,402249,402310,61,374
400951,400952,402311,1359,1
401875,402242,402312,70,367
401875,402262,402313,51,387
401875,402250,402313,63,375
401875,402257,402313,56,382
401875,402255,402316,61,380
401875,402257,402317,60,382
401875,402269,402318,49,394
401875,402260,402319,59,385
401875,402296,402325,29,421
401875,402296,402329,33,421
401875,402297,402339,42,422
401875,402297,402340,43,422
400942,400942,402344,1402,0
401875,402298,402355,57,423
401875,402303,402357,54,428
401875,402301,402360,59,426
401875,402303,402361,58,428
401875,402300,402364,64,425
401875,402307,402365,58,432
401875,402298,402365,67,423
401875,402305,402365,60,430
401875,402301,402365,64,426
401875,402297,402366,69,422
401875,402301,402367,66,426
401875,402299,402366,67,424
401875,402298,402368,70,423
401875,402306,402370,64,431
401875,402300,402371,71,425
401875,402313,402372,59,438
401875,402304,402376,72,429
401875,402309,402377,68,434
401875,402314,402380,66,439
401875,402306,402381,75,431
401875,402309,402382,73,434
401875,402329,402383,54,454
401875,402311,402383,72,436
401875,402312,402384,72,437
401875,402302,402386,84,427
401875,402317,402386,69,442
401875,402339,402387,48,464
400947,400947,402387,1440,0
401875,402316,402388,72,441
401875,402318,402389,71,443
401875,402321,402389,68,446
401875,402310,402390,80,435
401875,402388,402391,3,513
401875,402388,402391,3,513
401875,402389,402392,3,514
401875,402387,402392,5,512
401875,402313,402392,79,438
401875,402390,402393,3,515
401875,402390,402393,3,515
401875,402340,402393,53,465
401875,402391,402394,3,516
401875,402391,402394,3,516
401875,402392,402394,2,517
401875,402392,402395,3,517
401875,402393,402395,2,518
401875,402392,402394,2,517
401875,402393,402395,2,518
401875,402393,402395,2,518
401875,402387,402396,9,512
401875,402394,402397,3,519
401875,402395,402397,2,520
401875,402361,402396,35,486
401875,402394,402397,3,519
401875,402396,402398,2,521
401875,402395,402398,3,520
401875,402395,402398,3,520
401875,402395,402398,3,520
401875,402397,402399,2,522
401875,402386,402399,13,511
401875,402395,402398,3,520
401875,402397,402400,3,522
401875,402397,402400,3,522
401875,402397,402400,3,522
401875,402398,402400,2,523
401875,402398,402401,3,523
401875,402398,402401,3,523
401875,402399,402402,3,524
401875,402398,402402,4,523
401875,402398,402401,3,523
401875,402399,402402,3,524
401875,402400,402403,3,525
401875,402400,402403,3,525
401875,402402,402404,2,527
401875,402400,402403,3,525
401875,402401,402404,3,526
401875,402401,402406,5,526
401875,402401,402406,5,526
401875,402402,402406,4,527
401875,402402,402407,5,527
401875,402403,402407,4,528
401875,402325,402407,82,450
401875,402404,402408,4,529
400950,400950,402408,1458,0
400955,400955,402407,1452,0
401875,402403,402407,4,528
401875,402404,402409,5,529
401875,402405,402409,4,530
401875,402406,402413,7,531
401875,402406,402413,7,531
401875,402406,402413,7,531
401875,402405,402414,9,530
401875,402405,402414,9,530
401875,402407,402414,7,532
401875,402408,402416,8,533
401875,402407,402416,9,532
401875,402407,402417,10,532
401875,402408,402419,11,533
401875,402355,402420,65,480
401875,402344,402420,76,469
401875,402410,402422,12,535
401875,402409,402422,13,534
401875,402409,402422,13,534
401875,402410,402425,15,535
401875,402368,402427,59,493
401875,402361,402427,66,486
401875,402365,402428,63,490
401875,402357,402430,73,482
401875,402365,402430,65,490
401875,402364,402432,68,489
401875,402365,402432,67,490
401875,402372,402434,62,497
401875,402370,402435,65,495
401875,402383,402437,54,508
401875,402366,402439,73,491
401875,402367,402442,75,492
401875,402381,402442,61,506
401875,402384,402445,61,509
401875,402377,402446,69,502
401875,402365,402447,82,490
401875,402367,402451,84,492
401875,402371,402451,80,496
401875,402383,402452,69,508
401885,402416,402454,38,531
401875,402376,402456,80,501
401875,402380,402457,77,505
401885,402415,402459,44,530
401885,402414,402465,51,529
401875,402382,402469,87,507
401885,402420,402473,53,535
401885,402413,402482,69,528
401885,402432,402483,51,547
401885,402427,402485,58,542
401885,402414,402485,71,529
401885,402416,402486,70,531
401885,402413,402488,75,528
401885,402434,402490,56,549
401885,402419,402490,71,534
401885,402417,402492,75,532
401885,402428,402492,64,543
401885,402432,402491,59,547
401885,402430,402493,63,545
401885,402421,402493,72,536
401885,402435,402496,61,550
401885,402452,402497,45,567
401885,402422,402497,75,537
401885,402422,402498,76,537
401885,402431,402498,67,546
401885,402424,402499,75,539
401885,402446,402499,53,561
401885,402447,402500,53,562
401885,402427,402502,75,542
401885,402451,402503,52,566
401885,402454,402503,49,569
401885,402442,402504,62,557
401885,402451,402507,56,566
401885,402445,402508,63,560
401885,402442,402509,67,557
401885,402437,402510,73,552
401885,402425,402511,86,540
401885,402439,402515,76,554
401885,402459,402520,61,574
401885,402456,402521,65,571
401885,402465,402524,59,580
401885,402457,402528,71,572
401885,402473,402540,67,588
401885,402490,402540,50,605
401885,402485,402541,56,600
401885,402483,402547,64,598
401885,402469,402547,78,584
401885,402492,402551,59,607
401885,402493,402551,58,608
401885,402490,402554,64,605
401885,402497,402557,60,612
401885,402498,402558,60,613
401885,402500,402558,58,615
401885,402485,402560,75,600
401885,402492,402560,68,607
401885,402500,402559,59,615
401885,402493,402560,67,608
401885,402496,402562,66,611
401885,402483,402563,80,598
401885,402486,402565,79,601
401885,402504,402565,61,619
401885,402492,402565,73,607
401885,402503,402566,63,618
401885,402488,402567,79,603
401885,402499,402569,70,614
401885,402507,402568,61,622
401885,402520,402570,50,635
401885,402497,402571,74,612
401885,402571,402574,3,686
401885,402498,402575,77,613
401885,402570,402575,5,685
401885,402515,402577,62,630
401885,402575,402577,2,690
401885,402574,402577,3,689
401885,402569,402577,8,684
401885,402502,402578,76,617
401885,402569,402577,8,684
401885,402575,402578,3,690
401885,402577,402579,2,692
401885,402509,402579,70,624
401885,402577,402580,3,692
401885,402577,402580,3,692
401885,402577,402580,3,692
401885,402578,402580,2,693
401885,402578,402581,3,693
401885,402579,402581,2,694
401885,402578,402580,2,693
401885,402503,402581,78,618
401885,402579,402582,3,694
401885,402580,402582,2,695
401885,402580,402583,3,695
401885,402581,402583,2,696
401885,402580,402583,3,695
401885,402581,402584,3,696
401885,402581,402584,3,696
401885,402581,402584,3,696
401885,402582,402585,3,697
401885,402580,402584,4,695
401885,402510,402585,75,625
401885,402583,402585,2,698
401885,402583,402585,2,698
401885,402583,402586,3,698
401885,402582,402585,3,697
401885,402584,402587,3,699
401885,402584,402587,3,699
401885,402585,402588,3,700
401885,402584,402588,4,699
401885,402585,402588,3,700
401885,402585,402588,3,700
401885,402585,402588,3,700
401885,402566,402589,23,681
401885,402586,402589,3,701
401885,402586,402589,3,701
401885,402511,402588,77,626
401885,402585,402588,3,700
401885,402587,402590,3,702
401885,402588,402590,2,703
401885,402587,402591,4,702
401885,402589,402591,2,704
401885,402588,402591,3,703
401885,402588,402591,3,703
401885,402589,402591,2,704
401885,402588,402591,3,703
401885,402567,402592,25,682
401885,402589,402593,4,704
401885,402589,402593,4,704
401885,402589,402593,4,704
401885,402590,402593,3,705
401885,402508,402593,85,623
401885,402589,402593,4,704
401885,402590,402593,3,705
401885,402591,402595,4,706
401885,402591,402595,4,706
401885,402591,402595,4,706
401885,402591,402596,5,706
401885,402591,402597,6,706
401885,402592,402598,6,707
401885,402524,402599,75,639
401885,402593,402599,6,708
401885,402592,402599,7,707
401885,402522,402601,79,637
401885,402593,402605,12,708
401885,402540,402605,65,655
401885,402528,402610,82,643
401885,402547,402611,64,662
401885,402540,402613,73,655
401885,402542,402613,71,657
401885,402551,402619,68,666
401885,402560,402619,59,675
401885,402558,402621,63,673
401885,402547,402622,75,662
401885,402554,402623,69,669
401885,402552,402624,72,667
401885,402557,402629,72,672
401885,402563,402630,67,678
401885,402565,402632,67,680
401885,402558,402632,74,673
401902,402596,402635,39,694
401885,402565,402636,71,680
401885,402565,402640,75,680
401902,402596,402641,45,694
401902,402636,402641,5,734
401885,402560,402641,81,675
401885,402563,402642,79,678
401902,402641,402643,2,739
401902,402640,402643,3,738
401902,402641,402644,3,739
401902,402641,402644,3,739
401902,402642,402645,3,740
401902,402598,402646,48,696
401902,402643,402646,3,741
401885,402560,402647,87,675
401902,402635,402648,13,733
401902,402595,402649,54,693
401902,402643,402648,5,741
401902,402613,402651,38,711
401885,402561,402652,91,676
401902,402599,402652,53,697
401902,402593,402654,61,691
401902,402597,402654,57,695
401902,402644,402658,14,742
401902,402595,402658,63,693
401902,402599,402659,60,697
401902,402632,402660,28,730
401902,402632,402660,28,730
401902,402596,402659,63,694
401902,402594,402661,67,692
401902,402601,402661,60,699
401902,402605,402662,57,703
401902,402611,402663,52,709
401902,402630,402662,32,728
401902,402619,402664,45,717
401902,402605,402664,59,703
401902,402629,402664,35,727
401902,402619,402665,46,717
401902,402594,402666,72,692
401902,402623,402667,44,721
401902,402624,402668,44,722
401902,402599,402669,70,697
401902,402621,402671,50,719
401902,402610,402676,66,708
401902,402613,402679,66,711
401902,402622,402679,57,720
401902,402644,402690,46,742
401902,402646,402699,53,744
401902,402645,402702,57,743
401902,402652,402703,51,750
401902,402651,402706,55,749
401902,402646,402708,62,744
401902,402652,402710,58,750
401902,402654,402710,56,752
401902,402649,402714,65,747
401902,402661,402714,53,759
401902,402659,402714,55,757
401902,402663,402714,51,761
401902,402660,402715,55,758
401902,402648,402716,68,746
401902,402648,402717,69,746
401902,402649,402718,69,747
401902,402664,402718,54,762
401902,402662,402719,57,760
401902,402664,402719,55,762
401902,402660,402721,61,758
401902,402663,402720,57,761
401902,402665,402722,57,763
401902,402667,402723,56,765
401902,402654,402724,70,752
401902,402668,402724,56,766
401902,402659,402724,65,757
401902,402662,402725,63,760
401902,402664,402727,63,762
401902,402661,402728,67,759
401902,402658,402730,72,756
401902,402671,402730,59,769
401902,402730,402734,4,828
401902,402734,402737,3,832
401902,402730,402737,7,828
401902,402669,402738,69,767
401902,402737,402739,2,835
401902,402666,402738,72,764
401902,402737,402740,3,835
401902,402738,402741,3,836
401902,402739,402741,2,837
401902,402740,402743,3,838
401902,402740,402742,2,838
401902,402741,402744,3,839
401902,402741,402744,3,839
401902,402744,402746,2,842
401902,402743,402746,3,841
401902,402676,402745,69,774
401902,402728,402746,18,826
401902,402744,402747,3,842
401902,402679,402747,68,777
401902,402680,402748,68,778
401902,402746,402749,3,844
401902,402745,402748,3,843
401902,402747,402750,3,845
401902,402746,402750,4,844
401902,402746,402750,4,844
401902,402747,402750,3,845
401902,402747,402750,3,845
401902,402749,402751,2,847
401902,402748,402751,3,846
401902,402714,402753,39,812
401902,402749,402753,4,847
401902,402750,402753,3,848
401902,402751,402754,3,849
401902,402750,402753,3,848
401902,402751,402754,3,849
401902,402751,402755,4,849
401902,402751,402755,4,849
401902,402714,402756,42,812
401902,402751,402756,5,849
401902,402712,402757,45,810
401902,402753,402758,5,851
401902,402753,402758,5,851
401902,402710,402758,48,808
401902,402753,402757,4,851
401902,402754,402758,4,852
401902,402699,402759,60,797
401902,402754,402759,5,852
401902,402754,402760,6,852
401902,402755,402761,6,853
401902,402755,402760,5,853
401902,402756,402762,6,854
401902,402756,402762,6,854
401902,402757,402763,6,855
401902,402758,402764,6,856
401902,402727,402764,37,825
401902,402758,402766,8,856
401902,402758,402766,8,856
401902,402758,402766,8,856
401902,402758,402767,9,856
401902,402759,402769,10,857
401902,402706,402770,64,804
401902,402760,402770,10,858
401902,402761,402771,10,859
401902,402690,402772,82,788
401902,402702,402772,70,800
401902,402761,402772,11,859
401902,402762,402775,13,860
401902,402719,402775,56,817
401902,402715,402776,61,813
401902,402719,402776,57,817
401902,402763,402776,13,861
401902,402759,402776,17,857
401902,402703,402776,73,801
401902,402762,402776,14,860
401902,402714,402778,64,812
401902,402722,402779,57,820
401902,402719,402780,61,817
401902,402724,402781,57,822
401902,402708,402782,74,806
401902,402723,402783,60,821
401902,402721,402784,63,819
401902,402718,402787,69,816
401902,402716,402789,73,814
401902,402721,402789,68,819
401902,402717,402788,71,815
401902,402724,402792,68,822
401902,402714,402793,79,812
401927,402789,402793,4,862
401927,402789,402794,5,862
401927,402793,402795,2,866
401927,402792,402794,2,865
401927,402794,402796,2,867
401927,402794,402796,2,867
401902,402725,402796,71,823
401927,402795,402797,2,868
401902,402724,402798,74,822
401927,402795,402798,3,868
401927,402796,402800,4,869
401927,402789,402804,15,862
401927,402796,402805,9,869
401927,402769,402815,46,842
401927,402784,402816,32,857
401927,402781,402820,39,854
401927,402787,402820,33,860
401927,402783,402820,37,856
401927,402766,402822,56,839
401927,402796,402822,26,869
401927,402767,402823,56,840
401927,402780,402825,45,853
401927,402765,402826,61,838
401927,402770,402826,56,843
401927,402777,402827,50,850
401927,402776,402828,52,849
401927,402776,402830,54,849
401927,402776,402830,54,849
401927,402766,402830,64,839
401927,402779,402830,51,852
401927,402776,402832,56,849
401927,402778,402831,53,851
401927,402782,402833,51,855
401927,402775,402835,60,848
401927,402766,402835,69,839
401927,402776,402836,60,849
401927,402771,402837,66,844
401927,402776,402839,63,849
401927,402772,402840,68,845
401927,402772,402842,70,845
401927,402770,402842,72,843
401927,402772,402843,71,845
401927,402798,402845,47,871
401927,402798,402854,56,871
401927,402798,402857,59,871
401927,402800,402863,63,873
401927,402804,402867,63,877
401927,402820,402870,50,893
401927,402816,402870,54,889
401927,402805,402874,69,878
401927,402816,402875,59,889
401927,402822,402877,55,895
401927,402821,402878,57,894
401927,402826,402883,57,899
401927,402825,402884,59,898
401927,402820,402885,65,893
401927,402827,402885,58,900
401927,402828,402886,58,901
401927,402826,402886,60,899
401927,402822,402888,66,895
401927,402830,402889,59,903
401927,402830,402892,62,903
401927,402831,402893,62,904
401927,402830,402893,63,903
401927,402823,402896,73,896
401927,402836,402896,60,909
401927,402832,402899,67,905
401927,402833,402900,67,906
401927,402835,402901,66,908
401927,402843,402903,60,916
401927,402832,402905,73,905
401927,402839,402908,69,912
401927,402835,402909,74,908
401927,402837,402909,72,910
401927,402840,402911,71,913
401927,402909,402912,3,982
401927,402909,402913,4,982
401927,402911,402914,3,984
401927,402908,402916,8,981
401927,402842,402916,74,915
401927,402914,402917,3,987
401927,402914,402916,2,987
401927,402914,402917,3,987
401927,402916,402918,2,989
401927,402916,402919,3,989
401927,402845,402919,74,918
401927,402917,402920,3,990
401927,402917,402920,3,990
401927,402918,402921,3,991
401927,402918,402921,3,991
401927,402919,402921,2,992
401927,402919,402922,3,992
401927,402842,402921,79,915
401927,402920,402923,3,993
401927,402920,402923,3,993
401927,402921,402924,3,994
401927,402922,402925,3,995
401927,402922,402925,3,995
401927,402905,402925,20,978
401927,402922,402925,3,995
401927,402921,402924,3,994
401927,402923,402927,4,996
401927,402857,402926,69,930
401927,402923,402926,3,996
401927,402925,402928,3,998
401927,402924,402927,3,997
401927,402925,402929,4,998
401927,402925,402929,4,998
401927,402926,402929,3,999
401927,402854,402928,74,927
401927,402926,402930,4,999
401927,402927,402930,3,1000
401927,402927,402931,4,1000
401927,402928,402931,3,1001
401927,402928,402932,4,1001
401927,402927,402931,4,1000
401927,402929,402933,4,1002
401927,402870,402933,63,943
401927,402929,402933,4,1002
401927,402929,402934,5,1002
401927,402929,402934,5,1002
401927,402883,402934,51,956
401927,402889,402934,45,962
401927,402878,402935,57,951
401927,402930,402935,5,1003
401927,402930,402934,4,1003
401927,402931,402935,4,1004
401927,402870,402935,65,943
401927,402931,402936,5,1004
401927,402932,402938,6,1005
401927,402933,402938,5,1006
401927,402933,402938,5,1006
401927,402932,402938,6,1005
401927,402900,402939,39,973
401927,402863,402940,77,936
401927,402877,402941,64,950
401927,402875,402940,65,948
401927,402934,402941,7,1007
401927,402933,402941,8,1006
401927,402934,402942,8,1007
401927,402867,402943,76,940
401927,402934,402943,9,1007
401927,402934,402945,11,1007
401927,402885,402945,60,958
401927,402935,402946,11,1008
401927,402935,402947,12,1008
401927,402884,402948,64,957
401927,402874,402949,75,947
401927,402886,402951,65,959
401927,402885,402952,67,958
401927,402892,402952,60,965
401927,402935,402952,17,1008
401927,402935,402953,18,1008
401927,402893,402954,61,966
401927,402888,402956,68,961
401927,402897,402957,60,970
401927,402888,402962,74,961
401927,402896,402968,72,969
401927,402899,402970,71,972
401927,402904,402971,67,977
401927,402901,402971,70,974
401927,402893,402973,80,966
401954,402938,402990,52,984
401954,402938,402999,61,984
401954,402947,403000,53,993
401954,402942,403001,59,988
401954,402939,403003,64,985
401954,402948,403003,55,994
401954,402936,403004,68,982
401954,402941,403006,65,987
401954,402945,403008,63,991
401954,402941,403009,68,987
401954,402940,403010,70,986
401954,402945,403012,67,991
401954,402972,403012,40,1018
401954,402941,403013,72,987
401954,402943,403013,70,989
401954,402946,403014,68,992
401954,402938,403015,77,984
401954,402938,403015,77,984
401954,402943,403019,76,989
401954,402952,403019,67,998
401954,402957,403020,63,1003
401954,402951,403020,69,997
401954,402941,403022,81,987
401954,402954,403026,72,1000
401954,402952,403027,75,998
401954,402952,403028,76,998
401954,402953,403031,78,999
401954,402973,403031,58,1019
401954,402949,403032,83,995
401954,402962,403035,73,1008
401954,402990,403036,46,1036
401954,402956,403036,80,1002
401954,402970,403037,67,1016
401954,402968,403040,72,1014
401954,402971,403044,73,1017
401954,403001,403062,61,1047
401954,403000,403064,64,1046
401954,403008,403066,58,1054
401954,403019,403069,50,1065
401954,403009,403072,63,1055
401954,403003,403072,69,1049
401954,402999,403073,74,1045
401954,403012,403074,62,1058
401954,403020,403076,56,1066
401954,403003,403077,74,1049
401954,403006,403078,72,1052
401954,403004,403078,74,1050
401954,403014,403079,65,1060
401954,403010,403080,70,1056
401954,403026,403080,54,1072
401954,403022,403083,61,1068
401954,403019,403084,65,1065
401954,403020,403085,65,1066
401838,402240,403086,846,402
401954,403013,403087,74,1059
401954,403013,403090,77,1059
401954,403012,403090,78,1058
401954,403015,403095,80,1061
401954,403036,403095,59,1082
401954,403031,403096,65,1077
401954,403017,403097,80,1063
401954,403031,403098,67,1077
401954,403036,403098,62,1082
401954,403028,403104,76,1074
401954,403027,403110,83,1073
401954,403032,403109,77,1078
401954,403044,403116,72,1090
401954,403035,403117,82,1081
401954,403040,403118,78,1086
401954,403037,403121,84,1083
401954,403074,403123,49,1120
401954,403064,403123,59,1110
401954,403124,403127,3,1170
401954,403123,403127,4,1169
401954,403127,403129,2,1173
401954,403121,403131,10,1167
401954,403129,403131,2,1175
401954,403066,403131,65,1112
401954,403130,403132,2,1176
401954,403131,403133,2,1177
401954,403131,403133,2,1177
401954,403131,403134,3,1177
401954,403116,403134,18,1162
401954,403062,403133,71,1108
401954,403133,403135,2,1179
401954,403119,403135,16,1165
401954,403133,403135,2,1179
401954,403133,403135,2,1179
401954,403134,403136,2,1180
401954,403135,403137,2,1181
401954,403135,403136,1,1181
401954,403136,403138,2,1182
401954,403136,403138,2,1182
401954,403069,403138,69,1115
401954,403134,403138,4,1180
401954,403135,403138,3,1181
401954,403136,403139,3,1182
401954,403137,403139,2,1183
401954,403072,403140,68,1118
401954,403137,403139,2,1183
401954,403138,403140,2,1184
401954,403138,403141,3,1184
401954,403138,403140,2,1184
401954,403138,403140,2,1184
401954,403117,403141,24,1163
401954,403138,403141,3,1184
401954,403140,403142,2,1186
401954,403140,403142,2,1186
401954,403072,403141,69,1118
401954,403140,403142,2,1186
401954,403139,403142,3,1185
401954,403080,403142,62,1126
401954,403140,403142,2,1186
401954,403076,403143,67,1122
401954,403141,403143,2,1187
401954,403142,403144,2,1188
401954,403142,403144,2,1188
401954,403141,403143,2,1187
401954,403141,403144,3,1187
401954,403141,403144,3,1187
401954,403141,403144,3,1187
401954,403142,403144,2,1188
401954,403142,403145,3,1188
401954,403078,403145,67,1124
401954,403142,403145,3,1188
401954,403142,403144,2,1188
401954,403143,403145,2,1189
401954,403079,403145,66,1125
401954,403144,403146,2,1190
401954,403144,403146,2,1190
401954,403143,403145,2,1189
401954,403144,403147,3,1190
401954,403144,403146,2,1190
401954,403144,403147,3,1190
401954,403144,403146,2,1190
401954,403080,403148,68,1126
401954,403144,403148,4,1190
401954,403145,403148,3,1191
401954,403145,403149,4,1191
401954,403145,403149,4,1191
401954,403073,403149,76,1119
401954,403145,403150,5,1191
401954,403145,403151,6,1191
401954,403083,403151,68,1129
401954,403085,403152,67,1131
401954,403095,403152,57,1141
401954,403086,403153,67,1132
401954,403078,403153,75,1124
401954,403077,403154,77,1123
401954,403084,403167,83,1130
401954,403098,403169,71,1144
401954,403098,403171,73,1144
401954,403090,403171,81,1136
401954,403095,403172,77,1141
401954,403088,403173,85,1134
401954,403096,403174,78,1142
401954,403090,403177,87,1136
401954,403110,403189,79,1156
401954,403097,403189,92,1143
401954,403104,403194,90,1150
401954,403111,403199,88,1157
401980,403147,403201,54,1167
401980,403153,403201,48,1173
401980,403145,403204,59,1165
401980,403147,403206,59,1167
401980,403147,403208,61,1167
401980,403150,403208,58,1170
401980,403146,403211,65,1166
401980,403149,403211,62,1169
401980,403146,403211,65,1166
401980,403148,403212,64,1168
401980,403148,403214,66,1168
401980,403152,403215,63,1172
401980,403151,403215,64,1171
401980,403146,403217,71,1166
401980,403148,403217,69,1168
401980,403147,403219,72,1167
401980,403149,403222,73,1169
401980,403171,403224,53,1191
401980,403151,403229,78,1171
401980,403154,403229,75,1174
401980,403153,403230,77,1173
401980,403150,403229,79,1170
401980,403152,403231,79,1172
401980,403173,403232,59,1193
401980,403177,403233,56,1197
401980,403172,403234,62,1192
401980,403171,403235,64,1191
401980,403167,403242,75,1187
401980,403169,403247,78,1189
401980,403190,403248,58,1210
401980,403174,403250,76,1194
401980,403194,403252,58,1214
401876,402413,403254,841,537
401980,403201,403256,55,1221
401980,403201,403259,58,1221
401980,403190,403261,71,1210
401980,403211,403261,50,1231
401980,403199,403262,63,1219
401980,403211,403272,61,1231
401980,403206,403273,67,1226
401980,403208,403273,65,1228
401980,403204,403274,70,1224
401980,403215,403273,58,1235
401980,403212,403276,64,1232
401980,403215,403277,62,1235
401980,403211,403283,72,1231
401980,403208,403284,76,1228
401980,403219,403285,66,1239
401980,403217,403285,68,1237
401980,403214,403285,71,1234
401980,403229,403290,61,1249
401980,403230,403290,60,1250
401980,403217,403291,74,1237
401980,403236,403293,57,1256
401980,403224,403297,73,1244
401980,403222,403299,77,1242
401980,403235,403304,69,1255
401980,403229,403305,76,1249
401980,403230,403305,75,1250
401980,403231,403306,75,1251
401980,403248,403307,59,1268
401980,403256,403312,56,1276
401980,403234,403315,81,1254
401980,403233,403319,86,1253
401980,403254,403321,67,1274
401980,403252,403322,70,1272
401980,403250,403322,72,1270
401980,403242,403323,81,1262
401980,403247,403324,77,1267
401980,403262,403326,64,1282
401980,403323,403327,4,1343
401980,403324,403328,4,1344
401980,403322,403328,6,1342
401980,403326,403329,3,1346
401980,403322,403329,7,1342
401980,403327,403330,3,1347
401980,403277,403331,54,1297
401980,403329,403331,2,1349
401980,403328,403331,3,1348
401980,403321,403331,10,1341
401980,403261,403331,70,1281
401980,403328,403331,3,1348
401980,403329,403332,3,1349
401980,403259,403333,74,1279
401980,403331,403332,1,1351
401980,403331,403332,1,1351
401980,403330,403334,4,1350
401980,403331,403334,3,1351
401980,403331,403334,3,1351
401980,403331,403333,2,1351
401980,403331,403334,3,1351
401980,403332,403335,3,1352
401824,402043,403334,1291,219
401980,403333,403335,2,1353
401980,403334,403335,1,1354
401980,403333,403335,2,1353
401980,403262,403336,74,1282
401980,403334,403337,3,1354
401980,403334,403337,3,1354
401980,403334,403337,3,1354
401980,403335,403337,2,1355
401980,403334,403336,2,1354
401980,403334,403336,2,1354
401980,403335,403337,2,1355
401980,403335,403338,3,1355
401980,403335,403338,3,1355
401980,403272,403339,67,1292
401980,403336,403338,2,1356
401980,403337,403339,2,1357
401980,403337,403339,2,1357
401980,403336,403339,3,1356
401980,403337,403340,3,1357
401980,403320,403340,20,1340
401980,403337,403340,3,1357
401980,403338,403340,2,1358
401980,403337,403341,4,1357
401980,403338,403341,3,1358
401980,403339,403341,2,1359
401980,403337,403340,3,1357
401980,403339,403342,3,1359
401980,403339,403341,2,1359
401980,403339,403342,3,1359
401980,403338,403341,3,1358
401980,403340,403343,3,1360
401980,403340,403343,3,1360
401980,403341,403343,2,1361
401980,403340,403343,3,1360
401980,403340,403343,3,1360
401980,403341,403344,3,1361
401980,403341,403344,3,1361
401980,403342,403344,2,1362
401980,403341,403345,4,1361
401980,403276,403345,69,1296
401980,403274,403345,71,1294
401980,403342,403345,3,1362
401980,403341,403345,4,1361
401980,403273,403345,72,1293
401980,403342,403345,3,1362
401980,403342,403347,5,1362
401980,403343,403348,5,1363
401980,403343,403348,5,1363
401980,403343,403350,7,1363
401980,403274,403353,79,1294
401980,403293,403355,62,1313
401980,403285,403357,72,1305
401980,403285,403357,72,1305
401980,403283,403358,75,1303
401980,403273,403363,90,1293
401980,403284,403363,79,1304
401980,403285,403368,83,1305
401980,403291,403371,80,1311
401980,403297,403374,77,1317
401980,403290,403377,87,1310
402005,403346,403378,32,1341
401980,403304,403380,76,1324
401980,403290,403380,90,1310
401980,403312,403383,71,1332
401980,403305,403385,80,1325
402005,403345,403389,44,1340
402005,403357,403391,34,1352
402005,403346,403392,46,1341
402005,403385,403392,7,1380
402005,403389,403391,2,1384
401980,403299,403393,94,1319
402005,403391,403393,2,1386
402005,403392,403394,2,1387
401980,403308,403393,85,1328
402005,403392,403395,3,1387
402005,403383,403395,12,1378
402005,403392,403394,2,1387
402005,403393,403395,2,1388
401980,403315,403395,80,1335
402005,403393,403396,3,1388
402005,403345,403396,51,1340
402005,403394,403397,3,1389
402005,403348,403396,48,1343
402005,403359,403397,38,1354
402005,403345,403398,53,1340
401980,403306,403397,91,1326
402005,403350,403399,49,1345
402005,403344,403398,54,1339
402005,403345,403399,54,1340
401980,403306,403402,96,1326
402005,403348,403404,56,1343
402005,403357,403405,48,1352
402005,403355,403405,50,1350
402005,403353,403405,52,1348
402005,403345,403406,61,1340
402005,403345,403405,60,1340
402005,403344,403407,63,1339
402005,403343,403407,64,1338
402005,403380,403409,29,1375
402005,403363,403412,49,1358
402005,403378,403411,33,1373
402005,403380,403413,33,1375
402005,403394,403414,20,1389
402005,403363,403417,54,1358
402005,403347,403419,72,1342
402005,403368,403419,51,1363
402005,403374,403425,51,1369
402005,403371,403426,55,1366
402005,403377,403428,51,1372
402005,403395,403433,38,1390
402005,403395,403439,44,1390
402005,403397,403448,51,1392
402005,403395,403449,54,1390
402005,403396,403449,53,1391
402005,403399,403449,50,1394
402005,403395,403451,56,1390
402005,403397,403452,55,1392
402005,403399,403452,53,1394
402005,403400,403452,52,1395
402005,403398,403456,58,1393
402005,403396,403462,66,1391
402005,403405,403462,57,1400
402005,403405,403463,58,1400
402005,403407,403465,58,1402
402005,403398,403466,68,1393
402005,403397,403466,69,1392
402005,403406,403467,61,1401
402005,403412,403467,55,1407
402005,403404,403469,65,1399
402005,403396,403469,73,1391
402005,403409,403470,61,1404
402005,403407,403471,64,1402
402005,403402,403471,69,1397
402005,403412,403472,60,1407
402005,403406,403472,66,1401
402005,403405,403474,69,1400
402005,403413,403479,66,1408
402005,403428,403479,51,1423
402005,403414,403484,70,1409
402005,403419,403486,67,1414
402005,403418,403486,68,1413
402005,403427,403489,62,1422
402005,403425,403491,66,1420
402005,403486,403491,5,1481
402005,403489,403493,4,1484
402005,403486,403494,8,1481
402005,403419,403494,75,1414
402005,403491,403494,3,1486
402005,403479,403495,16,1474
402005,403491,403494,3,1486
402005,403493,403496,3,1488
402005,403485,403497,12,1480
402005,403494,403497,3,1489
402005,403494,403497,3,1489
402005,403439,403498,59,1434
402005,403494,403498,4,1489
402005,403495,403498,3,1490
402005,403495,403499,4,1490
402005,403496,403499,3,1491
402005,403433,403499,66,1428
402005,403497,403500,3,1492
402005,403498,403500,2,1493
402005,403497,403500,3,1492
402005,403497,403501,4,1492
402005,403498,403501,3,1493
402005,403498,403501,3,1493
402005,403499,403502,3,1494
402005,403499,403503,4,1494
402005,403500,403503,3,1495
402005,403499,403503,4,1494
402005,403500,403503,3,1495
402005,403500,403504,4,1495
402005,403501,403504,3,1496
402005,403501,403504,3,1496
402005,403501,403505,4,1496
402005,403503,403506,3,1498
402005,403470,403505,35,1465
402005,403503,403507,4,1498
402005,403503,403507,4,1498
402005,403503,403507,4,1498
402005,403502,403506,4,1497
402005,403504,403509,5,1499
402005,403451,403509,58,1446
402005,403505,403509,4,1500
402005,403505,403510,5,1500
402005,403506,403510,4,1501
402005,403449,403509,60,1444
402005,403452,403511,59,1447
402005,403504,403510,6,1499
402005,403448,403510,62,1443
402005,403507,403511,4,1502
402005,403507,403511,4,1502
402005,403449,403512,63,1444
402005,403507,403513,6,1502
402005,403507,403513,6,1502
402005,403508,403513,5,1503
402005,403449,403512,63,1444
402005,403452,403514,62,1447
402005,403452,403514,62,1447
402005,403509,403515,6,1504
402005,403509,403516,7,1504
402005,403510,403516,6,1505
402005,403510,403517,7,1505
402005,403509,403518,9,1504
402005,403510,403517,7,1505
402005,403462,403519,57,1457
402005,403511,403519,8,1506
402005,403512,403520,8,1507
402005,403511,403520,9,1506
402005,403456,403519,63,1451
402005,403511,403521,10,1506
402005,403511,403521,10,1506
402005,403512,403523,11,1507
402005,403463,403523,60,1458
402005,403473,403526,53,1468
402005,403471,403526,55,1466
402005,403467,403531,64,1462
402005,403471,403531,60,1466
402005,403462,403531,69,1457
402005,403513,403532,19,1508
402005,403466,403536,70,1461
402005,403466,403536,70,1461
402005,403479,403540,61,1474
402005,403475,403542,67,1470
402005,403469,403543,74,1464
402005,403469,403543,74,1464
402005,403472,403544,72,1467
402005,403467,403544,77,1462
402005,403465,403547,82,1460
402009,403514,403566,52,1505
402009,403517,403568,51,1508
402009,403515,403570,55,1506
402009,403514,403572,58,1505
402009,403514,403573,59,1505
402009,403523,403573,50,1514
401902,402764,403572,808,862
402009,403516,403574,58,1507
402009,403519,403574,55,1510
402009,403520,403574,54,1511
402009,403519,403576,57,1510
402009,403521,403576,55,1512
402009,403524,403579,55,1515
402009,403519,403579,60,1510
402009,403531,403584,53,1522
402009,403520,403584,64,1511
402009,403520,403584,64,1511
402009,403526,403586,60,1517
402009,403513,403586,73,1504
402009,403516,403591,75,1507
402009,403544,403590,46,1535
402009,403518,403591,73,1509
402009,403536,403593,57,1527
402009,403522,403593,71,1513
402009,403531,403595,64,1522
402009,403531,403598,67,1522
402009,403536,403599,63,1527
402009,403543,403600,57,1534
402009,403543,403600,57,1534
402009,403540,403600,60,1531
402009,403544,403599,55,1535
402009,403526,403601,75,1517
402009,403532,403600,68,1523
402009,403542,403605,63,1533
402009,403547,403611,64,1538
402009,403566,403618,52,1557
402009,403568,403619,51,1559
402009,403572,403624,52,1563
402009,403570,403627,57,1561
402009,403574,403630,56,1565
402009,403573,403631,58,1564
402009,403584,403633,49,1575
402009,403573,403634,61,1564
402009,403573,403634,61,1564
402009,403575,403637,62,1566
402009,403577,403636,59,1568
402009,403577,403637,60,1568
402009,403579,403639,60,1570
402009,403579,403640,61,1570
402009,403574,403649,75,1565
402009,403586,403653,67,1577
402009,403591,403653,62,1582
402009,403591,403653,62,1582
402009,403584,403654,70,1575
402009,403584,403655,71,1575
402009,403586,403661,75,1577
402009,403593,403662,69,1584
402009,403594,403663,69,1585
402009,403591,403663,72,1582
402009,403600,403667,67,1591
402009,403600,403667,67,1591
402009,403599,403668,69,1590
402009,403599,403668,69,1590
402009,403601,403667,66,1592
402009,403595,403669,74,1586
402009,403601,403669,68,1592
402009,403600,403672,72,1591
402009,403600,403672,72,1591
402009,403618,403673,55,1609
402009,403605,403675,70,1596
402009,403673,403675,2,1664
402009,403672,403676,4,1663
402009,403672,403676,4,1663
402009,403675,403677,2,1666
402009,403675,403677,2,1666
402009,403677,403679,2,1668
402009,403677,403679,2,1668
402009,403676,403679,3,1667
402009,403677,403680,3,1668
402009,403679,403682,3,1670
402009,403670,403682,12,1661
402009,403680,403682,2,1671
402009,403619,403682,63,1610
402009,403680,403683,3,1671
402009,403624,403683,59,1615
402009,403680,403683,3,1671
402009,403682,403684,2,1673
402009,403682,403685,3,1673
402009,403682,403685,3,1673
402009,403683,403685,2,1674
402009,403682,403685,3,1673
402009,403683,403686,3,1674
402009,403684,403686,2,1675
402009,403611,403686,75,1602
402009,403685,403687,2,1676
402009,403685,403687,2,1676
402009,403683,403686,3,1674
402009,403685,403688,3,1676
402009,403686,403688,2,1677
402009,403685,403689,4,1676
402009,403686,403689,3,1677
402009,403687,403690,3,1678
402009,403686,403690,4,1677
402009,403641,403690,49,1632
402009,403687,403691,4,1678
402009,403688,403692,4,1679
402009,403689,403692,3,1680
402009,403627,403692,65,1618
402009,403687,403691,4,1678
402009,403690,403694,4,1681
402009,403689,403694,5,1680
402009,403689,403694,5,1680
402009,403631,403695,64,1622
402009,403690,403695,5,1681
402009,403690,403695,5,1681
402009,403691,403696,5,1682
402009,403630,403695,65,1621
402009,403692,403697,5,1683
402009,403692,403697,5,1683
402009,403634,403697,63,1625
402009,403692,403698,6,1683
402009,403634,403698,64,1625
402009,403636,403697,61,1627
402009,403669,403698,29,1660
402009,403692,403699,7,1683
402009,403694,403700,6,1685
402009,403695,403701,6,1686
402009,403637,403702,65,1628
402009,403695,403702,7,1686
402009,403637,403703,66,1628
402009,403639,403703,64,1630
402009,403694,403703,9,1685
402009,403694,403704,10,1685
402009,403698,403705,7,1689
402009,403697,403705,8,1688
402009,403696,403706,10,1687
402009,403698,403707,9,1689
402009,403697,403708,11,1688
402009,403698,403708,10,1689
402009,403638,403708,70,1629
402009,403695,403708,13,1686
402009,403697,403708,11,1688
402009,403698,403707,9,1689
402009,403698,403710,12,1689
402009,403668,403712,44,1659
402009,403700,403713,13,1691
402009,403700,403715,15,1691
402009,403654,403720,66,1645
402009,403649,403721,72,1640
402009,403668,403725,57,1659
402009,403655,403725,70,1646
402009,403653,403726,73,1644
402009,403653,403730,77,1644
402009,403653,403731,78,1644
402009,403662,403734,72,1653
402009,403661,403734,73,1652
402009,403668,403735,67,1659
402009,403667,403736,69,1658
402009,403663,403739,76,1654
401886,402593,403740,1147,707
402009,403663,403740,77,1654
402164,403721,403745,24,1557
402009,403667,403748,81,1658
402164,403736,403752,16,1572
402164,403739,403752,13,1575
401927,402936,403753,817,1009
402164,403703,403755,52,1539
402164,403740,403756,16,1576
402164,403702,403759,57,1538
402164,403703,403759,56,1539
402164,403708,403760,52,1544
402164,403708,403761,53,1544
402164,403708,403762,54,1544
402164,403735,403762,27,1571
402164,403704,403762,58,1540
402164,403702,403763,61,1538
402164,403703,403763,60,1539
402164,403707,403764,57,1543
402164,403706,403765,59,1542
402164,403705,403765,60,1541
402164,403741,403766,25,1577
402164,403708,403765,57,1544
402164,403713,403767,54,1549
402164,403705,403768,63,1541
402164,403734,403771,37,1570
402164,403708,403772,64,1544
402164,403745,403778,33,1581
402164,403708,403778,70,1544
402164,403734,403779,45,1570
402164,403726,403779,53,1562
402164,403715,403780,65,1551
402164,403712,403782,70,1548
402164,403730,403782,52,1566
402164,403725,403783,58,1561
402164,403710,403783,73,1546
402164,403731,403785,54,1567
402164,403725,403788,63,1561
402164,403720,403789,69,1556
402164,403748,403795,47,1584
402164,403754,403808,54,1590
402164,403752,403812,60,1588
402164,403752,403815,63,1588
402164,403755,403816,61,1591
402164,403760,403818,58,1596
402164,403759,403820,61,1595
402164,403763,403821,58,1599
402164,403762,403822,60,1598
402164,403766,403823,57,1602
402164,403761,403823,62,1597
402164,403759,403823,64,1595
402164,403768,403825,57,1604
402164,403756,403825,69,1592
402164,403765,403826,61,1601
402164,403764,403828,64,1600
402164,403762,403828,66,1598
402164,403765,403829,64,1601
402164,403762,403830,68,1598
402164,403767,403831,64,1603
402164,403766,403834,68,1602
402164,403763,403840,77,1599
402164,403772,403845,73,1608
402164,403780,403847,67,1616
402164,403778,403847,69,1614
402164,403779,403851,72,1615
402164,403772,403851,79,1608
402164,403778,403852,74,1614
402164,403783,403853,70,1619
402164,403782,403853,71,1618
402164,403785,403855,70,1621
402164,403788,403857,69,1624
402164,403853,403857,4,1689
402164,403782,403858,76,1618
402164,403855,403858,3,1691
402164,403783,403859,76,1619
402164,403779,403860,81,1615
402164,403853,403859,6,1689
402164,403857,403860,3,1693
402164,403857,403861,4,1693
402164,403858,403861,3,1694
402164,403859,403862,3,1695
402164,403858,403861,3,1694
402164,403860,403863,3,1696
402164,403861,403863,2,1697
402164,403860,403864,4,1696
402164,403860,403863,3,1696
402164,403861,403864,3,1697
402164,403862,403865,3,1698
402164,403862,403865,3,1698
402164,403863,403866,3,1699
402164,403863,403866,3,1699
402164,403864,403867,3,1700
402164,403864,403867,3,1700
402164,403864,403867,3,1700
402164,403865,403868,3,1701
402164,403789,403868,79,1625
402164,403866,403869,3,1702
402164,403866,403870,4,1702
402164,403852,403870,18,1688
402164,403866,403869,3,1702
402164,403867,403870,3,1703
402164,403867,403870,3,1703
402164,403868,403871,3,1704
402164,403867,403870,3,1703
402164,403868,403871,3,1704
402164,403809,403872,63,1645
402164,403869,403873,4,1705
402164,403870,403874,4,1706
402164,403795,403874,79,1631
402164,403870,403874,4,1706
402164,403870,403874,4,1706
402164,403870,403874,4,1706
402164,403871,403876,5,1707
402164,403872,403876,4,1708
402164,403872,403876,4,1708
402164,403872,403877,5,1708
402164,403871,403876,5,1707
402164,403873,403878,5,1709
402164,403874,403878,4,1710
402164,403874,403879,5,1710
402164,403851,403880,29,1687
402164,403874,403880,6,1710
402164,403874,403880,6,1710
402164,403822,403881,59,1658
402164,403825,403881,56,1661
402164,403875,403882,7,1711
402164,403816,403882,66,1652
402164,403876,403882,6,1712
402164,403876,403883,7,1712
402164,403818,403884,66,1654
402164,403820,403884,64,1656
402164,403876,403885,9,1712
402164,403823,403884,61,1659
402164,403823,403885,62,1659
402164,403878,403887,9,1714
402164,403826,403887,61,1662
402164,403821,403888,67,1657
402164,403877,403888,11,1713
402164,403877,403889,12,1713
402164,403851,403890,39,1687
402164,403881,403891,10,1717
402164,403881,403891,10,1717
402164,403882,403891,9,1718
402164,403878,403892,14,1714
402164,403828,403892,64,1664
402164,403880,403892,12,1716
402164,403880,403893,13,1716
402164,403845,403893,48,1681
402164,403815,403893,78,1651
402164,403829,403893,64,1665
402164,403812,403892,80,1648
402164,403880,403892,12,1716
402164,403879,403895,16,1715
402164,403831,403896,65,1667
402164,403823,403898,75,1659
402164,403882,403899,17,1718
402164,403882,403901,19,1718
402164,403830,403905,75,1666
402164,403829,403905,76,1665
402164,403840,403906,66,1676
402164,403826,403907,81,1662
402164,403834,403908,74,1670
402164,403847,403915,68,1683
402165,403907,403918,11,1742
402165,403906,403917,11,1741
402165,403908,403922,14,1743
402164,403847,403924,77,1683
402165,403905,403928,23,1740
402165,403915,403934,19,1750
402165,403901,403935,34,1736
402165,403885,403937,52,1720
402165,403884,403938,54,1719
402165,403891,403939,48,1726
402165,403896,403940,44,1731
402165,403905,403940,35,1740
402165,403887,403943,56,1722
402165,403884,403944,60,1719
402165,403893,403947,54,1728
402165,403892,403947,55,1727
402165,403918,403948,30,1753
402165,403888,403947,59,1723
402165,403899,403950,51,1734
402165,403891,403950,59,1726
402165,403885,403951,66,1720
402165,403893,403951,58,1728
402165,403893,403950,57,1728
402165,403888,403951,63,1723
402165,403898,403952,54,1733
402165,403885,403955,70,1720
402165,403889,403954,65,1724
402165,403895,403955,60,1730
402165,403918,403956,38,1753
402165,403893,403956,63,1728
402165,403887,403957,70,1722
402165,403892,403957,65,1727
402165,403893,403958,65,1728
402165,403891,403957,66,1726
402165,403893,403961,68,1728
402165,403890,403962,72,1725
402165,403892,403963,71,1727
402165,403924,403970,46,1759
402165,403922,403971,49,1757
402165,403928,403975,47,1763
402165,403961,403975,14,1796
402165,403962,403975,13,1797
402165,403935,403994,59,1770
402165,403937,403997,60,1772
402165,403940,404000,60,1775
402165,403943,404001,58,1778
402165,403938,404002,64,1773
402165,403940,404004,64,1775
402165,403934,404006,72,1769
402165,403951,404007,56,1786
402165,403944,404008,64,1779
402165,403948,404009,61,1783
402165,403950,404010,60,1785
402165,403955,404010,55,1790
402165,403953,404012,59,1788
402165,403952,404012,60,1787
402165,403947,404012,65,1782
402165,403956,404014,58,1791
402165,403947,404016,69,1782
402165,403951,404019,68,1786
402165,403948,404021,73,1783
402165,403940,404021,81,1775
402165,403950,404022,72,1785
402165,403951,404024,73,1786
402165,403955,404029,74,1790
402165,403958,404029,71,1793
402165,403957,404030,73,1792
402165,403957,404030,73,1792
402165,403955,404029,74,1790
402165,403956,404030,74,1791
402165,404030,404033,3,1865
402165,404030,404034,4,1865
402165,404031,404034,3,1866
402165,404030,404034,4,1865
402165,404033,404036,3,1868
402165,403958,404037,79,1793
402165,404034,404037,3,1869
402165,403963,404037,74,1798
402165,404034,404037,3,1869
402165,404029,404038,9,1864
402165,404035,404038,3,1870
402165,404037,404039,2,1872
402165,404036,404039,3,1871
402165,404037,404040,3,1872
402165,404037,404039,2,1872
402165,404038,404041,3,1873
402165,404038,404041,3,1873
402165,404039,404042,3,1874
402165,404039,404042,3,1874
402165,403971,404043,72,1806
402165,404041,404044,3,1876
402165,404040,404044,4,1875
402165,404041,404043,2,1876
402165,404042,404045,3,1877
402165,403975,404045,70,1810
402165,404040,404044,4,1875
402165,404043,404046,3,1878
402165,404043,404046,3,1878
402165,404042,404045,3,1877
402165,404044,404047,3,1879
402165,404029,404048,19,1864
402165,404044,404048,4,1879
402165,403970,404047,77,1805
402165,404044,404048,4,1879
402165,403994,404048,54,1829
402165,404045,404048,3,1880
402165,404045,404049,4,1880
402165,404045,404048,3,1880
402165,404046,404049,3,1881
402165,404046,404049,3,1881
402165,404046,404051,5,1881
402165,403975,404051,76,1810
402165,404048,404052,4,1883
402165,404047,404052,5,1882
402165,404048,404052,4,1883
402165,404048,404052,4,1883
402165,404048,404052,4,1883
402165,404048,404054,6,1883
402165,404048,404054,6,1883
402165,403997,404054,57,1832
402165,404049,404055,6,1884
402165,404049,404054,5,1884
402165,404050,404056,6,1885
402165,404050,404057,7,1885
402165,404051,404056,5,1886
402165,403975,404058,83,1810
402165,404052,404059,7,1887
402165,404052,404059,7,1887
402165,404051,404059,8,1886
402165,404052,404060,8,1887
402165,404052,404060,8,1887
402165,404052,404061,9,1887
402165,404002,404062,60,1837
402165,404024,404062,38,1859
402165,404054,404062,8,1889
402165,404054,404062,8,1889
402165,404055,404064,9,1890
402165,404000,404064,64,1835
402165,404054,404065,11,1889
402165,404056,404065,9,1891
402165,404057,404065,8,1892
401954,403145,404067,922,1191
402165,404001,404067,66,1836
402165,404055,404068,13,1890
402165,404057,404068,11,1892
402165,404004,404071,67,1839
402165,404021,404072,51,1856
402165,404058,404072,14,1893
402165,404008,404073,65,1843
402165,404009,404075,66,1844
402165,404012,404075,63,1847
402165,404010,404078,68,1845
402165,404014,404079,65,1849
402165,404011,404079,68,1846
402165,404007,404082,75,1842
402165,404019,404083,64,1854
402165,404006,404084,78,1841
402165,404012,404085,73,1847
402165,404022,404089,67,1857
402214,404085,404091,6,1871
402214,404084,404091,7,1870
402165,404012,404091,79,1847
402214,404089,404095,6,1875
402165,404016,404096,80,1851
402214,404083,404097,14,1869
402165,404021,404099,78,1856
402214,404091,404101,10,1877
402214,404067,404109,42,1853
402214,404081,404110,29,1867
402214,404082,404110,28,1868
402214,404091,404115,24,1877
402214,404068,404115,47,1854
402214,404062,404115,53,1848
402214,404065,404116,51,1851
402214,404076,404118,42,1862
402214,404064,404118,54,1850
402214,404059,404118,59,1845
402214,404079,404119,40,1865
402214,404065,404119,54,1851
402214,404062,404119,57,1848
402214,404060,404119,59,1846
402214,404078,404122,44,1864
402214,404091,404122,31,1877
402214,404062,404121,59,1848
402214,404067,404123,56,1853
402214,404075,404124,49,1861
402214,404062,404125,63,1848
402214,404071,404127,56,1857
402214,404060,404129,69,1846
402214,404059,404129,70,1845
402214,404073,404129,56,1859
402214,404072,404135,63,1858
402214,404072,404135,63,1858
402214,404068,404137,69,1854
402214,404064,404138,74,1850
402214,404065,404137,72,1851
402214,404095,404140,45,1881
402214,404061,404142,81,1847
402214,404097,404147,50,1883
402214,404096,404147,51,1882
402214,404118,404161,43,1904
402214,404109,404162,53,1895
402214,404099,404167,68,1885
402214,404110,404174,64,1896
402214,404101,404174,73,1887
402214,404118,404178,60,1904
402214,404115,404179,64,1901
402214,404130,404181,51,1916
402214,404119,404182,63,1905
402214,404115,404183,68,1901
402214,404124,404184,60,1910
402214,404122,404183,61,1908
402214,404111,404184,73,1897
402214,404118,404185,67,1904
402214,404115,404185,70,1901
402214,404122,404189,67,1908
402214,404123,404189,66,1909
402214,404119,404190,71,1905
402214,404128,404192,64,1914
402214,404125,404193,68,1911
402214,404116,404194,78,1902
402214,404120,404195,75,1906
402214,404122,404197,75,1908
402214,404119,404199,80,1905
402214,404147,404203,56,1933
402214,404129,404208,79,1915
402214,404129,404209,80,1915
402214,404138,404212,74,1924
402214,404141,404213,72,1927
402214,404136,404214,78,1922
402214,404209,404214,5,1995
402214,404138,404215,77,1924
402214,404137,404216,79,1923
402214,404135,404216,81,1921
402214,404213,404216,3,1999
402214,404142,404217,75,1928
402214,404212,404216,4,1998
402214,404214,404217,3,2000
402214,404203,404217,14,1989
402214,404214,404217,3,2000
402214,404208,404219,11,1994
402214,404216,404219,3,2002
402214,404216,404219,3,2002
402214,404217,404219,2,2003
402214,404215,404218,3,2001
402214,404216,404218,2,2002
402214,404217,404220,3,2003
402214,404217,404219,2,2003
402214,404217,404220,3,2003
402214,404218,404221,3,2004
402214,404219,404221,2,2005
402214,404219,404222,3,2005
402214,404219,404222,3,2005
402214,404220,404222,2,2006
402214,404220,404223,3,2006
402214,404219,404222,3,2005
402214,404220,404222,2,2006
402214,404220,404222,2,2006
402214,404221,404224,3,2007
402214,404221,404225,4,2007
402214,404222,404225,3,2008
402214,404221,404224,3,2007
402214,404222,404225,3,2008
402214,404222,404225,3,2008
402214,404162,404226,64,1948
402214,404147,404226,79,1933
402214,404223,404226,3,2009
402214,404223,404226,3,2009
402214,404224,404227,3,2010
402214,404224,404227,3,2010
402214,404225,404227,2,2011
402214,404225,404228,3,2011
402214,404226,404228,2,2012
402214,404224,404227,3,2010
402214,404225,404229,4,2011
402214,404225,404229,4,2011
402214,404225,404229,4,2011
402214,404226,404230,4,2012
402214,404226,404230,4,2012
402214,404174,404230,56,1960
402214,404226,404229,3,2012
402214,404227,404231,4,2013
402214,404227,404231,4,2013
402214,404227,404232,5,2013
402214,404228,404233,5,2014
402214,404228,404233,5,2014
402214,404229,404235,6,2015
402214,404228,404235,7,2014
402214,404229,404236,7,2015
402214,404230,404236,6,2016
402214,404229,404236,7,2015
402214,404230,404238,8,2016
402214,404200,404238,38,1986
402214,404231,404238,7,2017
402214,404180,404238,58,1966
402214,404230,404239,9,2016
402214,404230,404239,9,2016
402214,404178,404241,63,1964
402214,404232,404241,9,2018
402214,404181,404242,61,1967
402214,404161,404242,81,1947
402214,404233,404242,9,2019
402214,404231,404244,13,2017
402214,404184,404245,61,1970
402214,404233,404245,12,2019
402214,404167,404247,80,1953
402214,404183,404246,63,1969
402214,404184,404250,66,1970
402214,404185,404250,65,1971
402214,404185,404254,69,1971
402214,404192,404255,63,1978
402214,404189,404255,66,1975
402214,404235,404256,21,2021
402214,404174,404257,83,1960
402214,404194,404257,63,1980
402214,404189,404257,68,1975
402214,404184,404259,75,1970
402214,404183,404262,79,1969
402214,404197,404265,68,1983
402214,404190,404271,81,1976
402214,404193,404273,80,1979
402214,404195,404277,82,1981
402227,404243,404283,40,2016
402227,404256,404288,32,2029
402227,404239,404293,54,2012
402227,404273,404297,24,2046
402227,404241,404299,58,2014
402227,404247,404299,52,2020
402227,404239,404301,62,2012
402227,404278,404302,24,2051
402227,404236,404301,65,2009
402227,404236,404303,67,2009
402227,404238,404303,65,2011
402227,404271,404304,33,2044
402227,404238,404306,68,2011
402227,404241,404306,65,2014
402227,404283,404306,23,2056
402227,404242,404307,65,2015
402227,404236,404309,73,2009
402227,404245,404311,66,2018
402227,404238,404313,75,2011
402227,404250,404314,64,2023
402227,404265,404313,48,2038
402227,404242,404315,73,2015
402227,404257,404315,58,2030
402227,404288,404316,28,2061
402227,404258,404317,59,2031
402227,404250,404317,67,2023
402227,404259,404318,59,2032
402227,404262,404318,56,2035
402227,404255,404317,62,2028
402227,404244,404320,76,2017
402227,404254,404319,65,2027
402227,404238,404322,84,2011
402227,404246,404327,81,2019
402227,404257,404329,72,2030
402227,404293,404330,37,2066
402227,404247,404331,84,2020
402227,404256,404337,81,2029
402227,404302,404350,48,2075
402227,404299,404350,51,2072
402227,404297,404351,54,2070
402227,404299,404357,58,2072
402227,404303,404362,59,2076
402227,404302,404366,64,2075
402227,404306,404366,60,2079
402227,404301,404368,67,2074
402227,404307,404374,67,2080
402227,404307,404374,67,2080
402227,404304,404375,71,2077
402227,404314,404375,61,2087
402227,404317,404376,59,2090
402227,404303,404378,75,2076
402227,404306,404380,74,2079
402227,404311,404380,69,2084
402227,404318,404384,66,2091
402227,404316,404384,68,2089
402227,404315,404385,70,2088
402227,404309,404387,78,2082
402227,404317,404387,70,2090
402227,404313,404388,75,2086
402227,404315,404390,75,2088
402227,404314,404391,77,2087
402227,404321,404393,72,2094
402227,404322,404394,72,2095
402227,404318,404397,79,2091
402227,404330,404397,67,2103
402227,404320,404401,81,2093
402227,404327,404404,77,2100
402227,404318,404404,86,2091
402227,404329,404406,77,2102
402227,404357,404407,50,2130
402227,404331,404411,80,2104
402227,404407,404417,10,2180
402227,404411,404418,7,2184
402227,404417,404419,2,2190
402227,404350,404419,69,2123
402227,404337,404421,84,2110
402227,404418,404421,3,2191
402227,404419,404422,3,2192
402227,404420,404422,2,2193
402227,404422,404424,2,2195
402227,404421,404424,3,2194
402227,404422,404424,2,2195
402227,404421,404425,4,2194
402227,404406,404425,19,2179
402227,404424,404426,2,2197
402227,404424,404426,2,2197
402227,404424,404427,3,2197
402227,404426,404428,2,2199
402227,404425,404428,3,2198
402227,404426,404428,2,2199
402227,404425,404428,3,2198
402227,404427,404430,3,2200
402227,404428,404430,2,2201
402227,404350,404430,80,2123
402227,404428,404430,2,2201
402227,404428,404431,3,2201
402227,404428,404431,3,2201
402227,404374,404431,57,2147
402227,404430,404432,2,2203
402227,404374,404432,58,2147
402227,404430,404432,2,2203
402227,404362,404431,69,2135
402227,404430,404433,3,2203
402227,404432,404434,2,2205
402227,404431,404433,2,2204
402227,404432,404434,2,2205
402227,404431,404434,3,2204
402227,404431,404434,3,2204
402227,404432,404434,2,2205
402227,404432,404435,3,2205
402227,404433,404435,2,2206
402227,404434,404436,2,2207
402227,404433,404436,3,2206
402227,404434,404436,2,2207
402227,404434,404436,2,2207
402227,404366,404437,71,2139
402227,404434,404437,3,2207
402227,404434,404436,2,2207
402227,404434,404438,4,2207
402227,404436,404438,2,2209
402227,404436,404438,2,2209
402227,404435,404438,3,2208
402227,404351,404439,88,2124
402227,404436,404439,3,2209
402227,404436,404439,3,2209
402227,404436,404439,3,2209
402227,404437,404440,3,2210
402227,404437,404439,2,2210
402227,404437,404441,4,2210
402227,404375,404441,66,2148
402227,404438,404441,3,2211
402227,404438,404441,3,2211
402227,404438,404441,3,2211
402227,404439,404442,3,2212
402227,404368,404443,75,2141
402227,404439,404443,4,2212
402227,404380,404443,63,2153
402227,404439,404444,5,2212
402227,404366,404443,77,2139
402227,404404,404444,40,2177
402227,404438,404444,6,2211
402227,404376,404445,69,2149
402227,404375,404449,74,2148
402227,404404,404449,45,2177
402227,404439,404449,10,2212
402227,404384,404453,69,2157
402227,404391,404453,62,2164
402227,404378,404456,78,2151
402227,404384,404456,72,2157
402227,404387,404457,70,2160
402227,404380,404458,78,2153
402227,404388,404460,72,2161
402227,404390,404462,72,2163
402227,404393,404468,75,2166
402227,404387,404473,86,2160
402227,404397,404475,78,2170
402227,404385,404476,91,2158
402227,404394,404478,84,2167
402227,404401,404479,78,2174
401980,403343,404479,1136,1363
402227,404397,404486,89,2170
402313,404480,404490,10,2167
402313,404478,404490,12,2165
402313,404441,404493,52,2128
402313,404442,404495,53,2129
402313,404480,404497,17,2167
402313,404442,404497,55,2129
402313,404443,404499,56,2130
402313,404443,404500,57,2130
402313,404476,404500,24,2163
402313,404441,404502,61,2128
402313,404475,404504,29,2162
402313,404456,404505,49,2143
402313,404445,404507,62,2132
402313,404453,404507,54,2140
402313,404441,404508,67,2128
402313,404457,404508,51,2144
402313,404458,404509,51,2145
402313,404441,404510,69,2128
402313,404453,404510,57,2140
402313,404445,404509,64,2132
402313,404460,404512,52,2147
402313,404441,404513,72,2128
402313,404449,404514,65,2136
402313,404451,404514,63,2138
402313,404443,404515,72,2130
402313,404449,404517,68,2136
402313,404444,404517,73,2131
402313,404445,404519,74,2132
402313,404486,404520,34,2173
402313,404462,404520,58,2149
402313,404445,404520,75,2132
402313,404473,404522,49,2160
402313,404490,404527,37,2177
402313,404456,404528,72,2143
402313,404468,404529,61,2155
402313,404491,404540,49,2178
402313,404504,404544,40,2191
402313,404493,404545,52,2180
402313,404500,404550,50,2187
402313,404505,404553,48,2192
402313,404495,404554,59,2182
402313,404499,404556,57,2186
402313,404499,404559,60,2186
402313,404497,404566,69,2184
402313,404500,404567,67,2187
402313,404502,404568,66,2189
402313,404510,404569,59,2197
402313,404513,404570,57,2200
402313,404507,404570,63,2194
402313,404508,404571,63,2195
402313,404508,404570,62,2195
402313,404507,404574,67,2194
402313,404510,404578,68,2197
402313,404514,404581,67,2201
402313,404512,404582,70,2199
402313,404527,404584,57,2214
402313,404520,404586,66,2207
402313,404509,404588,79,2196
402313,404521,404588,67,2208
402313,404514,404589,75,2201
402313,404517,404589,72,2204
402313,404545,404590,45,2232
402313,404510,404590,80,2197
402313,404519,404592,73,2206
402313,404522,404594,72,2209
402313,404516,404594,78,2203
402313,404520,404595,75,2207
402313,404517,404597,80,2204
402313,404544,404598,54,2231
402313,404595,404599,4,2282
402313,404528,404600,72,2215
402313,404598,404600,2,2285
402313,404597,404601,4,2284
402313,404529,404601,72,2216
402313,404595,404602,7,2282
402313,404600,404602,2,2287
402313,404594,404603,9,2281
402313,404599,404602,3,2286
402313,404600,404603,3,2287
402313,404601,404604,3,2288
402313,404601,404604,3,2288
402313,404602,404604,2,2289
402313,404602,404604,2,2289
402313,404603,404606,3,2290
402313,404603,404606,3,2290
402313,404604,404606,2,2291
402313,404604,404606,2,2291
402313,404603,404606,3,2290
402313,404604,404607,3,2291
402313,404604,404607,3,2291
402313,404606,404608,2,2293
402313,404607,404609,2,2294
402313,404606,404609,3,2293
402313,404606,404609,3,2293
402313,404553,404609,56,2240
402313,404607,404610,3,2294
402313,404609,404611,2,2296
402313,404607,404610,3,2294
402313,404607,404610,3,2294
402313,404608,404611,3,2295
402313,404609,404612,3,2296
402313,404609,404612,3,2296
402313,404554,404612,58,2241
402313,404609,404612,3,2296
402313,404610,404613,3,2297
402313,404611,404613,2,2298
402313,404550,404614,64,2237
402313,404611,404614,3,2298
402313,404612,404614,2,2299
402313,404611,404614,3,2298
402313,404611,404614,3,2298
402313,404612,404614,2,2299
402313,404612,404616,4,2299
402313,404613,404616,3,2300
402313,404556,404616,60,2243
402313,404613,404616,3,2300
402313,404612,404615,3,2299
402313,404614,404616,2,2301
402313,404614,404618,4,2301
402313,404615,404618,3,2302
402313,404614,404617,3,2301
402313,404592,404618,26,2279
402313,404540,404618,78,2227
402313,404614,404618,4,2301
402313,404616,404619,3,2303
402313,404615,404619,4,2302
402313,404616,404620,4,2303
402313,404616,404620,4,2303
402313,404616,404619,3,2303
402313,404559,404621,62,2246
402313,404617,404621,4,2304
402313,404616,404622,6,2303
402313,404618,404623,5,2305
402313,404618,404624,6,2305
402313,404619,404626,7,2306
402313,404618,404626,8,2305
402313,404618,404626,8,2305
402313,404618,404626,8,2305
402313,404618,404627,9,2305
402313,404620,404632,12,2307
402313,404569,404634,65,2256
402313,404568,404635,67,2255
402313,404570,404635,65,2257
402313,404572,404638,66,2259
402313,404571,404641,70,2258
402313,404567,404641,74,2254
402313,404567,404644,77,2254
402313,404589,404645,56,2276
402313,404591,404645,54,2278
402313,404570,404651,81,2257
402313,404590,404652,62,2277
402313,404581,404653,72,2268
402313,404574,404653,79,2261
402313,404578,404659,81,2265
402313,404582,404661,79,2269
402010,403701,404664,963,1691
402313,404586,404665,79,2273
402313,404665,404668,3,2352
402313,404588,404668,80,2275
402313,404665,404669,4,2352
402313,404621,404669,48,2308
402313,404668,404671,3,2355
402313,404623,404671,48,2310
402313,404669,404671,2,2356
402313,404668,404671,3,2355
402313,404669,404671,2,2356
402313,404671,404673,2,2358
402313,404584,404672,88,2271
402313,404671,404674,3,2358
402313,404671,404673,2,2358
402313,404588,404675,87,2275
402313,404621,404677,56,2308
402313,404589,404677,88,2276
402313,404626,404678,52,2313
402313,404621,404678,57,2308
402313,404622,404680,58,2309
402313,404661,404680,19,2348
402313,404626,404681,55,2313
402313,404620,404680,60,2307
402313,404671,404682,11,2358
402313,404626,404682,56,2313
402313,404624,404684,60,2311
402313,404652,404688,36,2339
402313,404637,404689,52,2324
402313,404634,404690,56,2321
402313,404659,404690,31,2346
402313,404620,404690,70,2307
402313,404626,404691,65,2313
402313,404653,404691,38,2340
402313,404635,404693,58,2322
402313,404653,404693,40,2340
402313,404639,404694,55,2326
402313,404651,404694,43,2338
402313,404671,404696,25,2358
402313,404645,404697,52,2332
402313,404641,404698,57,2328
402313,404627,404700,73,2314
402313,404633,404702,69,2320
402313,404641,404704,63,2328
402313,404644,404707,63,2331
402313,404646,404709,63,2333
402313,404673,404718,45,2360
402313,404674,404718,44,2361
402313,404675,404734,59,2362
402313,404677,404736,59,2364
402313,404673,404737,64,2360
402313,404681,404739,58,2368
402313,404678,404740,62,2365
402313,404688,404741,53,2375
402313,404677,404743,66,2364
402313,404690,404743,53,2377
402313,404684,404746,62,2371
402313,404675,404747,72,2362
402313,404682,404747,65,2369
402313,404689,404746,57,2376
402313,404680,404749,69,2367
402313,404678,404749,71,2365
402313,404693,404750,57,2380
402313,404682,404753,71,2369
402313,404681,404755,74,2368
402313,404694,404756,62,2381
402313,404690,404756,66,2377
402313,404680,404757,77,2367
402164,403883,404758,875,1719
402313,404696,404759,63,2383
402313,404693,404759,66,2380
402313,404692,404759,67,2379
402313,404691,404759,68,2378
402313,404698,404762,64,2385
402313,404690,404764,74,2377
402313,404695,404764,69,2382
402313,404700,404768,68,2387
402313,404697,404771,74,2384
402313,404768,404772,4,2455
402313,404764,404772,8,2451
402005,403513,404773,1260,1508
402313,404771,404775,4,2458
402313,404772,404775,3,2459
402313,404773,404775,2,2460
402313,404772,404775,3,2459
402313,404718,404776,58,2405
402313,404702,404776,74,2389
402313,404707,404777,70,2394
402313,404704,404776,72,2391
402313,404775,404777,2,2462
402313,404775,404778,3,2462
402313,404775,404778,3,2462
402313,404777,404778,1,2464
402313,404776,404779,3,2463
402313,404709,404779,70,2396
402313,404777,404780,3,2464
402313,404777,404780,3,2464
402313,404777,404780,3,2464
402313,404764,404780,16,2451
402313,404778,404780,2,2465
402313,404778,404781,3,2465
402313,404778,404781,3,2465
402313,404779,404782,3,2466
402313,404779,404782,3,2466
402313,404778,404781,3,2465
402313,404780,404783,3,2467
402313,404780,404783,3,2467
402313,404780,404783,3,2467
402313,404780,404783,3,2467
402313,404781,404783,2,2468
402313,404781,404784,3,2468
402313,404780,404784,4,2467
402313,404734,404783,49,2421
402313,404782,404785,3,2469
402313,404783,404785,2,2470
402313,404782,404786,4,2469
402313,404782,404786,4,2469
402313,404783,404786,3,2470
402313,404783,404786,3,2470
402313,404783,404786,3,2470
402313,404784,404787,3,2471
402313,404783,404786,3,2470
402313,404784,404787,3,2471
402313,404784,404788,4,2471
402313,404785,404788,3,2472
402313,404718,404788,70,2405
402313,404785,404789,4,2472
402313,404786,404789,3,2473
402313,404786,404789,3,2473
402313,404786,404790,4,2473
402313,404787,404790,3,2474
402313,404787,404791,4,2474
402313,404787,404791,4,2474
402313,404786,404790,4,2473
402313,404736,404792,56,2423
402313,404787,404792,5,2474
402313,404762,404793,31,2449
402313,404740,404793,53,2427
402313,404788,404793,5,2475
402313,404788,404793,5,2475
402313,404788,404795,7,2475
402313,404759,404796,37,2446
402313,404789,404796,7,2476
402313,404739,404798,59,2426
402313,404789,404798,9,2476
402313,404789,404800,11,2476
402313,404790,404800,10,2477
402313,404790,404800,10,2477
402313,404741,404802,61,2428
402313,404750,404807,57,2437
402313,404743,404807,64,2430
402313,404746,404808,62,2433
402313,404758,404810,52,2445
402313,404737,404811,74,2424
402313,404747,404816,69,2434
402313,404757,404819,62,2444
402313,404743,404819,76,2430
402313,404756,404820,64,2443
402313,404759,404823,64,2446
402313,404747,404823,76,2434
402313,404747,404825,78,2434
402313,404749,404825,76,2436
402313,404755,404831,76,2442
402313,404749,404832,83,2436
402313,404757,404835,78,2444
402313,404759,404835,76,2446
402313,404753,404836,83,2440
402313,404759,404837,78,2446
402345,404833,404840,7,2488
402345,404831,404840,9,2486
402345,404792,404841,49,2447
402345,404793,404842,49,2448
402345,404835,404842,7,2490
402345,404835,404847,12,2490
402345,404798,404852,54,2453
402345,404793,404853,60,2448
402345,404825,404853,28,2480
402345,404820,404854,34,2475
402345,404794,404856,62,2449
402345,404825,404856,31,2480
402345,404823,404857,34,2478
402345,404808,404858,50,2463
402345,404792,404858,66,2447
402345,404836,404860,24,2491
402345,404802,404860,58,2457
402345,404808,404860,52,2463
402345,404795,404862,67,2450
402345,404796,404864,68,2451
402345,404807,404865,58,2462
402345,404793,404865,72,2448
402345,404800,404865,65,2455
402345,404823,404866,43,2478
402345,404840,404868,28,2495
402345,404800,404869,69,2455
402345,404837,404869,32,2492
402345,404796,404869,73,2451
402345,404810,404871,61,2465
402345,404816,404871,55,2471
402345,404791,404872,81,2446
402345,404800,404874,74,2455
402345,404819,404877,58,2474
402345,404798,404877,79,2453
402345,404811,404882,71,2466
402345,404840,404884,44,2495
402345,404819,404887,68,2474
402345,404842,404896,54,2497
402345,404841,404900,59,2496
402345,404852,404908,56,2507
402345,404860,404911,51,2515
402345,404853,404915,62,2508
402345,404847,404916,69,2502
402345,404856,404916,60,2511
402345,404858,404918,60,2513
402345,404857,404919,62,2512
402345,404865,404918,53,2520
402345,404856,404919,63,2511
402345,404854,404919,65,2509
402345,404859,404920,61,2514
402345,404862,404922,60,2517
402345,404842,404923,81,2497
402345,404866,404928,62,2521
402345,404853,404929,76,2508
402345,404865,404931,66,2520
402345,404871,404934,63,2526
402345,404860,404938,78,2515
402345,404871,404938,67,2526
402345,404862,404939,77,2517
402345,404864,404939,75,2519
402345,404865,404940,75,2520
402345,404869,404943,74,2524
402345,404868,404945,77,2523
402345,404874,404945,71,2529
402345,404872,404948,76,2527
402345,404869,404949,80,2524
402345,404870,404950,80,2525
402345,404949,404953,4,2604
402345,404948,404953,5,2603
402345,404950,404953,3,2605
402345,404877,404954,77,2532
402345,404878,404955,77,2533
402345,404953,404956,3,2608
402345,404953,404956,3,2608
402345,404953,404956,3,2608
402345,404954,404956,2,2609
402345,404884,404958,74,2539
402345,404956,404958,2,2611
402345,404956,404959,3,2611
402345,404956,404959,3,2611
402345,404956,404958,2,2611
402345,404945,404960,15,2600
402345,404882,404960,78,2537
402345,404887,404959,72,2542
402345,404900,404961,61,2555
402345,404957,404960,3,2612
402345,404958,404960,2,2613
402345,404959,404962,3,2614
402345,404959,404962,3,2614
402345,404958,404961,3,2613
402345,404959,404962,3,2614
402345,404960,404962,2,2615
402345,404908,404963,55,2563
402345,404960,404963,3,2615
402345,404961,404963,2,2616
402345,404960,404964,4,2615
402345,404896,404964,68,2551
402345,404962,404964,2,2617
402345,404961,404964,3,2616
402345,404962,404964,2,2617
402345,404963,404965,2,2618
402345,404962,404965,3,2617
402345,404962,404966,4,2617
402345,404962,404965,3,2617
402345,404963,404966,3,2618
402345,404962,404965,3,2617
402345,404964,404967,3,2619
402345,404963,404966,3,2618
402345,404964,404967,3,2619
402345,404965,404968,3,2620
402345,404965,404968,3,2620
402345,404964,404967,3,2619
402345,404966,404968,2,2621
402345,404964,404967,3,2619
402345,404965,404969,4,2620
402345,404966,404970,4,2621
402345,404966,404970,4,2621
402345,404967,404970,3,2622
402345,404967,404970,3,2622
402345,404968,404971,3,2623
402345,404968,404972,4,2623
402345,404967,404972,5,2622
402345,404967,404971,4,2622
402345,404940,404971,31,2595
402345,404968,404973,5,2623
402345,404968,404974,6,2623
402345,404968,404973,5,2623
402345,404969,404975,6,2624
402345,404970,404975,5,2625
402345,404970,404978,8,2625
402345,404970,404978,8,2625
402345,404971,404977,6,2626
402345,404970,404979,9,2625
402345,404911,404979,68,2566
402345,404945,404979,34,2600
402345,404972,404980,8,2627
402345,404972,404979,7,2627
402345,404917,404981,64,2572
402345,404943,404981,38,2598
402345,404920,404983,63,2575
402345,404973,404984,11,2628
402345,404915,404984,69,2570
402345,404972,404984,12,2627
402345,404972,404985,13,2627
402345,404918,404988,70,2573
402345,404922,404992,70,2577
402345,404928,404993,65,2583
402345,404916,404993,77,2571
402345,404931,404994,63,2586
402345,404920,404993,73,2575
402345,404920,404997,77,2575
402345,404919,404998,79,2574
402345,404934,405000,66,2589
402345,404921,405001,80,2576
402345,404923,405002,79,2578
402345,404938,405003,65,2593
402166,404059,405004,945,1893
402345,404938,405012,74,2593
402345,404929,405013,84,2584
402389,404975,405015,40,2586
402345,404940,405017,77,2595
402345,404939,405019,80,2594
402389,404974,405023,49,2585
402389,404979,405024,45,2590
402389,404975,405027,52,2586
402389,405004,405033,29,2615
402389,404979,405033,54,2590
402389,404981,405034,53,2592
402389,405003,405036,33,2614
402389,404981,405036,55,2592
402389,405012,405038,26,2623
402389,404988,405039,51,2599
402389,404980,405040,60,2591
402389,404984,405040,56,2595
402389,404983,405040,57,2594
402389,405013,405041,28,2624
402389,404992,405040,48,2603
402389,404984,405040,56,2595
402389,404984,405041,57,2595
402389,404994,405043,49,2605
402389,404979,405044,65,2590
402389,404978,405045,67,2589
402389,405002,405045,43,2613
402389,404978,405045,67,2589
402389,404983,405046,63,2594
402389,404980,405048,68,2591
402389,404985,405048,63,2596
402389,405000,405050,50,2611
402389,404993,405050,57,2604
402389,405001,405053,52,2612
402389,404998,405054,56,2609
402389,405015,405054,39,2626
402389,405020,405057,37,2631
402389,404998,405058,60,2609
402389,404993,405060,67,2604
402389,405023,405061,38,2634
402389,405017,405063,46,2628
402389,404994,405064,70,2605
402389,405024,405077,53,2635
402389,405027,405078,51,2638
402389,405033,405083,50,2644
402389,405040,405085,45,2651
402389,405042,405088,46,2653
402389,405034,405088,54,2645
402389,405036,405088,52,2647
402389,405041,405091,50,2652
402389,405033,405090,57,2644
402389,405036,405091,55,2647
402389,405045,405095,50,2656
402389,405045,405099,54,2656
402389,405050,405102,52,2661
402389,405040,405103,63,2651
402389,405050,405105,55,2661
402389,405042,405105,63,2653
402389,405041,405106,65,2652
402389,405043,405105,62,2654
402389,405038,405107,69,2649
402389,405040,405111,71,2651
402389,405044,405114,70,2655
402389,405048,405114,66,2659
402389,405048,405115,67,2659
402389,405046,405116,70,2657
402389,405045,405117,72,2656
402389,405040,405117,77,2651
402389,405053,405118,65,2664
402389,405058,405124,66,2669
402389,405054,405126,72,2665
402389,405055,405125,70,2666
402389,405062,405126,64,2673
402389,405060,405127,67,2671
402389,405063,405127,64,2674
402389,405126,405130,4,2737
402389,405127,405130,3,2738
402389,405126,405130,4,2737
402389,405127,405130,3,2738
402389,405128,405131,3,2739
402389,405130,405133,3,2741
402389,405124,405132,8,2735
402389,405130,405133,3,2741
402389,405130,405133,3,2741
402389,405064,405133,69,2675
402389,405131,405135,4,2742
402389,405132,405135,3,2743
402389,405133,405136,3,2744
402389,405133,405136,3,2744
402389,405088,405136,48,2699
402389,405057,405136,79,2668
402389,405133,405136,3,2744
402389,405133,405136,3,2744
402389,405135,405138,3,2746
402389,405134,405138,4,2745
402389,405083,405138,55,2694
402389,405078,405138,60,2689
402389,405077,405138,61,2688
402389,405088,405139,51,2699
402389,405136,405139,3,2747
402389,405136,405139,3,2747
402389,405136,405138,2,2747
402389,405136,405139,3,2747
402389,405136,405139,3,2747
402389,405137,405140,3,2748
402389,405138,405141,3,2749
402389,405138,405141,3,2749
402389,405139,405141,2,2750
402389,405138,405142,4,2749
402389,405118,405141,23,2729
402389,405137,405141,4,2748
402389,405138,405141,3,2749
402389,405139,405143,4,2750
402389,405139,405143,4,2750
402389,405139,405142,3,2750
402389,405139,405142,3,2750
402389,405140,405145,5,2751
402389,405141,405145,4,2752
402389,405140,405145,5,2751
402389,405141,405145,4,2752
402389,405141,405144,3,2752
402389,405141,405146,5,2752
402389,405085,405146,61,2696
402389,405143,405148,5,2754
402389,405088,405147,59,2699
402389,405117,405148,31,2728
402389,405092,405149,57,2703
402389,405142,405149,7,2753
402389,405091,405150,59,2702
402389,405143,405150,7,2754
402389,405143,405149,6,2754
402389,405143,405150,7,2754
402389,405143,405150,7,2754
402389,405144,405151,7,2755
402389,405143,405151,8,2754
402389,405146,405153,7,2757
402389,405145,405153,8,2756
402389,405091,405154,63,2702
402389,405145,405154,9,2756
402389,405146,405155,9,2757
402389,405147,405155,8,2758
402389,405102,405158,56,2713
402389,405149,405158,9,2760
402389,405145,405159,14,2756
402389,405148,405160,12,2759
402389,405145,405159,14,2756
402389,405149,405161,12,2760
402389,405150,405161,11,2761
402389,405150,405161,11,2761
402389,405149,405163,14,2760
402389,405148,405163,15,2759
402389,405105,405166,61,2716
402389,405105,405167,62,2716
402389,405106,405167,61,2717
402389,405117,405169,52,2728
402389,405095,405171,76,2706
402389,405099,405177,78,2710
402389,405106,405177,71,2717
402389,405103,405178,75,2714
402389,405115,405184,69,2726
402389,405111,405185,74,2722
402389,405116,405186,70,2727
402389,405107,405187,80,2718
402389,405114,405187,73,2725
402408,405187,405190,3,2779
402408,405186,405190,4,2778
402408,405188,405190,2,2780
402408,405191,405194,3,2783
402389,405114,405194,80,2725
402408,405191,405195,4,2783
402408,405190,405194,4,2782
402408,405185,405197,12,2777
402408,405154,405198,44,2746
402408,405194,405198,4,2786
402408,405194,405203,9,2786
402408,405153,405205,52,2745
402408,405154,405206,52,2746
402408,405150,405206,56,2742
402408,405155,405206,51,2747
402408,405184,405211,27,2776
402408,405151,405214,63,2743
402408,405151,405215,64,2743
402408,405179,405215,36,2771
402408,405163,405216,53,2755
402408,405150,405217,67,2742
402408,405157,405217,60,2749
402408,405168,405219,51,2760
402408,405177,405219,42,2769
402408,405154,405221,67,2746
402408,405161,405222,61,2753
402408,405163,405223,60,2755
402408,405171,405224,53,2763
402408,405171,405224,53,2763
402408,405167,405224,57,2759
402408,405160,405225,65,2752
402408,405158,405226,68,2750
402408,405166,405227,61,2758
402408,405159,405228,69,2751
402408,405177,405229,52,2769
402408,405195,405230,35,2787
402408,405159,405233,74,2751
402408,405160,405234,74,2752
402408,405161,405235,74,2753
402408,405163,405238,75,2755
402408,405195,405249,54,2787
402408,405198,405252,54,2790
402408,405197,405253,56,2789
402408,405205,405258,53,2797
402408,405206,405259,53,2798
402408,405206,405261,55,2798
402408,405206,405266,60,2798
402408,405198,405267,69,2790
402408,405216,405268,52,2808
402408,405225,405272,47,2817
402408,405215,405275,60,2807
402408,405203,405276,73,2795
402408,405217,405278,61,2809
402408,405214,405280,66,2806
402408,405217,405281,64,2809
402408,405222,405283,61,2814
402408,405219,405283,64,2811
402408,405226,405285,59,2818
402408,405225,405286,61,2817
402408,405223,405287,64,2815
402408,405224,405287,63,2816
402408,405211,405290,79,2803
402408,405215,405291,76,2807
402408,405220,405291,71,2812
402408,405227,405298,71,2819
402408,405224,405299,75,2816
402408,405221,405299,78,2813
402408,405228,405299,71,2820
402408,405230,405301,71,2822
402408,405230,405306,76,2822
402408,405233,405307,74,2825
402408,405235,405307,72,2827
402408,405238,405312,74,2830
402408,405307,405315,8,2899
402408,405234,405316,82,2826
402408,405313,405317,4,2905
402408,405252,405318,66,2844
402408,405315,405318,3,2907
402408,405316,405319,3,2908
402408,405260,405318,58,2852
402408,405318,405320,2,2910
402408,405319,405321,2,2911
402408,405258,405321,63,2850
402408,405318,405321,3,2910
402408,405319,405322,3,2911
402408,405261,405322,61,2853
402408,405320,405322,2,2912
402408,405321,405323,2,2913
402408,405321,405323,2,2913
402408,405320,405323,3,2912
402408,405249,405324,75,2841
402408,405321,405324,3,2913
402408,405266,405324,58,2858
402408,405322,405324,2,2914
402408,405322,405325,3,2914
402408,405323,405325,2,2915
402408,405323,405325,2,2915
402408,405322,405324,2,2914
402408,405306,405326,20,2898
402408,405323,405326,3,2915
402408,405324,405327,3,2916
402408,405324,405327,3,2916
402408,405325,405327,2,2917
402408,405325,405327,2,2917
402408,405324,405327,3,2916
402228,404440,405327,887,2212
402408,405324,405327,3,2916
402408,405253,405327,74,2845
402408,405325,405327,2,2917
402408,405325,405327,2,2917
402408,405327,405329,2,2919
402408,405326,405329,3,2918
402408,405327,405329,2,2919
402408,405327,405329,2,2919
402408,405326,405330,4,2918
402408,405327,405330,3,2919
402408,405327,405330,3,2919
402408,405327,405329,2,2919
402408,405328,405331,3,2920
402408,405327,405331,4,2919
402408,405328,405331,3,2920
402408,405328,405330,2,2920
402408,405329,405332,3,2921
402408,405329,405332,3,2921
402408,405329,405332,3,2921
402408,405307,405333,26,2899
402408,405329,405332,3,2921
402408,405330,405333,3,2922
402408,405330,405333,3,2922
402408,405330,405334,4,2922
402408,405331,405334,3,2923
402408,405268,405335,67,2860
402408,405330,405334,4,2922
402408,405331,405335,4,2923
402408,405272,405336,64,2864
402408,405332,405336,4,2924
402408,405331,405337,6,2923
402408,405332,405337,5,2924
402408,405332,405338,6,2924
402408,405275,405337,62,2867
402408,405333,405340,7,2925
402408,405332,405340,8,2924
402408,405267,405341,74,2859
402408,405333,405342,9,2925
402408,405283,405344,61,2875
402408,405278,405344,66,2870
402408,405283,405345,62,2875
402408,405285,405347,62,2877
402408,405286,405347,61,2878
402408,405299,405348,49,2891
402408,405288,405349,61,2880
402408,405276,405358,82,2868
402408,405281,405358,77,2873
402408,405280,405359,79,2872
402408,405291,405367,76,2883
402408,405290,405368,78,2882
402408,405291,405368,77,2883
402408,405287,405370,83,2879
402408,405301,405375,74,2893
402408,405299,405376,77,2891
402408,405298,405378,80,2890
402410,405371,405379,8,2961
402410,405376,405379,3,2966
402410,405376,405380,4,2966
402410,405335,405380,45,2925
402410,405379,405381,2,2969
402410,405378,405380,2,2968
402410,405379,405382,3,2969
402410,405380,405382,2,2970
402408,405299,405382,83,2891
402410,405347,405383,36,2937
402410,405380,405382,2,2970
402410,405336,405384,48,2926
402410,405335,405384,49,2925
402410,405381,405384,3,2971
402410,405334,405386,52,2924
402410,405336,405387,51,2926
402410,405381,405387,6,2971
402410,405333,405390,57,2923
402410,405369,405390,21,2959
402410,405339,405390,51,2929
402410,405338,405391,53,2928
402410,405337,405393,56,2927
402410,405340,405394,54,2930
402410,405349,405393,44,2939
402410,405358,405395,37,2948
402410,405342,405395,53,2932
402410,405344,405395,51,2934
402410,405334,405395,61,2924
402410,405335,405396,61,2925
402410,405348,405397,49,2938
402410,405347,405398,51,2937
402410,405382,405399,17,2972
402410,405344,405399,55,2934
402410,405341,405400,59,2931
402410,405368,405399,31,2958
402410,405340,405400,60,2930
402410,405345,405401,56,2935
402410,405367,405403,36,2957
402410,405359,405404,45,2949
402410,405337,405408,71,2927
402410,405358,405408,50,2948
402410,405382,405411,29,2972
402410,405383,405430,47,2973
402410,405382,405431,49,2972
402410,405384,405433,49,2974
402410,405384,405435,51,2974
402410,405386,405438,52,2976
402410,405390,405439,49,2980
402410,405390,405446,56,2980
402410,405387,405446,59,2977
402410,405398,405449,51,2988
402410,405387,405450,63,2977
402410,405384,405450,66,2974
402410,405394,405450,56,2984
402410,405393,405452,59,2983
402410,405395,405452,57,2985
402410,405401,405453,52,2991
402410,405391,405453,62,2981
402410,405399,405456,57,2989
402410,405395,405456,61,2985
402410,405384,405458,74,2974
402410,405400,405458,58,2990
402410,405395,405458,63,2985
402410,405396,405460,64,2986
402410,405390,405460,70,2980
402410,405400,405464,64,2990
402410,405411,405464,53,3001
402410,405399,405465,66,2989
402410,405397,405465,68,2987
402410,405394,405467,73,2984
402410,405400,405468,68,2990
402410,405395,405469,74,2985
402410,405408,405471,63,2998
402410,405404,405472,68,2994
402410,405404,405474,70,2994
402410,405472,405476,4,3062
402410,405471,405476,5,3061
402410,405470,405476,6,3060
402410,405475,405478,3,3065
402410,405476,405479,3,3066
402410,405477,405480,3,3067
402410,405477,405480,3,3067
402410,405478,405482,4,3068
402410,405479,405482,3,3069
402410,405480,405483,3,3070
402410,405408,405482,74,2998
402410,405480,405483,3,3070
402410,405430,405484,54,3020
402410,405482,405485,3,3072
402410,405482,405484,2,3072
402410,405484,405486,2,3074
402410,405483,405486,3,3073
402410,405483,405486,3,3073
402410,405433,405487,54,3023
402410,405483,405487,4,3073
402410,405486,405488,2,3076
402410,405485,405488,3,3075
402410,405485,405488,3,3075
402410,405468,405489,21,3058
402410,405486,405489,3,3076
402410,405487,405490,3,3077
402410,405466,405490,24,3056
402410,405486,405489,3,3076
402410,405488,405490,2,3078
402410,405487,405492,5,3077
402410,405488,405492,4,3078
402410,405489,405492,3,3079
402410,405489,405492,3,3079
402410,405490,405493,3,3080
402410,405491,405493,2,3081
402410,405488,405492,4,3078
402410,405490,405494,4,3080
402214,404236,405494,1258,2022
402410,405493,405496,3,3083
402410,405493,405496,3,3083
402410,405492,405496,4,3082
402410,405492,405496,4,3082
402410,405492,405496,4,3082
402410,405490,405496,6,3080
402410,405450,405498,48,3040
402410,405493,405498,5,3083
402410,405494,405499,5,3084
402410,405492,405498,6,3082
402410,405446,405500,54,3036
402410,405494,405500,6,3084
402410,405438,405500,62,3028
402410,405496,405501,5,3086
402410,405496,405501,5,3086
402410,405440,405501,61,3030
402410,405496,405502,6,3086
402410,405496,405503,7,3086
402410,405496,405505,9,3086
402410,405498,405505,7,3088
402410,405498,405506,8,3088
402410,405497,405507,10,3087
402410,405431,405508,77,3021
402410,405499,405509,10,3089
402410,405450,405509,59,3040
402410,405435,405510,75,3025
402410,405465,405509,44,3055
402410,405500,405510,10,3090
402410,405464,405511,47,3054
402410,405458,405511,53,3048
402410,405501,405512,11,3091
402410,405499,405512,13,3089
402410,405453,405512,59,3043
402410,405453,405512,59,3043
402410,405451,405513,62,3041
402410,405500,405514,14,3090
402410,405500,405514,14,3090
402410,405452,405516,64,3042
402410,405457,405517,60,3047
402410,405456,405518,62,3046
402410,405453,405518,65,3043
402410,405450,405521,71,3040
402410,405446,405523,77,3036
402410,405461,405524,63,3051
402410,405464,405525,61,3054
402410,405458,405525,67,3048
402410,405459,405528,69,3049
402410,405467,405533,66,3057
403086,405507,405533,26,2421
402410,405460,405533,73,3050
403086,405512,405546,34,2426
403086,405534,405549,15,2448
403086,405502,405553,51,2416
403086,405508,405554,46,2422
403086,405533,405555,22,2447
403086,405527,405556,29,2441
403086,405512,405557,45,2426
403086,405546,405559,13,2460
403086,405503,405561,58,2417
403086,405505,405563,58,2419
403086,405510,405564,54,2424
403086,405505,405564,59,2419
403086,405502,405565,63,2416
403086,405516,405568,52,2430
403086,405533,405568,35,2447
403086,405512,405568,56,2426
403086,405509,405568,59,2423
403086,405550,405568,18,2464
403086,405513,405569,56,2427
403086,405517,405570,53,2431
403086,405511,405571,60,2425
403086,405513,405572,59,2427
403086,405518,405573,55,2432
403086,405518,405572,54,2432
403086,405529,405574,45,2443
403086,405506,405574,68,2420
403086,405510,405574,64,2424
403086,405511,405576,65,2425
403086,405553,405576,23,2467
403086,405514,405576,62,2428
403086,405525,405576,51,2439
403086,405524,405577,53,2438
403086,405510,405579,69,2424
403086,405514,405580,66,2428
403086,405509,405581,72,2423
403086,405521,405584,63,2435
403086,405523,405584,61,2437
403086,405554,405593,39,2468
403086,405571,405596,25,2485
402315,404791,405601,810,2476
403086,405577,405608,31,2491
403086,405555,405609,54,2469
403086,405556,405617,61,2470
403086,405571,405618,47,2485
403086,405559,405619,60,2473
403086,405568,405620,52,2482
403086,405572,405621,49,2486
403086,405563,405622,59,2477
403086,405564,405623,59,2478
403086,405569,405623,54,2483
403086,405557,405625,68,2471
403086,405573,405626,53,2487
403086,405561,405628,67,2475
403086,405568,405630,62,2482
403086,405577,405630,53,2491
403086,405576,405631,55,2490
403086,405584,405632,48,2498
403086,405573,405633,60,2487
403086,405576,405633,57,2490
403086,405570,405633,63,2484
403086,405601,405635,34,2515
403086,405568,405635,67,2482
403086,405564,405636,72,2478
403086,405574,405636,62,2488
403086,405575,405637,62,2489
403086,405584,405637,53,2498
403086,405570,405637,67,2484
403086,405579,405636,57,2493
403086,405576,405639,63,2490
403086,405565,405638,73,2479
403086,405574,405644,70,2488
403086,405581,405652,71,2495
403086,405644,405653,9,2558
403086,405596,405654,58,2510
403086,405580,405654,74,2494
403086,405654,405657,3,2568
403086,405653,405657,4,2567
403086,405609,405658,49,2523
403086,405652,405658,6,2566
403086,405654,405657,3,2568
403086,405657,405659,2,2571
403086,405657,405660,3,2571
403086,405658,405661,3,2572
403086,405659,405661,2,2573
403086,405658,405661,3,2572
403086,405659,405662,3,2573
403086,405661,405663,2,2575
403086,405661,405663,2,2575
403086,405661,405664,3,2575
403086,405660,405663,3,2574
403086,405662,405665,3,2576
403086,405593,405665,72,2507
403086,405663,405666,3,2577
403086,405664,405666,2,2578
403086,405664,405667,3,2578
403086,405664,405668,4,2578
403086,405666,405668,2,2580
403086,405665,405669,4,2579
403086,405665,405668,3,2579
403086,405667,405670,3,2581
403086,405668,405671,3,2582
403086,405667,405671,4,2581
403086,405668,405671,3,2582
403086,405669,405672,3,2583
403086,405669,405674,5,2583
403086,405671,405674,3,2585
403086,405670,405674,4,2584
403086,405671,405675,4,2585
403086,405608,405675,67,2522
403086,405671,405676,5,2585
403086,405630,405677,47,2544
403086,405672,405677,5,2586
403086,405621,405677,56,2535
403086,405674,405678,4,2588
403086,405674,405679,5,2588
403086,405674,405680,6,2588
403086,405675,405680,5,2589
403086,405618,405681,63,2532
403086,405676,405681,5,2590
403086,405676,405682,6,2590
403086,405619,405682,63,2533
403086,405677,405683,6,2591
403086,405677,405683,6,2591
403086,405631,405683,52,2545
403086,405677,405685,8,2591
403086,405621,405685,64,2535
403086,405623,405686,63,2537
403086,405678,405686,8,2592
403086,405626,405685,59,2540
403086,405623,405687,64,2537
403086,405680,405687,7,2594
403086,405617,405687,70,2531
403086,405639,405687,48,2553
403086,405683,405689,6,2597
403086,405681,405689,8,2595
403086,405680,405689,9,2594
403086,405679,405690,11,2593
403086,405630,405691,61,2544
403086,405681,405693,12,2595
403086,405682,405693,11,2596
403086,405682,405694,12,2596
403086,405683,405694,11,2597
403086,405633,405694,61,2547
403086,405622,405695,73,2536
403086,405633,405695,62,2547
403086,405684,405695,11,2598
403086,405625,405697,72,2539
403086,405633,405697,64,2547
403086,405685,405700,15,2599
403086,405635,405702,67,2549
403086,405639,405702,63,2553
403086,405628,405703,75,2542
403086,405637,405706,69,2551
403086,405632,405706,74,2546
403086,405636,405707,71,2550
403086,405637,405710,73,2551
403086,405635,405711,76,2549
403086,405637,405712,75,2551
403086,405636,405712,76,2550
403086,405637,405714,77,2551
403255,405686,405730,44,2431
403255,405694,405731,37,2439
403255,405690,405733,43,2435
403255,405690,405736,46,2435
403255,405686,405739,53,2431
403255,405693,405746,53,2438
403255,405686,405746,60,2431
403255,405694,405746,52,2439
403255,405687,405746,59,2432
403255,405695,405750,55,2440
403255,405688,405750,62,2433
403255,405689,405750,61,2434
403255,405689,405753,64,2434
403255,405698,405755,57,2443
403255,405687,405756,69,2432
403255,405689,405757,68,2434
403255,405695,405759,64,2440
403255,405700,405759,59,2445
403255,405691,405759,68,2436
403255,405702,405760,58,2447
403255,405702,405763,61,2447
403255,405694,405765,71,2439
403255,405693,405767,74,2438
403255,405733,405769,36,2478
403255,405736,405771,35,2481
403255,405695,405772,77,2440
403255,405714,405773,59,2459
403255,405707,405774,67,2452
403255,405697,405776,79,2442
403255,405710,405776,66,2455
403255,405730,405775,45,2475
403255,405703,405778,75,2448
403255,405706,405778,72,2451
403255,405731,405780,49,2476
403255,405711,405780,69,2456
403255,405739,405781,42,2484
403255,405712,405783,71,2457
403255,405713,405786,73,2458
403255,405707,405788,81,2452
403255,405746,405790,44,2491
403255,405746,405791,45,2491
403255,405746,405806,60,2491
403255,405747,405809,62,2492
403255,405750,405810,60,2495
403255,405753,405817,64,2498
403255,405750,405819,69,2495
403255,405751,405819,68,2496
403255,405755,405822,67,2500
403255,405759,405823,64,2504
403255,405759,405824,65,2504
403255,405760,405824,64,2505
403255,405763,405824,61,2508
403255,405756,405830,74,2501
403255,405769,405831,62,2514
403255,405759,405836,77,2504
403255,405776,405836,60,2521
403255,405790,405842,52,2535
403255,405760,405843,83,2505
403255,405771,405843,72,2516
403255,405778,405844,66,2523
403255,405766,405845,79,2511
403255,405774,405845,71,2519
403255,405776,405846,70,2521
403255,405773,405848,75,2518
403255,405788,405849,61,2533
403255,405791,405850,59,2536
403255,405778,405851,73,2523
403255,405772,405852,80,2517
403255,405780,405854,74,2525
403255,405767,405855,88,2512
403255,405776,405859,83,2521
403255,405780,405860,80,2525
403255,405786,405861,75,2531
403255,405783,405862,79,2528
403255,405781,405864,83,2526
403255,405809,405868,59,2554
403255,405864,405874,10,2609
403255,405868,405875,7,2613
403255,405806,405876,70,2551
403255,405875,405877,2,2620
403255,405817,405878,61,2562
403255,405876,405879,3,2621
403255,405810,405878,68,2555
403255,405874,405880,6,2619
403255,405877,405880,3,2622
403255,405878,405880,2,2623
403255,405879,405880,1,2624
403255,405879,405881,2,2624
403255,405880,405882,2,2625
403255,405880,405882,2,2625
403255,405880,405882,2,2625
403255,405882,405884,2,2627
403255,405882,405884,2,2627
403255,405882,405883,1,2627
403255,405882,405884,2,2627
403255,405882,405885,3,2627
403255,405884,405886,2,2629
403255,405819,405886,67,2564
403255,405822,405886,64,2567
403255,405884,405886,2,2629
403255,405884,405886,2,2629
403255,405885,405887,2,2630
403255,405886,405888,2,2631
403255,405886,405888,2,2631
403255,405885,405888,3,2630
403255,405886,405888,2,2631
403255,405819,405889,70,2564
403255,405887,405889,2,2632
403255,405886,405888,2,2631
403255,405888,405890,2,2633
403255,405887,405889,2,2632
403255,405824,405890,66,2569
403255,405889,405891,2,2634
403255,405888,405891,3,2633
403255,405888,405890,2,2633
403255,405888,405890,2,2633
403255,405889,405891,2,2634
403255,405890,405892,2,2635
403255,405890,405892,2,2635
403255,405890,405892,2,2635
403255,405890,405892,2,2635
403255,405892,405894,2,2637
403255,405891,405893,2,2636
403255,405891,405894,3,2636
403255,405891,405893,2,2636
403255,405892,405895,3,2637
403255,405892,405894,2,2637
403255,405892,405894,2,2637
403255,405823,405896,73,2568
403255,405893,405895,2,2638
403255,405893,405895,2,2638
403255,405836,405897,61,2581
403255,405894,405897,3,2639
403255,405824,405897,73,2569
403255,405894,405896,2,2639
403255,405894,405896,2,2639
403255,405894,405896,2,2639
403255,405895,405899,4,2640
403255,405831,405901,70,2576
403255,405861,405902,41,2606
403255,405824,405904,80,2569
403255,405830,405905,75,2575
403255,405843,405913,70,2588
403255,405843,405914,71,2588
403255,405844,405916,72,2589
403255,405850,405918,68,2595
403255,405836,405921,85,2581
403255,405843,405922,79,2588
403255,405845,405923,78,2590
403255,405845,405925,80,2590
403255,405862,405926,64,2607
403255,405848,405926,78,2593
403255,405849,405927,78,2594
403255,405860,405928,68,2605
403255,405847,405937,90,2592
403255,405854,405940,86,2599
403335,405895,405940,45,2560
403335,405897,405943,46,2562
403255,405851,405945,94,2596
403335,405896,405945,49,2561
403255,405855,405947,92,2600
403335,405896,405947,51,2561
403335,405897,405947,50,2562
403335,405897,405947,50,2562
403335,405945,405949,4,2610
403335,405947,405949,2,2612
403335,405947,405950,3,2612
403335,405947,405949,2,2612
403335,405898,405949,51,2563
403335,405897,405951,54,2562
403255,405852,405951,99,2597
403335,405896,405951,55,2561
403255,405859,405951,92,2604
403335,405949,405951,2,2614
403335,405949,405951,2,2614
403335,405949,405955,6,2614
403335,405901,405956,55,2566
403335,405945,405957,12,2610
403335,405899,405962,63,2564
403335,405902,405963,61,2567
403335,405897,405964,67,2562
403335,405943,405966,23,2608
403335,405904,405966,62,2569
403335,405950,405968,18,2615
403335,405913,405967,54,2578
403335,405940,405973,33,2605
403335,405919,405974,55,2584
403335,405914,405974,60,2579
403335,405905,405975,70,2570
403335,405922,405977,55,2587
403335,405925,405980,55,2590
403335,405923,405981,58,2588
403335,405917,405981,64,2582
403335,405928,405983,55,2593
403335,405927,405983,56,2592
403335,405927,405983,56,2592
403335,405940,405985,45,2605
403335,405950,405986,36,2615
403335,405926,405986,60,2591
403335,405937,405987,50,2602
403335,405921,405990,69,2586
403335,405951,406000,49,2616
403335,405950,406002,52,2615
402314,404791,406006,1215,2477
403335,405952,406007,55,2617
403335,405953,406010,57,2618
403335,405951,406010,59,2616
403335,405955,406012,57,2620
403335,405956,406013,57,2621
403335,405951,406017,66,2616
403335,405951,406020,69,2616
403335,405968,406025,57,2633
403335,405957,406025,68,2622
403335,405966,406026,60,2631
403335,405973,406029,56,2638
403335,405974,406031,57,2639
403335,405964,406031,67,2629
403335,405966,406033,67,2631
403335,405962,406033,71,2627
403335,405963,406035,72,2628
403335,405968,406035,67,2633
403335,405983,406041,58,2648
403335,405986,406042,56,2651
403335,405974,406043,69,2639
403335,405981,406043,62,2646
403335,405975,406044,69,2640
403335,405980,406044,64,2645
403335,405977,406047,70,2642
403335,405986,406047,61,2651
403335,405985,406048,63,2650
403335,405983,406049,66,2648
403335,405981,406051,70,2646
403335,405983,406053,70,2648
403335,405987,406056,69,2652
403335,406002,406060,58,2667
403335,406001,406060,59,2666
403335,406060,406063,3,2725
403335,406053,406063,10,2718
403335,406060,406064,4,2725
403335,406056,406064,8,2721
403335,406007,406064,57,2672
403335,406063,406065,2,2728
403335,405990,406065,75,2655
403335,406063,406066,3,2728
403335,406064,406066,2,2729
403335,406064,406067,3,2729
403335,406064,406067,3,2729
403335,406065,406068,3,2730
403335,406066,406068,2,2731
403335,406010,406069,59,2675
403335,406065,406069,4,2730
403335,406066,406069,3,2731
403335,406067,406069,2,2732
403335,406068,406070,2,2733
403335,406010,406069,59,2675
403335,406067,406071,4,2732
403335,406013,406070,57,2678
403335,406068,406070,2,2733
403335,406069,406071,2,2734
403335,406069,406072,3,2734
403335,406069,406073,4,2734
403335,406070,406073,3,2735
403335,406070,406073,3,2735
403335,406070,406072,2,2735
403335,406072,406074,2,2737
403335,406071,406074,3,2736
403335,406072,406075,3,2737
403335,406012,406075,63,2677
403335,406072,406074,2,2737
403335,406073,406076,3,2738
403335,406073,406076,3,2738
403335,406072,406076,4,2737
403335,406006,406077,71,2671
403335,406073,406077,4,2738
403335,406073,406077,4,2738
403335,406074,406078,4,2739
403335,406074,406079,5,2739
403335,406075,406079,4,2740
403335,406075,406078,3,2740
403335,406075,406080,5,2740
403335,406076,406080,4,2741
403335,406076,406080,4,2741
403335,406076,406082,6,2741
403335,406077,406082,5,2742
403335,406077,406083,6,2742
403335,406078,406086,8,2743
403335,406079,406086,7,2744
403335,406079,406086,7,2744
403335,406078,406087,9,2743
403335,406017,406087,70,2682
403335,406027,406087,60,2692
403335,406026,406089,63,2691
403335,406080,406089,9,2745
403335,406051,406089,38,2716
403335,406081,406090,9,2746
403335,406082,406090,8,2747
403335,406080,406091,11,2745
403335,406082,406091,9,2747
403335,406081,406092,11,2746
403335,406084,406093,9,2749
403335,406020,406094,74,2685
403335,406029,406094,65,2694
403335,406031,406094,63,2696
403335,406086,406095,9,2751
403335,406086,406100,14,2751
403335,406033,406102,69,2698
403335,406042,406104,62,2707
403335,406025,406104,79,2690
403335,406031,406104,73,2696
403335,406035,406105,70,2700
403335,406035,406106,71,2700
403335,406043,406107,64,2708
403335,406033,406108,75,2698
402346,404974,406110,1136,2628
403335,406049,406111,62,2714
403335,406043,406114,71,2708
403335,406047,406114,67,2712
403574,406095,406115,20,2521
403335,406045,406116,71,2710
403335,406041,406116,75,2706
403335,406048,406117,69,2713
403335,406047,406119,72,2712
403574,406116,406120,4,2542
403574,406117,406120,3,2543
403574,406116,406121,5,2542
403574,406119,406121,2,2545
403574,406120,406122,2,2546
403574,406120,406122,2,2546
403335,406044,406123,79,2709
403574,406121,406123,2,2547
403574,406121,406124,3,2547
403574,406095,406124,29,2521
403574,406122,406125,3,2548
403574,406122,406125,3,2548
403574,406123,406126,3,2549
403574,406123,406126,3,2549
403574,406116,406127,11,2542
403574,406124,406127,3,2550
403574,406124,406129,5,2550
403574,406089,406129,40,2515
403574,406100,406131,31,2526
403574,406089,406134,45,2515
403574,406090,406135,45,2516
403574,406093,406137,44,2519
403574,406114,406140,26,2540
403574,406090,406141,51,2516
403574,406125,406141,16,2551
403574,406092,406143,51,2518
403574,406087,406144,57,2513
403574,406087,406148,61,2513
403574,406094,406148,54,2520
403574,406091,406147,56,2517
403574,406105,406152,47,2531
403574,406090,406154,64,2516
403574,406104,406155,51,2530
403574,406107,406155,48,2533
403574,406090,406158,68,2516
403574,406091,406159,68,2517
403574,406104,406160,56,2530
403574,406102,406161,59,2528
403574,406110,406162,52,2536
403574,406111,406163,52,2537
403574,406126,406164,38,2552
403574,406114,406165,51,2540
403574,406104,406166,62,2530
403574,406094,406172,78,2520
403574,406106,406177,71,2532
403574,406108,406178,70,2534
403574,406125,406185,60,2551
403574,406134,406185,51,2560
403574,406159,406189,30,2585
403574,406127,406189,62,2553
403574,406129,406192,63,2555
403574,406127,406193,66,2553
403574,406129,406194,65,2555
403574,406135,406195,60,2561
403574,406137,406197,60,2563
403574,406126,406200,74,2552
403574,406143,406202,59,2569
403574,406141,406202,61,2567
403574,406131,406205,74,2557
403574,406148,406209,61,2574
403574,406148,406213,65,2574
403574,406144,406214,70,2570
403574,406149,406215,66,2575
403574,406155,406215,60,2581
403574,406140,406217,77,2566
403574,406160,406218,58,2586
403574,406141,406223,82,2567
403574,406162,406225,63,2588
403574,406154,406225,71,2580
403574,406152,406227,75,2578
403574,406159,406229,70,2585
403574,406164,406231,67,2590
403574,406155,406235,80,2581
403574,406194,406235,41,2620
403574,406164,406235,71,2590
403574,406162,406236,74,2588
403574,406186,406239,53,2612
403574,406165,406241,76,2591
403574,406192,406242,50,2618
403574,406242,406245,3,2668
403574,406241,406246,5,2667
403574,406236,406246,10,2662
403574,406245,406247,2,2671
403574,406239,406248,9,2665
403574,406167,406249,82,2593
403574,406246,406249,3,2672
403574,406247,406249,2,2673
403574,406246,406249,3,2672
403574,406248,406251,3,2674
403574,406177,406252,75,2603
403574,406172,406252,80,2598
403574,406235,406252,17,2661
403574,406195,406252,57,2621
403574,406249,406252,3,2675
403574,406249,406252,3,2675
403574,406249,406252,3,2675
403574,406189,406253,64,2615
403574,406178,406253,75,2604
403574,406252,406254,2,2678
403574,406250,406253,3,2676
403574,406197,406254,57,2623
403574,406252,406254,2,2678
403574,406252,406254,2,2678
403574,406252,406255,3,2678
403574,406252,406255,3,2678
403574,406253,406255,2,2679
403574,406252,406255,3,2678
403574,406185,406255,70,2611
403574,406253,406255,2,2679
403574,406254,406256,2,2680
403574,406253,406257,4,2679
403574,406254,406257,3,2680
403574,406253,406256,3,2679
403574,406255,406258,3,2681
403574,406255,406258,3,2681
403574,406255,406258,3,2681
403574,406254,406258,4,2680
403574,406255,406258,3,2681
403574,406256,406259,3,2682
403574,406255,406258,3,2681
403574,406257,406259,2,2683
403574,406256,406259,3,2682
403574,406202,406258,56,2628
403574,406256,406259,3,2682
403574,406257,406260,3,2683
403574,406256,406259,3,2682
403574,406258,406261,3,2684
403574,406257,406260,3,2683
403574,406258,406260,2,2684
403574,406259,406262,3,2685
403574,406258,406262,4,2684
403574,406258,406262,4,2684
403574,406259,406263,4,2685
403574,406259,406263,4,2685
403574,406259,406263,4,2685
403574,406259,406263,4,2685
403574,406202,406264,62,2628
403574,406259,406263,4,2685
403574,406189,406265,76,2615
403574,406260,406264,4,2686
403574,406260,406266,6,2686
403574,406228,406267,39,2654
403574,406193,406268,75,2619
403574,406260,406268,8,2686
403574,406209,406273,64,2635
403574,406200,406277,77,2626
403574,406216,406278,62,2642
403574,406205,406282,77,2631
403574,406215,406283,68,2641
403574,406214,406286,72,2640
403574,406213,406286,73,2639
403740,406263,406291,28,2523
403574,406218,406292,74,2644
403740,406263,406299,36,2523
403574,406235,406299,64,2661
403574,406223,406300,77,2649
403574,406225,406300,75,2651
402409,405333,406301,968,2924
403574,406217,406303,86,2643
403574,406231,406303,72,2657
403574,406235,406305,70,2661
403740,406263,406307,44,2523
403740,406262,406307,45,2522
403574,406225,406307,82,2651
403740,406307,406311,4,2567
403740,406307,406312,5,2567
403740,406307,406315,8,2567
403574,406229,406315,86,2655
403740,406311,406315,4,2571
403740,406266,406316,50,2526
403740,406312,406318,6,2572
403740,406261,406318,57,2521
403740,406263,406321,58,2523
403740,406264,406321,57,2524
403740,406305,406322,17,2565
403740,406315,406324,9,2575
403740,406261,406328,67,2521
403740,406303,406328,25,2563
403740,406273,406328,55,2533
403740,406262,406330,68,2522
403740,406264,406330,66,2524
403740,406315,406332,17,2575
403740,406303,406332,29,2563
403740,406278,406337,59,2538
403740,406262,406337,75,2522
403740,406284,406339,55,2544
403740,406315,406340,25,2575
403740,406268,406342,74,2528
403740,406292,406343,51,2552
403740,406266,406344,78,2526
403740,406301,406344,43,2561
403740,406265,406347,82,2525
403740,406291,406348,57,2551
403740,406282,406350,68,2542
403740,406267,406350,83,2527
403740,406299,406352,53,2559
403740,406268,406352,84,2528
403740,406277,406352,75,2537
403740,406300,406353,53,2560
403740,406300,406354,54,2560
403740,406316,406355,39,2576
403740,406300,406358,58,2560
403740,406286,406361,75,2546
403740,406286,406362,76,2546
403740,406319,406370,51,2579
403740,406321,406379,58,2581
403740,406318,406383,65,2578
403740,406328,406384,56,2588
403740,406339,406386,47,2599
403740,406340,406388,48,2600
402410,405501,406391,890,3091
403740,406321,406393,72,2581
403740,406328,406394,66,2588
403740,406331,406399,68,2591
403740,406353,406399,46,2613
403740,406322,406399,77,2582
403740,406332,406400,68,2592
403740,406337,406401,64,2597
403740,406332,406403,71,2592
403740,406330,406406,76,2590
403740,406328,406407,79,2588
403740,406343,406407,64,2603
403740,406344,406409,65,2604
403740,406324,406410,86,2584
402389,405150,406411,1261,2761
403740,406352,406412,60,2612
403740,406401,406414,13,2661
403740,406348,406415,67,2608
403740,406342,406415,73,2602
403740,406355,406416,61,2615
403740,406337,406419,82,2597
403740,406403,406420,17,2663
403740,406344,406422,78,2604
403740,406350,406423,73,2610
403740,406350,406425,75,2610
403740,406354,406430,76,2614
403740,406352,406436,84,2612
403740,406362,406436,74,2622
403740,406347,406436,89,2607
403740,406358,406438,80,2618
403740,406352,406439,87,2612
403740,406438,406442,4,2698
403740,406439,406442,3,2699
403740,406439,406443,4,2699
403740,406436,406443,7,2696
403740,406430,406443,13,2690
403740,406361,406444,83,2621
403740,406442,406445,3,2702
403740,406442,406445,3,2702
403740,406443,406445,2,2703
403740,406388,406446,58,2648
403740,406443,406446,3,2703
403740,406443,406446,3,2703
403740,406436,406445,9,2696
403740,406385,406447,62,2645
403740,406444,406447,3,2704
403740,406370,406446,76,2630
403740,406445,406448,3,2705
403740,406445,406448,3,2705
403740,406445,406448,3,2705
403740,406446,406448,2,2706
403740,406447,406448,1,2707
403740,406446,406449,3,2706
403740,406446,406449,3,2706
403740,406379,406449,70,2639
403740,406447,406450,3,2707
403740,406446,406449,3,2706
403740,406448,406451,3,2708
403740,406447,406450,3,2707
403740,406448,406451,3,2708
403740,406448,406451,3,2708
403740,406449,406451,2,2709
403740,406449,406451,2,2709
403740,406450,406452,2,2710
403740,406449,406452,3,2709
403740,406449,406452,3,2709
403740,406394,406452,58,2654
403740,406450,406453,3,2710
403740,406452,406454,2,2712
403740,406451,406454,3,2711
403740,406451,406454,3,2711
403740,406451,406454,3,2711
403740,406450,406454,4,2710
403740,406452,406455,3,2712
403740,406452,406455,3,2712
403740,406452,406454,2,2712
403740,406452,406454,2,2712
403740,406451,406454,3,2711
403740,406391,406456,65,2651
403740,406452,406455,3,2712
403740,406454,406457,3,2714
403740,406454,406456,2,2714
403740,406453,406456,3,2713
403740,406454,406458,4,2714
403740,406455,406458,3,2715
403740,406455,406458,3,2715
403740,406454,406457,3,2714
403740,406455,406459,4,2715
403740,406455,406458,3,2715
403740,406455,406460,5,2715
403740,406386,406461,75,2646
403740,406399,406462,63,2659
403740,406425,406464,39,2685
403740,406399,406466,67,2659
403740,406393,406467,74,2653
403740,406383,406468,85,2643
403740,406407,406469,62,2667
403740,406415,406473,58,2675
403740,406399,406477,78,2659
403740,406406,406482,76,2666
403740,406422,406482,60,2682
403740,406400,406483,83,2660
403740,406409,406483,74,2669
403740,406412,406484,72,2672
403740,406416,406485,69,2676
403740,406414,406487,73,2674
403740,406411,406487,76,2671
403740,406407,406487,80,2667
403765,406468,406491,23,2703
403765,406491,406496,5,2726
403765,406488,406498,10,2723
403765,406496,406500,4,2731
403765,406498,406501,3,2733
403740,406420,406501,81,2680
403740,406419,406501,82,2679
403765,406500,406502,2,2735
403740,406415,406502,87,2675
403765,406501,406503,2,2736
403765,406501,406503,2,2736
403765,406502,406504,2,2737
403765,406502,406505,3,2737
403740,406410,406505,95,2670
403765,406503,406505,2,2738
403765,406503,406506,3,2738
403765,406503,406506,3,2738
403765,406467,406507,40,2702
403765,406505,406507,2,2740
403765,406505,406507,2,2740
403765,406505,406509,4,2740
403765,406469,406509,40,2704
403765,406456,406511,55,2691
403765,406458,406511,53,2693
403765,406456,406512,56,2691
403765,406457,406513,56,2692
403740,406423,406514,91,2683
403765,406506,406515,9,2741
403765,406458,406515,57,2693
403765,406458,406517,59,2693
403765,406485,406517,32,2720
403765,406466,406517,51,2701
403765,406483,406518,35,2718
403765,406487,406518,31,2722
403765,406461,406519,58,2696
403765,406458,406520,62,2693
403765,406457,406521,64,2692
403765,406464,406523,59,2699
403765,406484,406523,39,2719
403765,406461,406524,63,2696
403765,406473,406524,51,2708
403765,406462,406525,63,2697
403765,406459,406524,65,2694
403765,406487,406525,38,2722
403765,406459,406526,67,2694
403765,406457,406531,74,2692
403765,406483,406533,50,2718
403765,406477,406540,63,2712
403765,406482,406543,61,2717
403765,406482,406547,65,2717
403765,406509,406559,50,2744
403765,406506,406560,54,2741
403765,406507,406560,53,2742
403765,406507,406563,56,2742
403765,406511,406563,52,2746
403087,405685,406569,884,2598
403765,406511,406571,60,2746
403765,406513,406571,58,2748
403765,406508,406573,65,2743
403765,406518,406575,57,2753
403765,406508,406576,68,2743
403765,406516,406579,63,2751
403765,406519,406579,60,2754
403765,406524,406582,58,2759
403765,406509,406584,75,2744
403765,406523,406584,61,2758
403765,406517,406584,67,2752
403765,406517,406585,68,2752
403765,406524,406585,61,2759
403765,406518,406586,68,2753
403765,406517,406586,69,2752
403765,406520,406588,68,2755
403765,406515,406590,75,2750
403765,406521,406592,71,2756
403765,406525,406592,67,2760
403765,406515,406592,77,2750
403765,406512,406593,81,2747
403765,406526,406597,71,2761
403765,406523,406599,76,2758
403765,406525,406598,73,2760
403765,406525,406603,78,2760
403765,406540,406603,63,2775
403765,406547,406603,56,2782
403765,406531,406604,73,2766
403765,406599,406607,8,2834
403765,406603,406608,5,2838
403765,406604,406608,4,2839
403765,406604,406608,4,2839
403765,406603,406609,6,2838
403765,406607,406610,3,2842
403765,406534,406609,75,2769
403765,406608,406611,3,2843
403765,406608,406612,4,2843
403765,406608,406611,3,2843
403765,406610,406613,3,2845
403765,406610,406614,4,2845
403765,406611,406614,3,2846
403765,406543,406614,71,2778
403765,406611,406614,3,2846
403765,406612,406616,4,2847
403765,406613,406616,3,2848
403765,406612,406615,3,2847
403765,406614,406617,3,2849
403765,406614,406617,3,2849
403765,406614,406617,3,2849
403765,406615,406619,4,2850
403765,406616,406619,3,2851
403765,406616,406620,4,2851
403765,406616,406620,4,2851
403765,406617,406620,3,2852
403765,406599,406620,21,2834
403765,406617,406621,4,2852
403765,406617,406620,3,2852
403765,406620,406623,3,2855
403765,406559,406623,64,2794
403765,406619,406623,4,2854
403765,406619,406622,3,2854
403765,406593,406623,30,2828
403765,406621,406624,3,2856
403765,406620,406624,4,2855
403765,406621,406624,3,2856
403765,406621,406625,4,2856
403765,406563,406625,62,2798
403765,406622,406626,4,2857
403765,406623,406626,3,2858
403765,406623,406626,3,2858
403765,406623,406627,4,2858
403765,406623,406626,3,2858
403765,406625,406628,3,2860
403765,406624,406628,4,2859
403765,406624,406628,4,2859
403765,406569,406628,59,2804
403765,406624,406629,5,2859
403765,406625,406629,4,2860
403765,406626,406629,3,2861
403765,406625,406629,4,2860
403765,406626,406631,5,2861
403765,406626,406632,6,2861
403765,406571,406632,61,2806
403765,406628,406633,5,2863
403765,406627,406633,6,2862
403765,406563,406634,71,2798
403765,406560,406635,75,2795
403765,406627,406635,8,2862
403765,406571,406637,66,2806
403765,406628,406637,9,2863
403765,406575,406639,64,2810
403765,406584,406642,58,2819
403765,406573,406642,69,2808
403765,406560,406643,83,2795
403765,406581,406644,63,2816
403765,406579,406648,69,2814
403765,406583,406650,67,2818
403765,406585,406653,68,2820
403765,406584,406653,69,2819
403765,406586,406654,68,2821
403765,406576,406654,78,2811
403765,406585,406655,70,2820
403765,406584,406660,76,2819
404068,406629,406665,36,2561
403765,406588,406668,80,2823
403765,406592,406671,79,2827
403765,406594,406672,78,2829
403765,406592,406673,81,2827
404068,406642,406674,32,2574
403765,406597,406674,77,2832
404068,406673,406676,3,2605
404068,406674,406676,2,2606
404068,406674,406675,1,2606
403765,406587,406676,89,2822
404068,406672,406676,4,2604
404068,406654,406678,24,2586
403765,406590,406678,88,2825
404068,406677,406678,1,2609
404068,406629,406678,49,2561
404068,406676,406679,3,2608
404068,406631,406678,47,2563
404068,406671,406680,9,2603
404068,406676,406679,3,2608
404068,406678,406680,2,2610
404068,406678,406679,1,2610
404068,406633,406679,46,2565
404068,406678,406680,2,2610
404068,406678,406681,3,2610
404068,406639,406681,42,2571
404068,406678,406680,2,2610
404068,406678,406680,2,2610
404068,406679,406683,4,2611
404068,406633,406683,50,2565
404068,406632,406685,53,2564
404068,406631,406685,54,2563
404068,406629,406689,60,2561
404068,406665,406689,24,2597
404068,406637,406689,52,2569
404068,406668,406692,24,2600
404068,406653,406692,39,2585
404068,406632,406693,61,2564
404068,406644,406694,50,2576
404068,406650,406694,44,2582
404068,406635,406695,60,2567
404068,406638,406695,57,2570
404068,406660,406696,36,2592
404068,406634,406695,61,2566
404068,406656,406699,43,2588
404068,406643,406701,58,2575
404068,406653,406700,47,2585
404068,406635,406701,66,2567
404068,406629,406702,73,2561
404068,406648,406703,55,2580
404068,406642,406704,62,2574
404068,406679,406706,27,2611
404068,406654,406710,56,2586
404068,406680,406726,46,2612
403256,405895,406732,837,2639
404068,406680,406735,55,2612
404068,406681,406737,56,2613
404068,406699,406738,39,2631
404068,406680,406738,58,2612
404068,406683,406739,56,2615
404068,406692,406739,47,2624
404068,406681,406739,58,2613
404068,406689,406744,55,2621
404068,406680,406744,64,2612
404068,406689,406745,56,2621
404068,406680,406746,66,2612
404068,406685,406746,61,2617
404068,406697,406748,51,2629
404068,406694,406748,54,2626
404068,406680,406748,68,2612
404068,406694,406749,55,2626
404068,406685,406750,65,2617
404068,406681,406752,71,2613
404068,406683,406753,70,2615
404068,406689,406753,64,2621
404068,406681,406755,74,2613
404068,406692,406754,62,2624
404068,406693,406757,64,2625
404068,406701,406759,58,2633
404068,406703,406765,62,2635
404068,406695,406766,71,2627
404068,406696,406766,70,2628
404068,406701,406768,67,2633
404068,406695,406769,74,2627
404068,406701,406772,71,2633
404068,406746,406774,28,2678
404068,406704,406774,70,2636
404068,406706,406775,69,2638
404068,406710,406775,65,2642
404068,406769,406775,6,2701
404068,406772,406776,4,2704
404068,406774,406777,3,2706
404068,406774,406777,3,2706
404068,406768,406778,10,2700
404068,406775,406778,3,2707
404068,406775,406778,3,2707
404068,406775,406778,3,2707
404068,406702,406779,77,2634
404068,406777,406779,2,2709
404068,406776,406780,4,2708
404068,406777,406780,3,2709
404068,406778,406781,3,2710
404068,406779,406781,2,2711
404068,406778,406782,4,2710
404068,406778,406782,4,2710
404068,406778,406781,3,2710
404068,406779,406782,3,2711
404068,406780,406784,4,2712
404068,406782,406784,2,2714
404068,406780,406784,4,2712
404068,406781,406785,4,2713
404068,406782,406785,3,2714
404068,406782,406785,3,2714
404068,406782,406786,4,2714
404068,406784,406786,2,2716
404068,406783,406787,4,2715
404068,406784,406788,4,2716
404068,406784,406788,4,2716
404068,406738,406788,50,2670
404068,406785,406789,4,2717
404068,406732,406789,57,2664
404068,406785,406789,4,2717
404068,406785,406788,3,2717
404068,406786,406790,4,2718
404068,406746,406790,44,2678
404068,406735,406790,55,2667
404068,406786,406789,3,2718
404068,406766,406790,24,2698
404068,406787,406791,4,2719
404068,406739,406790,51,2671
404068,406739,406792,53,2671
404068,406788,406791,3,2720
404068,406789,406793,4,2721
404068,406788,406792,4,2720
404068,406789,406793,4,2721
404068,406788,406793,5,2720
404068,406790,406794,4,2722
404068,406766,406794,28,2698
404068,406790,406794,4,2722
404068,406790,406795,5,2722
404068,406726,406794,68,2658
404068,406790,406794,4,2722
404068,406789,406794,5,2721
404068,406790,406794,4,2722
404068,406740,406796,56,2672
404068,406739,406796,57,2671
404068,406753,406796,43,2685
404068,406791,406797,6,2723
404068,406791,406798,7,2723
404068,406753,406798,45,2685
404068,406737,406798,61,2669
404068,406792,406799,7,2724
404068,406791,406800,9,2723
404068,406792,406801,9,2724
404068,406745,406803,58,2677
404068,406744,406805,61,2676
404068,406748,406805,57,2680
404068,406744,406809,65,2676
404068,406749,406813,64,2681
404068,406748,406815,67,2680
404068,406750,406819,69,2682
404068,406748,406822,74,2680
404068,406756,406823,67,2688
404068,406759,406823,64,2691
404481,406824,406828,4,2343
404481,406822,406830,8,2341
404068,406765,406830,65,2697
404481,406828,406831,3,2347
404068,406757,406831,74,2689
404068,406755,406831,76,2687
404481,406831,406832,1,2350
404481,406830,406833,3,2349
404481,406798,406833,35,2317
404481,406831,406832,1,2350
404481,406832,406834,2,2351
404481,406831,406834,3,2350
404481,406832,406834,2,2351
404481,406833,406835,2,2352
404481,406794,406835,41,2313
404481,406833,406835,2,2352
404481,406833,406835,2,2352
404481,406834,406836,2,2353
404481,406834,406837,3,2353
404068,406752,406837,85,2684
404481,406834,406836,2,2353
404481,406795,406838,43,2314
404481,406823,406839,16,2342
404481,406835,406840,5,2354
404481,406799,406840,41,2318
404481,406803,406841,38,2322
404481,406805,406842,37,2324
404481,406819,406844,25,2338
404481,406796,406844,48,2315
404481,406793,406846,53,2312
404481,406793,406847,54,2312
404481,406797,406847,50,2316
404481,406796,406848,52,2315
404481,406835,406849,14,2354
404481,406801,406850,49,2320
404481,406796,406852,56,2315
404481,406793,406852,59,2312
404481,406835,406853,18,2354
404481,406795,406853,58,2314
404481,406813,406853,40,2332
404481,406815,406854,39,2334
404481,406795,406854,59,2314
404481,406798,406855,57,2317
404481,406794,406854,60,2313
404481,406807,406855,48,2326
404481,406795,406856,61,2314
404481,406795,406856,61,2314
404481,406835,406858,23,2354
404481,406795,406859,64,2314
404481,406800,406861,61,2319
404481,406836,406866,30,2355
404481,406798,406868,70,2317
404481,406809,406870,61,2328
404481,406841,406879,38,2360
404481,406842,406879,37,2361
404481,406848,406896,48,2367
404481,406837,406897,60,2356
404481,406837,406898,61,2356
404481,406847,406899,52,2366
404481,406840,406901,61,2359
404481,406841,406902,61,2360
404481,406844,406902,58,2363
404481,406853,406905,52,2372
404481,406839,406905,66,2358
404481,406848,406905,57,2367
404481,406850,406906,56,2369
404481,406838,406907,69,2357
404481,406846,406912,66,2365
404481,406855,406914,59,2374
404481,406844,406914,70,2363
404481,406853,406917,64,2372
404481,406837,406917,80,2356
404481,406853,406918,65,2372
404481,406853,406922,69,2372
404481,406854,406923,69,2373
404481,406855,406925,70,2374
404481,406849,406927,78,2368
404481,406853,406928,75,2372
404481,406856,406928,72,2375
404481,406858,406930,72,2377
404481,406855,406930,75,2374
404481,406859,406931,72,2378
404481,406857,406932,75,2376
404481,406870,406935,65,2389
404481,406854,406935,81,2373
404481,406932,406936,4,2451
404481,406931,406936,5,2450
404481,406930,406937,7,2449
404481,406866,406937,71,2385
404481,406879,406938,59,2398
404481,406935,406939,4,2454
404481,406936,406939,3,2455
404481,406936,406940,4,2455
404481,406936,406940,4,2455
404481,406937,406940,3,2456
404481,406938,406941,3,2457
404481,406930,406941,11,2449
404481,406938,406942,4,2457
404481,406939,406942,3,2458
404481,406939,406942,3,2458
403336,406086,406941,855,2750
404481,406940,406943,3,2459
404481,406868,406942,74,2387
404481,406940,406944,4,2459
404481,406940,406944,4,2459
404481,406879,406944,65,2398
404481,406941,406943,2,2460
404481,406941,406944,3,2460
404481,406861,406945,84,2380
404481,406942,406945,3,2461
404481,406942,406946,4,2461
404481,406943,406946,3,2462
404481,406943,406945,2,2462
404481,406944,406947,3,2463
404481,406944,406947,3,2463
404481,406943,406947,4,2462
404481,406944,406947,3,2463
404481,406944,406948,4,2463
404481,406943,406947,4,2462
404481,406944,406949,5,2463
404481,406897,406949,52,2416
404481,406945,406950,5,2464
404481,406946,406950,4,2465
404481,406928,406950,22,2447
404481,406946,406949,3,2465
404481,406947,406951,4,2466
404481,406946,406950,4,2465
404481,406928,406950,22,2447
404481,406946,406950,4,2465
404481,406947,406950,3,2466
404481,406947,406951,4,2466
404481,406948,406953,5,2467
404481,406948,406953,5,2467
404481,406949,406954,5,2468
404481,406949,406954,5,2468
404481,406948,406954,6,2467
404481,406950,406955,5,2469
404481,406950,406956,6,2469
404481,406950,406957,7,2469
404481,406951,406957,6,2470
404481,406950,406957,7,2469
404481,406951,406958,7,2470
404481,406951,406959,8,2470
404481,406896,406959,63,2415
404481,406907,406960,53,2426
404481,406918,406962,44,2437
404481,406914,406962,48,2433
404481,406903,406962,59,2422
404481,406901,406962,61,2420
404481,406899,406963,64,2418
404481,406951,406964,13,2470
404481,406902,406965,63,2421
404481,406905,406970,65,2424
404481,406923,406971,48,2442
404481,406905,406971,66,2424
404481,406906,406972,66,2425
404481,406898,406978,80,2417
404481,406912,406981,69,2431
404481,406905,406984,79,2424
404481,406925,406984,59,2444
404481,406917,406985,68,2436
404481,406914,406987,73,2433
404481,406927,406990,63,2446
404665,406985,406992,7,2320
404665,406987,406992,5,2322
404665,406990,406993,3,2325
404665,406992,406994,2,2327
404665,406992,406993,1,2327
404665,406995,406996,1,2330
404665,406994,406997,3,2329
404665,406985,406997,12,2320
404665,406996,406998,2,2331
404665,406994,406997,3,2329
404481,406917,406998,81,2436
404665,406997,406999,2,2332
404665,406998,406999,1,2333
404665,406997,406999,2,2332
404665,406998,407000,2,2333
404665,406999,407002,3,2334
404665,406998,407002,4,2333
404665,406963,407004,41,2298
404665,406955,407003,48,2290
404665,406954,407006,52,2289
404665,406953,407007,54,2288
404665,406959,407007,48,2294
404481,406922,407009,87,2441
404665,406962,407010,48,2297
404665,406984,407011,27,2319
404665,406961,407011,50,2296
404665,406952,407012,60,2287
404665,406957,407012,55,2292
404665,406963,407011,48,2298
404665,406972,407012,40,2307
404665,406953,407013,60,2288
404665,407000,407013,13,2335
404665,406971,407013,42,2306
404665,406965,407016,51,2300
404665,406962,407017,55,2297
404665,406956,407017,61,2291
404665,406958,407017,59,2293
404665,406954,407018,64,2289
404665,406978,407018,40,2313
404665,406970,407019,49,2305
404665,406954,407019,65,2289
404665,406971,407020,49,2306
404665,406957,407021,64,2292
404665,406958,407022,64,2293
404665,406959,407023,64,2294
404665,406964,407024,60,2299
404665,406981,407027,46,2316
404665,407021,407027,6,2356
404665,407020,407029,9,2355
404665,406962,407030,68,2297
404665,407022,407030,8,2357
404665,407002,407031,29,2337
404665,407000,407044,44,2335
404665,407011,407048,37,2346
404665,407023,407050,27,2358
404665,407012,407053,41,2347
404665,407002,407054,52,2337
404665,407017,407056,39,2352
404665,407004,407056,52,2339
404665,407004,407058,54,2339
404665,407010,407061,51,2345
404665,407006,407062,56,2341
404665,407013,407063,50,2348
404665,407007,407063,56,2342
404665,407013,407065,52,2348
404665,407017,407065,48,2352
404665,407014,407066,52,2349
404665,407012,407068,56,2347
404665,407013,407069,56,2348
404665,407007,407072,65,2342
404665,407019,407075,56,2354
404665,407009,407075,66,2344
404665,407019,407076,57,2354
404665,407013,407077,64,2348
404665,407002,407078,76,2337
404665,407017,407081,64,2352
404665,407017,407084,67,2352
404665,407011,407085,74,2346
404665,407019,407089,70,2354
404665,407018,407089,71,2353
404665,407027,407091,64,2362
404665,407091,407095,4,2426
404665,407089,407097,8,2424
404665,407089,407097,8,2424
404665,407086,407097,11,2421
404665,407024,407097,73,2359
404665,407095,407099,4,2430
404665,407097,407100,3,2432
404665,407027,407099,72,2362
404665,407097,407100,3,2432
404665,407097,407101,4,2432
404665,407030,407101,71,2365
404665,407032,407102,70,2367
404665,407029,407102,73,2364
404665,407099,407103,4,2434
404665,407099,407102,3,2434
404665,407100,407104,4,2435
404665,407100,407104,4,2435
404665,407101,407105,4,2436
404665,407100,407105,5,2435
404665,407101,407106,5,2436
404665,407102,407106,4,2437
404665,407102,407105,3,2437
404665,407103,407107,4,2438
404665,407104,407107,3,2439
404665,407076,407107,31,2411
404665,407104,407108,4,2439
404665,407105,407109,4,2440
404665,407084,407109,25,2419
404665,407104,407108,4,2439
404665,407048,407110,62,2383
404665,407106,407110,4,2441
404665,407106,407110,4,2441
404665,407106,407111,5,2441
404665,407054,407111,57,2389
404665,407030,407111,81,2365
404665,407106,407110,4,2441
404665,407107,407112,5,2442
404665,407107,407112,5,2442
404665,407107,407111,4,2442
404665,407109,407113,4,2444
404665,407108,407114,6,2443
404665,407110,407114,4,2445
404665,407109,407114,5,2444
404665,407063,407115,52,2398
404665,407109,407116,7,2444
404665,407111,407116,5,2446
404665,407110,407116,6,2445
404665,407110,407115,5,2445
404665,407056,407115,59,2391
404665,407057,407117,60,2392
404665,407111,407118,7,2446
404665,407112,407118,6,2447
404665,407111,407119,8,2446
404665,407111,407119,8,2446
404665,407112,407119,7,2447
404665,407044,407120,76,2379
404665,407112,407120,8,2447
404665,407061,407121,60,2396
404665,407050,407121,71,2385
404665,407114,407121,7,2449
404665,407115,407122,7,2450
404665,407113,407122,9,2448
404665,407053,407123,70,2388
404665,407062,407122,60,2397
404665,407065,407124,59,2400
404665,407114,407124,10,2449
404665,407068,407124,56,2403
404665,407115,407124,9,2450
404665,407065,407126,61,2400
404665,407066,407127,61,2401
404665,407063,407126,63,2398
404665,407058,407128,70,2393
404665,407116,407129,13,2451
404665,407069,407130,61,2404
404665,407075,407131,56,2410
404665,407116,407134,18,2451
404665,407075,407141,66,2410
404665,407072,407143,71,2407
404665,407077,407146,69,2412
404665,407081,407149,68,2416
404759,407146,407154,8,2387
404759,407150,407154,4,2391
404759,407154,407157,3,2395
404665,407078,407157,79,2413
404759,407154,407157,3,2395
404759,407157,407159,2,2398
404759,407157,407159,2,2398
404759,407121,407160,39,2362
404759,407157,407159,2,2398
404759,407143,407161,18,2384
404759,407159,407161,2,2400
404759,407160,407162,2,2401
404759,407160,407162,2,2401
404759,407161,407163,2,2402
404759,407117,407163,46,2358
404759,407161,407164,3,2402
404759,407162,407164,2,2403
404759,407162,407164,2,2403
404759,407117,407166,49,2358
404759,407126,407167,41,2367
404759,407130,407166,36,2371
404759,407129,407169,40,2370
404759,407127,407169,42,2368
404759,407124,407169,45,2365
404759,407121,407173,52,2362
404759,407123,407175,52,2364
404759,407118,407175,57,2359
404759,407119,407176,57,2360
404759,407162,407175,13,2403
404759,407127,407177,50,2368
404759,407122,407177,55,2363
404759,407141,407176,35,2382
404759,407131,407178,47,2372
404759,407119,407178,59,2360
404759,407128,407178,50,2369
404759,407117,407181,64,2358
404759,407124,407182,58,2365
404759,407124,407183,59,2365
404759,407122,407183,61,2363
404759,407120,407184,64,2361
404759,407123,407184,61,2364
404759,407119,407183,64,2360
404759,407124,407184,60,2365
404759,407134,407184,50,2375
404759,407120,407187,67,2361
404759,407121,407188,67,2362
404759,407119,407193,74,2360
404759,407163,407207,44,2404
404759,407163,407214,51,2404
404759,407169,407219,50,2410
404759,407164,407220,56,2405
404759,407170,407223,53,2411
404759,407166,407225,59,2407
404759,407170,407225,55,2411
404759,407173,407225,52,2414
404759,407164,407226,62,2405
404759,407167,407227,60,2408
404759,407167,407229,62,2408
404759,407177,407232,55,2418
404759,407175,407234,59,2416
404759,407164,407235,71,2405
404759,407178,407235,57,2419
404759,407176,407240,64,2417
404759,407182,407240,58,2423
404759,407178,407241,63,2419
404759,407175,407240,65,2416
404759,407183,407242,59,2424
404759,407177,407244,67,2418
404759,407184,407246,62,2425
404759,407183,407249,66,2424
404759,407177,407249,72,2418
404759,407180,407250,70,2421
404759,407181,407251,70,2422
404759,407184,407250,66,2425
404759,407184,407251,67,2425
404759,407188,407251,63,2429
404759,407176,407252,76,2417
404759,407187,407252,65,2428
404759,407185,407255,70,2426
404759,407184,407260,76,2425
404759,407255,407263,8,2496
404759,407193,407263,70,2434
404759,407253,407264,11,2494
404759,407263,407267,4,2504
404759,407263,407267,4,2504
404759,407264,407268,4,2505
404759,407261,407267,6,2502
404759,407267,407271,4,2508
404759,407267,407271,4,2508
404759,407268,407271,3,2509
404759,407268,407272,4,2509
404759,407271,407274,3,2512
404759,407271,407274,3,2512
404759,407219,407274,55,2460
404759,407271,407275,4,2512
404759,407272,407275,3,2513
404759,407214,407277,63,2455
404759,407207,407277,70,2448
404759,407274,407278,4,2515
404759,407275,407277,2,2516
404759,407274,407278,4,2515
404759,407275,407279,4,2516
404759,407223,407279,56,2464
404759,407276,407280,4,2517
404759,407220,407280,60,2461
404759,407277,407279,2,2518
404759,407277,407281,4,2518
404759,407278,407281,3,2519
404759,407225,407282,57,2466
404759,407278,407281,3,2519
404759,407279,407282,3,2520
404759,407278,407283,5,2519
404759,407279,407283,4,2520
404759,407280,407284,4,2521
404759,407280,407284,4,2521
404759,407280,407285,5,2521
404759,407225,407285,60,2466
404759,407281,407285,4,2522
404759,407229,407286,57,2470
404759,407281,407286,5,2522
404759,407226,407285,59,2467
404759,407282,407285,3,2523
404759,407283,407287,4,2524
404759,407282,407288,6,2523
404759,407284,407289,5,2525
404759,407283,407289,6,2524
404759,407227,407290,63,2468
404759,407234,407290,56,2475
404759,407283,407290,7,2524
404759,407252,407290,38,2493
404759,407232,407291,59,2473
404759,407285,407290,5,2526
404759,407285,407291,6,2526
404759,407286,407293,7,2527
404759,407285,407293,8,2526
404759,407286,407294,8,2527
404759,407286,407294,8,2527
404759,407288,407294,6,2529
404759,407226,407294,68,2467
404759,407288,407295,7,2529
404759,407286,407295,9,2527
404759,407290,407296,6,2531
404759,407287,407295,8,2528
404759,407235,407298,63,2476
404759,407289,407299,10,2530
404759,407242,407301,59,2483
404759,407289,407303,14,2530
404759,407241,407304,63,2482
404759,407252,407305,53,2493
404759,407235,407305,70,2476
404759,407246,407312,66,2487
404759,407241,407314,73,2482
404759,407240,407315,75,2481
404759,407241,407318,77,2482
404759,407244,407319,75,2485
404759,407249,407320,71,2490
404759,407252,407322,70,2493
404759,407250,407322,72,2491
404759,407251,407322,71,2492
404759,407251,407322,71,2492
404759,407249,407324,75,2490
404773,407324,407327,3,2551
404773,407323,407327,4,2550
404773,407322,407328,6,2549
404773,407327,407329,2,2554
404773,407327,407329,2,2554
404773,407328,407331,3,2555
404773,407330,407332,2,2557
404773,407330,407332,2,2557
404773,407294,407332,38,2521
404773,407298,407333,35,2525
404773,407331,407333,2,2558
404773,407296,407334,38,2523
404773,407332,407334,2,2559
404773,407333,407335,2,2560
404773,407332,407334,2,2559
404773,407333,407336,3,2560
404773,407294,407335,41,2521
404773,407322,407335,13,2549
404773,407333,407335,2,2560
404773,407334,407337,3,2561
404773,407291,407338,47,2518
404773,407294,407340,46,2521
404773,407293,407342,49,2520
404773,407294,407343,49,2521
404773,407291,407344,53,2518
404773,407292,407346,54,2519
404773,407295,407348,53,2522
404773,407322,407349,27,2549
404773,407290,407349,59,2517
404773,407334,407350,16,2561
404773,407296,407351,55,2523
404773,407301,407351,50,2528
404773,407315,407353,38,2542
404773,407303,407353,50,2530
404773,407299,407354,55,2526
404773,407305,407355,50,2532
404773,407293,407355,62,2520
404773,407304,407356,52,2531
404773,407295,407356,61,2522
404773,407320,407360,40,2547
404773,407346,407360,14,2573
404773,407318,407363,45,2545
404773,407314,407364,50,2541
404773,407348,407365,17,2575
404773,407319,407365,46,2546
404773,407305,407366,61,2532
404773,407290,407367,77,2517
404773,407312,407369,57,2539
404773,407335,407370,35,2562
404773,407335,407386,51,2562
404773,407336,407385,49,2563
404773,407336,407387,51,2563
404773,407340,407392,52,2567
404773,407337,407393,56,2564
404773,407337,407393,56,2564
404773,407337,407395,58,2564
404773,407339,407395,56,2566
404773,407342,407396,54,2569
404773,407345,407397,52,2572
404773,407344,407398,54,2571
404773,407349,407400,51,2576
404773,407367,407406,39,2594
404773,407354,407408,54,2581
404773,407351,407409,58,2578
404773,407349,407409,60,2576
404773,407351,407411,60,2578
404773,407370,407414,44,2597
403574,406261,407415,1154,2687
404773,407360,407417,57,2587
404773,407355,407418,63,2582
404773,407350,407418,68,2577
404773,407355,407419,64,2582
404773,407366,407420,54,2593
404773,407356,407420,64,2583
404773,407353,407422,69,2580
404773,407353,407423,70,2580
404773,407356,407423,67,2583
404773,407363,407424,61,2590
404773,407365,407427,62,2592
404773,407360,407427,67,2587
404773,407365,407428,63,2592
404773,407364,407430,66,2591
404773,407428,407433,5,2655
404773,407428,407433,5,2655
404773,407427,407433,6,2654
404773,407369,407434,65,2596
404773,407430,407434,4,2657
404773,407425,407434,9,2652
404773,407424,407436,12,2651
404773,407433,407437,4,2660
404773,407386,407437,51,2613
404773,407433,407437,4,2660
404773,407433,407436,3,2660
404773,407434,407437,3,2661
404773,407434,407437,3,2661
404773,407434,407437,3,2661
404773,407437,407440,3,2664
404773,407436,407439,3,2663
404773,407437,407440,3,2664
404773,407437,407440,3,2664
404773,407437,407442,5,2664
404773,407438,407442,4,2665
404773,407438,407441,3,2665
404773,407439,407443,4,2666
404773,407440,407443,3,2667
404773,407440,407444,4,2667
404773,407441,407444,3,2668
404773,407440,407444,4,2667
404773,407442,407446,4,2669
404773,407442,407446,4,2669
404773,407443,407447,4,2670
404773,407442,407447,5,2669
404773,407396,407447,51,2623
404773,407443,407448,5,2670
404773,407444,407449,5,2671
404773,407386,407449,63,2613
404773,407425,407448,23,2652
404773,407444,407449,5,2671
404773,407445,407450,5,2672
404773,407446,407451,5,2673
404773,407387,407451,64,2614
404773,407447,407452,5,2674
404773,407446,407451,5,2673
404773,407447,407451,4,2674
404773,407393,407454,61,2620
404773,407449,407454,5,2676
404773,407448,407454,6,2675
404773,407449,407454,5,2676
404773,407392,407454,62,2619
404773,407447,407455,8,2674
404773,407449,407455,6,2676
404773,407399,407455,56,2626
404773,407395,407456,61,2622
404773,407449,407457,8,2676
404773,407450,407457,7,2677
404773,407451,407457,6,2678
404773,407451,407458,7,2678
404773,407452,407458,6,2679
404773,407398,407460,62,2625
404773,407453,407462,9,2680
404773,407400,407462,62,2627
404773,407454,407463,9,2681
404773,407454,407462,8,2681
404773,407453,407464,11,2680
404773,407454,407464,10,2681
404773,407395,407466,71,2622
404773,407393,407469,76,2620
404773,407408,407469,61,2635
404773,407409,407471,62,2636
404773,407419,407472,53,2646
404773,407417,407474,57,2644
404773,407411,407474,63,2638
404773,407421,407475,54,2648
404773,407410,407477,67,2637
404773,407422,407480,58,2649
404773,407414,407479,65,2641
404773,407407,407481,74,2634
404773,407420,407486,66,2647
404773,407418,407489,71,2645
404773,407416,407493,77,2643
405004,407455,407494,39,2451
405004,407456,407496,40,2452
405004,407459,407497,38,2455
404773,407418,407498,80,2645
405004,407496,407498,2,2492
405004,407497,407500,3,2493
405004,407494,407500,6,2490
405004,407499,407500,1,2495
405004,407498,407500,2,2494
405004,407455,407501,46,2451
405004,407455,407501,46,2451
405004,407500,407502,2,2496
405004,407500,407502,2,2496
405004,407500,407502,2,2496
405004,407501,407503,2,2497
405004,407501,407503,2,2497
405004,407501,407502,1,2497
405004,407502,407504,2,2498
405004,407502,407505,3,2498
405004,407460,407506,46,2456
405004,407457,407509,52,2453
405004,407493,407510,17,2489
405004,407465,407511,46,2461
405004,407462,407515,53,2458
405004,407463,407515,52,2459
405004,407462,407516,54,2458
405004,407455,407516,61,2451
405004,407457,407517,60,2453
405004,407489,407518,29,2485
405004,407502,407518,16,2498
405004,407469,407519,50,2465
405004,407475,407520,45,2471
405004,407471,407521,50,2467
405004,407480,407520,40,2476
405004,407466,407521,55,2462
405004,407457,407521,64,2453
405004,407474,407524,50,2470
405004,407464,407527,63,2460
405004,407486,407527,41,2482
405004,407480,407528,48,2476
405004,407474,407528,54,2470
405004,407472,407530,58,2468
405004,407464,407531,67,2460
405004,407458,407531,73,2454
405004,407477,407531,54,2473
405004,407481,407531,50,2477
405004,407469,407537,68,2465
405004,407503,407542,39,2499
405004,407511,407554,43,2507
405004,407505,407554,49,2501
405004,407504,407556,52,2500
405004,407503,407557,54,2499
405004,407503,407557,54,2499
405004,407506,407559,53,2502
405004,407515,407569,54,2511
405004,407510,407569,59,2506
405004,407515,407572,57,2511
405004,407519,407573,54,2515
405004,407521,407573,52,2517
405004,407520,407576,56,2516
405004,407510,407575,65,2506
405004,407521,407576,55,2517
405004,407517,407578,61,2513
405004,407524,407578,54,2520
405004,407518,407580,62,2514
405004,407516,407582,66,2512
405004,407516,407583,67,2512
405004,407528,407584,56,2524
405004,407518,407586,68,2514
405004,407521,407588,67,2517
405004,407527,407591,64,2523
405004,407528,407592,64,2524
405004,407527,407593,66,2523
405004,407531,407592,61,2527
405004,407521,407593,72,2517
405004,407532,407595,63,2528
405004,407531,407596,65,2527
405004,407542,407599,57,2538
405004,407530,407601,71,2526
405004,407537,407601,64,2533
405004,407557,407605,48,2553
405004,407533,407606,73,2529
405004,407554,407607,53,2550
405004,407556,407610,54,2552
405004,407605,407610,5,2601
405004,407607,407611,4,2603
405004,407601,407611,10,2597
405004,407606,407612,6,2602
405004,407610,407613,3,2606
405004,407611,407613,2,2607
405004,407611,407614,3,2607
405004,407554,407613,59,2550
405004,407611,407615,4,2607
405004,407613,407615,2,2609
405004,407613,407616,3,2609
405004,407612,407616,4,2608
404069,406793,407617,824,2724
405004,407614,407617,3,2610
405004,407615,407617,2,2611
405004,407559,407618,59,2555
405004,407615,407618,3,2611
405004,407615,407619,4,2611
405004,407616,407619,3,2612
405004,407617,407620,3,2613
405004,407617,407620,3,2613
405004,407616,407620,4,2612
405004,407617,407620,3,2613
405004,407618,407622,4,2614
405004,407618,407621,3,2614
405004,407557,407622,65,2553
405004,407619,407623,4,2615
405004,407619,407623,4,2615
405004,407620,407624,4,2616
405004,407620,407623,3,2616
405004,407621,407625,4,2617
405004,407620,407625,5,2616
405004,407622,407626,4,2618
405004,407569,407625,56,2565
405004,407622,407626,4,2618
405004,407623,407627,4,2619
405004,407623,407629,6,2619
405004,407624,407629,5,2620
405004,407624,407629,5,2620
405004,407623,407629,6,2619
405004,407625,407630,5,2621
405004,407577,407630,53,2573
405004,407573,407630,57,2569
405004,407625,407631,6,2621
405004,407578,407631,53,2574
405004,407626,407631,5,2622
405004,407576,407633,57,2572
405004,407626,407634,8,2622
405004,407627,407633,6,2623
405004,407627,407634,7,2623
405004,407569,407636,67,2565
405004,407573,407636,63,2569
405004,407629,407636,7,2625
405004,407630,407637,7,2626
405004,407630,407637,7,2626
405004,407629,407637,8,2625
405004,407601,407638,37,2597
405004,407629,407639,10,2625
405004,407630,407640,10,2626
405004,407630,407641,11,2626
405004,407573,407642,69,2569
405004,407584,407643,59,2580
405004,407593,407645,52,2589
405004,407631,407648,17,2627
405004,407580,407649,69,2576
405004,407599,407649,50,2595
405004,407576,407649,73,2572
405004,407578,407651,73,2574
405004,407586,407651,65,2582
405004,407583,407652,69,2579
405004,407592,407653,61,2588
405004,407582,407653,71,2578
405004,407591,407657,66,2587
405004,407595,407657,62,2591
405004,407588,407661,73,2584
405004,407593,407662,69,2589
405004,407593,407664,71,2589
405004,407596,407664,68,2592
405327,407633,407672,39,2306
405327,407632,407675,43,2305
405327,407635,407684,49,2308
405327,407634,407687,53,2307
405327,407636,407690,54,2309
405327,407637,407691,54,2310
405327,407636,407692,56,2309
405327,407636,407694,58,2309
405327,407634,407694,60,2307
403741,406455,407695,1240,2714
405327,407638,407696,58,2311
405327,407638,407698,60,2311
405327,407640,407701,61,2313
405327,407637,407704,67,2310
405327,407643,407705,62,2316
405327,407640,407706,66,2313
405327,407649,407709,60,2322
405327,407641,407712,71,2314
405327,407651,407713,62,2324
405327,407649,407714,65,2322
405327,407648,407715,67,2321
405327,407690,407717,27,2363
405327,407650,407718,68,2323
405327,407691,407717,26,2364
405327,407694,407718,24,2367
405327,407695,407719,24,2368
405327,407642,407720,78,2315
405327,407657,407721,64,2330
405327,407692,407721,29,2365
405327,407675,407722,47,2348
405327,407687,407722,35,2360
405327,407645,407721,76,2318
405327,407673,407722,49,2346
405327,407664,407725,61,2337
405327,407684,407725,41,2357
405327,407651,407727,76,2324
405327,407695,407729,34,2368
405327,407657,407729,72,2330
405327,407653,407730,77,2326
405327,407697,407734,37,2370
405327,407653,407735,82,2326
405327,407664,407735,71,2337
405327,407653,407735,82,2326
405327,407661,407740,79,2334
405327,407698,407743,45,2371
405327,407662,407743,81,2335
405327,407701,407749,48,2374
405327,407704,407755,51,2377
405327,407705,407768,63,2378
404482,406951,407770,819,2469
405327,407718,407771,53,2391
405327,407709,407778,69,2382
405327,407717,407777,60,2390
405327,407706,407781,75,2379
405327,407713,407785,72,2386
405327,407725,407785,60,2398
405327,407722,407787,65,2395
405327,407719,407790,71,2392
405327,407722,407791,69,2395
405327,407729,407792,63,2402
405327,407715,407793,78,2388
405327,407715,407794,79,2388
405327,407712,407794,82,2385
405327,407722,407794,72,2395
405327,407719,407795,76,2392
405327,407727,407798,71,2400
405327,407718,407798,80,2391
405327,407721,407799,78,2394
405327,407721,407798,77,2394
405327,407720,407801,81,2393
405327,407722,407803,81,2395
405327,407725,407806,81,2398
405327,407729,407811,82,2402
405327,407743,407814,71,2416
405327,407734,407814,80,2407
405327,407743,407814,71,2416
405327,407735,407815,80,2408
405327,407736,407815,79,2409
405327,407730,407817,87,2403
405327,407749,407817,68,2422
405327,407735,407819,84,2408
405327,407755,407822,67,2428
403765,406628,407822,1194,2863
405327,407741,407823,82,2414
405327,407823,407829,6,2496
405327,407822,407833,11,2495
405327,407768,407833,65,2441
405327,407829,407832,3,2502
405327,407833,407835,2,2506
405327,407833,407836,3,2506
405327,407833,407836,3,2506
405327,407770,407836,66,2443
405327,407835,407837,2,2508
405327,407836,407838,2,2509
405327,407836,407839,3,2509
405327,407836,407839,3,2509
405327,407838,407839,1,2511
405327,407778,407840,62,2451
405327,407838,407840,2,2511
405327,407840,407841,1,2513
405327,407839,407842,3,2512
405327,407839,407842,3,2512
405327,407822,407841,19,2495
405327,407840,407842,2,2513
405327,407841,407843,2,2514
405327,407841,407843,2,2514
405327,407842,407844,2,2515
405327,407842,407844,2,2515
405327,407842,407844,2,2515
405327,407773,407843,70,2446
405327,407778,407843,65,2451
405327,407843,407845,2,2516
405327,407842,407845,3,2515
405327,407843,407845,2,2516
405327,407845,407847,2,2518
405327,407844,407846,2,2517
405327,407845,407847,2,2518
405327,407844,407847,3,2517
405327,407845,407847,2,2518
405327,407844,407847,3,2517
405327,407845,407847,2,2518
405327,407845,407847,2,2518
405327,407847,407849,2,2520
405327,407847,407849,2,2520
405327,407847,407849,2,2520
405327,407847,407850,3,2520
405327,407847,407849,2,2520
405327,407847,407850,3,2520
405327,407848,407850,2,2521
405327,407848,407851,3,2521
405327,407785,407851,66,2458
405327,407849,407851,2,2522
405327,407849,407852,3,2522
405327,407849,407851,2,2522
405327,407850,407853,3,2523
405327,407791,407852,61,2464
405327,407850,407853,3,2523
405327,407790,407854,64,2463
405327,407787,407858,71,2460
405327,407795,407857,62,2468
405327,407794,407858,64,2467
405327,407819,407861,42,2492
405327,407785,407864,79,2458
405327,407798,407866,68,2471
405327,407794,407866,72,2467
405327,407781,407866,85,2454
405327,407798,407870,72,2471
405327,407794,407874,80,2467
405327,407792,407874,82,2465
405327,407793,407876,83,2466
405327,407799,407877,78,2472
405327,407814,407878,64,2487
405327,407799,407881,82,2472
405327,407801,407881,80,2474
405327,407803,407885,82,2476
405327,407817,407889,72,2490
405327,407806,407890,84,2479
405327,407811,407891,80,2484
405495,407852,407898,46,2357
405327,407814,407898,84,2487
405327,407814,407899,85,2487
405327,407815,407902,87,2488
405327,407817,407903,86,2490
405495,407851,407903,52,2356
405495,407852,407903,51,2357
405495,407851,407903,52,2356
405495,407851,407905,54,2356
405495,407853,407905,52,2358
405495,407853,407905,52,2358
405495,407855,407906,51,2360
405495,407903,407906,3,2408
405327,407815,407905,90,2488
405495,407904,407907,3,2409
405495,407851,407907,56,2356
405495,407853,407907,54,2358
405495,407905,407907,2,2410
405495,407903,407907,4,2408
405495,407905,407909,4,2410
405495,407905,407909,4,2410
405495,407906,407910,4,2411
405495,407858,407912,54,2363
405495,407858,407913,55,2363
405495,407858,407914,56,2363
405495,407906,407915,9,2411
405495,407903,407915,12,2408
405495,407866,407918,52,2371
405495,407867,407919,52,2372
405495,407902,407924,22,2407
405495,407861,407925,64,2366
405495,407864,407925,61,2369
405495,407907,407929,22,2412
405495,407876,407931,55,2381
405495,407878,407934,56,2383
405495,407867,407934,67,2372
405495,407907,407938,31,2412
405495,407899,407940,41,2404
405495,407871,407940,69,2376
405495,407889,407940,51,2394
405495,407875,407941,66,2380
405495,407881,407942,61,2386
405495,407874,407943,69,2379
405495,407898,407943,45,2403
405495,407878,407944,66,2383
405495,407891,407946,55,2396
405495,407890,407947,57,2395
405495,407899,407947,48,2404
405495,407908,407953,45,2413
405495,407881,407956,75,2386
405495,407885,407959,74,2390
405495,407908,407962,54,2413
405495,407909,407962,53,2414
405495,407908,407962,54,2413
405495,407908,407964,56,2413
405495,407910,407966,56,2415
405495,407913,407968,55,2418
405495,407913,407971,58,2418
405495,407915,407973,58,2420
405495,407909,407975,66,2414
405495,407919,407976,57,2424
405495,407918,407976,58,2423
405495,407915,407977,62,2420
405495,407915,407986,71,2420
405495,407929,407989,60,2434
405495,407934,407991,57,2439
405495,407938,407992,54,2443
405495,407925,407992,67,2430
405495,407927,407994,67,2432
405495,407941,407996,55,2446
405495,407931,407996,65,2436
405495,407924,407996,72,2429
405495,407943,408001,58,2448
405495,407934,408004,70,2439
405495,407942,408005,63,2447
405495,407941,408007,66,2446
405495,407940,408007,67,2445
405495,407940,408007,67,2445
405495,407953,408008,55,2458
405495,407946,408011,65,2451
405495,407947,408012,65,2452
405495,407944,408013,69,2449
405495,407943,408014,71,2448
405495,407947,408014,67,2452
405495,407962,408014,52,2467
405495,408014,408017,3,2519
405495,408014,408018,4,2519
405495,408014,408019,5,2519
405495,408017,408019,2,2522
405495,408013,408021,8,2518
405495,408018,408022,4,2523
405495,407962,408022,60,2467
405495,408019,408022,3,2524
405495,408019,408022,3,2524
405495,407966,408023,57,2471
405495,407962,408024,62,2467
405495,407959,408024,65,2464
405495,408022,408024,2,2527
405495,408021,408025,4,2526
405495,408022,408025,3,2527
405495,407964,408024,60,2469
405495,408022,408024,2,2527
405495,407957,408025,68,2462
405495,408022,408026,4,2527
405495,407969,408025,56,2474
405495,408024,408026,2,2529
405495,408023,408026,3,2528
405495,408024,408027,3,2529
405495,408024,408028,4,2529
405495,407971,408028,57,2476
405495,408025,408028,3,2530
405495,408025,408029,4,2530
405495,408026,408029,3,2531
405495,408025,408028,3,2530
405495,408026,408028,2,2531
405495,408026,408029,3,2531
405495,408026,408030,4,2531
405495,408027,408030,3,2532
405495,408026,408030,4,2531
405495,408027,408030,3,2532
405495,408028,408032,4,2533
405495,408012,408032,20,2517
405495,408029,408033,4,2534
405495,408028,408032,4,2533
405495,407973,408032,59,2478
405495,408029,408033,4,2534
405495,408029,408033,4,2534
405495,408029,408034,5,2534
405495,408028,408034,6,2533
405495,408030,408035,5,2535
405495,408030,408035,5,2535
405495,408031,408036,5,2536
405495,408029,408036,7,2534
405495,407976,408038,62,2481
405495,408031,408038,7,2536
405495,408033,408039,6,2538
405495,408032,408039,7,2537
405495,408032,408040,8,2537
405495,408033,408041,8,2538
405495,408033,408041,8,2538
405495,408033,408042,9,2538
405495,408034,408043,9,2539
405495,408033,408044,11,2538
405495,408035,408044,9,2540
405495,407975,408045,70,2480
405495,408035,408047,12,2540
405495,407977,408047,70,2482
405495,407976,408051,75,2481
405495,407991,408052,61,2496
405495,407992,408055,63,2497
405495,407996,408056,60,2501
405495,407986,408057,71,2491
405495,407997,408058,61,2502
405495,408001,408062,61,2506
405495,408008,408062,54,2513
405495,408011,408063,52,2516
405495,407992,408064,72,2497
405495,408007,408066,59,2512
405495,407994,408068,74,2499
405495,407996,408069,73,2501
405495,407989,408070,81,2494
405495,408007,408072,65,2512
405495,408005,408078,73,2510
405495,408007,408079,72,2512
405603,408038,408084,46,2435
405603,408080,408085,5,2477
405603,408078,408085,7,2475
405495,408004,408085,81,2509
405603,408044,408085,41,2441
405603,408084,408086,2,2481
405603,408039,408087,48,2436
405603,408085,408087,2,2482
405603,408085,408087,2,2482
405603,408085,408087,2,2482
405603,408085,408088,3,2482
405603,408086,408088,2,2483
405603,408087,408088,1,2484
405603,408036,408089,53,2433
405603,408087,408088,1,2484
405603,408087,408090,3,2484
405603,408088,408090,2,2485
405603,408087,408090,3,2484
405603,408088,408090,2,2485
405603,408089,408091,2,2486
405603,408089,408091,2,2486
405603,408072,408091,19,2469
405603,408089,408091,2,2486
405603,408039,408093,54,2436
405603,408090,408093,3,2487
405603,408042,408094,52,2439
405603,408090,408095,5,2487
405603,408042,408095,53,2439
405603,408047,408096,49,2444
405603,408062,408096,34,2459
405603,408041,408100,59,2438
405603,408036,408103,67,2433
405603,408045,408103,58,2442
405603,408047,408103,56,2444
405603,408044,408104,60,2441
405603,408039,408105,66,2436
405603,408055,408106,51,2452
405603,408063,408108,45,2460
405603,408040,408108,68,2437
405603,408056,408109,53,2453
405603,408069,408108,39,2466
405603,408051,408109,58,2448
405603,408070,408109,39,2467
405603,408044,408111,67,2441
405603,408066,408111,45,2463
405603,408052,408111,59,2449
405603,408062,408120,58,2459
405603,408090,408120,30,2487
405603,408057,408122,65,2454
405603,408065,408125,60,2462
405603,408068,408126,58,2465
405603,408058,408126,68,2455
405603,408090,408134,44,2487
405603,408095,408149,54,2492
405603,408091,408150,59,2488
405603,408091,408150,59,2488
405603,408095,408151,56,2492
405603,408091,408152,61,2488
405603,408095,408154,59,2492
405603,408093,408155,62,2490
405603,408096,408158,62,2493
405603,408100,408163,63,2497
405603,408097,408163,66,2494
405603,408106,408167,61,2503
405603,408093,408167,74,2490
405603,408091,408167,76,2488
405603,408109,408173,64,2506
405603,408104,408173,69,2501
405603,408109,408173,64,2506
405603,408104,408174,70,2501
404759,407290,408174,884,2531
405603,408112,408177,65,2509
405603,408108,408177,69,2505
405603,408103,408178,75,2500
405603,408110,408179,69,2507
405603,408103,408179,76,2500
405603,408108,408181,73,2505
405603,408110,408183,73,2507
405603,408105,408183,78,2502
405603,408111,408183,72,2508
405603,408111,408184,73,2508
405603,408120,408186,66,2517
405603,408121,408192,71,2518
405603,408126,408195,69,2523
405603,408127,408200,73,2524
405603,408125,408200,75,2522
405603,408123,408202,79,2520
405603,408195,408202,7,2592
405603,408192,408204,12,2589
405603,408200,408204,4,2597
405603,408201,408205,4,2598
405603,408202,408205,3,2599
405603,408202,408205,3,2599
405603,408204,408207,3,2601
405603,408204,408208,4,2601
405603,408205,408208,3,2602
405603,408206,408210,4,2603
405603,408206,408209,3,2603
405603,408207,408210,3,2604
405603,408208,408211,3,2605
405603,408209,408212,3,2606
405603,408210,408213,3,2607
405603,408210,408214,4,2607
405603,408134,408215,81,2531
405603,408211,408214,3,2608
405603,408211,408215,4,2608
405603,408154,408216,62,2551
405603,408151,408216,65,2548
405603,408213,408216,3,2610
405603,408213,408216,3,2610
405603,408151,408216,65,2548
405603,408150,408218,68,2547
405603,408214,408217,3,2611
405603,408216,408218,2,2613
405603,408215,408218,3,2612
405603,408216,408219,3,2613
405603,408216,408218,2,2613
405603,408216,408219,3,2613
405603,408217,408220,3,2614
405603,408173,408220,47,2570
405603,408163,408221,58,2560
405603,408217,408221,4,2614
405603,408218,408220,2,2615
405603,408218,408222,4,2615
405603,408218,408222,4,2615
405603,408152,408222,70,2549
405603,408219,408222,3,2616
405603,408217,408221,4,2614
405603,408218,408221,3,2615
405603,408220,408223,3,2617
405603,408220,408224,4,2617
405603,408221,408224,3,2618
405603,408219,408223,4,2616
405603,408221,408225,4,2618
405603,408149,408225,76,2546
405603,408155,408224,69,2552
405603,408221,408225,4,2618
405603,408220,408224,4,2617
405603,408222,408225,3,2619
405603,408158,408226,68,2555
405603,408222,408227,5,2619
405603,408222,408227,5,2619
405603,408167,408227,60,2564
405603,408222,408226,4,2619
405603,408185,408227,42,2582
405603,408186,408227,41,2583
405603,408163,408229,66,2560
405603,408177,408243,66,2574
405603,408175,408243,68,2572
405603,408167,408247,80,2564
405603,408174,408250,76,2571
405603,408173,408250,77,2570
405603,408179,408253,74,2576
405603,408177,408257,80,2574
405603,408168,408258,90,2565
405603,408179,408261,82,2576
405603,408182,408262,80,2579
405603,408173,408263,90,2570
405603,408183,408264,81,2580
405603,408178,408264,86,2575
404665,407116,408264,1148,2451
405603,408183,408266,83,2580
405603,408183,408272,89,2580
406007,408223,408275,52,2216
406007,408223,408276,53,2216
406007,408225,408277,52,2218
406007,408224,408277,53,2217
406007,408228,408279,51,2221
406007,408276,408279,3,2269
406007,408275,408280,5,2268
406007,408277,408280,3,2270
406007,408227,408280,53,2220
406007,408278,408281,3,2271
406007,408230,408281,51,2223
406007,408279,408281,2,2272
406007,408227,408281,54,2220
406007,408279,408282,3,2272
406007,408225,408282,57,2218
406007,408280,408283,3,2273
406007,408225,408282,57,2218
406007,408280,408282,2,2273
406007,408266,408284,18,2259
406007,408225,408284,59,2218
406007,408280,408283,3,2273
406007,408272,408283,11,2265
406007,408281,408284,3,2274
406007,408224,408285,61,2217
406007,408281,408286,5,2274
406007,408224,408286,62,2217
406007,408226,408287,61,2219
406007,408281,408290,9,2274
406007,408225,408292,67,2218
406007,408243,408292,49,2236
406007,408225,408296,71,2218
406007,408264,408296,32,2257
406007,408227,408296,69,2220
406007,408227,408297,70,2220
406007,408263,408300,37,2256
406007,408244,408302,58,2237
406007,408282,408303,21,2275
406007,408227,408307,80,2220
406007,408264,408309,45,2257
406007,408247,408311,64,2240
406007,408251,408312,61,2244
406007,408264,408314,50,2257
406007,408282,408318,36,2275
406007,408257,408324,67,2250
406007,408250,408324,74,2243
406007,408262,408325,63,2255
406007,408253,408325,72,2246
406007,408261,408327,66,2254
406007,408283,408335,52,2276
406007,408258,408336,78,2251
406007,408283,408345,62,2276
406007,408283,408345,62,2276
406007,408284,408346,62,2277
406007,408285,408347,62,2278
406007,408283,408348,65,2276
406007,408290,408350,60,2283
406007,408286,408350,64,2279
406007,408287,408351,64,2280
406007,408284,408351,67,2277
406007,408292,408354,62,2285
406007,408284,408356,72,2277
406007,408285,408359,74,2278
406007,408292,408359,67,2285
406007,408297,408362,65,2290
406007,408285,408365,80,2278
406007,408302,408367,65,2295
406007,408296,408374,78,2289
406007,408300,408374,74,2293
406007,408303,408375,72,2296
406007,408296,408376,80,2289
406007,408286,408376,90,2279
406007,408296,408381,85,2289
406007,408318,408381,63,2311
406007,408311,408386,75,2304
406007,408309,408390,81,2302
405005,407632,408391,759,2627
406007,408324,408392,68,2317
406007,408312,408396,84,2305
406007,408307,408399,92,2300
406007,408315,408399,84,2308
406007,408324,408400,76,2317
406007,408345,408401,56,2338
406007,408325,408402,77,2318
406007,408327,408402,75,2320
406007,408335,408402,67,2328
406007,408402,408405,3,2395
406007,408402,408405,3,2395
406007,408402,408406,4,2395
406007,408353,408406,53,2346
406007,408401,408406,5,2394
406007,408405,408407,2,2398
406007,408405,408408,3,2398
406007,408406,408408,2,2399
406007,408406,408408,2,2399
406007,408406,408409,3,2399
406007,408407,408409,2,2400
406007,408408,408410,2,2401
406007,408326,408409,83,2319
406007,408408,408410,2,2401
406007,408409,408410,1,2402
406007,408409,408411,2,2402
406007,408409,408411,2,2402
406007,408410,408412,2,2403
406007,408411,408413,2,2404
406007,408352,408412,60,2345
406007,408411,408413,2,2404
406007,408411,408413,2,2404
406007,408410,408413,3,2403
406007,408348,408414,66,2341
406007,408411,408415,4,2404
406007,408413,408415,2,2406
406007,408413,408415,2,2406
406007,408350,408415,65,2343
406007,408346,408415,69,2339
406007,408413,408416,3,2406
406007,408413,408415,2,2406
406007,408413,408415,2,2406
406007,408414,408416,2,2407
406007,408400,408417,17,2393
406007,408413,408417,4,2406
406007,408415,408417,2,2408
406007,408415,408418,3,2408
406007,408415,408418,3,2408
406007,408415,408417,2,2408
406007,408415,408417,2,2408
406007,408345,408418,73,2338
406007,408416,408419,3,2409
406007,408416,408419,3,2409
406007,408347,408419,72,2340
406007,408416,408419,3,2409
406007,408350,408419,69,2343
406007,408417,408420,3,2410
406007,408417,408420,3,2410
406007,408418,408420,2,2411
406007,408417,408420,3,2410
406007,408417,408421,4,2410
406007,408418,408421,3,2411
406007,408359,408420,61,2352
406007,408418,408421,3,2411
406007,408418,408422,4,2411
406007,408399,408422,23,2392
406007,408355,408423,68,2348
406007,408336,408429,93,2329
406007,408367,408430,63,2360
406007,408362,408437,75,2355
406007,408356,408441,85,2349
406007,408365,408444,79,2358
406007,408375,408445,70,2368
406007,408359,408448,89,2352
406007,408381,408449,68,2374
406007,408374,408459,85,2367
406007,408391,408459,68,2384
406007,408374,408460,86,2367
406110,408419,408460,41,2309
406007,408381,408462,81,2374
406007,408390,408464,74,2383
406007,408386,408464,78,2379
406110,408422,408464,42,2312
406110,408419,408464,45,2309
406110,408419,408465,46,2309
406007,408376,408465,89,2369
406110,408420,408467,47,2310
406110,408466,408468,2,2356
406110,408464,408467,3,2354
406110,408465,408467,2,2355
406110,408467,408468,1,2357
406007,408376,408470,94,2369
406110,408464,408470,6,2354
406110,408468,408470,2,2358
406110,408468,408470,2,2358
406110,408468,408470,2,2358
406110,408421,408471,50,2311
406110,408421,408472,51,2311
406110,408420,408472,52,2310
406110,408470,408472,2,2360
406110,408470,408472,2,2360
406110,408470,408471,1,2360
406110,408471,408473,2,2361
406110,408470,408473,3,2360
406110,408422,408472,50,2312
406110,408471,408473,2,2361
406110,408472,408474,2,2362
406110,408471,408473,2,2361
406110,408420,408475,55,2310
406110,408472,408474,2,2362
406110,408472,408475,3,2362
406110,408419,408474,55,2309
406007,408392,408475,83,2385
406110,408472,408476,4,2362
406110,408464,408478,14,2354
406007,408396,408478,82,2389
406110,408462,408479,17,2352
406007,408399,408479,80,2392
406110,408423,408483,60,2313
406110,408420,408484,64,2310
406110,408445,408485,40,2335
406110,408430,408485,55,2320
406110,408445,408487,42,2335
406110,408472,408487,15,2362
406110,408419,408486,67,2309
406110,408421,408487,66,2311
406110,408421,408491,70,2311
406110,408459,408494,35,2349
406110,408459,408496,37,2349
406110,408437,408497,60,2327
406110,408464,408501,37,2354
406110,408442,408501,59,2332
406110,408460,408503,43,2350
406110,408449,408504,55,2339
406110,408473,408504,31,2363
406110,408448,408506,58,2338
406110,408460,408508,48,2350
406110,408491,408512,21,2381
406110,408429,408514,85,2319
406110,408478,408517,39,2368
406110,408475,408525,50,2365
406110,408473,408529,56,2363
406110,408473,408530,57,2363
406110,408475,408530,55,2365
406110,408473,408530,57,2363
406110,408474,408530,56,2364
406110,408474,408536,62,2364
406110,408475,408542,67,2365
406110,408487,408543,56,2377
406110,408486,408544,58,2376
406110,408475,408546,71,2365
406110,408479,408547,68,2369
406110,408504,408548,44,2394
406110,408476,408547,71,2366
406110,408487,408549,62,2377
406110,408478,408550,72,2368
406110,408483,408552,69,2373
406110,408480,408553,73,2370
406110,408475,408553,78,2365
406110,408485,408553,68,2375
406110,408504,408557,53,2394
406110,408487,408557,70,2377
406110,408517,408559,42,2407
406110,408487,408561,74,2377
406110,408484,408563,79,2374
406110,408496,408563,67,2386
406110,408503,408568,65,2393
406110,408502,408570,68,2392
406110,408497,408572,75,2387
406110,408494,408574,80,2384
406110,408501,408574,73,2391
406110,408570,408576,6,2460
406110,408572,408576,4,2462
406110,408574,408578,4,2464
406110,408574,408578,4,2464
406110,408563,408579,16,2453
406110,408576,408580,4,2466
406110,408576,408580,4,2466
406110,408579,408581,2,2469
406110,408563,408582,19,2453
406110,408578,408582,4,2468
406110,408508,408581,73,2398
406110,408578,408581,3,2468
406110,408581,408584,3,2471
406110,408580,408583,3,2470
406110,408580,408583,3,2470
406110,408568,408585,17,2458
406110,408582,408585,3,2472
406110,408582,408585,3,2472
406110,408583,408586,3,2473
406110,408583,408586,3,2473
406110,408530,408586,56,2420
406110,408584,408586,2,2474
406110,408585,408587,2,2475
406110,408584,408588,4,2474
406110,408585,408588,3,2475
406110,408585,408588,3,2475
406110,408525,408588,63,2415
406110,408584,408589,5,2474
406110,408586,408589,3,2476
406110,408586,408589,3,2476
406110,408587,408589,2,2477
406110,408530,408589,59,2420
406110,408586,408589,3,2476
406110,408587,408590,3,2477
406110,408588,408592,4,2478
406110,408589,408592,3,2479
406110,408588,408592,4,2478
406110,408588,408592,4,2478
406110,408588,408592,4,2478
406110,408590,408592,2,2480
406110,408589,408593,4,2479
406110,408589,408592,3,2479
406110,408589,408592,3,2479
406110,408512,408592,80,2402
406110,408506,408594,88,2396
406110,408591,408595,4,2481
406110,408591,408595,4,2481
406110,408592,408595,3,2482
406110,408592,408596,4,2482
406110,408592,408597,5,2482
406110,408592,408596,4,2482
406110,408592,408597,5,2482
406110,408532,408597,65,2422
404774,407454,408598,1144,2680
406110,408592,408598,6,2482
406110,408543,408600,57,2433
406110,408529,408600,71,2419
406110,408532,408600,68,2422
406110,408536,408600,64,2426
406110,408514,408600,86,2404
406110,408542,408603,61,2432
406110,408546,408610,64,2436
406110,408545,408611,66,2435
406110,408553,408612,59,2443
406110,408557,408613,56,2447
406110,408549,408615,66,2439
406110,408548,408622,74,2438
406110,408547,408623,76,2437
406110,408550,408623,73,2440
406110,408561,408624,63,2451
406110,408553,408623,70,2443
406110,408559,408625,66,2449
406110,408549,408626,77,2439
406110,408552,408627,75,2442
406301,408628,408632,4,2327
406110,408557,408632,75,2447
406110,408553,408633,80,2443
406301,408626,408634,8,2325
406301,408632,408634,2,2331
406301,408632,408635,3,2331
406301,408634,408636,2,2333
406301,408634,408636,2,2333
406301,408634,408636,2,2333
406301,408635,408637,2,2334
406301,408600,408638,38,2299
406301,408636,408637,1,2335
406301,408636,408639,3,2335
406301,408636,408639,3,2335
406301,408625,408639,14,2324
406301,408637,408640,3,2336
406301,408638,408639,1,2337
406301,408639,408640,1,2338
406301,408598,408640,42,2297
406301,408639,408641,2,2338
406301,408639,408641,2,2338
406301,408639,408642,3,2338
406301,408597,408642,45,2296
406301,408640,408643,3,2339
406301,408640,408642,2,2339
406301,408595,408645,50,2294
406301,408640,408647,7,2339
406301,408600,408647,47,2299
406301,408593,408648,55,2292
406301,408593,408649,56,2292
406301,408595,408649,54,2294
406301,408593,408649,56,2292
406301,408600,408650,50,2299
406301,408594,408651,57,2293
406301,408597,408652,55,2296
406301,408624,408653,29,2323
406301,408597,408653,56,2296
406301,408598,408653,55,2297
406301,408596,408654,58,2295
406301,408595,408656,61,2294
406301,408624,408656,32,2323
406301,408611,408657,46,2310
406301,408613,408658,45,2312
406301,408600,408659,59,2299
406301,408603,408660,57,2302
406301,408613,408662,49,2312
406301,408597,408662,65,2296
406301,408640,408663,23,2339
406301,408623,408664,41,2322
406301,408615,408665,50,2314
406301,408600,408668,68,2299
406301,408611,408669,58,2310
406301,408622,408669,47,2321
406301,408623,408678,55,2322
406301,408643,408690,47,2342
406301,408642,408691,49,2341
406301,408653,408696,43,2352
406301,408647,408698,51,2346
406301,408643,408700,57,2342
406301,408642,408701,59,2341
406301,408649,408702,53,2348
406301,408641,408703,62,2340
406301,408647,408704,57,2346
406301,408651,408703,52,2350
406301,408641,408705,64,2340
406301,408645,408706,61,2344
406301,408649,408710,61,2348
406301,408660,408714,54,2359
406301,408648,408716,68,2347
406301,408657,408717,60,2356
406301,408662,408718,56,2361
406301,408663,408719,56,2362
406301,408652,408720,68,2351
406301,408653,408719,66,2352
406301,408656,408720,64,2355
406301,408651,408721,70,2350
406301,408657,408722,65,2356
406301,408665,408722,57,2364
406301,408654,408723,69,2353
406301,408653,408722,69,2352
406301,408669,408724,55,2368
406301,408662,408725,63,2361
406301,408649,408727,78,2348
406301,408659,408728,69,2358
406301,408658,408728,70,2357
406301,408665,408730,65,2364
406301,408728,408735,7,2427
406301,408730,408735,5,2429
406301,408669,408738,69,2368
406301,408728,408738,10,2427
406301,408735,408739,4,2434
406301,408735,408740,5,2434
406301,408738,408741,3,2437
406301,408739,408742,3,2438
406301,408739,408743,4,2438
406301,408740,408743,3,2439
406301,408741,408745,4,2440
406301,408668,408745,77,2367
406301,408691,408745,54,2390
406301,408678,408745,67,2377
406301,408742,408746,4,2441
406301,408743,408746,3,2442
406301,408727,408747,20,2426
406301,408744,408747,3,2443
406301,408745,408748,3,2444
406301,408745,408749,4,2444
406301,408690,408749,59,2389
406301,408745,408749,4,2444
406301,408745,408749,4,2444
406301,408746,408750,4,2445
406301,408746,408749,3,2445
406301,408747,408751,4,2446
406301,408747,408751,4,2446
406301,408748,408751,3,2447
406301,408749,408752,3,2448
406301,408749,408753,4,2448
406301,408749,408753,4,2448
406301,408749,408754,5,2448
406301,408750,408755,5,2449
406301,408751,408755,4,2450
406301,408751,408755,4,2450
406301,408752,408755,3,2451
406301,408751,408756,5,2450
406301,408751,408756,5,2450
406301,408696,408757,61,2395
406301,408753,408759,6,2452
406301,408754,408759,5,2453
406301,408755,408760,5,2454
406301,408753,408760,7,2452
406301,408755,408760,5,2454
406301,408704,408761,57,2403
406301,408756,408760,4,2455
406301,408702,408761,59,2401
406301,408755,408761,6,2454
406301,408698,408761,63,2397
406301,408725,408761,36,2424
406301,408756,408763,7,2455
406301,408724,408763,39,2423
406301,408755,408763,8,2454
406301,408757,408764,7,2456
406301,408759,408766,7,2458
406301,408704,408766,62,2403
406301,408722,408769,47,2421
406301,408759,408769,10,2458
406301,408706,408769,63,2405
406301,408700,408772,72,2399
406301,408714,408774,60,2413
406301,408720,408776,56,2419
406301,408701,408777,76,2400
406301,408705,408776,71,2404
406301,408717,408777,60,2416
406301,408703,408781,78,2402
406301,408719,408782,63,2418
406392,408774,408784,10,2382
406301,408710,408785,75,2409
406392,408772,408785,13,2380
406392,408760,408788,28,2368
406301,408720,408790,70,2419
406301,408723,408791,68,2422
406301,408723,408792,69,2422
406301,408716,408791,75,2415
405495,408036,408792,756,2541
406301,408722,408794,72,2421
406392,408793,408795,2,2401
406301,408718,408795,77,2417
406392,408794,408796,2,2402
406392,408795,408796,1,2403
406392,408795,408796,1,2403
406392,408761,408797,36,2369
406392,408792,408797,5,2400
406301,408720,408798,78,2419
406392,408798,408799,1,2406
406392,408797,408799,2,2405
406392,408798,408799,1,2406
406392,408797,408799,2,2405
406392,408792,408800,8,2400
406301,408721,408801,80,2420
406392,408799,408801,2,2407
406392,408799,408801,2,2407
406392,408799,408801,2,2407
406392,408798,408800,2,2406
406392,408798,408801,3,2406
406392,408785,408803,18,2393
406392,408800,408803,3,2408
406392,408801,408803,2,2409
406392,408800,408802,2,2408
406392,408801,408804,3,2409
406392,408782,408806,24,2390
406392,408761,408807,46,2369
406392,408801,408807,6,2409
406392,408761,408809,48,2369
406392,408791,408810,19,2399
406392,408760,408811,51,2368
406392,408764,408812,48,2372
406392,408763,408813,50,2371
406392,408767,408814,47,2375
406392,408761,408818,57,2369
406392,408769,408819,50,2377
406392,408769,408819,50,2377
406392,408764,408820,56,2372
406392,408801,408822,21,2409
406392,408778,408823,45,2386
406392,408766,408825,59,2374
406392,408778,408825,47,2386
406392,408790,408825,35,2398
406392,408776,408826,50,2384
406392,408769,408826,57,2377
406392,408761,408827,66,2369
406392,408762,408829,67,2370
406392,408784,408831,47,2392
406392,408788,408830,42,2396
406392,408763,408832,69,2371
406392,408781,408837,56,2389
406392,408777,408839,62,2385
406392,408785,408839,54,2393
406392,408801,408846,45,2409
406392,408808,408859,51,2416
406392,408803,408860,57,2411
406392,408807,408860,53,2415
406392,408806,408860,54,2414
406392,408811,408864,53,2419
406392,408809,408865,56,2417
406392,408803,408867,64,2411
406392,408803,408868,65,2411
406392,408818,408868,50,2426
406392,408801,408869,68,2409
406392,408804,408870,66,2412
406392,408815,408870,55,2423
406392,408825,408871,46,2433
406392,408815,408871,56,2423
406392,408804,408870,66,2412
406392,408812,408872,60,2420
406392,408810,408872,62,2418
406392,408819,408876,57,2427
406392,408819,408877,58,2427
406392,408822,408881,59,2430
406392,408823,408882,59,2431
406392,408820,408883,63,2428
406392,408831,408888,57,2439
406392,408826,408888,62,2434
406392,408825,408890,65,2433
406392,408825,408892,67,2433
406392,408827,408893,66,2435
406392,408831,408894,63,2439
406392,408832,408896,64,2440
406392,408826,408896,70,2434
406392,408829,408902,73,2437
406392,408839,408903,64,2447
406392,408837,408905,68,2445
406392,408897,408905,8,2505
406392,408903,408909,6,2511
406392,408905,408909,4,2513
406392,408894,408909,15,2502
406392,408902,408908,6,2510
406392,408905,408909,4,2513
406392,408909,408913,4,2517
406392,408909,408913,4,2517
406392,408909,408913,4,2517
406392,408909,408913,4,2517
406392,408896,408913,17,2504
406392,408841,408915,74,2449
406392,408910,408914,4,2518
406392,408860,408915,55,2468
406392,408913,408917,4,2521
406392,408913,408917,4,2521
406392,408913,408917,4,2521
406392,408846,408917,71,2454
406392,408913,408917,4,2521
406392,408860,408918,58,2468
406392,408860,408918,58,2468
406392,408916,408919,3,2524
406392,408915,408919,4,2523
406392,408914,408918,4,2522
406392,408915,408919,4,2523
406392,408864,408919,55,2472
406392,408861,408921,60,2469
406392,408917,408921,4,2525
406392,408917,408921,4,2525
406392,408917,408920,3,2525
406392,408917,408922,5,2525
406392,408917,408922,5,2525
406392,408918,408922,4,2526
406392,408918,408921,3,2526
406392,408919,408923,4,2527
406392,408871,408922,51,2479
406392,408919,408923,4,2527
406392,408919,408924,5,2527
406392,408865,408924,59,2473
406392,408919,408925,6,2527
406392,408921,408925,4,2529
406392,408920,408925,5,2528
406392,408872,408926,54,2480
406392,408921,408927,6,2529
406392,408870,408927,57,2478
406392,408869,408926,57,2477
406392,408922,408927,5,2530
406392,408921,408927,6,2529
406392,408922,408928,6,2530
406392,408922,408928,6,2530
406392,408922,408928,6,2530
406392,408923,408929,6,2531
406392,408922,408929,7,2530
406392,408923,408928,5,2531
406392,408923,408931,8,2531
406392,408924,408930,6,2532
406392,408924,408932,8,2532
406392,408871,408932,61,2479
406392,408868,408934,66,2476
406392,408876,408935,59,2484
406392,408867,408936,69,2475
406392,408869,408936,67,2477
406392,408877,408939,62,2485
406392,408870,408940,70,2478
406392,408873,408942,69,2481
406392,408881,408942,61,2489
406392,408871,408944,73,2479
406392,408893,408944,51,2501
406392,408888,408950,62,2496
406392,408890,408950,60,2498
406392,408883,408955,72,2491
406392,408882,408955,73,2490
406392,408888,408959,71,2496
406411,408959,408962,3,2548
406411,408956,408963,7,2545
406392,408892,408963,71,2500
406411,408963,408965,2,2552
406411,408963,408965,2,2552
406411,408963,408966,3,2552
406411,408965,408968,3,2554
406411,408965,408968,3,2554
406411,408966,408968,2,2555
406411,408955,408968,13,2544
406411,408968,408970,2,2557
406411,408968,408970,2,2557
406411,408968,408971,3,2557
406411,408925,408971,46,2514
406411,408970,408972,2,2559
406411,408970,408973,3,2559
406411,408971,408973,2,2560
406411,408971,408973,2,2560
406411,408970,408973,3,2559
406411,408972,408975,3,2561
406411,408973,408975,2,2562
406411,408932,408974,42,2521
406411,408973,408975,2,2562
406411,408926,408975,49,2515
406411,408927,408976,49,2516
406411,408929,408976,47,2518
406411,408925,408979,54,2514
406411,408927,408979,52,2516
406411,408930,408980,50,2519
406411,408951,408980,29,2540
406411,408950,408981,31,2539
406411,408928,408980,52,2517
406411,408927,408983,56,2516
406411,408927,408984,57,2516
406411,408935,408985,50,2524
406411,408944,408986,42,2533
406411,408940,408986,46,2529
406411,408973,408987,14,2562
406411,408942,408988,46,2531
406411,408927,408988,61,2516
406411,408928,408989,61,2517
406411,408944,408992,48,2533
406411,408939,408992,53,2528
406411,408934,408992,58,2523
406411,408928,408993,65,2517
406411,408932,408994,62,2521
406411,408929,408993,64,2518
406411,408936,408996,60,2525
406411,408942,408997,55,2531
406411,408931,408997,66,2520
406411,408931,408997,66,2520
406411,408974,409005,31,2563
406411,408936,409009,73,2525
406411,408976,409020,44,2565
406411,408975,409021,46,2564
406411,408976,409024,48,2565
406411,408975,409028,53,2564
406411,408979,409030,51,2568
406411,408980,409029,49,2569
406411,408981,409030,49,2570
406411,408976,409031,55,2565
406411,408975,409032,57,2564
406411,408975,409035,60,2564
406411,408984,409036,52,2573
406411,408979,409036,57,2568
406411,408980,409038,58,2569
406411,408992,409039,47,2581
406411,408985,409040,55,2574
406411,408981,409041,60,2570
406411,408997,409045,48,2586
406411,408988,409046,58,2577
406411,408983,409047,64,2572
406411,408986,409049,63,2575
406411,408986,409049,63,2575
406411,408992,409049,57,2581
406411,408992,409053,61,2581
406411,408993,409054,61,2582
406411,408987,409056,69,2576
406411,408989,409059,70,2578
406411,408988,409062,74,2577
406411,408994,409065,71,2583
406411,408997,409065,68,2586
406411,408997,409067,70,2586
406411,408998,409067,69,2587
406411,408994,409069,75,2583
406411,409005,409070,65,2594
406411,409070,409075,5,2659
406411,409069,409077,8,2658
406411,409067,409076,9,2656
406411,409020,409077,57,2609
406411,409021,409079,58,2610
406411,409075,409080,5,2664
406411,409024,409081,57,2613
406411,409077,409081,4,2666
406411,409077,409080,3,2666
406411,409079,409082,3,2668
406411,409077,409082,5,2666
406411,409081,409083,2,2670
406411,409080,409084,4,2669
406411,409081,409084,3,2670
406411,409030,409084,54,2619
406411,409010,409085,75,2599
406411,409081,409085,4,2670
406411,409067,409085,18,2656
406411,409031,409085,54,2620
406411,409082,409084,2,2671
406411,409083,409086,3,2672
406411,409082,409086,4,2671
406411,409062,409085,23,2651
406411,409084,409087,3,2673
406411,409084,409087,3,2673
406411,409084,409088,4,2673
406411,409085,409088,3,2674
406411,409085,409089,4,2674
406411,409086,409089,3,2675
406411,409085,409089,4,2674
406411,409085,409089,4,2674
406411,409085,409088,3,2674
406411,409086,409090,4,2675
406411,409087,409090,3,2676
406411,409086,409090,4,2675
406411,409041,409091,50,2630
406411,409032,409090,58,2621
406411,409087,409090,3,2676
406411,409089,409092,3,2678
406411,409088,409092,4,2677
406411,409031,409091,60,2620
406411,409088,409092,4,2677
406411,409089,409092,3,2678
406411,409089,409093,4,2678
406411,409089,409094,5,2678
406411,409090,409094,4,2679
406411,409089,409094,5,2678
406411,409091,409094,3,2680
406411,409090,409095,5,2679
406411,409091,409096,5,2680
406411,409036,409096,60,2625
406411,409090,409096,6,2679
406411,409091,409097,6,2680
406411,409038,409097,59,2627
406411,409040,409098,58,2629
406411,409092,409098,6,2681
406411,409092,409098,6,2681
406411,409037,409097,60,2626
406411,409092,409097,5,2681
406411,409028,409098,70,2617
406411,409031,409100,69,2620
406411,409065,409101,36,2654
406411,409045,409105,60,2634
406411,409050,409106,56,2639
406411,409046,409108,62,2635
406411,409036,409110,74,2625
406411,409049,409114,65,2638
406411,409065,409116,51,2654
406411,409039,409116,77,2628
406411,409049,409117,68,2638
406411,409059,409120,61,2648
406411,409053,409121,68,2642
406411,409047,409122,75,2636
406411,409056,409125,69,2645
406411,409054,409126,72,2643
406570,409126,409131,5,2556
406570,409131,409135,4,2561
406570,409093,409136,43,2523
406570,409125,409137,12,2555
406570,409135,409138,3,2565
406570,409136,409138,2,2566
406570,409093,409138,45,2523
406570,409137,409139,2,2567
406570,409138,409140,2,2568
406570,409138,409140,2,2568
406570,409138,409141,3,2568
406570,409096,409141,45,2526
406570,409139,409141,2,2569
406570,409122,409141,19,2552
406570,409140,409141,1,2570
406570,409140,409141,1,2570
406570,409141,409143,2,2571
406570,409097,409143,46,2527
406570,409120,409143,23,2550
406570,409097,409144,47,2527
406570,409142,409144,2,2572
406570,409141,409144,3,2571
406570,409142,409144,2,2572
406570,409142,409144,2,2572
406570,409098,409145,47,2528
406570,409141,409144,3,2571
406570,409095,409146,51,2525
406570,409143,409145,2,2573
406570,409143,409147,4,2573
406570,409094,409147,53,2524
406570,409098,409147,49,2528
406570,409121,409149,28,2551
406570,409096,409150,54,2526
406570,409099,409150,51,2529
406570,409098,409152,54,2528
406570,409108,409153,45,2538
406570,409094,409153,59,2524
406570,409098,409153,55,2528
406570,409105,409156,51,2535
406570,409110,409157,47,2540
406570,409106,409161,55,2536
406570,409097,409162,65,2527
406570,409100,409163,63,2530
406570,409094,409163,69,2524
406570,409144,409163,19,2574
406570,409144,409165,21,2574
406570,409098,409164,66,2528
406570,409117,409167,50,2547
406570,409116,409168,52,2546
406570,409095,409170,75,2525
406570,409101,409171,70,2531
406570,409115,409175,60,2545
406570,409167,409177,10,2597
406570,409168,409177,9,2598
406570,409116,409179,63,2546
405328,407850,409181,1331,2522
406570,409148,409187,39,2578
406570,409144,409192,48,2574
406570,409144,409196,52,2574
406570,409153,409197,44,2583
406570,409147,409201,54,2577
406570,409146,409203,57,2576
406570,409144,409203,59,2574
406570,409146,409205,59,2576
406570,409150,409207,57,2580
406570,409145,409207,62,2575
406570,409148,409209,61,2578
406570,409157,409212,55,2587
406570,409152,409213,61,2582
406570,409150,409213,63,2580
406570,409145,409215,70,2575
406570,409154,409215,61,2584
406570,409144,409215,71,2574
406570,409149,409220,71,2579
406570,409163,409220,57,2593
406570,409157,409221,64,2587
406570,409153,409222,69,2583
406570,409165,409223,58,2595
406570,409163,409231,68,2593
406570,409165,409235,70,2595
406570,409163,409236,73,2593
406570,409161,409237,76,2591
406570,409162,409240,78,2592
406570,409175,409247,72,2605
406570,409170,409247,77,2600
406570,409188,409247,59,2618
406570,409171,409247,76,2601
406570,409177,409250,73,2607
406570,409179,409252,73,2609
406570,409177,409252,75,2607
406570,409192,409252,60,2622
406570,409247,409252,5,2677
406570,409247,409253,6,2677
406570,409181,409252,71,2611
406570,409248,409254,6,2678
406570,409250,409254,4,2680
406570,409252,409255,3,2682
406570,409247,409255,8,2677
406570,409205,409256,51,2635
406570,409252,409256,4,2682
406570,409252,409256,4,2682
406570,409197,409256,59,2627
406570,409253,409257,4,2683
406570,409252,409256,4,2682
406570,409196,409258,62,2626
406570,409254,409259,5,2684
406570,409254,409259,5,2684
406570,409253,409258,5,2683
406570,409255,409259,4,2685
406570,409203,409259,56,2633
406570,409256,409259,3,2686
406570,409257,409260,3,2687
406570,409201,409259,58,2631
406570,409258,409261,3,2688
406570,409257,409261,4,2687
406570,409255,409261,6,2685
406570,409258,409261,3,2688
406570,409257,409261,4,2687
406570,409257,409260,3,2687
406570,409259,409263,4,2689
406570,409259,409263,4,2689
406570,409259,409263,4,2689
406570,409260,409263,3,2690
406570,409260,409264,4,2690
406570,409208,409263,55,2638
406570,409259,409264,5,2689
406570,409259,409264,5,2689
406570,409260,409264,4,2690
406570,409240,409265,25,2670
406570,409261,409264,3,2691
406570,409261,409266,5,2691
406570,409261,409265,4,2691
406570,409207,409266,59,2637
406570,409261,409268,7,2691
406570,409261,409269,8,2691
406570,409261,409270,9,2691
406570,409263,409270,7,2693
406570,409263,409270,7,2693
406570,409263,409270,7,2693
406570,409264,409270,6,2694
406570,409264,409270,6,2694
406570,409263,409270,7,2693
406570,409264,409272,8,2694
406570,409209,409273,64,2639
406570,409203,409273,70,2633
406570,409213,409275,62,2643
406570,409264,409275,11,2694
406570,409213,409276,63,2643
406570,409215,409277,62,2645
406570,409214,409287,73,2644
406570,409237,409288,51,2667
406570,409215,409289,74,2645
406733,409273,409289,16,2540
406733,409273,409290,17,2540
406570,409223,409290,67,2653
406733,409275,409293,18,2542
406570,409215,409296,81,2645
406570,409220,409297,77,2650
406570,409220,409298,78,2650
406570,409235,409300,65,2665
406570,409222,409301,79,2652
406733,409272,409302,30,2539
406570,409221,409305,84,2651
406733,409275,409305,30,2542
406570,409231,409305,74,2661
406733,409303,409306,3,2570
406733,409301,409307,6,2568
406733,409300,409307,7,2567
406733,409306,409308,2,2573
406733,409305,409308,3,2572
406733,409305,409308,3,2572
406733,409305,409308,3,2572
406733,409307,409310,3,2574
406733,409308,409309,1,2575
406733,409308,409310,2,2575
406733,409267,409311,44,2534
406733,409308,409311,3,2575
406733,409308,409310,2,2575
406733,409310,409312,2,2577
406733,409298,409312,14,2565
406733,409309,409311,2,2576
406733,409310,409312,2,2577
406733,409311,409313,2,2578
406733,409310,409313,3,2577
406733,409311,409312,1,2578
406733,409311,409314,3,2578
406570,409236,409314,78,2666
406733,409266,409314,48,2533
406733,409270,409314,44,2537
406733,409312,409314,2,2579
406733,409288,409317,29,2555
406733,409265,409318,53,2532
406733,409270,409318,48,2537
406733,409276,409319,43,2543
406733,409271,409319,48,2538
406733,409270,409321,51,2537
406733,409297,409324,27,2564
406733,409270,409326,56,2537
406733,409271,409328,57,2538
406733,409270,409330,60,2537
406733,409266,409330,64,2533
406733,409312,409331,19,2579
406733,409270,409333,63,2537
406733,409277,409333,56,2544
406733,409290,409335,45,2557
406733,409265,409336,71,2532
406733,409290,409338,48,2557
406733,409296,409338,42,2563
406733,409268,409339,71,2535
406733,409293,409340,47,2560
406733,409291,409341,50,2558
406733,409312,409347,35,2579
406733,409290,409347,57,2557
406733,409287,409356,69,2554
406733,409317,409356,39,2584
406733,409326,409366,40,2593
406733,409313,409367,54,2580
406733,409314,409367,53,2581
406733,409313,409369,56,2580
406733,409314,409372,58,2581
406733,409319,409374,55,2586
406733,409318,409374,56,2585
406733,409314,409376,62,2581
406733,409336,409376,40,2603
406733,409314,409376,62,2581
406733,409319,409376,57,2586
406733,409313,409376,63,2580
406733,409321,409378,57,2588
406733,409313,409379,66,2580
406733,409318,409379,61,2585
406733,409314,409384,70,2581
406733,409328,409385,57,2595
406733,409324,409392,68,2591
406733,409330,409393,63,2597
406733,409333,409394,61,2600
406733,409338,409397,59,2605
406733,409333,409399,66,2600
406733,409342,409399,57,2609
406733,409331,409402,71,2598
406733,409330,409402,72,2597
406733,409340,409403,63,2607
406733,409338,409405,67,2605
406733,409339,409406,67,2606
406733,409335,409410,75,2602
406733,409347,409411,64,2614
406733,409356,409413,57,2623
406733,409413,409420,7,2680
406733,409412,409423,11,2679
406733,409347,409424,77,2614
406733,409367,409426,59,2634
406733,409367,409426,59,2634
406733,409420,409426,6,2687
406733,409356,409427,71,2623
406733,409372,409426,54,2639
406733,409423,409428,5,2690
406733,409424,409429,5,2691
406733,409426,409429,3,2693
406733,409426,409430,4,2693
406733,409428,409431,3,2695
406733,409376,409431,55,2643
406733,409427,409430,3,2694
406733,409427,409431,4,2694
406733,409428,409432,4,2695
406733,409376,409432,56,2643
406733,409430,409433,3,2697
406733,409430,409433,3,2697
406733,409431,409434,3,2698
406733,409431,409434,3,2698
406733,409431,409435,4,2698
406733,409429,409434,5,2696
406733,409367,409435,68,2634
406733,409432,409436,4,2699
406733,409432,409436,4,2699
406733,409432,409436,4,2699
406733,409374,409437,63,2641
406733,409433,409436,3,2700
406733,409433,409437,4,2700
406733,409434,409438,4,2701
406733,409435,409439,4,2702
406733,409434,409438,4,2701
406733,409379,409438,59,2646
406733,409379,409439,60,2646
406733,409374,409439,65,2641
406733,409436,409440,4,2703
406733,409436,409441,5,2703
406733,409435,409441,6,2702
406733,409436,409441,5,2703
406733,409436,409442,6,2703
406733,409437,409442,5,2704
406733,409369,409442,73,2636
406733,409376,409443,67,2643
406733,409437,409443,6,2704
406733,409438,409444,6,2705
406733,409438,409444,6,2705
406733,409439,409445,6,2706
406733,409439,409446,7,2706
406733,409439,409446,7,2706
406733,409439,409446,7,2706
406733,409440,409446,6,2707
406733,409440,409447,7,2707
406733,409376,409448,72,2643
406733,409441,409448,7,2708
406733,409441,409450,9,2708
406111,408593,409450,857,2482
406733,409442,409450,8,2709
406733,409441,409451,10,2708
406733,409379,409452,73,2646
406733,409394,409453,59,2661
406733,409397,409454,57,2664
406733,409376,409455,79,2643
406733,409385,409456,71,2652
406733,409410,409459,49,2677
406733,409392,409459,67,2659
406733,409403,409460,57,2670
406733,409393,409461,68,2660
406733,409384,409462,78,2651
406733,409402,409463,61,2669
406733,409400,409465,65,2667
406733,409402,409469,67,2669
406943,409442,409474,32,2499
406733,409406,409475,69,2673
406943,409443,409475,32,2500
406733,409405,409476,71,2672
406733,409399,409476,77,2666
406943,409476,409479,3,2533
406943,409476,409481,5,2533
406943,409479,409482,3,2536
406943,409481,409483,2,2538
406943,409475,409484,9,2532
406943,409483,409485,2,2540
406943,409482,409485,3,2539
406943,409484,409486,2,2541
406943,409444,409486,42,2501
405603,408222,409488,1266,2619
406943,409485,409488,3,2542
406943,409486,409488,2,2543
406943,409485,409488,3,2542
406943,409486,409487,1,2543
406943,409444,409488,44,2501
406943,409488,409490,2,2545
406943,409488,409490,2,2545
406943,409488,409490,2,2545
406943,409488,409490,2,2545
406943,409489,409491,2,2546
406943,409488,409491,3,2545
406943,409475,409492,17,2532
406943,409446,409492,46,2503
406943,409490,409493,3,2547
406943,409445,409493,48,2502
406943,409453,409494,41,2510
406943,409450,409493,43,2507
406943,409447,409495,48,2504
406943,409447,409497,50,2504
406943,409455,409498,43,2512
406943,409446,409498,52,2503
406943,409446,409499,53,2503
406943,409449,409500,51,2506
406943,409443,409502,59,2500
406943,409461,409502,41,2518
406943,409456,409503,47,2513
406943,409454,409505,51,2511
406943,409474,409505,31,2531
406943,409460,409507,47,2517
406943,409451,409507,56,2508
406943,409462,409508,46,2519
406943,409450,409510,60,2507
406943,409490,409511,21,2547
406943,409452,409512,60,2509
406943,409448,409513,65,2505
406943,409465,409514,49,2522
406943,409470,409515,45,2527
406943,409463,409516,53,2520
406943,409450,409516,66,2507
406943,409459,409519,60,2516
406943,409460,409522,62,2517
406943,409490,409541,51,2547
406943,409494,409542,48,2551
406943,409492,409543,51,2549
406943,409490,409544,54,2547
406943,409494,409546,52,2551
406943,409493,409547,54,2550
406943,409491,409547,56,2548
406943,409498,409548,50,2555
406943,409493,409549,56,2550
406943,409492,409550,58,2549
406943,409495,409551,56,2552
406943,409499,409553,54,2556
406943,409499,409557,58,2556
406943,409508,409558,50,2565
406943,409507,409559,52,2564
406943,409498,409560,62,2555
406943,409491,409560,69,2548
406943,409505,409561,56,2562
406943,409502,409564,62,2559
406943,409502,409565,63,2559
406943,409510,409568,58,2567
406943,409502,409568,66,2559
406943,409507,409568,61,2564
406943,409503,409571,68,2560
406943,409514,409572,58,2571
406943,409516,409577,61,2573
406943,409511,409578,67,2568
406943,409513,409581,68,2570
406943,409505,409582,77,2562
406943,409512,409582,70,2569
406943,409521,409585,64,2578
406943,409515,409588,73,2572
406943,409517,409588,71,2574
406943,409522,409590,68,2579
406007,408418,409594,1176,2411
406943,409588,409595,7,2645
406943,409589,409596,7,2646
406943,409541,409596,55,2598
406943,409592,409598,6,2649
406943,409542,409600,58,2599
406943,409596,409600,4,2653
406943,409594,409599,5,2651
406943,409595,409600,5,2652
406943,409543,409602,59,2600
406943,409596,409601,5,2653
406943,409585,409602,17,2642
406943,409598,409603,5,2655
406943,409600,409603,3,2657
406943,409600,409604,4,2657
406943,409546,409604,58,2603
406943,409552,409605,53,2609
406943,409601,409605,4,2658
406943,409602,409605,3,2659
406943,409600,409605,5,2657
406943,409547,409605,58,2604
406943,409548,409605,57,2605
406943,409547,409606,59,2604
406943,409602,409607,5,2659
406943,409602,409606,4,2659
406943,409604,409607,3,2661
406943,409603,409607,4,2660
406943,409603,409606,3,2660
406943,409553,409607,54,2610
406943,409604,409608,4,2661
406943,409605,409609,4,2662
406943,409557,409609,52,2614
406943,409605,409609,4,2662
406943,409544,409610,66,2601
406943,409605,409610,5,2662
406943,409605,409611,6,2662
406943,409606,409610,4,2663
406943,409606,409611,5,2663
406943,409606,409611,5,2663
406943,409549,409610,61,2606
406943,409607,409612,5,2664
406943,409607,409612,5,2664
406943,409559,409613,54,2616
406943,409568,409612,44,2625
406943,409607,409613,6,2664
406943,409608,409613,5,2665
406943,409608,409614,6,2665
406943,409607,409614,7,2664
406943,409608,409614,6,2665
406943,409609,409615,6,2666
406943,409609,409616,7,2666
406943,409611,409617,6,2668
406943,409550,409617,67,2607
406943,409609,409616,7,2666
406943,409610,409618,8,2667
406943,409612,409618,6,2669
406943,409582,409618,36,2639
406943,409610,409618,8,2667
406943,409561,409619,58,2618
406943,409611,409619,8,2668
406943,409611,409618,7,2668
406943,409611,409620,9,2668
406943,409558,409628,70,2615
406943,409572,409629,57,2629
406943,409560,409632,72,2617
406943,409568,409633,65,2625
406943,409560,409634,74,2617
406943,409568,409638,70,2625
406943,409564,409638,74,2621
406943,409565,409638,73,2622
406943,409578,409643,65,2635
406943,409571,409643,72,2628
406943,409577,409644,67,2634
407417,409638,409645,7,2221
407417,409638,409647,9,2221
406943,409581,409648,67,2638
406943,409582,409654,72,2639
407417,409616,409657,41,2199
407417,409657,409659,2,2240
407417,409654,409661,7,2237
407417,409648,409661,13,2231
407417,409659,409661,2,2242
407417,409613,409663,50,2196
407417,409661,409664,3,2244
407417,409661,409664,3,2244
407417,409663,409664,1,2246
407417,409614,409664,50,2197
407417,409618,409666,48,2201
407417,409664,409666,2,2247
407417,409664,409667,3,2247
407417,409664,409667,3,2247
407417,409613,409667,54,2196
407417,409612,409667,55,2195
407417,409619,409667,48,2202
407417,409665,409668,3,2248
407417,409664,409668,4,2247
407417,409666,409668,2,2249
407417,409666,409670,4,2249
407417,409617,409670,53,2200
407417,409617,409670,53,2200
407417,409616,409673,57,2199
407417,409647,409673,26,2230
407417,409619,409673,54,2202
407417,409613,409674,61,2196
407417,409615,409674,59,2198
407417,409613,409675,62,2196
407417,409619,409675,56,2202
407417,409614,409675,61,2197
407417,409618,409677,59,2201
407417,409667,409677,10,2250
407417,409629,409679,50,2212
407417,409620,409684,64,2203
407417,409617,409686,69,2200
407417,409628,409687,59,2211
407417,409618,409687,69,2201
407417,409618,409689,71,2201
407417,409632,409694,62,2215
407417,409643,409695,52,2226
407417,409645,409695,50,2228
407417,409633,409696,63,2216
407417,409644,409696,52,2227
407417,409667,409699,32,2250
407417,409643,409699,56,2226
407417,409667,409701,34,2250
407417,409634,409703,69,2217
407417,409638,409704,66,2221
407417,409673,409710,37,2256
407417,409673,409722,49,2256
407417,409668,409723,55,2251
407417,409670,409723,53,2253
407417,409668,409725,57,2251
407417,409670,409726,56,2253
407417,409668,409727,59,2251
407417,409668,409727,59,2251
407417,409674,409729,55,2257
407417,409673,409729,56,2256
407417,409670,409730,60,2253
407417,409675,409734,59,2258
407417,409678,409737,59,2261
407417,409679,409737,58,2262
407417,409674,409739,65,2257
407417,409677,409744,67,2260
407417,409668,409745,77,2251
407417,409675,409745,70,2258
407417,409684,409757,73,2267
407417,409701,409759,58,2284
407417,409689,409759,70,2272
407417,409676,409758,82,2259
407417,409686,409760,74,2269
407417,409687,409765,78,2270
407417,409696,409767,71,2279
407417,409695,409767,72,2278
407417,409700,409768,68,2283
407417,409688,409768,80,2271
407417,409710,409770,60,2293
407417,409695,409770,75,2278
407417,409696,409771,75,2279
407417,409704,409772,68,2287
407417,409699,409772,73,2282
407417,409729,409772,43,2312
407417,409694,409774,80,2277
407417,409703,409775,72,2286
407417,409772,409776,4,2355
407417,409772,409777,5,2355
407417,409729,409777,48,2312
407417,409774,409779,5,2357
407417,409776,409779,3,2359
407417,409776,409780,4,2359
407417,409778,409781,3,2361
407417,409772,409780,8,2355
407417,409777,409781,4,2360
407417,409779,409782,3,2362
407417,409729,409782,53,2312
407417,409779,409782,3,2362
407417,409723,409783,60,2306
407417,409780,409783,3,2363
407417,409781,409784,3,2364
407417,409781,409785,4,2364
407417,409781,409785,4,2364
407417,409782,409785,3,2365
407417,409782,409785,3,2365
407417,409782,409785,3,2365
407417,409783,409786,3,2366
407417,409784,409787,3,2367
407417,409783,409787,4,2366
407417,409723,409787,64,2306
407417,409785,409788,3,2368
407417,409785,409788,3,2368
407417,409726,409787,61,2309
407417,409785,409789,4,2368
407417,409785,409789,4,2368
407417,409725,409789,64,2308
407417,409786,409789,3,2369
407417,409787,409790,3,2370
407417,409785,409790,5,2368
407417,409787,409791,4,2370
407417,409727,409791,64,2310
407417,409787,409792,5,2370
407417,409788,409792,4,2371
407417,409734,409792,58,2317
407417,409788,409792,4,2371
407417,409789,409793,4,2372
407417,409730,409794,64,2313
407417,409790,409795,5,2373
407417,409789,409795,6,2372
407417,409789,409795,6,2372
407417,409790,409796,6,2373
407417,409791,409796,5,2374
407417,409790,409796,6,2373
407417,409790,409796,6,2373
407417,409722,409797,75,2305
407417,409791,409798,7,2374
407417,409792,409798,6,2375
407417,409792,409799,7,2375
407417,409792,409800,8,2375
407417,409738,409800,62,2321
407417,409772,409801,29,2355
407417,409792,409803,11,2375
407417,409737,409803,66,2320
407417,409769,409812,43,2352
407417,409759,409817,58,2342
407417,409759,409818,59,2342
407417,409767,409819,52,2350
407417,409768,409819,51,2351
407417,409744,409819,75,2327
407417,409745,409820,75,2328
407417,409739,409822,83,2322
407417,409770,409825,55,2353
407417,409770,409826,56,2353
407417,409759,409827,68,2342
407417,409745,409827,82,2328
407417,409760,409831,71,2343
407417,409765,409833,68,2348
407417,409767,409834,67,2350
407617,409795,409834,39,2178
407617,409794,409837,43,2177
407617,409835,409838,3,2218
407617,409837,409839,2,2220
407617,409796,409840,44,2179
407617,409838,409840,2,2221
407617,409841,409842,1,2224
407617,409839,409841,2,2222
407617,409840,409841,1,2223
407417,409757,409843,86,2340
407617,409842,409844,2,2225
407617,409842,409844,2,2225
407617,409842,409844,2,2225
407617,409798,409845,47,2181
407617,409844,409846,2,2227
407617,409843,409846,3,2226
407617,409844,409846,2,2227
407617,409846,409847,1,2229
407617,409834,409848,14,2217
407617,409800,409848,48,2183
407617,409797,409848,51,2180
407617,409846,409847,1,2229
407617,409846,409848,2,2229
407617,409845,409847,2,2228
407617,409846,409847,1,2229
407617,409826,409849,23,2209
407617,409800,409849,49,2183
407617,409847,409849,2,2230
407617,409848,409850,2,2231
407617,409848,409850,2,2231
407617,409848,409850,2,2231
407617,409795,409851,56,2178
407617,409848,409850,2,2231
407617,409848,409852,4,2231
407617,409817,409853,36,2200
407617,409803,409853,50,2186
407617,409796,409854,58,2179
407617,409848,409854,6,2231
407617,409803,409856,53,2186
407617,409798,409858,60,2181
407617,409801,409858,57,2184
407617,409834,409859,25,2217
407617,409796,409859,63,2179
407617,409799,409859,60,2182
407617,409819,409861,42,2202
407617,409795,409863,68,2178
407617,409797,409867,70,2180
407617,409812,409867,55,2195
407617,409849,409872,23,2232
407617,409849,409872,23,2232
407617,409819,409875,56,2202
407617,409822,409876,54,2205
407617,409827,409879,52,2210
407617,409827,409879,52,2210
407617,409819,409885,66,2202
407617,409818,409889,71,2201
407617,409831,409889,58,2214
407617,409821,409889,68,2204
407617,409850,409893,43,2233
407617,409825,409893,68,2208
407617,409850,409904,54,2233
407617,409850,409912,62,2233
407617,409849,409912,63,2232
407617,409853,409913,60,2236
407617,409852,409914,62,2235
407617,409852,409914,62,2235
407617,409853,409918,65,2236
407617,409854,409919,65,2237
407617,409858,409921,63,2241
407617,409856,409921,65,2239
407617,409859,409923,64,2242
407617,409854,409925,71,2237
407617,409859,409926,67,2242
407617,409859,409926,67,2242
407617,409850,409926,76,2233
407617,409852,409928,76,2235
407617,409872,409929,57,2255
407617,409867,409929,62,2250
406301,408760,409932,1172,2459
407617,409873,409933,60,2256
407617,409885,409934,49,2268
407617,409858,409934,76,2241
407617,409867,409938,71,2250
407617,409863,409939,76,2246
407617,409861,409941,80,2244
407617,409904,409945,41,2287
407617,409879,409947,68,2262
407617,409875,409950,75,2258
407617,409893,409952,59,2276
407617,409876,409954,78,2259
407617,409925,409956,31,2308
407617,409890,409958,68,2273
407617,409879,409961,82,2262
407617,409893,409962,69,2276
407617,409950,409963,13,2333
407617,409889,409963,74,2272
407617,409958,409964,6,2341
407617,409889,409965,76,2272
407617,409956,409966,10,2339
407617,409963,409967,4,2346
407617,409962,409966,4,2345
407617,409952,409968,16,2335
407617,409964,409967,3,2347
407617,409964,409968,4,2347
407617,409965,409968,3,2348
407617,409962,409967,5,2345
407617,409954,409969,15,2337
407617,409968,409970,2,2351
407617,409967,409970,3,2350
407617,409967,409970,3,2350
407617,409966,409969,3,2349
407617,409968,409971,3,2351
407617,409913,409970,57,2296
407617,409921,409971,50,2304
407617,409968,409971,3,2351
407617,409968,409972,4,2351
407617,409968,409971,3,2351
407617,409969,409972,3,2352
407617,409912,409973,61,2295
407617,409970,409972,2,2353
407617,409912,409973,61,2295
407617,409971,409973,2,2354
407617,409970,409974,4,2353
407617,409970,409974,4,2353
407617,409970,409974,4,2353
407617,409971,409973,2,2354
407617,409971,409975,4,2354
407617,409973,409975,2,2356
407617,409971,409975,4,2354
407617,409973,409976,3,2356
407617,409972,409976,4,2355
407617,409972,409976,4,2355
407617,409973,409976,3,2356
407617,409974,409977,3,2357
407617,409972,409976,4,2355
407617,409974,409978,4,2357
407617,409974,409978,4,2357
407617,409920,409978,58,2303
407617,409914,409977,63,2297
407617,409914,409978,64,2297
407617,409975,409977,2,2358
407617,409974,409980,6,2357
407617,409975,409979,4,2358
407617,409921,409980,59,2304
407617,409975,409979,4,2358
407617,409918,409981,63,2301
407617,409923,409983,60,2306
407617,409929,409994,65,2312
407617,409927,409995,68,2310
407617,409926,409997,71,2309
407617,409928,410000,72,2311
407617,409929,410001,72,2312
407617,409926,410002,76,2309
407617,409933,410003,70,2316
407617,409934,410007,73,2317
407617,409939,410007,68,2322
407617,409938,410008,70,2321
407617,409941,410009,68,2324
407617,409945,410010,65,2328
407617,409932,410010,78,2315
407617,409934,410020,86,2317
406570,409264,410020,756,2694
407617,409947,410027,80,2330
407696,409976,410028,52,2280
407696,409978,410028,50,2282
407696,409978,410031,53,2282
407696,409981,410031,50,2285
407696,409978,410033,55,2282
407696,409978,410035,57,2282
407696,409977,410036,59,2281
407696,409977,410037,60,2281
407696,409976,410039,63,2280
407696,409976,410039,63,2280
407696,409982,410040,58,2286
407696,409978,410042,64,2282
407696,409983,410044,61,2287
407696,409978,410044,66,2282
407696,409980,410047,67,2284
407696,409980,410051,71,2284
407696,409980,410051,71,2284
407696,409976,410051,75,2280
407696,410037,410056,19,2341
407696,409994,410057,63,2298
407696,410040,410060,20,2344
407696,410039,410061,22,2343
407696,410033,410061,28,2337
407696,410002,410062,60,2306
407696,410036,410063,27,2340
407696,410003,410062,59,2307
407696,410035,410063,28,2339
407696,410032,410064,32,2336
407696,409997,410064,67,2301
407696,410031,410064,33,2335
407696,410039,410064,25,2343
407696,409995,410067,72,2299
407696,410010,410067,57,2314
407696,410042,410067,25,2346
407696,410000,410068,68,2304
407696,410044,410069,25,2348
407696,410010,410069,59,2314
407696,410028,410074,46,2332
407696,410007,410077,70,2311
407696,410020,410077,57,2324
407696,410044,410077,33,2348
407696,410028,410078,50,2332
407696,410020,410079,59,2324
407696,410001,410080,79,2305
407696,410047,410081,34,2351
407696,410008,410082,74,2312
407696,410009,410083,74,2313
407696,410008,410085,77,2312
407696,410051,410088,37,2355
407696,410027,410098,71,2331
407696,410051,410107,56,2355
407696,410056,410111,55,2360
407696,410053,410115,62,2357
407696,410061,410120,59,2365
407696,410057,410121,64,2361
407696,410060,410124,64,2364
407696,410063,410125,62,2367
407696,410061,410128,67,2365
407696,410069,410132,63,2373
407696,410065,410134,69,2369
407696,410069,410134,65,2373
407696,410062,410134,72,2366
407696,410063,410136,73,2367
407696,410064,410135,71,2368
407696,410064,410139,75,2368
407696,410065,410141,76,2369
407696,410064,410142,78,2368
407696,410077,410143,66,2381
407696,410067,410144,77,2371
407696,410067,410144,77,2371
407696,410067,410145,78,2371
407696,410074,410145,71,2378
407696,410068,410149,81,2372
406392,408925,410154,1229,2533
407696,410082,410158,76,2386
407696,410077,410159,82,2381
407696,410088,410159,71,2392
407696,410081,410160,79,2385
407696,410083,410161,78,2387
407696,410079,410161,82,2383
407696,410080,410162,82,2384
407696,410078,410164,86,2382
407696,410078,410163,85,2382
407696,410085,410166,81,2389
407696,410098,410175,77,2402
406734,409442,410177,735,2708
407696,410111,410178,67,2415
407696,410124,410183,59,2428
407696,410120,410184,64,2424
407696,410121,410189,68,2425
407696,410183,410190,7,2487
407696,410184,410189,5,2488
407696,410125,410190,65,2429
407696,410132,410190,58,2436
407696,410189,410192,3,2493
407696,410190,410192,2,2494
407696,410190,410193,3,2494
407696,410136,410193,57,2440
407696,410190,410192,2,2494
407696,410192,410194,2,2496
407696,410192,410194,2,2496
407696,410192,410194,2,2496
407696,410128,410195,67,2432
407696,410194,410196,2,2498
407696,410107,410196,89,2411
407696,410193,410196,3,2497
407696,410193,410195,2,2497
407696,410194,410196,2,2498
407696,410194,410196,2,2498
407696,410195,410196,1,2499
407696,410196,410198,2,2500
407696,410196,410198,2,2500
407696,410196,410198,2,2500
407696,410196,410198,2,2500
407696,410196,410198,2,2500
407696,410196,410198,2,2500
407696,410178,410198,20,2482
407696,410198,410200,2,2502
407696,410197,410199,2,2501
407696,410198,410200,2,2502
407696,410198,410200,2,2502
407696,410198,410199,1,2502
407696,410199,410201,2,2503
407696,410198,410201,3,2502
407696,410143,410202,59,2447
407696,410199,410201,2,2503
407696,410200,410202,2,2504
407696,410200,410202,2,2504
407696,410136,410203,67,2440
407696,410200,410202,2,2504
407696,410199,410202,3,2503
407696,410200,410202,2,2504
407696,410200,410202,2,2504
407696,410201,410203,2,2505
407696,410202,410204,2,2506
407696,410134,410204,70,2438
407696,410134,410203,69,2438
407696,410201,410204,3,2505
407696,410202,410204,2,2506
407696,410115,410207,92,2419
407696,410134,410208,74,2438
407696,410139,410214,75,2443
407696,410146,410215,69,2450
407696,410142,410217,75,2446
407696,410144,410219,75,2448
407696,410144,410221,77,2448
407696,410159,410222,63,2463
407696,410141,410223,82,2445
407696,410161,410226,65,2465
407696,410159,410227,68,2463
407696,410145,410229,84,2449
407696,410177,410230,53,2481
407696,410164,410232,68,2468
407696,410154,410236,82,2458
407696,410149,410236,87,2453
407696,410160,410241,81,2464
407696,410161,410247,86,2465
407696,410166,410248,82,2470
407770,410204,410248,44,2434
407770,410221,410248,27,2451
407696,410164,410249,85,2468
407696,410158,410250,92,2462
407770,410204,410250,46,2434
407770,410203,410252,49,2433
407696,410163,410252,89,2467
407770,410202,410252,50,2432
407770,410250,410252,2,2480
407770,410203,410253,50,2433
407770,410249,410252,3,2479
407770,410250,410253,3,2480
407770,410248,410254,6,2478
407770,410252,410253,1,2482
407770,410252,410253,1,2482
407770,410253,410255,2,2483
407770,410253,410255,2,2483
407696,410175,410255,80,2479
407770,410252,410254,2,2482
407770,410203,410255,52,2433
407770,410253,410256,3,2483
407770,410253,410256,3,2483
407770,410254,410256,2,2484
407770,410254,410257,3,2484
407770,410254,410256,2,2484
407770,410255,410257,2,2485
407770,410255,410257,2,2485
407770,410255,410256,1,2485
407770,410256,410258,2,2486
407770,410223,410258,35,2453
407770,410256,410258,2,2486
407770,410255,410258,3,2485
407770,410256,410258,2,2486
407770,410203,410258,55,2433
407770,410256,410259,3,2486
407770,410248,410259,11,2478
407770,410204,410258,54,2434
407770,410257,410259,2,2487
407770,410203,410259,56,2433
407770,410205,410261,56,2435
407770,410257,410260,3,2487
407770,410203,410261,58,2433
407770,410208,410266,58,2438
407770,410208,410268,60,2438
407770,410218,410269,51,2448
407770,410247,410269,22,2477
407770,410204,410270,66,2434
407770,410215,410270,55,2445
407770,410248,410270,22,2478
407770,410219,410274,55,2449
407770,410214,410276,62,2444
407770,410241,410276,35,2471
407770,410230,410277,47,2460
407770,410232,410278,46,2462
407770,410257,410282,25,2487
407770,410222,410282,60,2452
407770,410227,410283,56,2457
407770,410229,410285,56,2459
407770,410227,410287,60,2457
407770,410236,410288,52,2466
407770,410236,410290,54,2466
407770,410258,410295,37,2488
407770,410258,410296,38,2488
406412,409092,410308,1216,2680
407770,410258,410309,51,2488
407770,410259,410312,53,2489
407770,410259,410314,55,2489
407770,410268,410314,46,2498
407770,410257,410314,57,2487
407770,410260,410319,59,2490
407770,410261,410320,59,2491
407770,410262,410321,59,2492
407770,410259,410322,63,2489
407770,410260,410325,65,2490
407770,410262,410325,63,2492
407770,410257,410326,69,2487
407770,410270,410328,58,2500
407770,410277,410329,52,2507
407770,410258,410329,71,2488
407770,410258,410329,71,2488
407770,410296,410334,38,2526
407770,410278,410337,59,2508
407770,410269,410337,68,2499
407770,410259,410337,78,2489
407770,410270,410341,71,2500
407770,410270,410342,72,2500
407770,410276,410343,67,2506
407770,410276,410343,67,2506
407770,410274,410342,68,2504
407770,410308,410344,36,2538
407770,410283,410346,63,2513
407770,410282,410347,65,2512
407770,410270,410349,79,2500
407770,410282,410350,68,2512
407770,410266,410352,86,2496
407770,410347,410353,6,2577
407770,410349,410355,6,2579
407770,410346,410355,9,2576
407770,410350,410356,6,2580
407770,410287,410357,70,2517
407770,410353,410357,4,2583
407770,410288,410357,69,2518
407770,410290,410357,67,2520
407770,410352,410357,5,2582
407770,410285,410357,72,2515
407770,410355,410358,3,2585
407770,410355,410359,4,2585
407770,410357,410359,2,2587
407770,410356,410359,3,2586
407770,410357,410360,3,2587
407770,410357,410360,3,2587
407770,410357,410361,4,2587
407770,410357,410361,4,2587
407770,410358,410361,3,2588
407770,410357,410360,3,2587
407770,410359,410362,3,2589
407770,410359,410362,3,2589
407770,410359,410363,4,2589
407770,410360,410364,4,2590
407770,410361,410364,3,2591
407770,410360,410364,4,2590
407770,410361,410364,3,2591
407770,410361,410364,3,2591
407770,410362,410364,2,2592
407770,410320,410365,45,2550
407770,410361,410365,4,2591
407770,410362,410366,4,2592
407770,410363,410367,4,2593
407770,410364,410367,3,2594
407770,410364,410368,4,2594
407770,410364,410368,4,2594
407770,410364,410369,5,2594
407770,410312,410368,56,2542
407770,410364,410369,5,2594
407770,410365,410369,4,2595
407770,410364,410370,6,2594
407770,410365,410371,6,2595
407770,410366,410371,5,2596
407770,410309,410372,63,2539
407770,410367,410373,6,2597
407770,410368,410373,5,2598
407770,410315,410375,60,2545
407770,410296,410376,80,2526
407770,410314,410381,67,2544
407770,410343,410381,38,2573
407770,410321,410382,61,2551
407770,410319,410383,64,2549
407770,410322,410383,61,2552
407770,410328,410384,56,2558
407770,410344,410384,40,2574
407770,410314,410386,72,2544
407770,410325,410392,67,2555
407770,410329,410394,65,2559
407770,410337,410395,58,2567
407770,410325,410399,74,2555
407770,410334,410399,65,2564
407770,410326,410401,75,2556
407770,410329,410406,77,2559
407770,410337,410408,71,2567
407770,410342,410414,72,2572
407823,410369,410415,46,2546
407770,410343,410414,71,2573
407770,410343,410416,73,2573
407770,410337,410416,79,2567
407770,410329,410418,89,2559
407770,410341,410419,78,2571
407823,410369,410422,53,2546
407823,410372,410423,51,2549
407823,410374,410426,52,2551
407823,410422,410426,4,2599
407823,410375,410426,51,2552
407823,410423,410426,3,2600
407823,410369,410428,59,2546
407823,410426,410428,2,2603
407823,410426,410428,2,2603
407823,410427,410429,2,2604
407823,410427,410429,2,2604
407823,410419,410431,12,2596
407823,410372,410431,59,2549
407823,410429,410431,2,2606
407823,410428,410431,3,2605
407823,410373,410432,59,2550
407823,410371,410431,60,2548
407823,410429,410431,2,2606
407823,410430,410432,2,2607
407823,410368,410433,65,2545
407823,410431,410433,2,2608
407823,410431,410434,3,2608
407823,410430,410433,3,2607
407823,410431,410434,3,2608
407823,410370,410435,65,2547
407823,410369,410435,66,2546
407823,410431,410435,4,2608
407823,410432,410439,7,2609
407823,410419,410439,20,2596
407823,410381,410440,59,2558
407823,410384,410441,57,2561
407823,410382,410441,59,2559
407823,410383,410442,59,2560
407823,410416,410443,27,2593
407823,410381,410444,63,2558
407823,410432,410445,13,2609
407823,410383,410446,63,2560
407823,410376,410448,72,2553
407823,410399,410450,51,2576
407823,410384,410452,68,2561
407823,410394,410452,58,2571
407823,410433,410455,22,2610
407823,410392,410455,63,2569
407823,410395,410458,63,2572
407823,410416,410459,43,2593
407823,410386,410459,73,2563
407823,410401,410459,58,2578
407823,410415,410465,50,2592
407823,410399,410467,68,2576
407823,410415,410473,58,2592
407823,410433,410473,40,2610
407823,410408,410475,67,2585
407823,410406,410478,72,2583
407823,410414,410479,65,2591
407823,410435,410489,54,2612
407823,410435,410492,57,2612
407823,410433,410496,63,2610
407823,410455,410497,42,2632
407823,410441,410499,58,2618
407823,410435,410500,65,2612
407823,410441,410500,59,2618
407823,410434,410500,66,2611
407823,410455,410507,52,2632
407823,410446,410509,63,2623
407823,410435,410509,74,2612
407823,410433,410510,77,2610
407823,410443,410509,66,2620
407823,410434,410510,76,2611
407823,410459,410512,53,2636
407823,410450,410513,63,2627
407823,410458,410516,58,2635
407823,410440,410518,78,2617
407823,410452,410518,66,2629
407823,410443,410520,77,2620
407823,410445,410520,75,2622
407823,410439,410521,82,2616
407823,410439,410524,85,2616
407823,410459,410524,65,2636
407823,410465,410525,60,2642
407823,410448,410526,78,2625
407823,410444,410526,82,2621
407823,410452,410527,75,2629
407823,410461,410536,75,2638
407823,410467,410537,70,2644
407823,410473,410540,67,2650
407823,410475,410544,69,2652
407823,410473,410545,72,2650
407823,410479,410551,72,2656
407823,410479,410551,72,2656
407823,410546,410553,7,2723
407823,410551,410554,3,2728
407823,410544,410555,11,2721
407823,410551,410554,3,2728
407823,410553,410557,4,2730
407823,410554,410557,3,2731
407823,410500,410559,59,2677
407823,410555,410558,3,2732
407823,410555,410558,3,2732
407823,410557,410560,3,2734
407823,410499,410560,61,2676
407823,410557,410559,2,2734
407823,410496,410561,65,2673
407823,410559,410561,2,2736
407823,410559,410562,3,2736
407823,410560,410562,2,2737
407823,410560,410563,3,2737
407823,410561,410563,2,2738
407823,410559,410562,3,2736
407823,410560,410563,3,2737
407823,410562,410564,2,2739
407823,410561,410563,2,2738
407823,410490,410565,75,2667
407823,410563,410566,3,2740
407823,410497,410566,69,2674
407823,410563,410565,2,2740
407823,410562,410565,3,2739
407823,410563,410566,3,2740
407823,410565,410567,2,2742
407823,410565,410567,2,2742
407823,410565,410568,3,2742
407823,410507,410568,61,2684
407823,410492,410568,76,2669
407823,410564,410567,3,2741
407823,410566,410569,3,2743
407823,410566,410568,2,2743
407823,410566,410568,2,2743
407823,410567,410569,2,2744
407823,410567,410569,2,2744
407823,410500,410569,69,2677
407823,410566,410569,3,2743
407823,410566,410570,4,2743
407823,410540,410571,31,2717
407823,410568,410570,2,2745
407823,410568,410571,3,2745
407823,410568,410571,3,2745
407823,410568,410572,4,2745
407823,410569,410572,3,2746
407823,410509,410575,66,2686
407823,410510,410575,65,2687
407823,410513,410576,63,2690
407823,410526,410578,52,2703
407823,410500,410580,80,2677
407823,410537,410580,43,2714
407823,410517,410581,64,2694
407823,410509,410585,76,2686
407823,410512,410586,74,2689
407823,410510,410586,76,2687
407823,410510,410587,77,2687
407418,409793,410588,795,2375
407823,410526,410592,66,2703
407823,410518,410592,74,2695
407823,410524,410593,69,2701
407823,410518,410593,75,2695
408175,410576,410595,19,2401
407823,410525,410597,72,2702
407823,410524,410603,79,2701
407823,410522,410604,82,2699
407823,410527,410604,77,2704
408175,410588,410606,18,2413
408175,410606,410609,3,2431
408175,410581,410610,29,2406
408175,410604,410610,6,2429
408175,410609,410611,2,2434
407823,410520,410611,91,2697
407823,410520,410611,91,2697
408175,410569,410612,43,2394
408175,410610,410612,2,2435
408175,410610,410613,3,2435
408175,410575,410613,38,2400
408175,410611,410612,1,2436
408175,410596,410614,18,2421
408175,410611,410614,3,2436
408175,410612,410614,2,2437
408175,410611,410614,3,2436
408175,410612,410615,3,2437
408175,410613,410615,2,2438
408175,410614,410615,1,2439
408175,410613,410614,1,2438
408175,410614,410616,2,2439
408175,410614,410616,2,2439
408175,410614,410617,3,2439
408175,410615,410617,2,2440
408175,410615,410617,2,2440
408175,410569,410618,49,2394
408175,410614,410618,4,2439
408175,410615,410618,3,2440
408175,410615,410617,2,2440
408175,410616,410617,1,2441
407823,410536,410619,83,2713
408175,410569,410619,50,2394
408175,410604,410619,15,2429
408175,410571,410619,48,2396
408175,410616,410618,2,2441
408175,410570,410619,49,2395
408175,410571,410620,49,2396
408175,410569,410620,51,2394
408175,410617,410621,4,2442
408175,410571,410621,50,2396
408175,410597,410622,25,2422
408175,410592,410623,31,2417
408175,410603,410623,20,2428
408175,410617,410623,6,2442
408175,410569,410624,55,2394
408175,410581,410626,45,2406
408175,410572,410628,56,2397
408175,410576,410628,52,2401
408175,410571,410628,57,2396
408175,410572,410631,59,2397
408175,410580,410634,54,2405
408175,410585,410638,53,2410
408175,410593,410639,46,2418
408175,410587,410640,53,2412
408175,410578,410641,63,2403
408175,410592,410641,49,2417
408175,410586,410643,57,2411
408175,410586,410645,59,2411
408175,410593,410647,54,2418
408175,410617,410653,36,2442
408175,410618,410654,36,2443
408175,410618,410660,42,2443
408175,410618,410663,45,2443
408175,410622,410664,42,2447
408175,410618,410665,47,2443
408175,410628,410665,37,2453
408175,410628,410669,41,2453
408175,410619,410672,53,2444
408175,410620,410674,54,2445
408175,410618,410674,56,2443
408175,410620,410674,54,2445
408175,410619,410675,56,2444
408175,410623,410677,54,2448
408175,410624,410678,54,2449
408175,410626,410679,53,2451
408175,410622,410680,58,2447
408175,410619,410680,61,2444
408175,410619,410680,61,2444
408175,410624,410681,57,2449
408175,410628,410683,55,2453
408175,410619,410684,65,2444
408175,410619,410687,68,2444
408175,410623,410690,67,2448
408175,410631,410694,63,2456
408175,410634,410702,68,2459
408175,410621,410703,82,2446
408175,410641,410704,63,2466
408175,410641,410705,64,2466
408175,410640,410705,65,2465
408175,410639,410707,68,2464
408175,410645,410708,63,2470
408175,410664,410709,45,2489
408175,410643,410710,67,2468
408175,410638,410712,74,2463
408175,410653,410712,59,2478
408175,410647,410714,67,2472
408175,410709,410714,5,2534
408175,410665,410714,49,2490
408175,410666,410715,49,2491
408175,410710,410715,5,2535
408175,410708,410716,8,2533
408175,410712,410717,5,2537
408175,410712,410717,5,2537
408175,410714,410717,3,2539
408175,410714,410718,4,2539
408175,410715,410718,3,2540
408175,410714,410719,5,2539
408175,410715,410719,4,2540
408175,410717,410720,3,2542
408175,410717,410720,3,2542
408175,410718,410721,3,2543
408175,410716,410721,5,2541
408175,410717,410721,4,2542
408175,410655,410721,66,2480
408175,410705,410721,16,2530
408175,410718,410721,3,2543
408175,410663,410723,60,2488
408175,410719,410723,4,2544
408175,410719,410723,4,2544
408175,410720,410724,4,2545
408175,410707,410724,17,2532
408175,410721,410724,3,2546
408175,410720,410724,4,2545
408175,410721,410725,4,2546
408175,410723,410726,3,2548
408175,410721,410726,5,2546
408175,410721,410725,4,2546
408175,410721,410726,5,2546
408175,410721,410725,4,2546
408175,410724,410728,4,2549
408175,410723,410729,6,2548
408175,410674,410729,55,2499
408175,410723,410729,6,2548
408175,410724,410729,5,2549
408175,410724,410730,6,2549
408175,410724,410730,6,2549
408175,410672,410731,59,2497
408175,410674,410730,56,2499
408175,410726,410731,5,2551
408175,410675,410732,57,2500
408175,410726,410732,6,2551
408175,410725,410732,7,2550
408175,410726,410733,7,2551
408175,410674,410734,60,2499
408175,410677,410734,57,2502
408175,410660,410735,75,2485
408175,410679,410735,56,2504
408175,410684,410736,52,2509
408175,410683,410737,54,2508
408175,410705,410738,33,2530
408175,410680,410738,58,2505
408175,410678,410739,61,2503
408175,410669,410740,71,2494
408175,410682,410742,60,2507
408265,410730,410744,14,2465
408175,410680,410747,67,2505
408265,410729,410748,19,2464
408175,410681,410751,70,2506
408265,410734,410751,17,2469
408175,410704,410757,53,2529
408175,410690,410759,69,2515
408175,410694,410759,65,2519
408265,410759,410762,3,2494
408175,410702,410762,60,2527
408175,410687,410763,76,2512
408265,410759,410763,4,2494
408265,410762,410765,3,2497
408265,410762,410765,3,2497
408265,410751,410765,14,2486
408265,410763,410766,3,2498
408265,410763,410766,3,2498
408265,410765,410767,2,2500
408265,410765,410767,2,2500
408265,410765,410767,2,2500
408265,410732,410768,36,2467
408265,410766,410768,2,2501
408265,410767,410769,2,2502
408265,410766,410769,3,2501
408265,410768,410770,2,2503
408265,410767,410770,3,2502
408265,410768,410770,2,2503
408265,410768,410771,3,2503
408175,410703,410770,67,2528
408265,410769,410770,1,2504
408265,410769,410772,3,2504
408265,410757,410772,15,2492
408265,410770,410772,2,2505
408265,410770,410771,1,2505
408265,410770,410773,3,2505
408265,410771,410774,3,2506
408265,410771,410774,3,2506
408265,410771,410774,3,2506
408265,410731,410777,46,2466
408265,410731,410777,46,2466
408265,410729,410777,48,2464
408265,410733,410779,46,2468
408265,410728,410779,51,2463
408265,410747,410781,34,2482
408265,410732,410781,49,2467
408265,410731,410782,51,2466
408265,410751,410783,32,2486
408265,410738,410784,46,2473
408265,410736,410784,48,2471
408265,410735,410785,50,2470
408265,410772,410785,13,2507
408265,410739,410785,46,2474
408265,410730,410785,55,2465
408265,410732,410787,55,2467
408265,410749,410787,38,2484
408265,410726,410786,60,2461
408265,410737,410788,51,2472
408265,410729,410789,60,2464
408265,410734,410790,56,2469
408265,410744,410793,49,2479
408265,410729,410796,67,2464
408265,410742,410797,55,2477
408265,410738,410802,64,2473
408265,410737,410804,67,2472
408265,410740,410817,77,2475
408265,410784,410819,35,2519
406943,409612,410823,1211,2669
408265,410772,410825,53,2507
408265,410772,410830,58,2507
408265,410777,410831,54,2512
408265,410772,410831,59,2507
408265,410777,410833,56,2512
408265,410774,410834,60,2509
408265,410778,410834,56,2513
408265,410782,410835,53,2517
408265,410781,410838,57,2516
408265,410773,410840,67,2508
408265,410779,410840,61,2514
408265,410781,410841,60,2516
408265,410783,410842,59,2518
408265,410774,410842,68,2509
408265,410774,410844,70,2509
408265,410784,410845,61,2519
408265,410787,410847,60,2522
408265,410782,410852,70,2517
408265,410785,410853,68,2520
408265,410787,410853,66,2522
408265,410785,410854,69,2520
408265,410787,410855,68,2522
408265,410790,410856,66,2525
408265,410785,410858,73,2520
408265,410797,410862,65,2532
408265,410785,410862,77,2520
408265,410793,410865,72,2528
408265,410789,410869,80,2524
408265,410802,410869,67,2537
408265,410788,410869,81,2523
408265,410796,410870,74,2531
408265,410825,410871,46,2560
408265,410870,410876,6,2605
408265,410871,410877,6,2606
408265,410856,410878,22,2591
408265,410804,410879,75,2539
408265,410869,410880,11,2604
408265,410876,410881,5,2611
408265,410878,410881,3,2613
408265,410877,410881,4,2612
408265,410819,410882,63,2554
408265,410879,410883,4,2614
408265,410880,410884,4,2615
408265,410881,410884,3,2616
408265,410823,410885,62,2558
408265,410881,410885,4,2616
408265,410882,410885,3,2617
408265,410882,410886,4,2617
408265,410883,410887,4,2618
408265,410884,410887,3,2619
408265,410885,410888,3,2620
408265,410884,410888,4,2619
408265,410885,410889,4,2620
408265,410885,410889,4,2620
408265,410886,410890,4,2621
408265,410887,410890,3,2622
408265,410887,410891,4,2622
408265,410830,410892,62,2565
408265,410888,410891,3,2623
408265,410888,410893,5,2623
408265,410889,410893,4,2624
408265,410836,410893,57,2571
408265,410890,410894,4,2625
408265,410844,410894,50,2579
408265,410890,410893,3,2625
408265,410831,410895,64,2566
408265,410889,410894,5,2624
408265,410818,410895,77,2553
408265,410891,410896,5,2626
408265,410838,410895,57,2573
408265,410892,410896,4,2627
408265,410834,410895,61,2569
408265,410893,410897,4,2628
408265,410892,410896,4,2627
408265,410833,410896,63,2568
408265,410869,410898,29,2604
408265,410893,410898,5,2628
408265,410893,410897,4,2628
408265,410895,410899,4,2630
408265,410895,410900,5,2630
408265,410894,410900,6,2629
408265,410840,410901,61,2575
408265,410894,410901,7,2629
408265,410834,410901,67,2569
408265,410831,410902,71,2566
408265,410895,410903,8,2630
408265,410840,410905,65,2575
408265,410845,410913,68,2580
408265,410848,410913,65,2583
408265,410862,410913,51,2597
408265,410866,410916,50,2601
408265,410842,410917,75,2577
408265,410841,410919,78,2576
408265,410842,410920,78,2577
408265,410869,410926,57,2604
408265,410853,410927,74,2588
408265,410852,410929,77,2587
408391,410901,410931,30,2510
408265,410853,410932,79,2588
408391,410902,410934,32,2511
408265,410855,410934,79,2590
408265,410858,410935,77,2593
408265,410854,410935,81,2589
408265,410862,410936,74,2597
408391,410935,410938,3,2544
408391,410936,410939,3,2545
408391,410938,410940,2,2547
408391,410935,410940,5,2544
408391,410939,410941,2,2548
408391,410897,410941,44,2506
408391,410941,410943,2,2550
408391,410942,410943,1,2551
408391,410941,410943,2,2550
408391,410896,410944,48,2505
408391,410941,410944,3,2550
408391,410934,410945,11,2543
408391,410943,410945,2,2552
408391,410943,410946,3,2552
408391,410943,410945,2,2552
408391,410944,410945,1,2553
408391,410897,410947,50,2506
408391,410896,410946,50,2505
408391,410945,410947,2,2554
408391,410945,410947,2,2554
408391,410944,410948,4,2553
408391,410898,410947,49,2507
408391,410917,410948,31,2526
408391,410899,410947,48,2508
408391,410946,410949,3,2555
408391,410900,410948,48,2509
408391,410947,410948,1,2556
408391,410947,410949,2,2556
408391,410947,410948,1,2556
408391,410946,410948,2,2555
408391,410947,410948,1,2556
408391,410896,410951,55,2505
408391,410947,410950,3,2556
408391,410934,410952,18,2543
408391,410948,410953,5,2557
408391,410920,410953,33,2529
408391,410901,410953,52,2510
408391,410913,410956,43,2522
408391,410898,410958,60,2507
408391,410913,410959,46,2522
408391,410914,410963,49,2523
408391,410901,410963,62,2510
408391,410896,410964,68,2505
408391,410903,410964,61,2512
408391,410898,410964,66,2507
408391,410931,410965,34,2540
408391,410932,410964,32,2541
408391,410898,410967,69,2507
408391,410900,410971,71,2509
408391,410905,410972,67,2514
408391,410919,410973,54,2528
408391,410926,410976,50,2535
408391,410929,410976,47,2538
408391,410916,410978,62,2525
408391,410948,410979,31,2557
408391,410949,410980,31,2558
408391,410927,410983,56,2536
408391,410949,410987,38,2558
408391,410948,410987,39,2557
408391,410971,410996,25,2580
408391,410948,411001,53,2557
408391,410949,411003,54,2558
408391,410949,411007,58,2558
408391,410953,411010,57,2562
408391,410949,411010,61,2558
408391,410951,411013,62,2560
408391,410949,411015,66,2558
408391,410959,411016,57,2568
408391,410949,411018,69,2558
408391,410956,411018,62,2565
408391,410952,411020,68,2561
408391,410965,411024,59,2574
408391,410963,411025,62,2572
408391,410953,411026,73,2562
408391,410958,411026,68,2567
408391,410953,411026,73,2562
408391,410951,411028,77,2560
408391,410965,411033,68,2574
408391,410964,411036,72,2573
408391,410964,411037,73,2573
408391,410972,411039,67,2581
408391,410980,411041,61,2589
407697,410202,411040,838,2505
408391,410976,411046,70,2585
408391,410987,411046,59,2596
408391,410963,411046,83,2572
408391,410976,411047,71,2585
408391,410965,411047,82,2574
408391,410973,411048,75,2582
408391,410984,411049,65,2593
408391,410979,411050,71,2588
408391,410987,411051,64,2596
408391,410978,411052,74,2587
408391,411048,411054,6,2657
408391,411052,411055,3,2661
408391,411047,411056,9,2656
408391,411049,411056,7,2658
408391,411018,411056,38,2627
408391,411050,411056,6,2659
408391,411052,411057,5,2661
408391,411047,411059,12,2656
408391,411055,411059,4,2664
408391,411056,411060,4,2665
408391,410967,411060,93,2576
408391,411054,411060,6,2663
408391,411056,411060,4,2665
408391,411056,411061,5,2665
408391,411056,411062,6,2665
408391,411057,411062,5,2666
408391,411059,411063,4,2668
408391,411047,411063,16,2656
408391,411003,411064,61,2612
408391,411060,411063,3,2669
408391,411060,411065,5,2669
408391,411059,411065,6,2668
408391,411060,411065,5,2669
408391,411060,411065,5,2669
408391,411061,411065,4,2670
408391,410996,411066,70,2605
408391,411025,411066,41,2634
408391,411008,411066,58,2617
408391,411062,411067,5,2671
408391,411025,411068,43,2634
408391,411064,411068,4,2673
408391,411001,411068,67,2610
408391,411062,411068,6,2671
408391,411063,411069,6,2672
408391,411063,411068,5,2672
408391,411064,411068,4,2673
408391,411013,411071,58,2622
408391,411065,411071,6,2674
408391,411065,411071,6,2674
408391,411065,411072,7,2674
408391,411066,411072,6,2675
408391,411065,411073,8,2674
408391,411068,411073,5,2677
408391,411010,411073,63,2619
408391,411066,411072,6,2675
408391,411065,411072,7,2674
408391,411066,411073,7,2675
408391,411068,411074,6,2677
408391,411067,411075,8,2676
408391,411010,411076,66,2619
408391,411016,411081,65,2625
408391,411018,411088,70,2627
408391,411015,411088,73,2624
408391,411046,411093,47,2655
408391,411028,411095,67,2637
408391,411021,411100,79,2630
408391,411041,411101,60,2650
408391,411033,411103,70,2642
408391,411026,411103,77,2635
408391,411041,411105,64,2650
408391,411026,411106,80,2635
408391,411039,411106,67,2648
408391,411036,411108,72,2645
408599,411074,411112,38,2475
408599,411073,411113,40,2474
408391,411026,411114,88,2635
408391,411037,411115,78,2646
408391,411046,411117,71,2655
408599,411115,411118,3,2516
408599,411069,411118,49,2470
408599,411114,411118,4,2515
408599,411113,411119,6,2514
408599,411117,411119,2,2518
408599,411069,411119,50,2470
408599,411118,411120,2,2519
408599,411073,411120,47,2474
408599,411118,411120,2,2519
408599,411119,411120,1,2520
408599,411118,411121,3,2519
408599,411120,411122,2,2521
408599,411119,411122,3,2520
408599,411068,411122,54,2469
408599,411121,411122,1,2522
408599,411120,411122,2,2521
408599,411121,411123,2,2522
408599,411121,411123,2,2522
408599,411071,411123,52,2472
408599,411112,411124,12,2513
408599,411122,411123,1,2523
408599,411073,411124,51,2474
408599,411071,411124,53,2472
408599,411122,411124,2,2523
408599,411123,411125,2,2524
408599,411122,411124,2,2523
408599,411122,411125,3,2523
408599,411122,411124,2,2523
408599,411071,411126,55,2472
408599,411123,411125,2,2524
408599,411124,411126,2,2525
408599,411123,411126,3,2524
408599,411123,411125,2,2524
408599,411075,411126,51,2476
408599,411069,411126,57,2470
408599,411076,411127,51,2477
408599,411124,411128,4,2525
408599,411108,411130,22,2509
408599,411081,411132,51,2482
408599,411072,411132,60,2473
408599,411073,411132,59,2474
408599,411106,411133,27,2507
408599,411074,411133,59,2475
408599,411106,411134,28,2507
408599,411105,411137,32,2506
408599,411088,411139,51,2489
408599,411072,411139,67,2473
408599,411073,411142,69,2474
408599,411100,411145,45,2501
408599,411088,411146,58,2489
408599,411101,411149,48,2502
408599,411093,411150,57,2494
408599,411096,411152,56,2497
408599,411103,411158,55,2504
408599,411125,411159,34,2526
408599,411126,411165,39,2527
408599,411103,411167,64,2504
408599,411124,411168,44,2525
408599,411125,411171,46,2526
408599,411126,411180,54,2527
408599,411126,411185,59,2527
408599,411126,411186,60,2527
408599,411125,411187,62,2526
408599,411124,411188,64,2525
408599,411132,411189,57,2533
408599,411125,411189,64,2526
408599,411128,411192,64,2529
408599,411128,411193,65,2529
408599,411134,411193,59,2535
408599,411125,411193,68,2526
408599,411126,411193,67,2527
408599,411132,411194,62,2533
408599,411134,411199,65,2535
408599,411137,411199,62,2538
408599,411126,411199,73,2527
408599,411126,411202,76,2527
408599,411132,411204,72,2533
408599,411133,411207,74,2534
408599,411130,411207,77,2531
408599,411139,411209,70,2540
408599,411139,411210,71,2540
408599,411149,411211,62,2550
408599,411145,411212,67,2546
408599,411142,411214,72,2543
408599,411150,411218,68,2551
408599,411146,411219,73,2547
408599,411152,411220,68,2553
408599,411168,411226,58,2569
408599,411189,411228,39,2590
408599,411171,411228,57,2572
408599,411193,411229,36,2594
408599,411221,411231,10,2622
408599,411228,411232,4,2629
408599,411226,411232,6,2627
408599,411229,411233,4,2630
408599,411159,411233,74,2560
408599,411158,411235,77,2559
408599,411229,411234,5,2630
408599,411232,411236,4,2633
408599,411231,411236,5,2632
408599,411232,411236,4,2633
408599,411233,411237,4,2634
408599,411167,411237,70,2568
408599,411233,411238,5,2634
408599,411235,411239,4,2636
408599,411235,411239,4,2636
408599,411236,411240,4,2637
408599,411165,411240,75,2566
408599,411237,411241,4,2638
408599,411237,411240,3,2638
408599,411236,411240,4,2637
408599,411237,411242,5,2638
408599,411238,411242,4,2639
408599,411239,411242,3,2640
408599,411239,411243,4,2640
408599,411240,411243,3,2641
408599,411180,411244,64,2581
408599,411187,411245,58,2588
408599,411241,411244,3,2642
408599,411241,411245,4,2642
408599,411240,411245,5,2641
408599,411199,411246,47,2600
408599,411242,411247,5,2643
408599,411242,411247,5,2643
408599,411244,411248,4,2645
408599,411243,411248,5,2644
408599,411243,411249,6,2644
408599,411245,411249,4,2646
408599,411244,411249,5,2645
408599,411186,411250,64,2587
408599,411245,411250,5,2646
408599,411245,411250,5,2646
408599,411185,411251,66,2586
407618,409976,411251,1275,2358
408599,411245,411252,7,2646
408599,411245,411251,6,2646
408599,411246,411252,6,2647
408599,411247,411255,8,2648
408599,411192,411257,65,2593
408599,411247,411257,10,2648
408599,411210,411257,47,2611
408599,411193,411258,65,2594
408599,411219,411259,40,2620
408599,411214,411262,48,2615
408599,411199,411262,63,2600
408599,411188,411265,77,2589
408599,411193,411267,74,2594
408599,411194,411269,75,2595
408599,411190,411270,80,2591
408599,411200,411271,71,2601
408599,411193,411272,79,2594
408599,411204,411273,69,2605
407771,410368,411274,906,2597
408599,411211,411274,63,2612
408599,411207,411276,69,2608
408599,411218,411276,58,2619
408599,411202,411276,74,2603
408599,411207,411279,72,2608
408599,411209,411283,74,2610
408599,411212,411285,73,2613
408794,411285,411289,4,2491
408794,411290,411292,2,2496
408794,411252,411293,41,2458
408794,411283,411294,11,2489
408794,411293,411296,3,2499
408794,411249,411296,47,2455
408794,411252,411296,44,2458
408794,411292,411295,3,2498
408794,411294,411296,2,2500
408794,411279,411296,17,2485
408794,411296,411298,2,2502
408794,411250,411297,47,2456
408794,411296,411297,1,2502
408794,411276,411298,22,2482
408794,411296,411299,3,2502
408794,411296,411298,2,2502
408794,411297,411299,2,2503
408794,411298,411300,2,2504
408794,411297,411299,2,2503
408794,411248,411299,51,2454
408794,411299,411300,1,2505
408794,411299,411300,1,2505
408794,411299,411301,2,2505
408794,411299,411302,3,2505
408794,411300,411302,2,2506
408794,411299,411301,2,2505
408794,411299,411301,2,2505
408794,411300,411302,2,2506
408794,411300,411301,1,2506
408794,411250,411303,53,2456
408794,411301,411304,3,2507
408794,411301,411305,4,2507
408794,411251,411304,53,2457
408794,411249,411307,58,2455
408794,411251,411307,56,2457
408794,411258,411307,49,2464
408794,411274,411310,36,2480
408794,411252,411311,59,2458
408794,411257,411312,55,2463
408794,411259,411313,54,2465
408794,411269,411313,44,2475
408794,411263,411313,50,2469
408794,411257,411312,55,2463
408794,411257,411316,59,2463
408794,411276,411318,42,2482
408794,411249,411318,69,2455
408794,411276,411319,43,2482
408794,411251,411319,68,2457
408794,411255,411319,64,2461
408794,411262,411322,60,2468
408794,411272,411322,50,2478
408794,411301,411326,25,2507
408794,411267,411326,59,2473
408794,411274,411326,52,2480
408794,411270,411327,57,2476
408794,411271,411327,56,2477
408794,411265,411331,66,2471
408794,411273,411342,69,2479
408794,411303,411352,49,2509
408794,411302,411352,50,2508
408794,411318,411352,34,2524
408794,411302,411353,51,2508
408794,411302,411356,54,2508
408794,411305,411358,53,2511
408794,411303,411360,57,2509
408794,411305,411359,54,2511
408794,411318,411360,42,2524
408794,411307,411365,58,2513
408794,411307,411365,58,2513
408794,411313,411365,52,2519
408794,411302,411367,65,2508
408794,411310,411367,57,2516
408794,411305,411368,63,2511
408794,411302,411367,65,2508
408794,411312,411371,59,2518
408794,411307,411372,65,2513
408794,411317,411376,59,2523
408794,411313,411379,66,2519
408794,411319,411380,61,2525
408794,411313,411381,68,2519
408794,411311,411383,72,2517
408794,411313,411383,70,2519
408794,411322,411384,62,2528
408794,411319,411385,66,2525
408794,411319,411384,65,2525
408794,411327,411387,60,2533
408794,411326,411390,64,2532
408794,411326,411393,67,2532
408794,411322,411395,73,2528
408794,411327,411400,73,2533
408794,411327,411405,78,2533
408794,411395,411405,10,2601
408794,411400,411407,7,2606
407824,410569,411408,839,2745
408794,411360,411409,49,2566
408794,411331,411409,78,2537
408794,411385,411410,25,2591
408794,411352,411410,58,2558
408794,411405,411411,6,2611
408794,411342,411411,69,2548
408794,411405,411412,7,2611
408794,411352,411412,60,2558
408794,411393,411412,19,2599
408794,411409,411413,4,2615
408794,411408,411413,5,2614
408794,411407,411414,7,2613
408794,411410,411414,4,2616
408794,411410,411414,4,2616
408794,411409,411413,4,2615
408794,411356,411415,59,2562
408794,411412,411416,4,2618
408794,411411,411416,5,2617
408794,411413,411417,4,2619
408794,411412,411417,5,2618
408794,411414,411417,3,2620
408794,411411,411417,6,2617
408794,411358,411417,59,2564
408794,411413,411418,5,2619
408794,411413,411418,5,2619
408794,411414,411419,5,2620
408794,411416,411419,3,2622
408794,411414,411420,6,2620
408794,411416,411420,4,2622
408794,411360,411422,62,2566
408794,411418,411422,4,2624
408794,411414,411422,8,2620
408794,411416,411423,7,2622
408794,411417,411423,6,2623
408794,411417,411423,6,2623
408794,411365,411424,59,2571
408794,411418,411423,5,2624
408794,411418,411424,6,2624
408794,411417,411424,7,2623
408794,411419,411424,5,2625
408794,411385,411425,40,2591
408794,411353,411424,71,2559
408794,411419,411426,7,2625
408794,411418,411426,8,2624
408794,411420,411427,7,2626
408794,411422,411427,5,2628
408794,411420,411428,8,2626
408794,411352,411427,75,2558
408794,411365,411429,64,2571
408794,411390,411429,39,2596
408794,411368,411428,60,2574
408794,411367,411431,64,2573
408794,411366,411431,65,2572
408794,411371,411431,60,2577
408794,411422,411432,10,2628
408794,411360,411433,73,2566
408794,411387,411436,49,2593
408794,411367,411439,72,2573
408794,411374,411442,68,2580
408794,411368,411442,74,2574
408794,411376,411444,68,2582
408794,411383,411444,61,2589
408794,411379,411449,70,2585
408794,411381,411451,70,2587
409182,411424,411453,29,2242
408794,411384,411457,73,2590
409182,411431,411460,29,2249
408794,411383,411461,78,2589
409182,411453,411461,8,2271
408794,411381,411461,80,2587
409182,411458,411461,3,2276
409182,411424,411462,38,2242
409182,411460,411463,3,2278
409182,411424,411462,38,2242
409182,411461,411463,2,2279
409182,411461,411463,2,2279
409182,411461,411463,2,2279
409182,411461,411464,3,2279
409182,411462,411463,1,2280
409182,411425,411465,40,2243
409182,411463,411464,1,2281
409182,411463,411464,1,2281
409182,411463,411465,2,2281
409182,411463,411466,3,2281
409182,411464,411466,2,2282
409182,411464,411466,2,2282
409182,411464,411466,2,2282
409182,411465,411467,2,2283
409182,411465,411466,1,2283
409182,411465,411467,2,2283
409182,411465,411466,1,2283
409182,411466,411468,2,2284
409182,411466,411468,2,2284
409182,411466,411468,2,2284
409182,411466,411469,3,2284
409182,411431,411469,38,2249
409182,411467,411470,3,2285
409182,411428,411470,42,2246
409182,411423,411471,48,2241
409182,411426,411472,46,2244
409182,411442,411472,30,2260
409182,411467,411472,5,2285
409182,411442,411476,34,2260
409182,411451,411476,25,2269
409182,411424,411476,52,2242
409182,411425,411477,52,2243
409182,411424,411476,52,2242
409182,411423,411478,55,2241
409182,411427,411479,52,2245
409182,411429,411478,49,2247
409182,411431,411479,48,2249
409182,411432,411481,49,2250
409182,411436,411483,47,2254
409182,411426,411483,57,2244
409182,411427,411483,56,2245
409182,411428,411483,55,2246
409182,411429,411484,55,2247
409182,411439,411485,46,2257
409182,411444,411486,42,2262
409182,411429,411486,57,2247
409182,411444,411486,42,2262
409182,411449,411488,39,2267
409182,411426,411488,62,2244
409182,411467,411488,21,2285
409182,411433,411493,60,2251
409182,411472,411504,32,2290
409182,411471,411510,39,2289
409182,411467,411512,45,2285
409182,411470,411514,44,2288
409182,411469,411514,45,2287
409182,411469,411520,51,2287
409182,411468,411523,55,2286
409182,411472,411526,54,2290
409182,411472,411528,56,2290
409182,411476,411528,52,2294
409182,411488,411529,41,2306
409182,411468,411529,61,2286
409182,411479,411531,52,2297
409182,411479,411533,54,2297
409182,411476,411533,57,2294
409182,411481,411533,52,2299
409182,411479,411534,55,2297
409182,411477,411536,59,2295
409182,411468,411536,68,2286
409182,411483,411536,53,2301
409182,411477,411537,60,2295
409182,411493,411537,44,2311
409182,411472,411538,66,2290
409182,411484,411540,56,2302
409182,411483,411541,58,2301
409182,411486,411542,56,2304
409182,411478,411543,65,2296
409182,411486,411544,58,2304
409182,411483,411544,61,2301
409182,411488,411545,57,2306
409182,411484,411548,64,2302
409182,411486,411549,63,2304
409182,411488,411550,62,2306
409182,411485,411552,67,2303
409182,411512,411553,41,2330
409182,411548,411555,7,2366
409182,411551,411556,5,2369
409182,411550,411556,6,2368
409182,411476,411557,81,2294
409182,411545,411557,12,2363
409182,411553,411558,5,2371
409182,411553,411559,6,2371
409182,411504,411560,56,2322
409182,411558,411562,4,2376
409182,411556,411562,6,2374
409182,411557,411562,5,2375
409182,411557,411562,5,2375
409182,411544,411563,19,2362
409182,411510,411563,53,2328
409182,411555,411563,8,2373
409182,411559,411564,5,2377
409182,411557,411564,7,2375
409182,411560,411564,4,2378
409182,411562,411565,3,2380
409182,411514,411566,52,2332
409182,411562,411567,5,2380
409182,411562,411567,5,2380
409182,411563,411568,5,2381
409182,411563,411568,5,2381
409182,411564,411568,4,2382
409182,411562,411568,6,2380
409182,411564,411569,5,2382
409182,411564,411570,6,2382
409182,411565,411571,6,2383
409182,411531,411571,40,2349
409182,411564,411570,6,2382
409182,411566,411572,6,2384
409182,411515,411571,56,2333
409182,411567,411573,6,2385
409182,411568,411573,5,2386
409182,411567,411574,7,2385
409182,411568,411575,7,2386
409182,411568,411575,7,2386
409182,411569,411576,7,2387
409182,411523,411576,53,2341
409182,411571,411577,6,2389
409182,411569,411577,8,2387
409182,411570,411577,7,2388
409182,411571,411579,8,2389
409182,411571,411582,11,2389
409182,411533,411582,49,2351
409182,411529,411582,53,2347
409182,411526,411583,57,2344
409182,411572,411583,11,2390
409182,411520,411585,65,2338
409182,411534,411588,54,2352
409182,411536,411589,53,2354
409182,411533,411591,58,2351
409182,411533,411593,60,2351
409182,411528,411595,67,2346
409182,411529,411596,67,2347
409182,411528,411597,69,2346
409182,411542,411597,55,2360
409182,411541,411597,56,2359
409182,411537,411597,60,2355
409182,411539,411597,58,2357
409182,411536,411601,65,2354
409182,411536,411601,65,2354
409182,411537,411606,69,2355
409182,411544,411608,64,2362
409182,411543,411608,65,2361
409182,411540,411610,70,2358
409451,411577,411615,38,2126
409451,411576,411622,46,2125
409451,411573,411623,50,2122
409451,411575,411624,49,2124
409451,411579,411624,45,2128
409451,411582,411625,43,2131
409451,411624,411626,2,2173
409451,411624,411627,3,2173
409451,411625,411627,2,2174
409451,411626,411629,3,2175
409451,411623,411629,6,2172
409451,411627,411629,2,2176
409451,411627,411629,2,2176
409451,411629,411631,2,2178
409451,411629,411631,2,2178
409451,411575,411631,56,2124
409451,411629,411631,2,2178
409451,411622,411632,10,2171
409451,411629,411632,3,2178
409451,411615,411633,18,2164
409451,411631,411633,2,2180
409451,411632,411634,2,2181
409451,411631,411633,2,2180
409451,411632,411634,2,2181
409451,411632,411634,2,2181
409451,411633,411635,2,2182
409451,411632,411635,3,2181
409451,411633,411635,2,2182
409451,411634,411636,2,2183
409451,411582,411637,55,2131
409451,411588,411637,49,2137
409451,411584,411637,53,2133
409451,411634,411637,3,2183
409451,411577,411639,62,2126
409451,411582,411640,58,2131
409451,411584,411640,56,2133
409451,411634,411643,9,2183
409451,411591,411643,52,2140
409451,411589,411644,55,2138
409451,411574,411644,70,2123
409451,411577,411646,69,2126
409451,411610,411646,36,2159
409451,411597,411647,50,2146
409451,411576,411648,72,2125
409451,411573,411648,75,2122
409451,411585,411652,67,2134
409451,411608,411653,45,2157
409451,411608,411654,46,2157
409451,411598,411659,61,2147
409451,411635,411659,24,2184
409451,411601,411660,59,2150
409451,411606,411661,55,2155
409451,411597,411662,65,2146
409451,411593,411667,74,2142
409451,411595,411667,72,2144
409451,411596,411670,74,2145
409451,411597,411670,73,2146
409451,411597,411669,72,2146
409451,411601,411673,72,2150
409451,411635,411675,40,2184
409451,411635,411691,56,2184
409451,411640,411695,55,2189
409451,411643,411697,54,2192
409451,411637,411699,62,2186
409451,411635,411700,65,2184
409451,411643,411700,57,2192
409451,411637,411700,63,2186
409451,411636,411701,65,2185
409451,411644,411703,59,2193
409451,411640,411705,65,2189
409451,411637,411706,69,2186
409451,411645,411707,62,2194
409451,411647,411708,61,2196
409451,411647,411711,64,2196
409451,411646,411713,67,2195
409451,411637,411712,75,2186
409451,411649,411717,68,2198
409451,411639,411718,79,2188
409451,411655,411722,67,2204
409451,411648,411726,78,2197
409451,411653,411728,75,2202
409451,411659,411730,71,2208
409451,411653,411732,79,2202
409451,411673,411733,60,2222
409451,411670,411732,62,2219
409451,411660,411737,77,2209
409451,411662,411737,75,2211
409451,411659,411738,79,2208
409451,411661,411737,76,2210
409451,411675,411739,64,2224
409451,411667,411740,73,2216
409451,411670,411742,72,2219
409451,411670,411746,76,2219
409451,411667,411750,83,2216
409451,411695,411751,56,2244
409451,411751,411757,6,2300
409451,411700,411758,58,2249
409451,411757,411760,3,2306
409451,411750,411761,11,2299
409451,411697,411761,64,2246
409451,411759,411762,3,2308
409451,411699,411763,64,2248
409451,411760,411762,2,2309
409451,411700,411763,63,2249
409451,411761,411763,2,2310
409451,411761,411764,3,2310
409451,411762,411764,2,2311
409451,411700,411765,65,2249
409451,411763,411766,3,2312
409451,411763,411765,2,2312
409451,411763,411765,2,2312
409451,411764,411766,2,2313
409451,411764,411766,2,2313
409451,411763,411766,3,2312
409451,411765,411767,2,2314
409451,411703,411767,64,2252
409451,411766,411768,2,2315
409451,411766,411768,2,2315
409451,411701,411767,66,2250
409451,411766,411768,2,2315
409451,411767,411769,2,2316
409451,411766,411768,2,2315
409451,411766,411769,3,2315
409451,411767,411769,2,2316
409451,411706,411770,64,2255
409451,411768,411770,2,2317
409451,411691,411771,80,2240
409451,411705,411771,66,2254
409451,411768,411770,2,2317
409451,411768,411770,2,2317
409451,411769,411771,2,2318
409451,411768,411770,2,2317
409451,411768,411770,2,2317
409451,411769,411771,2,2318
409451,411770,411772,2,2319
409451,411769,411772,3,2318
409451,411770,411773,3,2319
409451,411722,411773,51,2271
409451,411769,411772,3,2318
409451,411726,411773,47,2275
409451,411708,411774,66,2257
409451,411739,411777,38,2288
409451,411746,411780,34,2295
409451,411713,411784,71,2262
409451,411707,411787,80,2256
409451,411738,411788,50,2287
409451,411713,411790,77,2262
409451,411742,411793,51,2291
409451,411711,411793,82,2260
409451,411717,411798,81,2266
409451,411718,411799,81,2267
409451,411740,411801,61,2289
409451,411730,411803,73,2279
409451,411728,411804,76,2277
409451,411733,411805,72,2282
409451,411733,411805,72,2282
409451,411737,411811,74,2286
409451,411738,411814,76,2287
409451,411732,411814,82,2281
409451,411737,411814,77,2286
409496,411771,411816,45,2275
409496,411771,411818,47,2275
409496,411771,411818,47,2275
409496,411771,411819,48,2275
409496,411771,411820,49,2275
409496,411771,411821,50,2275
409496,411774,411822,48,2278
409496,411772,411823,51,2276
409496,411821,411823,2,2325
409496,411820,411822,2,2324
409496,411773,411824,51,2277
409496,411820,411824,4,2324
409496,411822,411825,3,2326
409496,411772,411825,53,2276
409496,411823,411825,2,2327
409496,411823,411825,2,2327
409496,411824,411826,2,2328
409496,411773,411825,52,2277
409496,411824,411825,1,2328
409496,411825,411827,2,2329
409496,411825,411827,2,2329
409496,411825,411827,2,2329
409496,411825,411827,2,2329
409496,411825,411828,3,2329
409496,411777,411827,50,2281
409496,411826,411829,3,2330
409496,411771,411829,58,2275
409496,411819,411829,10,2323
409496,411826,411828,2,2330
409496,411773,411830,57,2277
409496,411827,411829,2,2331
409496,411827,411831,4,2331
409496,411773,411832,59,2277
409496,411827,411836,9,2331
409496,411793,411836,43,2297
409496,411784,411842,58,2288
409496,411791,411842,51,2295
409496,411818,411843,25,2322
409496,411816,411846,30,2320
409496,411793,411847,54,2297
409496,411787,411848,61,2291
409496,411815,411848,33,2319
409496,411789,411848,59,2293
409496,411828,411850,22,2332
409496,411780,411851,71,2284
409496,411799,411853,54,2303
409496,411803,411854,51,2307
409496,411805,411857,52,2309
409496,411804,411857,53,2308
409496,411798,411861,63,2302
409496,411814,411862,48,2318
409496,411805,411863,58,2309
409496,411812,411866,54,2316
409496,411828,411868,40,2332
409496,411801,411869,68,2305
409496,411814,411880,66,2318
409496,411828,411882,54,2332
409496,411829,411883,54,2333
409496,411829,411884,55,2333
409496,411829,411887,58,2333
409496,411830,411887,57,2334
409496,411831,411889,58,2335
409496,411829,411889,60,2333
409496,411828,411890,62,2332
409496,411836,411891,55,2340
409496,411832,411894,62,2336
409496,411830,411898,68,2334
409496,411843,411899,56,2347
409496,411846,411901,55,2350
408391,411068,411902,834,2677
409496,411842,411905,63,2346
409496,411836,411906,70,2340
409496,411850,411907,57,2354
409496,411842,411907,65,2346
409496,411848,411908,60,2352
409496,411854,411911,57,2358
409496,411848,411912,64,2352
409496,411848,411914,66,2352
409496,411848,411917,69,2352
409496,411851,411918,67,2355
409496,411853,411920,67,2357
409496,411857,411923,66,2361
409496,411868,411926,58,2372
409496,411857,411926,69,2361
409496,411863,411929,66,2367
409496,411861,411930,69,2365
409496,411862,411932,70,2366
409496,411869,411933,64,2373
409496,411866,411936,70,2370
409496,411887,411938,51,2391
409496,411882,411939,57,2386
409496,411883,411940,57,2387
409496,411885,411941,56,2389
409496,411891,411945,54,2395
409496,411940,411946,6,2444
409496,411942,411946,4,2446
409496,411880,411946,66,2384
409496,411887,411945,58,2391
409496,411889,411945,56,2393
409496,411889,411946,57,2393
409496,411939,411948,9,2443
409496,411946,411949,3,2450
409496,411945,411948,3,2449
409496,411946,411950,4,2450
409496,411947,411950,3,2451
409496,411948,411951,3,2452
409496,411947,411950,3,2451
409496,411947,411950,3,2451
409496,411947,411951,4,2451
409496,411949,411952,3,2453
409496,411950,411953,3,2454
409496,411950,411953,3,2454
409496,411950,411953,3,2454
409496,411951,411954,3,2455
409496,411951,411955,4,2455
409496,411951,411954,3,2455
409496,411951,411954,3,2455
409496,411952,411956,4,2456
409496,411894,411956,62,2398
409496,411953,411956,3,2457
409496,411953,411956,3,2457
409496,411899,411958,59,2403
409496,411953,411957,4,2457
409496,411890,411958,68,2394
409496,411954,411957,3,2458
409496,411955,411959,4,2459
409496,411956,411960,4,2460
409496,411901,411960,59,2405
409496,411902,411959,57,2406
409496,411956,411960,4,2460
409496,411955,411960,5,2459
409496,411956,411961,5,2460
409496,411956,411961,5,2460
409496,411956,411961,5,2460
409496,411958,411963,5,2462
409496,411958,411963,5,2462
409496,411958,411964,6,2462
409496,411898,411964,66,2402
409496,411959,411965,6,2463
409496,411958,411965,7,2462
409496,411907,411967,60,2411
409496,411960,411968,8,2464
409496,411939,411968,29,2443
409496,411911,411969,58,2415
409496,411906,411975,69,2410
409496,411912,411976,64,2416
409496,411907,411977,70,2411
409496,411908,411978,70,2412
409496,411914,411983,69,2418
409496,411905,411983,78,2409
409496,411926,411983,57,2430
409496,411920,411984,64,2424
409496,411917,411991,74,2421
409496,411936,411991,55,2440
409496,411923,411991,68,2427
409496,411926,411992,66,2430
409496,411929,411995,66,2433
409496,411918,411995,77,2422
409496,411930,411997,67,2434
409496,411932,411997,65,2436
409496,411933,411999,66,2437
409595,411963,412002,39,2368
409595,411963,412008,45,2368
409595,411965,412010,45,2370
409595,411962,412011,49,2367
409595,411976,412012,36,2381
409595,411962,412012,50,2367
409595,411970,412015,45,2375
409595,411960,412017,57,2365
409595,411960,412017,57,2365
409595,411962,412020,58,2367
409595,411968,412020,52,2373
409595,411964,412025,61,2369
409595,411962,412026,64,2367
409595,411968,412026,58,2373
409595,411967,412027,60,2372
409595,411964,412028,64,2369
409595,411978,412033,55,2383
409595,411965,412033,68,2370
409595,412019,412038,19,2424
409595,412020,412039,19,2425
409595,412020,412040,20,2425
409595,412015,412041,26,2420
409595,411975,412041,66,2380
409595,412017,412041,24,2422
409595,412027,412043,16,2432
409595,412025,412044,19,2430
409595,412026,412044,18,2431
409595,411983,412043,60,2388
409595,411977,412045,68,2382
409595,412012,412045,33,2417
408176,410726,412049,1323,2550
409595,412026,412049,23,2431
409595,412028,412050,22,2433
409595,411984,412052,68,2389
409595,412012,412053,41,2417
409595,411991,412055,64,2396
409595,412033,412057,24,2438
409595,411993,412058,65,2398
409595,412008,412059,51,2413
409595,411983,412059,76,2388
409595,412010,412060,50,2415
409595,411991,412060,69,2396
409595,412002,412061,59,2407
409595,412011,412062,51,2416
409595,411997,412062,65,2402
409595,412033,412064,31,2438
409595,411983,412064,81,2388
409595,411991,412066,75,2396
409595,412039,412067,28,2444
409595,412038,412067,29,2443
409595,411997,412069,72,2402
409595,412049,412068,19,2454
409595,411999,412070,71,2404
409595,411995,412072,77,2400
409595,411995,412073,78,2400
409595,412040,412074,34,2445
409595,412041,412081,40,2446
408600,411248,412082,834,2648
409595,412041,412088,47,2446
409595,412041,412094,53,2446
409595,412043,412103,60,2448
409595,412044,412108,64,2449
409595,412046,412109,63,2451
409595,412050,412110,60,2455
409595,412045,412110,65,2450
409595,412044,412114,70,2449
409595,412049,412121,72,2454
409595,412059,412125,66,2464
409595,412052,412125,73,2457
409595,412061,412127,66,2466
409595,412054,412129,75,2459
409595,412044,412131,87,2449
409595,412067,412133,66,2472
409595,412060,412133,73,2465
409595,412059,412134,75,2464
409595,412058,412135,77,2463
409595,412067,412137,70,2472
409595,412055,412138,83,2460
409595,412064,412142,78,2469
409595,412062,412143,81,2467
409595,412062,412143,81,2467
409595,412069,412143,74,2474
409595,412069,412144,75,2474
409595,412074,412146,72,2479
409595,412057,412147,90,2462
409595,412060,412148,88,2465
409595,412088,412148,60,2493
409595,412082,412148,66,2487
409595,412081,412150,69,2486
409595,412064,412151,87,2469
409595,412066,412151,85,2471
409595,412073,412152,79,2478
409595,412070,412156,86,2475
409595,412072,412157,85,2477
408266,410896,412162,1266,2630
409595,412162,412171,9,2567
409595,412171,412176,5,2576
409595,412110,412176,66,2515
409595,412176,412178,2,2581
409595,412108,412179,71,2513
409595,412176,412179,3,2581
409595,412103,412180,77,2508
409595,412114,412180,66,2519
409595,412178,412181,3,2583
409595,412179,412181,2,2584
409595,412157,412182,25,2562
409595,412179,412182,3,2584
409595,412180,412182,2,2585
409595,412181,412183,2,2586
409595,412180,412182,2,2585
409595,412181,412182,1,2586
409595,412128,412183,55,2533
409595,412182,412184,2,2587
409595,412182,412185,3,2587
409595,412125,412185,60,2530
409595,412183,412185,2,2588
409595,412182,412185,3,2587
409595,412094,412184,90,2499
409595,412184,412186,2,2589
409595,412184,412186,2,2589
409595,412183,412185,2,2588
409595,412184,412186,2,2589
409595,412185,412187,2,2590
409595,412185,412187,2,2590
409595,412185,412187,2,2590
409595,412186,412188,2,2591
409595,412185,412188,3,2590
409595,412186,412188,2,2591
409595,412186,412188,2,2591
409595,412187,412189,2,2592
409595,412186,412188,2,2591
409595,412186,412188,2,2591
409595,412187,412189,2,2592
409595,412188,412190,2,2593
409595,412187,412190,3,2592
409595,412109,412191,82,2514
409595,412188,412191,3,2593
409595,412110,412192,82,2515
409595,412148,412196,48,2553
409595,412156,412197,41,2561
409595,412125,412198,73,2530
409595,412133,412199,66,2538
409595,412133,412199,66,2538
409595,412121,412202,81,2526
409595,412129,412205,76,2534
409595,412137,412206,69,2542
409595,412143,412206,63,2548
409595,412149,412208,59,2554
409595,412131,412210,79,2536
409595,412134,412210,76,2539
409595,412147,412212,65,2552
409595,412135,412212,77,2540
409595,412150,412214,64,2555
409595,412147,412215,68,2552
409595,412138,412218,80,2543
409595,412143,412219,76,2548
409595,412142,412222,80,2547
409595,412143,412225,82,2548
409595,412148,412227,79,2553
409933,412196,412228,32,2263
409595,412152,412228,76,2557
409933,412189,412228,39,2256
409595,412151,412229,78,2556
409933,412228,412231,3,2295
409933,412229,412232,3,2296
409933,412231,412233,2,2298
409595,412144,412233,89,2549
409595,412151,412234,83,2556
409933,412232,412235,3,2299
409933,412233,412235,2,2300
409933,412233,412236,3,2300
409933,412234,412237,3,2301
409933,412235,412237,2,2302
409933,412235,412236,1,2302
409933,412189,412239,50,2256
409933,412190,412239,49,2257
409933,412189,412239,50,2256
409933,412205,412239,34,2272
409933,412236,412239,3,2303
409933,412237,412240,3,2304
409933,412228,412240,12,2295
409933,412189,412240,51,2256
409933,412237,412239,2,2304
409933,412237,412239,2,2304
409933,412239,412241,2,2306
409933,412239,412241,2,2306
409933,412239,412242,3,2306
409933,412239,412241,2,2306
409933,412240,412242,2,2307
409933,412240,412242,2,2307
409933,412240,412242,2,2307
409933,412239,412243,4,2306
409933,412240,412243,3,2307
409933,412241,412243,2,2308
409933,412241,412243,2,2308
409933,412242,412244,2,2309
409933,412240,412243,3,2307
409933,412242,412245,3,2309
409933,412242,412244,2,2309
409933,412190,412245,55,2257
409933,412189,412246,57,2256
409933,412228,412248,20,2295
409933,412197,412249,52,2264
409933,412199,412249,50,2266
409933,412222,412249,27,2289
409933,412218,412251,33,2285
409933,412199,412251,52,2266
409933,412206,412250,44,2273
409933,412191,412256,65,2258
409933,412206,412256,50,2273
409933,412242,412256,14,2309
409933,412212,412256,44,2279
409933,412191,412260,69,2258
409933,412212,412263,51,2279
409933,412193,412263,70,2260
409933,412215,412266,51,2282
409933,412198,412269,71,2265
409933,412219,412270,51,2286
409933,412210,412270,60,2277
409933,412202,412270,68,2269
409933,412208,412271,63,2275
409933,412227,412276,49,2294
409933,412215,412279,64,2282
409933,412210,412282,72,2277
409933,412242,412283,41,2309
409933,412225,412283,58,2292
409933,412247,412286,39,2314
409933,412243,412288,45,2310
409933,412243,412290,47,2310
409933,412256,412295,39,2323
409933,412251,412300,49,2318
409933,412249,412300,51,2316
409933,412244,412305,61,2311
409933,412245,412307,62,2312
409933,412243,412310,67,2310
409933,412251,412313,62,2318
409933,412256,412315,59,2323
409933,412245,412316,71,2312
409933,412249,412316,67,2316
409933,412256,412319,63,2323
409933,412244,412320,76,2311
409933,412256,412321,65,2323
409933,412245,412322,77,2312
409933,412243,412322,79,2310
409933,412251,412323,72,2318
409933,412249,412325,76,2316
409933,412250,412328,78,2317
409933,412271,412330,59,2338
409933,412266,412331,65,2333
409933,412321,412332,11,2388
409933,412263,412333,70,2330
409933,412320,412335,15,2387
409933,412263,412335,72,2330
409933,412286,412335,49,2353
409933,412260,412340,80,2327
409933,412271,412345,74,2338
409933,412270,412346,76,2337
409933,412276,412347,71,2343
409933,412282,412349,67,2349
409933,412269,412351,82,2336
409933,412270,412351,81,2337
409933,412290,412351,61,2357
409933,412279,412352,73,2346
409933,412300,412353,53,2367
409933,412347,412354,7,2414
409933,412288,412354,66,2355
409933,412351,412354,3,2418
409933,412349,412354,5,2416
409933,412351,412355,4,2418
409933,412353,412356,3,2420
409933,412351,412355,4,2418
409933,412352,412355,3,2419
409933,412354,412357,3,2421
409933,412354,412357,3,2421
409933,412354,412357,3,2421
409933,412346,412358,12,2413
409933,412354,412358,4,2421
409933,412356,412358,2,2423
409933,412355,412358,3,2422
409933,412357,412359,2,2424
409933,412356,412360,4,2423
409933,412357,412360,3,2424
409933,412357,412360,3,2424
409933,412340,412360,20,2407
409933,412358,412361,3,2425
409933,412345,412361,16,2412
409933,412358,412361,3,2425
409933,412357,412361,4,2424
409933,412359,412362,3,2426
409933,412358,412362,4,2425
409933,412283,412361,78,2350
409933,412284,412361,77,2351
409933,412358,412361,3,2425
409933,412360,412363,3,2427
409933,412305,412363,58,2372
409933,412361,412364,3,2428
409933,412360,412363,3,2427
409933,412360,412364,4,2427
409933,412300,412365,65,2367
409933,412360,412364,4,2427
409933,412361,412365,4,2428
409933,412361,412366,5,2428
409933,412362,412367,5,2429
409933,412295,412368,73,2362
409933,412336,412375,39,2403
409933,412307,412376,69,2374
409933,412332,412378,46,2399
409933,412313,412378,65,2380
409933,412315,412378,63,2382
409933,412317,412379,62,2384
409933,412319,412379,60,2386
409933,412316,412383,67,2383
409933,412335,412391,56,2402
409933,412311,412391,80,2378
409933,412322,412395,73,2389
409933,412331,412396,65,2398
409933,412325,412396,71,2392
409933,412330,412397,67,2397
409933,412322,412398,76,2389
410020,412380,412398,18,2360
409933,412323,412402,79,2390
410020,412365,412404,39,2345
410020,412397,412407,10,2377
409933,412328,412408,80,2395
410020,412365,412408,43,2345
410020,412364,412408,44,2344
410020,412363,412408,45,2343
410020,412378,412409,31,2358
410020,412364,412409,45,2344
410020,412379,412409,30,2359
410020,412408,412410,2,2388
410020,412407,412410,3,2387
410020,412408,412410,2,2388
410020,412409,412411,2,2389
410020,412408,412411,3,2388
410020,412368,412411,43,2348
410020,412408,412411,3,2388
410020,412410,412412,2,2390
409933,412335,412412,77,2402
410020,412410,412412,2,2390
410020,412409,412412,3,2389
410020,412411,412413,2,2391
410020,412411,412412,1,2391
410020,412362,412413,51,2342
410020,412405,412412,7,2385
410020,412410,412412,2,2390
410020,412383,412413,30,2363
410020,412411,412413,2,2391
410020,412411,412413,2,2391
410020,412412,412414,2,2392
410020,412412,412413,1,2392
410020,412362,412413,51,2342
410020,412411,412413,2,2391
410020,412412,412415,3,2392
410020,412413,412415,2,2393
410020,412412,412414,2,2392
410020,412413,412415,2,2393
410020,412413,412415,2,2393
410020,412363,412416,53,2343
410020,412378,412415,37,2358
410020,412413,412415,2,2393
410020,412413,412416,3,2393
410020,412413,412415,2,2393
410020,412414,412416,2,2394
410020,412413,412416,3,2393
410020,412414,412416,2,2394
409933,412333,412417,84,2400
410020,412415,412421,6,2395
410020,412362,412421,59,2342
410020,412402,412421,19,2382
410020,412365,412421,56,2345
410020,412375,412423,48,2355
410020,412366,412426,60,2346
410020,412376,412428,52,2356
410020,412363,412429,66,2343
410020,412367,412429,62,2347
410020,412391,412429,38,2371
410020,412398,412430,32,2378
410020,412364,412431,67,2344
410020,412398,412431,33,2378
410020,412378,412432,54,2358
410020,412415,412433,18,2395
410020,412396,412440,44,2376
410020,412396,412443,47,2376
410020,412392,412444,52,2372
410020,412395,412446,51,2375
410020,412415,412448,33,2395
410020,412415,412453,38,2395
410020,412415,412460,45,2395
410020,412415,412462,47,2395
410020,412415,412464,49,2395
410020,412416,412474,58,2396
410020,412416,412474,58,2396
410020,412416,412476,60,2396
410020,412416,412477,61,2396
410020,412417,412478,61,2397
410020,412416,412477,61,2396
410020,412421,412480,59,2401
410020,412423,412485,62,2403
410020,412421,412486,65,2401
410020,412416,412486,70,2396
410020,412430,412487,57,2410
410020,412417,412487,70,2397
410020,412417,412488,71,2397
410020,412432,412489,57,2412
410020,412416,412489,73,2396
410020,412434,412489,55,2414
410020,412428,412490,62,2408
410020,412426,412491,65,2406
410020,412421,412494,73,2401
410020,412422,412496,74,2402
410020,412429,412499,70,2409
410020,412429,412500,71,2409
410020,412431,412501,70,2411
410020,412431,412501,70,2411
410020,412429,412503,74,2409
410020,412443,412504,61,2423
410020,412489,412514,25,2469
410020,412446,412516,70,2426
410020,412441,412517,76,2421
410020,412514,412519,5,2494
410020,412448,412519,71,2428
410020,412444,412520,76,2424
410020,412504,412521,17,2484
410020,412517,412523,6,2497
410020,412516,412523,7,2496
410020,412479,412524,45,2459
410020,412519,412524,5,2499
410020,412521,412525,4,2501
410020,412519,412525,6,2499
410020,412520,412527,7,2500
410020,412524,412527,3,2504
410020,412523,412528,5,2503
410020,412523,412528,5,2503
410020,412524,412529,5,2504
410020,412525,412528,3,2505
410020,412525,412529,4,2505
410020,412462,412530,68,2442
410020,412528,412532,4,2508
410020,412528,412532,4,2508
410020,412527,412532,5,2507
410020,412528,412532,4,2508
410020,412453,412532,79,2433
410020,412529,412533,4,2509
410020,412529,412533,4,2509
410020,412529,412533,4,2509
410020,412460,412534,74,2440
410020,412474,412533,59,2454
410020,412464,412535,71,2444
410020,412532,412535,3,2512
410020,412530,412535,5,2510
410020,412533,412536,3,2513
410020,412532,412537,5,2512
410020,412533,412537,4,2513
410020,412532,412537,5,2512
410020,412532,412536,4,2512
410020,412534,412537,3,2514
410020,412474,412538,64,2454
410020,412532,412538,6,2512
410020,412534,412539,5,2514
410020,412476,412538,62,2456
410020,412496,412540,44,2476
410020,412477,412540,63,2457
410020,412533,412539,6,2513
410020,412535,412542,7,2515
410020,412478,412542,64,2458
410020,412485,412542,57,2465
410020,412489,412549,60,2469
410020,412486,412550,64,2466
410020,412487,412555,68,2467
410020,412490,412555,65,2470
410020,412480,412557,77,2460
410020,412503,412559,56,2483
410020,412486,412560,74,2466
410020,412491,412561,70,2471
410020,412487,412563,76,2467
410020,412488,412564,76,2468
410020,412489,412566,77,2469
410020,412494,412571,77,2474
410020,412499,412573,74,2479
410020,412502,412573,71,2482
409182,411572,412574,1002,2390
410020,412501,412577,76,2481
410020,412500,412583,83,2480
410155,412536,412584,48,2381
410155,412543,412586,43,2388
410155,412577,412586,9,2422
410155,412584,412586,2,2429
410155,412583,412587,4,2428
410155,412536,412588,52,2381
410155,412586,412588,2,2431
410155,412586,412587,1,2431
410155,412586,412589,3,2431
410155,412538,412588,50,2383
410155,412540,412588,48,2385
410155,412538,412590,52,2383
410155,412537,412589,52,2382
410155,412588,412590,2,2433
410155,412587,412589,2,2432
410155,412588,412589,1,2433
410155,412573,412591,18,2418
410155,412574,412591,17,2419
410155,412589,412590,1,2434
410155,412590,412591,1,2435
410155,412539,412590,51,2384
410155,412589,412592,3,2434
410155,412590,412592,2,2435
410155,412542,412592,50,2387
410155,412589,412591,2,2434
410155,412591,412593,2,2436
410155,412590,412593,3,2435
410155,412539,412593,54,2384
410155,412591,412593,2,2436
410155,412591,412592,1,2436
410155,412591,412594,3,2436
410155,412592,412593,1,2437
410155,412592,412594,2,2437
410155,412540,412594,54,2385
410155,412592,412594,2,2437
410155,412537,412594,57,2382
410155,412590,412593,3,2435
410155,412590,412593,3,2435
410155,412591,412593,2,2436
410155,412593,412595,2,2438
410155,412573,412595,22,2418
410155,412592,412594,2,2437
410155,412592,412594,2,2437
410155,412593,412596,3,2438
410155,412537,412595,58,2382
410155,412542,412598,56,2387
410155,412558,412599,41,2403
410155,412564,412599,35,2409
410155,412540,412601,61,2385
410155,412538,412603,65,2383
410155,412550,412603,53,2395
410155,412555,412605,50,2400
410155,412549,412610,61,2394
410155,412537,412610,73,2382
410155,412555,412610,55,2400
410155,412593,412612,19,2438
410155,412563,412613,50,2408
408794,411422,412622,1200,2628
410155,412561,412623,62,2406
410155,412559,412624,65,2404
410155,412560,412625,65,2405
410155,412566,412626,60,2411
410155,412572,412627,55,2417
410155,412593,412638,45,2438
410155,412594,412638,44,2439
410155,412593,412644,51,2438
410155,412594,412654,60,2439
410155,412595,412654,59,2440
410155,412596,412655,59,2441
410155,412594,412656,62,2439
410155,412594,412658,64,2439
410155,412594,412659,65,2439
410155,412595,412660,65,2440
410155,412594,412664,70,2439
410155,412610,412664,54,2455
410155,412595,412666,71,2440
410155,412603,412667,64,2448
410155,412605,412667,62,2450
410155,412596,412668,72,2441
410155,412594,412669,75,2439
410155,412594,412671,77,2439
410155,412595,412672,77,2440
410155,412610,412672,62,2455
410155,412600,412673,73,2445
410155,412594,412673,79,2439
410155,412598,412673,75,2443
410155,412610,412675,65,2455
410155,412599,412675,76,2444
410155,412601,412683,82,2446
410155,412603,412684,81,2448
410155,412613,412688,75,2458
410155,412613,412691,78,2458
410155,412638,412695,57,2483
410155,412622,412695,73,2467
410155,412623,412698,75,2468
410155,412626,412698,72,2471
410155,412625,412702,77,2470
410155,412666,412703,37,2511
410155,412624,412704,80,2469
410155,412644,412704,60,2489
410155,412698,412705,7,2543
410155,412628,412705,77,2473
410155,412705,412707,2,2550
410155,412639,412708,69,2484
410155,412705,412708,3,2550
410155,412703,412708,5,2548
410155,412702,412709,7,2547
410155,412695,412709,14,2540
410155,412704,412708,4,2549
410155,412698,412709,11,2543
410155,412705,412709,4,2550
410155,412708,412710,2,2553
410155,412708,412710,2,2553
410155,412654,412711,57,2499
410155,412675,412712,37,2520
410155,412708,412712,4,2553
410155,412709,412712,3,2554
410155,412710,412713,3,2555
410155,412708,412712,4,2553
410155,412709,412713,4,2554
410155,412710,412714,4,2555
410155,412710,412714,4,2555
410155,412711,412714,3,2556
410155,412709,412713,4,2554
410155,412654,412715,61,2499
410155,412710,412714,4,2555
410155,412658,412715,57,2503
410155,412712,412716,4,2557
410155,412712,412716,4,2557
410155,412713,412717,4,2558
410155,412712,412716,4,2557
410155,412656,412718,62,2501
410155,412714,412717,3,2559
410155,412714,412718,4,2559
410155,412713,412717,4,2558
410155,412713,412717,4,2558
410155,412714,412718,4,2559
410155,412715,412718,3,2560
410155,412714,412720,6,2559
410155,412715,412721,6,2560
410155,412660,412722,62,2505
410155,412655,412722,67,2500
410155,412695,412723,28,2540
410155,412688,412730,42,2533
410155,412668,412732,64,2513
410155,412667,412733,66,2512
410155,412664,412733,69,2509
410155,412675,412739,64,2520
410155,412660,412740,80,2505
410155,412672,412740,68,2517
410155,412668,412742,74,2513
410155,412664,412742,78,2509
410178,412717,412743,26,2539
410155,412673,412743,70,2518
410155,412673,412743,70,2518
410155,412669,412744,75,2514
410178,412718,412746,28,2540
410178,412722,412747,25,2544
410155,412671,412749,78,2516
410178,412724,412750,26,2546
410178,412733,412750,17,2555
410178,412718,412749,31,2540
410178,412722,412749,27,2544
410155,412672,412750,78,2517
410178,412739,412752,13,2561
410178,412720,412752,32,2542
410155,412683,412753,70,2528
410178,412750,412753,3,2572
410178,412750,412752,2,2572
410178,412751,412753,2,2573
410178,412752,412754,2,2574
410155,412673,412754,81,2518
410178,412752,412753,1,2574
410178,412753,412756,3,2575
410178,412754,412756,2,2576
410178,412754,412756,2,2576
410178,412753,412755,2,2575
410178,412753,412755,2,2575
410178,412750,412756,6,2572
410178,412754,412756,2,2576
410178,412721,412757,36,2543
410178,412755,412756,1,2577
410178,412756,412758,2,2578
410178,412756,412758,2,2578
410178,412756,412757,1,2578
410178,412756,412759,3,2578
410178,412756,412759,3,2578
410178,412756,412759,3,2578
410178,412756,412758,2,2578
410178,412730,412758,28,2552
410178,412757,412759,2,2579
410178,412758,412760,2,2580
410178,412757,412760,3,2579
410178,412758,412760,2,2580
410178,412758,412761,3,2580
410178,412759,412761,2,2581
410178,412718,412761,43,2540
410178,412759,412762,3,2581
410155,412684,412762,78,2529
410178,412759,412762,3,2581
410178,412718,412762,44,2540
410178,412759,412763,4,2581
410178,412718,412763,45,2540
410155,412691,412763,72,2536
410178,412733,412765,32,2555
410178,412717,412765,48,2539
410178,412732,412765,33,2554
410178,412750,412766,16,2572
410178,412749,412766,17,2571
410178,412744,412769,25,2566
410178,412716,412772,56,2538
410178,412716,412772,56,2538
410178,412744,412776,32,2566
410178,412745,412777,32,2567
410178,412719,412777,58,2541
410178,412747,412778,31,2569
410178,412720,412781,61,2542
410178,412761,412784,23,2583
410178,412743,412784,41,2565
410178,412760,412784,24,2582
410178,412740,412790,50,2562
410178,412746,412791,45,2568
410178,412762,412793,31,2584
410178,412742,412796,54,2564
410178,412778,412798,20,2600
410178,412740,412798,58,2562
410178,412759,412800,41,2581
410178,412742,412807,65,2564
410178,412793,412816,23,2615
410178,412760,412818,58,2582
410178,412760,412819,59,2582
410178,412762,412820,58,2584
410178,412772,412823,51,2594
410178,412765,412825,60,2587
409497,411960,412826,866,2463
410178,412766,412825,59,2588
410178,412769,412827,58,2591
410178,412763,412827,64,2585
410178,412765,412827,62,2587
410178,412761,412828,67,2583
410178,412762,412830,68,2584
410178,412761,412831,70,2583
410178,412760,412831,71,2582
410178,412766,412832,66,2588
410178,412762,412835,73,2584
410178,412772,412836,64,2594
410178,412764,412837,73,2586
410178,412765,412838,73,2587
410178,412765,412839,74,2587
410178,412784,412841,57,2606
410178,412784,412842,58,2606
410178,412776,412844,68,2598
410178,412784,412845,61,2606
410178,412777,412847,70,2599
410178,412777,412848,71,2599
410178,412791,412849,58,2613
410178,412796,412850,54,2618
410178,412790,412849,59,2612
410178,412798,412852,54,2620
410178,412781,412856,75,2603
410178,412852,412856,4,2674
410178,412850,412858,8,2672
410178,412856,412861,5,2678
410178,412850,412860,10,2672
410178,412856,412863,7,2678
410178,412849,412863,14,2671
410178,412858,412863,5,2680
410178,412861,412865,4,2683
410178,412861,412866,5,2683
410178,412863,412867,4,2685
410178,412798,412867,69,2620
410178,412863,412868,5,2685
410178,412848,412868,20,2670
410178,412864,412867,3,2686
410178,412865,412869,4,2687
410178,412867,412870,3,2689
410178,412866,412871,5,2688
410178,412867,412872,5,2689
410178,412818,412871,53,2640
410178,412847,412872,25,2669
410178,412869,412873,4,2691
410178,412807,412873,66,2629
410178,412800,412873,73,2622
410178,412868,412873,5,2690
410178,412868,412873,5,2690
410178,412869,412872,3,2691
409452,411771,412874,1103,2319
410178,412870,412874,4,2692
410178,412873,412876,3,2695
410178,412872,412876,4,2694
410178,412872,412877,5,2694
410178,412872,412877,5,2694
410178,412819,412878,59,2641
410178,412872,412878,6,2694
410178,412873,412878,5,2695
410178,412873,412878,5,2695
410178,412874,412879,5,2696
410178,412873,412879,6,2695
410178,412873,412880,7,2695
410178,412816,412882,66,2638
410178,412875,412883,8,2697
410178,412822,412884,62,2644
410178,412826,412884,58,2648
410178,412825,412884,59,2647
410178,412827,412885,58,2649
410178,412826,412889,63,2648
410178,412836,412890,54,2658
410178,412836,412891,55,2658
410178,412823,412892,69,2645
410178,412827,412893,66,2649
410178,412827,412894,67,2649
410178,412837,412900,63,2659
410178,412828,412901,73,2650
410178,412842,412904,62,2664
410178,412831,412905,74,2653
410178,412838,412906,68,2660
410178,412830,412908,78,2652
410178,412845,412908,63,2667
410178,412832,412908,76,2654
410308,412885,412909,24,2577
410178,412831,412910,79,2653
410178,412841,412910,69,2663
410308,412910,412913,3,2602
410308,412886,412915,29,2578
410308,412878,412916,38,2570
410308,412913,412915,2,2605
410178,412844,412917,73,2666
410178,412839,412917,78,2661
410308,412915,412917,2,2607
410308,412910,412918,8,2602
410308,412916,412919,3,2608
410308,412917,412918,1,2609
410308,412917,412919,2,2609
410308,412917,412919,2,2609
410308,412877,412919,42,2569
410308,412918,412919,1,2610
410308,412918,412921,3,2610
410308,412919,412921,2,2611
410308,412919,412921,2,2611
410308,412919,412922,3,2611
410308,412919,412922,3,2611
410308,412920,412923,3,2612
410308,412909,412922,13,2601
410308,412921,412923,2,2613
410308,412921,412924,3,2613
410308,412894,412924,30,2586
410308,412921,412923,2,2613
410308,412921,412923,2,2613
410308,412922,412924,2,2614
410308,412879,412924,45,2571
410308,412922,412924,2,2614
410308,412923,412925,2,2615
410308,412878,412924,46,2570
410308,412923,412924,1,2615
410308,412924,412926,2,2616
410308,412923,412926,3,2615
410308,412924,412926,2,2616
410308,412924,412926,2,2616
410308,412924,412926,2,2616
410308,412876,412927,51,2568
410308,412924,412928,4,2616
410308,412882,412929,47,2574
410308,412884,412933,49,2576
410308,412889,412934,45,2581
410308,412877,412936,59,2569
410308,412924,412935,11,2616
410308,412878,412937,59,2570
410308,412885,412938,53,2577
410308,412906,412938,32,2598
410308,412883,412937,54,2575
410308,412905,412939,34,2597
410308,412893,412938,45,2585
410308,412908,412941,33,2600
410308,412925,412942,17,2617
410308,412877,412942,65,2569
410308,412879,412941,62,2571
410308,412878,412943,65,2570
410308,412909,412944,35,2601
410308,412893,412944,51,2585
410308,412880,412947,67,2572
410308,412908,412952,44,2600
410308,412890,412952,62,2582
410308,412891,412955,64,2583
410308,412905,412956,51,2597
410308,412927,412957,30,2619
410308,412900,412957,57,2592
410308,412925,412962,37,2617
410308,412901,412963,62,2593
410308,412937,412971,34,2629
410308,412926,412976,50,2618
410308,412925,412979,54,2617
410308,412936,412980,44,2628
410308,412927,412985,58,2619
410308,412926,412985,59,2618
410308,412927,412986,59,2619
410308,412940,412989,49,2632
410308,412933,412991,58,2625
410308,412934,412993,59,2626
410308,412926,412996,70,2618
410308,412926,413000,74,2618
410308,412938,413000,62,2630
410308,412942,413002,60,2634
410308,412943,413003,60,2635
410308,412938,413006,68,2630
410308,412939,413007,68,2631
410308,412928,413007,79,2620
410308,412929,413006,77,2621
410308,412938,413007,69,2630
410308,412938,413007,69,2630
410308,412956,413012,56,2648
410308,412941,413014,73,2633
410308,412947,413016,69,2639
410308,412957,413016,59,2649
410308,412943,413016,73,2635
410308,412954,413017,63,2646
410308,412942,413018,76,2634
410308,412944,413018,74,2636
410308,412944,413018,74,2636
410308,412956,413028,72,2648
410308,413018,413028,10,2710
410308,412952,413029,77,2644
410308,412957,413033,76,2649
410308,412962,413034,72,2654
410308,413029,413035,6,2721
410308,413029,413035,6,2721
410308,413028,413036,8,2720
410308,412963,413037,74,2655
410308,413033,413037,4,2725
410308,413018,413036,18,2710
410308,412986,413038,52,2678
410308,413034,413039,5,2726
410308,413035,413040,5,2727
410308,413035,413040,5,2727
410308,412971,413040,69,2663
410308,413036,413040,4,2728
410308,412979,413040,61,2671
410308,413037,413041,4,2729
410308,413038,413041,3,2730
410308,413037,413040,3,2729
410308,413018,413042,24,2710
410308,413038,413042,4,2730
410308,412976,413041,65,2668
410308,413039,413043,4,2731
410308,413040,413043,3,2732
410308,412991,413043,52,2683
410308,413040,413044,4,2732
410308,413040,413044,4,2732
410308,413040,413044,4,2732
410308,413040,413044,4,2732
410308,413041,413044,3,2733
410308,413041,413045,4,2733
410308,412985,413045,60,2677
410308,413041,413046,5,2733
410308,413042,413046,4,2734
410308,413043,413047,4,2735
410308,413042,413047,5,2734
410308,413042,413048,6,2734
410308,413044,413048,4,2736
410308,413043,413048,5,2735
410308,413044,413049,5,2736
410308,413044,413050,6,2736
410308,413014,413050,36,2706
410308,412985,413051,66,2677
410308,413044,413051,7,2736
410308,413000,413052,52,2692
410308,413016,413056,40,2708
410308,412980,413056,76,2672
410308,412993,413059,66,2685
410308,413002,413061,59,2694
410308,412989,413063,74,2681
410308,413016,413067,51,2708
410308,412996,413072,76,2688
410308,413012,413075,63,2704
410308,413007,413077,70,2699
410308,413008,413078,70,2700
410308,413000,413077,77,2692
410308,413007,413078,71,2699
410308,413007,413079,72,2699
410308,413007,413079,72,2699
410308,413017,413082,65,2709
410308,413006,413082,76,2698
410589,413059,413083,24,2470
410308,413003,413084,81,2695
410589,413045,413085,40,2456
410589,413085,413088,3,2496
410589,413088,413091,3,2499
410308,413016,413092,76,2708
410589,413084,413093,9,2495
410589,413045,413093,48,2456
410589,413091,413092,1,2502
410589,413045,413094,49,2456
410589,413047,413093,46,2458
410589,413093,413095,2,2504
410589,413093,413095,2,2504
410589,413092,413094,2,2503
410589,413094,413096,2,2505
410589,413094,413096,2,2505
410589,413048,413096,48,2459
410589,413093,413095,2,2504
410589,413095,413097,2,2506
410589,413095,413097,2,2506
410589,413047,413097,50,2458
410589,413083,413098,15,2494
410589,413095,413098,3,2506
410589,413096,413098,2,2507
410589,413096,413099,3,2507
410589,413096,413098,2,2507
410589,413097,413099,2,2508
410589,413096,413099,3,2507
410589,413050,413099,49,2461
410589,413051,413100,49,2462
410589,413098,413100,2,2509
410589,413097,413100,3,2508
410589,413098,413100,2,2509
410589,413098,413100,2,2509
410589,413099,413101,2,2510
410589,413099,413100,1,2510
410589,413099,413100,1,2510
410589,413098,413100,2,2509
410589,413099,413102,3,2510
410589,413056,413101,45,2467
410589,413100,413102,2,2511
410589,413052,413102,50,2463
410589,413049,413105,56,2460
410589,413100,413104,4,2511
410589,413048,413107,59,2459
410589,413050,413108,58,2461
410589,413046,413109,63,2457
410589,413051,413109,58,2462
410589,413046,413110,64,2457
410589,413061,413111,50,2472
410589,413049,413113,64,2460
410589,413082,413115,33,2493
410589,413056,413115,59,2467
410589,413078,413116,38,2489
410589,413063,413119,56,2474
410589,413082,413119,37,2493
410589,413075,413120,45,2486
410589,413067,413123,56,2478
410589,413100,413124,24,2511
410589,413079,413127,48,2490
410589,413077,413129,52,2488
410589,413078,413130,52,2489
410589,413078,413131,53,2489
410589,413072,413134,62,2483
410589,413101,413136,35,2512
410589,413079,413140,61,2490
410589,413105,413151,46,2516
410589,413117,413153,36,2528
410589,413102,413154,52,2513
410589,413101,413155,54,2512
410589,413101,413156,55,2512
410589,413101,413160,59,2512
410589,413103,413161,58,2514
410589,413101,413163,62,2512
410589,413100,413164,64,2511
410589,413102,413164,62,2513
410589,413111,413166,55,2522
410589,413102,413165,63,2513
410589,413103,413167,64,2514
410589,413130,413172,42,2541
410589,413120,413176,56,2531
410589,413119,413177,58,2530
410589,413110,413177,67,2521
410589,413129,413178,49,2540
410589,413109,413178,69,2520
410589,413107,413179,72,2518
410589,413105,413179,74,2516
410589,413119,413178,59,2530
410589,413110,413180,70,2521
410589,413108,413180,72,2519
410589,413124,413183,59,2535
410589,413113,413183,70,2524
410589,413115,413185,70,2526
410589,413115,413190,75,2526
410589,413134,413194,60,2545
410589,413156,413194,38,2567
410589,413136,413195,59,2547
410589,413127,413196,69,2538
410589,413164,413196,32,2575
410589,413131,413198,67,2542
410589,413123,413199,76,2534
410589,413196,413201,5,2607
410589,413195,413202,7,2606
410589,413198,413204,6,2609
410589,413199,413204,5,2610
410589,413196,413206,10,2607
410589,413202,413208,6,2613
410589,413140,413208,68,2551
410589,413201,413208,7,2612
410589,413204,413210,6,2615
410589,413204,413210,6,2615
410589,413206,413212,6,2617
410589,413154,413212,58,2565
410589,413208,413212,4,2619
410589,413208,413213,5,2619
410589,413208,413213,5,2619
410589,413152,413213,61,2563
410589,413210,413216,6,2621
410589,413210,413216,6,2621
410589,413212,413217,5,2623
410589,413212,413217,5,2623
410589,413160,413217,57,2571
410589,413213,413217,4,2624
410589,413212,413217,5,2623
410589,413213,413218,5,2624
410589,413213,413218,5,2624
410589,413155,413219,64,2566
410589,413194,413221,27,2605
410589,413216,413221,5,2627
410589,413161,413221,60,2572
410589,413217,413223,6,2628
410589,413218,413223,5,2629
410589,413217,413223,6,2628
410589,413217,413222,5,2628
410589,413216,413223,7,2627
410589,413217,413224,7,2628
410589,413163,413224,61,2574
410589,413153,413225,72,2564
410589,413166,413226,60,2577
410589,413167,413226,59,2578
410589,413219,413226,7,2630
410589,413218,413227,9,2629
410589,413218,413227,9,2629
410589,413164,413232,68,2575
410589,413176,413233,57,2587
410589,413221,413233,12,2632
410589,413190,413235,45,2601
410589,413179,413236,57,2590
410589,413177,413237,60,2588
410589,413166,413238,72,2577
410824,413232,413242,10,2408
410589,413178,413244,66,2589
410589,413183,413245,62,2594
410824,413237,413246,9,2413
410589,413172,413246,74,2583
410824,413227,413247,20,2403
410824,413233,413246,13,2409
410824,413227,413248,21,2403
410589,413178,413250,72,2589
410589,413179,413251,72,2590
410589,413185,413252,67,2596
410589,413183,413251,68,2594
410824,413235,413253,18,2411
410589,413179,413254,75,2590
410824,413238,413255,17,2414
410589,413177,413256,79,2588
410824,413236,413257,21,2412
410589,413181,413258,77,2592
410824,413254,413258,4,2430
410824,413255,413258,3,2431
410589,413194,413259,65,2605
410824,413256,413259,3,2432
410824,413258,413260,2,2434
410824,413258,413260,2,2434
410824,413258,413261,3,2434
410824,413258,413261,3,2434
410824,413226,413261,35,2402
410824,413259,413261,2,2435
410824,413253,413261,8,2429
410824,413260,413263,3,2436
410824,413260,413263,3,2436
410824,413261,413263,2,2437
410824,413260,413263,3,2436
410589,413180,413263,83,2591
410824,413261,413263,2,2437
410824,413261,413264,3,2437
410824,413223,413264,41,2399
410824,413262,413264,2,2438
410824,413233,413265,32,2409
410824,413262,413265,3,2438
410824,413263,413265,2,2439
410824,413263,413265,2,2439
410824,413263,413266,3,2439
410824,413263,413266,3,2439
410824,413263,413266,3,2439
410824,413264,413266,2,2440
410824,413252,413265,13,2428
410824,413223,413266,43,2399
410824,413265,413267,2,2441
410824,413263,413266,3,2439
410824,413265,413267,2,2441
410824,413264,413266,2,2440
410824,413226,413268,42,2402
410824,413265,413269,4,2441
410824,413265,413268,3,2441
410824,413224,413269,45,2400
410824,413221,413270,49,2397
410824,413226,413272,46,2402
410824,413223,413273,50,2399
410824,413223,413275,52,2399
410824,413252,413278,26,2428
410824,413251,413280,29,2427
410824,413226,413280,54,2402
410824,413224,413280,56,2400
410824,413223,413288,65,2399
410824,413246,413291,45,2422
410824,413245,413292,47,2421
410824,413265,413293,28,2441
410824,413250,413296,46,2426
410824,413246,413296,50,2422
410824,413267,413297,30,2443
410824,413247,413297,50,2423
410824,413242,413299,57,2418
410824,413247,413301,54,2423
410824,413248,413303,55,2424
410824,413266,413303,37,2442
409933,412362,413307,945,2429
410824,413272,413307,35,2448
410824,413244,413313,69,2420
410824,413267,413314,47,2443
410824,413266,413319,53,2442
410824,413268,413319,51,2444
410824,413266,413320,54,2442
410824,413270,413321,51,2446
410824,413266,413323,57,2442
410824,413270,413324,54,2446
410824,413269,413324,55,2445
410824,413266,413333,67,2442
410824,413275,413333,58,2451
410824,413273,413335,62,2449
410824,413267,413335,68,2443
410824,413267,413335,68,2443
410824,413294,413335,41,2470
410824,413266,413336,70,2442
410824,413269,413339,70,2445
410824,413296,413339,43,2472
410021,412535,413340,805,2514
410824,413296,413341,45,2472
410824,413278,413344,66,2454
410824,413307,413345,38,2483
410824,413292,413347,55,2468
410824,413280,413350,70,2456
410824,413280,413354,74,2456
410824,413298,413354,56,2474
410824,413280,413358,78,2456
410824,413298,413358,60,2474
410824,413291,413358,67,2467
410824,413288,413359,71,2464
410824,413301,413363,62,2477
410824,413303,413363,60,2479
410824,413363,413367,4,2539
410824,413307,413367,60,2483
410824,413299,413368,69,2475
410824,413363,413370,7,2539
410824,413358,413371,13,2534
410824,413367,413372,5,2543
410824,413359,413372,13,2535
410824,413368,413373,5,2544
410824,413367,413374,7,2543
410824,413324,413374,50,2500
410824,413371,413376,5,2547
410824,413372,413377,5,2548
410824,413303,413378,75,2479
410824,413374,413378,4,2550
410824,413374,413378,4,2550
410824,413370,413378,8,2546
410824,413372,413379,7,2548
410824,413373,413379,6,2549
410824,413324,413379,55,2500
410824,413319,413378,59,2495
410824,413321,413381,60,2497
410824,413319,413381,62,2495
410824,413378,413382,4,2554
410824,413378,413382,4,2554
410824,413377,413381,4,2553
410824,413376,413381,5,2552
410824,413378,413383,5,2554
410824,413358,413383,25,2534
410824,413314,413383,69,2490
410824,413378,413383,5,2554
410824,413379,413384,5,2555
410824,413379,413383,4,2555
410824,413380,413383,3,2556
410824,413313,413385,72,2489
410824,413379,413384,5,2555
410824,413381,413385,4,2557
410824,413381,413386,5,2557
410824,413382,413386,4,2558
410824,413382,413387,5,2558
410824,413382,413387,5,2558
410824,413382,413389,7,2558
410824,413383,413389,6,2559
410824,413383,413390,7,2559
410824,413320,413392,72,2496
410824,413383,413393,10,2559
410824,413333,413393,60,2509
410824,413340,413396,56,2516
410824,413335,413396,61,2511
410824,413324,413396,72,2500
410824,413335,413398,63,2511
410824,413341,413398,57,2517
410824,413333,413400,67,2509
410824,413336,413399,63,2512
410824,413335,413401,66,2511
410824,413344,413402,58,2520
410824,413345,413403,58,2521
410824,413339,413406,67,2515
410824,413335,413406,71,2511
410824,413347,413409,62,2523
410824,413339,413410,71,2515
410824,413355,413416,61,2531
410824,413354,413421,67,2530
410824,413358,413421,63,2534
410824,413350,413430,80,2526
411042,413385,413431,46,2343
411042,413385,413433,48,2343
411042,413385,413433,48,2343
411042,413386,413434,48,2344
411042,413384,413436,52,2342
411042,413384,413436,52,2342
411042,413434,413437,3,2392
411042,413433,413438,5,2391
411042,413387,413438,51,2345
411042,413436,413439,3,2394
411042,413386,413439,53,2344
411042,413436,413440,4,2394
411042,413437,413439,2,2395
411042,413438,413440,2,2396
411042,413438,413440,2,2396
411042,413439,413441,2,2397
411042,413439,413441,2,2397
411042,413396,413442,46,2354
411042,413389,413442,53,2347
411042,413440,413442,2,2398
411042,413440,413443,3,2398
411042,413440,413442,2,2398
411042,413394,413443,49,2352
411042,413440,413442,2,2398
411042,413441,413443,2,2399
411042,413398,413443,45,2356
411042,413388,413444,56,2346
411042,413441,413443,2,2399
411042,413443,413445,2,2401
411042,413442,413444,2,2400
411042,413442,413444,2,2400
411042,413442,413446,4,2400
411042,413443,413445,2,2401
411042,413443,413447,4,2401
411042,413396,413446,50,2354
411042,413390,413448,58,2348
411042,413433,413448,15,2391
411042,413385,413449,64,2343
411042,413443,413450,7,2401
411042,413389,413452,63,2347
411042,413444,413456,12,2402
411042,413393,413457,64,2351
411042,413431,413457,26,2389
411042,413401,413459,58,2359
411042,413409,413460,51,2367
411042,413443,413459,16,2401
411042,413400,413460,60,2358
411042,413392,413461,69,2350
411042,413396,413462,66,2354
411042,413401,413462,61,2359
411042,413403,413464,61,2361
411042,413416,413466,50,2374
411042,413398,413466,68,2356
411042,413402,413466,64,2360
411042,413406,413469,63,2364
411042,413406,413471,65,2364
411042,413410,413472,62,2368
411042,413421,413473,52,2379
411042,413430,413474,44,2388
411042,413421,413475,54,2379
411042,413443,413483,40,2401
409595,412188,413485,1297,2593
411042,413444,413498,54,2402
410156,412716,413501,785,2560
411042,413450,413503,53,2408
411042,413446,413504,58,2404
411042,413445,413504,59,2403
411042,413445,413505,60,2403
411042,413447,413505,58,2405
411042,413445,413505,60,2403
411042,413448,413507,59,2406
411042,413447,413507,60,2405
411042,413458,413516,58,2416
411042,413449,413516,67,2407
411042,413456,413516,60,2414
411042,413446,413517,71,2404
411042,413460,413519,59,2418
411042,413460,413521,61,2418
411042,413448,413523,75,2406
411042,413464,413523,59,2422
411042,413466,413524,58,2424
411042,413457,413524,67,2415
411042,413462,413527,65,2420
411042,413452,413528,76,2410
411042,413461,413529,68,2419
411042,413466,413532,66,2424
411042,413460,413533,73,2418
411042,413459,413533,74,2417
411042,413463,413535,72,2421
411042,413469,413535,66,2427
411042,413466,413536,70,2424
411042,413472,413539,67,2430
411042,413474,413543,69,2432
411042,413475,413546,71,2433
411042,413473,413547,74,2431
411042,413471,413548,77,2429
411042,413483,413554,71,2441
411042,413498,413556,58,2456
411042,413485,413558,73,2443
411042,413501,413560,59,2459
411042,413556,413560,4,2514
411042,413506,413561,55,2464
411042,413503,413561,58,2461
411042,413554,413561,7,2512
411042,413560,413564,4,2518
411042,413558,413564,6,2516
411042,413560,413564,4,2518
411042,413561,413565,4,2519
411042,413561,413565,4,2519
411042,413548,413565,17,2506
411042,413561,413564,3,2519
411042,413505,413566,61,2463
411042,413564,413567,3,2522
411042,413504,413566,62,2462
411042,413565,413568,3,2523
411042,413564,413567,3,2522
411042,413504,413567,63,2462
411042,413506,413567,61,2464
411042,413565,413569,4,2523
411042,413565,413569,4,2523
411042,413564,413569,5,2522
411042,413565,413568,3,2523
411042,413547,413570,23,2505
411042,413567,413570,3,2525
411042,413567,413570,3,2525
411042,413567,413570,3,2525
411042,413568,413571,3,2526
411042,413507,413572,65,2465
411042,413568,413571,3,2526
411042,413569,413573,4,2527
411042,413569,413573,4,2527
411042,413569,413574,5,2527
411042,413516,413573,57,2474
411042,413569,413573,4,2527
411042,413569,413574,5,2527
411042,413570,413574,4,2528
411042,413569,413575,6,2527
411042,413570,413574,4,2528
411042,413570,413576,6,2528
411042,413516,413576,60,2474
411042,413571,413577,6,2529
411042,413507,413578,71,2465
411042,413519,413579,60,2477
411042,413518,413581,63,2476
411042,413523,413581,58,2481
411042,413546,413582,36,2504
411042,413521,413585,64,2479
411042,413524,413585,61,2482
411042,413516,413587,71,2474
411042,413523,413593,70,2481
411042,413528,413595,67,2486
411042,413529,413596,67,2487
411042,413528,413598,70,2486
411042,413539,413601,62,2497
411042,413524,413603,79,2482
411042,413535,413605,70,2493
411042,413533,413605,72,2491
411042,413536,413606,70,2494
411042,413532,413608,76,2490
411042,413535,413608,73,2493
411042,413533,413608,75,2491
411042,413543,413610,67,2501
411251,413610,413616,6,2359
411251,413572,413617,45,2321
411251,413608,413619,11,2357
411251,413616,413619,3,2365
411251,413574,413620,46,2323
411251,413617,413619,2,2366
411251,413606,413621,15,2355
411251,413608,413621,13,2357
411251,413619,413621,2,2368
411251,413574,413622,48,2323
411251,413574,413621,47,2323
411251,413620,413622,2,2369
411251,413619,413622,3,2368
411251,413574,413623,49,2323
411251,413621,413623,2,2370
411251,413572,413622,50,2321
411251,413576,413622,46,2325
411251,413621,413622,1,2370
411251,413622,413623,1,2371
411251,413573,413623,50,2322
411251,413622,413623,1,2371
411251,413622,413623,1,2371
411251,413576,413624,48,2325
411251,413621,413624,3,2370
411251,413621,413624,3,2370
411251,413622,413625,3,2371
411251,413623,413625,2,2372
411251,413623,413625,2,2372
411251,413623,413624,1,2372
411251,413624,413626,2,2373
411251,413605,413626,21,2354
411251,413623,413625,2,2372
411251,413623,413625,2,2372
411251,413623,413625,2,2372
411251,413624,413626,2,2373
411251,413624,413625,1,2373
411251,413624,413625,1,2373
411251,413624,413625,1,2373
411251,413579,413627,48,2328
411251,413586,413626,40,2335
411251,413581,413626,45,2330
411251,413576,413628,52,2325
411251,413608,413628,20,2357
411251,413624,413628,4,2373
411251,413577,413628,51,2326
411251,413625,413630,5,2374
411251,413625,413629,4,2374
411251,413578,413630,52,2327
411251,413573,413632,59,2322
411251,413581,413633,52,2330
411251,413582,413634,52,2331
411251,413585,413634,49,2334
411251,413574,413635,61,2323
411251,413575,413638,63,2324
411251,413635,413642,7,2384
411251,413627,413643,16,2376
411251,413587,413644,57,2336
411251,413629,413646,17,2378
411251,413596,413646,50,2345
411251,413598,413647,49,2347
411251,413627,413647,20,2376
411251,413625,413650,25,2374
411251,413601,413651,50,2350
411251,413603,413652,49,2352
411251,413593,413653,60,2342
411251,413595,413653,58,2344
411251,413632,413656,24,2381
411251,413605,413657,52,2354
411251,413633,413658,25,2382
411251,413627,413659,32,2376
411251,413627,413661,34,2376
411251,413643,413662,19,2392
411251,413646,413663,17,2395
411251,413627,413664,37,2376
411251,413626,413664,38,2375
411251,413630,413666,36,2379
411251,413642,413668,26,2391
411251,413628,413669,41,2377
411251,413647,413672,25,2396
411251,413634,413675,41,2383
411251,413626,413676,50,2375
411251,413659,413677,18,2408
410178,412875,413677,802,2697
411251,413626,413678,52,2375
411251,413627,413677,50,2376
411251,413626,413679,53,2375
411251,413629,413679,50,2378
411251,413651,413680,29,2400
411251,413626,413683,57,2375
411251,413627,413683,56,2376
411251,413630,413683,53,2379
411251,413634,413685,51,2383
411251,413630,413685,55,2379
411251,413664,413686,22,2413
411251,413661,413687,26,2410
411251,413626,413688,62,2375
411251,413652,413688,36,2401
411251,413646,413689,43,2395
411251,413628,413690,62,2377
411251,413687,413692,5,2436
411251,413644,413692,48,2393
411251,413638,413694,56,2387
411251,413669,413694,25,2418
411251,413688,413694,6,2437
411251,413689,413694,5,2438
411251,413689,413695,6,2438
411251,413673,413696,23,2422
411251,413690,413697,7,2439
411251,413648,413697,49,2397
411251,413668,413698,30,2417
411251,413692,413698,6,2441
411251,413694,413699,5,2443
411251,413695,413699,4,2444
411251,413694,413699,5,2443
411251,413692,413699,7,2441
411251,413694,413700,6,2443
411251,413694,413700,6,2443
411251,413697,413701,4,2446
411251,413696,413701,5,2445
411251,413698,413702,4,2447
411251,413677,413701,24,2426
411251,413697,413703,6,2446
411251,413650,413704,54,2399
411251,413699,413704,5,2448
411251,413699,413704,5,2448
411251,413699,413704,5,2448
411251,413699,413705,6,2448
411251,413702,413705,3,2451
411251,413653,413705,52,2402
411251,413699,413704,5,2448
411251,413678,413706,28,2427
411251,413701,413705,4,2450
411251,413701,413707,6,2450
411251,413686,413707,21,2435
411251,413700,413707,7,2449
411251,413702,413707,5,2451
411251,413701,413707,6,2450
411251,413663,413709,46,2412
411251,413686,413708,22,2435
411251,413704,413710,6,2453
411251,413704,413710,6,2453
411251,413703,413711,8,2452
411251,413675,413713,38,2424
411251,413704,413714,10,2453
411251,413658,413714,56,2407
411251,413662,413716,54,2411
411251,413666,413720,54,2415
411251,413664,413721,57,2413
411251,413656,413721,65,2405
411251,413653,413724,71,2402
411251,413657,413727,70,2406
411251,413676,413727,51,2425
411251,413677,413732,55,2426
411251,413678,413735,57,2427
411251,413679,413735,56,2428
411251,413685,413738,53,2434
411251,413683,413741,58,2432
411251,413680,413744,64,2429
411275,413705,413745,40,2430
411275,413707,413745,38,2432
411251,413684,413747,63,2433
411251,413683,413753,70,2432
411251,413679,413755,76,2428
411275,413706,413756,50,2431
411275,413707,413760,53,2432
411275,413705,413761,56,2430
411275,413707,413761,54,2432
411275,413705,413764,59,2430
411275,413709,413765,56,2434
411275,413706,413765,59,2431
411275,413707,413766,59,2432
411275,413707,413768,61,2432
411275,413714,413769,55,2439
411275,413709,413770,61,2434
411275,413705,413771,66,2430
411275,413716,413773,57,2441
411275,413713,413775,62,2438
411275,413756,413777,21,2481
411275,413714,413780,66,2439
411275,413710,413781,71,2435
411275,413710,413783,73,2435
411275,413721,413783,62,2446
411275,413727,413783,56,2452
411275,413765,413786,21,2490
411275,413711,413787,76,2436
411275,413765,413789,24,2490
411275,413722,413789,67,2447
411275,413762,413789,27,2487
411275,413735,413790,55,2460
411275,413764,413791,27,2489
411275,413732,413790,58,2457
411275,413741,413791,50,2466
411275,413766,413790,24,2491
411275,413769,413792,23,2494
411275,413761,413791,30,2486
411275,413724,413794,70,2449
411275,413721,413794,73,2446
411275,413760,413795,35,2485
411275,413727,413795,68,2452
411275,413768,413795,27,2493
411275,413770,413798,28,2495
411275,413773,413799,26,2498
411275,413771,413799,28,2496
411275,413736,413799,63,2461
411275,413745,413800,55,2470
411275,413746,413801,55,2471
411275,413753,413802,49,2478
411275,413738,413803,65,2463
411275,413778,413804,26,2503
411275,413755,413806,51,2480
411275,413744,413807,63,2469
411275,413747,413807,60,2472
411275,413775,413810,35,2500
411275,413783,413814,31,2508
411275,413782,413815,33,2507
411275,413780,413816,36,2505
411275,413786,413817,31,2511
411275,413783,413821,38,2508
411275,413783,413825,42,2508
411275,413787,413833,46,2512
411275,413789,413839,50,2514
411275,413791,413852,61,2516
411275,413789,413855,66,2514
411275,413792,413856,64,2517
411275,413790,413857,67,2515
411275,413791,413860,69,2516
411275,413799,413862,63,2524
411275,413799,413861,62,2524
411275,413791,413864,73,2516
411275,413801,413864,63,2526
411275,413789,413865,76,2514
411275,413795,413865,70,2520
411275,413791,413866,75,2516
411275,413800,413866,66,2525
411275,413814,413867,53,2539
411275,413795,413870,75,2520
411275,413804,413870,66,2529
411275,413803,413871,68,2528
411275,413794,413871,77,2519
411275,413793,413871,78,2518
411275,413795,413877,82,2520
411275,413798,413879,81,2523
411275,413794,413879,85,2519
411275,413807,413881,74,2532
411275,413799,413881,82,2524
411275,413802,413883,81,2527
411275,413817,413883,66,2542
411275,413821,413886,65,2546
411275,413808,413889,81,2533
411275,413816,413890,74,2541
411275,413806,413894,88,2531
411275,413810,413895,85,2535
411275,413862,413899,37,2587
411275,413862,413901,39,2587
411275,413815,413901,86,2540
411275,413825,413906,81,2550
411275,413839,413912,73,2564
411275,413833,413912,79,2558
411275,413852,413914,62,2577
411275,413864,413923,59,2589
411275,413857,413923,66,2582
411275,413856,413927,71,2581
411275,413925,413928,3,2650
411275,413866,413929,63,2591
411275,413870,413929,59,2595
411275,413860,413929,69,2585
411275,413923,413930,7,2648
411275,413927,413930,3,2652
411275,413929,413931,2,2654
411275,413865,413931,66,2590
411275,413928,413930,2,2653
411275,413929,413931,2,2654
411275,413930,413932,2,2655
411275,413931,413933,2,2656
411275,413931,413933,2,2656
411275,413932,413933,1,2657
411275,413867,413934,67,2592
411275,413931,413933,2,2656
411275,413932,413934,2,2657
411275,413931,413933,2,2656
411275,413931,413933,2,2656
411275,413871,413934,63,2596
411275,413933,413935,2,2658
411275,413914,413934,20,2639
411275,413933,413935,2,2658
411275,413933,413936,3,2658
411275,413934,413936,2,2659
411275,413934,413936,2,2659
411275,413934,413937,3,2659
411275,413934,413936,2,2659
411275,413934,413936,2,2659
411275,413934,413936,2,2659
411275,413864,413938,74,2589
411275,413936,413938,2,2661
411275,413935,413938,3,2660
411275,413935,413937,2,2660
411275,413936,413938,2,2661
411275,413856,413938,82,2581
411275,413865,413940,75,2590
411275,413871,413944,73,2596
411275,413879,413946,67,2604
411275,413877,413947,70,2602
411275,413883,413947,64,2608
411275,413866,413949,83,2591
411275,413871,413950,79,2596
411275,413881,413950,69,2606
411275,413886,413954,68,2611
411275,413883,413954,71,2608
411275,413870,413956,86,2595
411275,413879,413959,80,2604
411275,413890,413960,70,2615
411275,413899,413961,62,2624
411275,413912,413961,49,2637
411275,413889,413963,74,2614
411275,413882,413963,81,2607
411275,413901,413972,71,2626
411275,413901,413972,71,2626
411275,413894,413976,82,2619
411409,413937,413982,45,2528
411275,413896,413985,89,2621
411409,413937,413984,47,2528
411409,413937,413987,50,2528
411409,413938,413987,49,2529
411409,413938,413987,49,2529
411409,413939,413990,51,2530
411409,413938,413991,53,2529
411409,413937,413991,54,2528
411275,413906,413992,86,2631
411409,413938,413993,55,2529
411409,413991,413993,2,2582
411409,413987,413994,7,2578
411409,413991,413994,3,2582
411275,413912,413994,82,2637
411409,413990,413993,3,2581
411409,413987,413995,8,2578
411409,413993,413995,2,2584
411409,413992,413995,3,2583
411409,413993,413996,3,2584
411409,413937,413996,59,2528
411409,413994,413997,3,2585
411409,413996,413998,2,2587
411409,413994,413998,4,2585
411409,413994,413997,3,2585
411409,413995,413998,3,2586
411409,413994,413997,3,2585
411409,413996,413999,3,2587
411409,413997,413999,2,2588
411409,413996,413998,2,2587
411409,413996,413999,3,2587
411409,413998,414000,2,2589
411409,413998,414001,3,2589
411409,413998,414001,3,2589
411409,413998,414001,3,2589
411409,413998,414001,3,2589
411409,413987,414001,14,2578
411409,413947,414005,58,2538
411409,413999,414005,6,2590
411409,413944,414007,63,2535
411409,413939,414006,67,2530
411409,413946,414008,62,2537
411409,413940,414007,67,2531
411409,413999,414008,9,2590
411409,413986,414008,22,2577
411409,413947,414010,63,2538
411409,413954,414014,60,2545
411409,413959,414014,55,2550
411409,413950,414016,66,2541
411409,413950,414016,66,2541
411409,413954,414018,64,2545
411409,413961,414018,57,2552
411409,413949,414020,71,2540
411409,413999,414020,21,2590
411409,413963,414021,58,2554
411409,414000,414022,22,2591
411409,413956,414027,71,2547
411409,413982,414028,46,2573
411409,413973,414029,56,2564
411409,413962,414030,68,2553
411409,413960,414030,70,2551
411409,413963,414032,69,2554
411409,413985,414036,51,2576
411409,413973,414040,67,2564
411409,413976,414040,64,2567
411409,414000,414040,40,2591
411409,414001,414059,58,2592
411409,414001,414063,62,2592
411409,414008,414071,63,2599
411409,414001,414072,71,2592
411409,414001,414075,74,2592
411409,414002,414075,73,2593
411409,414009,414078,69,2600
411409,414007,414083,76,2598
411409,414008,414084,76,2599
411409,414011,414084,73,2602
411409,414005,414084,79,2596
411409,414005,414084,79,2596
411409,414007,414084,77,2598
411409,414020,414086,66,2611
411409,414014,414086,72,2605
411409,414022,414087,65,2613
411409,414016,414088,72,2607
411409,414014,414088,74,2605
411409,414018,414088,70,2609
411409,414008,414092,84,2599
411409,414040,414096,56,2631
411409,414016,414100,84,2607
411409,414018,414102,84,2609
411409,414028,414103,75,2619
411409,414020,414104,84,2611
411409,414036,414105,69,2627
411409,414040,414106,66,2631
411409,414021,414105,84,2612
411409,414031,414107,76,2622
411409,414030,414109,79,2621
411409,414029,414109,80,2620
411409,414032,414114,82,2623
411409,414040,414115,75,2631
411409,414088,414115,27,2679
411409,414027,414117,90,2618
411409,414063,414126,63,2654
411409,414071,414133,62,2662
411409,414059,414137,78,2650
411409,414072,414137,65,2663
411409,414137,414139,2,2728
411409,414137,414141,4,2728
411409,414139,414142,3,2730
411409,414133,414142,9,2724
411409,414142,414144,2,2733
411409,414141,414144,3,2732
411409,414075,414144,69,2666
411409,414089,414145,56,2680
411409,414142,414144,2,2733
411409,414144,414146,2,2735
411409,414144,414146,2,2735
411409,414126,414145,19,2717
411409,414144,414147,3,2735
411409,414145,414147,2,2736
411409,414146,414148,2,2737
411409,414145,414148,3,2736
411409,414146,414148,2,2737
411409,414146,414148,2,2737
411409,414147,414149,2,2738
411409,414147,414149,2,2738
411409,414148,414150,2,2739
411409,414148,414150,2,2739
411409,414106,414151,45,2697
411409,414148,414150,2,2739
411409,414149,414151,2,2740
411409,414084,414150,66,2675
411409,414150,414152,2,2741
411409,414150,414152,2,2741
411409,414088,414152,64,2679
411409,414075,414151,76,2666
411409,414149,414152,3,2740
411409,414086,414153,67,2677
411409,414078,414153,75,2669
411409,414150,414152,2,2741
411409,414151,414153,2,2742
411409,414151,414154,3,2742
411409,414084,414155,71,2675
411409,414115,414156,41,2706
411409,414087,414157,70,2678
411409,414083,414161,78,2674
411409,414085,414162,77,2676
411409,414096,414164,68,2687
411409,414084,414164,80,2675
411409,414115,414165,50,2706
411409,414085,414168,83,2676
411409,414088,414170,82,2679
411409,414102,414171,69,2693
411409,414106,414173,67,2697
411409,414103,414173,70,2694
411409,414092,414177,85,2683
411409,414104,414177,73,2695
411409,414105,414180,75,2696
411409,414100,414180,80,2691
411409,414114,414183,69,2705
411409,414109,414189,80,2700
411903,414153,414191,38,2250
411409,414107,414193,86,2698
411409,414109,414195,86,2700
411903,414152,414196,44,2249
411903,414173,414197,24,2270
411903,414153,414197,44,2250
411903,414197,414199,2,2294
411903,414198,414200,2,2295
411903,414196,414200,4,2293
411903,414153,414200,47,2250
411903,414152,414201,49,2249
411903,414200,414201,1,2297
411903,414200,414202,2,2297
411409,414117,414202,85,2708
411903,414200,414202,2,2297
411903,414201,414202,1,2298
411903,414201,414203,2,2298
411903,414153,414202,49,2250
411903,414202,414203,1,2299
411903,414202,414203,1,2299
411903,414202,414204,2,2299
411903,414202,414204,2,2299
411903,414202,414204,2,2299
411903,414152,414204,52,2249
411903,414203,414205,2,2300
411903,414203,414205,2,2300
411903,414203,414206,3,2300
411903,414203,414205,2,2300
411903,414204,414206,2,2301
411903,414204,414206,2,2301
411903,414195,414206,11,2292
411903,414205,414207,2,2302
411903,414204,414207,3,2301
411903,414204,414206,2,2301
411903,414206,414208,2,2303
411903,414206,414207,1,2303
411903,414206,414208,2,2303
411903,414206,414208,2,2303
411903,414206,414208,2,2303
411903,414207,414209,2,2304
411903,414206,414208,2,2303
411903,414207,414210,3,2304
411903,414191,414210,19,2288
411903,414181,414210,29,2278
411903,414193,414210,17,2290
411903,414207,414211,4,2304
411903,414154,414212,58,2251
411903,414180,414213,33,2277
411903,414157,414214,57,2254
411903,414164,414215,51,2261
411903,414152,414215,63,2249
411903,414155,414216,61,2252
411903,414166,414219,53,2263
411903,414152,414220,68,2249
411903,414152,414221,69,2249
411903,414162,414221,59,2259
411903,414173,414225,52,2270
411903,414156,414226,70,2253
411903,414162,414227,65,2259
411903,414164,414227,63,2261
411903,414168,414227,59,2265
411903,414171,414229,58,2268
411903,414177,414231,54,2274
411903,414210,414233,23,2307
411903,414170,414233,63,2267
411903,414209,414234,25,2306
411903,414208,414235,27,2305
411903,414189,414235,46,2286
411903,414177,414240,63,2274
411903,414209,414240,31,2306
411903,414183,414246,63,2280
411903,414214,414259,45,2311
411903,414208,414263,55,2305
411903,414211,414266,55,2308
411903,414213,414267,54,2310
411903,414231,414267,36,2328
411903,414209,414271,62,2306
411903,414221,414271,50,2318
411903,414208,414270,62,2305
411903,414210,414270,60,2307
411903,414215,414272,57,2312
411903,414208,414274,66,2305
411903,414210,414278,68,2307
411903,414215,414279,64,2312
411903,414212,414282,70,2309
411903,414225,414284,59,2322
411903,414220,414284,64,2317
411903,414210,414285,75,2307
411903,414216,414289,73,2313
411903,414227,414292,65,2324
411903,414226,414295,69,2323
411903,414227,414296,69,2324
411903,414221,414297,76,2318
411903,414227,414299,72,2324
411903,414220,414300,80,2317
411903,414240,414300,60,2337
411903,414233,414302,69,2330
411903,414229,414302,73,2326
411903,414235,414304,69,2332
410309,413044,414305,1261,2735
411903,414246,414308,62,2343
411903,414236,414310,74,2333
411903,414233,414311,78,2330
411903,414234,414313,79,2331
411903,414240,414316,76,2337
411903,414259,414317,58,2356
411903,414271,414318,47,2368
411903,414318,414322,4,2415
411903,414318,414323,5,2415
411903,414271,414326,55,2368
411903,414266,414327,61,2363
411903,414324,414328,4,2421
411903,414263,414327,64,2360
411903,414322,414329,7,2419
411903,414326,414331,5,2423
411903,414328,414331,3,2425
411903,414327,414331,4,2424
411903,414329,414332,3,2426
411903,414328,414331,3,2425
411903,414267,414333,66,2364
411903,414271,414332,61,2368
411903,414316,414334,18,2413
411903,414331,414334,3,2428
411903,414274,414334,60,2371
411903,414331,414335,4,2428
411903,414331,414334,3,2428
411903,414332,414335,3,2429
411903,414332,414335,3,2429
411903,414271,414336,65,2368
411903,414334,414337,3,2431
411903,414333,414337,4,2430
411903,414334,414336,2,2431
411903,414334,414338,4,2431
411903,414284,414338,54,2381
411903,414334,414338,4,2431
411903,414335,414338,3,2432
411903,414313,414339,26,2410
411903,414279,414339,60,2376
411903,414335,414339,4,2432
411903,414336,414340,4,2433
411903,414336,414340,4,2433
411903,414337,414340,3,2434
411903,414337,414342,5,2434
411903,414273,414342,69,2370
411903,414282,414345,63,2379
411903,414267,414345,78,2364
411903,414286,414348,62,2383
411903,414312,414348,36,2409
411903,414278,414351,73,2375
411903,414286,414352,66,2383
411903,414290,414359,69,2387
411903,414310,414360,50,2407
411903,414300,414361,61,2397
411903,414305,414365,60,2402
411903,414292,414367,75,2389
411903,414295,414368,73,2392
412050,414339,414368,29,2289
411903,414304,414369,65,2401
411903,414297,414370,73,2394
411903,414299,414370,71,2396
411903,414296,414372,76,2393
411903,414302,414372,70,2399
411903,414302,414375,73,2399
411903,414300,414378,78,2397
412050,414338,414378,40,2288
412050,414339,414380,41,2289
412050,414338,414379,41,2288
412050,414378,414382,4,2328
412050,414380,414382,2,2330
412050,414380,414382,2,2330
412050,414383,414384,1,2333
412050,414382,414383,1,2332
412050,414340,414384,44,2290
412050,414383,414385,2,2333
412050,414384,414386,2,2334
412050,414384,414386,2,2334
412050,414385,414387,2,2335
412050,414385,414387,2,2335
412050,414386,414388,2,2336
412050,414387,414389,2,2337
412050,414388,414390,2,2338
412050,414387,414389,2,2337
412050,414387,414389,2,2337
412050,414375,414390,15,2325
412050,414389,414391,2,2339
412050,414338,414391,53,2288
412050,414346,414391,45,2296
412050,414378,414390,12,2328
412050,414390,414392,2,2340
411903,414308,414393,85,2405
412050,414391,414393,2,2341
412050,414390,414393,3,2340
412050,414390,414392,2,2340
412050,414390,414392,2,2340
412050,414391,414392,1,2341
412050,414391,414394,3,2341
412050,414342,414394,52,2292
412050,414340,414393,53,2290
412050,414392,414393,1,2342
412050,414393,414394,1,2343
412050,414392,414395,3,2342
412050,414338,414395,57,2288
412050,414393,414396,3,2343
412050,414345,414395,50,2295
412050,414393,414396,3,2343
412050,414338,414397,59,2288
412050,414393,414396,3,2343
412050,414393,414396,3,2343
412050,414393,414397,4,2343
412050,414348,414399,51,2298
412050,414339,414399,60,2289
412050,414342,414399,57,2292
412050,414341,414401,60,2291
412050,414369,414403,34,2319
412050,414361,414404,43,2311
412050,414370,414406,36,2320
412050,414351,414408,57,2301
412050,414352,414410,58,2302
412050,414372,414413,41,2322
412050,414348,414415,67,2298
412050,414372,414418,46,2322
412050,414359,414419,60,2309
412050,414368,414419,51,2318
412050,414397,414421,24,2347
412050,414368,414422,54,2318
412050,414360,414422,62,2310
412050,414370,414422,52,2320
412050,414368,414426,58,2318
412050,414365,414426,61,2315
412050,414404,414429,25,2354
412050,414399,414430,31,2349
412050,414399,414433,34,2349
412050,414401,414440,39,2351
412050,414394,414440,46,2344
412050,414422,414451,29,2372
412050,414395,414452,57,2345
412050,414394,414452,58,2344
412050,414396,414454,58,2346
412050,414398,414455,57,2348
412050,414403,414454,51,2353
412050,414394,414456,62,2344
412050,414394,414457,63,2344
412050,414395,414457,62,2345
412050,414396,414468,72,2346
412050,414422,414469,47,2372
412050,414397,414469,72,2347
412050,414406,414468,62,2356
412050,414395,414471,76,2345
412050,414397,414471,74,2347
412050,414399,414473,74,2349
412050,414426,414473,47,2376
412050,414422,414472,50,2372
412050,414426,414474,48,2376
412050,414408,414477,69,2358
410590,413221,414478,1257,2631
412050,414396,414477,81,2346
412050,414477,414479,2,2427
412050,414410,414480,70,2360
412050,414478,414481,3,2428
412050,414478,414481,3,2428
412050,414413,414482,69,2363
412050,414421,414482,61,2371
412050,414456,414489,33,2406
412050,414415,414489,74,2365
412050,414432,414491,59,2382
412050,414456,414492,36,2406
412050,414429,414493,64,2379
412050,414418,414497,79,2368
412050,414419,414498,79,2369
412050,414433,414498,65,2383
412050,414419,414498,79,2369
412050,414451,414499,48,2401
412050,414458,414498,40,2408
412050,414493,414498,5,2443
412050,414499,414501,2,2449
412050,414499,414502,3,2449
412050,414498,414502,4,2448
412050,414499,414503,4,2449
412050,414499,414503,4,2449
412050,414440,414502,62,2390
412050,414491,414502,11,2441
412050,414499,414502,3,2449
412050,414498,414503,5,2448
412050,414501,414503,2,2451
412050,414492,414505,13,2442
412050,414502,414505,3,2452
412050,414502,414504,2,2452
412050,414503,414506,3,2453
412050,414503,414506,3,2453
412050,414504,414506,2,2454
412050,414504,414507,3,2454
412050,414479,414507,28,2429
412050,414503,414506,3,2453
412050,414504,414506,2,2454
412050,414505,414508,3,2455
412050,414504,414507,3,2454
412050,414506,414509,3,2456
412050,414505,414509,4,2455
412050,414505,414508,3,2455
412050,414506,414510,4,2456
412050,414506,414510,4,2456
412050,414507,414511,4,2457
412050,414454,414512,58,2404
412050,414489,414512,23,2439
412050,414440,414512,72,2390
412050,414452,414513,61,2402
412050,414481,414513,32,2431
412050,414452,414513,61,2402
412050,414457,414513,56,2407
412050,414456,414517,61,2406
411042,413571,414519,948,2529
412050,414482,414520,38,2432
412050,414469,414523,54,2419
412050,414469,414537,68,2419
412050,414469,414539,70,2419
412050,414473,414539,66,2423
412050,414474,414539,65,2424
412083,414517,414543,26,2434
412083,414514,414544,30,2431
412050,414480,414545,65,2430
412050,414468,414545,77,2418
412050,414489,414545,56,2439
412050,414471,414548,77,2421
410825,413383,414549,1166,2558
412050,414471,414552,81,2421
412050,414482,414552,70,2432
412083,414508,414553,45,2425
412083,414508,414554,46,2425
412050,414473,414556,83,2423
412083,414553,414556,3,2470
412083,414509,414556,47,2426
412083,414555,414557,2,2472
412050,414473,414557,84,2423
412083,414552,414558,6,2469
412083,414549,414558,9,2466
412083,414556,414559,3,2473
412083,414557,414559,2,2474
412083,414519,414559,40,2436
412083,414557,414558,1,2474
412083,414556,414559,3,2473
412083,414557,414560,3,2474
412083,414510,414559,49,2427
412083,414559,414561,2,2476
412083,414559,414561,2,2476
412083,414559,414561,2,2476
412083,414558,414561,3,2475
412083,414509,414560,51,2426
412083,414559,414560,1,2476
412083,414558,414560,2,2475
412083,414560,414562,2,2477
412083,414510,414563,53,2427
412083,414561,414563,2,2478
412083,414513,414563,50,2430
412083,414561,414563,2,2478
412050,414481,414563,82,2431
412083,414560,414562,2,2477
412083,414560,414562,2,2477
412083,414512,414564,52,2429
412083,414561,414563,2,2478
412083,414561,414563,2,2478
412083,414562,414564,2,2479
412083,414561,414564,3,2478
412083,414512,414564,52,2429
412083,414561,414564,3,2478
412083,414552,414563,11,2469
412083,414563,414565,2,2480
412083,414511,414564,53,2428
412083,414562,414564,2,2479
412083,414563,414565,2,2480
412083,414563,414565,2,2480
412083,414563,414565,2,2480
412083,414564,414567,3,2481
412083,414563,414567,4,2480
412083,414513,414567,54,2430
412083,414513,414567,54,2430
412083,414508,414568,60,2425
412083,414513,414571,58,2430
412083,414564,414574,10,2481
412083,414520,414575,55,2437
412083,414509,414577,68,2426
412083,414564,414577,13,2481
412083,414548,414577,29,2465
412083,414507,414578,71,2424
412083,414543,414583,40,2460
412083,414546,414584,38,2463
412083,414564,414587,23,2481
412083,414537,414588,51,2454
412083,414523,414591,68,2440
412083,414544,414592,48,2461
412083,414545,414592,47,2462
412083,414546,414593,47,2463
412083,414539,414595,56,2456
412083,414539,414600,61,2456
412083,414540,414601,61,2457
411252,413704,414603,899,2452
412083,414583,414605,22,2500
412083,414564,414604,40,2481
412083,414567,414614,47,2484
412083,414566,414620,54,2483
412083,414565,414621,56,2482
412083,414565,414624,59,2482
412083,414568,414624,56,2485
412083,414564,414626,62,2481
412083,414564,414629,65,2481
412083,414567,414629,62,2484
412083,414564,414630,66,2481
412083,414565,414631,66,2482
412083,414587,414632,45,2504
412083,414564,414632,68,2481
412083,414584,414632,48,2501
412083,414567,414633,66,2484
412083,414566,414634,68,2483
412083,414569,414637,68,2486
412083,414575,414638,63,2492
412083,414567,414638,71,2484
412083,414565,414640,75,2482
412083,414577,414641,64,2494
412083,414571,414644,73,2488
412083,414592,414645,53,2509
412083,414574,414645,71,2491
412083,414578,414648,70,2495
412083,414577,414649,72,2494
412083,414579,414649,70,2496
412083,414593,414653,60,2510
412083,414591,414655,64,2508
412083,414595,414656,61,2512
412083,414593,414658,65,2510
412083,414588,414663,75,2505
412083,414605,414664,59,2522
412083,414603,414666,63,2520
412083,414658,414666,8,2575
412083,414625,414666,41,2542
412083,414637,414666,29,2554
412083,414605,414667,62,2522
412083,414663,414669,6,2580
412083,414664,414669,5,2581
412083,414667,414670,3,2584
412083,414600,414670,70,2517
412083,414666,414671,5,2583
412083,414601,414671,70,2518
412083,414666,414670,4,2583
412083,414666,414672,6,2583
412083,414656,414672,16,2573
412083,414669,414673,4,2586
412083,414666,414672,6,2583
412083,414669,414673,4,2586
412083,414670,414674,4,2587
412083,414670,414675,5,2587
412083,414672,414675,3,2589
412083,414671,414675,4,2588
412083,414671,414674,3,2588
412083,414672,414677,5,2589
412083,414673,414677,4,2590
412083,414672,414676,4,2589
412083,414656,414677,21,2573
412083,414674,414677,3,2591
412083,414673,414677,4,2590
412083,414621,414678,57,2538
412083,414674,414679,5,2591
412083,414675,414680,5,2592
412083,414626,414680,54,2543
412083,414675,414680,5,2592
412083,414620,414681,61,2537
412083,414676,414680,4,2593
412083,414676,414681,5,2593
412083,414677,414684,7,2594
412083,414629,414686,57,2546
412083,414624,414687,63,2541
412083,414632,414690,58,2549
412083,414614,414691,77,2531
412083,414632,414692,60,2549
412083,414638,414696,58,2555
412083,414631,414699,68,2548
412083,414629,414702,73,2546
412083,414645,414702,57,2562
412083,414641,414702,61,2558
412083,414634,414703,69,2551
412083,414638,414705,67,2555
412083,414632,414706,74,2549
412083,414630,414706,76,2547
412083,414633,414707,74,2550
412083,414640,414710,70,2557
412083,414648,414712,64,2565
412083,414653,414713,60,2570
412083,414645,414713,68,2562
412083,414649,414714,65,2566
412083,414644,414718,74,2561
412083,414649,414718,69,2566
412162,414718,414721,3,2556
412162,414718,414723,5,2556
412162,414722,414724,2,2560
412162,414723,414725,2,2561
412162,414714,414726,12,2552
412162,414724,414727,3,2562
412162,414681,414727,46,2519
412162,414725,414727,2,2563
412162,414726,414729,3,2564
412162,414680,414729,49,2518
412162,414727,414729,2,2565
412162,414681,414729,48,2519
412162,414678,414730,52,2516
412162,414727,414729,2,2565
412162,414728,414730,2,2566
412162,414729,414731,2,2567
412162,414729,414731,2,2567
412162,414729,414731,2,2567
412162,414729,414731,2,2567
412162,414730,414733,3,2568
412162,414731,414733,2,2569
412162,414730,414732,2,2568
412162,414730,414732,2,2568
412162,414731,414732,1,2569
412162,414681,414733,52,2519
412162,414731,414734,3,2569
412162,414731,414734,3,2569
412162,414680,414735,55,2518
412162,414687,414734,47,2525
412162,414733,414734,1,2571
412162,414733,414735,2,2571
412162,414734,414735,1,2572
412162,414734,414736,2,2572
412162,414734,414736,2,2572
412162,414680,414736,56,2518
412162,414734,414736,2,2572
412162,414734,414737,3,2572
412162,414734,414736,2,2572
412162,414735,414738,3,2573
412162,414690,414737,47,2528
412162,414679,414739,60,2517
412162,414677,414739,62,2515
412162,414735,414740,5,2573
412162,414713,414740,27,2551
412162,414705,414739,34,2543
412162,414678,414740,62,2516
412162,414678,414741,63,2516
412162,414678,414741,63,2516
412162,414692,414743,51,2530
412162,414684,414743,59,2522
412162,414696,414744,48,2534
412162,414686,414749,63,2524
412162,414706,414750,44,2544
412162,414703,414751,48,2541
412162,414702,414750,48,2540
412162,414691,414755,64,2529
412162,414712,414756,44,2550
412162,414713,414760,47,2551
412162,414707,414762,55,2545
412162,414735,414763,28,2573
412162,414702,414764,62,2540
412162,414711,414765,54,2549
412162,414699,414767,68,2537
412162,414706,414767,61,2544
412162,414704,414767,63,2542
412162,414737,414768,31,2575
412162,414735,414776,41,2573
412162,414736,414789,53,2574
412162,414738,414794,56,2576
412162,414736,414794,58,2574
412162,414738,414796,58,2576
412162,414741,414797,56,2579
412162,414744,414801,57,2582
412162,414737,414803,66,2575
412162,414743,414803,60,2581
412162,414740,414803,63,2578
412162,414736,414804,68,2574
412162,414749,414804,55,2587
412162,414751,414804,53,2589
412162,414740,414806,66,2578
412162,414739,414807,68,2577
412162,414736,414808,72,2574
412162,414740,414808,68,2578
412162,414740,414810,70,2578
412162,414751,414812,61,2589
412162,414736,414813,77,2574
412162,414739,414813,74,2577
412162,414744,414817,73,2582
412162,414741,414821,80,2579
412162,414755,414825,70,2593
412162,414750,414826,76,2588
412162,414763,414828,65,2601
412162,414768,414830,62,2606
412162,414760,414831,71,2598
412162,414764,414833,69,2602
412162,414756,414834,78,2594
412162,414765,414837,72,2603
412162,414767,414837,70,2605
412162,414762,414838,76,2600
412162,414767,414839,72,2605
412162,414767,414844,77,2605
412162,414805,414844,39,2643
412162,414776,414848,72,2614
412162,414830,414848,18,2668
412162,414844,414850,6,2682
412162,414844,414851,7,2682
412162,414848,414852,4,2686
412162,414839,414852,13,2677
412162,414850,414853,3,2688
412162,414848,414853,5,2686
412162,414789,414853,64,2627
412162,414851,414855,4,2689
412162,414794,414855,61,2632
412162,414853,414855,2,2691
412162,414852,414856,4,2690
412162,414796,414855,59,2634
412162,414852,414855,3,2690
412162,414853,414856,3,2691
412162,414794,414857,63,2632
412162,414854,414857,3,2692
412162,414797,414857,60,2635
412162,414856,414858,2,2694
412162,414838,414858,20,2676
412162,414855,414858,3,2693
412162,414855,414857,2,2693
412162,414805,414858,53,2643
412162,414856,414860,4,2694
412162,414856,414859,3,2694
412162,414856,414859,3,2694
412162,414857,414860,3,2695
412162,414857,414860,3,2695
412162,414856,414861,5,2694
412162,414858,414861,3,2696
412162,414858,414862,4,2696
412162,414858,414862,4,2696
412162,414858,414863,5,2696
412162,414859,414863,4,2697
412162,414803,414864,61,2641
412162,414801,414864,63,2639
412162,414803,414865,62,2641
412162,414806,414867,61,2644
412162,414804,414871,67,2642
412162,414807,414873,66,2645
412162,414803,414874,71,2641
412162,414812,414875,63,2650
412162,414809,414881,72,2647
412162,414808,414881,73,2646
412162,414825,414882,57,2663
412162,414813,414884,71,2651
412162,414813,414886,73,2651
412162,414810,414888,78,2648
412162,414828,414888,60,2666
412162,414817,414891,74,2655
412162,414826,414893,67,2664
412162,414821,414893,72,2659
412162,414838,414895,57,2676
412162,414837,414901,64,2675
412162,414831,414903,72,2669
412162,414834,414905,71,2672
412162,414834,414907,73,2672
412575,414860,414907,47,2285
412575,414860,414908,48,2285
412575,414862,414909,47,2287
412575,414860,414909,49,2285
412575,414907,414909,2,2332
412575,414908,414910,2,2333
412575,414866,414909,43,2291
412575,414909,414910,1,2334
412575,414864,414911,47,2289
412575,414860,414911,51,2285
412575,414910,414912,2,2335
412575,414910,414912,2,2335
412575,414863,414911,48,2288
412575,414910,414911,1,2335
412575,414910,414911,1,2335
412575,414910,414912,2,2335
412575,414911,414913,2,2336
412575,414862,414913,51,2287
412575,414861,414913,52,2286
412575,414911,414914,3,2336
412575,414912,414914,2,2337
412575,414912,414914,2,2337
412575,414907,414914,7,2332
412575,414912,414914,2,2337
412575,414913,414915,2,2338
412575,414860,414914,54,2285
412575,414912,414914,2,2337
412575,414912,414914,2,2337
412575,414913,414914,1,2338
412575,414913,414914,1,2338
412575,414864,414915,51,2289
412575,414914,414916,2,2339
412575,414914,414916,2,2339
412575,414913,414915,2,2338
412575,414915,414917,2,2340
412575,414914,414916,2,2339
412575,414916,414917,1,2341
412575,414863,414918,55,2288
412575,414915,414918,3,2340
412575,414915,414918,3,2340
412575,414916,414918,2,2341
412575,414915,414917,2,2340
412575,414916,414918,2,2341
412575,414916,414919,3,2341
412575,414867,414919,52,2292
411275,413936,414920,984,2661
412575,414861,414921,60,2286
412575,414875,414922,47,2300
412575,414916,414922,6,2341
412575,414905,414924,19,2330
412575,414874,414925,51,2299
412575,414872,414927,55,2297
412575,414873,414928,55,2298
412575,414888,414929,41,2313
412575,414904,414933,29,2329
412575,414882,414934,52,2307
412575,414884,414934,50,2309
412575,414895,414935,40,2320
412575,414881,414935,54,2306
412575,414882,414935,53,2307
412575,414901,414938,37,2326
412575,414886,414939,53,2311
412575,414891,414942,51,2316
412575,414916,414943,27,2341
412575,414888,414943,55,2313
412575,414893,414947,54,2318
412575,414893,414952,59,2318
412575,414917,414967,50,2342
412575,414918,414969,51,2343
412575,414916,414970,54,2341
412575,414918,414970,52,2343
412575,414917,414971,54,2342
412575,414922,414972,50,2347
412575,414916,414973,57,2341
412575,414918,414973,55,2343
412575,414919,414974,55,2344
412575,414917,414974,57,2342
412575,414918,414974,56,2343
412575,414922,414977,55,2347
412575,414939,414978,39,2364
412575,414921,414978,57,2346
412575,414933,414980,47,2358
412575,414918,414981,63,2343
412575,414918,414984,66,2343
412575,414921,414984,63,2346
412575,414929,414985,56,2354
412575,414925,414986,61,2350
412575,414924,414987,63,2349
412575,414919,414989,70,2344
412575,414927,414990,63,2352
412575,414934,414995,61,2359
412575,414928,414998,70,2353
412575,414938,414998,60,2363
412575,414935,414999,64,2360
412575,414943,415001,58,2368
412575,414935,415001,66,2360
412575,414934,415002,68,2359
412575,414935,415007,72,2360
412575,414943,415008,65,2368
412575,414952,415009,57,2377
412575,414942,415011,69,2367
412575,414947,415011,64,2372
412575,415011,415017,6,2436
412575,415011,415020,9,2436
412575,414971,415021,50,2396
412575,414967,415021,54,2392
412575,415009,415022,13,2434
412575,414969,415023,54,2394
412575,415017,415025,8,2442
412575,415020,415025,5,2445
412575,414972,415025,53,2397
412575,414985,415025,40,2410
412575,414970,415026,56,2395
412575,415021,415028,7,2446
412575,415022,415028,6,2447
412575,414973,415029,56,2398
412575,415023,415029,6,2448
412575,415022,415029,7,2447
412575,415025,415029,4,2450
412575,415025,415030,5,2450
412575,415025,415031,6,2450
412575,414979,415030,51,2404
412575,414974,415031,57,2399
412575,415026,415031,5,2451
412575,415027,415032,5,2452
412575,415028,415032,4,2453
412575,415029,415033,4,2454
412575,414970,415033,63,2395
412575,415028,415033,5,2453
412575,415029,415033,4,2454
412575,414974,415034,60,2399
412575,414975,415033,58,2400
412575,415030,415034,4,2455
412575,414977,415034,57,2402
412575,415029,415035,6,2454
412575,415031,415036,5,2456
412575,415032,415036,4,2457
412575,415030,415036,6,2455
412575,415032,415037,5,2457
412575,415031,415037,6,2456
412575,415032,415037,5,2457
412575,414973,415038,65,2398
412575,415032,415040,8,2457
412575,414981,415042,61,2406
412575,414984,415044,60,2409
412575,414978,415044,66,2403
412575,414987,415045,58,2412
412575,414984,415046,62,2409
412575,414986,415048,62,2411
412575,414980,415048,68,2405
412575,414995,415055,60,2420
412575,414989,415055,66,2414
412575,415008,415058,50,2433
412575,415001,415058,57,2426
412575,414991,415060,69,2416
412575,414998,415061,63,2423
412575,414999,415061,62,2424
412575,415001,415066,65,2426
412575,415007,415068,61,2432
412575,414998,415069,71,2423
412575,415002,415069,67,2427
412622,415036,415072,36,2414
412622,415069,415075,6,2447
412622,415072,415075,3,2450
412622,415035,415077,42,2413
412622,415075,415077,2,2453
412622,415033,415078,45,2411
412622,415075,415077,2,2453
412622,415077,415079,2,2455
412622,415077,415079,2,2455
412622,415078,415080,2,2456
412622,415034,415080,46,2412
412622,415079,415081,2,2457
412622,415061,415081,20,2439
412622,415033,415081,48,2411
412622,415079,415080,1,2457
412622,415034,415082,48,2412
412622,415078,415081,3,2456
412622,415080,415082,2,2458
412622,415080,415081,1,2458
412622,415036,415083,47,2414
412622,415045,415083,38,2423
412622,415081,415082,1,2459
412622,415081,415083,2,2459
412622,415034,415083,49,2412
412622,415082,415084,2,2460
412622,415082,415084,2,2460
412622,415081,415083,2,2459
412622,415081,415083,2,2459
412622,415082,415085,3,2460
412622,415083,415085,2,2461
412622,415083,415085,2,2461
412622,415037,415085,48,2415
412622,415083,415085,2,2461
412622,415084,415086,2,2462
412622,415084,415085,1,2462
412622,415037,415086,49,2415
412622,415083,415086,3,2461
412622,415083,415086,3,2461
412622,415036,415087,51,2414
412622,415040,415087,47,2418
412622,415084,415086,2,2462
412622,415084,415086,2,2462
412622,415044,415086,42,2422
412622,415084,415087,3,2462
412622,415069,415088,19,2447
412622,415085,415088,3,2463
412622,415033,415088,55,2411
412622,415085,415087,2,2463
412622,415085,415089,4,2463
412622,415042,415093,51,2420
412622,415038,415093,55,2416
412622,415058,415094,36,2436
412622,415068,415097,29,2446
412622,415048,415099,51,2426
412622,415035,415098,63,2413
412622,415067,415102,35,2445
412622,415038,415102,64,2416
412622,415048,415102,54,2426
412622,415058,415105,47,2436
412622,415046,415107,61,2424
412622,415061,415107,46,2439
412622,415055,415109,54,2433
412622,415060,415111,51,2438
412622,415046,415112,66,2424
412622,415055,415114,59,2433
412622,415085,415125,40,2463
412622,415085,415140,55,2463
412622,415086,415141,55,2464
412622,415087,415142,55,2465
412622,415086,415143,57,2464
412622,415087,415145,58,2465
412622,415086,415145,59,2464
412622,415087,415146,59,2465
412622,415086,415146,60,2464
412622,415087,415145,58,2465
412622,415088,415150,62,2466
412622,415088,415150,62,2466
412622,415086,415150,64,2464
412622,415093,415151,58,2471
412622,415089,415153,64,2467
412622,415109,415155,46,2487
412622,415093,415155,62,2471
412622,415087,415156,69,2465
412622,415087,415156,69,2465
412622,415088,415159,71,2466
412622,415088,415161,73,2466
412622,415105,415162,57,2483
412622,415094,415166,72,2472
412622,415099,415167,68,2477
412622,415097,415167,70,2475
412622,415102,415171,69,2480
412622,415102,415173,71,2480
412622,415102,415174,72,2480
412622,415099,415175,76,2477
412622,415140,415175,35,2518
412622,415107,415176,69,2485
411410,414151,415178,1027,2741
412622,415141,415179,38,2519
412622,415112,415181,69,2490
412622,415111,415183,72,2489
412622,415107,415183,76,2485
412622,415115,415185,70,2493
412622,415185,415193,8,2563
412622,415125,415194,69,2503
412622,415183,415193,10,2561
412622,415145,415196,51,2523
412622,415184,415197,13,2562
412622,415194,415200,6,2572
412622,415143,415201,58,2521
412622,415146,415201,55,2524
412622,415194,415201,7,2572
412622,415197,415202,5,2575
412622,415193,415201,8,2571
412622,415197,415201,4,2575
412622,415150,415203,53,2528
412622,415150,415204,54,2528
412622,415145,415205,60,2523
412622,415201,415205,4,2579
412622,415202,415206,4,2580
412622,415142,415206,64,2520
412622,415202,415205,3,2580
412622,415202,415206,4,2580
412622,415201,415207,6,2579
412622,415203,415207,4,2581
412622,415146,415208,62,2524
412622,415203,415207,4,2581
412622,415203,415207,4,2581
412622,415204,415208,4,2582
412622,415205,415208,3,2583
412622,415205,415210,5,2583
412622,415206,415210,4,2584
412622,415206,415210,4,2584
412622,415206,415211,5,2584
412622,415206,415212,6,2584
412622,415207,415212,5,2585
412622,415146,415212,66,2524
412622,415207,415212,5,2585
412622,415151,415213,62,2529
412622,415153,415213,60,2531
412622,415208,415213,5,2586
412622,415208,415215,7,2586
412622,415150,415220,70,2528
412622,415156,415221,65,2534
412622,415162,415222,60,2540
412622,415155,415223,68,2533
412622,415168,415225,57,2546
412622,415155,415228,73,2533
412622,415159,415228,69,2537
412622,415175,415229,54,2553
412622,415161,415229,68,2539
412622,415156,415229,73,2534
412622,415178,415235,57,2556
412622,415167,415237,70,2545
412622,415166,415237,71,2544
412622,415174,415239,65,2552
412622,415179,415240,61,2557
412622,415181,415243,62,2559
412622,415173,415245,72,2551
412622,415171,415246,75,2549
412622,415176,415246,70,2554
412827,415212,415247,35,2385
412827,415209,415249,40,2382
412622,415175,415250,75,2553
412827,415213,415251,38,2386
412827,415213,415250,37,2386
412827,415251,415253,2,2424
412827,415251,415252,1,2424
412827,415250,415254,4,2423
412827,415253,415255,2,2426
412827,415253,415255,2,2426
412827,415249,415256,7,2422
412827,415254,415256,2,2427
412827,415255,415257,2,2428
412827,415255,415256,1,2428
412827,415211,415258,47,2384
412827,415210,415257,47,2383
412827,415256,415257,1,2429
412827,415256,415259,3,2429
412827,415210,415258,48,2383
412827,415257,415258,1,2430
412827,415247,415259,12,2420
412827,415257,415259,2,2430
412827,415258,415259,1,2431
412827,415259,415260,1,2432
412827,415259,415261,2,2432
412827,415259,415261,2,2432
412827,415259,415260,1,2432
412827,415261,415262,1,2434
412827,415260,415261,1,2433
412827,415261,415263,2,2434
412827,415214,415263,49,2387
412827,415260,415262,2,2433
412827,415260,415262,2,2433
412827,415261,415263,2,2434
412827,415208,415264,56,2381
412827,415262,415264,2,2435
412827,415261,415264,3,2434
412827,415262,415263,1,2435
412827,415262,415264,2,2435
412827,415263,415266,3,2436
412827,415263,415265,2,2436
412827,415222,415267,45,2395
412827,415212,415267,55,2385
412827,415263,415268,5,2436
412827,415246,415268,22,2419
412827,415212,415269,57,2385
412827,415221,415270,49,2394
412827,415240,415273,33,2413
412827,415212,415274,62,2385
412827,415229,415274,45,2402
412827,415263,415274,11,2436
412827,415212,415275,63,2385
412827,415223,415276,53,2396
412827,415215,415278,63,2388
412827,415237,415280,43,2410
412827,415235,415280,45,2408
412827,415225,415282,57,2398
412827,415220,415284,64,2393
412827,415228,415286,58,2401
412827,415243,415287,44,2416
412827,415229,415289,60,2402
412827,415246,415289,43,2419
412827,415229,415290,61,2402
412827,415263,415290,27,2436
412827,415230,415291,61,2403
412827,415245,415290,45,2418
412827,415237,415292,55,2410
412827,415239,415300,61,2412
412827,415264,415302,38,2437
412827,415264,415303,39,2437
412827,415273,415311,38,2446
412827,415274,415315,41,2447
412827,415264,415316,52,2437
412827,415269,415317,48,2442
412827,415274,415319,45,2447
412827,415265,415320,55,2438
412827,415267,415320,53,2440
412827,415266,415323,57,2439
412827,415266,415324,58,2439
412827,415268,415325,57,2441
412827,415265,415326,61,2438
412827,415280,415327,47,2453
412827,415267,415331,64,2440
412827,415280,415332,52,2453
412827,415268,415332,64,2441
412827,415270,415334,64,2443
412827,415274,415334,60,2447
412827,415300,415338,38,2473
412827,415304,415339,35,2477
412827,415290,415343,53,2463
412827,415276,415343,67,2449
412827,415302,415345,43,2475
412827,415284,415347,63,2457
412827,415287,415349,62,2460
412827,415275,415350,75,2448
412827,415282,415352,70,2455
412827,415278,415356,78,2451
412827,415292,415356,64,2465
412827,415289,415359,70,2462
412827,415286,415360,74,2459
412827,415291,415360,69,2464
412827,415289,415361,72,2462
412827,415290,415361,71,2463
412827,415291,415363,72,2464
412827,415361,415369,8,2534
412827,415363,415369,6,2536
412827,415361,415370,9,2534
412827,415315,415373,58,2488
412827,415311,415374,63,2484
412827,415369,415374,5,2542
412827,415316,415376,60,2489
412827,415325,415376,51,2498
412827,415320,415376,56,2493
412827,415370,415376,6,2543
412827,415325,415377,52,2498
412827,415370,415378,8,2543
412827,415320,415379,59,2493
412827,415374,415379,5,2547
412827,415373,415379,6,2546
412827,415374,415380,6,2547
412827,415319,415381,62,2492
412827,415376,415381,5,2549
412827,415376,415380,4,2549
412827,415376,415381,5,2549
412827,415376,415382,6,2549
412827,415326,415382,56,2499
412827,415378,415382,4,2551
412827,415323,415381,58,2496
412827,415379,415383,4,2552
412827,415379,415382,3,2552
412827,415327,415383,56,2500
412827,415379,415384,5,2552
412827,415379,415384,5,2552
412827,415334,415385,51,2507
412827,415381,415386,5,2554
412827,415380,415386,6,2553
412827,415381,415387,6,2554
412827,415381,415386,5,2554
412827,415382,415388,6,2555
412827,415381,415388,7,2554
412827,415382,415389,7,2555
412827,415382,415389,7,2555
412827,415317,415390,73,2490
412827,415339,415390,51,2512
412827,415343,415395,52,2516
412827,415360,415395,35,2533
412827,415334,415398,64,2507
412827,415331,415399,68,2504
412827,415332,415399,67,2505
412827,415333,415400,67,2506
412827,415338,415403,65,2511
412827,415347,415411,64,2520
412827,415345,415417,72,2518
412827,415343,415418,75,2516
412827,415349,415421,72,2522
412827,415352,415421,69,2525
412827,415360,415421,61,2533
412876,415383,415422,39,2507
412827,415350,415422,72,2523
412827,415359,415424,65,2532
412827,415357,415429,72,2530
412876,415383,415430,47,2507
412876,415384,415432,48,2508
412876,415384,415432,48,2508
412876,415387,415434,47,2511
412876,415386,415434,48,2510
412876,415432,415435,3,2556
412827,415356,415435,79,2529
412876,415432,415434,2,2556
412876,415430,415434,4,2554
412876,415434,415436,2,2558
412876,415388,415436,48,2512
412876,415434,415435,1,2558
412876,415435,415437,2,2559
412876,415435,415437,2,2559
412876,415436,415438,2,2560
412876,415436,415438,2,2560
412876,415386,415438,52,2510
412876,415435,415438,3,2559
412876,415436,415437,1,2560
412876,415437,415438,1,2561
412876,415387,415438,51,2511
412876,415437,415438,1,2561
412876,415438,415440,2,2562
412876,415438,415439,1,2562
412876,415438,415440,2,2562
412876,415438,415440,2,2562
412876,415438,415439,1,2562
412876,415438,415439,1,2562
412876,415439,415441,2,2563
412876,415389,415440,51,2513
412876,415438,415440,2,2562
412876,415439,415441,2,2563
412876,415440,415442,2,2564
412876,415440,415441,1,2564
412876,415440,415442,2,2564
412876,415423,415442,19,2547
412876,415440,415442,2,2564
412876,415441,415443,2,2565
412876,415440,415443,3,2564
412876,415440,415442,2,2564
412876,415390,415442,52,2514
412876,415441,415444,3,2565
412876,415429,415444,15,2553
412876,415441,415445,4,2565
412876,415424,415446,22,2548
412876,415384,415446,62,2508
412876,415395,415446,51,2519
412876,415403,415446,43,2527
412876,415388,415446,58,2512
412876,415441,415450,9,2565
412876,415386,415450,64,2510
412876,415390,415451,61,2514
412876,415417,415451,34,2541
412876,415400,415453,53,2524
412876,415389,415454,65,2513
412876,415398,415454,56,2522
412876,415395,415455,60,2519
412876,415421,415455,34,2545
412876,415411,415455,44,2535
412876,415399,415457,58,2523
412876,415422,415463,41,2546
412876,415399,415466,67,2523
412876,415421,415468,47,2545
412876,415442,415468,26,2566
412876,415419,415472,53,2543
412876,415421,415476,55,2545
412876,415445,415476,31,2569
412876,415447,415483,36,2571
412876,415442,415496,54,2566
412876,415442,415498,56,2566
412876,415443,415498,55,2567
412876,415444,415499,55,2568
412876,415443,415499,56,2567
412876,415443,415502,59,2567
412876,415450,415504,54,2574
412876,415443,415506,63,2567
412876,415446,415508,62,2570
412876,415443,415509,66,2567
412876,415450,415509,59,2574
412876,415442,415511,69,2566
412876,415446,415513,67,2570
412876,415446,415514,68,2570
412876,415451,415516,65,2575
412876,415455,415516,61,2579
412876,415444,415517,73,2568
412876,415446,415519,73,2570
412876,415451,415520,69,2575
412876,415463,415520,57,2587
412876,415473,415520,47,2597
412876,415454,415522,68,2578
412876,415468,415523,55,2592
412876,415455,415523,68,2579
412876,415453,415526,73,2577
412876,415457,415526,69,2581
412876,415454,415528,74,2578
412876,415455,415528,73,2579
412876,415476,415534,58,2600
412876,415466,415536,70,2590
412876,415499,415539,40,2623
412876,415499,415540,41,2623
412876,415468,415545,77,2592
412084,414677,415546,869,2593
412876,415476,415548,72,2600
412876,415498,415548,50,2622
411904,414337,415550,1213,2433
412876,415548,415552,4,2672
412876,415483,415552,69,2607
412876,415546,415553,7,2670
412876,415496,415554,58,2620
412876,415548,415554,6,2672
412876,415550,415557,7,2674
412876,415553,415557,4,2677
412876,415552,415558,6,2676
412876,415552,415558,6,2676
412876,415554,415559,5,2678
412876,415554,415560,6,2678
412876,415502,415560,58,2626
412876,415508,415560,52,2632
412876,415557,415561,4,2681
412876,415506,415562,56,2630
412876,415498,415561,63,2622
412876,415558,415562,4,2682
412876,415557,415563,6,2681
412876,415558,415563,5,2682
412876,415504,415564,60,2628
412876,415559,415564,5,2683
412876,415560,415565,5,2684
412876,415560,415565,5,2684
412876,415560,415566,6,2684
412876,415561,415566,5,2685
412876,415562,415566,4,2686
412876,415562,415567,5,2686
412876,415564,415568,4,2688
412876,415563,415568,5,2687
412876,415564,415569,5,2688
412876,415563,415570,7,2687
412876,415513,415570,57,2637
412876,415563,415570,7,2687
412876,415565,415573,8,2689
412876,415509,415575,66,2633
412876,415516,415578,62,2640
412876,415511,415578,67,2635
412876,415520,415579,59,2644
412876,415519,415578,59,2643
412876,415520,415581,61,2644
412876,415509,415581,72,2633
412876,415523,415584,61,2647
412876,415514,415584,70,2638
412876,415517,415585,68,2641
412876,415516,415587,71,2640
412876,415528,415588,60,2652
412876,415521,415590,69,2645
412876,415526,415592,66,2650
412876,415522,415593,71,2646
412876,415528,415592,64,2652
412876,415526,415594,68,2650
412876,415539,415594,55,2663
412876,415540,415595,55,2664
412876,415523,415596,73,2647
412876,415545,415596,51,2669
412876,415534,415598,64,2658
412876,415536,415605,69,2660
413308,415566,415610,44,2258
413308,415570,415612,42,2262
413308,415566,415615,49,2258
413308,415568,415616,48,2260
413308,415568,415617,49,2260
413308,415566,415619,53,2258
413308,415568,415621,53,2260
413308,415573,415624,51,2265
413308,415579,415626,47,2271
413308,415569,415628,59,2261
413308,415570,415630,60,2262
413308,415587,415631,44,2279
413308,415578,415634,56,2270
413308,415598,415634,36,2290
413308,415570,415635,65,2262
413308,415579,415636,57,2271
413308,415575,415636,61,2267
413308,415581,415635,54,2273
413308,415579,415640,61,2271
413308,415621,415643,22,2313
413308,415584,415643,59,2276
413308,415585,415644,59,2277
413308,415626,415645,19,2318
413308,415585,415644,59,2277
413308,415624,415646,22,2316
413308,415628,415648,20,2320
413308,415581,415649,68,2273
413308,415617,415651,34,2309
413308,415595,415651,56,2287
413308,415596,415654,58,2288
413308,415619,415655,36,2311
413308,415630,415655,25,2322
413308,415588,415656,68,2280
413308,415616,415656,40,2308
413308,415610,415656,46,2302
413308,415605,415656,51,2297
413308,415593,415655,62,2285
413308,415594,415657,63,2286
413308,415634,415658,24,2326
413308,415593,415659,66,2285
413308,415631,415659,28,2323
413308,415636,415660,24,2328
413308,415636,415660,24,2328
413308,415634,415661,27,2326
413308,415596,415663,67,2288
413308,415594,415664,70,2286
413308,415635,415665,30,2327
413308,415592,415666,74,2284
413308,415591,415668,77,2283
413308,415615,415667,52,2307
413308,415636,415670,34,2328
413308,415612,415670,58,2304
413308,415657,415669,12,2349
413308,415643,415673,30,2335
413308,415644,415674,30,2336
413308,415640,415675,35,2332
413308,415656,415676,20,2348
413308,415645,415676,31,2337
413308,415646,415683,37,2338
413308,415645,415684,39,2337
413308,415644,415686,42,2336
413308,415648,415689,41,2340
413308,415655,415695,40,2347
413308,415651,415701,50,2343
413308,415649,415705,56,2341
413308,415651,415706,55,2343
412050,414507,415710,1203,2457
413308,415658,415717,59,2350
413308,415656,415721,65,2348
413308,415656,415722,66,2348
413308,415654,415728,74,2346
413308,415656,415733,77,2348
413308,415668,415733,65,2360
413308,415675,415733,58,2367
413308,415659,415734,75,2351
413308,415670,415735,65,2362
413308,415664,415737,73,2356
413308,415673,415736,63,2365
413308,415656,415738,82,2348
413308,415661,415738,77,2353
413308,415660,415740,80,2352
413308,415655,415742,87,2347
413308,415664,415742,78,2356
413308,415659,415743,84,2351
413308,415677,415744,67,2369
413308,415670,415744,74,2362
413308,415660,415744,84,2352
413308,415668,415746,78,2360
413308,415670,415746,76,2362
413308,415666,415746,80,2358
413308,415666,415747,81,2358
413308,415683,415751,68,2375
413308,415676,415752,76,2368
413308,415689,415753,64,2381
413308,415675,415757,82,2367
413308,415684,415759,75,2376
413308,415686,415765,79,2378
413308,415701,415766,65,2393
412163,414859,415769,910,2696
413308,415707,415775,68,2399
413308,415696,415778,82,2388
413308,415717,415778,61,2409
413308,415722,415781,59,2414
413308,415721,415783,62,2413
413308,415705,415789,84,2397
413308,415734,415793,59,2426
413308,415710,415795,85,2402
413308,415735,415796,61,2427
413308,415793,415798,5,2485
413308,415795,415798,3,2487
413308,415797,415799,2,2489
413308,415733,415799,66,2425
413308,415798,415800,2,2490
413308,415798,415801,3,2490
413308,415799,415801,2,2491
413308,415800,415802,2,2492
413308,415800,415802,2,2492
413308,415733,415802,69,2425
413308,415728,415803,75,2420
413308,415801,415804,3,2493
413308,415802,415804,2,2494
413308,415802,415804,2,2494
413308,415744,415804,60,2436
413308,415802,415805,3,2494
413308,415737,415804,67,2429
413308,415802,415804,2,2494
413308,415804,415806,2,2496
413308,415804,415806,2,2496
413308,415804,415806,2,2496
413308,415804,415807,3,2496
413308,415804,415807,3,2496
413308,415805,415808,3,2497
413308,415805,415808,3,2497
413308,415805,415807,2,2497
413308,415789,415811,22,2481
413308,415738,415813,75,2430
413308,415737,415813,76,2429
413308,415783,415813,30,2475
413308,415734,415816,82,2426
413308,415751,415816,65,2443
413308,415753,415817,64,2445
413308,415746,415818,72,2438
413308,415740,415818,78,2432
413308,415746,415820,74,2438
413308,415743,415820,77,2435
413308,415742,415822,80,2434
413308,415742,415821,79,2434
413308,415738,415823,85,2430
413308,415746,415824,78,2438
413308,415744,415823,79,2436
413308,415759,415825,66,2451
413308,415746,415826,80,2438
413308,415766,415827,61,2458
413308,415747,415829,82,2439
413308,415752,415831,79,2444
413308,415769,415834,65,2461
413308,415759,415835,76,2451
413308,415775,415839,64,2467
413308,415782,415842,60,2474
413308,415778,415843,65,2470
413308,415765,415844,79,2457
413341,415806,415850,44,2465
413341,415813,415854,41,2472
413341,415808,415861,53,2467
413341,415807,415861,54,2466
413341,415814,415862,48,2473
413308,415778,415863,85,2470
413341,415861,415865,4,2520
413341,415863,415866,3,2522
413341,415861,415866,5,2520
413341,415863,415868,5,2522
413341,415866,415868,2,2525
413341,415865,415869,4,2524
413341,415808,415870,62,2467
413341,415850,415870,20,2509
413341,415867,415870,3,2526
413341,415868,415871,3,2527
413341,415807,415871,64,2466
413341,415808,415870,62,2467
413341,415868,415870,2,2527
413341,415869,415871,2,2528
413341,415854,415872,18,2513
413341,415870,415872,2,2529
413341,415870,415872,2,2529
413341,415870,415873,3,2529
413341,415871,415874,3,2530
413341,415871,415874,3,2530
413341,415818,415874,56,2477
413341,415871,415873,2,2530
413341,415871,415874,3,2530
413341,415816,415874,58,2475
413341,415872,415875,3,2531
413341,415872,415875,3,2531
413341,415872,415875,3,2531
413341,415828,415875,47,2487
413341,415872,415874,2,2531
413341,415806,415876,70,2465
413341,415811,415876,65,2470
413341,415873,415877,4,2532
413341,415820,415877,57,2479
413341,415817,415876,59,2476
413341,415816,415877,61,2475
413341,415844,415877,33,2503
413341,415820,415877,57,2479
413341,415874,415877,3,2533
413341,415874,415877,3,2533
413341,415874,415879,5,2533
413341,415874,415880,6,2533
413341,415822,415884,62,2481
413341,415824,415885,61,2483
413341,415813,415885,72,2472
413341,415874,415886,12,2533
413341,415835,415886,51,2494
413341,415818,415887,69,2477
413341,415829,415890,61,2488
413341,415842,415891,49,2501
413341,415823,415892,69,2482
413341,415822,415893,71,2481
413341,415824,415893,69,2483
413341,415843,415895,52,2502
413341,415831,415895,64,2490
413341,415839,415896,57,2498
413341,415826,415896,70,2485
413341,415825,415899,74,2484
413341,415874,415903,29,2533
413341,415835,415904,69,2494
413341,415885,415920,35,2544
413341,415875,415924,49,2534
413341,415875,415940,65,2534
413341,415875,415941,66,2534
413341,415876,415942,66,2535
413341,415876,415942,66,2535
413341,415880,415944,64,2539
413341,415875,415945,70,2534
413341,415877,415946,69,2536
412575,415033,415947,914,2458
413341,415878,415947,69,2537
413341,415878,415951,73,2537
413341,415886,415952,66,2545
413341,415887,415954,67,2546
413341,415893,415954,61,2552
413341,415877,415953,76,2536
413341,415884,415954,70,2543
413341,415891,415954,63,2550
413341,415880,415956,76,2539
413341,415878,415957,79,2537
413341,415877,415957,80,2536
413341,415878,415958,80,2537
413341,415876,415957,81,2535
413341,415877,415962,85,2536
413341,415895,415963,68,2554
413341,415896,415964,68,2555
413341,415892,415965,73,2551
413341,415887,415970,83,2546
413341,415885,415970,85,2544
413341,415890,415971,81,2549
413341,415903,415973,70,2562
413341,415896,415977,81,2555
413341,415899,415979,80,2558
413341,415895,415981,86,2554
413341,415904,415981,77,2563
413341,415893,415985,92,2552
413341,415942,415992,50,2601
413341,415925,415993,68,2584
413341,415920,415998,78,2579
413341,415940,416004,64,2599
413341,415956,416007,51,2615
413341,415944,416010,66,2603
413341,416010,416013,3,2669
413341,416007,416013,6,2666
413341,415942,416014,72,2601
413341,416013,416016,3,2672
413341,416014,416016,2,2673
413341,416013,416016,3,2672
413341,415981,416017,36,2640
413341,416016,416018,2,2675
413341,416016,416018,2,2675
413341,416016,416019,3,2675
413341,415947,416018,71,2606
413341,416017,416020,3,2676
413341,415946,416020,74,2605
413341,416018,416020,2,2677
413341,416004,416021,17,2663
413341,416018,416020,2,2677
413341,415954,416021,67,2613
413341,415952,416021,69,2611
413341,416020,416022,2,2679
413341,415955,416021,66,2614
413341,416020,416022,2,2679
413341,416019,416022,3,2678
413341,416020,416023,3,2679
413341,416020,416022,2,2679
413341,416021,416023,2,2680
413341,416021,416023,2,2680
413341,416021,416023,2,2680
413341,416022,416024,2,2681
413341,416021,416023,2,2680
413341,415958,416026,68,2617
413341,415941,416026,85,2600
413341,415945,416027,82,2604
413341,415947,416027,80,2606
413341,415963,416028,65,2622
413341,415954,416029,75,2613
413341,415958,416029,71,2617
413341,415992,416030,38,2651
413341,415957,416031,74,2616
413341,415957,416031,74,2616
413341,415951,416031,80,2610
413341,415964,416032,68,2623
413341,415954,416033,79,2613
413341,415973,416032,59,2632
413341,415954,416035,81,2613
413341,415998,416036,38,2657
413341,415965,416037,72,2624
413341,415963,416039,76,2622
413341,415977,416041,64,2636
413341,415970,416049,79,2629
413341,415970,416052,82,2629
413341,415971,416053,82,2630
413341,415993,416056,63,2652
413341,415979,416057,78,2638
413341,415981,416059,78,2640
413341,415985,416060,75,2644
413486,416028,416063,35,2542
413486,416022,416064,42,2536
413486,416024,416067,43,2538
413486,416067,416070,3,2581
413486,416023,416070,47,2537
413486,416064,416071,7,2578
413486,416023,416071,48,2537
413486,416024,416073,49,2538
413486,416070,416072,2,2584
413486,416071,416073,2,2585
413486,416070,416072,2,2584
413486,416071,416073,2,2585
413486,416073,416075,2,2587
413486,416073,416075,2,2587
413486,416073,416075,2,2587
413486,416024,416076,52,2538
413486,416024,416075,51,2538
413486,416073,416075,2,2587
413486,416073,416075,2,2587
413486,416026,416077,51,2540
413486,416029,416077,48,2543
413486,416075,416077,2,2589
413486,416075,416077,2,2589
413486,416075,416077,2,2589
413486,416030,416078,48,2544
413486,416022,416078,56,2536
413486,416026,416077,51,2540
413486,416023,416078,55,2537
413486,416076,416078,2,2590
413486,416076,416078,2,2590
413486,416077,416079,2,2591
413486,416076,416078,2,2590
413486,416077,416080,3,2591
413486,416076,416079,3,2590
413486,416033,416080,47,2547
413486,416077,416080,3,2591
413486,416077,416080,3,2591
413486,416028,416081,53,2542
413486,416077,416081,4,2591
413486,416035,416082,47,2549
413486,416063,416081,18,2577
413486,416078,416084,6,2592
413486,416031,416084,53,2545
413486,416027,416088,61,2541
413486,416032,416088,56,2546
413486,416032,416088,56,2546
413486,416031,416089,58,2545
413486,416078,416090,12,2592
413486,416041,416092,51,2555
413486,416029,416092,63,2543
413486,416036,416092,56,2550
413486,416039,416092,53,2553
413486,416060,416094,34,2574
413486,416056,416096,40,2570
413486,416037,416097,60,2551
413486,416033,416097,64,2547
413486,416078,416099,21,2592
413486,416049,416099,50,2563
413486,416057,416101,44,2571
413486,416053,416104,51,2567
413486,416052,416105,53,2566
413486,416059,416106,47,2573
413486,416079,416112,33,2593
413486,416079,416122,43,2593
413486,416079,416127,48,2593
413486,416083,416128,45,2597
413486,416080,416131,51,2594
413486,416080,416131,51,2594
413486,416080,416134,54,2594
413486,416080,416136,56,2594
413486,416082,416136,54,2596
413486,416084,416137,53,2598
413486,416079,416139,60,2593
413486,416079,416139,60,2593
413486,416080,416142,62,2594
413486,416088,416145,57,2602
413486,416084,416146,62,2598
413486,416082,416147,65,2596
413486,416081,416147,66,2595
413486,416101,416150,49,2615
413486,416093,416151,58,2607
413486,416090,416153,63,2604
413486,416096,416154,58,2610
413486,416089,416154,65,2603
413486,416088,416154,66,2602
413486,416089,416155,66,2603
413486,416092,416157,65,2606
413486,416099,416159,60,2613
413486,416092,416159,67,2606
413486,416097,416159,62,2611
413486,416099,416161,62,2613
413486,416092,416162,70,2606
413486,416095,416164,69,2609
413486,416098,416166,68,2612
413486,416105,416170,65,2619
413486,416105,416172,67,2619
413486,416106,416174,68,2620
413486,416136,416175,39,2650
413486,416112,416177,65,2626
413486,416123,416179,56,2637
413486,416134,416182,48,2648
413486,416128,416183,55,2642
413486,416127,416184,57,2641
413486,416131,416185,54,2645
413486,416131,416187,56,2645
413486,416184,416189,5,2698
413486,416183,416188,5,2697
413486,416185,416189,4,2699
413486,416182,416190,8,2696
413486,416139,416192,53,2653
413486,416187,416192,5,2701
413486,416137,416192,55,2651
413486,416179,416192,13,2693
413486,416189,416193,4,2703
413486,416189,416193,4,2703
413486,416189,416193,4,2703
413486,416190,416193,3,2704
413486,416166,416194,28,2680
413486,416192,416195,3,2706
413486,416192,416195,3,2706
413486,416193,416196,3,2707
413486,416193,416196,3,2707
413486,416193,416195,2,2707
413486,416138,416196,58,2652
413486,416194,416197,3,2708
413486,416193,416196,3,2707
413486,416193,416196,3,2707
413486,416195,416197,2,2709
413486,416194,416199,5,2708
413486,416195,416199,4,2709
413486,416196,416199,3,2710
413486,416196,416200,4,2710
413486,416196,416200,4,2710
413486,416154,416200,46,2668
413486,416197,416201,4,2711
413486,416145,416200,55,2659
413486,416197,416202,5,2711
413486,416162,416204,42,2676
413486,416139,416204,65,2653
413486,416142,416204,62,2656
413486,416147,416208,61,2661
413486,416146,416213,67,2660
413486,416155,416214,59,2669
413486,416157,416215,58,2671
413486,416148,416214,66,2662
413486,416150,416216,66,2664
413486,416151,416216,65,2665
413486,416153,416216,63,2667
413486,416154,416217,63,2668
413486,416164,416221,57,2678
413486,416154,416225,71,2668
413486,416159,416225,66,2673
413486,416175,416228,53,2689
413486,416160,416228,68,2674
413486,416161,416230,69,2675
413486,416170,416231,61,2684
413486,416172,416231,59,2686
413486,416159,416232,73,2673
413486,416177,416234,57,2691
413486,416174,416239,65,2688
413502,416197,416241,44,2695
413502,416241,416243,2,2739
413502,416239,416244,5,2737
413502,416243,416245,2,2741
413502,416200,416246,46,2698
413502,416244,416246,2,2742
413502,416199,416247,48,2697
413502,416245,416247,2,2743
413502,416201,416248,47,2699
413502,416246,416247,1,2744
413502,416247,416249,2,2745
413502,416246,416249,3,2744
413502,416247,416249,2,2745
413502,416248,416250,2,2746
413502,416203,416250,47,2701
413502,416249,416251,2,2747
413502,416199,416250,51,2697
413502,416249,416251,2,2747
413502,416232,416251,19,2730
413502,416248,416250,2,2746
413502,416249,416251,2,2747
413502,416200,416251,51,2698
413502,416201,416251,50,2699
413502,416250,416252,2,2748
413502,416234,416252,18,2732
413502,416250,416252,2,2748
413502,416204,416253,49,2702
413502,416251,416252,1,2749
413502,416251,416252,1,2749
413502,416251,416252,1,2749
413502,416251,416254,3,2749
412827,415382,416253,871,2555
413502,416251,416253,2,2749
413502,416252,416254,2,2750
413502,416251,416253,2,2749
413502,416251,416253,2,2749
413502,416252,416254,2,2750
413502,416251,416254,3,2749
413502,416252,416254,2,2750
413502,416200,416255,55,2698
413502,416254,416256,2,2752
413502,416253,416256,3,2751
413502,416199,416255,56,2697
413502,416253,416255,2,2751
413502,416254,416257,3,2752
413502,416214,416258,44,2712
413502,416204,416259,55,2702
413502,416199,416262,63,2697
413502,416204,416263,59,2702
413502,416232,416266,34,2730
413502,416254,416267,13,2752
413502,416231,416268,37,2729
413502,416216,416270,54,2714
413502,416216,416270,54,2714
413502,416266,416272,6,2764
413502,416208,416273,65,2706
413502,416215,416275,60,2713
413502,416217,416275,58,2715
413502,416222,416278,56,2720
413502,416230,416279,49,2728
413502,416268,416279,11,2766
413502,416213,416281,68,2711
413502,416217,416282,65,2715
413502,416225,416283,58,2723
413502,416254,416283,29,2752
413502,416215,416285,70,2713
413502,416228,416286,58,2726
413502,416228,416288,60,2726
413502,416255,416289,34,2753
413502,416263,416291,28,2761
413502,416226,416293,67,2724
413502,416254,416296,42,2752
413502,416267,416301,34,2765
413502,416254,416306,52,2752
413502,416256,416311,55,2754
413502,416257,416311,54,2755
413502,416254,416312,58,2752
413502,416254,416315,61,2752
413502,416257,416317,60,2755
413502,416254,416317,63,2752
413502,416256,416318,62,2754
413502,416254,416324,70,2752
413502,416256,416325,69,2754
413502,416254,416326,72,2752
413502,416259,416331,72,2757
413502,416262,416333,71,2760
413502,416258,416334,76,2756
413502,416270,416336,66,2768
413502,416270,416339,69,2768
413502,416272,416340,68,2770
413502,416279,416342,63,2777
413502,416280,416345,65,2778
413502,416278,416347,69,2776
413502,416288,416348,60,2786
413502,416283,416348,65,2781
413502,416275,416349,74,2773
413502,416275,416350,75,2773
413502,416289,416349,60,2787
413502,416282,416352,70,2780
413502,416286,416352,66,2784
413502,416283,416352,69,2781
413502,416274,416353,79,2772
413502,416296,416356,60,2794
413502,416320,416358,38,2818
413502,416285,416358,73,2783
413502,416281,416361,80,2779
413502,416293,416361,68,2791
413502,416306,416362,56,2804
413502,416291,416364,73,2789
413502,416362,416365,3,2860
413502,416365,416368,3,2863
413502,416361,416368,7,2859
413502,416365,416368,3,2863
413502,416361,416368,7,2859
413502,416368,416370,2,2866
413502,416339,416371,32,2837
413502,416311,416370,59,2809
413502,416369,416371,2,2867
413502,416368,416372,4,2866
413502,416317,416372,55,2815
413502,416311,416372,61,2809
413502,416368,416372,4,2866
413502,416370,416373,3,2868
413502,416312,416373,61,2810
413502,416372,416374,2,2870
413502,416315,416373,58,2813
413502,416372,416375,3,2870
413502,416371,416375,4,2869
413502,416372,416375,3,2870
413502,416371,416374,3,2869
413502,416372,416375,3,2870
413502,416372,416376,4,2870
413502,416373,416376,3,2871
413502,416373,416375,2,2871
413502,416374,416377,3,2872
413502,416374,416378,4,2872
413502,416301,416378,77,2799
413502,416356,416378,22,2854
413502,416317,416379,62,2815
413502,416352,416388,36,2850
413502,416324,416389,65,2822
413502,416340,416393,53,2838
413502,416325,416396,71,2823
413502,416326,416400,74,2824
413502,416358,416404,46,2856
413502,416336,416404,68,2834
413502,416342,416405,63,2840
413502,416334,416404,70,2832
413502,416331,416406,75,2829
413502,416345,416409,64,2843
413502,416333,416410,77,2831
413502,416348,416411,63,2846
413502,416348,416411,63,2846
413502,416350,416412,62,2848
413502,416358,416415,57,2856
413677,416375,416416,41,2698
413502,416350,416416,66,2848
413502,416347,416423,76,2845
413677,416375,416423,48,2698
413677,416377,416423,46,2700
413502,416353,416424,71,2851
413502,416349,416425,76,2847
413677,416376,416426,50,2699
413502,416353,416427,74,2851
413502,416352,416427,75,2850
412622,415208,416428,1220,2586
413677,416376,416428,52,2699
413677,416426,416428,2,2749
413677,416425,416428,3,2748
413677,416424,416429,5,2747
413677,416428,416430,2,2751
413677,416427,416430,3,2750
413677,416428,416429,1,2751
413677,416428,416431,3,2751
413677,416378,416430,52,2701
413677,416409,416431,22,2732
413677,416427,416430,3,2750
413677,416428,416430,2,2751
413677,416429,416432,3,2752
413677,416375,416432,57,2698
413677,416430,416432,2,2753
413677,416430,416431,1,2753
413677,416430,416432,2,2753
413677,416431,416433,2,2754
413677,416431,416433,2,2754
413677,416431,416434,3,2754
413677,416431,416434,3,2754
413677,416378,416433,55,2701
413677,416432,416434,2,2755
413677,416432,416434,2,2755
413677,416431,416434,3,2754
413677,416432,416435,3,2755
413677,416432,416434,2,2755
413677,416433,416435,2,2756
413677,416432,416434,2,2755
413677,416434,416436,2,2757
413677,416433,416436,3,2756
413677,416434,416436,2,2757
413677,416380,416435,55,2703
413677,416423,416437,14,2746
413677,416434,416436,2,2757
413677,416434,416436,2,2757
413677,416434,416438,4,2757
413677,416435,416438,3,2758
413677,416378,416439,61,2701
413677,416375,416441,66,2698
413677,416435,416445,10,2758
413677,416376,416446,70,2699
413677,416423,416446,23,2746
413677,416435,416448,13,2758
413677,416411,416447,36,2734
413677,416423,416449,26,2746
413677,416393,416451,58,2716
413677,416389,416453,64,2712
413677,416404,416454,50,2727
413677,416388,416455,67,2711
413677,416416,416455,39,2739
412877,415565,416455,890,2688
413677,416412,416455,43,2735
413677,416396,416457,61,2719
413677,416400,416460,60,2723
413677,416436,416460,24,2759
413677,416416,416461,45,2739
413677,416406,416464,58,2729
413677,416405,416464,59,2728
413677,416404,416466,62,2727
413677,416416,416467,51,2739
413677,416412,416467,55,2735
413677,416405,416469,64,2728
413677,416410,416471,61,2733
413677,416435,416471,36,2758
413677,416436,416482,46,2759
413677,416435,416492,57,2758
413677,416460,416493,33,2783
413677,416436,416496,60,2759
413677,416438,416498,60,2761
413677,416437,416500,63,2760
413677,416437,416502,65,2760
413677,416436,416502,66,2759
413677,416439,416508,69,2762
413677,416448,416507,59,2771
413677,416466,416508,42,2789
413677,416467,416509,42,2790
413677,416437,416512,75,2760
413677,416448,416513,65,2771
413677,416446,416515,69,2769
413677,416438,416516,78,2761
413677,416441,416516,75,2764
413677,416455,416517,62,2778
413677,416456,416518,62,2779
413677,416457,416520,63,2780
413677,416456,416520,64,2779
413677,416453,416520,67,2776
413677,416446,416521,75,2769
413677,416451,416521,70,2774
413677,416471,416521,50,2794
413677,416449,416524,75,2772
413677,416455,416525,70,2778
413677,416445,416526,81,2768
413677,416454,416531,77,2777
413677,416462,416531,69,2785
413677,416471,416531,60,2794
413677,416460,416531,71,2783
413677,416464,416535,71,2787
413677,416469,416536,67,2792
413677,416464,416537,73,2787
413677,416467,416545,78,2790
413677,416510,416551,41,2833
413677,416522,416555,33,2845
413677,416535,416556,21,2858
413677,416496,416557,61,2819
413677,416519,416557,38,2842
413677,416520,416558,38,2843
413677,416482,416558,76,2805
413677,416493,416558,65,2816
413677,416556,416560,4,2879
413677,416557,416560,3,2880
413677,416557,416560,3,2880
413677,416558,416560,2,2881
413677,416558,416560,2,2881
413677,416551,416561,10,2874
413677,416555,416561,6,2878
413677,416558,416561,3,2881
413677,416545,416562,17,2868
413677,416560,416563,3,2883
413677,416560,416563,3,2883
413677,416560,416563,3,2883
413677,416560,416563,3,2883
413677,416560,416563,3,2883
413677,416561,416564,3,2884
413677,416561,416564,3,2884
413677,416561,416565,4,2884
413677,416500,416564,64,2823
413677,416563,416565,2,2886
413677,416562,416565,3,2885
413677,416492,416565,73,2815
413677,416563,416566,3,2886
413677,416498,416566,68,2821
413677,416502,416567,65,2825
413677,416563,416566,3,2886
413677,416508,416573,65,2831
413677,416513,416575,62,2836
413677,416531,416575,44,2854
413677,416518,416579,61,2841
413677,416502,416579,77,2825
413677,416515,416582,67,2838
413677,416508,416583,75,2831
413677,416512,416584,72,2835
413677,416508,416588,80,2831
413677,416538,416589,51,2861
413677,416520,416590,70,2843
413677,416536,416591,55,2859
413677,416516,416593,77,2839
413677,416525,416595,70,2848
413677,416520,416595,75,2843
413677,416526,416597,71,2849
413677,416532,416597,65,2855
413677,416521,416598,77,2844
413677,416516,416598,82,2839
413677,416524,416601,77,2847
413677,416522,416600,78,2845
413677,416532,416603,71,2855
414305,416565,416606,41,2260
414305,416568,416606,38,2263
414305,416567,416607,40,2262
414305,416606,416608,2,2301
414305,416606,416608,2,2301
414305,416607,416609,2,2302
414305,416603,416609,6,2298
413677,416531,416610,79,2854
414305,416608,416610,2,2303
414305,416608,416610,2,2303
414305,416609,416611,2,2304
414305,416610,416612,2,2305
414305,416609,416612,3,2304
414305,416610,416611,1,2305
414305,416611,416613,2,2306
414305,416601,416613,12,2296
414305,416575,416612,37,2270
414305,416610,416612,2,2305
414305,416601,416614,13,2296
414305,416612,416614,2,2307
414305,416612,416613,1,2307
414305,416613,416615,2,2308
414305,416612,416614,2,2307
414305,416613,416615,2,2308
414305,416613,416614,1,2308
414305,416613,416616,3,2308
414305,416614,416616,2,2309
414305,416614,416616,2,2309
414305,416615,416617,2,2310
414305,416614,416617,3,2309
414305,416566,416617,51,2261
414305,416565,416617,52,2260
414305,416579,416618,39,2274
414305,416565,416617,52,2260
414305,416615,416618,3,2310
414305,416564,416618,54,2259
414305,416597,416618,21,2292
414305,416616,416617,1,2311
414305,416615,416618,3,2310
414305,416616,416619,3,2311
414305,416617,416619,2,2312
414305,416616,416618,2,2311
414305,416566,416619,53,2261
414305,416564,416620,56,2259
414305,416617,416619,2,2312
414305,416573,416621,48,2268
414305,416617,416620,3,2312
414305,416565,416622,57,2260
414305,416599,416622,23,2294
414305,416617,416623,6,2312
414305,416566,416626,60,2261
414305,416582,416627,45,2277
414305,416563,416627,64,2258
414305,416575,416628,53,2270
414305,416617,416631,14,2312
414305,416584,416632,48,2279
414305,416597,416634,37,2292
414305,416579,416635,56,2274
414305,416619,416636,17,2314
414305,416589,416638,49,2284
414305,416583,416640,57,2278
414305,416596,416642,46,2291
414305,416620,416645,25,2315
414305,416591,416646,55,2286
414305,416619,416647,28,2314
414305,416598,416647,49,2293
414305,416591,416648,57,2286
414305,416588,416647,59,2283
414305,416595,416649,54,2290
414305,416595,416650,55,2290
414305,416618,416653,35,2313
414305,416618,416659,41,2313
414305,416636,416663,27,2331
414305,416619,416663,44,2314
414305,416618,416666,48,2313
414305,416635,416668,33,2330
414305,416620,416674,54,2315
414305,416619,416676,57,2314
414305,416621,416679,58,2316
414305,416618,416680,62,2313
414305,416618,416681,63,2313
414305,416619,416681,62,2314
414305,416623,416681,58,2318
414305,416627,416683,56,2322
414305,416619,416683,64,2314
414305,416621,416685,64,2316
414305,416663,416689,26,2358
414305,416627,416690,63,2322
414305,416622,416690,68,2317
414305,416622,416691,69,2317
413309,415806,416691,885,2497
414305,416629,416690,61,2324
414305,416627,416694,67,2322
414305,416634,416695,61,2329
414305,416690,416697,7,2385
414305,416691,416697,6,2386
414305,416632,416699,67,2327
414305,416638,416699,61,2333
414305,416631,416702,71,2326
414305,416640,416706,66,2335
414305,416647,416706,59,2342
414305,416649,416707,58,2344
414305,416643,416710,67,2338
414305,416645,416711,66,2340
414305,416648,416713,65,2343
414305,416648,416713,65,2343
414305,416661,416714,53,2356
414305,416653,416714,61,2348
414305,416647,416714,67,2342
414305,416650,416715,65,2345
414305,416646,416715,69,2341
414305,416681,416717,36,2376
414305,416666,416719,53,2361
414305,416717,416720,3,2412
414305,416715,416720,5,2410
414305,416663,416720,57,2358
414305,416716,416720,4,2411
414305,416719,416722,3,2414
414305,416714,416722,8,2409
414305,416715,416721,6,2410
414305,416720,416723,3,2415
414305,416714,416723,9,2409
414305,416720,416724,4,2415
414305,416720,416724,4,2415
414305,416722,416725,3,2417
414305,416722,416725,3,2417
414305,416721,416724,3,2416
414305,416723,416726,3,2418
414305,416722,416726,4,2417
414305,416681,416726,45,2376
414305,416723,416727,4,2418
414305,416713,416727,14,2408
414305,416725,416728,3,2420
414305,416724,416728,4,2419
414305,416724,416728,4,2419
414305,416725,416729,4,2420
414305,416676,416729,53,2371
414305,416674,416730,56,2369
414305,416697,416731,34,2392
414305,416713,416731,18,2408
414305,416691,416734,43,2386
414305,416706,416735,29,2401
414305,416694,416736,42,2389
414305,416679,416737,58,2374
414305,416696,416740,44,2391
414305,416689,416740,51,2384
414305,416706,416740,34,2401
414305,416668,416740,72,2363
414305,416683,416741,58,2378
414305,416690,416741,51,2385
414305,416707,416745,38,2402
414305,416691,416748,57,2386
414305,416680,416748,68,2375
414305,416683,416752,69,2378
414305,416685,416752,67,2380
414305,416681,416754,73,2376
414305,416710,416755,45,2405
414305,416702,416756,54,2397
414479,416730,416763,33,2251
414305,416697,416766,69,2392
414305,416699,416769,70,2394
414305,416711,416770,59,2406
414305,416699,416771,72,2394
414479,416771,416774,3,2292
414479,416770,416774,4,2291
414479,416734,416775,41,2255
414479,416774,416776,2,2295
414479,416774,416777,3,2295
414479,416769,416777,8,2290
414479,416728,416777,49,2249
414479,416726,416776,50,2247
414479,416775,416776,1,2296
414479,416727,416776,49,2248
414479,416776,416779,3,2297
414479,416777,416779,2,2298
414479,416777,416779,2,2298
414479,416777,416780,3,2298
414479,416778,416780,2,2299
414479,416777,416779,2,2298
414479,416778,416779,1,2299
414479,416779,416781,2,2300
414479,416727,416781,54,2248
414479,416779,416782,3,2300
414479,416779,416782,3,2300
414479,416780,416783,3,2301
414479,416781,416782,1,2302
414479,416780,416783,3,2301
414479,416781,416783,2,2302
414479,416780,416782,2,2301
414479,416781,416784,3,2302
414479,416729,416784,55,2250
414479,416783,416785,2,2304
414479,416783,416784,1,2304
414479,416782,416785,3,2303
414479,416782,416784,2,2303
414479,416729,416785,56,2250
414479,416783,416785,2,2304
414479,416726,416785,59,2247
414479,416728,416786,58,2249
414479,416783,416786,3,2304
414479,416735,416787,52,2256
414479,416766,416787,21,2287
414479,416745,416787,42,2266
414479,416784,416787,3,2305
414479,416728,416787,59,2249
414479,416784,416786,2,2305
414479,416740,416788,48,2261
414479,416785,416788,3,2306
414479,416784,416787,3,2305
414479,416737,416788,51,2258
414479,416748,416789,41,2269
414479,416727,416789,62,2248
414479,416742,416788,46,2263
414479,416736,416790,54,2257
414479,416741,416791,50,2262
414479,416763,416791,28,2284
414479,416785,416790,5,2306
414479,416740,416792,52,2261
414479,416756,416792,36,2277
414479,416731,416792,61,2252
414479,416731,416794,63,2252
414479,416740,416796,56,2261
414479,416748,416797,49,2269
414479,416785,416799,14,2306
414479,416755,416800,45,2276
414479,416752,416801,49,2273
414479,416740,416803,63,2261
414479,416752,416803,51,2273
414479,416754,416804,50,2275
414479,416785,416805,20,2306
414479,416785,416817,32,2306
414479,416792,416827,35,2313
414479,416792,416829,37,2313
414479,416787,416832,45,2308
414479,416788,416844,56,2309
414479,416785,416845,60,2306
414479,416787,416846,59,2308
414479,416789,416845,56,2310
414479,416791,416847,56,2312
414479,416788,416846,58,2309
414479,416789,416849,60,2310
414479,416789,416849,60,2310
414479,416789,416852,63,2310
414479,416786,416853,67,2307
414479,416787,416853,66,2308
414479,416788,416855,67,2309
414479,416787,416855,68,2308
414479,416801,416856,55,2322
414479,416787,416857,70,2308
414479,416787,416857,70,2308
414479,416790,416858,68,2311
414479,416787,416859,72,2308
414479,416787,416859,72,2308
414479,416803,416861,58,2324
414479,416796,416862,66,2317
414479,416792,416862,70,2313
414479,416791,416863,72,2312
414479,416797,416864,67,2318
414479,416792,416866,74,2313
414479,416805,416866,61,2326
414479,416794,416868,74,2315
414479,416800,416871,71,2321
414479,416799,416871,72,2320
414479,416803,416872,69,2324
414479,416817,416875,58,2338
414479,416804,416876,72,2325
414479,416827,416882,55,2348
414479,416829,416890,61,2350
414479,416883,416891,8,2404
414479,416893,416900,7,2414
414479,416890,416900,10,2411
414479,416846,416902,56,2367
414479,416844,416902,58,2365
414479,416876,416904,28,2397
414479,416845,416904,59,2366
414479,416900,416905,5,2421
414479,416849,416905,56,2370
414479,416832,416905,73,2353
414479,416847,416906,59,2368
414479,416901,416907,6,2422
414479,416902,416906,4,2423
414479,416846,416907,61,2367
414479,416903,416907,4,2424
414479,416905,416908,3,2426
414479,416847,416908,61,2368
414479,416905,416908,3,2426
414479,416904,416908,4,2425
414479,416904,416907,3,2425
414479,416905,416909,4,2426
414479,416849,416909,60,2370
414479,416907,416910,3,2428
414479,416906,416909,3,2427
414479,416907,416911,4,2428
414479,416908,416911,3,2429
414479,416853,416912,59,2374
414479,416908,416911,3,2429
414479,416908,416911,3,2429
414479,416908,416911,3,2429
414479,416908,416911,3,2429
414479,416908,416914,6,2429
414479,416867,416914,47,2388
414479,416868,416917,49,2389
414479,416855,416917,62,2376
414479,416856,416919,63,2377
414479,416854,416920,66,2375
414479,416855,416921,66,2376
414479,416862,416920,58,2383
414479,416853,416923,70,2374
414479,416857,416922,65,2378
414479,416858,416924,66,2379
414479,416864,416923,59,2385
414479,416859,416925,66,2380
414479,416860,416926,66,2381
414479,416861,416929,68,2382
414479,416875,416929,54,2396
414479,416863,416930,67,2384
414479,416858,416930,72,2379
414479,416862,416930,68,2383
414479,416866,416937,71,2387
414479,416872,416945,73,2393
414479,416871,416946,75,2392
414519,416911,416949,38,2392
414519,416911,416950,39,2392
414479,416871,416951,80,2392
414519,416950,416954,4,2431
414519,416951,416954,3,2432
414519,416954,416956,2,2435
414519,416912,416956,44,2393
414519,416954,416957,3,2435
414519,416910,416957,47,2391
414519,416949,416958,9,2430
414519,416912,416958,46,2393
414519,416956,416957,1,2437
414519,416956,416958,2,2437
414519,416957,416959,2,2438
414519,416957,416959,2,2438
414519,416958,416960,2,2439
414519,416959,416960,1,2440
414519,416958,416959,1,2439
414519,416913,416960,47,2394
414519,416913,416961,48,2394
414519,416959,416961,2,2440
414519,416960,416962,2,2441
414519,416960,416962,2,2441
414519,416959,416962,3,2440
414519,416910,416963,53,2391
414519,416960,416962,2,2441
414519,416961,416962,1,2442
414519,416961,416962,1,2442
414519,416960,416962,2,2441
414519,416961,416963,2,2442
414519,416910,416964,54,2391
414519,416962,416963,1,2443
414519,416962,416963,1,2443
414519,416962,416965,3,2443
414519,416963,416965,2,2444
414519,416963,416964,1,2444
414519,416912,416964,52,2393
414519,416963,416964,1,2444
414519,416963,416965,2,2444
414519,416914,416966,52,2395
414519,416930,416966,36,2411
414519,416925,416966,41,2406
414519,416963,416965,2,2444
414519,416963,416965,2,2444
414519,416909,416967,58,2390
414519,416964,416967,3,2445
414519,416964,416968,4,2445
414519,416919,416968,49,2400
414519,416914,416968,54,2395
414519,416930,416971,41,2411
414519,416929,416973,44,2410
414519,416965,416974,9,2446
414519,416946,416974,28,2427
414519,416923,416976,53,2404
414519,416917,416976,59,2398
414519,416918,416975,57,2399
414519,416937,416976,39,2418
414519,416945,416978,33,2426
414519,416921,416978,57,2402
414519,416920,416980,60,2401
414519,416930,416980,50,2411
414519,416925,416981,56,2406
414519,416924,416983,59,2405
414519,416921,416983,62,2402
414519,416923,416984,61,2404
414519,416929,416986,57,2410
414519,416926,416987,61,2407
414519,416965,416992,27,2446
413342,416022,416995,973,2680
414519,416965,417008,43,2446
414519,416974,417012,38,2455
414519,416965,417015,50,2446
414519,416965,417016,51,2446
414519,416966,417015,49,2447
414519,416967,417022,55,2448
414519,416965,417022,57,2446
414519,416965,417022,57,2446
414519,416968,417025,57,2449
414519,416967,417031,64,2448
414519,416966,417031,65,2447
414519,416966,417031,65,2447
414519,416966,417030,64,2447
414519,416973,417032,59,2454
414519,416969,417032,63,2450
414519,416976,417033,57,2457
414519,416974,417033,59,2455
414519,416968,417037,69,2449
414519,416971,417038,67,2452
414519,416976,417039,63,2457
414519,416966,417039,73,2447
414519,416984,417044,60,2465
414519,416981,417044,63,2462
414519,416980,417046,66,2461
414519,416976,417047,71,2457
414519,416976,417048,72,2457
414519,416978,417049,71,2459
414519,416978,417049,71,2459
414519,416984,417051,67,2465
414519,416983,417052,69,2464
414519,416980,417053,73,2461
414519,416995,417053,58,2476
414519,416987,417055,68,2468
414519,416986,417057,71,2467
413487,416197,417063,866,2710
414519,416992,417064,72,2473
414519,417008,417065,57,2489
414519,417012,417065,53,2493
414519,417016,417070,54,2497
414519,417015,417073,58,2496
414519,417016,417075,59,2497
414519,417073,417076,3,2554
414519,417022,417077,55,2503
414519,417022,417078,56,2503
414519,417070,417078,8,2551
414519,417065,417080,15,2546
414519,417075,417081,6,2556
414519,417078,417083,5,2559
414519,417077,417083,6,2558
414519,417077,417084,7,2558
414519,417079,417083,4,2560
414519,417031,417084,53,2512
414519,417081,417085,4,2562
414519,417025,417085,60,2506
414519,417080,417085,5,2561
414519,417023,417085,62,2504
414519,417084,417087,3,2565
414519,417084,417087,3,2565
414519,417083,417086,3,2564
414519,417085,417088,3,2566
414519,417085,417089,4,2566
414519,417085,417088,3,2566
414519,417084,417088,4,2565
414519,417085,417089,4,2566
414519,417085,417089,4,2566
414519,417087,417092,5,2568
414519,417032,417092,60,2513
414519,417087,417093,6,2568
414519,417031,417096,65,2512
414519,417039,417098,59,2520
414519,417033,417099,66,2514
414519,417031,417099,68,2512
414519,417038,417101,63,2519
414519,417034,417103,69,2515
414519,417033,417103,70,2514
414519,417037,417106,69,2518
414519,417053,417107,54,2534
414519,417065,417108,43,2546
414519,417044,417107,63,2525
414519,417047,417109,62,2528
414519,417031,417109,78,2512
414519,417044,417111,67,2525
414519,417040,417110,70,2521
414519,417053,417111,58,2534
414519,417050,417116,66,2531
414519,417049,417119,70,2530
414519,417051,417121,70,2532
414519,417063,417121,58,2544
414519,417047,417121,74,2528
414519,417048,417122,74,2529
414519,417064,417122,58,2545
414519,417052,417124,72,2533
414519,417055,417126,71,2536
414519,417057,417129,72,2538
414549,417089,417131,42,2540
414549,417129,417133,4,2580
414549,417131,417134,3,2582
414549,417133,417135,2,2584
414549,417127,417136,9,2578
414549,417134,417135,1,2585
414549,417135,417138,3,2586
414549,417136,417138,2,2587
414549,417136,417138,2,2587
414549,417090,417139,49,2541
414549,417138,417140,2,2589
414549,417138,417140,2,2589
414549,417138,417140,2,2589
414549,417088,417140,52,2539
414549,417094,417141,47,2545
414549,417089,417140,51,2540
414549,417140,417141,1,2591
414549,417139,417141,2,2590
414549,417092,417142,50,2543
414549,417141,417143,2,2592
414549,417089,417143,54,2540
414549,417141,417143,2,2592
414549,417141,417143,2,2592
414549,417141,417143,2,2592
414549,417140,417142,2,2591
414549,417141,417144,3,2592
414549,417141,417143,2,2592
414549,417089,417143,54,2540
414549,417143,417145,2,2594
414549,417143,417145,2,2594
414549,417143,417144,1,2594
414549,417143,417144,1,2594
414549,417125,417146,21,2576
414549,417143,417146,3,2594
414549,417143,417145,2,2594
414549,417144,417145,1,2595
414549,417144,417147,3,2595
414549,417144,417146,2,2595
414549,417143,417146,3,2594
414549,417123,417146,23,2574
414549,417092,417147,55,2543
414549,417145,417148,3,2596
414549,417145,417147,2,2596
414549,417146,417152,6,2597
414549,417111,417154,43,2562
414549,417100,417154,54,2551
414549,417096,417155,59,2547
414549,417122,417156,34,2573
414549,417101,417156,55,2552
414549,417098,417160,62,2549
414549,417103,417160,57,2554
414549,417146,417160,14,2597
414549,417109,417162,53,2560
414549,417108,417162,54,2559
414549,417108,417162,54,2559
414549,417103,417165,62,2554
414549,417111,417165,54,2562
414549,417121,417166,45,2572
414549,417099,417166,67,2550
414549,417106,417166,60,2557
414549,417107,417169,62,2558
414549,417120,417170,50,2571
414549,417109,417174,65,2560
414549,417111,417174,63,2562
414549,417122,417174,52,2573
414549,417146,417175,29,2597
414549,417148,417176,28,2599
414549,417117,417177,60,2568
414549,417121,417181,60,2572
414549,417162,417182,20,2613
414549,417146,417190,44,2597
414549,417147,417197,50,2598
414549,417146,417202,56,2597
414549,417146,417203,57,2597
414549,417147,417206,59,2598
414549,417147,417209,62,2598
414549,417147,417210,63,2598
414549,417148,417210,62,2599
414549,417152,417210,58,2603
414549,417154,417214,60,2605
414549,417147,417217,70,2598
414549,417162,417217,55,2613
414549,417155,417221,66,2606
414549,417160,417222,62,2611
414549,417154,417225,71,2605
414549,417156,417225,69,2607
414549,417157,417228,71,2608
414549,417160,417229,69,2611
414549,417176,417231,55,2627
414549,417160,417232,72,2611
414549,417166,417232,66,2617
414549,417162,417234,72,2613
414549,417165,417233,68,2616
414549,417175,417235,60,2626
414549,417165,417237,72,2616
414549,417167,417238,71,2618
414549,417174,417240,66,2625
414549,417174,417241,67,2625
414549,417166,417242,76,2617
414549,417169,417243,74,2620
414549,417170,417244,74,2621
414549,417181,417251,70,2632
414549,417197,417252,55,2648
414549,417174,417253,79,2625
414549,417177,417253,76,2628
414549,417182,417254,72,2633
414549,417203,417260,57,2654
414549,417206,417264,58,2657
414549,417190,417266,76,2641
414549,417254,417266,12,2705
413503,416375,417266,891,2872
414549,417261,417267,6,2712
414549,417232,417267,35,2683
414549,417210,417269,59,2661
414549,417266,417270,4,2717
414549,417264,417269,5,2715
414549,417202,417271,69,2653
414549,417210,417271,61,2661
414549,417268,417271,3,2719
414549,417266,417272,6,2717
414549,417269,417272,3,2720
414549,417266,417272,6,2717
414549,417268,417273,5,2719
414549,417211,417273,62,2662
414549,417270,417274,4,2721
414549,417270,417274,4,2721
414549,417271,417275,4,2722
414549,417271,417275,4,2722
414549,417271,417274,3,2722
414549,417272,417276,4,2723
414549,417272,417276,4,2723
414549,417214,417276,62,2665
414549,417253,417277,24,2704
414549,417272,417277,5,2723
414549,417273,417277,4,2724
414549,417274,417278,4,2725
414549,417273,417277,4,2724
414549,417217,417280,63,2668
414549,417222,417285,63,2673
414549,417217,417287,70,2668
414549,417210,417288,78,2661
414549,417231,417289,58,2682
414549,417232,417295,63,2683
414549,417221,417296,75,2672
414549,417235,417298,63,2686
414549,417225,417298,73,2676
414549,417226,417299,73,2677
414549,417229,417300,71,2680
414549,417228,417300,72,2679
414549,417252,417303,51,2703
414549,417234,417306,72,2685
414549,417238,417308,70,2689
414549,417237,417311,74,2688
414549,417243,417311,68,2694
414549,417253,417312,59,2704
414549,417234,417312,78,2685
414549,417240,417313,73,2691
414549,417241,417315,74,2692
414549,417242,417317,75,2693
414603,417275,417319,44,2672
414603,417275,417319,44,2672
414603,417276,417320,44,2673
414603,417276,417321,45,2673
414603,417295,417322,27,2692
414549,417244,417322,78,2695
414603,417275,417323,48,2672
414603,417319,417323,4,2716
414603,417277,417323,46,2674
414603,417320,417323,3,2717
414603,417321,417322,1,2718
414603,417280,417323,43,2677
414603,417322,417324,2,2719
414603,417276,417324,48,2673
414603,417323,417325,2,2720
414603,417324,417325,1,2721
414603,417323,417324,1,2720
414603,417324,417325,1,2721
414603,417322,417325,3,2719
414603,417319,417325,6,2716
414603,417323,417325,2,2720
414603,417277,417326,49,2674
414603,417324,417325,1,2721
414603,417278,417326,48,2675
414603,417323,417326,3,2720
414549,417251,417326,75,2702
414603,417324,417326,2,2721
414603,417325,417327,2,2722
414603,417325,417327,2,2722
414603,417325,417326,1,2722
414603,417326,417327,1,2723
414603,417325,417328,3,2722
414603,417325,417328,3,2722
414603,417325,417328,3,2722
414603,417277,417328,51,2674
414603,417326,417328,2,2723
414603,417325,417327,2,2722
414603,417326,417327,1,2723
414603,417326,417327,1,2723
414603,417327,417329,2,2724
414603,417326,417328,2,2723
414603,417326,417328,2,2723
414603,417327,417330,3,2724
414603,417327,417329,2,2724
414603,417327,417330,3,2724
414603,417328,417332,4,2725
414603,417278,417335,57,2675
414603,417285,417337,52,2682
414603,417289,417337,48,2686
414603,417303,417338,35,2700
414603,417328,417339,11,2725
414603,417298,417339,41,2695
414603,417288,417340,52,2685
414603,417287,417343,56,2684
414603,417329,417346,17,2726
414603,417306,417347,41,2703
414603,417315,417348,33,2712
414603,417300,417348,48,2697
414603,417300,417349,49,2697
414603,417317,417350,33,2714
414603,417314,417351,37,2711
414603,417296,417351,55,2693
414603,417328,417354,26,2725
414603,417312,417354,42,2709
414603,417308,417357,49,2705
414603,417298,417357,59,2695
414603,417329,417359,30,2726
414603,417329,417359,30,2726
414603,417311,417359,48,2708
414603,417299,417361,62,2696
414603,417312,417361,49,2709
414603,417311,417362,51,2708
414603,417328,417374,46,2725
414603,417330,417375,45,2727
414603,417328,417379,51,2725
414603,417331,417381,50,2728
414603,417329,417383,54,2726
414603,417330,417384,54,2727
414603,417348,417385,37,2745
414603,417338,417387,49,2735
414603,417349,417388,39,2746
414603,417337,417392,55,2734
414603,417332,417393,61,2729
414603,417339,417394,55,2736
414603,417346,417394,48,2743
414603,417335,417395,60,2732
414603,417329,417394,65,2726
414603,417337,417396,59,2734
414603,417329,417396,67,2726
414603,417340,417400,60,2737
414603,417339,417402,63,2736
414603,417344,417401,57,2741
414603,417347,417410,63,2744
414603,417351,417411,60,2748
414603,417350,417412,62,2747
414603,417348,417413,65,2745
414603,417354,417414,60,2751
414603,417359,417414,55,2756
414603,417357,417418,61,2754
414603,417359,417419,60,2756
414603,417351,417420,69,2748
414603,417362,417419,57,2759
414603,417357,417421,64,2754
414603,417356,417423,67,2753
414603,417361,417424,63,2758
414603,417374,417426,52,2771
414603,417359,417427,68,2756
414603,417361,417427,66,2758
414603,417375,417431,56,2772
414603,417392,417432,40,2789
414603,417396,417432,36,2793
414603,417382,417435,53,2779
414603,417432,417437,5,2829
413678,416563,417439,876,2885
414603,417384,417440,56,2781
414603,417427,417441,14,2824
414603,417383,417441,58,2780
414603,417387,417441,54,2784
414603,417396,417441,45,2793
414603,417431,417442,11,2828
414603,417432,417441,9,2829
414603,417435,417441,6,2832
414603,417439,417443,4,2836
414603,417379,417442,63,2776
414603,417437,417443,6,2834
414603,417440,417444,4,2837
414603,417441,417445,4,2838
414603,417441,417445,4,2838
414603,417427,417445,18,2824
414603,417442,417446,4,2839
414603,417394,417447,53,2791
414603,417442,417446,4,2839
414603,417443,417447,4,2840
414603,417441,417447,6,2838
414603,417441,417447,6,2838
414603,417443,417447,4,2840
414603,417444,417449,5,2841
414603,417394,417449,55,2791
414603,417444,417450,6,2841
414603,417444,417450,6,2841
414603,417445,417452,7,2842
414603,417388,417455,67,2785
414603,417393,417455,62,2790
414603,417385,417456,71,2782
414603,417395,417461,66,2792
414603,417395,417461,66,2792
414603,417414,417462,48,2811
414603,417426,417463,37,2823
414603,417402,417464,62,2799
414603,417400,417466,66,2797
414603,417402,417466,64,2799
414603,417413,417467,54,2810
414603,417414,417472,58,2811
414603,417419,417472,53,2816
414603,417410,417475,65,2807
414603,417412,417475,63,2809
414603,417411,417476,65,2808
414603,417420,417480,60,2817
414603,417418,417481,63,2815
414603,417420,417484,64,2817
414603,417425,417487,62,2822
414924,417447,417488,41,2523
414924,417447,417490,43,2523
414924,417446,417490,44,2522
414603,417423,417491,68,2820
414603,417421,417491,70,2818
414924,417447,417492,45,2523
414924,417445,417491,46,2521
414924,417490,417493,3,2566
414924,417449,417493,44,2525
414924,417492,417494,2,2568
414924,417491,417494,3,2567
414924,417491,417493,2,2567
414924,417493,417495,2,2569
414924,417452,417495,43,2528
414924,417494,417495,1,2570
414924,417492,417495,3,2568
414924,417447,417496,49,2523
414924,417447,417496,49,2523
414924,417494,417496,2,2570
414924,417494,417495,1,2570
414924,417495,417497,2,2571
414924,417495,417497,2,2571
414924,417495,417497,2,2571
414924,417496,417498,2,2572
414924,417490,417497,7,2566
414924,417496,417498,2,2572
414924,417495,417497,2,2571
414924,417496,417498,2,2572
414924,417497,417499,2,2573
414924,417451,417498,47,2527
414924,417451,417498,47,2527
414924,417497,417499,2,2573
414924,417496,417499,3,2572
414924,417497,417499,2,2573
414924,417496,417499,3,2572
414924,417498,417500,2,2574
414924,417498,417500,2,2574
414924,417498,417501,3,2574
414924,417498,417500,2,2574
414924,417499,417501,2,2575
414924,417498,417500,2,2574
414924,417499,417501,2,2575
414924,417499,417501,2,2575
414924,417499,417502,3,2575
414924,417488,417503,15,2564
414924,417476,417504,28,2552
414924,417499,417505,6,2575
414924,417455,417506,51,2531
414924,417463,417506,43,2539
414924,417462,417508,46,2538
414924,417455,417511,56,2531
414924,417447,417511,64,2523
414924,417467,417512,45,2543
414924,417449,417513,64,2525
414924,417466,417515,49,2542
414924,417499,417515,16,2575
414924,417456,417515,59,2532
414924,417461,417516,55,2537
414924,417461,417518,57,2537
414924,417472,417519,47,2548
414924,417475,417521,46,2551
414924,417465,417522,57,2541
414924,417484,417522,38,2560
414924,417487,417524,37,2563
414924,417481,417524,43,2557
414924,417475,417525,50,2551
414924,417467,417525,58,2543
414924,417472,417527,55,2548
414924,417502,417532,30,2578
414924,417480,417532,52,2556
414924,417499,417537,38,2575
414924,417501,417551,50,2577
414924,417500,417551,51,2576
414924,417505,417553,48,2581
414924,417507,417554,47,2583
414924,417502,417554,52,2578
414924,417503,417555,52,2579
414924,417502,417554,52,2578
414924,417501,417556,55,2577
414924,417501,417556,55,2577
414924,417501,417555,54,2577
414924,417500,417556,56,2576
414924,417505,417564,59,2581
414924,417508,417564,56,2584
414924,417515,417565,50,2591
414924,417506,417571,65,2582
414924,417511,417574,63,2587
414924,417519,417575,56,2595
414924,417518,417576,58,2594
414924,417515,417576,61,2591
414924,417515,417577,62,2591
414924,417513,417579,66,2589
414924,417511,417580,69,2587
414924,417513,417581,68,2589
414924,417521,417584,63,2597
414924,417524,417584,60,2600
414924,417516,417586,70,2592
414924,417522,417589,67,2598
414924,417527,417590,63,2603
414924,417524,417591,67,2600
414924,417525,417591,66,2601
414924,417522,417594,72,2598
414924,417525,417595,70,2601
414924,417532,417596,64,2608
414924,417538,417602,64,2614
414924,417532,417604,72,2608
414924,417555,417605,50,2631
414924,417554,417605,51,2630
414924,417555,417606,51,2631
414924,417556,417607,51,2632
414924,417553,417608,55,2629
414924,417556,417608,52,2632
414924,417554,417608,54,2630
414924,417556,417609,53,2632
414924,417608,417613,5,2684
414924,417608,417613,5,2684
414924,417609,417614,5,2685
414924,417551,417614,63,2627
414924,417609,417615,6,2685
414924,417608,417615,7,2684
414924,417551,417615,64,2627
414924,417609,417616,7,2685
414924,417564,417617,53,2640
414924,417606,417618,12,2682
414924,417613,417618,5,2689
414924,417613,417617,4,2689
414924,417614,417619,5,2690
414924,417615,417619,4,2691
414924,417566,417619,53,2642
414924,417614,417620,6,2690
414924,417616,417620,4,2692
414924,417616,417620,4,2692
414924,417615,417619,4,2691
414924,417617,417622,5,2693
414924,417594,417623,29,2670
414924,417618,417623,5,2694
414924,417556,417624,68,2632
414924,417619,417624,5,2695
414924,417619,417624,5,2695
414924,417618,417624,6,2694
414924,417564,417627,63,2640
414924,417605,417628,23,2681
414924,417575,417630,55,2651
414924,417574,417633,59,2650
414924,417571,417634,63,2647
414924,417585,417635,50,2661
414924,417576,417637,61,2652
414924,417581,417640,59,2657
414924,417580,417640,60,2656
414924,417605,417641,36,2681
414924,417578,417641,63,2654
414924,417576,417645,69,2652
414924,417584,417650,66,2660
414924,417579,417650,71,2655
414924,417589,417651,62,2665
414924,417593,417652,59,2669
414924,417586,417652,66,2662
414924,417590,417656,66,2666
414924,417596,417659,63,2672
414924,417591,417659,68,2667
415178,417619,417661,42,2441
415178,417620,417663,43,2442
415178,417625,417663,38,2447
414924,417595,417664,69,2671
415178,417625,417665,40,2447
415178,417622,417667,45,2444
414924,417602,417667,65,2678
415178,417620,417668,48,2442
415178,417667,417669,2,2489
415178,417669,417671,2,2491
415178,417665,417671,6,2487
415178,417668,417671,3,2490
415178,417623,417671,48,2445
415178,417623,417672,49,2445
415178,417625,417672,47,2447
415178,417669,417671,2,2491
415178,417671,417673,2,2493
415178,417672,417674,2,2494
415178,417672,417674,2,2494
415178,417671,417673,2,2493
415178,417671,417674,3,2493
415178,417671,417674,3,2493
415178,417620,417674,54,2442
415178,417673,417675,2,2495
415178,417620,417675,55,2442
415178,417673,417674,1,2495
415178,417674,417676,2,2496
415178,417674,417676,2,2496
415178,417674,417677,3,2496
415178,417674,417677,3,2496
415178,417674,417676,2,2496
415178,417674,417677,3,2496
415178,417675,417678,3,2497
415178,417628,417677,49,2450
415178,417676,417678,2,2498
415178,417630,417679,49,2452
415178,417675,417679,4,2497
415178,417676,417679,3,2498
415178,417676,417679,3,2498
415178,417624,417681,57,2446
415178,417664,417681,17,2486
415178,417633,417683,50,2455
415178,417677,417683,6,2499
415178,417664,417685,21,2486
415178,417627,417687,60,2449
415178,417641,417688,47,2463
415178,417677,417689,12,2499
415178,417635,417690,55,2457
415178,417634,417690,56,2456
415178,417641,417692,51,2463
415178,417677,417693,16,2499
415178,417663,417695,32,2485
415178,417637,417696,59,2459
415178,417646,417699,53,2468
415178,417641,417701,60,2463
415178,417661,417702,41,2483
415178,417652,417704,52,2474
415178,417650,417704,54,2472
415178,417659,417705,46,2481
415178,417659,417706,47,2481
415178,417640,417706,66,2462
415178,417656,417708,52,2478
415178,417652,417709,57,2474
415178,417677,417709,32,2499
415178,417651,417710,59,2473
415178,417650,417711,61,2472
415178,417678,417711,33,2500
415178,417690,417714,24,2512
415178,417678,417715,37,2500
415178,417692,417716,24,2514
415178,417678,417719,41,2500
415178,417679,417727,48,2501
415178,417679,417727,48,2501
415178,417679,417727,48,2501
415178,417680,417732,52,2502
415178,417685,417735,50,2507
415178,417688,417736,48,2510
415178,417687,417740,53,2509
415178,417681,417741,60,2503
415178,417683,417744,61,2505
415178,417681,417745,64,2503
415178,417683,417746,63,2505
415178,417695,417748,53,2517
415178,417689,417749,60,2511
415178,417693,417753,60,2515
415178,417690,417753,63,2512
415178,417702,417756,54,2524
415178,417710,417758,48,2532
415178,417704,417760,56,2526
415178,417696,417763,67,2518
415178,417719,417763,44,2541
415178,417709,417764,55,2531
415178,417699,417765,66,2521
415178,417705,417765,60,2527
415178,417711,417765,54,2533
415178,417701,417765,64,2523
415178,417715,417766,51,2537
415178,417706,417767,61,2528
415178,417716,417769,53,2538
415178,417708,417771,63,2530
415178,417704,417770,66,2526
415178,417709,417771,62,2531
415178,417706,417773,67,2528
415178,417714,417776,62,2536
415178,417711,417777,66,2533
415178,417727,417777,50,2549
415178,417727,417781,54,2549
415178,417737,417784,47,2559
415178,417771,417784,13,2593
415178,417727,417785,58,2549
415178,417774,417786,12,2596
415178,417732,417787,55,2554
415178,417735,417788,53,2557
415178,417787,417793,6,2609
415178,417789,417793,4,2611
415178,417786,417796,10,2608
415178,417793,417796,3,2615
415178,417793,417796,3,2615
415178,417753,417798,45,2575
415178,417796,417799,3,2618
415178,417796,417799,3,2618
415178,417796,417800,4,2618
415178,417798,417801,3,2620
415178,417785,417801,16,2607
415178,417799,417802,3,2621
415178,417799,417802,3,2621
415178,417748,417801,53,2570
415178,417761,417802,41,2583
415178,417784,417802,18,2606
415178,417800,417803,3,2622
415178,417801,417804,3,2623
415178,417740,417804,64,2562
415178,417741,417805,64,2563
415178,417802,417805,3,2624
415178,417802,417806,4,2624
415178,417802,417805,3,2624
415178,417801,417805,4,2623
415178,417749,417807,58,2571
415178,417802,417807,5,2624
415178,417744,417807,63,2566
415178,417745,417809,64,2567
415178,417756,417810,54,2578
415178,417753,417811,58,2575
415178,417746,417814,68,2568
415178,417764,417814,50,2586
415178,417763,417818,55,2585
415178,417765,417818,53,2587
415178,417758,417818,60,2580
415178,417766,417818,52,2588
415178,417765,417824,59,2587
415178,417763,417824,61,2585
415178,417784,417826,42,2606
415178,417766,417828,62,2588
415178,417765,417830,65,2587
415178,417767,417829,62,2589
415178,417777,417831,54,2599
415178,417771,417833,62,2593
415178,417781,417834,53,2603
415178,417771,417833,62,2593
415178,417769,417839,70,2591
415178,417777,417841,64,2599
415178,417776,417844,68,2598
415547,417806,417849,43,2259
415547,417805,417852,47,2258
415547,417852,417854,2,2305
415547,417810,417855,45,2263
415547,417849,417856,7,2302
415547,417854,417856,2,2307
415547,417803,417857,54,2256
415547,417855,417856,1,2308
415547,417856,417858,2,2309
415547,417856,417858,2,2309
415547,417805,417859,54,2258
415547,417806,417859,53,2259
415547,417857,417859,2,2310
415547,417858,417859,1,2311
415547,417804,417860,56,2257
415547,417858,417859,1,2311
414479,416909,417860,951,2430
415547,417858,417859,1,2311
415547,417859,417861,2,2312
415547,417859,417861,2,2312
415547,417859,417860,1,2312
415547,417859,417862,3,2312
415547,417860,417862,2,2313
415547,417860,417862,2,2313
415547,417861,417862,1,2314
415547,417861,417863,2,2314
415547,417839,417863,24,2292
415547,417844,417863,19,2297
415547,417860,417862,2,2313
415547,417861,417863,2,2314
415547,417862,417864,2,2315
415547,417862,417864,2,2315
415547,417861,417864,3,2314
415547,417862,417864,2,2315
415547,417863,417865,2,2316
415547,417807,417865,58,2260
415547,417818,417864,46,2271
415547,417862,417865,3,2315
415547,417807,417865,58,2260
415547,417863,417866,3,2316
415547,417811,417866,55,2264
415547,417863,417866,3,2316
415547,417818,417865,47,2271
415547,417863,417866,3,2316
415547,417863,417865,2,2316
415547,417814,417866,52,2267
415547,417864,417868,4,2317
415547,417805,417868,63,2258
415547,417810,417868,58,2263
415547,417818,417870,52,2271
415547,417834,417872,38,2287
415547,417841,417873,32,2294
415547,417819,417872,53,2272
415547,417808,417873,65,2261
415547,417814,417876,62,2267
415547,417864,417877,13,2317
415547,417806,417878,72,2259
415547,417834,417879,45,2287
415547,417864,417878,14,2317
415547,417824,417880,56,2277
415547,417828,417881,53,2281
415547,417830,417882,52,2283
415547,417826,417883,57,2279
415547,417831,417884,53,2284
415547,417824,417885,61,2277
415547,417864,417887,23,2317
415547,417833,417893,60,2286
415547,417830,417895,65,2283
415547,417865,417899,34,2318
415547,417865,417900,35,2318
415547,417865,417904,39,2318
415547,417865,417915,50,2318
415547,417865,417917,52,2318
415547,417868,417924,56,2321
415547,417866,417924,58,2319
415547,417866,417924,58,2319
415547,417866,417927,61,2319
415547,417866,417931,65,2319
415547,417873,417932,59,2326
415547,417867,417936,69,2320
415547,417877,417938,61,2330
415547,417870,417939,69,2323
415547,417869,417939,70,2322
415547,417868,417940,72,2321
415547,417879,417940,61,2332
415547,417872,417942,70,2325
415547,417866,417942,76,2319
415547,417866,417944,78,2319
415547,417873,417944,71,2326
415547,417917,417945,28,2370
415547,417883,417945,62,2336
415547,417884,417946,62,2337
415547,417878,417948,70,2331
415547,417885,417948,63,2338
415547,417882,417950,68,2335
415547,417880,417950,70,2333
415547,417879,417951,72,2332
415547,417876,417951,75,2329
415547,417873,417954,81,2326
415547,417932,417956,24,2385
415547,417881,417959,78,2334
415547,417899,417959,60,2352
415547,417894,417965,71,2347
415547,417895,417968,73,2348
415547,417904,417968,64,2357
415547,417900,417970,70,2353
415547,417887,417973,86,2340
415547,417915,417975,60,2368
415547,417925,417980,55,2378
415547,417925,417985,60,2378
415547,417927,417985,58,2380
415547,417924,417990,66,2377
415547,417944,417991,47,2397
415547,417938,417998,60,2391
415547,417991,418000,9,2444
415547,417940,417999,59,2393
415547,417998,418002,4,2451
415547,417945,418002,57,2398
415547,418000,418003,3,2453
415547,417946,418003,57,2399
415547,417931,418003,72,2384
415547,418000,418004,4,2453
415547,418002,418005,3,2455
415547,418002,418005,3,2455
415547,417936,418004,68,2389
415547,418003,418006,3,2456
415547,418003,418006,3,2456
415547,418003,418006,3,2456
415547,418004,418007,3,2457
415547,417940,418007,67,2393
415547,418005,418007,2,2458
415547,418006,418008,2,2459
415547,418005,418007,2,2458
415547,418005,418009,4,2458
415547,418006,418008,2,2459
415547,417939,418011,72,2392
415547,417990,418011,21,2443
415547,417945,418011,66,2398
415547,417942,418013,71,2395
415547,417985,418013,28,2438
415547,417948,418014,66,2401
415547,417942,418015,73,2395
415547,417944,418015,71,2397
415547,417956,418017,61,2409
415547,417959,418017,58,2412
415547,417951,418019,68,2404
415547,417949,418021,72,2402
415547,417950,418022,72,2403
415547,417950,418022,72,2403
415547,417940,418022,82,2393
415547,417959,418023,64,2412
415547,417980,418023,43,2433
415547,417985,418023,38,2438
415547,417954,418025,71,2407
415547,417951,418026,75,2404
415547,417968,418027,59,2421
414306,416725,418031,1306,2419
415547,417965,418037,72,2418
415547,417975,418038,63,2428
415547,417973,418040,67,2426
415547,417970,418040,70,2423
415547,417968,418044,76,2421
415551,418007,418046,39,2456
414520,417088,418047,959,2568
415551,418008,418048,40,2457
415551,418009,418051,42,2458
415551,418011,418053,42,2460
415551,418007,418054,47,2456
415551,418008,418059,51,2457
415551,418017,418059,42,2466
415551,418009,418065,56,2458
415551,418022,418068,46,2471
415551,418013,418069,56,2462
415551,418017,418070,53,2466
415551,418008,418071,63,2457
415551,418019,418071,52,2468
415551,418012,418072,60,2461
415551,418015,418072,57,2464
415551,418014,418072,58,2463
415551,418024,418074,50,2473
415551,418022,418076,54,2471
415551,418015,418077,62,2464
415551,418023,418077,54,2472
415551,418011,418079,68,2460
415551,418059,418081,22,2508
415551,418024,418081,57,2473
415551,418023,418083,60,2472
415551,418059,418084,25,2508
415551,418027,418086,59,2476
415551,418065,418086,21,2514
415551,418054,418087,33,2503
415551,418013,418087,74,2462
415551,418021,418088,67,2470
415551,418053,418090,37,2502
415551,418025,418091,66,2474
415551,418044,418091,47,2493
415551,418048,418091,43,2497
415551,418068,418092,24,2517
415551,418070,418091,21,2519
415551,418071,418093,22,2520
415551,418026,418093,67,2475
415551,418069,418093,24,2518
415551,418072,418096,24,2521
415551,418038,418096,58,2487
415551,418051,418097,46,2500
415551,418032,418098,66,2481
415551,418040,418100,60,2489
415551,418072,418101,29,2521
415551,418071,418101,30,2520
415551,418074,418102,28,2523
415551,418047,418104,57,2496
415551,418072,418105,33,2521
415551,418037,418105,68,2486
415551,418076,418106,30,2525
415551,418041,418108,67,2490
415551,418077,418109,32,2526
415551,418077,418110,33,2526
415551,418046,418112,66,2495
415551,418081,418114,33,2530
415551,418081,418115,34,2530
415551,418084,418118,34,2533
415551,418079,418119,40,2528
415551,418083,418127,44,2532
415551,418086,418133,47,2535
415551,418086,418135,49,2535
415551,418092,418148,56,2541
415551,418105,418151,46,2554
415551,418127,418151,24,2576
415551,418135,418151,16,2584
415551,418087,418151,64,2536
415551,418093,418154,61,2542
415551,418093,418154,61,2542
415551,418107,418155,48,2556
415551,418090,418157,67,2539
415551,418094,418158,64,2543
415551,418087,418159,72,2536
415551,418088,418165,77,2537
415551,418091,418165,74,2540
415551,418105,418166,61,2554
415551,418096,418168,72,2545
415551,418118,418168,50,2567
415551,418102,418170,68,2551
415551,418097,418170,73,2546
415551,418091,418172,81,2540
415551,418093,418172,79,2542
415551,418096,418172,76,2545
415551,418104,418174,70,2553
415551,418109,418175,66,2558
415551,418092,418176,84,2541
415551,418100,418181,81,2549
415551,418098,418181,83,2547
415551,418101,418181,80,2550
415551,418115,418183,68,2564
415551,418101,418186,85,2550
415551,418114,418187,73,2563
415551,418172,418187,15,2621
415551,418108,418190,82,2557
415551,418112,418191,79,2561
415551,418119,418191,72,2568
415551,418148,418195,47,2597
415551,418111,418196,85,2560
415551,418133,418198,65,2582
415551,418181,418199,18,2630
415551,418181,418200,19,2630
415551,418174,418200,26,2623
415551,418172,418201,29,2621
415551,418151,418211,60,2600
415551,418154,418214,60,2603
414550,417274,418217,943,2724
415551,418154,418217,63,2603
415551,418158,418224,66,2607
415551,418151,418226,75,2600
415551,418157,418227,70,2606
415551,418168,418228,60,2617
415551,418175,418230,55,2624
415551,418151,418232,81,2600
415551,418168,418232,64,2617
415551,418228,418233,5,2677
415551,418230,418233,3,2679
415551,418155,418234,79,2604
415551,418232,418234,2,2681
415551,418232,418235,3,2681
415551,418233,418234,1,2682
415551,418151,418236,85,2600
415551,418233,418236,3,2682
415551,418235,418237,2,2684
415551,418236,418237,1,2685
415551,418234,418237,3,2683
415551,418235,418238,3,2684
415551,418236,418239,3,2685
415551,418170,418238,68,2619
415551,418237,418239,2,2686
415551,418236,418239,3,2685
415551,418237,418239,2,2686
415551,418172,418240,68,2621
415551,418237,418240,3,2686
415551,418167,418241,74,2616
415551,418227,418244,17,2676
415551,418159,418244,85,2608
415551,418165,418245,80,2614
415551,418187,418245,58,2636
415551,418176,418246,70,2625
415551,418183,418251,68,2632
415551,418170,418253,83,2619
415551,418195,418256,61,2644
415551,418165,418258,93,2614
415551,418200,418262,62,2649
415551,418198,418263,65,2647
415551,418187,418264,77,2636
415551,418186,418265,79,2635
415551,418182,418266,84,2631
415551,418190,418267,77,2639
415551,418212,418270,58,2661
415551,418191,418272,81,2640
415551,418196,418274,78,2645
415551,418191,418274,83,2640
415711,418239,418276,37,2528
415551,418199,418277,78,2648
415551,418214,418278,64,2663
415551,418201,418280,79,2650
415551,418200,418280,80,2649
415551,418226,418284,58,2675
415551,418224,418285,61,2673
415551,418217,418286,69,2666
415711,418239,418287,48,2528
415551,418217,418288,71,2666
415711,418240,418290,50,2529
415711,418239,418294,55,2528
415711,418240,418296,56,2529
415711,418288,418298,10,2577
415711,418294,418298,4,2583
415711,418290,418298,8,2579
415711,418244,418298,54,2533
415711,418296,418299,3,2585
415711,418244,418299,55,2533
415711,418298,418300,2,2587
415711,418246,418301,55,2535
415711,418239,418301,62,2528
415711,418298,418301,3,2587
415711,418298,418302,4,2587
415711,418245,418301,56,2534
415711,418300,418302,2,2589
415711,418300,418303,3,2589
415711,418299,418303,4,2588
415711,418301,418303,2,2590
415711,418299,418302,3,2588
415711,418301,418304,3,2590
415711,418253,418305,52,2542
415711,418302,418305,3,2591
415711,418302,418305,3,2591
415711,418301,418304,3,2590
415711,418287,418305,18,2576
415711,418303,418306,3,2592
415711,418302,418306,4,2591
415711,418303,418305,2,2592
415711,418303,418306,3,2592
415711,418304,418308,4,2593
415711,418304,418308,4,2593
415711,418305,418309,4,2594
415711,418241,418308,67,2530
415711,418305,418309,4,2594
415711,418239,418310,71,2528
414604,417445,418310,865,2841
415711,418256,418312,56,2545
415711,418262,418312,50,2551
415711,418263,418313,50,2552
415711,418305,418313,8,2594
415711,418286,418314,28,2575
415711,418251,418314,63,2540
415711,418264,418314,50,2553
415711,418270,418322,52,2559
415711,418285,418322,37,2574
415711,418305,418323,18,2594
415711,418305,418325,20,2594
415711,418245,418325,80,2534
415711,418280,418331,51,2569
415711,418265,418331,66,2554
415711,418258,418332,74,2547
415711,418284,418333,49,2573
415711,418276,418335,59,2565
415711,418279,418335,56,2568
415711,418278,418337,59,2567
415711,418272,418339,67,2561
415711,418266,418339,73,2555
415711,418274,418340,66,2563
415711,418306,418340,34,2595
415711,418267,418340,73,2556
415711,418280,418342,62,2569
415711,418274,418348,74,2563
415711,418322,418354,32,2611
415711,418306,418355,49,2595
415711,418306,418358,52,2595
415711,418306,418372,66,2595
415711,418314,418377,63,2603
415711,418308,418378,70,2597
415711,418313,418379,66,2602
415711,418309,418379,70,2598
415711,418310,418378,68,2599
415711,418308,418380,72,2597
415711,418314,418380,66,2603
415711,418313,418381,68,2602
415711,418312,418381,69,2601
415711,418310,418384,74,2599
415711,418309,418385,76,2598
415711,418309,418385,76,2598
415711,418322,418388,66,2611
415711,418312,418390,78,2601
415711,418314,418397,83,2603
415711,418325,418397,72,2614
415711,418335,418402,67,2624
415711,418335,418404,69,2624
415711,418331,418405,74,2620
415711,418325,418407,82,2614
415711,418340,418407,67,2629
415711,418323,418408,85,2612
415711,418331,418409,78,2620
415711,418341,418412,71,2630
415711,418333,418413,80,2622
415711,418332,418415,83,2621
415711,418339,418416,77,2628
415711,418340,418417,77,2629
415711,418340,418422,82,2629
415711,418337,418423,86,2626
415711,418354,418424,70,2643
415711,418342,418425,83,2631
415711,418359,418428,69,2648
415711,418348,418429,81,2637
415711,418355,418438,83,2644
415711,418379,418440,61,2668
415711,418379,418441,62,2668
415711,418381,418445,64,2670
415711,418379,418446,67,2668
415711,418380,418446,66,2669
414925,417619,418446,827,2694
415711,418377,418448,71,2666
415711,418381,418449,68,2670
415711,418449,418452,3,2738
415711,418372,418454,82,2661
415711,418397,418454,57,2686
415711,418453,418455,2,2742
415711,418454,418456,2,2743
415711,418388,418455,67,2677
415711,418390,418457,67,2679
415711,418454,418457,3,2743
415711,418455,418457,2,2744
415711,418448,418458,10,2737
415711,418457,418459,2,2746
415711,418456,418458,2,2745
415711,418457,418459,2,2746
415711,418457,418460,3,2746
415711,418378,418460,82,2667
415711,418458,418460,2,2747
415711,418458,418460,2,2747
415711,418459,418460,1,2748
415711,418459,418461,2,2748
415711,418459,418461,2,2748
415711,418384,418462,78,2673
415711,418380,418463,83,2669
415711,418404,418462,58,2693
415711,418402,418464,62,2691
415711,418385,418464,79,2674
415711,418386,418464,78,2675
415711,418407,418471,64,2696
415711,418397,418477,80,2686
415711,418447,418479,32,2736
415711,418409,418486,77,2698
415711,418405,418486,81,2694
415711,418407,418488,81,2696
415711,418414,418489,75,2703
415711,418412,418489,77,2701
415711,418416,418490,74,2705
415711,418424,418490,66,2713
415711,418428,418491,63,2717
415711,418417,418491,74,2706
415711,418416,418492,76,2705
415711,418441,418493,52,2730
415711,418446,418493,47,2735
415711,418422,418494,72,2711
415711,418408,418495,87,2697
415711,418425,418502,77,2714
415711,418423,418503,80,2712
415769,418463,418504,41,2694
415711,418440,418504,64,2729
415769,418461,418508,47,2692
415711,418445,418510,65,2734
415769,418465,418511,46,2696
415711,418429,418511,82,2718
415769,418461,418511,50,2692
415769,418508,418512,4,2739
415711,418438,418512,74,2727
415769,418510,418513,3,2741
415711,418446,418513,67,2735
415769,418511,418513,2,2742
415769,418512,418514,2,2743
415769,418460,418513,53,2691
415769,418511,418514,3,2742
415769,418511,418513,2,2742
415769,418513,418515,2,2744
415769,418512,418514,2,2743
415769,418513,418514,1,2744
415769,418514,418515,1,2745
415769,418462,418515,53,2693
415769,418514,418516,2,2745
415769,418514,418515,1,2745
415769,418496,418517,21,2727
415769,418515,418517,2,2746
415769,418515,418517,2,2746
415769,418515,418517,2,2746
415769,418514,418516,2,2745
415769,418514,418516,2,2745
415769,418515,418516,1,2746
415769,418516,418518,2,2747
415769,418516,418517,1,2747
415769,418515,418518,3,2746
415769,418463,418518,55,2694
415769,418461,418518,57,2692
415769,418517,418519,2,2748
415769,418471,418519,48,2702
415769,418517,418519,2,2748
415769,418518,418520,2,2749
415769,418517,418520,3,2748
415769,418504,418520,16,2735
415769,418517,418519,2,2748
415769,418517,418520,3,2748
415769,418517,418519,2,2748
415769,418518,418519,1,2749
415769,418518,418520,2,2749
415769,418518,418522,4,2749
415769,418466,418522,56,2697
415769,418518,418526,8,2749
415769,418460,418526,66,2691
415769,418466,418528,62,2697
415769,418462,418530,68,2693
415769,418518,418531,13,2749
415769,418503,418531,28,2734
415769,418479,418532,53,2710
415769,418504,418533,29,2735
415769,418494,418535,41,2725
415769,418491,418535,44,2722
415769,418491,418537,46,2722
415769,418493,418538,45,2724
415769,418477,418540,63,2708
415769,418493,418545,52,2724
415769,418486,418546,60,2717
415769,418488,418546,58,2719
415769,418519,418547,28,2750
415769,418489,418548,59,2720
415769,418490,418548,58,2721
415769,418490,418550,60,2721
415769,418489,418553,64,2720
415769,418503,418556,53,2734
415769,418486,418559,73,2717
415769,418520,418562,42,2751
415769,418519,418563,44,2750
415769,418492,418564,72,2723
415769,418538,418568,30,2769
415769,418519,418571,52,2750
415769,418545,418576,31,2776
415769,418520,418576,56,2751
415769,418520,418576,56,2751
415769,418521,418580,59,2752
415769,418520,418580,60,2751
415769,418520,418582,62,2751
415769,418553,418582,29,2784
415769,418520,418582,62,2751
415769,418520,418582,62,2751
415769,418533,418587,54,2764
415769,418522,418588,66,2753
415769,418562,418589,27,2793
415769,418550,418591,41,2781
415769,418531,418593,62,2762
415769,418534,418594,60,2765
415769,418528,418595,67,2759
415769,418526,418595,69,2757
415769,418530,418596,66,2761
415769,418522,418597,75,2753
415769,418526,418598,72,2757
415769,418537,418598,61,2768
415769,418564,418598,34,2795
415769,418576,418600,24,2807
415769,418535,418601,66,2766
415769,418571,418603,32,2802
415769,418547,418605,58,2778
415769,418533,418607,74,2764
415769,418535,418608,73,2766
415769,418548,418612,64,2779
415769,418587,418612,25,2818
415769,418540,418618,78,2771
415769,418546,418618,72,2777
415769,418582,418619,37,2813
415769,418568,418619,51,2799
415769,418547,418622,75,2778
415769,418563,418623,60,2794
415769,418549,418623,74,2780
415769,418556,418625,69,2787
415769,418593,418625,32,2824
415769,418589,418625,36,2820
415769,418559,418627,68,2790
415769,418598,418628,30,2829
415769,418582,418630,48,2813
415769,418595,418631,36,2826
415769,418576,418631,55,2807
415769,418628,418633,5,2859
415769,418591,418633,42,2822
415769,418631,418634,3,2862
415769,418630,418634,4,2861
415769,418627,418634,7,2858
415769,418605,418634,29,2836
415769,418580,418635,55,2811
415769,418631,418634,3,2862
415769,418633,418636,3,2864
415769,418633,418635,2,2864
415769,418634,418636,2,2865
415769,418634,418637,3,2865
415769,418576,418636,60,2807
415769,418625,418636,11,2856
415769,418634,418636,2,2865
415769,418634,418638,4,2865
415769,418598,418638,40,2829
415769,418635,418638,3,2866
415769,418582,418638,56,2813
415769,418635,418639,4,2866
415769,418580,418641,61,2811
415769,418582,418644,62,2813
415769,418623,418645,22,2854
415769,418625,418646,21,2856
415769,418594,418649,55,2825
415769,418600,418651,51,2831
415948,418638,418659,21,2690
415769,418589,418660,71,2820
415769,418596,418660,64,2827
415769,418595,418662,67,2826
415769,418603,418664,61,2834
415769,418625,418664,39,2856
415769,418597,418665,68,2828
415769,418598,418669,71,2829
415948,418636,418669,33,2688
415769,418601,418671,70,2832
415769,418607,418675,68,2838
415948,418638,418675,37,2690
415769,418612,418676,64,2843
415769,418608,418681,73,2839
415769,418620,418681,61,2851
415769,418612,418683,71,2843
415769,418623,418683,60,2854
415948,418641,418684,43,2693
415948,418638,418685,47,2690
415769,418618,418685,67,2849
415948,418636,418686,50,2688
415948,418684,418686,2,2736
415948,418639,418687,48,2691
415948,418639,418687,48,2691
415948,418686,418688,2,2738
415948,418686,418688,2,2738
415948,418685,418688,3,2737
415948,418685,418687,2,2737
415769,418618,418688,70,2849
415948,418687,418688,1,2739
415948,418688,418689,1,2740
415948,418639,418689,50,2691
415948,418688,418690,2,2740
415948,418683,418690,7,2735
415948,418688,418689,1,2740
415948,418649,418690,41,2701
415948,418688,418689,1,2740
415769,418622,418691,69,2853
415948,418689,418691,2,2741
415948,418688,418690,2,2740
415948,418689,418691,2,2741
415948,418690,418691,1,2742
415948,418690,418692,2,2742
415948,418640,418692,52,2692
415948,418689,418692,3,2741
415948,418690,418692,2,2742
415948,418690,418692,2,2742
415948,418691,418693,2,2743
415948,418690,418692,2,2742
415948,418646,418692,46,2698
415948,418690,418692,2,2742
415948,418638,418693,55,2690
415948,418692,418694,2,2744
415948,418691,418694,3,2743
415948,418691,418694,3,2743
415948,418692,418694,2,2744
415948,418692,418694,2,2744
415948,418692,418694,2,2744
415948,418692,418695,3,2744
415769,418619,418695,76,2850
415948,418692,418695,3,2744
415948,418692,418694,2,2744
415948,418693,418696,3,2745
415948,418644,418698,54,2696
415948,418637,418699,62,2689
415948,418693,418699,6,2745
415948,418645,418703,58,2697
415948,418651,418704,53,2703
415948,418665,418705,40,2717
415948,418682,418705,23,2734
415948,418683,418707,24,2735
415948,418676,418712,36,2728
415948,418681,418713,32,2733
415948,418669,418714,45,2721
415948,418664,418715,51,2716
415948,418660,418716,56,2712
415948,418693,418716,23,2745
415948,418675,418717,42,2727
415948,418662,418718,56,2714
415948,418660,418720,60,2712
415948,418671,418724,53,2723
415948,418659,418725,66,2711
415948,418694,418727,33,2746
415948,418675,418728,53,2727
415948,418664,418729,65,2716
415948,418694,418731,37,2746
415948,418694,418735,41,2746
415948,418696,418736,40,2748
415948,418669,418736,67,2721
415948,418694,418744,50,2746
415948,418694,418744,50,2746
415948,418696,418749,53,2748
415948,418705,418753,48,2757
415948,418695,418753,58,2747
415948,418699,418755,56,2751
415948,418694,418756,62,2746
415948,418695,418758,63,2747
415948,418695,418758,63,2747
415948,418695,418762,67,2747
415948,418704,418763,59,2756
415948,418699,418763,64,2751
415948,418712,418767,55,2764
415948,418698,418767,69,2750
415948,418705,418770,65,2757
415948,418703,418773,70,2755
415948,418714,418773,59,2766
415948,418707,418773,66,2759
415948,418695,418776,81,2747
415948,418717,418776,59,2769
415948,418715,418777,62,2767
415948,418716,418778,62,2768
415948,418716,418784,68,2768
415948,418713,418786,73,2765
415948,418727,418787,60,2779
415948,418731,418788,57,2783
415948,418718,418790,72,2770
415948,418736,418791,55,2788
415948,418735,418792,57,2787
415948,418728,418794,66,2780
415948,418721,418798,77,2773
415948,418724,418798,74,2776
415948,418730,418799,69,2782
415948,418725,418800,75,2777
415948,418763,418803,40,2815
415948,418750,418807,57,2802
415948,418753,418809,56,2805
415948,418737,418810,73,2789
415948,418744,418812,68,2796
415948,418757,418812,55,2809
415948,418753,418812,59,2805
415948,418744,418813,69,2796
415948,418755,418813,58,2807
415948,418758,418815,57,2810
415948,418815,418818,3,2867
415948,418814,418819,5,2866
415948,418758,418820,62,2810
415948,418818,418821,3,2870
415948,418819,418822,3,2871
415948,418813,418822,9,2865
415948,418812,418823,11,2864
415948,418821,418824,3,2873
415948,418820,418824,4,2872
415948,418822,418825,3,2874
415948,418822,418826,4,2874
415948,418767,418825,58,2819
415948,418823,418825,2,2875
415948,418824,418827,3,2876
415948,418825,418828,3,2877
415948,418824,418828,4,2876
415948,418773,418828,55,2825
415948,418762,418829,67,2814
415948,418812,418830,18,2864
415948,418786,418830,44,2838
415948,418789,418831,42,2841
415948,418777,418832,55,2829
415948,418776,418833,57,2828
415948,418763,418836,73,2815
415948,418771,418838,67,2823
415948,418778,418838,60,2830
415948,418774,418837,63,2826
415948,418767,418838,71,2819
415948,418784,418839,55,2836
415948,418773,418841,68,2825
415948,418776,418844,68,2828
415948,418790,418845,55,2842
415948,418812,418845,33,2864
415948,418791,418847,56,2843
415948,418787,418847,60,2839
415948,418809,418848,39,2861
415948,418792,418851,59,2844
415948,418807,418853,46,2859
415948,418794,418860,66,2846
415948,418803,418861,58,2855
415948,418800,418865,65,2852
415948,418798,418866,68,2850
415948,418798,418867,69,2850
416254,418828,418872,44,2574
416254,418827,418872,45,2573
416254,418830,418874,44,2576
415948,418799,418875,76,2851
416254,418828,418874,46,2574
416254,418875,418877,2,2621
416254,418874,418877,3,2620
416254,418875,418879,4,2621
416254,418877,418879,2,2623
415948,418810,418879,69,2862
416254,418877,418879,2,2623
416254,418826,418880,54,2572
416254,418833,418880,47,2579
416254,418879,418881,2,2625
416254,418873,418880,7,2619
416254,418879,418880,1,2625
416254,418828,418881,53,2574
416254,418880,418882,2,2626
416254,418879,418882,3,2625
416254,418831,418882,51,2577
416254,418879,418882,3,2625
416254,418880,418881,1,2626
416254,418881,418883,2,2627
416254,418882,418883,1,2628
416254,418882,418883,1,2628
416254,418882,418884,2,2628
416254,418882,418883,1,2628
416254,418882,418883,1,2628
416254,418882,418885,3,2628
416254,418883,418884,1,2629
416254,418883,418884,1,2629
416254,418882,418886,4,2628
416254,418834,418886,52,2580
416254,418884,418885,1,2630
416254,418884,418885,1,2630
416254,418838,418885,47,2584
416254,418884,418886,2,2630
416254,418884,418886,2,2630
416254,418884,418887,3,2630
416254,418872,418886,14,2618
416254,418831,418887,56,2577
416254,418828,418887,59,2574
416254,418886,418887,1,2632
416254,418886,418888,2,2632
416254,418885,418888,3,2631
416254,418886,418889,3,2632
416254,418853,418888,35,2599
416254,418886,418889,3,2632
416254,418847,418890,43,2593
416254,418886,418890,4,2632
416254,418848,418893,45,2594
416254,418838,418893,55,2584
416254,418839,418894,55,2585
416254,418847,418895,48,2593
416254,418841,418896,55,2587
416254,418861,418896,35,2607
416254,418851,418897,46,2597
416254,418836,418896,60,2582
416254,418829,418898,69,2575
416254,418839,418899,60,2585
416254,418845,418899,54,2591
416254,418886,418899,13,2632
416254,418845,418899,54,2591
416254,418838,418901,63,2584
416254,418886,418906,20,2632
416254,418868,418908,40,2614
416254,418844,418908,64,2590
416254,418866,418909,43,2612
416254,418860,418911,51,2606
416254,418886,418915,29,2632
416254,418865,418925,60,2611
416254,418888,418937,49,2634
416254,418886,418937,51,2632
416254,418887,418940,53,2633
416254,418887,418941,54,2633
416254,418889,418943,54,2635
416254,418888,418945,57,2634
416254,418888,418946,58,2634
416254,418898,418948,50,2644
416254,418889,418948,59,2635
416254,418893,418949,56,2639
416254,418895,418950,55,2641
416254,418891,418950,59,2637
416254,418890,418952,62,2636
416254,418888,418955,67,2634
416254,418896,418957,61,2642
416254,418897,418957,60,2643
416254,418899,418957,58,2645
416254,418887,418961,74,2633
416254,418897,418963,66,2643
416254,418894,418964,70,2640
416254,418899,418966,67,2645
416254,418889,418966,77,2635
416254,418899,418967,68,2645
416254,418893,418967,74,2639
416254,418945,418968,23,2691
416254,418896,418968,72,2642
416254,418899,418969,70,2645
416254,418906,418970,64,2652
416254,418916,418972,56,2662
416254,418901,418974,73,2647
416254,418909,418982,73,2655
416254,418908,418985,77,2654
416254,418911,418985,74,2657
416254,418908,418988,80,2654
416254,418925,418994,69,2671
416254,418952,418995,43,2698
416254,418944,418996,52,2690
416254,418937,418997,60,2683
416254,418938,418998,60,2684
416254,418940,418998,58,2686
416254,418948,419005,57,2694
416254,418942,419005,63,2688
416254,418950,419007,57,2696
416254,418949,419008,59,2695
416254,418951,419007,56,2697
416254,418946,419013,67,2692
416254,418957,419013,56,2703
416254,418957,419015,58,2703
416254,419008,419016,8,2754
416254,418957,419016,59,2703
416254,419013,419018,5,2759
416254,418948,419018,70,2694
416254,419016,419019,3,2762
416254,419015,419020,5,2761
416254,419008,419020,12,2754
416254,419013,419020,7,2759
416254,419007,419019,12,2753
416254,419016,419019,3,2762
416254,419018,419021,3,2764
416254,419019,419023,4,2765
416254,419018,419023,5,2764
416254,419020,419023,3,2766
416254,419020,419023,3,2766
416254,419020,419025,5,2766
416254,419020,419025,5,2766
416254,418955,419026,71,2701
416254,418968,419026,58,2714
416254,418972,419029,57,2718
416254,418963,419029,66,2709
416254,418970,419030,60,2716
416254,418961,419032,71,2707
416254,418966,419033,67,2712
416254,418967,419035,68,2713
416254,418967,419037,70,2713
416254,418969,419037,68,2715
416254,418964,419038,74,2710
416254,418967,419038,71,2713
415179,417803,419038,1235,2624
416254,418974,419041,67,2720
416254,418968,419042,74,2714
416254,418998,419045,47,2744
416254,418985,419047,62,2731
416254,419005,419049,44,2751
416254,418995,419052,57,2741
416254,418985,419052,67,2731
416254,418997,419053,56,2743
416254,418982,419054,72,2728
416254,418996,419056,60,2742
416254,418999,419057,58,2745
416254,419005,419058,53,2751
416254,418994,419060,66,2740
416254,418988,419067,79,2734
416444,419023,419071,48,2579
416444,419071,419074,3,2627
416444,419026,419075,49,2582
416444,419023,419076,53,2579
416444,419025,419077,52,2581
416444,419075,419076,1,2631
416444,419074,419076,2,2630
416444,419076,419078,2,2632
416444,419068,419078,10,2624
416444,419021,419077,56,2577
416444,419077,419079,2,2633
416444,419078,419079,1,2634
416444,419077,419078,1,2633
416444,419078,419080,2,2634
416444,419078,419079,1,2634
416444,419079,419081,2,2635
416444,419079,419081,2,2635
416444,419079,419081,2,2635
416444,419026,419081,55,2582
416444,419080,419082,2,2636
416444,419078,419082,4,2634
416444,419080,419082,2,2636
416444,419029,419082,53,2585
416444,419029,419082,53,2585
416444,419058,419081,23,2614
416444,419081,419083,2,2637
416444,419081,419083,2,2637
416444,419081,419083,2,2637
416444,419082,419084,2,2638
416444,419082,419084,2,2638
416444,419047,419084,37,2603
416444,419083,419085,2,2639
416444,419083,419085,2,2639
416444,419060,419084,24,2616
416444,419081,419085,4,2637
416444,419082,419085,3,2638
416444,419083,419085,2,2639
416444,419031,419085,54,2587
416444,419083,419085,2,2639
416444,419023,419085,62,2579
416444,419084,419086,2,2640
416444,419054,419086,32,2610
416444,419082,419087,5,2638
416444,419084,419086,2,2640
416444,419025,419087,62,2581
416444,419084,419086,2,2640
416444,419023,419087,64,2579
416444,419084,419088,4,2640
416444,419039,419088,49,2595
416444,419033,419089,56,2589
416444,419085,419091,6,2641
416444,419057,419092,35,2613
416444,419049,419092,43,2605
416444,419052,419094,42,2608
416444,419053,419095,42,2609
416444,419045,419096,51,2601
416444,419035,419096,61,2591
416444,419037,419097,60,2593
416444,419052,419097,45,2608
416444,419085,419099,14,2641
416444,419056,419100,44,2612
416444,419032,419102,70,2588
416444,419041,419102,61,2597
416444,419039,419102,63,2595
416444,419037,419104,67,2593
416444,419042,419104,62,2598
416444,419038,419106,68,2594
416444,419086,419124,38,2642
416444,419085,419126,41,2641
416444,419087,419131,44,2643
416444,419085,419139,54,2641
416444,419086,419140,54,2642
416444,419087,419142,55,2643
416444,419086,419145,59,2642
416444,419085,419146,61,2641
416444,419085,419147,62,2641
416444,419087,419147,60,2643
416444,419088,419147,59,2644
416444,419086,419148,62,2642
416444,419097,419150,53,2653
416444,419092,419151,59,2648
416444,419091,419153,62,2647
416444,419089,419153,64,2645
416444,419096,419156,60,2652
416444,419100,419156,56,2656
416444,419087,419157,70,2643
416444,419092,419156,64,2648
416444,419097,419156,59,2653
416444,419099,419158,59,2655
416444,419095,419160,65,2651
416444,419087,419161,74,2643
416444,419087,419160,73,2643
416444,419088,419163,75,2644
416444,419094,419167,73,2650
416444,419124,419168,44,2680
416444,419102,419169,67,2658
416444,419097,419170,73,2653
416444,419104,419174,70,2660
416444,419103,419175,72,2659
416444,419104,419179,75,2660
416444,419102,419181,79,2658
416444,419106,419183,77,2662
416444,419126,419190,64,2682
416444,419140,419196,56,2696
416444,419142,419198,56,2698
416444,419139,419199,60,2695
416444,419145,419201,56,2701
416444,419147,419206,59,2703
416444,419131,419208,77,2687
416444,419150,419209,59,2706
416444,419152,419211,59,2708
416444,419157,419213,56,2713
416444,419153,419213,60,2709
416444,419156,419214,58,2712
416444,419146,419216,70,2702
416444,419157,419217,60,2713
416444,419149,419217,68,2705
416444,419156,419218,62,2712
416444,419147,419219,72,2703
416444,419160,419220,60,2716
416444,419150,419220,70,2706
416444,419217,419220,3,2773
416444,419217,419221,4,2773
416444,419153,419221,68,2709
416444,419218,419221,3,2774
416444,419158,419221,63,2714
416444,419213,419222,9,2769
416444,419215,419222,7,2771
416444,419216,419223,7,2772
416444,419213,419223,10,2769
416444,419220,419223,3,2776
416444,419157,419223,66,2713
416444,419221,419224,3,2777
416444,419219,419224,5,2775
416444,419221,419224,3,2777
416444,419220,419224,4,2776
416456,419223,419225,2,2767
416444,419221,419225,4,2777
416456,419223,419224,1,2767
416456,419223,419226,3,2767
416444,419221,419225,4,2777
416444,419222,419226,4,2778
416456,419224,419227,3,2768
416444,419168,419226,58,2724
416456,419224,419228,4,2768
416456,419226,419229,3,2770
416456,419226,419229,3,2770
416444,419161,419230,69,2717
416444,419174,419235,61,2730
416444,419167,419235,68,2723
416444,419169,419236,67,2725
416444,419170,419237,67,2726
416444,419163,419237,74,2719
416456,419236,419238,2,2780
416456,419237,419240,3,2781
416444,419211,419242,31,2767
416444,419179,419243,64,2735
416456,419242,419244,2,2786
416444,419161,419245,84,2717
416456,419243,419245,2,2787
416444,419175,419246,71,2731
416456,419246,419248,2,2790
416456,419245,419248,3,2789
416456,419248,419250,2,2792
416444,419181,419252,71,2737
416456,419249,419252,3,2793
416456,419250,419253,3,2794
416456,419252,419254,2,2796
416444,419183,419255,72,2739
416444,419199,419255,56,2755
416456,419252,419254,2,2796
416456,419253,419255,2,2797
416456,419255,419257,2,2799
416444,419196,419257,61,2752
416456,419254,419257,3,2798
416456,419255,419258,3,2799
416456,419255,419258,3,2799
416444,419199,419258,59,2755
416456,419257,419259,2,2801
416456,419255,419258,3,2799
416444,419191,419260,69,2747
416456,419257,419259,2,2801
416456,419258,419260,2,2802
416456,419258,419260,2,2802
416456,419258,419261,3,2802
416456,419258,419260,2,2802
416456,419259,419260,1,2803
416456,419260,419262,2,2804
416456,419260,419263,3,2804
416456,419260,419263,3,2804
416456,419261,419263,2,2805
416456,419260,419262,2,2804
416456,419259,419262,3,2803
416456,419262,419264,2,2806
416456,419261,419263,2,2805
416456,419261,419264,3,2805
416456,419263,419265,2,2807
416456,419263,419266,3,2807
416456,419224,419266,42,2768
416444,419209,419265,56,2765
416456,419223,419267,44,2767
416456,419263,419266,3,2807
416456,419263,419267,4,2807
416456,419227,419267,40,2771
416456,419230,419268,38,2774
416444,419207,419270,63,2763
416456,419222,419271,49,2766
416456,419263,419271,8,2807
416456,419245,419272,27,2789
416456,419225,419273,48,2769
416456,419226,419274,48,2770
416456,419226,419275,49,2770
416456,419274,419276,2,2818
416456,419272,419276,4,2816
416456,419274,419276,2,2818
416456,419228,419276,48,2772
415548,418006,419276,1270,2458
416444,419201,419276,75,2757
416456,419275,419276,1,2819
416456,419276,419278,2,2820
416456,419225,419277,52,2769
416456,419277,419279,2,2821
416456,419277,419279,2,2821
416456,419277,419280,3,2821
416456,419264,419282,18,2808
416456,419245,419282,37,2789
416456,419276,419281,5,2820
416456,419278,419281,3,2822
416456,419229,419283,54,2773
416456,419225,419284,59,2769
416456,419229,419286,57,2773
416444,419208,419286,78,2764
416456,419227,419287,60,2771
416456,419235,419291,56,2779
416456,419240,419294,54,2784
416456,419235,419294,59,2779
416456,419294,419296,2,2838
416456,419264,419297,33,2808
416456,419294,419297,3,2838
416456,419238,419299,61,2782
416456,419296,419299,3,2840
416456,419237,419304,67,2781
416456,419265,419310,45,2809
416456,419265,419313,48,2809
416456,419266,419314,48,2810
416456,419267,419316,49,2811
416456,419268,419321,53,2812
416456,419266,419321,55,2810
416456,419270,419321,51,2814
416456,419267,419324,57,2811
416456,419271,419326,55,2815
416456,419279,419327,48,2823
416456,419267,419328,61,2811
416456,419299,419330,31,2843
416456,419284,419331,47,2828
416456,419266,419334,68,2810
416456,419279,419334,55,2823
416456,419277,419334,57,2821
416456,419268,419335,67,2812
416456,419271,419337,66,2815
416456,419282,419336,54,2826
416456,419279,419338,59,2823
416456,419276,419338,62,2820
416456,419297,419338,41,2841
416456,419283,419340,57,2827
416456,419282,419344,62,2826
416456,419280,419348,68,2824
416456,419299,419348,49,2843
416456,419282,419348,66,2826
416456,419282,419350,68,2826
416456,419287,419354,67,2831
416456,419286,419358,72,2830
416456,419291,419359,68,2835
416456,419297,419361,64,2841
416456,419337,419363,26,2881
416456,419361,419365,4,2905
416456,419363,419365,2,2907
416456,419322,419365,43,2866
416456,419286,419365,79,2830
416456,419316,419368,52,2860
416456,419365,419369,4,2909
416456,419304,419369,65,2848
416456,419365,419371,6,2909
416456,419321,419371,50,2865
416456,419365,419372,7,2909
416456,419365,419372,7,2909
416456,419368,419372,4,2912
416456,419314,419372,58,2858
416456,419369,419372,3,2913
416456,419369,419374,5,2913
416456,419372,419374,2,2916
416456,419372,419375,3,2916
416456,419371,419375,4,2915
416456,419314,419375,61,2858
416456,419324,419376,52,2868
416456,419321,419376,55,2865
416456,419371,419376,5,2915
416456,419372,419376,4,2916
416456,419326,419377,51,2870
416456,419329,419379,50,2873
416456,419310,419380,70,2854
416456,419327,419386,59,2871
416456,419337,419386,49,2881
416456,419331,419386,55,2875
416456,419335,419387,52,2879
416456,419334,419388,54,2878
416456,419344,419388,44,2888
416456,419334,419393,59,2878
416456,419330,419394,64,2874
416456,419335,419395,60,2879
416456,419338,419396,58,2882
416456,419359,419395,36,2903
416692,419379,419398,19,2687
416456,419339,419399,60,2883
416456,419348,419404,56,2892
416456,419338,419405,67,2882
416456,419358,419410,52,2902
416456,419340,419410,70,2884
416456,419348,419411,63,2892
416456,419350,419414,64,2894
416692,419373,419416,43,2681
416692,419374,419419,45,2682
416692,419375,419420,45,2683
416456,419349,419421,72,2893
416692,419375,419422,47,2683
416692,419374,419422,48,2682
416456,419354,419423,69,2898
416692,419422,419424,2,2730
416692,419421,419424,3,2729
416692,419386,419424,38,2694
416692,419376,419424,48,2684
416692,419422,419425,3,2730
416692,419421,419425,4,2729
416692,419386,419425,39,2694
416692,419424,419426,2,2732
416692,419378,419426,48,2686
416692,419424,419425,1,2732
416692,419376,419425,49,2684
416692,419424,419425,1,2732
416692,419425,419426,1,2733
416692,419423,419426,3,2731
416692,419426,419428,2,2734
416692,419425,419428,3,2733
416692,419419,419428,9,2727
416692,419425,419428,3,2733
416692,419426,419428,2,2734
416692,419426,419428,2,2734
416692,419426,419427,1,2734
416692,419426,419427,1,2734
416692,419377,419429,52,2685
416692,419426,419428,2,2734
416692,419427,419429,2,2735
416692,419428,419430,2,2736
416692,419380,419430,50,2688
416692,419428,419430,2,2736
416692,419428,419430,2,2736
416692,419428,419430,2,2736
416692,419427,419430,3,2735
416692,419428,419430,2,2736
416692,419428,419431,3,2736
416692,419375,419431,56,2683
416692,419428,419431,3,2736
416692,419428,419430,2,2736
416692,419429,419432,3,2737
416692,419429,419431,2,2737
416692,419430,419432,2,2738
416692,419430,419433,3,2738
416692,419389,419432,43,2697
416692,419430,419435,5,2738
416692,419416,419436,20,2724
416692,419387,419437,50,2695
416692,419394,419438,44,2702
416692,419388,419438,50,2696
416692,419376,419439,63,2684
416692,419396,419441,45,2704
416692,419430,419441,11,2738
416692,419386,419442,56,2694
416692,419398,419447,49,2706
416692,419393,419447,54,2701
416692,419414,419448,34,2722
416692,419404,419449,45,2712
416692,419430,419450,20,2738
416692,419410,419450,40,2718
416692,419399,419450,51,2707
416692,419437,419452,15,2745
416692,419395,419453,58,2703
416692,419430,419456,26,2738
415552,418238,419456,1218,2686
416692,419396,419456,60,2704
416692,419433,419457,24,2741
416692,419435,419456,21,2743
416692,419410,419460,50,2718
416692,419417,419462,45,2725
416692,419431,419463,32,2739
416692,419433,419466,33,2741
416692,419405,419467,62,2713
416692,419430,419467,37,2738
416692,419431,419468,37,2739
416692,419433,419474,41,2741
416692,419430,419477,47,2738
416692,419438,419483,45,2746
416692,419432,419483,51,2740
416692,419436,419487,51,2744
416692,419432,419488,56,2740
416692,419438,419495,57,2746
416692,419441,419496,55,2749
416692,419441,419496,55,2749
416692,419448,419497,49,2756
416692,419431,419497,66,2739
416692,419447,419498,51,2755
416692,419453,419498,45,2761
416692,419447,419502,55,2755
416692,419439,419502,63,2747
416692,419431,419502,71,2739
416692,419449,419504,55,2757
416692,419442,419507,65,2750
416692,419456,419506,50,2764
416692,419450,419515,65,2758
416692,419463,419516,53,2771
416692,419457,419518,61,2765
416692,419450,419518,68,2758
416692,419467,419517,50,2775
416692,419466,419518,52,2774
416692,419456,419522,66,2764
416692,419456,419524,68,2764
416692,419450,419525,75,2758
416692,419460,419527,67,2768
416692,419474,419527,53,2782
416692,419458,419527,69,2766
416692,419462,419529,67,2770
416692,419453,419530,77,2761
416692,419483,419532,49,2791
416692,419467,419534,67,2775
416692,419483,419537,54,2791
416692,419496,419538,42,2804
416692,419487,419538,51,2795
416692,419477,419545,68,2785
416692,419498,419546,48,2806
416692,419496,419547,51,2804
416692,419499,419546,47,2807
416692,419468,419548,80,2776
416692,419539,419548,9,2847
416692,419488,419549,61,2796
416692,419547,419551,4,2855
416692,419548,419552,4,2856
416692,419547,419552,5,2855
416692,419546,419551,5,2854
416692,419545,419553,8,2853
416692,419548,419553,5,2856
416692,419549,419553,4,2857
416692,419551,419555,4,2859
416692,419538,419556,18,2846
416692,419552,419556,4,2860
416692,419497,419556,59,2805
416692,419552,419556,4,2860
416692,419553,419557,4,2861
416692,419497,419558,61,2805
416692,419502,419559,57,2810
416692,419553,419559,6,2861
416692,419502,419561,59,2810
416692,419495,419563,68,2803
416692,419507,419563,56,2815
416692,419534,419567,33,2842
416692,419504,419568,64,2812
416692,419516,419569,53,2824
416692,419524,419569,45,2832
416692,419522,419570,48,2830
416692,419537,419570,33,2845
416692,419502,419571,69,2810
416692,419518,419570,52,2826
416692,419515,419571,56,2823
416692,419507,419570,63,2815
416692,419518,419572,54,2826
416996,419558,419575,17,2562
416692,419519,419576,57,2827
416692,419518,419578,60,2826
416692,419527,419582,55,2835
416692,419532,419583,51,2840
416996,419559,419587,28,2563
416996,419553,419591,38,2557
416692,419525,419592,67,2833
416692,419527,419593,66,2835
416996,419556,419593,37,2560
416996,419556,419594,38,2560
416692,419529,419594,65,2837
416692,419527,419594,67,2835
416996,419594,419597,3,2598
416996,419557,419598,41,2561
416996,419594,419598,4,2598
416996,419597,419599,2,2601
416996,419598,419599,1,2602
416996,419594,419600,6,2598
416996,419598,419601,3,2602
416996,419599,419602,3,2603
416996,419600,419602,2,2604
416996,419600,419602,2,2604
416996,419601,419603,2,2605
416996,419587,419604,17,2591
416996,419602,419604,2,2606
416996,419602,419604,2,2606
416996,419557,419604,47,2561
416996,419555,419604,49,2559
416996,419602,419604,2,2606
416692,419530,419605,75,2838
416996,419604,419606,2,2608
416996,419604,419606,2,2608
416996,419557,419606,49,2561
416996,419604,419606,2,2608
416996,419603,419606,3,2607
416996,419569,419605,36,2573
416996,419604,419605,1,2608
416996,419605,419606,1,2609
416996,419583,419606,23,2587
416996,419561,419607,46,2565
416996,419606,419608,2,2610
416996,419605,419608,3,2609
416996,419606,419608,2,2610
416996,419606,419607,1,2610
416996,419606,419609,3,2610
416996,419606,419609,3,2610
416996,419607,419609,2,2611
416996,419606,419609,3,2610
416996,419563,419609,46,2567
416996,419605,419608,3,2609
416996,419606,419608,2,2610
416996,419606,419608,2,2610
416996,419607,419610,3,2611
416996,419608,419611,3,2612
416996,419572,419614,42,2576
416996,419571,419615,44,2575
416996,419563,419615,52,2567
416996,419559,419616,57,2563
416996,419593,419616,23,2597
416996,419568,419618,50,2572
416996,419608,419617,9,2612
416996,419570,419619,49,2574
416996,419570,419619,49,2574
416996,419569,419622,53,2573
416996,419576,419622,46,2580
416996,419578,419624,46,2582
416996,419571,419623,52,2575
416996,419582,419626,44,2586
416996,419572,419626,54,2576
416996,419575,419625,50,2579
416996,419567,419628,61,2571
416996,419571,419629,58,2575
416996,419608,419630,22,2612
416996,419592,419632,40,2596
416996,419592,419632,40,2596
416996,419593,419640,47,2597
416996,419611,419651,40,2615
416996,419608,419651,43,2612
416996,419609,419656,47,2613
416996,419609,419657,48,2613
416996,419609,419657,48,2613
416996,419609,419661,52,2613
416996,419616,419661,45,2620
416996,419610,419661,51,2614
416996,419609,419666,57,2613
416996,419609,419667,58,2613
416996,419622,419669,47,2626
416996,419619,419670,51,2623
416996,419614,419671,57,2618
416996,419618,419671,53,2622
416996,419615,419672,57,2619
416996,419609,419674,65,2613
416996,419616,419675,59,2620
416996,419609,419677,68,2613
416996,419615,419677,62,2619
416996,419626,419677,51,2630
416996,419626,419680,54,2630
416996,419618,419680,62,2622
416996,419622,419681,59,2626
416996,419651,419682,31,2655
416996,419630,419683,53,2634
416996,419628,419685,57,2632
416996,419620,419685,65,2624
416996,419633,419688,55,2637
416996,419624,419688,64,2628
416996,419626,419689,63,2630
416996,419624,419689,65,2628
416996,419632,419695,63,2636
416996,419629,419697,68,2633
416996,419661,419706,45,2665
416996,419651,419707,56,2655
416996,419680,419708,28,2684
416996,419640,419708,68,2644
416996,419658,419710,52,2662
416996,419666,419710,44,2670
416996,419656,419714,58,2660
416996,419661,419716,55,2665
416996,419661,419716,55,2665
416996,419667,419720,53,2671
416996,419659,419721,62,2663
416996,419671,419722,51,2675
416996,419669,419725,56,2673
416996,419672,419725,53,2676
416996,419670,419726,56,2674
416996,419674,419732,58,2678
416996,419677,419732,55,2681
416996,419725,419733,8,2729
416996,419678,419733,55,2682
416996,419722,419733,11,2726
416996,419727,419734,7,2731
416996,419697,419735,38,2701
416996,419696,419735,39,2700
416996,419671,419736,65,2675
416996,419733,419736,3,2737
416996,419683,419737,54,2687
416996,419681,419737,56,2685
416996,419733,419737,4,2737
416996,419734,419737,3,2738
416996,419675,419737,62,2679
416996,419688,419738,50,2692
416996,419733,419737,4,2737
416996,419732,419737,5,2736
416996,419732,419738,6,2736
416996,419682,419737,55,2686
416996,419737,419740,3,2741
416996,419680,419741,61,2684
416996,419725,419741,16,2729
416996,419735,419741,6,2739
416996,419737,419742,5,2741
416996,419736,419742,6,2740
416996,419736,419741,5,2740
416996,419677,419743,66,2681
416996,419685,419749,64,2689
416996,419689,419751,62,2693
416996,419721,419752,31,2725
416996,419690,419754,64,2694
416996,419688,419755,67,2692
416996,419707,419755,48,2711
416996,419720,419756,36,2724
416996,419710,419758,48,2714
416996,419685,419761,76,2689
416996,419716,419765,49,2720
416996,419714,419765,51,2718
416996,419716,419769,53,2720
415770,418636,419775,1139,2866
417063,419737,419775,38,2674
416996,419710,419776,66,2714
416996,419706,419776,70,2710
416996,419708,419778,70,2712
417063,419737,419779,42,2674
417063,419742,419780,38,2679
416996,419708,419781,73,2712
417063,419738,419782,44,2675
417063,419740,419785,45,2677
417063,419738,419787,49,2675
417063,419738,419787,49,2675
417063,419737,419789,52,2674
417063,419785,419788,3,2722
417063,419742,419788,46,2679
417063,419787,419789,2,2724
417063,419787,419790,3,2724
417063,419789,419791,2,2726
417063,419782,419790,8,2719
417063,419789,419791,2,2726
417063,419789,419792,3,2726
417063,419749,419792,43,2686
417063,419789,419791,2,2726
417063,419741,419791,50,2678
417063,419790,419791,1,2727
417063,419791,419793,2,2728
417063,419791,419793,2,2728
417063,419791,419794,3,2728
417063,419793,419795,2,2730
417063,419792,419795,3,2729
417063,419792,419795,3,2729
417063,419792,419794,2,2729
417063,419793,419795,2,2730
417063,419793,419796,3,2730
417063,419793,419795,2,2730
417063,419794,419796,2,2731
417063,419795,419797,2,2732
417063,419795,419798,3,2732
417063,419795,419799,4,2732
417063,419795,419799,4,2732
415711,418460,419799,1339,2749
417063,419741,419800,59,2678
417063,419795,419800,5,2732
417063,419796,419801,5,2733
417063,419738,419801,63,2675
417063,419742,419803,61,2679
417063,419796,419803,7,2733
417063,419743,419804,61,2680
417063,419756,419804,48,2693
417063,419741,419807,66,2678
417063,419759,419807,48,2696
417063,419781,419807,26,2718
417063,419752,419808,56,2689
417063,419756,419811,55,2693
417063,419765,419811,46,2702
417063,419754,419811,57,2691
417063,419797,419811,14,2734
417063,419755,419813,58,2692
417063,419738,419812,74,2675
417063,419765,419815,50,2702
417063,419751,419816,65,2688
417063,419798,419817,19,2735
417063,419777,419818,41,2714
417063,419762,419819,57,2699
417063,419769,419819,50,2706
417063,419799,419821,22,2736
417063,419780,419822,42,2717
417063,419776,419821,45,2713
417063,419778,419824,46,2715
417063,419780,419825,45,2717
417063,419775,419827,52,2712
417063,419775,419835,60,2712
417063,419798,419837,39,2735
417063,419799,419844,45,2736
417063,419801,419855,54,2738
417063,419811,419857,46,2748
417063,419801,419858,57,2738
417063,419811,419858,47,2748
417063,419804,419861,57,2741
417063,419804,419864,60,2741
417063,419811,419865,54,2748
417063,419799,419865,66,2736
417063,419807,419866,59,2744
416255,419020,419867,847,2765
417063,419803,419867,64,2740
417063,419801,419868,67,2738
417063,419812,419869,57,2749
417063,419801,419870,69,2738
417063,419804,419872,68,2741
417063,419815,419875,60,2752
417063,419809,419876,67,2746
417063,419807,419876,69,2744
417063,419807,419878,71,2744
417063,419822,419878,56,2759
417063,419819,419881,62,2756
417063,419813,419883,70,2750
417063,419816,419883,67,2753
417063,419819,419884,65,2756
417063,419827,419884,57,2764
417063,419813,419885,72,2750
417063,419821,419887,66,2758
417063,419818,419887,69,2755
417063,419825,419890,65,2762
417063,419824,419893,69,2761
417063,419817,419895,78,2754
417063,419822,419897,75,2759
417063,419837,419903,66,2774
417063,419835,419905,70,2772
417063,419844,419905,61,2781
417063,419866,419908,42,2803
417063,419867,419911,44,2804
417063,419855,419912,57,2792
417063,419858,419914,56,2795
417063,419857,419917,60,2794
417063,419858,419921,63,2795
417063,419864,419922,58,2801
417063,419861,419923,62,2798
417063,419878,419925,47,2815
417063,419865,419926,61,2802
417063,419869,419926,57,2806
417063,419882,419930,48,2819
417063,419875,419931,56,2812
417063,419872,419933,61,2809
417063,419927,419933,6,2864
417063,419868,419933,65,2805
417063,419870,419934,64,2807
417063,419867,419934,67,2804
417063,419930,419934,4,2867
417063,419878,419933,55,2815
417063,419931,419935,4,2868
417063,419926,419934,8,2863
417063,419933,419936,3,2870
417063,419934,419937,3,2871
417063,419933,419937,4,2870
417063,419934,419937,3,2871
417063,419935,419938,3,2872
417063,419935,419938,3,2872
417063,419934,419938,4,2871
417063,419934,419937,3,2871
417063,419865,419938,73,2802
417063,419934,419937,3,2871
417063,419936,419939,3,2873
417063,419876,419938,62,2813
417063,419877,419940,63,2814
417063,419883,419940,57,2820
417063,419885,419944,59,2822
417063,419883,419944,61,2820
417063,419887,419947,60,2824
417063,419925,419949,24,2862
417063,419895,419949,54,2832
417063,419887,419951,64,2824
417063,419890,419951,61,2827
417063,419885,419951,66,2822
417063,419884,419953,69,2821
417063,419893,419953,60,2830
417063,419905,419958,53,2842
417063,419897,419965,68,2834
417063,419908,419966,58,2845
417063,419911,419967,56,2848
417063,419912,419968,56,2849
417063,419915,419971,56,2852
417063,419903,419972,69,2840
417063,419917,419972,55,2854
417267,419937,419972,35,2670
417063,419905,419973,68,2842
417063,419923,419973,50,2860
417267,419937,419975,38,2670
417063,419922,419976,54,2859
417267,419938,419981,43,2671
417267,419938,419982,44,2671
417267,419944,419985,41,2677
417267,419938,419986,48,2671
417267,419938,419987,49,2671
417267,419939,419989,50,2672
417267,419947,419995,48,2680
417063,419921,419997,76,2858
417267,419939,419997,58,2672
417267,419938,419998,60,2671
417267,419958,419999,41,2691
417267,419940,420001,61,2673
417267,419949,420002,53,2682
417267,419944,420003,59,2677
417267,419951,420005,54,2684
416445,419222,420007,785,2777
417267,419939,420008,69,2672
417267,419940,420009,69,2673
417267,419952,420012,60,2685
417267,419950,420013,63,2683
417267,419967,420014,47,2700
417267,419989,420014,25,2722
417267,419953,420014,61,2686
417267,419967,420014,47,2700
417267,419954,420015,61,2687
417267,419987,420022,35,2720
417267,419985,420022,37,2718
417267,419999,420022,23,2732
417267,419998,420023,25,2731
417267,419997,420023,26,2730
417267,419996,420024,28,2729
417267,420003,420024,21,2736
417267,419972,420024,52,2705
417267,419969,420024,55,2702
417267,419975,420025,50,2708
417267,419971,420025,54,2704
417267,419997,420026,29,2730
417267,419972,420026,54,2705
417267,419951,420027,76,2684
417267,419986,420027,41,2719
417267,419982,420027,45,2715
417267,420001,420026,25,2734
417267,419977,420028,51,2710
417267,419965,420028,63,2698
417267,420003,420030,27,2736
417267,419973,420031,58,2706
415948,418826,420032,1206,2878
417267,419973,420032,59,2706
417267,420007,420034,27,2740
417267,419981,420034,53,2714
417267,420005,420037,32,2738
417267,420013,420040,27,2746
417267,419972,420041,69,2705
417267,420009,420041,32,2742
417267,420008,420043,35,2741
417267,420014,420045,31,2747
417267,420014,420050,36,2747
417267,420012,420052,40,2745
417267,420014,420052,38,2747
417267,420014,420055,41,2747
417267,420022,420062,40,2755
417267,420015,420068,53,2748
417267,420022,420070,48,2755
417267,420022,420078,56,2755
417267,420024,420085,61,2757
417267,420024,420087,63,2757
417267,420025,420088,63,2758
417267,420024,420090,66,2757
417267,420025,420091,66,2758
417267,420024,420092,68,2757
417267,420023,420094,71,2756
417267,420040,420095,55,2773
417267,420024,420096,72,2757
417267,420027,420097,70,2760
417267,420028,420100,72,2761
417267,420034,420101,67,2767
417267,420032,420102,70,2765
417267,420030,420104,74,2763
417267,420027,420104,77,2760
417267,420036,420104,68,2769
417267,420027,420104,77,2760
417267,420027,420106,79,2760
417267,420028,420106,78,2761
417267,420026,420107,81,2759
417267,420032,420108,76,2765
417267,420045,420110,65,2778
417267,420027,420111,84,2760
417267,420050,420114,64,2783
417267,420037,420117,80,2770
417267,420041,420117,76,2774
417267,420031,420117,86,2764
417267,420052,420119,67,2785
417267,420043,420122,79,2776
417267,420063,420125,62,2796
417267,420041,420128,87,2774
417267,420052,420137,85,2785
417267,420070,420142,72,2803
417267,420055,420143,88,2788
417267,420078,420149,71,2811
417267,420068,420150,82,2801
417267,420085,420152,67,2818
417267,420087,420156,69,2820
417267,420092,420157,65,2825
417267,420088,420158,70,2821
417267,420095,420164,69,2828
417267,420097,420165,68,2830
417267,420100,420165,65,2833
417267,420091,420165,74,2824
417267,420101,420166,65,2834
417267,420104,420167,63,2837
417267,420110,420171,61,2843
417267,420102,420174,72,2835
417267,420114,420174,60,2847
417267,420090,420176,86,2823
417267,420094,420177,83,2827
417267,420096,420177,81,2829
417267,420104,420181,77,2837
417267,420119,420181,62,2852
417267,420181,420184,3,2914
417267,420111,420185,74,2844
417267,420105,420185,80,2838
417267,420108,420186,78,2841
417267,420184,420186,2,2917
417267,420125,420187,62,2858
417267,420117,420187,70,2850
417267,420107,420187,80,2840
417267,420185,420188,3,2918
417267,420186,420188,2,2919
417267,420186,420189,3,2919
417267,420185,420188,3,2918
417267,420106,420189,83,2839
417267,420187,420189,2,2920
417267,420181,420190,9,2914
417267,420106,420190,84,2839
417267,420187,420190,3,2920
417267,420104,420192,88,2837
417267,420117,420192,75,2850
417267,420117,420199,82,2850
417267,420122,420201,79,2855
417267,420128,420207,79,2861
417267,420177,420207,30,2910
417267,420142,420214,72,2875
417267,420156,420215,59,2889
417267,420152,420215,63,2885
417267,420157,420219,62,2890
417267,420137,420219,82,2870
417267,420149,420220,71,2882
417267,420158,420219,61,2891
417439,420189,420221,32,2750
417267,420165,420222,57,2898
417267,420143,420224,81,2876
417439,420190,420225,35,2751
417267,420164,420229,65,2897
417267,420167,420230,63,2900
417267,420150,420231,81,2883
417439,420188,420232,44,2749
417439,420188,420232,44,2749
417267,420171,420232,61,2904
417439,420208,420233,25,2769
417267,420166,420234,68,2899
417267,420165,420234,69,2898
417267,420166,420237,71,2899
417267,420174,420238,64,2907
417439,420192,420240,48,2753
417439,420189,420240,51,2750
417439,420207,420242,35,2768
417267,420174,420242,68,2907
417267,420177,420244,67,2910
417439,420191,420243,52,2752
417439,420243,420245,2,2804
417439,420240,420246,6,2801
417439,420242,420246,4,2803
417439,420190,420246,56,2751
417439,420240,420246,6,2801
417439,420189,420246,57,2750
417439,420244,420247,3,2805
417439,420245,420247,2,2806
417439,420238,420247,9,2799
417439,420192,420247,55,2753
417439,420233,420247,14,2794
417439,420244,420247,3,2805
417439,420201,420249,48,2762
417439,420246,420249,3,2807
417439,420247,420250,3,2808
417439,420247,420250,3,2808
417439,420246,420249,3,2807
417439,420246,420250,4,2807
417439,420189,420249,60,2750
417439,420246,420249,3,2807
417439,420246,420249,3,2807
417439,420247,420250,3,2808
417439,420248,420252,4,2809
417439,420234,420252,18,2795
417439,420249,420252,3,2810
417439,420249,420253,4,2810
417439,420249,420252,3,2810
417439,420250,420253,3,2811
417439,420250,420254,4,2811
417439,420250,420253,3,2811
417439,420238,420255,17,2799
417267,420176,420256,80,2909
417439,420250,420257,7,2811
417439,420199,420257,58,2760
417439,420250,420260,10,2811
417439,420250,420264,14,2811
417439,420221,420264,43,2782
417439,420215,420265,50,2776
417439,420214,420266,52,2775
417439,420215,420266,51,2776
417439,420234,420269,35,2795
417439,420222,420269,47,2783
417439,420219,420271,52,2780
417439,420250,420272,22,2811
417439,420229,420273,44,2790
417439,420220,420273,53,2781
417439,420220,420273,53,2781
417439,420230,420279,49,2791
417439,420224,420279,55,2785
417439,420220,420279,59,2781
417439,420233,420281,48,2794
417439,420225,420282,57,2786
417439,420232,420283,51,2793
417439,420250,420288,38,2811
417439,420231,420294,63,2792
417439,420252,420294,42,2813
417439,420232,420297,65,2793
417439,420253,420298,45,2814
417439,420251,420303,52,2812
417439,420252,420303,51,2813
417439,420252,420303,51,2813
417439,420266,420313,47,2827
417439,420253,420314,61,2814
417439,420253,420316,63,2814
417439,420256,420317,61,2817
417439,420255,420318,63,2816
417439,420254,420319,65,2815
417439,420264,420327,63,2825
417439,420254,420328,74,2815
417439,420265,420329,64,2826
417439,420272,420330,58,2833
417439,420257,420331,74,2818
417439,420281,420335,54,2842
417439,420279,420335,56,2840
417439,420271,420336,65,2832
417439,420257,420337,80,2818
417439,420264,420337,73,2825
417439,420270,420337,67,2831
417439,420269,420338,69,2830
417439,420273,420338,65,2834
417439,420274,420341,67,2835
417439,420273,420341,68,2834
417439,420282,420343,61,2843
417439,420266,420343,77,2827
417439,420260,420344,84,2821
417439,420283,420351,68,2844
417439,420288,420352,64,2849
417439,420279,420355,76,2840
417439,420279,420356,77,2840
417439,420303,420368,65,2864
417439,420294,420369,75,2855
417439,420298,420372,74,2859
417439,420319,420373,54,2880
417439,420318,420374,56,2879
417439,420299,420374,75,2860
417439,420317,420375,58,2878
417439,420294,420377,83,2855
417439,420304,420382,78,2865
417439,420313,420384,71,2874
417439,420303,420385,82,2864
417439,420316,420386,70,2877
417439,420327,420390,63,2888
417439,420317,420393,76,2878
417439,420330,420394,64,2891
417439,420338,420394,56,2899
417439,420335,420396,61,2896
417439,420329,420397,68,2890
417439,420336,420397,61,2897
417439,420331,420403,72,2892
417439,420341,420403,62,2902
417439,420338,420404,66,2899
417439,420337,420405,68,2898
417439,420341,420405,64,2902
417439,420351,420405,54,2912
417439,420328,420406,78,2889
417439,420403,420407,4,2964
417439,420404,420407,3,2965
417439,420405,420407,2,2966
417439,420343,420407,64,2904
417439,420405,420407,2,2966
417439,420405,420407,2,2966
417439,420407,420409,2,2968
417439,420407,420409,2,2968
417439,420368,420409,41,2929
417439,420406,420409,3,2967
417861,420407,420410,3,2546
417439,420337,420410,73,2898
417439,420337,420411,74,2898
417861,420410,420412,2,2549
417439,420336,420413,77,2897
417439,420343,420413,70,2904
417861,420412,420414,2,2551
417861,420412,420415,3,2551
417439,420403,420416,13,2964
417861,420413,420416,3,2552
417439,420344,420417,73,2905
417439,420352,420423,71,2913
417439,420397,420427,30,2958
417439,420397,420428,31,2958
417439,420373,420429,56,2934
417861,420429,420431,2,2568
417861,420410,420431,21,2549
417861,420429,420431,2,2568
417439,420356,420433,77,2917
417439,420374,420433,59,2935
417439,420355,420434,79,2916
417439,420375,420438,63,2936
417439,420369,420439,70,2930
417439,420394,420440,46,2955
417861,420439,420441,2,2578
417861,420441,420444,3,2580
417439,420396,420445,49,2957
417439,420386,420446,60,2947
417439,420390,420445,55,2951
417861,420431,420447,16,2570
417861,420438,420448,10,2577
417439,420377,420448,71,2938
417861,420446,420448,2,2585
417861,420447,420449,2,2586
417861,420447,420449,2,2586
417439,420384,420449,65,2945
417861,420448,420450,2,2587
417861,420448,420450,2,2587
417439,420374,420450,76,2935
417861,420449,420451,2,2588
417861,420449,420451,2,2588
417439,420382,420451,69,2943
417861,420448,420451,3,2587
417439,420372,420452,80,2933
417861,420450,420452,2,2589
417861,420451,420453,2,2590
417861,420450,420453,3,2589
417861,420450,420453,3,2589
417861,420450,420452,2,2589
417861,420451,420452,1,2590
417861,420451,420454,3,2590
417861,420451,420454,3,2590
417861,420452,420454,2,2591
417861,420445,420454,9,2584
417861,420453,420455,2,2592
417861,420452,420455,3,2591
417861,420453,420455,2,2592
417861,420453,420455,2,2592
417861,420453,420455,2,2592
417861,420453,420455,2,2592
417861,420454,420456,2,2593
417861,420454,420456,2,2593
417861,420454,420456,2,2593
417861,420408,420457,49,2547
417861,420455,420457,2,2594
417861,420409,420456,47,2548
417861,420407,420457,50,2546
417861,420455,420457,2,2594
417861,420455,420458,3,2594
417861,420456,420457,1,2595
417861,420455,420458,3,2594
417861,420456,420459,3,2595
417861,420456,420459,3,2595
417439,420394,420459,65,2955
417861,420457,420458,1,2596
417861,420455,420460,5,2594
417861,420409,420461,52,2548
417861,420459,420461,2,2598
417861,420458,420461,3,2597
417861,420409,420462,53,2548
417861,420416,420461,45,2555
417861,420455,420463,8,2594
417861,420409,420462,53,2548
417861,420414,420463,49,2553
417439,420385,420464,79,2946
417861,420413,420465,52,2552
417439,420394,420465,71,2955
417861,420431,420469,38,2570
417861,420415,420469,54,2554
417861,420457,420470,13,2596
417861,420417,420472,55,2556
417861,420444,420473,29,2583
417861,420472,420474,2,2611
417861,420471,420474,3,2610
417861,420474,420477,3,2613
417861,420474,420477,3,2613
417861,420432,420478,46,2571
417861,420427,420478,51,2566
417861,420477,420479,2,2616
417861,420416,420479,63,2555
417861,420442,420480,38,2581
417861,420478,420480,2,2617
417861,420478,420480,2,2617
417861,420424,420481,57,2563
417861,420479,420481,2,2618
417861,420480,420482,2,2619
417861,420480,420482,2,2619
417861,420480,420481,1,2619
417861,420434,420483,49,2573
417861,420433,420484,51,2572
417861,420481,420485,4,2620
417861,420483,420486,3,2622
417861,420484,420485,1,2623
417861,420485,420487,2,2624
417861,420486,420488,2,2625
417861,420486,420489,3,2625
417861,420488,420489,1,2627
417861,420433,420492,59,2572
417861,420489,420493,4,2628
417861,420479,420492,13,2618
417861,420463,420495,32,2602
417861,420493,420495,2,2632
417861,420458,420497,39,2597
417861,420495,420497,2,2634
417861,420497,420498,1,2636
417861,420499,420500,1,2638
417861,420457,420505,48,2596
417861,420457,420506,49,2596
417861,420457,420506,49,2596
417861,420461,420510,49,2600
417861,420458,420511,53,2597
417861,420482,420511,29,2621
417861,420459,420511,52,2598
417861,420511,420513,2,2650
417861,420511,420513,2,2650
417861,420469,420514,45,2608
417861,420458,420514,56,2597
417861,420513,420514,1,2652
417861,420513,420515,2,2652
417861,420514,420516,2,2653
417861,420459,420519,60,2598
417861,420463,420521,58,2602
417861,420462,420521,59,2601
417861,420461,420522,61,2600
417861,420465,420528,63,2604
417861,420464,420528,64,2603
417861,420460,420529,69,2599
417861,420459,420530,71,2598
417861,420528,420531,3,2667
417861,420461,420532,71,2600
417861,420529,420532,3,2668
417861,420531,420534,3,2670
417861,420463,420535,72,2602
417861,420530,420535,5,2669
417861,420532,420535,3,2671
417861,420469,420537,68,2608
417861,420532,420536,4,2671
417861,420535,420538,3,2674
417861,420535,420537,2,2674
417861,420465,420538,73,2604
417861,420473,420538,65,2612
417861,420462,420539,77,2601
417861,420528,420543,15,2667
417861,420482,420544,62,2621
417861,420523,420545,22,2662
416457,419372,420547,1175,2915
417861,420491,420547,56,2630
417861,420521,420547,26,2660
417861,420477,420549,72,2616
417861,420482,420552,70,2621
417861,420487,420554,67,2626
417861,420505,420558,53,2644
417861,420492,420560,68,2631
417861,420506,420562,56,2645
417861,420498,420563,65,2637
417861,420514,420564,50,2653
417861,420506,420565,59,2645
417861,420495,420565,70,2634
417861,420502,420565,63,2641
417861,420515,420566,51,2654
417861,420493,420567,74,2632
417861,420511,420567,56,2650
417861,420481,420568,87,2620
417861,420519,420569,50,2658
417861,420510,420574,64,2649
417861,420516,420575,59,2655
417861,420521,420577,56,2660
418032,420538,420585,47,2506
417861,420516,420586,70,2655
418032,420544,420587,43,2512
418032,420538,420588,50,2506
418032,420537,420589,52,2505
418032,420587,420589,2,2555
418032,420535,420589,54,2503
418032,420586,420590,4,2554
418032,420588,420591,3,2556
418032,420589,420591,2,2557
418032,420589,420592,3,2557
418032,420589,420591,2,2557
418032,420547,420593,46,2515
418032,420591,420593,2,2559
418032,420537,420594,57,2505
418032,420585,420594,9,2553
418032,420592,420594,2,2560
418032,420591,420593,2,2559
418032,420591,420593,2,2559
418032,420593,420595,2,2561
418032,420547,420595,48,2515
418032,420593,420595,2,2561
418032,420593,420594,1,2561
418032,420547,420595,48,2515
418032,420577,420596,19,2545
418032,420538,420596,58,2506
418032,420594,420597,3,2562
418032,420545,420596,51,2513
418032,420594,420596,2,2562
418032,420595,420597,2,2563
418032,420594,420597,3,2562
418032,420595,420597,2,2563
418032,420595,420596,1,2563
418032,420594,420597,3,2562
418032,420594,420597,3,2562
418032,420595,420598,3,2563
418032,420539,420597,58,2507
418032,420595,420598,3,2563
418032,420596,420598,2,2564
418032,420543,420599,56,2511
418032,420597,420599,2,2565
418032,420597,420599,2,2565
418032,420597,420600,3,2565
418032,420568,420600,32,2536
418032,420597,420599,2,2565
418032,420597,420599,2,2565
418032,420538,420600,62,2506
418032,420597,420601,4,2565
418032,420549,420602,53,2517
418032,420597,420606,9,2565
418032,420565,420607,42,2533
418032,420566,420607,41,2534
418032,420569,420607,38,2537
418032,420567,420609,42,2535
418032,420558,420610,52,2526
418032,420560,420612,52,2528
418032,420575,420614,39,2543
418032,420565,420614,49,2533
418032,420598,420615,17,2566
418032,420562,420616,54,2530
418032,420564,420615,51,2532
418032,420552,420617,65,2520
418032,420554,420617,63,2522
418032,420597,420618,21,2565
418032,420563,420621,58,2531
418032,420565,420622,57,2533
418032,420574,420626,52,2542
418032,420567,420627,60,2535
418032,420598,420628,30,2566
418032,420598,420628,30,2566
418032,420599,420638,39,2567
418032,420598,420640,42,2566
418032,420599,420652,53,2567
418032,420598,420654,56,2566
418032,420610,420656,46,2578
418032,420600,420658,58,2568
418032,420600,420661,61,2568
418032,420606,420663,57,2574
418032,420614,420665,51,2582
418032,420600,420666,66,2568
418032,420609,420666,57,2577
418032,420607,420667,60,2575
418032,420599,420668,69,2567
418032,420607,420670,63,2575
418032,420607,420671,64,2575
418032,420599,420673,74,2567
418032,420618,420674,56,2586
418032,420600,420674,74,2568
418032,420602,420676,74,2570
418032,420617,420676,59,2585
418032,420600,420677,77,2568
418032,420616,420677,61,2584
418032,420614,420677,63,2582
418032,420601,420681,80,2569
418032,420616,420681,65,2584
416693,419553,420683,1130,2860
418032,420622,420686,64,2590
418032,420621,420688,67,2589
418032,420615,420689,74,2583
418032,420613,420690,77,2581
418032,420628,420691,63,2596
418032,420617,420691,74,2585
418032,420627,420696,69,2595
418032,420628,420699,71,2596
418032,420638,420699,61,2606
418032,420627,420703,76,2595
418032,420654,420711,57,2622
418032,420652,420715,63,2620
418032,420640,420717,77,2608
418032,420656,420721,65,2624
418032,420658,420721,63,2626
418032,420661,420723,62,2629
418032,420667,420726,59,2635
418032,420666,420727,61,2634
418032,420670,420728,58,2638
418032,420664,420728,64,2632
418032,420696,420729,33,2664
418032,420678,420729,51,2646
418032,420665,420729,64,2633
418032,420674,420730,56,2642
418032,420671,420733,62,2639
418032,420677,420737,60,2645
418032,420733,420737,4,2701
418032,420729,420738,9,2697
418032,420730,420737,7,2698
418032,420737,420740,3,2705
418032,420737,420740,3,2705
418032,420681,420740,59,2649
418032,420738,420740,2,2706
418032,420738,420741,3,2706
418032,420700,420741,41,2668
418032,420677,420741,64,2645
418032,420691,420742,51,2659
418032,420740,420742,2,2708
418032,420740,420742,2,2708
418032,420666,420744,78,2634
418032,420676,420745,69,2644
418032,420703,420746,43,2671
418032,420729,420747,18,2697
418032,420673,420747,74,2641
418032,420668,420748,80,2636
418032,420681,420749,68,2649
418032,420674,420751,77,2642
418032,420676,420751,75,2644
418032,420715,420752,37,2683
418032,420683,420753,70,2651
418032,420686,420755,69,2654
418060,420741,420758,17,2681
418032,420691,420758,67,2659
418032,420699,420759,60,2667
418032,420688,420759,71,2656
418032,420690,420760,70,2658
418032,420689,420763,74,2657
418060,420741,420768,27,2681
418060,420752,420768,16,2692
418032,420711,420769,58,2679
418060,420742,420772,30,2682
418060,420755,420773,18,2695
418032,420723,420778,55,2691
418032,420717,420778,61,2685
418032,420721,420780,59,2689
418032,420721,420784,63,2689
418032,420729,420784,55,2697
418060,420742,420784,42,2682
418032,420726,420786,60,2694
418060,420741,420785,44,2681
418032,420727,420786,59,2695
418060,420760,420787,27,2700
418032,420729,420787,58,2697
418060,420784,420786,2,2724
418060,420784,420788,4,2724
418060,420786,420788,2,2726
418060,420787,420789,2,2727
418032,420728,420789,61,2696
418060,420787,420789,2,2727
418060,420786,420788,2,2726
418060,420786,420788,2,2726
418060,420787,420789,2,2727
418060,420788,420790,2,2728
418060,420788,420789,1,2728
418060,420789,420791,2,2729
418060,420751,420791,40,2691
418060,420759,420791,32,2699
418060,420789,420790,1,2729
418060,420789,420792,3,2729
418060,420789,420791,2,2729
418060,420789,420791,2,2729
418060,420791,420792,1,2731
418060,420753,420793,40,2693
418060,420791,420793,2,2731
418060,420790,420792,2,2730
418060,420790,420792,2,2730
418060,420791,420794,3,2731
418060,420792,420794,2,2732
418060,420791,420793,2,2731
418060,420792,420793,1,2732
418060,420792,420794,2,2732
418060,420743,420795,52,2683
418060,420793,420795,2,2733
418060,420793,420795,2,2733
418060,420792,420794,2,2732
418060,420792,420794,2,2732
418060,420745,420796,51,2685
418060,420793,420796,3,2733
418060,420784,420796,12,2724
418060,420793,420795,2,2733
418060,420794,420799,5,2734
418060,420742,420799,57,2682
418060,420751,420800,49,2691
418060,420747,420802,55,2687
418060,420794,420802,8,2734
418060,420749,420801,52,2689
418060,420744,420803,59,2684
418060,420758,420803,45,2698
418060,420781,420803,22,2721
418060,420747,420805,58,2687
418060,420763,420806,43,2703
418060,420778,420807,29,2718
418060,420746,420807,61,2686
418060,420749,420808,59,2689
418060,420778,420809,31,2718
418060,420759,420810,51,2699
418060,420794,420811,17,2734
418060,420768,420814,46,2708
418060,420772,420814,42,2712
418060,420795,420815,20,2735
418060,420759,420816,57,2699
418060,420769,420817,48,2709
418060,420768,420817,49,2708
418060,420773,420822,49,2713
418060,420795,420827,32,2735
418060,420795,420832,37,2735
418060,420799,420842,43,2739
418060,420795,420845,50,2735
418060,420795,420850,55,2735
418060,420795,420850,55,2735
418060,420797,420850,53,2737
418060,420795,420851,56,2735
418060,420796,420853,57,2736
418060,420796,420855,59,2736
418060,420802,420858,56,2742
418060,420796,420859,63,2736
418060,420804,420861,57,2744
418060,420804,420862,58,2744
418060,420799,420862,63,2739
418060,420807,420866,59,2747
418060,420809,420867,58,2749
418060,420802,420868,66,2742
418060,420805,420869,64,2745
418060,420815,420870,55,2755
418060,420801,420871,70,2741
418060,420817,420873,56,2757
418060,420808,420873,65,2748
418060,420802,420874,72,2742
418060,420814,420874,60,2754
418060,420817,420874,57,2757
418060,420803,420875,72,2743
418060,420810,420875,65,2750
418060,420807,420875,68,2747
418060,420807,420878,71,2747
418060,420811,420880,69,2751
418060,420814,420880,66,2754
418060,420827,420883,56,2767
418060,420816,420887,71,2756
418060,420832,420893,61,2772
418060,420823,420893,70,2763
418060,420861,420899,38,2801
418060,420845,420903,58,2785
418060,420850,420905,55,2790
418060,420853,420906,53,2793
418060,420852,420907,55,2792
418060,420842,420907,65,2782
418060,420850,420909,59,2790
418060,420850,420909,59,2790
418060,420858,420917,59,2798
418060,420862,420921,59,2802
418060,420870,420921,51,2810
418060,420855,420924,69,2795
418060,420859,420926,67,2799
418060,420867,420928,61,2807
418060,420873,420929,56,2813
418060,420874,420930,56,2814
418060,420862,420932,70,2802
418060,420875,420933,58,2815
418060,420868,420935,67,2808
418060,420930,420936,6,2870
418060,420929,420936,7,2869
418060,420887,420937,50,2827
418060,420932,420937,5,2872
418060,420869,420938,69,2809
418060,420875,420938,63,2815
418060,420936,420938,2,2876
418060,420936,420939,3,2876
418060,420871,420939,68,2811
418060,420935,420939,4,2875
418060,420933,420938,5,2873
418060,420873,420940,67,2813
418060,420866,420940,74,2806
418060,420937,420942,5,2877
418060,420883,420943,60,2823
418060,420875,420944,69,2815
418060,420874,420946,72,2814
418060,420881,420946,65,2821
418060,420878,420946,68,2818
418060,420928,420949,21,2868
418060,420924,420950,26,2864
418060,420876,420951,75,2816
418060,420880,420952,72,2820
418060,420899,420956,57,2839
418060,420926,420958,32,2866
418060,420906,420960,54,2846
418060,420907,420960,53,2847
418060,420893,420960,67,2833
418060,420894,420959,65,2834
418060,420909,420961,52,2849
418060,420905,420963,58,2845
418060,420903,420963,60,2843
418060,420917,420967,50,2857
418060,420909,420970,61,2849
418060,420922,420971,49,2862
418060,420921,420977,56,2861
418060,420907,420979,72,2847
418217,420943,420984,41,2726
418217,420971,420987,16,2754
418217,420938,420989,51,2721
418217,420939,420989,50,2722
418217,420949,420990,41,2732
418217,420938,420990,52,2721
418217,420987,420992,5,2770
418217,420990,420992,2,2773
418217,420989,420992,3,2772
418217,420989,420993,4,2772
418217,420990,420993,3,2773
418217,420992,420994,2,2775
418217,420939,420994,55,2722
418217,420984,420994,10,2767
418217,420992,420995,3,2775
418217,420993,420995,2,2776
418217,420992,420994,2,2775
418217,420939,420995,56,2722
418217,420993,420995,2,2776
418217,420994,420996,2,2777
418217,420994,420996,2,2777
418217,420994,420995,1,2777
418217,420995,420997,2,2778
418217,420995,420997,2,2778
418217,420995,420998,3,2778
418217,420995,420997,2,2778
418217,420996,420998,2,2779
418217,420996,420998,2,2779
418217,420939,420998,59,2722
418217,420997,420998,1,2780
418217,420997,420999,2,2780
418217,420995,420998,3,2778
418217,420998,421000,2,2781
418217,420997,421000,3,2780
418217,420998,421000,2,2781
418217,420998,421000,2,2781
418217,420998,421000,2,2781
418217,420998,421001,3,2781
418217,420999,421001,2,2782
418217,420998,421000,2,2781
418217,420999,421003,4,2782
418217,420939,421004,65,2722
418217,420944,421005,61,2727
418217,420960,421005,45,2743
418217,421000,421005,5,2783
418217,420946,421006,60,2729
418217,420941,421006,65,2724
418217,420956,421006,50,2739
418217,420952,421007,55,2735
418217,420940,421006,66,2723
418217,420946,421008,62,2729
418217,420970,421007,37,2753
418217,420951,421008,57,2734
418217,420978,421009,31,2761
418217,420960,421010,50,2743
418217,420967,421009,42,2750
418217,420963,421010,47,2746
418217,420979,421011,32,2762
418217,420963,421011,48,2746
418217,420946,421011,65,2729
418217,421000,421011,11,2783
418217,420960,421011,51,2743
418217,420962,421014,52,2745
418217,421000,421014,14,2783
418217,421000,421014,14,2783
418217,420942,421014,72,2725
418217,421000,421014,14,2783
418217,420952,421014,62,2735
418217,420960,421021,61,2743
418217,420958,421023,65,2741
416997,419737,421034,1297,2740
418217,421006,421045,39,2789
418217,421007,421049,42,2790
418217,421001,421049,48,2784
418217,421001,421056,55,2784
418217,421005,421057,52,2788
418217,421001,421057,56,2784
418217,421005,421061,56,2788
418217,421021,421065,44,2804
418217,421010,421066,56,2793
418217,421003,421066,63,2786
418217,421009,421067,58,2792
418217,421009,421069,60,2792
418217,421011,421069,58,2794
418217,421011,421070,59,2794
418217,421012,421070,58,2795
418217,421006,421071,65,2789
418217,421005,421073,68,2788
418217,421014,421075,61,2797
418217,421007,421074,67,2790
418217,421013,421076,63,2796
418217,421014,421077,63,2797
418217,421010,421077,67,2793
418217,421006,421079,73,2789
418217,421014,421079,65,2797
418217,421009,421081,72,2792
418217,421011,421080,69,2794
418217,421014,421083,69,2797
418217,421004,421083,79,2787
418217,421014,421084,70,2797
418217,421015,421083,68,2798
418217,421011,421085,74,2794
418217,421009,421088,79,2792
418217,421023,421094,71,2806
418217,421049,421098,49,2832
418217,421045,421101,56,2828
418217,421034,421102,68,2817
418217,421056,421115,59,2839
418217,421057,421118,61,2840
418217,421049,421119,70,2832
418217,421069,421121,52,2852
418217,421061,421123,62,2844
418217,421070,421124,54,2853
418217,421058,421126,68,2841
418217,421071,421127,56,2854
418217,421066,421129,63,2849
418217,421067,421128,61,2850
418217,421075,421130,55,2858
418217,421071,421130,59,2854
418217,421076,421131,55,2859
418217,421079,421134,55,2862
418217,421065,421136,71,2848
418217,421132,421140,8,2915
418217,421073,421141,68,2856
418217,421134,421141,7,2917
418217,421136,421142,6,2919
418217,421075,421143,68,2858
418217,421140,421144,4,2923
418217,421141,421145,4,2924
418217,421081,421145,64,2864
418217,421142,421145,3,2925
418217,421066,421146,80,2849
418217,421131,421146,15,2914
418217,421141,421145,4,2924
418217,421081,421148,67,2864
418217,421079,421148,69,2862
418217,421143,421147,4,2926
418217,421077,421148,71,2860
418217,421084,421148,64,2867
418217,421071,421149,78,2854
418217,421078,421151,73,2861
418217,421083,421151,68,2866
418217,421083,421151,68,2866
418217,421131,421153,22,2914
418217,421085,421153,68,2868
418217,421101,421153,52,2884
418217,421084,421154,70,2867
418217,421129,421157,28,2912
418217,421098,421157,59,2881
418217,421129,421159,30,2912
418217,421088,421160,72,2871
418217,421094,421164,70,2877
418217,421102,421170,68,2885
418217,421115,421174,59,2898
418217,421118,421175,57,2901
418217,421123,421180,57,2906
418217,421121,421183,62,2904
418217,421127,421183,56,2910
418311,421148,421187,39,2837
417064,419937,421188,1251,2873
418217,421119,421190,71,2902
418311,421145,421190,45,2834
418217,421124,421192,68,2907
418311,421192,421196,4,2881
418311,421148,421197,49,2837
418311,421196,421198,2,2885
418311,421146,421199,53,2835
418311,421146,421199,53,2835
418311,421197,421200,3,2886
418311,421198,421200,2,2887
418311,421199,421201,2,2888
418217,421126,421201,75,2909
418311,421199,421202,3,2888
418311,421157,421202,45,2846
418311,421200,421201,1,2889
418311,421148,421201,53,2837
418311,421200,421202,2,2889
418311,421153,421203,50,2842
418311,421145,421203,58,2834
418311,421201,421202,1,2890
418311,421201,421204,3,2890
418311,421202,421204,2,2891
418311,421151,421204,53,2840
418311,421202,421204,2,2891
418311,421203,421205,2,2892
418311,421202,421205,3,2891
418311,421203,421205,2,2892
418311,421202,421204,2,2891
418311,421204,421206,2,2893
418311,421202,421205,3,2891
418311,421203,421206,3,2892
418311,421146,421205,59,2835
418311,421153,421206,53,2842
418311,421205,421207,2,2894
418311,421204,421207,3,2893
418311,421204,421207,3,2893
418311,421205,421207,2,2894
418311,421160,421207,47,2849
418311,421151,421207,56,2840
418311,421204,421206,2,2893
418311,421205,421207,2,2894
418311,421206,421208,2,2895
418311,421205,421208,3,2894
418311,421191,421207,16,2880
418311,421148,421207,59,2837
418311,421206,421209,3,2895
418311,421206,421209,3,2895
418311,421160,421208,48,2849
418311,421206,421209,3,2895
418311,421206,421209,3,2895
418311,421207,421211,4,2896
418311,421151,421211,60,2840
418311,421149,421212,63,2838
418311,421157,421212,55,2846
418311,421147,421211,64,2836
418311,421207,421213,6,2896
418311,421207,421214,7,2896
418311,421153,421213,60,2842
418311,421148,421216,68,2837
418311,421180,421216,36,2869
418311,421190,421216,26,2879
418311,421207,421217,10,2896
418311,421164,421219,55,2853
418311,421154,421221,67,2843
418311,421188,421222,34,2877
418311,421183,421225,42,2872
418311,421175,421225,50,2864
418311,421174,421227,53,2863
418311,421171,421227,56,2860
418311,421184,421229,45,2873
418311,421187,421229,42,2876
418311,421207,421232,25,2896
418311,421209,421239,30,2898
418311,421208,421241,33,2897
418311,421207,421254,47,2896
418311,421207,421263,56,2896
418311,421208,421264,56,2897
418311,421208,421266,58,2897
418311,421208,421268,60,2897
418311,421208,421269,61,2897
418311,421212,421272,60,2901
418311,421209,421273,64,2898
418311,421211,421274,63,2900
418311,421210,421277,67,2899
418311,421216,421278,62,2905
418311,421209,421278,69,2898
418311,421211,421279,68,2900
418311,421210,421278,68,2899
418311,421217,421280,63,2906
418311,421216,421280,64,2905
418311,421212,421281,69,2901
418311,421212,421283,71,2901
418311,421213,421283,70,2902
418311,421225,421284,59,2914
418311,421214,421286,72,2903
418311,421225,421286,61,2914
418311,421227,421287,60,2916
418311,421216,421288,72,2905
418311,421221,421288,67,2910
418311,421214,421290,76,2903
418311,421219,421291,72,2908
418311,421229,421293,64,2918
418311,421227,421294,67,2916
417440,420407,421298,891,2967
418311,421239,421298,59,2928
418311,421241,421298,57,2930
418311,421229,421304,75,2918
418311,421222,421304,82,2911
418311,421232,421306,74,2921
418311,421266,421309,43,2955
418311,421254,421316,62,2943
418311,421265,421326,61,2954
418311,421263,421329,66,2952
418311,421272,421334,62,2961
418311,421274,421336,62,2963
418311,421280,421338,58,2969
418311,421268,421338,70,2957
418311,421281,421339,58,2970
418311,421277,421341,64,2966
418311,421284,421343,59,2973
418311,421293,421343,50,2982
418311,421269,421344,75,2958
418311,421281,421344,63,2970
418311,421273,421345,72,2962
418311,421279,421345,66,2968
418311,421279,421345,66,2968
418311,421283,421345,62,2972
418311,421287,421347,60,2976
418311,421279,421348,69,2968
417268,420188,421348,1160,2920
418311,421298,421348,50,2987
418311,421286,421349,63,2975
418311,421345,421350,5,3034
418311,421345,421350,5,3034
418311,421278,421351,73,2967
418311,421347,421351,4,3036
418311,421346,421351,5,3035
418311,421344,421352,8,3033
418311,421343,421352,9,3032
418311,421347,421351,4,3036
418311,421343,421352,9,3032
418311,421283,421354,71,2972
418311,421286,421353,67,2975
418311,421344,421356,12,3033
418311,421288,421358,70,2977
418311,421338,421358,20,3027
418311,421298,421358,60,2987
418311,421299,421358,59,2988
418311,421292,421359,67,2981
418311,421289,421359,70,2978
418311,421290,421364,74,2979
418311,421339,421367,28,3028
418311,421294,421368,74,2983
418311,421304,421368,64,2993
418311,421341,421368,27,3030
418311,421304,421369,65,2993
418311,421309,421370,61,2998
418311,421317,421370,53,3006
418311,421306,421376,70,2995
418311,421338,421388,50,3027
418311,421326,421389,63,3015
418311,421336,421390,54,3025
418447,421348,421391,43,2901
418447,421351,421393,42,2904
418447,421349,421392,43,2902
418447,421356,421396,40,2909
418447,421394,421396,2,2947
418311,421329,421397,68,3018
418311,421334,421397,63,3023
418447,421352,421397,45,2905
418447,421360,421398,38,2913
418447,421396,421398,2,2949
418447,421352,421398,46,2905
418447,421397,421399,2,2950
418447,421396,421399,3,2949
418447,421397,421399,2,2950
418447,421398,421400,2,2951
418447,421398,421400,2,2951
418447,421398,421399,1,2951
418447,421398,421401,3,2951
418447,421351,421401,50,2904
418447,421393,421400,7,2946
418447,421399,421400,1,2952
418447,421399,421401,2,2952
418447,421400,421402,2,2953
418447,421400,421402,2,2953
418447,421350,421402,52,2903
418447,421399,421401,2,2952
418447,421401,421403,2,2954
418447,421400,421403,3,2953
418447,421401,421403,2,2954
418447,421402,421404,2,2955
418447,421370,421403,33,2923
418447,421402,421404,2,2955
418447,421401,421404,3,2954
418447,421401,421403,2,2954
418447,421401,421403,2,2954
418447,421402,421405,3,2955
418447,421402,421405,3,2955
418447,421403,421405,2,2956
418447,421391,421404,13,2944
418447,421403,421406,3,2956
418447,421404,421406,2,2957
418447,421403,421406,3,2956
418447,421404,421406,2,2957
418447,421404,421407,3,2957
418447,421358,421407,49,2911
418447,421348,421406,58,2901
418447,421359,421407,48,2912
418447,421390,421406,16,2943
418447,421370,421408,38,2923
418447,421404,421409,5,2957
418447,421354,421410,56,2907
418447,421350,421410,60,2903
418447,421352,421410,58,2905
418447,421404,421412,8,2957
418447,421352,421413,61,2905
418447,421351,421414,63,2904
418447,421367,421415,48,2920
418447,421358,421415,57,2911
418447,421404,421415,11,2957
418447,421369,421417,48,2922
418447,421360,421418,58,2913
418447,421368,421418,50,2921
418447,421389,421419,30,2942
418447,421354,421420,66,2907
418447,421405,421422,17,2958
418447,421358,421423,65,2911
418447,421364,421426,62,2917
418447,421368,421433,65,2921
418447,421405,421434,29,2958
418447,421368,421436,68,2921
418447,421376,421436,60,2929
418447,421405,421438,33,2958
418447,421388,421440,52,2941
418447,421422,421446,24,2975
418447,421407,421447,40,2960
418447,421405,421451,46,2958
418447,421407,421454,47,2960
418447,421438,421455,17,2991
418447,421406,421456,50,2959
418447,421413,421460,47,2966
418447,421437,421463,26,2990
418447,421407,421463,56,2960
418447,421406,421465,59,2959
418447,421406,421466,60,2959
418447,421407,421465,58,2960
418447,421408,421469,61,2961
418447,421410,421469,59,2963
418447,421419,421469,50,2972
418447,421415,421469,54,2968
418447,421415,421470,55,2968
418447,421410,421472,62,2963
418447,421415,421473,58,2968
418447,421419,421474,55,2972
418447,421407,421475,68,2960
418447,421418,421477,59,2971
418447,421410,421477,67,2963
418447,421414,421477,63,2967
418447,421417,421481,64,2970
418447,421423,421481,58,2976
418447,421406,421482,76,2959
418447,421409,421482,73,2962
418447,421412,421483,71,2965
418447,421420,421491,71,2973
418447,421469,421492,23,3022
418447,421427,421495,68,2980
418447,421436,421496,60,2989
418447,421446,421499,53,2999
418447,421433,421501,68,2986
418033,420741,421502,761,2708
418447,421435,421503,68,2988
418447,421440,421507,67,2993
418447,421447,421507,60,3000
418447,421454,421509,55,3007
418447,421456,421513,57,3009
418447,421451,421515,64,3004
418447,421463,421517,54,3016
418447,421466,421521,55,3019
418447,421473,421523,50,3026
418447,421455,421523,68,3008
418447,421472,421525,53,3025
418447,421472,421526,54,3025
418447,421463,421526,63,3016
418447,421481,421527,46,3034
418447,421469,421528,59,3022
418447,421469,421528,59,3022
418447,421460,421529,69,3013
418447,421466,421528,62,3019
418447,421517,421529,12,3070
418447,421474,421531,57,3027
418447,421528,421532,4,3081
418447,421527,421532,5,3080
418447,421528,421532,4,3081
418447,421529,421533,4,3082
418447,421529,421533,4,3082
418447,421526,421534,8,3079
418447,421526,421533,7,3079
418447,421523,421536,13,3076
418447,421469,421536,67,3022
418447,421523,421537,14,3076
418447,421465,421538,73,3018
418447,421525,421538,13,3078
418447,421481,421544,63,3034
418447,421521,421545,24,3074
418447,421482,421546,64,3035
418447,421483,421546,63,3036
418447,421475,421546,71,3028
418447,421477,421547,70,3030
418447,421477,421547,70,3030
418447,421477,421550,73,3030
418447,421492,421551,59,3045
418447,421483,421551,68,3036
418447,421499,421557,58,3052
418447,421491,421558,67,3044
418447,421502,421566,64,3055
418447,421501,421566,65,3054
418447,421495,421566,71,3048
418447,421507,421567,60,3060
418447,421496,421568,72,3049
418447,421510,421567,57,3063
418447,421503,421567,64,3056
418447,421513,421571,58,3066
418447,421515,421571,56,3068
419040,421533,421573,40,2493
419040,421534,421573,39,2494
419040,421531,421576,45,2491
419040,421573,421577,4,2533
419040,421533,421578,45,2493
419040,421532,421578,46,2492
419040,421573,421579,6,2533
418447,421507,421579,72,3060
419040,421577,421579,2,2537
419040,421577,421578,1,2537
419040,421578,421579,1,2538
419040,421578,421580,2,2538
419040,421579,421581,2,2539
419040,421579,421581,2,2539
419040,421579,421580,1,2539
419040,421580,421582,2,2540
419040,421579,421582,3,2539
419040,421579,421581,2,2539
419040,421581,421583,2,2541
419040,421537,421582,45,2497
419040,421581,421583,2,2541
419040,421581,421583,2,2541
419040,421582,421584,2,2542
419040,421582,421583,1,2542
419040,421583,421585,2,2543
419040,421582,421584,2,2542
419040,421583,421584,1,2543
419040,421584,421586,2,2544
419040,421583,421585,2,2543
419040,421584,421587,3,2544
419040,421584,421586,2,2544
419040,421536,421586,50,2496
419040,421567,421587,20,2527
419040,421586,421588,2,2546
419040,421585,421587,2,2545
419040,421586,421587,1,2546
419040,421586,421587,1,2546
419040,421587,421589,2,2547
419040,421587,421590,3,2547
419040,421546,421590,44,2506
419040,421587,421589,2,2547
419040,421587,421590,3,2547
419040,421532,421590,58,2492
419040,421533,421591,58,2493
419040,421534,421592,58,2494
419040,421538,421593,55,2498
419040,421588,421594,6,2548
419040,421546,421596,50,2506
419040,421571,421597,26,2531
419040,421538,421597,59,2498
419040,421571,421598,27,2531
419040,421551,421598,47,2511
419040,421536,421598,62,2496
419040,421557,421599,42,2517
419040,421544,421599,55,2504
419040,421547,421602,55,2507
419040,421547,421603,56,2507
419040,421588,421604,16,2548
419040,421546,421603,57,2506
419040,421550,421605,55,2510
419040,421546,421606,60,2506
419040,421568,421607,39,2528
419040,421568,421608,40,2528
419040,421569,421609,40,2529
419040,421588,421609,21,2548
419040,421566,421611,45,2526
419040,421551,421612,61,2511
419040,421558,421613,55,2518
419040,421589,421616,27,2549
419040,421589,421617,28,2549
419040,421566,421625,59,2526
419040,421566,421626,60,2526
419040,421594,421627,33,2554
419040,421598,421637,39,2558
419040,421604,421639,35,2564
419040,421589,421642,53,2549
419040,421593,421644,51,2553
419040,421591,421645,54,2551
419040,421591,421645,54,2551
419040,421604,421648,44,2564
419040,421599,421650,51,2559
419040,421616,421652,36,2576
419040,421596,421654,58,2556
419040,421591,421655,64,2551
419040,421590,421655,65,2550
419040,421598,421655,57,2558
419040,421590,421655,65,2550
419040,421609,421658,49,2569
419040,421613,421658,45,2573
419040,421592,421658,66,2552
419040,421609,421661,52,2569
419040,421592,421662,70,2552
419040,421599,421663,64,2559
419040,421598,421664,66,2558
419040,421611,421664,53,2571
419040,421597,421666,69,2557
419040,421608,421667,59,2568
419040,421597,421667,70,2557
419040,421602,421669,67,2562
419040,421605,421670,65,2565
419040,421618,421673,55,2578
419040,421606,421674,68,2566
419040,421607,421674,67,2567
419040,421603,421677,74,2563
419040,421612,421681,69,2572
419040,421627,421688,61,2587
419040,421638,421689,51,2598
419040,421626,421693,67,2586
419040,421625,421694,69,2585
419040,421639,421698,59,2599
419040,421642,421698,56,2602
419040,421645,421698,53,2605
419040,421645,421700,55,2605
419040,421652,421702,50,2612
419040,421654,421707,53,2614
419040,421650,421706,56,2610
419040,421644,421710,66,2604
419040,421655,421712,57,2615
419040,421658,421714,56,2618
419040,421664,421718,54,2624
419040,421648,421718,70,2608
419040,421707,421719,12,2667
419040,421655,421720,65,2615
419040,421713,421720,7,2673
419040,421663,421721,58,2623
419040,421667,421720,53,2627
419040,421661,421721,60,2621
419040,421714,421722,8,2674
419040,421655,421723,68,2615
419040,421719,421724,5,2679
419040,421655,421724,69,2615
419040,421720,421724,4,2680
419040,421710,421725,15,2670
419040,421718,421724,6,2678
419040,421707,421725,18,2667
419040,421698,421726,28,2658
419040,421658,421726,68,2618
419040,421658,421725,67,2618
419040,421664,421726,62,2624
419040,421721,421726,5,2681
419040,421718,421727,9,2678
419040,421721,421726,5,2681
419040,421720,421726,6,2680
419040,421681,421729,48,2641
419040,421698,421729,31,2658
419040,421667,421729,62,2627
419040,421662,421731,69,2622
419040,421674,421731,57,2634
419040,421669,421732,63,2629
419040,421689,421733,44,2649
419040,421670,421735,65,2630
419040,421674,421737,63,2634
419040,421677,421738,61,2637
419040,421700,421740,40,2660
419040,421674,421742,68,2634
419040,421702,421743,41,2662
419040,421666,421745,79,2626
419040,421688,421745,57,2648
419040,421698,421754,56,2658
419040,421693,421759,66,2653
419278,421724,421760,36,2446
419040,421694,421762,68,2654
419278,421726,421765,39,2448
419278,421722,421768,46,2444
419278,421724,421769,45,2446
419278,421729,421771,42,2451
419278,421769,421771,2,2491
419278,421765,421771,6,2487
419278,421769,421772,3,2491
419278,421771,421773,2,2493
419278,421771,421773,2,2493
419278,421771,421773,2,2493
419278,421772,421773,1,2494
419278,421773,421774,1,2495
419278,421773,421774,1,2495
419278,421725,421776,51,2447
419278,421723,421776,53,2445
419278,421775,421777,2,2497
419278,421775,421777,2,2497
419278,421774,421776,2,2496
419278,421774,421776,2,2496
419278,421760,421778,18,2482
419278,421729,421778,49,2451
419278,421776,421778,2,2498
419278,421725,421777,52,2447
419278,421727,421777,50,2449
419278,421776,421777,1,2498
419278,421777,421779,2,2499
419278,421731,421779,48,2453
419278,421777,421779,2,2499
419278,421777,421779,2,2499
419278,421777,421779,2,2499
419278,421778,421779,1,2500
419278,421779,421781,2,2501
419278,421778,421781,3,2500
419278,421778,421781,3,2500
419278,421778,421780,2,2500
419278,421779,421781,2,2501
419278,421778,421780,2,2500
419278,421778,421780,2,2500
419278,421779,421780,1,2501
419278,421724,421782,58,2446
419278,421762,421782,20,2484
419278,421725,421781,56,2447
419278,421726,421781,55,2448
419278,421726,421783,57,2448
419278,421733,421782,49,2455
419278,421780,421783,3,2502
419278,421731,421783,52,2453
419278,421780,421782,2,2502
419278,421780,421783,3,2502
419278,421781,421784,3,2503
419278,421729,421786,57,2451
419278,421744,421787,43,2466
419278,421740,421787,47,2462
419278,421727,421787,60,2449
419278,421726,421788,62,2448
419278,421726,421788,62,2448
417861,420535,421787,1252,2674
419278,421732,421788,56,2454
419278,421745,421788,43,2467
419278,421727,421790,63,2449
419278,421781,421791,10,2503
419278,421742,421791,49,2464
419278,421754,421793,39,2476
419278,421737,421796,59,2459
419278,421735,421796,61,2457
419278,421745,421798,53,2467
419278,421738,421799,61,2460
419278,421781,421802,21,2503
419278,421759,421805,46,2481
419278,421781,421810,29,2503
419278,421782,421824,42,2504
419278,421781,421829,48,2503
419278,421782,421830,48,2504
419278,421782,421830,48,2504
419278,421783,421833,50,2505
419278,421783,421835,52,2505
419278,421784,421837,53,2506
419278,421783,421837,54,2505
419278,421785,421840,55,2507
419278,421787,421841,54,2509
419278,421782,421841,59,2504
419278,421787,421842,55,2509
419278,421783,421844,61,2505
419278,421789,421846,57,2511
419278,421793,421846,53,2515
419278,421782,421846,64,2504
419278,421782,421846,64,2504
419278,421782,421848,66,2504
419278,421805,421849,44,2527
419278,421788,421849,61,2510
419278,421787,421849,62,2509
419278,421783,421850,67,2505
419278,421788,421854,66,2510
419278,421802,421854,52,2524
419278,421788,421856,68,2510
419278,421788,421857,69,2510
419278,421792,421857,65,2514
419278,421791,421857,66,2513
419278,421796,421859,63,2518
419278,421798,421859,61,2520
419278,421786,421858,72,2508
419278,421797,421860,63,2519
419278,421790,421863,73,2512
419278,421799,421873,74,2521
419278,421844,421875,31,2566
419278,421810,421876,66,2532
419278,421838,421878,40,2560
419278,421824,421879,55,2546
419278,421829,421881,52,2551
419278,421833,421882,49,2555
419278,421830,421884,54,2552
419278,421835,421886,51,2557
419278,421842,421888,46,2564
419278,421837,421890,53,2559
419278,421840,421890,50,2562
419278,421831,421891,60,2553
419278,421841,421892,51,2563
419278,421846,421891,45,2568
419278,421846,421897,51,2568
419278,421892,421900,8,2614
419278,421846,421900,54,2568
419278,421841,421900,59,2563
419278,421849,421901,52,2571
419278,421891,421903,12,2613
419278,421892,421904,12,2614
419278,421854,421905,51,2576
419278,421897,421905,8,2619
419278,421846,421905,59,2568
419278,421900,421906,6,2622
419278,421900,421905,5,2622
419278,421901,421907,6,2623
419278,421854,421907,53,2576
419278,421902,421907,5,2624
419278,421903,421908,5,2625
419278,421890,421909,19,2612
419278,421856,421909,53,2578
419278,421905,421910,5,2627
419278,421849,421910,61,2571
419278,421848,421912,64,2570
419278,421850,421913,63,2572
419278,421849,421915,66,2571
419278,421857,421915,58,2579
419278,421860,421916,56,2582
419278,421860,421917,57,2582
419278,421857,421918,61,2579
419278,421890,421918,28,2612
419278,421888,421920,32,2610
419278,421858,421920,62,2580
419278,421859,421922,63,2581
419278,421859,421922,63,2581
419278,421878,421929,51,2600
419278,421879,421930,51,2601
419278,421863,421930,67,2585
419278,421881,421935,54,2603
419278,421875,421937,62,2597
419457,421908,421938,30,2451
419278,421882,421939,57,2604
419278,421876,421938,62,2598
419278,421886,421940,54,2608
419278,421874,421941,67,2596
419278,421884,421940,56,2606
419457,421908,421946,38,2451
419457,421905,421949,44,2448
419457,421906,421951,45,2449
419457,421909,421953,44,2452
419457,421951,421955,4,2494
419457,421953,421956,3,2496
419457,421906,421956,50,2449
419457,421910,421957,47,2453
419457,421909,421957,48,2452
419457,421955,421957,2,2498
419457,421957,421958,1,2500
419457,421956,421957,1,2499
419457,421956,421958,2,2499
419457,421958,421960,2,2501
419457,421958,421960,2,2501
419457,421949,421960,11,2492
419457,421958,421961,3,2501
419457,421958,421960,2,2501
419457,421959,421961,2,2502
419457,421960,421962,2,2503
419457,421960,421962,2,2503
419457,421961,421963,2,2504
419457,421961,421963,2,2504
419457,421912,421964,52,2455
419457,421961,421963,2,2504
419457,421962,421964,2,2505
419457,421961,421964,3,2504
419457,421963,421966,3,2506
419457,421907,421966,59,2450
419457,421913,421966,53,2456
419457,421963,421965,2,2506
419457,421963,421965,2,2506
419457,421918,421967,49,2461
419457,421912,421967,55,2455
419457,421905,421967,62,2448
419457,421964,421967,3,2507
419457,421964,421967,3,2507
419457,421965,421969,4,2508
419457,421915,421968,53,2458
419457,421916,421969,53,2459
419457,421918,421969,51,2461
419457,421920,421971,51,2463
419457,421917,421971,54,2460
419457,421965,421972,7,2508
419457,421966,421971,5,2509
419457,421920,421972,52,2463
419457,421946,421973,27,2489
419457,421929,421975,46,2472
418218,421144,421976,832,2926
419457,421941,421976,35,2484
419457,421915,421977,62,2458
419457,421922,421977,55,2465
419457,421966,421979,13,2509
419457,421930,421980,50,2473
419457,421922,421981,59,2465
419457,421966,421984,18,2509
419457,421909,421985,76,2452
419457,421967,421986,19,2510
419457,421940,421988,48,2483
419457,421935,421988,53,2478
419457,421939,421988,49,2482
419457,421941,421991,50,2484
419457,421938,421991,53,2481
419457,421937,421993,56,2480
419457,421939,421996,57,2482
419457,421967,421997,30,2510
419457,421930,421998,68,2473
419457,421967,422012,45,2510
419457,421967,422020,53,2510
419457,421969,422022,53,2512
419457,421969,422022,53,2512
419457,421971,422023,52,2514
419457,421968,422024,56,2511
419457,421967,422023,56,2510
419457,421980,422025,45,2523
419457,421971,422026,55,2514
419457,421980,422027,47,2523
419457,421975,422029,54,2518
419457,421967,422030,63,2510
419457,421969,422030,61,2512
419457,421972,422032,60,2515
419457,421976,422034,58,2519
419457,421976,422034,58,2519
419457,421969,422034,65,2512
419457,421972,422036,64,2515
419457,421972,422038,66,2515
419457,421973,422038,65,2516
419457,421988,422040,52,2531
419457,421986,422040,54,2529
419457,421990,422040,50,2533
419457,421977,422042,65,2520
419457,421990,422045,55,2533
419457,421981,422046,65,2524
419457,421984,422047,63,2527
419457,421977,422048,71,2520
419457,421997,422050,53,2540
419457,421991,422054,63,2534
419457,422023,422057,34,2566
419457,421985,422058,73,2528
419457,421993,422059,66,2536
419457,421997,422061,64,2540
419457,421991,422068,77,2534
419457,421998,422069,71,2541
419457,422024,422071,47,2567
419457,422040,422073,33,2583
419457,422025,422073,48,2568
419457,422040,422074,34,2583
419457,422022,422075,53,2565
419457,422012,422077,65,2555
419457,422024,422078,54,2567
419457,422022,422079,57,2565
419457,422029,422082,53,2572
419457,422020,422084,64,2563
419457,422026,422088,62,2569
419457,422032,422089,57,2575
419457,422030,422091,61,2573
419457,422034,422090,56,2577
419457,422027,422091,64,2570
419457,422034,422092,58,2577
419457,422041,422094,53,2584
419457,422034,422096,62,2577
419457,422094,422098,4,2637
419457,422091,422098,7,2634
419457,422046,422098,52,2589
419457,422092,422099,7,2635
419457,422036,422099,63,2579
419457,422031,422099,68,2574
419457,422038,422100,62,2581
419457,422098,422101,3,2641
419457,422098,422101,3,2641
419457,422098,422101,3,2641
419457,422038,422101,63,2581
419457,422096,422100,4,2639
419457,422092,422101,9,2635
419457,422042,422103,61,2585
419457,422091,422103,12,2634
419457,422099,422102,3,2642
419776,422101,422103,2,2325
419776,422101,422102,1,2325
419457,422089,422104,15,2632
419457,422047,422105,58,2590
419457,422050,422105,55,2593
419776,422104,422105,1,2328
419776,422104,422105,1,2328
419776,422105,422107,2,2329
419457,422057,422109,52,2600
419457,422082,422112,30,2625
419457,422084,422114,30,2627
419776,422102,422115,13,2326
419776,422113,422115,2,2337
419457,422046,422116,70,2589
419457,422054,422116,62,2597
419457,422088,422115,27,2631
419776,422101,422116,15,2325
419776,422114,422116,2,2338
419776,422115,422117,2,2339
419457,422049,422118,69,2592
419776,422116,422118,2,2340
419776,422105,422117,12,2329
419776,422103,422119,16,2327
419776,422106,422119,13,2330
419457,422058,422124,66,2601
419457,422073,422126,53,2616
419457,422059,422127,68,2602
419457,422073,422127,54,2616
419457,422074,422127,53,2617
419457,422075,422129,54,2618
419776,422127,422130,3,2351
419457,422061,422131,70,2604
419457,422078,422131,53,2621
419776,422129,422132,3,2353
419776,422127,422132,5,2351
419776,422130,422133,3,2354
419776,422131,422133,2,2355
419776,422132,422134,2,2356
419776,422132,422133,1,2356
419776,422132,422134,2,2356
419776,422133,422134,1,2357
419776,422134,422136,2,2358
419457,422079,422136,57,2622
419776,422099,422136,37,2323
419776,422134,422136,2,2358
419776,422134,422137,3,2358
419776,422133,422137,4,2357
419457,422077,422138,61,2620
419776,422127,422137,10,2351
419776,422136,422139,3,2360
419776,422136,422139,3,2360
419457,422071,422139,68,2614
419776,422135,422138,3,2359
419776,422137,422139,2,2361
419457,422069,422139,70,2612
419776,422137,422139,2,2361
419776,422136,422140,4,2360
419776,422101,422140,39,2325
419776,422140,422142,2,2364
419776,422137,422142,5,2361
419457,422068,422142,74,2611
419776,422138,422142,4,2362
418061,420937,422142,1205,2876
419776,422142,422143,1,2366
419776,422139,422145,6,2363
419776,422138,422145,7,2362
419776,422142,422145,3,2366
419776,422142,422146,4,2366
419776,422142,422149,7,2366
419776,422139,422149,10,2363
419776,422100,422151,51,2324
419776,422126,422151,25,2350
419776,422119,422156,37,2343
419776,422103,422159,56,2327
419776,422102,422160,58,2326
419776,422139,422160,21,2363
419776,422107,422160,53,2331
419776,422124,422162,38,2348
419776,422103,422165,62,2327
419776,422118,422165,47,2342
419776,422139,422168,29,2363
419776,422116,422169,53,2340
419776,422117,422168,51,2341
419776,422109,422170,61,2333
419776,422103,422171,68,2327
419776,422107,422172,65,2331
419776,422115,422173,58,2339
419776,422118,422172,54,2342
419776,422119,422176,57,2343
419776,422116,422177,61,2340
419776,422139,422177,38,2363
419776,422116,422179,63,2340
419776,422177,422178,1,2401
419776,422177,422179,2,2401
419776,422116,422181,65,2340
419776,422118,422188,70,2342
419776,422140,422189,49,2364
419776,422139,422190,51,2363
419776,422139,422192,53,2363
419776,422157,422194,37,2381
419776,422194,422195,1,2418
419776,422160,422204,44,2384
419776,422204,422206,2,2428
419776,422144,422208,64,2368
419776,422206,422208,2,2430
419776,422208,422209,1,2432
419776,422208,422210,2,2432
419776,422210,422212,2,2434
419776,422151,422213,62,2375
419776,422213,422215,2,2437
419776,422213,422215,2,2437
419776,422145,422215,70,2369
419776,422215,422217,2,2439
419776,422215,422217,2,2439
419776,422217,422219,2,2441
419776,422217,422219,2,2441
419776,422159,422221,62,2383
419776,422149,422223,74,2373
419776,422143,422226,83,2367
419776,422160,422229,69,2384
419776,422168,422230,62,2392
419776,422210,422231,21,2434
419776,422145,422231,86,2369
419776,422226,422232,6,2450
419776,422147,422238,91,2371
419776,422229,422238,9,2453
419776,422149,422239,90,2373
419776,422145,422240,95,2369
419776,422190,422240,50,2414
419776,422170,422241,71,2394
419776,422165,422242,77,2389
419776,422151,422242,91,2375
419776,422242,422243,1,2466
419776,422242,422244,2,2466
419776,422242,422245,3,2466
419776,422243,422244,1,2467
419776,422244,422246,2,2468
419776,422160,422246,86,2384
419776,422245,422247,2,2469
419776,422169,422248,79,2393
419776,422162,422249,87,2386
419776,422247,422248,1,2471
419776,422179,422249,70,2403
419776,422171,422250,79,2395
419776,422249,422251,2,2473
419776,422180,422251,71,2404
419776,422249,422250,1,2473
419776,422250,422252,2,2474
419776,422196,422251,55,2420
419776,422251,422253,2,2475
419776,422221,422254,33,2445
419776,422252,422255,3,2476
419776,422252,422255,3,2476
419776,422180,422257,77,2404
419776,422169,422257,88,2393
419776,422165,422259,94,2389
419776,422173,422260,87,2397
419776,422172,422260,88,2396
419776,422173,422261,88,2397
419776,422230,422262,32,2454
419776,422176,422263,87,2400
419776,422245,422263,18,2469
419776,422181,422271,90,2405
419776,422189,422272,83,2413
419776,422219,422277,58,2443
419776,422251,422278,27,2475
419776,422192,422279,87,2416
419776,422239,422282,43,2463
419776,422224,422282,58,2448
419776,422215,422284,69,2439
419776,422188,422284,96,2412
419801,422254,422284,30,2453
419776,422249,422289,40,2473
419776,422240,422289,49,2464
419776,422251,422290,39,2475
419801,422255,422290,35,2454
419801,422257,422292,35,2456
419801,422257,422297,40,2456
419776,422219,422300,81,2443
419801,422259,422301,42,2458
419801,422255,422303,48,2454
419776,422231,422304,73,2455
419776,422240,422309,69,2464
419776,422238,422309,71,2462
419801,422260,422315,55,2459
419801,422262,422315,53,2461
419801,422261,422315,54,2460
419776,422246,422316,70,2470
419776,422232,422317,85,2456
419776,422231,422319,88,2455
419801,422260,422321,61,2459
419776,422238,422321,83,2462
419801,422263,422324,61,2462
419776,422246,422329,83,2470
419801,422263,422329,66,2462
419801,422271,422330,59,2470
419801,422285,422332,47,2484
419801,422292,422333,41,2491
419776,422249,422335,86,2473
419801,422282,422336,54,2481
419801,422284,422339,55,2483
418448,421530,422339,809,3082
419801,422272,422339,67,2471
419801,422277,422340,63,2476
419801,422280,422341,61,2479
419801,422278,422344,66,2477
419801,422292,422345,53,2491
419801,422290,422346,56,2489
419801,422289,422348,59,2488
419801,422316,422351,35,2515
419801,422329,422351,22,2528
419801,422325,422352,27,2524
419801,422321,422352,31,2520
419801,422285,422355,70,2484
419801,422319,422355,36,2518
419801,422310,422356,46,2509
419801,422332,422357,25,2531
419801,422321,422357,36,2520
419801,422329,422357,28,2528
419801,422301,422358,57,2500
419801,422282,422357,75,2481
419801,422333,422358,25,2532
419801,422297,422360,63,2496
419801,422289,422360,71,2488
419801,422304,422360,56,2503
419801,422336,422360,24,2535
419801,422300,422361,61,2499
419801,422330,422363,33,2529
419801,422317,422363,46,2516
419801,422310,422363,53,2509
419801,422339,422368,29,2538
419801,422335,422368,33,2534
419801,422316,422369,53,2515
419801,422339,422370,31,2538
419801,422315,422371,56,2514
419801,422340,422373,33,2539
419801,422303,422374,71,2502
419801,422339,422376,37,2538
419801,422341,422377,36,2540
419801,422345,422383,38,2544
419801,422315,422383,68,2514
419801,422347,422385,38,2546
419801,422344,422387,43,2543
419801,422348,422387,39,2547
419801,422351,422396,45,2550
419801,422352,422412,60,2551
419801,422351,422412,61,2550
419801,422356,422414,58,2555
419801,422357,422415,58,2556
419801,422354,422417,63,2553
419801,422355,422425,70,2554
419801,422383,422427,44,2582
419801,422360,422428,68,2559
419801,422363,422429,66,2562
419801,422355,422429,74,2554
419801,422358,422430,72,2557
419801,422357,422430,73,2556
419801,422358,422431,73,2557
419801,422357,422431,74,2556
419801,422360,422433,73,2559
419801,422361,422434,73,2560
419801,422368,422433,65,2567
419801,422358,422436,78,2557
419801,422360,422440,80,2559
419801,422370,422440,70,2569
419801,422371,422442,71,2570
419801,422373,422441,68,2572
419801,422363,422445,82,2562
419801,422363,422447,84,2562
419801,422360,422449,89,2559
419801,422368,422449,81,2567
419801,422376,422453,77,2575
419801,422369,422454,85,2568
419801,422387,422456,69,2586
419801,422385,422456,71,2584
419801,422374,422459,85,2573
419801,422378,422461,83,2577
419801,422387,422461,74,2586
419801,422396,422462,66,2595
419801,422383,422463,80,2582
418311,421348,422465,1117,3037
419801,422412,422481,69,2611
419801,422414,422485,71,2613
419801,422417,422485,68,2616
419801,422427,422494,67,2626
419801,422428,422495,67,2627
419801,422430,422497,67,2629
419801,422429,422497,68,2628
419801,422412,422498,86,2611
419801,422433,422502,69,2632
419801,422429,422505,76,2628
419801,422434,422506,72,2633
419801,422425,422507,82,2624
419801,422417,422507,90,2616
419801,422431,422508,77,2630
419801,422442,422515,73,2641
419801,422430,422517,87,2629
419801,422440,422516,76,2639
419801,422432,422518,86,2631
419801,422442,422520,78,2641
419801,422436,422521,85,2635
419801,422434,422526,92,2633
419801,422440,422529,89,2639
419801,422456,422529,73,2655
419801,422462,422529,67,2661
419801,422447,422530,83,2646
419801,422449,422531,82,2648
419801,422449,422533,84,2648
419801,422459,422532,73,2658
419801,422445,422533,88,2644
419801,422456,422534,78,2655
419801,422534,422537,3,2733
419801,422533,422537,4,2732
419801,422463,422538,75,2662
419801,422465,422539,74,2664
419801,422461,422542,81,2660
419801,422454,422543,89,2653
419801,422461,422545,84,2660
419801,422533,422546,13,2732
419801,422453,422546,93,2652
419801,422485,422555,70,2684
419801,422497,422556,59,2696
419801,422481,422556,75,2680
419801,422486,422556,70,2685
419801,422529,422562,33,2728
419801,422502,422563,61,2701
419801,422496,422563,67,2695
419801,422497,422565,68,2696
419801,422494,422566,72,2693
419801,422498,422568,70,2697
419801,422529,422569,40,2728
419801,422506,422578,72,2705
419868,422545,422580,35,2677
419801,422515,422582,67,2714
419801,422507,422581,74,2706
419801,422520,422586,66,2719
419801,422505,422586,81,2704
419801,422507,422586,79,2706
419801,422518,422587,69,2717
419801,422532,422588,56,2731
419801,422517,422588,71,2716
419801,422521,422590,69,2720
419868,422588,422590,2,2720
419801,422508,422591,83,2707
419868,422588,422592,4,2720
419868,422539,422592,53,2671
419868,422537,422591,54,2669
419868,422538,422593,55,2670
419868,422542,422593,51,2674
419868,422590,422593,3,2722
419868,422593,422595,2,2725
419868,422592,422596,4,2724
419868,422593,422596,3,2725
419868,422593,422596,3,2725
419801,422530,422596,66,2729
419868,422595,422598,3,2727
419868,422596,422598,2,2728
419868,422592,422598,6,2724
419801,422526,422598,72,2725
419868,422596,422599,3,2728
419868,422596,422598,2,2728
419801,422517,422599,82,2716
419868,422538,422600,62,2670
419868,422556,422600,44,2688
419868,422597,422600,3,2729
419868,422598,422601,3,2730
419868,422598,422601,3,2730
419868,422598,422601,3,2730
419868,422598,422600,2,2730
419868,422555,422602,47,2687
419868,422599,422602,3,2731
419868,422543,422601,58,2675
419868,422599,422601,2,2731
419868,422600,422602,2,2732
419868,422600,422603,3,2732
419868,422600,422602,2,2732
419868,422601,422603,2,2733
419868,422602,422604,2,2734
419868,422601,422604,3,2733
419868,422601,422604,3,2733
419868,422601,422604,3,2733
419868,422601,422604,3,2733
419868,422546,422604,58,2678
419868,422602,422605,3,2734
419868,422602,422605,3,2734
419868,422603,422606,3,2735
419868,422602,422605,3,2734
419868,422602,422605,3,2734
419868,422563,422606,43,2695
419868,422590,422607,17,2722
419868,422603,422608,5,2735
419868,422603,422609,6,2735
419868,422546,422610,64,2678
419801,422529,422610,81,2728
419868,422556,422612,56,2688
419868,422592,422612,20,2724
419868,422557,422613,56,2689
419868,422604,422615,11,2736
419868,422562,422615,53,2694
419868,422604,422617,13,2736
419868,422591,422618,27,2723
419868,422563,422619,56,2695
419868,422569,422620,51,2701
419868,422565,422623,58,2697
419868,422566,422623,57,2698
419868,422568,422627,59,2700
419868,422587,422627,40,2719
419868,422604,422631,27,2736
419868,422582,422634,52,2714
419868,422579,422634,55,2711
419868,422586,422637,51,2718
419868,422586,422637,51,2718
419868,422582,422640,58,2714
419868,422580,422641,61,2712
419868,422615,422645,30,2747
419868,422587,422649,62,2719
419868,422608,422652,44,2740
419868,422609,422654,45,2741
419868,422606,422654,48,2738
419868,422605,422661,56,2737
419868,422627,422662,35,2759
419868,422607,422663,56,2739
419868,422607,422664,57,2739
419868,422604,422665,61,2736
419868,422606,422666,60,2738
419868,422604,422668,64,2736
419868,422604,422669,65,2736
419868,422612,422674,62,2744
419868,422605,422674,69,2737
419868,422606,422679,73,2738
419868,422613,422681,68,2745
419868,422615,422682,67,2747
419868,422612,422682,70,2744
419868,422621,422682,61,2753
419868,422627,422684,57,2759
419868,422624,422684,60,2756
419868,422611,422686,75,2743
419868,422619,422686,67,2751
419868,422624,422685,61,2756
419868,422610,422686,76,2742
419868,422669,422690,21,2801
419868,422634,422692,58,2766
419868,422617,422693,76,2749
419868,422618,422694,76,2750
419868,422637,422697,60,2769
419868,422634,422700,66,2766
419868,422664,422704,40,2796
419868,422631,422705,74,2763
419868,422664,422706,42,2796
419868,422637,422711,74,2769
419868,422645,422711,66,2777
419868,422640,422717,77,2772
419868,422641,422721,80,2773
419868,422654,422723,69,2786
419868,422649,422726,77,2781
419868,422682,422729,47,2814
419868,422652,422729,77,2784
419868,422654,422730,76,2786
419868,422662,422735,73,2794
419868,422661,422736,75,2793
419868,422674,422740,66,2806
419868,422681,422741,60,2813
419868,422666,422744,78,2798
419868,422682,422744,62,2814
419868,422668,422745,77,2800
419868,422665,422746,81,2797
419868,422686,422747,61,2818
419868,422685,422749,64,2817
419868,422686,422749,63,2818
419868,422706,422751,45,2838
419868,422674,422751,77,2806
419868,422680,422755,75,2812
419868,422747,422756,9,2879
419868,422692,422756,64,2824
419868,422751,422756,5,2883
419868,422751,422757,6,2883
419868,422697,422758,61,2829
419868,422682,422758,76,2814
419868,422687,422759,72,2819
419279,421905,422759,854,2626
419868,422749,422760,11,2881
419868,422690,422760,70,2822
419868,422749,422760,11,2881
419868,422704,422762,58,2836
419868,422746,422763,17,2878
419868,422693,422764,71,2825
419868,422700,422764,64,2832
419868,422684,422765,81,2816
419868,422686,422765,79,2818
419868,422695,422768,73,2827
419868,422745,422771,26,2877
419868,422705,422773,68,2837
419868,422711,422774,63,2843
419868,422711,422787,76,2843
419868,422744,422789,45,2876
419868,422729,422789,60,2861
419868,422741,422792,51,2873
419868,422723,422793,70,2855
419868,422717,422793,76,2849
419868,422729,422797,68,2861
419868,422721,422798,77,2853
420014,422756,422798,42,2742
420014,422756,422799,43,2742
419868,422740,422800,60,2872
419868,422726,422801,75,2858
420014,422758,422802,44,2744
419868,422730,422805,75,2862
419868,422735,422806,71,2867
420014,422757,422809,52,2743
420014,422757,422810,53,2743
420014,422802,422811,9,2788
420014,422759,422811,52,2745
420014,422810,422812,2,2796
420014,422805,422812,7,2791
420014,422809,422812,3,2795
420014,422806,422812,6,2792
420014,422811,422813,2,2797
420014,422811,422812,1,2797
420014,422812,422814,2,2798
420014,422812,422813,1,2798
419868,422736,422814,78,2868
420014,422813,422815,2,2799
420014,422812,422815,3,2798
420014,422813,422815,2,2799
420014,422813,422815,2,2799
420014,422814,422816,2,2800
420014,422815,422817,2,2801
420014,422814,422817,3,2800
420014,422815,422817,2,2801
420014,422814,422817,3,2800
420014,422761,422817,56,2747
420014,422815,422817,2,2801
420014,422815,422818,3,2801
420014,422816,422818,2,2802
420014,422800,422817,17,2786
420014,422763,422819,56,2749
420014,422817,422819,2,2803
420014,422817,422818,1,2803
420014,422817,422820,3,2803
420014,422817,422820,3,2803
420014,422817,422819,2,2803
420014,422818,422820,2,2804
420014,422818,422820,2,2804
420014,422818,422821,3,2804
420014,422759,422821,62,2745
420014,422762,422821,59,2748
420014,422760,422820,60,2746
420014,422819,422821,2,2805
420014,422758,422821,63,2744
420014,422819,422820,1,2805
420014,422760,422821,61,2746
420014,422819,422822,3,2805
419868,422744,422823,79,2876
420014,422801,422823,22,2787
420014,422820,422822,2,2806
420014,422774,422824,50,2760
420014,422820,422825,5,2806
420014,422764,422825,61,2750
420014,422764,422825,61,2750
420014,422789,422827,38,2775
420014,422793,422826,33,2779
420014,422766,422828,62,2752
420014,422769,422829,60,2755
420014,422820,422833,13,2806
420014,422765,422835,70,2751
420014,422792,422839,47,2778
420014,422771,422840,69,2757
420014,422774,422840,66,2760
420014,422798,422842,44,2784
420014,422799,422842,43,2785
420014,422789,422843,54,2775
420014,422820,422843,23,2806
420014,422793,422845,52,2779
420014,422822,422847,25,2808
420014,422821,422849,28,2807
420014,422798,422849,51,2784
420014,422824,422849,25,2810
420014,422787,422854,67,2773
420014,422824,422858,34,2810
420014,422797,422858,61,2783
420014,422820,422859,39,2806
420014,422833,422861,28,2819
420014,422821,422862,41,2807
420014,422823,422865,42,2809
420014,422822,422865,43,2808
420014,422820,422870,50,2806
420014,422835,422881,46,2821
420014,422821,422880,59,2807
420014,422821,422883,62,2807
420014,422821,422882,61,2807
420014,422821,422886,65,2807
420014,422840,422887,47,2826
420014,422821,422888,67,2807
420014,422825,422890,65,2811
420014,422825,422891,66,2811
420014,422827,422893,66,2813
420014,422823,422896,73,2809
420014,422828,422898,70,2814
420014,422839,422898,59,2825
420014,422827,422901,74,2813
420014,422829,422901,72,2815
420014,422842,422904,62,2828
420014,422842,422904,62,2828
420014,422843,422906,63,2829
420014,422825,422910,85,2811
420014,422849,422912,63,2835
420014,422844,422912,68,2830
420014,422850,422913,63,2836
420014,422845,422915,70,2831
420014,422847,422920,73,2833
420014,422840,422920,80,2826
420014,422870,422920,50,2856
420014,422849,422921,72,2835
420014,422883,422922,39,2869
420014,422859,422924,65,2845
420014,422887,422924,37,2873
420014,422858,422925,67,2844
420014,422865,422926,61,2851
420014,422890,422928,38,2876
420014,422854,422931,77,2840
420014,422865,422937,72,2851
420014,422858,422937,79,2844
420014,422862,422939,77,2848
420014,422861,422938,77,2847
420014,422886,422944,58,2872
420014,422883,422945,62,2869
420014,422882,422947,65,2868
420014,422920,422949,29,2906
420014,422891,422958,67,2877
420014,422926,422958,32,2912
420014,422947,422958,11,2933
420014,422922,422959,37,2908
420014,422893,422958,65,2879
420014,422904,422959,55,2890
419040,421721,422959,1238,2681
420014,422944,422959,15,2930
420014,422931,422960,29,2917
420014,422946,422962,16,2932
420014,422898,422962,64,2884
420014,422924,422963,39,2910
420014,422950,422964,14,2936
420033,422962,422963,1,2929
420014,422958,422964,6,2944
420033,422962,422963,1,2929
420033,422964,422966,2,2931
420014,422881,422966,85,2867
420014,422901,422966,65,2887
420014,422913,422965,52,2899
420033,422964,422966,2,2931
420014,422888,422967,79,2874
420033,422964,422967,3,2931
420014,422959,422966,7,2945
420033,422964,422966,2,2931
420033,422966,422968,2,2933
420014,422904,422968,64,2890
420033,422966,422968,2,2933
420033,422966,422968,2,2933
420014,422906,422969,63,2892
420033,422966,422968,2,2933
420033,422967,422970,3,2934
420033,422967,422970,3,2934
420033,422968,422970,2,2935
420033,422968,422971,3,2935
420014,422901,422971,70,2887
420033,422969,422971,2,2936
420033,422968,422971,3,2935
420033,422969,422970,1,2936
420014,422958,422972,14,2944
420014,422898,422972,74,2884
420014,422921,422971,50,2907
420033,422971,422973,2,2938
420033,422971,422973,2,2938
420033,422966,422974,8,2933
420014,422958,422973,15,2944
420014,422937,422974,37,2923
420033,422972,422975,3,2939
420033,422972,422975,3,2939
420033,422973,422974,1,2940
420033,422974,422975,1,2941
420014,422912,422975,63,2898
420033,422973,422976,3,2940
420014,422896,422976,80,2882
420033,422974,422977,3,2941
420014,422912,422976,64,2898
420033,422975,422977,2,2942
420033,422975,422977,2,2942
420033,422975,422977,2,2942
420033,422974,422977,3,2941
420033,422975,422978,3,2942
420033,422975,422977,2,2942
420033,422976,422978,2,2943
420033,422977,422979,2,2944
420033,422972,422979,7,2939
420033,422977,422979,2,2944
420033,422976,422978,2,2943
420033,422977,422980,3,2944
420033,422977,422980,3,2944
420033,422977,422979,2,2944
420033,422978,422980,2,2945
420033,422978,422980,2,2945
420033,422979,422981,2,2946
420033,422979,422981,2,2946
420014,422937,422981,44,2923
420033,422979,422981,2,2946
420033,422978,422980,2,2945
420033,422979,422981,2,2946
420014,422925,422982,57,2911
420033,422980,422982,2,2947
420033,422979,422982,3,2946
420033,422980,422982,2,2947
420033,422980,422981,1,2947
420033,422980,422983,3,2947
420033,422981,422984,3,2948
420033,422981,422983,2,2948
420033,422968,422984,16,2935
420033,422984,422986,2,2951
420014,422915,422986,71,2901
420014,422920,422987,67,2906
420014,422910,422987,77,2896
420033,422985,422987,2,2952
420033,422984,422988,4,2951
420033,422986,422988,2,2953
420033,422987,422989,2,2954
420033,422987,422990,3,2954
420033,422988,422991,3,2955
420033,422971,422991,20,2938
420014,422921,422992,71,2907
420033,422989,422992,3,2956
420033,422990,422992,2,2957
420014,422928,422994,66,2914
420033,422981,422997,16,2948
420033,422983,422999,16,2950
420014,422939,422999,60,2925
420033,422981,422999,18,2948
420033,422960,423000,40,2927
420033,422981,423001,20,2948
420014,422925,423001,76,2911
420033,423001,423002,1,2968
420033,423001,423004,3,2968
420033,422971,423004,33,2938
420033,422959,423005,46,2926
420033,423003,423005,2,2970
420033,423004,423006,2,2971
420033,422960,423006,46,2927
420033,423004,423006,2,2971
420033,422959,423006,47,2926
420033,423005,423007,2,2972
420033,423006,423007,1,2973
420033,423006,423008,2,2973
420033,423005,423007,2,2972
420033,422963,423008,45,2930
420033,423008,423010,2,2975
420033,423008,423011,3,2975
420033,423010,423011,1,2977
420033,422991,423013,22,2958
420033,423012,423013,1,2979
420033,423013,423015,2,2980
420014,422939,423016,77,2925
420033,423014,423016,2,2981
420033,422970,423017,47,2937
420033,423016,423018,2,2983
420033,423015,423018,3,2982
420033,423016,423019,3,2983
420033,422967,423019,52,2934
420033,422970,423019,49,2937
420033,422971,423020,49,2938
420033,423011,423019,8,2978
420033,423017,423020,3,2984
420033,422982,423027,45,2949
420033,422967,423026,59,2934
420033,422970,423028,58,2937
420033,422981,423031,50,2948
420033,422981,423037,56,2948
420033,422982,423040,58,2949
420033,422992,423048,56,2959
420033,423048,423051,3,3015
420033,423051,423053,2,3018
420033,422991,423054,63,2958
420033,423000,423054,54,2967
420033,422982,423056,74,2949
420033,422982,423056,74,2949
419776,422253,423058,805,2477
420033,423058,423059,1,3025
420033,422986,423062,76,2953
420033,422997,423062,65,2964
420033,422988,423063,75,2955
420033,422982,423063,81,2949
420033,423062,423064,2,3029
420033,423060,423064,4,3027
420033,422999,423065,66,2966
420033,422988,423064,76,2955
420033,423006,423070,64,2973
420033,423037,423070,33,3004
420033,422994,423071,77,2961
420033,422992,423071,79,2959
420033,422999,423074,75,2966
420033,423008,423074,66,2975
420033,423070,423076,6,3037
420033,423070,423076,6,3037
420033,422992,423076,84,2959
420033,423009,423077,68,2976
420033,423007,423077,70,2974
420033,423064,423078,14,3031
420033,422999,423080,81,2966
420033,423018,423080,62,2985
420033,423020,423080,60,2987
420033,423065,423080,15,3032
420033,423065,423083,18,3032
420033,423020,423083,63,2987
420033,423064,423088,24,3031
420033,423020,423088,68,2987
420033,423006,423089,83,2973
420033,423031,423092,61,2998
420033,423018,423094,76,2985
420033,423027,423093,66,2994
420033,423063,423095,32,3030
420033,423020,423095,75,2987
420033,423019,423097,78,2986
420033,423027,423099,72,2994
420033,423040,423104,64,3007
420033,423019,423104,85,2986
420033,423028,423104,76,2995
420548,423071,423105,34,2523
420548,423080,423116,36,2532
420033,423054,423118,64,3021
420548,423076,423126,50,2528
420033,423063,423127,64,3030
420548,423074,423127,53,2526
420548,423077,423130,53,2529
420548,423077,423130,53,2529
420548,423074,423130,56,2526
420548,423094,423132,38,2546
420548,423084,423133,49,2536
420548,423130,423133,3,2582
420548,423131,423134,3,2583
420033,423063,423134,71,3030
420548,423132,423135,3,2584
420548,423076,423135,59,2528
420548,423133,423135,2,2585
420548,423133,423134,1,2585
420033,423053,423136,83,3020
420548,423134,423136,2,2586
420033,423056,423136,80,3023
420548,423076,423136,60,2528
420548,423135,423137,2,2587
420548,423135,423137,2,2587
420033,423054,423137,83,3021
420548,423079,423137,58,2531
420548,423135,423137,2,2587
420548,423135,423137,2,2587
420548,423135,423138,3,2587
420548,423130,423138,8,2582
420548,423137,423139,2,2589
420548,423136,423139,3,2588
420548,423136,423139,3,2588
420548,423137,423139,2,2589
420548,423081,423138,57,2533
420548,423137,423139,2,2589
420548,423136,423138,2,2588
420548,423137,423139,2,2589
420548,423080,423139,59,2532
420548,423136,423139,3,2588
420548,423137,423140,3,2589
420548,423138,423140,2,2590
420548,423137,423139,2,2589
420033,423056,423140,84,3023
420548,423139,423141,2,2591
420548,423139,423141,2,2591
420548,423139,423141,2,2591
420548,423138,423140,2,2590
420548,423139,423141,2,2591
420548,423139,423140,1,2591
420548,423139,423142,3,2591
420548,423127,423142,15,2579
420548,423139,423142,3,2591
420548,423140,423144,4,2592
420548,423080,423145,65,2532
420548,423092,423146,54,2544
420548,423095,423146,51,2547
420548,423094,423146,52,2546
420548,423140,423148,8,2592
420548,423083,423150,67,2535
420548,423127,423153,26,2579
420548,423088,423154,66,2540
420548,423104,423154,50,2556
420548,423118,423155,37,2570
420548,423090,423155,65,2542
420548,423099,423156,57,2551
420548,423105,423157,52,2557
420548,423140,423158,18,2592
420548,423088,423158,70,2540
420548,423097,423160,63,2549
420548,423140,423159,19,2592
420548,423096,423161,65,2548
420548,423126,423163,37,2578
420548,423104,423164,60,2556
420548,423116,423165,49,2568
420548,423105,423168,63,2557
420548,423140,423169,29,2592
420548,423141,423169,28,2593
420548,423141,423191,50,2593
420548,423150,423192,42,2602
420548,423141,423192,51,2593
420548,423142,423197,55,2594
420548,423141,423198,57,2593
420548,423142,423202,60,2594
420548,423141,423204,63,2593
420548,423141,423204,63,2593
420548,423141,423207,66,2593
420548,423148,423210,62,2600
420548,423146,423212,66,2598
420548,423146,423213,67,2598
420548,423142,423214,72,2594
420548,423197,423215,18,2649
420548,423155,423215,60,2607
420548,423154,423217,63,2606
420548,423192,423219,27,2644
420548,423144,423219,75,2596
420548,423156,423220,64,2608
420548,423160,423221,61,2612
420548,423141,423223,82,2593
420548,423153,423223,70,2605
420548,423163,423224,61,2615
420548,423145,423224,79,2597
420548,423154,423227,73,2606
420548,423165,423228,63,2617
420548,423169,423228,59,2621
420548,423161,423228,67,2613
420548,423159,423229,70,2611
420548,423148,423229,81,2600
420548,423157,423230,73,2609
420548,423155,423233,78,2607
420548,423160,423234,74,2612
420548,423158,423236,78,2610
420548,423164,423239,75,2616
420548,423168,423240,72,2620
420548,423202,423240,38,2654
420548,423198,423242,44,2650
420548,423169,423244,75,2621
420548,423207,423249,42,2659
420548,423204,423257,53,2656
420548,423192,423266,74,2644
420548,423223,423270,47,2675
420548,423214,423270,56,2666
420548,423210,423271,61,2662
420548,423192,423272,80,2644
420548,423212,423276,64,2664
420548,423204,423276,72,2656
420548,423215,423279,64,2667
420548,423213,423281,68,2665
420548,423224,423280,56,2676
420548,423221,423282,61,2673
420548,423217,423284,67,2669
420548,423220,423283,63,2672
420548,423239,423285,46,2691
420548,423219,423286,67,2671
420548,423279,423287,8,2731
420548,423276,423288,12,2728
420548,423281,423288,7,2733
420548,423228,423287,59,2680
420548,423284,423291,7,2736
420548,423281,423291,10,2733
420548,423219,423293,74,2671
420548,423215,423294,79,2667
420548,423228,423294,66,2680
420548,423284,423295,11,2736
420548,423276,423296,20,2728
420548,423273,423296,23,2725
420548,423282,423297,15,2734
420548,423223,423298,75,2675
420548,423227,423301,74,2679
420548,423230,423301,71,2682
420548,423228,423301,73,2680
420548,423225,423302,77,2677
420548,423230,423302,72,2682
420548,423242,423303,61,2694
420548,423240,423303,63,2692
420548,423234,423308,74,2686
420548,423229,423309,80,2681
420548,423233,423312,79,2685
420548,423240,423313,73,2692
420548,423236,423313,77,2688
420548,423244,423317,73,2696
420684,423288,423319,31,2604
420548,423257,423319,62,2709
420548,423249,423321,72,2701
420548,423271,423326,55,2723
420548,423271,423330,59,2723
420684,423289,423334,45,2605
420684,423291,423338,47,2607
420684,423287,423338,51,2603
420684,423301,423340,39,2617
420684,423301,423340,39,2617
420548,423266,423342,76,2718
420684,423338,423342,4,2654
420548,423270,423342,72,2722
420684,423288,423342,54,2604
420684,423340,423343,3,2656
420684,423340,423343,3,2656
420684,423292,423342,50,2608
420684,423294,423343,49,2610
420684,423342,423344,2,2658
420684,423298,423344,46,2614
420684,423342,423344,2,2658
420684,423342,423344,2,2658
420684,423286,423344,58,2602
420684,423342,423343,1,2658
420684,423343,423345,2,2659
420684,423338,423346,8,2654
420684,423344,423346,2,2660
420684,423344,423346,2,2660
420684,423344,423345,1,2660
420684,423343,423345,2,2659
420684,423343,423347,4,2659
420684,423344,423347,3,2660
420684,423344,423347,3,2660
420684,423344,423346,2,2660
420684,423345,423346,1,2661
420684,423294,423348,54,2610
420684,423345,423348,3,2661
420684,423346,423348,2,2662
420684,423346,423348,2,2662
420684,423346,423347,1,2662
420684,423346,423347,1,2662
420684,423346,423348,2,2662
420684,423347,423349,2,2663
420684,423296,423348,52,2612
420684,423347,423349,2,2663
420684,423347,423349,2,2663
420684,423347,423350,3,2663
420684,423347,423349,2,2663
420684,423348,423351,3,2664
420684,423319,423350,31,2635
420684,423348,423351,3,2664
420684,423348,423350,2,2664
420684,423348,423350,2,2664
420684,423296,423351,55,2612
420684,423296,423354,58,2612
420684,423334,423354,20,2650
420684,423330,423355,25,2646
420684,423293,423356,63,2609
420684,423302,423357,55,2618
420684,423348,423358,10,2664
420684,423303,423359,56,2619
420684,423319,423359,40,2635
420684,423304,423360,56,2620
420684,423298,423361,63,2614
420684,423308,423362,54,2624
419801,422534,423362,828,2733
420684,423326,423362,36,2642
420684,423309,423364,55,2625
420684,423349,423364,15,2665
420684,423321,423364,43,2637
420684,423313,423366,53,2629
419457,422099,423366,1267,2642
420684,423349,423367,18,2665
420684,423301,423369,68,2617
420684,423312,423371,59,2628
420684,423349,423371,22,2665
420684,423313,423372,59,2629
420684,423302,423375,73,2618
420684,423317,423377,60,2633
420684,423353,423378,25,2669
420684,423349,423383,34,2665
420684,423360,423397,37,2676
420684,423350,423399,49,2666
420684,423359,423404,45,2675
420684,423362,423405,43,2678
420684,423350,423407,57,2666
420684,423351,423409,58,2667
420684,423377,423411,34,2693
420684,423351,423411,60,2667
420684,423349,423411,62,2665
420684,423350,423414,64,2666
420684,423354,423415,61,2670
420684,423351,423415,64,2667
420684,423355,423417,62,2671
420684,423354,423418,64,2670
420684,423358,423419,61,2674
420684,423359,423419,60,2675
420684,423357,423421,64,2673
420684,423351,423422,71,2667
420684,423356,423425,69,2672
420684,423351,423425,74,2667
420684,423362,423425,63,2678
420684,423364,423429,65,2680
420684,423367,423429,62,2683
420684,423399,423429,30,2715
420684,423371,423429,58,2687
420684,423362,423430,68,2678
420684,423361,423431,70,2677
420684,423378,423435,57,2694
420684,423366,423437,71,2682
420684,423366,423439,73,2682
420684,423364,423439,75,2680
420684,423369,423440,71,2685
420684,423372,423444,72,2688
420684,423397,423444,47,2713
420684,423371,423444,73,2687
420684,423364,423444,80,2680
420684,423418,423448,30,2734
420684,423375,423449,74,2691
420684,423383,423456,73,2699
420684,423404,423461,57,2720
420684,423409,423465,56,2725
420684,423408,423469,61,2724
420684,423411,423472,61,2727
420684,423415,423474,59,2731
420684,423405,423475,70,2721
420684,423417,423475,58,2733
420684,423415,423477,62,2731
420684,423419,423479,60,2735
420684,423420,423482,62,2736
420684,423472,423483,11,2788
420684,423476,423485,9,2792
420684,423425,423486,61,2741
420684,423411,423487,76,2727
420684,423474,423487,13,2790
420684,423425,423488,63,2741
420684,423470,423489,19,2786
420684,423479,423489,10,2795
420684,423482,423489,7,2798
420684,423422,423491,69,2738
420684,423430,423491,61,2746
420684,423421,423491,70,2737
420684,423429,423492,63,2745
420684,423414,423493,79,2730
420684,423484,423493,9,2800
420684,423485,423493,8,2801
420684,423429,423493,64,2745
420684,423431,423495,64,2747
420684,423411,423496,85,2727
420684,423477,423497,20,2793
420684,423425,423497,72,2741
420684,423435,423499,64,2751
420684,423431,423501,70,2747
420684,423444,423502,58,2760
420684,423475,423507,32,2791
420684,423439,423508,69,2755
420684,423437,423509,72,2753
420684,423448,423509,61,2764
420684,423441,423512,71,2757
420684,423439,423512,73,2755
420684,423430,423514,84,2746
420684,423444,423515,71,2760
420684,423449,423519,70,2765
420684,423445,423520,75,2761
420684,423444,423520,76,2760
420684,423465,423523,58,2781
420684,423461,423530,69,2777
420684,423456,423530,74,2772
421034,423489,423532,43,2455
421034,423490,423534,44,2456
421034,423533,423536,3,2499
421034,423534,423536,2,2500
421034,423493,423537,44,2459
421034,423495,423537,42,2461
421034,423536,423538,2,2502
421034,423536,423538,2,2502
421034,423537,423538,1,2503
421034,423537,423540,3,2503
421034,423530,423540,10,2496
421034,423489,423540,51,2455
421034,423488,423541,53,2454
421034,423539,423541,2,2505
421034,423493,423541,48,2459
421034,423491,423542,51,2457
421034,423540,423542,2,2506
421034,423539,423541,2,2505
421034,423539,423541,2,2505
421034,423493,423542,49,2459
421034,423540,423542,2,2506
421034,423541,423543,2,2507
421034,423541,423543,2,2507
421034,423540,423543,3,2506
421034,423541,423543,2,2507
421034,423488,423544,56,2454
421034,423542,423544,2,2508
421034,423492,423543,51,2458
421034,423542,423545,3,2508
421034,423543,423545,2,2509
421034,423543,423544,1,2509
421034,423543,423544,1,2509
421034,423543,423545,2,2509
421034,423520,423544,24,2486
421034,423543,423545,2,2509
421034,423542,423544,2,2508
421034,423542,423544,2,2508
421034,423543,423544,1,2509
421034,423544,423546,2,2510
421034,423544,423546,2,2510
421034,423545,423547,2,2511
421034,423499,423546,47,2465
421034,423491,423546,55,2457
421034,423544,423546,2,2510
421034,423497,423546,49,2463
421034,423545,423548,3,2511
421034,423545,423548,3,2511
421034,423524,423549,25,2490
421034,423487,423548,61,2453
421034,423545,423550,5,2511
421034,423493,423550,57,2459
421034,423502,423550,48,2468
421034,423491,423552,61,2457
421034,423497,423552,55,2463
421034,423530,423555,25,2496
421034,423509,423556,47,2475
421034,423496,423558,62,2462
421034,423545,423558,13,2511
421034,423507,423559,52,2473
421034,423545,423561,16,2511
421034,423501,423561,60,2467
421034,423508,423563,55,2474
421034,423521,423563,42,2487
421034,423519,423565,46,2485
421034,423512,423565,53,2478
421034,423513,423567,54,2479
421034,423515,423568,53,2481
421034,423509,423575,66,2475
421034,423545,423576,31,2511
421034,423515,423580,65,2481
421034,423546,423582,36,2512
421034,423546,423588,42,2512
421034,423546,423592,46,2512
421034,423546,423594,48,2512
421034,423547,423600,53,2513
421034,423547,423601,54,2513
421034,423547,423601,54,2513
421034,423549,423602,53,2515
421034,423548,423603,55,2514
421034,423550,423606,56,2516
421034,423548,423606,58,2514
421034,423548,423608,60,2514
421034,423550,423608,58,2516
421034,423550,423611,61,2516
421034,423547,423611,64,2513
421034,423547,423612,65,2513
421034,423558,423615,57,2524
421034,423556,423615,59,2522
421034,423552,423616,64,2518
421034,423552,423616,64,2518
421034,423555,423617,62,2521
421034,423549,423618,69,2515
421034,423602,423619,17,2568
421034,423559,423621,62,2525
421034,423565,423625,60,2531
421034,423561,423626,65,2527
421034,423576,423626,50,2542
421034,423561,423627,66,2527
421034,423563,423627,64,2529
421034,423558,423630,72,2524
421034,423563,423632,69,2529
421034,423575,423633,58,2541
421034,423602,423633,31,2568
421034,423565,423634,69,2531
421034,423567,423636,69,2533
421034,423568,423636,68,2534
421034,423582,423641,59,2548
421034,423592,423645,53,2558
421034,423588,423646,58,2554
421034,423603,423648,45,2569
421034,423600,423648,48,2566
421034,423594,423650,56,2560
421034,423580,423651,71,2546
421034,423602,423654,52,2568
421034,423606,423655,49,2572
421034,423608,423661,53,2574
421034,423606,423662,56,2572
421034,423608,423663,55,2574
421034,423615,423667,52,2581
421034,423615,423669,54,2581
421034,423663,423671,8,2629
421034,423619,423671,52,2585
421034,423612,423671,59,2578
421034,423611,423677,66,2577
421034,423663,423677,14,2629
421034,423671,423677,6,2637
421034,423616,423678,62,2582
421034,423671,423679,8,2637
421034,423626,423678,52,2592
421034,423618,423681,63,2584
421034,423616,423681,65,2582
421034,423617,423681,64,2583
421034,423669,423682,13,2635
421034,423611,423683,72,2577
421034,423671,423684,13,2637
421034,423633,423685,52,2599
421034,423668,423685,17,2634
421034,423628,423688,60,2594
421034,423621,423688,67,2587
421034,423645,423690,45,2611
421034,423677,423691,14,2643
421034,423625,423691,66,2591
421034,423677,423691,14,2643
421034,423626,423693,67,2592
421034,423641,423693,52,2607
421034,423627,423694,67,2593
421034,423632,423694,62,2598
421034,423633,423694,61,2599
421034,423630,423696,66,2596
421034,423636,423697,61,2602
421034,423647,423699,52,2613
421034,423636,423699,63,2602
421034,423655,423700,45,2621
421034,423634,423702,68,2600
421034,423661,423703,42,2627
421034,423649,423705,56,2615
421034,423650,423706,56,2616
421034,423649,423705,56,2615
421034,423654,423708,54,2620
421034,423651,423712,61,2617
421188,423685,423720,35,2497
421188,423720,423725,5,2532
421188,423725,423729,4,2537
421188,423678,423731,53,2490
421188,423729,423731,2,2541
421188,423685,423731,46,2497
421188,423679,423731,52,2491
421188,423731,423733,2,2543
421188,423731,423733,2,2543
421188,423731,423733,2,2543
421188,423731,423733,2,2543
420015,422959,423733,774,2944
421188,423733,423734,1,2545
421188,423733,423735,2,2545
421188,423682,423735,53,2494
421188,423691,423735,44,2503
421188,423733,423736,3,2545
421188,423733,423735,2,2545
421188,423735,423737,2,2547
421188,423735,423737,2,2547
421188,423735,423737,2,2547
421188,423735,423736,1,2547
421188,423681,423737,56,2493
421188,423694,423737,43,2506
421188,423681,423738,57,2493
421188,423735,423738,3,2547
421188,423736,423738,2,2548
421188,423737,423739,2,2549
421188,423737,423738,1,2549
421188,423736,423738,2,2548
421188,423737,423738,1,2549
421188,423737,423740,3,2549
421188,423737,423739,2,2549
421188,423738,423740,2,2550
421188,423679,423739,60,2491
421188,423737,423739,2,2549
421188,423738,423740,2,2550
421188,423691,423741,50,2503
421188,423738,423741,3,2550
421188,423690,423741,51,2502
421188,423739,423740,1,2551
421188,423739,423741,2,2551
421188,423739,423741,2,2551
421188,423739,423741,2,2551
421188,423683,423741,58,2495
421188,423681,423742,61,2493
421188,423694,423743,49,2506
421188,423740,423743,3,2552
421188,423712,423743,31,2524
421188,423740,423743,3,2552
421188,423696,423744,48,2508
421188,423691,423744,53,2503
421188,423688,423745,57,2500
421188,423705,423745,40,2517
421188,423684,423744,60,2496
421188,423703,423745,42,2515
421188,423699,423746,47,2511
421188,423706,423746,40,2518
421188,423694,423745,51,2506
421188,423700,423747,47,2512
421188,423694,423747,53,2506
421188,423699,423747,48,2511
421188,423689,423748,59,2501
421188,423740,423748,8,2552
421188,423693,423751,58,2505
421188,423708,423752,44,2520
421188,423706,423752,46,2518
421188,423697,423761,64,2509
421188,423740,423763,23,2552
421188,423702,423764,62,2514
421188,423741,423766,25,2553
421188,423741,423781,40,2553
421188,423741,423784,43,2553
421188,423741,423790,49,2553
421188,423741,423794,53,2553
421188,423744,423795,51,2556
421188,423745,423795,50,2557
421188,423746,423796,50,2558
421188,423741,423796,55,2553
421188,423743,423797,54,2555
421188,423743,423797,54,2555
421188,423742,423798,56,2554
421188,423742,423800,58,2554
421188,423741,423802,61,2553
421188,423745,423803,58,2557
421188,423745,423803,58,2557
421188,423743,423804,61,2555
421188,423746,423807,61,2558
421188,423743,423807,64,2555
421188,423747,423808,61,2559
421188,423752,423809,57,2564
421188,423751,423810,59,2563
421188,423742,423810,68,2554
421188,423753,423811,58,2565
421188,423745,423813,68,2557
421188,423748,423815,67,2560
421188,423749,423815,66,2561
421188,423747,423816,69,2559
421188,423766,423816,50,2578
421188,423746,423816,70,2558
421188,423744,423817,73,2556
421188,423747,423817,70,2559
421188,423794,423818,24,2606
421188,423742,423819,77,2554
421188,423795,423822,27,2607
421188,423763,423825,62,2575
421188,423761,423829,68,2573
421188,423764,423832,68,2576
421188,423800,423832,32,2612
421188,423791,423836,45,2603
421188,423795,423836,41,2607
421188,423797,423842,45,2609
421188,423784,423842,58,2596
421188,423796,423843,47,2608
421188,423781,423847,66,2593
421188,423797,423847,50,2609
421188,423809,423850,41,2621
421188,423796,423851,55,2608
421188,423810,423852,42,2622
421188,423798,423853,55,2610
421188,423816,423855,39,2628
421188,423816,423855,39,2628
421188,423803,423857,54,2615
421188,423802,423859,57,2614
421188,423808,423860,52,2620
421188,423803,423863,60,2615
421188,423855,423864,9,2667
421188,423853,423865,12,2665
421188,423850,423867,17,2662
421188,423857,423868,11,2669
421188,423811,423868,57,2623
421188,423810,423868,58,2622
421188,423855,423869,14,2667
421188,423859,423869,10,2671
421188,423863,423869,6,2675
421188,423851,423869,18,2663
421188,423807,423868,61,2619
421188,423860,423870,10,2672
421188,423815,423871,56,2627
421188,423815,423872,57,2627
421188,423804,423874,70,2616
421188,423807,423876,69,2619
421188,423817,423879,62,2629
421188,423813,423880,67,2625
421188,423852,423881,29,2664
421188,423817,423881,64,2629
421188,423819,423881,62,2631
421188,423822,423882,60,2634
421188,423819,423882,63,2631
421188,423816,423882,66,2628
421188,423825,423887,62,2637
421188,423833,423888,55,2645
421188,423836,423891,55,2648
421298,423882,423892,10,2584
421188,423842,423891,49,2654
421188,423843,423893,50,2655
421188,423842,423894,52,2654
421188,423847,423894,47,2659
421188,423829,423896,67,2641
421298,423881,423899,18,2583
421188,423836,423902,66,2648
421188,423832,423903,71,2644
421188,423847,423911,64,2659
421298,423865,423911,46,2567
421298,423869,423912,43,2571
421298,423867,423913,46,2569
421298,423869,423914,45,2571
421298,423913,423915,2,2615
421298,423871,423916,45,2573
421298,423914,423916,2,2616
421298,423870,423917,47,2572
421298,423868,423916,48,2570
421298,423916,423918,2,2618
421298,423912,423918,6,2614
421298,423916,423919,3,2618
421298,423917,423918,1,2619
421298,423918,423919,1,2620
421298,423916,423918,2,2618
421298,423917,423918,1,2619
421298,423918,423920,2,2620
421298,423868,423921,53,2570
421298,423919,423921,2,2621
421298,423920,423922,2,2622
421298,423919,423922,3,2621
421298,423869,423922,53,2571
421298,423919,423922,3,2621
421298,423869,423922,53,2571
421298,423920,423922,2,2622
421298,423920,423922,2,2622
421298,423921,423923,2,2623
421298,423921,423924,3,2623
419868,422755,423924,1169,2887
421298,423922,423924,2,2624
421298,423922,423925,3,2624
421298,423868,423925,57,2570
421298,423922,423925,3,2624
421298,423922,423925,3,2624
421298,423912,423926,14,2614
421298,423923,423927,4,2625
421298,423923,423926,3,2625
421298,423923,423928,5,2625
421298,423923,423928,5,2625
421298,423869,423931,62,2571
421298,423872,423931,59,2574
421298,423874,423933,59,2576
421298,423924,423934,10,2626
421298,423881,423935,54,2583
421298,423888,423936,48,2590
421298,423892,423938,46,2594
421298,423880,423938,58,2582
421298,423893,423937,44,2595
421298,423879,423938,59,2581
421298,423893,423939,46,2595
421298,423894,423940,46,2596
421298,423887,423940,53,2589
421298,423924,423940,16,2626
421298,423876,423941,65,2578
421298,423883,423941,58,2585
421298,423894,423943,49,2596
421298,423892,423944,52,2594
421298,423883,423944,61,2585
421298,423882,423944,62,2584
421298,423925,423945,20,2627
421298,423896,423946,50,2598
421298,423899,423947,48,2601
421298,423911,423947,36,2613
421298,423902,423950,48,2604
421298,423904,423951,47,2606
421298,423925,423964,39,2627
421298,423926,423970,44,2628
421298,423925,423972,47,2627
421298,423926,423972,46,2628
421298,423925,423974,49,2627
421298,423928,423977,49,2630
421298,423927,423980,53,2629
421298,423930,423987,57,2632
421298,423934,423987,53,2636
421298,423927,423989,62,2629
421298,423938,423990,52,2640
421298,423936,423992,56,2638
421298,423939,423992,53,2641
421298,423938,423993,55,2640
421298,423940,423994,54,2642
421298,423940,423995,55,2642
421298,423931,423996,65,2633
421298,423987,423997,10,2689
421298,423931,423998,67,2633
421298,423935,423999,64,2637
421298,423945,423999,54,2647
421298,423934,423999,65,2636
421298,423943,423999,56,2645
421298,423938,423999,61,2640
421298,423989,424001,12,2691
421298,423991,424000,9,2693
421298,423938,424003,65,2640
421298,423992,424003,11,2694
421298,423940,424004,64,2642
421298,423941,424005,64,2643
421298,423944,424006,62,2646
421298,423942,424007,65,2644
421298,423993,424008,15,2695
421298,423945,424008,63,2647
421298,423944,424009,65,2646
421298,423947,424011,64,2649
421298,423950,424012,62,2652
421298,423947,424012,65,2649
421298,423987,424015,28,2689
421298,423947,424016,69,2649
421298,423977,424017,40,2679
421298,423994,424017,23,2696
421298,423951,424018,67,2653
421298,423972,424026,54,2674
421298,423971,424027,56,2673
421298,423994,424030,36,2696
421298,423980,424032,52,2682
421298,423964,424034,70,2666
421298,423972,424043,71,2674
421298,423974,424046,72,2676
421298,423995,424048,53,2697
421298,424005,424049,44,2707
421298,423997,424049,52,2699
421298,423999,424054,55,2701
421298,424003,424055,52,2705
421298,424000,424055,55,2702
421298,424006,424055,49,2708
421298,424055,424058,3,2757
421298,423996,424058,62,2698
421298,424055,424058,3,2757
421298,424001,424059,58,2703
421298,423999,424059,60,2701
421298,423998,424060,62,2700
421298,424049,424062,13,2751
421298,423999,424063,64,2701
421298,424046,424063,17,2748
421298,424008,424063,55,2710
421298,424001,424064,63,2703
421298,424058,424064,6,2760
421298,424054,424065,11,2756
421298,424000,424064,64,2702
421298,424058,424066,8,2760
421298,424049,424066,17,2751
421298,424007,424067,60,2709
421298,424055,424068,13,2757
421298,424003,424068,65,2705
421298,424048,424069,21,2750
421298,424015,424070,55,2717
421298,424004,424071,67,2706
421298,424012,424071,59,2714
421298,424017,424072,55,2719
421298,424017,424071,54,2719
421298,424008,424073,65,2710
421298,424027,424075,48,2729
421298,424011,424076,65,2713
421298,424012,424077,65,2714
421298,424016,424079,63,2718
421298,424009,424079,70,2711
421298,424026,424079,53,2728
421298,424018,424080,62,2720
421298,424030,424084,54,2732
421298,424032,424085,53,2734
421298,424034,424093,59,2736
421298,424043,424093,50,2745
421349,424059,424101,42,2710
421349,424062,424108,46,2713
421349,424068,424109,41,2719
421349,424059,424111,52,2710
421349,424063,424111,48,2714
421349,424063,424112,49,2714
421349,424109,424113,4,2760
421349,424112,424113,1,2763
421349,424111,424114,3,2762
421349,424113,424115,2,2764
421349,424112,424114,2,2763
421349,424113,424115,2,2764
421349,424114,424116,2,2765
421349,424064,424116,52,2715
421349,424115,424117,2,2766
421349,424101,424117,16,2752
421349,424071,424117,46,2722
421349,424115,424118,3,2766
421349,424108,424117,9,2759
421349,424071,424118,47,2722
421349,424060,424117,57,2711
421349,424115,424118,3,2766
421349,424116,424119,3,2767
421349,424117,424119,2,2768
421349,424117,424119,2,2768
421349,424117,424118,1,2768
421349,424118,424120,2,2769
421349,424116,424119,3,2767
421349,424067,424120,53,2718
421349,424064,424119,55,2715
421349,424118,424121,3,2769
421349,424065,424121,56,2716
421349,424119,424121,2,2770
421349,424063,424121,58,2714
421349,424118,424120,2,2769
421349,424119,424121,2,2770
421349,424065,424122,57,2716
421349,424119,424122,3,2770
421349,424120,424121,1,2771
421349,424119,424121,2,2770
421349,424119,424122,3,2770
421349,424119,424121,2,2770
421349,424066,424121,55,2717
421349,424066,424122,56,2717
421349,424073,424123,50,2724
421349,424120,424122,2,2771
421349,424120,424122,2,2771
421349,424080,424124,44,2731
421349,424120,424123,3,2771
421349,424121,424123,2,2772
421349,424121,424123,2,2772
421349,424085,424123,38,2736
421349,424121,424123,2,2772
421349,424072,424125,53,2723
421349,424075,424127,52,2726
421349,424084,424128,44,2735
421349,424068,424128,60,2719
421349,424121,424128,7,2772
421349,424093,424129,36,2744
421349,424079,424129,50,2730
421349,424071,424131,60,2722
421349,424069,424132,63,2720
421349,424077,424134,57,2728
421349,424073,424136,63,2724
421349,424076,424139,63,2727
421349,424093,424140,47,2744
421349,424080,424141,61,2731
421349,424079,424141,62,2730
421349,424121,424150,29,2772
421349,424122,424162,40,2773
421349,424129,424162,33,2780
421349,424121,424166,45,2772
421349,424122,424170,48,2773
421349,424122,424171,49,2773
421349,424125,424172,47,2776
421349,424124,424176,52,2775
421349,424123,424178,55,2774
421349,424122,424179,57,2773
421349,424125,424180,55,2776
421349,424123,424181,58,2774
421349,424124,424182,58,2775
421349,424123,424183,60,2774
421349,424124,424182,58,2775
421349,424128,424185,57,2779
421349,424139,424185,46,2790
421349,424127,424187,60,2778
421349,424125,424187,62,2776
421349,424122,424188,66,2773
421349,424122,424189,67,2773
421349,424128,424189,61,2779
421349,424125,424190,65,2776
421349,424128,424191,63,2779
421349,424122,424192,70,2773
421349,424178,424192,14,2829
421349,424124,424192,68,2775
421349,424129,424196,67,2780
421349,424132,424197,65,2783
421349,424134,424201,67,2785
421349,424132,424201,69,2783
421349,424166,424204,38,2817
421349,424141,424205,64,2792
421349,424136,424205,69,2787
421349,424140,424206,66,2791
421349,424180,424209,29,2831
421349,424179,424210,31,2830
421349,424176,424210,34,2827
421349,424142,424212,70,2793
421349,424172,424214,42,2823
421349,424170,424216,46,2821
421349,424181,424217,36,2832
421349,424162,424217,55,2813
420034,423071,424219,1148,3037
421349,424182,424224,42,2833
421349,424183,424227,44,2834
421349,424171,424231,60,2822
421349,424150,424232,82,2801
421349,424162,424234,72,2813
421349,424183,424236,53,2834
421349,424185,424241,56,2836
421349,424187,424249,62,2838
421349,424241,424248,7,2892
421349,424234,424249,15,2885
421349,424187,424249,62,2838
421349,424189,424252,63,2840
421349,424185,424252,67,2836
421349,424236,424255,19,2887
421349,424249,424255,6,2900
421349,424189,424256,67,2840
421349,424192,424255,63,2843
421349,424192,424256,64,2843
421349,424188,424258,70,2839
421349,424194,424258,64,2845
421349,424196,424259,63,2847
421349,424249,424258,9,2900
421349,424249,424261,12,2900
421349,424252,424261,9,2903
421349,424249,424262,13,2900
421349,424255,424262,7,2906
421349,424201,424262,61,2852
421349,424252,424263,11,2903
421349,424210,424264,54,2861
421349,424191,424263,72,2842
421349,424209,424265,56,2860
421349,424197,424266,69,2848
421349,424190,424266,76,2841
421502,424264,424268,4,2762
421349,424217,424269,52,2868
421349,424201,424269,68,2852
421349,424206,424270,64,2857
421349,424214,424272,58,2865
421349,424205,424273,68,2856
421349,424217,424273,56,2868
421349,424210,424274,64,2861
421349,424212,424274,62,2863
421502,424265,424274,9,2763
421502,424266,424274,8,2764
421349,424204,424275,71,2855
421349,424224,424275,51,2875
421349,424232,424276,44,2883
421349,424205,424278,73,2856
421349,424216,424283,67,2867
421349,424219,424282,63,2870
421349,424231,424285,54,2882
421502,424256,424286,30,2754
421502,424259,424287,28,2757
421502,424256,424287,31,2754
421349,424227,424291,64,2878
421502,424259,424291,32,2757
421502,424287,424293,6,2785
421502,424291,424295,4,2789
421502,424287,424295,8,2785
421502,424292,424296,4,2790
421502,424256,424296,40,2754
421502,424293,424297,4,2791
421502,424295,424298,3,2793
421502,424258,424298,40,2756
421502,424295,424299,4,2793
421502,424264,424299,35,2762
421502,424298,424300,2,2796
421502,424297,424300,3,2795
421502,424296,424299,3,2794
421502,424258,424300,42,2756
421502,424297,424301,4,2795
421502,424298,424301,3,2796
421502,424299,424302,3,2797
421502,424299,424302,3,2797
421502,424300,424303,3,2798
421502,424286,424303,17,2784
421502,424301,424304,3,2799
421502,424261,424303,42,2759
421502,424300,424304,4,2798
421502,424301,424304,3,2799
421502,424302,424305,3,2800
421502,424301,424305,4,2799
421502,424300,424304,4,2798
421502,424262,424306,44,2760
421502,424302,424306,4,2800
421502,424303,424307,4,2801
421502,424303,424309,6,2801
421502,424263,424309,46,2761
421502,424304,424313,9,2802
421502,424262,424314,52,2760
421502,424285,424316,31,2783
421502,424304,424318,14,2802
421502,424266,424320,54,2764
421502,424262,424320,58,2760
421502,424262,424320,58,2760
421502,424268,424325,57,2766
421502,424304,424326,22,2802
421502,424270,424328,58,2768
421502,424272,424328,56,2770
421502,424269,424330,61,2767
421502,424278,424330,52,2776
421502,424283,424333,50,2781
421502,424273,424335,62,2771
421502,424274,424335,61,2772
421502,424275,424337,62,2773
421502,424275,424338,63,2773
421502,424276,424341,65,2774
421502,424269,424343,74,2767
421502,424274,424343,69,2772
421502,424274,424343,69,2772
421502,424273,424347,74,2771
421502,424304,424347,43,2802
421502,424274,424348,74,2772
421502,424305,424350,45,2803
421502,424283,424352,69,2781
421502,424306,424370,64,2804
421502,424309,424373,64,2807
421502,424305,424373,68,2803
421502,424307,424374,67,2805
421502,424306,424378,72,2804
421502,424305,424380,75,2803
421502,424318,424380,62,2816
421502,424315,424382,67,2813
421502,424338,424384,46,2836
421502,424309,424388,79,2807
421502,424316,424390,74,2814
421502,424320,424392,72,2818
421502,424313,424396,83,2811
421502,424330,424396,66,2828
421502,424325,424396,71,2823
421502,424320,424397,77,2818
421502,424328,424400,72,2826
421502,424335,424403,68,2833
421502,424335,424403,68,2833
421502,424320,424407,87,2818
421502,424333,424411,78,2831
421502,424328,424412,84,2826
421502,424350,424412,62,2848
421502,424330,424413,83,2828
421502,424327,424413,86,2825
421502,424337,424423,86,2835
421502,424345,424426,81,2843
421502,424347,424427,80,2845
421502,424343,424429,86,2841
420548,423285,424429,1144,2737
421502,424341,424430,89,2839
421502,424348,424432,84,2846
421502,424343,424432,89,2841
421502,424352,424438,86,2850
421502,424347,424440,93,2845
421502,424370,424440,70,2868
420684,423486,424443,957,2802
421502,424373,424447,74,2871
421502,424374,424448,74,2872
421502,424384,424451,67,2882
421502,424380,424452,72,2878
421502,424380,424455,75,2878
421502,424396,424461,65,2894
421502,424382,424464,82,2880
421502,424378,424464,86,2876
421502,424373,424465,92,2871
421502,424390,424466,76,2888
421502,424388,424475,87,2886
421502,424397,424479,82,2895
421502,424403,424479,76,2901
421502,424400,424481,81,2898
421502,424396,424481,85,2894
421502,424448,424482,34,2946
421502,424392,424482,90,2890
421502,424403,424485,82,2901
421502,424396,424488,92,2894
421502,424452,424491,39,2950
421502,424451,424495,44,2949
421502,424465,424496,31,2963
421502,424412,424497,85,2910
421502,424426,424499,73,2924
421502,424423,424500,77,2921
421502,424497,424502,5,2995
421502,424407,424504,97,2905
421502,424496,424507,11,2994
421502,424475,424509,34,2973
421502,424411,424510,99,2909
421502,424429,424511,82,2927
421502,424440,424512,72,2938
421502,424413,424513,100,2911
421502,424413,424512,99,2911
421502,424456,424515,59,2954
421502,424412,424516,104,2910
421502,424432,424517,85,2930
421502,424430,424517,87,2928
421502,424495,424517,22,2993
421502,424429,424518,89,2927
421502,424433,424518,85,2931
421502,424443,424518,75,2941
421502,424448,424519,71,2946
421502,424438,424521,83,2936
421789,424500,424523,23,2711
421502,424427,424525,98,2925
421502,424466,424526,60,2964
421502,424440,424528,88,2938
421502,424461,424530,69,2959
421789,424502,424531,29,2713
421502,424479,424532,53,2977
421789,424504,424535,31,2715
421502,424464,424539,75,2962
421789,424507,424540,33,2718
421502,424465,424545,80,2963
421502,424491,424546,55,2989
421789,424512,424548,36,2723
421789,424511,424549,38,2722
421502,424479,424551,72,2977
421789,424513,424554,41,2724
421502,424482,424556,74,2980
421502,424481,424557,76,2979
421789,424509,424558,49,2720
421502,424481,424558,77,2979
421789,424515,424561,46,2726
421502,424485,424561,76,2983
421789,424516,424562,46,2727
421035,423677,424563,886,2642
421789,424519,424563,44,2730
421502,424488,424563,75,2986
421789,424511,424566,55,2722
421789,424513,424567,54,2724
421789,424517,424568,51,2728
421502,424483,424570,87,2981
421789,424518,424576,58,2729
421789,424517,424576,59,2728
421789,424517,424580,63,2728
421789,424526,424580,54,2737
421789,424518,424582,64,2729
421789,424530,424583,53,2741
421789,424531,424584,53,2742
421789,424563,424584,21,2774
421789,424563,424584,21,2774
421789,424525,424588,63,2736
421789,424563,424588,25,2774
421789,424528,424589,61,2739
421789,424518,424591,73,2729
421789,424567,424592,25,2778
421789,424561,424592,31,2772
421789,424568,424593,25,2779
421789,424523,424594,71,2734
421789,424562,424594,32,2773
421789,424535,424595,60,2746
421789,424566,424594,28,2777
421789,424557,424595,38,2768
421789,424521,424595,74,2732
421789,424551,424598,47,2762
421789,424539,424599,60,2750
421789,424532,424600,68,2743
421789,424561,424601,40,2772
421789,424570,424603,33,2781
421789,424546,424604,58,2757
421789,424558,424604,46,2769
421789,424558,424608,50,2769
421789,424540,424609,69,2751
421789,424554,424609,55,2765
421789,424548,424609,61,2759
421789,424556,424611,55,2767
421789,424549,424612,63,2760
421789,424545,424612,67,2756
421789,424577,424614,37,2788
421789,424584,424615,31,2795
421789,424576,424616,40,2787
421789,424582,424616,34,2793
421789,424580,424616,36,2791
421789,424580,424617,37,2791
421789,424584,424621,37,2795
421789,424584,424621,37,2795
421789,424592,424628,36,2803
421789,424586,424629,43,2797
421789,424591,424637,46,2802
421789,424589,424638,49,2800
421789,424588,424639,51,2799
421789,424589,424652,63,2800
421789,424593,424655,62,2804
421789,424592,424659,67,2803
421789,424598,424659,61,2809
421789,424596,424659,63,2807
421789,424594,424662,68,2805
421789,424595,424667,72,2806
421789,424594,424669,75,2805
421789,424600,424671,71,2811
421789,424609,424673,64,2820
421789,424596,424675,79,2807
421789,424604,424676,72,2815
421789,424595,424679,84,2806
421789,424611,424683,72,2822
421789,424602,424685,83,2813
421789,424600,424686,86,2811
421789,424621,424686,65,2832
421789,424616,424686,70,2827
421789,424603,424687,84,2814
421789,424615,424688,73,2826
421789,424609,424690,81,2820
421789,424605,424690,85,2816
421789,424617,424689,72,2828
421789,424612,424691,79,2823
421789,424608,424691,83,2819
421789,424621,424693,72,2832
421789,424609,424694,85,2820
421789,424616,424695,79,2827
421789,424614,424695,81,2825
421789,424612,424696,84,2823
421789,424628,424698,70,2839
421789,424629,424698,69,2840
421789,424616,424705,89,2827
421789,424638,424716,78,2849
421789,424639,424721,82,2850
421789,424637,424721,84,2848
421789,424659,424722,63,2870
421789,424655,424725,70,2866
421789,424659,424727,68,2870
421789,424676,424740,64,2887
421789,424673,424740,67,2884
421789,424652,424741,89,2863
421789,424659,424741,82,2870
421789,424675,424742,67,2886
421789,424662,424744,82,2873
421789,424672,424746,74,2883
421789,424667,424753,86,2878
421789,424683,424753,70,2894
421789,424669,424754,85,2880
421789,424686,424755,69,2897
421189,423864,424756,892,2675
421789,424685,424760,75,2896
421789,424686,424762,76,2897
421789,424680,424762,82,2891
421789,424698,424764,66,2909
421789,424690,424766,76,2901
421789,424689,424766,77,2900
421789,424686,424768,82,2897
421789,424698,424770,72,2909
421789,424693,424771,78,2904
421789,424705,424777,72,2916
421789,424690,424779,89,2901
421789,424688,424779,91,2899
421789,424695,424780,85,2906
421789,424696,424781,85,2907
421789,424695,424782,87,2906
421789,424690,424784,94,2901
421789,424691,424785,94,2902
421789,424691,424786,95,2902
421789,424722,424786,64,2933
421789,424694,424787,93,2905
421789,424727,424790,63,2938
421789,424727,424792,65,2938
421789,424777,424793,16,2988
421789,424722,424799,77,2933
421789,424771,424802,31,2982
421789,424716,424801,85,2927
421789,424740,424804,64,2951
421789,424721,424805,84,2932
421789,424740,424809,69,2951
421789,424741,424815,74,2952
421789,424741,424820,79,2952
421789,424756,424820,64,2967
421789,424755,424821,66,2966
421976,424783,424822,39,2807
421789,424753,424823,70,2964
421789,424762,424825,63,2973
421976,424780,424827,47,2804
421789,424744,424828,84,2955
421976,424786,424828,42,2810
421789,424743,424828,85,2954
421789,424746,424829,83,2957
421789,424760,424830,70,2971
421976,424781,424831,50,2805
421789,424754,424831,77,2965
421789,424770,424831,61,2981
421789,424768,424833,65,2979
421789,424764,424833,69,2975
421789,424753,424835,82,2964
421976,424831,424835,4,2855
421789,424762,424835,73,2973
421976,424833,424836,3,2857
421976,424835,424837,2,2859
421789,424766,424837,71,2977
421976,424835,424838,3,2859
421976,424836,424838,2,2860
421976,424835,424838,3,2859
421976,424833,424838,5,2857
421976,424837,424839,2,2861
421976,424837,424839,2,2861
421976,424787,424840,53,2811
421976,424838,424840,2,2862
421976,424838,424840,2,2862
421976,424838,424839,1,2862
421976,424839,424841,2,2863
421976,424839,424841,2,2863
421976,424838,424841,3,2862
421976,424792,424842,50,2816
421976,424780,424841,61,2804
421976,424841,424843,2,2865
421976,424840,424842,2,2864
421976,424841,424843,2,2865
421976,424840,424843,3,2864
421976,424840,424843,3,2864
421976,424786,424843,57,2810
421976,424841,424842,1,2865
421976,424841,424844,3,2865
421976,424842,424843,1,2866
421976,424843,424845,2,2867
421976,424843,424845,2,2867
421976,424842,424845,3,2866
421976,424799,424845,46,2823
421976,424843,424845,2,2867
421976,424843,424845,2,2867
421976,424843,424845,2,2867
421976,424843,424846,3,2867
421976,424843,424846,3,2867
421976,424844,424848,4,2868
421976,424785,424848,63,2809
421976,424784,424849,65,2808
421976,424844,424849,5,2868
421976,424790,424849,59,2814
421976,424793,424851,58,2817
421976,424802,424856,54,2826
421976,424845,424856,11,2869
421976,424823,424856,33,2847
421976,424831,424859,28,2855
421789,424768,424861,93,2979
421976,424804,424862,58,2828
421976,424809,424864,55,2833
421976,424845,424863,18,2869
421976,424802,424865,63,2826
421976,424805,424866,61,2829
421976,424845,424867,22,2869
421976,424849,424868,19,2873
421976,424849,424873,24,2873
421976,424821,424873,52,2845
421976,424825,424874,49,2849
421976,424856,424874,18,2880
421976,424846,424876,30,2870
421976,424821,424876,55,2845
421976,424828,424879,51,2852
421976,424828,424880,52,2852
421976,424831,424881,50,2855
421976,424822,424881,59,2846
421976,424845,424883,38,2869
421976,424845,424884,39,2869
421976,424846,424884,38,2870
421976,424816,424884,68,2840
421976,424820,424883,63,2844
421976,424831,424886,55,2855
421976,424846,424885,39,2870
421976,424845,424888,43,2869
421976,424829,424890,61,2853
421976,424848,424893,45,2872
421299,424058,424894,836,2759
421976,424828,424895,67,2852
421976,424848,424897,49,2872
421976,424856,424901,45,2880
421976,424827,424901,74,2851
421976,424850,424911,61,2874
421976,424851,424914,63,2875
421976,424868,424922,54,2892
421976,424857,424924,67,2881
421976,424864,424926,62,2888
421976,424865,424928,63,2889
421976,424867,424929,62,2891
421976,424863,424930,67,2887
421976,424888,424931,43,2912
421976,424866,424932,66,2890
421976,424873,424932,59,2897
421976,424874,424936,62,2898
421976,424874,424937,63,2898
421976,424880,424937,57,2904
421976,424859,424939,80,2883
421976,424862,424943,81,2886
421976,424876,424945,69,2900
421976,424884,424948,64,2908
421976,424884,424949,65,2908
421976,424865,424949,84,2889
421976,424873,424951,78,2897
421976,424879,424953,74,2903
421976,424897,424953,56,2921
421976,424876,424953,77,2900
421976,424881,424957,76,2905
421976,424886,424958,72,2910
421976,424885,424958,73,2909
421976,424884,424958,74,2908
421976,424894,424958,64,2918
421976,424924,424961,37,2948
421976,424886,424961,75,2910
421976,424881,424961,80,2905
421976,424883,424966,83,2907
421976,424890,424970,80,2914
421976,424901,424971,70,2925
421976,424901,424972,71,2925
421976,424914,424975,61,2938
421976,424911,424977,66,2935
421976,424893,424978,85,2917
421976,424895,424978,83,2919
421976,424922,424990,68,2946
421976,424929,424992,63,2953
421976,424932,424993,61,2956
421976,424926,424994,68,2950
421976,424928,424993,65,2952
421976,424979,424995,16,3003
421976,424978,424994,16,3002
421976,424930,424997,67,2954
421976,424992,424998,6,3016
421976,424990,424999,9,3014
421976,424936,424999,63,2960
421976,424938,425000,62,2962
421976,424937,425002,65,2961
421976,424932,425007,75,2956
421976,424931,425008,77,2955
421976,424945,425009,64,2969
421976,424948,425011,63,2972
422158,425009,425011,2,2851
421976,424953,425011,58,2977
421976,424949,425012,63,2973
422158,425011,425012,1,2853
422158,425011,425014,3,2853
422158,425011,425013,2,2853
421976,424939,425015,76,2963
422158,424995,425015,20,2837
422158,425013,425015,2,2855
421976,424977,425015,38,3001
422158,425014,425016,2,2856
422158,425014,425016,2,2856
422158,425015,425017,2,2857
421976,424951,425019,68,2975
421976,424958,425021,63,2982
421976,424949,425021,72,2973
422158,425000,425022,22,2842
421976,424943,425024,81,2967
422158,425000,425025,25,2842
421976,424958,425026,68,2982
421976,424961,425026,65,2985
421976,424953,425027,74,2977
421976,424953,425028,75,2977
421976,424957,425028,71,2981
421976,424958,425029,71,2982
422158,424997,425030,33,2839
422158,425028,425031,3,2870
422158,425028,425031,3,2870
422158,425029,425031,2,2871
422158,424994,425032,38,2836
422158,425028,425032,4,2870
422158,424994,425032,38,2836
422158,425030,425032,2,2872
422158,425026,425033,7,2868
422158,425008,425032,24,2850
422158,425031,425033,2,2873
422158,425031,425034,3,2873
422158,425031,425034,3,2873
421976,424961,425034,73,2985
422158,425033,425034,1,2875
422158,425032,425033,1,2874
422158,425033,425035,2,2875
421976,424958,425035,77,2982
422158,425032,425034,2,2874
422158,425033,425035,2,2875
422158,425033,425036,3,2875
422158,425033,425036,3,2875
422158,425034,425036,2,2876
422158,425034,425036,2,2876
422158,425034,425036,2,2876
422158,425034,425037,3,2876
422158,425035,425037,2,2877
422158,424999,425037,38,2841
422158,425035,425036,1,2877
422158,425036,425038,2,2878
422158,425035,425038,3,2877
422158,425035,425038,3,2877
421976,424972,425037,65,2996
422158,425036,425038,2,2878
422158,425007,425038,31,2849
422158,425036,425039,3,2878
422158,425036,425039,3,2878
421976,424966,425039,73,2990
422158,425036,425039,3,2878
421976,424961,425040,79,2985
422158,425036,425039,3,2878
422158,425037,425042,5,2879
421976,424970,425044,74,2994
422158,424999,425045,46,2841
422158,425026,425045,19,2868
421976,424971,425046,75,2995
422158,425002,425046,44,2844
422158,425037,425046,9,2879
421976,424975,425048,73,2999
422158,424995,425051,56,2837
422158,425012,425050,38,2854
422158,425025,425053,28,2867
422158,425016,425066,50,2858
422158,425046,425067,21,2888
422158,425037,425068,31,2879
422158,425016,425070,54,2858
422158,425021,425072,51,2863
422158,425022,425074,52,2864
422158,425037,425074,37,2879
422158,425015,425076,61,2857
422158,425024,425076,52,2866
422158,425015,425077,62,2857
422158,425038,425077,39,2880
422158,425016,425081,65,2858
422158,425041,425081,40,2883
422158,425038,425082,44,2880
422158,425021,425083,62,2863
422158,425019,425086,67,2861
422158,425038,425086,48,2880
422158,425017,425087,70,2859
422158,425038,425096,58,2880
422158,425038,425099,61,2880
422158,425068,425102,34,2910
422158,425039,425103,64,2881
422158,425039,425107,68,2881
421350,424255,425106,851,2905
422158,425045,425109,64,2887
422158,425039,425109,70,2881
422158,425046,425110,64,2888
422158,425040,425112,72,2882
422158,425039,425114,75,2881
422158,425053,425114,61,2895
422158,425051,425115,64,2893
422158,425045,425115,70,2887
422158,425043,425115,72,2885
422158,425039,425116,77,2881
422158,425046,425120,74,2888
422158,425044,425124,80,2886
422158,425051,425126,75,2893
422158,425048,425126,78,2890
422158,425067,425130,63,2909
422158,425066,425131,65,2908
422158,425070,425133,63,2912
422158,425078,425135,57,2920
422158,425115,425136,21,2957
422158,425074,425136,62,2916
422158,425086,425139,53,2928
422158,425072,425138,66,2914
422158,425074,425139,65,2916
422158,425076,425145,69,2918
422158,425076,425148,72,2918
422158,425081,425149,68,2923
422158,425082,425150,68,2924
422158,425077,425150,73,2919
422158,425081,425156,75,2923
422158,425083,425161,78,2925
422158,425086,425163,77,2928
422158,425099,425164,65,2941
422158,425088,425173,85,2930
422158,425107,425174,67,2949
422158,425110,425176,66,2952
422158,425096,425177,81,2938
422158,425103,425179,76,2945
422158,425102,425180,78,2944
422158,425109,425183,74,2951
422158,425115,425183,68,2957
422158,425107,425186,79,2949
422158,425112,425191,79,2954
422158,425115,425191,76,2957
422158,425130,425191,61,2972
422158,425115,425192,77,2957
422158,425133,425193,60,2975
422158,425131,425195,64,2973
422158,425136,425197,61,2978
422158,425192,425198,6,3034
422158,425126,425198,72,2968
422158,425136,425200,64,2978
422158,425109,425200,91,2951
422158,425139,425201,62,2981
422158,425124,425200,76,2966
422158,425193,425202,9,3035
422158,425137,425202,65,2979
422158,425120,425203,83,2962
422158,425117,425203,86,2959
422158,425114,425204,90,2956
422158,425139,425204,65,2981
422158,425126,425205,79,2968
422158,425191,425208,17,3033
422158,425184,425209,25,3026
422158,425139,425211,72,2981
422158,425145,425211,66,2987
422355,425195,425216,21,2840
422158,425150,425218,68,2992
422158,425191,425219,28,3033
422158,425151,425221,70,2993
422355,425197,425222,25,2842
422158,425164,425226,62,3006
422355,425203,425227,24,2848
422158,425148,425228,80,2990
422355,425198,425229,31,2843
422158,425156,425235,79,2998
422355,425219,425235,16,2864
422355,425204,425235,31,2849
422158,425176,425236,60,3018
422355,425206,425235,29,2851
422355,425216,425237,21,2861
422158,425149,425237,88,2991
422158,425174,425238,64,3016
422158,425162,425238,76,3004
422355,425202,425238,36,2847
422355,425198,425241,43,2843
422355,425239,425241,2,2884
422355,425238,425241,3,2883
422355,425238,425241,3,2883
422355,425241,425243,2,2886
422355,425241,425243,2,2886
422158,425163,425242,79,3005
422355,425241,425243,2,2886
422158,425183,425245,62,3025
422355,425243,425244,1,2888
422355,425242,425244,2,2887
422355,425243,425244,1,2888
422355,425243,425245,2,2888
422158,425186,425246,60,3028
422355,425222,425247,25,2867
422355,425243,425246,3,2888
422355,425245,425247,2,2890
422355,425245,425247,2,2890
422355,425237,425247,10,2882
422355,425245,425248,3,2890
422355,425246,425248,2,2891
422355,425245,425247,2,2890
422355,425247,425249,2,2892
422355,425247,425249,2,2892
422355,425246,425248,2,2891
422355,425247,425250,3,2892
422355,425247,425249,2,2892
422355,425248,425250,2,2893
422355,425247,425251,4,2892
422355,425249,425251,2,2894
422355,425248,425251,3,2893
422355,425248,425250,2,2893
422355,425249,425250,1,2894
422158,425177,425252,75,3019
422355,425200,425252,52,2845
422158,425180,425252,72,3022
422355,425249,425252,3,2894
422355,425250,425252,2,2895
422355,425236,425252,16,2881
422355,425218,425252,34,2863
422355,425250,425252,2,2895
422355,425250,425252,2,2895
422355,425237,425252,15,2882
422158,425179,425254,75,3021
422355,425202,425255,53,2847
422355,425203,425256,53,2848
422355,425201,425257,56,2846
422355,425211,425258,47,2856
422355,425209,425257,48,2854
422355,425251,425260,9,2896
422355,425228,425260,32,2873
422355,425236,425261,25,2881
422158,425173,425261,88,3015
422355,425235,425263,28,2880
422355,425251,425263,12,2896
422355,425200,425264,64,2845
422355,425201,425267,66,2846
422355,425211,425268,57,2856
422355,425208,425269,61,2853
422355,425204,425271,67,2849
422355,425236,425272,36,2881
422355,425229,425273,44,2874
422355,425226,425273,47,2871
422355,425252,425280,28,2897
422355,425235,425282,47,2880
422355,425221,425284,63,2866
422355,425251,425284,33,2896
422355,425251,425284,33,2896
422355,425227,425286,59,2872
422355,425251,425285,34,2896
422355,425252,425288,36,2897
422355,425252,425289,37,2897
422355,425252,425304,52,2897
422355,425253,425308,55,2898
422355,425269,425310,41,2914
422355,425254,425310,56,2899
422355,425252,425312,60,2897
422355,425254,425314,60,2899
422355,425253,425315,62,2898
422355,425257,425319,62,2902
422355,425258,425320,62,2903
422355,425253,425322,69,2898
422355,425261,425325,64,2906
422355,425254,425325,71,2899
422355,425263,425328,65,2908
422355,425255,425329,74,2900
422355,425315,425331,16,2960
422355,425272,425332,60,2917
422355,425260,425332,72,2905
422355,425258,425334,76,2903
422355,425260,425334,74,2905
422355,425274,425335,61,2919
422355,425268,425336,68,2913
422355,425263,425336,73,2908
422355,425264,425337,73,2909
422355,425256,425337,81,2901
422355,425314,425339,25,2959
422355,425312,425340,28,2957
422355,425263,425340,77,2908
422355,425320,425341,21,2965
422355,425273,425344,71,2918
422355,425284,425344,60,2929
422355,425287,425346,59,2932
422355,425267,425346,79,2912
422355,425271,425347,76,2916
422355,425280,425350,70,2925
422355,425288,425351,63,2933
422355,425311,425354,43,2956
422355,425284,425355,71,2929
422355,425319,425357,38,2964
422355,425282,425361,79,2927
422355,425289,425362,73,2934
422355,425284,425363,79,2929
422355,425286,425363,77,2931
422355,425308,425376,68,2953
422355,425351,425382,31,2996
422355,425304,425381,77,2949
422355,425340,425385,45,2985
422355,425322,425386,64,2967
422355,425354,425388,34,2999
422355,425310,425389,79,2955
422355,425382,425390,8,3027
422355,425325,425390,65,2970
422355,425328,425394,66,2973
422355,425389,425395,6,3034
422355,425332,425396,64,2977
422355,425331,425396,65,2976
422355,425386,425397,11,3031
422355,425350,425397,47,2995
422355,425388,425398,10,3033
422355,425385,425399,14,3030
422355,425390,425399,9,3035
422355,425329,425400,71,2974
422466,425398,425400,2,2932
422355,425336,425400,64,2981
422466,425399,425401,2,2933
422355,425335,425402,67,2980
422355,425341,425402,61,2986
422466,425399,425401,2,2933
422355,425332,425404,72,2977
422355,425325,425404,79,2970
422355,425344,425405,61,2989
422355,425339,425406,67,2984
422466,425397,425407,10,2931
422466,425404,425407,3,2938
422355,425346,425407,61,2991
422355,425334,425408,74,2979
422355,425382,425408,26,3027
422355,425355,425408,53,3000
422466,425404,425408,4,2938
422355,425337,425409,72,2982
422355,425334,425409,75,2979
422355,425337,425411,74,2982
422355,425344,425412,68,2989
422355,425336,425413,77,2981
422355,425346,425417,71,2991
422355,425357,425418,61,3002
422355,425341,425419,78,2986
422355,425347,425420,73,2992
422466,425402,425423,21,2936
422466,425421,425425,4,2955
422466,425423,425425,2,2957
422466,425419,425426,7,2953
422355,425376,425427,51,3021
422466,425425,425428,3,2959
422466,425426,425428,2,2960
422466,425427,425429,2,2961
422466,425426,425429,3,2960
422466,425428,425430,2,2962
422466,425429,425431,2,2963
422355,425361,425431,70,3006
422466,425428,425430,2,2962
422355,425363,425432,69,3008
422466,425419,425432,13,2953
422355,425362,425433,71,3007
422466,425430,425433,3,2964
422466,425430,425432,2,2964
422466,425431,425432,1,2965
422466,425431,425434,3,2965
422466,425394,425433,39,2928
422466,425432,425434,2,2966
422466,425431,425433,2,2965
422466,425432,425435,3,2966
422466,425433,425435,2,2967
422466,425434,425435,1,2968
422466,425434,425436,2,2968
422466,425434,425436,2,2968
422466,425433,425436,3,2967
422355,425363,425436,73,3008
422466,425433,425435,2,2967
422466,425434,425436,2,2968
422466,425435,425437,2,2969
422466,425436,425437,1,2970
422466,425436,425438,2,2970
422466,425436,425438,2,2970
422466,425435,425438,3,2969
422466,425435,425437,2,2969
422466,425436,425439,3,2970
422466,425436,425441,5,2970
422466,425405,425444,39,2939
422466,425396,425444,48,2930
422466,425417,425445,28,2951
422466,425396,425445,49,2930
422466,425437,425447,10,2971
422466,425397,425447,50,2931
422466,425407,425448,41,2941
422466,425402,425448,46,2936
422466,425448,425449,1,2982
422466,425406,425451,45,2940
422466,425402,425452,50,2936
422466,425395,425452,57,2929
422466,425451,425452,1,2985
422466,425409,425453,44,2943
422466,425438,425452,14,2972
422466,425452,425453,1,2986
422466,425452,425454,2,2986
422466,425408,425454,46,2942
422466,425453,425455,2,2987
422466,425413,425455,42,2947
422466,425453,425454,1,2987
422466,425453,425455,2,2987
422466,425400,425456,56,2934
422466,425451,425456,5,2985
422466,425454,425457,3,2988
422466,425407,425457,50,2941
422466,425401,425458,57,2935
422466,425412,425457,45,2946
422466,425400,425459,59,2934
422466,425407,425460,53,2941
422466,425400,425461,61,2934
422466,425411,425460,49,2945
422466,425461,425462,1,2995
422466,425438,425462,24,2972
422466,425438,425462,24,2972
422466,425437,425462,25,2971
422466,425461,425462,1,2995
422466,425461,425464,3,2995
422466,425459,425464,5,2993
422466,425462,425464,2,2996
422466,425463,425464,1,2997
422466,425408,425467,59,2942
422466,425409,425467,58,2943
422466,425462,425468,6,2996
422466,425409,425469,60,2943
422466,425439,425468,29,2973
422466,425455,425469,14,2989
422466,425467,425469,2,3001
422466,425408,425469,61,2942
422466,425469,425471,2,3003
422466,425469,425471,2,3003
422466,425468,425470,2,3002
422466,425469,425471,2,3003
422466,425469,425472,3,3003
422466,425438,425472,34,2972
422466,425471,425473,2,3005
422466,425471,425473,2,3005
422466,425472,425474,2,3006
422466,425445,425473,28,2979
422466,425437,425474,37,2971
422466,425472,425475,3,3006
422466,425438,425478,40,2972
422466,425471,425479,8,3005
422466,425467,425480,13,3001
422466,425479,425481,2,3013
422466,425480,425482,2,3014
422466,425465,425487,22,2999
422466,425487,425490,3,3021
422466,425490,425491,1,3024
422466,425441,425494,53,2975
422466,425469,425502,33,3003
422466,425502,425506,4,3036
422466,425444,425506,62,2978
422466,425492,425507,15,3026
422466,425506,425508,2,3040
422466,425445,425508,63,2979
422466,425507,425509,2,3041
422466,425445,425509,64,2979
422466,425506,425510,4,3040
422466,425508,425510,2,3042
422466,425455,425512,57,2989
422466,425464,425512,48,2998
422466,425474,425515,41,3008
422466,425474,425517,43,3008
422466,425455,425517,62,2989
422466,425455,425517,62,2989
422466,425456,425517,61,2990
422466,425512,425520,8,3046
422466,425481,425521,40,3015
422466,425458,425521,63,2992
422466,425448,425521,73,2982
422466,425464,425523,59,2998
422466,425515,425524,9,3049
422466,425456,425524,68,2990
422466,425512,425524,12,3046
422466,425447,425524,77,2981
422466,425462,425525,63,2996
422466,425462,425525,63,2996
422466,425517,425527,10,3051
422466,425447,425527,80,2981
422466,425454,425527,73,2988
422466,425457,425529,72,2991
422466,425510,425529,19,3044
422466,425464,425530,66,2998
422466,425457,425532,75,2991
422466,425478,425533,55,3012
422466,425456,425534,78,2990
422466,425509,425535,26,3043
422466,425472,425537,65,3006
422466,425458,425538,80,2992
422466,425476,425539,63,3010
422466,425474,425545,71,3008
422466,425510,425546,36,3044
422466,425474,425552,78,3008
422466,425473,425553,80,3007
422466,425510,425561,51,3044
422466,425482,425562,80,3016
422760,425517,425563,46,2757
422760,425521,425569,48,2761
422466,425494,425571,77,3028
422760,425521,425572,51,2761
422760,425524,425572,48,2764
422760,425524,425573,49,2764
422760,425573,425574,1,2813
422760,425518,425574,56,2758
422466,425508,425575,67,3042
422760,425573,425575,2,2813
422760,425572,425575,3,2812
422760,425525,425575,50,2765
422760,425574,425576,2,2814
422760,425574,425576,2,2814
422760,425527,425577,50,2767
422760,425575,425577,2,2815
422760,425575,425577,2,2815
422760,425575,425577,2,2815
422760,425575,425577,2,2815
422760,425527,425578,51,2767
422760,425576,425578,2,2816
422760,425523,425578,55,2763
422760,425576,425578,2,2816
422760,425577,425579,2,2817
422760,425577,425579,2,2817
422760,425521,425578,57,2761
422760,425520,425579,59,2760
422760,425577,425579,2,2817
422760,425530,425579,49,2770
422760,425577,425578,1,2817
422760,425578,425580,2,2818
422760,425578,425580,2,2818
422760,425578,425580,2,2818
422760,425578,425580,2,2818
422760,425578,425580,2,2818
422760,425580,425581,1,2820
422760,425579,425580,1,2819
422760,425579,425582,3,2819
422760,425579,425582,3,2819
422760,425571,425582,11,2811
422760,425579,425581,2,2819
422760,425579,425581,2,2819
422760,425580,425581,1,2820
422760,425579,425582,3,2819
422760,425580,425583,3,2820
422760,425525,425582,57,2765
422760,425580,425582,2,2820
422760,425524,425583,59,2764
422760,425580,425584,4,2820
422760,425529,425585,56,2769
422760,425581,425586,5,2821
422760,425537,425586,49,2777
422760,425581,425586,5,2821
422760,425534,425588,54,2774
422760,425533,425589,56,2773
422760,425535,425589,54,2775
422760,425524,425590,66,2764
422760,425529,425590,61,2769
422760,425538,425591,53,2778
422760,425563,425591,28,2803
422760,425527,425591,64,2767
422760,425539,425594,55,2779
422760,425582,425596,14,2822
422760,425546,425597,51,2786
422760,425569,425598,29,2809
422760,425532,425600,68,2772
422760,425545,425604,59,2785
422760,425561,425605,44,2801
422760,425562,425608,46,2802
422760,425582,425610,28,2822
422760,425583,425612,29,2823
422760,425552,425611,59,2792
422760,425553,425615,62,2793
422760,425582,425620,38,2822
422760,425583,425630,47,2823
422760,425582,425630,48,2822
422760,425583,425636,53,2823
422760,425583,425636,53,2823
422760,425583,425639,56,2823
422760,425589,425644,55,2829
422760,425587,425647,60,2827
422760,425583,425648,65,2823
422760,425586,425648,62,2826
422760,425588,425650,62,2828
422760,425584,425652,68,2824
422760,425591,425652,61,2831
422760,425590,425652,62,2830
422760,425583,425653,70,2823
422760,425586,425653,67,2826
422760,425586,425654,68,2826
422760,425590,425655,65,2830
422760,425583,425654,71,2823
422760,425597,425657,60,2837
422760,425596,425657,61,2836
422760,425589,425659,70,2829
422760,425591,425659,68,2831
422760,425598,425664,66,2838
422760,425605,425664,59,2845
422760,425652,425666,14,2892
422760,425594,425668,74,2834
422760,425591,425668,77,2831
422760,425600,425668,68,2840
422760,425650,425673,23,2890
422760,425612,425676,64,2852
422760,425608,425679,71,2848
422760,425604,425680,76,2844
422760,425649,425681,32,2889
422760,425610,425682,72,2850
422760,425652,425683,31,2892
422760,425615,425686,71,2855
422760,425620,425688,68,2860
422760,425612,425689,77,2852
422760,425636,425695,59,2876
422760,425644,425696,52,2884
422760,425630,425696,66,2870
422760,425648,425699,51,2888
422760,425630,425699,69,2870
422760,425639,425702,63,2879
422760,425652,425703,51,2892
422760,425653,425706,53,2893
422760,425648,425710,62,2888
422760,425636,425713,77,2876
422760,425657,425717,60,2897
422760,425679,425719,40,2919
422760,425664,425721,57,2904
422760,425657,425722,65,2897
422760,425659,425722,63,2899
422760,425664,425722,58,2904
422760,425654,425721,67,2894
422760,425655,425721,66,2895
422760,425655,425724,69,2895
422760,425713,425726,13,2953
422760,425711,425726,15,2951
422760,425654,425726,72,2894
422760,425721,425727,6,2961
422760,425722,425727,5,2962
422760,425676,425728,52,2916
422760,425720,425729,9,2960
422760,425668,425729,61,2908
422760,425718,425730,12,2958
422760,425722,425732,10,2962
422760,425722,425733,11,2962
422760,425668,425735,67,2908
422760,425681,425737,56,2921
422760,425666,425737,71,2906
422760,425668,425737,69,2908
422760,425673,425738,65,2913
422760,425659,425740,81,2899
422760,425683,425740,57,2923
422760,425688,425746,58,2928
422760,425702,425746,44,2942
422760,425682,425748,66,2922
422760,425706,425749,43,2946
422760,425680,425751,71,2920
422760,425689,425751,62,2929
422760,425696,425755,59,2936
422760,425695,425755,60,2935
422760,425699,425757,58,2939
422760,425686,425758,72,2926
422760,425696,425762,66,2936
422760,425699,425762,63,2939
422760,425703,425764,61,2943
422960,425732,425765,33,2772
422960,425738,425769,31,2778
422960,425727,425771,44,2767
422960,425726,425771,45,2766
422960,425772,425774,2,2812
422960,425771,425774,3,2811
422960,425726,425775,49,2766
422960,425775,425776,1,2815
422960,425774,425775,1,2814
422960,425728,425777,49,2768
422960,425775,425777,2,2815
422960,425776,425778,2,2816
422960,425769,425778,9,2809
422960,425777,425778,1,2817
422960,425730,425778,48,2770
422960,425777,425779,2,2817
422960,425724,425779,55,2764
422960,425777,425780,3,2817
422960,425778,425780,2,2818
422960,425765,425780,15,2805
422960,425727,425780,53,2767
422960,425779,425780,1,2819
422960,425779,425781,2,2819
422960,425727,425781,54,2767
422960,425778,425780,2,2818
422960,425723,425781,58,2763
422960,425780,425782,2,2820
422960,425778,425781,3,2818
422960,425780,425782,2,2820
422960,425779,425782,3,2819
422960,425780,425781,1,2820
422960,425781,425783,2,2821
422960,425781,425783,2,2821
422960,425780,425782,2,2820
422960,425781,425783,2,2821
422960,425782,425784,2,2822
422960,425781,425783,2,2821
422960,425781,425784,3,2821
422960,425782,425785,3,2822
422960,425729,425785,56,2769
422960,425782,425785,3,2822
422960,425783,425785,2,2823
422960,425783,425786,3,2823
422960,425783,425785,2,2823
422960,425782,425786,4,2822
422960,425783,425788,5,2823
422960,425729,425789,60,2769
422960,425737,425791,54,2777
422960,425733,425792,59,2773
422960,425740,425792,52,2780
422960,425735,425792,57,2775
422960,425738,425794,56,2778
422960,425764,425794,30,2804
422960,425746,425794,48,2786
422960,425757,425795,38,2797
422960,425740,425796,56,2780
422960,425763,425798,35,2803
422960,425738,425797,59,2778
422960,425784,425799,15,2824
421977,424993,425802,809,3016
422960,425751,425803,52,2791
422960,425749,425804,55,2789
422960,425746,425804,58,2786
422960,425748,425805,57,2788
422960,425755,425806,51,2795
421503,424499,425809,1310,2996
422960,425751,425809,58,2791
422960,425756,425810,54,2796
422960,425784,425811,27,2824
422960,425786,425812,26,2826
422960,425758,425812,54,2798
422960,425784,425813,29,2824
422960,425762,425816,54,2802
422960,425784,425817,33,2824
422960,425785,425824,39,2825
422960,425785,425840,55,2825
422960,425786,425845,59,2826
422960,425785,425845,60,2825
422960,425788,425845,57,2828
422960,425785,425845,60,2825
422960,425795,425846,51,2835
422960,425792,425849,57,2832
422960,425796,425850,54,2836
422960,425791,425851,60,2831
422960,425786,425853,67,2826
422960,425794,425853,59,2834
422960,425799,425854,55,2839
422960,425792,425858,66,2832
422960,425794,425859,65,2834
422960,425803,425860,57,2843
422960,425851,425860,9,2891
422960,425806,425862,56,2846
422960,425794,425861,67,2834
422960,425789,425863,74,2829
422960,425794,425865,71,2834
421789,424779,425867,1088,2990
422960,425798,425867,69,2838
422960,425810,425869,59,2850
422960,425798,425869,71,2838
422960,425803,425870,67,2843
422960,425811,425870,59,2851
422960,425804,425871,67,2844
422960,425804,425873,69,2844
422960,425812,425874,62,2852
422960,425805,425874,69,2845
422960,425814,425875,61,2854
422960,425847,425877,30,2887
422960,425809,425880,71,2849
422960,425859,425880,21,2899
422960,425809,425882,73,2849
422960,425824,425881,57,2864
422960,425812,425882,70,2852
422960,425818,425885,67,2858
422960,425816,425887,71,2856
422960,425851,425887,36,2891
422960,425853,425895,42,2893
422960,425854,425895,41,2894
422960,425870,425900,30,2910
422960,425853,425903,50,2893
422960,425871,425905,34,2911
422960,425845,425906,61,2885
422960,425849,425906,57,2889
422960,425845,425906,61,2885
422960,425840,425908,68,2880
422960,425858,425908,50,2898
422960,425860,425915,55,2900
422960,425860,425916,56,2900
422960,425906,425915,9,2946
422960,425907,425915,8,2947
422960,425908,425916,8,2948
422960,425845,425917,72,2885
422960,425908,425919,11,2948
422960,425916,425924,8,2956
422960,425845,425924,79,2885
422960,425862,425925,63,2902
422960,425915,425927,12,2955
422960,425878,425929,51,2918
422960,425869,425930,61,2909
422960,425865,425930,65,2905
422960,425906,425929,23,2946
422960,425867,425932,65,2907
422960,425874,425931,57,2914
422960,425863,425933,70,2903
422960,425869,425933,64,2909
422960,425863,425934,71,2903
422960,425876,425934,58,2916
422960,425868,425936,68,2908
422960,425870,425938,68,2910
422960,425895,425939,44,2935
422960,425874,425940,66,2914
422960,425873,425940,67,2913
422960,425888,425943,55,2928
422960,425905,425943,38,2945
422960,425882,425947,65,2922
422960,425882,425948,66,2922
422960,425883,425949,66,2923
422960,425887,425950,63,2927
422960,425885,425951,66,2925
422960,425880,425950,70,2920
422960,425903,425951,48,2943
422960,425880,425952,72,2920
422960,425900,425954,54,2940
423058,425916,425964,48,2858
422960,425895,425964,69,2935
423058,425916,425965,49,2858
423058,425965,425970,5,2907
423058,425970,425973,3,2912
423058,425954,425973,19,2896
423058,425924,425974,50,2866
423058,425973,425975,2,2915
423058,425927,425975,48,2869
423058,425973,425975,2,2915
423058,425964,425975,11,2906
423058,425930,425976,46,2872
423058,425975,425977,2,2917
423058,425974,425976,2,2916
423058,425975,425977,2,2917
423058,425917,425977,60,2859
423058,425975,425978,3,2917
423058,425919,425977,58,2861
423058,425975,425978,3,2917
423058,425976,425978,2,2918
423058,425977,425978,1,2919
423058,425977,425979,2,2919
423058,425924,425978,54,2866
423058,425929,425978,49,2871
423058,425977,425978,1,2919
423058,425977,425978,1,2919
423058,425978,425980,2,2920
423058,425978,425980,2,2920
423058,425978,425980,2,2920
423058,425978,425980,2,2920
423058,425979,425981,2,2921
423058,425979,425981,2,2921
423058,425926,425980,54,2868
423058,425980,425981,1,2922
423058,425980,425981,1,2922
423058,425930,425982,52,2872
423058,425979,425982,3,2921
423058,425979,425982,3,2921
423058,425980,425982,2,2922
423058,425932,425983,51,2874
423058,425980,425983,3,2922
423058,425980,425983,3,2922
423058,425981,425983,2,2923
423058,425932,425982,50,2874
423058,425981,425984,3,2923
423058,425980,425983,3,2922
423058,425964,425984,20,2906
423058,425981,425983,2,2923
423058,425982,425985,3,2924
423058,425939,425987,48,2881
423058,425934,425987,53,2876
423058,425930,425989,59,2872
423058,425933,425990,57,2875
423058,425933,425991,58,2875
423058,425982,425993,11,2924
423058,425940,425993,53,2882
423058,425943,425995,52,2885
423058,425940,425996,56,2882
423058,425936,425997,61,2878
423058,425938,425997,59,2880
423058,425951,425998,47,2893
423058,425934,426000,66,2876
423058,425950,426001,51,2892
423058,425951,426002,51,2893
423058,425952,426002,50,2894
423058,425943,426002,59,2885
423058,425947,426004,57,2889
423058,425951,426005,54,2893
423058,425982,426007,25,2924
423058,425982,426008,26,2924
423058,425949,426010,61,2891
423058,425948,426015,67,2890
422159,425194,426019,825,3035
423058,425983,426035,52,2925
423058,425982,426035,53,2924
423058,425987,426035,48,2929
423058,425983,426036,53,2925
423058,425984,426038,54,2926
423058,425983,426038,55,2925
423058,425984,426039,55,2926
423058,425983,426039,56,2925
423058,425982,426039,57,2924
423058,425985,426042,57,2927
423058,425987,426042,55,2929
423058,425993,426042,49,2935
423058,425985,426042,57,2927
423058,425984,426044,60,2926
423058,425984,426044,60,2926
423058,426042,426048,6,2984
423058,425990,426048,58,2932
423058,426039,426049,10,2981
423058,426042,426052,10,2984
423058,425998,426053,55,2940
423058,426042,426053,11,2984
423058,426039,426053,14,2981
423058,425989,426054,65,2931
423058,425991,426057,66,2933
423058,426039,426058,19,2981
423058,425995,426059,64,2937
423058,426036,426061,25,2978
423058,425993,426062,69,2935
423058,425996,426063,67,2938
423058,425997,426063,66,2939
423058,425997,426066,69,2939
423058,426043,426066,23,2985
423058,426001,426066,65,2943
423058,426007,426067,60,2949
423058,426000,426068,68,2942
423058,426002,426069,67,2944
423058,426048,426069,21,2990
423058,426049,426069,20,2991
423058,426002,426070,68,2944
423058,426008,426071,63,2950
423058,426004,426073,69,2946
423058,426005,426074,69,2947
423058,426044,426076,32,2986
423058,426044,426077,33,2986
423058,426019,426081,62,2961
423058,426004,426081,77,2946
423058,426010,426082,72,2952
423058,426015,426085,70,2957
423058,426035,426093,58,2977
423058,426048,426095,47,2990
423058,426038,426095,57,2980
423058,426082,426095,13,3024
423058,426036,426095,59,2978
423058,426039,426098,59,2981
423058,426085,426098,13,3027
423058,426035,426101,66,2977
423058,426093,426103,10,3035
423058,426052,426105,53,2994
423058,426097,426106,9,3039
423058,426053,426107,54,2995
423058,426053,426107,54,2995
423058,426095,426108,13,3037
423058,426096,426108,12,3038
423058,426095,426111,16,3037
423058,426054,426115,61,2996
423058,426053,426117,64,2995
423058,426057,426120,63,2999
423058,426059,426122,63,3001
423058,426069,426122,53,3011
423058,426082,426122,40,3024
423058,426067,426122,55,3009
423058,426069,426122,53,3011
423058,426081,426124,43,3023
423058,426071,426123,52,3013
423058,426066,426125,59,3008
423058,426061,426126,65,3003
423058,426063,426127,64,3005
423058,426059,426127,68,3001
423058,426063,426128,65,3005
423058,426066,426129,63,3008
423058,426070,426131,61,3012
423058,426069,426131,62,3011
423058,426062,426130,68,3004
423058,426076,426133,57,3018
423058,426066,426132,66,3008
423058,426073,426137,64,3015
423058,426074,426139,65,3016
423058,426068,426141,73,3010
423058,426077,426141,64,3019
423363,426098,426150,52,2735
423363,426107,426152,45,2744
423363,426108,426155,47,2745
423363,426105,426156,51,2742
423363,426103,426157,54,2740
423363,426106,426158,52,2743
423363,426156,426159,3,2793
423363,426157,426159,2,2794
423363,426108,426160,52,2745
423363,426101,426160,59,2738
423363,426159,426161,2,2796
423363,426159,426161,2,2796
423363,426158,426160,2,2795
423363,426160,426161,1,2797
423363,426161,426163,2,2798
423363,426161,426163,2,2798
423363,426161,426163,2,2798
423363,426160,426162,2,2797
423363,426163,426165,2,2800
423363,426108,426165,57,2745
423363,426162,426164,2,2799
423363,426163,426165,2,2800
423363,426163,426165,2,2800
423363,426164,426166,2,2801
423363,426165,426167,2,2802
423363,426155,426166,11,2792
423363,426165,426168,3,2802
423363,426165,426169,4,2802
423363,426166,426169,3,2803
423363,426165,426168,3,2802
423363,426166,426170,4,2803
423363,426167,426170,3,2804
423363,426167,426171,4,2804
423363,426111,426171,60,2748
423363,426122,426172,50,2759
423363,426168,426172,4,2805
423363,426117,426171,54,2754
423363,426120,426173,53,2757
423363,426125,426174,49,2762
423363,426150,426175,25,2787
423363,426169,426176,7,2806
423363,426122,426176,54,2759
423363,426124,426176,52,2761
423363,426169,426177,8,2806
423363,426129,426179,50,2766
423363,426152,426179,27,2789
423363,426122,426179,57,2759
423363,426115,426181,66,2752
423363,426124,426181,57,2761
423363,426143,426181,38,2780
423363,426169,426183,14,2806
423363,426133,426185,52,2770
423363,426128,426185,57,2765
423363,426126,426186,60,2763
423363,426176,426185,9,2813
423363,426131,426186,55,2768
423363,426127,426189,62,2764
423363,426174,426191,17,2811
423363,426131,426190,59,2768
423363,426127,426193,66,2764
423363,426123,426193,70,2760
423363,426133,426193,60,2770
423363,426170,426196,26,2807
423363,426137,426198,61,2774
423363,426131,426199,68,2768
423363,426170,426200,30,2807
422356,425390,426201,811,3034
423363,426139,426205,66,2776
423363,426171,426207,36,2808
423363,426173,426217,44,2810
423363,426172,426219,47,2809
423363,426186,426221,35,2823
423363,426172,426221,49,2809
423363,426171,426223,52,2808
423363,426175,426229,54,2812
423363,426176,426232,56,2813
423363,426178,426233,55,2815
423363,426179,426234,55,2816
423363,426173,426236,63,2810
423363,426181,426236,55,2818
423363,426177,426237,60,2814
423363,426237,426240,3,2874
423363,426236,426240,4,2873
423363,426183,426241,58,2820
423363,426236,426242,6,2873
423363,426240,426242,2,2877
423363,426240,426243,3,2877
423363,426189,426243,54,2826
423363,426241,426245,4,2878
423363,426185,426245,60,2822
423363,426234,426246,12,2871
423363,426191,426246,55,2828
423363,426242,426247,5,2879
423363,426182,426248,66,2819
423363,426181,426248,67,2818
423363,426242,426249,7,2879
423363,426186,426249,63,2823
423363,426179,426249,70,2816
423363,426179,426251,72,2816
423363,426193,426252,59,2830
423363,426207,426252,45,2844
423363,426185,426253,68,2822
423363,426186,426253,67,2823
423363,426196,426254,58,2833
423363,426192,426257,65,2829
423363,426193,426259,66,2830
423363,426201,426260,59,2838
423363,426243,426262,19,2880
423363,426193,426264,71,2830
423363,426199,426265,66,2836
423363,426198,426266,68,2835
423363,426233,426269,36,2870
423363,426200,426271,71,2837
423363,426122,426274,152,2759
423363,426205,426275,70,2842
423363,426141,426274,133,2778
423363,426252,426279,27,2889
423363,426217,426281,64,2854
423363,426219,426282,63,2856
423363,426222,426285,63,2859
423363,426251,426285,34,2888
423363,426232,426286,54,2869
423363,426282,426291,9,2919
423363,426285,426291,6,2922
423363,426286,426292,6,2923
423363,426285,426293,8,2922
423363,426243,426294,51,2880
423363,426223,426294,71,2860
423363,426221,426295,74,2858
423363,426291,426296,5,2928
423363,426281,426297,16,2918
423363,426291,426298,7,2928
423363,426245,426300,55,2882
423363,426229,426301,72,2866
423363,426292,426301,9,2929
423363,426249,426304,55,2886
423363,426246,426304,58,2883
423363,426246,426305,59,2883
423363,426254,426305,51,2891
423363,426247,426308,61,2884
423363,426252,426309,57,2889
423363,426260,426314,54,2897
423363,426249,426315,66,2886
423363,426248,426315,67,2885
423363,426249,426316,67,2886
423363,426262,426317,55,2899
423363,426248,426317,69,2885
423363,426253,426316,63,2890
423363,426254,426318,64,2891
423363,426257,426319,62,2894
423363,426247,426320,73,2884
423363,426259,426320,61,2896
423363,426269,426324,55,2906
423363,426279,426326,47,2916
423363,426267,426326,59,2904
423363,426265,426331,66,2902
423367,426294,426335,41,2927
423363,426264,426335,71,2901
423367,426296,426338,42,2929
423363,426271,426338,67,2908
423367,426306,426343,37,2939
423367,426301,426344,43,2934
423363,426275,426346,71,2912
423367,426308,426348,40,2941
423367,426346,426349,3,2979
423367,426301,426348,47,2934
423367,426344,426350,6,2977
423367,426314,426350,36,2947
423367,426348,426350,2,2981
423363,426274,426351,77,2911
423367,426294,426351,57,2927
423367,426349,426351,2,2982
423367,426350,426352,2,2983
423367,426306,426351,45,2939
423367,426350,426351,1,2983
423367,426350,426352,2,2983
423367,426350,426351,1,2983
423367,426300,426353,53,2933
423367,426304,426353,49,2937
423363,426275,426352,77,2912
423367,426351,426353,2,2984
423367,426295,426353,58,2928
423367,426351,426354,3,2984
423367,426351,426353,2,2984
423367,426352,426354,2,2985
423367,426352,426355,3,2985
423367,426353,426355,2,2986
423367,426309,426355,46,2942
423367,426352,426354,2,2985
423367,426353,426354,1,2986
423367,426352,426354,2,2985
423367,426353,426354,1,2986
423367,426353,426356,3,2986
423367,426353,426356,3,2986
423367,426354,426356,2,2987
423367,426354,426356,2,2987
423367,426353,426355,2,2986
423367,426304,426357,53,2937
423367,426355,426357,2,2988
423367,426354,426357,3,2987
423367,426355,426357,2,2988
423367,426355,426357,2,2988
423367,426355,426356,1,2988
423367,426355,426357,2,2988
423367,426355,426357,2,2988
423367,426343,426357,14,2976
423367,426355,426357,2,2988
423367,426298,426359,61,2931
423367,426297,426359,62,2930
423367,426356,426360,4,2989
423367,426317,426362,45,2950
423367,426356,426365,9,2989
423367,426315,426365,50,2948
422467,425517,426368,851,3050
423367,426338,426368,30,2971
423367,426324,426369,45,2957
423367,426317,426372,55,2950
423367,426321,426372,51,2954
423367,426316,426373,57,2949
423367,426318,426374,56,2951
423367,426319,426375,56,2952
423367,426356,426375,19,2989
423367,426326,426375,49,2959
423367,426315,426376,61,2948
423367,426357,426375,18,2990
423367,426320,426377,57,2953
423367,426338,426377,39,2971
423367,426317,426378,61,2950
423367,426358,426379,21,2991
423367,426326,426380,54,2959
423367,426335,426381,46,2968
423367,426331,426382,51,2964
423367,426356,426387,31,2989
423367,426335,426390,55,2968
423367,426356,426396,40,2989
423367,426358,426399,41,2991
423367,426376,426400,24,3009
423367,426357,426400,43,2990
423367,426358,426400,42,2991
423367,426363,426406,43,2996
423367,426358,426407,49,2991
423367,426358,426408,50,2991
423367,426358,426411,53,2991
423367,426406,426414,8,3039
423367,426357,426416,59,2990
423367,426376,426417,41,3009
423367,426365,426419,54,2998
423367,426361,426419,58,2994
423367,426357,426420,63,2990
423367,426368,426421,53,3001
423367,426409,426421,12,3042
423367,426369,426422,53,3002
423367,426368,426424,56,3001
423367,426360,426424,64,2993
423367,426359,426424,65,2992
423367,426414,426426,12,3047
423367,426377,426425,48,3010
423367,426411,426428,17,3044
423367,426376,426429,53,3009
423367,426375,426429,54,3008
423367,426365,426431,66,2998
423367,426379,426431,52,3012
423367,426407,426431,24,3040
423367,426372,426435,63,3005
423367,426372,426436,64,3005
423367,426375,426437,62,3008
423367,426374,426440,66,3007
423367,426377,426440,63,3010
423367,426374,426442,68,3007
423367,426378,426443,65,3011
423367,426416,426446,30,3049
423367,426381,426446,65,3014
423367,426382,426449,67,3015
423367,426381,426451,70,3014
423367,426417,426451,34,3050
423367,426387,426455,68,3020
423367,426399,426457,58,3032
423367,426401,426457,56,3034
423367,426390,426460,70,3023
423367,426400,426463,63,3033
423367,426400,426469,69,3033
423367,426396,426469,73,3029
423367,426419,426472,53,3052
423367,426422,426474,52,3055
423367,426421,426475,54,3054
423367,426422,426476,54,3055
423367,426426,426476,50,3059
423367,426424,426477,53,3057
423367,426419,426477,58,3052
423367,426424,426478,54,3057
423367,426469,426480,11,3102
423367,426472,426480,8,3105
423367,426430,426481,51,3063
423367,426474,426481,7,3107
423367,426428,426481,53,3061
423367,426469,426482,13,3102
423367,426432,426483,51,3065
423367,426431,426483,52,3064
423367,426463,426483,20,3096
423367,426475,426485,10,3108
423736,426477,426486,9,2741
423367,426476,426487,11,3109
423367,426429,426487,58,3062
423367,426424,426488,64,3057
423367,426420,426489,69,3053
423367,426431,426489,58,3064
423367,426426,426490,64,3059
423367,426460,426492,32,3093
423367,426435,426496,61,3068
423736,426485,426499,14,2749
423736,426477,426500,23,2741
423367,426440,426501,61,3073
423367,426436,426502,66,3069
423367,426457,426505,48,3090
423367,426451,426505,54,3084
423736,426478,426505,27,2742
423367,426440,426505,65,3073
423367,426443,426506,63,3076
423367,426442,426506,64,3075
423367,426437,426506,69,3070
423367,426451,426508,57,3084
423736,426484,426508,24,2748
423736,426481,426512,31,2745
423367,426457,426513,56,3090
423367,426446,426517,71,3079
423367,426449,426517,68,3082
423367,426446,426519,73,3079
423367,426455,426519,64,3088
423736,426482,426521,39,2746
423736,426480,426521,41,2744
423736,426519,426523,4,2783
423736,426483,426522,39,2747
423736,426482,426524,42,2746
423736,426521,426524,3,2785
423736,426521,426524,3,2785
423736,426524,426526,2,2788
423736,426519,426525,6,2783
423736,426523,426526,3,2787
423736,426518,426527,9,2782
423736,426525,426528,3,2789
423736,426524,426528,4,2788
423736,426481,426528,47,2745
423736,426480,426529,49,2744
423736,426525,426528,3,2789
423736,426488,426529,41,2752
423736,426526,426528,2,2790
423736,426527,426530,3,2791
423736,426528,426530,2,2792
423736,426527,426530,3,2791
423736,426526,426531,5,2790
423736,426528,426531,3,2792
423736,426489,426531,42,2753
423736,426483,426532,49,2747
423736,426529,426532,3,2793
423736,426529,426532,3,2793
423736,426528,426532,4,2792
423736,426529,426533,4,2793
423736,426529,426532,3,2793
423736,426517,426534,17,2781
423736,426487,426534,47,2751
423736,426530,426535,5,2794
423736,426530,426535,5,2794
423736,426489,426537,48,2753
423736,426531,426539,8,2795
423736,426513,426540,27,2777
423736,426488,426540,52,2752
423736,426531,426544,13,2795
423736,426486,426548,62,2750
423736,426500,426549,49,2764
423736,426512,426550,38,2776
423736,426531,426551,20,2795
423736,426491,426550,59,2755
423736,426501,426553,52,2765
423736,426508,426555,47,2772
423736,426499,426556,57,2763
423736,426492,426561,69,2756
423736,426505,426561,56,2769
423736,426505,426564,59,2769
423736,426532,426564,32,2796
423736,426496,426567,71,2760
423736,426531,426568,37,2795
423736,426505,426570,65,2769
423736,426502,426571,69,2766
423736,426505,426570,65,2769
423736,426508,426572,64,2772
423736,426506,426578,72,2770
423736,426507,426581,74,2771
423736,426506,426581,75,2770
423736,426540,426590,50,2804
423736,426532,426593,61,2796
423736,426533,426593,60,2797
423736,426532,426597,65,2796
423736,426533,426600,67,2797
423736,426535,426601,66,2799
423736,426540,426602,62,2804
423736,426535,426608,73,2799
423736,426533,426609,76,2797
423736,426544,426611,67,2808
423736,426534,426612,78,2798
423736,426537,426615,78,2801
423736,426535,426616,81,2799
423736,426550,426625,75,2814
423736,426555,426626,71,2819
423736,426556,426627,71,2820
423736,426539,426629,90,2803
423736,426548,426629,81,2812
423736,426564,426631,67,2828
423736,426570,426631,61,2834
423736,426549,426633,84,2813
423736,426562,426635,73,2826
423736,426551,426635,84,2815
423736,426553,426636,83,2817
423736,426551,426640,89,2815
423736,426572,426642,70,2836
423736,426561,426642,81,2825
423736,426564,426643,79,2828
423736,426568,426644,76,2832
423736,426567,426646,79,2831
423736,426571,426654,83,2835
423736,426578,426658,80,2842
423736,426572,426658,86,2836
423736,426594,426661,67,2858
423736,426590,426661,71,2854
423736,426600,426662,62,2864
423736,426582,426666,84,2846
423736,426601,426670,69,2865
423736,426581,426671,90,2845
423736,426608,426677,69,2872
423736,426597,426681,84,2861
423736,426611,426682,71,2875
423736,426593,426683,90,2857
423736,426602,426683,81,2866
423736,426626,426691,65,2890
423736,426625,426693,68,2889
423736,426609,426696,87,2873
423736,426616,426696,80,2880
423736,426627,426698,71,2891
423736,426643,426699,56,2907
423736,426615,426700,85,2879
423736,426612,426703,91,2876
423736,426631,426705,74,2895
423736,426632,426714,82,2896
423736,426642,426714,72,2906
423736,426635,426714,79,2899
423736,426629,426719,90,2893
423736,426635,426720,85,2899
423736,426630,426722,92,2894
423736,426633,426727,94,2897
423736,426636,426728,92,2900
423736,426662,426728,66,2926
423736,426661,426729,68,2925
423736,426661,426730,69,2925
422960,425916,426734,818,2956
423736,426654,426736,82,2918
423736,426642,426736,94,2906
423736,426670,426736,66,2934
423736,426646,426737,91,2910
423736,426644,426736,92,2908
423736,426640,426740,100,2904
423736,426658,426744,86,2922
423736,426658,426745,87,2922
423930,426728,426747,19,2798
423736,426666,426748,82,2930
423930,426728,426749,21,2798
423736,426677,426750,73,2941
423736,426682,426751,69,2946
423736,426722,426756,34,2986
423930,426729,426757,28,2799
423736,426691,426759,68,2955
423736,426693,426760,67,2957
423736,426681,426762,81,2945
423930,426734,426765,31,2804
423736,426683,426765,82,2947
423736,426671,426766,95,2935
423736,426698,426767,69,2962
423930,426730,426768,38,2800
423736,426720,426768,48,2984
423930,426740,426770,30,2810
423736,426684,426771,87,2948
423930,426745,426772,27,2815
423736,426705,426772,67,2969
423930,426736,426773,37,2806
423930,426736,426773,37,2806
423736,426715,426778,63,2979
423736,426699,426779,80,2963
423736,426715,426779,64,2979
423736,426715,426779,64,2979
423736,426701,426780,79,2965
423736,426696,426779,83,2960
423736,426696,426781,85,2960
423930,426737,426784,47,2807
423930,426737,426784,47,2807
423930,426749,426785,36,2819
423736,426703,426786,83,2967
423930,426737,426789,52,2807
423930,426745,426794,49,2815
423930,426750,426794,44,2820
423930,426751,426795,44,2821
423930,426748,426796,48,2818
423736,426719,426802,83,2983
423930,426747,426804,57,2817
423930,426781,426808,27,2851
423930,426786,426809,23,2856
423930,426789,426809,20,2859
423930,426758,426812,54,2828
423930,426785,426812,27,2855
423930,426784,426816,32,2854
423930,426759,426816,57,2829
423930,426780,426817,37,2850
423930,426760,426816,56,2830
423930,426795,426818,23,2865
423930,426785,426817,32,2855
423930,426795,426818,23,2865
423930,426756,426819,63,2826
423930,426767,426820,53,2837
423930,426779,426822,43,2849
423930,426796,426824,28,2866
423930,426780,426825,45,2850
423930,426771,426826,55,2841
423930,426779,426827,48,2849
423930,426768,426827,59,2838
423930,426794,426827,33,2864
423930,426780,426828,48,2850
423930,426762,426830,68,2832
423930,426765,426831,66,2835
423930,426804,426833,29,2874
423930,426766,426834,68,2836
423930,426765,426838,73,2835
423930,426772,426838,66,2842
423930,426809,426839,30,2879
423930,426778,426838,60,2848
423930,426802,426841,39,2872
423930,426773,426841,68,2843
423930,426772,426841,69,2842
423930,426810,426842,32,2880
423930,426773,426844,71,2843
423930,426812,426847,35,2882
423930,426768,426847,79,2838
423930,426810,426850,40,2880
423930,426770,426854,84,2840
423930,426812,426857,45,2882
423930,426816,426859,43,2886
423930,426818,426864,46,2888
423930,426818,426870,52,2888
423930,426817,426870,53,2887
423930,426820,426873,53,2890
423930,426816,426876,60,2886
423930,426818,426878,60,2888
423930,426818,426888,70,2888
423930,426824,426891,67,2894
423930,426822,426890,68,2892
423930,426819,426897,78,2889
423930,426828,426897,69,2898
423930,426833,426900,67,2903
423930,426831,426901,70,2901
423930,426827,426902,75,2897
423930,426834,426904,70,2904
423930,426826,426909,83,2896
423930,426827,426911,84,2897
423930,426838,426911,73,2908
423930,426839,426911,72,2909
423930,426827,426912,85,2897
423930,426825,426911,86,2895
423930,426842,426916,74,2912
423930,426847,426918,71,2917
423930,426838,426918,80,2908
423930,426830,426920,90,2900
423930,426841,426924,83,2911
423930,426859,426927,68,2929
423930,426841,426930,89,2911
423930,426839,426931,92,2909
423930,426841,426932,91,2911
423930,426845,426933,88,2915
423930,426864,426934,70,2934
423930,426857,426937,80,2927
423930,426850,426938,88,2920
423930,426847,426939,92,2917
423930,426870,426940,70,2940
423930,426891,426941,50,2961
423930,426854,426946,92,2924
423930,426873,426949,76,2943
423930,426891,426951,60,2961
423930,426870,426952,82,2940
423930,426879,426955,76,2949
423930,426876,426958,82,2946
423930,426897,426967,70,2967
423930,426902,426968,66,2972
423930,426901,426973,72,2971
423930,426916,426974,58,2986
423930,426889,426975,86,2959
423930,426900,426977,77,2970
423930,426911,426980,69,2981
423930,426912,426983,71,2982
423930,426918,426984,66,2988
423930,426897,426985,88,2967
423930,426904,426986,82,2974
423930,426911,426992,81,2981
423930,426912,426995,83,2982
423930,426909,426999,90,2979
423930,426924,427003,79,2994
423930,426927,427005,78,2997
423930,426919,427006,87,2989
423930,426912,427009,97,2982
423930,426920,427009,89,2990
423930,426934,427019,85,3004
423930,426933,427019,86,3003
423930,426940,427020,80,3010
423930,426941,427019,78,3011
423930,426931,427021,90,3001
423930,426955,427025,70,3025
423930,426951,427026,75,3021
423930,426967,427027,60,3037
423930,426949,427028,79,3019
423930,426930,427029,99,3000
423930,426937,427031,94,3007
423930,426946,427035,89,3016
423930,426932,427035,103,3002
423930,426939,427037,98,3009
423930,426939,427037,98,3009
423930,426969,427040,71,3039
423930,426959,427043,84,3029
423930,426952,427046,94,3022
423930,426973,427048,75,3043
423930,426980,427050,70,3050
423930,426974,427051,77,3044
423930,426977,427051,74,3047
423930,426984,427052,68,3054
424220,427025,427052,27,2805
423930,426983,427058,75,3053
424220,427026,427058,32,2806
423930,426975,427063,88,3045
424220,427028,427063,35,2808
423930,426986,427067,81,3056
423930,426985,427071,86,3055
424220,427029,427073,44,2809
424220,427028,427074,46,2808
423930,426992,427078,86,3062
423930,427005,427079,74,3075
423930,427019,427084,65,3089
424220,427037,427085,48,2817
424220,427031,427086,55,2811
423930,426999,427087,88,3069
423930,426995,427089,94,3065
423930,427020,427090,70,3090
424220,427052,427090,38,2832
424220,427046,427090,44,2826
423930,427003,427091,88,3073
424220,427090,427093,3,2870
424220,427090,427093,3,2870
423930,427009,427094,85,3079
424220,427091,427094,3,2871
423930,427006,427094,88,3076
424220,427040,427093,53,2820
424220,427048,427094,46,2828
424220,427093,427095,2,2873
424220,427050,427095,45,2830
424220,427093,427096,3,2873
423930,427009,427096,87,3079
424220,427094,427096,2,2874
424220,427094,427096,2,2874
424220,427035,427097,62,2815
424220,427094,427096,2,2874
424220,427095,427097,2,2875
424220,427094,427097,3,2874
424220,427094,427096,2,2874
424220,427090,427098,8,2870
424220,427096,427097,1,2876
424220,427096,427098,2,2876
424220,427096,427098,2,2876
424220,427096,427099,3,2876
424220,427097,427099,2,2877
424220,427052,427099,47,2832
424220,427096,427098,2,2876
424220,427097,427098,1,2877
424220,427097,427098,1,2877
424220,427097,427100,3,2877
424220,427098,427100,2,2878
424220,427097,427100,3,2877
424220,427098,427101,3,2878
424220,427098,427101,3,2878
424220,427098,427100,2,2878
423930,427019,427100,81,3089
424220,427051,427100,49,2831
424220,427099,427102,3,2879
424220,427099,427102,3,2879
424220,427099,427102,3,2879
424220,427037,427101,64,2817
423930,427020,427103,83,3090
424220,427099,427102,3,2879
424220,427043,427103,60,2823
424220,427099,427102,3,2879
424220,427099,427104,5,2879
424220,427051,427106,55,2831
424220,427059,427109,50,2839
424220,427058,427109,51,2838
423363,426293,427110,817,2930
424220,427035,427115,80,2815
424220,427089,427117,28,2869
424220,427063,427119,56,2843
424220,427100,427120,20,2880
424220,427063,427120,57,2843
424220,427075,427128,53,2855
424220,427100,427129,29,2880
424220,427100,427130,30,2880
424220,427103,427131,28,2883
424220,427067,427133,66,2847
424220,427079,427133,54,2859
424220,427102,427134,32,2882
424220,427102,427136,34,2882
424220,427087,427137,50,2867
424220,427084,427136,52,2864
424220,427101,427139,38,2881
424220,427071,427141,70,2851
424220,427074,427142,68,2854
424220,427078,427142,64,2858
424220,427101,427144,43,2881
424220,427103,427144,41,2883
424220,427101,427144,43,2881
424220,427086,427145,59,2866
424220,427085,427151,66,2865
424220,427102,427156,54,2882
424220,427102,427158,56,2882
422761,425722,427158,1436,2961
424220,427104,427163,59,2884
424220,427109,427164,55,2889
424220,427120,427168,48,2900
424220,427110,427170,60,2890
424220,427106,427170,64,2886
424220,427103,427172,69,2883
424220,427109,427174,65,2889
424220,427102,427176,74,2882
424220,427144,427180,36,2924
424220,427102,427181,79,2882
424220,427119,427181,62,2899
424220,427103,427182,79,2883
424220,427117,427191,74,2897
424220,427128,427193,65,2908
424220,427115,427194,79,2895
424220,427133,427194,61,2913
424220,427130,427197,67,2910
424220,427120,427200,80,2900
424220,427129,427201,72,2909
424220,427137,427202,65,2917
424220,427134,427204,70,2914
424220,427144,427207,63,2924
424220,427131,427207,76,2911
424220,427133,427208,75,2913
424220,427142,427209,67,2922
424220,427144,427212,68,2924
424220,427136,427215,79,2916
424220,427139,427216,77,2919
424220,427174,427220,46,2954
424220,427137,427220,83,2917
424220,427142,427221,79,2922
424220,427156,427221,65,2936
424220,427158,427221,63,2938
424220,427141,427222,81,2921
424220,427151,427224,73,2931
424220,427146,427227,81,2926
424220,427164,427227,63,2944
424220,427163,427228,65,2943
424220,427207,427231,24,2987
424220,427170,427233,63,2950
424220,427181,427237,56,2961
424220,427170,427238,68,2950
424220,427158,427239,81,2938
424220,427168,427243,75,2948
424220,427208,427244,36,2988
424220,427181,427248,67,2961
424220,427172,427249,77,2952
424220,427183,427249,66,2963
424220,427180,427254,74,2960
424220,427194,427255,61,2974
424220,427248,427259,11,3028
424220,427193,427259,66,2973
424220,427197,427259,62,2977
424220,427176,427260,84,2956
424220,427204,427265,61,2984
424220,427191,427266,75,2971
424220,427202,427267,65,2982
424220,427207,427267,60,2987
424220,427201,427268,67,2981
424220,427194,427275,81,2974
424220,427212,427277,65,2992
424220,427209,427280,71,2989
424220,427200,427281,81,2980
424220,427234,427281,47,3014
424220,427244,427282,38,3024
424220,427221,427283,62,3001
424220,427221,427285,64,3001
424220,427227,427286,59,3007
424220,427220,427286,66,3000
424220,427216,427286,70,2996
424220,427228,427292,64,3008
423367,426476,427293,817,3109
424220,427215,427296,81,2995
424429,427249,427296,47,2820
424220,427222,427297,75,3002
424220,427220,427298,78,3000
424429,427259,427299,40,2830
424429,427259,427300,41,2830
424220,427221,427300,79,3001
424220,427227,427300,73,3007
424220,427238,427302,64,3018
424429,427265,427303,38,2836
424429,427254,427304,50,2825
424220,427224,427305,81,3004
424429,427259,427305,46,2830
424429,427255,427306,51,2826
424220,427231,427307,76,3011
424429,427304,427308,4,2875
424429,427306,427308,2,2877
424429,427305,427308,3,2876
424429,427306,427308,2,2877
424429,427307,427309,2,2878
424429,427308,427310,2,2879
424429,427308,427310,2,2879
424429,427308,427310,2,2879
424429,427308,427311,3,2879
424429,427310,427312,2,2881
424429,427309,427312,3,2880
424429,427310,427311,1,2881
424429,427303,427313,10,2874
424429,427310,427313,3,2881
424429,427311,427313,2,2882
424429,427313,427314,1,2884
424429,427312,427314,2,2883
424429,427312,427313,1,2883
424429,427267,427315,48,2838
423058,426098,427315,1217,3040
424429,427313,427314,1,2884
424429,427313,427316,3,2884
424429,427313,427316,3,2884
424429,427302,427317,15,2873
424429,427314,427317,3,2885
424429,427267,427316,49,2838
424429,427314,427316,2,2885
424429,427314,427316,2,2885
424429,427315,427316,1,2886
424429,427316,427318,2,2887
424429,427315,427318,3,2886
424429,427316,427318,2,2887
424429,427316,427319,3,2887
424220,427237,427319,82,3017
424429,427317,427319,2,2888
424429,427317,427321,4,2888
424429,427317,427321,4,2888
424220,427239,427322,83,3019
424429,427277,427322,45,2848
424429,427269,427324,55,2840
424220,427243,427327,84,3023
424429,427260,427327,67,2831
424429,427286,427329,43,2857
424429,427296,427329,33,2867
424429,427281,427332,51,2852
424429,427317,427332,15,2888
424429,427283,427332,49,2854
424429,427275,427333,58,2846
424429,427281,427333,52,2852
424429,427301,427334,33,2872
424429,427286,427333,47,2857
424429,427285,427334,49,2856
424429,427266,427336,70,2837
424429,427282,427342,60,2853
424429,427281,427342,61,2852
424429,427318,427343,25,2889
424429,427286,427345,59,2857
424429,427300,427347,47,2871
424429,427292,427347,55,2863
424429,427293,427349,56,2864
424429,427300,427350,50,2871
424429,427297,427351,54,2868
424429,427298,427353,55,2869
424429,427299,427355,56,2870
424429,427318,427355,37,2889
424429,427318,427357,39,2889
424429,427319,427361,42,2890
424429,427296,427362,66,2867
424429,427318,427363,45,2889
424429,427322,427369,47,2893
424429,427318,427370,52,2889
424429,427321,427378,57,2892
424429,427319,427379,60,2890
424429,427321,427380,59,2892
424429,427343,427381,38,2914
424429,427319,427383,64,2890
424429,427329,427389,60,2900
424429,427324,427390,66,2895
424429,427332,427391,59,2903
424429,427332,427392,60,2903
424429,427322,427392,70,2893
424429,427327,427393,66,2898
424429,427332,427394,62,2903
424429,427335,427399,64,2906
424429,427335,427400,65,2906
424429,427329,427402,73,2900
424429,427329,427405,76,2900
424429,427334,427405,71,2905
424429,427333,427408,75,2904
424429,427333,427408,75,2904
424429,427347,427411,64,2918
424429,427345,427413,68,2916
424429,427349,427414,65,2920
424429,427342,427417,75,2913
424429,427353,427417,64,2924
424429,427336,427418,82,2907
424429,427355,427420,65,2926
424429,427378,427422,44,2949
424429,427349,427423,74,2920
424429,427350,427425,75,2921
424429,427361,427426,65,2932
424429,427363,427426,63,2934
424429,427351,427427,76,2922
424429,427342,427429,87,2913
424429,427357,427431,74,2928
424429,427355,427435,80,2926
424429,427362,427439,77,2933
424429,427370,427443,73,2941
424429,427380,427443,63,2951
424429,427381,427448,67,2952
424429,427369,427449,80,2940
424429,427390,427452,62,2961
424429,427379,427453,74,2950
424429,427391,427457,66,2962
424429,427383,427457,74,2954
424429,427400,427457,57,2971
424429,427392,427462,70,2963
424429,427393,427465,72,2964
424429,427390,427465,75,2961
424429,427394,427467,73,2965
424429,427393,427468,75,2964
424429,427408,427470,62,2979
424429,427399,427469,70,2970
424429,427414,427478,64,2985
424429,427468,427479,11,3039
424429,427411,427480,69,2982
424429,427420,427481,61,2991
424429,427426,427481,55,2997
424429,427402,427482,80,2973
424429,427465,427482,17,3036
424429,427405,427484,79,2976
424429,427423,427487,64,2994
424429,427408,427489,81,2979
424429,427426,427489,63,2997
424429,427413,427491,78,2984
424429,427418,427491,73,2989
424429,427418,427491,73,2989
424429,427418,427493,75,2989
424429,427405,427493,88,2976
424429,427427,427494,67,2998
424429,427425,427493,68,2996
424429,427443,427495,52,3014
424429,427435,427499,64,3006
424429,427465,427501,36,3036
424429,427429,427504,75,3000
424429,427422,427505,83,2993
424429,427431,427508,77,3002
424429,427448,427510,62,3019
424429,427439,427511,72,3010
424429,427452,427512,60,3023
424444,427470,427511,41,3026
424429,427443,427512,69,3014
424444,427479,427514,35,3035
424444,427470,427516,46,3026
424429,427457,427517,60,3028
424444,427481,427520,39,3037
424429,427458,427521,63,3029
424429,427462,427522,60,3033
424429,427449,427522,73,3020
424444,427521,427524,3,3077
424444,427480,427523,43,3036
424444,427522,427524,2,3078
424444,427522,427525,3,3078
424444,427478,427524,46,3034
424429,427453,427526,73,3024
424444,427524,427526,2,3080
424444,427524,427525,1,3080
424444,427524,427526,2,3080
424444,427525,427527,2,3081
424444,427525,427527,2,3081
424444,427520,427526,6,3076
424444,427482,427527,45,3038
424444,427526,427528,2,3082
424444,427526,427528,2,3082
424444,427526,427529,3,3082
424429,427457,427529,72,3028
424444,427527,427529,2,3083
424444,427527,427529,2,3083
424444,427527,427529,2,3083
424444,427528,427530,2,3084
424444,427527,427529,2,3083
424444,427528,427530,2,3084
424444,427527,427530,3,3083
424444,427529,427531,2,3085
424444,427529,427531,2,3085
424444,427530,427532,2,3086
424444,427530,427532,2,3086
424444,427530,427532,2,3086
424444,427530,427531,1,3086
424444,427529,427532,3,3085
424444,427493,427533,40,3049
424444,427530,427533,3,3086
424444,427493,427533,40,3049
424444,427530,427532,2,3086
424444,427531,427533,2,3087
424444,427482,427534,52,3038
424444,427487,427534,47,3043
424444,427532,427535,3,3088
424444,427531,427534,3,3087
424444,427532,427535,3,3088
424444,427484,427539,55,3040
424444,427489,427540,51,3045
424444,427491,427540,49,3047
424444,427490,427541,51,3046
424444,427517,427541,24,3073
424444,427482,427542,60,3038
424444,427532,427542,10,3088
424444,427514,427542,28,3070
424444,427516,427542,26,3072
424444,427491,427545,54,3047
424444,427532,427546,14,3088
424444,427533,427547,14,3089
424444,427495,427548,53,3051
424444,427494,427549,55,3050
424444,427492,427549,57,3048
424444,427499,427551,52,3055
424444,427512,427553,41,3068
424444,427494,427554,60,3050
424444,427510,427557,47,3066
424444,427501,427558,57,3057
424444,427504,427559,55,3060
424444,427532,427561,29,3088
424444,427508,427562,54,3064
424444,427535,427562,27,3091
424444,427505,427562,57,3061
424444,427533,427564,31,3089
424444,427514,427564,50,3070
424444,427533,427568,35,3089
424444,427512,427569,57,3068
424444,427511,427573,62,3067
424444,427534,427584,50,3090
424444,427548,427586,38,3104
424444,427534,427586,52,3090
424444,427533,427588,55,3089
424444,427536,427591,55,3092
424444,427542,427595,53,3098
424444,427562,427596,34,3118
424444,427557,427596,39,3113
424444,427542,427598,56,3098
424444,427541,427600,59,3097
424444,427543,427601,58,3099
424444,427541,427602,61,3097
424444,427535,427602,67,3091
424444,427540,427603,63,3096
424444,427548,427603,55,3104
424444,427539,427604,65,3095
424444,427562,427604,42,3118
424444,427546,427605,59,3102
424444,427545,427610,65,3101
424444,427542,427610,68,3098
424444,427540,427612,72,3096
424444,427552,427613,61,3108
424444,427553,427614,61,3109
424444,427602,427618,16,3158
424444,427558,427618,60,3114
424444,427549,427619,70,3105
424444,427549,427622,73,3105
424444,427561,427624,63,3117
424444,427554,427624,70,3110
424444,427568,427625,57,3124
424444,427559,427629,70,3115
424444,427562,427632,70,3118
424444,427564,427634,70,3120
424444,427605,427635,30,3161
424444,427564,427636,72,3120
424444,427586,427637,51,3142
424444,427569,427638,69,3125
424444,427586,427640,54,3142
424444,427573,427642,69,3129
424444,427588,427648,60,3144
424444,427591,427649,58,3147
424444,427584,427650,66,3140
424444,427595,427652,57,3151
424444,427596,427656,60,3152
424444,427598,427657,59,3154
424444,427598,427658,60,3154
424444,427600,427657,57,3156
424444,427533,427660,127,3089
424444,427601,427663,62,3157
424444,427604,427663,59,3160
424444,427603,427671,68,3159
424444,427640,427672,32,3196
424444,427604,427672,68,3160
424444,427603,427673,70,3159
424444,427665,427673,8,3221
424444,427615,427675,60,3171
424444,427618,427676,58,3174
424444,427604,427676,72,3160
424444,427663,427675,12,3219
424444,427613,427676,63,3169
424444,427625,427681,56,3181
424444,427610,427683,73,3166
424444,427671,427683,12,3227
424444,427618,427683,65,3174
424444,427612,427685,73,3168
424444,427612,427685,73,3168
424444,427624,427687,63,3180
424444,427622,427687,65,3178
424444,427619,427689,70,3175
424444,427648,427690,42,3204
424444,427637,427691,54,3193
424444,427629,427691,62,3185
424444,427635,427691,56,3191
424444,427624,427694,70,3180
424444,427636,427698,62,3192
424444,427638,427701,63,3194
424444,427634,427702,68,3190
424444,427649,427702,53,3205
424444,427632,427703,71,3188
424444,427652,427705,53,3208
424444,427661,427705,44,3217
424444,427658,427707,49,3214
424444,427642,427709,67,3198
424564,427677,427709,32,3113
424444,427656,427708,52,3212
424564,427676,427710,34,3112
424444,427657,427709,52,3213
424444,427658,427714,56,3214
424564,427710,427714,4,3146
424564,427674,427716,42,3110
424564,427714,427716,2,3150
424564,427714,427716,2,3150
424564,427716,427718,2,3152
424444,427650,427718,68,3206
424564,427716,427718,2,3152
424564,427717,427719,2,3153
424564,427718,427720,2,3154
424564,427718,427719,1,3154
424564,427719,427720,1,3155
424564,427718,427719,1,3154
424564,427675,427722,47,3111
424564,427720,427722,2,3156
424564,427721,427722,1,3157
424564,427720,427723,3,3156
424564,427720,427722,2,3156
424564,427722,427724,2,3158
424564,427722,427724,2,3158
424564,427677,427723,46,3113
424564,427722,427723,1,3158
424564,427676,427725,49,3112
424564,427723,427725,2,3159
424564,427723,427725,2,3159
424564,427724,427726,2,3160
424564,427724,427726,2,3160
424564,427724,427726,2,3160
424564,427725,427727,2,3161
424564,427724,427726,2,3160
424564,427726,427728,2,3162
424564,427681,427727,46,3117
424564,427726,427728,2,3162
424564,427726,427727,1,3162
424564,427725,427728,3,3161
424564,427672,427728,56,3108
424564,427726,427729,3,3162
424564,427727,427729,2,3163
424564,427727,427730,3,3163
424564,427728,427731,3,3164
424564,427673,427732,59,3109
424564,427728,427735,7,3164
424564,427683,427737,54,3119
424564,427683,427737,54,3119
424564,427692,427739,47,3128
424564,427710,427739,29,3146
424564,427685,427740,55,3121
424564,427683,427741,58,3119
424564,427685,427742,57,3121
424564,427728,427742,14,3164
424564,427709,427743,34,3145
424564,427702,427745,43,3138
424564,427691,427745,54,3127
424564,427687,427746,59,3123
424564,427709,427745,36,3145
424564,427691,427748,57,3127
424564,427687,427748,61,3123
424564,427702,427747,45,3138
424564,427689,427749,60,3125
424564,427705,427750,45,3141
424564,427728,427752,24,3164
424564,427698,427754,56,3134
424564,427694,427755,61,3130
424564,427731,427755,24,3167
424564,427690,427755,65,3126
424564,427707,427757,50,3143
424564,427737,427757,20,3173
424564,427729,427759,30,3165
424564,427703,427760,57,3139
424564,427702,427761,59,3138
424564,427728,427762,34,3164
424564,427709,427762,53,3145
424564,427743,427763,20,3179
424564,427740,427765,25,3176
424564,427705,427768,63,3141
424564,427729,427769,40,3165
424564,427728,427769,41,3164
424564,427742,427772,30,3178
424564,427741,427773,32,3177
424564,427731,427775,44,3167
424564,427739,427791,52,3175
424564,427739,427792,53,3175
424564,427735,427792,57,3171
424564,427732,427793,61,3168
424564,427737,427796,59,3173
424564,427745,427799,54,3181
424564,427750,427803,53,3186
424564,427747,427803,56,3183
424564,427745,427804,59,3181
424564,427748,427804,56,3184
424564,427775,427808,33,3211
424564,427742,427808,66,3178
424564,427752,427808,56,3188
424564,427746,427814,68,3182
424564,427748,427814,66,3184
424564,427755,427814,59,3191
424564,427763,427815,52,3199
424564,427749,427814,65,3185
424564,427759,427817,58,3195
424564,427748,427819,71,3184
424564,427757,427820,63,3193
424564,427758,427820,62,3194
424564,427755,427822,67,3191
424564,427754,427822,68,3190
424564,427755,427824,69,3191
424564,427772,427826,54,3208
424564,427769,427829,60,3205
424564,427762,427829,67,3198
424564,427760,427829,69,3196
424564,427761,427831,70,3197
424564,427762,427832,70,3198
424564,427765,427835,70,3201
424564,427769,427836,67,3205
424564,427806,427840,34,3242
424564,427773,427842,69,3209
424564,427769,427846,77,3205
424564,427803,427850,47,3239
424564,427792,427851,59,3228
424564,427792,427852,60,3228
424564,427793,427859,66,3229
424564,427791,427860,69,3227
424564,427804,427860,56,3240
424564,427808,427864,56,3244
424564,427803,427866,63,3239
424564,427808,427868,60,3244
424564,427829,427868,39,3265
424564,427796,427871,75,3232
424564,427864,427872,8,3300
424564,427799,427872,73,3235
424564,427866,427872,6,3302
424564,427817,427873,56,3253
424564,427820,427874,54,3256
424564,427814,427874,60,3250
424564,427820,427874,54,3256
424564,427815,427874,59,3251
424564,427808,427875,67,3244
424564,427814,427875,61,3250
424564,427860,427876,16,3296
424564,427868,427877,9,3304
424564,427829,427880,51,3265
424564,427822,427881,59,3258
424564,427814,427881,67,3250
424564,427826,427883,57,3262
424564,427822,427883,61,3258
424564,427819,427887,68,3255
424564,427815,427886,71,3251
424564,427824,427895,71,3260
424564,427829,427898,69,3265
424564,427840,427898,58,3276
424564,427860,427902,42,3296
424564,427831,427903,72,3267
424564,427836,427903,67,3272
424564,427835,427903,68,3271
424564,427851,427905,54,3287
424564,427832,427906,74,3268
424564,427850,427907,57,3286
424564,427842,427908,66,3278
424564,427852,427910,58,3288
424756,427873,427912,39,3117
424564,427846,427917,71,3282
424564,427859,427917,58,3295
424756,427872,427920,48,3116
424756,427874,427920,46,3118
424756,427872,427921,49,3116
424756,427874,427922,48,3118
424756,427920,427922,2,3164
424756,427921,427923,2,3165
424756,427871,427923,52,3115
424756,427922,427924,2,3166
424756,427883,427924,41,3127
424756,427922,427924,2,3166
424756,427920,427924,4,3164
424756,427923,427925,2,3167
424756,427874,427925,51,3118
424756,427872,427925,53,3116
424756,427924,427926,2,3168
424756,427923,427926,3,3167
424756,427877,427926,49,3121
424756,427924,427925,1,3168
424756,427876,427925,49,3120
424756,427924,427926,2,3168
424756,427924,427926,2,3168
424756,427925,427927,2,3169
424756,427875,427927,52,3119
424756,427926,427928,2,3170
424756,427925,427928,3,3169
424756,427926,427928,2,3170
424756,427925,427928,3,3169
424756,427926,427928,2,3170
424756,427926,427927,1,3170
424756,427926,427928,2,3170
424756,427926,427928,2,3170
424756,427927,427929,2,3171
424756,427874,427929,55,3118
424756,427927,427928,1,3171
424756,427926,427928,2,3170
424756,427928,427930,2,3172
424756,427928,427930,2,3172
424756,427928,427930,2,3172
424756,427928,427930,2,3172
424756,427928,427930,2,3172
424756,427928,427930,2,3172
424756,427929,427931,2,3173
424756,427929,427931,2,3173
424756,427929,427932,3,3173
424756,427917,427934,17,3161
424756,427881,427936,55,3125
424756,427875,427937,62,3119
424756,427880,427938,58,3124
424756,427881,427939,58,3125
424756,427929,427939,10,3173
424756,427898,427942,44,3142
424756,427883,427942,59,3127
424756,427887,427944,57,3131
424756,427929,427948,19,3173
424756,427887,427950,63,3131
424756,427912,427950,38,3156
424756,427905,427951,46,3149
424756,427898,427951,53,3142
424756,427903,427952,49,3147
424756,427910,427952,42,3154
424756,427903,427953,50,3147
424756,427895,427952,57,3139
424756,427917,427954,37,3161
424756,427902,427956,54,3146
424756,427906,427960,54,3150
424756,427908,427960,52,3152
424756,427929,427961,32,3173
424756,427908,427964,56,3152
424756,427931,427965,34,3175
424756,427903,427966,63,3147
424756,427930,427970,40,3174
424756,427931,427973,42,3175
424756,427931,427977,46,3175
424756,427930,427978,48,3174
424756,427931,427980,49,3175
424756,427932,427985,53,3176
424756,427939,427988,49,3183
424756,427950,427988,38,3194
424756,427934,427988,54,3178
424756,427932,427990,58,3176
424756,427939,427992,53,3183
424756,427938,427993,55,3182
424756,427950,427993,43,3194
424756,427935,427994,59,3179
424756,427936,427995,59,3180
424756,427948,428000,52,3192
424756,427942,428002,60,3186
424756,427937,428004,67,3181
424756,427942,428004,62,3186
424756,427952,428007,55,3196
424756,427951,428007,56,3195
424756,427970,428011,41,3214
424756,427944,428011,67,3188
424756,427965,428016,51,3209
424756,427951,428017,66,3195
424756,427952,428018,66,3196
424756,427964,428021,57,3208
424756,428004,428021,17,3248
424756,427954,428022,68,3198
424756,427992,428023,31,3236
424756,427956,428022,66,3200
424756,427960,428023,63,3204
424756,427953,428023,70,3197
424756,427978,428023,45,3222
424756,427953,428026,73,3197
424756,428007,428027,20,3251
424756,427966,428028,62,3210
424756,427961,428028,67,3205
424756,427960,428030,70,3204
424756,427980,428031,51,3224
424756,427995,428036,41,3239
424756,428007,428038,31,3251
424756,428002,428041,39,3246
424756,427973,428042,69,3217
424756,427985,428043,58,3229
424756,428000,428043,43,3244
424756,427977,428045,68,3221
424756,427988,428045,57,3232
424756,427988,428048,60,3232
424756,427990,428048,58,3234
424756,427988,428054,66,3232
424756,428011,428056,45,3255
424756,427993,428060,67,3237
424756,428048,428061,13,3292
424756,428004,428062,58,3248
424756,427994,428062,68,3238
424756,427993,428064,71,3237
424756,428061,428067,6,3305
424756,428056,428070,14,3300
424756,428060,428070,10,3304
424756,428062,428071,9,3306
424756,428016,428072,56,3260
424756,428028,428073,45,3272
424756,428023,428073,50,3267
424756,428023,428076,53,3267
424756,428055,428079,24,3299
424756,428024,428080,56,3268
424756,428028,428082,54,3272
424756,428023,428083,60,3267
424756,428011,428085,74,3255
424756,428023,428087,64,3267
424756,428017,428087,70,3261
424756,428018,428087,69,3262
424756,428026,428088,62,3270
424756,428021,428088,67,3265
424756,428031,428088,57,3275
424756,428021,428089,68,3265
424756,428043,428090,47,3287
424756,428022,428092,70,3266
424756,428029,428092,63,3273
424756,428039,428093,54,3283
424756,428043,428097,54,3287
424756,428041,428098,57,3285
424756,428045,428097,52,3289
424756,428048,428099,51,3292
424756,428030,428099,69,3274
424756,428045,428101,56,3289
424756,428036,428102,66,3280
424895,428068,428112,44,3173
424895,428064,428112,48,3169
424756,428042,428115,73,3286
424895,428074,428118,44,3179
424895,428073,428121,48,3178
424895,428070,428121,51,3175
424895,428071,428122,51,3176
424895,428121,428124,3,3226
424895,428122,428124,2,3227
424895,428121,428124,3,3226
424895,428070,428125,55,3175
424895,428118,428125,7,3223
424895,428124,428125,1,3229
424895,428124,428126,2,3229
424895,428125,428127,2,3230
424895,428124,428127,3,3229
424895,428126,428128,2,3231
424895,428076,428128,52,3181
424895,428126,428129,3,3231
424895,428088,428129,41,3193
424895,428127,428129,2,3232
424895,428126,428128,2,3231
424895,428127,428128,1,3232
424895,428080,428128,48,3185
424895,428074,428129,55,3179
424895,428128,428130,2,3233
424895,428128,428130,2,3233
424895,428129,428131,2,3234
424895,428129,428131,2,3234
424895,428115,428131,16,3220
424895,428129,428131,2,3234
424895,428083,428131,48,3188
424895,428130,428132,2,3235
424895,428130,428131,1,3235
424895,428092,428132,40,3197
424895,428129,428131,2,3234
424895,428130,428132,2,3235
424895,428129,428131,2,3234
424895,428129,428131,2,3234
424895,428131,428133,2,3236
424895,428131,428132,1,3236
424895,428131,428134,3,3236
424895,428132,428134,2,3237
424895,428131,428134,3,3236
424895,428132,428134,2,3237
424895,428132,428135,3,3237
424895,428132,428135,3,3237
424895,428089,428136,47,3194
424895,428132,428137,5,3237
424895,428090,428136,46,3195
424895,428082,428139,57,3187
424895,428112,428140,28,3217
424895,428079,428140,61,3184
424895,428087,428142,55,3192
424895,428097,428142,45,3202
424895,428098,428145,47,3203
424895,428093,428146,53,3198
424895,428132,428147,15,3237
424895,428099,428148,49,3204
424895,428088,428149,61,3193
424895,428112,428150,38,3217
424895,428093,428151,58,3198
424895,428087,428152,65,3192
424895,428085,428152,67,3190
424895,428098,428153,55,3203
424895,428088,428153,65,3193
424895,428101,428155,54,3206
424895,428132,428154,22,3237
424895,428132,428156,24,3237
424895,428100,428157,57,3205
424895,428102,428157,55,3207
423736,426727,428157,1430,2991
424895,428087,428158,71,3192
424895,428134,428160,26,3239
424895,428137,428167,30,3242
424895,428133,428170,37,3238
424895,428133,428181,48,3238
424895,428142,428189,47,3247
424895,428134,428191,57,3239
424895,428135,428194,59,3240
424895,428135,428194,59,3240
424895,428134,428195,61,3239
424895,428145,428197,52,3250
424895,428137,428197,60,3242
424895,428149,428198,49,3254
424895,428136,428199,63,3241
424895,428153,428199,46,3258
424895,428142,428200,58,3247
424895,428141,428199,58,3246
424895,428140,428204,64,3245
424895,428146,428204,58,3251
424895,428135,428207,72,3240
424895,428147,428208,61,3252
424895,428139,428208,69,3244
424895,428150,428209,59,3255
424895,428153,428211,58,3258
424895,428155,428215,60,3260
424895,428151,428218,67,3256
424895,428153,428219,66,3258
424895,428207,428219,12,3312
424895,428156,428220,64,3261
424895,428152,428220,68,3257
424895,428160,428220,60,3265
424895,428208,428222,14,3313
424895,428148,428202,54,3253
424895,428167,428224,57,3272
424895,428157,428227,70,3262
424895,428155,428228,73,3260
424895,428210,428228,18,3315
424895,428204,428229,25,3309
424895,428157,428229,72,3262
424895,428204,428228,24,3309
424895,428170,428230,60,3275
424895,428157,428231,74,3262
424895,428212,428231,19,3317
424895,428158,428231,73,3263
424895,428208,428232,24,3313
424895,428197,428234,37,3302
424895,428200,428234,34,3305
424895,428215,428238,23,3320
424895,428181,428244,63,3286
424895,428189,428248,59,3294
424895,428200,428249,49,3305
424895,428191,428258,67,3296
424895,428194,428258,64,3299
424895,428199,428259,60,3304
424895,428230,428259,29,3335
424895,428198,428260,62,3303
424895,428194,428262,68,3299
424895,428229,428267,38,3334
424895,428259,428267,8,3364
424895,428258,428267,9,3363
424895,428260,428268,8,3365
424895,428195,428270,75,3300
424895,428198,428270,72,3303
424895,428259,428271,12,3364
424895,428258,428272,14,3363
424895,428199,428272,73,3304
424895,428249,428275,26,3354
424895,428228,428279,51,3333
424895,428220,428279,59,3325
424895,428229,428280,51,3334
424895,428224,428281,57,3329
424895,428224,428283,59,3329
424895,428220,428284,64,3325
424895,428234,428285,51,3339
424895,428222,428285,63,3327
424895,428229,428286,57,3334
424895,428218,428285,67,3323
424895,428219,428286,67,3324
424895,428231,428287,56,3336
424895,428232,428288,56,3337
423931,427021,428289,1268,3090
424895,428228,428289,61,3333
424895,428220,428289,69,3325
424895,428219,428293,74,3324
424895,428227,428293,66,3332
424895,428238,428295,57,3343
424895,428234,428296,62,3339
424895,428248,428299,51,3353
424895,428231,428299,68,3336
424895,428244,428302,58,3349
424895,428231,428305,74,3336
425108,428267,428312,45,3159
425108,428267,428317,50,3159
425108,428270,428318,48,3162
425108,428268,428321,53,3160
425108,428318,428322,4,3210
425108,428321,428323,2,3213
425108,428267,428324,57,3159
425108,428323,428325,2,3215
425108,428322,428325,3,3214
425108,428317,428325,8,3209
425108,428324,428326,2,3216
425108,428325,428326,1,3217
425108,428325,428327,2,3217
425108,428280,428328,48,3172
425108,428279,428328,49,3171
425108,428270,428328,58,3162
425108,428283,428329,46,3175
425108,428326,428328,2,3218
425108,428326,428329,3,3218
425108,428281,428330,49,3173
425108,428327,428330,3,3219
425108,428327,428329,2,3219
425108,428328,428329,1,3220
425108,428329,428331,2,3221
425108,428328,428331,3,3220
425108,428328,428330,2,3220
425108,428329,428330,1,3221
425108,428272,428332,60,3164
425108,428312,428332,20,3204
425108,428329,428331,2,3221
425108,428330,428332,2,3222
425108,428330,428331,1,3222
425108,428331,428333,2,3223
425108,428332,428333,1,3224
425108,428331,428333,2,3223
425108,428330,428332,2,3222
425108,428330,428332,2,3222
425108,428331,428332,1,3223
425108,428305,428334,29,3197
425108,428332,428334,2,3224
425108,428272,428334,62,3164
425108,428285,428333,48,3177
425108,428332,428335,3,3224
425108,428332,428335,3,3224
425108,428332,428335,3,3224
425108,428287,428334,47,3179
425108,428332,428335,3,3224
425108,428333,428335,2,3225
425108,428333,428338,5,3225
425108,428279,428338,59,3171
425108,428272,428338,66,3164
425108,428275,428338,63,3167
425108,428286,428339,53,3178
425108,428288,428340,52,3180
425108,428299,428340,41,3191
425108,428289,428341,52,3181
425108,428303,428341,38,3195
425108,428289,428342,53,3181
425108,428284,428344,60,3176
425108,428285,428345,60,3177
425108,428295,428345,50,3187
425108,428333,428349,16,3225
425108,428286,428349,63,3178
425108,428299,428350,51,3191
425108,428293,428350,57,3185
425108,428296,428351,55,3188
425108,428286,428351,65,3178
425108,428293,428350,57,3185
425108,428334,428352,18,3226
425108,428289,428354,65,3181
425108,428335,428363,28,3227
425108,428334,428367,33,3226
425108,428351,428375,24,3243
425108,428335,428376,41,3227
425108,428334,428380,46,3226
425108,428334,428381,47,3226
425108,428334,428382,48,3226
425108,428336,428384,48,3228
425108,428336,428386,50,3228
425108,428349,428387,38,3241
425108,428336,428390,54,3228
425108,428367,428391,24,3259
425108,428340,428392,52,3232
425108,428335,428393,58,3227
425108,428338,428394,56,3230
425108,428338,428396,58,3230
425108,428340,428396,56,3232
425108,428341,428395,54,3233
425108,428345,428400,55,3237
425108,428338,428401,63,3230
425108,428339,428404,65,3231
425108,428396,428404,8,3288
425108,428341,428405,64,3233
425108,428396,428405,9,3288
425108,428335,428405,70,3227
425108,428344,428405,61,3236
425108,428354,428408,54,3246
425108,428345,428410,65,3237
425108,428400,428411,11,3292
425108,428352,428412,60,3244
425108,428401,428412,11,3293
425108,428352,428413,61,3244
425108,428404,428415,11,3296
425108,428349,428416,67,3241
425108,428351,428417,66,3243
425108,428342,428417,75,3234
425108,428350,428420,70,3242
425108,428404,428422,18,3296
425108,428350,428424,74,3242
425108,428382,428428,46,3274
425108,428396,428429,33,3288
425108,428363,428433,70,3255
425108,428376,428434,58,3268
425108,428405,428435,30,3297
425108,428380,428436,56,3272
425108,428384,428435,51,3276
425108,428394,428436,42,3286
425108,428387,428437,50,3279
425108,428381,428438,57,3273
425108,428386,428439,53,3278
425108,428393,428439,46,3285
425108,428391,428440,49,3283
425108,428390,428444,54,3282
425108,428375,428447,72,3267
425108,428392,428448,56,3284
425108,428444,428453,9,3336
425108,428405,428454,49,3297
425108,428440,428456,16,3332
425108,428449,428457,8,3341
425108,428453,428459,6,3345
425108,428447,428462,15,3339
425108,428415,428468,53,3307
425108,428411,428468,57,3303
425108,428405,428468,63,3297
425803,428456,428469,13,2653
425108,428413,428469,56,3305
425108,428412,428474,62,3304
425108,428416,428475,59,3308
425108,428410,428475,65,3302
425108,428412,428477,65,3304
425108,428405,428477,72,3297
425108,428408,428478,70,3300
425108,428417,428477,60,3309
425803,428458,428479,21,2655
425803,428459,428480,21,2656
425108,428422,428482,60,3314
425108,428417,428482,65,3309
425108,428439,428482,43,3331
425108,428429,428483,54,3321
425108,428434,428489,55,3326
425108,428424,428489,65,3316
425108,428436,428490,54,3328
425108,428436,428490,54,3328
425108,428428,428490,62,3320
425108,428420,428491,71,3312
425108,428439,428490,51,3331
425108,428433,428492,59,3325
425108,428436,428493,57,3328
425108,428438,428495,57,3330
425803,428468,428498,30,2665
425803,428462,428498,36,2659
425803,428468,428499,31,2665
425108,428435,428500,65,3327
425108,428437,428501,64,3329
425108,428338,428403,65,3230
425108,428334,428502,168,3226
425803,428474,428504,30,2671
425803,428477,428506,29,2674
425803,428469,428507,38,2666
425803,428470,428508,38,2667
425803,428480,428508,28,2677
425803,428475,428510,35,2672
425803,428469,428510,41,2666
425803,428477,428513,36,2674
425803,428482,428516,34,2679
425803,428478,428516,38,2675
425803,428483,428519,36,2680
425803,428490,428519,29,2687
425803,428479,428522,43,2676
425803,428490,428523,33,2687
425803,428478,428525,47,2675
425803,428476,428526,50,2673
425803,428483,428526,43,2680
425803,428516,428532,16,2713
425803,428508,428532,24,2705
425803,428508,428533,25,2705
425803,428482,428534,52,2679
425803,428507,428534,27,2704
425803,428490,428534,44,2687
425803,428510,428535,25,2707
425803,428491,428536,45,2688
425803,428489,428537,48,2686
425803,428519,428538,19,2716
425803,428510,428539,29,2707
425803,428489,428539,50,2686
425803,428504,428544,40,2701
425803,428513,428545,32,2710
425803,428519,428545,26,2716
425803,428516,428545,29,2713
425803,428493,428545,52,2690
425803,428506,428546,40,2703
425803,428522,428547,25,2719
425803,428498,428548,50,2695
425803,428495,428548,53,2692
425803,428523,428548,25,2720
425803,428492,428554,62,2689
425803,428525,428555,30,2722
425803,428503,428555,52,2700
425803,428526,428557,31,2723
425803,428499,428561,62,2696
425803,428498,428563,65,2695
425803,428526,428564,38,2723
424444,427672,428566,894,3228
425803,428533,428566,33,2730
425803,428500,428566,66,2697
425803,428501,428568,67,2698
425803,428491,428569,78,2688
425803,428502,428569,67,2699
425803,428533,428573,40,2730
425803,428532,428577,45,2729
425803,428536,428577,41,2733
425803,428534,428578,44,2731
425803,428536,428578,42,2733
425803,428534,428582,48,2731
425803,428534,428585,51,2731
425803,428537,428595,58,2734
425803,428566,428598,32,2763
425803,428539,428598,59,2736
425803,428538,428602,64,2735
425803,428545,428604,59,2742
425803,428547,428605,58,2744
425803,428548,428608,60,2745
425803,428548,428610,62,2745
425803,428539,428610,71,2736
425803,428545,428614,69,2742
425803,428544,428616,72,2741
425803,428545,428618,73,2742
425803,428549,428619,70,2746
425803,428564,428624,60,2761
425803,428546,428626,80,2743
425803,428545,428628,83,2742
425803,428563,428630,67,2760
425803,428561,428632,71,2758
425803,428555,428632,77,2752
425803,428555,428633,78,2752
425803,428566,428633,67,2763
425803,428558,428638,80,2755
425803,428578,428642,64,2775
425803,428555,428643,88,2752
425803,428568,428645,77,2765
425803,428574,428648,74,2771
425803,428567,428649,82,2764
425803,428582,428652,70,2779
425803,428569,428654,85,2766
425803,428577,428657,80,2774
425803,428577,428658,81,2774
425803,428578,428659,81,2775
425803,428570,428666,96,2767
425803,428585,428669,84,2782
425803,428598,428671,73,2795
425803,428598,428672,74,2795
425803,428604,428672,68,2801
425803,428614,428673,59,2811
425803,428605,428673,68,2802
425803,428608,428680,72,2805
425803,428602,428681,79,2799
425803,428610,428681,71,2807
425803,428595,428680,85,2792
425803,428619,428684,65,2816
425803,428610,428691,81,2807
425803,428624,428692,68,2821
424430,427468,428695,1227,3038
425803,428616,428695,79,2813
425803,428618,428696,78,2815
425803,428632,428697,65,2829
425803,428635,428701,66,2832
424221,427249,428703,1454,3028
425803,428626,428704,78,2823
425803,428638,428712,74,2835
425803,428643,428712,69,2840
425803,428634,428713,79,2831
425803,428632,428714,82,2829
425803,428628,428715,87,2825
425803,428648,428716,68,2845
425803,428630,428718,88,2827
425803,428645,428723,78,2842
425803,428652,428725,73,2849
425803,428658,428727,69,2855
425803,428643,428728,85,2840
425803,428649,428734,85,2846
425803,428654,428734,80,2851
425803,428673,428738,65,2870
425803,428671,428738,67,2868
425803,428673,428741,68,2870
425803,428695,428742,47,2892
425803,428695,428742,47,2892
425803,428673,428743,70,2870
425803,428672,428744,72,2869
425803,428682,428744,62,2879
425803,428657,428744,87,2854
425803,428681,428745,64,2878
425803,428659,428746,87,2856
425803,428680,428749,69,2877
425803,428667,428752,85,2864
425803,428684,428753,69,2881
425803,428669,428754,85,2866
425810,428749,428757,8,2939
424565,427868,428762,894,3303
425803,428693,428764,71,2890
425803,428698,428766,68,2895
425803,428681,428766,85,2878
425810,428753,428770,17,2943
425803,428701,428771,70,2898
425810,428728,428773,45,2918
425803,428696,428776,80,2893
425803,428704,428777,73,2901
425810,428762,428777,15,2952
425810,428741,428777,36,2931
425810,428738,428778,40,2928
425803,428712,428778,66,2909
425803,428692,428778,86,2889
425810,428746,428779,33,2936
425810,428752,428779,27,2942
425803,428703,428779,76,2900
425803,428725,428780,55,2922
425810,428744,428782,38,2934
425810,428738,428782,44,2928
425810,428782,428784,2,2972
425803,428717,428784,67,2914
425810,428782,428785,3,2972
425810,428780,428786,6,2970
425810,428784,428785,1,2974
425810,428745,428787,42,2935
425810,428766,428787,21,2956
425810,428743,428786,43,2933
425810,428784,428786,2,2974
425810,428786,428787,1,2976
425810,428785,428786,1,2975
425803,428713,428787,74,2910
425810,428787,428788,1,2977
425810,428787,428789,2,2977
425810,428787,428789,2,2977
425810,428787,428789,2,2977
425810,428787,428789,2,2977
425810,428788,428790,2,2978
425810,428787,428789,2,2977
425810,428787,428789,2,2977
425810,428788,428790,2,2978
425810,428789,428791,2,2979
425810,428789,428791,2,2979
425810,428789,428791,2,2979
425810,428790,428792,2,2980
425810,428789,428791,2,2979
425810,428790,428792,2,2980
425810,428790,428792,2,2980
425810,428790,428792,2,2980
425810,428791,428793,2,2981
425810,428791,428793,2,2981
425810,428791,428793,2,2981
425803,428712,428793,81,2909
425810,428744,428794,50,2934
425810,428757,428793,36,2947
425803,428715,428793,78,2912
425810,428792,428793,1,2982
425803,428719,428795,76,2916
425810,428792,428794,2,2982
425810,428792,428795,3,2982
425810,428792,428795,3,2982
425810,428734,428795,61,2924
425803,428714,428796,82,2911
425810,428744,428797,53,2934
425810,428792,428797,5,2982
425810,428742,428798,56,2932
425810,428743,428799,56,2933
425810,428779,428800,21,2969
425803,428724,428801,77,2921
425810,428793,428801,8,2983
425810,428754,428802,48,2944
425810,428764,428803,39,2954
425810,428736,428805,69,2926
425810,428777,428812,35,2967
425810,428793,428812,19,2983
425810,428797,428813,16,2987
425810,428779,428813,34,2969
425810,428771,428814,43,2961
425810,428777,428818,41,2967
425810,428778,428821,43,2968
425810,428771,428821,50,2961
425810,428779,428821,42,2969
425810,428794,428821,27,2984
425810,428778,428824,46,2968
425810,428796,428825,29,2986
425810,428793,428826,33,2983
425810,428767,428828,61,2957
425810,428778,428828,50,2968
425810,428777,428830,53,2967
425810,428776,428833,57,2966
425810,428773,428834,61,2963
425810,428795,428836,41,2985
425810,428794,428837,43,2984
425810,428793,428840,47,2983
425810,428795,428843,48,2985
425810,428794,428846,52,2984
425810,428794,428846,52,2984
425810,428795,428847,52,2985
425810,428802,428848,46,2992
425810,428795,428851,56,2985
425810,428795,428856,61,2985
425810,428851,428856,5,3041
425810,428846,428856,10,3036
425810,428826,428859,33,3016
425810,428801,428859,58,2991
425810,428803,428860,57,2993
425810,428840,428861,21,3030
425810,428800,428861,61,2990
425810,428812,428861,49,3002
425810,428799,428861,62,2989
425810,428857,428862,5,3047
425810,428828,428863,35,3018
425810,428856,428863,7,3046
425810,428856,428862,6,3046
425810,428802,428863,61,2992
425810,428859,428863,4,3049
425810,428848,428864,16,3038
425810,428799,428865,66,2989
425810,428812,428865,53,3002
425810,428847,428867,20,3037
425810,428859,428867,8,3049
425810,428798,428867,69,2988
425810,428814,428866,52,3004
425810,428805,428869,64,2995
425810,428818,428869,51,3008
425810,428814,428870,56,3004
425810,428860,428870,10,3050
425810,428822,428869,47,3012
425810,428821,428872,51,3011
425810,428824,428876,52,3014
425810,428821,428877,56,3011
425810,428861,428876,15,3051
425810,428843,428878,35,3033
425810,428813,428879,66,3003
425810,428861,428883,22,3051
425810,428862,428885,23,3052
425810,428828,428886,58,3018
425810,428822,428891,69,3012
425810,428862,428891,29,3052
425810,428836,428892,56,3026
425810,428867,428895,28,3057
425810,428886,428896,10,3076
425810,428825,428897,72,3015
425810,428830,428898,68,3020
425810,428891,428899,8,3081
425810,428833,428898,65,3023
425810,428865,428900,35,3055
425810,428837,428901,64,3027
425810,428895,428902,7,3085
425810,428892,428903,11,3082
425810,428834,428904,70,3024
425810,428886,428907,21,3076
425810,428846,428909,63,3036
425810,428891,428908,17,3081
425810,428865,428912,47,3055
425810,428864,428914,50,3054
425810,428863,428915,52,3053
425810,428870,428917,47,3060
425810,428865,428918,53,3055
425810,428863,428917,54,3053
425810,428869,428921,52,3059
425810,428868,428923,55,3058
425810,428872,428923,51,3062
425810,428870,428923,53,3060
425810,428863,428926,63,3053
425810,428877,428926,49,3067
425810,428863,428928,65,3053
425810,428879,428928,49,3069
425810,428867,428929,62,3057
425810,428863,428930,67,3053
425810,428867,428932,65,3057
425810,428869,428933,64,3059
425810,428879,428934,55,3069
425810,428870,428934,64,3060
425810,428877,428936,59,3067
425810,428876,428938,62,3066
425868,428899,428943,44,3031
425810,428883,428946,63,3073
425868,428897,428948,51,3029
425868,428902,428950,48,3034
425868,428901,428954,53,3033
425868,428899,428954,55,3031
425868,428954,428957,3,3086
425868,428950,428959,9,3082
425868,428957,428959,2,3089
425868,428954,428960,6,3086
425868,428959,428961,2,3091
425868,428959,428961,2,3091
425868,428960,428962,2,3092
425868,428961,428963,2,3093
425868,428903,428964,61,3035
425868,428899,428964,65,3031
425868,428908,428964,56,3040
425868,428915,428964,49,3047
425868,428962,428964,2,3094
425868,428963,428965,2,3095
425868,428962,428965,3,3094
425868,428900,428966,66,3032
425868,428918,428966,48,3050
425868,428904,428966,62,3036
425868,428964,428966,2,3096
425868,428965,428966,1,3097
425868,428964,428966,2,3096
425868,428926,428967,41,3058
425868,428923,428967,44,3055
425868,428965,428967,2,3097
425868,428964,428967,3,3096
425868,428912,428967,55,3044
425868,428965,428967,2,3097
425868,428914,428967,53,3046
425868,428917,428969,52,3049
425868,428966,428969,3,3098
425868,428965,428968,3,3097
425868,428966,428968,2,3098
425868,428966,428970,4,3098
425868,428966,428970,4,3098
425868,428966,428970,4,3098
425868,428967,428970,3,3099
425868,428966,428969,3,3098
425868,428909,428971,62,3041
425868,428967,428972,5,3099
425868,428909,428972,63,3041
425868,428967,428973,6,3099
425868,428918,428975,57,3050
425868,428921,428977,56,3053
425868,428925,428977,52,3057
425868,428923,428979,56,3055
425868,428928,428980,52,3060
425868,428967,428980,13,3099
425868,428948,428981,33,3080
425868,428926,428983,57,3058
425868,428928,428984,56,3060
425868,428968,428985,17,3100
425868,428930,428986,56,3062
425868,428968,428987,19,3100
425868,428936,428990,54,3068
425868,428943,428990,47,3075
425868,428930,428991,61,3062
425868,428933,428991,58,3065
425868,428932,428992,60,3064
425868,428934,428994,60,3066
425868,428934,428996,62,3066
425868,428938,428996,58,3070
425868,428947,429001,54,3079
425868,428968,429003,35,3100
425868,428969,429011,42,3101
425868,428973,429021,48,3105
425868,428970,429021,51,3102
425868,428970,429023,53,3102
425868,428970,429025,55,3102
425868,428969,429028,59,3101
425868,428970,429028,58,3102
425868,428973,429029,56,3105
425868,428975,429029,54,3107
425868,428977,429030,53,3109
425868,428969,429031,62,3101
425868,428972,429031,59,3104
425868,428970,429032,62,3102
425868,428970,429035,65,3102
425868,428971,429035,64,3103
425868,428978,429036,58,3110
425868,428979,429037,58,3111
425868,428994,429038,44,3126
425868,429036,429038,2,3168
425868,429035,429039,4,3167
425868,429038,429040,2,3170
425868,429035,429040,5,3167
425868,429038,429041,3,3170
425868,429039,429042,3,3171
425868,428987,429042,55,3119
425868,429039,429042,3,3171
425868,429040,429042,2,3172
425868,428984,429043,59,3116
425868,429040,429044,4,3172
425868,429032,429044,12,3164
425868,429041,429046,5,3173
425868,428985,429047,62,3117
425868,429042,429049,7,3174
425868,428983,429049,66,3115
425868,428980,429050,70,3112
425868,428980,429050,70,3112
425868,428981,429051,70,3113
425868,428991,429052,61,3123
425868,428990,429053,63,3122
425868,429025,429053,28,3157
425868,428990,429055,65,3122
425868,428986,429056,70,3118
425868,428991,429057,66,3123
425868,428996,429058,62,3128
425868,428992,429059,67,3124
425868,429031,429059,28,3163
425868,429042,429060,18,3174
425868,429003,429064,61,3135
425868,428996,429067,71,3128
425868,429001,429067,66,3133
425868,429011,429072,61,3143
425868,429030,429075,45,3162
425868,429031,429075,44,3163
425868,429042,429078,36,3174
425868,429021,429078,57,3153
425868,429024,429081,57,3156
425868,429021,429082,61,3153
425868,429043,429082,39,3175
425868,429028,429082,54,3160
425868,429078,429084,6,3210
425868,429081,429085,4,3213
425868,429076,429086,10,3208
425868,429078,429087,9,3210
425868,429029,429087,58,3161
425868,429082,429087,5,3214
425868,429029,429093,64,3161
425868,429049,429095,46,3181
426020,429084,429099,15,3064
426020,429082,429102,20,3062
425868,429044,429102,58,3176
425868,429075,429102,27,3207
425868,429029,429103,74,3161
425868,429046,429106,60,3178
425868,429060,429106,46,3192
425868,429053,429107,54,3185
425868,429047,429107,60,3179
425868,429059,429113,54,3191
425868,429059,429113,54,3191
425868,429050,429114,64,3182
425868,429044,429114,70,3176
425868,429049,429113,64,3181
425868,429050,429115,65,3182
425868,429072,429115,43,3204
425868,429051,429116,65,3183
425868,429052,429115,63,3184
425868,429044,429118,74,3176
425868,429064,429119,55,3196
425868,429055,429121,66,3187
425868,429057,429121,64,3189
426020,429087,429121,34,3067
426020,429085,429121,36,3065
425868,429058,429121,63,3190
425868,429053,429123,70,3185
425868,429056,429126,70,3188
425868,429067,429126,59,3199
426020,429087,429128,41,3067
425868,429067,429128,61,3199
426020,429087,429136,49,3067
426020,429086,429138,52,3066
426020,429102,429140,38,3082
426020,429102,429140,38,3082
426020,429093,429140,47,3073
426020,429129,429139,10,3109
426020,429128,429141,13,3108
426020,429138,429142,4,3118
426020,429140,429143,3,3120
426020,429141,429143,2,3121
426020,429136,429143,7,3116
426020,429140,429143,3,3120
426020,429140,429144,4,3120
426020,429095,429144,49,3075
426020,429099,429144,45,3079
426020,429143,429145,2,3123
426020,429107,429145,38,3087
426020,429140,429144,4,3120
426020,429144,429146,2,3124
426020,429143,429145,2,3123
426020,429142,429145,3,3122
426020,429143,429147,4,3123
426020,429143,429147,4,3123
426020,429144,429147,3,3124
426020,429107,429146,39,3087
426020,429144,429146,2,3124
426020,429145,429148,3,3125
426020,429145,429148,3,3125
426020,429146,429148,2,3126
426020,429103,429149,46,3083
426020,429146,429149,3,3126
426020,429145,429149,4,3125
426020,429103,429151,48,3083
426020,429146,429151,5,3126
426020,429147,429152,5,3127
426020,429107,429154,47,3087
426020,429115,429154,39,3095
426020,429147,429155,8,3127
426020,429106,429158,52,3086
426020,429113,429158,45,3093
426020,429126,429159,33,3106
426020,429114,429163,49,3094
426020,429147,429163,16,3127
426020,429114,429164,50,3094
426020,429115,429166,51,3095
426020,429113,429166,53,3093
426020,429147,429168,21,3127
426020,429118,429170,52,3098
426020,429115,429173,58,3095
426020,429119,429174,55,3099
426020,429116,429175,59,3096
426020,429116,429174,58,3096
426020,429149,429176,27,3129
426020,429121,429178,57,3101
426020,429147,429179,32,3127
426020,429126,429179,53,3106
426020,429121,429181,60,3101
426020,429124,429187,63,3104
426020,429148,429187,39,3128
426020,429121,429191,70,3101
426020,429148,429194,46,3128
426020,429122,429196,74,3102
426020,429121,429198,77,3101
426020,429149,429205,56,3129
426020,429149,429205,56,3129
426020,429148,429206,58,3128
426020,429151,429209,58,3131
426020,429151,429218,67,3131
426020,429154,429221,67,3134
426020,429154,429223,69,3134
426020,429158,429225,67,3138
426020,429168,429233,65,3148
426020,429166,429233,67,3146
426020,429152,429234,82,3132
426020,429170,429236,66,3150
426020,429155,429238,83,3135
426020,429174,429240,66,3154
426020,429159,429241,82,3139
426020,429158,429241,83,3138
426020,429179,429242,63,3159
426020,429164,429244,80,3144
426020,429187,429245,58,3167
426020,429179,429247,68,3159
426020,429163,429248,85,3143
426020,429167,429251,84,3147
426020,429163,429251,88,3143
426020,429176,429252,76,3156
426020,429175,429252,77,3155
426020,429173,429255,82,3153
426020,429181,429256,75,3161
426020,429175,429260,85,3155
426020,429180,429266,86,3160
426020,429195,429268,73,3175
426020,429206,429272,66,3186
426020,429187,429272,85,3167
426020,429205,429273,68,3185
426020,429196,429274,78,3176
426020,429205,429276,71,3185
426020,429191,429277,86,3171
426020,429198,429280,82,3178
426020,429221,429290,69,3201
426020,429209,429290,81,3189
426020,429223,429291,68,3203
426020,429233,429293,60,3213
426020,429238,429293,55,3218
426020,429225,429296,71,3205
426020,429218,429298,80,3198
426020,429236,429300,64,3216
426020,429266,429302,36,3246
426020,429251,429303,52,3231
426020,429245,429303,58,3225
426020,429247,429305,58,3227
426020,429240,429307,67,3220
426020,429234,429307,73,3214
426020,429243,429308,65,3223
426020,429235,429308,73,3215
426020,429251,429311,60,3231
426020,429241,429311,70,3221
426020,429248,429318,70,3228
426020,429252,429319,67,3232
426020,429244,429320,76,3224
426020,429241,429320,79,3221
426020,429272,429320,48,3252
426020,429256,429330,74,3236
425108,428454,429337,883,3346
426020,429255,429337,82,3235
426020,429260,429342,82,3240
426020,429311,429346,35,3291
426020,429273,429347,74,3253
426020,429272,429348,76,3252
426020,429268,429348,80,3248
426020,429276,429349,73,3256
426020,429252,429349,97,3232
426020,429277,429356,79,3257
426020,429290,429359,69,3270
426020,429318,429359,41,3298
426020,429280,429360,80,3260
426020,429305,429361,56,3285
426020,429293,429361,68,3273
426201,429331,429361,30,3130
426201,429359,429362,3,3158
426201,429360,429362,2,3159
426020,429293,429363,70,3273
426201,429361,429362,1,3160
426020,429296,429362,66,3276
426201,429361,429362,1,3160
426201,429362,429363,1,3161
426201,429361,429363,2,3160
426201,429362,429364,2,3161
426201,429363,429365,2,3162
426020,429290,429365,75,3270
426201,429349,429365,16,3148
426020,429275,429366,91,3255
426020,429307,429366,59,3287
426201,429320,429366,46,3119
426201,429337,429371,34,3136
426020,429304,429373,69,3284
426201,429356,429375,19,3155
426020,429293,429375,82,3273
426201,429376,429378,2,3175
426020,429298,429379,81,3278
426201,429348,429379,31,3147
426201,429375,429380,5,3174
426201,429379,429381,2,3178
426020,429302,429381,79,3282
426201,429378,429381,3,3177
426201,429379,429381,2,3178
426020,429308,429381,73,3288
426020,429308,429381,73,3288
426020,429300,429383,83,3280
426201,429380,429383,3,3179
426201,429381,429383,2,3180
426201,429381,429382,1,3180
426201,429381,429384,3,3180
426201,429381,429384,3,3180
426201,429381,429383,2,3180
426201,429382,429385,3,3181
426201,429383,429385,2,3182
426201,429383,429385,2,3182
426201,429383,429386,3,3182
426201,429343,429385,42,3142
426201,429384,429387,3,3183
426201,429384,429387,3,3183
426201,429373,429387,14,3172
426201,429337,429387,50,3136
426201,429383,429386,3,3182
426201,429384,429387,3,3183
426201,429385,429388,3,3184
426201,429386,429388,2,3185
426201,429385,429387,2,3184
426201,429385,429387,2,3184
426201,429387,429389,2,3186
426201,429387,429389,2,3186
426201,429361,429388,27,3160
426201,429386,429388,2,3185
426201,429387,429389,2,3186
426020,429303,429389,86,3283
426201,429387,429390,3,3186
426201,429387,429390,3,3186
426201,429387,429391,4,3186
426020,429312,429391,79,3292
426201,429388,429393,5,3187
426201,429349,429393,44,3148
426201,429347,429393,46,3146
426201,429348,429394,46,3147
426020,429307,429396,89,3287
426201,429388,429397,9,3187
426201,429346,429396,50,3145
426020,429319,429398,79,3299
426201,429364,429402,38,3163
426020,429320,429402,82,3300
426201,429363,429408,45,3162
426201,429366,429409,43,3165
426201,429364,429412,48,3163
426201,429371,429412,41,3170
426201,429388,429412,24,3187
426201,429365,429414,49,3164
426201,429364,429415,51,3163
426201,429365,429416,51,3164
426201,429364,429418,54,3163
426201,429364,429418,54,3163
426201,429367,429418,51,3166
426201,429389,429418,29,3188
426201,429388,429423,35,3187
426201,429389,429425,36,3188
426201,429391,429427,36,3190
426201,429366,429428,62,3165
426201,429365,429428,63,3164
426201,429389,429432,43,3188
426201,429393,429435,42,3192
426201,429389,429436,47,3188
426201,429390,429439,49,3189
426201,429389,429440,51,3188
426201,429394,429441,47,3193
426201,429390,429447,57,3189
426201,429394,429451,57,3193
426201,429393,429453,60,3192
426201,429418,429456,38,3217
426201,429418,429457,39,3217
426201,429390,429460,70,3189
426201,429397,429462,65,3196
426201,429402,429463,61,3201
426201,429398,429464,66,3197
426201,429402,429468,66,3201
426201,429396,429470,74,3195
426201,429409,429471,62,3208
426201,429408,429472,64,3207
426201,429412,429472,60,3211
426201,429391,429473,82,3190
426201,429418,429473,55,3217
426201,429414,429474,60,3213
426201,429427,429477,50,3226
426201,429412,429478,66,3211
426201,429397,429478,81,3196
426201,429415,429480,65,3214
426201,429414,429480,66,3213
426201,429471,429482,11,3270
426201,429439,429484,45,3238
426201,429418,429485,67,3217
426201,429416,429488,72,3215
426201,429426,429490,64,3225
424757,428062,429490,1428,3305
426201,429423,429491,68,3222
426201,429440,429498,58,3239
426201,429428,429502,74,3227
426201,429474,429504,30,3273
426201,429441,429506,65,3240
426201,429435,429506,71,3234
426201,429436,429506,70,3235
426201,429428,429508,80,3227
426201,429479,429510,31,3278
426201,429457,429511,54,3256
426201,429432,429512,80,3231
426201,429454,429512,58,3253
426201,429480,429513,33,3279
426201,429456,429513,57,3255
426201,429473,429516,43,3272
426201,429463,429519,56,3262
426201,429490,429520,30,3289
426201,429451,429520,69,3250
426201,429447,429523,76,3246
426201,429462,429525,63,3261
426201,429477,429526,49,3276
426201,429468,429529,61,3267
426201,429472,429531,59,3271
426201,429473,429537,64,3272
426201,429460,429537,77,3259
426201,429470,429538,68,3269
426201,429464,429539,75,3263
426201,429482,429540,58,3281
426201,429484,429545,61,3283
426201,429480,429547,67,3279
426201,429473,429550,77,3272
426201,429480,429553,73,3279
426201,429525,429556,31,3324
426201,429488,429559,71,3287
426201,429511,429560,49,3310
426201,429490,429562,72,3289
426201,429506,429562,56,3305
426201,429485,429562,77,3284
426371,429531,429563,32,3160
426201,429504,429563,59,3303
426201,429491,429565,74,3290
426201,429502,429567,65,3301
426371,429529,429568,39,3158
426201,429511,429572,61,3310
426201,429513,429573,60,3312
426201,429512,429574,62,3311
426201,429498,429574,76,3297
426201,429506,429574,68,3305
426201,429513,429574,61,3312
426371,429537,429575,38,3166
426201,429507,429576,69,3306
426201,429508,429577,69,3307
426201,429520,429577,57,3319
424896,428262,429581,1319,3366
426201,429519,429581,62,3318
426371,429537,429585,48,3166
426371,429546,429586,40,3175
426201,429520,429588,68,3319
426201,429516,429589,73,3315
426371,429586,429590,4,3215
426371,429588,429590,2,3217
426201,429512,429591,79,3311
426371,429589,429591,2,3218
426371,429541,429591,50,3170
426371,429547,429591,44,3176
426371,429591,429592,1,3220
426371,429591,429593,2,3220
426371,429590,429592,2,3219
426371,429592,429593,1,3221
426371,429591,429594,3,3220
426371,429592,429594,2,3221
426371,429593,429595,2,3222
426371,429592,429594,2,3221
426371,429538,429596,58,3167
426371,429593,429596,3,3222
426371,429593,429596,3,3222
426371,429594,429596,2,3223
426371,429594,429596,2,3223
426371,429595,429597,2,3224
426371,429595,429597,2,3224
426371,429585,429596,11,3214
426371,429596,429598,2,3225
426371,429539,429597,58,3168
426371,429596,429599,3,3225
426371,429596,429599,3,3225
426371,429597,429599,2,3226
426371,429596,429598,2,3225
426371,429597,429599,2,3226
426371,429598,429600,2,3227
426371,429596,429599,3,3225
426371,429598,429600,2,3227
426201,429523,429601,78,3322
426371,429599,429602,3,3228
426371,429599,429602,3,3228
426371,429599,429602,3,3228
426371,429599,429601,2,3228
426371,429550,429603,53,3179
426371,429562,429604,42,3191
426371,429556,429604,48,3185
426371,429599,429605,6,3228
426371,429560,429606,46,3189
426371,429600,429608,8,3229
426371,429565,429609,44,3194
426371,429581,429612,31,3210
426371,429553,429613,60,3182
426371,429563,429613,50,3192
426371,429573,429614,41,3202
426371,429564,429614,50,3193
426371,429559,429615,56,3188
426371,429574,429615,41,3203
426371,429563,429617,54,3192
426371,429576,429619,43,3205
426371,429572,429620,48,3201
426371,429567,429622,55,3196
426371,429562,429623,61,3191
426371,429600,429623,23,3229
426371,429574,429625,51,3203
426371,429574,429627,53,3203
426371,429579,429627,48,3208
426371,429602,429629,27,3231
426371,429568,429630,62,3197
426371,429577,429631,54,3206
426371,429576,429634,58,3205
426371,429575,429637,62,3204
426371,429581,429637,56,3210
426371,429600,429638,38,3229
426371,429600,429638,38,3229
426371,429602,429650,48,3231
426371,429601,429653,52,3230
426371,429602,429655,53,3231
426371,429608,429655,47,3237
426371,429604,429657,53,3233
426371,429606,429659,53,3235
426371,429610,429661,51,3239
426371,429604,429663,59,3233
426371,429605,429664,59,3234
426371,429614,429665,51,3243
426371,429602,429670,68,3231
426371,429614,429670,56,3243
426371,429603,429670,67,3232
426371,429616,429672,56,3245
426371,429620,429673,53,3249
426371,429612,429674,62,3241
425810,428896,429674,778,3086
426371,429617,429675,58,3246
426371,429620,429679,59,3249
426371,429623,429683,60,3252
426371,429613,429686,73,3242
426371,429615,429687,72,3244
426371,429623,429687,64,3252
426371,429622,429688,66,3251
426371,429613,429689,76,3242
426371,429627,429689,62,3256
426371,429625,429694,69,3254
426371,429631,429694,63,3260
426371,429627,429700,73,3256
426371,429638,429700,62,3267
426371,429630,429701,71,3259
426371,429634,429702,68,3263
426371,429629,429704,75,3258
426371,429638,429706,68,3267
426371,429638,429708,70,3267
426371,429650,429712,62,3279
426371,429637,429713,76,3266
426371,429659,429715,56,3288
426371,429657,429718,61,3286
426371,429655,429719,64,3284
426371,429690,429720,30,3319
426371,429663,429721,58,3292
426371,429665,429722,57,3294
426371,429653,429726,73,3282
426371,429655,429727,72,3284
426371,429670,429728,58,3299
426371,429670,429728,58,3299
426371,429661,429730,69,3290
426371,429672,429730,58,3301
426371,429673,429732,59,3302
426371,429674,429735,61,3303
426371,429664,429735,71,3293
426371,429701,429736,35,3330
426371,429689,429736,47,3318
426371,429675,429738,63,3304
426371,429683,429739,56,3312
426371,429675,429739,64,3304
426371,429670,429743,73,3299
426371,429679,429744,65,3308
426371,429688,429758,70,3317
426371,429687,429761,74,3316
426371,429686,429765,79,3315
426371,429694,429765,71,3323
426371,429694,429766,72,3323
426735,429739,429767,28,3004
426371,429702,429767,65,3331
426371,429687,429768,81,3316
426371,429720,429768,48,3349
426371,429700,429772,72,3329
426371,429712,429773,61,3341
426371,429716,429774,58,3345
426371,429704,429774,70,3333
426371,429700,429775,75,3329
426371,429722,429778,56,3351
426371,429718,429779,61,3347
426371,429721,429780,59,3350
426371,429708,429781,73,3337
426371,429720,429782,62,3349
426371,429732,429783,51,3361
426371,429706,429783,77,3335
426735,429739,429784,45,3004
426371,429714,429785,71,3343
426371,429737,429786,49,3366
426371,429728,429786,58,3357
426371,429730,429787,57,3359
426735,429744,429791,47,3009
426371,429735,429791,56,3364
426371,429728,429792,64,3357
426371,429726,429795,69,3355
426371,429730,429795,65,3359
426371,429727,429799,72,3356
426735,429799,429804,5,3064
426371,429736,429805,69,3365
426371,429735,429807,72,3364
426735,429804,429807,3,3069
426735,429743,429808,65,3008
426735,429805,429808,3,3070
426735,429807,429810,3,3072
426735,429807,429810,3,3072
426735,429808,429810,2,3073
426735,429786,429810,24,3051
426735,429808,429811,3,3073
426735,429765,429812,47,3030
426735,429810,429812,2,3075
426735,429810,429812,2,3075
426735,429810,429813,3,3075
426735,429795,429813,18,3060
426735,429810,429812,2,3075
426735,429812,429814,2,3077
426735,429812,429814,2,3077
426735,429811,429813,2,3076
426735,429812,429815,3,3077
426735,429813,429815,2,3078
426735,429813,429816,3,3078
426735,429813,429816,3,3078
426735,429814,429816,2,3079
426735,429814,429817,3,3079
426735,429758,429816,58,3023
426735,429815,429817,2,3080
426735,429768,429818,50,3033
426735,429815,429818,3,3080
426735,429816,429818,2,3081
426735,429814,429817,3,3079
426735,429816,429819,3,3081
426735,429767,429818,51,3032
426735,429816,429818,2,3081
426735,429817,429820,3,3082
426735,429817,429820,3,3082
426735,429783,429820,37,3048
426735,429817,429820,3,3082
426735,429818,429821,3,3083
426735,429767,429821,54,3032
426735,429818,429821,3,3083
426735,429774,429822,48,3039
426735,429818,429822,4,3083
426735,429773,429823,50,3038
426735,429770,429824,54,3035
426735,429761,429826,65,3026
426735,429779,429827,48,3044
426735,429765,429827,62,3030
426735,429766,429828,62,3031
426735,429780,429829,49,3045
426735,429772,429829,57,3037
426735,429818,429830,12,3083
426735,429778,429830,52,3043
426735,429784,429830,46,3049
426735,429774,429831,57,3039
426735,429782,429833,51,3047
426735,429786,429833,47,3051
426735,429791,429833,42,3056
426735,429775,429834,59,3040
426735,429795,429836,41,3060
426735,429781,429838,57,3046
426735,429788,429839,51,3053
426735,429791,429839,48,3056
426735,429820,429840,20,3085
426735,429819,429840,21,3084
426735,429785,429841,56,3050
426735,429783,429842,59,3048
426735,429819,429845,26,3084
426735,429819,429846,27,3084
426735,429792,429847,55,3057
426735,429821,429855,34,3086
426735,429821,429863,42,3086
426735,429820,429869,49,3085
426735,429820,429869,49,3085
426735,429820,429870,50,3085
426735,429839,429871,32,3104
426735,429823,429878,55,3088
426735,429827,429878,51,3092
426735,429824,429880,56,3089
426735,429822,429881,59,3087
426735,429822,429882,60,3087
426735,429829,429884,55,3094
426735,429827,429885,58,3092
426735,429833,429888,55,3098
425868,429082,429889,807,3214
426735,429829,429890,61,3094
426735,429831,429891,60,3096
426735,429822,429893,71,3087
426735,429830,429894,64,3095
426735,429826,429894,68,3091
426735,429839,429895,56,3104
426735,429834,429897,63,3099
426735,429834,429899,65,3099
426735,429828,429900,72,3093
426735,429843,429904,61,3108
426735,429838,429905,67,3103
426735,429834,429907,73,3099
426735,429836,429908,72,3101
426735,429899,429909,10,3164
426735,429832,429908,76,3097
426735,429897,429909,12,3162
426735,429830,429910,80,3095
426735,429895,429911,16,3160
426735,429840,429910,70,3105
426735,429896,429912,16,3161
426735,429840,429912,72,3105
426735,429846,429912,66,3111
426735,429841,429914,73,3106
426735,429845,429915,70,3110
426735,429847,429920,73,3112
426735,429863,429922,59,3128
426735,429900,429923,23,3165
426735,429904,429923,19,3169
426735,429869,429926,57,3134
426735,429855,429927,72,3120
426735,429871,429930,59,3136
426735,429894,429932,38,3159
426735,429882,429937,55,3147
426735,429878,429940,62,3143
426735,429869,429941,72,3134
426735,429870,429941,71,3135
426735,429912,429943,31,3177
426735,429880,429944,64,3145
426735,429905,429945,40,3170
426735,429878,429945,67,3143
426735,429881,429944,63,3146
426735,429907,429945,38,3172
426735,429884,429946,62,3149
426735,429885,429947,62,3150
426735,429909,429948,39,3174
426735,429893,429948,55,3158
426735,429912,429949,37,3177
426735,429888,429949,61,3153
426735,429911,429951,40,3176
426735,429930,429951,21,3195
426735,429890,429952,62,3155
426735,429891,429954,63,3156
426735,429944,429954,10,3209
426735,429890,429957,67,3155
426735,429943,429962,19,3208
426735,429911,429962,51,3176
426735,429937,429968,31,3202
427118,429946,429970,24,2828
426735,429908,429972,64,3173
426735,429910,429975,65,3175
426735,429909,429979,70,3174
426735,429915,429979,64,3180
426735,429923,429980,57,3188
426735,429926,429980,54,3191
426735,429914,429981,67,3179
427118,429948,429982,34,2830
426735,429932,429983,51,3197
426735,429927,429983,56,3192
426735,429909,429983,74,3174
426735,429920,429984,64,3185
427118,429945,429990,45,2827
425804,428727,429990,1263,2923
427118,429952,429991,39,2834
426735,429923,429992,69,3188
426735,429941,429992,51,3206
426735,429913,429992,79,3178
427118,429947,429992,45,2829
427118,429950,429995,45,2832
427118,429993,429995,2,2875
427118,429995,429997,2,2877
426735,429923,429997,74,3188
427118,429954,429997,43,2836
426735,429940,429996,56,3205
427118,429995,429997,2,2877
427118,429992,429998,6,2874
427118,429997,429999,2,2879
427118,429997,429999,2,2879
427118,429951,429999,48,2833
427118,429945,429999,54,2827
427118,429951,429998,47,2833
427118,429997,429998,1,2879
427118,429997,430000,3,2879
427118,429997,429999,2,2879
427118,429949,430001,52,2831
427118,429999,430001,2,2881
427118,429999,430000,1,2881
427118,429999,430000,1,2881
427118,429999,430002,3,2881
427118,429998,430001,3,2880
427118,429999,430002,3,2881
427118,429999,430001,2,2881
427118,430000,430002,2,2882
427118,429948,430003,55,2830
427118,430001,430003,2,2883
427118,429945,430003,58,2827
427118,430002,430003,1,2884
427118,430002,430003,1,2884
427118,429992,430004,12,2874
427118,430000,430004,4,2882
427118,430001,430003,2,2883
427118,429957,430005,48,2839
427118,430002,430005,3,2884
427118,430002,430004,2,2884
427118,430003,430005,2,2885
427118,430002,430004,2,2884
427118,430002,430004,2,2884
427118,430002,430004,2,2884
427118,430003,430006,3,2885
427118,430003,430005,2,2885
427118,430003,430007,4,2885
427118,429954,430007,53,2836
427118,430003,430009,6,2885
426735,429941,430009,68,3206
427118,430004,430014,10,2886
427118,430004,430018,14,2886
427118,429962,430019,57,2844
427118,429979,430020,41,2861
427118,429968,430020,52,2850
427118,429962,430020,58,2844
427118,429970,430020,50,2852
427118,429992,430022,30,2874
427118,429983,430025,42,2865
427118,429991,430029,38,2873
427118,429982,430030,48,2864
427118,429980,430031,51,2862
427118,429980,430032,52,2862
427118,429991,430033,42,2873
427118,429975,430035,60,2857
427118,429991,430039,48,2873
427118,429984,430040,56,2866
427118,429979,430041,62,2861
427118,430004,430040,36,2886
427118,429981,430042,61,2863
427118,429972,430043,71,2854
427118,429983,430044,61,2865
427118,429984,430046,62,2866
427118,430007,430046,39,2889
427118,430005,430046,41,2887
427118,430006,430047,41,2888
427118,430005,430052,47,2887
427118,430005,430055,50,2887
427118,430005,430057,52,2887
427118,430020,430057,37,2902
427118,430005,430057,52,2887
427118,430009,430061,52,2891
427118,430005,430062,57,2887
427118,430007,430062,55,2889
427118,430006,430064,58,2888
427118,430009,430065,56,2891
427118,430005,430066,61,2887
427118,430021,430069,48,2903
427118,430020,430073,53,2902
427118,430018,430079,61,2900
427118,430025,430082,57,2907
427118,430020,430083,63,2902
427118,430030,430086,56,2912
427118,430019,430087,68,2901
427118,430014,430088,74,2896
427118,430031,430089,58,2913
427118,430032,430089,57,2914
427118,430082,430091,9,2964
427118,430086,430090,4,2968
427118,430031,430092,61,2913
427118,430033,430093,60,2915
427118,430083,430093,10,2965
427118,430041,430094,53,2923
427118,430087,430094,7,2969
427118,430089,430094,5,2971
427118,430079,430095,16,2961
427118,430088,430095,7,2970
427118,430022,430098,76,2904
427118,430066,430099,33,2948
427118,430073,430099,26,2955
427118,430062,430099,37,2944
427118,430047,430100,53,2929
427118,430089,430102,13,2971
427118,430091,430102,11,2973
427118,430057,430103,46,2939
427118,430040,430106,66,2922
427118,430091,430108,17,2973
427118,430102,430108,6,2984
427118,430037,430109,72,2919
427118,430039,430109,70,2921
427118,430092,430110,18,2974
427118,430046,430110,64,2928
427118,430057,430111,54,2939
427118,430100,430112,12,2982
427118,430041,430113,72,2923
427118,430056,430117,61,2938
427118,430046,430117,71,2928
427118,430044,430119,75,2926
427118,430042,430120,78,2924
427118,430052,430122,70,2934
427118,430046,430122,76,2928
427118,430066,430122,56,2948
427118,430062,430124,62,2944
427118,430064,430127,63,2946
427118,430061,430130,69,2943
427118,430044,430131,87,2926
427118,430069,430132,63,2951
427118,430093,430134,41,2975
427118,430113,430135,22,2995
427118,430057,430135,78,2939
427118,430117,430138,21,2999
427118,430093,430139,46,2975
427118,430112,430145,33,2994
427118,430094,430149,55,2976
427118,430096,430152,56,2978
427118,430099,430153,54,2981
427118,430102,430153,51,2984
427118,430095,430154,59,2977
427118,430099,430153,54,2981
427118,430103,430157,54,2985
427159,430122,430162,40,2963
427118,430094,430162,68,2976
427118,430094,430164,70,2976
427118,430099,430164,65,2981
427118,430110,430164,54,2992
427118,430109,430166,57,2991
427118,430112,430166,54,2994
427159,430120,430167,47,2961
427159,430119,430167,48,2960
427118,430098,430168,70,2980
427118,430106,430168,62,2988
427159,430132,430168,36,2973
427118,430109,430167,58,2991
427118,430111,430170,59,2993
427159,430168,430171,3,3009
427159,430170,430173,3,3011
427159,430171,430173,2,3012
427159,430122,430174,52,2963
427159,430127,430174,47,2968
427159,430173,430175,2,3014
427159,430135,430175,40,2976
427118,430109,430175,66,2991
427159,430173,430174,1,3014
427159,430122,430176,54,2963
427159,430168,430176,8,3009
427159,430174,430176,2,3015
427159,430175,430177,2,3016
427159,430175,430176,1,3016
427159,430175,430177,2,3016
427118,430109,430176,67,2991
427159,430175,430177,2,3016
427159,430176,430178,2,3017
427159,430175,430178,3,3016
427159,430176,430178,2,3017
427159,430176,430178,2,3017
427159,430177,430179,2,3018
427159,430177,430178,1,3018
427159,430177,430179,2,3018
427159,430178,430180,2,3019
427159,430178,430179,1,3019
427159,430178,430180,2,3019
427159,430177,430180,3,3018
427159,430179,430181,2,3020
427159,430179,430181,2,3020
427159,430178,430181,3,3019
427159,430179,430180,1,3020
427159,430179,430180,1,3020
427159,430124,430182,58,2965
427159,430180,430183,3,3021
427159,430180,430183,3,3021
427159,430181,430183,2,3022
427159,430134,430184,50,2975
427159,430181,430185,4,3022
427159,430138,430185,47,2979
427159,430130,430185,55,2971
427159,430181,430185,4,3022
427159,430181,430187,6,3022
427159,430135,430189,54,2976
427159,430139,430189,50,2980
427159,430131,430192,61,2972
427159,430149,430193,44,2990
427159,430168,430198,30,3009
427159,430181,430198,17,3022
427159,430146,430199,53,2987
427159,430182,430201,19,3023
427159,430154,430201,47,2995
427159,430153,430202,49,2994
427159,430162,430202,40,3003
427159,430168,430203,35,3009
427159,430154,430204,50,2995
427159,430167,430206,39,3008
427159,430166,430207,41,3007
427159,430152,430208,56,2993
427159,430157,430210,53,2998
427159,430164,430210,46,3005
427159,430185,430211,26,3026
427159,430164,430213,49,3005
427159,430153,430215,62,2994
427159,430182,430217,35,3023
427159,430166,430220,54,3007
427159,430167,430220,53,3008
427159,430164,430222,58,3005
427159,430182,430224,42,3023
427159,430162,430225,63,3003
427159,430183,430226,43,3024
427159,430183,430227,44,3024
427159,430184,430233,49,3025
427159,430183,430235,52,3024
427159,430188,430240,52,3029
427159,430202,430241,39,3043
427159,430185,430243,58,3026
427159,430193,430246,53,3034
427159,430203,430248,45,3044
427159,430186,430251,65,3027
427159,430186,430254,68,3027
427159,430198,430255,57,3039
427159,430189,430256,67,3030
427159,430201,430257,56,3042
427159,430189,430259,70,3030
427159,430192,430259,67,3033
427159,430201,430260,59,3042
427159,430202,430262,60,3043
427159,430211,430263,52,3052
427159,430199,430263,64,3040
427159,430205,430263,58,3046
427159,430207,430266,59,3048
427159,430220,430266,46,3061
427159,430220,430266,46,3061
427159,430198,430272,74,3039
427159,430206,430272,66,3047
427159,430211,430274,63,3052
427159,430215,430275,60,3056
427159,430217,430275,58,3058
427159,430210,430276,66,3051
427159,430208,430278,70,3049
427159,430213,430282,69,3054
427159,430224,430286,62,3065
427159,430227,430287,60,3068
427159,430226,430287,61,3067
427159,430225,430288,63,3066
427159,430222,430292,70,3063
427159,430241,430293,52,3082
427159,430266,430299,33,3107
427159,430240,430302,62,3081
427159,430235,430303,68,3076
427159,430244,430302,58,3085
427159,430263,430302,39,3104
427159,430246,430305,59,3087
427159,430233,430308,75,3074
427159,430257,430312,55,3098
427159,430248,430313,65,3089
427159,430260,430316,56,3101
427159,430266,430316,50,3107
427159,430262,430317,55,3103
427159,430272,430317,45,3113
427159,430275,430319,44,3116
427159,430259,430320,61,3100
427159,430263,430320,57,3104
427159,430266,430322,56,3107
427159,430254,430323,69,3095
427159,430255,430326,71,3096
427159,430251,430326,75,3092
427159,430256,430328,72,3097
427159,430259,430330,71,3100
427159,430288,430334,46,3129
427159,430320,430335,15,3161
427159,430263,430335,72,3104
427159,430275,430337,62,3116
427159,430272,430345,73,3113
427159,430287,430346,59,3128
427159,430276,430346,70,3117
427159,430274,430346,72,3115
427159,430319,430349,30,3160
427159,430278,430351,73,3119
427159,430293,430353,60,3134
427159,430286,430355,69,3127
427159,430282,430356,74,3123
427159,430302,430357,55,3143
427159,430303,430358,55,3144
427159,430287,430360,73,3128
427159,430299,430362,63,3140
427159,430292,430362,70,3133
427294,430322,430363,41,3028
427159,430303,430363,60,3144
427159,430305,430366,61,3146
427159,430308,430368,60,3149
427159,430312,430371,59,3153
427159,430316,430371,55,3157
427159,430303,430371,68,3144
427159,430317,430376,59,3158
427159,430316,430377,61,3157
427159,430313,430378,65,3154
427294,430326,430379,53,3032
427294,430328,430383,55,3034
427294,430323,430383,60,3029
427294,430326,430383,57,3032
427294,430383,430386,3,3089
427294,430337,430386,49,3043
427294,430383,430388,5,3089
427294,430386,430388,2,3092
427159,430317,430389,72,3158
427294,430386,430389,3,3092
427294,430388,430390,2,3094
427294,430335,430390,55,3041
427294,430388,430390,2,3094
427294,430389,430391,2,3095
427294,430389,430392,3,3095
427294,430390,430391,1,3096
427294,430390,430392,2,3096
427294,430383,430393,10,3089
427294,430390,430393,3,3096
427294,430349,430393,44,3055
427294,430346,430393,47,3052
427294,430391,430393,2,3097
427294,430392,430394,2,3098
427294,430392,430394,2,3098
427294,430393,430395,2,3099
427294,430330,430395,65,3036
427294,430335,430395,60,3041
427294,430393,430395,2,3099
427294,430393,430395,2,3099
427294,430393,430395,2,3099
427294,430394,430396,2,3100
427294,430393,430395,2,3099
427294,430394,430397,3,3100
427294,430395,430397,2,3101
427294,430394,430396,2,3100
427294,430395,430396,1,3101
427294,430396,430398,2,3102
427294,430395,430398,3,3101
427294,430395,430398,3,3101
427294,430395,430397,2,3101
427294,430395,430398,3,3101
427294,430396,430399,3,3102
427294,430397,430400,3,3103
427294,430357,430399,42,3063
427294,430334,430399,65,3040
427294,430397,430401,4,3103
427294,430351,430401,50,3057
427294,430363,430403,40,3069
427294,430354,430405,51,3060
427294,430379,430407,28,3085
427294,430397,430407,10,3103
427294,430346,430407,61,3052
427294,430348,430408,60,3054
427294,430366,430408,42,3072
427294,430362,430412,50,3068
427294,430359,430413,54,3065
427294,430377,430413,36,3083
427294,430346,430413,67,3052
427294,430364,430413,49,3070
427294,430356,430414,58,3062
427294,430371,430415,44,3077
427294,430371,430416,45,3077
427294,430355,430417,62,3061
427294,430376,430417,41,3082
427294,430398,430418,20,3104
427294,430368,430418,50,3074
427294,430398,430418,20,3104
427294,430362,430420,58,3068
427294,430379,430421,42,3085
427294,430360,430421,61,3066
427294,430371,430425,54,3077
427294,430398,430431,33,3104
427294,430398,430447,49,3104
427294,430400,430449,49,3106
427294,430403,430451,48,3109
427294,430406,430454,48,3112
427294,430401,430456,55,3107
427294,430398,430457,59,3104
427294,430398,430458,60,3104
427294,430401,430458,57,3107
427294,430399,430460,61,3105
427294,430414,430461,47,3120
427294,430408,430461,53,3114
427294,430413,430463,50,3119
427294,430400,430463,63,3106
427294,430400,430463,63,3106
427294,430417,430467,50,3123
427294,430407,430469,62,3113
427294,430413,430469,56,3119
427294,430415,430470,55,3121
427294,430418,430471,53,3124
427294,430408,430472,64,3114
427294,430414,430473,59,3120
427294,430407,430472,65,3113
427294,430418,430473,55,3124
427294,430408,430473,65,3114
427294,430417,430476,59,3123
427294,430471,430478,7,3177
427294,430473,430478,5,3179
427294,430473,430479,6,3179
427294,430412,430480,68,3118
427294,430472,430479,7,3178
427294,430474,430480,6,3180
427294,430414,430482,68,3120
427294,430470,430483,13,3176
427294,430461,430484,23,3167
427294,430474,430485,11,3180
427294,430476,430486,10,3182
427294,430417,430487,70,3123
427294,430469,430488,19,3175
427294,430418,430488,70,3124
427294,430421,430489,68,3127
427294,430421,430490,69,3127
427294,430478,430490,12,3184
427294,430469,430492,23,3175
427294,430420,430493,73,3126
427294,430431,430494,63,3137
427294,430461,430494,33,3167
427294,430425,430495,70,3131
427294,430460,430501,41,3166
427294,430467,430505,38,3173
427294,430449,430506,57,3155
427294,430451,430509,58,3157
427294,430459,430510,51,3165
427294,430456,430510,54,3162
427294,430454,430515,61,3160
427294,430463,430518,55,3169
427294,430447,430518,71,3153
427294,430457,430523,66,3163
427294,430463,430524,61,3169
427294,430510,430526,16,3216
427294,430458,430527,69,3164
427294,430464,430528,64,3170
427294,430515,430529,14,3221
427294,430478,430529,51,3184
427294,430483,430531,48,3189
427294,430480,430533,53,3186
427294,430480,430532,52,3186
427294,430479,430534,55,3185
427294,430510,430537,27,3216
427294,430484,430539,55,3190
427316,430526,430541,15,3210
427294,430486,430541,55,3192
427294,430494,430544,50,3200
427294,430490,430545,55,3196
427294,430488,430545,57,3194
427294,430485,430547,62,3191
427294,430480,430548,68,3186
427294,430482,430547,65,3188
427294,430495,430549,54,3201
427316,430527,430551,24,3211
427294,430489,430552,63,3195
427294,430506,430552,46,3212
427294,430509,430553,44,3215
427294,430487,430553,66,3193
427294,430490,430554,64,3196
427294,430492,430555,63,3198
427294,430493,430558,65,3199
427294,430489,430558,69,3195
427294,430505,430560,55,3211
427294,430495,430561,66,3201
427316,430518,430565,47,3202
427294,430501,430567,66,3207
426021,429320,430573,1253,3299
427316,430524,430575,51,3208
427316,430529,430575,46,3213
427316,430573,430576,3,3257
427316,430541,430575,34,3225
427316,430567,430577,10,3251
427316,430575,430577,2,3259
427316,430575,430578,3,3259
427316,430523,430578,55,3207
427316,430576,430579,3,3260
427316,430576,430578,2,3260
427316,430577,430579,2,3261
427316,430577,430579,2,3261
427316,430531,430580,49,3215
427316,430579,430581,2,3263
427316,430578,430581,3,3262
427316,430578,430581,3,3262
427316,430579,430581,2,3263
427316,430580,430582,2,3264
427316,430579,430582,3,3263
427316,430539,430582,43,3223
427316,430579,430581,2,3263
427316,430529,430581,52,3213
427316,430581,430583,2,3265
427316,430581,430582,1,3265
427316,430582,430584,2,3266
427316,430581,430584,3,3265
427316,430581,430584,3,3265
427316,430582,430584,2,3266
427316,430582,430583,1,3266
427316,430541,430585,44,3225
427316,430582,430584,2,3266
427316,430584,430586,2,3268
427316,430584,430586,2,3268
427316,430582,430585,3,3266
427316,430584,430585,1,3268
427316,430584,430586,2,3268
427316,430528,430586,58,3212
427316,430584,430587,3,3268
427316,430584,430587,3,3268
427316,430585,430588,3,3269
427316,430584,430587,3,3268
427316,430534,430588,54,3218
427316,430560,430589,29,3244
427316,430533,430588,55,3217
427316,430585,430592,7,3269
427316,430548,430595,47,3232
427316,430586,430597,11,3270
427316,430533,430597,64,3217
427316,430565,430599,34,3249
427316,430552,430598,46,3236
427316,430547,430599,52,3231
427316,430546,430600,54,3230
427316,430553,430600,47,3237
427316,430544,430601,57,3228
427316,430550,430601,51,3234
427316,430545,430602,57,3229
427316,430537,430602,65,3221
427316,430561,430603,42,3245
426372,429738,430606,868,3366
427316,430558,430606,48,3242
427316,430589,430608,19,3273
427316,430551,430609,58,3235
427316,430548,430610,62,3232
427316,430552,430611,59,3236
427316,430553,430611,58,3237
427316,430586,430612,26,3270
427316,430554,430615,61,3238
427316,430588,430615,27,3272
427316,430555,430617,62,3239
427316,430558,430616,58,3242
427316,430586,430617,31,3270
427316,430587,430620,33,3271
427316,430587,430627,40,3271
427316,430586,430627,41,3270
427316,430587,430628,41,3271
427316,430588,430639,51,3272
427316,430602,430641,39,3286
427316,430586,430642,56,3270
427316,430589,430643,54,3273
427316,430588,430644,56,3272
427316,430627,430646,19,3311
427316,430599,430648,49,3283
426202,429526,430648,1122,3324
427316,430592,430651,59,3276
427316,430600,430653,53,3284
427316,430601,430653,52,3285
427316,430615,430654,39,3299
427316,430608,430654,46,3292
427316,430598,430658,60,3282
427316,430599,430658,59,3283
427316,430600,430658,58,3284
427316,430596,430661,65,3280
427316,430602,430663,61,3286
427316,430599,430662,63,3283
427316,430654,430663,9,3338
427316,430606,430664,58,3290
427316,430598,430665,67,3282
427316,430659,430666,7,3343
427316,430658,430666,8,3342
427316,430658,430666,8,3342
427316,430602,430669,67,3286
427316,430661,430670,9,3345
427316,430603,430670,67,3287
427316,430663,430672,9,3347
427316,430663,430672,9,3347
427316,430654,430672,18,3338
427316,430606,430674,68,3290
427316,430663,430675,12,3347
427316,430609,430676,67,3293
427316,430611,430681,70,3295
427316,430610,430682,72,3294
427316,430620,430683,63,3304
427316,430615,430683,68,3299
427316,430611,430683,72,3295
427316,430618,430685,67,3302
427316,430653,430686,33,3337
427316,430613,430689,76,3297
427316,430664,430689,25,3348
427316,430617,430690,73,3301
427316,430653,430693,40,3337
427316,430639,430697,58,3323
427316,430627,430697,70,3311
427316,430617,430699,82,3301
427316,430641,430700,59,3325
427316,430628,430701,73,3312
427316,430644,430702,58,3328
427316,430644,430705,61,3328
427316,430699,430705,6,3383
427316,430646,430706,60,3330
427316,430648,430706,58,3332
427316,430665,430708,43,3349
427316,430698,430711,13,3382
427316,430642,430711,69,3326
427316,430651,430716,65,3335
427316,430648,430720,72,3332
427316,430672,430724,52,3356
427316,430673,430725,52,3357
427316,430666,430726,60,3350
427316,430697,430729,32,3381
427316,430670,430730,60,3354
427316,430667,430730,63,3351
427316,430666,430735,69,3350
427316,430694,430735,41,3378
427316,430673,430737,64,3357
427316,430675,430740,65,3359
427316,430683,430741,58,3367
427316,430670,430741,71,3354
427316,430674,430741,67,3358
427316,430669,430744,75,3353
427316,430685,430744,59,3369
427316,430676,430745,69,3360
428159,430705,430746,41,2546
427316,430686,430746,60,3370
428159,430707,430746,39,2548
427316,430689,430747,58,3373
427316,430682,430748,66,3366
428159,430702,430750,48,2543
427316,430683,430751,68,3367
428159,430706,430751,45,2547
428159,430701,430751,50,2542
427316,430681,430751,70,3365
428159,430716,430755,39,2557
428159,430705,430755,50,2546
428159,430755,430758,3,2596
428159,430755,430758,3,2596
427316,430689,430759,70,3373
427316,430690,430759,69,3374
428159,430758,430759,1,2599
428159,430758,430760,2,2599
427316,430683,430761,78,3367
428159,430711,430761,50,2552
428159,430759,430761,2,2600
428159,430760,430762,2,2601
428159,430759,430762,3,2600
428159,430760,430763,3,2601
428159,430761,430763,2,2602
428159,430752,430764,12,2593
428159,430761,430764,3,2602
428159,430762,430764,2,2603
428159,430761,430763,2,2602
428159,430764,430766,2,2605
428159,430763,430766,3,2604
428159,430763,430765,2,2604
428159,430763,430765,2,2604
428159,430764,430766,2,2605
428159,430764,430767,3,2605
428159,430711,430767,56,2552
428159,430764,430766,2,2605
428159,430766,430767,1,2607
428159,430729,430768,39,2570
428159,430766,430768,2,2607
428159,430766,430769,3,2607
428159,430708,430768,60,2549
428159,430766,430769,3,2607
428159,430767,430769,2,2608
428159,430766,430769,3,2607
428159,430768,430770,2,2609
428159,430767,430769,2,2608
428159,430768,430771,3,2609
428159,430767,430770,3,2608
428159,430769,430771,2,2610
428159,430725,430772,47,2566
428159,430769,430772,3,2610
428159,430726,430774,48,2567
428159,430769,430775,6,2610
428159,430725,430776,51,2566
428159,430720,430777,57,2561
428159,430751,430778,27,2592
428159,430730,430782,52,2571
428159,430737,430782,45,2578
428159,430744,430785,41,2585
428159,430769,430785,16,2610
428159,430741,430787,46,2582
428159,430736,430789,53,2577
428159,430730,430790,60,2571
428159,430746,430793,47,2587
428159,430747,430793,46,2588
428159,430741,430793,52,2582
428159,430742,430795,53,2583
428159,430746,430795,49,2587
428159,430750,430796,46,2591
428159,430735,430796,61,2576
428159,430751,430797,46,2592
428159,430745,430797,52,2586
428159,430751,430798,47,2592
428159,430744,430800,56,2585
428159,430741,430800,59,2582
428159,430746,430801,55,2587
428159,430769,430802,33,2610
428159,430748,430804,56,2589
428159,430771,430813,42,2612
428159,430770,430814,44,2611
428159,430770,430818,48,2611
428159,430772,430822,50,2613
428159,430774,430822,48,2615
428159,430771,430825,54,2612
428159,430771,430826,55,2612
428159,430770,430829,59,2611
428159,430778,430830,52,2619
428159,430776,430833,57,2617
428159,430782,430836,54,2623
428159,430772,430836,64,2613
428159,430785,430836,51,2626
428159,430775,430838,63,2616
428159,430789,430838,49,2630
428159,430777,430840,63,2618
428159,430787,430842,55,2628
428159,430794,430843,49,2635
428159,430783,430844,61,2624
428159,430796,430846,50,2637
428159,430794,430847,53,2635
428159,430838,430847,9,2679
428159,430795,430847,52,2636
428159,430822,430848,26,2663
428159,430843,430848,5,2684
428159,430844,430848,4,2685
428159,430793,430849,56,2634
428159,430842,430849,7,2683
428159,430785,430849,64,2626
428159,430846,430849,3,2687
428159,430847,430851,4,2688
428159,430847,430851,4,2688
428159,430848,430851,3,2689
428159,430848,430853,5,2689
428159,430840,430855,15,2681
428159,430833,430855,22,2674
428159,430849,430857,8,2690
428159,430795,430857,62,2636
428159,430790,430859,69,2631
428159,430800,430860,60,2641
428159,430849,430861,12,2690
428159,430800,430862,62,2641
428159,430799,430863,64,2640
428159,430796,430864,68,2637
428159,430798,430866,68,2639
428159,430801,430866,65,2642
428159,430849,430868,19,2690
428159,430797,430868,71,2638
428159,430802,430870,68,2643
428159,430849,430870,21,2690
428159,430804,430870,66,2645
428159,430813,430872,59,2654
428159,430814,430873,59,2655
428159,430838,430875,37,2679
428159,430818,430875,57,2659
428159,430822,430877,55,2663
428159,430875,430883,8,2716
428159,430837,430883,46,2678
428159,430836,430883,47,2677
428159,430873,430887,14,2714
428159,430826,430888,62,2667
428159,430829,430890,61,2670
428159,430825,430890,65,2666
428159,430831,430893,62,2672
428159,430836,430895,59,2677
428159,430851,430897,46,2692
428159,430850,430897,47,2691
428159,430851,430903,52,2692
428159,430851,430904,53,2692
428159,430872,430904,32,2713
428159,430849,430909,60,2690
428159,430855,430910,55,2696
428159,430853,430910,57,2694
428290,430877,430915,38,2587
428159,430857,430918,61,2698
428159,430855,430920,65,2696
428159,430870,430921,51,2711
428290,430883,430921,38,2593
428159,430870,430922,52,2711
428159,430862,430922,60,2703
428159,430860,430921,61,2701
428159,430868,430923,55,2709
428159,430859,430923,64,2700
428290,430890,430925,35,2600
428290,430883,430925,42,2593
428159,430863,430926,63,2704
428159,430857,430926,69,2698
428159,430861,430927,66,2702
428159,430866,430928,62,2707
428159,430864,430928,64,2705
428290,430890,430930,40,2600
428159,430868,430930,62,2709
428159,430870,430931,61,2711
428159,430867,430932,65,2708
428290,430883,430934,51,2593
428290,430887,430934,47,2597
428290,430898,430936,38,2608
428290,430934,430937,3,2644
428290,430893,430937,44,2603
428290,430934,430937,3,2644
428290,430937,430939,2,2647
428290,430936,430938,2,2646
428290,430937,430940,3,2647
428290,430932,430940,8,2642
428290,430897,430939,42,2607
428290,430937,430940,3,2647
428290,430939,430941,2,2649
428290,430939,430941,2,2649
428290,430940,430943,3,2650
428290,430904,430943,39,2614
428290,430940,430942,2,2650
428290,430941,430943,2,2651
428290,430941,430943,2,2651
428290,430940,430943,3,2650
428290,430888,430943,55,2598
428290,430940,430943,3,2650
428290,430911,430944,33,2621
428290,430943,430945,2,2653
428290,430943,430946,3,2653
428290,430895,430946,51,2605
428290,430943,430945,2,2653
428290,430943,430945,2,2653
428290,430943,430945,2,2653
428290,430944,430947,3,2654
428290,430943,430947,4,2653
428290,430943,430947,4,2653
428290,430943,430948,5,2653
428290,430945,430949,4,2655
428290,430946,430951,5,2656
428290,430903,430953,50,2613
428290,430904,430954,50,2614
428290,430946,430954,8,2656
428290,430909,430955,46,2619
428290,430946,430957,11,2656
428290,430931,430957,26,2641
428290,430910,430961,51,2620
428290,430915,430962,47,2625
428290,430946,430963,17,2656
428290,430923,430967,44,2633
428290,430927,430968,41,2637
428290,430921,430969,48,2631
428290,430946,430971,25,2656
428290,430922,430971,49,2632
428290,430921,430971,50,2631
428290,430926,430972,46,2636
428290,430929,430973,44,2639
428290,430918,430974,56,2628
428290,430926,430975,49,2636
428290,430930,430975,45,2640
428290,430926,430976,50,2636
428290,430920,430976,56,2630
428290,430922,430977,55,2632
428290,430930,430977,47,2640
428290,430929,430978,49,2639
428290,430925,430979,54,2635
428290,430947,430980,33,2657
428290,430922,430982,60,2632
428290,430925,430983,58,2635
428290,430947,430984,37,2657
428290,430947,430985,38,2657
428290,430948,430987,39,2658
428290,430949,430999,50,2659
428290,430954,430999,45,2664
428290,430953,431001,48,2663
428290,430985,431003,18,2695
428290,430957,431003,46,2667
428290,430951,431006,55,2661
428290,430961,431011,50,2671
428290,430955,431012,57,2665
428290,430963,431013,50,2673
428290,430962,431014,52,2672
428290,430954,431014,60,2664
428290,430969,431015,46,2679
428290,430977,431020,43,2687
428290,430972,431020,48,2682
428290,430967,431022,55,2677
428290,430957,431022,65,2667
428290,430971,431022,51,2681
428290,430971,431024,53,2681
428290,431022,431024,2,2732
428290,431022,431025,3,2732
428290,430971,431026,55,2681
428290,431022,431025,3,2732
428290,431020,431026,6,2730
428290,431024,431026,2,2734
428290,431025,431027,2,2735
428290,430979,431028,49,2689
428290,431025,431028,3,2735
428290,431026,431028,2,2736
428290,431026,431029,3,2736
428290,431026,431029,3,2736
428290,431027,431030,3,2737
428290,431026,431030,4,2736
428290,430973,431030,57,2683
428290,430975,431031,56,2685
428290,430984,431031,47,2694
428290,430978,431032,54,2688
428290,430974,431033,59,2684
428290,431028,431032,4,2738
428290,430983,431034,51,2693
428290,430969,431035,66,2679
428290,430976,431036,60,2686
428290,431014,431037,23,2724
428290,430977,431037,60,2687
428290,430982,431037,55,2692
428290,431028,431038,10,2738
428290,430978,431038,60,2688
428290,430987,431040,53,2697
428290,430976,431041,65,2686
428290,430980,431042,62,2690
428290,431001,431045,44,2711
428290,431014,431045,31,2724
428290,431003,431047,44,2713
428290,430999,431048,49,2709
428290,431020,431049,29,2730
428290,431003,431049,46,2713
428290,431016,431049,33,2726
428290,431011,431049,38,2721
428290,431028,431051,23,2738
428290,431013,431051,38,2723
428290,430999,431052,53,2709
428290,431049,431054,5,2759
428290,431006,431056,50,2716
428290,431012,431071,59,2722
428290,431047,431073,26,2757
428290,431029,431074,45,2739
428567,431049,431074,25,2482
428290,431029,431076,47,2739
428290,431030,431078,48,2740
428290,431032,431081,49,2742
428290,431035,431083,48,2745
428290,431049,431058,9,2759
428290,431030,431084,54,2740
428290,431041,431085,44,2751
428290,431046,431086,40,2756
428290,431030,431086,56,2740
428290,431032,431087,55,2742
428567,431051,431088,37,2484
428567,431051,431091,40,2484
428290,431034,431091,57,2744
428290,431045,431091,46,2755
428290,431034,431093,59,2744
428567,431051,431092,41,2484
428290,431033,431093,60,2743
428290,431031,431094,63,2741
428567,431053,431095,42,2486
428290,431036,431095,59,2746
428290,431038,431096,58,2748
428290,431039,431096,57,2749
428290,431037,431099,62,2747
428290,431037,431099,62,2747
428290,431040,431099,59,2750
428290,431042,431100,58,2752
428290,431037,431102,65,2747
428567,431056,431102,46,2489
428567,431100,431104,4,2533
428567,431102,431105,3,2535
428567,431102,431105,3,2535
428567,431104,431107,3,2537
428567,431105,431107,2,2538
428567,431105,431107,2,2538
428567,431071,431108,37,2504
428567,431107,431109,2,2540
428567,431107,431110,3,2540
428567,431107,431110,3,2540
428567,431108,431110,2,2541
428567,431109,431112,3,2542
428567,431110,431113,3,2543
428567,431110,431113,3,2543
428567,431112,431114,2,2545
428567,431054,431115,61,2487
428567,431111,431114,3,2544
428567,431113,431115,2,2546
428567,431113,431115,2,2546
428567,431114,431117,3,2547
428567,431115,431118,3,2548
428567,431115,431118,3,2548
428567,431115,431118,3,2548
428567,431117,431120,3,2550
428567,431116,431119,3,2549
428567,431074,431120,46,2507
428567,431118,431121,3,2551
428567,431118,431120,2,2551
428567,431118,431120,2,2551
428567,431084,431122,38,2517
428567,431120,431123,3,2553
428567,431120,431123,3,2553
428567,431120,431123,3,2553
428567,431076,431124,48,2509
428567,431121,431125,4,2554
428567,431074,431127,53,2507
428567,431073,431128,55,2506
428567,431086,431129,43,2519
428567,431095,431129,34,2528
428567,431084,431130,46,2517
428567,431078,431131,53,2511
428567,431121,431132,11,2554
428567,431081,431135,54,2514
428567,431085,431136,51,2518
428567,431096,431138,42,2529
428567,431083,431139,56,2516
428567,431088,431141,53,2521
428567,431099,431140,41,2532
428567,431093,431143,50,2526
428567,431100,431143,43,2533
428567,431091,431144,53,2524
428567,431095,431145,50,2528
428567,431094,431146,52,2527
428567,431099,431147,48,2532
428567,431087,431148,61,2520
428567,431094,431148,54,2527
428567,431091,431149,58,2524
428567,431122,431150,28,2555
428567,431096,431150,54,2529
428567,431093,431151,58,2526
428567,431124,431153,29,2557
428567,431086,431154,68,2519
428567,431091,431156,65,2524
428567,431123,431158,35,2556
428567,431125,431167,42,2558
428567,431123,431173,50,2556
428567,431127,431173,46,2560
428567,431123,431176,53,2556
428567,431123,431176,53,2556
428567,431140,431185,45,2573
428567,431144,431186,42,2577
428567,431131,431187,56,2564
428567,431130,431188,58,2563
428567,431129,431189,60,2562
428567,431129,431192,63,2562
428567,431128,431194,66,2561
428567,431135,431197,62,2568
428567,431151,431198,47,2584
428567,431153,431203,50,2586
428567,431132,431204,72,2565
428567,431146,431207,61,2579
428567,431141,431210,69,2574
428567,431143,431211,68,2576
428567,431138,431212,74,2571
428567,431149,431216,67,2582
428567,431136,431216,80,2569
428567,431147,431218,71,2580
428567,431141,431218,77,2574
428567,431150,431218,68,2583
428567,431143,431220,77,2576
428567,431148,431223,75,2581
428567,431150,431224,74,2583
428567,431146,431226,80,2579
428567,431148,431226,78,2581
428567,431154,431233,79,2587
428567,431156,431232,76,2589
426736,429945,431235,1290,3209
428567,431158,431237,79,2591
428567,431176,431237,61,2609
428567,431176,431244,68,2609
428567,431167,431245,78,2600
428567,431187,431246,59,2620
428567,431199,431247,48,2632
428567,431204,431247,43,2637
428567,431189,431247,58,2622
428567,431173,431250,77,2606
428567,431188,431252,64,2621
428567,431187,431255,68,2620
428567,431173,431255,82,2606
428567,431233,431255,22,2666
428567,431235,431258,23,2668
428567,431223,431259,36,2656
428567,431210,431260,50,2643
428567,431207,431262,55,2640
428567,431211,431262,51,2644
428567,431185,431263,78,2618
428567,431197,431263,66,2630
428567,431203,431264,61,2636
428567,431237,431264,27,2670
427159,430320,431265,945,3161
428567,431192,431265,73,2625
428567,431194,431266,72,2627
428567,431233,431266,33,2666
428696,431266,431277,11,2570
428567,431245,431278,33,2678
428567,431216,431286,70,2649
428567,431218,431287,69,2651
428567,431212,431288,76,2645
428567,431237,431288,51,2670
428567,431226,431292,66,2659
428567,431244,431293,49,2677
428567,431218,431293,75,2651
428567,431220,431294,74,2653
428696,431278,431297,19,2582
428696,431278,431298,20,2582
428567,431218,431297,79,2651
428567,431224,431297,73,2657
428567,431216,431304,88,2649
428567,431246,431306,60,2679
428567,431226,431307,81,2659
428567,431248,431311,63,2681
428567,431250,431314,64,2683
428696,431288,431315,27,2592
428567,431252,431315,63,2685
428567,431255,431318,63,2688
428696,431288,431319,31,2592
428696,431287,431320,33,2591
428567,431264,431320,56,2697
428567,431262,431321,59,2695
428567,431263,431323,60,2696
428696,431286,431323,37,2590
428567,431255,431323,68,2688
428567,431262,431325,63,2695
428696,431318,431326,8,2622
428567,431247,431327,80,2680
428567,431260,431327,67,2693
428567,431258,431328,70,2691
428696,431293,431329,36,2597
428567,431265,431330,65,2698
428567,431255,431332,77,2688
428696,431293,431333,40,2597
428567,431259,431334,75,2692
428567,431263,431335,72,2696
428567,431247,431336,89,2680
428696,431292,431337,45,2596
428696,431335,431339,4,2639
428696,431334,431339,5,2638
428696,431336,431339,3,2640
428696,431298,431341,43,2602
428696,431338,431341,3,2642
428696,431339,431342,3,2643
428567,431265,431343,78,2698
428696,431339,431342,3,2643
428696,431340,431344,4,2644
428696,431334,431344,10,2638
428696,431341,431344,3,2645
428696,431297,431344,47,2601
428696,431342,431345,3,2646
428696,431341,431345,4,2645
428696,431295,431346,51,2599
428696,431306,431346,40,2610
428696,431344,431346,2,2648
428696,431343,431347,4,2647
428696,431343,431347,4,2647
428696,431344,431347,3,2648
428696,431344,431347,3,2648
428696,431345,431348,3,2649
428696,431344,431347,3,2648
428696,431346,431349,3,2650
428696,431305,431349,44,2609
428696,431346,431349,3,2650
428696,431315,431349,34,2619
428696,431327,431350,23,2631
428696,431307,431350,43,2611
428696,431346,431349,3,2650
428567,431264,431351,87,2697
428696,431346,431350,4,2650
428696,431347,431352,5,2651
428696,431314,431352,38,2618
428696,431319,431352,33,2623
428696,431320,431353,33,2624
428696,431323,431354,31,2627
428696,431347,431353,6,2651
428696,431298,431354,56,2602
428696,431298,431355,57,2602
428696,431311,431356,45,2615
428696,431327,431359,32,2631
428696,431320,431360,40,2624
428696,431348,431361,13,2652
428696,431315,431361,46,2619
428696,431324,431362,38,2628
428696,431321,431367,46,2625
428696,431348,431367,19,2652
428696,431332,431369,37,2636
428696,431328,431370,42,2632
428696,431330,431370,40,2634
428696,431325,431372,47,2629
428696,431348,431374,26,2652
428696,431325,431378,53,2629
428696,431326,431378,52,2630
428696,431329,431379,50,2633
428696,431354,431382,28,2658
428696,431348,431384,36,2652
428696,431349,431384,35,2653
428696,431352,431387,35,2656
428696,431349,431393,44,2653
428696,431356,431398,42,2660
428696,431349,431402,53,2653
428696,431360,431403,43,2664
428696,431370,431406,36,2674
428696,431351,431407,56,2655
428696,431379,431408,29,2683
427118,430117,431408,1291,2999
428696,431359,431409,50,2663
428696,431369,431411,42,2673
428696,431351,431411,60,2655
428696,431350,431411,61,2654
428696,431367,431412,45,2671
428696,431370,431412,42,2674
428696,431352,431412,60,2656
428696,431355,431414,59,2659
428696,431361,431415,54,2665
428696,431367,431415,48,2671
428696,431352,431416,64,2656
428696,431349,431415,66,2653
428696,431382,431417,35,2686
428696,431350,431416,66,2654
428696,431353,431419,66,2657
428696,431362,431421,59,2666
428696,431350,431420,70,2654
428696,431402,431424,22,2706
428696,431354,431425,71,2658
428696,431354,431425,71,2658
427294,430518,431426,908,3224
428696,431361,431426,65,2665
428696,431384,431429,45,2688
428696,431374,431430,56,2678
428696,431398,431430,32,2702
428696,431378,431434,56,2682
428696,431378,431434,56,2682
428696,431372,431439,67,2676
428696,431384,431440,56,2688
428696,431393,431448,55,2697
428696,431388,431451,63,2692
428696,431412,431455,43,2716
428696,431426,431456,30,2730
428696,431439,431457,18,2743
428696,431430,431458,28,2734
428696,431440,431461,21,2744
428696,431416,431461,45,2720
428696,431434,431463,29,2738
428696,431407,431465,58,2711
428696,431413,431465,52,2717
428696,431434,431466,32,2738
428696,431411,431466,55,2715
428696,431411,431467,56,2715
428696,431429,431468,39,2733
428696,431403,431469,66,2707
428696,431406,431469,63,2710
428696,431416,431469,53,2720
428696,431421,431469,48,2725
428696,431415,431470,55,2719
428696,431417,431471,54,2721
428696,431430,431472,42,2734
428696,431409,431472,63,2713
428696,431408,431473,65,2712
428696,431412,431478,66,2716
428696,431408,431482,74,2712
428696,431421,431486,65,2725
428696,431411,431487,76,2715
428704,431472,431487,15,2768
428696,431426,431488,62,2730
428696,431465,431490,25,2769
428696,431448,431491,43,2752
428696,431415,431492,77,2719
428704,431472,431493,21,2768
428696,431415,431494,79,2719
428696,431424,431495,71,2728
428696,431419,431496,77,2723
428696,431417,431496,79,2721
428704,431473,431503,30,2769
428696,431425,431504,79,2729
428696,431461,431504,43,2765
428704,431482,431504,22,2778
428696,431469,431505,36,2773
428696,431469,431508,39,2773
428696,431425,431508,83,2729
428704,431486,431514,28,2782
428704,431493,431515,22,2789
428704,431478,431515,37,2774
428696,431458,431517,59,2762
428696,431466,431518,52,2770
428696,431451,431518,67,2755
428696,431470,431521,51,2774
428696,431463,431522,59,2767
428704,431495,431523,28,2791
428696,431457,431523,66,2761
428704,431492,431523,31,2788
428696,431455,431523,68,2759
428696,431465,431525,60,2769
428696,431469,431525,56,2773
428704,431490,431526,36,2786
428696,431467,431527,60,2771
428704,431504,431527,23,2800
428704,431487,431528,41,2783
428704,431488,431528,40,2784
428696,431466,431528,62,2770
428704,431491,431528,37,2787
428704,431504,431529,25,2800
428696,431469,431530,61,2773
428704,431487,431530,43,2783
428704,431496,431533,37,2792
428696,431456,431534,78,2760
428696,431461,431536,75,2765
428704,431503,431537,34,2799
428704,431508,431539,31,2804
428696,431468,431541,73,2772
428704,431494,431544,50,2790
428704,431508,431546,38,2804
428704,431518,431546,28,2814
428704,431529,431549,20,2825
428704,431530,431550,20,2826
428704,431528,431550,22,2824
428704,431527,431550,23,2823
428704,431496,431553,57,2792
428704,431528,431554,26,2824
428704,431527,431554,27,2823
428704,431537,431554,17,2833
428704,431528,431554,26,2824
428704,431525,431554,29,2821
428704,431505,431554,49,2801
428704,431530,431556,26,2826
428704,431514,431555,41,2810
428704,431518,431561,43,2814
428704,431534,431561,27,2830
428704,431522,431562,40,2818
428704,431526,431563,37,2822
428704,431536,431563,27,2832
428704,431523,431563,40,2819
428704,431533,431563,30,2829
428704,431524,431564,40,2820
428704,431504,431564,60,2800
428704,431539,431565,26,2835
428704,431515,431565,50,2811
428704,431517,431566,49,2813
428704,431523,431566,43,2819
428704,431546,431567,21,2842
428704,431515,431568,53,2811
428704,431541,431571,30,2837
428704,431523,431571,48,2819
428704,431521,431572,51,2817
428704,431528,431576,48,2824
428704,431550,431576,26,2846
428704,431549,431577,28,2845
428704,431544,431577,33,2840
428704,431554,431584,30,2850
428704,431551,431586,35,2847
428704,431547,431586,39,2843
428704,431525,431596,71,2821
428704,431550,431596,46,2846
428704,431561,431601,40,2857
428704,431553,431602,49,2849
428704,431554,431604,50,2850
428704,431556,431604,48,2852
428704,431563,431606,43,2859
427317,430700,431605,905,3383
428704,431554,431607,53,2850
428704,431556,431611,55,2852
428704,431565,431611,46,2861
428704,431562,431616,54,2858
428704,431565,431616,51,2861
428704,431554,431618,64,2850
428704,431565,431619,54,2861
428704,431561,431620,59,2857
428704,431556,431621,65,2852
428704,431577,431621,44,2873
428704,431554,431622,68,2850
428704,431576,431626,50,2872
428704,431564,431626,62,2860
428704,431563,431626,63,2859
428704,431564,431627,63,2860
428704,431573,431627,54,2869
428704,431563,431630,67,2859
428704,431568,431631,63,2864
428704,431566,431633,67,2862
428704,431576,431635,59,2872
428704,431566,431638,72,2862
428704,431586,431638,52,2882
428704,431567,431638,71,2863
428704,431584,431638,54,2880
428704,431586,431641,55,2882
428704,431604,431643,39,2900
428704,431607,431650,43,2903
428704,431571,431651,80,2867
428704,431571,431652,81,2867
428704,431607,431654,47,2903
428704,431577,431654,77,2873
428704,431596,431656,60,2892
428704,431601,431656,55,2897
428704,431596,431657,61,2892
428704,431628,431663,35,2924
428704,431616,431665,49,2912
428704,431604,431667,63,2900
428704,431603,431669,66,2899
428704,431606,431669,63,2902
428704,431616,431675,59,2912
428704,431622,431680,58,2918
428704,431611,431680,69,2907
428704,431619,431680,61,2915
428704,431631,431683,52,2927
428704,431630,431684,54,2926
428704,431622,431686,64,2918
428704,431626,431688,62,2922
428704,431627,431688,61,2923
428704,431627,431688,61,2923
428704,431611,431690,79,2907
428704,431626,431693,67,2922
428704,431620,431693,73,2916
428704,431638,431693,55,2934
428704,431638,431694,56,2934
428704,431621,431694,73,2917
428704,431618,431693,75,2914
428704,431633,431694,61,2929
428704,431656,431698,42,2952
428704,431639,431700,61,2935
428704,431650,431705,55,2946
428704,431635,431707,72,2931
428704,431643,431707,64,2939
428704,431651,431708,57,2947
428704,431657,431709,52,2953
428763,431701,431709,8,2938
428704,431654,431711,57,2950
428763,431705,431712,7,2942
428704,431638,431713,75,2934
428704,431663,431714,51,2959
428704,431641,431714,73,2937
428763,431707,431715,8,2944
428704,431665,431715,50,2961
428763,431707,431717,10,2944
428763,431708,431719,11,2945
428763,431709,431721,12,2946
428763,431709,431722,13,2946
428763,431712,431723,11,2949
428763,431711,431723,12,2948
428763,431713,431725,12,2950
428763,431717,431725,8,2954
428763,431715,431726,11,2952
428763,431714,431727,13,2951
428763,431714,431728,14,2951
428763,431726,431729,3,2963
428763,431716,431729,13,2953
428704,431654,431730,76,2950
428704,431667,431730,63,2963
428704,431680,431730,50,2976
428763,431722,431729,7,2959
428763,431721,431730,9,2958
428763,431727,431731,4,2964
428763,431723,431730,7,2960
428763,431729,431731,2,2966
428763,431730,431732,2,2967
428763,431729,431733,4,2966
428704,431669,431733,64,2965
428763,431731,431734,3,2968
428763,431730,431733,3,2967
428763,431731,431734,3,2968
428763,431726,431735,9,2963
428763,431730,431735,5,2967
428763,431730,431735,5,2967
428763,431723,431735,12,2960
428763,431732,431735,3,2969
428763,431731,431735,4,2968
428763,431733,431735,2,2970
428763,431734,431736,2,2971
428763,431728,431736,8,2965
428763,431734,431735,1,2971
428704,431681,431736,55,2977
428704,431675,431735,60,2971
428763,431735,431737,2,2972
428763,431734,431737,3,2971
428704,431656,431737,81,2952
428763,431735,431737,2,2972
428763,431733,431736,3,2970
428763,431735,431737,2,2972
428763,431732,431737,5,2969
428763,431735,431737,2,2972
428763,431735,431738,3,2972
428763,431736,431738,2,2973
428763,431736,431738,2,2973
428763,431725,431737,12,2962
428763,431735,431737,2,2972
428763,431736,431738,2,2973
428763,431736,431738,2,2973
428763,431737,431739,2,2974
428763,431737,431739,2,2974
428763,431736,431738,2,2973
428763,431736,431739,3,2973
428704,431693,431739,46,2989
428704,431693,431738,45,2989
428763,431737,431740,3,2974
428763,431737,431740,3,2974
428763,431737,431740,3,2974
428763,431737,431739,2,2974
428763,431738,431740,2,2975
428763,431737,431739,2,2974
428763,431719,431741,22,2956
428763,431737,431740,3,2974
428704,431680,431741,61,2976
428763,431738,431741,3,2975
428763,431739,431741,2,2976
428159,430875,431740,865,2716
428704,431694,431740,46,2990
428763,431738,431742,4,2975
428763,431739,431742,3,2976
428763,431738,431741,3,2975
428763,431739,431741,2,2976
428704,431669,431742,73,2965
428763,431739,431743,4,2976
428704,431688,431743,55,2984
428763,431739,431743,4,2976
428763,431739,431742,3,2976
428763,431739,431744,5,2976
428763,431740,431744,4,2977
428763,431740,431744,4,2977
428763,431740,431743,3,2977
428763,431740,431743,3,2977
428763,431739,431744,5,2976
428763,431741,431745,4,2978
428763,431740,431745,5,2977
428763,431741,431744,3,2978
428763,431741,431745,4,2978
428704,431652,431744,92,2948
428763,431739,431744,5,2976
428763,431742,431745,3,2979
428763,431741,431744,3,2978
428704,431686,431744,58,2982
428763,431741,431744,3,2978
428763,431742,431745,3,2979
428763,431741,431746,5,2978
428763,431741,431745,4,2978
428763,431742,431746,4,2979
428763,431743,431746,3,2980
428763,431740,431745,5,2977
428763,431742,431747,5,2979
428763,431743,431747,4,2980
428763,431743,431747,4,2980
428763,431742,431746,4,2979
428763,431744,431746,2,2981
428763,431744,431748,4,2981
428763,431744,431748,4,2981
428763,431744,431747,3,2981
428763,431743,431747,4,2980
428704,431686,431748,62,2982
428763,431744,431748,4,2981
428763,431746,431749,3,2983
428763,431745,431748,3,2982
428763,431745,431749,4,2982
428763,431745,431748,3,2982
428763,431745,431748,3,2982
428763,431745,431749,4,2982
428763,431746,431750,4,2983
428763,431745,431750,5,2982
428763,431746,431749,3,2983
428763,431746,431749,3,2983
428763,431745,431750,5,2982
428763,431746,431749,3,2983
428763,431745,431749,4,2982
428763,431745,431751,6,2982
428763,431746,431750,4,2983
428763,431747,431751,4,2984
428763,431746,431751,5,2983
428763,431747,431750,3,2984
428763,431748,431751,3,2985
428763,431747,431751,4,2984
428763,431749,431752,3,2986
428763,431748,431752,4,2985
428763,431749,431752,3,2986
428763,431747,431752,5,2984
428763,431748,431751,3,2985
428763,431748,431751,3,2985
428763,431749,431752,3,2986
428763,431746,431751,5,2983
428763,431747,431751,4,2984
428763,431749,431753,4,2986
428763,431748,431752,4,2985
428763,431748,431752,4,2985
428763,431749,431752,3,2986
428763,431749,431752,3,2986
428763,431750,431754,4,2987
428763,431750,431753,3,2987
428763,431750,431753,3,2987
428763,431750,431754,4,2987
428763,431751,431753,2,2988
428763,431751,431754,3,2988
428763,431751,431754,3,2988
428763,431752,431755,3,2989
428763,431752,431755,3,2989
428763,431752,431754,2,2989
428763,431750,431754,4,2987
428763,431751,431755,4,2988
428763,431751,431755,4,2988
428763,431752,431755,3,2989
428763,431752,431755,3,2989
428763,431751,431754,3,2988
428763,431751,431754,3,2988
428763,431752,431755,3,2989
428763,431752,431756,4,2989
428763,431752,431755,3,2989
428763,431752,431756,4,2989
428704,431693,431757,64,2989
428763,431751,431757,6,2988
428763,431752,431756,4,2989
428763,431753,431758,5,2990
428763,431753,431758,5,2990
428704,431694,431757,63,2990
428704,431690,431760,70,2986
428704,431684,431761,77,2980
428704,431694,431763,69,2990
428704,431688,431765,77,2984
428704,431695,431766,71,2991
428704,431688,431767,79,2984
429337,431754,431793,39,2417
429337,431754,431795,41,2417
429337,431755,431796,41,2418
429337,431767,431797,30,2430
429337,431795,431798,3,2458
429337,431796,431799,3,2459
429337,431797,431799,2,2460
429337,431755,431800,45,2418
429337,431755,431800,45,2418
429337,431798,431800,2,2461
429337,431799,431800,1,2462
429337,431755,431801,46,2418
429337,431760,431801,41,2423
429337,431799,431801,2,2462
429337,431754,431801,47,2417
429337,431756,431801,45,2419
429337,431800,431802,2,2463
429337,431754,431802,48,2417
429337,431763,431802,39,2426
429337,431755,431803,48,2418
429337,431801,431803,2,2464
429337,431801,431803,2,2464
429337,431755,431804,49,2418
429337,431802,431804,2,2465
429337,431802,431803,1,2465
429337,431801,431804,3,2464
429337,431801,431803,2,2464
429337,431801,431803,2,2464
429337,431802,431804,2,2465
429337,431754,431803,49,2417
429337,431755,431804,49,2418
429337,431756,431805,49,2419
429337,431803,431805,2,2466
429337,431802,431804,2,2465
429337,431802,431804,2,2465
429337,431803,431805,2,2466
429337,431803,431805,2,2466
429337,431756,431805,49,2419
429337,431804,431806,2,2467
429337,431804,431806,2,2467
429337,431767,431806,39,2430
429337,431755,431806,51,2418
429337,431802,431805,3,2465
429337,431794,431806,12,2457
429337,431804,431806,2,2467
429337,431804,431807,3,2467
429337,431804,431806,2,2467
429337,431804,431806,2,2467
429337,431804,431806,2,2467
429337,431804,431806,2,2467
429337,431754,431806,52,2417
429337,431757,431806,49,2420
429337,431804,431806,2,2467
429337,431761,431808,47,2424
429337,431805,431808,3,2468
429337,431758,431808,50,2421
429337,431758,431808,50,2421
429337,431805,431808,3,2468
429337,431757,431809,52,2420
429337,431765,431810,45,2428
429337,431754,431809,55,2417
429337,431805,431810,5,2468
429337,431759,431809,50,2422
429337,431757,431812,55,2420
429337,431755,431813,58,2418
429337,431755,431812,57,2418
429337,431755,431815,60,2418
429337,431754,431814,60,2417
429337,431755,431817,62,2418
429337,431805,431826,21,2468
429337,431807,431827,20,2470
429337,431806,431828,22,2469
429337,431805,431831,26,2468
429337,431805,431832,27,2468
429337,431806,431838,32,2469
429337,431807,431850,43,2470
429337,431806,431851,45,2469
429337,431807,431852,45,2470
429337,431806,431855,49,2469
429337,431808,431862,54,2471
429337,431806,431862,56,2469
429337,431806,431863,57,2469
429337,431806,431864,58,2469
429337,431809,431865,56,2472
429337,431807,431865,58,2470
429337,431811,431866,55,2474
429337,431808,431866,58,2471
429337,431808,431869,61,2471
429337,431806,431870,64,2469
429337,431808,431872,64,2471
429337,431807,431873,66,2470
429337,431807,431873,66,2470
429337,431808,431875,67,2471
429337,431808,431875,67,2471
429337,431810,431875,65,2473
429337,431808,431877,69,2471
429337,431875,431879,4,2538
429337,431810,431879,69,2473
429337,431875,431879,4,2538
429337,431876,431880,4,2539
429337,431877,431881,4,2540
429337,431874,431881,7,2537
429337,431812,431881,69,2475
429337,431815,431882,67,2478
429337,431879,431883,4,2542
429337,431879,431883,4,2542
429337,431880,431883,3,2543
429337,431811,431884,73,2474
429337,431813,431883,70,2476
429337,431879,431884,5,2542
429337,431815,431885,70,2478
429337,431817,431885,68,2480
429337,431826,431886,60,2489
429337,431827,431886,59,2490
429337,431813,431886,73,2476
429337,431881,431887,6,2544
429337,431828,431891,63,2491
429337,431881,431891,10,2544
429337,431873,431892,19,2536
429337,431866,431891,25,2529
429337,431831,431896,65,2494
429337,431872,431898,26,2535
429337,431882,431900,18,2545
429337,431882,431900,18,2545
429337,431838,431904,66,2501
429337,431832,431906,74,2495
429337,431865,431908,43,2528
429337,431863,431912,49,2526
429337,431851,431913,62,2514
429337,431856,431914,58,2519
429337,431867,431918,51,2530
429337,431852,431920,68,2515
429337,431851,431922,71,2514
429337,431869,431923,54,2532
429337,431886,431925,39,2549
429337,431862,431930,68,2525
429337,431870,431933,63,2533
429337,431865,431938,73,2528
429337,431862,431939,77,2525
429492,431908,431941,33,2416
429337,431886,431943,57,2549
429337,431864,431944,80,2527
429337,431883,431947,64,2546
429337,431892,431948,56,2555
429337,431885,431949,64,2548
429492,431923,431950,27,2431
429337,431884,431950,66,2547
429337,431883,431949,66,2546
429337,431891,431949,58,2554
428291,431049,431951,902,2758
429492,431913,431953,40,2421
429337,431884,431953,69,2547
429337,431885,431954,69,2548
429492,431914,431955,41,2422
429337,431884,431955,71,2547
429337,431887,431956,69,2550
429337,431888,431957,69,2551
429492,431930,431958,28,2438
429337,431885,431959,74,2548
429337,431904,431960,56,2567
429337,431891,431960,69,2554
429492,431912,431962,50,2420
429492,431918,431962,44,2426
429337,431892,431961,69,2555
429492,431922,431964,42,2430
429492,431962,431965,3,2470
429337,431896,431965,69,2559
429492,431920,431966,46,2428
429492,431962,431966,4,2470
429492,431965,431966,1,2473
429337,431898,431965,67,2561
429492,431965,431966,1,2473
429492,431965,431968,3,2473
429337,431900,431968,68,2563
429492,431966,431968,2,2474
429492,431925,431968,43,2433
429492,431967,431969,2,2475
429337,431900,431970,70,2563
429492,431966,431969,3,2474
429492,431943,431970,27,2451
429492,431968,431970,2,2476
429492,431966,431969,3,2474
429492,431968,431970,2,2476
429492,431969,431970,1,2477
429492,431969,431971,2,2477
429492,431968,431970,2,2476
429492,431970,431972,2,2478
429492,431970,431972,2,2478
429492,431970,431972,2,2478
429492,431962,431972,10,2470
429492,431968,431971,3,2476
429492,431970,431972,2,2478
429492,431970,431972,2,2478
429492,431971,431973,2,2479
429492,431970,431973,3,2478
429492,431970,431973,3,2478
429492,431972,431974,2,2480
429492,431972,431974,2,2480
429492,431971,431974,3,2479
429492,431972,431974,2,2480
429492,431972,431976,4,2480
429492,431939,431976,37,2447
429492,431972,431976,4,2480
429492,431972,431978,6,2480
429492,431972,431981,9,2480
429492,431948,431982,34,2456
429492,431953,431982,29,2461
429492,431950,431983,33,2458
429492,431951,431986,35,2459
429492,431933,431987,54,2441
429492,431938,431988,50,2446
429492,431973,431988,15,2481
429492,431949,431988,39,2457
429492,431960,431991,31,2468
429492,431945,431991,46,2453
429492,431959,431992,33,2467
429492,431953,431993,40,2461
429492,431959,431993,34,2467
429492,431950,431994,44,2458
429492,431960,431995,35,2468
429492,431956,431995,39,2464
429492,431947,431996,49,2455
429492,431955,431995,40,2463
429492,431978,431996,18,2486
429492,431941,431997,56,2449
429492,431954,431998,44,2462
429492,431974,431999,25,2482
429492,431957,432000,43,2465
429492,431955,431999,44,2463
429492,431976,432003,27,2484
429492,431950,432004,54,2458
429492,431973,432006,33,2481
429492,431950,432007,57,2458
429492,431973,432011,38,2481
429492,431976,432011,35,2484
429492,431974,432014,40,2482
429492,431975,432016,41,2483
429492,431977,432020,43,2485
429492,431983,432029,46,2491
429492,431982,432036,54,2490
429492,431975,432037,62,2483
429492,431982,432037,55,2490
429492,431999,432039,40,2507
429492,431986,432050,64,2494
429492,431996,432055,59,2504
429492,431994,432055,61,2502
429492,431981,432056,75,2489
429492,432020,432056,36,2528
429492,431992,432057,65,2500
429492,431988,432057,69,2496
429492,431991,432058,67,2499
429492,432003,432058,55,2511
429492,431997,432058,61,2505
429492,432000,432058,58,2508
429492,432000,432059,59,2508
429492,431987,432060,73,2495
429492,431988,432062,74,2496
429492,432004,432063,59,2512
429492,431991,432065,74,2499
429492,431988,432066,78,2496
429492,432062,432067,5,2570
429492,431993,432067,74,2501
429492,432063,432067,4,2571
429492,432065,432069,4,2573
429492,432066,432070,4,2574
429492,431995,432070,75,2503
429492,431995,432071,76,2503
429492,431996,432072,76,2504
429492,432067,432072,5,2575
429492,431996,432072,76,2504
429492,432058,432073,15,2566
429492,432060,432073,13,2568
429492,431993,432072,79,2501
429492,432006,432073,67,2514
429492,431998,432075,77,2506
429492,432029,432075,46,2537
429492,432067,432076,9,2575
429492,432059,432076,17,2567
429492,432014,432076,62,2522
429492,432007,432078,71,2515
429492,432068,432080,12,2576
429492,432016,432081,65,2524
429492,432055,432081,26,2563
429492,432059,432085,26,2567
429492,432058,432090,32,2566
429492,432011,432093,82,2519
429492,432011,432093,82,2519
429492,432040,432093,53,2548
429492,432037,432104,67,2545
429492,432073,432105,32,2581
429492,432036,432106,70,2544
429492,432072,432108,36,2580
429492,432081,432114,33,2589
429492,432057,432113,56,2565
429492,432050,432118,68,2558
429492,432037,432119,82,2545
429492,432055,432119,64,2563
429492,432080,432123,43,2588
429492,432069,432126,57,2577
429492,432056,432126,70,2564
429492,432058,432126,68,2566
429492,432058,432129,71,2566
429492,432056,432130,74,2564
429581,432093,432131,38,2512
429492,432072,432135,63,2580
429581,432093,432139,46,2512
429492,432075,432140,65,2583
429492,432077,432141,64,2585
429492,432071,432143,72,2579
429492,432072,432143,71,2580
429492,432085,432144,59,2593
429492,432078,432144,66,2586
429492,432073,432145,72,2581
429492,432081,432145,64,2589
429492,432073,432148,75,2581
429581,432105,432149,44,2524
429492,432073,432149,76,2581
429492,432075,432150,75,2583
429492,432070,432150,80,2578
429581,432104,432151,47,2523
429492,432071,432152,81,2579
429492,432090,432152,62,2598
429581,432118,432153,35,2537
429492,432076,432155,79,2584
429581,432106,432154,48,2525
429492,432076,432156,80,2584
429581,432153,432156,3,2572
429581,432156,432157,1,2575
429581,432156,432158,2,2575
429581,432155,432158,3,2574
429581,432156,432158,2,2575
429581,432157,432159,2,2576
429581,432158,432160,2,2577
429581,432158,432159,1,2577
429581,432158,432160,2,2577
429581,432159,432161,2,2578
429581,432108,432162,54,2527
429581,432114,432162,48,2533
429581,432161,432163,2,2580
429581,432160,432163,3,2579
429581,432160,432163,3,2579
429581,432160,432162,2,2579
429581,432162,432164,2,2581
429581,432162,432164,2,2581
429581,432114,432164,50,2533
429581,432163,432165,2,2582
429581,432163,432165,2,2582
429581,432163,432164,1,2582
429581,432164,432166,2,2583
429581,432164,432166,2,2583
429581,432163,432165,2,2582
429581,432164,432165,1,2583
429581,432165,432167,2,2584
429581,432165,432168,3,2584
429581,432153,432168,15,2572
429581,432165,432168,3,2584
429581,432119,432168,49,2538
429581,432167,432169,2,2586
429581,432167,432169,2,2586
429581,432166,432169,3,2585
429581,432167,432170,3,2586
429581,432167,432169,2,2586
429581,432144,432172,28,2563
429581,432120,432171,51,2539
429581,432126,432174,48,2545
429581,432168,432176,8,2587
429581,432123,432176,53,2542
429581,432146,432178,32,2565
429581,432141,432179,38,2560
429581,432126,432180,54,2545
429581,432151,432182,31,2570
429581,432129,432182,53,2548
429581,432126,432184,58,2545
429581,432168,432184,16,2587
429581,432149,432185,36,2568
429581,432131,432184,53,2550
429581,432130,432187,57,2549
429581,432149,432187,38,2568
429581,432140,432189,49,2559
429581,432150,432190,40,2569
429581,432140,432190,50,2559
429581,432135,432192,57,2554
429581,432168,432193,25,2587
429581,432150,432193,43,2569
429581,432168,432193,25,2587
429581,432148,432193,45,2567
429581,432143,432195,52,2562
429581,432152,432195,43,2571
429581,432146,432196,50,2565
429581,432144,432196,52,2563
429581,432169,432202,33,2588
429581,432143,432202,59,2562
429581,432169,432203,34,2588
429581,432172,432216,44,2591
429581,432170,432219,49,2589
429581,432169,432220,51,2588
429581,432193,432221,28,2612
429581,432170,432222,52,2589
429581,432172,432223,51,2591
429581,432178,432228,50,2597
429581,432185,432232,47,2604
429581,432179,432234,55,2598
429581,432180,432238,58,2599
429581,432182,432240,58,2601
429581,432174,432242,68,2593
429581,432193,432243,50,2612
429581,432184,432245,61,2603
429581,432177,432246,69,2596
429581,432176,432246,70,2595
429581,432185,432245,60,2604
429581,432184,432248,64,2603
429581,432219,432249,30,2638
429581,432196,432252,56,2615
429581,432182,432253,71,2601
429581,432190,432253,63,2609
429581,432253,432256,3,2672
429581,432187,432258,71,2606
429581,432187,432258,71,2606
429581,432253,432259,6,2672
429581,432256,432259,3,2675
429581,432202,432261,59,2621
429581,432258,432261,3,2677
429581,432252,432262,10,2671
429581,432258,432262,4,2677
429581,432195,432262,67,2614
429581,432259,432262,3,2678
429581,432259,432263,4,2678
429581,432261,432264,3,2680
429581,432190,432263,73,2609
429581,432246,432265,19,2665
429581,432261,432266,5,2680
429581,432193,432266,73,2612
429581,432197,432267,70,2616
429581,432193,432267,74,2612
429581,432195,432267,72,2614
429581,432203,432267,64,2622
429581,432189,432268,79,2608
429581,432262,432269,7,2681
429581,432202,432270,68,2621
429581,432194,432272,78,2613
429581,432246,432272,26,2665
429581,432249,432273,24,2668
429581,432245,432273,28,2664
429581,432216,432278,62,2635
429581,432223,432285,62,2642
429581,432262,432288,26,2681
429581,432220,432291,71,2639
429581,432223,432292,69,2642
429581,432244,432296,52,2663
429581,432221,432297,76,2640
429581,432228,432297,69,2647
429581,432234,432298,64,2653
429581,432262,432301,39,2681
429581,432232,432304,72,2651
429581,432238,432306,68,2657
429581,432262,432311,49,2681
429581,432240,432313,73,2659
429581,432246,432314,68,2665
429581,432248,432315,67,2667
429581,432243,432323,80,2662
429581,432264,432324,60,2683
429676,432298,432324,26,2622
429581,432265,432325,60,2684
429581,432268,432332,64,2687
429581,432263,432332,69,2682
429676,432292,432334,42,2616
429581,432266,432335,69,2685
429581,432273,432335,62,2692
429676,432297,432336,39,2621
429581,432273,432338,65,2692
429581,432267,432338,71,2686
429581,432268,432339,71,2687
429581,432266,432339,73,2685
429581,432268,432341,73,2687
429581,432278,432340,62,2697
429581,432268,432343,75,2687
429581,432270,432343,73,2689
429676,432312,432344,32,2636
429581,432285,432345,60,2704
429581,432272,432346,74,2691
429581,432270,432346,76,2689
429581,432264,432347,83,2683
429676,432306,432350,44,2630
429676,432296,432350,54,2620
429676,432298,432352,54,2622
429581,432288,432354,66,2707
429676,432352,432354,2,2676
429676,432305,432354,49,2629
429676,432354,432356,2,2678
429676,432354,432356,2,2678
429676,432354,432357,3,2678
429581,432272,432357,85,2691
429676,432356,432358,2,2680
429676,432356,432357,1,2680
429676,432350,432359,9,2674
429676,432357,432359,2,2681
429676,432357,432360,3,2681
429676,432313,432360,47,2637
429676,432358,432360,2,2682
429676,432358,432359,1,2682
429676,432359,432362,3,2683
429676,432360,432362,2,2684
429676,432359,432362,3,2683
429676,432360,432362,2,2684
429676,432360,432362,2,2684
429676,432360,432362,2,2684
429676,432362,432364,2,2686
429676,432362,432364,2,2686
429676,432362,432363,1,2686
429676,432363,432365,2,2687
429676,432362,432365,3,2686
429676,432364,432366,2,2688
429676,432301,432366,65,2625
429676,432364,432367,3,2688
429676,432363,432366,3,2687
429676,432364,432366,2,2688
429676,432365,432366,1,2689
429676,432366,432368,2,2690
429676,432365,432368,3,2689
429676,432314,432368,54,2638
429676,432324,432367,43,2648
429676,432366,432369,3,2690
429676,432367,432370,3,2691
429676,432367,432370,3,2691
429676,432324,432371,47,2648
429676,432367,432371,4,2691
429676,432350,432372,22,2674
429676,432347,432373,26,2671
429676,432325,432374,49,2649
429676,432315,432373,58,2639
429676,432367,432375,8,2691
429676,432332,432375,43,2656
429676,432323,432375,52,2647
429676,432345,432379,34,2669
429676,432334,432380,46,2658
429676,432336,432381,45,2660
429676,432338,432382,44,2662
429676,432346,432387,41,2670
429676,432368,432387,19,2692
429676,432344,432387,43,2668
429676,432335,432387,52,2659
429676,432343,432391,48,2667
429676,432332,432391,59,2656
429676,432341,432391,50,2665
429676,432368,432393,25,2692
429676,432337,432394,57,2661
429676,432338,432395,57,2662
429676,432346,432394,48,2670
429676,432339,432396,57,2663
429676,432339,432398,59,2663
429676,432341,432397,56,2665
429676,432343,432397,54,2667
429676,432368,432400,32,2692
429676,432373,432409,36,2697
429676,432369,432411,42,2693
429676,432370,432415,45,2694
429676,432370,432419,49,2694
429676,432380,432420,40,2704
429676,432387,432420,33,2711
429676,432371,432421,50,2695
429676,432375,432427,52,2699
429676,432375,432429,54,2699
429676,432374,432431,57,2698
429676,432369,432432,63,2693
429676,432380,432431,51,2704
429676,432387,432434,47,2711
429676,432398,432435,37,2722
429676,432374,432436,62,2698
429676,432382,432438,56,2706
429676,432388,432438,50,2712
429676,432382,432438,56,2706
429676,432391,432439,48,2715
429676,432375,432439,64,2699
429676,432373,432439,66,2697
429676,432387,432439,52,2711
429676,432371,432443,72,2695
429676,432395,432445,50,2719
429676,432440,432445,5,2764
428697,431471,432445,974,2774
429676,432434,432448,14,2758
429676,432435,432448,13,2759
429676,432443,432449,6,2767
429676,432445,432449,4,2769
429676,432446,432449,3,2770
429676,432445,432450,5,2769
429676,432438,432449,11,2762
429676,432439,432450,11,2763
429676,432448,432453,5,2772
429676,432448,432453,5,2772
429676,432449,432453,4,2773
429676,432432,432454,22,2756
429676,432449,432454,5,2773
429676,432391,432454,63,2715
429676,432409,432455,46,2733
429676,432449,432456,7,2773
429676,432391,432456,65,2715
429676,432438,432457,19,2762
429676,432429,432457,28,2753
429676,432439,432458,19,2763
429676,432439,432459,20,2763
429676,432393,432460,67,2717
429676,432438,432460,22,2762
429676,432394,432461,67,2718
429676,432432,432464,32,2756
429676,432450,432465,15,2774
429676,432419,432465,46,2743
429676,432398,432466,68,2722
429676,432415,432466,51,2739
429676,432395,432466,71,2719
429676,432398,432469,71,2722
429676,432396,432470,74,2720
429676,432438,432471,33,2762
429676,432450,432474,24,2774
429676,432411,432475,64,2735
429676,432420,432476,56,2744
429676,432400,432476,76,2724
429676,432450,432476,26,2774
429676,432431,432477,46,2755
429676,432421,432480,59,2745
429676,432420,432484,64,2744
429676,432427,432487,60,2751
429676,432453,432494,41,2777
429676,432454,432498,44,2778
429676,432454,432502,48,2778
429676,432454,432506,52,2778
428567,431266,432509,1243,2699
429676,432458,432510,52,2782
429676,432459,432511,52,2783
429676,432455,432513,58,2779
429890,432475,432514,39,2585
429676,432454,432514,60,2778
429676,432457,432515,58,2781
429676,432456,432516,60,2780
429676,432460,432515,55,2784
429890,432467,432518,51,2577
429890,432469,432518,49,2579
429890,432480,432521,41,2590
429676,432453,432522,69,2777
429676,432456,432522,66,2780
429676,432461,432522,61,2785
429890,432476,432523,47,2586
429890,432470,432523,53,2580
429676,432458,432524,66,2782
429676,432464,432525,61,2788
429890,432471,432526,55,2581
429676,432465,432526,61,2789
429890,432478,432526,48,2588
429890,432475,432528,53,2585
429890,432527,432528,1,2637
429676,432460,432530,70,2784
429890,432526,432530,4,2636
429676,432465,432530,65,2789
429890,432528,432530,2,2638
429890,432528,432531,3,2638
429890,432530,432532,2,2640
429890,432530,432532,2,2640
429890,432530,432532,2,2640
429890,432530,432532,2,2640
429890,432476,432533,57,2586
429890,432531,432533,2,2641
428705,431698,432533,835,2993
429676,432466,432533,67,2790
429890,432532,432534,2,2642
429890,432532,432533,1,2642
429890,432532,432535,3,2642
429890,432532,432535,3,2642
429890,432534,432535,1,2644
429890,432533,432536,3,2643
429890,432533,432536,3,2643
429890,432488,432536,48,2598
429890,432535,432536,1,2645
429890,432534,432537,3,2644
429890,432535,432537,2,2645
429890,432535,432537,2,2645
429890,432526,432536,10,2636
429890,432536,432538,2,2646
429890,432536,432538,2,2646
429890,432536,432538,2,2646
429890,432535,432537,2,2645
429890,432536,432538,2,2646
429890,432535,432538,3,2645
429890,432537,432539,2,2647
429890,432506,432540,34,2616
429890,432537,432540,3,2647
429890,432485,432540,55,2595
429890,432538,432540,2,2648
429890,432537,432539,2,2647
429890,432476,432541,65,2586
429890,432538,432540,2,2648
429890,432538,432542,4,2648
429890,432494,432545,51,2604
429890,432510,432548,38,2620
429890,432538,432549,11,2648
429890,432524,432549,25,2634
429890,432525,432551,26,2635
429890,432498,432553,55,2608
429890,432518,432554,36,2628
429890,432502,432556,54,2612
429890,432515,432557,42,2625
429890,432509,432558,49,2619
429890,432514,432560,46,2624
429890,432538,432561,23,2648
429890,432514,432562,48,2624
429890,432516,432562,46,2626
429890,432513,432562,49,2623
429890,432523,432564,41,2633
429890,432523,432566,43,2633
429890,432522,432566,44,2632
429890,432511,432566,55,2621
429890,432521,432567,46,2631
429890,432516,432568,52,2626
429890,432518,432570,52,2628
429890,432539,432571,32,2649
429890,432523,432574,51,2633
429890,432540,432575,35,2650
429890,432538,432581,43,2648
429890,432522,432581,59,2632
429890,432540,432582,42,2650
429890,432541,432583,42,2651
429890,432539,432585,46,2649
429890,432540,432587,47,2650
429890,432569,432588,19,2679
429890,432562,432589,27,2672
429890,432541,432593,52,2651
429890,432548,432595,47,2658
429890,432541,432597,56,2651
429890,432542,432600,58,2652
429890,432541,432605,64,2651
429890,432557,432606,49,2667
429890,432588,432610,22,2698
429890,432545,432611,66,2655
429890,432597,432614,17,2707
429890,432600,432615,15,2710
429890,432549,432615,66,2659
429890,432560,432615,55,2670
429890,432595,432616,21,2705
429890,432551,432616,65,2661
429890,432562,432616,54,2672
429890,432566,432617,51,2676
429890,432562,432617,55,2672
429890,432553,432617,64,2663
429890,432554,432618,64,2664
429890,432616,432619,3,2726
429890,432616,432619,3,2726
429890,432558,432619,61,2668
429890,432617,432620,3,2727
429890,432616,432620,4,2726
429890,432617,432619,2,2727
429890,432617,432621,4,2727
429890,432582,432621,39,2692
429890,432615,432620,5,2725
429890,432619,432622,3,2729
429890,432618,432622,4,2728
429890,432619,432621,2,2729
429890,432556,432622,66,2666
429890,432607,432623,16,2717
429890,432619,432624,5,2729
429890,432567,432624,57,2677
429890,432615,432624,9,2725
429890,432566,432624,58,2676
429890,432615,432626,11,2725
429890,432571,432625,54,2681
429890,432564,432626,62,2674
429890,432549,432627,78,2659
429890,432581,432627,46,2691
429890,432562,432628,66,2672
429890,432610,432627,17,2720
429890,432620,432628,8,2730
429890,432589,432629,40,2699
429890,432570,432631,61,2680
429890,432581,432631,50,2691
429890,432566,432632,66,2676
429890,432605,432633,28,2715
429890,432593,432632,39,2703
429890,432615,432634,19,2725
429890,432585,432635,50,2695
429890,432574,432639,65,2684
429890,432583,432640,57,2693
429890,432587,432641,54,2697
429890,432620,432643,23,2730
429890,432575,432645,70,2685
429890,432621,432646,25,2731
429890,432611,432646,35,2721
429890,432621,432652,31,2731
429890,432620,432655,35,2730
429890,432624,432670,46,2734
429992,432631,432673,42,2639
429890,432623,432672,49,2733
429890,432627,432673,46,2737
429890,432624,432674,50,2734
429890,432621,432674,53,2731
429992,432633,432674,41,2641
429992,432633,432676,43,2641
429890,432622,432677,55,2732
429890,432622,432678,56,2732
429890,432628,432679,51,2738
429890,432626,432681,55,2736
429992,432631,432681,50,2639
429890,432625,432681,56,2735
429890,432628,432682,54,2738
429890,432626,432683,57,2736
429992,432640,432684,44,2648
429890,432622,432683,61,2732
429890,432622,432685,63,2732
429992,432641,432685,44,2649
429890,432625,432686,61,2735
429992,432632,432688,56,2640
429992,432686,432691,5,2694
429992,432634,432692,58,2642
429992,432688,432691,3,2696
429890,432628,432693,65,2738
429992,432691,432694,3,2699
429890,432627,432694,67,2737
429992,432692,432694,2,2700
429992,432652,432694,42,2660
429992,432692,432695,3,2700
429992,432639,432694,55,2647
429890,432627,432696,69,2737
429992,432695,432696,1,2703
429992,432694,432696,2,2702
429992,432636,432696,60,2644
429992,432694,432697,3,2702
429992,432644,432697,53,2652
429992,432694,432697,3,2702
429992,432693,432696,3,2701
429992,432696,432698,2,2704
429992,432695,432697,2,2703
429992,432696,432699,3,2704
429992,432696,432699,3,2704
429992,432696,432699,3,2704
429992,432645,432699,54,2653
429992,432697,432699,2,2705
429992,432646,432698,52,2654
429992,432697,432699,2,2705
429992,432698,432700,2,2706
429992,432697,432700,3,2705
429992,432696,432699,3,2704
429992,432697,432699,2,2705
429992,432698,432701,3,2706
429992,432699,432701,2,2707
429992,432700,432702,2,2708
429992,432699,432702,3,2707
429992,432699,432702,3,2707
429992,432699,432702,3,2707
429992,432699,432701,2,2707
429992,432699,432703,4,2707
429992,432699,432702,3,2707
429992,432700,432703,3,2708
429992,432655,432703,48,2663
429992,432686,432704,18,2694
429992,432700,432705,5,2708
429992,432700,432707,7,2708
429992,432646,432707,61,2654
429992,432702,432716,14,2710
429992,432679,432716,37,2687
429992,432684,432716,32,2692
429992,432674,432718,44,2682
429992,432682,432720,38,2690
429992,432701,432719,18,2709
429992,432682,432720,38,2690
429992,432674,432721,47,2682
429992,432678,432721,43,2686
429992,432683,432722,39,2691
429992,432673,432721,48,2681
429992,432673,432723,50,2681
429992,432681,432724,43,2689
429992,432685,432724,39,2693
429992,432677,432725,48,2685
429992,432670,432725,55,2678
429992,432702,432724,22,2710
429992,432684,432726,42,2692
429992,432676,432728,52,2684
429992,432673,432731,58,2681
429992,432674,432734,60,2682
429992,432702,432736,34,2710
429992,432681,432740,59,2689
429992,432720,432746,26,2728
429992,432702,432751,49,2710
429992,432703,432757,54,2711
429992,432704,432758,54,2712
429992,432703,432759,56,2711
429992,432702,432759,57,2710
429992,432702,432761,59,2710
429992,432717,432763,46,2725
429992,432703,432762,59,2711
429992,432703,432764,61,2711
429992,432718,432768,50,2726
429992,432726,432770,44,2734
429992,432708,432771,63,2716
429992,432705,432771,66,2713
429992,432729,432772,43,2737
429992,432707,432772,65,2715
429992,432716,432773,57,2724
429992,432717,432773,56,2725
429992,432721,432774,53,2729
429992,432720,432774,54,2728
429992,432722,432776,54,2730
429992,432722,432777,55,2730
429992,432720,432776,56,2728
429992,432724,432777,53,2732
429992,432721,432780,59,2729
429992,432777,432781,4,2785
429992,432777,432781,4,2785
429992,432779,432781,2,2787
429992,432774,432782,8,2782
429992,432776,432781,5,2784
429992,432724,432783,59,2732
429992,432780,432783,3,2788
429992,432775,432782,7,2783
429992,432725,432784,59,2733
429992,432781,432784,3,2789
429992,432781,432785,4,2789
429992,432781,432784,3,2789
429992,432782,432787,5,2790
429992,432760,432787,27,2768
429992,432723,432791,68,2731
429992,432774,432791,17,2782
429992,432782,432791,9,2790
429992,432725,432793,68,2733
429992,432771,432794,23,2779
429992,432725,432795,70,2733
429992,432783,432794,11,2791
429992,432772,432796,24,2780
429992,432731,432802,71,2739
429992,432734,432806,72,2742
429992,432783,432809,26,2791
429992,432771,432812,41,2779
429992,432770,432812,42,2778
429992,432773,432814,41,2781
429992,432736,432814,78,2744
429992,432764,432815,51,2772
429992,432772,432815,43,2780
429992,432768,432816,48,2776
429992,432746,432817,71,2754
429992,432740,432818,78,2748
429992,432757,432820,63,2765
429992,432758,432823,65,2766
429992,432751,432828,77,2759
429992,432763,432828,65,2771
429992,432783,432834,51,2791
429992,432761,432836,75,2769
429992,432759,432838,79,2767
429992,432764,432840,76,2772
429992,432784,432841,57,2792
429992,432785,432841,56,2793
429992,432785,432843,58,2793
429992,432791,432842,51,2799
429992,432791,432843,52,2799
429992,432785,432844,59,2793
430583,432818,432846,28,2235
429992,432795,432846,51,2803
429992,432787,432848,61,2795
429992,432795,432849,54,2803
429992,432809,432852,43,2817
430583,432820,432853,33,2237
429992,432806,432854,48,2814
429992,432787,432855,68,2795
430583,432815,432855,40,2232
429992,432793,432857,64,2801
429992,432791,432858,67,2799
430583,432823,432858,35,2240
430583,432815,432859,44,2232
430583,432816,432863,47,2233
429992,432796,432865,69,2804
429992,432814,432865,51,2822
430583,432828,432865,37,2245
429992,432795,432866,71,2803
429992,432802,432869,67,2810
430583,432817,432874,57,2234
429992,432812,432878,66,2820
430583,432834,432878,44,2251
429992,432814,432879,65,2822
430583,432878,432880,2,2295
430583,432878,432882,4,2295
430583,432880,432882,2,2297
430583,432828,432882,54,2245
430583,432879,432882,3,2296
430583,432882,432884,2,2299
430583,432882,432884,2,2299
430583,432874,432885,11,2291
430583,432883,432886,3,2300
430583,432884,432886,2,2301
430583,432883,432886,3,2300
430583,432884,432887,3,2301
430583,432841,432887,46,2258
430583,432841,432886,45,2258
430583,432885,432888,3,2302
430583,432843,432887,44,2260
430583,432843,432887,44,2260
430583,432886,432888,2,2303
430583,432886,432888,2,2303
430583,432887,432889,2,2304
430583,432845,432890,45,2262
430583,432836,432890,54,2253
430583,432887,432889,2,2304
430583,432887,432890,3,2304
430583,432888,432891,3,2305
430583,432848,432890,42,2265
430583,432888,432890,2,2305
430583,432889,432892,3,2306
430583,432888,432892,4,2305
430583,432889,432892,3,2306
430583,432888,432891,3,2305
430583,432889,432891,2,2306
430583,432838,432892,54,2255
430583,432890,432892,2,2307
430583,432843,432894,51,2260
430583,432890,432894,4,2307
430583,432847,432896,49,2264
430583,432869,432896,27,2286
430583,432890,432896,6,2307
430583,432852,432896,44,2269
430583,432890,432898,8,2307
430583,432840,432901,61,2257
430583,432891,432902,11,2308
430583,432855,432903,48,2272
430583,432853,432904,51,2270
430583,432850,432904,54,2267
430583,432863,432907,44,2280
430583,432865,432907,42,2282
430583,432858,432909,51,2275
430583,432857,432911,54,2274
430583,432866,432913,47,2283
430583,432865,432913,48,2282
430583,432891,432914,23,2308
430583,432854,432914,60,2271
430583,432859,432914,55,2276
430583,432858,432916,58,2275
430583,432855,432916,61,2272
430583,432865,432917,52,2282
430583,432846,432918,72,2263
430583,432891,432921,30,2308
430583,432892,432924,32,2309
430583,432897,432931,34,2314
430583,432893,432938,45,2310
430583,432892,432940,48,2309
430583,432892,432940,48,2309
430583,432893,432942,49,2310
430583,432894,432943,49,2311
430583,432892,432942,50,2309
430583,432892,432947,55,2309
430583,432914,432950,36,2331
430583,432894,432954,60,2311
430583,432902,432954,52,2319
430583,432908,432956,48,2325
430583,432904,432956,52,2321
430583,432909,432956,47,2326
430583,432901,432958,57,2318
430583,432896,432959,63,2313
430583,432898,432959,61,2315
430583,432958,432962,4,2375
430583,432896,432962,66,2313
430583,432907,432962,55,2324
430583,432958,432962,4,2375
430583,432959,432962,3,2376
430583,432961,432964,3,2378
430583,432962,432965,3,2379
430583,432962,432965,3,2379
430583,432904,432966,62,2321
430583,432896,432966,70,2313
430583,432962,432966,4,2379
430583,432903,432966,63,2320
430583,432963,432967,4,2380
430583,432962,432966,4,2379
430583,432965,432967,2,2382
430583,432965,432967,2,2382
430583,432964,432967,3,2381
430583,432966,432969,3,2383
430583,432966,432968,2,2383
430583,432966,432969,3,2383
430583,432967,432970,3,2384
430583,432966,432970,4,2383
430583,432967,432970,3,2384
430583,432967,432970,3,2384
430583,432967,432970,3,2384
430583,432968,432972,4,2385
430583,432913,432972,59,2330
430583,432969,432974,5,2386
430583,432956,432974,18,2373
430583,432914,432975,61,2331
430583,432925,432978,53,2342
430583,432956,432978,22,2373
430583,432911,432978,67,2328
430583,432914,432978,64,2331
430583,432921,432978,57,2338
430583,432969,432982,13,2386
430583,432918,432984,66,2335
430583,432913,432984,71,2330
430583,432916,432984,68,2333
430583,432916,432986,70,2333
430583,432932,432986,54,2349
428763,431753,432987,1234,2990
430583,432969,432988,19,2386
430583,432950,432988,38,2367
430583,432941,432990,49,2358
430583,432938,432991,53,2355
430583,432918,432992,74,2335
430583,432943,432993,50,2360
430583,432940,432996,56,2357
430583,432954,432997,43,2371
430583,432943,433001,58,2360
430583,432947,433003,56,2364
430583,432942,433009,67,2359
430583,432954,433012,58,2371
430606,432988,433012,24,2382
430606,432988,433013,25,2382
430583,432970,433014,44,2387
430583,432974,433020,46,2391
430606,432988,433022,34,2382
430583,432970,433022,52,2387
430606,432990,433023,33,2384
430583,432972,433026,54,2389
430583,432974,433027,53,2391
430606,432991,433028,37,2385
430583,432978,433028,50,2395
430583,432979,433030,51,2396
430583,432970,433032,62,2387
430583,432978,433033,55,2395
430583,432970,433033,63,2387
430583,432978,433035,57,2395
430583,432972,433037,65,2389
430583,432975,433038,63,2392
430583,432970,433039,69,2387
430606,432992,433040,48,2386
430606,433001,433042,41,2395
430583,432982,433042,60,2399
430606,432996,433044,48,2390
430583,432978,433044,66,2395
430606,433003,433043,40,2397
430583,432984,433044,60,2401
430606,432993,433047,54,2387
430606,432998,433048,50,2392
430583,432985,433050,65,2402
430606,433014,433052,38,2408
430583,432986,433052,66,2403
430606,433050,433054,4,2444
430606,433052,433055,3,2446
430583,432987,433055,68,2404
430606,433052,433057,5,2446
430606,433055,433057,2,2449
430606,433054,433057,3,2448
430606,433055,433059,4,2449
430606,433057,433059,2,2451
430606,433057,433060,3,2451
430606,433057,433061,4,2451
430606,433059,433061,2,2453
430606,433059,433063,4,2453
430606,433060,433063,3,2454
430606,433061,433063,2,2455
430606,433061,433064,3,2455
430606,433064,433066,2,2458
430606,433049,433066,17,2443
430606,433063,433066,3,2457
430606,433023,433066,43,2417
430606,433020,433067,47,2414
430606,433063,433067,4,2457
430606,433064,433069,5,2458
430606,433066,433069,3,2460
430606,433066,433069,3,2460
430606,433028,433069,41,2422
430606,433013,433070,57,2407
430606,433023,433071,48,2417
430606,433022,433071,49,2416
430606,433013,433072,59,2407
430606,433066,433072,6,2460
430606,433066,433074,8,2460
430606,433009,433075,66,2403
430606,433012,433078,66,2406
430606,433067,433078,11,2461
430606,433032,433079,47,2426
430606,433027,433082,55,2421
430606,433029,433084,55,2423
430606,433033,433084,51,2427
430606,433037,433087,50,2431
430606,433032,433088,56,2426
430606,433047,433089,42,2441
430606,433026,433089,63,2420
430606,433044,433090,46,2438
430606,433033,433091,58,2427
430606,433042,433091,49,2436
430606,433042,433093,51,2436
430606,433067,433093,26,2461
430606,433039,433096,57,2433
430606,433044,433098,54,2438
430606,433044,433101,57,2438
430606,433040,433102,62,2434
430606,433044,433103,59,2438
430606,433036,433106,70,2430
430606,433069,433106,37,2463
430606,433069,433107,38,2463
430606,433069,433110,41,2463
430606,433040,433112,72,2434
430606,433071,433131,60,2465
430606,433069,433133,64,2463
430606,433071,433138,67,2465
429338,431906,433139,1233,2568
430606,433079,433144,65,2473
430606,433070,433145,75,2464
430606,433074,433147,73,2468
430606,433091,433149,58,2485
430606,433072,433150,78,2466
430606,433090,433155,65,2484
430606,433078,433155,77,2472
430606,433075,433155,80,2469
430606,433084,433155,71,2478
430606,433078,433155,77,2472
430606,433072,433156,84,2466
430606,433089,433157,68,2483
430606,433091,433159,68,2485
430606,433084,433160,76,2478
430606,433082,433167,85,2476
430606,433088,433174,86,2482
430606,433089,433178,89,2483
430606,433093,433178,85,2487
430606,433087,433179,92,2481
430606,433093,433181,88,2487
430606,433098,433185,87,2492
430606,433110,433185,75,2504
430606,433103,433187,84,2497
430606,433096,433187,91,2490
430606,433107,433189,82,2501
430606,433102,433190,88,2496
430606,433101,433192,91,2495
430606,433106,433195,89,2500
430606,433106,433195,89,2500
430606,433131,433204,73,2525
430606,433133,433205,72,2527
430606,433112,433206,94,2506
430606,433138,433209,71,2532
430606,433209,433212,3,2603
430606,433212,433214,2,2606
430606,433214,433216,2,2608
430606,433147,433218,71,2541
430606,433144,433219,75,2538
430606,433216,433218,2,2610
430606,433206,433221,15,2600
430606,433219,433221,2,2613
430606,433155,433222,67,2549
430606,433219,433222,3,2613
430606,433155,433224,69,2549
430606,433155,433225,70,2549
430606,433157,433227,70,2551
430606,433159,433229,70,2553
430606,433139,433231,92,2533
430606,433145,433232,87,2539
430606,433149,433234,85,2543
430606,433205,433235,30,2599
430606,433160,433236,76,2554
430606,433220,433237,17,2614
430606,433150,433241,91,2544
430606,433155,433242,87,2549
430606,433155,433245,90,2549
430606,433167,433248,81,2561
430606,433156,433249,93,2550
430606,433204,433257,53,2598
430606,433229,433258,29,2623
430606,433178,433259,81,2572
430606,433178,433262,84,2572
430606,433174,433263,89,2568
430606,433186,433264,78,2580
430649,433248,433264,16,2599
430606,433222,433266,44,2616
430606,433179,433267,88,2573
430606,433221,433272,51,2615
430606,433185,433273,88,2579
430649,433249,433274,25,2600
430606,433187,433278,91,2581
430649,433257,433278,21,2608
430606,433189,433279,90,2583
430606,433181,433281,100,2575
430606,433195,433282,87,2589
430649,433258,433287,29,2609
430606,433195,433287,92,2589
430649,433262,433289,27,2613
430606,433187,433289,102,2581
430606,433192,433291,99,2586
429492,432093,433294,1201,2601
430606,433222,433294,72,2616
430606,433224,433294,70,2618
430606,433227,433297,70,2621
430606,433190,433297,107,2584
430606,433225,433298,73,2619
430649,433267,433300,33,2618
430606,433222,433302,80,2616
430649,433263,433302,39,2614
430649,433266,433303,37,2617
430606,433236,433307,71,2630
430649,433264,433307,43,2615
430649,433278,433310,32,2629
430606,433235,433313,78,2629
430649,433260,433313,53,2611
430649,433272,433315,43,2623
430649,433273,433315,42,2624
430649,433264,433316,52,2615
430606,433231,433318,87,2625
430606,433237,433318,81,2631
430606,433232,433319,87,2626
430649,433279,433321,42,2630
430649,433278,433322,44,2629
430606,433241,433322,81,2635
430606,433234,433325,91,2628
430606,433243,433327,84,2637
430649,433281,433327,46,2632
430649,433287,433327,40,2638
430649,433274,433329,55,2625
430649,433287,433329,42,2638
430649,433289,433330,41,2640
430649,433282,433331,49,2633
430649,433291,433334,43,2642
429677,432466,433334,868,2789
430649,433296,433335,39,2647
430649,433294,433336,42,2645
430649,433297,433340,43,2648
430649,433290,433341,51,2641
430649,433318,433343,25,2669
430649,433322,433343,21,2673
430649,433321,433343,22,2672
430649,433302,433344,42,2653
430649,433294,433344,50,2645
430649,433313,433345,32,2664
430649,433322,433345,23,2673
430649,433307,433346,39,2658
430649,433310,433345,35,2661
430649,433329,433347,18,2680
430649,433325,433347,22,2676
430649,433319,433347,28,2670
430649,433300,433348,48,2651
430649,433298,433347,49,2649
430649,433298,433349,51,2649
430649,433329,433351,22,2680
430649,433327,433352,25,2678
430649,433327,433353,26,2678
430649,433327,433353,26,2678
430649,433303,433354,51,2654
430649,433318,433355,37,2669
430649,433307,433358,51,2658
430649,433330,433358,28,2681
430649,433302,433358,56,2653
430649,433316,433358,42,2667
430649,433333,433361,28,2684
430649,433334,433362,28,2685
430649,433334,433364,30,2685
430649,433335,433365,30,2686
430649,433337,433367,30,2688
430649,433340,433376,36,2691
430649,433315,433377,62,2666
430649,433313,433382,69,2664
430649,433315,433384,69,2666
430649,433341,433385,44,2692
430649,433346,433386,40,2697
430649,433343,433391,48,2694
430649,433343,433394,51,2694
430649,433346,433394,48,2697
430649,433345,433399,54,2696
430649,433344,433402,58,2695
430649,433343,433408,65,2694
430649,433344,433410,66,2695
430649,433365,433414,49,2716
430649,433347,433416,69,2698
430649,433367,433416,49,2718
430649,433352,433416,64,2703
430649,433348,433418,70,2699
430649,433347,433421,74,2698
430649,433358,433426,68,2709
430649,433354,433427,73,2705
430649,433345,433427,82,2696
430649,433358,433427,69,2709
430649,433347,433431,84,2698
430649,433353,433432,79,2704
430649,433353,433432,79,2704
430649,433355,433433,78,2706
430649,433362,433434,72,2713
430649,433358,433439,81,2709
430649,433359,433439,80,2710
430649,433351,433440,89,2702
430649,433349,433440,91,2700
430649,433348,433444,96,2699
430649,433395,433446,51,2746
430649,433378,433448,70,2729
430649,433361,433448,87,2712
430649,433394,433448,54,2745
430649,433364,433451,87,2715
430649,433376,433454,78,2727
430649,433385,433461,76,2736
430649,433402,433463,61,2753
430649,433386,433464,78,2737
430649,433391,433469,78,2742
430649,433399,433470,71,2750
430649,433385,433471,86,2736
430649,433414,433471,57,2765
430649,433382,433475,93,2733
430649,433416,433476,60,2767
430649,433476,433479,3,2827
430649,433479,433481,2,2830
430649,433481,433484,3,2832
430649,433475,433485,10,2826
430649,433484,433487,3,2835
430649,433418,433490,72,2769
430649,433408,433497,89,2759
430649,433416,433498,82,2767
430649,433416,433498,82,2767
430649,433427,433498,71,2778
430649,433410,433498,88,2761
430649,433428,433498,70,2779
430649,433455,433501,46,2806
430649,433471,433502,31,2822
430649,433421,433505,84,2772
430649,433434,433506,72,2785
430649,433485,433506,21,2836
430649,433433,433508,75,2784
429891,432629,433510,881,2738
430649,433471,433514,43,2822
430649,433431,433516,85,2782
430649,433487,433518,31,2838
430649,433446,433518,72,2797
430649,433432,433519,87,2783
430649,433439,433519,80,2790
430649,433432,433520,88,2783
429582,432291,433521,1230,2709
430649,433440,433522,82,2791
430649,433428,433522,94,2779
430649,433426,433524,98,2777
430649,433439,433523,84,2790
430649,433444,433526,82,2795
430649,433440,433527,87,2791
430649,433448,433529,81,2799
430649,433448,433539,91,2799
430649,433448,433540,92,2799
430649,433451,433541,90,2802
430649,433463,433543,80,2814
430649,433464,433545,81,2815
431235,433518,433549,31,2283
430649,433469,433551,82,2820
430649,433470,433555,85,2821
430649,433490,433558,68,2841
431235,433518,433561,43,2283
430649,433461,433563,102,2812
430649,433499,433564,65,2850
431235,433519,433565,46,2284
430649,433498,433565,67,2849
431235,433521,433567,46,2286
430649,433506,433571,65,2857
430649,433502,433572,70,2853
431235,433519,433573,54,2284
430649,433501,433573,72,2852
431235,433524,433573,49,2289
431235,433529,433576,47,2294
431235,433522,433577,55,2287
430649,433498,433577,79,2849
431235,433527,433579,52,2292
431235,433522,433579,57,2287
431235,433520,433580,60,2285
431235,433540,433582,42,2305
431235,433524,433583,59,2289
431235,433580,433584,4,2345
431235,433582,433585,3,2347
431235,433526,433584,58,2291
430649,433510,433586,76,2861
431235,433583,433585,2,2348
431235,433584,433587,3,2349
430649,433497,433587,90,2848
431235,433543,433586,43,2308
431235,433585,433587,2,2350
431235,433585,433588,3,2350
431235,433586,433587,1,2351
431235,433587,433589,2,2352
430649,433505,433588,83,2856
431235,433587,433589,2,2352
430649,433508,433590,82,2859
431235,433586,433589,3,2351
431235,433587,433589,2,2352
431235,433588,433590,2,2353
431235,433588,433590,2,2353
430649,433499,433591,92,2850
431235,433588,433590,2,2353
431235,433589,433590,1,2354
431235,433589,433592,3,2354
431235,433589,433592,3,2354
431235,433590,433592,2,2355
431235,433590,433592,2,2355
431235,433590,433593,3,2355
431235,433539,433593,54,2304
430649,433506,433593,87,2857
431235,433545,433593,48,2310
431235,433590,433593,3,2355
431235,433590,433593,3,2355
431235,433591,433594,3,2356
431235,433591,433594,3,2356
431235,433592,433594,2,2357
431235,433592,433594,2,2357
431235,433591,433593,2,2356
431235,433578,433594,16,2343
431235,433592,433594,2,2357
430649,433498,433596,98,2849
431235,433555,433596,41,2320
431235,433580,433597,17,2345
431235,433551,433598,47,2316
431235,433558,433599,41,2323
431235,433542,433599,57,2307
431235,433592,433601,9,2357
431235,433576,433601,25,2341
431235,433577,433602,25,2342
431235,433549,433602,53,2314
430649,433514,433605,91,2865
431235,433579,433605,26,2344
431235,433593,433608,15,2358
431235,433561,433611,50,2326
431235,433564,433612,48,2329
431235,433565,433613,48,2330
431235,433572,433616,44,2337
431235,433574,433615,41,2339
431235,433574,433617,43,2339
431235,433563,433619,56,2328
431235,433565,433619,54,2330
431235,433573,433621,48,2338
431235,433593,433623,30,2358
431235,433567,433623,56,2332
431235,433596,433624,28,2361
431235,433601,433625,24,2366
431235,433571,433626,55,2336
431235,433593,433635,42,2358
431235,433594,433636,42,2359
431235,433597,433637,40,2362
431235,433594,433644,50,2359
431235,433599,433644,45,2364
431235,433596,433646,50,2361
431235,433594,433646,52,2359
431235,433593,433647,54,2358
431235,433594,433652,58,2359
431235,433594,433654,60,2359
431235,433594,433654,60,2359
431235,433602,433660,58,2367
431235,433598,433660,62,2363
431235,433601,433661,60,2366
431235,433596,433661,65,2361
431235,433594,433665,71,2359
431235,433594,433671,77,2359
431235,433611,433672,61,2376
431235,433600,433674,74,2365
431235,433612,433675,63,2377
431235,433615,433676,61,2380
431235,433605,433676,71,2370
431235,433605,433677,72,2370
431235,433616,433679,63,2381
431235,433616,433681,65,2381
431235,433602,433683,81,2367
431235,433619,433688,69,2384
431235,433608,433689,81,2373
431235,433621,433691,70,2386
431235,433617,433695,78,2382
431235,433626,433697,71,2391
431235,433624,433698,74,2389
431235,433635,433699,64,2400
431235,433626,433699,73,2391
431235,433671,433699,28,2436
431235,433697,433700,3,2462
431235,433624,433700,76,2389
431235,433691,433699,8,2456
431235,433623,433700,77,2388
431235,433695,433700,5,2460
431235,433699,433701,2,2464
431235,433636,433702,66,2401
431235,433621,433702,81,2386
431235,433698,433701,3,2463
431235,433699,433702,3,2464
431235,433699,433703,4,2464
431235,433676,433705,29,2441
431235,433647,433706,59,2412
431235,433689,433707,18,2454
431235,433700,433709,9,2465
431235,433646,433710,64,2411
431235,433644,433711,67,2409
431235,433654,433714,60,2419
431235,433654,433715,61,2419
431235,433637,433715,78,2402
431235,433644,433718,74,2409
431235,433646,433719,73,2411
431235,433660,433721,61,2425
431235,433661,433725,64,2426
431235,433652,433725,73,2417
431235,433700,433725,25,2465
431235,433660,433726,66,2425
431235,433679,433727,48,2444
431235,433702,433728,26,2467
431235,433661,433729,68,2426
431235,433688,433734,46,2453
431235,433675,433736,61,2440
431235,433700,433735,35,2465
431266,433716,433737,21,2450
431235,433702,433739,37,2467
431235,433714,433740,26,2479
431235,433672,433741,69,2437
431235,433665,433749,84,2430
431235,433675,433749,74,2440
431235,433681,433751,70,2446
431235,433676,433751,75,2441
431235,433702,433755,53,2467
431235,433683,433759,76,2448
431266,433718,433761,43,2452
431235,433700,433763,63,2465
431266,433721,433763,42,2455
431235,433701,433765,64,2466
431266,433719,433767,48,2453
431266,433727,433771,44,2461
431235,433702,433772,70,2467
431235,433713,433772,59,2478
431235,433704,433774,70,2469
431266,433726,433774,48,2460
431266,433728,433774,46,2462
431235,433677,433775,98,2442
431266,433725,433776,51,2459
431266,433725,433776,51,2459
431235,433709,433776,67,2474
431235,433710,433777,67,2475
431266,433725,433778,53,2459
431266,433777,433779,2,2511
431266,433776,433780,4,2510
431266,433777,433779,2,2511
431235,433707,433780,73,2472
431266,433729,433780,51,2463
431266,433779,433781,2,2513
431266,433776,433780,4,2510
431266,433779,433780,1,2513
431266,433780,433781,1,2514
431266,433780,433782,2,2514
431266,433780,433782,2,2514
431266,433780,433782,2,2514
431266,433781,433783,2,2515
431266,433782,433783,1,2516
431266,433782,433784,2,2516
431266,433782,433783,1,2516
431266,433740,433783,43,2474
431266,433782,433784,2,2516
431266,433775,433785,10,2509
431266,433782,433785,3,2516
431266,433782,433785,3,2516
431266,433774,433785,11,2508
431266,433784,433786,2,2518
431266,433784,433786,2,2518
431266,433736,433786,50,2470
431266,433785,433787,2,2519
431266,433784,433786,2,2518
431266,433784,433786,2,2518
431266,433784,433786,2,2518
431266,433785,433787,2,2519
431266,433784,433786,2,2518
431266,433785,433787,2,2519
431235,433700,433787,87,2465
431266,433786,433788,2,2520
431266,433786,433788,2,2520
431266,433785,433788,3,2519
431266,433786,433789,3,2520
431266,433787,433789,2,2521
431266,433736,433790,54,2470
431235,433707,433789,82,2472
431266,433751,433791,40,2485
431266,433741,433791,50,2475
431235,433705,433793,88,2470
431266,433752,433793,41,2486
431266,433787,433794,7,2521
431266,433734,433794,60,2468
431266,433774,433795,21,2508
431266,433749,433796,47,2483
431266,433767,433798,31,2501
431266,433737,433798,61,2471
431266,433787,433798,11,2521
431266,433739,433799,60,2473
431266,433787,433800,13,2521
431266,433749,433801,52,2483
431266,433774,433802,28,2508
431266,433773,433802,29,2507
431266,433771,433807,36,2505
431266,433766,433808,42,2500
431266,433788,433809,21,2522
431266,433763,433810,47,2497
431266,433772,433810,38,2506
431266,433764,433811,47,2498
431266,433759,433812,53,2493
431266,433761,433812,51,2495
431266,433787,433816,29,2521
431266,433790,433816,26,2524
431266,433756,433818,62,2490
431266,433802,433828,26,2536
431266,433787,433830,43,2521
431266,433793,433836,43,2527
431266,433787,433837,50,2521
431266,433788,433837,49,2522
431266,433787,433838,51,2521
431266,433789,433839,50,2523
430584,432986,433843,857,2402
431266,433812,433847,35,2546
431266,433795,433848,53,2529
431266,433818,433850,32,2552
431266,433791,433852,61,2525
431266,433789,433853,64,2523
431266,433808,433853,45,2542
431266,433797,433853,56,2531
431266,433828,433854,26,2562
431266,433817,433855,38,2551
431266,433811,433855,44,2545
431266,433807,433855,48,2541
431266,433799,433855,56,2533
431266,433794,433855,61,2528
431266,433792,433858,66,2526
431266,433791,433859,68,2525
431266,433794,433859,65,2528
431266,433812,433860,48,2546
431266,433788,433860,72,2522
431266,433800,433861,61,2534
431266,433810,433862,52,2544
431266,433810,433862,52,2544
431266,433861,433863,2,2595
431266,433843,433864,21,2577
431266,433860,433864,4,2594
431266,433809,433864,55,2543
431266,433860,433864,4,2594
431266,433862,433866,4,2596
431266,433863,433866,3,2597
431266,433862,433866,4,2596
431266,433859,433866,7,2593
431266,433864,433866,2,2598
431266,433864,433867,3,2598
431266,433798,433867,69,2532
431266,433864,433867,3,2598
431266,433793,433867,74,2527
431266,433859,433869,10,2593
431266,433799,433869,70,2533
431266,433864,433869,5,2598
431266,433802,433871,69,2536
431266,433801,433871,70,2535
431266,433858,433874,16,2592
431266,433866,433874,8,2600
431266,433799,433874,75,2533
431266,433866,433880,14,2600
431266,433853,433886,33,2587
431266,433816,433889,73,2550
431266,433866,433894,28,2600
431266,433850,433894,44,2584
431266,433855,433895,40,2589
431266,433852,433894,42,2586
431266,433837,433896,59,2571
431266,433836,433898,62,2570
431266,433853,433898,45,2587
431266,433867,433900,33,2601
431266,433866,433900,34,2600
431266,433831,433901,70,2565
431266,433869,433903,34,2603
431266,433856,433903,47,2590
431266,433867,433906,39,2601
431266,433869,433907,38,2603
431266,433837,433909,72,2571
431266,433839,433909,70,2573
431266,433853,433912,59,2587
431266,433856,433912,56,2590
431266,433855,433914,59,2589
431266,433848,433916,68,2582
431266,433855,433917,62,2589
431266,433854,433918,64,2588
431266,433838,433921,83,2572
431266,433866,433922,56,2600
431266,433847,433925,78,2581
431266,433874,433928,54,2608
431266,433867,433928,61,2601
431410,433889,433931,42,2479
431266,433874,433933,59,2608
431410,433896,433934,38,2486
431410,433895,433934,39,2485
431266,433880,433935,55,2614
431410,433894,433937,43,2484
431410,433904,433938,34,2494
431266,433870,433940,70,2604
431266,433871,433940,69,2605
431410,433894,433941,47,2484
431410,433895,433942,47,2485
431266,433875,433943,68,2609
431410,433942,433944,2,2532
431266,433871,433944,73,2605
431410,433941,433944,3,2531
431410,433943,433945,2,2533
431410,433944,433946,2,2534
431410,433909,433946,37,2499
431410,433944,433945,1,2534
431266,433867,433947,80,2601
431410,433944,433947,3,2534
431410,433939,433947,8,2529
431410,433940,433947,7,2530
431410,433940,433948,8,2530
431410,433907,433948,41,2497
431410,433946,433948,2,2536
431410,433946,433949,3,2536
431410,433947,433949,2,2537
431410,433899,433948,49,2489
431410,433946,433948,2,2536
431410,433947,433949,2,2537
431410,433946,433948,2,2536
431410,433947,433950,3,2537
431410,433898,433950,52,2488
431410,433948,433950,2,2538
431410,433948,433949,1,2538
431410,433912,433951,39,2502
431410,433949,433951,2,2539
431410,433948,433950,2,2538
431410,433948,433950,2,2538
431410,433949,433950,1,2539
431410,433909,433951,42,2499
431410,433949,433952,3,2539
431410,433950,433952,2,2540
431410,433949,433951,2,2539
431410,433950,433952,2,2540
431410,433949,433951,2,2539
431410,433949,433951,2,2539
431410,433950,433953,3,2540
431410,433950,433952,2,2540
431410,433951,433953,2,2541
431410,433951,433954,3,2541
431410,433917,433954,37,2507
431410,433937,433953,16,2527
431410,433900,433955,55,2490
431410,433951,433955,4,2541
431410,433903,433955,52,2493
431410,433901,433958,57,2491
431410,433916,433960,44,2506
431410,433914,433961,47,2504
431410,433952,433963,11,2542
431410,433951,433963,12,2541
431410,433922,433966,44,2512
431410,433901,433966,65,2491
431410,433933,433966,33,2523
431410,433921,433966,45,2511
431410,433935,433968,33,2525
431410,433913,433968,55,2503
431410,433918,433969,51,2508
431410,433934,433969,35,2524
431410,433952,433969,17,2542
431410,433934,433972,38,2524
431410,433907,433973,66,2497
431410,433951,433972,21,2541
431410,433931,433974,43,2521
431410,433928,433974,46,2518
431410,433928,433977,49,2518
431410,433953,433991,38,2543
431410,433953,433993,40,2543
431410,433925,433993,68,2515
431410,433953,433994,41,2543
431410,433952,433998,46,2542
431410,433952,434003,51,2542
431410,433954,434006,52,2544
431410,433955,434014,59,2545
431410,433953,434014,61,2543
431410,433954,434015,61,2544
431410,433952,434016,64,2542
431410,433960,434017,57,2550
431410,433962,434017,55,2552
431410,433952,434018,66,2542
431410,433955,434023,68,2545
431410,433957,434025,68,2547
431410,433966,434025,59,2556
431410,433969,434025,56,2559
431410,433958,434029,71,2548
431410,433967,434031,64,2557
431410,433993,434032,39,2583
431410,433954,434032,78,2544
431410,433963,434033,70,2553
431410,433972,434033,61,2562
431410,433963,434034,71,2553
431410,433993,434034,41,2583
431410,433968,434033,65,2558
431410,433969,434035,66,2559
431410,433974,434035,61,2564
431410,433973,434038,65,2563
431410,433966,434038,72,2556
431410,433977,434040,63,2567
431410,434038,434042,4,2628
431410,434038,434041,3,2628
431410,433998,434042,44,2588
431410,433969,434042,73,2559
431410,433966,434043,77,2556
431410,434035,434043,8,2625
431410,433968,434043,75,2558
431410,434040,434042,2,2630
431410,433974,434043,69,2564
431410,434042,434044,2,2632
431410,434042,434045,3,2632
431410,434042,434045,3,2632
431410,434015,434046,31,2605
431410,434042,434046,4,2632
431410,433995,434046,51,2585
431410,433973,434046,73,2563
431410,434035,434047,12,2625
431410,434003,434047,44,2593
431410,434043,434047,4,2633
431410,434025,434052,27,2615
431410,434035,434054,19,2625
431410,433991,434055,64,2581
431410,434043,434060,17,2633
431410,434006,434061,55,2596
431410,434017,434062,45,2607
431410,434025,434066,41,2615
431410,434016,434067,51,2606
429993,432814,434069,1255,2821
431410,434034,434072,38,2624
431410,434043,434072,29,2633
431410,434014,434074,60,2604
431410,434034,434077,43,2624
431410,434044,434078,34,2634
431410,434047,434081,34,2637
431410,434032,434081,49,2622
431410,434029,434083,54,2619
431410,434014,434083,69,2604
431410,434018,434084,66,2608
431410,434048,434088,40,2638
431410,434023,434091,68,2613
431410,434047,434093,46,2637
431410,434018,434094,76,2608
431410,434052,434094,42,2642
431410,434044,434095,51,2634
431410,434033,434098,65,2623
431427,434062,434099,37,2635
431410,434043,434099,56,2633
431410,434032,434100,68,2622
431410,434025,434100,75,2615
431410,434033,434100,67,2623
431427,434067,434102,35,2640
431410,434031,434105,74,2621
431410,434046,434106,60,2636
431410,434045,434110,65,2635
431410,434055,434113,58,2645
431410,434045,434116,71,2635
431410,434054,434116,62,2644
431410,434046,434116,70,2636
431427,434095,434118,23,2668
431410,434047,434119,72,2637
431427,434067,434120,53,2640
431410,434060,434121,61,2650
431410,434047,434126,79,2637
431427,434106,434126,20,2679
431427,434122,434127,5,2695
431427,434118,434127,9,2691
431427,434069,434127,58,2642
431427,434120,434128,8,2693
431427,434126,434128,2,2699
431427,434077,434128,51,2650
431427,434127,434129,2,2700
431427,434126,434129,3,2699
431427,434074,434128,54,2647
431427,434119,434129,10,2692
431427,434127,434130,3,2700
431427,434074,434130,56,2647
431427,434127,434130,3,2700
431427,434128,434130,2,2701
431427,434083,434130,47,2656
431427,434128,434129,1,2701
431427,434128,434131,3,2701
431427,434129,434130,1,2702
431427,434129,434132,3,2702
431427,434129,434132,3,2702
431427,434129,434132,3,2702
431427,434131,434132,1,2704
431427,434130,434133,3,2703
431427,434130,434133,3,2703
431427,434130,434133,3,2703
431427,434130,434133,3,2703
431427,434081,434133,52,2654
431427,434072,434132,60,2645
431427,434130,434132,2,2703
431427,434131,434134,3,2704
431427,434100,434133,33,2673
431427,434132,434134,2,2705
431427,434131,434133,2,2704
431427,434084,434135,51,2657
431427,434132,434135,3,2705
431427,434132,434134,2,2705
431427,434133,434136,3,2706
431427,434132,434135,3,2705
431427,434133,434136,3,2706
431427,434133,434136,3,2706
431427,434078,434136,58,2651
431427,434133,434135,2,2706
431427,434083,434136,53,2656
431427,434133,434137,4,2706
431427,434099,434137,38,2672
431427,434117,434138,21,2690
431427,434082,434139,57,2655
431427,434133,434139,6,2706
431427,434093,434139,46,2666
431427,434116,434140,24,2689
431427,434094,434142,48,2667
431427,434134,434144,10,2707
431427,434100,434144,44,2673
431427,434101,434146,45,2674
431427,434088,434147,59,2661
431427,434113,434147,34,2686
431427,434098,434148,50,2671
431427,434095,434149,54,2668
431427,434116,434150,34,2689
431427,434102,434151,49,2675
431427,434091,434151,60,2664
431427,434099,434153,54,2672
431427,434105,434153,48,2678
431427,434111,434153,42,2684
431427,434134,434155,21,2707
431427,434134,434164,30,2707
431427,434134,434165,31,2707
431427,434135,434166,31,2708
431427,434136,434167,31,2709
431427,434150,434170,20,2723
431427,434151,434173,22,2724
431427,434135,434173,38,2708
431427,434134,434175,41,2707
431427,434148,434174,26,2721
431427,434139,434181,42,2712
431427,434152,434181,29,2725
431427,434149,434183,34,2722
431427,434136,434186,50,2709
431427,434136,434187,51,2709
431427,434153,434189,36,2726
431427,434164,434190,26,2737
431427,434136,434193,57,2709
431427,434139,434194,55,2712
431427,434155,434194,39,2728
431427,434144,434194,50,2717
431427,434135,434195,60,2708
431427,434136,434196,60,2709
431427,434140,434196,56,2713
431427,434166,434196,30,2739
431427,434137,434198,61,2710
431427,434137,434197,60,2710
431427,434153,434199,46,2726
431427,434147,434199,52,2720
431427,434146,434199,53,2719
431427,434147,434200,53,2720
431427,434144,434200,56,2717
431427,434196,434201,5,2769
431427,434200,434202,2,2773
431427,434198,434202,4,2771
431427,434199,434201,2,2772
431427,434138,434201,63,2711
431427,434199,434201,2,2772
431427,434201,434203,2,2774
431427,434199,434203,4,2772
431427,434201,434204,3,2774
431427,434200,434204,4,2773
431427,434196,434203,7,2769
431427,434202,434204,2,2775
431427,434154,434205,51,2727
431427,434202,434205,3,2775
431427,434202,434205,3,2775
431427,434143,434206,63,2716
431427,434137,434206,69,2710
431427,434202,434207,5,2775
431427,434196,434208,12,2769
431427,434139,434208,69,2712
431427,434165,434209,44,2738
431427,434202,434209,7,2775
431427,434175,434214,39,2748
431427,434203,434214,11,2776
431427,434137,434214,77,2710
431427,434186,434216,30,2759
431427,434167,434219,52,2740
431427,434194,434223,29,2767
431427,434204,434225,21,2777
431427,434203,434227,24,2776
431427,434189,434230,41,2762
431427,434173,434233,60,2746
431427,434195,434236,41,2768
431427,434183,434242,59,2756
431427,434175,434244,69,2748
431427,434170,434244,74,2743
431427,434207,434245,38,2780
431427,434208,434249,41,2781
431427,434174,434250,76,2747
431427,434181,434252,71,2754
431427,434181,434253,72,2754
431427,434188,434254,66,2761
431427,434194,434255,61,2767
431427,434194,434256,62,2767
431608,434216,434261,45,2608
431427,434190,434262,72,2763
431608,434219,434263,44,2611
431608,434223,434263,40,2615
431427,434204,434263,59,2777
431427,434205,434264,59,2778
431427,434193,434264,71,2766
431427,434204,434264,60,2777
431427,434209,434265,56,2782
431427,434206,434268,62,2779
431427,434210,434268,58,2783
431427,434205,434268,63,2778
431427,434214,434269,55,2787
431608,434225,434271,46,2617
431608,434230,434271,41,2622
431427,434206,434273,67,2779
431427,434204,434275,71,2777
431608,434233,434276,43,2625
431427,434206,434280,74,2779
431427,434209,434281,72,2782
431608,434276,434282,6,2668
431608,434227,434283,56,2619
431608,434281,434283,2,2673
431608,434282,434283,1,2674
431608,434280,434284,4,2672
431608,434244,434285,41,2636
431608,434242,434285,43,2634
431608,434284,434286,2,2676
431608,434284,434286,2,2676
431608,434284,434286,2,2676
431608,434284,434287,3,2676
431608,434285,434287,2,2677
431608,434285,434287,2,2677
431608,434286,434288,2,2678
431608,434286,434288,2,2678
431608,434286,434289,3,2678
431608,434287,434289,2,2679
431608,434287,434289,2,2679
431608,434287,434288,1,2679
431608,434288,434289,1,2680
431608,434289,434290,1,2681
431608,434288,434291,3,2680
431608,434289,434291,2,2681
431608,434290,434291,1,2682
431608,434289,434292,3,2681
431608,434290,434292,2,2682
431608,434276,434291,15,2668
431608,434273,434293,20,2665
431608,434291,434293,2,2683
431608,434252,434292,40,2644
431608,434291,434292,1,2683
431608,434291,434293,2,2683
431608,434291,434294,3,2683
431608,434292,434294,2,2684
431608,434236,434295,59,2628
431608,434292,434294,2,2684
431608,434272,434295,23,2664
431608,434292,434295,3,2684
431608,434244,434296,52,2636
431608,434293,434296,3,2685
431608,434293,434296,3,2685
431427,434214,434297,83,2787
431608,434245,434298,53,2637
431608,434293,434300,7,2685
431608,434271,434300,29,2663
431608,434269,434303,34,2661
431608,434249,434304,55,2641
431608,434253,434304,51,2645
431608,434256,434305,49,2648
431608,434268,434307,39,2660
431608,434263,434307,44,2655
431608,434251,434309,58,2643
431608,434264,434309,45,2656
431608,434293,434308,15,2685
431608,434268,434310,42,2660
431608,434254,434310,56,2646
431608,434255,434312,57,2647
431608,434261,434313,52,2653
431608,434264,434313,49,2656
431608,434263,434314,51,2655
431608,434265,434313,48,2657
431608,434264,434314,50,2656
431608,434268,434315,47,2660
431608,434294,434317,23,2686
431608,434314,434318,4,2706
431608,434314,434320,6,2706
431608,434293,434321,28,2685
431608,434262,434321,59,2654
431608,434263,434325,62,2655
431608,434295,434326,31,2687
431608,434314,434326,12,2706
431608,434320,434330,10,2712
431608,434322,434333,11,2714
431608,434322,434333,11,2714
431608,434315,434334,19,2707
431608,434295,434334,39,2687
431608,434295,434339,44,2687
431608,434295,434340,45,2687
431608,434325,434342,17,2717
431608,434326,434344,18,2718
431608,434296,434347,51,2688
431608,434313,434351,38,2705
431608,434298,434354,56,2690
431608,434317,434354,37,2709
431608,434305,434354,49,2697
431608,434318,434356,38,2710
431608,434297,434356,59,2689
431608,434300,434356,56,2692
431608,434296,434357,61,2688
431608,434295,434357,62,2687
431608,434300,434358,58,2692
431608,434307,434358,51,2699
431608,434307,434358,51,2699
431608,434356,434359,3,2748
431608,434296,434360,64,2688
431608,434357,434361,4,2749
431608,434357,434361,4,2749
431608,434358,434361,3,2750
431608,434303,434361,58,2695
431608,434358,434361,3,2750
431608,434359,434362,3,2751
431608,434359,434361,2,2751
431608,434309,434363,54,2701
431608,434310,434362,52,2702
431608,434356,434363,7,2748
431608,434360,434363,3,2752
431608,434361,434363,2,2753
431608,434361,434364,3,2753
431608,434354,434364,10,2746
431608,434361,434364,3,2753
431608,434361,434364,3,2753
431608,434309,434363,54,2701
431608,434361,434365,4,2753
431608,434362,434365,3,2754
431608,434362,434365,3,2754
431608,434305,434367,62,2697
431608,434356,434367,11,2748
431608,434304,434369,65,2696
431608,434313,434370,57,2705
431608,434363,434371,8,2755
431608,434354,434373,19,2746
431608,434312,434374,62,2704
431608,434327,434374,47,2719
431608,434310,434376,66,2702
431608,434363,434379,16,2755
431608,434309,434380,71,2701
431608,434363,434382,19,2755
431608,434366,434384,18,2758
431608,434363,434384,21,2755
431608,434354,434385,31,2746
431608,434330,434389,59,2722
431608,434366,434390,24,2758
431608,434340,434403,63,2732
431608,434351,434403,52,2743
431608,434363,434403,40,2755
431608,434344,434405,61,2736
431608,434334,434406,72,2726
431608,434334,434408,74,2726
431608,434347,434409,62,2739
431608,434334,434412,78,2726
431608,434370,434412,42,2762
431742,434374,434416,42,2632
431742,434405,434418,13,2663
431608,434364,434418,54,2756
431608,434333,434418,85,2725
431608,434339,434419,80,2731
431608,434364,434420,56,2756
431608,434342,434423,81,2734
431742,434379,434424,45,2637
431742,434406,434424,18,2664
431608,434364,434424,60,2756
431608,434367,434425,58,2759
431608,434371,434430,59,2763
431742,434376,434430,54,2634
431608,434365,434430,65,2757
431608,434364,434431,67,2756
431608,434367,434432,65,2759
431608,434369,434435,66,2761
431742,434385,434436,51,2643
431742,434382,434437,55,2640
431742,434384,434438,54,2642
431608,434364,434439,75,2756
431742,434390,434440,50,2648
431742,434438,434441,3,2696
431742,434437,434441,4,2695
431742,434439,434442,3,2697
431742,434440,434442,2,2698
431742,434441,434443,2,2699
431742,434441,434443,2,2699
431742,434403,434443,40,2661
431742,434442,434443,1,2700
431742,434384,434445,61,2642
431742,434380,434445,65,2638
431742,434443,434445,2,2701
431742,434436,434445,9,2694
431742,434443,434445,2,2701
431742,434403,434446,43,2661
431742,434443,434446,3,2701
431742,434445,434446,1,2703
431742,434445,434447,2,2703
431742,434403,434446,43,2661
431742,434445,434446,1,2703
431742,434446,434448,2,2704
431742,434445,434448,3,2703
431742,434445,434448,3,2703
431742,434446,434448,2,2704
431742,434446,434447,1,2704
431742,434446,434449,3,2704
431742,434447,434449,2,2705
431742,434448,434450,2,2706
431742,434448,434450,2,2706
431742,434409,434450,41,2667
431742,434447,434449,2,2705
431742,434448,434449,1,2706
431742,434448,434451,3,2706
431742,434448,434451,3,2706
431742,434448,434451,3,2706
431742,434449,434451,2,2707
431742,434389,434452,63,2647
431742,434424,434451,27,2682
431742,434449,434452,3,2707
431742,434450,434453,3,2708
431742,434435,434453,18,2693
431742,434450,434454,4,2708
431742,434424,434458,34,2682
431742,434432,434458,26,2690
431742,434420,434461,41,2678
431742,434450,434462,12,2708
431742,434412,434462,50,2670
431742,434416,434463,47,2674
431742,434409,434463,54,2667
431742,434431,434464,33,2689
431742,434418,434467,49,2676
431742,434418,434467,49,2676
431742,434418,434467,49,2676
431742,434425,434468,43,2683
431742,434430,434468,38,2688
431742,434450,434469,19,2708
431742,434430,434470,40,2688
431742,434412,434472,60,2670
431742,434430,434473,43,2688
431742,434419,434473,54,2677
431742,434425,434476,51,2683
431742,434423,434477,54,2681
431742,434450,434479,29,2708
431742,434451,434484,33,2709
431742,434451,434494,43,2709
431742,434454,434494,40,2712
431742,434453,434496,43,2711
431742,434451,434498,47,2709
431742,434451,434506,55,2709
431742,434458,434507,49,2716
431742,434452,434508,56,2710
431742,434453,434508,55,2711
431742,434452,434509,57,2710
431742,434463,434511,48,2721
431742,434452,434512,60,2710
431742,434462,434512,50,2720
430607,433245,434514,1269,2638
431742,434467,434514,47,2725
431742,434462,434517,55,2720
431742,434468,434517,49,2726
431742,434467,434518,51,2725
431742,434458,434519,61,2716
431742,434470,434518,48,2728
431742,434494,434518,24,2752
431742,434484,434520,36,2742
431742,434461,434521,60,2719
431742,434519,434523,4,2777
431742,434472,434523,51,2730
431742,434519,434523,4,2777
431742,434521,434524,3,2779
431742,434520,434523,3,2778
431742,434523,434526,3,2781
431742,434519,434526,7,2777
431742,434463,434526,63,2721
431742,434523,434527,4,2781
431742,434476,434527,51,2734
431742,434524,434527,3,2782
431742,434469,434527,58,2727
431742,434524,434527,3,2782
431742,434464,434529,65,2722
431742,434524,434528,4,2782
431742,434526,434529,3,2784
431742,434518,434529,11,2776
431742,434527,434529,2,2785
431742,434526,434528,2,2784
431742,434527,434530,3,2785
431742,434526,434530,4,2784
431742,434527,434530,3,2785
431742,434528,434532,4,2786
431742,434528,434531,3,2786
431742,434529,434534,5,2787
431742,434469,434534,65,2727
431742,434518,434534,16,2776
431742,434467,434534,67,2725
431742,434529,434536,7,2787
431742,434473,434538,65,2731
431742,434479,434538,59,2737
431742,434473,434540,67,2731
431742,434529,434539,10,2787
431742,434529,434544,15,2787
431742,434477,434544,67,2735
431742,434517,434549,32,2775
431742,434529,434555,26,2787
431742,434498,434556,58,2756
431742,434494,434558,64,2752
431742,434496,434561,65,2754
431742,434511,434562,51,2769
431742,434532,434565,33,2790
431742,434508,434567,59,2766
431742,434512,434568,56,2770
431742,434514,434572,58,2772
431608,434373,434574,201,2765
431742,434530,434576,46,2788
431742,434574,434576,2,2832
431742,434512,434577,65,2770
431742,434507,434579,72,2765
431742,434506,434581,75,2764
431952,434549,434581,32,2597
431742,434509,434584,75,2767
431742,434534,434584,50,2792
431742,434530,434584,54,2788
431742,434510,434585,75,2768
431742,434530,434585,55,2788
431742,434534,434585,51,2792
431742,434532,434586,54,2790
431742,434514,434590,76,2772
431742,434534,434592,58,2792
431742,434538,434594,56,2796
431742,434536,434595,59,2794
431742,434534,434597,63,2792
431742,434544,434599,55,2802
431742,434531,434599,68,2789
431952,434556,434599,43,2604
431952,434555,434603,48,2603
431742,434538,434606,68,2796
431952,434558,434607,49,2606
431952,434562,434609,47,2610
431952,434565,434610,45,2613
431952,434561,434611,50,2609
431742,434540,434612,72,2798
431952,434567,434613,46,2615
431952,434579,434613,34,2627
431952,434613,434615,2,2661
431952,434612,434615,3,2660
431952,434613,434616,3,2661
431952,434615,434617,2,2663
431952,434611,434616,5,2659
431952,434615,434616,1,2663
431742,434540,434617,77,2798
431952,434616,434618,2,2664
431952,434617,434619,2,2665
431952,434617,434619,2,2665
431952,434617,434620,3,2665
431952,434617,434620,3,2665
431952,434618,434620,2,2666
431952,434610,434621,11,2658
431952,434619,434621,2,2667
431952,434620,434622,2,2668
431952,434619,434621,2,2667
431952,434572,434621,49,2620
431952,434620,434623,3,2668
431952,434584,434622,38,2632
431952,434621,434623,2,2669
431952,434621,434622,1,2669
431952,434568,434623,55,2616
431952,434621,434622,1,2669
431952,434622,434624,2,2670
431952,434622,434625,3,2670
431952,434576,434624,48,2624
431952,434622,434624,2,2670
431952,434623,434625,2,2671
431952,434623,434626,3,2671
431952,434623,434625,2,2671
431952,434624,434626,2,2672
431952,434624,434626,2,2672
431952,434624,434625,1,2672
431952,434623,434626,3,2671
431952,434609,434628,19,2657
431952,434625,434628,3,2673
431952,434625,434627,2,2673
431952,434625,434628,3,2673
431952,434586,434630,44,2634
431952,434574,434630,56,2622
431952,434577,434630,53,2625
431952,434581,434631,50,2629
431952,434582,434633,51,2630
431952,434626,434634,8,2674
431952,434587,434633,46,2635
431952,434600,434635,35,2648
431952,434584,434635,51,2632
431952,434603,434636,33,2651
431952,434607,434637,30,2655
431952,434576,434637,61,2624
431952,434585,434639,54,2633
431952,434585,434640,55,2633
431952,434594,434640,46,2642
431952,434599,434640,41,2647
431952,434584,434642,58,2632
431952,434597,434644,47,2645
431952,434606,434644,38,2654
431952,434590,434644,54,2638
431952,434593,434645,52,2641
431952,434626,434644,18,2674
431952,434599,434646,47,2647
431266,433886,434649,763,2620
431952,434595,434650,55,2643
431952,434626,434651,25,2674
431952,434626,434654,28,2674
431952,434626,434661,35,2674
431952,434628,434670,42,2676
431952,434627,434672,45,2675
431952,434628,434674,46,2676
431952,434630,434674,44,2678
431952,434628,434675,47,2676
431952,434629,434678,49,2677
431952,434635,434679,44,2683
431952,434649,434681,32,2697
431952,434627,434682,55,2675
431952,434635,434684,49,2683
431952,434633,434684,51,2681
431952,434630,434685,55,2678
431952,434636,434685,49,2684
431952,434636,434688,52,2684
431952,434686,434690,4,2734
431952,434640,434690,50,2688
431952,434634,434690,56,2682
431952,434688,434691,3,2736
430649,433516,434691,1175,2867
431952,434631,434693,62,2679
431952,434690,434693,3,2738
431952,434686,434692,6,2734
431952,434690,434693,3,2738
431952,434630,434694,64,2678
431952,434690,434694,4,2738
431952,434640,434693,53,2688
431952,434691,434695,4,2739
431952,434693,434697,4,2741
431952,434692,434697,5,2740
431952,434694,434698,4,2742
431952,434693,434698,5,2741
431952,434684,434697,13,2732
431952,434695,434698,3,2743
431952,434694,434698,4,2742
431952,434694,434698,4,2742
431952,434693,434698,5,2741
431952,434640,434699,59,2688
431952,434639,434699,60,2687
431952,434693,434698,5,2741
431952,434637,434700,63,2685
431952,434675,434699,24,2723
431952,434697,434700,3,2745
431952,434685,434700,15,2733
431952,434697,434701,4,2745
431952,434674,434701,27,2722
431952,434637,434702,65,2685
431952,434698,434701,3,2746
431952,434698,434702,4,2746
431952,434698,434702,4,2746
431952,434698,434703,5,2746
431952,434644,434705,61,2692
431952,434698,434708,10,2746
431952,434642,434708,66,2690
431952,434644,434712,68,2692
431952,434654,434712,58,2702
431952,434644,434713,69,2692
431952,434698,434713,15,2746
431952,434645,434715,70,2693
431952,434699,434716,17,2747
431952,434645,434716,71,2693
431952,434651,434716,65,2699
431952,434650,434719,69,2698
431952,434682,434719,37,2730
431952,434672,434720,48,2720
431952,434646,434720,74,2694
431952,434699,434727,28,2747
431952,434661,434731,70,2709
431952,434702,434732,30,2750
431952,434670,434733,63,2718
431952,434699,434733,34,2747
431952,434678,434734,56,2726
431952,434681,434734,53,2729
431952,434701,434734,33,2749
431952,434675,434735,60,2723
431952,434679,434737,58,2727
431952,434700,434749,49,2748
431952,434702,434751,49,2750
431952,434700,434752,52,2748
432447,434712,434755,43,2265
431952,434702,434755,53,2750
431952,434701,434756,55,2749
431952,434703,434757,54,2751
431952,434700,434758,58,2748
432447,434717,434757,40,2270
431952,434703,434760,57,2751
432447,434716,434761,45,2269
432447,434715,434763,48,2268
432447,434713,434763,50,2266
432447,434713,434764,51,2266
432447,434720,434766,46,2273
431952,434706,434766,60,2754
432447,434712,434766,54,2265
431952,434700,434766,66,2748
431952,434699,434767,68,2747
432447,434717,434768,51,2270
432447,434767,434770,3,2320
432447,434720,434769,49,2273
432447,434768,434771,3,2321
432447,434727,434771,44,2280
432447,434770,434772,2,2323
432447,434767,434772,5,2320
432447,434770,434773,3,2323
432447,434732,434774,42,2285
432447,434771,434774,3,2324
432447,434771,434774,3,2324
432447,434719,434775,56,2272
432447,434721,434774,53,2274
432447,434734,434775,41,2287
432447,434772,434775,3,2325
432447,434773,434775,2,2326
432447,434773,434776,3,2326
432447,434737,434776,39,2290
432447,434774,434775,1,2327
432447,434774,434777,3,2327
432447,434774,434777,3,2327
432447,434775,434777,2,2328
432447,434735,434778,43,2288
432447,434775,434778,3,2328
432447,434775,434778,3,2328
432447,434775,434778,3,2328
432447,434776,434779,3,2329
432447,434776,434779,3,2329
432447,434775,434778,3,2328
431952,434708,434780,72,2756
432447,434735,434780,45,2288
432447,434776,434779,3,2329
432447,434777,434781,4,2330
432447,434777,434781,4,2330
432447,434733,434780,47,2286
432447,434777,434780,3,2330
432447,434778,434782,4,2331
432447,434752,434784,32,2305
432447,434778,434784,6,2331
432447,434757,434785,28,2310
432447,434731,434786,55,2284
432447,434778,434786,8,2331
432447,434733,434786,53,2286
432447,434755,434789,34,2308
432447,434760,434790,30,2313
432447,434749,434790,41,2302
432447,434757,434791,34,2310
432447,434778,434793,15,2331
432447,434736,434793,57,2289
432447,434766,434794,28,2319
432447,434751,434798,47,2304
432447,434761,434799,38,2314
432447,434779,434801,22,2332
432447,434755,434801,46,2308
432447,434766,434801,35,2319
432447,434758,434803,45,2311
432447,434764,434803,39,2317
432447,434758,434804,46,2311
432447,434763,434805,42,2316
432447,434766,434808,42,2319
432447,434763,434810,47,2316
432447,434779,434813,34,2332
432447,434779,434817,38,2332
432447,434780,434823,43,2333
432447,434781,434827,46,2334
432447,434780,434830,50,2333
432447,434784,434830,46,2337
432447,434780,434831,51,2333
432447,434783,434831,48,2336
432447,434790,434835,45,2343
432447,434781,434837,56,2334
431410,434061,434838,777,2651
432447,434789,434840,51,2342
432447,434792,434841,49,2345
432447,434790,434841,51,2343
432447,434781,434841,60,2334
432447,434781,434843,62,2334
432447,434786,434842,56,2339
432447,434785,434844,59,2338
432447,434793,434844,51,2346
432447,434785,434845,60,2338
432447,434843,434846,3,2396
432447,434844,434846,2,2397
432447,434844,434847,3,2397
432447,434843,434847,4,2396
432447,434845,434848,3,2398
432447,434841,434848,7,2394
432447,434846,434848,2,2399
432447,434846,434848,2,2399
432447,434799,434849,50,2352
432447,434786,434848,62,2339
432447,434787,434848,61,2340
432447,434847,434849,2,2400
432447,434847,434850,3,2400
432447,434848,434850,2,2401
432447,434848,434851,3,2401
432447,434849,434851,2,2402
432447,434848,434851,3,2401
432447,434848,434851,3,2401
432447,434849,434852,3,2402
432447,434850,434852,2,2403
432447,434851,434853,2,2404
432447,434850,434853,3,2403
432447,434793,434852,59,2346
432447,434849,434852,3,2402
432447,434849,434852,3,2402
432447,434851,434854,3,2404
432447,434851,434854,3,2404
432447,434851,434854,3,2404
432447,434841,434854,13,2394
432447,434803,434854,51,2356
432447,434801,434853,52,2354
432447,434840,434854,14,2393
432447,434853,434856,3,2406
432447,434852,434856,4,2405
432447,434801,434856,55,2354
432447,434853,434858,5,2406
432447,434794,434859,65,2347
432447,434804,434858,54,2357
432447,434798,434860,62,2351
432447,434801,434864,63,2354
432447,434804,434865,61,2357
432447,434805,434866,61,2358
432447,434855,434867,12,2408
432447,434856,434868,12,2409
432447,434808,434869,61,2361
432447,434841,434872,31,2394
432447,434810,434872,62,2363
432447,434853,434872,19,2406
432447,434855,434874,19,2408
432447,434823,434875,52,2376
432447,434854,434875,21,2407
432447,434827,434876,49,2380
432447,434817,434877,60,2370
432447,434813,434878,65,2366
432447,434854,434878,24,2407
432447,434830,434880,50,2383
432447,434831,434880,49,2384
432447,434830,434882,52,2383
432447,434838,434883,45,2391
432447,434854,434883,29,2407
432447,434853,434889,36,2406
432447,434853,434889,36,2406
432447,434835,434891,56,2388
432447,434837,434899,62,2390
432447,434856,434901,45,2409
432447,434831,434901,70,2384
432447,434858,434907,49,2411
432447,434857,434907,50,2410
432509,434867,434907,40,2358
432447,434859,434909,50,2412
432447,434853,434910,57,2406
432509,434868,434911,43,2359
432447,434854,434911,57,2407
432509,434867,434915,48,2358
432447,434854,434917,63,2407
432509,434865,434917,52,2356
432509,434865,434918,53,2356
432509,434872,434918,46,2363
432509,434874,434919,45,2365
432509,434875,434919,44,2366
432509,434919,434921,2,2410
432509,434869,434921,52,2360
432509,434879,434923,44,2370
432509,434921,434923,2,2412
432509,434920,434922,2,2411
432509,434920,434922,2,2411
432509,434921,434922,1,2412
432447,434859,434924,65,2412
432509,434877,434925,48,2368
432509,434876,434925,49,2367
432509,434880,434924,44,2371
432509,434923,434925,2,2414
432509,434923,434925,2,2414
432509,434923,434925,2,2414
432509,434872,434926,54,2363
432509,434883,434925,42,2374
432509,434923,434925,2,2414
432509,434924,434926,2,2415
432509,434923,434925,2,2414
432509,434925,434927,2,2416
432509,434925,434927,2,2416
432509,434918,434927,9,2409
432509,434925,434926,1,2416
432509,434872,434928,56,2363
432509,434925,434928,3,2416
432509,434883,434928,45,2374
432509,434925,434927,2,2416
432509,434925,434927,2,2416
432509,434926,434928,2,2417
432509,434927,434929,2,2418
432509,434882,434929,47,2373
432509,434927,434929,2,2418
432509,434926,434928,2,2417
432509,434927,434928,1,2418
432509,434926,434928,2,2417
432509,434927,434928,1,2418
432509,434927,434930,3,2418
432509,434878,434929,51,2369
432509,434927,434929,2,2418
432509,434928,434930,2,2419
432509,434875,434931,56,2366
432509,434928,434930,2,2419
432509,434928,434930,2,2419
432509,434928,434930,2,2419
432509,434880,434932,52,2371
432509,434928,434931,3,2419
432509,434928,434936,8,2419
432509,434892,434937,45,2383
432509,434917,434938,21,2408
432509,434907,434945,38,2398
432509,434917,434947,30,2408
432509,434911,434947,36,2402
432509,434899,434948,49,2390
432509,434909,434948,39,2400
432509,434929,434949,20,2420
432509,434889,434950,61,2380
432509,434890,434950,60,2381
432509,434915,434952,37,2406
432509,434910,434955,45,2401
432509,434907,434955,48,2398
432509,434912,434956,44,2403
432509,434901,434956,55,2392
432509,434929,434955,26,2420
432509,434908,434958,50,2399
432509,434901,434960,59,2392
432509,434930,434962,32,2421
432509,434929,434967,38,2420
432509,434929,434968,39,2420
432509,434929,434970,41,2420
431235,433715,434972,1257,2480
432509,434930,434973,43,2421
432509,434930,434976,46,2421
432509,434930,434978,48,2421
432509,434931,434979,48,2422
432509,434932,434980,48,2423
432509,434932,434981,49,2423
432509,434950,434984,34,2441
432509,434930,434985,55,2421
432509,434937,434985,48,2428
432509,434931,434986,55,2422
432509,434930,434988,58,2421
432509,434936,434992,56,2427
432509,434931,434993,62,2422
432509,434985,434993,8,2476
432509,434931,434993,62,2422
432509,434988,434993,5,2479
432509,434986,434993,7,2477
432509,434938,434995,57,2429
432509,434945,434996,51,2436
432509,434993,434996,3,2484
432509,434993,434996,3,2484
432509,434992,434995,3,2483
432509,434993,434997,4,2484
432509,434993,434998,5,2484
432509,434994,434998,4,2485
432509,434947,434997,50,2438
432509,434996,434998,2,2487
432509,434996,434999,3,2487
432509,434996,434999,3,2487
432509,434995,434998,3,2486
432509,434996,434999,3,2487
432509,434997,435000,3,2488
432509,434998,435001,3,2489
432509,434999,435001,2,2490
432509,434998,435001,3,2489
432509,434998,435001,3,2489
432509,434998,435001,3,2489
432509,434948,435002,54,2439
432509,434948,435003,55,2439
432509,434999,435003,4,2490
432509,434985,435004,19,2476
432509,434999,435003,4,2490
432509,435000,435005,5,2491
432509,434955,435007,52,2446
432509,434947,435009,62,2438
432509,434973,435010,37,2464
432509,434978,435010,32,2469
432509,434949,435012,63,2440
432509,435000,435012,12,2491
432509,434952,435013,61,2443
432509,434958,435013,55,2449
432509,434984,435013,29,2475
432509,434956,435014,58,2447
432509,434979,435014,35,2470
432509,435001,435015,14,2492
432509,434976,435016,40,2467
432509,434956,435018,62,2447
432509,434963,435018,55,2454
432509,434950,435018,68,2441
432509,435004,435020,16,2495
432509,434955,435019,64,2446
432509,434969,435021,52,2460
432509,434981,435021,40,2472
432509,435004,435021,17,2495
432509,434967,435021,54,2458
432509,435001,435022,21,2492
432509,434960,435024,64,2451
432509,434970,435024,54,2461
432534,435013,435024,11,2479
432509,434956,435025,69,2447
432509,435005,435025,20,2496
432509,434981,435026,45,2472
432534,435015,435030,15,2481
432534,435014,435030,16,2480
432509,435004,435031,27,2495
432534,435013,435033,20,2479
432509,435007,435033,26,2498
432509,434972,435034,62,2463
432509,435002,435036,34,2493
432509,435010,435045,35,2501
432534,435016,435050,34,2482
432509,435001,435050,49,2492
432534,435018,435051,33,2484
432534,435025,435052,27,2491
432534,435018,435052,34,2484
432534,435021,435052,31,2487
432534,435020,435054,34,2486
432534,435022,435056,34,2488
432534,435021,435056,35,2487
432509,435002,435057,55,2493
432509,435003,435057,54,2494
432509,435001,435058,57,2492
432534,435018,435061,43,2484
432509,435009,435061,52,2500
432534,435020,435061,41,2486
432534,435024,435063,39,2490
432509,435010,435064,54,2501
432534,435022,435064,42,2488
432534,435030,435065,35,2496
432534,435030,435066,36,2496
432534,435025,435069,44,2491
432534,435026,435069,43,2492
432534,435031,435074,43,2497
432509,435012,435074,62,2503
432534,435033,435077,44,2499
432534,435022,435077,55,2488
432509,435012,435080,68,2503
432534,435036,435081,45,2502
432534,435033,435082,49,2499
432534,435024,435083,59,2490
432534,435016,435083,67,2482
432534,435067,435085,18,2533
432534,435065,435087,22,2531
432534,435050,435088,38,2516
432534,435069,435088,19,2535
432534,435045,435089,44,2511
432534,435065,435089,24,2531
432534,435050,435091,41,2516
432534,435034,435092,58,2500
432534,435064,435092,28,2530
432534,435063,435093,30,2529
432534,435052,435093,41,2518
432534,435051,435094,43,2517
432534,435025,435095,70,2491
432534,435069,435096,27,2535
432534,435056,435097,41,2522
432534,435077,435097,20,2543
432534,435074,435099,25,2540
432534,435052,435100,48,2518
432534,435074,435101,27,2540
432534,435062,435103,41,2528
432534,435056,435104,48,2522
432534,435052,435104,52,2518
432534,435057,435106,49,2523
432534,435081,435106,25,2547
432534,435080,435106,26,2546
432534,435077,435107,30,2543
432534,435061,435111,50,2527
432534,435058,435112,54,2524
432534,435082,435115,33,2548
432534,435054,435116,62,2520
432534,435083,435118,35,2549
432534,435083,435119,36,2549
432534,435057,435120,63,2523
432534,435085,435123,38,2551
432534,435061,435124,63,2527
432534,435089,435132,43,2555
432534,435087,435135,48,2553
432534,435093,435138,45,2559
432534,435089,435143,54,2555
432534,435097,435144,47,2563
432534,435088,435146,58,2554
432534,435089,435148,59,2555
432534,435097,435148,51,2563
432534,435106,435153,47,2572
432534,435093,435155,62,2559
432534,435091,435158,67,2557
432534,435092,435159,67,2558
432534,435106,435160,54,2572
432534,435105,435164,59,2571
432534,435095,435166,71,2561
432534,435094,435166,72,2560
432534,435096,435170,74,2562
432534,435100,435173,73,2566
432534,435104,435173,69,2570
432534,435101,435174,73,2567
432534,435094,435175,81,2560
432534,435099,435179,80,2565
432534,435112,435184,72,2578
432534,435111,435184,73,2577
432534,435107,435184,77,2573
432534,435103,435185,82,2569
432534,435123,435195,72,2589
432534,435115,435200,85,2581
432534,435118,435203,85,2584
432534,435119,435203,84,2585
432534,435107,435203,96,2573
432534,435143,435205,62,2609
432534,435116,435205,89,2582
432534,435120,435205,85,2586
432534,435132,435206,74,2598
432534,435135,435207,72,2601
432534,435145,435212,67,2611
432534,435138,435213,75,2604
432534,435124,435215,91,2590
432534,435148,435216,68,2614
432534,435153,435218,65,2619
432534,435146,435222,76,2612
432534,435155,435223,68,2621
432534,435158,435224,66,2624
432534,435224,435226,2,2690
432534,435226,435228,2,2692
432534,435149,435230,81,2615
432534,435228,435231,3,2694
432534,435166,435232,66,2632
432534,435231,435233,2,2697
432534,435160,435233,73,2626
432534,435230,435232,2,2696
432534,435232,435233,1,2698
432534,435233,435235,2,2699
432534,435233,435234,1,2699
432534,435233,435235,2,2699
432534,435223,435235,12,2689
432534,435235,435238,3,2701
432534,435164,435238,74,2630
432534,435159,435240,81,2625
432534,435166,435243,77,2632
432534,435173,435246,73,2639
432534,435173,435249,76,2639
432534,435179,435257,78,2645
432534,435174,435257,83,2640
432534,435235,435257,22,2701
432534,435184,435262,78,2650
432534,435184,435263,79,2650
432534,435170,435264,94,2636
432534,435175,435265,90,2641
432534,435205,435266,61,2671
432534,435184,435266,82,2650
432534,435222,435267,45,2688
432989,435257,435268,11,2268
432534,435195,435269,74,2661
432534,435186,435270,84,2652
432534,435206,435271,65,2672
432534,435203,435280,77,2669
432989,435262,435281,19,2273
432534,435207,435286,79,2673
432534,435200,435286,86,2666
432534,435238,435287,49,2704
432534,435205,435287,82,2671
432534,435212,435288,76,2678
432534,435203,435289,86,2669
432534,435218,435289,71,2684
432989,435271,435291,20,2282
432989,435263,435291,28,2274
432534,435235,435293,58,2701
432989,435269,435293,24,2280
432534,435205,435295,90,2671
432534,435204,435298,94,2670
432534,435213,435298,85,2679
432989,435281,435300,19,2292
432989,435267,435300,33,2278
432989,435281,435301,20,2292
432534,435236,435302,66,2702
432989,435265,435303,38,2276
432534,435236,435305,69,2702
432989,435270,435306,36,2281
432534,435217,435308,91,2683
432534,435238,435308,70,2704
432989,435264,435308,44,2275
432989,435286,435311,25,2297
432989,435287,435312,25,2298
432989,435266,435317,51,2277
432989,435288,435317,29,2299
432989,435289,435317,28,2300
432989,435269,435318,49,2280
432534,435246,435319,73,2712
432989,435266,435323,57,2277
432534,435243,435324,81,2709
432989,435289,435325,36,2300
432989,435286,435326,40,2297
432534,435249,435325,76,2715
432989,435325,435327,2,2336
432989,435319,435327,8,2330
432989,435323,435328,5,2334
432989,435324,435328,4,2335
432989,435291,435327,36,2302
432989,435326,435328,2,2337
432989,435326,435329,3,2337
432989,435327,435329,2,2338
432989,435327,435329,2,2338
432989,435329,435330,1,2340
432989,435328,435330,2,2339
432989,435328,435331,3,2339
432989,435328,435331,3,2339
432989,435329,435332,3,2340
432989,435293,435332,39,2304
432989,435311,435332,21,2322
432534,435216,435332,116,2682
432989,435329,435333,4,2340
432989,435330,435333,3,2341
432989,435329,435332,3,2340
432989,435287,435334,47,2298
432989,435330,435334,4,2341
432989,435331,435335,4,2342
432989,435318,435334,16,2329
432534,435240,435334,94,2706
432534,435257,435336,79,2723
432989,435331,435336,5,2342
432989,435308,435339,31,2319
432989,435332,435340,8,2343
432989,435308,435341,33,2319
432989,435302,435341,39,2313
432989,435293,435344,51,2304
432989,435317,435345,28,2328
432989,435298,435344,46,2309
432989,435303,435345,42,2314
432989,435332,435346,14,2343
432989,435305,435347,42,2316
432989,435312,435347,35,2323
432989,435291,435353,62,2302
432989,435295,435353,58,2306
432989,435306,435354,48,2317
432989,435317,435357,40,2328
432989,435332,435357,25,2343
432989,435308,435359,51,2319
432989,435298,435363,65,2309
432989,435317,435364,47,2328
432989,435301,435366,65,2312
432989,435300,435370,70,2311
432989,435333,435370,37,2344
432989,435333,435389,56,2344
432989,435333,435390,57,2344
432989,435334,435390,56,2345
432989,435332,435395,63,2343
432989,435300,435395,95,2311
432989,435336,435400,64,2347
432989,435334,435401,67,2345
432989,435340,435402,62,2351
432989,435344,435403,59,2355
432989,435341,435403,62,2352
432989,435335,435404,69,2346
432989,435339,435405,66,2350
432989,435345,435406,61,2356
432989,435345,435408,63,2356
432989,435335,435411,76,2346
432989,435346,435413,67,2357
432989,435336,435415,79,2347
432989,435341,435418,77,2352
432989,435347,435420,73,2358
432989,435335,435420,85,2346
432989,435359,435421,62,2370
432989,435359,435424,65,2370
432989,435345,435426,81,2356
432989,435357,435427,70,2368
432989,435347,435431,84,2358
432989,435366,435436,70,2377
432989,435364,435438,74,2375
432989,435364,435440,76,2375
432989,435370,435440,70,2381
432989,435353,435440,87,2364
432989,435355,435441,86,2366
431427,434215,435441,1226,2788
432989,435353,435442,89,2364
432989,435370,435455,85,2381
432989,435390,435460,70,2401
432989,435403,435461,58,2414
432989,435391,435464,73,2402
432989,435402,435467,65,2413
432989,435403,435469,66,2414
432989,435400,435471,71,2411
432989,435469,435472,3,2480
432989,435390,435472,82,2401
432989,435404,435474,70,2415
432989,435471,435473,2,2482
432989,435472,435473,1,2483
432989,435472,435475,3,2483
432989,435467,435476,9,2478
432989,435474,435476,2,2485
432989,435475,435477,2,2486
432989,435475,435476,1,2486
432989,435475,435476,1,2486
432989,435476,435477,1,2487
432989,435405,435477,72,2416
432989,435476,435478,2,2487
432989,435408,435478,70,2419
432989,435413,435480,67,2424
432989,435477,435480,3,2488
432989,435477,435480,3,2488
432989,435401,435481,80,2412
432989,435406,435486,80,2417
432989,435424,435487,63,2435
432989,435421,435488,67,2432
432989,435477,435489,12,2488
432989,435411,435489,78,2422
432989,435465,435490,25,2476
432989,435420,435493,73,2431
432989,435395,435493,98,2406
432989,435427,435494,67,2438
432989,435396,435495,99,2407
432989,435415,435496,81,2426
432989,435418,435506,88,2429
432989,435431,435508,77,2442
432989,435420,435508,88,2431
432989,435477,435510,33,2488
432989,435440,435512,72,2451
432989,435426,435512,86,2437
432989,435440,435523,83,2451
432989,435441,435524,83,2452
432989,435440,435524,84,2451
433140,435490,435524,34,2350
433140,435489,435526,37,2349
432989,435461,435528,67,2472
432989,435436,435529,93,2447
432989,435438,435530,92,2449
432989,435441,435529,88,2452
433140,435495,435531,36,2355
433140,435506,435530,24,2366
433140,435494,435532,38,2354
433140,435496,435532,36,2356
433140,435493,435535,42,2353
432989,435442,435538,96,2453
433140,435489,435540,51,2349
432989,435455,435540,85,2466
432989,435481,435547,66,2492
432989,435478,435548,70,2489
432989,435478,435548,70,2489
432989,435480,435549,69,2491
432989,435486,435550,64,2497
432989,435480,435550,70,2491
433140,435493,435551,58,2353
432989,435480,435551,71,2491
433140,435550,435553,3,2410
432989,435477,435554,77,2488
433140,435551,435554,3,2411
433140,435551,435554,3,2411
433140,435550,435555,5,2410
433140,435553,435556,3,2413
433140,435554,435557,3,2414
432989,435487,435557,70,2498
433140,435555,435557,2,2415
433140,435510,435558,48,2370
433140,435556,435557,1,2416
433140,435554,435558,4,2414
433140,435557,435558,1,2417
433140,435557,435559,2,2417
433140,435557,435558,1,2417
433140,435558,435560,2,2418
433140,435508,435560,52,2368
433140,435558,435560,2,2418
432989,435462,435561,99,2473
433140,435558,435561,3,2418
433140,435560,435561,1,2420
433140,435560,435561,1,2420
433140,435554,435561,7,2414
433140,435559,435561,2,2419
433140,435560,435562,2,2420
433140,435560,435561,1,2420
433140,435512,435561,49,2372
433140,435561,435563,2,2421
433140,435561,435563,2,2421
433140,435561,435562,1,2421
433140,435561,435564,3,2421
433140,435561,435564,3,2421
433140,435561,435563,2,2421
433140,435563,435565,2,2423
433140,435562,435565,3,2422
433140,435562,435564,2,2422
433140,435508,435565,57,2368
433140,435562,435564,2,2422
433140,435563,435567,4,2423
433140,435526,435569,43,2386
433140,435549,435569,20,2409
433140,435512,435569,57,2372
431608,434374,435570,1196,2766
433140,435529,435571,42,2389
433140,435532,435572,40,2392
433140,435530,435576,46,2390
433140,435563,435577,14,2423
433140,435529,435577,48,2389
433140,435530,435578,48,2390
433140,435524,435579,55,2384
433140,435524,435580,56,2384
433140,435536,435581,45,2396
433140,435548,435581,33,2408
433140,435531,435583,52,2391
433140,435564,435584,20,2424
433140,435548,435584,36,2408
433140,435523,435587,64,2383
433140,435524,435587,63,2384
433140,435533,435589,56,2393
433140,435540,435590,50,2400
433140,435564,435591,27,2424
433140,435547,435591,44,2407
433140,435567,435592,25,2427
433140,435570,435592,22,2430
433140,435531,435595,64,2391
433140,435540,435597,57,2400
433140,435565,435597,32,2425
433140,435569,435600,31,2429
433140,435538,435602,64,2398
433140,435577,435605,28,2437
433140,435564,435605,41,2424
433140,435565,435609,44,2425
433140,435565,435613,48,2425
433140,435583,435616,33,2443
433140,435565,435618,53,2425
433140,435564,435619,55,2424
433140,435576,435624,48,2436
433140,435572,435625,53,2432
433140,435584,435625,41,2444
433140,435584,435625,41,2444
433140,435565,435627,62,2425
433140,435569,435628,59,2429
433140,435572,435629,57,2432
433140,435581,435634,53,2441
433140,435569,435635,66,2429
433140,435579,435639,60,2439
433140,435581,435640,59,2441
433140,435587,435641,54,2447
433140,435577,435648,71,2437
433140,435580,435648,68,2440
433140,435578,435651,73,2438
433140,435605,435655,50,2465
433140,435591,435657,66,2451
433140,435592,435661,69,2452
433140,435601,435662,61,2461
433140,435591,435662,71,2451
433140,435590,435664,74,2450
433140,435589,435665,76,2449
433140,435587,435665,78,2447
433140,435609,435666,57,2469
433140,435665,435668,3,2525
433140,435667,435669,2,2527
433140,435665,435669,4,2525
433140,435598,435669,71,2458
433140,435669,435671,2,2529
433140,435668,435671,3,2528
433140,435664,435671,7,2524
433140,435669,435672,3,2529
433140,435595,435672,77,2455
433140,435592,435671,79,2452
433140,435669,435673,4,2529
433140,435671,435673,2,2531
433140,435605,435674,69,2465
433140,435671,435674,3,2531
433140,435671,435674,3,2531
433140,435672,435675,3,2532
433140,435602,435676,74,2462
433140,435627,435676,49,2487
433140,435672,435676,4,2532
433140,435597,435676,79,2457
433140,435662,435677,15,2522
433140,435672,435684,12,2532
433140,435618,435686,68,2478
433140,435657,435688,31,2517
433140,435625,435689,64,2485
433140,435625,435689,64,2485
433140,435625,435688,63,2485
433140,435629,435694,65,2489
433140,435673,435694,21,2533
433140,435616,435694,78,2476
433140,435613,435696,83,2473
433140,435630,435697,67,2490
433140,435634,435697,63,2494
433140,435674,435699,25,2534
433140,435624,435699,75,2484
433140,435619,435701,82,2479
433140,435661,435703,42,2521
433140,435673,435706,33,2533
433140,435662,435708,46,2522
433294,435699,435708,9,2405
433140,435639,435708,69,2499
433140,435635,435709,74,2495
433140,435655,435710,55,2515
433140,435640,435715,75,2500
433294,435688,435718,30,2394
433294,435686,435720,34,2392
433294,435689,435725,36,2395
433294,435703,435726,23,2409
433140,435642,435726,84,2502
433294,435708,435728,20,2414
433140,435676,435730,54,2536
433294,435689,435730,41,2395
433294,435699,435733,34,2405
433294,435701,435735,34,2407
433294,435697,435738,41,2403
433140,435651,435738,87,2511
433294,435689,435738,49,2395
433140,435648,435739,91,2508
433294,435694,435740,46,2400
433294,435697,435741,44,2403
433140,435648,435741,93,2508
433140,435676,435741,65,2536
433140,435675,435742,67,2535
433294,435740,435743,3,2446
433294,435741,435743,2,2447
433294,435739,435744,5,2445
433294,435741,435744,3,2447
433294,435741,435743,2,2447
433294,435708,435745,37,2414
433294,435742,435745,3,2448
433294,435743,435745,2,2449
433294,435744,435746,2,2450
433140,435676,435746,70,2536
433294,435744,435747,3,2450
433294,435744,435747,3,2450
433294,435745,435746,1,2451
433294,435745,435746,1,2451
433294,435738,435748,10,2444
433294,435745,435747,2,2451
433294,435746,435747,1,2452
433294,435746,435749,3,2452
433294,435747,435749,2,2453
433294,435708,435749,41,2414
433294,435747,435749,2,2453
433294,435747,435749,2,2453
433294,435748,435749,1,2454
433294,435747,435749,2,2453
433294,435706,435750,44,2412
433294,435749,435751,2,2455
433294,435749,435751,2,2455
433140,435674,435751,77,2534
433140,435678,435751,73,2538
433294,435749,435750,1,2455
433294,435694,435752,58,2400
433294,435694,435751,57,2400
433294,435749,435752,3,2455
433140,435677,435751,74,2537
433294,435748,435751,3,2454
433294,435750,435752,2,2456
433294,435750,435752,2,2456
431742,434544,435751,1207,2802
433294,435749,435751,2,2455
433294,435751,435753,2,2457
433294,435751,435754,3,2457
433294,435751,435753,2,2457
433294,435751,435754,3,2457
433294,435726,435757,31,2432
433140,435674,435757,83,2534
433294,435718,435758,40,2424
433294,435751,435758,7,2457
433294,435696,435760,64,2402
433294,435715,435761,46,2421
433294,435730,435763,33,2436
433294,435710,435763,53,2416
433294,435720,435764,44,2426
433294,435709,435765,56,2415
433294,435738,435766,28,2444
433294,435738,435771,33,2444
433294,435725,435771,46,2431
433294,435751,435773,22,2457
433294,435751,435774,23,2457
433294,435751,435778,27,2457
433294,435730,435778,48,2436
433294,435728,435781,53,2434
433294,435735,435786,51,2441
433294,435733,435786,53,2439
433294,435726,435787,61,2432
433294,435757,435792,35,2463
433294,435752,435794,42,2458
433294,435752,435796,44,2458
433294,435754,435800,46,2460
433294,435763,435803,40,2469
433294,435753,435803,50,2459
433294,435755,435805,50,2461
433294,435752,435805,53,2458
433294,435752,435808,56,2458
433294,435752,435809,57,2458
433294,435752,435809,57,2458
433294,435758,435811,53,2464
433294,435752,435810,58,2458
433294,435752,435813,61,2458
433294,435758,435816,58,2464
433294,435752,435820,68,2458
433294,435755,435823,68,2461
433294,435761,435823,62,2467
433294,435773,435822,49,2479
433294,435763,435826,63,2469
433294,435764,435830,66,2470
433294,435771,435830,59,2477
433294,435765,435832,67,2471
433294,435774,435835,61,2480
433294,435757,435835,78,2463
433294,435760,435837,77,2466
433294,435772,435837,65,2478
433294,435766,435839,73,2472
433294,435781,435842,61,2487
433294,435800,435844,44,2506
433294,435778,435844,66,2484
433294,435844,435847,3,2550
433294,435844,435848,4,2550
433294,435778,435849,71,2484
433294,435792,435849,57,2498
433294,435847,435849,2,2553
433294,435842,435850,8,2548
433294,435848,435851,3,2554
433294,435849,435851,2,2555
433294,435849,435852,3,2555
433294,435849,435852,3,2555
433294,435850,435853,3,2556
433294,435851,435853,2,2557
433294,435837,435854,17,2543
433294,435851,435854,3,2557
433294,435852,435854,2,2558
433294,435839,435855,16,2545
433294,435852,435855,3,2558
433294,435823,435856,33,2529
433294,435835,435856,21,2541
433294,435853,435857,4,2559
433294,435853,435859,6,2559
433294,435786,435864,78,2492
433294,435803,435865,62,2509
433294,435854,435866,12,2560
433294,435854,435866,12,2560
433294,435786,435866,80,2492
433294,435787,435866,79,2493
433294,435803,435867,64,2509
433294,435805,435870,65,2511
433294,435809,435871,62,2515
433294,435796,435872,76,2502
433294,435794,435875,81,2500
433294,435857,435876,19,2563
433294,435826,435876,50,2532
433294,435811,435877,66,2517
433294,435835,435877,42,2541
433294,435811,435881,70,2517
433294,435809,435881,72,2515
433294,435813,435882,69,2519
433294,435808,435883,75,2514
433294,435859,435885,26,2565
433294,435816,435887,71,2522
433294,435856,435887,31,2562
433294,435805,435888,83,2511
433294,435832,435891,59,2538
433343,435876,435895,19,2533
433343,435876,435896,20,2533
433294,435864,435896,32,2570
433343,435867,435896,29,2524
433294,435830,435897,67,2536
433294,435856,435900,44,2562
433294,435823,435900,77,2529
433294,435830,435902,72,2536
433294,435866,435902,36,2572
433294,435865,435903,38,2571
433294,435820,435904,84,2526
433294,435837,435909,72,2543
433294,435823,435909,86,2529
433294,435854,435911,57,2560
433343,435870,435912,42,2527
433343,435887,435920,33,2544
433343,435877,435920,43,2534
433294,435855,435921,66,2561
433294,435855,435921,66,2561
433343,435871,435921,50,2528
433343,435920,435923,3,2577
433343,435883,435923,40,2540
433343,435921,435924,3,2578
433343,435921,435924,3,2578
433343,435913,435924,11,2570
433343,435921,435923,2,2578
433343,435920,435924,4,2577
433343,435923,435925,2,2580
433343,435923,435924,1,2580
433343,435924,435926,2,2581
433343,435924,435926,2,2581
433343,435924,435926,2,2581
433343,435925,435927,2,2582
433343,435924,435926,2,2581
433343,435895,435927,32,2552
433343,435911,435926,15,2568
433343,435926,435927,1,2583
433343,435925,435927,2,2582
433343,435866,435928,62,2523
433343,435926,435927,1,2583
433343,435875,435929,54,2532
433343,435927,435929,2,2584
433343,435926,435929,3,2583
433343,435927,435929,2,2584
433343,435927,435929,2,2584
433343,435927,435929,2,2584
433343,435927,435928,1,2584
433343,435877,435928,51,2534
433343,435927,435928,1,2584
433343,435928,435930,2,2585
433343,435866,435931,65,2523
433343,435929,435931,2,2586
433343,435928,435930,2,2585
433343,435929,435930,1,2586
433343,435928,435931,3,2585
433343,435872,435931,59,2529
433343,435929,435932,3,2586
433343,435929,435932,3,2586
433343,435929,435932,3,2586
433343,435929,435931,2,2586
433343,435929,435933,4,2586
433343,435929,435933,4,2586
433343,435885,435934,49,2542
433343,435882,435935,53,2539
433343,435887,435936,49,2544
433343,435929,435937,8,2586
433343,435881,435937,56,2538
433343,435888,435942,54,2545
433343,435896,435942,46,2553
433343,435900,435943,43,2557
433343,435883,435943,60,2540
433343,435930,435944,14,2587
433343,435909,435944,35,2566
433343,435909,435944,35,2566
433343,435897,435945,48,2554
433343,435902,435946,44,2559
433343,435891,435946,55,2548
433343,435896,435946,50,2553
433343,435902,435946,44,2559
433343,435903,435947,44,2560
433343,435900,435951,51,2557
433343,435896,435953,57,2553
433343,435904,435959,55,2561
433343,435931,435962,31,2588
433343,435931,435962,31,2588
433343,435931,435965,34,2588
433343,435931,435967,36,2588
433343,435932,435974,42,2589
433343,435932,435975,43,2589
431953,434709,435977,1268,2756
433343,435935,435980,45,2592
433343,435932,435983,51,2589
433343,435932,435984,52,2589
433343,435933,435988,55,2590
433343,435935,435989,54,2592
433343,435931,435990,59,2588
433343,435932,435990,58,2589
433343,435937,435992,55,2594
433343,435946,435995,49,2603
433343,435942,435998,56,2599
433343,435942,435998,56,2599
433343,435937,436000,63,2594
433343,435933,436000,67,2590
433343,435944,436001,57,2601
433343,435947,436003,56,2604
433343,435946,436003,57,2603
433343,435937,436004,67,2594
433343,435951,436005,54,2608
433343,435947,436007,60,2604
433343,435943,436008,65,2600
433343,435962,436009,47,2619
433343,435943,436010,67,2600
433343,435945,436011,66,2602
433343,436009,436011,2,2666
433343,436007,436012,5,2664
433343,436008,436012,4,2665
433343,435944,436012,68,2601
433343,436010,436013,3,2667
433343,436011,436013,2,2668
433343,435946,436014,68,2603
433343,436011,436014,3,2668
433343,436012,436014,2,2669
433343,436005,436015,10,2662
433343,436012,436015,3,2669
433343,436014,436016,2,2671
433343,436012,436015,3,2669
433343,436013,436016,3,2670
433343,436014,436017,3,2671
433343,436014,436017,3,2671
433343,436015,436017,2,2672
433343,435991,436017,26,2648
433343,436014,436017,3,2671
433343,436004,436018,14,2661
433343,436016,436018,2,2673
433343,436015,436019,4,2672
433343,436000,436019,19,2657
433343,435962,436019,57,2619
433343,435946,436020,74,2603
433343,436016,436020,4,2673
433343,435965,436020,55,2622
433343,435954,436021,67,2611
433343,435959,436022,63,2616
433343,436017,436022,5,2674
433343,436018,436023,5,2675
433343,436017,436022,5,2674
433343,436004,436023,19,2661
433343,436019,436024,5,2676
433343,435967,436024,57,2624
433343,436019,436025,6,2676
433343,435977,436025,48,2634
433343,436018,436025,7,2675
433343,436017,436026,9,2674
433343,436019,436026,7,2676
433343,436017,436026,9,2674
433343,436020,436026,6,2677
433343,436020,436028,8,2677
433343,435975,436029,54,2632
433343,436017,436031,14,2674
433343,436000,436031,31,2657
433343,436021,436031,10,2678
433343,436017,436032,15,2674
433343,435999,436039,40,2656
433343,436003,436040,37,2660
433343,436001,436041,40,2658
433343,435992,436043,51,2649
433343,435974,436045,71,2631
433343,435983,436046,63,2640
433343,435989,436052,63,2646
433343,435980,436052,72,2637
433343,435988,436055,67,2645
433343,435984,436058,74,2641
433343,435995,436061,66,2652
433511,436023,436063,40,2512
433343,435998,436066,68,2655
433343,435990,436066,76,2647
433511,436023,436070,47,2512
433511,436024,436071,47,2513
433511,436025,436072,47,2514
433511,436025,436071,46,2514
433511,436029,436072,43,2518
433511,436031,436074,43,2520
433511,436072,436075,3,2561
433511,436032,436075,43,2521
433511,436073,436075,2,2562
433511,436072,436076,4,2561
433511,436075,436076,1,2564
433511,436075,436077,2,2564
433511,436075,436077,2,2564
433511,436023,436077,54,2512
433511,436026,436077,51,2515
433511,436075,436076,1,2564
433511,436025,436078,53,2514
433511,436076,436077,1,2565
433511,436077,436078,1,2566
433511,436022,436079,57,2511
433511,436028,436079,51,2517
433511,436078,436079,1,2567
433511,436077,436079,2,2566
433511,436077,436078,1,2566
433511,436077,436078,1,2566
433511,436078,436080,2,2567
433511,436071,436079,8,2560
433511,436077,436079,2,2566
433511,436079,436081,2,2568
433511,436079,436081,2,2568
433511,436078,436080,2,2567
433511,436079,436081,2,2568
433511,436078,436080,2,2567
433511,436079,436082,3,2568
433511,436079,436082,3,2568
433511,436080,436082,2,2569
433511,436079,436081,2,2568
433511,436040,436082,42,2529
433511,436081,436083,2,2570
433511,436081,436083,2,2570
433511,436027,436083,56,2516
433511,436081,436084,3,2570
433511,436081,436084,3,2570
433511,436080,436083,3,2569
433511,436081,436083,2,2570
433511,436071,436085,14,2560
433511,436042,436084,42,2531
433511,436081,436084,3,2570
433511,436082,436086,4,2571
433511,436039,436086,47,2528
433511,436023,436087,64,2512
433511,436026,436087,61,2515
433511,436082,436087,5,2571
433511,436025,436090,65,2514
433511,436027,436091,64,2516
433511,436082,436091,9,2571
433511,436031,436092,61,2520
433511,436043,436092,49,2532
433511,436046,436092,46,2535
433511,436031,436093,62,2520
433511,436045,436094,49,2534
433511,436052,436095,43,2541
433511,436067,436098,31,2556
433511,436064,436099,35,2553
432447,434860,436100,1240,2413
433511,436055,436102,47,2544
433511,436061,436102,41,2550
433511,436082,436103,21,2571
433511,436066,436104,38,2555
433511,436083,436111,28,2572
433511,436058,436112,54,2547
433511,436084,436114,30,2573
433511,436083,436116,33,2572
433511,436053,436116,63,2542
433511,436083,436120,37,2572
433511,436085,436125,40,2574
433511,436085,436133,48,2574
433511,436086,436133,47,2575
433511,436084,436135,51,2573
433511,436083,436137,54,2572
433511,436085,436138,53,2574
433511,436086,436139,53,2575
433511,436087,436139,52,2576
433511,436091,436142,51,2580
433511,436092,436143,51,2581
433511,436092,436146,54,2581
433511,436087,436146,59,2576
433511,436084,436147,63,2573
433511,436084,436147,63,2573
433511,436095,436148,53,2584
433511,436091,436148,57,2580
433511,436099,436150,51,2588
433511,436120,436151,31,2609
433511,436098,436152,54,2587
433511,436087,436154,67,2576
433511,436151,436155,4,2640
433511,436152,436155,3,2641
433511,436111,436156,45,2600
433511,436103,436156,53,2592
433511,436154,436157,3,2643
433511,436093,436157,64,2582
433511,436094,436158,64,2583
433511,436150,436158,8,2639
433511,436102,436158,56,2591
433511,436155,436157,2,2644
433511,436155,436159,4,2644
433511,436156,436158,2,2645
433511,436157,436159,2,2646
433511,436102,436160,58,2591
433511,436090,436160,70,2579
433511,436158,436161,3,2647
433511,436092,436161,69,2581
433511,436158,436160,2,2647
433511,436157,436161,4,2646
433511,436158,436160,2,2647
433511,436159,436161,2,2648
433511,436158,436161,3,2647
433511,436160,436162,2,2649
433511,436160,436162,2,2649
433511,436159,436162,3,2648
433511,436160,436162,2,2649
433511,436160,436164,4,2649
433511,436100,436165,65,2589
433511,436161,436165,4,2650
433511,436161,436166,5,2650
433511,436161,436166,5,2650
433511,436114,436166,52,2603
433511,436136,436166,30,2625
433511,436116,436167,51,2605
433511,436161,436167,6,2650
433511,436104,436168,64,2593
433511,436164,436169,5,2653
433511,436162,436169,7,2651
433511,436164,436170,6,2653
433511,436133,436170,37,2622
433511,436165,436170,5,2654
433511,436166,436170,4,2655
433511,436163,436171,8,2652
433511,436161,436171,10,2650
433511,436163,436172,9,2652
433511,436165,436172,7,2654
433511,436162,436172,10,2651
433511,436162,436171,9,2651
433511,436148,436174,26,2637
433511,436112,436177,65,2601
433511,436166,436178,12,2655
433511,436148,436179,31,2637
433511,436147,436185,38,2636
433511,436148,436186,38,2637
433511,436117,436188,71,2606
433511,436139,436193,54,2628
433511,436133,436197,64,2622
433511,436142,436199,57,2631
433511,436146,436202,56,2635
433511,436138,436203,65,2627
433522,436172,436203,31,2650
433522,436173,436203,30,2651
433511,436125,436203,78,2614
433511,436143,436205,62,2632
433522,436166,436208,42,2644
433511,436137,436209,72,2626
433522,436167,436210,43,2645
433522,436169,436213,44,2647
433522,436213,436216,3,2691
433511,436139,436216,77,2628
433522,436169,436217,48,2647
433522,436171,436217,46,2649
433522,436216,436218,2,2694
433522,436217,436219,2,2695
433522,436216,436219,3,2694
433522,436217,436218,1,2695
433522,436171,436220,49,2649
433522,436170,436220,50,2648
433522,436171,436220,49,2649
433522,436210,436220,10,2688
433522,436219,436221,2,2697
433522,436218,436220,2,2696
433522,436219,436222,3,2697
433522,436220,436222,2,2698
433522,436219,436221,2,2697
433522,436220,436222,2,2698
433522,436172,436222,50,2650
433522,436170,436222,52,2648
433511,436146,436222,76,2635
433522,436221,436223,2,2699
433522,436221,436223,2,2699
433522,436221,436222,1,2699
433522,436168,436223,55,2646
433522,436222,436223,1,2700
433522,436220,436223,3,2698
433522,436222,436224,2,2700
433522,436222,436225,3,2700
433522,436222,436225,3,2700
433522,436223,436225,2,2701
433522,436222,436224,2,2700
433522,436222,436225,3,2700
433522,436222,436224,2,2700
433522,436179,436225,46,2657
433522,436223,436224,1,2701
433522,436172,436225,53,2650
433522,436223,436226,3,2701
433522,436223,436225,2,2701
433522,436174,436226,52,2652
433522,436224,436225,1,2702
433522,436224,436225,1,2702
433522,436167,436227,60,2645
433522,436224,436226,2,2702
433522,436225,436227,2,2703
433522,436225,436228,3,2703
433522,436170,436228,58,2648
433522,436225,436227,2,2703
433522,436225,436228,3,2703
433522,436177,436229,52,2655
433522,436209,436233,24,2687
433522,436203,436234,31,2681
433522,436178,436235,57,2656
433522,436225,436235,10,2703
433522,436205,436236,31,2683
433522,436203,436236,33,2681
433522,436193,436240,47,2671
433522,436199,436241,42,2677
433522,436197,436241,44,2675
433522,436185,436241,56,2663
433522,436208,436241,33,2686
433522,436202,436241,39,2680
433522,436186,436241,55,2664
433522,436225,436245,20,2703
433522,436188,436248,60,2666
433522,436203,436249,46,2681
433522,436225,436254,29,2703
433522,436204,436257,53,2682
433522,436225,436260,35,2703
433522,436226,436261,35,2704
433522,436225,436266,41,2703
433522,436226,436269,43,2704
432989,435488,436275,787,2499
433522,436226,436279,53,2704
433522,436227,436278,51,2705
433522,436226,436280,54,2704
433522,436242,436281,39,2720
433522,436228,436286,58,2706
433522,436229,436289,60,2707
433522,436236,436291,55,2714
433522,436227,436292,65,2705
433522,436228,436292,64,2706
433522,436234,436292,58,2712
433522,436236,436293,57,2714
433522,436227,436293,66,2705
433522,436228,436295,67,2706
433522,436241,436299,58,2719
433522,436227,436299,72,2705
433522,436240,436299,59,2718
433522,436241,436300,59,2719
433522,436233,436301,68,2711
433522,436235,436309,74,2713
433522,436235,436310,75,2713
433522,436230,436311,81,2708
433522,436241,436311,70,2719
433522,436254,436312,58,2732
433522,436243,436315,72,2721
433522,436286,436315,29,2764
433522,436241,436316,75,2719
433522,436245,436316,71,2723
433522,436312,436318,6,2790
433522,436261,436318,57,2739
433522,436248,436317,69,2726
433522,436315,436318,3,2793
433522,436315,436318,3,2793
433522,436316,436319,3,2794
433522,436316,436319,3,2794
433522,436318,436321,3,2796
433522,436318,436321,3,2796
433522,436318,436320,2,2796
433522,436319,436322,3,2797
433522,436318,436321,3,2796
433522,436319,436321,2,2797
433522,436321,436323,2,2799
433522,436320,436324,4,2798
433522,436249,436324,75,2727
433522,436321,436324,3,2799
433522,436321,436325,4,2799
432510,435013,436325,1312,2503
433522,436266,436327,61,2744
433522,436322,436327,5,2800
433522,436323,436327,4,2801
433522,436311,436328,17,2789
433522,436292,436329,37,2770
433522,436257,436331,74,2735
433522,436323,436332,9,2801
433522,436325,436334,9,2803
433522,436325,436334,9,2803
433522,436275,436334,59,2753
433522,436324,436334,10,2802
433522,436327,436335,8,2805
433522,436280,436336,56,2758
433522,436260,436336,76,2738
433522,436311,436336,25,2789
433522,436327,436338,11,2805
433522,436328,436338,10,2806
433522,436269,436338,69,2747
433522,436309,436340,31,2787
433522,436301,436342,41,2779
433522,436281,436342,61,2759
433522,436279,436343,64,2757
433522,436328,436343,15,2806
433522,436280,436344,64,2758
433522,436299,436349,50,2777
433522,436329,436349,20,2807
433522,436324,436351,27,2802
433522,436310,436351,41,2788
433522,436323,436353,30,2801
433522,436291,436355,64,2769
433522,436289,436357,68,2767
433522,436300,436364,64,2778
433522,436293,436365,72,2771
433522,436301,436366,65,2779
433522,436293,436366,73,2771
433522,436295,436365,70,2773
433522,436293,436367,74,2771
433843,436332,436370,38,2489
433522,436299,436372,73,2777
433522,436292,436377,85,2770
433843,436334,436377,43,2491
433843,436344,436379,35,2501
433843,436335,436379,44,2492
433843,436334,436379,45,2491
433843,436334,436381,47,2491
433843,436342,436382,40,2499
433843,436334,436383,49,2491
433843,436380,436383,3,2537
433843,436381,436383,2,2538
433522,436324,436384,60,2802
433843,436383,436384,1,2540
433843,436380,436385,5,2537
433843,436383,436385,2,2540
433843,436338,436384,46,2495
433843,436383,436384,1,2540
433843,436383,436386,3,2540
433843,436384,436386,2,2541
433843,436384,436386,2,2541
433843,436338,436386,48,2495
433843,436385,436387,2,2542
433843,436385,436387,2,2542
433843,436336,436386,50,2493
433843,436385,436388,3,2542
433843,436385,436388,3,2542
433843,436386,436388,2,2543
433843,436386,436388,2,2543
433843,436387,436389,2,2544
433843,436386,436389,3,2543
433843,436387,436388,1,2544
433843,436387,436389,2,2544
433843,436388,436390,2,2545
433843,436386,436389,3,2543
433843,436388,436390,2,2545
433843,436336,436390,54,2493
433843,436388,436390,2,2545
433843,436388,436391,3,2545
433843,436389,436391,2,2546
433843,436379,436390,11,2536
433843,436389,436391,2,2546
433843,436389,436390,1,2546
433843,436390,436391,1,2547
433843,436390,436392,2,2547
433843,436337,436393,56,2494
433843,436349,436393,44,2506
433843,436390,436393,3,2547
433843,436390,436393,3,2547
433843,436340,436394,54,2497
433843,436390,436394,4,2547
433843,436343,436395,52,2500
433843,436350,436394,44,2507
433843,436353,436394,41,2510
433843,436391,436396,5,2548
433843,436342,436397,55,2499
433843,436377,436398,21,2534
433843,436344,436399,55,2501
433843,436355,436400,45,2512
433843,436391,436399,8,2548
433843,436367,436401,34,2524
433843,436338,436401,63,2495
433843,436357,436403,46,2514
433843,436365,436404,39,2522
433843,436370,436407,37,2527
433843,436351,436408,57,2508
433843,436366,436409,43,2523
433843,436391,436408,17,2548
433843,436351,436409,58,2508
433843,436364,436412,48,2521
433843,436366,436414,48,2523
433843,436372,436416,44,2529
433843,436391,436417,26,2548
433843,436366,436419,53,2523
433843,436377,436420,43,2534
433843,436392,436423,31,2549
433843,436392,436426,34,2549
433843,436392,436430,38,2549
433843,436392,436432,40,2549
433843,436393,436436,43,2550
433843,436395,436438,43,2552
433843,436393,436438,45,2550
432535,435257,436439,1182,2722
433843,436404,436440,36,2561
433843,436395,436441,46,2552
433843,436393,436446,53,2550
433843,436393,436449,56,2550
433843,436395,436449,54,2552
433843,436399,436450,51,2556
433843,436394,436449,55,2551
433843,436398,436451,53,2555
433843,436396,436451,55,2553
433843,436400,436451,51,2557
433843,436442,436453,11,2599
433843,436394,436453,59,2551
433843,436407,436452,45,2564
433843,436401,436454,53,2558
433843,436451,436453,2,2608
433843,436451,436454,3,2608
433843,436450,436454,4,2607
433843,436404,436454,50,2561
433843,436450,436455,5,2607
433843,436452,436455,3,2609
433843,436453,436456,3,2610
433843,436453,436456,3,2610
433843,436454,436456,2,2611
433843,436454,436457,3,2611
433843,436455,436457,2,2612
433843,436449,436457,8,2606
433843,436453,436457,4,2610
433843,436397,436457,60,2554
433843,436454,436458,4,2611
433843,436456,436458,2,2613
433843,436454,436457,3,2611
433843,436436,436459,23,2593
433843,436455,436459,4,2612
433843,436446,436459,13,2603
433843,436456,436459,3,2613
433843,436455,436458,3,2612
433843,436456,436458,2,2613
433843,436457,436459,2,2614
433843,436457,436459,2,2614
433843,436449,436459,10,2606
433843,436457,436461,4,2614
433843,436457,436461,4,2614
433843,436458,436462,4,2615
433843,436457,436462,5,2614
433843,436458,436462,4,2615
433843,436459,436463,4,2616
433843,436409,436464,55,2566
433843,436412,436464,52,2569
433843,436459,436465,6,2616
433843,436459,436465,6,2616
433843,436458,436465,7,2615
433843,436459,436465,6,2616
433843,436400,436466,66,2557
433843,436460,436466,6,2617
433843,436460,436467,7,2617
433843,436423,436467,44,2580
433843,436459,436467,8,2616
433843,436461,436468,7,2618
433843,436462,436468,6,2619
433843,436462,436469,7,2619
433843,436462,436469,7,2619
433843,436462,436468,6,2619
433843,436459,436470,11,2616
433843,436459,436469,10,2616
433843,436408,436471,63,2565
433843,436463,436471,8,2620
433843,436401,436471,70,2558
433843,436417,436474,57,2574
433843,436409,436476,67,2566
433843,436420,436478,58,2577
433843,436409,436483,74,2566
433843,436414,436483,69,2571
433843,436426,436484,58,2583
433843,436416,436487,71,2573
433843,436430,436488,58,2587
433843,436440,436489,49,2597
433843,436419,436490,71,2576
433843,436432,436491,59,2589
433843,436438,436492,54,2595
433843,436439,436493,54,2596
434070,436465,436496,31,2395
433843,436438,436497,59,2595
434070,436465,436506,41,2395
434070,436464,436507,43,2394
434070,436467,436512,45,2397
434070,436508,436513,5,2438
434070,436466,436513,47,2396
434070,436470,436514,44,2400
434070,436469,436515,46,2399
434070,436513,436515,2,2443
434070,436471,436514,43,2401
434070,436465,436516,51,2395
434070,436488,436516,28,2418
434070,436512,436515,3,2442
434070,436514,436516,2,2444
434070,436513,436515,2,2443
434070,436506,436517,11,2436
434070,436515,436517,2,2445
434070,436515,436516,1,2445
434070,436467,436516,49,2397
434070,436515,436517,2,2445
434070,436474,436518,44,2404
434070,436516,436517,1,2446
434070,436516,436518,2,2446
434070,436516,436518,2,2446
434070,436516,436517,1,2446
434070,436497,436519,22,2427
434070,436517,436519,2,2447
434070,436468,436518,50,2398
434070,436517,436518,1,2447
434070,436518,436519,1,2448
434070,436517,436518,1,2447
434070,436518,436520,2,2448
434070,436465,436519,54,2395
434070,436516,436519,3,2446
434070,436466,436520,54,2396
434070,436517,436519,2,2447
434070,436518,436519,1,2448
434070,436518,436521,3,2448
434070,436518,436520,2,2448
434070,436519,436521,2,2449
434070,436519,436521,2,2449
434070,436518,436520,2,2448
434070,436519,436521,2,2449
434070,436467,436521,54,2397
434070,436471,436520,49,2401
434070,436487,436522,35,2417
434070,436519,436521,2,2449
434070,436519,436521,2,2449
434070,436519,436521,2,2449
434070,436520,436522,2,2450
434070,436520,436523,3,2450
434070,436469,436522,53,2399
434070,436496,436522,26,2426
434070,436520,436524,4,2450
434070,436469,436524,55,2399
434070,436520,436524,4,2450
434070,436470,436525,55,2400
434070,436471,436525,54,2401
434070,436468,436526,58,2398
434070,436483,436527,44,2413
434070,436493,436528,35,2423
434070,436476,436529,53,2406
434070,436521,436531,10,2451
434070,436484,436532,48,2414
434070,436478,436532,54,2408
434070,436491,436533,42,2421
434070,436490,436533,43,2420
434070,436490,436532,42,2420
434070,436521,436536,15,2451
434070,436492,436542,50,2422
434070,436484,436543,59,2414
434070,436521,436552,31,2451
434070,436522,436553,31,2452
434070,436521,436555,34,2451
434070,436521,436557,36,2451
434070,436521,436558,37,2451
434070,436522,436559,37,2452
434070,436521,436565,44,2451
434070,436521,436571,50,2451
434070,436521,436572,51,2451
434070,436522,436573,51,2452
434070,436521,436574,53,2451
434070,436533,436574,41,2463
434070,436522,436575,53,2452
434070,436523,436574,51,2453
434070,436522,436577,55,2452
434070,436524,436577,53,2454
434070,436536,436577,41,2466
434070,436533,436579,46,2463
434070,436523,436579,56,2453
434070,436531,436582,51,2461
434070,436532,436582,50,2462
434070,436525,436584,59,2455
434070,436579,436584,5,2509
434070,436583,436585,2,2513
434070,436582,436586,4,2512
434070,436579,436586,7,2509
434070,436577,436586,9,2507
434070,436578,436587,9,2508
434070,436584,436587,3,2514
434070,436584,436588,4,2514
434070,436585,436588,3,2515
434070,436525,436587,62,2455
434070,436524,436588,64,2454
434070,436524,436589,65,2454
434070,436526,436588,62,2456
434070,436586,436588,2,2516
434070,436587,436589,2,2517
434070,436587,436589,2,2517
434070,436587,436589,2,2517
434070,436586,436589,3,2516
434070,436588,436590,2,2518
434070,436588,436591,3,2518
434070,436529,436591,62,2459
434070,436588,436591,3,2518
434070,436528,436592,64,2458
434070,436589,436592,3,2519
434070,436590,436592,2,2520
434070,436589,436592,3,2519
434070,436525,436593,68,2455
434070,436589,436593,4,2519
434070,436589,436593,4,2519
434070,436533,436592,59,2463
434070,436527,436593,66,2457
434070,436591,436595,4,2521
434070,436590,436594,4,2520
434070,436590,436594,4,2520
434070,436577,436594,17,2507
434070,436590,436596,6,2520
434070,436592,436598,6,2522
434070,436591,436599,8,2521
434070,436533,436599,66,2463
434070,436593,436600,7,2523
434070,436593,436600,7,2523
434070,436595,436601,6,2525
434070,436594,436601,7,2524
434070,436594,436601,7,2524
434070,436591,436602,11,2521
434070,436593,436602,9,2523
434070,436595,436601,6,2525
434070,436593,436603,10,2523
434070,436593,436603,10,2523
434070,436558,436604,46,2488
434070,436592,436604,12,2522
434070,436592,436603,11,2522
434070,436557,436606,49,2487
434070,436574,436612,38,2504
434070,436575,436613,38,2505
434070,436553,436614,61,2483
434070,436542,436614,72,2472
434070,436543,436616,73,2473
434070,436555,436617,62,2485
434070,436552,436622,70,2482
434070,436572,436624,52,2502
434070,436575,436629,54,2505
434514,436595,436629,34,2081
434070,436573,436632,59,2503
434070,436559,436633,74,2489
434514,436600,436635,35,2086
434070,436566,436636,70,2496
434070,436571,436638,67,2501
434070,436574,436639,65,2504
434514,436599,436638,39,2085
434514,436601,436644,43,2087
434514,436597,436645,48,2083
434514,436603,436646,43,2089
434514,436598,436646,48,2084
434514,436601,436645,44,2087
434514,436604,436647,43,2090
434514,436602,436647,45,2088
434514,436604,436647,43,2090
434514,436646,436649,3,2132
434514,436646,436649,3,2132
434514,436612,436649,37,2098
434514,436646,436648,2,2132
434514,436647,436648,1,2133
434514,436647,436649,2,2133
434514,436606,436650,44,2092
434514,436603,436651,48,2089
434514,436649,436651,2,2135
434514,436649,436651,2,2135
434514,436648,436650,2,2134
434514,436603,436651,48,2089
434514,436601,436651,50,2087
434514,436645,436652,7,2131
434514,436649,436651,2,2135
434514,436613,436652,39,2099
434514,436649,436652,3,2135
434514,436649,436651,2,2135
434514,436649,436651,2,2135
434514,436650,436651,1,2136
434514,436651,436653,2,2137
434514,436651,436653,2,2137
434514,436600,436652,52,2086
434514,436651,436652,1,2137
434514,436600,436652,52,2086
434514,436651,436654,3,2137
434514,436651,436654,3,2137
434514,436614,436654,40,2100
434514,436652,436654,2,2138
434514,436644,436655,11,2130
434514,436652,436654,2,2138
434514,436652,436655,3,2138
434514,436652,436654,2,2138
434514,436653,436655,2,2139
434514,436652,436655,3,2138
434514,436651,436654,3,2137
434514,436653,436655,2,2139
434514,436653,436656,3,2139
434514,436652,436656,4,2138
434514,436604,436656,52,2090
434514,436652,436655,3,2138
434514,436653,436656,3,2139
434514,436654,436658,4,2140
434514,436616,436659,43,2102
434514,436618,436659,41,2104
434514,436602,436659,57,2088
434514,436639,436660,21,2125
434514,436654,436662,8,2140
434514,436614,436666,52,2100
434514,436639,436669,30,2125
434514,436654,436669,15,2140
434514,436624,436669,45,2110
434514,436629,436672,43,2115
434514,436630,436673,43,2116
434514,436622,436677,55,2108
434514,436635,436678,43,2121
434514,436632,436678,46,2118
434514,436656,436679,23,2142
434514,436638,436681,43,2124
434514,436637,436683,46,2123
434514,436655,436687,32,2141
434514,436654,436687,33,2140
434514,436633,436688,55,2119
434514,436654,436690,36,2140
434514,436655,436692,37,2141
434514,436655,436697,42,2141
434514,436655,436704,49,2141
434514,436655,436704,49,2141
434514,436656,436705,49,2142
434514,436659,436705,46,2145
434514,436655,436709,54,2141
434514,436655,436709,54,2141
434514,436659,436711,52,2145
434514,436656,436713,57,2142
434514,436669,436714,45,2155
434514,436659,436714,55,2145
434514,436660,436716,56,2146
434514,436672,436717,45,2158
434514,436663,436719,56,2149
434514,436656,436719,63,2142
434514,436656,436720,64,2142
434514,436658,436720,62,2144
434514,436658,436721,63,2144
434514,436720,436723,3,2206
434514,436720,436724,4,2206
434514,436717,436724,7,2203
434514,436669,436725,56,2155
434514,436720,436725,5,2206
434514,436721,436725,4,2207
434514,436674,436724,50,2160
434514,436666,436726,60,2152
434514,436724,436726,2,2210
434514,436719,436726,7,2205
434514,436724,436727,3,2210
434514,436678,436727,49,2164
434514,436723,436727,4,2209
434514,436716,436726,10,2202
434514,436725,436728,3,2211
434514,436714,436728,14,2200
434514,436725,436728,3,2211
434514,436725,436728,3,2211
434514,436726,436729,3,2212
434514,436727,436729,2,2213
434514,436725,436728,3,2211
434514,436726,436728,2,2212
434514,436679,436729,50,2165
434514,436669,436730,61,2155
434514,436728,436731,3,2214
434514,436727,436731,4,2213
434514,436727,436731,4,2213
434514,436728,436731,3,2214
434514,436714,436731,17,2200
434514,436727,436730,3,2213
434514,436727,436730,3,2213
434514,436678,436731,53,2164
434514,436728,436733,5,2214
434514,436728,436733,5,2214
434514,436729,436733,4,2215
434514,436729,436734,5,2215
434514,436730,436735,5,2216
434514,436730,436735,5,2216
434514,436677,436736,59,2163
434514,436731,436737,6,2217
434514,436731,436737,6,2217
434514,436705,436737,32,2191
434514,436731,436737,6,2217
434514,436731,436738,7,2217
434514,436731,436738,7,2217
434514,436690,436738,48,2176
434514,436731,436737,6,2217
434514,436731,436739,8,2217
434514,436731,436739,8,2217
434514,436687,436739,52,2173
434514,436731,436739,8,2217
434514,436732,436739,7,2218
434514,436681,436742,61,2167
434514,436733,436742,9,2219
434514,436704,436743,39,2190
434514,436709,436743,34,2195
434514,436685,436742,57,2171
434514,436692,436744,52,2178
434514,436713,436743,30,2199
434514,436711,436744,33,2197
434514,436697,436745,48,2183
434514,436687,436746,59,2173
434514,436706,436749,43,2192
434649,436734,436750,16,2085
434514,436688,436750,62,2174
434514,436704,436752,48,2190
434649,436733,436753,20,2084
434649,436737,436757,20,2088
434649,436737,436760,23,2088
434649,436735,436760,25,2086
434514,436709,436760,51,2195
434649,436744,436771,27,2095
434649,436738,436771,33,2089
434649,436737,436772,35,2088
434649,436736,436772,36,2087
434649,436739,436776,37,2090
434649,436772,436777,5,2123
434649,436749,436778,29,2100
434649,436736,436778,42,2087
434649,436776,436779,3,2127
434649,436738,436779,41,2089
434649,436772,436780,8,2123
434649,436737,436780,43,2088
434649,436777,436783,6,2128
434649,436771,436784,13,2122
434649,436740,436784,44,2091
434649,436745,436784,39,2096
434649,436742,436784,42,2093
434649,436778,436785,7,2129
434649,436740,436787,47,2091
434649,436784,436787,3,2135
434649,436784,436787,3,2135
434649,436738,436788,50,2089
434649,436784,436788,4,2135
434649,436784,436787,3,2135
434649,436786,436789,3,2137
434649,436787,436789,2,2138
434649,436778,436790,12,2129
434649,436787,436789,2,2138
434649,436787,436790,3,2138
434649,436788,436790,2,2139
434649,436788,436790,2,2139
434649,436789,436792,3,2140
434649,436788,436792,4,2139
434649,436783,436792,9,2134
434649,436743,436792,49,2094
434649,436789,436794,5,2140
434649,436738,436795,57,2089
434649,436739,436795,56,2090
434649,436790,436796,6,2141
434649,436746,436797,51,2097
434649,436771,436798,27,2122
434649,436780,436799,19,2131
434649,436790,436800,10,2141
434649,436757,436799,42,2108
434649,436779,436801,22,2130
434649,436743,436801,58,2094
434649,436752,436802,50,2103
434649,436760,436803,43,2111
434649,436760,436804,44,2111
434649,436753,436804,51,2104
434649,436743,436805,62,2094
434649,436760,436807,47,2111
434649,436745,436807,62,2096
434649,436750,436807,57,2101
434649,436780,436808,28,2131
434649,436744,436810,66,2095
434649,436750,436809,59,2101
434649,436742,436813,71,2093
434649,436790,436814,24,2141
434649,436779,436815,36,2130
434649,436739,436817,78,2090
434649,436791,436822,31,2142
434649,436791,436830,39,2142
434649,436792,436832,40,2143
434649,436804,436841,37,2155
434649,436792,436848,56,2143
434649,436801,436855,54,2152
434649,436800,436856,56,2151
434649,436794,436857,63,2145
434649,436797,436861,64,2148
434649,436796,436862,66,2147
434649,436798,436862,64,2149
434649,436792,436863,71,2143
434649,436799,436864,65,2150
434649,436792,436865,73,2143
434649,436795,436868,73,2146
434649,436800,436871,71,2151
434649,436802,436873,71,2153
434649,436807,436874,67,2158
434649,436803,436875,72,2154
434649,436808,436878,70,2159
434649,436807,436880,73,2158
434649,436808,436881,73,2159
434649,436795,436881,86,2146
434649,436804,436885,81,2155
434649,436823,436885,62,2174
434649,436802,436887,85,2153
434649,436805,436887,82,2156
434649,436810,436890,80,2161
434649,436810,436892,82,2161
434649,436815,436893,78,2166
434649,436817,436895,78,2168
434649,436830,436899,69,2181
434649,436814,436899,85,2165
434649,436832,436899,67,2183
434649,436813,436903,90,2164
433140,435684,436907,1223,2544
434649,436855,436922,67,2206
434649,436841,436926,85,2192
434649,436857,436927,70,2208
434649,436856,436928,72,2207
434649,436862,436929,67,2213
434649,436848,436930,82,2199
434649,436929,436931,2,2280
434649,436928,436932,4,2279
434649,436931,436933,2,2282
434649,436930,436933,3,2281
434649,436932,436933,1,2283
434649,436933,436935,2,2284
434649,436933,436936,3,2284
434649,436927,436936,9,2278
434649,436934,436936,2,2285
434649,436935,436937,2,2286
434649,436880,436936,56,2231
434649,436936,436938,2,2287
434649,436936,436938,2,2287
434649,436936,436938,2,2287
434649,436862,436939,77,2213
434649,436937,436939,2,2288
434649,436938,436940,2,2289
434649,436938,436939,1,2289
434649,436938,436940,2,2289
434649,436871,436942,71,2222
434649,436938,436941,3,2289
434649,436874,436943,69,2225
434649,436864,436943,79,2215
434649,436861,436944,83,2212
434649,436926,436945,19,2277
434649,436873,436946,73,2224
434649,436875,436947,72,2226
434649,436941,436948,7,2292
434649,436942,436948,6,2293
434649,436939,436949,10,2290
434649,436878,436952,74,2229
434649,436865,436952,87,2216
434649,436863,436953,90,2214
434649,436903,436954,51,2254
434649,436868,436956,88,2219
434649,436939,436956,17,2290
434649,436885,436957,72,2236
434649,436885,436965,80,2236
434649,436887,436966,79,2238
434649,436881,436967,86,2232
434649,436940,436966,26,2291
434649,436890,436967,77,2241
434649,436899,436968,69,2250
434649,436881,436970,89,2232
434649,436900,436973,73,2251
434649,436893,436976,83,2244
434692,436943,436976,33,2251
434649,436922,436977,55,2273
434649,436887,436977,90,2238
434649,436940,436978,38,2291
434649,436899,436981,82,2250
434692,436950,436984,34,2258
434649,436895,436986,91,2246
434649,436892,436987,95,2243
434692,436945,436987,42,2253
434692,436952,436987,35,2260
434692,436946,436989,43,2254
434692,436944,436989,45,2252
434692,436947,436990,43,2255
434649,436907,436991,84,2258
434692,436944,436993,49,2252
434692,436948,436995,47,2256
434692,436948,436997,49,2256
434692,436956,436997,41,2264
434692,436995,436998,3,2303
434692,436997,436999,2,2305
434692,436997,437000,3,2305
434692,436956,437000,44,2264
434692,436999,437002,3,2307
434692,436957,437001,44,2265
434692,437000,437002,2,2308
434692,436993,437003,10,2301
434692,437000,437002,2,2308
434692,437001,437004,3,2309
434692,437002,437004,2,2310
434692,437002,437003,1,2310
434692,437002,437004,2,2310
434692,436953,437005,52,2261
434692,437004,437006,2,2312
434692,437003,437005,2,2311
434692,437003,437005,2,2311
434692,436952,437007,55,2260
434692,437005,437007,2,2313
434692,437004,437007,3,2312
434692,437005,437008,3,2313
434692,437006,437009,3,2314
434692,437005,437009,4,2313
434692,436967,437009,42,2275
434692,437006,437008,2,2314
434692,436954,437009,55,2262
434692,437007,437009,2,2315
434692,437007,437010,3,2315
434692,436991,437011,20,2299
434692,437007,437010,3,2315
434692,437007,437012,5,2315
434692,437008,437012,4,2316
433511,436166,437013,847,2655
434692,437009,437013,4,2317
434692,436966,437012,46,2274
434692,436990,437015,25,2298
434692,436973,437016,43,2281
434692,436967,437017,50,2275
434692,436965,437017,52,2273
434692,437009,437018,9,2317
434692,436969,437019,50,2277
434692,436977,437022,45,2285
434692,436970,437022,52,2278
434692,437009,437022,13,2317
434692,436977,437023,46,2285
434692,436976,437024,48,2284
434692,436989,437024,35,2297
434692,436989,437026,37,2297
434692,437009,437026,17,2317
434692,436978,437026,48,2286
434692,436987,437026,39,2295
434692,436968,437028,60,2276
434692,436987,437030,43,2295
434692,436984,437031,47,2292
434692,436986,437031,45,2294
434692,436976,437032,56,2284
434692,436981,437036,55,2289
434692,437010,437039,29,2318
434692,436987,437039,52,2295
434692,437010,437040,30,2318
434692,437011,437050,39,2319
434692,437032,437051,19,2340
434692,437011,437057,46,2319
434692,437012,437058,46,2320
434692,437012,437062,50,2320
434692,437022,437062,40,2330
434692,437013,437063,50,2321
434692,437031,437064,33,2339
434692,437013,437065,52,2321
434692,437015,437067,52,2323
434692,437023,437067,44,2331
434692,437011,437068,57,2319
434692,437016,437067,51,2324
434692,437019,437071,52,2327
434692,437014,437072,58,2322
434692,437024,437074,50,2332
434692,437018,437075,57,2326
434692,437072,437075,3,2380
434692,437074,437076,2,2382
434692,437071,437076,5,2379
434692,437024,437077,53,2332
434692,437075,437078,3,2383
434692,437026,437077,51,2334
434692,437076,437078,2,2384
434692,437075,437078,3,2383
434692,437076,437078,2,2384
434692,437017,437079,62,2325
434692,437077,437078,1,2385
434692,437078,437080,2,2386
434692,437026,437079,53,2334
434692,437078,437080,2,2386
434692,437078,437080,2,2386
434692,437078,437081,3,2386
434692,437078,437080,2,2386
434692,437080,437081,1,2388
434692,437031,437082,51,2339
434692,437080,437081,1,2388
434692,437079,437082,3,2387
434692,437080,437082,2,2388
434692,437081,437083,2,2389
434692,437067,437083,16,2375
434692,437080,437083,3,2388
434692,437081,437084,3,2389
434692,437058,437083,25,2366
434692,437081,437083,2,2389
434692,437082,437084,2,2390
434692,437022,437084,62,2330
434692,437081,437083,2,2389
434692,437082,437084,2,2390
434692,437026,437084,58,2334
434692,437082,437085,3,2390
434692,437082,437084,2,2390
434692,437083,437085,2,2391
434692,437068,437084,16,2376
434692,437083,437086,3,2391
434692,437017,437086,69,2325
434692,437084,437087,3,2392
434692,437084,437087,3,2392
434692,437083,437087,4,2391
434692,437084,437088,4,2392
434692,437022,437088,66,2330
434692,437084,437089,5,2392
434692,437084,437088,4,2392
434692,437085,437089,4,2393
434692,437086,437089,3,2394
434692,437085,437090,5,2393
434692,437084,437090,6,2392
434692,437084,437089,5,2392
434692,437085,437089,4,2393
434692,437085,437089,4,2393
434692,437039,437091,52,2347
434692,437040,437091,51,2348
434692,437085,437092,7,2393
434692,437026,437091,65,2334
434692,437028,437091,63,2336
434692,437086,437093,7,2394
434692,437087,437094,7,2395
434692,437030,437095,65,2338
434692,437062,437095,33,2370
434692,437036,437096,60,2344
434692,437039,437097,58,2347
434692,437065,437101,36,2373
434692,437068,437102,34,2376
434692,437063,437106,43,2371
434692,437064,437107,43,2372
434692,437057,437111,54,2365
434692,437063,437112,49,2371
434692,437050,437116,66,2358
434692,437052,437116,64,2360
434692,437067,437117,50,2375
434839,437092,437119,27,2253
434839,437094,437121,27,2255
434839,437088,437122,34,2249
434839,437089,437128,39,2250
434839,437089,437129,40,2250
434839,437089,437129,40,2250
434839,437090,437130,40,2251
434839,437089,437130,41,2250
434839,437130,437132,2,2291
434839,437129,437132,3,2290
434839,437130,437132,2,2291
434839,437129,437132,3,2290
434839,437132,437133,1,2293
434839,437132,437133,1,2293
434839,437132,437133,1,2293
434839,437133,437135,2,2294
434839,437090,437136,46,2251
434839,437134,437136,2,2295
434839,437133,437135,2,2294
434839,437134,437137,3,2295
434839,437090,437138,48,2251
434839,437135,437138,3,2296
434839,437136,437138,2,2297
434839,437136,437138,2,2297
434839,437136,437138,2,2297
434839,437137,437138,1,2298
434839,437128,437140,12,2289
434839,437138,437140,2,2299
434839,437091,437139,48,2252
434839,437138,437140,2,2299
434839,437138,437139,1,2299
434839,437138,437139,1,2299
434839,437101,437140,39,2262
434839,437140,437142,2,2301
434839,437139,437141,2,2300
434839,437139,437141,2,2300
434839,437140,437141,1,2301
434839,437140,437141,1,2301
434839,437093,437143,50,2254
434839,437140,437142,2,2301
434839,437141,437142,1,2302
434839,437141,437143,2,2302
434839,437087,437143,56,2248
434839,437141,437143,2,2302
434839,437142,437144,2,2303
434839,437090,437143,53,2251
434839,437095,437145,50,2256
434839,437142,437145,3,2303
434839,437142,437146,4,2303
434839,437088,437147,59,2249
434839,437093,437147,54,2254
434839,437097,437147,50,2258
434839,437143,437146,3,2304
434839,437123,437147,24,2284
434839,437118,437148,30,2279
434839,437090,437148,58,2251
434839,437143,437148,5,2304
434839,437143,437149,6,2304
434839,437143,437149,6,2304
434839,437145,437149,4,2306
434839,437145,437149,4,2306
434839,437143,437150,7,2304
434839,437093,437151,58,2254
434839,437107,437154,47,2268
434839,437143,437154,11,2304
434839,437145,437154,9,2306
434839,437096,437154,58,2257
434839,437102,437156,54,2263
434839,437106,437156,50,2267
434839,437095,437156,61,2256
434839,437144,437158,14,2305
434839,437091,437158,67,2252
434839,437112,437160,48,2273
434839,437122,437165,43,2283
434839,437119,437168,49,2280
434839,437111,437169,58,2272
434839,437116,437169,53,2277
434839,437117,437169,52,2278
433295,435866,437172,1306,2571
434839,437143,437188,45,2304
434839,437144,437193,49,2305
434839,437156,437194,38,2317
434839,437147,437196,49,2308
434839,437146,437200,54,2307
434839,437148,437205,57,2309
434839,437149,437205,56,2310
434839,437151,437206,55,2312
434839,437148,437206,58,2309
434839,437147,437208,61,2308
434839,437149,437210,61,2310
434839,437150,437211,61,2311
434839,437154,437212,58,2315
434839,437156,437213,57,2317
434839,437148,437213,65,2309
434839,437150,437213,63,2311
434839,437211,437218,7,2372
434839,437213,437218,5,2374
434839,437147,437219,72,2308
434839,437147,437220,73,2308
434839,437160,437220,60,2321
434839,437148,437221,73,2309
434839,437154,437221,67,2315
434839,437172,437222,50,2333
434839,437152,437226,74,2313
434839,437156,437227,71,2317
434839,437158,437226,68,2319
434839,437165,437228,63,2326
434839,437213,437229,16,2374
434839,437154,437229,75,2315
434839,437227,437230,3,2388
434839,437228,437230,2,2389
434839,437229,437231,2,2390
434839,437227,437232,5,2388
434839,437230,437232,2,2391
434839,437230,437232,2,2391
434839,437229,437232,3,2390
434839,437158,437233,75,2319
434839,437231,437233,2,2392
434839,437232,437234,2,2393
434839,437232,437234,2,2393
434839,437222,437234,12,2383
434839,437232,437235,3,2393
434839,437233,437235,2,2394
433344,436021,437235,1214,2677
434839,437226,437235,9,2387
434839,437212,437235,23,2373
434839,437232,437235,3,2393
434839,437233,437236,3,2394
434839,437234,437236,2,2395
434839,437234,437236,2,2395
434839,437154,437236,82,2315
434839,437234,437238,4,2395
434839,437218,437239,21,2379
434839,437169,437240,71,2330
434839,437236,437240,4,2397
434839,437236,437241,5,2397
434839,437235,437241,6,2396
434839,437168,437242,74,2329
434839,437236,437242,6,2397
434839,437235,437244,9,2396
434839,437171,437245,74,2332
434839,437170,437246,76,2331
434973,437237,437248,11,2264
434839,437222,437248,26,2383
434839,437193,437251,58,2354
434839,437235,437251,16,2396
434839,437235,437253,18,2396
434973,437238,437257,19,2265
434839,437200,437257,57,2361
434839,437208,437257,49,2369
434839,437206,437258,52,2367
434973,437237,437259,22,2264
434973,437239,437263,24,2266
434839,437194,437264,70,2355
434839,437205,437265,60,2366
434973,437241,437265,24,2268
434973,437240,437266,26,2267
434839,437188,437269,81,2349
434973,437242,437269,27,2269
434839,437205,437269,64,2366
434839,437206,437270,64,2367
434839,437196,437271,75,2357
434973,437242,437273,31,2269
434839,437221,437276,55,2382
434839,437219,437277,58,2380
434973,437248,437278,30,2275
434839,437220,437279,59,2381
434973,437240,437280,40,2267
434973,437245,437280,35,2272
434973,437247,437285,38,2274
434839,437210,437285,75,2371
434973,437241,437287,46,2268
434839,437218,437287,69,2379
434973,437248,437288,40,2275
434973,437251,437289,38,2278
434973,437253,437293,40,2280
434839,437213,437295,82,2374
434973,437245,437297,52,2272
434973,437257,437298,41,2284
434973,437257,437300,43,2284
434973,437258,437301,43,2285
434973,437263,437302,39,2290
434973,437257,437304,47,2284
434973,437251,437306,55,2278
434839,437220,437307,87,2381
434973,437270,437311,41,2297
434973,437269,437311,42,2296
434973,437265,437311,46,2292
434973,437280,437313,33,2307
434973,437259,437313,54,2286
434973,437270,437315,45,2297
434973,437266,437317,51,2293
434973,437287,437318,31,2314
434973,437264,437319,55,2291
434973,437271,437319,48,2298
434973,437287,437321,34,2314
434973,437273,437323,50,2300
434973,437279,437323,44,2306
434973,437285,437325,40,2312
434973,437266,437325,59,2293
434973,437302,437326,24,2329
434973,437269,437327,58,2296
434973,437280,437328,48,2307
434973,437277,437331,54,2304
434973,437285,437333,48,2312
434973,437304,437334,30,2331
434973,437278,437335,57,2305
434973,437297,437335,38,2324
434973,437306,437336,30,2333
434973,437295,437337,42,2322
434973,437301,437337,36,2328
434973,437311,437338,27,2338
434973,437288,437338,50,2315
434973,437276,437338,62,2303
434973,437311,437339,28,2338
434973,437311,437340,29,2338
434973,437289,437340,51,2316
434973,437300,437341,41,2327
434973,437307,437342,35,2334
433844,436464,437343,879,2620
434973,437313,437344,31,2340
434973,437294,437346,52,2321
434973,437299,437349,50,2326
434973,437315,437350,35,2342
434973,437313,437355,42,2340
434973,437317,437357,40,2344
434973,437318,437374,56,2345
434973,437319,437377,58,2346
434973,437321,437378,57,2348
434973,437319,437379,60,2346
434973,437323,437382,59,2350
434973,437326,437387,61,2353
434973,437323,437389,66,2350
434973,437334,437391,57,2361
434973,437325,437392,67,2352
434973,437335,437401,66,2362
434973,437340,437403,63,2367
434973,437325,437404,79,2352
434973,437355,437406,51,2382
434973,437341,437407,66,2368
434973,437337,437408,71,2364
434973,437331,437408,77,2358
434973,437338,437408,70,2365
434973,437340,437408,68,2367
434973,437333,437409,76,2360
434973,437327,437409,82,2354
434973,437328,437408,80,2355
434973,437339,437410,71,2366
434973,437337,437410,73,2364
434973,437336,437415,79,2363
434070,436595,437415,820,2525
434973,437343,437416,73,2370
434973,437339,437417,78,2366
434973,437346,437418,72,2373
434973,437350,437419,69,2377
434973,437335,437419,84,2362
434973,437338,437422,84,2365
434973,437349,437429,80,2376
434973,437342,437430,88,2369
434973,437345,437431,86,2372
434973,437374,437434,60,2401
434973,437357,437440,83,2384
434973,437378,437444,66,2405
434973,437382,437455,73,2409
434973,437377,437458,81,2404
434973,437388,437461,73,2415
434973,437379,437463,84,2406
434973,437391,437464,73,2418
434973,437401,437464,63,2428
434973,437464,437469,5,2491
434973,437392,437470,78,2419
434973,437469,437472,3,2496
434973,437470,437473,3,2497
434973,437472,437473,1,2499
434973,437403,437475,72,2430
434973,437473,437475,2,2500
434973,437408,437475,67,2435
434973,437475,437476,1,2502
434973,437410,437477,67,2437
434973,437410,437476,66,2437
434973,437476,437477,1,2503
434973,437475,437478,3,2502
434973,437408,437478,70,2435
434973,437475,437478,3,2502
434973,437476,437478,2,2503
434973,437477,437479,2,2504
434973,437477,437479,2,2504
434973,437478,437480,2,2505
434973,437407,437479,72,2434
434973,437478,437480,2,2505
434973,437478,437479,1,2505
434973,437389,437481,92,2416
434973,437478,437484,6,2505
434973,437416,437486,70,2443
434973,437419,437486,67,2446
434973,437418,437487,69,2445
434973,437416,437488,72,2443
434973,437404,437489,85,2431
434973,437406,437489,83,2433
434973,437408,437491,83,2435
434973,437408,437491,83,2435
434973,437409,437493,84,2436
434973,437409,437494,85,2436
434973,437464,437495,31,2491
434973,437409,437496,87,2436
434973,437415,437497,82,2442
434973,437422,437499,77,2449
434973,437429,437501,72,2456
434973,437479,437502,23,2506
434973,437417,437504,87,2444
434973,437419,437504,85,2446
434973,437431,437507,76,2458
434973,437480,437508,28,2507
434973,437480,437513,33,2507
434973,437434,437514,80,2461
434973,437440,437515,75,2467
434973,437430,437517,87,2457
434973,437444,437517,73,2471
435442,437480,437519,39,2038
434973,437480,437520,40,2507
434973,437479,437521,42,2506
435442,437486,437530,44,2044
433522,436331,437530,1199,2809
434973,437455,437531,76,2482
435442,437487,437531,44,2045
435442,437486,437533,47,2044
435442,437489,437535,46,2047
435442,437484,437535,51,2042
434973,437458,437536,78,2485
435442,437481,437536,55,2039
434973,437463,437537,74,2490
434973,437461,437537,76,2488
435442,437535,437538,3,2093
435442,437535,437538,3,2093
435442,437495,437538,43,2053
435442,437536,437538,2,2094
435442,437536,437539,3,2094
435442,437533,437539,6,2091
435442,437538,437540,2,2096
435442,437537,437539,2,2095
435442,437538,437540,2,2096
435442,437537,437539,2,2095
435442,437538,437539,1,2096
435442,437538,437541,3,2096
435442,437539,437541,2,2097
435442,437540,437542,2,2098
435442,437540,437542,2,2098
435442,437539,437541,2,2097
435442,437541,437543,2,2099
435442,437540,437543,3,2098
435442,437540,437542,2,2098
435442,437496,437543,47,2054
435442,437541,437543,2,2099
435442,437542,437544,2,2100
435442,437494,437543,49,2052
435442,437540,437543,3,2098
435442,437542,437544,2,2100
435442,437499,437543,44,2057
435442,437489,437545,56,2047
435442,437543,437544,1,2101
435442,437544,437546,2,2102
435442,437543,437546,3,2101
435442,437543,437545,2,2101
435442,437543,437546,3,2101
435442,437543,437545,2,2101
435442,437543,437545,2,2101
435442,437544,437547,3,2102
435442,437531,437547,16,2089
435442,437502,437547,45,2060
435442,437544,437546,2,2102
435442,437489,437548,59,2047
435442,437544,437547,3,2102
435442,437491,437548,57,2049
435442,437504,437549,45,2062
435442,437491,437550,59,2049
435442,437504,437550,46,2062
435442,437497,437550,53,2055
435442,437544,437550,6,2102
435442,437501,437554,53,2059
435442,437493,437556,63,2051
435442,437508,437557,49,2066
435442,437531,437558,27,2089
435442,437545,437559,14,2103
435442,437521,437560,39,2079
435442,437507,437560,53,2065
435442,437545,437561,16,2103
435442,437530,437562,32,2088
435442,437519,437564,45,2077
435442,437520,437564,44,2078
435442,437517,437564,47,2075
435442,437513,437567,54,2071
435442,437517,437569,52,2075
435442,437530,437570,40,2088
435442,437546,437571,25,2104
435442,437514,437571,57,2072
435442,437546,437573,27,2104
435442,437515,437574,59,2073
435442,437547,437576,29,2105
435442,437547,437577,30,2105
435442,437546,437582,36,2104
435442,437546,437583,37,2104
435442,437546,437600,54,2104
435442,437547,437602,55,2105
435442,437546,437610,64,2104
435442,437549,437611,62,2107
435442,437548,437612,64,2106
435442,437559,437612,53,2117
435442,437557,437612,55,2115
435442,437548,437612,64,2106
435442,437550,437614,64,2108
435442,437547,437613,66,2105
435442,437549,437615,66,2107
435442,437551,437617,66,2109
435442,437550,437617,67,2108
435442,437550,437617,67,2108
435442,437565,437618,53,2123
435442,437561,437619,58,2119
435442,437562,437619,57,2120
435442,437564,437620,56,2122
435442,437560,437622,62,2118
435442,437564,437623,59,2122
435442,437559,437623,64,2117
435442,437554,437624,70,2112
435442,437567,437624,57,2125
435442,437560,437625,65,2118
435442,437556,437626,70,2114
435442,437612,437627,15,2170
435442,437625,437629,4,2183
435442,437626,437630,4,2184
435442,437573,437630,57,2131
435442,437624,437630,6,2182
435442,437627,437630,3,2185
435442,437629,437631,2,2187
435442,437576,437632,56,2134
435442,437630,437632,2,2188
435442,437630,437632,2,2188
435442,437630,437633,3,2188
435442,437630,437633,3,2188
435442,437632,437634,2,2190
435442,437632,437634,2,2190
435442,437632,437634,2,2190
435442,437570,437635,65,2128
435442,437577,437635,58,2135
435442,437632,437634,2,2190
435442,437622,437636,14,2180
435442,437633,437636,3,2191
435442,437633,437636,3,2191
435442,437634,437636,2,2192
435442,437569,437637,68,2127
435442,437634,437637,3,2192
435442,437635,437638,3,2193
435442,437634,437637,3,2192
435442,437635,437638,3,2193
435442,437636,437639,3,2194
435442,437635,437639,4,2193
435442,437636,437640,4,2194
435442,437636,437640,4,2194
435442,437636,437639,3,2194
435442,437583,437639,56,2141
435442,437637,437641,4,2195
435442,437637,437641,4,2195
435442,437571,437643,72,2129
435442,437571,437643,72,2129
435442,437582,437642,60,2140
435442,437574,437643,69,2132
435442,437624,437646,22,2182
435442,437619,437646,27,2177
435442,437623,437648,25,2181
435442,437602,437656,54,2160
435576,437643,437663,20,2067
435442,437618,437663,45,2176
435442,437622,437665,43,2180
435576,437638,437665,27,2062
435576,437638,437673,35,2062
435442,437612,437674,62,2170
435442,437612,437677,65,2170
435576,437643,437677,34,2067
435442,437610,437677,67,2168
435442,437611,437678,67,2169
435442,437623,437678,55,2181
435442,437600,437679,79,2158
435576,437663,437679,16,2087
435442,437619,437680,61,2177
435576,437639,437681,42,2063
435576,437641,437682,41,2065
435576,437640,437688,48,2064
435576,437639,437688,49,2063
435442,437616,437691,75,2174
435442,437615,437692,77,2173
435576,437647,437692,45,2071
435576,437640,437693,53,2064
435442,437617,437693,76,2175
435576,437665,437693,28,2089
435442,437613,437694,81,2171
435576,437692,437694,2,2116
435576,437643,437694,51,2067
435576,437692,437695,3,2116
435576,437691,437695,4,2115
435576,437693,437695,2,2117
435576,437693,437695,2,2117
435576,437689,437695,6,2113
435576,437641,437694,53,2065
435442,437614,437696,82,2172
435576,437693,437696,3,2117
435576,437694,437696,2,2118
435576,437665,437696,31,2089
435576,437640,437695,55,2064
435576,437646,437696,50,2070
435576,437695,437697,2,2119
435576,437694,437696,2,2118
435576,437641,437696,55,2065
435576,437643,437697,54,2067
435576,437695,437697,2,2119
435576,437695,437698,3,2119
435576,437696,437698,2,2120
435576,437694,437697,3,2118
435576,437695,437698,3,2119
435576,437695,437698,3,2119
435576,437696,437698,2,2120
435576,437695,437697,2,2119
435576,437696,437699,3,2120
435576,437697,437699,2,2121
435576,437696,437698,2,2120
435576,437696,437699,3,2120
435576,437696,437698,2,2120
435576,437697,437700,3,2121
435576,437697,437700,3,2121
435576,437657,437700,43,2081
435576,437698,437700,2,2122
435576,437698,437699,1,2122
435442,437617,437700,83,2175
435576,437697,437700,3,2121
435576,437698,437701,3,2122
435576,437648,437701,53,2072
435576,437697,437700,3,2121
435576,437688,437700,12,2112
435576,437698,437701,3,2122
435576,437698,437702,4,2122
435576,437698,437701,3,2122
435576,437698,437704,6,2122
435442,437617,437704,87,2175
435576,437682,437705,23,2106
435576,437680,437711,31,2104
435576,437699,437711,12,2123
435576,437663,437713,50,2087
435576,437674,437715,41,2098
435576,437681,437715,34,2105
435576,437701,437715,14,2125
435576,437701,437716,15,2125
435576,437677,437716,39,2101
435576,437699,437715,16,2123
435576,437679,437717,38,2103
435576,437673,437717,44,2097
435576,437677,437718,41,2101
435576,437699,437719,20,2123
435576,437677,437720,43,2101
435576,437678,437728,50,2102
435576,437678,437739,61,2102
435576,437679,437739,60,2103
435576,437699,437740,41,2123
435576,437700,437741,41,2124
435576,437715,437741,26,2139
435576,437700,437741,41,2124
435576,437719,437741,22,2143
435576,437699,437747,48,2123
435576,437700,437749,49,2124
435576,437700,437751,51,2124
435576,437711,437754,43,2135
435576,437700,437756,56,2124
435576,437702,437758,56,2126
435576,437701,437758,57,2125
435576,437705,437760,55,2129
435576,437701,437761,60,2125
435576,437701,437765,64,2125
435576,437702,437765,63,2126
435576,437704,437765,61,2128
435576,437715,437765,50,2139
435576,437704,437767,63,2128
435576,437715,437768,53,2139
435576,437702,437769,67,2126
435576,437701,437769,68,2125
435576,437716,437770,54,2140
435576,437717,437773,56,2141
435576,437711,437774,63,2135
435576,437717,437775,58,2141
435576,437717,437776,59,2141
435576,437775,437777,2,2199
435576,437774,437777,3,2198
435576,437773,437778,5,2197
435576,437776,437778,2,2200
435576,437713,437778,65,2137
435576,437777,437779,2,2201
435576,437716,437780,64,2140
435576,437778,437780,2,2202
435576,437778,437780,2,2202
435576,437720,437781,61,2144
435576,437777,437781,4,2201
435576,437778,437781,3,2202
435576,437779,437781,2,2203
435576,437780,437782,2,2204
435576,437780,437782,2,2204
435576,437780,437783,3,2204
435576,437770,437783,13,2194
435576,437781,437784,3,2205
435576,437781,437784,3,2205
435576,437781,437784,3,2205
435576,437781,437784,3,2205
435576,437782,437784,2,2206
435576,437782,437785,3,2206
435576,437728,437785,57,2152
435576,437769,437784,15,2193
435576,437783,437786,3,2207
435576,437718,437786,68,2142
435576,437783,437786,3,2207
435576,437784,437787,3,2208
435576,437769,437787,18,2193
435576,437785,437787,2,2209
435576,437784,437788,4,2208
435576,437784,437788,4,2208
435576,437784,437788,4,2208
435576,437784,437789,5,2208
435576,437785,437788,3,2209
435576,437785,437789,4,2209
435576,437767,437794,27,2191
435576,437741,437795,54,2165
435576,437741,437799,58,2165
435576,437754,437801,47,2178
435576,437739,437802,63,2163
435753,437788,437805,17,2035
435576,437740,437807,67,2164
435576,437741,437806,65,2165
435576,437765,437809,44,2189
435576,437739,437810,71,2163
435576,437760,437813,53,2184
435576,437751,437813,62,2175
435753,437788,437814,26,2035
435576,437741,437815,74,2165
435576,437765,437816,51,2189
435576,437747,437816,69,2171
435576,437749,437812,63,2173
435576,437761,437822,61,2185
435753,437786,437825,39,2033
435576,437765,437825,60,2189
435576,437768,437825,57,2192
435753,437787,437826,39,2034
435753,437789,437827,38,2036
435753,437788,437828,40,2035
435753,437789,437830,41,2036
435576,437756,437830,74,2180
435753,437789,437832,43,2036
435576,437758,437833,75,2182
435576,437758,437834,76,2182
435753,437830,437834,4,2077
435753,437788,437835,47,2035
435753,437832,437835,3,2079
435753,437833,437835,2,2080
435753,437834,437836,2,2081
435753,437787,437836,49,2034
435753,437794,437836,42,2041
435753,437834,437836,2,2081
435753,437835,437836,1,2082
435753,437835,437837,2,2082
435753,437835,437838,3,2082
435753,437836,437838,2,2083
435753,437836,437839,3,2083
435753,437836,437839,3,2083
435753,437837,437839,2,2084
435753,437830,437838,8,2077
435753,437836,437838,2,2083
435753,437799,437840,41,2046
435753,437838,437840,2,2085
435753,437838,437840,2,2085
435753,437809,437839,30,2056
435753,437801,437841,40,2048
435753,437838,437841,3,2085
435753,437839,437841,2,2086
435753,437839,437841,2,2086
435753,437828,437842,14,2075
435753,437839,437842,3,2086
435753,437839,437842,3,2086
435753,437839,437841,2,2086
435753,437786,437842,56,2033
435753,437840,437841,1,2087
435753,437840,437843,3,2087
435753,437840,437842,2,2087
435753,437841,437843,2,2088
435753,437841,437843,2,2088
435753,437841,437842,1,2088
435753,437840,437842,2,2087
435753,437796,437843,47,2043
435753,437842,437844,2,2089
435753,437841,437844,3,2088
435576,437765,437845,80,2189
435753,437842,437845,3,2089
435753,437807,437846,39,2054
435753,437842,437847,5,2089
435753,437842,437849,7,2089
435753,437805,437851,46,2052
435753,437826,437852,26,2073
435753,437842,437853,11,2089
435753,437827,437852,25,2074
435753,437826,437854,28,2073
435753,437813,437855,42,2060
435753,437802,437855,53,2049
435753,437813,437856,43,2060
435753,437810,437857,47,2057
435753,437820,437858,38,2067
435753,437816,437859,43,2063
435753,437807,437859,52,2054
435753,437822,437858,36,2069
435753,437815,437863,48,2062
435753,437843,437864,21,2090
435753,437814,437864,50,2061
435753,437816,437865,49,2063
435753,437825,437866,41,2072
435753,437843,437871,28,2090
435753,437843,437875,32,2090
435753,437843,437878,35,2090
435753,437825,437878,53,2072
435753,437843,437882,39,2090
435753,437843,437889,46,2090
435753,437844,437890,46,2091
435753,437844,437892,48,2091
435753,437852,437892,40,2099
435753,437856,437903,47,2103
435753,437844,437903,59,2091
435753,437845,437903,58,2092
435753,437846,437905,59,2093
435753,437843,437904,61,2090
435753,437845,437906,61,2092
435753,437853,437907,54,2100
434515,436733,437908,1175,2218
435753,437860,437909,49,2107
435753,437855,437909,54,2102
435753,437849,437910,61,2096
435753,437858,437911,53,2105
435753,437864,437911,47,2111
435753,437847,437911,64,2094
435753,437854,437912,58,2101
435753,437851,437913,62,2098
435753,437853,437917,64,2100
435753,437856,437918,62,2103
435753,437871,437921,50,2118
435753,437918,437923,5,2165
435753,437866,437924,58,2113
435753,437921,437924,3,2168
435753,437859,437924,65,2106
435753,437859,437924,65,2106
435753,437917,437925,8,2164
435753,437875,437925,50,2122
435753,437923,437926,3,2170
435753,437878,437927,49,2125
435753,437857,437927,70,2104
435753,437924,437927,3,2171
435753,437914,437927,13,2161
435753,437924,437928,4,2171
435753,437925,437928,3,2172
435753,437924,437927,3,2171
435753,437864,437928,64,2111
435753,437864,437927,63,2111
435753,437925,437928,3,2172
435753,437866,437929,63,2113
435753,437924,437928,4,2171
435753,437927,437929,2,2174
435753,437927,437930,3,2174
435753,437927,437930,3,2174
435753,437926,437929,3,2173
435753,437927,437931,4,2174
435753,437928,437930,2,2175
435753,437928,437931,3,2175
435753,437928,437932,4,2175
435753,437928,437931,3,2175
435753,437928,437932,4,2175
435753,437928,437931,3,2175
435753,437930,437933,3,2177
435753,437929,437933,4,2176
435753,437929,437933,4,2176
435753,437930,437934,4,2177
435753,437931,437935,4,2178
435753,437930,437935,5,2177
435753,437931,437935,4,2178
435753,437930,437936,6,2177
435753,437932,437936,4,2179
435753,437911,437936,25,2158
435753,437878,437937,59,2125
435753,437932,437936,4,2179
435753,437931,437937,6,2178
435753,437890,437946,56,2137
435753,437912,437948,36,2159
435753,437892,437948,56,2139
435753,437889,437950,61,2136
435753,437882,437953,71,2129
435753,437893,437955,62,2140
435753,437903,437957,54,2150
435753,437911,437963,52,2158
435753,437909,437964,55,2156
435753,437911,437964,53,2158
435753,437909,437965,56,2156
435753,437903,437973,70,2150
435753,437907,437973,66,2154
435753,437910,437975,65,2157
435753,437908,437977,69,2155
435753,437906,437977,71,2153
435977,437935,437976,41,1958
435977,437933,437977,44,1956
435977,437932,437979,47,1955
435977,437937,437980,43,1960
435753,437905,437980,75,2152
435977,437936,437980,44,1959
435977,437936,437981,45,1959
435753,437903,437981,78,2150
435977,437934,437983,49,1957
435753,437905,437984,79,2152
435977,437981,437986,5,2004
435977,437935,437986,51,1958
435977,437981,437986,5,2004
435977,437983,437986,3,2006
435977,437937,437987,50,1960
435977,437984,437987,3,2007
435977,437948,437988,40,1971
435977,437986,437988,2,2009
435977,437986,437988,2,2009
435977,437986,437988,2,2009
435977,437948,437989,41,1971
435977,437934,437989,55,1957
435977,437986,437988,2,2009
435977,437987,437989,2,2010
435977,437988,437990,2,2011
435977,437946,437989,43,1969
435977,437988,437990,2,2011
435977,437988,437991,3,2011
435977,437988,437991,3,2011
435977,437989,437991,2,2012
435977,437933,437991,58,1956
435977,437989,437990,1,2012
435977,437980,437991,11,2003
435977,437937,437992,55,1960
435977,437990,437992,2,2013
435977,437937,437992,55,1960
435977,437990,437991,1,2013
435977,437989,437992,3,2012
435977,437990,437992,2,2013
435977,437990,437993,3,2013
435977,437991,437993,2,2014
435977,437989,437992,3,2012
435977,437992,437993,1,2015
435977,437991,437994,3,2014
435977,437991,437994,3,2014
435977,437991,437993,2,2014
435977,437992,437993,1,2015
435977,437991,437994,3,2014
435977,437992,437995,3,2015
435977,437992,437994,2,2015
435977,437956,437995,39,1979
435977,437992,437995,3,2015
435977,437993,437997,4,2016
435977,437936,437997,61,1959
435977,437993,437998,5,2016
435977,437957,438001,44,1980
435977,437953,438001,48,1976
435977,437950,438002,52,1973
435977,437964,438004,40,1987
435977,437980,438005,25,2003
435977,437964,438008,44,1987
435977,437993,438008,15,2016
435977,437967,438009,42,1990
435977,437963,438012,49,1986
435977,437973,438012,39,1996
435977,437977,438012,35,2000
435977,437993,438013,20,2016
435977,437977,438013,36,2000
435977,437980,438014,34,2003
435977,437979,438017,38,2002
435977,437973,438023,50,1996
435977,437975,438024,49,1998
435977,437993,438024,31,2016
435977,437994,438026,32,2017
435977,437993,438026,33,2016
435977,437994,438027,33,2017
435977,437994,438029,35,2017
435977,437977,438029,52,2000
435977,437977,438031,54,2000
435977,438001,438039,38,2024
435977,437994,438045,51,2017
435977,437996,438045,49,2019
435977,437996,438047,51,2019
435977,437995,438049,54,2018
435977,437995,438052,57,2018
435977,438006,438055,49,2029
435977,438004,438056,52,2027
435977,437995,438057,62,2018
435977,438009,438056,47,2032
435977,438001,438058,57,2024
435977,437998,438059,61,2021
435977,438008,438061,53,2031
435977,438002,438060,58,2025
435977,438013,438060,47,2036
435977,437997,438061,64,2020
435977,437997,438064,67,2020
435977,438012,438064,52,2035
435977,438012,438066,54,2035
435977,438064,438069,5,2087
435977,438066,438070,4,2089
435977,438008,438071,63,2031
435977,438012,438071,59,2035
435977,438069,438072,3,2092
435977,438070,438073,3,2093
435977,438072,438074,2,2095
435977,438071,438074,3,2094
435977,438071,438074,3,2094
435977,438073,438075,2,2096
435977,438017,438076,59,2040
435977,438064,438076,12,2087
435977,438014,438076,62,2037
435977,438074,438077,3,2097
434840,437236,438077,841,2396
435977,438013,438076,63,2036
435977,438075,438077,2,2098
435977,438074,438078,4,2097
435977,438026,438078,52,2049
435977,438075,438077,2,2098
435977,438023,438079,56,2046
435977,438076,438079,3,2099
435977,438077,438079,2,2100
435977,438076,438078,2,2099
435977,438077,438080,3,2100
435977,438077,438079,2,2100
435977,438076,438079,3,2099
435977,438077,438081,4,2100
435977,438078,438080,2,2101
435977,438078,438080,2,2101
435977,438026,438082,56,2049
435977,438078,438082,4,2101
435977,438061,438082,21,2084
435977,438079,438083,4,2102
435977,438079,438083,4,2102
435977,438079,438084,5,2102
435977,438079,438083,4,2102
435977,438061,438083,22,2084
435977,438080,438085,5,2103
435977,438081,438086,5,2104
435977,438029,438085,56,2052
435977,438082,438087,5,2105
435977,438025,438087,62,2048
435977,438080,438087,7,2103
435977,438081,438088,7,2104
435977,438081,438088,7,2104
435977,438082,438087,5,2105
435977,438024,438088,64,2047
435977,438082,438089,7,2105
435977,438047,438094,47,2070
435977,438027,438095,68,2050
435977,438061,438097,36,2084
435977,438040,438099,59,2063
435977,438029,438101,72,2052
435977,438031,438101,70,2054
435977,438045,438103,58,2068
435977,438061,438110,49,2084
435977,438045,438110,65,2068
435977,438055,438113,58,2078
435977,438059,438113,54,2082
435977,438056,438114,58,2079
435977,438057,438118,61,2080
435977,438049,438119,70,2072
435977,438052,438120,68,2075
436101,438085,438122,37,1984
436101,438086,438123,37,1985
436101,438088,438125,37,1987
435977,438057,438125,68,2080
436101,438087,438127,40,1986
436101,438083,438128,45,1982
436101,438085,438130,45,1984
435977,438058,438130,72,2081
436101,438083,438130,47,1982
436101,438130,438132,2,2029
436101,438086,438132,46,1985
436101,438130,438133,3,2029
436101,438131,438133,2,2030
436101,438132,438134,2,2031
436101,438132,438134,2,2031
436101,438128,438135,7,2027
436101,438133,438135,2,2032
436101,438084,438134,50,1983
436101,438099,438136,37,1998
436101,438134,438136,2,2033
436101,438133,438135,2,2032
436101,438134,438136,2,2033
436101,438135,438136,1,2034
436101,438097,438137,40,1996
436101,438094,438136,42,1993
436101,438089,438136,47,1988
436101,438135,438138,3,2034
436101,438084,438137,53,1983
436101,438088,438137,49,1987
436101,438135,438137,2,2034
436101,438127,438138,11,2026
436101,438136,438137,1,2035
436101,438136,438137,1,2035
436101,438137,438139,2,2036
436101,438090,438139,49,1989
436101,438137,438138,1,2036
436101,438137,438138,1,2036
436101,438137,438138,1,2036
436101,438137,438140,3,2036
436101,438138,438140,2,2037
436101,438087,438140,53,1986
436101,438137,438139,2,2036
436101,438138,438140,2,2037
436101,438138,438140,2,2037
436101,438138,438140,2,2037
436101,438088,438141,53,1987
436101,438139,438142,3,2038
436101,438139,438142,3,2038
436101,438138,438141,3,2037
436101,438138,438141,3,2037
436101,438138,438141,3,2037
436101,438139,438143,4,2038
436101,438087,438143,56,1986
436101,438139,438142,3,2038
436101,438141,438144,3,2040
436101,438139,438144,5,2038
436101,438142,438145,3,2041
436101,438143,438145,2,2042
436101,438103,438146,43,2002
436101,438101,438147,46,2000
436101,438143,438147,4,2042
436101,438101,438148,47,2000
436101,438140,438151,11,2039
436101,438096,438151,55,1995
436101,438123,438151,28,2022
436101,438140,438153,13,2039
436101,438114,438154,40,2013
436101,438123,438155,32,2022
436101,438113,438156,43,2012
436101,438110,438156,46,2009
436101,438110,438156,46,2009
436101,438126,438156,30,2025
436101,438118,438157,39,2017
436101,438125,438158,33,2024
436101,438114,438165,51,2013
436101,438140,438167,27,2039
436101,438119,438168,49,2018
436101,438140,438171,31,2039
436101,438140,438172,32,2039
436101,438120,438175,55,2019
436101,438141,438175,34,2040
436101,438144,438179,35,2043
436101,438143,438182,39,2042
434650,436942,438183,1241,2292
436101,438141,438190,49,2040
436101,438146,438193,47,2045
436101,438142,438193,51,2041
436101,438142,438194,52,2041
436101,438142,438197,55,2041
436101,438145,438198,53,2044
436101,438151,438199,48,2050
436101,438151,438199,48,2050
436101,438156,438201,45,2055
436101,438154,438201,47,2053
436101,438144,438203,59,2043
436101,438147,438203,56,2046
436101,438142,438204,62,2041
436101,438201,438204,3,2100
436101,438147,438203,56,2046
436101,438201,438205,4,2100
436101,438148,438205,57,2047
436101,438199,438205,6,2098
436101,438153,438205,52,2052
436101,438204,438206,2,2103
436101,438203,438207,4,2102
436101,438203,438207,4,2102
436101,438204,438208,4,2103
436101,438205,438208,3,2104
436101,438151,438208,57,2050
436101,438155,438208,53,2054
436101,438207,438209,2,2106
436101,438205,438208,3,2104
436101,438204,438208,4,2103
436101,438205,438208,3,2104
436101,438205,438208,3,2104
436101,438208,438210,2,2107
436101,438207,438210,3,2106
436101,438208,438210,2,2107
436101,438207,438210,3,2106
436101,438209,438211,2,2108
436101,438156,438210,54,2055
436101,438199,438210,11,2098
436101,438208,438211,3,2107
436101,438208,438211,3,2107
436101,438156,438211,55,2055
436101,438157,438211,54,2056
436101,438209,438213,4,2108
436101,438209,438213,4,2108
436101,438145,438213,68,2044
436101,438210,438213,3,2109
436101,438158,438213,55,2057
436101,438209,438213,4,2108
436101,438211,438213,2,2110
436101,438210,438214,4,2109
436101,438209,438213,4,2108
436101,438210,438215,5,2109
436101,438210,438214,4,2109
436101,438156,438216,60,2055
436101,438211,438215,4,2110
436275,438214,438215,1,1939
436275,438214,438217,3,1939
436101,438211,438217,6,2110
436101,438213,438218,5,2112
436101,438212,438218,6,2111
436101,438211,438218,7,2110
436101,438211,438218,7,2110
436101,438211,438217,6,2110
436101,438213,438219,6,2112
436275,438218,438220,2,1943
436101,438213,438222,9,2112
436275,438218,438224,6,1943
436275,438218,438224,6,1943
436101,438198,438224,26,2097
436101,438182,438225,43,2081
436101,438165,438229,64,2064
436101,438175,438230,55,2074
436101,438183,438230,47,2082
436101,438171,438233,62,2070
436101,438179,438235,56,2078
436101,438167,438235,68,2066
436101,438172,438239,67,2071
436101,438168,438242,74,2067
436101,438193,438244,51,2092
436275,438213,438245,32,1938
436101,438194,438245,51,2093
436101,438175,438246,71,2074
436275,438213,438247,34,1938
436275,438213,438251,38,1938
436275,438216,438254,38,1941
436275,438230,438255,25,1955
436101,438190,438255,65,2089
436101,438197,438257,60,2096
436275,438216,438258,42,1941
436275,438218,438259,41,1943
436101,438193,438258,65,2092
436275,438255,438259,4,1980
436275,438257,438260,3,1982
436275,438258,438260,2,1983
436275,438224,438261,37,1949
436275,438255,438260,5,1980
436275,438259,438260,1,1984
436275,438260,438262,2,1985
436275,438259,438262,3,1984
436275,438225,438261,36,1950
436275,438259,438262,3,1984
436275,438219,438262,43,1944
436275,438261,438263,2,1986
436275,438260,438262,2,1985
436275,438262,438263,1,1987
436275,438261,438263,2,1986
436275,438262,438263,1,1987
436275,438262,438264,2,1987
436275,438220,438264,44,1945
436275,438217,438265,48,1942
436275,438262,438265,3,1987
436275,438216,438265,49,1941
436275,438263,438265,2,1988
436275,438262,438264,2,1987
436275,438217,438266,49,1942
436275,438263,438266,3,1988
436275,438264,438266,2,1989
436275,438224,438266,42,1949
436275,438254,438267,13,1979
436275,438262,438266,4,1987
436275,438263,438267,4,1988
436275,438216,438266,50,1941
436275,438264,438266,2,1989
436275,438264,438266,2,1989
436275,438264,438269,5,1989
436275,438265,438268,3,1990
436275,438229,438270,41,1954
436275,438265,438271,6,1990
436275,438222,438271,49,1947
436275,438265,438271,6,1990
436275,438224,438272,48,1949
436275,438235,438273,38,1960
436275,438218,438275,57,1943
436275,438215,438275,60,1940
436275,438265,438276,11,1990
436275,438233,438276,43,1958
436275,438251,438277,26,1976
436275,438230,438280,50,1955
436275,438247,438283,36,1972
436275,438265,438286,21,1990
436275,438245,438288,43,1970
436275,438239,438291,52,1964
436275,438235,438293,58,1960
436275,438244,438294,50,1969
436275,438266,438294,28,1991
436275,438242,438294,52,1967
436275,438294,438297,3,2019
436275,438266,438299,33,1991
436275,438297,438299,2,2022
436275,438267,438299,32,1992
436275,438246,438300,54,1971
436275,438245,438301,56,1970
436275,438266,438308,42,1991
436275,438267,438314,47,1992
436275,438266,438318,52,1991
436275,438267,438318,51,1992
436275,438267,438319,52,1992
436275,438272,438321,49,1997
436275,438270,438321,51,1995
436275,438273,438323,50,1998
436275,438271,438324,53,1996
436275,438267,438324,57,1992
436275,438277,438325,48,2002
436275,438267,438325,58,1992
436275,438276,438325,49,2001
436275,438277,438327,50,2002
436275,438275,438327,52,2000
436275,438271,438327,56,1996
436275,438283,438327,44,2008
436275,438326,438328,2,2051
436275,438327,438329,2,2052
436275,438325,438329,4,2050
436275,438328,438329,1,2053
436275,438327,438330,3,2052
436275,438328,438330,2,2053
436275,438269,438330,61,1994
436275,438329,438331,2,2054
436275,438299,438330,31,2024
436275,438329,438331,2,2054
436275,438329,438330,1,2054
436275,438329,438332,3,2054
434973,437480,438332,852,2507
436275,438330,438332,2,2055
436275,438330,438333,3,2055
436275,438330,438333,3,2055
436275,438325,438333,8,2050
436275,438331,438332,1,2056
436275,438331,438333,2,2056
436275,438332,438333,1,2057
436275,438332,438334,2,2057
436275,438331,438333,2,2056
436275,438332,438335,3,2057
436275,438333,438335,2,2058
436275,438333,438335,2,2058
436275,438332,438335,3,2057
436275,438333,438335,2,2058
436275,438333,438335,2,2058
436275,438272,438335,63,1997
436275,438333,438335,2,2058
436275,438333,438336,3,2058
436275,438334,438336,2,2059
436275,438334,438337,3,2059
436275,438335,438337,2,2060
436275,438275,438336,61,2000
436275,438335,438338,3,2060
436275,438270,438338,68,1995
436275,438335,438338,3,2060
436275,438336,438338,2,2061
436275,438335,438337,2,2060
436275,438335,438339,4,2060
436275,438335,438338,3,2060
436275,438335,438339,4,2060
436275,438336,438340,4,2061
436275,438299,438340,41,2024
436275,438288,438340,52,2013
436275,438337,438339,2,2062
436275,438336,438339,3,2061
436275,438337,438340,3,2062
436275,438324,438341,17,2049
436275,438294,438340,46,2019
436275,438338,438342,4,2063
436275,438338,438342,4,2063
436275,438338,438343,5,2063
436275,438314,438344,30,2039
436275,438286,438343,57,2011
436275,438323,438345,22,2048
434692,437087,438345,1258,2395
436275,438280,438348,68,2005
436275,438293,438348,55,2018
436275,438294,438349,55,2019
436275,438324,438354,30,2049
436275,438301,438355,54,2026
436275,438299,438356,57,2024
436275,438291,438357,66,2016
436275,438308,438359,51,2033
436275,438322,438364,42,2047
436275,438321,438367,46,2046
436275,438300,438369,69,2025
436275,438318,438374,56,2043
436326,438338,438377,39,2012
436326,438339,438379,40,2013
436326,438338,438380,42,2012
436326,438340,438381,41,2014
436275,438319,438382,63,2044
436326,438340,438383,43,2014
436326,438344,438384,40,2018
436326,438344,438384,40,2018
436326,438345,438384,39,2019
436326,438342,438384,42,2016
436326,438384,438386,2,2058
436326,438383,438386,3,2057
436326,438384,438386,2,2058
436326,438384,438386,2,2058
436326,438339,438387,48,2013
436275,438318,438387,69,2043
436326,438348,438387,39,2022
436326,438340,438387,47,2014
436326,438386,438387,1,2060
436326,438386,438387,1,2060
436326,438385,438387,2,2059
436326,438386,438387,1,2060
436326,438386,438389,3,2060
436326,438387,438389,2,2061
436326,438341,438389,48,2015
436326,438345,438389,44,2019
436326,438388,438390,2,2062
436326,438388,438390,2,2062
436326,438339,438390,51,2013
436326,438387,438390,3,2061
436326,438388,438389,1,2062
436326,438387,438389,2,2061
436326,438389,438391,2,2063
436326,438389,438390,1,2063
436326,438389,438391,2,2063
436326,438389,438391,2,2063
436326,438389,438392,3,2063
436326,438390,438392,2,2064
436326,438389,438392,3,2063
436326,438349,438392,43,2023
436326,438390,438392,2,2064
436326,438390,438391,1,2064
436326,438390,438393,3,2064
436326,438391,438393,2,2065
436326,438390,438393,3,2064
436326,438391,438393,2,2065
436326,438342,438393,51,2016
436326,438391,438393,2,2065
436326,438341,438393,52,2015
436326,438391,438393,2,2065
436326,438343,438395,52,2017
436326,438391,438395,4,2065
436326,438383,438395,12,2057
436326,438340,438395,55,2014
436326,438342,438395,53,2016
436326,438392,438397,5,2066
436326,438340,438397,57,2014
436326,438348,438399,51,2022
436326,438356,438400,44,2030
436326,438392,438401,9,2066
436326,438354,438402,48,2028
436326,438381,438402,21,2055
436326,438359,438403,44,2033
436326,438367,438407,40,2041
436326,438364,438407,43,2038
436326,438392,438408,16,2066
436326,438357,438408,51,2031
436326,438377,438410,33,2051
436326,438379,438412,33,2053
436326,438355,438413,58,2029
436326,438380,438413,33,2054
436326,438375,438418,43,2049
436326,438369,438423,54,2043
436326,438392,438424,32,2066
436326,438392,438426,34,2066
436326,438393,438431,38,2067
436326,438393,438434,41,2067
436326,438393,438437,44,2067
436326,438394,438439,45,2068
436326,438394,438444,50,2068
436326,438394,438445,51,2068
436326,438397,438448,51,2071
436326,438393,438448,55,2067
436326,438394,438450,56,2068
436326,438400,438452,52,2074
436326,438401,438453,52,2075
436326,438394,438454,60,2068
436326,438407,438455,48,2081
436326,438395,438455,60,2069
436326,438395,438455,60,2069
436326,438402,438455,53,2076
436326,438397,438455,58,2071
436326,438407,438455,48,2081
436326,438403,438457,54,2077
436326,438456,438458,2,2130
436326,438396,438458,62,2070
436326,438455,438458,3,2129
436326,438455,438459,4,2129
436326,438455,438459,4,2129
436326,438455,438459,4,2129
436326,438402,438459,57,2076
436326,438457,438459,2,2131
436326,438396,438459,63,2070
436326,438455,438460,5,2129
436326,438395,438460,65,2069
436326,438458,438460,2,2132
436326,438458,438460,2,2132
436326,438399,438460,61,2073
436326,438459,438462,3,2133
436326,438458,438461,3,2132
436326,438459,438462,3,2133
436326,438459,438461,2,2133
436326,438459,438462,3,2133
436326,438460,438462,2,2134
436326,438460,438462,2,2134
436326,438460,438463,3,2134
436326,438460,438463,3,2134
436326,438460,438462,2,2134
436326,438460,438464,4,2134
436326,438460,438463,3,2134
436326,438410,438464,54,2084
436326,438452,438465,13,2126
436326,438454,438465,11,2128
436326,438462,438465,3,2136
436326,438462,438466,4,2136
436326,438462,438466,4,2136
436326,438462,438465,3,2136
436326,438462,438466,4,2136
436326,438462,438465,3,2136
436326,438408,438467,59,2082
436326,438412,438466,54,2086
436326,438453,438466,13,2127
436326,438463,438466,3,2137
436326,438463,438467,4,2137
436326,438413,438469,56,2087
436326,438463,438469,6,2137
436326,438463,438468,5,2137
436326,438408,438470,62,2082
436326,438464,438470,6,2138
436326,438465,438470,5,2139
436326,438466,438470,4,2140
436326,438464,438472,8,2138
436326,438465,438472,7,2139
436326,438465,438471,6,2139
436326,438466,438473,7,2140
436326,438466,438473,7,2140
436326,438465,438474,9,2139
436326,438466,438474,8,2140
436326,438413,438478,65,2087
436326,438418,438479,61,2092
436326,438426,438481,55,2100
436326,438431,438486,55,2105
436326,438423,438488,65,2097
436326,438424,438489,65,2098
436326,438434,438490,56,2108
436326,438439,438496,57,2113
436326,438437,438499,62,2111
436326,438450,438500,50,2124
436326,438444,438502,58,2118
436440,438467,438505,38,2027
436440,438467,438506,39,2027
436326,438448,438506,58,2122
436440,438467,438507,40,2027
436326,438445,438510,65,2119
436326,438448,438511,63,2122
436440,438470,438511,41,2030
436440,438469,438511,42,2029
436440,438473,438511,38,2033
436440,438481,438514,33,2041
436440,438473,438514,41,2033
436440,438511,438514,3,2071
436440,438471,438514,43,2031
436440,438514,438516,2,2074
436440,438514,438516,2,2074
436440,438470,438516,46,2030
436440,438511,438517,6,2071
436440,438514,438517,3,2074
436440,438480,438517,37,2040
436440,438469,438516,47,2029
436440,438467,438517,50,2027
436440,438472,438517,45,2032
436440,438515,438517,2,2075
436440,438516,438517,1,2076
436440,438516,438517,1,2076
436440,438517,438519,2,2077
436440,438516,438519,3,2076
436440,438470,438519,49,2030
436440,438517,438518,1,2077
436440,438472,438520,48,2032
436440,438517,438520,3,2077
436440,438517,438520,3,2077
436440,438517,438519,2,2077
436440,438519,438521,2,2079
436440,438487,438520,33,2047
436440,438519,438520,1,2079
436440,438518,438520,2,2078
436440,438518,438520,2,2078
436440,438518,438520,2,2078
436440,438519,438521,2,2079
436440,438520,438522,2,2080
436440,438519,438522,3,2079
436440,438520,438521,1,2080
436440,438520,438523,3,2080
436440,438474,438523,49,2034
436440,438521,438523,2,2081
436440,438520,438523,3,2080
436440,438521,438522,1,2081
436440,438520,438522,2,2080
436440,438478,438523,45,2038
436440,438521,438524,3,2081
436440,438521,438523,2,2081
436440,438472,438525,53,2032
436440,438469,438525,56,2029
436440,438521,438524,3,2081
436440,438521,438524,3,2081
436440,438474,438526,52,2034
436440,438469,438527,58,2029
436440,438521,438528,7,2081
436440,438511,438531,20,2071
436440,438500,438533,33,2060
436440,438522,438535,13,2082
436440,438490,438536,46,2050
436440,438499,438537,38,2059
436440,438489,438538,49,2049
436440,438496,438538,42,2056
436440,438505,438543,38,2065
436440,438506,438543,37,2066
436440,438502,438544,42,2062
436440,438506,438545,39,2066
436440,438488,438547,59,2048
436440,438511,438548,37,2071
436440,438507,438551,44,2067
436440,438522,438550,28,2082
436440,438522,438551,29,2082
436440,438510,438552,42,2070
436440,438524,438557,33,2084
436440,438526,438563,37,2086
436440,438523,438564,41,2083
436440,438523,438566,43,2083
436440,438523,438568,45,2083
436440,438525,438570,45,2085
436440,438525,438571,46,2085
436440,438523,438572,49,2083
436440,438523,438574,51,2083
436440,438524,438574,50,2084
436440,438525,438576,51,2085
436440,438531,438582,51,2091
436440,438528,438582,54,2088
436440,438552,438582,30,2112
436440,438527,438583,56,2087
435576,437786,438583,797,2210
436440,438523,438584,61,2083
436440,438523,438584,61,2083
436440,438525,438584,59,2085
436440,438574,438586,12,2134
436440,438535,438588,53,2095
436440,438536,438588,52,2096
436440,438584,438588,4,2144
436440,438583,438588,5,2143
436440,438586,438589,3,2146
436440,438585,438589,4,2145
436440,438588,438590,2,2148
436440,438537,438590,53,2097
436440,438576,438591,15,2136
436440,438588,438590,2,2148
436440,438589,438591,2,2149
436440,438584,438591,7,2144
436440,438538,438592,54,2098
436440,438588,438592,4,2148
436440,438583,438592,9,2143
436440,438589,438591,2,2149
436440,438591,438593,2,2151
436440,438589,438593,4,2149
436440,438591,438593,2,2151
436440,438590,438593,3,2150
436440,438590,438593,3,2150
436440,438543,438594,51,2103
436440,438591,438594,3,2151
436440,438591,438593,2,2151
436440,438592,438594,2,2152
436440,438592,438595,3,2152
436440,438592,438595,3,2152
436440,438593,438595,2,2153
436440,438592,438595,3,2152
436440,438544,438594,50,2104
436440,438583,438595,12,2143
436440,438593,438595,2,2153
436440,438593,438597,4,2153
436440,438593,438597,4,2153
436440,438595,438597,2,2155
436440,438545,438597,52,2105
436440,438594,438596,2,2154
436440,438533,438597,64,2093
436440,438595,438597,2,2155
436440,438594,438597,3,2154
436440,438594,438597,3,2154
436908,438597,438599,2,1689
436440,438595,438598,3,2155
436908,438597,438599,2,1689
436908,438597,438598,1,1689
436440,438594,438599,5,2154
436908,438597,438599,2,1689
436440,438596,438599,3,2156
436908,438597,438599,2,1689
436440,438595,438600,5,2155
436440,438582,438600,18,2142
436908,438598,438600,2,1690
436440,438596,438601,5,2156
436440,438596,438601,5,2156
436440,438596,438600,4,2156
436440,438597,438601,4,2157
436440,438543,438602,59,2103
436440,438538,438602,64,2098
436440,438597,438603,6,2157
436440,438551,438604,53,2111
436908,438603,438606,3,1695
436908,438604,438605,1,1696
436440,438551,438607,56,2111
436440,438582,438608,26,2142
436908,438606,438609,3,1698
436908,438599,438609,10,1691
436440,438548,438610,62,2108
436908,438608,438609,1,1700
436908,438608,438610,2,1700
436440,438557,438612,55,2117
436908,438607,438611,4,1699
436440,438547,438612,65,2107
436440,438574,438615,41,2134
436440,438566,438616,50,2126
436440,438572,438617,45,2132
436440,438552,438617,65,2112
436908,438617,438619,2,1709
436908,438617,438619,2,1709
436440,438571,438621,50,2131
436908,438619,438620,1,1711
436908,438619,438622,3,1711
436908,438599,438624,25,1691
436440,438570,438626,56,2130
436440,438568,438628,60,2128
436908,438602,438628,26,1694
436908,438600,438629,29,1692
436908,438628,438630,2,1720
436908,438599,438630,31,1691
436440,438564,438632,68,2124
436440,438563,438632,69,2123
436908,438599,438632,33,1691
436908,438630,438632,2,1722
436908,438599,438634,35,1691
436908,438632,438633,1,1724
436908,438632,438635,3,1724
436908,438599,438636,37,1691
436908,438632,438636,4,1724
436908,438600,438638,38,1692
436908,438599,438638,39,1691
436908,438636,438639,3,1728
436908,438638,438640,2,1730
436908,438601,438641,40,1693
436908,438621,438642,21,1713
436908,438601,438644,43,1693
436908,438642,438643,1,1734
436908,438600,438645,45,1692
436908,438644,438645,1,1736
436908,438641,438647,6,1733
436908,438645,438647,2,1737
436908,438612,438648,36,1704
436908,438621,438649,28,1713
436908,438629,438649,20,1721
436908,438651,438652,1,1743
436908,438601,438652,51,1693
436908,438610,438653,43,1702
436908,438652,438654,2,1744
436908,438616,438654,38,1708
436908,438653,438655,2,1745
436908,438624,438655,31,1716
436908,438654,438656,2,1746
436908,438612,438656,44,1704
436908,438600,438656,56,1692
436908,438622,438657,35,1714
436908,438654,438657,3,1746
436908,438655,438657,2,1747
436908,438609,438659,50,1701
436908,438603,438660,57,1695
436908,438609,438661,52,1701
436908,438610,438662,52,1702
436908,438601,438664,63,1693
436908,438636,438665,29,1728
436908,438635,438666,31,1727
436908,438626,438669,43,1718
436908,438644,438671,27,1736
436908,438633,438671,38,1725
436908,438671,438673,2,1763
436908,438634,438673,39,1726
436908,438615,438674,59,1707
436908,438628,438674,46,1720
436908,438673,438676,3,1765
436908,438673,438676,3,1765
436908,438674,438677,3,1766
436908,438631,438677,46,1723
436908,438612,438677,65,1704
436908,438676,438679,3,1768
436908,438676,438679,3,1768
436908,438677,438681,4,1769
436908,438679,438682,3,1771
436908,438680,438682,2,1772
436908,438635,438683,48,1727
436908,438681,438684,3,1773
436908,438655,438687,32,1747
436908,438611,438689,78,1703
436908,438640,438694,54,1732
436908,438639,438700,61,1731
436908,438700,438703,3,1792
436908,438703,438706,3,1795
436908,438647,438706,59,1739
436908,438639,438707,68,1731
436908,438648,438706,58,1740
436908,438706,438707,1,1798
436908,438707,438709,2,1799
436908,438647,438710,63,1739
436908,438709,438711,2,1801
436908,438710,438712,2,1802
436908,438647,438713,66,1739
436908,438711,438713,2,1803
436908,438713,438715,2,1805
436908,438713,438716,3,1805
436908,438716,438718,2,1808
436908,438656,438720,64,1748
436908,438718,438720,2,1810
436908,438656,438722,66,1748
436908,438657,438723,66,1749
436908,438649,438723,74,1741
436908,438723,438725,2,1815
436908,438723,438725,2,1815
436908,438725,438726,1,1817
436908,438725,438726,1,1817
436908,438671,438729,58,1763
436908,438727,438729,2,1819
436908,438662,438729,67,1754
436908,438728,438729,1,1820
436908,438660,438729,69,1752
436908,438729,438731,2,1821
436908,438729,438731,2,1821
436908,438729,438731,2,1821
436908,438729,438730,1,1821
436908,438730,438732,2,1822
436908,438731,438733,2,1823
436908,438656,438733,77,1748
436908,438731,438732,1,1823
436908,438731,438732,1,1823
436908,438652,438734,82,1744
436908,438731,438733,2,1823
436908,438732,438734,2,1824
436908,438733,438735,2,1825
436908,438734,438735,1,1826
436908,438734,438736,2,1826
436908,438734,438735,1,1826
436908,438734,438737,3,1826
436908,438733,438737,4,1825
436908,438666,438737,71,1758
436908,438658,438741,83,1750
436908,438657,438743,86,1749
436908,438665,438744,79,1757
436908,438677,438744,67,1769
436908,438712,438744,32,1804
436908,438677,438748,71,1769
436908,438664,438751,87,1756
436908,438660,438752,92,1752
436908,438661,438756,95,1753
436908,438687,438756,69,1779
436908,438674,438757,83,1766
437014,438735,438759,24,1721
436908,438682,438759,77,1774
436908,438689,438762,73,1781
436908,438669,438763,94,1761
436908,438683,438764,81,1775
436908,438682,438769,87,1774
436908,438694,438772,78,1786
436908,438684,438772,88,1776
437014,438735,438775,40,1721
437014,438736,438776,40,1722
437014,438736,438778,42,1722
436908,438708,438779,71,1800
436908,438707,438781,74,1799
437014,438738,438781,43,1724
437014,438741,438782,41,1727
436908,438722,438786,64,1814
436908,438715,438788,73,1807
437014,438744,438788,44,1730
436908,438720,438789,69,1812
437014,438744,438789,45,1730
437014,438751,438791,40,1737
437014,438737,438791,54,1723
436908,438706,438791,85,1798
437014,438789,438792,3,1775
437014,438789,438792,3,1775
437014,438791,438793,2,1777
437014,438791,438793,2,1777
437014,438788,438794,6,1774
437014,438792,438793,1,1778
437014,438791,438794,3,1777
437014,438759,438794,35,1745
437014,438792,438793,1,1778
437014,438737,438795,58,1723
437014,438744,438796,52,1730
437014,438793,438796,3,1779
437014,438794,438796,2,1780
437014,438794,438796,2,1780
437014,438794,438795,1,1780
437014,438794,438796,2,1780
437014,438794,438796,2,1780
437014,438794,438797,3,1780
437014,438795,438798,3,1781
437014,438796,438798,2,1782
437014,438796,438798,2,1782
437014,438796,438798,2,1782
437014,438796,438797,1,1782
437014,438796,438798,2,1782
437014,438796,438799,3,1782
437014,438796,438798,2,1782
437014,438798,438800,2,1784
437014,438797,438800,3,1783
437014,438760,438800,40,1746
437014,438775,438800,25,1761
437014,438798,438800,2,1784
437014,438798,438800,2,1784
437014,438798,438801,3,1784
437014,438798,438800,2,1784
437014,438799,438802,3,1785
437014,438799,438802,3,1785
437014,438799,438801,2,1785
437014,438800,438803,3,1786
437014,438763,438804,41,1749
437014,438743,438804,61,1729
437014,438769,438805,36,1755
437014,438762,438805,43,1748
437014,438772,438806,34,1758
437014,438756,438807,51,1742
437014,438752,438807,55,1738
437014,438764,438809,45,1750
437014,438800,438809,9,1786
437014,438788,438810,22,1774
437014,438748,438810,62,1734
437014,438786,438811,25,1772
436908,438720,438811,91,1812
437014,438778,438811,33,1764
437014,438800,438816,16,1786
437014,438757,438817,60,1743
437014,438781,438817,36,1767
437014,438800,438818,18,1786
437014,438779,438820,41,1765
437014,438756,438821,65,1742
437014,438782,438821,39,1768
437014,438781,438821,40,1767
437014,438772,438822,50,1758
437014,438800,438823,23,1786
437014,438776,438826,50,1762
437014,438802,438834,32,1788
437014,438806,438836,30,1792
437014,438800,438836,36,1786
437014,438803,438853,50,1789
437014,438801,438854,53,1787
437014,438801,438854,53,1787
437014,438816,438856,40,1802
437014,438803,438861,58,1789
437014,438804,438861,57,1790
437014,438802,438863,61,1788
437014,438807,438868,61,1793
437014,438811,438870,59,1797
437014,438821,438871,50,1807
437014,438805,438872,67,1791
437014,438812,438872,60,1798
437014,438804,438874,70,1790
437014,438805,438875,70,1791
437014,438809,438878,69,1795
437014,438810,438877,67,1796
437014,438817,438879,62,1803
437014,438823,438880,57,1809
437014,438807,438881,74,1793
437014,438809,438881,72,1795
437014,438810,438882,72,1796
437014,438820,438882,62,1806
437014,438822,438884,62,1808
437014,438811,438886,75,1797
437014,438821,438886,65,1807
437014,438819,438887,68,1805
437014,438817,438889,72,1803
437014,438826,438890,64,1812
437014,438890,438894,4,1876
437014,438836,438895,59,1822
437014,438894,438896,2,1880
437014,438822,438897,75,1808
437014,438836,438897,61,1822
437014,438896,438898,2,1882
437014,438896,438898,2,1882
437014,438897,438899,2,1883
437014,438897,438900,3,1883
437014,438898,438900,2,1884
437014,438899,438902,3,1885
437014,438899,438902,3,1885
437014,438889,438903,14,1875
437014,438900,438903,3,1886
437014,438884,438902,18,1870
437014,438900,438902,2,1886
437014,438902,438904,2,1888
437014,438834,438905,71,1820
437014,438902,438904,2,1888
437014,438903,438906,3,1889
437014,438904,438906,2,1890
437014,438903,438906,3,1889
437014,438904,438906,2,1890
437014,438903,438906,3,1889
437014,438905,438907,2,1891
437014,438906,438908,2,1892
437014,438905,438908,3,1891
437014,438906,438909,3,1892
437014,438856,438909,53,1842
437014,438907,438909,2,1893
437014,438906,438910,4,1892
437014,438907,438910,3,1893
437174,438909,438911,2,1735
437014,438908,438910,2,1894
437174,438909,438910,1,1735
437174,438910,438911,1,1736
437174,438911,438913,2,1737
437014,438854,438913,59,1840
437174,438910,438913,3,1736
437174,438910,438913,3,1736
437014,438854,438913,59,1840
437174,438913,438914,1,1739
437174,438911,438913,2,1737
437174,438913,438914,1,1739
437174,438913,438914,1,1739
437174,438913,438915,2,1739
437174,438914,438916,2,1740
437174,438914,438915,1,1740
437014,438871,438917,46,1857
437174,438915,438917,2,1741
437014,438887,438917,30,1873
437174,438914,438916,2,1740
437174,438916,438917,1,1742
437174,438916,438918,2,1742
437174,438917,438919,2,1743
437174,438916,438918,2,1742
437014,438878,438920,42,1864
437174,438918,438920,2,1744
437014,438861,438920,59,1847
437174,438919,438920,1,1745
437014,438854,438923,69,1840
437174,438922,438923,1,1748
437014,438881,438925,44,1867
437174,438922,438924,2,1748
437174,438924,438926,2,1750
437174,438923,438927,4,1749
437174,438926,438927,1,1752
437014,438869,438929,60,1855
437174,438908,438929,21,1734
437174,438929,438930,1,1755
437014,438863,438931,68,1849
437174,438927,438931,4,1753
437174,438930,438932,2,1756
437174,438930,438932,2,1756
437174,438929,438932,3,1755
437014,438870,438932,62,1856
437174,438931,438933,2,1757
437174,438931,438933,2,1757
437174,438932,438934,2,1758
437174,438932,438934,2,1758
437174,438932,438934,2,1758
437174,438932,438934,2,1758
437014,438882,438935,53,1868
437014,438861,438934,73,1847
437174,438933,438935,2,1759
437014,438873,438934,61,1859
437174,438934,438936,2,1760
437014,438877,438936,59,1863
437174,438934,438936,2,1760
437174,438934,438935,1,1760
437174,438934,438937,3,1760
437174,438935,438937,2,1761
437174,438934,438936,2,1760
437174,438935,438938,3,1761
437174,438936,438938,2,1762
437174,438936,438938,2,1762
437174,438936,438937,1,1762
437174,438936,438937,1,1762
437174,438937,438939,2,1763
437174,438937,438939,2,1763
437174,438936,438938,2,1762
437174,438936,438940,4,1762
437174,438938,438940,2,1764
437014,438886,438941,55,1872
437174,438939,438940,1,1765
437174,438939,438942,3,1765
437174,438938,438942,4,1764
437174,438941,438943,2,1767
437174,438913,438943,30,1739
437174,438911,438942,31,1737
437014,438879,438944,65,1865
437174,438942,438944,2,1768
437174,438942,438944,2,1768
437174,438944,438945,1,1770
437174,438943,438945,2,1769
437174,438941,438945,4,1767
437174,438944,438946,2,1770
437174,438944,438945,1,1770
437174,438945,438946,1,1771
437174,438944,438946,2,1770
437174,438945,438948,3,1771
437014,438879,438948,69,1865
437174,438940,438950,10,1766
437174,438914,438950,36,1740
437014,438872,438952,80,1858
437014,438874,438952,78,1860
435442,437638,438954,1316,2196
437174,438952,438955,3,1778
437174,438950,438955,5,1776
437174,438952,438955,3,1778
437174,438925,438955,30,1751
437014,438881,438956,75,1867
437174,438954,438957,3,1780
437174,438955,438957,2,1781
437174,438917,438956,39,1743
437174,438955,438956,1,1781
437174,438956,438958,2,1782
437174,438955,438958,3,1781
437174,438957,438958,1,1783
437174,438957,438958,1,1783
437174,438917,438960,43,1743
437014,438886,438960,74,1872
437014,438881,438960,79,1867
437174,438958,438961,3,1784
437174,438950,438962,12,1776
437174,438958,438961,3,1784
437174,438961,438963,2,1787
437174,438937,438962,25,1763
437174,438960,438963,3,1786
437174,438917,438965,48,1743
437174,438938,438965,27,1764
437174,438917,438965,48,1743
437174,438963,438964,1,1789
437174,438963,438966,3,1789
437014,438882,438966,84,1868
437174,438920,438967,47,1746
437174,438965,438967,2,1791
437174,438925,438968,43,1751
437174,438966,438967,1,1792
437174,438966,438968,2,1792
437174,438966,438968,2,1792
437174,438968,438970,2,1794
437174,438968,438971,3,1794
437174,438968,438971,3,1794
437174,438970,438971,1,1796
437174,438938,438973,35,1764
437174,438971,438972,1,1797
437174,438972,438974,2,1798
437174,438973,438975,2,1799
437174,438971,438975,4,1797
437174,438919,438975,56,1745
437174,438920,438975,55,1746
437174,438974,438976,2,1800
437174,438973,438976,3,1799
437174,438938,438977,39,1764
437174,438975,438976,1,1801
437174,438976,438978,2,1802
437174,438975,438978,3,1801
437174,438976,438977,1,1802
437174,438975,438979,4,1801
437174,438977,438979,2,1803
437174,438977,438979,2,1803
437174,438968,438980,12,1794
437174,438976,438979,3,1802
437174,438978,438980,2,1804
437174,438978,438981,3,1804
437174,438979,438981,2,1805
437174,438978,438981,3,1804
437174,438980,438982,2,1806
437174,438979,438982,3,1805
437174,438979,438982,3,1805
437174,438980,438982,2,1806
437235,438981,438983,2,1746
437235,438982,438984,2,1747
437174,438948,438984,36,1774
437174,438981,438984,3,1807
437174,438980,438984,4,1806
437235,438982,438984,2,1747
437235,438984,438986,2,1749
437235,438984,438990,6,1749
437235,438986,438993,7,1751
437235,438990,438993,3,1755
437235,438993,438995,2,1758
437174,438940,438996,56,1766
437174,438963,438996,33,1789
437174,438943,438998,55,1769
437174,438967,439001,34,1793
437235,438982,439002,20,1747
437174,438939,439003,64,1765
437174,438948,439011,63,1774
437174,438946,439012,66,1772
437174,438946,439014,68,1772
437174,438945,439018,73,1771
437174,438957,439024,67,1783
437235,438984,439024,40,1749
437174,438960,439026,66,1786
437174,438946,439027,81,1772
437174,438955,439027,72,1781
437235,438983,439028,45,1748
437174,438959,439028,69,1785
437174,438947,439028,81,1773
437174,438962,439030,68,1788
437235,439014,439030,16,1779
437174,438961,439033,72,1787
437235,438984,439034,50,1749
437174,438967,439034,67,1793
437174,438957,439035,78,1783
437174,438960,439035,75,1786
437235,439034,439036,2,1799
437235,439034,439036,2,1799
437235,439030,439037,7,1795
437174,438965,439037,72,1791
437235,439035,439037,2,1800
437235,439033,439037,4,1798
437235,439035,439037,2,1800
437174,438962,439037,75,1788
437235,438983,439037,54,1748
437235,439036,439037,1,1801
437235,438984,439037,53,1749
437235,439036,439037,1,1801
437235,439001,439039,38,1766
437235,439037,439039,2,1802
437235,438996,439039,43,1761
437235,439037,439039,2,1802
437235,439037,439038,1,1802
437235,439037,439040,3,1802
437174,438965,439040,75,1791
437235,439037,439039,2,1802
437235,439038,439040,2,1803
437235,438998,439039,41,1763
437235,439038,439041,3,1803
437235,439011,439041,30,1776
437235,439038,439041,3,1803
437235,439040,439041,1,1805
437235,439018,439041,23,1783
437235,439038,439042,4,1803
437235,439039,439042,3,1804
437235,439040,439042,2,1805
437235,439039,439041,2,1804
437235,439038,439041,3,1803
437235,439039,439041,2,1804
437235,439041,439042,1,1806
437235,439040,439043,3,1805
437235,439040,439043,3,1805
437235,439039,439042,3,1804
437235,439041,439042,1,1806
437235,439002,439044,42,1767
437235,439040,439043,3,1805
437235,439041,439044,3,1806
437235,439041,439044,3,1806
437235,439041,439044,3,1806
437235,439041,439048,7,1806
437235,439004,439050,46,1769
437235,438993,439050,57,1758
437235,438997,439053,56,1762
437235,439012,439055,43,1777
437235,438995,439057,62,1760
437235,439028,439058,30,1793
437235,439042,439059,17,1807
437235,439028,439061,33,1793
437235,439030,439063,33,1795
437235,439026,439063,37,1791
437235,439024,439066,42,1789
437235,439025,439069,44,1790
437235,439042,439077,35,1807
437235,439042,439077,35,1807
437235,439027,439080,53,1792
437235,439028,439081,53,1793
437235,439044,439086,42,1809
437235,439042,439085,43,1807
437235,439027,439087,60,1792
437235,439042,439090,48,1807
437235,439042,439094,52,1807
437235,439055,439099,44,1820
437235,439042,439101,59,1807
437235,439045,439100,55,1810
437235,439043,439102,59,1808
437235,439044,439105,61,1809
437235,439050,439105,55,1815
437235,439044,439105,61,1809
437235,439043,439108,65,1808
437235,439045,439109,64,1810
437235,439048,439111,63,1813
437235,439043,439112,69,1808
437235,439058,439113,55,1823
437235,439051,439114,63,1816
437235,439043,439114,71,1808
437235,439057,439122,65,1822
435754,437932,439122,1190,2178
437235,439069,439123,54,1834
437235,439066,439125,59,1831
437235,439063,439127,64,1828
437235,439063,439128,65,1828
437235,439061,439130,69,1826
437235,439053,439130,77,1818
437235,439059,439132,73,1824
437235,439078,439142,64,1843
437235,439077,439145,68,1842
437235,439105,439148,43,1870
437235,439081,439147,66,1846
437235,439090,439150,60,1855
437235,439086,439150,64,1851
437235,439106,439153,47,1871
437235,439081,439157,76,1846
437235,439087,439157,70,1852
437235,439086,439159,73,1851
437235,439153,439159,6,1918
437235,439102,439160,58,1867
437235,439103,439160,57,1868
437235,439157,439161,4,1922
437235,439157,439161,4,1922
437235,439160,439162,2,1925
437235,439159,439162,3,1924
437235,439159,439162,3,1924
437235,439160,439162,2,1925
437235,439161,439164,3,1926
437235,439161,439164,3,1926
437235,439162,439164,2,1927
437235,439162,439164,2,1927
437235,439099,439165,66,1864
437235,439101,439165,64,1866
437235,439162,439165,3,1927
437235,439162,439165,3,1927
437235,439164,439166,2,1929
437235,439164,439166,2,1929
437235,439164,439167,3,1929
437235,439164,439166,2,1929
437235,439165,439167,2,1930
437235,439165,439167,2,1930
437235,439094,439167,73,1859
437235,439166,439168,2,1931
437235,439165,439169,4,1930
437235,439167,439169,2,1932
437235,439166,439169,3,1931
437235,439166,439169,3,1931
437235,439167,439170,3,1932
437235,439113,439171,58,1878
437235,439150,439171,21,1915
437235,439105,439172,67,1870
437235,439133,439177,44,1898
437235,439109,439179,70,1874
437235,439114,439180,66,1879
437235,439150,439184,34,1915
437235,439123,439185,62,1888
437235,439112,439185,73,1877
437235,439111,439187,76,1876
437235,439108,439188,80,1873
437235,439122,439192,70,1887
437235,439114,439192,78,1879
437235,439148,439196,48,1913
437235,439128,439198,70,1893
437235,439125,439198,73,1890
437235,439127,439200,73,1892
437344,439167,439201,34,1823
437235,439122,439202,80,1887
437235,439149,439203,54,1914
437235,439142,439208,66,1907
437235,439130,439210,80,1895
437235,439130,439211,81,1895
437344,439169,439211,42,1825
437344,439171,439211,40,1827
437344,439171,439217,46,1827
437344,439167,439218,51,1823
437344,439169,439218,49,1825
437344,439185,439221,36,1841
437344,439218,439222,4,1874
437344,439187,439223,36,1843
437344,439180,439223,43,1836
437344,439221,439224,3,1877
437344,439222,439225,3,1878
437344,439170,439225,55,1826
437344,439169,439225,56,1825
437344,439223,439226,3,1879
437344,439169,439226,57,1825
437344,439223,439226,3,1879
437344,439224,439226,2,1880
437344,439225,439226,1,1881
437344,439198,439226,28,1854
437344,439225,439228,3,1881
437344,439225,439228,3,1881
437344,439169,439227,58,1825
437344,439226,439227,1,1882
437344,439226,439229,3,1882
437344,439226,439228,2,1882
437344,439226,439228,2,1882
437344,439185,439229,44,1841
437344,439199,439228,29,1855
437344,439227,439229,2,1883
437344,439200,439229,29,1856
437344,439201,439229,28,1857
437235,439145,439230,85,1910
437344,439228,439229,1,1884
437344,439228,439230,2,1884
437344,439192,439229,37,1848
437344,439185,439231,46,1841
437344,439229,439231,2,1885
437344,439229,439231,2,1885
437344,439229,439231,2,1885
437344,439229,439231,2,1885
437344,439228,439230,2,1884
437344,439229,439231,2,1885
437344,439228,439230,2,1884
437344,439228,439230,2,1884
437344,439229,439232,3,1885
437344,439229,439232,3,1885
437344,439229,439231,2,1885
437344,439230,439232,2,1886
437344,439230,439232,2,1886
437344,439172,439232,60,1828
437344,439230,439232,2,1886
437344,439178,439234,56,1834
437344,439231,439234,3,1887
437344,439230,439234,4,1886
437344,439196,439235,39,1852
437344,439231,439234,3,1887
437344,439192,439235,43,1848
437344,439218,439236,18,1874
437344,439231,439236,5,1887
437344,439188,439238,50,1844
437344,439211,439240,29,1867
437344,439179,439241,62,1835
437344,439211,439241,30,1867
437344,439231,439243,12,1887
437344,439217,439245,28,1873
437344,439202,439251,49,1858
437344,439203,439254,51,1859
437344,439208,439255,47,1864
437344,439211,439255,44,1867
437344,439210,439256,46,1866
437344,439231,439259,28,1887
437344,439231,439261,30,1887
437344,439231,439264,33,1887
435978,438082,439267,1185,2104
437344,439231,439274,43,1887
437344,439232,439277,45,1888
437344,439236,439278,42,1892
437344,439232,439281,49,1888
437344,439232,439283,51,1888
437344,439232,439283,51,1888
437344,439234,439284,50,1890
437344,439232,439286,54,1888
437344,439232,439287,55,1888
437344,439233,439289,56,1889
437344,439234,439291,57,1890
437344,439240,439291,51,1896
437344,439233,439292,59,1889
437344,439241,439295,54,1897
437344,439245,439296,51,1901
437344,439235,439296,61,1891
437344,439243,439299,56,1899
437344,439235,439299,64,1891
437344,439235,439301,66,1891
437344,439241,439302,61,1897
437344,439234,439303,69,1890
437344,439238,439304,66,1894
437344,439255,439304,49,1911
437344,439236,439308,72,1892
437344,439251,439311,60,1907
437344,439311,439315,4,1967
437344,439308,439315,7,1964
437344,439256,439316,60,1912
437344,439304,439317,13,1960
437344,439254,439317,63,1910
437344,439256,439318,62,1912
437344,439264,439318,54,1920
437344,439315,439319,4,1971
437344,439315,439318,3,1971
437344,439317,439320,3,1973
437344,439317,439320,3,1973
437344,439317,439319,2,1973
437344,439318,439321,3,1974
437344,439318,439320,2,1974
437344,439319,439322,3,1975
437344,439319,439322,3,1975
437344,439261,439323,62,1917
437344,439320,439323,3,1976
437344,439259,439323,64,1915
437344,439320,439323,3,1976
437344,439320,439323,3,1976
437344,439321,439324,3,1977
437344,439321,439324,3,1977
437344,439322,439325,3,1978
437344,439322,439325,3,1978
437344,439323,439326,3,1979
437344,439323,439325,2,1979
437344,439324,439326,2,1980
437344,439323,439326,3,1979
437344,439323,439327,4,1979
437344,439323,439327,4,1979
437344,439324,439327,3,1980
437344,439325,439329,4,1981
437344,439277,439329,52,1933
437344,439304,439329,25,1960
437344,439325,439329,4,1981
437344,439326,439329,3,1982
437344,439326,439330,4,1982
437344,439326,439330,4,1982
437344,439326,439330,4,1982
437344,439327,439333,6,1983
437344,439281,439333,52,1937
437344,439267,439332,65,1923
437344,439278,439335,57,1934
437344,439303,439341,38,1959
437344,439275,439342,67,1931
437344,439284,439342,58,1940
437344,439289,439343,54,1945
437344,439295,439347,52,1951
437344,439287,439349,62,1943
437344,439283,439350,67,1939
437344,439283,439350,67,1939
437344,439299,439351,52,1955
437344,439291,439352,61,1947
437344,439286,439355,69,1942
437344,439296,439356,60,1952
437344,439292,439362,70,1948
437416,439329,439362,33,1913
437344,439291,439363,72,1947
437416,439351,439364,13,1935
437344,439299,439365,66,1955
437416,439330,439366,36,1914
437344,439301,439370,69,1957
437416,439329,439373,44,1913
437344,439297,439373,76,1953
437416,439335,439374,39,1919
437416,439352,439374,22,1936
437416,439333,439375,42,1917
437416,439329,439376,47,1913
437416,439327,439376,49,1911
437344,439302,439376,74,1958
437416,439376,439378,2,1960
437416,439331,439378,47,1915
437416,439376,439379,3,1960
437416,439375,439379,4,1959
437416,439376,439380,4,1960
437416,439331,439380,49,1915
437416,439342,439380,38,1926
437416,439379,439381,2,1963
437416,439333,439380,47,1917
437416,439378,439381,3,1962
437416,439379,439381,2,1963
437416,439333,439381,48,1917
437416,439355,439382,27,1939
437416,439379,439381,2,1963
437416,439381,439382,1,1965
437416,439350,439383,33,1934
437416,439380,439382,2,1964
437416,439329,439382,53,1913
437416,439380,439382,2,1964
437416,439381,439383,2,1965
437416,439381,439382,1,1965
437416,439343,439383,40,1927
437416,439381,439384,3,1965
437416,439374,439383,9,1958
437416,439382,439384,2,1966
437416,439381,439384,3,1965
437416,439381,439383,2,1965
437416,439383,439385,2,1967
437416,439382,439384,2,1966
437416,439383,439385,2,1967
437416,439384,439385,1,1968
437416,439382,439384,2,1966
437416,439384,439386,2,1968
437416,439383,439386,3,1967
437416,439329,439386,57,1913
437416,439384,439386,2,1968
437416,439383,439385,2,1967
437416,439350,439387,37,1934
437416,439384,439387,3,1968
437416,439383,439386,3,1967
437416,439383,439386,3,1967
437416,439356,439386,30,1940
437416,439384,439386,2,1968
437416,439384,439388,4,1968
437416,439385,439388,3,1969
437416,439374,439390,16,1958
437416,439342,439390,48,1926
437416,439385,439390,5,1969
437416,439347,439391,44,1931
437416,439341,439392,51,1925
437416,439385,439394,9,1969
437416,439349,439395,46,1933
437416,439363,439396,33,1947
437416,439385,439399,14,1969
437416,439373,439403,30,1957
437416,439366,439404,38,1950
437416,439373,439406,33,1957
437416,439362,439406,44,1946
437416,439364,439408,44,1948
437416,439365,439408,43,1949
437416,439370,439417,47,1954
437416,439385,439417,32,1969
437416,439386,439418,32,1970
437416,439366,439420,54,1950
436101,438213,439420,1207,2112
437416,439387,439422,35,1971
437416,439388,439431,43,1972
437416,439386,439432,46,1970
437416,439387,439434,47,1971
437416,439386,439436,50,1970
437416,439387,439437,50,1971
437416,439387,439438,51,1971
437416,439387,439440,53,1971
437416,439390,439441,51,1974
437416,439386,439444,58,1970
437416,439387,439446,59,1971
437416,439394,439446,52,1978
437416,439391,439445,54,1975
437416,439386,439447,61,1970
437416,439392,439448,56,1976
437416,439396,439448,52,1980
437416,439388,439449,61,1972
437416,439406,439450,44,1990
437416,439399,439452,53,1983
437416,439404,439452,48,1988
437416,439390,439454,64,1974
437416,439390,439456,66,1974
437416,439395,439459,64,1979
437416,439408,439460,52,1992
437416,439448,439460,12,2032
437416,439460,439462,2,2044
437416,439406,439462,56,1990
437416,439460,439463,3,2044
437416,439456,439463,7,2040
437416,439459,439463,4,2043
437416,439455,439463,8,2039
437416,439403,439464,61,1987
437416,439462,439465,3,2046
437416,439463,439465,2,2047
437416,439462,439465,3,2046
437416,439463,439466,3,2047
437416,439408,439466,58,1992
437416,439463,439466,3,2047
437416,439464,439467,3,2048
437416,439465,439467,2,2049
437416,439463,439466,3,2047
437416,439465,439467,2,2049
437416,439465,439468,3,2049
437416,439466,439470,4,2050
437416,439466,439470,4,2050
437416,439467,439470,3,2051
437416,439467,439470,3,2051
437416,439467,439470,3,2051
437416,439468,439470,2,2052
437416,439418,439471,53,2002
437416,439467,439471,4,2051
437416,439468,439472,4,2052
437416,439470,439473,3,2054
437416,439470,439473,3,2054
437416,439470,439474,4,2054
437416,439470,439474,4,2054
437416,439453,439473,20,2037
437416,439470,439474,4,2054
437416,439470,439473,3,2054
437416,439472,439475,3,2056
437416,439472,439476,4,2056
437416,439473,439476,3,2057
437416,439472,439476,4,2056
437416,439474,439478,4,2058
437416,439417,439479,62,2001
437416,439418,439480,62,2002
437416,439420,439480,60,2004
437416,439474,439480,6,2058
437416,439448,439480,32,2032
437416,439422,439481,59,2006
437416,439434,439484,50,2018
437416,439452,439487,35,2036
437416,439450,439489,39,2034
437416,439431,439489,58,2015
437416,439420,439493,73,2004
436441,438597,439496,899,2156
437416,439447,439498,51,2031
437416,439432,439499,67,2016
437416,439438,439499,61,2022
437416,439441,439502,61,2025
437416,439437,439505,68,2021
437416,439449,439506,57,2033
437416,439446,439508,62,2030
437416,439446,439510,64,2030
437416,439444,439511,67,2028
437530,439476,439512,36,1946
437416,439436,439512,76,2020
437530,439474,439514,40,1944
437416,439440,439515,75,2024
437530,439474,439521,47,1944
437530,439476,439521,45,1946
437530,439478,439521,43,1948
437416,439446,439522,76,2030
437530,439499,439523,24,1969
437530,439523,439525,2,1993
436276,438338,439525,1187,2062
437530,439479,439525,46,1949
437530,439476,439526,50,1946
437530,439522,439526,4,1992
437530,439525,439527,2,1995
437530,439480,439526,46,1950
437530,439525,439528,3,1995
437530,439525,439528,3,1995
437530,439474,439528,54,1944
437530,439526,439529,3,1996
437530,439496,439529,33,1966
437530,439527,439528,1,1997
437530,439526,439528,2,1996
437530,439481,439528,47,1951
437530,439522,439528,6,1992
437530,439527,439530,3,1997
437530,439528,439531,3,1998
437530,439494,439531,37,1964
437530,439528,439530,2,1998
437530,439529,439531,2,1999
437530,439490,439531,41,1960
437530,439528,439530,2,1998
437530,439529,439531,2,1999
437530,439499,439532,33,1969
437530,439529,439532,3,1999
437530,439529,439531,2,1999
437530,439487,439532,45,1957
437530,439531,439533,2,2001
437530,439530,439533,3,2000
437530,439531,439533,2,2001
437530,439530,439532,2,2000
437530,439530,439532,2,2000
437530,439531,439533,2,2001
437530,439531,439533,2,2001
437530,439531,439534,3,2001
437530,439531,439534,3,2001
437530,439532,439534,2,2002
437530,439532,439534,2,2002
437530,439532,439535,3,2002
437530,439531,439534,3,2001
437530,439485,439534,49,1955
437530,439532,439534,2,2002
437530,439533,439535,2,2003
437530,439502,439536,34,1972
437530,439521,439536,15,1991
437530,439533,439538,5,2003
437530,439480,439539,59,1950
437530,439476,439539,63,1946
437530,439521,439539,18,1991
437530,439483,439540,57,1953
437530,439490,439541,51,1960
437530,439498,439540,42,1968
437530,439533,439541,8,2003
437530,439480,439545,65,1950
437530,439515,439548,33,1985
437530,439533,439549,16,2003
437530,439512,439549,37,1982
437530,439508,439549,41,1978
437530,439505,439548,43,1975
437530,439514,439550,36,1984
437530,439506,439550,44,1976
437530,439533,439552,19,2003
437530,439511,439552,41,1981
437530,439510,439563,53,1980
437530,439535,439565,30,2005
437530,439539,439565,26,2009
437530,439512,439567,55,1982
437530,439533,439570,37,2003
437530,439538,439573,35,2008
437530,439542,439573,31,2012
437530,439535,439578,43,2005
437530,439534,439580,46,2004
437530,439535,439582,47,2005
437530,439536,439583,47,2006
437530,439535,439584,49,2005
437530,439534,439585,51,2004
437530,439534,439586,52,2004
437530,439534,439587,53,2004
437530,439536,439587,51,2006
437530,439535,439589,54,2005
437530,439535,439589,54,2005
437530,439541,439595,54,2011
437530,439539,439597,58,2009
437530,439541,439600,59,2011
437530,439539,439601,62,2009
437530,439552,439603,51,2022
437530,439550,439605,55,2020
437530,439550,439605,55,2020
437530,439549,439607,58,2019
437530,439540,439608,68,2010
437530,439549,439608,59,2019
437530,439548,439609,61,2018
437530,439545,439610,65,2015
437530,439552,439615,63,2022
437530,439551,439618,67,2021
437530,439610,439618,8,2080
437530,439609,439619,10,2079
437530,439550,439620,70,2020
437530,439615,439620,5,2085
437530,439587,439621,34,2057
437530,439619,439621,2,2089
437530,439618,439621,3,2088
437530,439618,439621,3,2088
437530,439621,439623,2,2091
437530,439621,439623,2,2091
437530,439620,439623,3,2090
437530,439620,439624,4,2090
437530,439621,439625,4,2091
437530,439623,439625,2,2093
437530,439623,439625,2,2093
437530,439621,439624,3,2091
437530,439623,439626,3,2093
437530,439565,439627,62,2035
437530,439625,439627,2,2095
437530,439624,439627,3,2094
437530,439625,439627,2,2095
437530,439625,439628,3,2095
437530,439578,439628,50,2048
437530,439565,439628,63,2035
437530,439625,439629,4,2095
437530,439626,439629,3,2096
437530,439627,439629,2,2097
437530,439627,439630,3,2097
437530,439627,439631,4,2097
437530,439628,439631,3,2098
437530,439627,439631,4,2097
437530,439628,439631,3,2098
437530,439563,439632,69,2033
437530,439629,439633,4,2099
437530,439629,439633,4,2099
437530,439582,439633,51,2052
437530,439567,439632,65,2037
437530,439573,439634,61,2043
437530,439628,439634,6,2098
437530,439573,439636,63,2043
437530,439607,439635,28,2077
436909,438734,439636,902,1825
437530,439584,439637,53,2054
437530,439584,439637,53,2054
437530,439610,439646,36,2080
437530,439570,439646,76,2040
437530,439605,439648,43,2075
437530,439580,439647,67,2050
437530,439585,439654,69,2055
437530,439589,439656,67,2059
437530,439595,439656,61,2065
437530,439586,439659,73,2056
437530,439605,439662,57,2075
437530,439589,439663,74,2059
437530,439608,439663,55,2078
437530,439597,439665,68,2067
436326,438467,439666,1199,2141
437530,439587,439667,80,2057
437530,439603,439669,66,2073
437908,439637,439671,34,1729
437908,439648,439672,24,1740
437530,439600,439675,75,2070
437908,439631,439675,44,1723
437908,439630,439676,46,1722
437908,439633,439677,44,1725
437908,439631,439677,46,1723
437530,439601,439677,76,2071
437908,439636,439679,43,1728
437908,439677,439679,2,1769
437908,439677,439680,3,1769
437908,439636,439680,44,1728
437908,439631,439681,50,1723
437908,439637,439681,44,1729
437908,439679,439681,2,1771
437908,439677,439680,3,1769
437908,439680,439682,2,1772
437908,439632,439682,50,1724
437908,439656,439681,25,1748
437908,439680,439681,1,1772
437908,439680,439682,2,1772
437908,439681,439682,1,1773
437908,439681,439682,1,1773
437908,439681,439684,3,1773
437908,439636,439684,48,1728
437908,439681,439683,2,1773
437908,439682,439684,2,1774
437908,439682,439684,2,1774
437908,439682,439683,1,1774
437908,439633,439685,52,1725
437908,439683,439685,2,1775
437908,439683,439685,2,1775
437908,439654,439685,31,1746
437908,439631,439685,54,1723
437908,439633,439684,51,1725
437908,439677,439684,7,1769
437908,439682,439684,2,1774
437908,439647,439686,39,1739
437908,439683,439685,2,1775
437908,439684,439686,2,1776
437908,439684,439686,2,1776
437908,439684,439686,2,1776
437908,439685,439687,2,1777
437908,439684,439687,3,1776
437908,439685,439687,2,1777
437908,439684,439686,2,1776
437908,439684,439686,2,1776
437908,439685,439687,2,1777
437908,439648,439688,40,1740
437908,439685,439689,4,1777
437908,439662,439689,27,1754
437908,439676,439688,12,1768
437908,439685,439688,3,1777
437908,439686,439690,4,1778
437908,439657,439690,33,1749
437908,439686,439690,4,1778
437908,439634,439690,56,1726
437908,439633,439691,58,1725
437908,439686,439693,7,1778
437908,439634,439693,59,1726
437908,439646,439696,50,1738
437908,439672,439697,25,1764
437908,439660,439699,39,1752
437908,439686,439700,14,1778
437908,439675,439702,27,1767
437908,439671,439703,32,1763
437908,439663,439707,44,1755
437908,439663,439708,45,1755
437908,439686,439711,25,1778
437908,439666,439712,46,1758
437908,439686,439712,26,1778
437908,439669,439713,44,1761
437908,439667,439713,46,1759
437908,439665,439716,51,1757
437908,439687,439723,36,1779
437908,439686,439725,39,1778
437908,439687,439725,38,1779
437908,439687,439730,43,1779
437908,439689,439738,49,1781
437908,439689,439739,50,1781
437908,439687,439740,53,1779
437908,439693,439742,49,1785
437908,439690,439743,53,1782
437908,439690,439743,53,1782
437908,439687,439743,56,1779
437908,439687,439743,56,1779
437908,439688,439744,56,1780
437908,439690,439743,53,1782
437908,439690,439746,56,1782
437014,438908,439746,838,1894
437908,439691,439746,55,1783
437908,439687,439748,61,1779
437908,439697,439749,52,1789
437908,439693,439751,58,1785
437908,439691,439752,61,1783
437908,439749,439752,3,1841
437908,439689,439754,65,1781
437908,439751,439754,3,1843
437908,439703,439755,52,1795
437908,439752,439755,3,1844
437908,439752,439755,3,1844
437908,439696,439755,59,1788
437908,439748,439755,7,1840
437908,439746,439756,10,1838
437908,439754,439757,3,1846
437908,439755,439757,2,1847
437908,439755,439757,2,1847
437908,439755,439757,2,1847
437908,439746,439758,12,1838
437908,439755,439758,3,1847
437908,439755,439758,3,1847
437908,439755,439758,3,1847
437908,439756,439759,3,1848
437908,439700,439759,59,1792
437908,439757,439759,2,1849
437908,439757,439760,3,1849
437908,439699,439759,60,1791
437908,439757,439760,3,1849
437908,439757,439760,3,1849
437908,439758,439760,2,1850
437908,439758,439761,3,1850
437908,439758,439762,4,1850
437908,439759,439762,3,1851
437908,439759,439762,3,1851
437908,439759,439762,3,1851
437908,439759,439762,3,1851
437908,439760,439763,3,1852
437908,439760,439764,4,1852
437908,439702,439763,61,1794
437908,439760,439764,4,1852
437908,439761,439765,4,1853
437908,439761,439765,4,1853
437908,439762,439766,4,1854
437908,439707,439766,59,1799
437908,439762,439766,4,1854
437908,439746,439767,21,1838
437908,439762,439767,5,1854
437908,439762,439767,5,1854
437908,439763,439766,3,1855
437908,439709,439768,59,1801
437908,439762,439768,6,1854
438077,439766,439768,2,1689
437908,439762,439767,5,1854
438077,439765,439769,4,1688
438077,439768,439769,1,1691
438077,439767,439769,2,1690
437908,439711,439770,59,1803
438077,439766,439769,3,1689
438077,439768,439770,2,1691
437908,439712,439770,58,1804
438077,439770,439772,2,1693
437908,439764,439771,7,1856
438077,439770,439772,2,1693
438077,439770,439772,2,1693
438077,439769,439772,3,1692
438077,439768,439773,5,1691
438077,439772,439773,1,1695
438077,439772,439775,3,1695
438077,439773,439775,2,1696
437908,439712,439775,63,1804
438077,439774,439776,2,1697
438077,439772,439777,5,1695
438077,439775,439777,2,1698
437908,439713,439778,65,1805
437908,439713,439778,65,1805
438077,439775,439778,3,1698
437908,439724,439779,55,1816
438077,439779,439781,2,1702
437908,439716,439782,66,1808
437908,439745,439781,36,1837
438077,439781,439782,1,1704
437908,439725,439784,59,1817
438077,439782,439785,3,1705
438077,439782,439785,3,1705
438077,439784,439786,2,1707
438077,439779,439786,7,1702
437908,439730,439786,56,1822
438077,439783,439786,3,1706
438077,439785,439787,2,1708
438077,439785,439788,3,1708
438077,439786,439788,2,1709
438077,439765,439788,23,1688
438077,439786,439787,1,1709
438077,439786,439787,1,1709
438077,439787,439789,2,1710
438077,439787,439789,2,1710
438077,439789,439790,1,1712
438077,439788,439790,2,1711
438077,439789,439790,1,1712
438077,439788,439791,3,1711
438077,439788,439791,3,1711
438077,439789,439790,1,1712
438077,439789,439791,2,1712
438077,439790,439793,3,1713
438077,439791,439793,2,1714
438077,439790,439794,4,1713
438077,439772,439794,22,1695
438077,439791,439795,4,1714
438077,439791,439795,4,1714
437908,439738,439794,56,1830
438077,439793,439794,1,1716
438077,439791,439795,4,1714
437908,439742,439796,54,1834
437908,439725,439795,70,1817
438077,439793,439796,3,1716
438077,439794,439796,2,1717
437908,439744,439797,53,1836
438077,439772,439797,25,1695
438077,439795,439797,2,1718
438077,439791,439796,5,1714
438077,439796,439798,2,1719
437908,439739,439798,59,1831
438077,439795,439797,2,1718
438077,439796,439798,2,1719
438077,439796,439799,3,1719
438077,439769,439799,30,1692
438077,439775,439799,24,1698
438077,439797,439799,2,1720
438077,439799,439801,2,1722
438077,439796,439801,5,1719
437908,439743,439802,59,1835
438077,439800,439803,3,1723
438077,439777,439803,26,1700
438077,439801,439802,1,1724
438077,439799,439804,5,1722
438077,439802,439803,1,1725
438077,439766,439804,38,1689
438077,439765,439805,40,1688
438077,439803,439805,2,1726
437908,439744,439805,61,1836
438077,439770,439807,37,1693
438077,439805,439807,2,1728
437908,439740,439807,67,1832
438077,439806,439808,2,1729
438077,439807,439809,2,1730
437908,439743,439809,66,1835
438077,439768,439811,43,1691
438077,439769,439811,42,1692
437908,439745,439812,67,1837
438077,439768,439814,46,1691
438077,439778,439815,37,1701
438077,439814,439816,2,1737
438077,439776,439817,41,1699
438077,439815,439817,2,1738
438077,439794,439821,27,1717
438077,439767,439822,55,1690
438077,439778,439823,45,1701
438077,439777,439823,46,1700
438077,439795,439823,28,1718
438077,439823,439825,2,1746
438077,439823,439826,3,1746
438077,439823,439826,3,1746
438077,439825,439827,2,1748
438077,439767,439827,60,1690
438077,439826,439828,2,1749
438077,439826,439828,2,1749
438077,439822,439829,7,1745
438077,439827,439829,2,1750
438077,439828,439830,2,1751
438077,439829,439831,2,1752
438077,439828,439831,3,1751
438077,439827,439831,4,1750
438077,439817,439832,15,1740
438077,439829,439831,2,1752
438077,439831,439833,2,1754
438077,439831,439833,2,1754
438077,439831,439833,2,1754
438077,439832,439834,2,1755
438077,439821,439834,13,1744
438077,439831,439835,4,1754
438077,439795,439835,40,1718
438077,439833,439835,2,1756
438077,439832,439835,3,1755
438077,439833,439836,3,1756
438077,439834,439836,2,1757
438077,439833,439836,3,1756
438077,439835,439837,2,1758
438077,439835,439837,2,1758
438077,439834,439837,3,1757
438077,439835,439837,2,1758
438077,439835,439838,3,1758
438077,439836,439838,2,1759
438077,439807,439837,30,1730
438077,439800,439838,38,1723
438077,439836,439838,2,1759
438077,439836,439839,3,1759
438077,439837,439839,2,1760
438077,439837,439839,2,1760
438077,439837,439838,1,1760
438077,439838,439840,2,1761
438077,439838,439841,3,1761
438077,439838,439841,3,1761
438077,439838,439841,3,1761
438077,439838,439840,2,1761
438077,439839,439841,2,1762
438077,439839,439842,3,1762
438077,439798,439842,44,1721
438077,439839,439842,3,1762
438183,439841,439843,2,1658
438077,439839,439842,3,1762
438077,439839,439843,4,1762
438077,439796,439844,48,1719
437174,438981,439845,864,1807
438183,439841,439845,4,1658
438077,439797,439846,49,1720
438183,439843,439846,3,1660
438183,439843,439845,2,1660
438077,439798,439847,49,1721
438077,439798,439848,50,1721
438077,439805,439848,43,1728
438077,439817,439850,33,1740
438183,439848,439850,2,1665
438077,439801,439850,49,1724
438183,439848,439850,2,1665
438077,439813,439851,38,1736
438183,439850,439852,2,1667
438183,439850,439852,2,1667
438183,439843,439853,10,1660
438183,439852,439853,1,1669
438183,439847,439855,8,1664
438183,439851,439855,4,1668
438183,439850,439855,5,1667
438077,439804,439855,51,1727
438077,439797,439857,60,1720
438077,439799,439857,58,1722
438183,439854,439857,3,1671
438077,439803,439857,54,1726
438183,439855,439857,2,1672
438077,439816,439857,41,1739
438077,439804,439858,54,1727
438183,439841,439859,18,1658
438183,439856,439859,3,1673
438183,439858,439860,2,1675
438183,439857,439861,4,1674
438077,439798,439861,63,1721
438183,439859,439862,3,1676
438183,439860,439862,2,1677
438183,439857,439863,6,1674
438077,439812,439863,51,1735
438183,439860,439862,2,1677
438183,439861,439863,2,1678
438183,439861,439863,2,1678
438077,439809,439864,55,1732
438183,439862,439864,2,1679
438183,439862,439864,2,1679
438183,439863,439865,2,1680
438077,439811,439864,53,1734
438077,439803,439864,61,1726
438183,439863,439865,2,1680
438183,439863,439866,3,1680
438183,439863,439866,3,1680
438183,439863,439865,2,1680
438183,439865,439867,2,1682
438183,439857,439867,10,1674
438183,439864,439866,2,1681
438183,439864,439866,2,1681
438183,439865,439868,3,1682
438183,439865,439868,3,1682
438183,439865,439868,3,1682
438183,439866,439868,2,1683
438183,439866,439868,2,1683
438183,439865,439868,3,1682
438183,439867,439869,2,1684
438183,439867,439869,2,1684
438183,439866,439869,3,1683
438183,439867,439870,3,1684
438183,439867,439870,3,1684
438183,439869,439871,2,1686
438077,439809,439870,61,1732
438183,439868,439870,2,1685
438183,439868,439872,4,1685
438183,439870,439872,2,1687
438077,439808,439872,64,1731
438077,439804,439872,68,1727
438183,439871,439873,2,1688
438183,439871,439873,2,1688
438183,439871,439873,2,1688
438077,439807,439874,67,1730
438183,439872,439874,2,1689
438183,439868,439875,7,1685
438183,439872,439875,3,1689
438183,439855,439876,21,1672
438183,439874,439876,2,1691
438183,439873,439877,4,1690
438183,439857,439879,22,1674
438183,439879,439881,2,1696
438183,439852,439881,29,1669
438183,439846,439882,36,1663
438183,439842,439881,39,1659
438183,439881,439882,1,1698
438183,439857,439883,26,1674
438183,439841,439882,41,1658
438183,439882,439883,1,1699
438183,439868,439884,16,1685
438183,439881,439883,2,1698
438183,439883,439885,2,1700
438183,439846,439884,38,1663
438183,439845,439886,41,1662
438183,439844,439887,43,1661
438183,439884,439886,2,1701
438183,439851,439887,36,1668
438183,439883,439886,3,1700
438183,439884,439886,2,1701
438183,439869,439894,25,1686
438183,439841,439895,54,1658
438183,439857,439895,38,1674
438183,439843,439896,53,1660
438183,439846,439896,50,1663
438183,439877,439897,20,1694
438183,439896,439899,3,1713
438183,439897,439900,3,1714
438183,439869,439901,32,1686
438183,439844,439901,57,1661
438183,439869,439902,33,1686
438183,439845,439902,57,1662
438183,439900,439903,3,1717
438183,439854,439904,50,1671
438183,439857,439904,47,1674
438183,439901,439903,2,1718
438183,439899,439904,5,1716
438183,439901,439904,3,1718
438183,439902,439904,2,1719
438183,439902,439905,3,1719
438183,439904,439906,2,1721
438183,439903,439906,3,1720
438183,439904,439907,3,1721
438183,439904,439908,4,1721
438183,439904,439908,4,1721
438183,439904,439908,4,1721
438183,439905,439908,3,1722
438183,439905,439908,3,1722
438183,439906,439908,2,1723
438183,439906,439910,4,1723
438183,439908,439910,2,1725
438183,439908,439910,2,1725
438183,439908,439911,3,1725
438183,439908,439911,3,1725
438183,439908,439911,3,1725
438183,439910,439912,2,1727
438183,439907,439911,4,1724
438183,439908,439911,3,1725
438183,439911,439913,2,1728
438183,439910,439912,2,1727
438183,439912,439914,2,1729
438183,439910,439914,4,1727
438183,439911,439914,3,1728
438183,439911,439915,4,1728
438183,439912,439915,3,1729
438183,439914,439916,2,1731
438183,439883,439916,33,1700
438183,439914,439916,2,1731
438183,439912,439917,5,1729
438183,439914,439916,2,1731
438183,439914,439917,3,1731
438183,439913,439917,4,1730
438183,439916,439918,2,1733
438183,439873,439917,44,1690
438183,439915,439919,4,1732
438183,439915,439918,3,1732
438333,439919,439921,2,1586
438183,439916,439923,7,1733
438183,439873,439923,50,1690
438183,439896,439923,27,1713
438333,439921,439923,2,1588
438183,439876,439926,50,1693
438183,439872,439927,55,1689
438183,439874,439928,54,1691
438183,439871,439928,57,1688
438183,439871,439929,58,1688
438333,439917,439930,13,1584
438183,439887,439930,43,1704
438183,439874,439931,57,1691
438183,439882,439931,49,1699
438333,439917,439932,15,1584
438183,439875,439933,58,1692
438333,439918,439934,16,1585
438183,439876,439936,60,1693
438183,439882,439937,55,1699
438183,439885,439937,52,1702
438183,439875,439938,63,1692
438183,439887,439939,52,1704
438183,439895,439940,45,1712
438183,439886,439940,54,1703
438333,439923,439944,21,1590
438333,439917,439945,28,1584
438183,439885,439945,60,1702
438183,439888,439946,58,1705
438333,439937,439947,10,1604
438333,439937,439948,11,1604
438183,439887,439950,63,1704
438333,439917,439950,33,1584
438183,439895,439951,56,1712
438333,439919,439953,34,1586
438183,439894,439954,60,1711
438183,439887,439957,70,1704
438333,439934,439957,23,1601
438333,439923,439958,35,1590
438333,439919,439959,40,1586
438333,439927,439960,33,1594
438333,439936,439961,25,1603
438333,439929,439964,35,1596
438333,439938,439964,26,1605
438333,439927,439963,36,1594
437236,439167,439964,797,1931
438333,439944,439965,21,1611
438333,439933,439966,33,1600
438333,439932,439968,36,1599
438333,439930,439969,39,1597
438333,439930,439971,41,1597
438333,439928,439972,44,1595
438333,439939,439972,33,1606
438333,439923,439972,49,1590
438333,439940,439975,35,1607
438333,439968,439976,8,1635
438333,439930,439977,47,1597
438333,439940,439978,38,1607
438333,439961,439978,17,1628
438333,439923,439979,56,1590
438333,439958,439981,23,1625
438333,439957,439981,24,1624
438333,439954,439983,29,1621
438333,439962,439983,21,1629
438333,439945,439985,40,1612
438333,439931,439985,54,1598
438333,439966,439985,19,1633
438333,439945,439987,42,1612
438333,439931,439988,57,1598
438333,439959,439988,29,1626
438333,439953,439989,36,1620
438333,439951,439990,39,1618
438333,439964,439990,26,1631
438333,439957,439989,32,1624
438333,439947,439993,46,1614
438333,439970,439998,28,1637
438333,439947,439998,51,1614
438333,439951,439999,48,1618
438333,439964,440000,36,1631
438333,439966,440000,34,1633
438333,439964,440003,39,1631
438333,439971,440004,33,1638
438333,439948,440005,57,1615
438333,439964,440005,41,1631
438333,439950,440009,59,1617
438333,439975,440012,37,1642
438333,439972,440013,41,1639
438333,439979,440015,36,1646
438333,439978,440021,43,1645
438333,439978,440025,47,1645
438333,439972,440025,53,1639
438333,439976,440031,55,1643
438333,439977,440031,54,1644
438333,439981,440035,54,1648
438333,439972,440038,66,1639
438333,439985,440038,53,1652
438333,439981,440040,59,1648
438333,439993,440045,52,1660
438333,439989,440050,61,1656
438333,439983,440054,71,1650
438333,439987,440054,67,1654
438333,439985,440056,71,1652
438333,439990,440061,71,1657
438333,439998,440062,64,1665
438333,439990,440062,72,1657
438333,440061,440063,2,1728
438333,439983,440063,80,1650
438333,440000,440064,64,1667
438333,439988,440064,76,1655
438333,440012,440066,54,1679
438333,439985,440066,81,1652
438333,440062,440065,3,1729
438333,440004,440070,66,1671
438333,440005,440071,66,1672
438333,440003,440071,68,1670
438333,439998,440071,73,1665
438333,439988,440071,83,1655
438333,439990,440076,86,1657
438333,439999,440082,83,1666
438333,440056,440082,26,1723
438333,440015,440085,70,1682
438333,440000,440085,85,1667
438333,440013,440087,74,1680
438333,440005,440088,83,1672
438333,440025,440089,64,1692
438333,440009,440091,82,1676
438333,440022,440094,72,1689
438333,440026,440094,68,1693
438333,440038,440104,66,1705
438333,440040,440106,66,1707
438333,440035,440107,72,1702
438333,440031,440111,80,1698
438333,440045,440112,67,1712
438333,440050,440113,63,1717
438333,440032,440114,82,1699
438333,440038,440116,78,1705
438333,440054,440119,65,1721
438333,440064,440120,56,1731
438333,440054,440128,74,1721
438333,440071,440132,61,1738
438333,440066,440133,67,1733
438333,440063,440135,72,1730
438333,440070,440138,68,1737
438333,440138,440140,2,1805
438333,440067,440141,74,1734
438333,440140,440142,2,1807
438333,440135,440143,8,1802
438333,440064,440143,79,1731
438333,440141,440143,2,1808
438333,440142,440144,2,1809
438333,440143,440144,1,1810
438333,440143,440146,3,1810
438333,440143,440146,3,1810
438333,440076,440146,70,1743
438333,440066,440146,80,1733
438333,440144,440145,1,1811
438333,440145,440147,2,1812
438333,440146,440148,2,1813
438333,440146,440148,2,1813
438346,440146,440149,3,1800
438333,440065,440149,84,1732
438333,440134,440149,15,1801
438346,440147,440148,1,1801
438333,440063,440150,87,1730
438333,440071,440150,79,1738
438333,440082,440150,68,1749
438333,440071,440150,79,1738
438346,440146,440151,5,1800
438346,440149,440151,2,1803
438333,440071,440152,81,1738
438346,440148,440151,3,1802
438346,440149,440151,2,1803
438346,440150,440153,3,1804
438346,440151,440153,2,1805
438346,440152,440154,2,1806
438346,440152,440155,3,1806
438333,440111,440160,49,1778
438333,440094,440161,67,1761
438333,440119,440163,44,1786
438333,440089,440164,75,1756
438333,440085,440165,80,1752
438333,440120,440166,46,1787
438333,440094,440167,73,1761
438333,440088,440170,82,1755
438333,440082,440170,88,1749
438333,440112,440171,59,1779
438333,440087,440172,85,1754
438333,440086,440172,86,1753
438333,440104,440173,69,1771
438333,440091,440173,82,1758
438333,440114,440176,62,1781
438333,440114,440178,64,1781
438333,440132,440179,47,1799
438346,440155,440179,24,1809
438333,440108,440180,72,1775
438346,440154,440179,25,1808
438346,440179,440181,2,1833
438346,440179,440182,3,1833
438346,440178,440182,4,1832
438346,440180,440181,1,1834
438346,440149,440183,34,1803
438346,440181,440182,1,1835
438346,440180,440182,2,1834
438346,440182,440184,2,1836
438346,440182,440184,2,1836
438346,440182,440184,2,1836
438346,440176,440184,8,1830
438346,440183,440185,2,1837
438346,440183,440184,1,1837
438346,440184,440186,2,1838
438346,440161,440186,25,1815
438346,440183,440186,3,1837
438346,440184,440186,2,1838
438346,440184,440187,3,1838
438346,440184,440187,3,1838
438346,440153,440187,34,1807
438346,440163,440186,23,1817
438346,440185,440186,1,1839
438346,440185,440186,1,1839
438346,440164,440187,23,1818
438346,440186,440188,2,1840
438346,440186,440188,2,1840
438346,440186,440187,1,1840
438346,440186,440188,2,1840
438346,440187,440189,2,1841
438346,440187,440189,2,1841
438346,440187,440189,2,1841
438346,440187,440190,3,1841
438346,440150,440190,40,1804
438333,440116,440190,74,1783
438346,440188,440190,2,1842
438346,440187,440189,2,1841
438346,440187,440189,2,1841
438346,440151,440191,40,1805
438346,440188,440190,2,1842
438333,440129,440191,62,1796
438346,440188,440191,3,1842
438346,440160,440192,32,1814
438346,440148,440194,46,1802
438346,440150,440195,45,1804
438346,440173,440196,23,1827
438346,440188,440196,8,1842
438346,440149,440196,47,1803
438346,440155,440198,43,1809
438333,440106,440199,93,1773
438346,440167,440200,33,1821
438346,440150,440200,50,1804
438346,440172,440200,28,1826
438346,440173,440200,27,1827
438346,440171,440203,32,1825
438346,440166,440203,37,1820
438346,440152,440205,53,1806
438346,440165,440206,41,1819
438346,440189,440211,22,1843
438346,440170,440213,43,1824
438346,440170,440213,43,1824
438346,440172,440213,41,1826
438346,440189,440220,31,1843
438346,440189,440220,31,1843
438346,440189,440227,38,1843
438346,440192,440230,38,1846
438346,440190,440232,42,1844
438346,440196,440232,36,1850
438346,440191,440233,42,1845
438346,440190,440234,44,1844
438346,440191,440234,43,1845
438346,440190,440235,45,1844
438346,440190,440236,46,1844
438346,440236,440237,1,1890
438346,440190,440239,49,1844
438346,440192,440239,47,1846
438346,440235,440240,5,1889
438346,440196,440241,45,1850
438346,440239,440242,3,1893
438346,440239,440242,3,1893
438346,440238,440242,4,1892
438346,440200,440246,46,1854
438346,440192,440247,55,1846
438346,440203,440248,45,1857
438346,440243,440248,5,1897
438346,440196,440248,52,1850
438346,440248,440250,2,1902
438346,440200,440250,50,1854
438346,440242,440250,8,1896
438346,440190,440250,60,1844
438346,440248,440251,3,1902
438346,440200,440251,51,1854
438346,440247,440251,4,1901
438346,440246,440252,6,1900
438346,440194,440252,58,1848
438346,440205,440251,46,1859
438346,440250,440252,2,1904
438346,440250,440252,2,1904
438346,440249,440252,3,1903
438346,440200,440252,52,1854
438346,440250,440253,3,1904
438346,440251,440253,2,1905
438346,440252,440254,2,1906
438346,440251,440254,3,1905
438346,440252,440254,2,1906
438346,440250,440254,4,1904
438346,440251,440254,3,1905
438346,440252,440254,2,1906
438346,440252,440255,3,1906
438346,440196,440255,59,1850
438346,440252,440255,3,1906
438346,440252,440254,2,1906
438346,440254,440256,2,1908
438346,440254,440256,2,1908
438346,440252,440255,3,1906
438346,440253,440256,3,1907
438346,440254,440256,2,1908
438346,440254,440255,1,1908
438346,440254,440257,3,1908
438346,440242,440257,15,1896
438346,440255,440258,3,1909
438346,440255,440258,3,1909
438346,440254,440258,4,1908
438346,440198,440258,60,1852
438346,440257,440258,1,1911
438346,440255,440259,4,1909
438346,440256,440259,3,1910
438346,440241,440259,18,1895
438346,440199,440258,59,1853
438346,440257,440259,2,1911
438346,440254,440258,4,1908
438346,440256,440260,4,1910
438346,440255,440260,5,1909
438346,440256,440259,3,1910
438346,440256,440259,3,1910
438346,440256,440262,6,1910
438346,440206,440265,59,1860
438346,440240,440265,25,1894
438346,440205,440265,60,1859
438346,440213,440267,54,1867
438346,440220,440266,46,1874
438346,440211,440270,59,1865
438346,440213,440271,58,1867
438346,440232,440274,42,1886
438346,440213,440275,62,1867
438346,440233,440276,43,1887
438584,440276,440280,4,1692
438346,440227,440280,53,1881
438346,440220,440280,60,1874
438346,440230,440281,51,1884
438584,440280,440282,2,1696
438346,440232,440283,51,1886
438346,440235,440283,48,1889
438584,440280,440284,4,1696
438346,440234,440286,52,1888
438584,440280,440286,6,1696
438584,440275,440287,12,1691
438584,440281,440288,7,1697
438584,440258,440290,32,1674
438584,440289,440291,2,1705
438584,440290,440292,2,1706
438584,440258,440293,35,1674
438584,440291,440293,2,1707
438584,440274,440293,19,1690
438584,440287,440294,7,1703
438584,440292,440294,2,1708
438584,440293,440295,2,1709
438584,440293,440295,2,1709
438584,440293,440295,2,1709
438584,440294,440296,2,1710
438584,440259,440296,37,1675
438584,440294,440297,3,1710
438584,440259,440297,38,1675
438584,440295,440296,1,1711
438584,440295,440296,1,1711
438584,440295,440297,2,1711
438584,440297,440298,1,1713
438584,440260,440298,38,1676
438584,440259,440298,39,1675
438584,440297,440298,1,1713
438584,440297,440299,2,1713
438584,440296,440299,3,1712
438584,440297,440299,2,1713
438584,440297,440299,2,1713
438584,440297,440300,3,1713
438584,440298,440300,2,1714
438584,440298,440300,2,1714
438584,440298,440300,2,1714
438584,440299,440301,2,1715
438584,440260,440301,41,1676
438584,440259,440301,42,1675
438584,440299,440301,2,1715
438584,440258,440303,45,1674
438584,440260,440303,43,1676
438584,440299,440303,4,1715
438584,440283,440303,20,1699
438584,440299,440302,3,1715
438584,440299,440304,5,1715
438584,440259,440304,45,1675
438584,440300,440305,5,1716
438584,440267,440305,38,1683
438584,440284,440305,21,1700
438584,440300,440304,4,1716
438584,440271,440306,35,1687
438584,440300,440306,6,1716
438584,440265,440307,42,1681
438584,440267,440308,41,1683
438584,440300,440311,11,1716
438584,440287,440311,24,1703
438584,440283,440311,28,1699
438584,440258,440312,54,1674
438584,440259,440312,53,1675
438584,440270,440313,43,1686
438584,440283,440314,31,1699
438584,440259,440314,55,1675
438584,440286,440316,30,1702
438584,440262,440316,54,1678
438584,440265,440316,51,1681
438584,440260,440317,57,1676
438584,440301,440318,17,1717
438584,440265,440322,57,1681
438584,440301,440338,37,1717
438584,440301,440339,38,1717
438584,440302,440343,41,1718
438584,440303,440349,46,1719
438584,440304,440353,49,1720
438584,440303,440356,53,1719
438584,440303,440357,54,1719
438584,440303,440357,54,1719
438584,440307,440356,49,1723
438584,440305,440356,51,1721
437416,439474,440362,888,2058
438584,440303,440363,60,1719
438584,440307,440363,56,1723
438584,440305,440363,58,1721
438584,440311,440370,59,1727
438584,440306,440371,65,1722
438584,440308,440371,63,1724
438584,440314,440373,59,1730
438584,440304,440374,70,1720
438584,440311,440374,63,1727
438584,440305,440375,70,1721
438584,440313,440380,67,1729
438584,440306,440381,75,1722
438584,440318,440381,63,1734
438584,440314,440382,68,1730
438584,440311,440383,72,1727
438584,440316,440384,68,1732
438584,440312,440387,75,1728
438584,440316,440387,71,1732
438584,440312,440386,74,1728
438584,440322,440386,64,1738
438584,440316,440391,75,1732
438584,440317,440395,78,1733
438584,440349,440395,46,1765
438584,440339,440398,59,1755
438584,440343,440402,59,1759
438584,440338,440404,66,1754
438584,440398,440405,7,1814
438584,440402,440405,3,1818
438584,440357,440407,50,1773
438584,440405,440407,2,1821
438584,440404,440407,3,1820
438584,440405,440407,2,1821
438584,440407,440409,2,1823
438584,440407,440409,2,1823
438584,440408,440410,2,1824
438584,440407,440410,3,1823
438584,440409,440411,2,1825
438584,440409,440411,2,1825
438584,440396,440412,16,1812
438584,440410,440412,2,1826
438584,440410,440411,1,1826
438584,440411,440413,2,1827
438584,440411,440413,2,1827
438584,440412,440414,2,1828
438584,440412,440414,2,1828
438584,440413,440415,2,1829
438584,440412,440415,3,1828
438584,440413,440415,2,1829
438584,440414,440416,2,1830
438584,440356,440415,59,1772
438584,440357,440416,59,1773
438584,440415,440417,2,1831
438584,440415,440417,2,1831
438584,440363,440417,54,1779
438584,440415,440417,2,1831
438584,440357,440417,60,1773
438584,440415,440417,2,1831
438584,440370,440419,49,1786
438584,440395,440420,25,1811
438584,440353,440420,67,1769
438584,440357,440421,64,1773
438584,440363,440422,59,1779
438584,440362,440423,61,1778
438584,440363,440424,61,1779
438584,440371,440424,53,1787
438584,440388,440428,40,1804
438584,440374,440428,54,1790
438955,440416,440431,15,1461
438584,440373,440433,60,1789
438584,440375,440434,59,1791
438955,440416,440434,18,1461
438584,440391,440435,44,1807
438584,440371,440438,67,1787
438584,440374,440440,66,1790
438955,440417,440442,25,1462
438955,440418,440444,26,1463
438955,440417,440446,29,1462
438955,440442,440446,4,1487
438955,440444,440448,4,1489
438584,440382,440447,65,1798
437531,439629,440449,820,2098
438955,440418,440449,31,1463
438955,440446,440449,3,1491
438584,440380,440451,71,1796
438584,440381,440451,70,1797
438955,440446,440453,7,1491
438955,440419,440453,34,1464
438955,440440,440454,14,1485
438955,440417,440455,38,1462
438955,440418,440457,39,1463
438584,440388,440457,69,1804
438584,440387,440460,73,1803
438955,440424,440460,36,1469
438955,440457,440461,4,1502
438955,440420,440461,41,1465
438955,440460,440462,2,1505
438955,440428,440462,34,1473
438955,440438,440463,25,1483
438955,440457,440463,6,1502
438584,440382,440464,82,1798
438955,440460,440463,3,1505
438955,440462,440464,2,1507
438955,440461,440464,3,1506
438955,440462,440465,3,1507
438955,440462,440465,3,1507
438955,440448,440465,17,1493
438955,440421,440465,44,1466
438955,440455,440465,10,1500
438955,440463,440466,3,1508
438955,440463,440466,3,1508
438955,440464,440466,2,1509
438955,440464,440467,3,1509
438955,440464,440468,4,1509
438955,440465,440468,3,1510
438955,440448,440467,19,1493
438955,440435,440467,32,1480
438955,440465,440469,4,1510
438955,440465,440469,4,1510
438955,440465,440468,3,1510
438584,440383,440469,86,1799
438955,440434,440470,36,1479
438955,440424,440471,47,1469
438584,440387,440472,85,1803
438584,440385,440473,88,1801
438955,440422,440473,51,1467
438955,440431,440474,43,1476
438955,440465,440474,9,1510
438955,440428,440475,47,1473
438955,440454,440475,21,1499
438955,440421,440476,55,1466
438955,440449,440477,28,1494
438955,440449,440477,28,1494
438955,440449,440481,32,1494
438955,440453,440481,28,1498
438955,440433,440482,49,1478
438955,440424,440483,59,1469
438955,440466,440484,18,1511
438955,440434,440484,50,1479
438955,440468,440485,17,1513
438955,440452,440486,34,1497
438955,440466,440488,22,1511
438955,440453,440492,39,1498
438955,440451,440493,42,1496
438955,440468,440496,28,1513
438955,440469,440497,28,1514
438955,440468,440499,31,1513
438955,440466,440503,37,1511
438955,440469,440504,35,1514
438955,440466,440507,41,1511
438955,440469,440510,41,1514
438955,440469,440513,44,1514
438955,440469,440516,47,1514
438955,440471,440525,54,1516
438955,440471,440534,63,1516
438955,440473,440536,63,1518
438955,440481,440536,55,1526
438955,440470,440537,67,1515
437345,439327,440537,1210,1982
438955,440472,440537,65,1517
438955,440477,440538,61,1522
438955,440474,440539,65,1519
438955,440474,440540,66,1519
438955,440477,440539,62,1522
438955,440481,440547,66,1526
438955,440484,440548,64,1529
438955,440475,440550,75,1520
438955,440482,440550,68,1527
438955,440474,440550,76,1519
438955,440475,440554,79,1520
438955,440486,440554,68,1531
438955,440483,440554,71,1528
438955,440477,440554,77,1522
438955,440484,440558,74,1529
438955,440492,440558,66,1537
438955,440507,440558,51,1552
438955,440497,440564,67,1542
438955,440488,440568,80,1533
438955,440493,440568,75,1538
438955,440486,440573,87,1531
438955,440504,440575,71,1549
438955,440497,440578,81,1542
438955,440513,440580,67,1558
438955,440500,440580,80,1545
438955,440503,440581,78,1548
438955,440510,440581,71,1555
438955,440540,440588,48,1585
438955,440525,440589,64,1570
438955,440540,440590,50,1585
438955,440516,440591,75,1561
438955,440534,440601,67,1579
438955,440549,440603,54,1594
438955,440538,440602,64,1583
438955,440536,440604,68,1581
438955,440590,440604,14,1635
438955,440547,440606,59,1592
438955,440604,440607,3,1649
438955,440604,440607,3,1649
438955,440591,440608,17,1636
438955,440606,440609,3,1651
438955,440604,440609,5,1649
438955,440539,440609,70,1584
438955,440550,440608,58,1595
438955,440607,440609,2,1652
438955,440607,440610,3,1652
438955,440537,440610,73,1582
438955,440603,440609,6,1648
438955,440609,440611,2,1654
438955,440609,440611,2,1654
438955,440608,440611,3,1653
438955,440609,440611,2,1654
438955,440609,440611,2,1654
438955,440609,440611,2,1654
438955,440610,440611,1,1655
438955,440610,440612,2,1655
438955,440601,440612,11,1646
438955,440611,440612,1,1656
438955,440610,440612,2,1655
438955,440611,440612,1,1656
438955,440611,440614,3,1656
438955,440536,440618,82,1581
438955,440558,440620,62,1603
438955,440554,440621,67,1599
438955,440564,440624,60,1609
438955,440537,440624,87,1582
438955,440537,440626,89,1582
438955,440550,440628,78,1595
438955,440582,440628,46,1627
438955,440550,440630,80,1595
438955,440589,440630,41,1634
438955,440558,440631,73,1603
438955,440589,440632,43,1634
438955,440554,440632,78,1599
438955,440554,440635,81,1599
438955,440555,440635,80,1600
438955,440559,440636,77,1604
438955,440580,440638,58,1625
439122,440638,440643,5,1516
439122,440612,440643,31,1490
438955,440575,440645,70,1620
439122,440643,440646,3,1521
439122,440643,440646,3,1521
438955,440580,440647,67,1625
439122,440637,440647,10,1515
438955,440568,440649,81,1613
439122,440645,440649,4,1523
439122,440612,440649,37,1490
438955,440581,440653,72,1626
438955,440569,440653,84,1614
439122,440636,440654,18,1514
439122,440646,440654,8,1524
439122,440612,440654,42,1490
439122,440613,440655,42,1491
439122,440614,440655,41,1492
439122,440654,440656,2,1532
439122,440653,440656,3,1531
439122,440654,440656,2,1532
439122,440654,440656,2,1532
439122,440656,440657,1,1534
438955,440573,440657,84,1618
439122,440655,440656,1,1533
439122,440612,440658,46,1490
439122,440656,440658,2,1534
439122,440656,440657,1,1534
439122,440656,440657,1,1534
439122,440657,440659,2,1535
438955,440578,440658,80,1623
439122,440657,440659,2,1535
439122,440653,440658,5,1531
439122,440657,440660,3,1535
439122,440659,440660,1,1537
439122,440613,440659,46,1491
439122,440657,440659,2,1535
439122,440658,440661,3,1536
439122,440659,440660,1,1537
439122,440659,440660,1,1537
439122,440658,440660,2,1536
439122,440659,440662,3,1537
439122,440659,440662,3,1537
439122,440660,440662,2,1538
439122,440646,440662,16,1524
439122,440649,440661,12,1527
439122,440660,440662,2,1538
439122,440614,440663,49,1492
439122,440659,440662,3,1537
439122,440660,440663,3,1538
439122,440660,440662,2,1538
439122,440661,440664,3,1539
439122,440661,440665,4,1539
439122,440661,440665,4,1539
439122,440661,440664,3,1539
439122,440662,440665,3,1540
439122,440618,440666,48,1496
439122,440625,440667,42,1503
439122,440624,440666,42,1502
439122,440662,440668,6,1540
439122,440630,440669,39,1508
439122,440632,440669,37,1510
439122,440632,440669,37,1510
439122,440635,440670,35,1513
439122,440647,440671,24,1525
439122,440662,440672,10,1540
439122,440621,440671,50,1499
439122,440614,440672,58,1492
439122,440628,440673,45,1506
439122,440631,440674,43,1509
439122,440649,440673,24,1527
439122,440647,440676,29,1525
439122,440621,440677,56,1499
439122,440628,440679,51,1506
439122,440662,440680,18,1540
439122,440630,440684,54,1508
439122,440662,440688,26,1540
439122,440626,440690,64,1504
439122,440649,440694,45,1527
439122,440662,440696,34,1540
439122,440663,440703,40,1541
439122,440669,440707,38,1547
439122,440663,440711,48,1541
439122,440665,440716,51,1543
439122,440663,440717,54,1541
439122,440664,440720,56,1542
439122,440663,440725,62,1541
439122,440672,440725,53,1550
439122,440666,440726,60,1544
439122,440670,440727,57,1548
439122,440665,440728,63,1543
439122,440667,440730,63,1545
439122,440675,440730,55,1553
439122,440666,440730,64,1544
439122,440665,440734,69,1543
439122,440672,440734,62,1550
439122,440669,440735,66,1547
439122,440672,440736,64,1550
439122,440680,440736,56,1558
439122,440673,440737,64,1551
439122,440667,440736,69,1545
439122,440677,440736,59,1555
439122,440668,440739,71,1546
439122,440672,440740,68,1550
439122,440671,440744,73,1549
439122,440696,440747,51,1574
439122,440674,440747,73,1552
439122,440676,440749,73,1554
439122,440684,440750,66,1562
439122,440688,440750,62,1566
439122,440679,440751,72,1557
439122,440750,440754,4,1628
439122,440752,440755,3,1630
439122,440754,440756,2,1632
439122,440755,440757,2,1633
439122,440756,440758,2,1634
439122,440750,440759,9,1628
439122,440758,440760,2,1636
439122,440758,440760,2,1636
439122,440690,440759,69,1568
439122,440694,440761,67,1572
439122,440760,440762,2,1638
439122,440759,440762,3,1637
439122,440761,440763,2,1639
439122,440760,440763,3,1638
439122,440707,440762,55,1585
439122,440703,440764,61,1581
439122,440761,440764,3,1639
439122,440762,440764,2,1640
439122,440764,440766,2,1642
439122,440764,440766,2,1642
439122,440763,440766,3,1641
439122,440763,440766,3,1641
439122,440764,440767,3,1642
439122,440763,440766,3,1641
439122,440765,440767,2,1643
439122,440766,440768,2,1644
439122,440766,440768,2,1644
439122,440766,440769,3,1644
439122,440766,440769,3,1644
439122,440767,440769,2,1645
439122,440767,440771,4,1645
439122,440739,440772,33,1617
439122,440725,440773,48,1603
439122,440711,440775,64,1589
439122,440716,440776,60,1594
439122,440749,440776,27,1627
439122,440721,440777,56,1599
439122,440748,440779,31,1626
439122,440727,440784,57,1605
439122,440738,440786,48,1616
439122,440717,440789,72,1595
439122,440728,440789,61,1606
439122,440730,440790,60,1608
439122,440725,440790,65,1603
439268,440768,440791,23,1500
439122,440726,440791,65,1604
439122,440730,440794,64,1608
439122,440736,440794,58,1614
439122,440748,440795,47,1626
439122,440730,440796,66,1608
439122,440737,440798,61,1615
438078,439840,440799,959,1762
439268,440798,440800,2,1530
439268,440799,440802,3,1531
439268,440800,440803,3,1532
439122,440734,440805,71,1612
439268,440802,440806,4,1534
439122,440736,440806,70,1614
439268,440796,440806,10,1528
439268,440795,440808,13,1527
439268,440773,440811,38,1505
439268,440803,440812,9,1535
439268,440768,440813,45,1500
439268,440794,440812,18,1526
439122,440744,440813,69,1622
439122,440737,440814,77,1615
439268,440775,440814,39,1507
439268,440813,440815,2,1545
439268,440813,440815,2,1545
439268,440812,440815,3,1544
439268,440769,440815,46,1501
439268,440814,440816,2,1546
439268,440814,440816,2,1546
439268,440815,440817,2,1547
439268,440815,440817,2,1547
439268,440815,440817,2,1547
439122,440734,440817,83,1612
439268,440815,440816,1,1547
439122,440737,440818,81,1615
439268,440815,440818,3,1547
439268,440816,440818,2,1548
439268,440817,440819,2,1549
439268,440817,440819,2,1549
439268,440816,440819,3,1548
439268,440817,440818,1,1549
439268,440817,440818,1,1549
439268,440817,440820,3,1549
439122,440740,440820,80,1618
439268,440818,440820,2,1550
439268,440819,440821,2,1551
439268,440818,440821,3,1550
439268,440805,440821,16,1537
439268,440819,440821,2,1551
439268,440818,440820,2,1550
439268,440794,440820,26,1526
439268,440819,440820,1,1551
439268,440819,440821,2,1551
439268,440769,440821,52,1501
439268,440776,440822,46,1508
439268,440819,440822,3,1551
439268,440820,440823,3,1552
439268,440821,440823,2,1553
439268,440820,440824,4,1552
439268,440780,440824,44,1512
439268,440821,440824,3,1553
439268,440806,440823,17,1538
439268,440820,440823,3,1552
439268,440811,440825,14,1543
439268,440771,440826,55,1503
439268,440821,440825,4,1553
439268,440821,440825,4,1553
439268,440777,440826,49,1509
439268,440791,440828,37,1523
439268,440791,440827,36,1523
439268,440777,440828,51,1509
439268,440790,440828,38,1522
439268,440808,440830,22,1540
439268,440806,440831,25,1538
439268,440785,440831,46,1517
439268,440806,440831,25,1538
439268,440821,440833,12,1553
439268,440821,440834,13,1553
439268,440789,440835,46,1521
439268,440769,440836,67,1501
439268,440789,440837,48,1521
439268,440772,440837,65,1504
439268,440786,440842,56,1518
439268,440790,440842,52,1522
439268,440821,440848,27,1553
439268,440821,440858,37,1553
439268,440826,440862,36,1558
439268,440823,440862,39,1555
439268,440822,440864,42,1554
439268,440822,440867,45,1554
439268,440823,440872,49,1555
439268,440824,440874,50,1556
439268,440831,440877,46,1563
439268,440824,440877,53,1556
439268,440822,440878,56,1554
439268,440829,440879,50,1561
439268,440825,440880,55,1557
439268,440824,440880,56,1556
439268,440828,440885,57,1560
439268,440826,440885,59,1558
439268,440829,440886,57,1561
439268,440832,440889,57,1564
439268,440826,440889,63,1558
439268,440828,440890,62,1560
439268,440824,440891,67,1556
439268,440826,440892,66,1558
439268,440833,440893,60,1565
439268,440834,440893,59,1566
439268,440825,440895,70,1557
439268,440830,440896,66,1562
439268,440835,440898,63,1567
439268,440831,440898,67,1563
439268,440837,440899,62,1569
439268,440836,440903,67,1568
439268,440899,440904,5,1631
439268,440849,440906,57,1581
439268,440872,440906,34,1604
439268,440903,440907,4,1635
439268,440904,440907,3,1636
439268,440906,440908,2,1638
439268,440906,440908,2,1638
439268,440837,440909,72,1569
439268,440907,440910,3,1639
439268,440908,440910,2,1640
439268,440908,440910,2,1640
439268,440907,440910,3,1639
439268,440910,440912,2,1642
439268,440842,440911,69,1574
439268,440910,440912,2,1642
439268,440909,440912,3,1641
439268,440910,440912,2,1642
439268,440912,440914,2,1644
439268,440911,440913,2,1643
439268,440912,440914,2,1644
439268,440912,440915,3,1644
439268,440912,440915,3,1644
439268,440898,440916,18,1630
439268,440842,440916,74,1574
439268,440912,440916,4,1644
439268,440914,440916,2,1646
439268,440862,440916,54,1594
439268,440914,440917,3,1646
439268,440858,440917,59,1590
439268,440914,440917,3,1646
439268,440915,440918,3,1647
439268,440916,440918,2,1648
439268,440916,440919,3,1648
439268,440915,440919,4,1647
439268,440916,440919,3,1648
439268,440916,440919,3,1648
439268,440916,440920,4,1648
439268,440864,440923,59,1596
439268,440898,440927,29,1630
439268,440877,440930,53,1609
439268,440874,440933,59,1606
439268,440895,440935,40,1627
439268,440893,440936,43,1625
439268,440867,440937,70,1599
439268,440862,440938,76,1594
439268,440880,440940,60,1612
439268,440879,440943,64,1611
439268,440880,440945,65,1612
439268,440886,440946,60,1618
439268,440885,440947,62,1617
439268,440896,440949,53,1628
439421,440917,440951,34,1496
439268,440877,440951,74,1609
439268,440885,440951,66,1617
439268,440878,440954,76,1610
439421,440951,440955,4,1530
439421,440954,440958,4,1533
439421,440918,440958,40,1497
439421,440955,440958,3,1534
439421,440951,440960,9,1530
439421,440951,440961,10,1530
439421,440949,440962,13,1528
439421,440958,440963,5,1537
439268,440891,440962,71,1623
439421,440923,440964,41,1502
439268,440889,440964,75,1621
439421,440958,440965,7,1537
439421,440920,440966,46,1499
439268,440889,440966,77,1621
439421,440965,440966,1,1544
439421,440919,440968,49,1498
439421,440964,440967,3,1543
439421,440964,440967,3,1543
439421,440919,440968,49,1498
439421,440966,440969,3,1545
439421,440966,440969,3,1545
439421,440968,440970,2,1547
439421,440968,440970,2,1547
439421,440968,440970,2,1547
439421,440968,440969,1,1547
439421,440919,440969,50,1498
439421,440919,440970,51,1498
439421,440968,440970,2,1547
439421,440969,440971,2,1548
439421,440918,440971,53,1497
439268,440893,440972,79,1625
439421,440970,440972,2,1549
439421,440970,440972,2,1549
439421,440969,440971,2,1548
439421,440945,440971,26,1524
439421,440970,440971,1,1549
439421,440970,440973,3,1549
439421,440970,440973,3,1549
439421,440917,440972,55,1496
439421,440970,440972,2,1549
439421,440971,440974,3,1550
439268,440890,440974,84,1622
439421,440972,440974,2,1551
439421,440972,440974,2,1551
439421,440971,440974,3,1550
439421,440972,440974,2,1551
439268,440893,440975,82,1625
439421,440971,440974,3,1550
439421,440972,440974,2,1551
439421,440972,440975,3,1551
439421,440972,440975,3,1551
439421,440958,440976,18,1537
439421,440973,440976,3,1552
439421,440973,440976,3,1552
439421,440927,440977,50,1506
439421,440930,440977,47,1509
439421,440973,440977,4,1552
439421,440973,440978,5,1552
439421,440946,440977,31,1525
439421,440936,440978,42,1515
439421,440974,440980,6,1553
439421,440960,440979,19,1539
437909,439764,440981,1217,1855
439421,440933,440982,49,1512
439421,440943,440982,39,1522
439421,440947,440983,36,1526
439421,440964,440984,20,1543
439421,440940,440986,46,1519
439421,440974,440986,12,1553
439421,440962,440986,24,1541
439421,440963,440989,26,1542
439421,440974,440990,16,1553
439421,440961,440991,30,1540
439421,440935,440991,56,1514
439421,440938,440992,54,1517
439421,440982,440993,11,1561
439421,440986,440995,9,1565
439421,440937,440996,59,1516
439421,440974,440998,24,1553
439421,440975,441000,25,1554
439421,440986,441002,16,1565
439421,440975,441004,29,1554
439421,440974,441005,31,1553
439421,440986,441010,24,1565
439421,440976,441014,38,1555
439421,440981,441015,34,1560
439421,440983,441018,35,1562
439421,440990,441020,30,1569
439421,440991,441023,32,1570
439421,440976,441024,48,1555
439421,440977,441025,48,1556
439421,440978,441026,48,1557
439421,440982,441025,43,1561
439421,440977,441027,50,1556
439421,440978,441027,49,1557
439421,440978,441026,48,1557
439421,440975,441028,53,1554
439421,440976,441028,52,1555
439421,440975,441028,53,1554
439421,440993,441029,36,1572
439421,440984,441030,46,1563
439421,440991,441030,39,1570
439421,441002,441031,29,1581
439421,441000,441034,34,1579
439421,441031,441034,3,1610
439421,440977,441035,58,1556
439421,440981,441035,54,1560
439421,441034,441036,2,1613
439421,441034,441037,3,1613
439421,441035,441037,2,1614
439421,440989,441037,48,1568
439421,441035,441038,3,1614
439421,441030,441038,8,1609
439421,441036,441038,2,1615
439421,440975,441039,64,1554
439421,441015,441039,24,1594
439421,441037,441039,2,1616
439421,441037,441040,3,1616
439421,441038,441040,2,1617
439421,441038,441040,2,1617
439421,440982,441041,59,1561
439421,441038,441040,2,1617
439421,441038,441041,3,1617
439421,441039,441041,2,1618
439421,441039,441042,3,1618
439421,441040,441042,2,1619
439421,441040,441043,3,1619
439421,441039,441042,3,1618
439421,441041,441043,2,1620
439421,440980,441044,64,1559
439421,441041,441044,3,1620
439421,441041,441044,3,1620
439421,441042,441044,2,1621
439421,441030,441043,13,1609
439421,441041,441045,4,1620
439421,441041,441044,3,1620
439421,441024,441046,22,1603
439421,441042,441045,3,1621
439421,441043,441046,3,1622
439421,441043,441046,3,1622
439421,441043,441046,3,1622
439421,441044,441047,3,1623
439421,441044,441047,3,1623
439421,441044,441047,3,1623
439421,441044,441047,3,1623
439421,440995,441049,54,1574
439421,441010,441049,39,1589
439421,441004,441051,47,1583
439421,441029,441052,23,1608
439421,441018,441052,34,1597
439421,440998,441053,55,1577
439421,441020,441054,34,1599
439421,440992,441056,64,1571
439496,441048,441058,10,1552
439496,441048,441061,13,1552
439496,441046,441064,18,1550
439421,440996,441065,69,1575
439421,441029,441070,41,1608
439421,441026,441072,46,1605
439496,441046,441079,33,1550
439496,441051,441079,28,1555
439421,441014,441080,66,1593
439496,441079,441082,3,1583
439421,441005,441082,77,1584
439421,441027,441082,55,1606
439496,441052,441084,32,1556
439496,441080,441084,4,1584
439496,441072,441084,12,1576
439496,441046,441084,38,1550
439496,441079,441084,5,1583
439421,441025,441085,60,1604
439496,441082,441085,3,1586
439496,441047,441085,38,1551
439496,441049,441086,37,1553
439496,441052,441086,34,1556
439421,441028,441087,59,1607
439496,441065,441087,22,1569
439496,441082,441087,5,1586
439496,441085,441088,3,1589
439496,441086,441089,3,1590
439496,441053,441089,36,1557
439496,441086,441089,3,1590
439496,441087,441089,2,1591
439421,441027,441088,61,1606
439496,441088,441090,2,1592
439496,441087,441090,3,1591
439496,441082,441089,7,1586
439496,441047,441089,42,1551
439496,441085,441089,4,1589
439496,441089,441090,1,1593
439496,441089,441091,2,1593
439421,441023,441090,67,1602
439496,441087,441090,3,1591
439496,441089,441091,2,1593
439496,441089,441091,2,1593
439496,441046,441091,45,1550
439496,441089,441090,1,1593
439496,441090,441091,1,1594
439496,441045,441091,46,1549
439496,441090,441092,2,1594
439496,441091,441093,2,1595
439496,441045,441093,48,1549
439496,441090,441092,2,1594
439496,441091,441092,1,1595
439496,441091,441092,1,1595
439496,441091,441092,1,1595
439496,441091,441094,3,1595
439496,441070,441094,24,1574
439496,441091,441094,3,1595
439496,441091,441094,3,1595
439496,441091,441094,3,1595
439496,441092,441093,1,1596
439496,441049,441095,46,1553
439496,441092,441095,3,1596
439496,441092,441094,2,1596
439496,441059,441095,36,1563
439496,441091,441094,3,1595
439496,441092,441095,3,1596
439496,441093,441095,2,1597
439496,441061,441095,34,1565
439496,441085,441095,10,1589
439496,441064,441095,31,1568
439421,441027,441097,70,1606
439496,441093,441097,4,1597
439496,441054,441099,45,1558
439496,441093,441098,5,1597
439496,441056,441099,43,1560
439496,441084,441100,16,1588
439496,441047,441101,54,1551
439496,441093,441101,8,1597
439496,441084,441102,18,1588
439421,441027,441102,75,1606
439496,441084,441102,18,1588
439421,441028,441108,80,1607
439496,441084,441110,26,1588
439496,441084,441111,27,1588
439496,441094,441114,20,1598
439496,441094,441122,28,1598
439496,441094,441135,41,1598
438184,439916,441135,1219,1732
439496,441094,441135,41,1598
439496,441094,441137,43,1598
439496,441095,441138,43,1599
439496,441095,441138,43,1599
439496,441095,441139,44,1599
439496,441095,441140,45,1599
439496,441096,441141,45,1600
439496,441097,441143,46,1601
439496,441099,441146,47,1603
439496,441095,441146,51,1599
439496,441094,441146,52,1598
439496,441094,441146,52,1598
439496,441096,441148,52,1600
439496,441101,441150,49,1605
439496,441094,441150,56,1598
439496,441095,441151,56,1599
439496,441102,441150,48,1606
439496,441100,441152,52,1604
439496,441151,441153,2,1655
439496,441096,441154,58,1600
439496,441097,441154,57,1601
439496,441151,441155,4,1655
439496,441152,441155,3,1656
439496,441135,441156,21,1639
439496,441100,441156,56,1604
439496,441095,441155,60,1599
439496,441153,441156,3,1657
439496,441154,441157,3,1658
439496,441150,441156,6,1654
439496,441099,441157,58,1603
439496,441154,441157,3,1658
439496,441102,441158,56,1606
439496,441155,441158,3,1659
439496,441155,441158,3,1659
439496,441101,441157,56,1605
439496,441146,441158,12,1650
439496,441150,441158,8,1654
439496,441157,441159,2,1661
439496,441156,441159,3,1660
439496,441156,441158,2,1660
439496,441157,441160,3,1661
439496,441148,441159,11,1652
439496,441156,441159,3,1660
439496,441157,441160,3,1661
439496,441157,441160,3,1661
439496,441157,441161,4,1661
439496,441159,441161,2,1663
439496,441158,441161,3,1662
439496,441158,441161,3,1662
439496,441158,441161,3,1662
439496,441141,441161,20,1645
439496,441140,441162,22,1644
439496,441159,441161,2,1663
439496,441102,441162,60,1606
439496,441158,441161,3,1662
439496,441159,441161,2,1663
439496,441158,441161,3,1662
439496,441111,441162,51,1615
439496,441159,441162,3,1663
439496,441160,441163,3,1664
439496,441160,441164,4,1664
439496,441161,441164,3,1665
439496,441160,441163,3,1664
439496,441160,441165,5,1664
439496,441161,441165,4,1665
439496,441160,441164,4,1664
439496,441161,441165,4,1665
439496,441161,441166,5,1665
439496,441161,441166,5,1665
439496,441162,441166,4,1666
439496,441161,441165,4,1665
439496,441162,441167,5,1666
439496,441162,441167,5,1666
439496,441108,441168,60,1612
439496,441114,441169,55,1618
439496,441138,441173,35,1642
439496,441122,441177,55,1626
439496,441111,441177,66,1615
439496,441135,441179,44,1639
439496,441137,441186,49,1641
439496,441146,441187,41,1650
439496,441138,441189,51,1642
439539,441162,441191,29,1623
439539,441179,441191,12,1640
439539,441189,441192,3,1650
439496,441143,441193,50,1647
439496,441139,441193,54,1643
439539,441191,441193,2,1652
439496,441146,441193,47,1650
439539,441191,441194,3,1652
439496,441135,441194,59,1639
439539,441188,441196,8,1649
439539,441162,441197,35,1623
439539,441192,441198,6,1653
439496,441146,441198,52,1650
439539,441198,441200,2,1659
439539,441197,441200,3,1658
439539,441186,441200,14,1647
439539,441196,441200,4,1657
439539,441198,441201,3,1659
439539,441200,441201,1,1661
439539,441200,441202,2,1661
439539,441200,441203,3,1661
439539,441177,441203,26,1638
439539,441201,441203,2,1662
439539,441177,441203,26,1638
439539,441202,441204,2,1663
439539,441201,441203,2,1662
439539,441166,441204,38,1627
439539,441162,441205,43,1623
439539,441203,441205,2,1664
439539,441203,441205,2,1664
439539,441203,441205,2,1664
439539,441203,441205,2,1664
439539,441203,441205,2,1664
439539,441204,441206,2,1665
439539,441194,441206,12,1655
439539,441204,441206,2,1665
439539,441193,441205,12,1654
439539,441204,441207,3,1665
439539,441205,441207,2,1666
439539,441205,441207,2,1666
439539,441205,441206,1,1666
439539,441166,441208,42,1627
439539,441206,441208,2,1667
439539,441205,441208,3,1666
439539,441205,441208,3,1666
439539,441206,441208,2,1667
439539,441206,441208,2,1667
439539,441167,441208,41,1628
439539,441205,441208,3,1666
439539,441206,441209,3,1667
439539,441193,441209,16,1654
439539,441207,441209,2,1668
439539,441169,441210,41,1630
439539,441163,441210,47,1624
439539,441173,441209,36,1634
439539,441207,441211,4,1668
439539,441208,441211,3,1669
439539,441164,441210,46,1625
439539,441207,441210,3,1668
439539,441168,441211,43,1629
439539,441164,441213,49,1625
439539,441165,441212,47,1626
439539,441193,441213,20,1654
439539,441208,441215,7,1669
439539,441165,441216,51,1626
439539,441165,441216,51,1626
439539,441166,441216,50,1627
439539,441163,441217,54,1624
439539,441166,441219,53,1627
439539,441167,441219,52,1628
439539,441194,441220,26,1655
439539,441164,441221,57,1625
439539,441193,441223,30,1654
439539,441208,441226,18,1669
439539,441165,441229,64,1626
439539,441208,441234,26,1669
439539,441208,441241,33,1669
439539,441209,441242,33,1670
439539,441209,441242,33,1670
439539,441209,441245,36,1670
439539,441209,441250,41,1670
439539,441210,441256,46,1671
439539,441209,441258,49,1670
439539,441215,441262,47,1676
439539,441214,441262,48,1675
439539,441213,441263,50,1674
439539,441213,441263,50,1674
439539,441211,441266,55,1672
439539,441209,441267,58,1670
439539,441210,441267,57,1671
439539,441211,441269,58,1672
439539,441209,441272,63,1670
439539,441211,441272,61,1672
439539,441220,441273,53,1681
439539,441212,441275,63,1673
439539,441219,441275,56,1680
439539,441216,441279,63,1677
439539,441226,441279,53,1687
439539,441216,441280,64,1677
439539,441211,441280,69,1672
439539,441217,441281,64,1678
439539,441210,441280,70,1671
439539,441223,441281,58,1684
439539,441220,441282,62,1681
439539,441281,441284,3,1742
439539,441221,441283,62,1682
439539,441281,441284,3,1742
439539,441281,441285,4,1742
439539,441282,441285,3,1743
439539,441284,441286,2,1745
439539,441216,441286,70,1677
439539,441284,441287,3,1745
439539,441285,441287,2,1746
439539,441229,441288,59,1690
439539,441280,441288,8,1741
439539,441285,441288,3,1746
439539,441285,441288,3,1746
439539,441286,441288,2,1747
439539,441286,441289,3,1747
439539,441267,441290,23,1728
439539,441287,441290,3,1748
439539,441287,441290,3,1748
439539,441288,441291,3,1749
439539,441288,441291,3,1749
439539,441288,441291,3,1749
439539,441280,441292,12,1741
439539,441246,441292,46,1707
439539,441289,441291,2,1750
439539,441290,441292,2,1751
439539,441289,441292,3,1750
439539,441289,441292,3,1750
439539,441290,441294,4,1751
439539,441291,441294,3,1752
439539,441292,441294,2,1753
439539,441292,441295,3,1753
439539,441291,441295,4,1752
439539,441291,441294,3,1752
439539,441242,441295,53,1703
439539,441291,441294,3,1752
439539,441292,441295,3,1753
439539,441292,441295,3,1753
439539,441294,441297,3,1755
439539,441293,441296,3,1754
439539,441293,441298,5,1754
439539,441279,441298,19,1740
439539,441294,441298,4,1755
439539,441235,441298,63,1696
439539,441241,441300,59,1702
439539,441279,441302,23,1740
439539,441262,441307,45,1723
439539,441256,441308,52,1717
439539,441244,441308,64,1705
439539,441273,441310,37,1734
438584,440416,441312,896,1832
439539,441258,441317,59,1719
439539,441262,441318,56,1723
439539,441277,441319,42,1738
439539,441250,441322,72,1711
439539,441266,441327,61,1727
439539,441265,441328,63,1726
439637,441329,441333,4,1692
439539,441275,441334,59,1736
439539,441267,441335,68,1728
439539,441264,441335,71,1725
439637,441319,441335,16,1682
439637,441295,441337,42,1658
439637,441333,441337,4,1696
439637,441334,441338,4,1697
439637,441335,441338,3,1698
439637,441322,441338,16,1685
439637,441296,441339,43,1659
439637,441327,441338,11,1690
439637,441335,441340,5,1698
439637,441295,441339,44,1658
439539,441269,441341,72,1730
439539,441272,441342,70,1733
439539,441272,441342,70,1733
439637,441295,441343,48,1658
439637,441340,441343,3,1703
439637,441295,441342,47,1658
439637,441341,441343,2,1704
439637,441298,441344,46,1661
439637,441298,441344,46,1661
439637,441342,441344,2,1705
439637,441318,441344,26,1681
439637,441343,441345,2,1706
439637,441295,441345,50,1658
439637,441300,441345,45,1663
439637,441343,441345,2,1706
439637,441308,441345,37,1671
439637,441335,441344,9,1698
439637,441297,441346,49,1660
439637,441302,441345,43,1665
439637,441344,441346,2,1707
439637,441342,441345,3,1705
439637,441340,441346,6,1703
439637,441343,441345,2,1706
439637,441343,441345,2,1706
439637,441307,441347,40,1670
439637,441344,441347,3,1707
439637,441344,441347,3,1707
439637,441344,441347,3,1707
439637,441308,441347,39,1671
439637,441310,441347,37,1673
439637,441345,441346,1,1708
439637,441346,441348,2,1709
439637,441298,441347,49,1661
439637,441345,441348,3,1708
439637,441298,441348,50,1661
439637,441345,441347,2,1708
439637,441297,441347,50,1660
439637,441345,441348,3,1708
439637,441337,441347,10,1700
439637,441339,441348,9,1702
439637,441345,441347,2,1708
439637,441312,441347,35,1675
439637,441345,441348,3,1708
439637,441346,441349,3,1709
439637,441346,441348,2,1709
439637,441346,441349,3,1709
439637,441317,441349,32,1680
439637,441347,441348,1,1710
439637,441346,441348,2,1709
439637,441347,441350,3,1710
439637,441347,441349,2,1710
439637,441347,441350,3,1710
439637,441347,441351,4,1710
439637,441347,441351,4,1710
439637,441295,441350,55,1658
439637,441347,441350,3,1710
439637,441337,441353,16,1700
439637,441347,441353,6,1710
439637,441339,441354,15,1702
439637,441338,441362,24,1701
439637,441347,441364,17,1710
439637,441338,441366,28,1701
439637,441338,441368,30,1701
439637,441348,441379,31,1711
439637,441348,441392,44,1711
439637,441348,441393,45,1711
439637,441348,441393,45,1711
439637,441348,441395,47,1711
439637,441348,441395,47,1711
439637,441348,441396,48,1711
439637,441348,441396,48,1711
439637,441349,441398,49,1712
439637,441348,441398,50,1711
439637,441349,441399,50,1712
439637,441349,441400,51,1712
439637,441349,441401,52,1712
439637,441348,441403,55,1711
439637,441353,441403,50,1716
439637,441351,441403,52,1714
439637,441349,441403,54,1712
439637,441353,441404,51,1716
439637,441349,441403,54,1712
439637,441349,441405,56,1712
439637,441348,441405,57,1711
439637,441351,441406,55,1714
439637,441351,441407,56,1714
439637,441350,441408,58,1713
439637,441404,441409,5,1767
439637,441405,441410,5,1768
439637,441350,441410,60,1713
439637,441405,441410,5,1768
439637,441405,441410,5,1768
439637,441403,441411,8,1766
439637,441407,441410,3,1770
439637,441409,441411,2,1772
439637,441406,441410,4,1769
439637,441350,441411,61,1713
439637,441409,441411,2,1772
439637,441410,441413,3,1773
439637,441410,441413,3,1773
439637,441368,441413,45,1731
439637,441410,441413,3,1773
439637,441351,441413,62,1714
439637,441411,441413,2,1774
439637,441411,441414,3,1774
439637,441410,441413,3,1773
439637,441412,441415,3,1775
439637,441411,441414,3,1774
439637,441411,441414,3,1774
439637,441413,441415,2,1776
439637,441403,441416,13,1766
439637,441413,441416,3,1776
439637,441413,441416,3,1776
439637,441413,441416,3,1776
439637,441413,441415,2,1776
439637,441413,441417,4,1776
439637,441355,441417,62,1718
439637,441403,441416,13,1766
439637,441413,441416,3,1776
439637,441414,441417,3,1777
439637,441415,441418,3,1778
439637,441415,441418,3,1778
439637,441403,441418,15,1766
439637,441414,441417,3,1777
439637,441415,441418,3,1778
439637,441415,441419,4,1778
439637,441364,441418,54,1727
439637,441416,441419,3,1779
439637,441416,441420,4,1779
439637,441417,441420,3,1780
439637,441416,441419,3,1779
439637,441416,441419,3,1779
439637,441416,441420,4,1779
439637,441417,441421,4,1780
439637,441417,441421,4,1780
439637,441418,441422,4,1781
439637,441417,441422,5,1780
439637,441362,441423,61,1725
439637,441366,441427,61,1729
439637,441379,441427,48,1742
439637,441401,441437,36,1764
439637,441399,441437,38,1762
439637,441392,441441,49,1755
438956,440611,441442,831,1655
439637,441396,441444,48,1759
439637,441395,441444,49,1758
439637,441396,441445,49,1759
438346,440257,441447,1190,1911
439637,441393,441448,55,1756
439637,441398,441448,50,1761
439637,441400,441448,48,1763
439667,441445,441449,4,1778
439667,441448,441451,3,1781
439637,441393,441451,58,1756
439667,441447,441451,4,1780
439667,441445,441453,8,1778
439637,441398,441453,55,1761
439667,441448,441453,5,1781
439667,441448,441454,6,1781
439637,441396,441456,60,1759
439667,441450,441457,7,1783
439667,441454,441458,4,1787
439667,441453,441459,6,1786
439667,441427,441459,32,1760
439667,441456,441459,3,1789
439667,441457,441458,1,1790
439667,441458,441460,2,1791
439667,441418,441460,42,1751
438333,440146,441460,1314,1813
439667,441459,441461,2,1792
439667,441441,441460,19,1774
439667,441459,441461,2,1792
439667,441459,441461,2,1792
439667,441419,441460,41,1752
439667,441459,441460,1,1792
439667,441460,441462,2,1793
439667,441437,441462,25,1770
439667,441460,441462,2,1793
439667,441461,441463,2,1794
439667,441460,441463,3,1793
439667,441461,441463,2,1794
439667,441418,441463,45,1751
439667,441461,441463,2,1794
439667,441461,441464,3,1794
439667,441420,441464,44,1753
439667,441461,441463,2,1794
439667,441462,441464,2,1795
439667,441420,441464,44,1753
439667,441444,441464,20,1777
439667,441461,441463,2,1794
439667,441462,441463,1,1795
439667,441463,441464,1,1796
439667,441463,441465,2,1796
439667,441420,441464,44,1753
439667,441427,441464,37,1760
439667,441462,441465,3,1795
439667,441419,441465,46,1752
439667,441463,441465,2,1796
439667,441463,441466,3,1796
439667,441419,441466,47,1752
439667,441453,441466,13,1786
439667,441464,441465,1,1797
439667,441463,441465,2,1796
439667,441464,441466,2,1797
439667,441419,441467,48,1752
439667,441451,441467,16,1784
439667,441464,441466,2,1797
439667,441464,441466,2,1797
439667,441464,441467,3,1797
439667,441420,441467,47,1753
439667,441439,441468,29,1772
439667,441464,441467,3,1797
439667,441442,441471,29,1775
439667,441420,441471,51,1753
439667,441422,441472,50,1755
439667,441421,441472,51,1754
439667,441423,441473,50,1756
439667,441464,441473,9,1797
439667,441451,441472,21,1784
439667,441419,441474,55,1752
439667,441422,441475,53,1755
439667,441453,441475,22,1786
439667,441421,441475,54,1754
439667,441451,441479,28,1784
439667,441464,441482,18,1797
439667,441464,441492,28,1797
439667,441466,441498,32,1799
439667,441465,441498,33,1798
439667,441466,441503,37,1799
439667,441465,441505,40,1798
439667,441465,441509,44,1798
439667,441465,441510,45,1798
439667,441467,441513,46,1800
439667,441467,441515,48,1800
439667,441467,441516,49,1800
439667,441466,441516,50,1799
439667,441468,441517,49,1801
439667,441466,441518,52,1799
439667,441471,441519,48,1804
439667,441465,441520,55,1798
439667,441465,441521,56,1798
439667,441466,441521,55,1799
439667,441471,441522,51,1804
439667,441467,441524,57,1800
439667,441473,441525,52,1806
439667,441467,441525,58,1800
439667,441467,441525,58,1800
439667,441468,441526,58,1801
439667,441475,441526,51,1808
439667,441468,441527,59,1801
439667,441526,441528,2,1859
439667,441525,441528,3,1858
439667,441525,441529,4,1858
439667,441525,441529,4,1858
439667,441526,441529,3,1859
439667,441472,441530,58,1805
439667,441528,441530,2,1861
439667,441527,441530,3,1860
439667,441528,441530,2,1861
439667,441524,441531,7,1857
439667,441529,441531,2,1862
439667,441522,441532,10,1855
439667,441529,441532,3,1862
439667,441475,441532,57,1808
439667,441530,441532,2,1863
439667,441530,441533,3,1863
439667,441530,441533,3,1863
439667,441529,441532,3,1862
439667,441531,441533,2,1864
439667,441474,441534,60,1807
439667,441531,441534,3,1864
439667,441530,441533,3,1863
439667,441532,441535,3,1865
439667,441532,441535,3,1865
439667,441533,441535,2,1866
439667,441532,441535,3,1865
439667,441532,441535,3,1865
439667,441472,441535,63,1805
439667,441533,441536,3,1866
439667,441533,441536,3,1866
439667,441534,441537,3,1867
439667,441473,441536,63,1806
439667,441482,441536,54,1815
439667,441535,441538,3,1868
439667,441534,441538,4,1867
439667,441475,441538,63,1808
439667,441533,441537,4,1866
439667,441535,441538,3,1868
439667,441534,441537,3,1867
439667,441535,441538,3,1868
439667,441535,441538,3,1868
439667,441536,441540,4,1869
439667,441536,441540,4,1869
439667,441537,441541,4,1870
439667,441536,441540,4,1869
439667,441473,441542,69,1806
439667,441519,441544,25,1852
439667,441537,441544,7,1870
439667,441492,441546,54,1825
439667,441521,441546,25,1854
439667,441479,441548,69,1812
439667,441498,441551,53,1831
439667,441511,441552,41,1844
439667,441498,441552,54,1831
439667,441517,441554,37,1850
439667,441503,441555,52,1836
439747,441546,441567,21,1799
439747,441538,441567,29,1791
439667,441521,441568,47,1854
439667,441505,441568,63,1838
439667,441513,441570,57,1846
439667,441516,441571,55,1849
439747,441548,441571,23,1801
439747,441568,441571,3,1821
439747,441568,441572,4,1821
439747,441569,441572,3,1822
439747,441570,441573,3,1823
439667,441517,441574,57,1850
439747,441571,441574,3,1824
439667,441515,441574,59,1848
439747,441538,441576,38,1791
439747,441555,441576,21,1808
439747,441544,441576,32,1797
439667,441520,441576,56,1853
439667,441518,441576,58,1851
439667,441509,441576,67,1842
439747,441567,441578,11,1820
439747,441537,441578,41,1790
439747,441571,441578,7,1824
439747,441538,441577,39,1791
439747,441576,441579,3,1829
439747,441576,441580,4,1829
439747,441578,441580,2,1831
439747,441577,441580,3,1830
439747,441578,441579,1,1831
439747,441553,441581,28,1806
439747,441579,441580,1,1832
439747,441579,441582,3,1832
439747,441578,441581,3,1831
439747,441576,441582,6,1829
439747,441538,441582,44,1791
439747,441581,441583,2,1834
439747,441580,441583,3,1833
439747,441580,441583,3,1833
439747,441581,441584,3,1834
439747,441539,441583,44,1792
439747,441580,441583,3,1833
439747,441539,441583,44,1792
439747,441581,441583,2,1834
439747,441551,441585,34,1804
439747,441582,441585,3,1835
439747,441541,441585,44,1794
439747,441552,441585,33,1805
439747,441582,441586,4,1835
439747,441582,441586,4,1835
439747,441571,441586,15,1824
439747,441583,441587,4,1836
439747,441554,441587,33,1807
439747,441583,441588,5,1836
439747,441583,441588,5,1836
439747,441540,441589,49,1793
439747,441539,441589,50,1792
439747,441572,441589,17,1825
439747,441541,441590,49,1794
439747,441584,441590,6,1837
439747,441545,441591,46,1798
439747,441546,441590,44,1799
439747,441583,441591,8,1836
439747,441538,441592,54,1791
439747,441575,441592,17,1828
439747,441576,441591,15,1829
439747,441542,441592,50,1795
439747,441542,441593,51,1795
439747,441572,441597,25,1825
439747,441584,441597,13,1837
439747,441573,441599,26,1826
439747,441584,441601,17,1837
439747,441574,441601,27,1827
439747,441576,441606,30,1829
439747,441584,441606,22,1837
439747,441584,441609,25,1837
439747,441585,441610,25,1838
439747,441574,441611,37,1827
439747,441585,441617,32,1838
439123,440768,441617,849,1645
439747,441601,441622,21,1854
439747,441585,441629,44,1838
439747,441587,441630,43,1840
439747,441585,441630,45,1838
439747,441586,441635,49,1839
439747,441587,441635,48,1840
439747,441591,441638,47,1844
439747,441589,441638,49,1842
439747,441592,441638,46,1845
439747,441586,441639,53,1839
439747,441590,441639,49,1843
439747,441600,441640,40,1853
439747,441589,441640,51,1842
439747,441622,441641,19,1875
439747,441588,441641,53,1841
439747,441588,441641,53,1841
439747,441592,441641,49,1845
439747,441590,441641,51,1843
439747,441629,441644,15,1882
439747,441642,441644,2,1895
439747,441641,441644,3,1894
439747,441641,441644,3,1894
439747,441589,441645,56,1842
439747,441586,441644,58,1839
439747,441642,441645,3,1895
439747,441641,441645,4,1894
439747,441644,441646,2,1897
439747,441644,441646,2,1897
439747,441644,441647,3,1897
439747,441609,441646,37,1862
439747,441644,441647,3,1897
439747,441645,441648,3,1898
439747,441645,441647,2,1898
439747,441646,441647,1,1899
439747,441646,441647,1,1899
439747,441645,441648,3,1898
439747,441647,441649,2,1900
439747,441647,441649,2,1900
439747,441640,441650,10,1893
439747,441647,441650,3,1900
439747,441591,441649,58,1844
439747,441647,441649,2,1900
439747,441649,441650,1,1902
439747,441649,441651,2,1902
439747,441601,441651,50,1854
439747,441648,441650,2,1901
439747,441648,441650,2,1901
439747,441649,441651,2,1902
439747,441650,441652,2,1903
439747,441640,441652,12,1893
439747,441649,441652,3,1902
439747,441650,441652,2,1903
439747,441651,441653,2,1904
439747,441650,441653,3,1903
439747,441650,441653,3,1903
439747,441651,441654,3,1904
439747,441651,441653,2,1904
439747,441652,441654,2,1905
439747,441650,441653,3,1903
439747,441651,441654,3,1904
439747,441652,441654,2,1905
439747,441597,441653,56,1850
439747,441652,441655,3,1905
439747,441652,441655,3,1905
439747,441652,441654,2,1905
439747,441653,441655,2,1906
439747,441597,441654,57,1850
439747,441651,441654,3,1904
439747,441653,441656,3,1906
439747,441591,441655,64,1844
439747,441653,441657,4,1906
439747,441654,441656,2,1907
439747,441654,441657,3,1907
439747,441611,441660,49,1864
439747,441606,441660,54,1859
439747,441610,441661,51,1863
439747,441592,441662,70,1845
439747,441594,441662,68,1847
439747,441617,441663,46,1870
439845,441654,441664,10,1809
439747,441640,441664,24,1893
439747,441593,441664,71,1846
439747,441606,441666,60,1859
439747,441617,441668,51,1870
439747,441630,441671,41,1883
439845,441655,441673,18,1810
439845,441654,441674,20,1809
439845,441655,441674,19,1810
439747,441639,441675,36,1892
439845,441654,441676,22,1809
439845,441671,441676,5,1826
439845,441674,441676,2,1829
439845,441673,441675,2,1828
439845,441674,441676,2,1829
439845,441675,441678,3,1830
439845,441654,441678,24,1809
439845,441668,441679,11,1823
439845,441655,441680,25,1810
439845,441676,441682,6,1831
439845,441657,441686,29,1812
439747,441638,441686,48,1891
439845,441676,441687,11,1831
439747,441636,441687,51,1889
439845,441656,441688,32,1811
439747,441638,441688,50,1891
439845,441664,441688,24,1819
439747,441636,441690,54,1889
439845,441655,441691,36,1810
439747,441630,441692,62,1883
439845,441657,441692,35,1812
439747,441638,441694,56,1891
439845,441655,441694,39,1810
439845,441664,441695,31,1819
439845,441660,441695,35,1815
439845,441655,441695,40,1810
439845,441676,441696,20,1831
439845,441657,441697,40,1812
439845,441666,441698,32,1821
439845,441662,441698,36,1817
439845,441676,441699,23,1831
439845,441677,441701,24,1832
439845,441661,441700,39,1816
439845,441679,441704,25,1834
439845,441660,441705,45,1815
439845,441658,441705,47,1813
439845,441663,441707,44,1818
439845,441689,441707,18,1844
439845,441688,441709,21,1843
439845,441687,441711,24,1842
439845,441690,441712,22,1845
439845,441686,441712,26,1841
439845,441694,441714,20,1849
439845,441662,441715,53,1817
439845,441664,441715,51,1819
439845,441692,441715,23,1847
439845,441688,441716,28,1843
439845,441687,441717,30,1842
439845,441692,441718,26,1847
439845,441691,441719,28,1846
439845,441678,441720,42,1833
439845,441678,441721,43,1833
439845,441694,441723,29,1849
439845,441680,441723,43,1835
439269,440917,441727,810,1648
439845,441686,441731,45,1841
439845,441695,441732,37,1850
439845,441682,441733,51,1837
439845,441696,441733,37,1851
439845,441695,441735,40,1850
439845,441695,441741,46,1850
439845,441701,441742,41,1856
439845,441697,441743,46,1852
439845,441705,441748,43,1860
439845,441698,441752,54,1853
439845,441709,441754,45,1864
439845,441701,441756,55,1856
439845,441699,441756,57,1854
439845,441712,441762,50,1867
439845,441707,441766,59,1862
439845,441707,441767,60,1862
439845,441699,441768,69,1854
439845,441705,441768,63,1860
439845,441705,441769,64,1860
439845,441712,441776,64,1867
439845,441712,441780,68,1867
439845,441721,441782,61,1876
439845,441715,441782,67,1870
439845,441715,441783,68,1870
439845,441717,441785,68,1872
439845,441727,441787,60,1882
439845,441716,441792,76,1871
439845,441714,441798,84,1869
439845,441718,441799,81,1873
439845,441720,441799,79,1875
439845,441724,441799,75,1879
439845,441734,441802,68,1889
439845,441719,441802,83,1874
439845,441742,441802,60,1897
439845,441731,441805,74,1886
439845,441732,441806,74,1887
439845,441716,441808,92,1871
439845,441723,441809,86,1878
439845,441733,441810,77,1888
439845,441756,441815,59,1911
439845,441757,441817,60,1912
439845,441748,441818,70,1903
439845,441741,441819,78,1896
439845,441735,441819,84,1890
439845,441762,441823,61,1917
439845,441754,441826,72,1909
439845,441743,441828,85,1898
439845,441767,441832,65,1922
439845,441767,441835,68,1922
439845,441768,441838,70,1923
439845,441752,441839,87,1907
439845,441769,441848,79,1924
439845,441768,441848,80,1923
439845,441787,441849,62,1942
439845,441780,441850,70,1935
439845,441785,441856,71,1940
439845,441783,441858,75,1938
439845,441776,441859,83,1931
439845,441782,441860,78,1937
439845,441782,441863,81,1937
439845,441803,441864,61,1958
439845,441802,441867,65,1957
439845,441792,441873,81,1947
439845,441805,441874,69,1960
439845,441799,441876,77,1954
439845,441798,441879,81,1953
439845,441819,441880,61,1974
439845,441799,441881,82,1954
439845,441817,441883,66,1972
439845,441818,441884,66,1973
439845,441881,441884,3,2036
439845,441815,441884,69,1970
439845,441808,441885,77,1963
439845,441883,441885,2,2038
439845,441884,441886,2,2039
439845,441884,441886,2,2039
439845,441884,441886,2,2039
439845,441885,441888,3,2040
439845,441886,441887,1,2041
439845,441823,441888,65,1978
439845,441799,441888,89,1954
439845,441802,441889,87,1957
439845,441881,441889,8,2036
439845,441809,441890,81,1964
439845,441811,441891,80,1966
439845,441826,441892,66,1981
439845,441806,441893,87,1961
439845,441832,441901,69,1987
439977,441888,441901,13,1911
439845,441879,441901,22,2034
439977,441886,441905,19,1909
439845,441819,441906,87,1974
439845,441849,441906,57,2004
439845,441867,441908,41,2022
439845,441828,441909,81,1983
439845,441835,441910,75,1990
439845,441839,441911,72,1994
439845,441876,441913,37,2031
439845,441838,441913,75,1993
439977,441901,441914,13,1924
439845,441873,441915,42,2028
439977,441886,441916,30,1909
439977,441905,441916,11,1928
439845,441850,441917,67,2005
439977,441892,441917,25,1915
439977,441916,441918,2,1939
439977,441917,441919,2,1940
439977,441916,441919,3,1939
439977,441889,441920,31,1912
439845,441849,441920,71,2004
439977,441918,441920,2,1941
439977,441918,441921,3,1941
439845,441848,441922,74,2003
439845,441856,441922,66,2011
439977,441893,441922,29,1916
439977,441888,441923,35,1911
439977,441919,441923,4,1942
439977,441916,441922,6,1939
439977,441901,441923,22,1924
439977,441889,441924,35,1912
439977,441923,441926,3,1946
439977,441923,441926,3,1946
439977,441889,441926,37,1912
439977,441923,441926,3,1946
439977,441901,441927,26,1924
439977,441923,441927,4,1946
439845,441858,441928,70,2013
439977,441926,441928,2,1949
439977,441926,441928,2,1949
439977,441889,441927,38,1912
439977,441919,441929,10,1942
439845,441864,441929,65,2019
439977,441925,441929,4,1948
439977,441926,441929,3,1949
439977,441926,441929,3,1949
439977,441920,441930,10,1943
439977,441927,441929,2,1950
439977,441928,441930,2,1951
439845,441859,441931,72,2014
439977,441928,441931,3,1951
439845,441860,441931,71,2015
439977,441928,441930,2,1951
439977,441928,441932,4,1951
439977,441929,441932,3,1952
439977,441922,441931,9,1945
439977,441928,441931,3,1951
439977,441929,441932,3,1952
439977,441913,441932,19,1936
439977,441929,441933,4,1952
439977,441929,441933,4,1952
439977,441920,441933,13,1943
439845,441863,441932,69,2018
439977,441890,441934,44,1913
439845,441874,441935,61,2029
439977,441910,441936,26,1933
439977,441929,441937,8,1952
439977,441913,441937,24,1936
439977,441922,441940,18,1945
439977,441914,441940,26,1937
439977,441930,441941,11,1953
439977,441893,441946,53,1916
439977,441921,441947,26,1944
439977,441912,441949,37,1935
439977,441906,441950,44,1929
439977,441921,441951,30,1944
439977,441908,441951,43,1931
439977,441906,441953,47,1929
439977,441922,441953,31,1945
439977,441930,441957,27,1953
439977,441909,441958,49,1932
439977,441949,441961,12,1972
439977,441930,441965,35,1953
439977,441947,441965,18,1970
439977,441950,441969,19,1973
439977,441931,441969,38,1954
439977,441931,441970,39,1954
439977,441931,441971,40,1954
439977,441931,441971,40,1954
439977,441951,441971,20,1974
439977,441932,441976,44,1955
439977,441932,441977,45,1955
439977,441932,441977,45,1955
439977,441932,441982,50,1955
439977,441933,441992,59,1956
439977,441936,441996,60,1959
439977,441933,442000,67,1956
439977,441932,442000,68,1955
439977,441935,442001,66,1958
439977,441932,442002,70,1955
439977,441940,442002,62,1963
439977,441937,442005,68,1960
439977,441933,442008,75,1956
439977,441934,442009,75,1957
439977,441941,442010,69,1964
439977,441937,442011,74,1960
439977,441946,442013,67,1969
439977,441952,442013,61,1975
439977,441934,442014,80,1957
439977,441958,442017,59,1981
439977,441940,442020,80,1963
439977,441965,442026,61,1988
439977,441953,442033,80,1976
439977,441954,442034,80,1977
439977,441965,442036,71,1988
439977,441961,442037,76,1984
439977,441976,442044,68,1999
439977,441971,442046,75,1994
439977,441969,442046,77,1992
439977,441958,442046,88,1981
439977,441977,442046,69,2000
439977,441992,442049,57,2015
439977,441982,442053,71,2005
439977,441971,442053,82,1994
439977,441972,442054,82,1995
439977,441969,442054,85,1992
439977,441996,442055,59,2019
439977,441971,442055,84,1994
439977,441977,442060,83,2000
439977,442055,442063,8,2078
439977,442055,442064,9,2078
439977,442054,442063,9,2077
439977,442054,442066,12,2077
439977,442060,442066,6,2083
439977,442064,442066,2,2087
439977,442002,442067,65,2025
439977,442064,442067,3,2087
439977,442063,442068,5,2086
439977,442066,442068,2,2089
439977,442067,442069,2,2090
439977,442066,442069,3,2089
439977,442001,442068,67,2024
439977,442066,442069,3,2089
439977,442067,442070,3,2090
439977,442069,442071,2,2092
439977,442069,442071,2,2092
439977,442068,442070,2,2091
439977,442069,442072,3,2092
439977,442069,442072,3,2092
439977,442069,442071,2,2092
439977,442070,442073,3,2093
439977,442071,442073,2,2094
439977,442071,442073,2,2094
439977,442013,442077,64,2036
439977,442053,442077,24,2076
439977,442017,442080,63,2040
439977,442010,442081,71,2033
439977,442005,442081,76,2028
439977,442002,442081,79,2025
439977,442000,442083,83,2023
439977,442000,442085,85,2023
439977,442047,442086,39,2070
439977,442053,442088,35,2076
439977,442008,442088,80,2031
439977,442009,442090,81,2032
439977,442015,442092,77,2038
439977,442013,442094,81,2036
439977,442011,442097,86,2034
439977,442026,442098,72,2049
439977,442020,442100,80,2043
440362,442098,442099,1,1736
440362,442097,442100,3,1735
440362,442100,442102,2,1738
440362,442100,442102,2,1738
440362,442102,442104,2,1740
440362,442104,442106,2,1742
440362,442102,442107,5,1740
440362,442073,442108,35,1711
440362,442106,442108,2,1744
440362,442107,442109,2,1745
440362,442108,442110,2,1746
439977,442036,442111,75,2059
440362,442108,442112,4,1746
440362,442072,442112,40,1710
440362,442072,442113,41,1710
439977,442033,442114,81,2056
440362,442100,442114,14,1738
440362,442073,442115,42,1711
439977,442049,442115,66,2072
439977,442044,442115,71,2067
440362,442077,442115,38,1715
440362,442113,442116,3,1751
440362,442072,442116,44,1710
440362,442115,442117,2,1753
440362,442114,442117,3,1752
440362,442114,442117,3,1752
440362,442115,442117,2,1753
440362,442115,442117,2,1753
440362,442110,442118,8,1748
440362,442110,442118,8,1748
440362,442116,442117,1,1754
440362,442117,442119,2,1755
440362,442116,442118,2,1754
440362,442116,442118,2,1754
440362,442112,442119,7,1750
440362,442117,442118,1,1755
440362,442117,442119,2,1755
440362,442080,442118,38,1718
440362,442117,442118,1,1755
439977,442034,442120,86,2057
440362,442118,442120,2,1756
440362,442118,442119,1,1756
440362,442117,442119,2,1755
440362,442081,442119,38,1719
440362,442119,442120,1,1757
440362,442119,442121,2,1757
440362,442118,442121,3,1756
439977,442046,442121,75,2069
440362,442119,442121,2,1757
440362,442081,442122,41,1719
439977,442037,442122,85,2060
440362,442119,442122,3,1757
440362,442119,442121,2,1757
440362,442120,442121,1,1758
440362,442111,442123,12,1749
440362,442120,442122,2,1758
440362,442119,442122,3,1757
440362,442120,442123,3,1758
440362,442120,442123,3,1758
440362,442119,442122,3,1757
440362,442120,442124,4,1758
440362,442112,442124,12,1750
440362,442081,442124,43,1719
440362,442120,442126,6,1758
439977,442046,442127,81,2069
440362,442088,442128,40,1726
440362,442073,442129,56,1711
440362,442120,442129,9,1758
440362,442086,442130,44,1724
440362,442094,442133,39,1732
440362,442121,442133,12,1759
440362,442083,442134,51,1721
440362,442086,442134,48,1724
440362,442078,442134,56,1716
439977,442046,442138,92,2069
440362,442088,442140,52,1726
440362,442090,442141,51,1728
440362,442123,442142,19,1761
440362,442123,442145,22,1761
440362,442121,442145,24,1759
440362,442121,442151,30,1759
440362,442092,442153,61,1730
440362,442121,442156,35,1759
440362,442123,442160,37,1761
440362,442122,442161,39,1760
440362,442125,442163,38,1763
440362,442122,442165,43,1760
440362,442122,442167,45,1760
440362,442125,442173,48,1763
440362,442123,442173,50,1761
440362,442122,442176,54,1760
440362,442128,442177,49,1766
440362,442123,442179,56,1761
440362,442131,442180,49,1769
440362,442140,442183,43,1778
440362,442130,442184,54,1768
440362,442126,442186,60,1764
440362,442123,442188,65,1761
440362,442123,442189,66,1761
440362,442129,442190,61,1767
440362,442133,442190,57,1771
440362,442125,442191,66,1763
440362,442127,442193,66,1765
440362,442133,442198,65,1771
440362,442134,442199,65,1772
440362,442142,442201,59,1780
440362,442138,442202,64,1776
440362,442134,442205,71,1772
440362,442145,442206,61,1783
440362,442141,442207,66,1779
440362,442134,442207,73,1772
439539,441294,442211,917,1755
440362,442145,442212,67,1783
440362,442156,442212,56,1794
440362,442162,442214,52,1800
440362,442212,442215,3,1850
440362,442211,442215,4,1849
440362,442212,442215,3,1850
440362,442151,442216,65,1789
440362,442215,442217,2,1853
440362,442214,442216,2,1852
440362,442215,442217,2,1853
440362,442215,442218,3,1853
440362,442216,442218,2,1854
440362,442217,442219,2,1855
440362,442160,442219,59,1798
440362,442217,442218,1,1855
440362,442207,442219,12,1845
440362,442217,442219,2,1855
440362,442218,442221,3,1856
440362,442219,442221,2,1857
440362,442219,442221,2,1857
440362,442218,442221,3,1856
440362,442219,442220,1,1857
440362,442153,442222,69,1791
440362,442220,442222,2,1858
440362,442219,442222,3,1857
440362,442221,442223,2,1859
440362,442173,442222,49,1811
440362,442221,442224,3,1859
440362,442221,442224,3,1859
440362,442221,442224,3,1859
440362,442221,442223,2,1859
440362,442222,442224,2,1860
440362,442222,442224,2,1860
440362,442207,442227,20,1845
440362,442223,442226,3,1861
440362,442165,442229,64,1803
439637,441418,442231,813,1781
440362,442163,442230,67,1801
440362,442174,442232,58,1812
440449,442224,442233,9,1775
440362,442180,442234,54,1818
440362,442177,442236,59,1815
440362,442167,442240,73,1805
440362,442184,442243,59,1822
440362,442176,442245,69,1814
440449,442223,442247,24,1774
440362,442207,442248,41,1845
440449,442227,442250,23,1778
440362,442186,442252,66,1824
440362,442190,442254,64,1828
440362,442183,442256,73,1821
440449,442233,442259,26,1784
440449,442232,442259,27,1783
440449,442224,442260,36,1775
440449,442225,442260,35,1776
440362,442179,442261,82,1817
440362,442193,442262,69,1831
440362,442202,442262,60,1840
440449,442259,442262,3,1810
440362,442188,442262,74,1826
440449,442261,442263,2,1812
440449,442260,442262,2,1811
440449,442259,442263,4,1810
440449,442262,442265,3,1813
440362,442201,442265,64,1839
440449,442227,442264,37,1778
440449,442262,442265,3,1813
440449,442262,442266,4,1813
440449,442265,442267,2,1816
440449,442252,442267,15,1803
440449,442254,442267,13,1805
440449,442265,442268,3,1816
440362,442198,442268,70,1836
440449,442265,442268,3,1816
440362,442190,442269,79,1828
440449,442267,442269,2,1818
440449,442266,442269,3,1817
440449,442267,442269,2,1818
440449,442267,442268,1,1818
440449,442265,442268,3,1816
440449,442264,442270,6,1815
440449,442256,442270,14,1807
440449,442268,442270,2,1819
440449,442268,442270,2,1819
440449,442224,442271,47,1775
440449,442263,442270,7,1814
440449,442269,442271,2,1820
440449,442269,442271,2,1820
440449,442269,442270,1,1820
440362,442191,442270,79,1829
440449,442269,442270,1,1820
440362,442190,442270,80,1828
440449,442224,442272,48,1775
440449,442269,442272,3,1820
440449,442250,442271,21,1801
440449,442269,442271,2,1820
440449,442270,442271,1,1821
440449,442268,442271,3,1819
440449,442270,442273,3,1821
440449,442263,442273,10,1814
440449,442271,442273,2,1822
440449,442271,442273,2,1822
440449,442271,442273,2,1822
440449,442270,442274,4,1821
440449,442263,442274,11,1814
440449,442271,442274,3,1822
440449,442271,442274,3,1822
440449,442271,442274,3,1822
440449,442270,442273,3,1821
440449,442272,442276,4,1823
440449,442271,442275,4,1822
440449,442272,442277,5,1823
440449,442263,442277,14,1814
440449,442248,442277,29,1799
440449,442231,442279,48,1782
440362,442199,442280,81,1837
440449,442232,442281,49,1783
440362,442205,442281,76,1843
440449,442243,442280,37,1794
440449,442234,442281,47,1785
440449,442226,442283,57,1777
440449,442240,442283,43,1791
440449,442272,442283,11,1823
440449,442272,442283,11,1823
440449,442229,442283,54,1780
440449,442236,442285,49,1787
440449,442245,442286,41,1796
440449,442272,442287,15,1823
440449,442274,442292,18,1825
440449,442286,442292,6,1837
440449,442287,442293,6,1838
440449,442247,442295,48,1798
439421,441045,442296,1251,1624
440449,442274,442297,23,1825
440449,442272,442302,30,1823
440449,442282,442303,21,1833
440449,442282,442305,23,1833
440449,442279,442316,37,1830
440449,442273,442316,43,1824
440449,442273,442316,43,1824
440449,442273,442318,45,1824
440449,442274,442320,46,1825
440449,442280,442321,41,1831
440449,442273,442322,49,1824
440449,442274,442324,50,1825
440449,442278,442325,47,1829
440449,442273,442328,55,1824
440449,442316,442329,13,1867
440449,442276,442330,54,1827
440449,442316,442330,14,1867
440449,442274,442331,57,1825
440449,442273,442332,59,1824
440449,442276,442334,58,1827
440449,442274,442336,62,1825
440449,442283,442336,53,1834
440449,442277,442338,61,1828
440449,442283,442339,56,1834
440449,442277,442339,62,1828
440449,442281,442340,59,1832
440449,442283,442341,58,1834
440449,442340,442342,2,1891
440449,442282,442343,61,1833
440449,442341,442344,3,1892
440449,442343,442344,1,1894
439496,441162,442345,1183,1666
440449,442343,442346,3,1894
440449,442345,442347,2,1896
440449,442344,442347,3,1895
440449,442285,442347,62,1836
440449,442339,442347,8,1890
440449,442345,442348,3,1896
440449,442284,442348,64,1835
440449,442283,442348,65,1834
440449,442346,442349,3,1897
440449,442347,442349,2,1898
440449,442347,442348,1,1898
440449,442347,442350,3,1898
440449,442347,442350,3,1898
440449,442348,442351,3,1899
440449,442349,442351,2,1900
440449,442348,442351,3,1899
440449,442348,442351,3,1899
440449,442349,442352,3,1900
440449,442296,442352,56,1847
440449,442349,442351,2,1900
440449,442350,442353,3,1901
440449,442351,442353,2,1902
440449,442351,442353,2,1902
440449,442350,442352,2,1901
440449,442352,442354,2,1903
440449,442351,442354,3,1902
440449,442351,442354,3,1902
440449,442352,442354,2,1903
440449,442352,442356,4,1903
440449,442302,442356,54,1853
440449,442353,442356,3,1904
440449,442292,442357,65,1843
440449,442339,442358,19,1890
440449,442293,442359,66,1844
440449,442336,442361,25,1887
440449,442296,442361,65,1847
440449,442292,442361,69,1843
440449,442332,442362,30,1883
440449,442303,442362,59,1854
440449,442305,442363,58,1856
440449,442297,442364,67,1848
440449,442328,442369,41,1879
440449,442316,442376,60,1867
440537,442354,442379,25,1817
440449,442338,442383,45,1889
440449,442330,442385,55,1881
440449,442325,442385,60,1876
440449,442324,442387,63,1875
440449,442322,442387,65,1873
440449,442330,442388,58,1881
440449,442329,442388,59,1880
440537,442387,442389,2,1850
440537,442388,442390,2,1851
440537,442388,442390,2,1851
440449,442318,442391,73,1869
440449,442320,442390,70,1871
440537,442389,442392,3,1852
440449,442321,442392,71,1872
440537,442390,442392,2,1853
440537,442387,442393,6,1850
440537,442356,442392,36,1819
440449,442334,442394,60,1885
440537,442394,442395,1,1857
440537,442390,442396,6,1853
440537,442393,442396,3,1856
440537,442357,442396,39,1820
440537,442394,442396,2,1857
440537,442386,442396,10,1849
440537,442395,442397,2,1858
440537,442396,442398,2,1859
440537,442396,442398,2,1859
440537,442396,442397,1,1859
440537,442396,442399,3,1859
440537,442396,442399,3,1859
440537,442397,442398,1,1860
440537,442354,442399,45,1817
440537,442398,442400,2,1861
440537,442391,442400,9,1854
440537,442398,442400,2,1861
440537,442398,442400,2,1861
440537,442376,442400,24,1839
440537,442355,442399,44,1818
440537,442354,442400,46,1817
440537,442399,442401,2,1862
440537,442399,442402,3,1862
440537,442400,442402,2,1863
440537,442399,442402,3,1862
440537,442400,442402,2,1863
440537,442400,442401,1,1863
440537,442392,442401,9,1855
440537,442399,442401,2,1862
440537,442400,442403,3,1863
440537,442400,442402,2,1863
440537,442401,442402,1,1864
440537,442385,442404,19,1848
440537,442401,442403,2,1864
440537,442354,442404,50,1817
440537,442401,442404,3,1864
440537,442391,442403,12,1854
440449,442331,442404,73,1882
440537,442402,442404,2,1865
440537,442402,442405,3,1865
440537,442356,442406,50,1819
440537,442358,442406,48,1821
440537,442402,442408,6,1865
440537,442392,442409,17,1855
440537,442369,442409,40,1832
440449,442336,442408,72,1887
440537,442356,442410,54,1819
440537,442361,442410,49,1824
440537,442354,442410,56,1817
440537,442392,442412,20,1855
440537,442402,442412,10,1865
440537,442359,442414,55,1822
440537,442402,442414,12,1865
440537,442362,442415,53,1825
440537,442363,442415,52,1826
440537,442363,442415,52,1826
440537,442361,442417,56,1824
440537,442365,442418,53,1828
440537,442361,442419,58,1824
440537,442402,442419,17,1865
440537,442379,442425,46,1842
440537,442402,442427,25,1865
440537,442383,442432,49,1846
440537,442403,442437,34,1866
440537,442403,442443,40,1866
440537,442403,442448,45,1866
440537,442404,442451,47,1867
440537,442404,442454,50,1867
440537,442404,442458,54,1867
440537,442409,442461,52,1872
440537,442405,442462,57,1868
440537,442404,442462,58,1867
440537,442409,442464,55,1872
440537,442404,442466,62,1867
440537,442415,442467,52,1878
440537,442404,442468,64,1867
440537,442412,442469,57,1875
440537,442405,442472,67,1868
440537,442415,442472,57,1878
440537,442414,442472,58,1877
440537,442410,442472,62,1873
440537,442406,442473,67,1869
440537,442409,442474,65,1872
440537,442407,442475,68,1870
440537,442420,442475,55,1883
440537,442419,442478,59,1882
440537,442418,442479,61,1881
440537,442410,442479,69,1873
440537,442408,442482,74,1871
440537,442412,442482,70,1875
440537,442415,442482,67,1878
440537,442427,442483,56,1890
440537,442410,442484,74,1873
440537,442418,442484,66,1881
440537,442414,442490,76,1877
440537,442425,442493,68,1888
440537,442437,442497,60,1900
440537,442451,442501,50,1914
440537,442497,442502,5,1960
440537,442482,442503,21,1945
440537,442501,442503,2,1964
440537,442502,442504,2,1965
440537,442432,442505,73,1895
440537,442504,442505,1,1967
440537,442448,442505,57,1911
440537,442503,442506,3,1966
440537,442443,442507,64,1906
440537,442505,442507,2,1968
440537,442505,442507,2,1968
440537,442505,442507,2,1968
440537,442505,442507,2,1968
439748,441654,442508,854,1906
440537,442506,442509,3,1969
440537,442493,442509,16,1956
440537,442507,442509,2,1970
440537,442507,442509,2,1970
440537,442507,442510,3,1970
440537,442507,442510,3,1970
440537,442508,442510,2,1971
440537,442508,442511,3,1971
440537,442509,442511,2,1972
440537,442509,442512,3,1972
440537,442509,442512,3,1972
440537,442479,442512,33,1942
440537,442509,442512,3,1972
440537,442454,442512,58,1917
440537,442510,442513,3,1973
440537,442510,442513,3,1973
440537,442510,442512,2,1973
440537,442511,442515,4,1974
440537,442475,442518,43,1938
440537,442464,442522,58,1927
440537,442461,442524,63,1924
440537,442458,442525,67,1921
440537,442467,442525,58,1930
440537,442462,442527,65,1925
440537,442490,442528,38,1953
440537,442472,442528,56,1935
440800,442512,442530,18,1712
440537,442469,442532,63,1932
440537,442466,442532,66,1929
440537,442462,442533,71,1925
440537,442472,442535,63,1935
440537,442475,442535,60,1938
440537,442472,442536,64,1935
440800,442527,442540,13,1727
440537,442468,442542,74,1931
440537,442484,442542,58,1947
440800,442525,442543,18,1725
440537,442472,442542,70,1935
440537,442473,442545,72,1936
440800,442512,442545,33,1712
440800,442542,442546,4,1742
440800,442543,442546,3,1743
440800,442543,442546,3,1743
440800,442545,442548,3,1745
440800,442545,442548,3,1745
440800,442542,442548,6,1742
440537,442479,442549,70,1942
440800,442546,442550,4,1746
440800,442541,442552,11,1741
440800,442546,442552,6,1746
440537,442483,442552,69,1946
440537,442474,442553,79,1937
440800,442550,442553,3,1750
440800,442552,442554,2,1752
440800,442550,442553,3,1750
440800,442552,442554,2,1752
440800,442537,442554,17,1737
440800,442552,442554,2,1752
440800,442512,442555,43,1712
440800,442512,442555,43,1712
440800,442553,442555,2,1753
440800,442553,442555,2,1753
440800,442554,442556,2,1754
440800,442554,442556,2,1754
440800,442554,442555,1,1754
440800,442554,442557,3,1754
440800,442548,442557,9,1748
440800,442554,442556,2,1754
440800,442547,442557,10,1747
440800,442555,442556,1,1755
440800,442556,442557,1,1756
440800,442555,442558,3,1755
440800,442556,442558,2,1756
440800,442555,442558,3,1755
440800,442556,442557,1,1756
440800,442535,442558,23,1735
440800,442557,442559,2,1757
440800,442555,442558,3,1755
440800,442513,442559,46,1713
440537,442482,442559,77,1945
440800,442557,442560,3,1757
440800,442558,442560,2,1758
440800,442557,442559,2,1757
440800,442558,442560,2,1758
440800,442557,442559,2,1757
440800,442557,442559,2,1757
440800,442557,442559,2,1757
440800,442548,442561,13,1748
440800,442532,442561,29,1732
440800,442558,442560,2,1758
440800,442558,442561,3,1758
440800,442559,442562,3,1759
440800,442513,442563,50,1713
440800,442548,442563,15,1748
440800,442559,442563,4,1759
440800,442512,442564,52,1712
440800,442530,442566,36,1730
440800,442513,442567,54,1713
440537,442480,442569,89,1943
440537,442482,442569,87,1945
440800,442559,442570,11,1759
440800,442515,442570,55,1715
440800,442530,442573,43,1730
440800,442518,442574,56,1718
440800,442524,442574,50,1724
440800,442532,442574,42,1732
440800,442522,442574,52,1722
440537,442484,442574,90,1947
440800,442526,442575,49,1726
440800,442535,442577,42,1735
440800,442533,442578,45,1733
440800,442559,442579,20,1759
440800,442528,442583,55,1728
440800,442573,442590,17,1773
440800,442569,442592,23,1769
440800,442560,442594,34,1760
440800,442559,442597,38,1759
440800,442577,442599,22,1777
440800,442560,442600,40,1760
440800,442560,442600,40,1760
440800,442574,442600,26,1774
440800,442571,442603,32,1771
440800,442561,442607,46,1761
440800,442562,442607,45,1762
440800,442561,442608,47,1761
440800,442560,442609,49,1760
440800,442562,442610,48,1762
440800,442563,442613,50,1763
440800,442562,442614,52,1762
440800,442564,442614,50,1764
440800,442575,442617,42,1775
440800,442575,442618,43,1775
440800,442560,442618,58,1760
440800,442563,442619,56,1763
440800,442563,442620,57,1763
440800,442567,442622,55,1767
440800,442570,442623,53,1770
440800,442566,442624,58,1766
440800,442561,442624,63,1761
440800,442564,442625,61,1764
440800,442574,442627,53,1774
440800,442599,442627,28,1799
440800,442624,442628,4,1824
440800,442624,442627,3,1824
440800,442623,442629,6,1823
440800,442626,442629,3,1826
440800,442627,442630,3,1827
440800,442627,442630,3,1827
440800,442574,442630,56,1774
440800,442574,442630,56,1774
440800,442628,442631,3,1828
440800,442579,442631,52,1779
440800,442628,442631,3,1828
440800,442629,442631,2,1829
440800,442629,442632,3,1829
440800,442630,442632,2,1830
440800,442630,442633,3,1830
440800,442630,442633,3,1830
440800,442630,442633,3,1830
440800,442631,442633,2,1831
440800,442613,442633,20,1813
440800,442569,442632,63,1769
440800,442631,442634,3,1831
440800,442607,442634,27,1807
440800,442632,442634,2,1832
440800,442631,442634,3,1831
440800,442632,442635,3,1832
440800,442633,442634,1,1833
440800,442633,442636,3,1833
440800,442633,442636,3,1833
440800,442633,442636,3,1833
440800,442633,442636,3,1833
440800,442634,442636,2,1834
440800,442633,442637,4,1833
440800,442634,442637,3,1834
440800,442620,442636,16,1820
440800,442633,442637,4,1833
440800,442578,442636,58,1778
440800,442622,442636,14,1822
440800,442636,442638,2,1836
440800,442600,442638,38,1800
440800,442634,442639,5,1834
440800,442634,442639,5,1834
440800,442636,442639,3,1836
440800,442635,442640,5,1835
440800,442618,442640,22,1818
440800,442618,442641,23,1818
440800,442603,442641,38,1803
440800,442609,442643,34,1809
440800,442619,442644,25,1819
440800,442617,442645,28,1817
440800,442594,442646,52,1794
440800,442583,442645,62,1783
440800,442615,442647,32,1815
440989,442640,442647,7,1651
440989,442640,442647,7,1651
440800,442590,442646,56,1790
440800,442600,442648,48,1800
440989,442647,442650,3,1658
440989,442648,442650,2,1659
440989,442647,442652,5,1658
440989,442650,442652,2,1661
440989,442651,442653,2,1662
440989,442647,442655,8,1658
440989,442652,442655,3,1663
440989,442652,442655,3,1663
440989,442653,442657,4,1664
440800,442607,442659,52,1807
440800,442610,442660,50,1810
440989,442659,442661,2,1670
440989,442660,442662,2,1671
440800,442592,442663,71,1792
440989,442657,442663,6,1668
440989,442661,442663,2,1672
440989,442662,442664,2,1673
440989,442647,442664,17,1658
440989,442663,442665,2,1674
440989,442663,442665,2,1674
440989,442663,442665,2,1674
440989,442664,442665,1,1675
440989,442665,442666,1,1676
440989,442655,442666,11,1666
440989,442665,442667,2,1676
440800,442597,442667,70,1797
440989,442655,442667,12,1666
440989,442655,442667,12,1666
440989,442665,442666,1,1676
440800,442608,442668,60,1808
440989,442667,442668,1,1678
440989,442665,442667,2,1676
440989,442667,442669,2,1678
440989,442666,442668,2,1677
440989,442666,442668,2,1677
440989,442667,442668,1,1678
440989,442667,442669,2,1678
440989,442667,442670,3,1678
440989,442668,442670,2,1679
440989,442667,442669,2,1678
440989,442668,442669,1,1679
440989,442668,442671,3,1679
440989,442669,442672,3,1680
440989,442637,442671,34,1648
440989,442669,442672,3,1680
440989,442669,442672,3,1680
440989,442669,442672,3,1680
440800,442600,442674,74,1800
440989,442670,442674,4,1681
440989,442671,442675,4,1682
440989,442670,442674,4,1681
440989,442637,442675,38,1648
440989,442670,442676,6,1681
440989,442638,442675,37,1649
440989,442642,442677,35,1653
440989,442645,442678,33,1656
440989,442671,442677,6,1682
440989,442646,442678,32,1657
440989,442671,442679,8,1682
440989,442646,442679,33,1657
440989,442644,442678,34,1655
440989,442639,442680,41,1650
440989,442637,442680,43,1648
440989,442637,442682,45,1648
440989,442639,442684,45,1650
440989,442643,442686,43,1654
440989,442636,442686,50,1647
440989,442637,442687,50,1648
440800,442614,442687,73,1814
440989,442636,442688,52,1647
440989,442638,442689,51,1649
440989,442641,442691,50,1652
440989,442637,442691,54,1648
440989,442673,442693,20,1684
440989,442639,442694,55,1650
440989,442637,442695,58,1648
440989,442672,442698,26,1683
440989,442673,442704,31,1684
440989,442678,442705,27,1689
440989,442672,442708,36,1683
440989,442674,442710,36,1685
440989,442682,442712,30,1693
440989,442675,442713,38,1686
440989,442684,442715,31,1695
440989,442673,442715,42,1684
439668,441537,442721,1184,1869
440989,442676,442722,46,1687
440989,442677,442724,47,1688
440989,442676,442725,49,1687
440989,442679,442726,47,1690
440989,442679,442726,47,1690
440989,442674,442729,55,1685
440989,442675,442730,55,1686
440989,442688,442735,47,1699
440989,442680,442737,57,1691
440989,442678,442738,60,1689
440989,442678,442738,60,1689
440989,442715,442738,23,1726
440989,442715,442738,23,1726
440989,442675,442739,64,1686
440989,442680,442742,62,1691
440989,442704,442745,41,1715
440989,442738,442747,9,1749
440989,442689,442748,59,1700
440989,442686,442749,63,1697
440989,442705,442750,45,1716
440989,442698,442750,52,1709
440989,442738,442751,13,1749
440989,442745,442751,6,1756
440989,442748,442752,4,1759
440989,442748,442752,4,1759
440989,442750,442752,2,1761
440989,442693,442751,58,1704
440989,442749,442752,3,1760
440989,442750,442752,2,1761
440989,442751,442753,2,1762
440989,442694,442753,59,1705
440989,442687,442753,66,1698
440989,442752,442754,2,1763
440989,442691,442753,62,1702
440989,442751,442753,2,1762
440989,442753,442755,2,1764
440989,442752,442755,3,1763
440989,442752,442754,2,1763
440989,442752,442754,2,1763
440989,442752,442754,2,1763
440989,442753,442756,3,1764
440989,442754,442756,2,1765
440989,442753,442755,2,1764
440989,442686,442755,69,1697
440989,442754,442757,3,1765
440989,442755,442757,2,1766
440989,442754,442757,3,1765
440989,442754,442757,3,1765
440989,442755,442758,3,1766
440989,442740,442758,18,1751
440989,442738,442758,20,1749
440989,442756,442759,3,1767
440989,442756,442759,3,1767
440989,442756,442759,3,1767
440989,442687,442759,72,1698
440989,442756,442758,2,1767
440989,442695,442760,65,1706
440989,442755,442759,4,1766
440989,442757,442760,3,1768
440989,442756,442759,3,1767
440989,442742,442760,18,1753
440989,442757,442760,3,1768
440989,442708,442761,53,1719
440989,442757,442760,3,1768
440989,442726,442762,36,1737
440989,442691,442762,71,1702
440989,442713,442764,51,1724
440989,442710,442767,57,1721
440989,442725,442769,44,1736
440989,442680,442774,94,1691
440989,442712,442774,62,1723
439846,441886,442776,890,2040
440989,442726,442780,54,1737
440989,442731,442782,51,1742
441136,442780,442784,4,1644
441136,442782,442785,3,1646
441136,442776,442786,10,1640
440989,442738,442785,47,1749
441136,442785,442787,2,1649
441136,442770,442786,16,1634
441136,442785,442787,2,1649
441136,442786,442788,2,1650
441136,442786,442788,2,1650
441136,442760,442789,29,1624
440989,442722,442789,67,1733
441136,442787,442790,3,1651
441136,442787,442790,3,1651
441136,442787,442791,4,1651
441136,442790,442792,2,1654
441136,442790,442793,3,1654
441136,442791,442792,1,1655
441136,442791,442793,2,1655
441136,442759,442793,34,1623
441136,442792,442794,2,1656
441136,442793,442795,2,1657
441136,442793,442795,2,1657
441136,442793,442794,1,1657
441136,442793,442795,2,1657
440989,442724,442795,71,1735
441136,442761,442796,35,1625
441136,442794,442795,1,1658
440989,442721,442797,76,1732
440989,442735,442797,62,1746
441136,442795,442796,1,1659
441136,442795,442796,1,1659
441136,442795,442797,2,1659
441136,442795,442796,1,1659
441136,442795,442796,1,1659
441136,442796,442798,2,1660
441136,442796,442798,2,1660
441136,442759,442798,39,1623
441136,442797,442799,2,1661
441136,442797,442799,2,1661
441136,442797,442799,2,1661
441136,442775,442799,24,1639
441136,442798,442800,2,1662
440989,442729,442800,71,1740
441136,442789,442800,11,1653
441136,442797,442800,3,1661
441136,442759,442800,41,1623
441136,442798,442799,1,1662
441136,442798,442799,1,1662
441136,442789,442800,11,1653
441136,442797,442799,2,1661
441136,442799,442801,2,1663
441136,442798,442801,3,1662
441136,442799,442801,2,1663
441136,442761,442801,40,1625
441136,442799,442801,2,1663
441136,442799,442803,4,1663
441136,442762,442803,41,1626
441136,442761,442804,43,1625
441136,442758,442804,46,1622
441136,442765,442804,39,1629
441136,442758,442805,47,1622
441136,442799,442806,7,1663
441136,442789,442806,17,1653
440989,442737,442806,69,1748
441136,442759,442806,47,1623
441136,442800,442806,6,1664
441136,442760,442808,48,1624
441136,442774,442807,33,1638
441136,442767,442809,42,1631
441136,442758,442808,50,1622
441136,442760,442812,52,1624
441136,442759,442814,55,1623
441136,442760,442814,54,1624
441136,442800,442816,16,1664
441136,442759,442816,57,1623
441136,442761,442818,57,1625
441136,442763,442818,55,1627
441136,442802,442820,18,1666
441136,442803,442820,17,1667
441136,442804,442821,17,1668
441136,442807,442822,15,1671
441136,442800,442824,24,1664
441136,442800,442824,24,1664
441136,442808,442824,16,1672
441136,442804,442828,24,1668
441136,442800,442829,29,1664
441136,442800,442829,29,1664
441136,442808,442830,22,1672
441136,442800,442833,33,1664
441136,442804,442834,30,1668
441136,442814,442840,26,1678
441136,442800,442841,41,1664
441136,442801,442841,40,1665
441136,442801,442843,42,1665
441136,442803,442845,42,1667
441136,442824,442845,21,1688
441136,442807,442846,39,1671
441136,442802,442848,46,1666
441136,442802,442848,46,1666
441136,442800,442848,48,1664
441136,442806,442850,44,1670
441136,442848,442850,2,1712
441136,442848,442850,2,1712
441136,442848,442850,2,1712
441136,442846,442851,5,1710
441136,442846,442852,6,1710
441136,442841,442852,11,1705
441136,442850,442852,2,1714
441136,442851,442853,2,1715
441136,442850,442853,3,1714
441136,442845,442853,8,1709
441136,442850,442852,2,1714
441136,442851,442854,3,1715
441136,442852,442854,2,1716
441136,442852,442854,2,1716
441136,442806,442855,49,1670
441136,442852,442854,2,1716
441136,442820,442856,36,1684
441136,442853,442856,3,1717
441136,442853,442855,2,1717
441136,442853,442855,2,1717
441136,442854,442856,2,1718
441136,442853,442855,2,1717
441136,442854,442856,2,1718
441136,442854,442857,3,1718
441136,442855,442857,2,1719
441136,442815,442856,41,1679
441136,442855,442857,2,1719
441136,442856,442859,3,1720
441136,442856,442859,3,1720
441136,442856,442859,3,1720
441136,442857,442859,2,1721
441136,442856,442859,3,1720
441136,442820,442859,39,1684
441136,442856,442858,2,1720
441136,442809,442860,51,1673
441136,442856,442859,3,1720
441136,442857,442860,3,1721
441136,442857,442861,4,1721
441136,442812,442861,49,1676
441136,442858,442861,3,1722
441136,442857,442860,3,1721
441136,442859,442862,3,1723
441136,442805,442861,56,1669
441136,442859,442862,3,1723
441136,442859,442861,2,1723
441136,442809,442863,54,1673
441136,442859,442864,5,1723
441136,442816,442864,48,1680
441136,442859,442865,6,1723
441136,442822,442865,43,1686
441136,442825,442866,41,1689
441136,442828,442866,38,1692
441136,442840,442867,27,1704
441136,442806,442869,63,1670
441136,442818,442871,53,1682
441136,442842,442876,34,1706
441136,442818,442879,61,1682
441136,442834,442882,48,1698
441136,442817,442884,67,1681
441136,442843,442887,44,1707
441136,442829,442887,58,1693
441312,442887,442889,2,1575
441136,442821,442889,68,1685
441312,442885,442890,5,1573
441312,442887,442890,3,1575
441136,442829,442891,62,1693
441312,442859,442891,32,1547
441312,442889,442890,1,1577
441312,442862,442892,30,1550
441312,442883,442892,9,1571
441312,442890,442892,2,1578
441312,442890,442892,2,1578
441136,442825,442894,69,1689
441312,442891,442894,3,1579
441312,442890,442894,4,1578
441312,442866,442895,29,1554
441312,442891,442896,5,1579
441312,442895,442897,2,1583
441312,442896,442898,2,1584
441312,442894,442898,4,1582
441312,442862,442899,37,1550
441312,442860,442899,39,1548
441312,442898,442900,2,1586
441312,442898,442900,2,1586
441312,442894,442900,6,1582
441312,442860,442901,41,1548
441312,442898,442901,3,1586
441312,442899,442901,2,1587
441312,442891,442902,11,1579
441312,442864,442902,38,1552
441312,442899,442901,2,1587
441312,442900,442901,1,1588
441312,442900,442902,2,1588
441312,442901,442903,2,1589
441312,442900,442903,3,1588
441312,442901,442904,3,1589
441312,442901,442904,3,1589
441312,442902,442904,2,1590
441312,442902,442904,2,1590
441312,442902,442904,2,1590
441312,442902,442905,3,1590
441312,442894,442905,11,1582
441312,442871,442905,34,1559
441312,442860,442904,44,1548
441312,442903,442905,2,1591
441312,442892,442906,14,1580
441312,442862,442907,45,1550
441312,442862,442907,45,1550
441312,442903,442907,4,1591
441312,442866,442907,41,1554
441312,442876,442906,30,1564
441312,442892,442907,15,1580
441136,442831,442908,77,1695
441312,442861,442907,46,1549
441312,442879,442908,29,1567
441312,442861,442908,47,1549
441312,442869,442908,39,1557
441312,442861,442908,47,1549
441312,442903,442908,5,1591
441312,442904,442910,6,1592
441312,442865,442909,44,1553
441136,442833,442911,78,1697
441312,442865,442912,47,1553
441312,442904,442913,9,1592
441312,442904,442914,10,1592
441312,442863,442914,51,1551
441312,442893,442915,22,1581
441312,442904,442916,12,1592
441312,442864,442915,51,1552
441312,442892,442918,26,1580
441312,442861,442919,58,1549
441312,442868,442920,52,1556
441312,442905,442926,21,1593
441312,442905,442932,27,1593
441312,442905,442943,38,1593
441312,442905,442944,39,1593
441312,442905,442947,42,1593
441312,442906,442947,41,1594
441312,442905,442948,43,1593
441312,442907,442950,43,1595
441312,442907,442953,46,1595
441312,442907,442954,47,1595
441312,442907,442955,48,1595
441312,442908,442957,49,1596
441312,442908,442960,52,1596
441312,442917,442960,43,1605
441312,442908,442961,53,1596
441312,442909,442961,52,1597
441312,442913,442962,49,1601
441312,442911,442962,51,1599
441312,442912,442962,50,1600
441312,442908,442963,55,1596
441312,442907,442964,57,1595
441312,442962,442965,3,1650
441312,442908,442965,57,1596
441312,442908,442965,57,1596
441312,442920,442965,45,1608
441312,442963,442966,3,1651
441312,442907,442966,59,1595
441312,442964,442966,2,1652
441312,442916,442967,51,1604
441312,442962,442967,5,1650
441312,442966,442967,1,1654
441312,442965,442967,2,1653
441312,442965,442966,1,1653
441312,442965,442967,2,1653
441312,442910,442967,57,1598
441312,442910,442967,57,1598
441312,442966,442969,3,1654
441312,442966,442969,3,1654
441312,442967,442969,2,1655
441312,442966,442969,3,1654
441312,442967,442969,2,1655
441312,442967,442968,1,1655
441312,442967,442970,3,1655
441312,442914,442970,56,1602
441312,442967,442970,3,1655
441312,442926,442971,45,1614
441312,442969,442971,2,1657
441312,442967,442970,3,1655
441312,442969,442971,2,1657
441312,442968,442971,3,1656
441312,442969,442971,2,1657
441312,442914,442970,56,1602
441312,442969,442972,3,1657
441312,442968,442971,3,1656
441312,442969,442971,2,1657
441312,442969,442972,3,1657
441312,442970,442973,3,1658
441312,442971,442973,2,1659
441312,442915,442973,58,1603
441312,442970,442973,3,1658
441312,442971,442973,2,1659
441312,442921,442972,51,1609
441312,442970,442972,2,1658
441312,442971,442972,1,1659
441312,442971,442974,3,1659
441312,442971,442974,3,1659
441312,442972,442974,2,1660
441312,442971,442973,2,1659
441312,442972,442975,3,1660
441312,442973,442975,2,1661
441312,442972,442975,3,1660
441312,442971,442974,3,1659
441312,442972,442976,4,1660
441312,442973,442976,3,1661
441312,442932,442976,44,1620
441312,442973,442976,3,1661
441312,442973,442976,3,1661
441312,442973,442976,3,1661
441312,442918,442978,60,1606
441312,442962,442979,17,1650
441312,442960,442979,19,1648
441443,442973,442984,11,1530
441443,442973,442984,11,1530
441312,442961,442989,28,1649
441443,442975,442991,16,1532
441312,442947,442992,45,1635
441312,442943,442994,51,1631
441443,442976,442995,19,1533
441312,442947,442997,50,1635
441443,442974,442998,24,1531
441312,442950,443000,50,1638
441443,442974,443000,26,1531
441443,442979,443001,22,1536
441443,442998,443001,3,1555
441443,442997,443002,5,1554
441443,442975,443002,27,1532
441443,442974,443003,29,1531
441312,442953,443003,50,1641
441443,443001,443002,1,1558
441443,443000,443003,3,1557
441443,443000,443002,2,1557
441443,443001,443003,2,1558
441443,442975,443003,28,1532
441443,443002,443003,1,1559
441443,443003,443004,1,1560
441443,443003,443005,2,1560
441443,443002,443005,3,1559
441443,443003,443004,1,1560
441443,443003,443005,2,1560
441312,442961,443005,44,1649
441443,442976,443006,30,1533
441312,442954,443006,52,1642
441443,443003,443005,2,1560
441312,442948,443007,59,1636
441443,443003,443007,4,1560
441312,442944,443007,63,1632
441443,442975,443006,31,1532
441443,442975,443007,32,1532
441312,442957,443008,51,1645
441443,442980,443009,29,1537
441312,442955,443010,55,1643
441443,443003,443011,8,1560
441443,442995,443011,16,1552
441443,442977,443011,34,1534
441443,442976,443012,36,1533
441443,443004,443012,8,1561
441443,442992,443012,20,1549
441443,442976,443013,37,1533
441443,442978,443014,36,1535
441312,442960,443016,56,1648
441443,442994,443016,22,1551
441443,443005,443018,13,1562
441443,443005,443019,14,1562
441443,442984,443020,36,1541
441443,442978,443020,42,1535
441443,443007,443024,17,1564
441443,443005,443028,23,1562
441443,443006,443028,22,1563
441443,443006,443030,24,1563
441443,443005,443031,26,1562
441443,443007,443032,25,1564
441443,443005,443032,27,1562
441443,443007,443033,26,1564
441443,443009,443034,25,1566
441443,443005,443034,29,1562
441443,443006,443036,30,1563
441443,443007,443037,30,1564
441443,443007,443038,31,1564
441443,443008,443038,30,1565
441443,442989,443042,53,1546
441443,442991,443044,53,1548
441443,442984,443045,61,1541
441443,443010,443049,39,1567
441443,443011,443051,40,1568
441443,443013,443051,38,1570
441443,443012,443055,43,1569
441443,443019,443066,47,1576
441443,443014,443066,52,1571
441443,443013,443065,52,1570
441443,443011,443066,55,1568
441443,443028,443070,42,1585
441443,443012,443070,58,1569
441443,443020,443071,51,1577
441443,443016,443075,59,1573
440364,442223,443079,856,1859
441443,443018,443080,62,1575
441443,443044,443080,36,1601
441443,443013,443085,72,1570
441443,443030,443085,55,1587
441443,443024,443085,61,1581
441443,443020,443089,69,1577
441443,443032,443090,58,1589
441443,443016,443090,74,1573
441443,443032,443091,59,1589
440450,442353,443103,750,1903
441443,443033,443104,71,1590
441443,443034,443106,72,1591
441443,443028,443107,79,1585
441443,443039,443107,68,1596
441443,443036,443107,71,1593
441443,443034,443108,74,1591
441443,443051,443110,59,1608
441443,443051,443111,60,1608
441443,443038,443112,74,1595
441443,443031,443112,81,1588
441443,443042,443113,71,1599
441443,443055,443112,57,1612
441443,443037,443114,77,1594
441443,443066,443122,56,1623
441443,443049,443127,78,1606
441443,443066,443128,62,1623
441443,443045,443130,85,1602
441443,443071,443130,59,1628
441443,443075,443134,59,1632
441443,443070,443135,65,1627
441443,443067,443141,74,1624
441443,443066,443144,78,1623
441443,443081,443144,63,1638
441443,443079,443144,65,1636
441443,443080,443146,66,1637
441443,443070,443149,79,1627
441443,443086,443152,66,1643
441443,443134,443158,24,1691
441443,443103,443159,56,1660
441443,443090,443162,72,1647
441443,443130,443164,34,1687
441443,443089,443168,79,1646
441443,443085,443169,84,1642
441443,443086,443173,87,1643
441443,443107,443176,69,1664
441443,443092,443178,86,1649
441443,443111,443180,69,1668
441443,443090,443180,90,1647
441443,443110,443180,70,1667
441443,443114,443183,69,1671
441443,443128,443185,57,1685
441443,443104,443185,81,1661
441443,443107,443186,79,1664
441443,443112,443187,75,1669
441443,443106,443188,82,1663
441443,443108,443191,83,1665
441443,443113,443193,80,1670
441443,443114,443194,80,1671
441443,443191,443194,3,1748
441443,443107,443194,87,1664
441443,443130,443195,65,1687
441443,443173,443195,22,1730
441443,443122,443196,74,1679
441443,443193,443196,3,1750
441443,443135,443196,61,1692
441443,443112,443195,83,1669
441443,443188,443201,13,1745
441443,443176,443204,28,1733
441443,443158,443206,48,1715
441443,443159,443208,49,1716
441448,443195,443209,14,1747
441443,443144,443209,65,1701
441448,443195,443211,16,1747
441443,443144,443212,68,1701
441443,443127,443213,86,1684
441443,443186,443214,28,1743
441443,443141,443217,76,1698
441448,443196,443217,21,1748
441443,443146,443218,72,1703
441443,443144,443219,75,1701
441443,443152,443220,68,1709
441443,443180,443220,40,1737
441443,443185,443221,36,1742
441448,443196,443221,25,1748
441443,443187,443220,33,1744
441443,443149,443224,75,1706
441443,443162,443224,62,1719
441448,443221,443225,4,1773
441448,443224,443226,2,1776
441448,443224,443226,2,1776
441448,443225,443228,3,1777
441448,443226,443227,1,1778
441448,443221,443229,8,1773
441448,443226,443230,4,1778
441448,443229,443230,1,1781
441448,443228,443232,4,1780
441448,443230,443232,2,1782
441448,443229,443233,4,1781
441448,443221,443233,12,1773
441448,443220,443233,13,1772
441448,443233,443235,2,1785
441448,443194,443235,41,1746
441448,443233,443235,2,1785
441448,443233,443237,4,1785
441448,443208,443237,29,1760
441448,443235,443236,1,1787
441448,443235,443237,2,1787
441448,443196,443238,42,1748
441443,443183,443238,55,1740
441448,443232,443237,5,1784
441448,443237,443239,2,1789
441448,443237,443239,2,1789
441448,443236,443239,3,1788
441448,443237,443240,3,1789
441448,443238,443239,1,1790
441448,443238,443239,1,1790
441448,443237,443241,4,1789
441448,443238,443241,3,1790
441448,443239,443240,1,1791
441448,443239,443240,1,1791
441448,443240,443242,2,1792
441448,443240,443242,2,1792
441448,443239,443241,2,1791
441448,443217,443242,25,1769
441448,443209,443243,34,1761
441448,443241,443243,2,1793
441448,443241,443243,2,1793
441448,443240,443242,2,1792
441448,443242,443244,2,1794
441448,443241,443244,3,1793
441448,443242,443244,2,1794
441443,443164,443244,80,1721
441448,443241,443243,2,1793
441448,443232,443245,13,1784
441443,443181,443244,63,1738
441448,443243,443245,2,1795
441448,443230,443244,14,1782
441448,443243,443246,3,1795
441448,443243,443246,3,1795
441448,443242,443245,3,1794
441443,443185,443246,61,1742
441448,443206,443247,41,1758
441443,443169,443247,78,1726
441448,443194,443247,53,1746
441448,443218,443248,30,1770
441448,443243,443247,4,1795
441448,443211,443251,40,1763
441448,443212,443253,41,1764
441448,443209,443253,44,1761
441448,443243,443253,10,1795
441448,443202,443253,51,1754
441448,443197,443254,57,1749
441448,443220,443255,35,1772
441443,443168,443255,87,1725
441448,443217,443256,39,1769
441448,443244,443257,13,1796
441448,443219,443256,37,1771
441443,443180,443258,78,1737
441448,443204,443260,56,1756
441448,443214,443261,47,1766
441443,443178,443261,83,1735
441448,443246,443264,18,1798
441448,443245,443265,20,1797
441448,443255,443269,14,1807
441448,443213,443269,56,1765
441448,443246,443276,30,1798
441448,443244,443277,33,1796
441448,443245,443282,37,1797
441448,443254,443282,28,1806
441448,443244,443284,40,1796
441448,443246,443284,38,1798
441448,443246,443285,39,1798
441448,443247,443289,42,1799
441448,443246,443290,44,1798
441448,443253,443292,39,1805
441448,443247,443293,46,1799
441448,443244,443293,49,1796
441448,443277,443294,17,1829
441448,443248,443293,45,1800
441448,443251,443293,42,1803
441448,443257,443296,39,1809
441448,443245,443298,53,1797
441448,443294,443299,5,1846
441448,443294,443299,5,1846
441448,443248,443299,51,1800
441448,443296,443300,4,1848
441448,443256,443300,44,1808
441448,443294,443299,5,1846
441448,443245,443301,56,1797
441448,443299,443301,2,1851
441448,443299,443301,2,1851
441448,443300,443302,2,1852
441448,443299,443302,3,1851
441448,443253,443302,49,1805
441448,443300,443301,1,1852
441448,443298,443302,4,1850
441448,443247,443303,56,1799
441448,443301,443302,1,1853
441448,443301,443304,3,1853
441448,443302,443304,2,1854
441448,443302,443304,2,1854
441448,443301,443304,3,1853
441448,443302,443304,2,1854
441448,443303,443305,2,1855
441448,443302,443304,2,1854
441448,443282,443305,23,1834
441448,443303,443305,2,1855
441448,443303,443306,3,1855
441448,443304,443306,2,1856
441448,443303,443306,3,1855
441448,443304,443306,2,1856
441448,443293,443307,14,1845
441448,443304,443306,2,1856
441448,443305,443307,2,1857
441448,443305,443307,2,1857
441448,443305,443308,3,1857
441448,443265,443308,43,1817
441448,443306,443308,2,1858
441448,443305,443307,2,1857
441448,443306,443308,2,1858
441448,443305,443308,3,1857
441448,443305,443308,3,1857
441448,443306,443309,3,1858
441448,443306,443308,2,1858
441448,443307,443309,2,1859
441448,443293,443309,16,1845
441448,443307,443310,3,1859
441448,443307,443309,2,1859
441448,443307,443310,3,1859
441448,443308,443311,3,1860
441448,443308,443311,3,1860
441448,443308,443312,4,1860
441448,443253,443313,60,1805
441448,443269,443313,44,1821
441448,443253,443313,60,1805
441448,443264,443313,49,1816
441448,443292,443313,21,1844
441448,443290,443313,23,1842
441471,443308,443313,5,1837
439978,442072,443316,1244,2094
441448,443257,443316,59,1809
441448,443269,443323,54,1821
441448,443256,443323,67,1808
441448,443258,443324,66,1810
441448,443260,443323,63,1812
441448,443261,443324,63,1813
441471,443314,443325,11,1843
441471,443314,443326,12,1843
441448,443262,443327,65,1814
441471,443326,443328,2,1855
441471,443326,443329,3,1855
441448,443276,443329,53,1828
441471,443325,443328,3,1854
441471,443316,443329,13,1845
441471,443327,443330,3,1856
441471,443329,443331,2,1858
441471,443324,443330,6,1853
441471,443328,443331,3,1857
441471,443329,443333,4,1858
441448,443285,443333,48,1837
441448,443282,443334,52,1834
441471,443314,443334,20,1843
441471,443331,443334,3,1860
441448,443289,443334,45,1841
441471,443333,443335,2,1862
441471,443333,443336,3,1862
441471,443331,443336,5,1860
441471,443334,443335,1,1863
441448,443284,443337,53,1836
441471,443334,443337,3,1863
441471,443334,443337,3,1863
441471,443334,443336,2,1863
441471,443324,443337,13,1853
441471,443335,443337,2,1864
441471,443308,443338,30,1837
441471,443329,443338,9,1858
441471,443336,443338,2,1865
441471,443331,443337,6,1860
441471,443310,443338,28,1839
441471,443336,443337,1,1865
441471,443337,443338,1,1866
441471,443337,443339,2,1866
441471,443330,443339,9,1859
441471,443336,443338,2,1865
441471,443337,443339,2,1866
441448,443284,443338,54,1836
441471,443338,443340,2,1867
441471,443338,443340,2,1867
441471,443337,443339,2,1866
441471,443338,443340,2,1867
441471,443338,443340,2,1867
441471,443338,443340,2,1867
441471,443337,443339,2,1866
441471,443329,443339,10,1858
441471,443337,443339,2,1866
441471,443338,443341,3,1867
441471,443339,443341,2,1868
441471,443338,443340,2,1867
441471,443323,443342,19,1852
441471,443339,443342,3,1868
441471,443313,443342,29,1842
441471,443339,443343,4,1868
440538,442511,443343,832,1973
441471,443339,443342,3,1868
441471,443340,443343,3,1869
441471,443340,443344,4,1869
441471,443340,443344,4,1869
441471,443323,443346,23,1852
441471,443309,443348,39,1838
441471,443311,443351,40,1840
441471,443309,443353,44,1838
441471,443316,443353,37,1845
441471,443312,443353,41,1841
441471,443311,443354,43,1840
441471,443313,443354,41,1842
441471,443340,443355,15,1869
441471,443309,443356,47,1838
441471,443308,443357,49,1837
441471,443310,443358,48,1839
441471,443314,443357,43,1843
441471,443309,443359,50,1838
441471,443340,443364,24,1869
441471,443311,443366,55,1840
441471,443313,443367,54,1842
441471,443340,443370,30,1869
441471,443340,443372,32,1869
441471,443348,443373,25,1877
441471,443342,443376,34,1871
441471,443342,443378,36,1871
441471,443346,443380,34,1875
441471,443341,443381,40,1870
441471,443341,443382,41,1870
441471,443340,443384,44,1869
441471,443341,443384,43,1870
441471,443351,443385,34,1880
441471,443343,443388,45,1872
441471,443344,443389,45,1873
441471,443340,443389,49,1869
441471,443353,443389,36,1882
441471,443342,443391,49,1871
441471,443343,443391,48,1872
441471,443343,443391,48,1872
441471,443391,443394,3,1920
441471,443340,443394,54,1869
441471,443343,443394,51,1872
441471,443356,443394,38,1885
441471,443359,443394,35,1888
441471,443353,443394,41,1882
441471,443354,443395,41,1883
441471,443354,443394,40,1883
441471,443392,443395,3,1921
441471,443344,443396,52,1873
441471,443391,443396,5,1920
441471,443394,443396,2,1923
441471,443394,443396,2,1923
441471,443394,443397,3,1923
441471,443395,443397,2,1924
441471,443394,443397,3,1923
441471,443394,443396,2,1923
441471,443395,443397,2,1924
441471,443394,443397,3,1923
441471,443395,443398,3,1924
441471,443396,443398,2,1925
441471,443396,443398,2,1925
441471,443397,443399,2,1926
441471,443397,443399,2,1926
441471,443396,443399,3,1925
441471,443366,443398,32,1895
441471,443397,443399,2,1926
441471,443367,443400,33,1896
441471,443397,443400,3,1926
441471,443397,443400,3,1926
441471,443397,443400,3,1926
441471,443389,443401,12,1918
441471,443398,443401,3,1927
441471,443397,443401,4,1926
441471,443399,443401,2,1928
441471,443398,443401,3,1927
441471,443399,443401,2,1928
441471,443398,443402,4,1927
441471,443399,443402,3,1928
441471,443399,443403,4,1928
441471,443389,443402,13,1918
441471,443399,443403,4,1928
441471,443400,443402,2,1929
441471,443401,443404,3,1930
441471,443400,443404,4,1929
441471,443401,443404,3,1930
441471,443400,443403,3,1929
441471,443401,443405,4,1930
441471,443400,443404,4,1929
441471,443401,443406,5,1930
441471,443401,443406,5,1930
441471,443364,443407,43,1893
441471,443402,443407,5,1931
441471,443389,443409,20,1918
441471,443358,443410,52,1887
441471,443357,443410,53,1886
441471,443358,443410,52,1887
441471,443384,443412,28,1913
441471,443353,443413,60,1882
441471,443389,443414,25,1918
441471,443355,443415,60,1884
441471,443370,443421,51,1899
441471,443384,443422,38,1913
441471,443376,443422,46,1905
441471,443385,443424,39,1914
441471,443373,443426,53,1902
441618,443404,443427,23,1786
441618,443426,443428,2,1808
441471,443378,443428,50,1907
441618,443424,443428,4,1806
441618,443402,443429,27,1784
441618,443427,443429,2,1809
441618,443428,443430,2,1810
441618,443428,443429,1,1810
441618,443414,443429,15,1796
441618,443428,443429,1,1810
441618,443429,443430,1,1811
441618,443430,443432,2,1812
441618,443430,443432,2,1812
441618,443430,443432,2,1812
441618,443431,443432,1,1813
441618,443431,443432,1,1813
441618,443431,443433,2,1813
441618,443432,443434,2,1814
441618,443407,443435,28,1789
441618,443432,443435,3,1814
441471,443381,443435,54,1910
441618,443433,443435,2,1815
441618,443433,443436,3,1815
441618,443434,443436,2,1816
441618,443432,443436,4,1814
441618,443435,443437,2,1817
441471,443372,443437,65,1901
441618,443434,443436,2,1816
441618,443435,443437,2,1817
441471,443380,443436,56,1909
441618,443435,443438,3,1817
441618,443435,443438,3,1817
441618,443437,443439,2,1819
441618,443436,443438,2,1818
441618,443437,443439,2,1819
441618,443404,443439,35,1786
441618,443436,443438,2,1818
441618,443436,443440,4,1818
441618,443437,443440,3,1819
441618,443437,443439,2,1819
441618,443437,443440,3,1819
441618,443439,443441,2,1821
441618,443438,443440,2,1820
441618,443438,443442,4,1820
441618,443403,443442,39,1785
441618,443439,443442,3,1821
441618,443404,443441,37,1786
441618,443403,443444,41,1785
441618,443422,443444,22,1804
441618,443439,443444,5,1821
441471,443384,443445,61,1913
441618,443405,443445,40,1787
441618,443404,443445,41,1786
441618,443406,443448,42,1788
441618,443413,443448,35,1795
441618,443403,443450,47,1785
441618,443406,443451,45,1788
441618,443439,443451,12,1821
441618,443405,443452,47,1787
441618,443407,443452,45,1789
441618,443421,443454,33,1803
441618,443411,443455,44,1793
441618,443404,443456,52,1786
441618,443412,443457,45,1794
441618,443410,443457,47,1792
441618,443422,443458,36,1804
441618,443409,443461,52,1791
441618,443410,443463,53,1792
441618,443415,443463,48,1797
441618,443439,443464,25,1821
441618,443442,443464,22,1824
441618,443442,443470,28,1824
441618,443442,443474,32,1824
441618,443441,443479,38,1823
441618,443440,443487,47,1822
441618,443440,443489,49,1822
441618,443440,443491,51,1822
441618,443441,443493,52,1823
441618,443442,443495,53,1824
441618,443444,443501,57,1826
441618,443441,443504,63,1823
441618,443444,443507,63,1826
441618,443452,443511,59,1834
441618,443454,443511,57,1836
441618,443451,443515,64,1833
441618,443448,443515,67,1830
441618,443446,443515,69,1828
441618,443452,443517,65,1834
441618,443445,443518,73,1827
441618,443455,443519,64,1837
441618,443448,443520,72,1830
441618,443457,443520,63,1839
441618,443444,443523,79,1826
441618,443457,443524,67,1839
441618,443462,443527,65,1844
441618,443451,443530,79,1833
441618,443446,443531,85,1828
441618,443450,443532,82,1832
441618,443464,443533,69,1846
441618,443458,443535,77,1840
441618,443515,443535,20,1897
441618,443474,443536,62,1856
441618,443465,443536,71,1847
441618,443470,443539,69,1852
441618,443479,443539,60,1861
441618,443463,443540,77,1845
441618,443463,443542,79,1845
441618,443487,443547,60,1869
441618,443493,443554,61,1875
441618,443456,443555,99,1838
441618,443495,443560,65,1877
441618,443539,443563,24,1921
441618,443501,443566,65,1883
441618,443511,443568,57,1893
441618,443536,443569,33,1918
441618,443566,443571,5,1948
441618,443489,443572,83,1871
441618,443568,443571,3,1950
441618,443492,443573,81,1874
441618,443571,443574,3,1953
441618,443569,443573,4,1951
441618,443572,443575,3,1954
441618,443572,443575,3,1954
441618,443573,443576,3,1955
441618,443535,443576,41,1917
441618,443574,443576,2,1956
441618,443575,443577,2,1957
441618,443515,443577,62,1897
441618,443574,443577,3,1956
441618,443547,443578,31,1929
441618,443575,443578,3,1957
441618,443576,443578,2,1958
441618,443516,443577,61,1898
441618,443576,443577,1,1958
441618,443577,443579,2,1959
441618,443511,443579,68,1893
441618,443505,443579,74,1887
441618,443520,443579,59,1902
441618,443577,443579,2,1959
441618,443577,443580,3,1959
441618,443577,443579,2,1959
441618,443519,443581,62,1901
441618,443578,443580,2,1960
441618,443578,443580,2,1960
441618,443578,443582,4,1960
441618,443524,443582,58,1906
441618,443564,443584,20,1946
441618,443517,443587,70,1899
441618,443507,443591,84,1889
441618,443539,443591,52,1921
441618,443560,443592,32,1942
441618,443554,443595,41,1936
441618,443527,443595,68,1909
441618,443520,443596,76,1902
441618,443536,443599,63,1918
441618,443555,443600,45,1937
441618,443533,443604,71,1915
441618,443523,443605,82,1905
441618,443518,443609,91,1900
441728,443580,443609,29,1852
441618,443532,443610,78,1914
441618,443531,443611,80,1913
441728,443609,443612,3,1881
441618,443531,443612,81,1913
441728,443579,443612,33,1851
441728,443610,443613,3,1882
441728,443579,443613,34,1851
441728,443612,443614,2,1884
441728,443612,443614,2,1884
441728,443611,443614,3,1883
441728,443581,443614,33,1853
441728,443612,443615,3,1884
441728,443613,443615,2,1885
441728,443614,443616,2,1886
441728,443614,443615,1,1886
441728,443613,443615,2,1885
441728,443614,443615,1,1886
441728,443614,443616,2,1886
441728,443615,443616,1,1887
441728,443616,443618,2,1888
441728,443616,443618,2,1888
441728,443579,443618,39,1851
441728,443616,443617,1,1888
441618,443535,443617,82,1917
441728,443615,443617,2,1887
441728,443616,443619,3,1888
441728,443616,443619,3,1888
441728,443618,443619,1,1890
441728,443618,443620,2,1890
441728,443618,443620,2,1890
441728,443618,443619,1,1890
441618,443540,443621,81,1922
441728,443618,443621,3,1890
441728,443618,443620,2,1890
441728,443619,443621,2,1891
441728,443620,443621,1,1892
441728,443620,443622,2,1892
441728,443620,443622,2,1892
441728,443620,443622,2,1892
441728,443618,443621,3,1890
441728,443619,443621,2,1891
441728,443579,443623,44,1851
441728,443609,443623,14,1881
441728,443621,443623,2,1893
441728,443621,443623,2,1893
441728,443622,443624,2,1894
441728,443622,443624,2,1894
441728,443621,443624,3,1893
441728,443622,443624,2,1894
441728,443622,443624,2,1894
441728,443592,443625,33,1864
441618,443542,443625,83,1924
441728,443622,443624,2,1894
441728,443605,443625,20,1877
441728,443583,443624,41,1855
441728,443622,443627,5,1894
441728,443595,443628,33,1867
441728,443584,443630,46,1856
441728,443579,443630,51,1851
441728,443599,443631,32,1871
441728,443581,443632,51,1853
441728,443581,443635,54,1853
441728,443580,443636,56,1852
441728,443582,443637,55,1854
441728,443591,443637,46,1863
441728,443622,443639,17,1894
441728,443600,443639,39,1872
441728,443591,443639,48,1863
441728,443604,443640,36,1876
441728,443587,443641,54,1859
441728,443580,443642,62,1852
441728,443595,443644,49,1867
441728,443623,443649,26,1895
441728,443596,443649,53,1868
441728,443624,443665,41,1896
441728,443624,443665,41,1896
441728,443623,443668,45,1895
441728,443625,443668,43,1897
441728,443624,443669,45,1896
441728,443623,443674,51,1895
441728,443624,443674,50,1896
441728,443625,443677,52,1897
441728,443625,443677,52,1897
441728,443624,443682,58,1896
441728,443629,443683,54,1901
441728,443631,443684,53,1903
441728,443627,443687,60,1899
441728,443625,443687,62,1897
441728,443624,443688,64,1896
441728,443630,443691,61,1902
441728,443637,443691,54,1909
441728,443641,443692,51,1913
441728,443635,443694,59,1907
441728,443625,443695,70,1897
441728,443632,443697,65,1904
441728,443640,443697,57,1912
441728,443630,443698,68,1902
441136,442859,443702,843,1723
441728,443644,443703,59,1916
441728,443637,443704,67,1909
441728,443639,443705,66,1911
441728,443636,443707,71,1908
441728,443642,443707,65,1914
441728,443639,443711,72,1911
441728,443649,443712,63,1921
441728,443640,443712,72,1912
441728,443665,443718,53,1937
441728,443649,443719,70,1921
441728,443665,443721,56,1937
441728,443684,443723,39,1956
441728,443678,443723,45,1950
441728,443683,443724,41,1955
441728,443723,443725,2,1995
441728,443724,443726,2,1996
441728,443723,443726,3,1995
441728,443725,443727,2,1997
441728,443726,443728,2,1998
441728,443726,443728,2,1998
441728,443670,443728,58,1942
441728,443727,443729,2,1999
441728,443669,443728,59,1941
441728,443728,443730,2,2000
441728,443728,443730,2,2000
441728,443668,443730,62,1940
441728,443728,443730,2,2000
441728,443729,443731,2,2001
441728,443730,443731,1,2002
441728,443730,443732,2,2002
441728,443677,443732,55,1949
441728,443730,443732,2,2002
441728,443730,443732,2,2002
441728,443674,443732,58,1946
441728,443730,443734,4,2002
441728,443732,443734,2,2004
441728,443732,443734,2,2004
441728,443731,443733,2,2003
441728,443733,443735,2,2005
441728,443732,443734,2,2004
441728,443732,443734,2,2004
441728,443732,443734,2,2004
441728,443722,443736,14,1994
441728,443734,443737,3,2006
441728,443674,443741,67,1946
441728,443703,443742,39,1975
441728,443712,443747,35,1984
441728,443691,443748,57,1963
441728,443697,443751,54,1969
441728,443683,443752,69,1955
441728,443694,443755,61,1966
441728,443687,443755,68,1959
442212,443735,443756,21,1523
441728,443720,443757,37,1992
441728,443702,443758,56,1974
442212,443734,443759,25,1522
441728,443687,443760,73,1959
441728,443695,443760,65,1967
441728,443719,443761,42,1991
441728,443697,443763,66,1969
441728,443712,443763,51,1984
441728,443691,443764,73,1963
441728,443689,443765,76,1961
441728,443692,443770,78,1964
442212,443766,443770,4,1554
442212,443735,443773,38,1523
442212,443764,443772,8,1552
442212,443771,443773,2,1559
442212,443770,443773,3,1558
442212,443736,443775,39,1524
442212,443752,443775,23,1540
442212,443773,443775,2,1561
442212,443773,443775,2,1561
442212,443773,443774,1,1561
442212,443735,443776,41,1523
442212,443773,443775,2,1561
442212,443775,443776,1,1563
442212,443776,443777,1,1564
442212,443775,443777,2,1563
442212,443775,443778,3,1563
442212,443775,443778,3,1563
442212,443776,443777,1,1564
442212,443777,443779,2,1565
442212,443776,443779,3,1564
442212,443777,443779,2,1565
442212,443777,443780,3,1565
442212,443778,443780,2,1566
442212,443778,443780,2,1566
442212,443735,443780,45,1523
442212,443779,443781,2,1567
441728,443698,443781,83,1970
442212,443779,443781,2,1567
442212,443778,443780,2,1566
442212,443779,443781,2,1567
442212,443780,443782,2,1568
442212,443780,443782,2,1568
442212,443781,443782,1,1569
442212,443781,443783,2,1569
442212,443780,443783,3,1568
442212,443734,443783,49,1522
442212,443761,443782,21,1549
442212,443781,443783,2,1569
442212,443781,443784,3,1569
442212,443782,443784,2,1570
442212,443781,443784,3,1569
441728,443707,443784,77,1979
442212,443783,443785,2,1571
442212,443783,443784,1,1571
442212,443782,443785,3,1570
442212,443783,443785,2,1571
442212,443783,443784,1,1571
442212,443781,443784,3,1569
442212,443783,443785,2,1571
441728,443711,443786,75,1983
442212,443755,443786,31,1543
441728,443705,443786,81,1977
442212,443783,443785,2,1571
442212,443763,443788,25,1551
442212,443784,443788,4,1572
441728,443705,443788,83,1977
442212,443748,443789,41,1536
442212,443742,443790,48,1530
442212,443784,443792,8,1572
442212,443737,443792,55,1525
442212,443756,443792,36,1544
442212,443747,443793,46,1535
442212,443741,443794,53,1529
442212,443758,443795,37,1546
442212,443760,443795,35,1548
442212,443759,443796,37,1547
442212,443763,443796,33,1551
441728,443707,443798,91,1979
442212,443755,443799,44,1543
442212,443751,443800,49,1539
442212,443757,443804,47,1545
442212,443784,443812,28,1572
442212,443760,443814,54,1548
442212,443784,443817,33,1572
442212,443785,443818,33,1573
442212,443785,443824,39,1573
442212,443785,443825,40,1573
442212,443785,443827,42,1573
442212,443785,443832,47,1573
442212,443786,443834,48,1574
440800,442636,443834,1198,1836
442212,443790,443837,47,1578
442212,443785,443840,55,1573
442212,443792,443840,48,1580
442212,443788,443841,53,1576
442212,443789,443841,52,1577
442212,443786,443843,57,1574
442212,443786,443844,58,1574
442212,443792,443844,52,1580
442212,443788,443845,57,1576
442212,443793,443847,54,1581
442212,443800,443849,49,1588
442212,443786,443850,64,1574
442212,443796,443850,54,1584
442212,443796,443849,53,1584
442212,443795,443851,56,1583
442212,443792,443851,59,1580
442212,443786,443852,66,1574
442212,443795,443854,59,1583
442212,443799,443854,55,1587
442212,443794,443856,62,1582
442212,443788,443856,68,1576
442212,443856,443864,8,1644
442212,443856,443868,12,1644
442212,443798,443868,70,1586
442212,443864,443869,5,1652
442212,443804,443870,66,1592
442212,443868,443871,3,1656
442212,443868,443872,4,1656
442212,443812,443873,61,1600
442212,443870,443873,3,1658
442212,443870,443873,3,1658
442212,443851,443874,23,1639
442212,443872,443874,2,1660
442212,443872,443875,3,1660
442212,443818,443875,57,1606
442212,443873,443875,2,1661
442212,443873,443876,3,1661
442212,443874,443876,2,1662
442212,443873,443876,3,1661
442212,443827,443877,50,1615
442212,443874,443877,3,1662
442212,443875,443877,2,1663
442212,443817,443878,61,1605
442212,443875,443878,3,1663
442212,443876,443878,2,1664
442212,443876,443878,2,1664
442212,443876,443879,3,1664
442212,443877,443879,2,1665
442212,443825,443878,53,1613
442212,443877,443879,2,1665
442212,443876,443880,4,1664
442212,443877,443880,3,1665
442212,443878,443880,2,1666
442212,443878,443881,3,1666
442212,443815,443882,67,1603
442212,443878,443881,3,1666
442212,443879,443882,3,1667
442212,443879,443882,3,1667
442212,443878,443882,4,1666
442212,443879,443882,3,1667
442212,443824,443883,59,1612
442212,443879,443882,3,1667
442212,443854,443884,30,1642
442212,443834,443885,51,1622
442212,443847,443885,38,1635
442212,443854,443885,31,1642
442212,443880,443886,6,1668
442212,443852,443890,38,1640
442212,443837,443893,56,1625
442231,443885,443894,9,1654
442212,443845,443895,50,1633
442231,443886,443895,9,1655
442212,443832,443895,63,1620
442231,443882,443900,18,1651
442231,443883,443900,17,1652
442231,443886,443902,16,1655
442212,443834,443902,68,1622
442212,443844,443901,57,1632
442212,443840,443903,63,1628
442212,443841,443904,63,1629
442231,443885,443905,20,1654
442231,443904,443906,2,1673
442231,443883,443907,24,1652
442231,443903,443906,3,1672
442231,443905,443907,2,1674
442231,443906,443908,2,1675
442231,443907,443909,2,1676
442231,443884,443909,25,1653
442212,443849,443908,59,1637
442231,443907,443908,1,1676
442231,443903,443910,7,1672
442231,443908,443910,2,1677
442231,443907,443909,2,1676
442212,443851,443910,59,1639
442231,443909,443910,1,1678
442231,443909,443911,2,1678
442231,443909,443911,2,1678
442231,443909,443911,2,1678
442231,443910,443912,2,1679
442231,443910,443912,2,1679
442212,443840,443912,72,1628
442231,443910,443912,2,1679
442231,443910,443911,1,1679
442231,443911,443914,3,1680
442231,443911,443913,2,1680
442231,443912,443914,2,1681
442231,443912,443914,2,1681
442231,443911,443913,2,1680
442231,443912,443913,1,1681
442231,443912,443913,1,1681
442231,443912,443913,1,1681
442231,443912,443915,3,1681
442231,443914,443916,2,1683
442231,443914,443915,1,1683
442231,443914,443916,2,1683
442231,443914,443916,2,1683
442231,443914,443916,2,1683
442212,443843,443916,73,1631
442231,443914,443916,2,1683
442231,443915,443916,1,1684
442231,443915,443916,1,1684
442212,443841,443918,77,1629
442231,443916,443917,1,1685
442231,443916,443918,2,1685
442231,443916,443918,2,1685
442231,443915,443917,2,1684
442231,443916,443918,2,1685
442231,443902,443918,16,1671
442231,443916,443919,3,1685
442231,443917,443920,3,1686
442231,443917,443921,4,1686
442212,443844,443921,77,1632
442231,443917,443923,6,1686
442212,443850,443925,75,1638
442231,443900,443926,26,1669
442231,443882,443929,47,1651
442212,443852,443928,76,1640
442231,443917,443929,12,1686
442212,443850,443931,81,1638
442231,443881,443932,51,1650
442231,443902,443934,32,1671
442231,443894,443934,40,1663
442231,443881,443934,53,1650
442231,443882,443935,53,1651
442231,443882,443935,53,1651
442231,443893,443936,43,1662
442231,443895,443938,43,1664
442231,443895,443939,44,1664
442231,443882,443941,59,1651
442231,443900,443940,40,1669
442231,443882,443941,59,1651
442231,443890,443942,52,1659
442231,443895,443944,49,1664
442231,443918,443946,28,1687
442231,443918,443949,31,1687
442231,443918,443954,36,1687
442231,443918,443955,37,1687
442231,443930,443958,28,1699
442231,443918,443960,42,1687
442231,443934,443962,28,1703
442231,443918,443967,49,1687
442231,443921,443969,48,1690
442231,443919,443969,50,1688
442231,443925,443971,46,1694
442231,443921,443973,52,1690
442231,443929,443974,45,1698
442231,443926,443974,48,1695
442231,443920,443977,57,1689
442231,443919,443978,59,1688
442231,443923,443981,58,1692
442231,443936,443981,45,1705
442231,443932,443984,52,1701
442231,443931,443988,57,1700
442231,443935,443989,54,1704
442231,443934,443993,59,1703
442231,443929,443993,64,1698
442231,443939,443995,56,1708
442231,443941,443995,54,1710
442231,443949,443998,49,1718
442231,443935,443999,64,1704
442231,443998,444002,4,1767
442231,443999,444002,3,1768
442231,444002,444004,2,1771
442231,443934,444004,70,1703
442231,443938,444005,67,1707
442231,443996,444006,10,1765
440990,442757,444006,1249,1767
442231,444002,444005,3,1771
442231,444004,444006,2,1773
442231,443941,444007,66,1710
442231,444004,444008,4,1773
442231,443970,444008,38,1739
442231,444005,444008,3,1774
442231,444006,444008,2,1775
442231,444007,444009,2,1776
442231,444006,444009,3,1775
442231,443946,444010,64,1715
442231,443958,444010,52,1727
442231,444007,444010,3,1776
442231,444006,444009,3,1775
442231,444008,444011,3,1777
442231,444009,444011,2,1778
442231,443981,444011,30,1750
442231,443942,444010,68,1711
442231,443954,444011,57,1723
442231,443942,444012,70,1711
442231,443993,444012,19,1762
442231,443955,444012,57,1724
442231,444009,444012,3,1778
442231,443995,444012,17,1764
442231,444009,444011,2,1778
442231,444010,444012,2,1779
442231,444008,444011,3,1777
442231,444009,444012,3,1778
442231,444010,444013,3,1779
442231,444011,444014,3,1780
442231,444011,444014,3,1780
442231,444010,444013,3,1779
442231,444011,444014,3,1780
442231,444010,444013,3,1779
442231,444011,444013,2,1780
442231,443944,444014,70,1713
442231,444012,444015,3,1781
442231,444011,444015,4,1780
442231,444012,444015,3,1781
442231,443960,444015,55,1729
442231,444012,444016,4,1781
442231,444012,444015,3,1781
442231,444012,444016,4,1781
442231,444012,444016,4,1781
442231,444012,444015,3,1781
442231,443994,444020,26,1763
442231,443962,444022,60,1731
442231,443974,444025,51,1743
442231,443975,444030,55,1744
442231,443969,444031,62,1738
442231,443973,444033,60,1742
442231,443967,444037,70,1736
442231,443984,444038,54,1753
442231,443971,444041,70,1740
442231,443978,444045,67,1747
442231,443981,444046,65,1750
442298,444014,444046,32,1716
442231,443989,444047,58,1758
442298,444046,444048,2,1748
442298,444038,444047,9,1740
442298,444046,444048,2,1748
442298,444041,444048,7,1743
442298,444045,444048,3,1747
442298,444048,444049,1,1750
442231,443988,444050,62,1757
442298,444047,444049,2,1749
442298,444048,444049,1,1750
442298,444048,444049,1,1750
442298,444015,444051,36,1717
442298,444048,444051,3,1750
442298,444049,444052,3,1751
442298,444050,444052,2,1752
442298,444050,444052,2,1752
442231,443977,444053,76,1746
442298,444050,444053,3,1752
442298,444051,444053,2,1753
442298,444051,444053,2,1753
442298,444050,444053,3,1752
442298,444052,444054,2,1754
442298,444050,444053,3,1752
442298,444016,444054,38,1718
442298,444033,444054,21,1735
442298,444052,444054,2,1754
442298,444052,444054,2,1754
442298,444053,444054,1,1755
442298,444053,444054,1,1755
442298,444054,444056,2,1756
442298,444053,444055,2,1755
442298,444016,444056,40,1718
442298,444054,444055,1,1756
442298,444053,444056,3,1755
442298,444054,444057,3,1756
442298,444055,444057,2,1757
442298,444055,444057,2,1757
442298,444055,444057,2,1757
442298,444013,444056,43,1715
442298,444054,444056,2,1756
442298,444054,444056,2,1756
442298,444055,444058,3,1757
442298,444056,444058,2,1758
442298,444056,444057,1,1758
442298,444056,444059,3,1758
442298,444056,444058,2,1758
442298,444057,444059,2,1759
442298,444056,444059,3,1758
442298,444020,444059,39,1722
442298,444057,444060,3,1759
442298,444014,444060,46,1716
442298,444057,444060,3,1759
442298,444037,444061,24,1739
442298,444014,444061,47,1716
442298,444025,444060,35,1727
442298,444014,444061,47,1716
442298,444016,444061,45,1718
442298,444016,444062,46,1718
442298,444022,444062,40,1724
442298,444015,444063,48,1717
442298,444014,444064,50,1716
442298,444016,444063,47,1718
442298,444057,444063,6,1759
442298,444014,444064,50,1716
442298,444014,444065,51,1716
442298,444015,444066,51,1717
442298,444016,444066,50,1718
442298,444030,444071,41,1732
442298,444013,444075,62,1715
442298,444031,444079,48,1733
442298,444057,444080,23,1759
442298,444061,444086,25,1763
442298,444061,444089,28,1763
442298,444057,444097,40,1759
442298,444061,444098,37,1763
442298,444057,444099,42,1759
442298,444061,444099,38,1763
442298,444058,444101,43,1760
442298,444059,444101,42,1761
442298,444058,444104,46,1760
442298,444059,444107,48,1761
442298,444059,444108,49,1761
442298,444059,444109,50,1761
442298,444062,444111,49,1764
442298,444061,444113,52,1763
442298,444066,444114,48,1768
442298,444059,444114,55,1761
442298,444064,444117,53,1766
442298,444060,444117,57,1762
442298,444064,444117,53,1766
442298,444060,444122,62,1762
442298,444063,444122,59,1765
442298,444062,444125,63,1764
442298,444063,444125,62,1765
442298,444059,444125,66,1761
442298,444064,444127,63,1766
442298,444065,444128,63,1767
442298,444071,444130,59,1773
442298,444064,444133,69,1766
442298,444081,444134,53,1783
442298,444066,444135,69,1768
442298,444075,444138,63,1777
442298,444086,444139,53,1788
442298,444089,444145,56,1791
442298,444079,444147,68,1781
442298,444101,444153,52,1803
442298,444148,444156,8,1850
442298,444101,444156,55,1803
442298,444153,444156,3,1855
442298,444099,444156,57,1801
442298,444111,444158,47,1813
442298,444156,444158,2,1858
442298,444156,444158,2,1858
442298,444156,444158,2,1858
442298,444158,444160,2,1860
442298,444156,444159,3,1858
442298,444158,444160,2,1860
442298,444107,444160,53,1809
442298,444158,444160,2,1860
442298,444160,444162,2,1862
442298,444135,444162,27,1837
442298,444160,444162,2,1862
442298,444160,444162,2,1862
442298,444159,444161,2,1861
442298,444160,444161,1,1862
442298,444161,444163,2,1863
442298,444099,444163,64,1801
442298,444145,444163,18,1847
442298,444162,444164,2,1864
442298,444097,444164,67,1799
442298,444108,444164,56,1810
442298,444163,444165,2,1865
442298,444162,444165,3,1864
442298,444162,444164,2,1864
442298,444162,444165,3,1864
442298,444098,444165,67,1800
442298,444163,444165,2,1865
442298,444163,444165,2,1865
442298,444164,444166,2,1866
442298,444163,444166,3,1865
442298,444125,444167,42,1827
442298,444109,444167,58,1811
442298,444164,444166,2,1866
442298,444164,444168,4,1866
442298,444104,444168,64,1806
442298,444113,444171,58,1815
442298,444118,444173,55,1820
442298,444114,444173,59,1816
442298,444127,444174,47,1829
442298,444117,444174,57,1819
442298,444130,444177,47,1832
442298,444114,444178,64,1816
442298,444139,444182,43,1841
442298,444123,444184,61,1825
442298,444117,444184,67,1819
442298,444125,444191,66,1827
442298,444122,444192,70,1824
441312,442973,444200,1227,1661
442298,444138,444201,63,1840
442298,444125,444203,78,1827
442346,444200,444204,4,1854
442346,444184,444204,20,1838
442346,444201,444205,4,1855
442346,444192,444205,13,1846
442346,444203,444205,2,1857
442346,444204,444206,2,1858
442346,444167,444206,39,1821
442298,444129,444206,77,1831
442298,444133,444207,74,1835
442346,444166,444207,41,1820
442346,444205,444208,3,1859
442346,444206,444208,2,1860
442298,444134,444208,74,1836
442346,444205,444207,2,1859
442346,444205,444207,2,1859
442346,444206,444209,3,1860
442346,444206,444209,3,1860
442346,444207,444209,2,1861
442346,444208,444210,2,1862
442346,444182,444210,28,1836
442346,444208,444210,2,1862
442346,444207,444210,3,1861
442346,444191,444210,19,1845
442346,444208,444211,3,1862
442346,444166,444211,45,1820
442346,444207,444210,3,1861
442346,444167,444211,44,1821
442346,444209,444211,2,1863
442346,444208,444212,4,1862
442346,444210,444212,2,1864
442346,444210,444212,2,1864
442346,444210,444211,1,1864
442346,444165,444211,46,1819
442346,444209,444211,2,1863
442346,444166,444211,45,1820
442346,444209,444211,2,1863
442346,444165,444212,47,1819
442346,444210,444213,3,1864
442346,444165,444212,47,1819
442346,444177,444213,36,1831
442346,444211,444212,1,1865
442346,444211,444214,3,1865
442346,444211,444214,3,1865
442346,444212,444214,2,1866
442346,444210,444213,3,1864
442346,444211,444214,3,1865
442346,444210,444213,3,1864
442346,444211,444213,2,1865
442346,444212,444213,1,1866
442346,444212,444214,2,1866
442346,444212,444214,2,1866
442346,444213,444216,3,1867
442346,444212,444215,3,1866
442346,444166,444216,50,1820
442346,444212,444215,3,1866
442346,444212,444215,3,1866
442346,444212,444215,3,1866
442346,444213,444216,3,1867
442346,444172,444217,45,1826
442346,444178,444216,38,1832
442346,444165,444218,53,1819
442346,444184,444219,35,1838
442346,444213,444219,6,1867
442346,444173,444219,46,1827
442346,444175,444221,46,1829
442346,444168,444221,53,1822
442346,444173,444223,50,1827
442346,444167,444224,57,1821
442346,444165,444224,59,1819
442346,444168,444226,58,1822
442346,444174,444227,53,1828
442346,444213,444229,16,1867
442346,444214,444240,26,1868
441448,443308,444245,937,1860
442346,444214,444246,32,1868
442346,444214,444253,39,1868
442346,444215,444255,40,1869
442346,444214,444256,42,1868
442346,444214,444259,45,1868
442346,444214,444259,45,1868
442346,444216,444262,46,1870
442346,444215,444264,49,1869
442346,444215,444266,51,1869
442346,444215,444269,54,1869
442346,444217,444270,53,1871
442346,444219,444272,53,1873
442346,444219,444274,55,1873
442346,444219,444274,55,1873
442346,444221,444275,54,1875
442346,444216,444276,60,1870
442346,444216,444277,61,1870
442346,444215,444279,64,1869
442346,444221,444279,58,1875
442346,444223,444280,57,1877
442346,444217,444281,64,1871
442346,444229,444281,52,1883
442346,444216,444283,67,1870
442346,444216,444283,67,1870
442346,444216,444284,68,1870
442346,444218,444283,65,1872
442346,444216,444285,69,1870
442346,444224,444286,62,1878
442346,444224,444287,63,1878
442346,444227,444287,60,1881
442346,444240,444288,48,1894
442346,444288,444292,4,1942
442346,444287,444293,6,1941
442346,444292,444294,2,1946
442346,444245,444295,50,1899
442346,444294,444296,2,1948
442346,444293,444296,3,1947
442346,444227,444297,70,1881
442346,444296,444297,1,1950
442346,444296,444298,2,1950
442346,444287,444297,10,1941
442346,444296,444299,3,1950
442346,444297,444299,2,1951
442346,444298,444300,2,1952
442346,444297,444300,3,1951
442346,444299,444301,2,1953
442346,444299,444302,3,1953
442346,444300,444302,2,1954
442346,444299,444302,3,1953
442346,444302,444304,2,1956
442346,444301,444303,2,1955
442346,444301,444304,3,1955
442346,444285,444305,20,1939
442346,444302,444305,3,1956
442346,444302,444305,3,1956
442346,444304,444306,2,1958
442346,444305,444307,2,1959
442346,444305,444308,3,1959
442346,444305,444308,3,1959
442346,444306,444309,3,1960
442346,444305,444309,4,1959
442346,444253,444308,55,1907
442346,444306,444309,3,1960
442346,444255,444310,55,1909
442346,444307,444310,3,1961
442346,444266,444310,44,1920
442346,444246,444314,68,1900
442346,444259,444318,59,1913
442346,444262,444317,55,1916
442346,444284,444319,35,1938
442509,444308,444320,12,1799
442346,444269,444320,51,1923
442346,444259,444321,62,1913
442346,444256,444322,66,1910
442346,444272,444322,50,1926
442346,444284,444323,39,1938
442346,444270,444324,54,1924
442346,444283,444323,40,1937
442509,444309,444326,17,1800
442346,444286,444327,41,1940
442346,444264,444327,63,1918
442346,444281,444329,48,1935
442346,444280,444330,50,1934
442346,444281,444332,51,1935
442509,444309,444333,24,1800
442346,444274,444334,60,1928
442509,444334,444336,2,1825
442509,444333,444338,5,1824
442509,444336,444338,2,1827
442346,444274,444338,64,1928
442509,444338,444340,2,1829
442346,444275,444340,65,1929
442509,444339,444341,2,1830
442509,444332,444341,9,1823
442509,444310,444342,32,1801
442509,444340,444341,1,1831
442509,444341,444342,1,1832
442509,444339,444341,2,1830
442509,444340,444341,1,1831
442509,444341,444343,2,1832
442509,444342,444344,2,1833
442509,444342,444344,2,1833
442509,444330,444343,13,1821
442509,444342,444344,2,1833
442509,444342,444344,2,1833
442509,444342,444344,2,1833
442509,444309,444345,36,1800
442509,444343,444344,1,1834
442509,444344,444346,2,1835
442509,444344,444345,1,1835
442509,444344,444345,1,1835
442509,444310,444345,35,1801
442509,444344,444346,2,1835
442509,444345,444347,2,1836
442509,444346,444348,2,1837
442509,444345,444348,3,1836
442509,444345,444347,2,1836
442509,444346,444348,2,1837
442509,444345,444347,2,1836
442509,444347,444348,1,1838
442509,444347,444348,1,1838
442346,444283,444350,67,1937
442346,444277,444350,73,1931
442509,444348,444350,2,1839
442509,444348,444350,2,1839
442509,444348,444350,2,1839
442509,444347,444349,2,1838
442509,444348,444349,1,1839
442509,444348,444349,1,1839
442509,444348,444349,1,1839
442509,444329,444350,21,1820
442346,444279,444352,73,1933
442509,444309,444351,42,1800
442509,444349,444351,2,1840
442509,444349,444351,2,1840
442509,444350,444352,2,1841
442509,444320,444353,33,1811
442509,444350,444352,2,1841
442509,444350,444352,2,1841
442509,444350,444352,2,1841
442509,444350,444355,5,1841
442346,444279,444355,76,1933
442509,444350,444357,7,1841
442346,444276,444358,82,1930
442509,444350,444359,9,1841
442509,444311,444360,49,1802
442509,444327,444361,34,1818
442509,444323,444364,41,1814
442509,444327,444366,39,1818
442509,444324,444366,42,1815
442509,444322,444368,46,1813
442509,444324,444370,46,1815
442509,444318,444370,52,1809
442509,444321,444370,49,1812
442509,444314,444370,56,1805
442509,444326,444371,45,1817
442509,444351,444373,22,1842
442509,444320,444374,54,1811
442509,444352,444375,23,1843
442509,444318,444377,59,1809
442509,444322,444379,57,1813
442509,444350,444380,30,1841
442509,444351,444382,31,1842
442509,444352,444383,31,1843
442509,444319,444390,71,1810
442509,444352,444399,47,1843
442509,444353,444402,49,1844
442509,444352,444402,50,1843
442509,444353,444402,49,1844
442509,444368,444402,34,1859
442509,444352,444403,51,1843
442509,444357,444405,48,1848
442509,444359,444405,46,1850
442509,444353,444405,52,1844
442509,444360,444408,48,1851
442509,444357,444410,53,1848
442509,444358,444411,53,1849
442509,444361,444412,51,1852
442509,444382,444413,31,1873
442509,444354,444415,61,1845
442509,444355,444416,61,1846
442509,444413,444416,3,1904
442509,444405,444417,12,1896
442509,444416,444418,2,1907
442509,444412,444417,5,1903
442509,444415,444418,3,1906
442509,444366,444419,53,1857
442509,444416,444419,3,1907
442509,444364,444419,55,1855
442509,444417,444419,2,1908
442509,444418,444420,2,1909
442509,444418,444421,3,1909
442509,444418,444421,3,1909
442509,444419,444420,1,1910
442509,444419,444422,3,1910
442509,444419,444422,3,1910
442509,444420,444422,2,1911
442509,444377,444423,46,1868
442509,444420,444422,2,1911
442509,444422,444424,2,1913
442509,444422,444424,2,1913
442509,444421,444424,3,1912
442509,444421,444424,3,1912
442509,444422,444425,3,1913
442509,444375,444425,50,1866
442509,444423,444425,2,1914
442509,444423,444425,2,1914
442509,444422,444425,3,1913
442509,444424,444426,2,1915
442509,444425,444427,2,1916
442509,444424,444426,2,1915
442509,444425,444427,2,1916
442509,444370,444426,56,1861
442509,444424,444427,3,1915
442509,444370,444428,58,1861
442509,444424,444427,3,1915
442509,444425,444428,3,1916
442509,444408,444429,21,1899
442509,444405,444428,23,1896
442509,444426,444428,2,1917
442509,444427,444430,3,1918
442509,444370,444430,60,1861
442509,444411,444429,18,1902
442509,444427,444430,3,1918
442509,444426,444430,4,1917
442509,444427,444430,3,1918
442509,444374,444431,57,1865
442509,444366,444431,65,1857
442509,444427,444431,4,1918
442509,444427,444430,3,1918
442509,444427,444432,5,1918
442509,444370,444432,62,1861
442509,444428,444433,5,1919
442509,444373,444432,59,1864
442509,444428,444434,6,1919
442509,444430,444435,5,1921
442509,444429,444435,6,1920
442509,444402,444437,35,1893
442509,444380,444438,58,1871
442509,444379,444441,62,1870
442509,444371,444441,70,1862
442509,444383,444444,61,1874
442509,444410,444444,34,1901
442722,444432,444447,15,1710
442509,444405,444449,44,1896
442722,444431,444451,20,1709
442722,444431,444451,20,1709
442509,444402,444455,53,1893
442722,444451,444455,4,1729
442722,444451,444455,4,1729
442509,444399,444455,56,1890
442722,444455,444457,2,1733
442722,444455,444457,2,1733
442722,444455,444456,1,1733
442722,444455,444458,3,1733
442722,444449,444458,9,1727
442509,444403,444458,55,1894
442722,444457,444459,2,1735
442722,444457,444459,2,1735
442722,444457,444458,1,1735
442509,444402,444459,57,1893
442722,444458,444459,1,1736
442722,444458,444460,2,1736
442722,444459,444461,2,1737
442722,444459,444461,2,1737
442722,444458,444461,3,1736
442722,444460,444461,1,1738
442722,444461,444463,2,1739
442722,444461,444463,2,1739
442722,444460,444462,2,1738
442722,444460,444462,2,1738
442722,444461,444462,1,1739
442722,444461,444463,2,1739
442722,444461,444462,1,1739
442722,444463,444465,2,1741
442722,444463,444465,2,1741
442722,444463,444464,1,1741
442722,444463,444466,3,1741
442722,444463,444465,2,1741
442722,444463,444465,2,1741
442722,444444,444466,22,1722
442722,444463,444466,3,1741
442722,444465,444467,2,1743
442509,444390,444467,77,1881
442722,444465,444467,2,1743
442722,444465,444467,2,1743
442722,444435,444467,32,1713
442722,444430,444467,37,1708
442722,444466,444468,2,1744
442722,444466,444468,2,1744
442722,444437,444467,30,1715
442722,444466,444468,2,1744
442722,444467,444469,2,1745
442722,444466,444468,2,1744
442722,444466,444469,3,1744
442509,444402,444469,67,1893
442722,444467,444470,3,1745
442722,444438,444470,32,1716
442722,444467,444469,2,1745
442722,444467,444470,3,1745
442722,444447,444471,24,1725
442722,444468,444472,4,1746
442722,444444,444473,29,1722
442722,444430,444474,44,1708
442722,444431,444473,42,1709
442722,444431,444474,43,1709
442722,444468,444476,8,1746
442722,444430,444477,47,1708
442722,444432,444482,50,1710
442722,444435,444484,49,1713
442722,444430,444485,55,1708
442722,444468,444485,17,1746
442722,444431,444486,55,1709
442722,444433,444487,54,1711
442722,444433,444487,54,1711
442722,444441,444488,47,1719
442722,444431,444488,57,1709
442722,444430,444488,58,1708
442722,444441,444490,49,1719
442722,444434,444492,58,1712
442722,444470,444493,23,1748
441443,443194,444500,1306,1751
442722,444469,444503,34,1747
442722,444470,444505,35,1748
442722,444468,444505,37,1746
442722,444468,444506,38,1746
442722,444469,444512,43,1747
442722,444469,444514,45,1747
442722,444470,444516,46,1748
442722,444469,444520,51,1747
442722,444472,444521,49,1750
442722,444469,444521,52,1747
442722,444476,444521,45,1754
442722,444475,444522,47,1753
442722,444474,444524,50,1752
442722,444477,444526,49,1755
442722,444474,444528,54,1752
442722,444471,444528,57,1749
442722,444473,444530,57,1751
442722,444470,444533,63,1748
442722,444485,444538,53,1763
442722,444482,444541,59,1760
442722,444484,444541,57,1762
442722,444485,444544,59,1763
442722,444541,444544,3,1819
442722,444489,444546,57,1767
442722,444541,444546,5,1819
442722,444486,444545,59,1764
442722,444544,444547,3,1822
442722,444493,444547,54,1771
442722,444545,444548,3,1823
442722,444546,444548,2,1824
442722,444487,444549,62,1765
442722,444546,444549,3,1824
442722,444547,444549,2,1825
442722,444538,444550,12,1816
442722,444546,444549,3,1824
442722,444548,444551,3,1826
442722,444547,444550,3,1825
442722,444548,444551,3,1826
442722,444549,444551,2,1827
442722,444549,444552,3,1827
442722,444549,444552,3,1827
442722,444550,444552,2,1828
442722,444487,444551,64,1765
442722,444550,444553,3,1828
442722,444503,444553,50,1781
442722,444507,444554,47,1785
442722,444552,444554,2,1830
442722,444551,444554,3,1829
442722,444551,444554,3,1829
442722,444551,444554,3,1829
442722,444551,444555,4,1829
442722,444552,444555,3,1830
442722,444488,444555,67,1766
442722,444552,444554,2,1830
442722,444490,444556,66,1768
442722,444552,444556,4,1830
442722,444554,444556,2,1832
442722,444554,444556,2,1832
442722,444553,444556,3,1831
442722,444553,444555,2,1831
442722,444505,444557,52,1783
442722,444492,444557,65,1770
442722,444554,444557,3,1832
441471,443402,444557,1155,1931
442722,444488,444557,69,1766
442722,444522,444558,36,1800
442722,444554,444558,4,1832
442722,444555,444559,4,1833
442722,444522,444559,37,1800
442722,444555,444559,4,1833
442722,444554,444558,4,1832
442722,444555,444559,4,1833
442722,444555,444560,5,1833
442722,444556,444560,4,1834
442722,444556,444561,5,1834
442722,444534,444561,27,1812
442722,444556,444560,4,1834
442722,444500,444563,63,1778
442722,444516,444567,51,1794
442722,444530,444568,38,1808
442722,444514,444568,54,1792
442722,444525,444569,44,1803
442722,444505,444570,65,1783
442722,444512,444570,58,1790
442722,444521,444576,55,1799
442776,444577,444580,3,1801
442776,444580,444582,2,1804
442722,444526,444583,57,1804
442776,444570,444583,13,1794
442776,444582,444584,2,1806
442776,444583,444585,2,1807
442776,444583,444585,2,1807
442776,444584,444586,2,1808
442776,444585,444586,1,1809
442776,444585,444586,1,1809
442776,444586,444588,2,1810
442722,444528,444589,61,1806
442776,444561,444588,27,1785
442776,444587,444589,2,1811
442776,444588,444589,1,1812
442776,444588,444589,1,1812
442776,444589,444591,2,1813
442722,444521,444591,70,1799
442722,444520,444591,71,1798
442776,444589,444591,2,1813
442776,444589,444590,1,1813
442776,444589,444592,3,1813
442776,444590,444592,2,1814
442776,444591,444593,2,1815
442776,444591,444593,2,1815
442776,444591,444592,1,1815
442776,444591,444593,2,1815
442776,444591,444593,2,1815
442776,444592,444594,2,1816
442776,444593,444595,2,1817
442776,444592,444595,3,1816
442776,444593,444595,2,1817
442776,444593,444594,1,1817
442776,444593,444596,3,1817
442722,444528,444596,68,1806
442776,444595,444597,2,1819
442776,444594,444596,2,1818
442776,444594,444597,3,1818
442776,444595,444597,2,1819
442776,444556,444597,41,1780
442776,444557,444598,41,1781
442776,444595,444598,3,1819
442776,444596,444597,1,1820
442776,444597,444599,2,1821
442776,444556,444599,43,1780
442776,444596,444598,2,1820
442776,444558,444599,41,1782
442776,444597,444598,1,1821
442776,444570,444599,29,1794
442776,444596,444599,3,1820
442776,444597,444599,2,1821
442776,444559,444599,40,1783
442776,444598,444600,2,1822
442776,444559,444601,42,1783
442776,444557,444601,44,1781
442776,444598,444601,3,1822
442776,444558,444600,42,1782
442776,444597,444600,3,1821
442776,444563,444602,39,1787
442776,444568,444602,34,1792
442776,444569,444602,33,1793
442776,444598,444602,4,1822
442776,444567,444605,38,1791
442776,444598,444607,9,1822
442776,444558,444607,49,1782
442776,444559,444609,50,1783
442776,444560,444608,48,1784
442776,444559,444609,50,1783
442776,444558,444608,50,1782
442776,444559,444610,51,1783
442776,444560,444610,50,1784
442776,444561,444610,49,1785
442776,444557,444613,56,1781
442776,444599,444614,15,1823
442776,444568,444613,45,1792
441729,443734,444615,881,2005
442776,444561,444619,58,1785
442776,444599,444639,40,1823
442776,444601,444640,39,1825
442776,444599,444641,42,1823
442776,444601,444642,41,1825
442776,444599,444643,44,1823
442776,444599,444643,44,1823
442776,444602,444648,46,1826
442776,444600,444649,49,1824
442776,444599,444649,50,1823
442776,444600,444649,49,1824
442776,444601,444651,50,1825
442776,444605,444651,46,1829
442776,444602,444652,50,1826
442776,444599,444653,54,1823
442776,444607,444655,48,1831
442776,444607,444657,50,1831
442776,444602,444657,55,1826
442776,444601,444658,57,1825
442776,444599,444659,60,1823
442776,444601,444660,59,1825
442776,444609,444663,54,1833
442776,444658,444663,5,1882
442776,444660,444664,4,1884
442776,444609,444664,55,1833
442776,444614,444664,50,1838
442776,444659,444664,5,1883
442776,444603,444665,62,1827
442776,444657,444666,9,1881
442776,444652,444666,14,1876
442776,444664,444666,2,1888
442776,444664,444667,3,1888
442776,444664,444666,2,1888
442776,444664,444667,3,1888
442776,444615,444667,52,1839
442776,444609,444667,58,1833
442776,444663,444666,3,1887
442776,444657,444668,11,1881
442776,444665,444667,2,1889
442776,444665,444668,3,1889
442776,444666,444668,2,1890
442776,444666,444668,2,1890
442776,444667,444669,2,1891
442776,444666,444669,3,1890
442776,444610,444669,59,1834
442776,444667,444669,2,1891
442776,444667,444670,3,1891
442776,444667,444670,3,1891
442776,444667,444669,2,1891
442776,444669,444671,2,1893
442776,444669,444671,2,1893
442776,444667,444670,3,1891
442776,444668,444670,2,1892
442776,444668,444671,3,1892
442776,444669,444672,3,1893
442776,444611,444671,60,1835
442776,444669,444672,3,1893
442776,444669,444671,2,1893
442776,444669,444672,3,1893
442776,444670,444672,2,1894
442776,444669,444672,3,1893
442776,444670,444673,3,1894
442776,444670,444673,3,1894
442776,444609,444673,64,1833
442776,444671,444674,3,1895
442776,444610,444673,63,1834
442776,444671,444673,2,1895
442776,444672,444674,2,1896
442776,444672,444675,3,1896
442776,444672,444676,4,1896
442776,444672,444676,4,1896
442776,444619,444676,57,1843
442776,444613,444677,64,1837
442776,444672,444676,4,1896
442776,444672,444677,5,1896
442776,444614,444677,63,1838
442776,444655,444677,22,1879
443079,444673,444679,6,1594
442776,444652,444683,31,1876
443079,444673,444684,11,1594
442776,444640,444687,47,1864
443079,444674,444692,18,1595
443079,444673,444693,20,1594
442776,444650,444694,44,1874
442776,444644,444694,50,1868
442776,444643,444696,53,1867
442776,444651,444696,45,1875
442776,444653,444697,44,1877
442776,444639,444698,59,1863
443079,444696,444698,2,1617
443079,444698,444700,2,1619
443079,444697,444700,3,1618
442776,444649,444700,51,1873
442776,444648,444700,52,1872
443079,444698,444701,3,1619
443079,444700,444702,2,1621
443079,444700,444702,2,1621
443079,444696,444702,6,1617
443079,444700,444702,2,1621
443079,444700,444701,1,1621
443079,444701,444703,2,1622
443079,444673,444703,30,1594
443079,444702,444704,2,1623
443079,444702,444703,1,1623
443079,444702,444703,1,1623
443079,444702,444703,1,1623
442776,444643,444703,60,1867
443079,444678,444704,26,1599
442776,444641,444705,64,1865
443079,444703,444705,2,1624
443079,444702,444705,3,1623
442776,444649,444706,57,1873
443079,444703,444706,3,1624
443079,444704,444706,2,1625
443079,444704,444707,3,1625
443079,444675,444707,32,1596
443079,444673,444707,34,1594
443079,444676,444708,32,1597
443079,444695,444708,13,1616
443079,444704,444708,4,1625
443079,444684,444710,26,1605
443079,444674,444710,36,1595
443079,444673,444709,36,1594
443079,444674,444711,37,1595
443079,444678,444712,34,1599
443079,444676,444712,36,1597
443079,444676,444714,38,1597
443079,444687,444715,28,1608
443079,444684,444716,32,1605
443079,444704,444716,12,1625
443079,444675,444717,42,1596
443079,444679,444720,41,1600
443079,444705,444720,15,1626
443079,444677,444721,44,1598
443079,444694,444725,31,1615
443079,444692,444725,33,1613
443079,444707,444726,19,1628
443079,444705,444727,22,1626
443079,444706,444727,21,1627
443079,444706,444729,23,1627
443079,444705,444730,25,1626
443079,444707,444730,23,1628
443079,444677,444731,54,1598
443079,444706,444734,28,1627
443079,444706,444735,29,1627
443079,444693,444737,44,1614
443079,444708,444737,29,1629
443079,444706,444738,32,1627
443079,444708,444739,31,1629
443079,444679,444740,61,1600
443079,444707,444740,33,1628
443079,444709,444747,38,1630
443079,444710,444749,39,1631
443079,444710,444749,39,1631
443079,444710,444755,45,1631
443079,444716,444759,43,1637
443079,444712,444760,48,1633
443079,444725,444763,38,1646
443079,444716,444763,47,1637
443079,444714,444765,51,1635
443079,444715,444768,53,1636
443079,444712,444770,58,1633
443079,444711,444772,61,1632
443079,444725,444774,49,1646
443079,444720,444783,63,1641
443079,444717,444783,66,1638
443079,444721,444787,66,1642
443079,444727,444788,61,1648
443079,444726,444789,63,1647
443079,444731,444789,58,1652
443079,444737,444796,59,1658
443079,444721,444797,76,1642
443079,444730,444797,67,1651
443079,444729,444798,69,1650
443079,444735,444799,64,1656
443079,444727,444799,72,1648
443079,444730,444801,71,1651
443079,444737,444803,66,1658
443079,444740,444803,63,1661
443079,444759,444802,43,1680
443079,444734,444807,73,1655
443079,444749,444808,59,1670
443079,444747,444809,62,1668
443079,444763,444814,51,1684
443079,444738,444814,76,1659
443079,444749,444816,67,1670
443079,444739,444817,78,1660
443079,444740,444818,78,1661
443079,444768,444827,59,1689
443079,444763,444827,64,1684
443079,444755,444829,74,1676
443079,444774,444831,57,1695
443079,444760,444839,79,1681
443079,444770,444840,70,1691
443079,444765,444846,81,1686
443079,444788,444848,60,1709
443079,444783,444853,70,1704
443079,444783,444855,72,1704
443079,444772,444858,86,1693
443079,444789,444858,69,1710
443079,444797,444859,62,1718
443079,444789,444860,71,1710
443079,444803,444863,60,1724
443079,444799,444864,65,1720
441618,443578,444865,1287,1960
443079,444827,444868,41,1748
443079,444797,444868,71,1718
443079,444787,444874,87,1708
443079,444810,444875,65,1731
443079,444808,444876,68,1729
443079,444803,444877,74,1724
443079,444814,444877,63,1735
443079,444797,444878,81,1718
443079,444798,444878,80,1719
443079,444803,444879,76,1724
443079,444801,444879,78,1722
443079,444816,444882,66,1737
443079,444807,444884,77,1728
443079,444799,444884,85,1720
443079,444828,444886,58,1749
443079,444831,444890,59,1752
443079,444817,444891,74,1738
443079,444815,444892,77,1736
443079,444818,444896,78,1739
443079,444877,444905,28,1798
443079,444829,444907,78,1750
443079,444860,444907,47,1781
443079,444848,444909,61,1769
443079,444884,444912,28,1805
443079,444860,444912,52,1781
443079,444882,444912,30,1803
443104,444886,444914,28,1782
443079,444840,444915,75,1761
443104,444890,444916,26,1786
443079,444863,444916,53,1784
443079,444839,444922,83,1760
443079,444846,444923,77,1767
443079,444876,444924,48,1797
443104,444892,444924,32,1788
443079,444856,444924,68,1777
443079,444864,444925,61,1785
443079,444868,444926,58,1789
443079,444868,444928,60,1789
443079,444858,444929,71,1779
443079,444877,444929,52,1798
443104,444891,444930,39,1787
443079,444853,444930,77,1774
443079,444858,444932,74,1779
443104,444930,444933,3,1826
443104,444932,444935,3,1828
443079,444875,444935,60,1796
443104,444933,444936,3,1829
443104,444907,444936,29,1803
443104,444896,444936,40,1792
443104,444935,444937,2,1831
443104,444909,444938,29,1805
443104,444930,444938,8,1826
443104,444935,444937,2,1831
443104,444936,444938,2,1832
443104,444936,444937,1,1832
443104,444936,444939,3,1832
443104,444937,444938,1,1833
443104,444938,444939,1,1834
443079,444878,444940,62,1799
443104,444938,444940,2,1834
443104,444938,444940,2,1834
443104,444938,444940,2,1834
443079,444865,444941,76,1786
443104,444939,444941,2,1835
443104,444938,444941,3,1834
443104,444939,444942,3,1835
443104,444939,444941,2,1835
443104,444940,444942,2,1836
443104,444940,444942,2,1836
443079,444879,444942,63,1800
443104,444940,444944,4,1836
443104,444941,444944,3,1837
443104,444941,444943,2,1837
443104,444941,444943,2,1837
443104,444942,444945,3,1838
443104,444942,444945,3,1838
443104,444942,444945,3,1838
443104,444912,444945,33,1808
443104,444942,444944,2,1838
443104,444942,444946,4,1838
443104,444944,444947,3,1840
443104,444945,444947,2,1841
443104,444943,444946,3,1839
443104,444944,444948,4,1840
443104,444913,444947,34,1809
443104,444945,444948,3,1841
443104,444944,444947,3,1840
443079,444879,444949,70,1800
443079,444878,444949,71,1799
443104,444945,444949,4,1841
443104,444929,444949,20,1825
443104,444945,444951,6,1841
443104,444913,444951,38,1809
443079,444874,444950,76,1795
443104,444924,444952,28,1820
443104,444945,444954,9,1841
443104,444916,444954,38,1812
443104,444916,444955,39,1812
443104,444915,444957,42,1811
443104,444907,444957,50,1803
443104,444946,444957,11,1842
443104,444905,444962,57,1801
443104,444914,444963,49,1810
443104,444925,444968,43,1821
443104,444924,444970,46,1820
443104,444928,444971,43,1824
443104,444946,444973,27,1842
443104,444922,444973,51,1818
443104,444926,444975,49,1822
443104,444947,444981,34,1843
443104,444929,444981,52,1825
443104,444947,444984,37,1843
443104,444924,444985,61,1820
443104,444923,444987,64,1819
443104,444947,444994,47,1843
443104,444948,444999,51,1844
443104,444951,445001,50,1847
443104,444949,445002,53,1845
443104,444949,445004,55,1845
442299,444165,445006,841,1866
443104,444948,445006,58,1844
443104,444948,445007,59,1844
443104,444955,445007,52,1851
443104,444948,445008,60,1844
443104,444954,445009,55,1850
443104,444951,445013,62,1847
443104,444952,445015,63,1848
443104,444951,445015,64,1847
443104,444963,445015,52,1859
443104,444949,445017,68,1845
443104,444954,445017,63,1850
443104,444958,445025,67,1854
443104,444949,445025,76,1845
443104,444968,445027,59,1864
443104,444957,445028,71,1853
443104,444957,445032,75,1853
443104,444981,445035,54,1877
443104,444981,445039,58,1877
443104,444971,445041,70,1867
443104,444962,445041,79,1858
443104,444970,445041,71,1866
443104,444975,445042,67,1871
443104,444973,445043,70,1869
443104,444984,445045,61,1880
443104,444973,445047,74,1869
443104,444985,445052,67,1881
443104,445006,445054,48,1902
443104,444987,445059,72,1883
443104,445003,445062,59,1899
443104,445007,445068,61,1903
443104,445007,445069,62,1903
443104,444999,445069,70,1895
443104,445001,445070,69,1897
443104,444994,445073,79,1890
443104,445009,445073,64,1905
443104,445006,445074,68,1902
443104,445015,445075,60,1911
443104,445004,445076,72,1900
443104,445008,445078,70,1904
442213,443880,445079,1199,1667
443104,445025,445079,54,1921
443104,445017,445081,64,1913
443104,445076,445082,6,1972
443104,445015,445083,68,1911
443104,445078,445083,5,1974
443104,445070,445083,13,1966
443104,445080,445084,4,1976
443104,445076,445084,8,1972
443104,445073,445084,11,1969
443104,445081,445085,4,1977
443104,445083,445085,2,1979
443104,445082,445085,3,1978
443104,445027,445086,59,1923
443104,445084,445086,2,1980
443104,445084,445086,2,1980
443104,445079,445085,6,1975
443104,445083,445086,3,1979
443104,445085,445087,2,1981
443104,445084,445086,2,1980
443104,445086,445088,2,1982
443104,445086,445088,2,1982
443104,445085,445088,3,1981
443104,445085,445088,3,1981
443104,445085,445087,2,1981
443104,445013,445089,76,1909
443104,445074,445090,16,1970
443104,445015,445091,76,1911
443104,445025,445094,69,1921
443104,445017,445096,79,1913
443104,445068,445097,29,1964
443104,445028,445105,77,1924
443104,445039,445106,67,1935
443104,445073,445110,37,1969
443104,445032,445111,79,1928
443316,445088,445113,25,1772
443104,445045,445115,70,1941
443104,445054,445115,61,1950
443316,445089,445115,26,1773
443104,445041,445115,74,1937
443104,445042,445117,75,1938
443104,445035,445120,85,1931
443104,445062,445120,58,1958
443316,445087,445121,34,1771
443104,445041,445121,80,1937
443316,445087,445122,35,1771
443316,445122,445124,2,1806
443104,445047,445124,77,1943
443316,445121,445124,3,1805
443316,445121,445123,2,1805
443104,445070,445124,54,1966
443104,445041,445125,84,1937
443104,445069,445124,55,1965
443316,445124,445125,1,1808
443316,445124,445126,2,1808
443316,445086,445125,39,1770
443316,445124,445126,2,1808
443104,445059,445126,67,1955
443316,445124,445126,2,1808
443316,445124,445127,3,1808
443316,445120,445126,6,1804
443316,445125,445127,2,1809
443316,445125,445127,2,1809
443316,445126,445128,2,1810
443316,445086,445128,42,1770
443104,445044,445127,83,1940
443104,445053,445127,74,1949
443316,445125,445127,2,1809
443316,445127,445129,2,1811
443316,445126,445129,3,1810
443316,445126,445129,3,1810
443316,445127,445130,3,1811
443316,445126,445130,4,1810
443316,445117,445130,13,1801
443316,445127,445129,2,1811
443316,445127,445129,2,1811
443316,445127,445129,2,1811
443316,445128,445129,1,1812
443316,445088,445131,43,1772
443316,445128,445130,2,1812
443316,445128,445131,3,1812
443316,445128,445131,3,1812
443316,445128,445131,3,1812
443316,445129,445132,3,1813
443316,445129,445131,2,1813
443316,445129,445132,3,1813
443316,445130,445132,2,1814
443316,445130,445133,3,1814
443316,445120,445132,12,1804
443316,445131,445133,2,1815
443316,445130,445134,4,1814
443316,445130,445133,3,1814
443316,445116,445134,18,1800
443316,445130,445135,5,1814
443316,445131,445135,4,1815
443316,445089,445135,46,1773
443316,445131,445135,4,1815
443316,445088,445137,49,1772
443316,445088,445137,49,1772
443316,445097,445137,40,1781
443316,445131,445138,7,1815
443316,445115,445140,25,1799
443316,445131,445142,11,1815
443316,445115,445143,28,1799
443316,445091,445144,53,1775
443316,445090,445145,55,1774
443316,445096,445146,50,1780
443316,445115,445146,31,1799
443316,445131,445149,18,1815
443316,445113,445150,37,1797
443316,445094,445151,57,1778
443316,445106,445151,45,1790
443316,445105,445154,49,1789
443316,445131,445156,25,1815
443316,445110,445157,47,1794
443316,445111,445158,47,1795
443316,445132,445163,31,1816
443316,445132,445167,35,1816
443316,445132,445171,39,1816
443316,445132,445171,39,1816
443316,445137,445175,38,1821
443316,445137,445176,39,1821
443316,445135,445178,43,1819
443316,445134,445181,47,1818
443316,445133,445181,48,1817
443316,445138,445183,45,1822
443316,445134,445185,51,1818
443316,445135,445186,51,1819
443316,445134,445186,52,1818
443316,445135,445187,52,1819
443316,445143,445187,44,1827
443316,445133,445189,56,1817
443316,445134,445193,59,1818
443316,445140,445193,53,1824
443316,445142,445193,51,1826
443316,445137,445194,57,1821
443316,445135,445194,59,1819
443316,445144,445194,50,1828
443316,445146,445195,49,1830
443316,445193,445196,3,1877
443316,445194,445196,2,1878
443316,445193,445196,3,1877
443316,445194,445196,2,1878
443316,445195,445197,2,1879
443316,445194,445197,3,1878
443316,445189,445198,9,1873
443316,445196,445198,2,1880
443316,445196,445199,3,1880
443316,445196,445199,3,1880
443316,445196,445199,3,1880
443316,445150,445199,49,1834
443316,445197,445198,1,1881
443316,445151,445199,48,1835
443316,445197,445199,2,1881
443316,445145,445200,55,1829
443316,445199,445201,2,1883
443316,445198,445201,3,1882
443316,445198,445201,3,1882
443316,445199,445201,2,1883
443316,445199,445201,2,1883
443316,445199,445201,2,1883
443316,445199,445202,3,1883
443316,445199,445202,3,1883
443316,445199,445201,2,1883
443316,445201,445203,2,1885
443316,445201,445203,2,1885
443316,445201,445203,2,1885
443316,445201,445203,2,1885
443316,445188,445203,15,1872
443316,445193,445204,11,1877
443316,445201,445204,3,1885
443316,445200,445203,3,1884
443316,445146,445203,57,1830
443316,445202,445205,3,1886
443316,445202,445205,3,1886
443316,445201,445204,3,1885
443316,445202,445204,2,1886
443316,445203,445205,2,1887
443316,445203,445205,2,1887
443316,445203,445205,2,1887
443316,445154,445206,52,1838
443316,445203,445206,3,1887
443316,445203,445206,3,1887
443316,445204,445207,3,1888
443316,445204,445207,3,1888
443316,445204,445207,3,1888
443316,445204,445206,2,1888
443316,445205,445208,3,1889
443316,445205,445208,3,1889
443316,445149,445209,60,1833
443354,445207,445210,3,1853
443354,445207,445210,3,1853
443316,445205,445210,5,1889
443316,445151,445211,60,1835
443316,445156,445212,56,1840
443316,445158,445215,57,1842
443316,445157,445219,62,1841
443316,445168,445219,51,1852
443316,445163,445224,61,1847
443316,445181,445224,43,1865
443316,445176,445225,49,1860
443316,445171,445226,55,1855
443316,445171,445230,59,1855
443354,445208,445232,24,1854
443354,445225,445232,7,1871
443316,445178,445232,54,1862
443354,445219,445232,13,1865
442232,444012,445234,1222,1780
443354,445232,445234,2,1878
443354,445232,445235,3,1878
443354,445233,445236,3,1879
443354,445234,445236,2,1880
443354,445234,445236,2,1880
443354,445235,445236,1,1881
443354,445232,445238,6,1878
443354,445205,445238,33,1851
443354,445236,445238,2,1882
443354,445219,445238,19,1865
443354,445211,445238,27,1857
443354,445236,445239,3,1882
443354,445237,445239,2,1883
443354,445205,445238,33,1851
443354,445236,445238,2,1882
443354,445238,445240,2,1884
443354,445205,445240,35,1851
443354,445238,445240,2,1884
443354,445238,445240,2,1884
443354,445238,445239,1,1884
443316,445175,445240,65,1859
443354,445239,445241,2,1885
443354,445238,445241,3,1884
443354,445239,445241,2,1885
443354,445240,445242,2,1886
443354,445239,445242,3,1885
443354,445212,445242,30,1858
443354,445239,445241,2,1885
443354,445240,445241,1,1886
443316,445186,445241,55,1870
443354,445240,445241,1,1886
443354,445240,445241,1,1886
443354,445240,445243,3,1886
443354,445210,445243,33,1856
443354,445240,445242,2,1886
443354,445241,445243,2,1887
443354,445241,445242,1,1887
443354,445241,445244,3,1887
443354,445242,445244,2,1888
443316,445181,445244,63,1865
443354,445242,445244,2,1888
443354,445242,445244,2,1888
443354,445242,445244,2,1888
443354,445207,445245,38,1853
443316,445187,445245,58,1871
443354,445242,445244,2,1888
443354,445210,445245,35,1856
443354,445242,445244,2,1888
443354,445242,445244,2,1888
443354,445242,445244,2,1888
443354,445243,445246,3,1889
443354,445243,445246,3,1889
443354,445215,445245,30,1861
443354,445243,445247,4,1889
443316,445185,445247,62,1869
443354,445243,445246,3,1889
443354,445226,445249,23,1872
443316,445187,445249,62,1871
443354,445206,445250,44,1852
443354,445243,445252,9,1889
443354,445224,445252,28,1870
443316,445183,445254,71,1867
443354,445207,445254,47,1853
443354,445206,445254,48,1852
443354,445206,445254,48,1852
443354,445231,445255,24,1877
443354,445208,445256,48,1854
443354,445210,445258,48,1856
442509,444430,445260,830,1921
443354,445224,445263,39,1870
443354,445209,445268,59,1855
443354,445244,445268,24,1890
443354,445244,445273,29,1890
443354,445244,445283,39,1890
443354,445246,445283,37,1892
443354,445244,445290,46,1890
443354,445244,445289,45,1890
443354,445246,445293,47,1892
443354,445244,445293,49,1890
443354,445245,445299,54,1891
443354,445245,445299,54,1891
443354,445246,445300,54,1892
443354,445249,445301,52,1895
443354,445245,445302,57,1891
443354,445248,445303,55,1894
443354,445254,445306,52,1900
443354,445252,445307,55,1898
443354,445253,445307,54,1899
443354,445247,445308,61,1893
443354,445254,445307,53,1900
443354,445245,445309,64,1891
443354,445254,445309,55,1900
443354,445245,445311,66,1891
443354,445247,445311,64,1893
443354,445246,445313,67,1892
443354,445246,445314,68,1892
443354,445254,445316,62,1900
443354,445250,445318,68,1896
443354,445260,445318,58,1906
443354,445273,445321,48,1919
443354,445256,445321,65,1902
443354,445255,445326,71,1901
443354,445249,445326,77,1895
443354,445258,445330,72,1904
443354,445268,445334,66,1914
443354,445269,445334,65,1915
443354,445283,445336,53,1929
443354,445263,445340,77,1909
443354,445336,445340,4,1982
443354,445335,445342,7,1981
443354,445340,445342,2,1986
443354,445340,445341,1,1986
443354,445283,445342,59,1929
443354,445343,445344,1,1989
443354,445342,445345,3,1988
443354,445293,445345,52,1939
443354,445294,445344,50,1940
443354,445343,445344,1,1989
443354,445343,445345,2,1989
443354,445345,445346,1,1991
443354,445345,445347,2,1991
443354,445345,445347,2,1991
443354,445345,445348,3,1991
443354,445346,445348,2,1992
443354,445345,445347,2,1991
443354,445345,445347,2,1991
443354,445290,445348,58,1936
443354,445347,445349,2,1993
443354,445334,445349,15,1980
443354,445321,445350,29,1967
443354,445348,445350,2,1994
443354,445348,445351,3,1994
443354,445349,445351,2,1995
443354,445349,445351,2,1995
443354,445347,445350,3,1993
443354,445349,445351,2,1995
443354,445299,445352,53,1945
443354,445326,445352,26,1972
443354,445349,445352,3,1995
443354,445349,445351,2,1995
443354,445290,445354,64,1936
443354,445301,445356,55,1947
443354,445306,445357,51,1952
443354,445303,445358,55,1949
443354,445299,445359,60,1945
443354,445307,445359,52,1953
443354,445308,445362,54,1954
443354,445318,445363,45,1964
443354,445326,445363,37,1972
443354,445321,445365,44,1967
443354,445310,445365,55,1956
443354,445300,445368,68,1946
443354,445307,445370,63,1953
443354,445302,445372,70,1948
443354,445308,445376,68,1954
443354,445309,445378,69,1955
443703,445350,445380,30,1647
443703,445356,445380,24,1653
443354,445330,445380,50,1976
443703,445380,445382,2,1677
443703,445380,445383,3,1677
443703,445380,445383,3,1677
443703,445383,445384,1,1680
443354,445314,445384,70,1960
443703,445383,445385,2,1680
443703,445383,445384,1,1680
443703,445384,445386,2,1681
443703,445385,445387,2,1682
443703,445385,445388,3,1682
443703,445386,445388,2,1683
443703,445352,445388,36,1649
443354,445311,445388,77,1957
443703,445385,445388,3,1682
443703,445351,445388,37,1648
443703,445387,445389,2,1684
443703,445388,445390,2,1685
443703,445378,445390,12,1675
443703,445362,445390,28,1659
443703,445388,445390,2,1685
443703,445388,445389,1,1685
443703,445389,445391,2,1686
443703,445389,445391,2,1686
443703,445357,445391,34,1654
443703,445388,445390,2,1685
443703,445389,445391,2,1686
443703,445390,445391,1,1687
443703,445391,445392,1,1688
443703,445359,445392,33,1656
443703,445390,445392,2,1687
443703,445391,445393,2,1688
443703,445390,445393,3,1687
443703,445390,445393,3,1687
443703,445391,445392,1,1688
443703,445390,445393,3,1687
443703,445351,445394,43,1648
443703,445391,445394,3,1688
443354,445313,445394,81,1959
443703,445392,445394,2,1689
443354,445317,445395,78,1963
443703,445392,445394,2,1689
443703,445363,445394,31,1660
443703,445393,445394,1,1690
443703,445393,445394,1,1690
443703,445393,445396,3,1690
443703,445393,445396,3,1690
443703,445393,445395,2,1690
443703,445394,445396,2,1691
443703,445393,445395,2,1690
443703,445392,445395,3,1689
443354,445311,445396,85,1957
443703,445394,445397,3,1691
443703,445368,445396,28,1665
443703,445394,445396,2,1691
443703,445370,445396,26,1667
443703,445394,445396,2,1691
443703,445353,445398,45,1650
443703,445365,445397,32,1662
443703,445354,445399,45,1651
443703,445394,445399,5,1691
443703,445376,445399,23,1673
443703,445352,445401,49,1649
443703,445352,445401,49,1649
443354,445318,445402,84,1964
443703,445351,445403,52,1648
443703,445365,445404,39,1662
443703,445360,445404,44,1657
443703,445363,445404,41,1660
443703,445351,445408,57,1648
443703,445351,445409,58,1648
443703,445359,445410,51,1656
443703,445372,445410,38,1669
443703,445395,445415,20,1692
443703,445395,445416,21,1692
443703,445396,445425,29,1693
443703,445396,445429,33,1693
443703,445396,445432,36,1693
443703,445396,445434,38,1693
443703,445397,445435,38,1694
443703,445396,445434,38,1693
443703,445397,445440,43,1694
443703,445406,445444,38,1703
443703,445396,445446,50,1693
443703,445396,445447,51,1693
443703,445396,445450,54,1693
443703,445396,445450,54,1693
443703,445397,445452,55,1694
443703,445399,445452,53,1696
443703,445410,445454,44,1707
443703,445396,445454,58,1693
443703,445398,445455,57,1695
443703,445399,445456,57,1696
443703,445398,445458,60,1695
443703,445404,445459,55,1701
443703,445404,445460,56,1701
443703,445398,445460,62,1695
443703,445397,445461,64,1694
443703,445400,445462,62,1697
443703,445401,445464,63,1698
443703,445403,445464,61,1700
443703,445402,445467,65,1699
443703,445401,445470,69,1698
443703,445415,445472,57,1712
443703,445408,445472,64,1705
443703,445409,445472,63,1706
443703,445467,445473,6,1764
443703,445470,445473,3,1767
443703,445410,445474,64,1707
443703,445472,445474,2,1769
443703,445465,445475,10,1762
443703,445472,445475,3,1769
443703,445416,445474,58,1713
443703,445472,445476,4,1769
443703,445473,445476,3,1770
443703,445474,445476,2,1771
443703,445474,445476,2,1771
443703,445473,445476,3,1770
443703,445475,445478,3,1772
443703,445475,445478,3,1772
443703,445476,445478,2,1773
443703,445476,445478,2,1773
443703,445476,445479,3,1773
443703,445476,445479,3,1773
443703,445475,445478,3,1772
443703,445478,445480,2,1775
443703,445478,445481,3,1775
443703,445478,445481,3,1775
443703,445462,445481,19,1759
443703,445477,445480,3,1774
443703,445479,445482,3,1776
443703,445478,445482,4,1775
443703,445480,445482,2,1777
443703,445479,445483,4,1776
443703,445432,445483,51,1729
443703,445464,445483,19,1761
443703,445481,445484,3,1778
443703,445480,445483,3,1777
443703,445425,445483,58,1722
443703,445481,445484,3,1778
443703,445481,445485,4,1778
443703,445429,445485,56,1726
443703,445482,445486,4,1779
443703,445482,445487,5,1779
443703,445482,445487,5,1779
443703,445434,445487,53,1731
442723,444556,445488,932,1833
443703,445435,445494,59,1732
443703,445454,445498,44,1751
443703,445435,445501,66,1732
443703,445452,445506,54,1749
443703,445460,445508,48,1757
443703,445452,445509,57,1749
443703,445440,445509,69,1737
443703,445448,445509,61,1745
443703,445446,445510,64,1743
443834,445483,445511,28,1649
443703,445461,445511,50,1758
443703,445444,445512,68,1741
443703,445459,445512,53,1756
443834,445484,445513,29,1650
443834,445484,445512,28,1650
442347,444308,445514,1206,1961
443703,445451,445514,63,1748
443834,445484,445515,31,1650
443834,445513,445516,3,1679
443834,445514,445516,2,1680
443834,445515,445517,2,1681
443834,445514,445517,3,1680
443834,445513,445517,4,1679
443703,445455,445517,62,1752
443834,445483,445518,35,1649
443834,445513,445517,4,1679
443834,445516,445518,2,1682
443834,445516,445519,3,1682
443703,445460,445519,59,1757
443834,445517,445519,2,1683
443834,445517,445518,1,1683
443834,445518,445520,2,1684
443834,445518,445521,3,1684
443834,445517,445520,3,1683
443834,445519,445521,2,1685
443834,445519,445521,2,1685
443834,445518,445520,2,1684
443834,445518,445520,2,1684
443703,445450,445521,71,1747
443834,445520,445522,2,1686
443834,445519,445522,3,1685
443834,445519,445521,2,1685
443834,445521,445523,2,1687
443834,445521,445523,2,1687
443834,445521,445523,2,1687
443703,445456,445522,66,1753
443834,445483,445524,41,1649
443834,445521,445524,3,1687
443834,445521,445523,2,1687
443834,445521,445523,2,1687
443834,445522,445523,1,1688
443834,445521,445523,2,1687
443834,445485,445524,39,1651
443834,445522,445525,3,1688
443834,445523,445525,2,1689
443834,445487,445525,38,1653
443834,445523,445524,1,1689
443834,445512,445524,12,1678
443834,445522,445524,2,1688
443834,445523,445526,3,1689
443834,445523,445526,3,1689
443834,445524,445526,2,1690
443834,445524,445526,2,1690
443834,445524,445527,3,1690
443834,445524,445527,3,1690
443834,445524,445526,2,1690
443834,445524,445526,2,1690
443834,445524,445528,4,1690
443834,445484,445530,46,1650
443703,445454,445531,77,1751
443834,445488,445531,43,1654
443703,445458,445531,73,1755
443834,445494,445531,37,1660
443834,445525,445532,7,1691
443834,445485,445533,48,1651
443834,445525,445536,11,1691
443834,445487,445536,49,1653
443834,445487,445536,49,1653
443834,445487,445538,51,1653
443834,445511,445538,27,1677
443834,445525,445540,15,1691
443834,445506,445543,37,1672
443834,445512,445544,32,1678
443834,445525,445549,24,1691
443834,445509,445549,40,1675
443834,445511,445550,39,1677
443834,445501,445551,50,1667
443834,445509,445551,42,1675
443834,445510,445555,45,1676
443834,445498,445555,57,1664
443834,445509,445559,50,1675
443834,445525,445559,34,1691
443834,445525,445567,42,1691
443834,445526,445572,46,1692
443834,445526,445574,48,1692
443834,445527,445576,49,1693
443834,445526,445577,51,1692
443834,445531,445578,47,1697
443834,445527,445579,52,1693
443834,445533,445580,47,1699
443834,445528,445584,56,1694
443834,445527,445585,58,1693
443834,445526,445585,59,1692
443834,445530,445587,57,1696
443834,445536,445587,51,1702
442777,444672,445588,916,1895
443834,445531,445589,58,1697
443834,445527,445591,64,1693
443834,445531,445592,61,1697
443834,445531,445592,61,1697
443834,445540,445595,55,1706
443834,445538,445596,58,1704
443834,445549,445597,48,1715
443834,445533,445597,64,1699
443834,445538,445599,61,1704
443834,445543,445601,58,1709
443834,445544,445603,59,1710
443834,445549,445605,56,1715
443834,445536,445606,70,1702
443834,445537,445609,72,1703
443834,445576,445609,33,1742
443834,445551,445610,59,1717
443834,445555,445610,55,1721
443834,445610,445613,3,1776
443834,445610,445613,3,1776
443834,445609,445615,6,1775
443834,445613,445616,3,1779
443834,445613,445616,3,1779
443834,445615,445617,2,1781
443834,445551,445619,68,1717
443834,445617,445619,2,1783
443834,445550,445619,69,1716
443834,445616,445619,3,1782
443834,445616,445619,3,1782
443834,445619,445621,2,1785
443834,445619,445621,2,1785
443834,445619,445622,3,1785
443834,445609,445622,13,1775
443834,445619,445622,3,1785
443834,445619,445622,3,1785
443834,445621,445623,2,1787
443834,445622,445624,2,1788
443834,445622,445625,3,1788
443834,445622,445625,3,1788
443834,445623,445625,2,1789
443834,445559,445624,65,1725
443834,445622,445624,2,1788
443834,445622,445626,4,1788
443834,445574,445627,53,1740
443834,445560,445627,67,1726
443834,445624,445627,3,1790
443834,445603,445627,24,1769
443834,445625,445628,3,1791
443834,445579,445628,49,1745
443834,445625,445627,2,1791
443834,445625,445628,3,1791
443834,445625,445629,4,1791
443834,445606,445628,22,1772
443834,445555,445630,75,1721
443834,445578,445631,53,1744
443834,445577,445633,56,1743
443834,445572,445635,63,1738
443834,445567,445638,71,1733
443834,445580,445638,58,1746
443834,445585,445640,55,1751
443834,445588,445641,53,1754
443834,445597,445645,48,1763
443834,445587,445646,59,1753
443834,445589,445647,58,1755
443834,445587,445649,62,1753
443834,445585,445651,66,1751
443834,445584,445654,70,1750
443834,445605,445656,51,1771
443834,445601,445659,58,1767
444007,445627,445660,33,1620
443834,445599,445660,61,1765
443834,445591,445660,69,1757
443834,445597,445659,62,1763
444007,445660,445662,2,1653
443834,445595,445662,67,1761
444007,445660,445662,2,1653
444007,445660,445663,3,1653
444007,445659,445663,4,1652
444007,445660,445662,2,1653
444007,445662,445664,2,1655
444007,445662,445664,2,1655
444007,445631,445664,33,1624
444007,445663,445664,1,1656
444007,445663,445664,1,1656
444007,445662,445665,3,1655
444007,445663,445665,2,1656
443834,445592,445665,73,1758
444007,445664,445665,1,1657
444007,445664,445665,1,1657
444007,445665,445667,2,1658
444007,445665,445666,1,1658
444007,445665,445666,1,1658
444007,445665,445666,1,1658
444007,445666,445668,2,1659
444007,445665,445667,2,1658
444007,445666,445668,2,1659
444007,445666,445668,2,1659
444007,445668,445670,2,1661
444007,445668,445669,1,1661
444007,445668,445669,1,1661
444007,445668,445670,2,1661
444007,445668,445670,2,1661
444007,445656,445670,14,1649
444007,445669,445671,2,1662
444007,445668,445671,3,1661
444007,445654,445671,17,1647
443834,445593,445672,79,1759
444007,445670,445672,2,1663
444007,445670,445671,1,1663
444007,445670,445672,2,1663
444007,445670,445671,1,1663
444007,445668,445671,3,1661
444007,445670,445672,2,1663
444007,445670,445673,3,1663
444007,445671,445672,1,1664
443834,445596,445674,78,1762
444007,445628,445673,45,1621
444007,445672,445674,2,1665
444007,445671,445673,2,1664
444007,445672,445674,2,1665
444007,445671,445674,3,1664
444007,445672,445674,2,1665
444007,445627,445676,49,1620
444007,445628,445676,48,1621
444007,445672,445676,4,1665
444007,445626,445679,53,1619
444007,445647,445679,32,1640
444007,445646,445679,33,1639
444007,445638,445680,42,1631
444007,445672,445680,8,1665
444007,445630,445681,51,1623
444007,445628,445681,53,1621
444007,445628,445683,55,1621
444007,445627,445683,56,1620
444007,445627,445683,56,1620
444007,445633,445684,51,1626
444007,445641,445686,45,1634
444007,445629,445686,57,1622
444007,445638,445688,50,1631
444007,445636,445691,55,1629
444007,445649,445692,43,1642
444007,445629,445693,64,1622
444007,445645,445695,50,1638
444007,445651,445697,46,1644
444007,445640,445698,58,1633
444007,445672,445701,29,1665
444007,445674,445708,34,1667
444007,445675,445709,34,1668
444007,445672,445711,39,1665
444007,445673,445713,40,1666
444007,445683,445717,34,1676
444007,445674,445717,43,1667
444007,445683,445720,37,1676
444007,445688,445720,32,1681
444007,445683,445721,38,1676
444007,445684,445722,38,1677
444007,445679,445724,45,1672
444007,445675,445724,49,1668
444007,445677,445725,48,1670
444007,445674,445724,50,1667
444007,445679,445727,48,1672
444007,445677,445728,51,1670
444007,445674,445729,55,1667
444007,445692,445730,38,1685
444007,445674,445730,56,1667
444007,445679,445731,52,1672
444007,445681,445733,52,1674
444007,445681,445736,55,1674
444007,445675,445736,61,1668
444007,445681,445737,56,1674
444007,445676,445737,61,1669
444007,445680,445737,57,1673
444007,445708,445738,30,1701
444007,445686,445738,52,1679
444007,445686,445739,53,1679
444007,445739,445744,5,1732
444007,445711,445744,33,1704
444007,445709,445745,36,1702
444007,445744,445746,2,1737
444007,445744,445747,3,1737
444007,445738,445748,10,1731
444007,445746,445748,2,1739
444007,445691,445749,58,1684
444007,445745,445748,3,1738
444007,445748,445750,2,1741
444007,445747,445750,3,1740
444007,445748,445750,2,1741
444007,445749,445751,2,1742
444007,445720,445752,32,1713
444007,445749,445752,3,1742
444007,445750,445752,2,1743
444007,445750,445752,2,1743
444007,445738,445752,14,1731
444007,445750,445753,3,1743
444007,445697,445754,57,1690
444007,445751,445754,3,1744
444007,445752,445754,2,1745
444007,445752,445754,2,1745
444007,445752,445755,3,1745
444007,445752,445755,3,1745
444007,445752,445754,2,1745
444007,445753,445756,3,1746
444007,445725,445756,31,1718
444007,445754,445756,2,1747
444007,445725,445756,31,1718
444007,445754,445756,2,1747
444007,445722,445757,35,1715
444007,445754,445757,3,1747
444007,445754,445756,2,1747
444007,445755,445758,3,1748
444007,445755,445758,3,1748
444007,445755,445759,4,1748
444007,445695,445760,65,1688
444007,445731,445760,29,1724
444007,445756,445760,4,1749
444007,445737,445760,23,1730
444007,445698,445760,62,1691
444007,445693,445762,69,1686
444007,445730,445764,34,1723
444007,445713,445765,52,1706
444007,445737,445768,31,1730
444007,445701,445770,69,1694
444007,445733,445770,37,1726
444007,445721,445771,50,1714
444007,445718,445772,54,1711
444007,445724,445778,54,1717
444007,445720,445778,58,1713
444007,445737,445779,42,1730
444007,445724,445781,57,1717
444007,445730,445782,52,1723
444007,445727,445785,58,1720
444007,445736,445786,50,1729
444007,445717,445787,70,1710
444200,445785,445788,3,1585
444200,445786,445788,2,1586
444200,445782,445789,7,1582
444200,445787,445790,3,1587
444200,445781,445790,9,1581
444200,445788,445789,1,1588
444200,445788,445791,3,1588
444200,445757,445792,35,1557
444200,445778,445792,14,1578
444200,445790,445792,2,1590
444200,445790,445792,2,1590
444200,445790,445793,3,1590
444200,445789,445792,3,1589
444200,445792,445793,1,1592
444200,445791,445794,3,1591
444200,445792,445794,2,1592
444200,445792,445794,2,1592
444200,445793,445795,2,1593
444200,445792,445795,3,1592
444007,445736,445796,60,1729
444200,445793,445796,3,1593
444200,445794,445796,2,1594
444200,445760,445796,36,1560
444200,445794,445795,1,1594
444007,445728,445796,68,1721
444200,445794,445797,3,1594
444200,445794,445796,2,1594
444200,445796,445798,2,1596
444200,445795,445798,3,1595
444200,445796,445798,2,1596
444200,445796,445798,2,1596
444200,445779,445798,19,1579
444200,445796,445798,2,1596
444200,445795,445797,2,1595
444200,445796,445799,3,1596
444200,445797,445799,2,1597
444200,445796,445798,2,1596
444200,445798,445800,2,1598
444200,445756,445800,44,1556
444200,445798,445800,2,1598
444200,445798,445800,2,1598
444200,445798,445799,1,1598
444200,445798,445801,3,1598
444200,445797,445800,3,1597
444200,445798,445800,2,1598
444200,445798,445801,3,1598
444200,445799,445802,3,1599
444200,445799,445802,3,1599
444200,445756,445802,46,1556
444200,445800,445803,3,1600
444200,445800,445803,3,1600
444200,445757,445804,47,1557
444200,445772,445805,33,1572
444200,445760,445806,46,1560
444200,445758,445806,48,1558
444007,445729,445806,77,1722
444200,445757,445807,50,1557
444200,445758,445806,48,1558
444200,445764,445810,46,1564
444200,445778,445810,32,1578
444200,445760,445811,51,1560
444200,445770,445811,41,1570
444200,445759,445811,52,1559
444200,445770,445812,42,1570
444200,445801,445813,12,1601
444200,445800,445815,15,1600
444200,445760,445816,56,1560
444200,445757,445816,59,1557
444200,445761,445817,56,1561
444200,445762,445817,55,1562
444200,445765,445820,55,1565
444200,445768,445821,53,1568
444200,445771,445822,51,1571
444200,445800,445827,27,1600
444200,445801,445840,39,1601
444200,445800,445846,46,1600
444200,445802,445850,48,1602
444200,445801,445852,51,1601
444200,445801,445852,51,1601
444200,445806,445852,46,1606
444200,445802,445854,52,1602
444200,445806,445855,49,1606
444200,445801,445855,54,1601
444200,445802,445856,54,1602
444200,445804,445858,54,1604
444200,445807,445859,52,1607
444200,445810,445860,50,1610
444200,445803,445860,57,1603
444200,445806,445860,54,1606
444200,445805,445861,56,1605
444200,445813,445862,49,1613
444200,445812,445862,50,1612
444200,445810,445865,55,1610
444200,445804,445865,61,1604
444200,445807,445866,59,1607
444200,445815,445867,52,1615
444200,445811,445867,56,1611
444200,445811,445870,59,1611
444200,445811,445870,59,1611
444200,445868,445873,5,1668
444200,445870,445873,3,1670
444200,445870,445873,3,1670
444200,445816,445876,60,1616
444200,445873,445876,3,1673
444200,445873,445876,3,1673
444200,445873,445876,3,1673
444200,445867,445878,11,1667
444200,445876,445879,3,1676
444200,445876,445879,3,1676
444200,445876,445879,3,1676
444200,445827,445880,53,1627
444200,445878,445880,2,1678
444200,445877,445880,3,1677
444200,445863,445881,18,1663
444200,445879,445881,2,1679
444200,445879,445881,2,1679
444200,445822,445882,60,1622
444200,445880,445882,2,1680
444200,445879,445881,2,1679
444200,445881,445883,2,1681
444200,445816,445883,67,1616
444200,445817,445883,66,1617
444200,445881,445884,3,1681
444200,445866,445884,18,1666
444200,445881,445883,2,1681
444200,445882,445885,3,1682
444200,445820,445885,65,1620
444200,445882,445885,3,1682
444200,445881,445884,3,1681
444200,445822,445886,64,1622
444200,445882,445886,4,1682
444200,445883,445886,3,1683
444200,445817,445886,69,1617
444200,445882,445885,3,1682
444200,445883,445887,4,1683
444200,445884,445887,3,1684
444200,445884,445887,3,1684
444200,445885,445888,3,1685
444200,445884,445887,3,1684
444200,445884,445887,3,1684
444200,445885,445889,4,1685
444200,445885,445890,5,1685
444200,445885,445890,5,1685
444200,445886,445893,7,1686
444200,445840,445894,54,1640
444200,445846,445901,55,1646
444200,445850,445906,56,1650
444200,445858,445906,48,1658
444200,445865,445906,41,1665
444245,445886,445909,23,1641
444245,445886,445910,24,1641
444200,445854,445910,56,1654
444200,445852,445912,60,1652
444200,445859,445913,54,1659
444200,445852,445914,62,1652
444200,445862,445915,53,1662
444200,445861,445915,54,1661
444200,445852,445916,64,1652
444200,445855,445919,64,1655
444200,445859,445919,60,1659
444200,445860,445921,61,1660
444245,445919,445921,2,1674
444245,445916,445922,6,1671
444245,445919,445922,3,1674
444245,445921,445922,1,1676
444245,445922,445924,2,1677
444245,445922,445924,2,1677
444245,445922,445924,2,1677
444245,445924,445925,1,1679
444200,445865,445926,61,1665
444200,445860,445926,66,1660
444245,445925,445927,2,1680
444245,445925,445927,2,1680
444245,445925,445927,2,1680
444200,445856,445926,70,1656
444245,445925,445927,2,1680
444245,445927,445929,2,1682
444245,445927,445928,1,1682
444245,445927,445929,2,1682
444245,445926,445928,2,1681
444245,445927,445929,2,1682
444245,445927,445930,3,1682
444245,445888,445930,42,1643
444245,445927,445929,2,1682
444245,445929,445931,2,1684
444245,445915,445931,16,1670
444245,445929,445931,2,1684
444245,445929,445932,3,1684
444245,445929,445932,3,1684
444245,445930,445931,1,1685
444245,445931,445933,2,1686
444200,445860,445933,73,1660
444245,445930,445932,2,1685
444245,445930,445932,2,1685
444245,445931,445933,2,1686
444245,445930,445933,3,1685
444245,445889,445932,43,1644
444245,445931,445932,1,1686
444245,445933,445935,2,1688
444245,445933,445934,1,1688
444245,445932,445935,3,1687
444245,445914,445935,21,1669
444245,445932,445935,3,1687
444245,445933,445935,2,1688
444245,445933,445936,3,1688
444245,445933,445936,3,1688
444245,445894,445936,42,1649
444245,445933,445935,2,1688
444245,445933,445935,2,1688
444245,445933,445935,2,1688
444245,445933,445935,2,1688
444245,445886,445937,51,1641
444245,445935,445938,3,1690
444245,445888,445938,50,1643
444245,445888,445939,51,1643
444245,445887,445939,52,1642
444245,445906,445940,34,1661
444245,445915,445939,24,1670
444245,445890,445940,50,1645
444245,445935,445941,6,1690
444245,445893,445941,48,1648
444245,445887,445942,55,1642
444245,445906,445943,37,1661
444245,445913,445944,31,1668
444245,445888,445944,56,1643
444245,445901,445945,44,1656
444245,445890,445948,58,1645
444245,445935,445948,13,1690
444245,445911,445951,40,1666
444245,445906,445951,45,1661
444245,445909,445953,44,1664
444245,445910,445955,45,1665
444245,445912,445961,49,1667
444245,445935,445967,32,1690
444245,445935,445968,33,1690
444245,445936,445973,37,1691
444245,445936,445975,39,1691
444245,445936,445982,46,1691
444245,445941,445982,41,1696
444245,445937,445983,46,1692
444245,445936,445984,48,1691
444245,445935,445985,50,1690
444245,445938,445987,49,1693
444245,445940,445988,48,1695
444245,445940,445989,49,1695
444245,445948,445990,42,1703
444245,445937,445991,54,1692
444245,445941,445992,51,1696
444245,445939,445993,54,1694
444245,445939,445992,53,1694
444245,445944,445994,50,1699
444245,445942,445995,53,1697
444245,445937,445995,58,1692
444245,445994,445999,5,1749
444245,445995,446000,5,1750
444245,445940,446000,60,1695
444245,445943,446001,58,1698
444245,445945,446001,56,1700
444245,445938,446001,63,1693
444245,445999,446002,3,1754
444245,445953,446002,49,1708
444245,445944,446002,58,1699
444245,445937,446003,66,1692
444245,445995,446002,7,1750
444245,446000,446003,3,1755
444245,445994,446003,9,1749
444245,446000,446003,3,1755
444245,446002,446004,2,1757
444245,446001,446004,3,1756
444245,446001,446004,3,1756
444245,446002,446003,1,1757
444245,446001,446005,4,1756
444245,446002,446005,3,1757
444245,446003,446005,2,1758
444245,446004,446006,2,1759
444245,445951,446006,55,1706
444245,446003,446006,3,1758
444245,446003,446006,3,1758
444245,446003,446005,2,1758
444245,446004,446007,3,1759
444245,446004,446007,3,1759
444245,446004,446007,3,1759
444245,445973,446006,33,1728
444245,446003,446007,4,1758
444245,446006,446008,2,1761
444245,446005,446008,3,1760
444245,446005,446008,3,1760
444245,446005,446009,4,1760
444245,446006,446009,3,1761
444245,446007,446009,2,1762
444245,446007,446010,3,1762
444245,445949,446010,61,1704
444245,446006,446009,3,1761
444245,446006,446010,4,1761
444245,446007,446011,4,1762
444245,446007,446012,5,1762
444245,445951,446012,61,1706
444245,446008,446012,4,1763
444245,446006,446011,5,1761
444245,446008,446012,4,1763
444245,446008,446014,6,1763
444245,446009,446014,5,1764
444245,446008,446015,7,1763
444245,446009,446015,6,1764
444245,446009,446015,6,1764
444245,446010,446016,6,1765
444245,445988,446016,28,1743
444245,445967,446017,50,1722
444245,445969,446020,51,1724
444245,445955,446020,65,1710
444245,445961,446020,59,1716
444245,445991,446020,29,1746
444245,445986,446026,40,1741
444245,445975,446031,56,1730
444245,445993,446032,39,1748
444245,445984,446036,52,1739
444245,445982,446036,54,1737
444245,445992,446038,46,1747
444245,445987,446037,50,1742
444245,445982,446043,61,1737
444501,446038,446044,6,1537
444245,445990,446044,54,1745
444245,445983,446044,61,1738
444245,445989,446045,56,1744
444501,446044,446046,2,1543
444501,446043,446046,3,1542
444501,446044,446047,3,1543
444501,446044,446047,3,1543
444501,446038,446046,8,1537
444501,446046,446047,1,1545
444501,446046,446047,1,1545
444501,446046,446049,3,1545
444501,446047,446049,2,1546
444501,446031,446049,18,1530
444501,446047,446050,3,1546
444501,446048,446050,2,1547
444501,446047,446050,3,1546
444501,446037,446051,14,1536
444501,446048,446050,2,1547
444501,446049,446051,2,1548
444501,446049,446052,3,1548
444501,446050,446052,2,1549
444501,446049,446051,2,1548
444501,446051,446053,2,1550
444501,446050,446053,3,1549
444501,446012,446052,40,1511
444501,446051,446053,2,1550
444501,446051,446053,2,1550
444501,446052,446054,2,1551
444501,446052,446054,2,1551
444501,446051,446053,2,1550
444501,446053,446055,2,1552
444501,446052,446055,3,1551
444501,446053,446054,1,1552
444501,446053,446054,1,1552
444501,446054,446056,2,1553
444501,446053,446056,3,1552
444501,446054,446056,2,1553
444501,446010,446056,46,1509
444501,446054,446057,3,1553
444501,446012,446057,45,1511
444501,446015,446056,41,1514
444501,446054,446056,2,1553
444501,446055,446056,1,1554
444501,446056,446057,1,1555
444501,446056,446057,1,1555
444501,446056,446058,2,1555
444501,446055,446057,2,1554
444501,446016,446059,43,1515
444501,446056,446059,3,1555
444501,446056,446059,3,1555
444501,446057,446061,4,1556
444501,446014,446061,47,1513
444501,446012,446061,49,1511
444501,446017,446062,45,1516
444501,446017,446062,45,1516
444501,446012,446063,51,1511
444501,446057,446064,7,1556
444501,446012,446064,52,1511
444501,446014,446065,51,1513
444501,446011,446065,54,1510
444501,446026,446066,40,1525
444501,446036,446066,30,1535
444501,446015,446068,53,1514
444501,446021,446069,48,1520
444501,446020,446069,49,1519
444501,446011,446069,58,1510
444501,446057,446072,15,1556
444501,446057,446072,15,1556
443316,445205,446073,868,1889
444501,446020,446074,54,1519
444501,446015,446074,59,1514
444501,446020,446075,55,1519
444501,446032,446078,46,1531
444501,446061,446083,22,1560
444501,446057,446090,33,1556
444501,446059,446093,34,1558
444501,446058,446093,35,1557
444501,446062,446094,32,1561
444501,446058,446095,37,1557
444501,446066,446097,31,1565
444501,446062,446098,36,1561
444501,446057,446099,42,1556
444501,446059,446100,41,1558
444501,446057,446101,44,1556
443105,445086,446111,1025,1981
444501,446059,446113,54,1558
444501,446061,446114,53,1560
444501,446058,446116,58,1557
444501,446072,446116,44,1571
444501,446073,446117,44,1572
444501,446069,446119,50,1568
444501,446064,446121,57,1563
444501,446065,446122,57,1564
444501,446063,446122,59,1562
444501,446061,446122,61,1560
444501,446093,446123,30,1592
444501,446068,446124,56,1567
444501,446069,446125,56,1568
444501,446123,446125,2,1622
444501,446065,446126,61,1564
444501,446122,446126,4,1621
444501,446124,446126,2,1623
444501,446125,446127,2,1624
444501,446066,446128,62,1565
444501,446126,446128,2,1625
444501,446125,446129,4,1624
444501,446127,446129,2,1626
444501,446122,446129,7,1621
444501,446126,446129,3,1625
444501,446126,446129,3,1625
444501,446069,446131,62,1568
444501,446064,446131,67,1563
444501,446129,446131,2,1628
443080,444884,446131,1247,1804
444501,446128,446131,3,1627
444501,446075,446132,57,1574
444501,446128,446131,3,1627
444501,446129,446131,2,1628
444501,446129,446133,4,1628
444501,446130,446134,4,1629
444501,446130,446134,4,1629
444501,446131,446134,3,1630
444501,446073,446134,61,1572
444501,446131,446133,2,1630
444501,446131,446135,4,1630
444501,446131,446134,3,1630
444501,446131,446134,3,1630
444501,446132,446135,3,1631
444501,446132,446136,4,1631
444501,446121,446136,15,1620
444501,446122,446136,14,1621
444501,446133,446136,3,1632
444501,446132,446136,4,1631
444501,446134,446138,4,1633
444501,446134,446138,4,1633
444501,446074,446138,64,1573
444501,446134,446138,4,1633
444501,446134,446137,3,1633
444501,446134,446139,5,1633
444501,446135,446139,4,1634
444501,446135,446140,5,1634
444501,446135,446139,4,1634
444501,446135,446140,5,1634
444501,446075,446141,66,1574
444501,446136,446142,6,1635
444501,446136,446143,7,1635
444501,446078,446143,65,1577
444501,446136,446144,8,1635
444501,446094,446144,50,1593
444501,446119,446145,26,1618
444501,446090,446146,56,1589
444501,446083,446146,63,1582
444501,446114,446145,31,1613
444501,446116,446147,31,1615
444501,446097,446147,50,1596
444501,446113,446150,37,1612
444501,446099,446151,52,1598
444501,446095,446151,56,1594
444501,446101,446156,55,1600
444501,446100,446156,56,1599
444501,446116,446158,42,1615
444558,446156,446159,3,1598
444501,446099,446159,60,1598
444558,446159,446161,2,1601
444558,446159,446160,1,1601
444558,446160,446162,2,1602
444558,446156,446162,6,1598
444558,446161,446163,2,1603
444558,446161,446163,2,1603
444558,446162,446163,1,1604
444558,446162,446164,2,1604
444501,446093,446165,72,1592
444558,446164,446165,1,1606
444558,446164,446166,2,1606
444558,446164,446166,2,1606
444558,446163,446166,3,1605
444558,446165,446167,2,1607
444558,446166,446168,2,1608
444558,446166,446167,1,1608
444558,446166,446167,1,1608
444558,446166,446167,1,1608
444558,446167,446170,3,1609
444558,446168,446170,2,1610
444558,446168,446170,2,1610
444558,446168,446171,3,1610
444558,446168,446170,2,1610
444558,446170,446172,2,1612
444558,446170,446172,2,1612
444558,446170,446172,2,1612
444501,446111,446172,61,1610
444501,446117,446173,56,1616
444558,446171,446173,2,1613
444558,446171,446173,2,1613
444558,446172,446174,2,1614
444558,446172,446174,2,1614
444558,446172,446173,1,1614
444558,446173,446174,1,1615
444558,446151,446175,24,1593
444558,446173,446174,1,1615
444558,446173,446176,3,1615
444558,446174,446175,1,1616
444558,446174,446176,2,1616
444558,446174,446176,2,1616
444558,446151,446177,26,1593
444558,446175,446177,2,1617
444558,446174,446176,2,1616
444558,446145,446178,33,1587
444558,446147,446178,31,1589
444558,446175,446177,2,1617
444558,446144,446178,34,1586
444558,446175,446177,2,1617
444558,446176,446179,3,1618
444558,446176,446180,4,1618
444558,446139,446181,42,1581
444558,446176,446182,6,1618
444558,446140,446182,42,1582
444558,446147,446183,36,1589
444558,446138,446184,46,1580
444558,446150,446187,37,1592
444558,446138,446188,50,1580
444558,446138,446187,49,1580
444558,446138,446188,50,1580
444558,446137,446189,52,1579
444558,446146,446190,44,1588
444558,446146,446192,46,1588
444558,446146,446193,47,1588
444558,446143,446193,50,1585
444558,446143,446193,50,1585
444558,446140,446192,52,1582
444558,446139,446195,56,1581
444558,446140,446197,57,1582
444558,446144,446198,54,1586
444558,446178,446199,21,1620
444558,446142,446200,58,1584
444558,446141,446200,59,1583
444558,446139,446201,62,1581
444558,446176,446201,25,1618
444558,446180,446206,26,1622
444558,446183,446211,28,1625
444558,446177,446213,36,1619
444558,446177,446216,39,1619
444558,446178,446224,46,1620
444558,446181,446225,44,1623
444558,446177,446225,48,1619
444558,446178,446227,49,1620
444558,446178,446229,51,1620
444558,446182,446231,49,1624
444558,446200,446232,32,1642
444558,446178,446233,55,1620
444558,446179,446235,56,1621
443355,445350,446236,886,1995
444558,446187,446239,52,1629
444558,446182,446243,61,1624
444558,446188,446243,55,1630
444558,446201,446244,43,1643
444558,446184,446244,60,1626
444558,446193,446246,53,1635
444558,446236,446246,10,1678
444558,446244,446248,4,1686
444558,446246,446249,3,1688
444558,446246,446249,3,1688
444558,446243,446250,7,1685
444558,446195,446250,55,1637
444558,446248,446250,2,1690
444558,446244,446250,6,1686
444558,446249,446251,2,1691
444558,446189,446251,62,1631
444558,446249,446250,1,1691
444558,446193,446252,59,1635
444558,446250,446252,2,1692
444558,446188,446252,64,1630
444558,446243,446253,10,1685
444558,446250,446253,3,1692
444558,446232,446253,21,1674
444558,446193,446253,60,1635
444558,446250,446253,3,1692
444558,446199,446253,54,1641
444558,446251,446253,2,1693
444558,446250,446252,2,1692
444558,446251,446252,1,1693
444558,446206,446254,48,1648
444558,446251,446254,3,1693
444558,446190,446254,64,1632
444558,446252,446254,2,1694
444558,446252,446254,2,1694
444558,446189,446254,65,1631
444558,446197,446255,58,1639
444558,446239,446254,15,1681
444558,446253,446256,3,1695
444558,446253,446256,3,1695
444558,446254,446256,2,1696
444558,446252,446255,3,1694
444558,446253,446256,3,1695
444558,446253,446255,2,1695
444558,446254,446256,2,1696
444558,446254,446256,2,1696
444558,446253,446256,3,1695
444558,446253,446257,4,1695
444558,446253,446257,4,1695
444558,446254,446257,3,1696
444558,446253,446256,3,1695
444558,446254,446257,3,1696
444558,446256,446258,2,1698
444558,446194,446258,64,1636
444558,446254,446258,4,1696
444558,446255,446259,4,1697
444558,446256,446259,3,1698
444558,446255,446260,5,1697
444558,446255,446259,4,1697
444558,446256,446260,4,1698
444558,446200,446261,61,1642
444558,446192,446261,69,1634
444558,446256,446262,6,1698
444558,446198,446262,64,1640
444615,446256,446263,7,1641
444558,446201,446262,61,1643
444558,446228,446264,36,1670
444558,446211,446265,54,1653
444615,446256,446264,8,1641
444558,446233,446267,34,1675
444558,446216,446268,52,1658
444615,446268,446273,5,1653
444615,446273,446275,2,1658
444558,446231,446275,44,1673
444558,446225,446276,51,1667
444558,446229,446277,48,1671
444615,446275,446276,1,1660
444615,446275,446277,2,1660
444615,446276,446277,1,1661
444558,446225,446279,54,1667
444558,446213,446279,66,1655
444558,446226,446279,53,1668
444615,446277,446278,1,1662
444615,446259,446278,19,1644
444615,446277,446278,1,1662
444615,446277,446278,1,1662
444615,446278,446280,2,1663
444615,446279,446281,2,1664
444615,446256,446280,24,1641
444615,446279,446281,2,1664
444615,446279,446281,2,1664
444615,446257,446281,24,1642
444615,446279,446280,1,1664
444615,446280,446281,1,1665
444615,446280,446281,1,1665
444615,446280,446282,2,1665
444615,446280,446282,2,1665
444615,446281,446283,2,1666
444558,446235,446283,48,1677
444615,446281,446283,2,1666
444615,446281,446283,2,1666
444615,446257,446282,25,1642
444615,446281,446284,3,1666
444615,446281,446284,3,1666
444615,446282,446284,2,1667
444615,446267,446285,18,1652
444615,446282,446284,2,1667
444615,446281,446284,3,1666
444615,446259,446286,27,1644
444615,446265,446287,22,1650
444615,446256,446288,32,1641
444615,446261,446289,28,1646
444615,446260,446290,30,1645
444615,446282,446292,10,1667
444615,446257,446293,36,1642
444615,446265,446294,29,1650
444615,446263,446295,32,1648
444615,446259,446296,37,1644
444615,446259,446298,39,1644
444615,446264,446300,36,1649
444615,446259,446300,41,1644
444615,446258,446301,43,1643
444615,446282,446302,20,1667
444615,446283,446303,20,1668
444615,446283,446307,24,1668
444615,446260,446307,47,1645
444615,446257,446307,50,1642
444615,446263,446307,44,1648
444615,446283,446313,30,1668
444615,446283,446315,32,1668
444615,446283,446316,33,1668
444615,446262,446315,53,1647
444615,446261,446316,55,1646
444615,446285,446317,32,1670
444615,446284,446317,33,1669
444615,446284,446321,37,1669
444615,446284,446322,38,1669
444615,446260,446322,62,1645
444615,446263,446323,60,1648
444615,446287,446325,38,1672
444615,446288,446329,41,1673
444615,446289,446330,41,1674
444615,446286,446331,45,1671
444615,446285,446332,47,1670
444615,446293,446340,47,1678
444615,446285,446345,60,1670
444615,446294,446348,54,1679
444615,446304,446349,45,1689
444615,446292,446350,58,1677
444615,446307,446351,44,1692
444615,446300,446352,52,1685
444615,446300,446353,53,1685
444615,446331,446353,22,1716
444615,446321,446356,35,1706
444615,446302,446357,55,1687
444615,446322,446357,35,1707
444615,446290,446358,68,1675
444615,446295,446359,64,1680
444615,446296,446364,68,1681
444615,446298,446365,67,1683
444615,446332,446368,36,1717
444615,446301,446370,69,1686
444615,446307,446371,64,1692
444615,446317,446372,55,1702
443703,445482,446373,891,1779
444615,446313,446376,63,1698
444615,446316,446378,62,1701
444615,446348,446379,31,1733
444615,446308,446380,72,1693
444615,446318,446383,65,1703
444615,446357,446386,29,1742
444615,446315,446387,72,1700
444615,446316,446387,71,1701
444615,446325,446390,65,1710
444615,446330,446390,60,1715
444615,446308,446391,83,1693
444615,446322,446392,70,1707
444615,446323,446393,70,1708
444615,446317,446394,77,1702
444615,446329,446397,68,1714
444615,446358,446401,43,1743
444615,446373,446401,28,1758
444615,446341,446403,62,1726
444615,446354,446412,58,1739
444615,446356,446413,57,1741
444615,446350,446414,64,1735
444615,446352,446415,63,1737
444615,446349,446415,66,1734
444615,446378,446417,39,1763
444615,446359,446417,58,1744
444615,446351,446417,66,1736
444615,446380,446420,40,1765
444615,446345,446423,78,1730
444615,446354,446425,71,1739
444615,446372,446427,55,1757
444615,446376,446427,51,1761
444615,446364,446431,67,1749
444615,446394,446433,39,1779
444615,446368,446433,65,1753
444615,446357,446436,79,1742
444615,446366,446437,71,1751
444615,446401,446438,37,1786
444615,446370,446438,68,1755
444615,446379,446442,63,1764
444615,446401,446443,42,1786
444615,446415,446444,29,1800
444615,446427,446448,21,1812
444615,446371,446448,77,1756
444615,446418,446451,33,1803
444615,446386,446452,66,1771
444615,446383,446452,69,1768
444615,446403,446454,51,1788
444615,446423,446456,33,1808
444615,446390,446457,67,1775
444615,446415,446457,42,1800
444615,446397,446459,62,1782
444615,446390,446459,69,1775
444615,446417,446462,45,1802
444615,446433,446463,30,1818
444615,446387,446464,77,1772
444615,446412,446466,54,1797
444615,446391,446468,77,1776
444615,446392,446468,76,1777
444615,446387,446472,85,1772
444615,446427,446472,45,1812
444615,446420,446473,53,1805
444615,446393,446474,81,1778
444615,446433,446475,42,1818
444615,446414,446478,64,1799
444615,446425,446478,53,1810
444865,446443,446479,36,1578
444615,446431,446482,51,1816
444615,446417,446482,65,1802
444865,446445,446483,38,1580
444615,446413,446484,71,1798
444865,446483,446485,2,1618
444865,446482,446485,3,1617
444865,446482,446486,4,1617
444865,446484,446486,2,1619
444865,446479,446487,8,1614
444865,446485,446486,1,1620
444865,446485,446488,3,1620
444865,446486,446488,2,1621
444865,446486,446489,3,1621
444865,446487,446489,2,1622
444865,446487,446489,2,1622
444865,446448,446490,42,1583
444865,446489,446490,1,1624
444865,446488,446491,3,1623
444865,446489,446491,2,1624
444865,446489,446491,2,1624
444865,446490,446492,2,1625
444865,446473,446492,19,1608
444865,446490,446492,2,1625
444865,446491,446492,1,1626
444865,446491,446493,2,1626
444865,446491,446493,2,1626
444865,446492,446494,2,1627
444865,446492,446494,2,1627
444865,446451,446495,44,1586
444865,446492,446495,3,1627
444865,446493,446495,2,1628
444865,446494,446496,2,1629
444865,446493,446496,3,1628
444865,446453,446496,43,1588
444865,446493,446495,2,1628
444865,446493,446496,3,1628
444865,446495,446497,2,1630
444865,446494,446497,3,1629
444615,446437,446496,59,1822
444865,446453,446498,45,1588
444865,446475,446497,22,1610
444865,446495,446498,3,1630
444865,446495,446497,2,1630
444865,446457,446499,42,1592
444865,446496,446499,3,1631
444865,446448,446499,51,1583
444865,446496,446500,4,1631
444865,446459,446500,41,1594
444615,446438,446500,62,1823
444865,446496,446501,5,1631
444865,446496,446500,4,1631
444865,446456,446502,46,1591
444865,446478,446502,24,1613
444615,446436,446503,67,1821
444865,446496,446504,8,1631
444865,446455,446504,49,1590
444865,446497,446505,8,1632
444865,446478,446506,28,1613
444865,446457,446506,49,1592
444865,446466,446507,41,1601
444615,446438,446507,69,1823
444865,446464,446507,43,1599
444865,446462,446509,47,1597
444865,446472,446509,37,1607
444865,446474,446511,37,1609
444865,446463,446511,48,1598
444865,446497,446512,15,1632
444865,446460,446513,53,1595
444865,446468,446516,48,1603
444865,446472,446517,45,1607
444865,446497,446517,20,1632
444865,446469,446517,48,1604
444865,446498,446520,22,1633
444865,446498,446527,29,1633
444865,446499,446535,36,1634
444865,446499,446538,39,1634
444865,446498,446542,44,1633
444865,446499,446544,45,1634
444865,446502,446544,42,1637
444865,446501,446547,46,1636
444865,446500,446548,48,1635
444865,446501,446549,48,1636
444865,446507,446550,43,1642
444865,446505,446551,46,1640
444865,446499,446551,52,1634
444865,446506,446552,46,1641
444865,446503,446553,50,1638
444865,446509,446555,46,1644
444865,446509,446556,47,1644
444865,446504,446557,53,1639
444865,446506,446558,52,1641
444865,446500,446560,60,1635
444865,446500,446561,61,1635
444865,446560,446563,3,1695
444865,446561,446564,3,1696
444865,446502,446563,61,1637
444865,446511,446565,54,1646
444865,446558,446565,7,1693
444865,446563,446566,3,1698
444865,446507,446565,58,1642
444865,446507,446565,58,1642
444865,446564,446566,2,1699
444865,446565,446567,2,1700
444865,446557,446567,10,1692
444865,446565,446568,3,1700
444865,446520,446568,48,1655
444865,446564,446567,3,1699
444865,446566,446569,3,1701
444865,446513,446569,56,1648
444865,446566,446568,2,1701
444865,446516,446570,54,1651
444865,446566,446570,4,1701
444865,446568,446570,2,1703
444865,446567,446570,3,1702
444865,446568,446570,2,1703
444865,446568,446571,3,1703
444865,446504,446570,66,1639
444865,446567,446570,3,1702
444865,446568,446571,3,1703
444865,446569,446572,3,1704
444865,446570,446572,2,1705
444865,446569,446572,3,1704
444865,446570,446573,3,1705
444865,446517,446572,55,1652
444865,446570,446573,3,1705
444865,446570,446573,3,1705
444865,446569,446572,3,1704
444865,446517,446574,57,1652
444865,446571,446574,3,1706
444865,446571,446574,3,1706
444865,446511,446574,63,1646
444865,446571,446573,2,1706
444865,446572,446574,2,1707
444865,446571,446574,3,1706
444865,446572,446575,3,1707
444865,446553,446575,22,1688
444865,446571,446574,3,1706
444865,446572,446576,4,1707
444865,446573,446577,4,1708
444865,446573,446577,4,1708
444865,446573,446576,3,1708
444865,446573,446577,4,1708
444865,446573,446576,3,1708
444865,446574,446577,3,1709
444865,446527,446577,50,1662
444865,446574,446578,4,1709
444865,446513,446577,64,1648
444865,446574,446577,3,1709
444865,446574,446579,5,1709
444865,446574,446578,4,1709
444865,446574,446578,4,1709
444865,446517,446580,63,1652
444865,446535,446583,48,1670
444008,445756,446587,831,1748
444865,446548,446588,40,1683
444865,446538,446589,51,1673
444865,446556,446591,35,1691
444865,446544,446594,50,1679
444865,446555,446594,39,1690
444865,446549,446595,46,1684
444865,446546,446597,51,1681
445006,446579,446601,22,1573
444865,446549,446601,52,1684
444865,446542,446602,60,1677
445006,446597,446602,5,1591
445006,446602,446604,2,1596
445006,446602,446604,2,1596
444865,446550,446604,54,1685
445006,446579,446605,26,1573
445006,446602,446605,3,1596
445006,446601,446605,4,1595
444865,446551,446605,54,1686
444865,446552,446605,53,1687
445006,446604,446606,2,1598
445006,446604,446606,2,1598
445006,446604,446606,2,1598
445006,446605,446607,2,1599
445006,446605,446607,2,1599
445006,446605,446606,1,1599
445006,446606,446608,2,1600
445006,446605,446608,3,1599
445006,446606,446607,1,1600
445006,446606,446607,1,1600
445006,446605,446608,3,1599
445006,446608,446610,2,1602
445006,446607,446610,3,1601
445006,446608,446610,2,1602
445006,446608,446610,2,1602
445006,446607,446609,2,1601
445006,446608,446609,1,1602
445006,446608,446611,3,1602
445006,446610,446612,2,1604
445006,446610,446612,2,1604
445006,446608,446612,4,1602
445006,446610,446611,1,1604
445006,446610,446612,2,1604
445006,446610,446613,3,1604
445006,446610,446612,2,1604
445006,446577,446613,36,1571
445006,446612,446614,2,1606
445006,446611,446614,3,1605
445006,446577,446613,36,1571
445006,446595,446614,19,1589
445006,446612,446613,1,1606
445006,446577,446614,37,1571
445006,446612,446615,3,1606
445006,446612,446614,2,1606
445006,446612,446615,3,1606
445006,446613,446615,2,1607
445006,446614,446615,1,1608
445006,446575,446615,40,1569
445006,446614,446615,1,1608
445006,446614,446615,1,1608
445006,446614,446618,4,1608
445006,446614,446620,6,1608
445006,446594,446620,26,1588
444865,446551,446621,70,1686
445006,446578,446620,42,1572
445006,446594,446622,28,1588
445006,446575,446623,48,1569
445006,446589,446623,34,1583
445006,446577,446624,47,1571
445006,446591,446624,33,1585
445006,446614,446625,11,1608
445006,446587,446625,38,1581
445006,446583,446626,43,1577
445006,446578,446626,48,1572
445006,446577,446627,50,1571
445006,446588,446628,40,1582
445006,446577,446630,53,1571
445006,446577,446632,55,1571
445006,446575,446632,57,1569
445006,446615,446632,17,1609
445006,446576,446633,57,1570
445006,446617,446633,16,1611
445006,446580,446634,54,1574
445006,446579,446637,58,1573
445006,446617,446636,19,1611
445006,446579,446638,59,1573
445006,446614,446640,26,1608
445006,446614,446644,30,1608
445006,446618,446649,31,1612
445006,446617,446657,40,1611
445006,446622,446665,43,1616
445006,446617,446665,48,1611
445006,446620,446668,48,1614
445006,446621,446669,48,1615
445006,446615,446669,54,1609
445006,446625,446671,46,1619
445006,446615,446672,57,1609
445006,446623,446672,49,1617
445006,446615,446674,59,1609
445006,446624,446679,55,1618
445006,446626,446679,53,1620
445006,446626,446681,55,1620
445006,446620,446681,61,1614
445006,446628,446684,56,1622
445006,446634,446685,51,1628
445006,446623,446686,63,1617
445006,446624,446686,62,1618
445006,446627,446686,59,1621
445006,446621,446687,66,1615
445006,446637,446688,51,1631
445006,446668,446692,24,1662
445006,446632,446692,60,1626
445006,446634,446692,58,1628
445006,446632,446692,60,1626
445006,446626,446695,69,1620
445006,446630,446697,67,1624
445006,446644,446697,53,1638
445006,446638,446699,61,1632
445006,446671,446698,27,1665
445006,446697,446700,3,1691
445006,446640,446701,61,1634
445006,446700,446702,2,1694
445006,446699,446702,3,1693
445006,446699,446703,4,1693
445006,446702,446704,2,1696
445006,446697,446704,7,1691
445006,446701,446704,3,1695
445006,446637,446705,68,1631
445006,446703,446705,2,1697
445006,446704,446706,2,1698
445006,446703,446706,3,1697
445006,446695,446707,12,1689
445006,446704,446707,3,1698
445006,446704,446707,3,1698
445006,446705,446708,3,1699
445006,446706,446708,2,1700
445006,446706,446708,2,1700
445006,446633,446709,76,1627
445006,446692,446709,17,1686
445006,446706,446709,3,1700
445006,446707,446709,2,1701
445006,446707,446710,3,1701
445006,446707,446710,3,1701
445006,446708,446710,2,1702
445006,446708,446710,2,1702
445006,446632,446709,77,1626
445006,446708,446711,3,1702
445006,446709,446712,3,1703
445006,446709,446712,3,1703
445006,446709,446712,3,1703
445006,446709,446713,4,1703
445006,446657,446714,57,1651
445006,446665,446717,52,1659
445006,446669,446719,50,1663
445006,446669,446721,52,1663
445006,446649,446721,72,1643
445006,446688,446723,35,1682
445006,446673,446727,54,1667
445006,446665,446728,63,1659
445006,446674,446729,55,1668
445080,446710,446735,25,1630
445006,446692,446736,44,1686
445006,446679,446738,59,1673
445006,446673,446739,66,1667
445080,446710,446739,29,1630
445080,446710,446740,30,1630
445006,446679,446740,61,1673
445006,446684,446741,57,1678
445006,446686,446741,55,1680
445080,446739,446741,2,1659
445080,446739,446741,2,1659
445006,446681,446740,59,1675
445080,446738,446740,2,1658
445006,446685,446742,57,1679
445080,446740,446742,2,1660
445080,446742,446744,2,1662
445080,446742,446743,1,1662
445080,446742,446743,1,1662
445080,446712,446745,33,1632
445080,446743,446745,2,1663
445080,446741,446745,4,1661
445080,446715,446746,31,1635
445080,446744,446745,1,1664
445006,446692,446746,54,1686
445080,446710,446747,37,1630
445080,446745,446747,2,1665
445080,446744,446746,2,1664
445080,446745,446746,1,1665
445080,446741,446748,7,1661
445080,446745,446748,3,1665
445080,446745,446748,3,1665
445080,446746,446747,1,1666
445080,446746,446747,1,1666
445080,446746,446747,1,1666
445080,446717,446749,32,1637
445080,446747,446749,2,1667
445080,446747,446748,1,1667
445080,446747,446749,2,1667
445080,446747,446749,2,1667
445080,446712,446750,38,1632
445080,446748,446750,2,1668
445080,446748,446750,2,1668
445080,446749,446751,2,1669
445080,446748,446751,3,1668
445080,446748,446750,2,1668
445080,446748,446751,3,1668
445080,446749,446752,3,1669
445080,446749,446752,3,1669
445080,446749,446753,4,1669
445080,446750,446753,3,1670
445080,446750,446752,2,1670
445080,446750,446752,2,1670
445080,446751,446753,2,1671
445080,446750,446754,4,1670
445080,446750,446753,3,1670
445080,446751,446755,4,1671
445080,446712,446756,44,1632
445080,446752,446756,4,1672
445080,446751,446755,4,1671
445080,446752,446758,6,1672
445080,446741,446758,17,1661
445006,446686,446759,73,1680
445006,446686,446760,74,1680
445080,446752,446759,7,1672
445080,446740,446760,20,1660
445006,446681,446761,80,1675
445080,446713,446761,48,1633
445080,446741,446761,20,1661
445006,446688,446761,73,1682
445006,446692,446764,72,1686
445080,446727,446765,38,1647
445080,446719,446767,48,1639
445080,446755,446769,14,1675
445080,446724,446771,47,1644
445080,446753,446771,18,1673
445080,446721,446773,52,1641
445080,446753,446773,20,1673
445080,446711,446775,64,1631
445080,446754,446776,22,1674
445080,446753,446777,24,1673
445080,446729,446778,49,1649
445080,446753,446778,25,1673
445080,446728,446782,54,1648
445080,446736,446782,46,1656
445080,446735,446785,50,1655
445080,446721,446786,65,1641
445080,446774,446792,18,1694
445080,446758,446793,35,1678
445080,446753,446793,40,1673
445080,446760,446795,35,1680
445080,446773,446797,24,1693
445080,446754,446801,47,1674
445080,446767,446807,40,1687
445080,446785,446807,22,1705
445080,446786,446808,22,1706
445080,446764,446809,45,1684
445080,446760,446808,48,1680
445080,446756,446809,53,1676
445080,446756,446811,55,1676
445080,446771,446818,47,1691
445080,446778,446819,41,1698
445080,446775,446819,44,1695
445080,446760,446820,60,1680
445080,446765,446822,57,1685
445080,446759,446822,63,1679
445080,446778,446825,47,1698
445080,446771,446826,55,1691
445080,446761,446826,65,1681
445080,446756,446827,71,1676
445080,446818,446832,14,1738
445080,446763,446832,69,1683
445080,446761,446832,71,1681
445080,446793,446834,41,1713
445080,446761,446834,73,1681
445080,446758,446838,80,1678
445080,446809,446839,30,1729
445080,446782,446840,58,1702
445080,446807,446842,35,1727
445080,446822,446842,20,1742
445080,446769,446845,76,1689
445080,446776,446845,69,1696
445080,446821,446845,24,1741
445080,446826,446845,19,1746
445080,446797,446846,49,1717
445080,446777,446846,69,1697
445080,446832,446847,15,1752
445080,446792,446848,56,1712
445080,446795,446848,53,1715
445080,446847,446849,2,1767
445080,446846,446850,4,1766
445080,446846,446849,3,1766
445080,446848,446850,2,1768
445080,446848,446851,3,1768
445080,446849,446851,2,1769
445080,446845,446852,7,1765
445080,446850,446852,2,1770
445080,446850,446853,3,1770
445080,446851,446853,2,1771
445080,446850,446852,2,1770
445080,446841,446854,13,1761
445080,446852,446854,2,1772
445080,446851,446854,3,1771
445080,446845,446854,9,1765
445080,446853,446855,2,1773
445080,446852,446854,2,1772
445080,446853,446855,2,1773
445080,446854,446856,2,1774
445080,446853,446855,2,1773
445080,446854,446856,2,1774
445080,446854,446857,3,1774
445080,446811,446860,49,1731
445080,446782,446860,78,1702
445080,446845,446861,16,1765
443835,445625,446863,1238,1790
445080,446826,446863,37,1746
445080,446842,446863,21,1762
445080,446801,446864,63,1721
445080,446807,446866,59,1727
445080,446793,446868,75,1713
445080,446809,446868,59,1729
445080,446839,446870,31,1759
445080,446822,446876,54,1742
445080,446809,446876,67,1729
445080,446819,446877,58,1739
445080,446834,446880,46,1754
445080,446834,446884,50,1754
445080,446819,446886,67,1739
445080,446808,446886,78,1728
445234,446855,446887,32,1621
445080,446843,446888,45,1763
445234,446864,446894,30,1630
445080,446827,446894,67,1747
445234,446855,446894,39,1621
445234,446856,446895,39,1622
445234,446888,446896,8,1654
445234,446895,446897,2,1661
445234,446894,446896,2,1660
445234,446895,446896,1,1661
445234,446896,446898,2,1662
445234,446897,446898,1,1663
445234,446897,446900,3,1663
445080,446845,446900,55,1765
445234,446897,446899,2,1663
445234,446897,446899,2,1663
445234,446898,446899,1,1664
445234,446899,446901,2,1665
445080,446832,446902,70,1752
445234,446856,446902,46,1622
445234,446900,446902,2,1666
445234,446860,446902,42,1626
445234,446900,446902,2,1666
445234,446863,446903,40,1629
445234,446887,446903,16,1653
445080,446825,446903,78,1745
445234,446900,446902,2,1666
445234,446900,446902,2,1666
445234,446901,446903,2,1667
445234,446902,446904,2,1668
445234,446902,446904,2,1668
445234,446900,446903,3,1666
445234,446903,446905,2,1669
445234,446902,446905,3,1668
445234,446902,446905,3,1668
445234,446902,446905,3,1668
445234,446856,446904,48,1622
445234,446903,446905,2,1669
445234,446904,446906,2,1670
445234,446904,446906,2,1670
445234,446904,446905,1,1670
445234,446903,446906,3,1669
445234,446903,446905,2,1669
445234,446903,446906,3,1669
445234,446904,446907,3,1670
445080,446832,446907,75,1752
445234,446905,446907,2,1671
445234,446905,446907,2,1671
445234,446905,446906,1,1671
445234,446905,446908,3,1671
445234,446906,446908,2,1672
445234,446880,446908,28,1646
445234,446855,446908,53,1621
445234,446905,446907,2,1671
445234,446905,446907,2,1671
445234,446906,446907,1,1672
445234,446906,446908,2,1672
445080,446838,446909,71,1758
445234,446906,446910,4,1672
445234,446906,446913,7,1672
445234,446870,446914,44,1636
445234,446863,446914,51,1629
445234,446866,446916,50,1632
445234,446868,446916,48,1634
445234,446857,446918,61,1623
445234,446878,446919,41,1644
445234,446863,446919,56,1629
445234,446861,446919,58,1627
445234,446886,446919,33,1652
445234,446907,446922,15,1673
445234,446860,446929,69,1626
445234,446884,446931,47,1650
445234,446876,446932,56,1642
445234,446876,446933,57,1642
445234,446886,446936,50,1652
445234,446868,446940,72,1634
445234,446914,446942,28,1680
445234,446907,446947,40,1673
445234,446908,446951,43,1674
445234,446907,446953,46,1673
445234,446908,446958,50,1674
445234,446909,446958,49,1675
445234,446907,446959,52,1673
445234,446908,446959,51,1674
445234,446908,446960,52,1674
445234,446908,446961,53,1674
445234,446908,446962,54,1674
445234,446908,446964,56,1674
445234,446910,446966,56,1676
445234,446914,446966,52,1680
445234,446916,446968,52,1682
445234,446907,446969,62,1673
445234,446907,446969,62,1673
445234,446916,446971,55,1682
445234,446919,446971,52,1685
445234,446909,446973,64,1675
445234,446922,446975,53,1688
445234,446919,446975,56,1685
445234,446913,446977,64,1679
445234,446918,446981,63,1684
445234,446920,446982,62,1686
445234,446919,446991,72,1685
445234,446929,446995,66,1695
445234,446932,446995,63,1698
445234,446933,446997,64,1699
445234,446951,447000,49,1717
445234,446942,447004,62,1708
445234,446936,447004,68,1702
445234,446931,447006,75,1697
445234,446940,447009,69,1706
445234,446964,447015,51,1730
445234,446953,447015,62,1719
445234,446958,447015,57,1724
445234,446959,447017,58,1725
445234,446960,447017,57,1726
445234,447015,447018,3,1781
445234,446947,447019,72,1713
445234,446961,447018,57,1727
445234,447017,447019,2,1783
445234,447017,447019,2,1783
445234,447018,447020,2,1784
445234,446962,447020,58,1728
445234,446971,447021,50,1737
445234,447015,447021,6,1781
445234,447019,447021,2,1785
445234,447019,447021,2,1785
445234,447020,447022,2,1786
445234,447019,447022,3,1785
445234,446968,447022,54,1734
445234,447019,447021,2,1785
445234,447020,447022,2,1786
445234,447021,447023,2,1787
445234,446958,447023,65,1724
445234,447021,447023,2,1787
445234,447021,447024,3,1787
445234,447022,447024,2,1788
445234,446966,447024,58,1732
445234,447022,447024,2,1788
445234,447022,447024,2,1788
445234,447022,447025,3,1788
445234,447023,447025,2,1789
445234,447022,447024,2,1788
445234,447022,447024,2,1788
445234,447023,447026,3,1789
445234,447023,447026,3,1789
445234,446971,447026,55,1737
445234,447024,447026,2,1790
445234,446959,447029,70,1725
445234,447015,447031,16,1781
445271,447031,447033,2,1760
445234,446981,447034,53,1747
445234,446969,447034,65,1735
445234,446966,447034,68,1732
445234,446975,447034,59,1741
445271,447033,447034,1,1762
445271,447034,447036,2,1763
445234,446975,447036,61,1741
445271,447034,447037,3,1763
445234,446969,447041,72,1735
445234,447006,447041,35,1772
445234,446973,447042,69,1739
445234,446977,447041,64,1743
445234,447005,447045,40,1771
445234,447009,447049,40,1775
445234,446983,447051,68,1749
445271,447036,447053,17,1765
445271,447049,447054,5,1778
445271,447051,447054,3,1780
445271,447053,447055,2,1782
445271,447045,447056,11,1774
445271,447054,447057,3,1783
445271,447054,447056,2,1783
445271,447055,447056,1,1784
445271,447057,447059,2,1786
445271,447056,447059,3,1785
445271,447057,447059,2,1786
445234,447004,447059,55,1770
445271,447057,447059,2,1786
445234,447000,447060,60,1766
445234,446997,447060,63,1763
445271,447059,447061,2,1788
445271,447059,447061,2,1788
445271,447059,447061,2,1788
445234,446991,447062,71,1757
445271,447060,447062,2,1789
445271,447059,447062,3,1788
445271,447059,447062,3,1788
445271,447060,447063,3,1789
445271,447061,447063,2,1790
445271,447061,447063,2,1790
445271,447042,447064,22,1771
445271,447025,447064,39,1754
445271,447062,447063,1,1791
445271,447062,447064,2,1791
445271,447062,447064,2,1791
445271,447063,447065,2,1792
445271,447061,447064,3,1790
445271,447062,447065,3,1791
445271,447063,447065,2,1792
445271,447063,447064,1,1792
445271,447024,447065,41,1753
445271,447064,447066,2,1793
445271,447064,447067,3,1793
445271,447064,447067,3,1793
445271,447064,447066,2,1793
445271,447065,447067,2,1794
445271,447064,447066,2,1793
445271,447065,447067,2,1794
445271,447065,447066,1,1794
445271,447065,447068,3,1794
445271,447066,447068,2,1795
445271,447065,447067,2,1794
445271,447024,447068,44,1753
445271,447025,447069,44,1754
445271,447066,447068,2,1795
445271,447025,447069,44,1754
445271,447067,447070,3,1796
445271,447067,447070,3,1796
445271,447026,447069,43,1755
444201,445886,447071,1185,1685
445271,447036,447073,37,1765
445271,447036,447073,37,1765
445271,447025,447073,48,1754
445271,447027,447075,48,1756
445271,447042,447075,33,1771
445234,446996,447075,79,1762
445271,447026,447075,49,1755
445234,446995,447076,81,1761
445271,447027,447075,48,1756
445271,447067,447077,10,1796
445271,447034,447077,43,1763
445271,447041,447081,40,1770
445271,447041,447081,40,1770
445271,447067,447081,14,1796
445271,447037,447083,46,1766
445271,447081,447082,1,1810
445271,447081,447084,3,1810
445271,447081,447085,4,1810
445271,447024,447088,64,1753
445271,447029,447088,59,1758
445271,447036,447089,53,1765
445271,447067,447101,34,1796
445271,447069,447105,36,1798
445271,447073,447107,34,1802
445271,447068,447110,42,1797
445271,447068,447112,44,1797
445271,447069,447114,45,1798
445271,447068,447118,50,1797
445271,447069,447122,53,1798
445271,447073,447123,50,1802
445271,447068,447125,57,1797
445271,447069,447125,56,1798
445271,447077,447125,48,1806
445271,447075,447127,52,1804
445271,447070,447128,58,1799
445271,447068,447128,60,1797
445271,447074,447129,55,1803
445271,447077,447130,53,1806
445271,447070,447130,60,1799
445271,447070,447133,63,1799
445271,447073,447133,60,1802
445271,447075,447133,58,1804
445271,447075,447136,61,1804
445271,447083,447137,54,1812
445271,447077,447137,60,1806
445271,447076,447138,62,1805
445271,447076,447141,65,1805
445271,447083,447143,60,1812
445271,447141,447144,3,1870
445271,447138,447145,7,1867
445271,447143,447146,3,1872
445271,447145,447147,2,1874
445271,447144,447147,3,1873
445271,447137,447149,12,1866
445271,447146,447148,2,1875
445271,447136,447150,14,1865
445271,447147,447150,3,1876
445271,447148,447151,3,1877
445271,447149,447151,2,1878
445271,447137,447152,15,1866
445271,447084,447152,68,1813
445271,447150,447153,3,1879
445271,447149,447153,4,1878
445271,447089,447153,64,1818
445271,447150,447153,3,1879
445271,447151,447153,2,1880
445271,447151,447154,3,1880
445271,447088,447155,67,1817
445271,447152,447155,3,1881
445271,447152,447155,3,1881
445271,447153,447155,2,1882
445271,447153,447156,3,1882
445271,447153,447156,3,1882
445271,447153,447156,3,1882
445271,447154,447157,3,1883
445271,447089,447156,67,1818
445271,447153,447156,3,1882
445271,447085,447157,72,1814
445271,447156,447158,2,1885
445271,447155,447159,4,1884
445271,447155,447159,4,1884
445271,447155,447159,4,1884
445271,447157,447159,2,1886
445271,447107,447159,52,1836
445271,447155,447158,3,1884
445271,447156,447160,4,1885
445271,447156,447160,4,1885
445271,447105,447161,56,1834
445271,447101,447162,61,1830
445271,447157,447164,7,1886
445271,447127,447166,39,1856
445271,447130,447169,39,1859
445271,447110,447170,60,1839
445271,447114,447170,56,1843
445271,447112,447171,59,1841
445271,447134,447174,40,1863
445271,447123,447176,53,1852
445271,447122,447178,56,1851
445271,447118,447179,61,1847
445271,447125,447180,55,1854
445271,447133,447181,48,1862
445271,447125,447189,64,1854
445271,447129,447192,63,1858
445271,447130,447195,65,1859
445489,447181,447196,15,1692
445271,447125,447198,73,1854
445489,447159,447198,39,1670
445271,447133,447199,66,1862
445489,447158,447198,40,1669
445489,447198,447200,2,1709
445489,447161,447200,39,1672
445489,447196,447200,4,1707
445489,447198,447201,3,1709
445271,447128,447201,73,1857
445489,447200,447202,2,1711
445489,447200,447202,2,1711
444246,446010,447202,1192,1764
445489,447200,447202,2,1711
445489,447200,447203,3,1711
445489,447200,447202,2,1711
445489,447201,447203,2,1712
445489,447189,447204,15,1700
445489,447202,447203,1,1713
445489,447201,447203,2,1712
445489,447158,447205,47,1669
445489,447202,447205,3,1713
445489,447202,447204,2,1713
445489,447203,447205,2,1714
445489,447203,447205,2,1714
445489,447203,447206,3,1714
445271,447128,447206,78,1857
445489,447195,447205,10,1706
445489,447204,447206,2,1715
445489,447204,447205,1,1715
445489,447192,447207,15,1703
445489,447204,447207,3,1715
445489,447203,447206,3,1714
445489,447205,447206,1,1716
445489,447205,447206,1,1716
445489,447206,447208,2,1717
445489,447205,447207,2,1716
445489,447206,447208,2,1717
445489,447205,447208,3,1716
445489,447160,447208,48,1671
445489,447206,447208,2,1717
445489,447205,447208,3,1716
445489,447206,447208,2,1717
445489,447207,447208,1,1718
445489,447206,447208,2,1717
445489,447207,447210,3,1718
445489,447207,447209,2,1718
445489,447208,447210,2,1719
445489,447207,447210,3,1718
445489,447207,447209,2,1718
445489,447208,447211,3,1719
445489,447208,447211,3,1719
445489,447208,447211,3,1719
445489,447208,447211,3,1719
445489,447159,447210,51,1670
445489,447208,447212,4,1719
445489,447172,447213,41,1683
445489,447170,447213,43,1681
445489,447164,447213,49,1675
445489,447166,447213,47,1677
445489,447163,447214,51,1674
445489,447159,447215,56,1670
445489,447160,447216,56,1671
445489,447209,447216,7,1720
445489,447178,447216,38,1689
445489,447176,447216,40,1687
445489,447169,447217,48,1680
445489,447160,447221,61,1671
445489,447179,447222,43,1690
445489,447159,447222,63,1670
445489,447180,447224,44,1691
445489,447209,447225,16,1720
445489,447170,447227,57,1681
445489,447159,447229,70,1670
445489,447174,447230,56,1685
445489,447209,447240,31,1720
445489,447211,447248,37,1722
445489,447210,447249,39,1721
445489,447211,447250,39,1722
445489,447210,447256,46,1721
445489,447209,447257,48,1720
445489,447211,447257,46,1722
445489,447210,447258,48,1721
445489,447213,447259,46,1724
445489,447213,447260,47,1724
445489,447216,447261,45,1727
445489,447210,447261,51,1721
445489,447213,447262,49,1724
445489,447214,447263,49,1725
445489,447211,447267,56,1722
445489,447217,447268,51,1728
445489,447216,447268,52,1727
445489,447216,447270,54,1727
445489,447225,447274,49,1736
445489,447225,447274,49,1736
445489,447210,447274,64,1721
445489,447211,447274,63,1722
445489,447222,447274,52,1733
445489,447212,447276,64,1723
445489,447213,447276,63,1724
445489,447216,447278,62,1727
445489,447215,447279,64,1726
445489,447278,447281,3,1789
445489,447276,447282,6,1787
445489,447280,447283,3,1791
445489,447241,447284,43,1752
445489,447281,447284,3,1792
445489,447229,447284,55,1740
445489,447282,447285,3,1793
445489,447227,447286,59,1738
445489,447284,447286,2,1795
445489,447283,447285,2,1794
445489,447222,447287,65,1733
445489,447284,447287,3,1795
445489,447284,447287,3,1795
445489,447285,447288,3,1796
445489,447274,447288,14,1785
445489,447286,447288,2,1797
445489,447276,447288,12,1787
445489,447286,447289,3,1797
445489,447286,447290,4,1797
445489,447287,447290,3,1798
445489,447287,447290,3,1798
445489,447288,447290,2,1799
445489,447287,447290,3,1798
445489,447288,447290,2,1799
445489,447230,447291,61,1741
445489,447221,447290,69,1732
445489,447289,447292,3,1800
445489,447288,447291,3,1799
445489,447289,447293,4,1800
445489,447290,447293,3,1801
445489,447290,447293,3,1801
445489,447290,447293,3,1801
444502,446137,447292,1155,1635
445489,447290,447293,3,1801
445489,447290,447293,3,1801
445489,447290,447294,4,1801
445489,447291,447295,4,1802
445489,447292,447296,4,1803
445489,447291,447296,5,1802
445489,447292,447296,4,1803
445489,447293,447297,4,1804
445489,447293,447297,4,1804
445489,447293,447298,5,1804
444615,446442,447299,857,1827
445489,447274,447300,26,1785
445489,447274,447301,27,1785
445489,447248,447313,65,1759
445489,447256,447314,58,1767
445489,447260,447315,55,1771
445489,447250,447316,66,1761
445489,447249,447316,67,1760
445489,447257,447318,61,1768
445489,447258,447319,61,1769
445489,447259,447320,61,1770
445489,447261,447320,59,1772
445489,447262,447322,60,1773
445489,447270,447324,54,1781
445489,447274,447324,50,1785
445489,447263,447325,62,1774
445489,447268,447327,59,1779
445489,447274,447328,54,1785
445489,447268,447328,60,1779
445489,447257,447330,73,1768
445514,447328,447329,1,1814
445514,447328,447329,1,1814
445514,447327,447331,4,1813
445514,447330,447332,2,1816
445514,447331,447332,1,1817
445489,447261,447333,72,1772
445514,447293,447332,39,1779
445514,447331,447332,1,1817
445514,447325,447333,8,1811
445514,447331,447334,3,1817
445514,447332,447334,2,1818
445514,447333,447335,2,1819
445514,447332,447335,3,1818
445514,447333,447335,2,1819
445514,447333,447335,2,1819
445514,447334,447336,2,1820
445514,447333,447335,2,1819
445514,447335,447337,2,1821
445514,447334,447336,2,1820
445489,447267,447337,70,1778
445514,447335,447337,2,1821
445514,447335,447337,2,1821
445514,447335,447336,1,1821
445514,447293,447338,45,1779
445514,447336,447337,1,1822
445514,447337,447338,1,1823
445514,447336,447338,2,1822
445514,447337,447340,3,1823
445514,447299,447340,41,1785
445514,447337,447340,3,1823
445514,447337,447340,3,1823
445514,447337,447340,3,1823
445514,447338,447340,2,1824
445514,447338,447339,1,1824
445514,447339,447341,2,1825
445514,447338,447340,2,1824
445514,447338,447341,3,1824
445514,447340,447342,2,1826
445514,447340,447342,2,1826
445514,447294,447342,48,1780
445514,447340,447343,3,1826
445514,447340,447343,3,1826
445514,447340,447343,3,1826
445514,447340,447343,3,1826
445514,447340,447342,2,1826
445514,447297,447344,47,1783
445514,447341,447344,3,1827
445514,447324,447344,20,1810
445514,447342,447344,2,1828
445514,447342,447346,4,1828
445514,447324,447346,22,1810
445514,447298,447346,48,1784
445514,447301,447346,45,1787
445514,447293,447346,53,1779
445514,447342,447353,11,1828
445514,447296,447354,58,1782
445514,447295,447355,60,1781
445514,447320,447355,35,1806
445514,447316,447355,39,1802
445514,447296,447356,60,1782
445514,447342,447357,15,1828
445514,447297,447357,60,1783
445514,447315,447358,43,1801
445514,447296,447358,62,1782
445514,447321,447359,38,1807
445514,447319,447358,39,1805
445514,447322,447361,39,1808
445514,447313,447361,48,1799
445514,447343,447366,23,1829
445514,447314,447366,52,1800
445514,447342,447367,25,1828
445514,447318,447369,51,1804
445514,447316,447374,58,1802
445514,447300,447377,77,1786
445514,447343,447389,46,1829
445514,447343,447392,49,1829
445514,447344,447393,49,1830
445514,447343,447395,52,1829
445514,447345,447397,52,1831
445514,447354,447397,43,1840
445514,447347,447399,52,1833
445514,447345,447398,53,1831
445514,447345,447400,55,1831
445514,447367,447400,33,1853
445514,447347,447401,54,1833
445514,447353,447400,47,1839
445514,447346,447402,56,1832
445514,447343,447406,63,1829
445514,447346,447406,60,1832
445514,447355,447408,53,1841
445514,447346,447409,63,1832
445514,447358,447412,54,1844
445514,447356,447415,59,1842
445514,447369,447415,46,1855
445514,447361,447416,55,1847
445514,447360,447416,56,1846
445514,447361,447417,56,1847
445514,447357,447417,60,1843
445514,447359,447418,59,1845
445514,447355,447422,67,1841
445514,447355,447422,67,1841
445514,447357,447424,67,1843
445514,447367,447429,62,1853
445514,447366,447431,65,1852
445514,447424,447431,7,1910
445514,447422,447432,10,1908
445514,447429,447433,4,1915
445514,447431,447434,3,1917
445514,447431,447434,3,1917
445514,447432,447435,3,1918
445514,447358,447436,78,1844
445514,447433,447436,3,1919
445514,447434,447437,3,1920
445514,447435,447438,3,1921
445514,447435,447438,3,1921
445514,447436,447439,3,1922
445514,447437,447440,3,1923
445514,447438,447441,3,1924
445514,447438,447441,3,1924
445514,447439,447442,3,1925
445514,447418,447443,25,1904
445514,447440,447443,3,1926
445514,447422,447443,21,1908
445514,447441,447444,3,1927
445514,447392,447444,52,1878
445514,447377,447444,67,1863
445514,447442,447444,2,1928
445514,447374,447445,71,1860
445514,447443,447445,2,1929
445514,447416,447445,29,1902
445514,447443,447446,3,1929
445514,447441,447445,4,1927
445514,447444,447446,2,1930
445514,447444,447447,3,1930
445514,447412,447447,35,1898
445514,447445,447447,2,1931
445514,447443,447446,3,1929
445514,447445,447448,3,1931
445514,447397,447448,51,1883
445514,447444,447448,4,1930
445514,447394,447449,55,1880
445514,447445,447448,3,1931
445514,447446,447450,4,1932
445514,447395,447454,59,1881
445514,447399,447456,57,1885
445514,447408,447457,49,1894
445514,447406,447457,51,1892
444559,446256,447460,1204,1697
445514,447401,447460,59,1887
445514,447389,447461,72,1875
445514,447397,447462,65,1883
445514,447401,447463,62,1887
445514,447400,447464,64,1886
445514,447399,447464,65,1885
445514,447400,447463,63,1886
445514,447403,447467,64,1889
445514,447416,447479,63,1902
445514,447415,447480,65,1901
445514,447417,447480,63,1903
445514,447418,447482,64,1904
445514,447409,447484,75,1895
445588,447482,447485,3,1894
445588,447482,447486,4,1894
445514,447415,447485,70,1901
445588,447480,447486,6,1892
445588,447485,447487,2,1897
445588,447447,447487,40,1859
445588,447485,447487,2,1897
445588,447446,447488,42,1858
445588,447486,447488,2,1898
445588,447486,447488,2,1898
445588,447448,447489,41,1860
445588,447486,447488,2,1898
445588,447488,447489,1,1900
445588,447487,447490,3,1899
445588,447488,447490,2,1900
445588,447447,447489,42,1859
445588,447488,447490,2,1900
445588,447488,447491,3,1900
445588,447488,447491,3,1900
445588,447489,447491,2,1901
445588,447489,447490,1,1901
445588,447480,447492,12,1892
445588,447489,447492,3,1901
445588,447490,447492,2,1902
445588,447448,447492,44,1860
445588,447490,447491,1,1902
445588,447490,447491,1,1902
445588,447490,447493,3,1902
445588,447454,447493,39,1866
445588,447491,447493,2,1903
445588,447491,447493,2,1903
445588,447491,447494,3,1903
445588,447492,447494,2,1904
445588,447491,447493,2,1903
445588,447492,447494,2,1904
445588,447492,447495,3,1904
445588,447457,447495,38,1869
445588,447493,447495,2,1905
445514,447406,447495,89,1892
445588,447492,447494,2,1904
445588,447493,447494,1,1905
445588,447492,447494,2,1904
445588,447493,447495,2,1905
445588,447467,447496,29,1879
445588,447494,447496,2,1906
445588,447450,447496,46,1862
445588,447493,447495,2,1905
445588,447447,447497,50,1859
445588,447494,447496,2,1906
445588,447494,447497,3,1906
445588,447493,447496,3,1905
445588,447494,447497,3,1906
445588,447495,447498,3,1907
445588,447495,447498,3,1907
445588,447462,447498,36,1874
445588,447448,447500,52,1860
445588,447495,447500,5,1907
445588,447449,447501,52,1861
445588,447460,447501,41,1872
445588,447456,447503,47,1868
445588,447460,447503,43,1872
445588,447479,447503,24,1891
445588,447463,447504,41,1875
445588,447448,447504,56,1860
445588,447465,447504,39,1877
445588,447458,447509,51,1870
445588,447465,447511,46,1877
445588,447462,447511,49,1874
445588,447495,447515,20,1907
445588,447449,447516,67,1861
445588,447477,447517,40,1889
445588,447498,447518,20,1910
445588,447464,447523,59,1876
445588,447495,447528,33,1907
445588,447495,447537,42,1907
445588,447496,447538,42,1908
445588,447496,447540,44,1908
445588,447496,447542,46,1908
445588,447496,447546,50,1908
445588,447501,447549,48,1913
445588,447504,447549,45,1916
445588,447496,447550,54,1908
445588,447497,447550,53,1909
445588,447497,447551,54,1909
445588,447504,447552,48,1916
445588,447495,447552,57,1907
445588,447497,447552,55,1909
445588,447500,447554,54,1912
445588,447501,447555,54,1913
445588,447503,447555,52,1915
445588,447498,447556,58,1910
445588,447506,447558,52,1918
445588,447500,447559,59,1912
445588,447559,447563,4,1971
445588,447558,447564,6,1970
445588,447497,447564,67,1909
445588,447499,447565,66,1911
445588,447497,447566,69,1909
445588,447564,447566,2,1976
445588,447509,447566,57,1921
445588,447503,447567,64,1915
445588,447565,447567,2,1977
445588,447563,447566,3,1975
445588,447566,447568,2,1978
445588,447565,447568,3,1977
445588,447566,447569,3,1978
445588,447511,447569,58,1923
445588,447566,447569,3,1978
445588,447511,447570,59,1923
445588,447568,447570,2,1980
445588,447567,447570,3,1979
445588,447567,447570,3,1979
445588,447568,447571,3,1980
445588,447567,447570,3,1979
445588,447569,447572,3,1981
445588,447569,447572,3,1981
445588,447504,447572,68,1916
445588,447570,447572,2,1982
445588,447569,447572,3,1981
445588,447570,447573,3,1982
445588,447570,447573,3,1982
445588,447571,447574,3,1983
445588,447572,447575,3,1984
445588,447571,447575,4,1983
445588,447572,447575,3,1984
445588,447572,447575,3,1984
445588,447572,447575,3,1984
445588,447572,447575,3,1984
445588,447518,447576,58,1930
445588,447573,447577,4,1985
445588,447556,447576,20,1968
445588,447573,447577,4,1985
445588,447556,447578,22,1968
445588,447573,447577,4,1985
445588,447516,447579,63,1928
445588,447574,447579,5,1986
445588,447575,447579,4,1987
445588,447555,447580,25,1967
445588,447575,447580,5,1987
445588,447575,447580,5,1987
445588,447575,447580,5,1987
445588,447575,447580,5,1987
445588,447576,447581,5,1988
445588,447575,447582,7,1987
445588,447528,447582,54,1940
445588,447515,447585,70,1927
445588,447517,447588,71,1929
445588,447552,447591,39,1964
445588,447542,447591,49,1954
445588,447524,447593,69,1936
445588,447549,447597,48,1961
445588,447538,447597,59,1950
445588,447540,447597,57,1952
445588,447546,447599,53,1958
445588,447538,447600,62,1950
445588,447552,447603,51,1964
445588,447551,447609,58,1963
445588,447549,447609,60,1961
445588,447552,447611,59,1964
446074,447599,447612,13,1525
445588,447554,447612,58,1966
446074,447611,447613,2,1537
446074,447609,447614,5,1535
446074,447612,447615,3,1538
446074,447613,447614,1,1539
446074,447613,447614,1,1539
446074,447614,447615,1,1540
446074,447615,447617,2,1541
446074,447615,447617,2,1541
446074,447580,447616,36,1506
446074,447579,447618,39,1505
446074,447578,447617,39,1504
446074,447615,447617,2,1541
446074,447617,447619,2,1543
446074,447617,447619,2,1543
446074,447580,447619,39,1506
446074,447617,447618,1,1543
446074,447617,447620,3,1543
446074,447618,447619,1,1544
446074,447600,447621,21,1526
446074,447618,447620,2,1544
446074,447618,447620,2,1544
446074,447619,447620,1,1545
446074,447619,447622,3,1545
446074,447577,447622,45,1503
446074,447619,447621,2,1545
446074,447583,447621,38,1509
446074,447619,447621,2,1545
446074,447621,447622,1,1547
446074,447620,447622,2,1546
446074,447621,447623,2,1547
446074,447609,447622,13,1535
446074,447621,447622,1,1547
446074,447603,447622,19,1529
446074,447621,447624,3,1547
446074,447621,447623,2,1547
446074,447622,447624,2,1548
446074,447622,447624,2,1548
445588,447550,447625,75,1962
446074,447599,447625,26,1525
446074,447622,447625,3,1548
446074,447622,447624,2,1548
446074,447622,447624,2,1548
446074,447622,447624,2,1548
446074,447581,447626,45,1507
446074,447622,447626,4,1548
446074,447580,447626,46,1506
446074,447623,447626,3,1549
445588,447550,447627,77,1962
446074,447579,447628,49,1505
446074,447582,447628,46,1508
446074,447623,447629,6,1549
446074,447623,447630,7,1549
446074,447597,447630,33,1523
446074,447581,447632,51,1507
446074,447588,447633,45,1514
446074,447623,447633,10,1549
446074,447591,447633,42,1517
446074,447579,447634,55,1505
446074,447577,447633,56,1503
446074,447591,447635,44,1517
446074,447624,447635,11,1550
446074,447599,447635,36,1525
446074,447578,447636,58,1504
446074,447580,447636,56,1506
446074,447624,447638,14,1550
446074,447624,447644,20,1550
446074,447624,447646,22,1550
446074,447585,447646,61,1511
446074,447593,447655,62,1519
446074,447625,447664,39,1551
446074,447625,447667,42,1551
446074,447625,447667,42,1551
446074,447626,447670,44,1552
446074,447625,447670,45,1551
446074,447626,447677,51,1552
446074,447635,447679,44,1561
446074,447625,447680,55,1551
446074,447633,447681,48,1559
446074,447630,447682,52,1556
446074,447630,447683,53,1556
446074,447635,447683,48,1561
446074,447629,447683,54,1555
446074,447638,447686,48,1564
446074,447626,447686,60,1552
446074,447626,447686,60,1552
446074,447635,447687,52,1561
446074,447634,447688,54,1560
446074,447628,447688,60,1554
446074,447646,447689,43,1572
446074,447636,447690,54,1562
446074,447689,447691,2,1615
446074,447633,447690,57,1559
446074,447691,447693,2,1617
446074,447688,447693,5,1614
446074,447690,447693,3,1616
446074,447634,447693,59,1560
446074,447625,447694,69,1551
446074,447691,447694,3,1617
446074,447688,447695,7,1614
446074,447693,447695,2,1619
446074,447693,447694,1,1619
446074,447693,447696,3,1619
446074,447693,447696,3,1619
446074,447694,447697,3,1620
446074,447636,447697,61,1562
446074,447695,447697,2,1621
446074,447694,447696,2,1620
446074,447695,447698,3,1621
446074,447644,447698,54,1570
446074,447695,447698,3,1621
446074,447696,447698,2,1622
446074,447686,447698,12,1612
446074,447697,447699,2,1623
446074,447697,447699,2,1623
446074,447696,447698,2,1622
446074,447697,447700,3,1623
446074,447698,447700,2,1624
446074,447633,447699,66,1559
446074,447698,447700,2,1624
446074,447632,447701,69,1558
446074,447698,447700,2,1624
446074,447627,447700,73,1553
446074,447699,447702,3,1625
446074,447699,447702,3,1625
446074,447699,447702,3,1625
446074,447698,447701,3,1624
446074,447683,447702,19,1609
446074,447700,447702,2,1626
446074,447699,447702,3,1625
446074,447699,447703,4,1625
446074,447700,447703,3,1626
446074,447700,447704,4,1626
446074,447700,447704,4,1626
446074,447701,447704,3,1627
446074,447702,447704,2,1628
446074,447702,447705,3,1628
446074,447701,447705,4,1627
446074,447702,447705,3,1628
446074,447702,447706,4,1628
446074,447702,447706,4,1628
446112,447704,447706,2,1592
446074,447702,447705,3,1628
446074,447702,447707,5,1628
446074,447632,447706,74,1558
446112,447703,447707,4,1591
446074,447646,447707,61,1572
446112,447704,447706,2,1592
446074,447702,447709,7,1628
446074,447688,447708,20,1614
446074,447679,447709,30,1605
446074,447655,447716,61,1581
446074,447667,447718,51,1593
446074,447670,447720,50,1596
446074,447664,447722,58,1590
445080,446854,447725,871,1774
446074,447670,447725,55,1596
446074,447682,447728,46,1608
446074,447677,447729,52,1603
446112,447730,447734,4,1618
446074,447667,447736,69,1593
446074,447681,447736,55,1607
446112,447734,447736,2,1622
446112,447736,447738,2,1624
446112,447736,447738,2,1624
446112,447736,447739,3,1624
446074,447680,447739,59,1606
446112,447709,447739,30,1597
446112,447738,447740,2,1626
446112,447706,447740,34,1594
446112,447738,447739,1,1626
446112,447739,447741,2,1627
446074,447686,447741,55,1612
446112,447739,447741,2,1627
446112,447740,447742,2,1628
446112,447739,447742,3,1627
446074,447683,447742,59,1609
446112,447740,447741,1,1628
446112,447741,447742,1,1629
446112,447741,447742,1,1629
446112,447742,447744,2,1630
446112,447742,447744,2,1630
446112,447741,447744,3,1629
446112,447728,447744,16,1616
446112,447741,447744,3,1629
446112,447742,447745,3,1630
446112,447742,447744,2,1630
446112,447743,447745,2,1631
446112,447744,447746,2,1632
446112,447709,447746,37,1597
446112,447743,447745,2,1631
446112,447744,447745,1,1632
446112,447744,447746,2,1632
446112,447744,447745,1,1632
446074,447686,447746,60,1612
446112,447745,447747,2,1633
446112,447744,447747,3,1632
446112,447746,447747,1,1634
446112,447746,447747,1,1634
446112,447746,447748,2,1634
446112,447704,447747,43,1592
446112,447746,447748,2,1634
446112,447746,447747,1,1634
446112,447746,447748,2,1634
446112,447705,447748,43,1593
446112,447746,447749,3,1634
446112,447722,447749,27,1610
446112,447746,447748,2,1634
446112,447745,447748,3,1633
446112,447747,447748,1,1635
446112,447748,447750,2,1636
446112,447706,447749,43,1594
446074,447684,447750,66,1610
446112,447747,447751,4,1635
446112,447748,447750,2,1636
446112,447707,447751,44,1595
446112,447748,447751,3,1636
446112,447705,447751,46,1593
446112,447726,447755,29,1614
446112,447716,447755,39,1604
446112,447748,447755,7,1636
446112,447709,447756,47,1597
446112,447720,447756,36,1608
446112,447704,447756,52,1592
446112,447706,447756,50,1594
446112,447706,447757,51,1594
446112,447705,447758,53,1593
446112,447725,447757,32,1613
446112,447707,447759,52,1595
446112,447718,447760,42,1606
446112,447748,447763,15,1636
446112,447707,447764,57,1595
446112,447707,447765,58,1595
446112,447707,447766,59,1595
446112,447748,447784,36,1636
446112,447752,447785,33,1640
446112,447752,447788,36,1640
446112,447748,447788,40,1636
446112,447750,447790,40,1638
446112,447758,447793,35,1646
446112,447748,447793,45,1636
446112,447749,447794,45,1637
446112,447751,447795,44,1639
446112,447749,447796,47,1637
446112,447755,447798,43,1643
446112,447749,447798,49,1637
446112,447751,447799,48,1639
446112,447751,447801,50,1639
446112,447755,447802,47,1643
446112,447756,447803,47,1644
446112,447749,447803,54,1637
446112,447755,447804,49,1643
446112,447760,447808,48,1648
446112,447756,447809,53,1644
446112,447749,447811,62,1637
446112,447757,447813,56,1645
446112,447765,447813,48,1653
446112,447751,447814,63,1639
446112,447809,447814,5,1697
446112,447751,447815,64,1639
446112,447804,447815,11,1692
446112,447808,447815,7,1696
446112,447758,447816,58,1646
446112,447814,447817,3,1702
446112,447815,447817,2,1703
446112,447814,447817,3,1702
446112,447811,447816,5,1699
446112,447813,447816,3,1701
446112,447813,447816,3,1701
446112,447815,447817,2,1703
446112,447815,447816,1,1703
446112,447764,447818,54,1652
446112,447816,447819,3,1704
446112,447817,447819,2,1705
446112,447817,447819,2,1705
446112,447817,447819,2,1705
446112,447817,447820,3,1705
446112,447818,447820,2,1706
446112,447817,447820,3,1705
446112,447817,447820,3,1705
446112,447817,447821,4,1705
446112,447819,447821,2,1707
446112,447756,447821,65,1644
446112,447817,447820,3,1705
446112,447819,447821,2,1707
446112,447819,447822,3,1707
446112,447820,447822,2,1708
446112,447819,447822,3,1707
446112,447756,447822,66,1644
446112,447759,447823,64,1647
446112,447820,447823,3,1708
446112,447821,447823,2,1709
446112,447764,447823,59,1652
446112,447820,447824,4,1708
446112,447820,447824,4,1708
446112,447821,447824,3,1709
446112,447821,447825,4,1709
446112,447821,447824,3,1709
446112,447822,447825,3,1710
446112,447821,447824,3,1709
446112,447766,447825,59,1654
446112,447822,447825,3,1710
446112,447823,447827,4,1711
446112,447784,447826,42,1672
446112,447822,447828,6,1710
446112,447822,447828,6,1710
446112,447823,447829,6,1711
446112,447803,447830,27,1691
446112,447803,447836,33,1691
446112,447802,447836,34,1690
446112,447785,447836,51,1673
446112,447788,447836,48,1676
446112,447793,447841,48,1681
446112,447790,447843,53,1678
446112,447801,447846,45,1689
446112,447793,447847,54,1681
446112,447794,447846,52,1682
446112,447799,447847,48,1687
446112,447788,447848,60,1676
446112,447797,447849,52,1685
445235,447024,447850,826,1789
446112,447798,447851,53,1686
446132,447836,447851,15,1704
446132,447850,447852,2,1718
446132,447851,447853,2,1719
446132,447851,447853,2,1719
446112,447795,447853,58,1683
446132,447852,447854,2,1720
446132,447849,447854,5,1717
446132,447853,447854,1,1721
446132,447853,447854,1,1721
446132,447853,447856,3,1721
446132,447854,447855,1,1722
446132,447855,447857,2,1723
446132,447855,447857,2,1723
446132,447855,447857,2,1723
446132,447856,447858,2,1724
446132,447856,447859,3,1724
446132,447857,447858,1,1725
446132,447857,447859,2,1725
446112,447798,447859,61,1686
446132,447857,447859,2,1725
446132,447858,447861,3,1726
446132,447859,447861,2,1727
446132,447859,447861,2,1727
446132,447859,447860,1,1727
446132,447859,447860,1,1727
446132,447859,447862,3,1727
446132,447827,447862,35,1695
446132,447861,447863,2,1729
446132,447824,447862,38,1692
446132,447861,447863,2,1729
446132,447861,447862,1,1729
446132,447862,447864,2,1730
446132,447862,447863,1,1730
446132,447862,447863,1,1730
446132,447863,447865,2,1731
446132,447862,447864,2,1730
446132,447863,447865,2,1731
446132,447863,447864,1,1731
446132,447863,447866,3,1731
446132,447864,447865,1,1732
446132,447864,447866,2,1732
446132,447864,447867,3,1732
446132,447847,447867,20,1715
446132,447865,447867,2,1733
446132,447848,447868,20,1716
446132,447847,447868,21,1715
446132,447865,447868,3,1733
446132,447865,447868,3,1733
446132,447828,447869,41,1696
446132,447826,447870,44,1694
446132,447865,447869,4,1733
446132,447841,447871,30,1709
446132,447825,447872,47,1693
446132,447836,447872,36,1704
446132,447825,447874,49,1693
446132,447837,447873,36,1705
446132,447824,447875,51,1692
446132,447825,447875,50,1693
446132,447866,447875,9,1734
446132,447826,447877,51,1694
444866,446575,447878,1303,1709
446132,447843,447879,36,1711
446132,447826,447878,52,1694
446132,447827,447879,52,1695
446132,447823,447880,57,1691
446132,447847,447881,34,1715
446132,447836,447881,45,1704
446132,447824,447882,58,1692
446132,447830,447882,52,1698
446132,447867,447882,15,1735
446132,447828,447884,56,1696
446132,447867,447884,17,1735
446132,447830,447887,57,1698
446132,447867,447887,20,1735
446132,447846,447891,45,1714
446132,447871,447894,23,1739
446132,447870,447894,24,1738
446132,447870,447896,26,1738
446132,447874,447895,21,1742
446132,447869,447900,31,1737
446132,447868,447901,33,1736
446132,447875,447904,29,1743
446132,447868,447907,39,1736
446132,447876,447908,32,1744
446132,447868,447908,40,1736
446132,447878,447908,30,1746
446132,447868,447911,43,1736
446132,447868,447911,43,1736
446132,447875,447914,39,1743
446132,447868,447916,48,1736
446132,447914,447915,1,1782
446132,447877,447918,41,1745
446132,447916,447918,2,1784
446132,447875,447920,45,1743
446132,447918,447920,2,1786
446132,447916,447921,5,1784
446132,447918,447922,4,1786
446132,447920,447922,2,1788
446132,447873,447924,51,1741
446132,447921,447924,3,1789
446132,447920,447923,3,1788
446132,447922,447925,3,1790
446132,447922,447924,2,1790
446132,447879,447926,47,1747
446132,447924,447926,2,1792
446132,447924,447927,3,1792
446132,447872,447927,55,1740
446132,447881,447927,46,1749
446132,447924,447927,3,1792
446132,447926,447928,2,1794
446132,447925,447928,3,1793
446132,447925,447927,2,1793
446132,447926,447928,2,1794
446132,447927,447929,2,1795
446132,447927,447929,2,1795
446132,447927,447930,3,1795
446132,447928,447930,2,1796
446132,447880,447930,50,1748
446132,447881,447930,49,1749
446132,447928,447930,2,1796
446132,447927,447931,4,1795
446132,447928,447930,2,1796
446132,447928,447932,4,1796
446132,447930,447932,2,1798
446132,447929,447931,2,1797
446132,447930,447933,3,1798
446132,447929,447933,4,1797
446132,447930,447932,2,1798
446132,447930,447934,4,1798
446132,447930,447934,4,1798
446132,447931,447935,4,1799
446132,447911,447934,23,1779
446132,447932,447935,3,1800
446132,447907,447935,28,1775
446132,447932,447935,3,1800
446132,447931,447936,5,1799
446132,447933,447937,4,1801
446132,447882,447937,55,1750
446132,447932,447936,4,1800
446132,447880,447938,58,1748
446237,447935,447938,3,1698
446132,447885,447939,54,1753
446132,447933,447939,6,1801
446132,447894,447938,44,1762
446132,447933,447940,7,1801
446132,447887,447939,52,1755
446132,447934,447941,7,1802
446132,447879,447942,63,1747
446132,447934,447943,9,1802
446132,447882,447944,62,1750
446237,447935,447944,9,1698
446132,447882,447944,62,1750
446132,447895,447946,51,1763
446132,447884,447949,65,1752
446132,447887,447951,64,1755
446132,447900,447951,51,1768
446132,447896,447955,59,1764
446237,447937,447959,22,1700
446132,447911,447960,49,1779
446237,447935,447961,26,1698
446237,447935,447962,27,1698
446237,447937,447962,25,1700
446237,447936,447963,27,1699
446132,447902,447963,61,1770
446237,447961,447963,2,1724
446237,447962,447964,2,1725
446237,447963,447964,1,1726
446132,447904,447965,61,1772
446237,447939,447965,26,1702
446237,447963,447965,2,1726
446132,447891,447965,74,1759
446132,447908,447964,56,1776
446237,447963,447966,3,1726
446237,447964,447966,2,1727
446237,447963,447965,2,1726
446237,447965,447967,2,1728
446237,447964,447966,2,1727
446237,447965,447967,2,1728
446132,447896,447967,71,1764
446237,447966,447968,2,1729
446237,447965,447968,3,1728
446237,447966,447968,2,1729
446237,447965,447968,3,1728
446237,447966,447968,2,1729
446237,447937,447968,31,1700
446237,447960,447968,8,1723
446237,447966,447968,2,1729
446237,447967,447968,1,1730
446237,447967,447969,2,1730
446237,447968,447970,2,1731
446237,447939,447969,30,1702
446237,447951,447970,19,1714
446237,447968,447970,2,1731
446237,447967,447970,3,1730
446237,447968,447969,1,1731
446237,447968,447971,3,1731
446237,447969,447971,2,1732
446237,447968,447970,2,1731
446237,447968,447970,2,1731
446237,447952,447972,20,1715
446237,447938,447972,34,1701
446237,447969,447971,2,1732
446237,447969,447972,3,1732
446237,447938,447971,33,1701
446237,447939,447971,32,1702
446237,447969,447971,2,1732
446237,447955,447971,16,1718
446237,447970,447973,3,1733
446132,447908,447973,65,1776
446237,447940,447973,33,1703
446132,447908,447975,67,1776
446237,447944,447975,31,1707
446237,447960,447976,16,1723
446237,447970,447976,6,1733
446237,447940,447979,39,1703
446237,447941,447981,40,1704
446237,447944,447985,41,1707
446237,447943,447986,43,1706
446237,447942,447987,45,1705
445007,446710,447988,1278,1703
446237,447946,447989,43,1709
446237,447970,447990,20,1733
446237,447949,448001,52,1712
446237,447970,448001,31,1733
446237,447970,448003,33,1733
446237,447944,448007,63,1707
446237,447970,448008,38,1733
446237,447971,448010,39,1734
446237,447971,448014,43,1734
446237,447972,448018,46,1735
446237,447973,448018,45,1736
446237,447972,448018,46,1735
446237,447971,448022,51,1734
446237,447972,448023,51,1735
446237,447970,448026,56,1733
446237,447976,448026,50,1739
446237,447975,448027,52,1738
446237,447973,448029,56,1736
446237,447971,448031,60,1734
446237,447972,448031,59,1735
446237,447976,448032,56,1739
446237,447972,448031,59,1735
446237,447973,448035,62,1736
446237,447973,448036,63,1736
446237,447972,448035,63,1735
446237,447976,448037,61,1739
446237,447975,448038,63,1738
446237,447985,448041,56,1748
446237,447990,448048,58,1753
446237,447981,448049,68,1744
446237,447987,448054,67,1750
446237,447989,448054,65,1752
446237,448001,448055,54,1764
446237,447980,448057,77,1743
446237,447988,448057,69,1751
446237,448001,448058,57,1764
446237,447986,448060,74,1749
446237,448008,448068,60,1771
446237,448019,448069,50,1782
446237,448010,448071,61,1773
446237,448018,448071,53,1781
446237,448003,448076,73,1766
446237,448014,448077,63,1777
446237,448018,448080,62,1781
446237,448007,448082,75,1770
446237,448026,448083,57,1789
446237,448023,448087,64,1786
446237,448032,448090,58,1795
446237,448027,448090,63,1790
446237,448029,448090,61,1792
446237,448031,448094,63,1794
446237,448037,448095,58,1800
446237,448022,448096,74,1785
446237,448038,448096,58,1801
446237,448032,448099,67,1795
446237,448036,448101,65,1799
446237,448031,448104,73,1794
446237,448026,448106,80,1789
446237,448056,448110,54,1819
446237,448048,448110,62,1811
446237,448035,448110,75,1798
446237,448036,448113,77,1799
446237,448054,448118,64,1817
446237,448041,448121,80,1804
446237,448057,448122,65,1820
446237,448054,448129,75,1817
446237,448049,448130,81,1812
446237,448057,448131,74,1820
446237,448071,448131,60,1834
446237,448058,448132,74,1821
446237,448069,448137,68,1832
446237,448060,448139,79,1823
446237,448068,448144,76,1831
446237,448077,448145,68,1840
446237,448084,448146,62,1847
446237,448071,448147,76,1834
446237,448092,448148,56,1855
446237,448090,448148,58,1853
446237,448080,448149,69,1843
446237,448077,448152,75,1840
446237,448087,448152,65,1850
446237,448129,448154,25,1892
446237,448082,448156,74,1845
446237,448094,448156,62,1857
446237,448096,448157,61,1859
446237,448090,448159,69,1853
446374,448156,448160,4,1782
446374,448152,448160,8,1778
446374,448156,448163,7,1782
446237,448132,448164,32,1895
446374,448152,448164,12,1778
446237,448106,448164,58,1869
446237,448110,448164,54,1873
446374,448147,448167,20,1773
446237,448099,448167,68,1862
446237,448097,448168,71,1860
446237,448096,448168,72,1859
446374,448145,448169,24,1771
446237,448101,448170,69,1864
446237,448137,448170,33,1900
446237,448118,448172,54,1881
446374,448144,448172,28,1770
446237,448110,448172,62,1873
446374,448172,448174,2,1798
446374,448172,448175,3,1798
446374,448157,448174,17,1783
446374,448173,448174,1,1799
446374,448172,448175,3,1798
446374,448174,448176,2,1800
446237,448122,448176,54,1885
446374,448175,448177,2,1801
446374,448175,448177,2,1801
446374,448176,448177,1,1802
446374,448175,448177,2,1801
446374,448176,448177,1,1802
446237,448104,448178,74,1867
446374,448177,448179,2,1803
446374,448176,448179,3,1802
446374,448177,448179,2,1803
446374,448177,448180,3,1803
446374,448178,448180,2,1804
446374,448179,448181,2,1805
446237,448113,448181,68,1876
446374,448178,448181,3,1804
446237,448121,448180,59,1884
446374,448178,448180,2,1804
446374,448179,448180,1,1805
446374,448180,448182,2,1806
446374,448149,448181,32,1775
446374,448179,448181,2,1805
446374,448181,448183,2,1807
446374,448181,448182,1,1807
446374,448147,448183,36,1773
446374,448181,448183,2,1807
446374,448180,448182,2,1806
446374,448182,448184,2,1808
446374,448181,448184,3,1807
446374,448159,448184,25,1785
446374,448182,448184,2,1808
446374,448181,448183,2,1807
446374,448181,448183,2,1807
446374,448170,448186,16,1796
446374,448182,448185,3,1808
446237,448132,448185,53,1895
446237,448110,448187,77,1873
446374,448183,448187,4,1809
446374,448183,448187,4,1809
446374,448154,448189,35,1780
446374,448183,448190,7,1809
446374,448183,448191,8,1809
446374,448148,448192,44,1774
446374,448148,448192,44,1774
446237,448130,448194,64,1893
446374,448184,448194,10,1810
446374,448169,448194,25,1795
446374,448183,448196,13,1809
446374,448184,448200,16,1810
446374,448162,448201,39,1788
446237,448131,448202,71,1894
446374,448184,448205,21,1810
446374,448164,448211,47,1790
446374,448167,448212,45,1793
446374,448163,448213,50,1789
446374,448168,448213,45,1794
446374,448184,448213,29,1810
446374,448164,448214,50,1790
446374,448160,448214,54,1786
446374,448164,448215,51,1790
446374,448168,448218,50,1794
446374,448164,448219,55,1790
446374,448168,448220,52,1794
446374,448184,448221,37,1810
446374,448186,448228,42,1812
446374,448192,448232,40,1818
446374,448184,448234,50,1810
446374,448186,448236,50,1812
446374,448186,448237,51,1812
446374,448192,448243,51,1818
446374,448187,448244,57,1813
446374,448187,448244,57,1813
446374,448190,448249,59,1816
446374,448194,448250,56,1820
446374,448196,448250,54,1822
446374,448189,448254,65,1815
446374,448187,448256,69,1813
446374,448201,448257,56,1827
446374,448194,448261,67,1820
446374,448205,448262,57,1831
446374,448194,448263,69,1820
446374,448203,448265,62,1829
446374,448200,448265,65,1826
446374,448191,448266,75,1817
446374,448214,448269,55,1840
446374,448213,448270,57,1839
446374,448213,448271,58,1839
446374,448214,448274,60,1840
446374,448228,448279,51,1854
446374,448221,448279,58,1847
446374,448213,448279,66,1839
446374,448213,448280,67,1839
446374,448215,448281,66,1841
446374,448211,448284,73,1837
446374,448244,448285,41,1870
446374,448221,448286,65,1847
446374,448219,448293,74,1845
446374,448218,448294,76,1844
446374,448232,448293,61,1858
446374,448244,448298,54,1870
446374,448237,448299,62,1863
446374,448243,448306,63,1869
446374,448250,448307,57,1876
446374,448234,448311,77,1860
446374,448237,448312,75,1863
446374,448254,448315,61,1880
446374,448250,448317,67,1876
446374,448249,448317,68,1875
446374,448262,448320,58,1888
446374,448261,448320,59,1887
446374,448257,448323,66,1883
446374,448263,448326,63,1889
446374,448269,448326,57,1895
446374,448271,448329,58,1897
446374,448271,448331,60,1897
446374,448327,448331,4,1953
446374,448329,448332,3,1955
446374,448265,448332,67,1891
446374,448323,448333,10,1949
446374,448331,448333,2,1957
446374,448332,448334,2,1958
446374,448321,448334,13,1947
446374,448279,448333,54,1905
446374,448326,448334,8,1952
446374,448333,448335,2,1959
446374,448333,448335,2,1959
446374,448332,448335,3,1958
446374,448331,448334,3,1957
446374,448334,448336,2,1960
446374,448334,448335,1,1960
446374,448335,448337,2,1961
446374,448334,448336,2,1960
446374,448335,448337,2,1961
446374,448334,448337,3,1960
446374,448306,448337,31,1932
446374,448308,448338,30,1934
446374,448317,448339,22,1943
446374,448320,448340,20,1946
446374,448266,448341,75,1892
446374,448281,448341,60,1907
446374,448279,448341,62,1905
446374,448274,448345,71,1900
446374,448317,448346,29,1943
446374,448315,448346,31,1941
446374,448285,448350,65,1911
446374,448266,448350,84,1892
446374,448279,448352,73,1905
446374,448294,448353,59,1920
446587,448337,448354,17,1750
446374,448280,448355,75,1906
446374,448284,448356,72,1910
446374,448312,448356,44,1938
446374,448311,448360,49,1937
446374,448286,448363,77,1912
446374,448298,448364,66,1924
446587,448364,448366,2,1777
446587,448366,448368,2,1779
446374,448294,448369,75,1920
446587,448368,448370,2,1781
446587,448369,448371,2,1782
446587,448370,448371,1,1783
446587,448335,448373,38,1748
446374,448299,448374,75,1925
446587,448371,448374,3,1784
446587,448372,448374,2,1785
446587,448373,448375,2,1786
446587,448374,448376,2,1787
446587,448374,448376,2,1787
446587,448363,448376,13,1776
446587,448374,448376,2,1787
446587,448375,448377,2,1788
446587,448355,448377,22,1768
446587,448376,448377,1,1789
446587,448376,448379,3,1789
446587,448336,448379,43,1749
446587,448377,448378,1,1790
446587,448376,448379,3,1789
446587,448376,448379,3,1789
446587,448337,448380,43,1750
446587,448379,448380,1,1792
446587,448379,448381,2,1792
446587,448379,448380,1,1792
446587,448377,448380,3,1790
446587,448379,448381,2,1792
446587,448340,448381,41,1753
446587,448379,448382,3,1792
446587,448380,448382,2,1793
446587,448380,448382,2,1793
446587,448380,448383,3,1793
446587,448381,448383,2,1794
446587,448381,448382,1,1794
446587,448382,448383,1,1795
446587,448338,448382,44,1751
446587,448382,448384,2,1795
446587,448381,448384,3,1794
446587,448382,448383,1,1795
446587,448383,448385,2,1796
446587,448383,448385,2,1796
446587,448381,448384,3,1794
446587,448382,448384,2,1795
446587,448338,448386,48,1751
446587,448383,448385,2,1796
446587,448383,448385,2,1796
446587,448342,448385,43,1755
446587,448383,448385,2,1796
446587,448384,448386,2,1797
446587,448341,448386,45,1754
446587,448360,448388,28,1773
446587,448384,448388,4,1797
446587,448337,448387,50,1750
446587,448356,448389,33,1769
446587,448341,448389,48,1754
446587,448337,448390,53,1750
446587,448350,448390,40,1763
446587,448337,448392,55,1750
446587,448354,448393,39,1767
446587,448384,448394,10,1797
446587,448353,448395,42,1766
446587,448339,448395,56,1752
446587,448357,448397,40,1770
446587,448346,448398,52,1759
446587,448346,448400,54,1759
446587,448345,448400,55,1758
445272,447157,448401,1244,1885
446587,448385,448401,16,1798
446587,448352,448405,53,1765
446587,448350,448405,55,1763
446587,448385,448410,25,1798
446587,448394,448411,17,1807
446587,448385,448416,31,1798
446587,448401,448426,25,1814
446587,448392,448427,35,1805
446587,448387,448431,44,1800
446587,448388,448432,44,1801
446587,448387,448434,47,1800
446587,448393,448435,42,1806
446587,448389,448435,46,1802
446587,448385,448436,51,1798
446587,448390,448436,46,1803
446587,448386,448436,50,1799
446587,448386,448437,51,1799
446587,448387,448440,53,1800
446587,448400,448443,43,1813
446587,448390,448443,53,1803
446587,448388,448444,56,1801
446587,448389,448445,56,1802
446587,448386,448448,62,1799
446587,448388,448448,60,1801
446587,448426,448447,21,1839
446587,448401,448450,49,1814
446587,448395,448450,55,1808
446587,448387,448453,66,1800
446587,448437,448453,16,1850
446587,448434,448458,24,1847
446587,448431,448458,27,1844
446587,448395,448462,67,1808
446587,448411,448464,53,1824
446587,448399,448464,65,1812
446587,448410,448465,55,1823
446587,448400,448466,66,1813
446587,448406,448467,61,1819
446587,448397,448468,71,1810
446587,448436,448470,34,1849
446587,448467,448471,4,1880
446587,448470,448472,2,1883
446587,448427,448473,46,1840
446587,448454,448473,19,1867
446587,448469,448473,4,1882
446587,448405,448474,69,1818
446587,448471,448474,3,1884
446587,448465,448475,10,1878
446587,448473,448475,2,1886
446587,448435,448474,39,1848
446587,448473,448474,1,1886
446587,448473,448476,3,1886
446587,448473,448477,4,1886
446587,448474,448477,3,1887
446587,448475,448477,2,1888
446587,448475,448477,2,1888
446587,448476,448478,2,1889
446587,448446,448478,32,1859
446587,448466,448477,11,1879
446587,448474,448477,3,1887
446587,448416,448478,62,1829
446587,448426,448478,52,1839
446587,448476,448478,2,1889
446587,448476,448479,3,1889
446587,448477,448479,2,1890
446587,448478,448480,2,1891
446587,448477,448480,3,1890
446587,448478,448480,2,1891
446587,448477,448479,2,1890
446587,448477,448480,3,1890
446587,448421,448482,61,1834
446587,448478,448482,4,1891
446587,448478,448481,3,1891
446587,448478,448482,4,1891
446587,448479,448483,4,1892
446587,448436,448485,49,1849
446587,448453,448486,33,1866
446587,448433,448485,52,1846
446587,448449,448490,41,1862
446587,448450,448498,48,1863
446587,448458,448501,43,1871
446587,448464,448502,38,1877
446587,448444,448503,59,1857
446587,448440,448503,63,1853
446587,448450,448503,53,1863
446587,448436,448507,71,1849
446587,448435,448508,73,1848
446587,448458,448510,52,1871
446587,448444,448512,68,1857
446587,448449,448513,64,1862
446864,448479,448514,35,1615
446864,448480,448514,34,1616
446864,448514,448516,2,1650
446864,448514,448517,3,1650
446587,448448,448518,70,1861
446864,448516,448517,1,1652
446864,448517,448519,2,1653
446864,448480,448520,40,1616
446864,448518,448520,2,1654
446864,448518,448520,2,1654
446587,448443,448520,77,1856
446864,448520,448522,2,1656
446864,448520,448522,2,1656
446864,448479,448522,43,1615
446864,448480,448522,42,1616
446864,448520,448522,2,1656
446864,448510,448523,13,1646
446864,448520,448523,3,1656
446864,448522,448523,1,1658
446864,448522,448524,2,1658
446864,448521,448524,3,1657
446587,448464,448524,60,1877
446864,448522,448525,3,1658
446864,448485,448524,39,1621
446864,448523,448524,1,1659
446864,448523,448525,2,1659
446864,448483,448525,42,1619
446864,448514,448524,10,1650
446864,448523,448525,2,1659
446864,448524,448526,2,1660
446864,448524,448525,1,1660
446864,448480,448525,45,1616
446864,448524,448527,3,1660
446864,448525,448526,1,1661
446864,448525,448527,2,1661
446864,448525,448527,2,1661
446864,448525,448527,2,1661
446864,448525,448527,2,1661
446864,448526,448528,2,1662
446864,448525,448528,3,1661
446864,448525,448528,3,1661
446864,448525,448527,2,1661
446864,448524,448527,3,1660
446864,448527,448529,2,1663
446864,448527,448528,1,1663
446864,448482,448529,47,1618
446864,448526,448528,2,1662
446864,448526,448528,2,1662
446864,448527,448529,2,1663
446864,448527,448530,3,1663
446864,448527,448529,2,1663
446864,448527,448530,3,1663
446864,448482,448529,47,1618
446864,448512,448530,18,1648
446864,448528,448530,2,1664
446864,448509,448532,23,1645
446864,448528,448532,4,1664
446587,448462,448532,70,1875
446864,448480,448534,54,1616
446864,448486,448534,48,1622
446864,448486,448536,50,1622
446864,448482,448537,55,1618
446864,448528,448537,9,1664
446864,448482,448537,55,1618
446864,448501,448541,40,1637
446864,448503,448543,40,1639
445489,447293,448544,1251,1804
446864,448507,448545,38,1643
446864,448490,448547,57,1626
446864,448498,448548,50,1634
446864,448503,448551,48,1639
446864,448502,448553,51,1638
446864,448528,448553,25,1664
446864,448552,448557,5,1688
446864,448505,448559,54,1641
446864,448529,448561,32,1665
446864,448547,448562,15,1683
446864,448529,448564,35,1665
446864,448559,448566,7,1695
446864,448553,448566,13,1689
446864,448528,448567,39,1664
446864,448561,448572,11,1697
446864,448553,448576,23,1689
446864,448557,448577,20,1693
446864,448529,448578,49,1665
446864,448529,448578,49,1665
446864,448548,448579,31,1684
446864,448529,448579,50,1665
446864,448536,448580,44,1672
446864,448532,448585,53,1668
446864,448529,448587,58,1665
446864,448530,448587,57,1666
446864,448531,448589,58,1667
446864,448543,448590,47,1679
446864,448530,448591,61,1666
446864,448530,448593,63,1666
446864,448531,448593,62,1667
446864,448538,448594,56,1674
446864,448542,448595,53,1678
446864,448534,448597,63,1670
446864,448530,448597,67,1666
446864,448532,448598,66,1668
446864,448544,448599,55,1680
446864,448545,448599,54,1681
446864,448534,448602,68,1670
446864,448533,448603,70,1669
446864,448537,448606,69,1673
446864,448538,448609,71,1674
446864,448564,448613,49,1700
446864,448566,448624,58,1702
446864,448613,448624,11,1749
446864,448573,448625,52,1709
446864,448566,448626,60,1702
446864,448562,448627,65,1698
446864,448602,448628,26,1738
446864,448578,448628,50,1714
446864,448626,448629,3,1762
446864,448625,448628,3,1761
446864,448626,448629,3,1762
446864,448590,448628,38,1726
446864,448580,448628,48,1716
446864,448628,448630,2,1764
446864,448627,448630,3,1763
446864,448628,448630,2,1764
446864,448629,448630,1,1765
446864,448629,448631,2,1765
446864,448629,448631,2,1765
446864,448629,448630,1,1765
446864,448629,448631,2,1765
446864,448630,448632,2,1766
446864,448624,448631,7,1760
446864,448631,448633,2,1767
446864,448630,448633,3,1766
446864,448577,448633,56,1713
446864,448631,448633,2,1767
446864,448630,448633,3,1766
446864,448632,448634,2,1768
446864,448580,448633,53,1716
446864,448631,448633,2,1767
446864,448632,448634,2,1768
446864,448578,448633,55,1714
446864,448631,448633,2,1767
446864,448597,448635,38,1733
446864,448632,448634,2,1768
446864,448633,448634,1,1769
446864,448633,448636,3,1769
446864,448589,448636,47,1725
446864,448567,448638,71,1703
446864,448587,448640,53,1723
446864,448592,448641,49,1728
446864,448609,448642,33,1745
446864,448587,448648,61,1723
446864,448595,448650,55,1731
446864,448579,448649,70,1715
446864,448585,448653,68,1721
446864,448593,448653,60,1729
446864,448576,448653,77,1712
446864,448603,448654,51,1739
446864,448597,448664,67,1733
446864,448593,448669,76,1729
447074,448633,448670,37,1559
446864,448600,448671,71,1736
446864,448599,448675,76,1735
447074,448634,448675,41,1560
447074,448671,448676,5,1597
447074,448675,448677,2,1601
446864,448594,448677,83,1730
447074,448675,448677,2,1601
447074,448634,448678,44,1560
447074,448677,448679,2,1603
447074,448677,448679,2,1603
447074,448670,448678,8,1596
447074,448677,448678,1,1603
447074,448677,448680,3,1603
447074,448634,448680,46,1560
447074,448634,448679,45,1560
447074,448678,448679,1,1604
447074,448635,448681,46,1561
446113,447823,448680,857,1710
447074,448680,448682,2,1606
447074,448680,448681,1,1606
447074,448680,448682,2,1606
447074,448679,448682,3,1605
447074,448679,448682,3,1605
447074,448635,448681,46,1561
447074,448680,448682,2,1606
447074,448680,448683,3,1606
447074,448681,448683,2,1607
447074,448680,448682,2,1606
447074,448681,448683,2,1607
447074,448682,448684,2,1608
447074,448682,448683,1,1608
447074,448682,448684,2,1608
447074,448634,448683,49,1560
447074,448633,448683,50,1559
447074,448682,448684,2,1608
447074,448682,448684,2,1608
447074,448682,448685,3,1608
447074,448634,448684,50,1560
447074,448683,448684,1,1609
447074,448683,448684,1,1609
447074,448683,448684,1,1609
447074,448684,448686,2,1610
447074,448636,448686,50,1562
447074,448684,448686,2,1610
446864,448606,448686,80,1742
447074,448684,448685,1,1610
447074,448684,448686,2,1610
447074,448684,448685,1,1610
447074,448683,448686,3,1609
447074,448636,448687,51,1562
447074,448684,448687,3,1610
446864,448598,448687,89,1734
447074,448635,448686,51,1561
447074,448640,448688,48,1566
447074,448686,448687,1,1612
447074,448686,448687,1,1612
447074,448686,448688,2,1612
447074,448684,448687,3,1610
447074,448684,448687,3,1610
447074,448685,448687,2,1611
447074,448686,448688,2,1612
447074,448653,448690,37,1579
445515,447446,448691,1245,1931
447074,448669,448691,22,1595
447074,448650,448692,42,1576
447074,448641,448691,50,1567
447074,448642,448692,50,1568
447074,448686,448692,6,1612
447074,448654,448692,38,1580
447074,448665,448696,31,1591
447074,448686,448697,11,1612
447074,448638,448698,60,1564
447074,448653,448701,48,1579
447074,448650,448704,54,1576
447074,448653,448705,52,1579
447074,448687,448710,23,1613
447074,448686,448710,24,1612
447074,448648,448716,68,1574
447074,448686,448717,31,1612
447074,448686,448721,35,1612
447074,448688,448725,37,1614
447074,448688,448731,43,1614
447074,448686,448732,46,1612
447074,448686,448735,49,1612
447074,448687,448736,49,1613
447074,448688,448737,49,1614
447074,448687,448741,54,1613
447074,448688,448743,55,1614
447074,448687,448746,59,1613
447074,448696,448746,50,1622
447074,448689,448747,58,1615
447074,448688,448748,60,1614
447074,448693,448747,54,1619
447074,448687,448749,62,1613
447074,448697,448751,54,1623
447074,448692,448751,59,1618
447074,448692,448753,61,1618
447074,448688,448753,65,1614
447074,448688,448754,66,1614
447074,448691,448756,65,1617
447074,448690,448758,68,1616
447074,448691,448759,68,1617
447074,448701,448760,59,1627
447074,448693,448762,69,1619
447074,448692,448766,74,1618
447074,448711,448766,55,1637
447074,448698,448768,70,1624
447074,448705,448771,66,1631
447074,448717,448771,54,1643
447074,448704,448771,67,1630
447074,448766,448772,6,1692
447074,448768,448772,4,1694
447074,448771,448773,2,1697
447074,448710,448774,64,1636
447074,448721,448773,52,1647
447074,448772,448774,2,1698
447074,448771,448774,3,1697
447074,448771,448774,3,1697
447074,448773,448775,2,1699
447074,448772,448775,3,1698
447074,448774,448776,2,1700
447074,448762,448776,14,1688
447074,448774,448777,3,1700
447074,448774,448776,2,1700
447074,448775,448777,2,1701
447074,448774,448777,3,1700
447074,448775,448778,3,1701
447074,448732,448777,45,1658
447074,448776,448778,2,1702
447074,448774,448777,3,1700
447074,448776,448779,3,1702
447074,448777,448779,2,1703
447074,448777,448779,2,1703
447074,448725,448779,54,1651
447074,448777,448779,2,1703
447074,448777,448780,3,1703
447074,448778,448781,3,1704
447074,448778,448780,2,1704
447074,448778,448780,2,1704
447074,448778,448782,4,1704
447074,448779,448782,3,1705
447074,448779,448782,3,1705
447074,448716,448783,67,1642
447074,448779,448783,4,1705
447074,448731,448785,54,1657
447074,448760,448786,26,1686
447074,448766,448786,20,1692
447074,448759,448787,28,1685
447074,448736,448791,55,1662
447074,448737,448795,58,1663
447074,448753,448805,52,1679
447074,448735,448806,71,1661
447074,448744,448808,64,1670
447074,448741,448810,69,1667
447074,448747,448810,63,1673
447074,448752,448811,59,1678
447202,448783,448811,28,1581
447074,448748,448810,62,1674
447074,448748,448813,65,1674
447074,448751,448814,63,1677
447074,448746,448815,69,1672
446133,447935,448816,881,1802
447202,448782,448817,35,1580
447074,448746,448820,74,1672
447202,448817,448820,3,1615
447202,448816,448821,5,1614
447202,448820,448822,2,1618
447074,448754,448822,68,1680
447202,448820,448823,3,1618
447202,448821,448823,2,1619
447202,448785,448823,38,1583
447202,448822,448823,1,1620
447202,448823,448825,2,1621
447202,448823,448825,2,1621
447074,448753,448825,72,1679
447202,448822,448825,3,1620
447202,448780,448825,45,1578
447202,448823,448825,2,1621
447202,448824,448826,2,1622
447202,448825,448827,2,1623
447202,448825,448827,2,1623
447074,448757,448827,70,1683
447202,448825,448827,2,1623
447202,448825,448826,1,1623
447202,448787,448827,40,1585
447202,448825,448827,2,1623
447202,448826,448828,2,1624
447202,448825,448828,3,1623
447202,448815,448828,13,1613
447202,448827,448829,2,1625
447202,448791,448828,37,1589
447202,448827,448830,3,1625
447202,448828,448830,2,1626
447202,448786,448829,43,1584
447202,448827,448830,3,1625
447074,448749,448829,80,1675
447202,448827,448830,3,1625
447202,448828,448829,1,1626
447202,448829,448831,2,1627
447202,448828,448831,3,1626
447202,448828,448830,2,1626
447202,448828,448830,2,1626
447202,448829,448830,1,1627
447202,448828,448831,3,1626
447202,448786,448832,46,1584
447202,448830,448832,2,1628
447202,448830,448831,1,1628
447202,448830,448833,3,1628
447202,448782,448833,51,1580
447202,448830,448832,2,1628
447202,448830,448832,2,1628
447202,448830,448832,2,1628
447202,448830,448832,2,1628
447202,448831,448832,1,1629
447202,448781,448833,52,1579
447202,448781,448832,51,1579
447202,448831,448833,2,1629
447202,448831,448834,3,1629
447202,448831,448835,4,1629
447202,448814,448835,21,1612
447074,448758,448834,76,1684
447202,448831,448836,5,1629
447202,448779,448838,59,1577
447202,448783,448839,56,1581
447202,448782,448840,58,1580
447202,448808,448842,34,1606
447202,448781,448842,61,1579
447202,448832,448845,13,1630
447202,448811,448846,35,1609
447202,448795,448847,52,1593
447202,448812,448847,35,1610
447202,448813,448849,36,1611
447202,448834,448854,20,1632
447202,448811,448854,43,1609
447202,448833,448855,22,1631
447202,448833,448859,26,1631
447202,448805,448860,55,1603
447202,448835,448860,25,1633
447202,448806,448860,54,1604
445589,447577,448861,1284,1988
447202,448810,448861,51,1608
447202,448833,448862,29,1631
447202,448832,448865,33,1630
447202,448835,448866,31,1633
447202,448833,448867,34,1631
447202,448843,448869,26,1641
447202,448833,448870,37,1631
447202,448832,448870,38,1630
447202,448854,448870,16,1652
447202,448810,448872,62,1608
447202,448837,448872,35,1635
447202,448842,448873,31,1640
447202,448833,448874,41,1631
447202,448855,448876,21,1653
447202,448860,448877,17,1658
447202,448832,448878,46,1630
447202,448839,448879,40,1637
447202,448834,448883,49,1632
447202,448848,448884,36,1646
447202,448862,448886,24,1660
447202,448846,448888,42,1644
447202,448846,448892,46,1644
447202,448833,448892,59,1631
447202,448833,448893,60,1631
447202,448869,448892,23,1667
447202,448840,448893,53,1638
447202,448893,448896,3,1691
447202,448835,448896,61,1633
447202,448854,448896,42,1652
447202,448893,448896,3,1691
447202,448893,448898,5,1691
447202,448896,448898,2,1694
447202,448896,448899,3,1694
447202,448896,448899,3,1694
447202,448839,448899,60,1637
447202,448896,448899,3,1694
447202,448898,448900,2,1696
447202,448835,448901,66,1633
447202,448899,448901,2,1697
447202,448892,448901,9,1690
447202,448898,448901,3,1696
447202,448899,448902,3,1697
447202,448859,448902,43,1657
447202,448899,448902,3,1697
447202,448900,448902,2,1698
447202,448892,448902,10,1690
447202,448899,448902,3,1697
447202,448902,448904,2,1700
447202,448901,448904,3,1699
447202,448901,448903,2,1699
447202,448901,448904,3,1699
447202,448902,448905,3,1700
447202,448902,448905,3,1700
447202,448902,448905,3,1700
447202,448848,448905,57,1646
447202,448902,448905,3,1700
447202,448849,448905,56,1647
447202,448904,448907,3,1702
447202,448903,448906,3,1701
447202,448903,448907,4,1701
447202,448886,448908,22,1684
447202,448904,448908,4,1702
447202,448905,448909,4,1703
447202,448904,448909,5,1702
447202,448905,448909,4,1703
447202,448904,448909,5,1702
447202,448905,448909,4,1703
447202,448870,448915,45,1668
447202,448888,448914,26,1686
447202,448861,448920,59,1659
447202,448860,448920,60,1658
447202,448870,448920,50,1668
447202,448860,448921,61,1658
447202,448876,448922,46,1674
447202,448879,448925,46,1677
447202,448867,448927,60,1665
447202,448865,448928,63,1663
447202,448884,448928,44,1682
447202,448861,448930,69,1659
447202,448878,448933,55,1676
447202,448875,448933,58,1673
447202,448878,448934,56,1676
447202,448866,448935,69,1664
447202,448872,448934,62,1670
447294,448935,448937,2,1641
447294,448937,448939,2,1643
447294,448907,448940,33,1613
447294,448939,448941,2,1645
447294,448935,448941,6,1641
447202,448870,448941,71,1668
447202,448873,448941,68,1671
447294,448940,448943,3,1646
447202,448872,448943,71,1670
447294,448941,448943,2,1647
447294,448941,448943,2,1647
447294,448941,448942,1,1647
447294,448941,448943,2,1647
447294,448943,448945,2,1649
447294,448943,448945,2,1649
447294,448943,448944,1,1649
447294,448943,448946,3,1649
447294,448943,448945,2,1649
447202,448883,448946,63,1681
447294,448945,448947,2,1651
447294,448946,448947,1,1652
447294,448945,448948,3,1651
447294,448945,448947,2,1651
447294,448946,448948,2,1652
447294,448946,448949,3,1652
447294,448947,448949,2,1653
447294,448947,448949,2,1653
447294,448947,448949,2,1653
447294,448907,448948,41,1613
447294,448948,448950,2,1654
447294,448949,448951,2,1655
447294,448948,448951,3,1654
447294,448948,448951,3,1654
447294,448949,448951,2,1655
447294,448949,448950,1,1655
447294,448949,448952,3,1655
447294,448949,448951,2,1655
447294,448934,448951,17,1640
447294,448951,448953,2,1657
447294,448950,448953,3,1656
447294,448951,448953,2,1657
447294,448951,448953,2,1657
447294,448951,448952,1,1657
447294,448907,448954,47,1613
447294,448951,448953,2,1657
447294,448908,448954,46,1614
447294,448952,448955,3,1658
447294,448952,448954,2,1658
447294,448953,448955,2,1659
447294,448933,448955,22,1639
446074,447703,448956,1253,1629
447294,448952,448955,3,1658
447294,448908,448957,49,1614
447294,448907,448957,50,1613
447294,448929,448956,27,1635
447294,448920,448958,38,1626
447294,448953,448958,5,1659
447294,448953,448961,8,1659
447294,448905,448963,58,1611
447294,448933,448963,30,1639
447294,448915,448965,50,1621
447294,448916,448965,49,1622
447294,448909,448965,56,1615
447294,448910,448966,56,1616
447294,448922,448967,45,1628
447294,448920,448967,47,1626
447294,448927,448969,42,1633
447294,448921,448970,49,1627
447294,448925,448973,48,1631
447294,448930,448973,43,1636
447294,448910,448975,65,1616
447294,448910,448976,66,1616
447294,448909,448977,68,1615
447294,448920,448979,59,1626
447294,448953,448982,29,1659
447294,448953,448984,31,1659
447294,448928,448987,59,1634
447294,448955,448997,42,1661
447294,448957,448998,41,1663
447294,448955,449002,47,1661
447294,448954,449003,49,1660
447294,448965,449004,39,1671
447294,448954,449003,49,1660
447294,448954,449006,52,1660
447294,448958,449007,49,1664
447294,448957,449008,51,1663
447294,448955,449008,53,1661
447294,448973,449010,37,1679
447294,448961,449010,49,1667
447294,448957,449013,56,1663
447294,448963,449015,52,1669
447294,448958,449015,57,1664
447294,448956,449015,59,1662
447294,448955,449016,61,1661
447294,448965,449017,52,1671
447294,448967,449018,51,1673
447294,448956,449017,61,1662
447294,448969,449020,51,1675
447294,449002,449023,21,1708
447294,449020,449024,4,1726
447294,449023,449025,2,1729
447294,448963,449026,63,1669
447294,449024,449025,1,1730
447294,449025,449027,2,1731
447294,448967,449028,61,1673
447294,449027,449028,1,1733
447294,449026,449029,3,1732
447294,449027,449029,2,1733
447294,448965,449030,65,1671
447294,449028,449030,2,1734
447294,448975,449030,55,1681
447294,449028,449031,3,1734
447294,449029,449031,2,1735
447294,449029,449031,2,1735
447294,448976,449032,56,1682
447294,449030,449032,2,1736
447294,449030,449033,3,1736
447294,448971,449033,62,1677
447294,449030,449033,3,1736
447294,449032,449034,2,1738
447294,449031,449034,3,1737
447294,448984,449034,50,1690
447294,449031,449034,3,1737
447294,449019,449034,15,1725
447294,449032,449035,3,1738
447294,448967,449036,69,1673
447294,449032,449035,3,1738
447294,449033,449036,3,1739
447294,448973,449036,63,1679
447294,449033,449036,3,1739
447294,449033,449036,3,1739
447294,449018,449035,17,1724
447294,449034,449037,3,1740
447294,449035,449037,2,1741
447294,449034,449038,4,1740
447294,449034,449037,3,1740
447294,449035,449038,3,1741
447294,449034,449037,3,1740
447294,448977,449039,62,1683
447294,448979,449040,61,1685
447294,449036,449040,4,1742
447294,449036,449041,5,1742
447294,449036,449041,5,1742
447294,449036,449040,4,1742
447294,449036,449041,5,1742
447294,449015,449043,28,1721
447294,449036,449044,8,1742
447294,448982,449045,63,1688
447294,448987,449049,62,1693
447294,449003,449052,49,1709
447294,448998,449054,56,1704
447294,449016,449057,41,1722
447294,449004,449058,54,1710
447294,448997,449058,61,1703
447294,449015,449058,43,1721
447294,449010,449062,52,1716
447294,449006,449063,57,1712
447294,449004,449064,60,1710
447294,449007,449066,59,1713
447299,449037,449066,29,1738
447294,449008,449066,58,1714
447294,449017,449068,51,1723
447299,449038,449069,31,1739
447299,449067,449070,3,1768
447299,449068,449070,2,1769
447299,449069,449070,1,1770
447299,449066,449072,6,1767
447299,449070,449072,2,1771
447299,449072,449073,1,1773
447299,449072,449073,1,1773
447299,449072,449073,1,1773
447299,449073,449074,1,1774
447294,449010,449073,63,1716
447299,449074,449076,2,1775
447299,449075,449076,1,1776
447299,449066,449076,10,1767
447299,449074,449076,2,1775
447299,449074,449076,2,1775
447299,449075,449076,1,1776
447299,449076,449078,2,1777
447299,449076,449078,2,1777
447299,449076,449077,1,1777
447299,449077,449079,2,1778
447299,449077,449079,2,1778
447299,449078,449080,2,1779
447299,449078,449080,2,1779
447294,449008,449080,72,1714
447299,449077,449079,2,1778
447299,449079,449081,2,1780
447299,449078,449080,2,1779
447299,449079,449080,1,1780
447299,449080,449082,2,1781
447299,449080,449082,2,1781
447299,449037,449082,45,1738
447299,449080,449082,2,1781
447299,449080,449083,3,1781
447299,449038,449083,45,1739
447299,449081,449083,2,1782
447299,449081,449083,2,1782
447299,449081,449083,2,1782
447299,449082,449084,2,1783
447299,449082,449084,2,1783
447299,449082,449083,1,1783
447299,449082,449083,1,1783
447299,449083,449085,2,1784
447294,449015,449084,69,1721
447299,449083,449086,3,1784
447299,449038,449085,47,1739
447299,449064,449086,22,1765
447299,449084,449086,2,1785
447299,449083,449085,2,1784
447299,449084,449087,3,1785
447299,449041,449088,47,1742
447294,449013,449088,75,1719
447299,449041,449089,48,1742
447299,449084,449089,5,1785
447299,449040,449091,51,1741
447299,449054,449093,39,1755
447299,449042,449093,51,1743
447299,449038,449093,55,1739
447299,449040,449093,53,1741
447299,449042,449095,53,1743
447299,449044,449094,50,1745
447299,449046,449094,48,1747
447299,449059,449095,36,1760
447299,449039,449096,57,1740
447299,449049,449097,48,1750
447299,449084,449097,13,1785
447299,449058,449098,40,1759
447299,449043,449098,55,1744
447299,449058,449099,41,1759
447299,449058,449103,45,1759
447299,449063,449105,42,1764
447299,449052,449105,53,1753
447299,449062,449106,44,1763
447299,449084,449111,27,1785
447299,449084,449120,36,1785
447299,449086,449128,42,1787
447299,449085,449129,44,1786
447299,449098,449131,33,1799
447299,449086,449132,46,1787
447299,449086,449134,48,1787
447299,449089,449134,45,1790
447299,449093,449134,41,1794
447299,449087,449136,49,1788
447299,449086,449138,52,1787
447299,449088,449139,51,1789
447299,449085,449139,54,1786
447299,449093,449141,48,1794
447299,449086,449140,54,1787
447299,449088,449142,54,1789
447299,449096,449143,47,1797
447299,449097,449143,46,1798
447299,449089,449145,56,1790
447299,449099,449146,47,1800
447299,449095,449146,51,1796
447299,449091,449145,54,1792
447299,449093,449147,54,1794
447299,449146,449148,2,1847
447299,449095,449147,52,1796
447299,449145,449149,4,1846
447299,449146,449149,3,1847
447299,449144,449148,4,1845
447299,449094,449150,56,1795
447299,449143,449150,7,1844
447299,449148,449150,2,1849
447299,449146,449149,3,1847
447299,449147,449150,3,1848
447299,449149,449152,3,1850
447299,449150,449152,2,1851
447299,449150,449152,2,1851
447299,449149,449151,2,1850
447299,449149,449151,2,1850
447299,449096,449152,56,1797
447299,449149,449151,2,1850
447299,449150,449152,2,1851
447299,449150,449153,3,1851
447299,449096,449152,56,1797
447299,449150,449153,3,1851
447299,449152,449154,2,1853
447299,449153,449155,2,1854
447299,449152,449155,3,1853
447299,449152,449154,2,1853
447299,449152,449156,4,1853
447299,449152,449156,4,1853
447299,449098,449156,58,1799
447299,449153,449155,2,1854
447299,449153,449155,2,1854
447299,449153,449157,4,1854
447299,449153,449156,3,1854
447299,449154,449158,4,1855
447299,449153,449157,4,1854
447299,449155,449158,3,1856
447299,449097,449159,62,1798
447299,449103,449160,57,1804
447299,449155,449160,5,1856
447299,449156,449160,4,1857
447299,449156,449161,5,1857
447299,449156,449161,5,1857
447299,449156,449162,6,1857
447299,449155,449161,6,1856
447299,449158,449163,5,1859
447299,449157,449164,7,1858
447299,449157,449164,7,1858
447299,449111,449164,53,1812
447299,449157,449164,7,1858
447299,449106,449166,60,1807
447299,449158,449166,8,1859
447299,449105,449166,61,1806
447299,449131,449168,37,1832
447299,449105,449168,63,1806
447299,449120,449170,50,1821
447460,449161,449177,16,1701
447299,449142,449181,39,1843
447299,449129,449182,53,1830
447460,449162,449182,20,1702
447460,449163,449182,19,1703
447299,449134,449187,53,1835
447460,449164,449187,23,1704
447299,449137,449188,51,1838
447299,449135,449188,53,1836
447299,449141,449188,47,1842
447460,449164,449189,25,1704
447299,449139,449189,50,1840
447460,449177,449189,12,1717
447299,449128,449190,62,1829
447299,449135,449190,55,1836
447460,449168,449191,23,1708
447460,449188,449191,3,1728
447460,449172,449191,19,1712
447460,449189,449191,2,1729
447460,449189,449192,3,1729
447460,449188,449192,4,1728
447299,449132,449192,60,1833
447460,449182,449191,9,1722
447460,449190,449191,1,1730
447460,449190,449193,3,1730
447460,449190,449192,2,1730
447460,449191,449193,2,1731
447460,449160,449193,33,1700
447460,449191,449193,2,1731
447460,449191,449193,2,1731
447460,449191,449192,1,1731
447460,449192,449194,2,1732
447460,449192,449194,2,1732
447460,449192,449195,3,1732
447460,449183,449195,12,1723
447460,449192,449194,2,1732
447460,449192,449194,2,1732
447299,449139,449194,55,1840
447460,449193,449194,1,1733
447460,449193,449194,1,1733
447460,449193,449196,3,1733
447460,449193,449196,3,1733
447460,449193,449196,3,1733
447460,449194,449195,1,1734
447460,449194,449196,2,1734
447460,449193,449195,2,1733
447460,449194,449195,1,1734
447460,449195,449197,2,1735
447460,449195,449197,2,1735
447460,449195,449197,2,1735
447460,449195,449197,2,1735
447460,449188,449198,10,1728
447460,449196,449197,1,1736
447460,449196,449197,1,1736
447460,449196,449198,2,1736
447460,449196,449198,2,1736
447460,449195,449197,2,1735
447460,449196,449199,3,1736
447460,449187,449199,12,1727
447460,449197,449199,2,1737
447460,449196,449198,2,1736
447460,449197,449199,2,1737
447460,449197,449199,2,1737
447460,449196,449199,3,1736
447460,449197,449200,3,1737
447460,449196,449199,3,1736
447460,449199,449201,2,1739
447460,449199,449201,2,1739
447460,449199,449200,1,1739
447460,449199,449201,2,1739
447460,449199,449201,2,1739
447460,449161,449202,41,1701
447460,449199,449202,3,1739
447460,449164,449202,38,1704
447460,449200,449202,2,1740
447460,449201,449203,2,1741
447460,449201,449203,2,1741
447299,449139,449203,64,1840
447460,449201,449204,3,1741
447460,449199,449204,5,1739
447460,449201,449204,3,1741
447460,449188,449204,16,1728
447460,449197,449206,9,1737
447460,449181,449207,26,1721
447460,449159,449208,49,1699
447460,449166,449209,43,1706
447460,449166,449210,44,1706
447460,449166,449211,45,1706
447299,449141,449212,71,1842
447460,449168,449212,44,1708
447460,449160,449213,53,1700
447460,449160,449213,53,1700
447460,449164,449216,52,1704
447460,449182,449217,35,1722
447460,449198,449232,34,1738
447460,449162,449233,71,1702
447460,449198,449235,37,1738
447460,449198,449235,37,1738
447460,449200,449243,43,1740
447460,449203,449249,46,1743
447460,449198,449249,51,1738
447460,449204,449252,48,1744
447460,449216,449252,36,1756
447460,449202,449252,50,1742
447460,449204,449254,50,1744
447460,449198,449255,57,1738
447460,449202,449256,54,1742
447460,449255,449258,3,1795
447460,449256,449258,2,1796
447460,449199,449258,59,1739
447460,449254,449259,5,1794
447460,449203,449260,57,1743
447460,449258,449260,2,1798
447460,449259,449261,2,1799
447460,449258,449261,3,1798
447460,449258,449261,3,1798
447460,449253,449262,9,1793
447460,449261,449263,2,1801
447460,449206,449263,57,1746
447460,449201,449263,62,1741
447460,449260,449262,2,1800
447460,449204,449264,60,1744
447460,449261,449264,3,1801
447460,449261,449263,2,1801
447460,449202,449264,62,1742
447460,449263,449265,2,1803
447460,449262,449265,3,1802
447460,449263,449265,2,1803
447460,449262,449264,2,1802
447460,449203,449266,63,1743
447460,449263,449266,3,1803
447460,449264,449267,3,1804
447460,449264,449267,3,1804
447460,449264,449266,2,1804
447460,449265,449267,2,1805
447460,449265,449267,2,1805
447460,449265,449268,3,1805
447460,449264,449268,4,1804
447460,449264,449267,3,1804
447460,449207,449267,60,1747
447460,449266,449269,3,1806
447460,449265,449268,3,1805
447460,449204,449268,64,1744
447460,449210,449268,58,1750
447460,449267,449270,3,1807
447460,449267,449270,3,1807
447460,449267,449269,2,1807
447460,449266,449271,5,1806
447460,449267,449271,4,1807
447460,449252,449272,20,1792
447460,449268,449272,4,1808
447460,449268,449272,4,1808
447460,449213,449273,60,1753
447460,449208,449273,65,1748
447460,449268,449274,6,1808
447460,449268,449273,5,1808
447460,449204,449275,71,1744
447460,449235,449275,40,1775
447460,449209,449275,66,1749
447460,449268,449275,7,1808
447460,449211,449276,65,1751
447460,449212,449276,64,1752
447460,449269,449278,9,1809
447460,449212,449281,69,1752
447460,449213,449281,68,1753
447726,449269,449281,12,1543
447460,449249,449282,33,1789
447460,449217,449282,65,1757
447726,449269,449284,15,1543
447460,449232,449286,54,1772
447460,449236,449294,58,1776
447726,449270,449296,26,1544
447726,449273,449296,23,1547
447726,449272,449296,24,1546
447726,449271,449296,25,1545
447726,449271,449297,26,1545
447460,449249,449298,49,1789
447726,449294,449298,4,1568
447726,449296,449298,2,1570
447726,449297,449299,2,1571
447726,449296,449299,3,1570
447726,449296,449299,3,1570
447726,449298,449300,2,1572
447460,449233,449300,67,1773
447726,449296,449299,3,1570
447726,449272,449301,29,1546
447726,449299,449301,2,1573
447726,449298,449300,2,1572
447726,449299,449301,2,1573
447726,449298,449300,2,1572
447726,449299,449300,1,1573
447460,449252,449301,49,1792
447726,449300,449302,2,1574
447460,449243,449301,58,1783
447726,449286,449301,15,1560
447726,449300,449301,1,1574
447726,449301,449303,2,1575
447726,449302,449303,1,1576
447726,449300,449302,2,1574
447726,449301,449302,1,1575
447726,449301,449304,3,1575
447726,449301,449304,3,1575
447726,449301,449304,3,1575
447726,449302,449304,2,1576
447726,449301,449303,2,1575
447726,449303,449305,2,1577
447726,449302,449305,3,1576
447726,449272,449305,33,1546
447726,449304,449305,1,1578
447726,449302,449304,2,1576
447726,449302,449304,2,1576
447726,449303,449306,3,1577
447726,449303,449305,2,1577
447726,449304,449306,2,1578
447726,449271,449305,34,1545
447726,449304,449306,2,1578
447726,449273,449305,32,1547
447726,449304,449307,3,1578
447726,449304,449306,2,1578
447726,449304,449306,2,1578
447726,449275,449307,32,1549
447726,449270,449308,38,1544
447726,449276,449312,36,1550
447726,449305,449311,6,1579
447726,449274,449317,43,1548
447726,449282,449317,35,1556
447726,449278,449319,41,1552
447726,449276,449320,44,1550
447726,449284,449321,37,1558
447726,449283,449322,39,1557
447726,449274,449324,50,1548
447726,449275,449325,50,1549
447726,449281,449328,47,1555
447726,449276,449329,53,1550
447726,449281,449330,49,1555
447726,449276,449331,55,1550
447726,449305,449333,28,1579
447726,449305,449334,29,1579
447726,449281,449340,59,1555
447726,449305,449341,36,1579
447726,449306,449352,46,1580
447726,449306,449352,46,1580
447726,449307,449353,46,1581
447726,449305,449354,49,1579
447726,449307,449357,50,1581
447726,449306,449360,54,1580
447726,449306,449364,58,1580
447726,449312,449365,53,1586
447726,449306,449365,59,1580
447726,449317,449365,48,1591
447726,449308,449365,57,1582
447726,449317,449367,50,1591
447726,449308,449368,60,1582
447726,449320,449369,49,1594
447726,449306,449374,68,1580
447726,449306,449375,69,1580
447726,449324,449377,53,1598
447726,449312,449378,66,1586
447726,449308,449383,75,1582
447726,449322,449384,62,1596
447726,449328,449386,58,1602
447726,449334,449386,52,1608
447726,449331,449387,56,1605
447726,449329,449390,61,1603
447726,449319,449391,72,1593
447726,449330,449393,63,1604
447726,449353,449400,47,1627
447726,449325,449401,76,1599
447726,449321,449401,80,1595
447726,449342,449402,60,1616
447726,449333,449403,70,1607
447726,449352,449405,53,1626
447726,449354,449405,51,1628
447726,449341,449412,71,1615
447726,449357,449412,55,1631
447726,449352,449415,63,1626
447726,449368,449418,50,1642
447726,449360,449420,60,1634
446588,448479,449420,941,1891
447726,449365,449421,56,1639
447726,449364,449425,61,1638
447726,449366,449429,63,1640
447726,449367,449431,64,1641
447726,449365,449434,69,1639
447726,449369,449436,67,1643
447726,449366,449436,70,1640
447726,449375,449437,62,1649
447726,449378,449440,62,1652
446864,448633,449443,810,1769
447726,449386,449445,59,1660
447726,449378,449447,69,1652
447726,449374,449448,74,1648
447726,449386,449451,65,1660
447726,449384,449453,69,1658
446237,448139,449453,1314,1902
447726,449400,449455,55,1674
447726,449390,449460,70,1664
447726,449391,449461,70,1665
447726,449393,449461,68,1667
447726,449383,449462,79,1657
447726,449388,449463,75,1662
447726,449429,449465,36,1703
447726,449402,449465,63,1676
447726,449402,449466,64,1676
447726,449405,449469,64,1679
447726,449405,449469,64,1679
447726,449415,449470,55,1689
447726,449418,449470,52,1692
447726,449431,449473,42,1705
447726,449403,449473,70,1677
447726,449413,449475,62,1687
447726,449420,449476,56,1694
447726,449440,449476,36,1714
447726,449401,449480,79,1675
447726,449412,449480,68,1686
447726,449421,449481,60,1695
447851,449466,449485,19,1615
447851,449471,449485,14,1620
447726,449436,449488,52,1710
447851,449475,449491,16,1624
447851,449476,449493,17,1625
447726,449443,449493,50,1717
447726,449420,449493,73,1694
447851,449469,449497,28,1618
447851,449481,449499,18,1630
447726,449425,449500,75,1699
447726,449445,449500,55,1719
447851,449480,449502,22,1629
447726,449434,449502,68,1708
447726,449437,449505,68,1711
447851,449473,449506,33,1622
447726,449436,449507,71,1710
447851,449471,449509,38,1620
447726,449453,449509,56,1727
447851,449476,449509,33,1625
447851,449507,449510,3,1656
447851,449509,449511,2,1658
447851,449509,449511,2,1658
447851,449509,449511,2,1658
447851,449506,449511,5,1655
447851,449511,449513,2,1660
447851,449511,449513,2,1660
447851,449511,449512,1,1660
447851,449511,449513,2,1660
447726,449456,449513,57,1730
447851,449511,449514,3,1660
447851,449469,449513,44,1618
447851,449513,449515,2,1662
447851,449513,449515,2,1662
447851,449513,449515,2,1662
447726,449453,449515,62,1727
447851,449513,449515,2,1662
447726,449448,449516,68,1722
447851,449514,449516,2,1663
447851,449513,449515,2,1662
447851,449514,449516,2,1663
447851,449515,449517,2,1664
447851,449515,449517,2,1664
447851,449480,449517,37,1629
447851,449515,449517,2,1664
447851,449515,449516,1,1664
447851,449515,449518,3,1664
447851,449473,449518,45,1622
447726,449447,449518,71,1721
447851,449516,449518,2,1665
447851,449516,449518,2,1665
447851,449517,449519,2,1666
447851,449517,449519,2,1666
447851,449517,449518,1,1666
447851,449517,449518,1,1666
447851,449517,449519,2,1666
447851,449517,449518,1,1666
447851,449516,449519,3,1665
447726,449462,449520,58,1736
447851,449486,449519,33,1635
447851,449518,449521,3,1667
447726,449465,449521,56,1739
447851,449518,449521,3,1667
447726,449462,449520,58,1736
447851,449518,449520,2,1667
447851,449518,449521,3,1667
447726,449461,449522,61,1735
447851,449519,449522,3,1668
447726,449451,449523,72,1725
447851,449485,449525,40,1634
447851,449519,449525,6,1668
447851,449519,449529,10,1668
447726,449460,449530,70,1734
447726,449463,449530,67,1737
447851,449493,449531,38,1642
447851,449505,449531,26,1654
447851,449491,449534,43,1640
447851,449488,449535,47,1637
447851,449497,449535,38,1646
447851,449499,449539,40,1648
447851,449519,449540,21,1668
447851,449493,449542,49,1642
447851,449500,449544,44,1649
447851,449519,449545,26,1668
447851,449521,449547,26,1670
447851,449493,449547,54,1642
447851,449502,449547,45,1651
447851,449502,449548,46,1651
447851,449500,449554,54,1649
447851,449519,449557,38,1668
447851,449519,449558,39,1668
447851,449521,449571,50,1670
447851,449520,449572,52,1669
447851,449521,449572,51,1670
447851,449521,449573,52,1670
447851,449522,449576,54,1671
447851,449522,449578,56,1671
447851,449531,449578,47,1680
447851,449522,449578,56,1671
447851,449520,449580,60,1669
447851,449525,449580,55,1674
447851,449534,449582,48,1683
447851,449540,449584,44,1689
447851,449529,449585,56,1678
447851,449530,449586,56,1679
447851,449521,449588,67,1670
447851,449523,449588,65,1672
447851,449535,449588,53,1684
447851,449525,449588,63,1674
447851,449521,449591,70,1670
447851,449532,449591,59,1681
447851,449535,449592,57,1684
447851,449539,449592,53,1688
446374,448335,449593,1258,1961
447851,449530,449597,67,1679
447851,449558,449602,44,1707
447851,449545,449606,61,1694
447851,449548,449610,62,1697
447851,449547,449612,65,1696
447851,449548,449612,64,1697
447851,449544,449613,69,1693
447851,449591,449614,23,1740
447851,449543,449617,74,1692
447851,449549,449617,68,1698
447851,449592,449619,27,1741
447851,449571,449621,50,1720
447851,449557,449621,64,1706
447851,449554,449626,72,1703
447851,449589,449626,37,1738
447851,449572,449627,55,1721
447851,449588,449628,40,1737
447851,449589,449630,41,1738
447851,449572,449634,62,1721
447851,449628,449635,7,1777
447851,449582,449636,54,1731
447851,449578,449636,58,1727
447851,449580,449636,56,1729
447851,449636,449640,4,1785
447851,449626,449641,15,1775
447851,449591,449641,50,1740
447851,449636,449641,5,1785
447851,449629,449642,13,1778
447851,449576,449643,67,1725
447851,449641,449643,2,1790
447851,449635,449642,7,1784
447851,449641,449643,2,1790
447851,449636,449643,7,1785
447851,449641,449644,3,1790
447851,449573,449643,70,1722
447851,449642,449645,3,1791
447851,449643,449645,2,1792
447851,449643,449645,2,1792
447851,449634,449644,10,1783
447851,449641,449644,3,1790
447851,449644,449646,2,1793
447851,449643,449647,4,1792
447851,449592,449646,54,1741
447851,449643,449646,3,1792
447851,449593,449648,55,1742
447851,449644,449647,3,1793
447851,449585,449648,63,1734
447851,449584,449647,63,1733
447851,449580,449649,69,1729
447851,449578,449650,72,1727
447851,449630,449650,20,1779
447074,448779,449653,874,1705
447851,449617,449655,38,1766
447851,449588,449657,69,1737
447851,449602,449657,55,1751
447851,449586,449657,71,1735
447851,449622,449658,36,1771
447851,449621,449658,37,1770
447851,449606,449662,56,1755
447851,449597,449663,66,1746
447851,449626,449663,37,1775
447851,449578,449664,86,1727
447851,449619,449665,46,1768
447878,449647,449668,21,1769
447878,449658,449669,11,1780
447878,449668,449670,2,1790
447878,449665,449671,6,1787
447878,449669,449672,3,1791
447851,449613,449672,59,1762
447878,449649,449672,23,1771
447878,449671,449672,1,1793
447878,449671,449672,1,1793
447878,449650,449673,23,1772
447878,449672,449674,2,1794
447878,449672,449675,3,1794
447878,449673,449675,2,1795
447878,449672,449674,2,1794
447878,449674,449676,2,1796
447878,449645,449675,30,1767
447878,449674,449675,1,1796
447878,449675,449677,2,1797
447878,449674,449677,3,1796
447878,449675,449677,2,1797
447878,449675,449676,1,1797
447878,449651,449678,27,1773
447878,449676,449679,3,1798
447878,449645,449679,34,1767
447878,449648,449679,31,1770
447878,449678,449679,1,1800
447878,449676,449678,2,1798
447878,449677,449678,1,1799
447878,449677,449678,1,1799
447878,449677,449679,2,1799
447878,449677,449680,3,1799
447878,449678,449681,3,1800
447878,449664,449681,17,1786
447878,449679,449681,2,1801
447878,449679,449681,2,1801
447878,449679,449681,2,1801
447851,449614,449681,67,1763
447878,449663,449682,19,1785
447878,449679,449681,2,1801
447878,449680,449682,2,1802
447878,449647,449682,35,1769
447878,449679,449681,2,1801
447878,449680,449681,1,1802
447878,449680,449681,1,1802
447851,449612,449683,71,1761
447878,449681,449683,2,1803
447878,449680,449682,2,1802
447878,449681,449683,2,1803
447878,449681,449682,1,1803
447878,449646,449682,36,1768
447878,449681,449682,1,1803
447851,449617,449684,67,1766
447878,449681,449684,3,1803
447878,449681,449683,2,1803
447878,449682,449685,3,1804
447878,449682,449685,3,1804
447878,449682,449685,3,1804
447878,449682,449686,4,1804
447878,449645,449685,40,1767
447851,449612,449687,75,1761
447878,449682,449688,6,1804
447878,449646,449687,41,1768
447851,449610,449689,79,1759
447878,449659,449689,30,1781
447878,449648,449692,44,1770
447878,449648,449695,47,1770
447878,449648,449696,48,1770
447878,449663,449697,34,1785
447878,449682,449697,15,1804
447878,449657,449698,41,1779
447878,449646,449699,53,1768
447878,449647,449700,53,1769
447878,449662,449701,39,1784
447878,449653,449702,49,1775
447878,449657,449702,45,1779
447878,449657,449703,46,1779
447878,449655,449706,51,1777
447878,449682,449711,29,1804
447878,449683,449717,34,1805
447878,449701,449721,20,1823
447878,449683,449727,44,1805
447878,449684,449729,45,1806
447878,449683,449731,48,1805
447878,449684,449732,48,1806
447878,449686,449733,47,1808
447878,449683,449733,50,1805
447878,449689,449735,46,1811
447878,449684,449735,51,1806
447878,449685,449737,52,1807
447878,449688,449738,50,1810
447878,449692,449739,47,1814
447203,448905,449740,835,1702
447878,449684,449740,56,1806
447878,449683,449741,58,1805
447878,449686,449741,55,1808
447878,449684,449744,60,1806
447878,449729,449744,15,1851
447878,449703,449745,42,1825
447878,449689,449745,56,1811
447878,449687,449746,59,1809
447878,449744,449746,2,1866
447878,449702,449747,45,1824
447878,449697,449748,51,1819
447878,449745,449748,3,1867
447878,449746,449748,2,1868
447878,449746,449748,2,1868
447878,449746,449748,2,1868
447878,449747,449749,2,1869
447878,449744,449749,5,1866
447878,449748,449750,2,1870
447878,449748,449750,2,1870
447878,449748,449751,3,1870
447878,449748,449751,3,1870
447878,449748,449751,3,1870
447878,449749,449751,2,1871
447878,449688,449752,64,1810
447878,449749,449752,3,1871
447878,449741,449751,10,1863
447878,449750,449751,1,1872
447878,449702,449752,50,1824
447878,449750,449752,2,1872
447878,449751,449753,2,1873
447878,449751,449754,3,1873
447878,449751,449754,3,1873
447878,449741,449754,13,1863
447878,449686,449754,68,1808
447878,449752,449755,3,1874
447878,449740,449755,15,1862
447878,449751,449754,3,1873
447878,449752,449755,3,1874
447878,449753,449755,2,1875
447878,449686,449755,69,1808
447878,449752,449755,3,1874
447878,449752,449755,3,1874
447878,449753,449755,2,1875
447878,449753,449756,3,1875
447878,449696,449757,61,1818
447878,449754,449757,3,1876
447878,449754,449758,4,1876
447878,449755,449758,3,1877
447878,449695,449758,63,1817
447878,449754,449759,5,1876
447878,449754,449759,5,1876
447878,449755,449759,4,1877
447878,449740,449759,19,1862
447878,449755,449760,5,1877
447878,449755,449760,5,1877
447878,449755,449760,5,1877
447878,449706,449761,55,1828
447878,449699,449762,63,1821
447878,449697,449762,65,1819
447878,449700,449762,62,1822
447878,449698,449762,64,1820
447878,449756,449762,6,1878
447878,449711,449764,53,1833
447878,449721,449773,52,1843
447878,449717,449774,57,1839
447878,449739,449776,37,1861
447878,449731,449779,48,1853
447878,449727,449779,52,1849
447878,449732,449782,50,1854
447992,449782,449786,4,1790
447878,449735,449788,53,1857
447878,449735,449788,53,1857
447992,449779,449789,10,1787
447992,449786,449788,2,1794
447878,449737,449789,52,1859
447878,449738,449789,51,1860
447992,449788,449790,2,1796
447992,449789,449791,2,1797
447992,449789,449791,2,1797
447992,449789,449792,3,1797
447992,449790,449791,1,1798
447992,449789,449791,2,1797
447992,449790,449791,1,1798
447992,449791,449793,2,1799
447992,449791,449792,1,1799
447992,449756,449794,38,1764
447878,449733,449793,60,1855
447992,449792,449794,2,1800
447992,449792,449794,2,1800
447992,449792,449794,2,1800
447878,449733,449795,62,1855
447992,449776,449795,19,1784
447992,449792,449794,2,1800
447992,449793,449796,3,1801
447992,449794,449796,2,1802
447992,449794,449796,2,1802
447992,449793,449795,2,1801
447992,449794,449795,1,1802
447992,449795,449797,2,1803
447992,449794,449796,2,1802
447992,449794,449796,2,1802
447992,449795,449797,2,1803
447992,449796,449798,2,1804
447992,449796,449798,2,1804
447992,449795,449798,3,1803
447992,449796,449798,2,1804
447992,449796,449798,2,1804
447992,449797,449799,2,1805
447992,449797,449799,2,1805
447992,449756,449798,42,1764
447992,449797,449799,2,1805
447992,449762,449799,37,1770
447992,449759,449801,42,1767
447992,449798,449800,2,1806
447992,449797,449800,3,1805
447992,449797,449801,4,1805
447992,449764,449800,36,1772
447992,449798,449802,4,1806
447992,449763,449802,39,1771
447992,449762,449802,40,1770
447992,449758,449803,45,1766
447992,449759,449803,44,1767
447992,449760,449804,44,1768
447992,449798,449805,7,1806
447992,449758,449805,47,1766
447992,449779,449806,27,1787
447992,449759,449808,49,1767
447992,449799,449809,10,1807
447992,449798,449810,12,1806
447992,449758,449811,53,1766
447992,449773,449811,38,1781
447992,449762,449812,50,1770
447992,449757,449812,55,1765
447992,449756,449812,56,1764
447992,449798,449811,13,1806
447992,449760,449814,54,1768
447992,449757,449814,57,1765
447992,449799,449816,17,1807
447992,449760,449817,57,1768
447992,449774,449818,44,1782
447992,449800,449818,18,1808
447992,449762,449820,58,1770
447992,449761,449820,59,1769
447992,449759,449821,62,1767
447992,449799,449823,24,1807
447992,449800,449824,24,1808
447992,449804,449849,45,1812
447992,449801,449849,48,1809
447992,449801,449850,49,1809
447992,449803,449851,48,1811
447992,449802,449853,51,1810
447992,449823,449853,30,1831
447992,449806,449854,48,1814
447992,449808,449855,47,1816
447992,449801,449855,54,1809
447992,449801,449854,53,1809
447992,449801,449856,55,1809
447992,449813,449861,48,1821
447992,449804,449861,57,1812
447992,449811,449862,51,1819
447992,449809,449862,53,1817
447992,449805,449862,57,1813
447992,449802,449862,60,1810
447992,449862,449864,2,1870
447992,449802,449865,63,1810
447992,449820,449864,44,1828
447992,449862,449865,3,1870
447992,449863,449865,2,1871
447992,449805,449865,60,1813
447992,449862,449866,4,1870
447992,449864,449866,2,1872
447992,449812,449867,55,1820
447992,449865,449867,2,1873
447992,449816,449866,50,1824
447992,449865,449868,3,1873
447992,449865,449868,3,1873
447992,449866,449868,2,1874
447992,449865,449867,2,1873
447992,449866,449868,2,1874
447992,449818,449869,51,1826
447992,449866,449869,3,1874
447992,449867,449869,2,1875
447992,449867,449870,3,1875
447992,449867,449869,2,1875
447992,449811,449869,58,1819
447992,449868,449870,2,1876
447992,449810,449870,60,1818
447992,449868,449871,3,1876
447992,449868,449870,2,1876
447992,449869,449870,1,1877
447992,449869,449870,1,1877
447992,449868,449870,2,1876
447992,449869,449872,3,1877
447992,449870,449872,2,1878
447992,449814,449872,58,1822
447992,449813,449871,58,1821
447992,449870,449873,3,1878
447992,449869,449873,4,1877
447992,449870,449873,3,1878
447992,449812,449873,61,1820
447992,449870,449873,3,1878
447992,449871,449874,3,1879
447992,449872,449874,2,1880
447992,449862,449875,13,1870
447992,449871,449874,3,1879
447992,449871,449875,4,1879
447992,449871,449875,4,1879
447992,449814,449875,61,1822
447992,449818,449874,56,1826
447992,449872,449875,3,1880
447992,449872,449876,4,1880
447992,449873,449877,4,1881
447992,449872,449876,4,1880
447992,449873,449878,5,1881
447992,449873,449878,5,1881
447992,449873,449879,6,1881
447992,449824,449879,55,1832
447992,449873,449878,5,1881
447992,449872,449879,7,1880
447992,449817,449878,61,1825
447992,449873,449879,6,1881
447992,449820,449882,62,1828
447992,449821,449888,67,1829
447992,449855,449896,41,1863
447295,449036,449897,861,1741
447992,449849,449898,49,1857
447992,449853,449902,49,1861
448402,449875,449903,28,1473
447992,449854,449903,49,1862
447992,449856,449903,47,1864
447992,449851,449903,52,1859
447992,449849,449905,56,1857
448402,449904,449906,2,1502
447992,449854,449907,53,1862
448402,449906,449908,2,1504
448402,449907,449908,1,1505
448402,449907,449909,2,1505
448402,449904,449909,5,1502
448402,449908,449910,2,1506
448402,449908,449910,2,1506
447992,449861,449910,49,1869
447992,449855,449910,55,1863
448402,449909,449911,2,1507
448402,449910,449912,2,1508
448402,449910,449911,1,1508
448402,449910,449912,2,1508
448402,449875,449912,37,1473
448402,449910,449911,1,1508
448402,449910,449912,2,1508
448402,449911,449912,1,1509
448402,449912,449914,2,1510
448402,449912,449914,2,1510
448402,449880,449914,34,1478
448402,449913,449914,1,1511
448402,449912,449914,2,1510
447992,449850,449915,65,1858
448402,449912,449915,3,1510
448402,449875,449915,40,1473
448402,449913,449915,2,1511
448402,449913,449915,2,1511
448402,449914,449916,2,1512
448402,449914,449915,1,1512
448402,449914,449915,1,1512
448402,449914,449916,2,1512
448402,449875,449917,42,1473
448402,449915,449917,2,1513
448402,449915,449917,2,1513
448402,449915,449917,2,1513
448402,449915,449916,1,1513
448402,449916,449918,2,1514
448402,449916,449918,2,1514
448402,449915,449918,3,1513
448402,449916,449918,2,1514
448402,449916,449918,2,1514
448402,449916,449919,3,1514
448402,449917,449919,2,1515
448402,449917,449919,2,1515
447992,449856,449919,63,1864
448402,449917,449919,2,1515
448402,449917,449920,3,1515
448402,449917,449921,4,1515
448402,449903,449920,17,1501
448402,449875,449921,46,1473
448402,449879,449922,43,1477
448402,449875,449924,49,1473
448402,449918,449925,7,1516
448402,449875,449925,50,1473
448402,449878,449925,47,1476
448402,449879,449926,47,1477
448402,449882,449927,45,1480
448402,449902,449929,27,1500
448402,449876,449929,53,1474
448402,449877,449929,52,1475
448402,449878,449931,53,1476
448402,449918,449930,12,1516
448402,449879,449933,54,1477
448402,449898,449935,37,1496
448402,449897,449935,38,1495
448402,449879,449936,57,1477
448402,449877,449936,59,1475
448402,449879,449936,57,1477
448402,449903,449940,37,1501
448402,449888,449943,55,1486
448402,449876,449944,68,1474
448402,449896,449945,49,1494
448402,449918,449951,33,1516
448402,449925,449953,28,1523
448402,449935,449960,25,1533
448402,449918,449960,42,1516
448402,449919,449963,44,1517
448402,449918,449967,49,1516
448402,449919,449968,49,1517
448402,449919,449970,51,1517
448402,449921,449969,48,1519
448402,449919,449971,52,1517
448402,449920,449972,52,1518
448402,449925,449976,51,1523
448402,449940,449978,38,1538
448402,449926,449979,53,1524
448402,449919,449979,60,1517
448402,449921,449982,61,1519
448402,449932,449982,50,1530
448402,449936,449982,46,1534
448402,449929,449986,57,1527
448402,449922,449986,64,1520
448402,449929,449991,62,1527
448402,449931,449991,60,1529
448402,449933,449992,59,1531
448402,449935,449993,58,1533
448402,449923,449993,70,1521
448402,449924,449994,70,1522
448402,449925,449993,68,1523
448402,449927,449993,66,1525
448402,449936,449994,58,1534
448402,449929,449996,67,1527
448402,449937,449998,61,1535
448402,449945,449999,54,1543
448402,449943,450005,62,1541
448402,449953,450009,56,1551
448402,449944,450012,68,1542
448402,449960,450012,52,1558
448402,449960,450012,52,1558
448402,450012,450014,2,1610
448402,450012,450014,2,1610
448402,450014,450016,2,1612
448402,450012,450016,4,1610
448402,450014,450017,3,1612
448402,450009,450018,9,1607
448402,450017,450019,2,1615
448402,450016,450019,3,1614
448402,450016,450018,2,1614
448402,449999,450020,21,1597
448402,450018,450020,2,1616
448402,449951,450022,71,1549
448402,450019,450021,2,1617
448402,450020,450022,2,1618
448402,450019,450021,2,1617
448402,450020,450022,2,1618
448402,450019,450022,3,1617
448402,449970,450022,52,1568
448402,450022,450024,2,1620
448402,449970,450023,53,1568
448402,450022,450024,2,1620
448402,450005,450023,18,1603
448402,450022,450025,3,1620
448402,450022,450025,3,1620
448402,450022,450024,2,1620
448402,450022,450024,2,1620
448402,450022,450024,2,1620
448402,450024,450025,1,1622
448402,449968,450027,59,1566
448402,450024,450026,2,1622
448402,449973,450030,57,1571
448402,449967,450031,64,1565
448402,449963,450032,69,1561
448402,449976,450034,58,1574
448402,449971,450038,67,1569
448402,449982,450042,60,1580
448402,449986,450046,60,1584
448402,449997,450046,49,1595
448402,449978,450047,69,1576
448402,449991,450050,59,1589
448402,449979,450051,72,1577
448402,449982,450052,70,1580
448402,449995,450053,58,1593
448402,449979,450053,74,1577
448550,450024,450055,31,1474
448402,449986,450056,70,1584
448402,449983,450057,74,1581
448402,449994,450058,64,1592
448550,450024,450058,34,1474
448402,449993,450061,68,1591
448550,450059,450061,2,1509
448550,450061,450063,2,1511
448550,450061,450064,3,1511
448550,450025,450064,39,1475
448550,450058,450064,6,1508
448402,449998,450065,67,1596
448550,450063,450064,1,1513
448550,450064,450066,2,1514
448550,450027,450066,39,1477
448550,450064,450066,2,1514
448550,450064,450065,1,1514
448550,450027,450067,40,1477
448550,450065,450067,2,1515
448550,450030,450067,37,1480
448550,450065,450068,3,1515
448550,450066,450068,2,1516
448402,449992,450068,76,1590
448550,450066,450069,3,1516
448550,450067,450069,2,1517
448402,449991,450069,78,1589
448550,450066,450069,3,1516
448550,450067,450069,2,1517
448550,450066,450068,2,1516
448550,450067,450068,1,1517
448550,450068,450070,2,1518
448550,450069,450071,2,1519
448550,450068,450071,3,1518
448550,450069,450071,2,1519
448550,450069,450071,2,1519
448550,450068,450070,2,1518
448550,450069,450071,2,1519
448550,450069,450071,2,1519
448550,450025,450070,45,1475
448550,450069,450070,1,1519
448550,450070,450072,2,1520
448550,450025,450072,47,1475
448550,450069,450071,2,1519
448550,450071,450073,2,1521
448550,450071,450073,2,1521
448550,450071,450073,2,1521
448550,450071,450073,2,1521
448550,450071,450074,3,1521
448402,449994,450073,79,1592
448550,450072,450073,1,1522
448550,450072,450073,1,1522
448550,450072,450073,1,1522
448550,450072,450075,3,1522
448550,450071,450074,3,1521
448550,450057,450075,18,1507
448550,450071,450074,3,1521
448550,450072,450075,3,1522
448550,450025,450074,49,1475
448550,450027,450075,48,1477
448550,450073,450076,3,1523
448550,450025,450076,51,1475
448402,449993,450077,84,1591
448550,450055,450078,23,1505
448402,449994,450079,85,1592
448550,450073,450081,8,1523
448550,450031,450081,50,1481
447300,449158,450082,924,1858
448550,450046,450083,37,1496
448550,450056,450083,27,1506
448550,450034,450087,53,1484
448550,450051,450092,41,1501
448550,450073,450093,20,1523
448550,450074,450094,20,1524
448550,450032,450095,63,1482
448550,450043,450096,53,1493
448550,450046,450098,52,1496
448550,450038,450097,59,1488
448550,450053,450100,47,1503
448550,450075,450101,26,1525
448550,450051,450101,50,1501
448550,450053,450102,49,1503
448550,450074,450104,30,1524
448550,450074,450105,31,1524
448550,450083,450106,23,1533
448550,450075,450107,32,1525
448550,450047,450108,61,1497
448550,450052,450112,60,1502
448550,450074,450122,48,1524
448550,450074,450123,49,1524
448550,450077,450124,47,1527
448550,450078,450126,48,1528
448550,450075,450126,51,1525
448550,450081,450128,47,1531
448550,450077,450130,53,1527
448550,450087,450130,43,1537
448550,450076,450132,56,1526
448550,450082,450138,56,1532
448550,450077,450138,61,1527
448550,450075,450138,63,1525
448550,450075,450139,64,1525
448550,450079,450140,61,1529
448550,450075,450139,64,1525
448550,450092,450140,48,1542
448550,450081,450141,60,1531
448550,450083,450143,60,1533
448550,450098,450148,50,1548
448550,450076,450150,74,1526
448550,450098,450151,53,1548
448550,450096,450152,56,1546
448550,450094,450154,60,1544
448550,450095,450158,63,1545
448550,450093,450160,67,1543
448550,450101,450162,61,1551
448550,450104,450162,58,1554
448550,450100,450162,62,1550
448550,450101,450163,62,1551
448550,450162,450164,2,1612
448550,450160,450165,5,1610
448550,450162,450165,3,1612
448550,450162,450165,3,1612
448550,450163,450166,3,1613
448550,450164,450166,2,1614
448550,450165,450168,3,1615
448550,450165,450168,3,1615
448550,450165,450168,3,1615
448550,450166,450168,2,1616
448550,450166,450169,3,1616
448550,450102,450169,67,1552
448550,450168,450170,2,1618
448550,450168,450171,3,1618
448550,450168,450171,3,1618
448550,450158,450170,12,1608
448550,450168,450170,2,1618
448550,450169,450171,2,1619
448550,450169,450172,3,1619
448550,450106,450172,66,1556
448550,450170,450173,3,1620
448550,450105,450172,67,1555
448550,450125,450173,48,1575
448550,450171,450174,3,1621
448550,450171,450174,3,1621
448550,450154,450174,20,1604
448550,450171,450173,2,1621
448550,450171,450175,4,1621
448550,450172,450175,3,1622
448550,450107,450175,68,1557
448550,450126,450175,49,1576
448550,450171,450174,3,1621
448550,450172,450176,4,1622
448550,450112,450177,65,1562
448550,450148,450177,29,1598
448550,450126,450179,53,1576
448550,450123,450179,56,1573
448550,450122,450180,58,1572
448550,450152,450181,29,1602
448550,450128,450181,53,1578
448550,450108,450181,73,1558
448550,450151,450186,35,1601
448550,450130,450187,57,1580
448550,450142,450189,47,1592
448550,450133,450190,57,1583
448550,450131,450191,60,1581
448550,450141,450198,57,1591
448550,450143,450201,58,1593
448550,450138,450202,64,1588
448681,450202,450204,2,1521
448681,450204,450206,2,1523
448681,450201,450206,5,1520
448681,450206,450208,2,1525
448550,450139,450208,69,1589
448681,450206,450207,1,1525
448550,450138,450209,71,1588
448681,450208,450210,2,1527
448681,450198,450210,12,1517
448681,450209,450210,1,1528
448550,450138,450211,73,1588
448681,450208,450211,3,1527
448681,450181,450211,30,1500
448681,450210,450212,2,1529
448681,450210,450212,2,1529
448681,450210,450211,1,1529
448681,450209,450211,2,1528
448681,450211,450213,2,1530
448681,450211,450213,2,1530
448681,450212,450214,2,1531
448681,450181,450213,32,1500
448681,450174,450214,40,1493
448550,450151,450214,63,1601
448681,450191,450213,22,1510
448681,450212,450213,1,1531
448681,450211,450213,2,1530
448681,450213,450215,2,1532
448681,450174,450216,42,1493
448681,450213,450216,3,1532
448681,450175,450215,40,1494
448681,450214,450216,2,1533
448681,450213,450216,3,1532
448681,450213,450215,2,1532
448681,450173,450217,44,1492
448681,450215,450216,1,1534
448681,450215,450216,1,1534
448681,450214,450217,3,1533
448681,450215,450217,2,1534
448681,450215,450217,2,1534
448681,450215,450216,1,1534
448681,450179,450218,39,1498
448681,450216,450218,2,1535
448681,450175,450217,42,1494
448681,450214,450217,3,1533
448681,450216,450217,1,1535
448681,450216,450217,1,1535
448681,450216,450217,1,1535
448681,450216,450219,3,1535
448681,450216,450219,3,1535
448681,450217,450218,1,1536
448681,450217,450218,1,1536
448681,450217,450219,2,1536
448681,450217,450220,3,1536
448681,450181,450219,38,1500
448681,450217,450220,3,1536
448681,450190,450220,30,1509
448681,450180,450221,41,1499
448550,450140,450221,81,1590
448550,450140,450221,81,1590
448681,450217,450220,3,1536
448681,450186,450220,34,1505
448681,450217,450220,3,1536
448681,450173,450223,50,1492
448681,450187,450223,36,1506
448681,450218,450224,6,1537
448681,450173,450224,51,1492
448681,450175,450226,51,1494
448681,450180,450227,47,1499
448681,450177,450228,51,1496
448681,450189,450230,41,1508
448681,450177,450230,53,1496
448681,450174,450230,56,1493
448681,450178,450231,53,1497
448681,450218,450230,12,1537
448681,450175,450233,58,1494
448681,450175,450237,62,1494
448681,450175,450240,65,1494
448681,450218,450249,31,1537
448681,450218,450258,40,1537
448681,450218,450260,42,1537
448681,450219,450263,44,1538
448681,450223,450263,40,1542
448681,450219,450265,46,1538
448681,450220,450267,47,1539
448681,450219,450267,48,1538
448681,450221,450269,48,1540
448681,450221,450270,49,1540
448681,450219,450270,51,1538
448681,450221,450273,52,1540
448681,450219,450273,54,1538
448681,450224,450273,49,1543
448681,450222,450274,52,1541
448681,450225,450276,51,1544
448681,450221,450279,58,1540
448681,450219,450279,60,1538
448681,450220,450280,60,1539
448681,450219,450281,62,1538
448681,450226,450281,55,1545
448681,450221,450282,61,1540
448681,450222,450282,60,1541
448681,450280,450283,3,1599
448681,450280,450283,3,1599
448681,450279,450283,4,1598
448681,450281,450284,3,1600
448681,450223,450284,61,1542
448681,450220,450284,64,1539
448681,450282,450285,3,1601
448681,450282,450285,3,1601
448681,450281,450284,3,1600
448681,450228,450286,58,1547
448681,450283,450285,2,1602
448681,450283,450286,3,1602
448681,450283,450286,3,1602
448681,450284,450287,3,1603
448681,450230,450287,57,1549
448681,450284,450287,3,1603
448681,450285,450287,2,1604
448681,450284,450288,4,1603
448681,450285,450288,3,1604
448681,450285,450288,3,1604
448681,450286,450289,3,1605
448681,450286,450289,3,1605
448681,450286,450289,3,1605
448681,450286,450289,3,1605
448681,450260,450290,30,1579
448681,450287,450291,4,1606
448681,450287,450291,4,1606
448681,450287,450291,4,1606
448681,450263,450291,28,1582
448681,450287,450290,3,1606
448681,450276,450291,15,1595
448681,450230,450291,61,1549
448681,450288,450291,3,1607
448681,450288,450293,5,1607
448681,450227,450292,65,1546
448681,450289,450293,4,1608
448681,450289,450293,4,1608
448681,450289,450293,4,1608
448681,450231,450294,63,1550
448681,450291,450294,3,1610
448681,450288,450293,5,1607
448681,450290,450294,4,1609
448681,450230,450295,65,1549
448681,450231,450294,63,1550
448681,450291,450295,4,1610
448681,450290,450296,6,1609
448681,450237,450296,59,1556
448681,450291,450297,6,1610
448681,450292,450298,6,1611
448681,450291,450298,7,1610
448681,450291,450297,6,1610
448681,450233,450299,66,1552
448681,450250,450303,53,1569
448681,450240,450309,69,1559
448681,450270,450309,39,1589
448681,450268,450310,42,1587
448681,450264,450317,53,1583
448681,450265,450318,53,1584
448681,450267,450319,52,1586
448681,450258,450321,63,1577
448705,450319,450322,3,1614
448705,450321,450324,3,1616
448681,450273,450324,51,1592
448705,450323,450325,2,1618
448705,450324,450326,2,1619
448705,450324,450326,2,1619
448681,450273,450326,53,1592
448705,450325,450327,2,1620
448681,450269,450327,58,1588
448705,450327,450328,1,1622
448705,450326,450327,1,1621
448681,450273,450328,55,1592
448705,450327,450329,2,1622
448681,450270,450329,59,1589
448705,450326,450329,3,1621
448705,450327,450329,2,1622
448705,450328,450330,2,1623
448681,450274,450330,56,1593
448705,450329,450331,2,1624
448705,450318,450331,13,1613
448705,450329,450330,1,1624
448705,450329,450330,1,1624
448705,450329,450331,2,1624
448705,450328,450330,2,1623
448705,450329,450330,1,1624
448705,450330,450332,2,1625
448705,450331,450333,2,1626
448705,450331,450333,2,1626
448705,450330,450333,3,1625
448705,450331,450333,2,1626
448705,450332,450334,2,1627
448705,450331,450333,2,1626
448705,450331,450333,2,1626
448705,450331,450334,3,1626
448705,450331,450333,2,1626
447726,449465,450335,870,1739
448705,450333,450334,1,1628
448705,450333,450335,2,1628
448705,450333,450334,1,1628
448705,450333,450335,2,1628
448705,450334,450335,1,1629
448705,450334,450336,2,1629
448705,450334,450335,1,1629
448705,450334,450337,3,1629
448705,450294,450336,42,1589
448705,450335,450337,2,1630
448705,450335,450336,1,1630
448705,450334,450336,2,1629
448705,450335,450337,2,1630
448705,450310,450337,27,1605
448705,450335,450338,3,1630
448705,450297,450340,43,1592
448705,450292,450340,48,1587
448705,450303,450342,39,1598
448705,450317,450342,25,1612
448705,450336,450342,6,1631
448705,450293,450344,51,1588
448705,450294,450345,51,1589
448705,450298,450345,47,1593
448705,450296,450345,49,1591
448705,450294,450346,52,1589
448705,450292,450346,54,1587
448705,450293,450347,54,1588
448705,450293,450348,55,1588
448705,450293,450348,55,1588
448705,450298,450348,50,1593
448705,450309,450349,40,1604
448705,450294,450350,56,1589
448705,450336,450351,15,1631
448705,450309,450351,42,1604
448705,450293,450352,59,1588
448705,450295,450352,57,1590
448705,450295,450352,57,1590
448705,450295,450357,62,1590
448705,450296,450359,63,1591
448705,450299,450360,61,1594
448705,450299,450361,62,1594
448705,450336,450366,30,1631
448705,450336,450371,35,1631
448705,450338,450378,40,1633
448705,450337,450379,42,1632
448705,450337,450380,43,1632
448705,450345,450380,35,1640
448705,450337,450384,47,1632
448705,450337,450385,48,1632
448705,450337,450387,50,1632
448705,450342,450388,46,1637
448705,450338,450389,51,1633
448705,450340,450391,51,1635
448705,450345,450392,47,1640
448705,450337,450395,58,1632
448705,450342,450398,56,1637
447461,449269,450398,1129,1808
448705,450348,450400,52,1643
448705,450342,450401,59,1637
448705,450340,450405,65,1635
448705,450351,450406,55,1646
448705,450351,450408,57,1646
448705,450345,450410,65,1640
448705,450346,450410,64,1641
448705,450347,450410,63,1642
448705,450349,450412,63,1644
448705,450348,450413,65,1643
448705,450344,450413,69,1639
448705,450346,450415,69,1641
448705,450361,450417,56,1656
448705,450413,450417,4,1708
448705,450415,450418,3,1710
448705,450349,450418,69,1644
448705,450352,450419,67,1647
448705,450413,450420,7,1708
448705,450417,450420,3,1712
448705,450357,450419,62,1652
448705,450417,450420,3,1712
448705,450350,450421,71,1645
448705,450352,450421,69,1647
448705,450418,450421,3,1713
448705,450419,450422,3,1714
448705,450352,450421,69,1647
448705,450418,450421,3,1713
448705,450420,450423,3,1715
448705,450420,450423,3,1715
448705,450420,450423,3,1715
448705,450367,450423,56,1662
448705,450420,450423,3,1715
448705,450421,450423,2,1716
448705,450421,450424,3,1716
448705,450422,450425,3,1717
448705,450360,450425,65,1655
448705,450423,450425,2,1718
448705,450422,450425,3,1717
448705,450422,450426,4,1717
448705,450371,450426,55,1666
448705,450423,450426,3,1718
448705,450422,450425,3,1717
448705,450423,450426,3,1718
448705,450424,450426,2,1719
448705,450378,450425,47,1673
448705,450423,450426,3,1718
448705,450423,450427,4,1718
448705,450424,450427,3,1719
448705,450425,450428,3,1720
448705,450425,450428,3,1720
448705,450425,450428,3,1720
448705,450425,450432,7,1720
448705,450359,450433,74,1654
448705,450379,450436,57,1674
448705,450385,450436,51,1680
448705,450384,450437,53,1679
448705,450412,450439,27,1707
448705,450380,450440,60,1675
448705,450391,450445,54,1686
448705,450388,450446,58,1683
448705,450389,450447,58,1684
448705,450387,450447,60,1682
448705,450380,450448,68,1675
448705,450402,450450,48,1697
448705,450392,450452,60,1687
448705,450395,450455,60,1690
448817,450452,450459,7,1635
448817,450455,450459,4,1638
448705,450398,450461,63,1693
448817,450459,450461,2,1642
448817,450459,450461,2,1642
448817,450461,450463,2,1644
448817,450461,450462,1,1644
448705,450398,450464,66,1693
448817,450462,450464,2,1645
448705,450410,450465,55,1705
448817,450463,450464,1,1646
448817,450464,450465,1,1647
448817,450464,450467,3,1647
448817,450465,450467,2,1648
448817,450465,450467,2,1648
448817,450465,450466,1,1648
448817,450427,450468,41,1610
448817,450426,450468,42,1609
448817,450466,450468,2,1649
448817,450467,450469,2,1650
448817,450467,450469,2,1650
448817,450467,450469,2,1650
448817,450467,450469,2,1650
448817,450468,450470,2,1651
448817,450468,450470,2,1651
448705,450406,450469,63,1701
448817,450468,450469,1,1651
448817,450469,450471,2,1652
448817,450469,450471,2,1652
448817,450429,450471,42,1612
448817,450469,450471,2,1652
448817,450432,450472,40,1615
448817,450428,450472,44,1611
448817,450470,450472,2,1653
448817,450470,450471,1,1653
448817,450471,450472,1,1654
448817,450470,450471,1,1653
448817,450471,450472,1,1654
448817,450470,450473,3,1653
448817,450470,450472,2,1653
448705,450410,450473,63,1705
448817,450471,450473,2,1654
448817,450472,450473,1,1655
448705,450400,450473,73,1695
448817,450427,450474,47,1610
448817,450426,450473,47,1609
448817,450472,450474,2,1655
448817,450472,450474,2,1655
448817,450472,450474,2,1655
448817,450472,450474,2,1655
448817,450427,450473,46,1610
448817,450440,450474,34,1623
448817,450472,450475,3,1655
448705,450408,450475,67,1703
448817,450472,450474,2,1655
448817,450472,450474,2,1655
448817,450473,450475,2,1656
448817,450473,450475,2,1656
448817,450473,450477,4,1656
448817,450426,450477,51,1609
448817,450437,450477,40,1620
448705,450405,450478,73,1700
448817,450427,450479,52,1610
448817,450426,450479,53,1609
448817,450433,450480,47,1616
448817,450427,450481,54,1610
448817,450450,450481,31,1633
448817,450438,450483,45,1621
448817,450436,450483,47,1619
448817,450426,450485,59,1609
448817,450473,450485,12,1656
448817,450447,450486,39,1630
448817,450429,450486,57,1612
448817,450439,450486,47,1622
448705,450410,450486,76,1705
448817,450446,450491,45,1629
448817,450448,450491,43,1631
448817,450445,450492,47,1628
448817,450447,450496,49,1630
448817,450478,450498,20,1661
448817,450474,450499,25,1657
448817,450485,450505,20,1668
448817,450474,450505,31,1657
448817,450477,450507,30,1660
448817,450491,450514,23,1674
448817,450492,450516,24,1675
448817,450474,450515,41,1657
448817,450474,450516,42,1657
448817,450474,450516,42,1657
448817,450474,450519,45,1657
448817,450477,450521,44,1660
448817,450475,450523,48,1658
448817,450486,450524,38,1669
448817,450475,450526,51,1658
448817,450476,450527,51,1659
448817,450474,450527,53,1657
448817,450474,450528,54,1657
448817,450481,450528,47,1664
448817,450479,450529,50,1662
448817,450527,450529,2,1710
448817,450527,450529,2,1710
448817,450483,450529,46,1666
448817,450475,450529,54,1658
448817,450485,450529,44,1668
448817,450526,450530,4,1709
448817,450475,450530,55,1658
448817,450529,450531,2,1712
448817,450528,450531,3,1711
448817,450529,450531,2,1712
448817,450498,450531,33,1681
448817,450528,450531,3,1711
448817,450529,450531,2,1712
448817,450477,450532,55,1660
448817,450529,450532,3,1712
448817,450530,450532,2,1713
448817,450529,450532,3,1712
448817,450474,450532,58,1657
448817,450474,450531,57,1657
448817,450531,450533,2,1714
448817,450476,450532,56,1659
448817,450531,450533,2,1714
448817,450530,450533,3,1713
448817,450531,450533,2,1714
448817,450529,450532,3,1712
448817,450531,450534,3,1714
448817,450531,450534,3,1714
448817,450483,450535,52,1666
448817,450531,450534,3,1714
448817,450532,450535,3,1715
448817,450532,450535,3,1715
448817,450532,450535,3,1715
448817,450532,450536,4,1715
448817,450532,450535,3,1715
448817,450523,450535,12,1706
448817,450533,450536,3,1716
448817,450479,450537,58,1662
448817,450533,450537,4,1716
448817,450533,450537,4,1716
448817,450532,450536,4,1715
448817,450524,450536,12,1707
448817,450514,450536,22,1697
448817,450533,450538,5,1716
448817,450516,450538,22,1699
448817,450533,450537,4,1716
448817,450491,450537,46,1674
448817,450487,450539,52,1670
448817,450535,450538,3,1718
448817,450534,450538,4,1717
448817,450535,450539,4,1718
448817,450534,450540,6,1717
448817,450534,450540,6,1717
448817,450535,450541,6,1718
448817,450535,450541,6,1718
448817,450535,450542,7,1718
448817,450505,450543,38,1688
448817,450480,450543,63,1663
448817,450481,450544,63,1664
448817,450496,450544,48,1679
448817,450536,450546,10,1719
448817,450487,450548,61,1670
448817,450516,450550,34,1699
448817,450487,450550,63,1670
448817,450499,450552,53,1682
448861,450550,450553,3,1689
448861,450550,450553,3,1689
448861,450552,450554,2,1691
448861,450549,450554,5,1688
448861,450554,450556,2,1693
448817,450516,450556,40,1699
448861,450553,450556,3,1692
448861,450554,450556,2,1693
448861,450553,450555,2,1692
448861,450556,450557,1,1695
448861,450556,450557,1,1695
448861,450556,450559,3,1695
448861,450556,450559,3,1695
448861,450556,450559,3,1695
448861,450546,450560,14,1685
448861,450558,450560,2,1697
448861,450558,450560,2,1697
448817,450519,450561,42,1702
448861,450559,450561,2,1698
448861,450560,450562,2,1699
448861,450560,450562,2,1699
448861,450559,450562,3,1698
448861,450560,450562,2,1699
448861,450559,450561,2,1698
448861,450561,450564,3,1700
448861,450562,450564,2,1701
448861,450561,450564,3,1700
448861,450562,450563,1,1701
448861,450562,450565,3,1701
448861,450562,450565,3,1701
448861,450563,450565,2,1702
448861,450565,450566,1,1704
448861,450564,450565,1,1703
448861,450564,450566,2,1703
448817,450521,450567,46,1704
448861,450564,450566,2,1703
448861,450545,450567,22,1684
448861,450565,450567,2,1704
448861,450565,450568,3,1704
448861,450566,450568,2,1705
448861,450566,450569,3,1705
448817,450505,450569,64,1688
448861,450566,450568,2,1705
448817,450516,450570,54,1699
448861,450566,450569,3,1705
448861,450567,450569,2,1706
448861,450567,450569,2,1706
448861,450567,450570,3,1706
448817,450507,450572,65,1690
448861,450567,450573,6,1706
448861,450539,450574,35,1678
448861,450537,450576,39,1676
448861,450537,450577,40,1676
448861,450542,450579,37,1681
448861,450544,450580,36,1683
448861,450536,450580,44,1675
448861,450540,450581,41,1679
448861,450543,450581,38,1682
448861,450537,450583,46,1676
448861,450537,450583,46,1676
448861,450538,450583,45,1677
448861,450537,450584,47,1676
448861,450568,450584,16,1707
448861,450543,450585,42,1682
448861,450539,450585,46,1678
448861,450568,450590,22,1707
448861,450537,450590,53,1676
448861,450539,450590,51,1678
448861,450541,450595,54,1680
448861,450539,450596,57,1678
448861,450537,450596,59,1676
448861,450538,450598,60,1677
448861,450539,450598,59,1678
448861,450536,450598,62,1675
448861,450570,450600,30,1709
448861,450540,450601,61,1679
448861,450569,450603,34,1708
448861,450541,450603,62,1680
448861,450538,450607,69,1677
448861,450569,450611,42,1708
448861,450572,450613,41,1711
448861,450570,450613,43,1709
448861,450569,450616,47,1708
448861,450570,450616,46,1709
448861,450570,450620,50,1709
448861,450571,450628,57,1710
448861,450576,450630,54,1715
448861,450580,450631,51,1719
448861,450574,450633,59,1713
448861,450578,450633,55,1717
448861,450581,450633,52,1720
448861,450580,450635,55,1719
448861,450583,450636,53,1722
448861,450585,450638,53,1724
448861,450579,450638,59,1718
448861,450584,450638,54,1723
448861,450590,450639,49,1729
448861,450583,450639,56,1722
448861,450573,450640,67,1712
448861,450584,450639,55,1723
448861,450585,450641,56,1724
448861,450640,450643,3,1779
448861,450641,450644,3,1780
448861,450640,450644,4,1779
448861,450643,450645,2,1782
448861,450600,450646,46,1739
448861,450644,450646,2,1783
448861,450645,450647,2,1784
448861,450644,450647,3,1783
448861,450646,450648,2,1785
448861,450647,450649,2,1786
448861,450646,450649,3,1785
448861,450647,450649,2,1786
448861,450581,450650,69,1720
448861,450649,450651,2,1788
448861,450649,450651,2,1788
448861,450590,450652,62,1729
448861,450585,450652,67,1724
448861,450649,450652,3,1788
448861,450651,450653,2,1790
448861,450651,450653,2,1790
448861,450649,450652,3,1788
448861,450640,450654,14,1779
448861,450650,450653,3,1789
448861,450653,450655,2,1792
448861,450652,450655,3,1791
448861,450652,450655,3,1791
448861,450653,450656,3,1792
448861,450639,450656,17,1778
448861,450652,450655,3,1791
448861,450653,450657,4,1792
448861,450654,450657,3,1793
448861,450611,450658,47,1750
448861,450656,450658,2,1795
448861,450655,450658,3,1794
448861,450656,450659,3,1795
448861,450655,450658,3,1794
448861,450616,450660,44,1755
448861,450655,450660,5,1794
448861,450639,450660,21,1778
448861,450656,450661,5,1795
448861,450596,450660,64,1735
448861,450595,450662,67,1734
448861,450590,450663,73,1729
448861,450599,450665,66,1738
448861,450597,450665,68,1736
448861,450601,450666,65,1740
448861,450603,450667,64,1742
448861,450598,450668,70,1737
448861,450598,450669,71,1737
448861,450603,450670,67,1742
448861,450607,450673,66,1746
448861,450613,450676,63,1752
448861,450616,450679,63,1755
448861,450613,450679,66,1752
448861,450638,450686,48,1777
448861,450620,450686,66,1759
448861,450633,450689,56,1772
448861,450635,450690,55,1774
448964,450656,450690,34,1692
448861,450630,450690,60,1769
448964,450690,450691,1,1726
448964,450689,450691,2,1725
448964,450690,450692,2,1726
448964,450691,450693,2,1727
448964,450692,450693,1,1728
448861,450628,450693,65,1767
448964,450686,450694,8,1722
448964,450691,450693,2,1727
448861,450638,450695,57,1777
448964,450692,450695,3,1728
448964,450693,450695,2,1729
448861,450636,450695,59,1775
448964,450658,450695,37,1694
448964,450693,450695,2,1729
448964,450693,450695,2,1729
448964,450694,450697,3,1730
448964,450695,450697,2,1731
448964,450695,450697,2,1731
448964,450694,450696,2,1730
448964,450695,450696,1,1731
448964,450695,450697,2,1731
448861,450631,450697,66,1770
448964,450695,450696,1,1731
448964,450696,450698,2,1732
448964,450695,450698,3,1731
448964,450660,450697,37,1696
448964,450697,450699,2,1733
448964,450697,450699,2,1733
448861,450634,450698,64,1773
448861,450633,450700,67,1772
448964,450697,450699,2,1733
448964,450697,450699,2,1733
448964,450698,450700,2,1734
448964,450697,450699,2,1733
448964,450697,450700,3,1733
448964,450697,450700,3,1733
448964,450698,450700,2,1734
448964,450698,450699,1,1734
448964,450699,450701,2,1735
448964,450699,450701,2,1735
448964,450699,450700,1,1735
448964,450700,450701,1,1736
448964,450700,450701,1,1736
448964,450700,450702,2,1736
448964,450699,450702,3,1735
448964,450700,450701,1,1736
448964,450700,450701,1,1736
448964,450686,450702,16,1722
448964,450700,450703,3,1736
448964,450700,450703,3,1736
448964,450700,450704,4,1736
448964,450700,450707,7,1736
448964,450658,450707,49,1694
448964,450676,450707,31,1712
448964,450679,450709,30,1715
448964,450663,450709,46,1699
448964,450660,450710,50,1696
448964,450679,450710,31,1715
448964,450661,450711,50,1697
448964,450661,450712,51,1697
448964,450673,450713,40,1709
448964,450657,450714,57,1693
448964,450701,450714,13,1737
448964,450657,450713,56,1693
448964,450670,450715,45,1706
448964,450659,450715,56,1695
448964,450668,450714,46,1704
448964,450701,450717,16,1737
448964,450665,450719,54,1701
448964,450658,450719,61,1694
448964,450659,450719,60,1695
448964,450669,450720,51,1705
448964,450662,450721,59,1698
448964,450662,450721,59,1698
448964,450666,450724,58,1702
448964,450665,450725,60,1701
448964,450667,450725,58,1703
448964,450702,450734,32,1738
447993,449874,450737,863,1881
448964,450708,450738,30,1744
448964,450701,450739,38,1737
448964,450702,450745,43,1738
448964,450702,450747,45,1738
448964,450702,450752,50,1738
448964,450707,450752,45,1743
448964,450702,450754,52,1738
447851,449644,450756,1112,1793
448964,450709,450756,47,1745
448964,450713,450761,48,1749
448964,450702,450762,60,1738
448964,450705,450763,58,1741
448964,450711,450763,52,1747
448964,450707,450762,55,1743
448964,450709,450764,55,1745
448964,450722,450766,44,1758
448964,450702,450766,64,1738
448964,450703,450767,64,1739
448964,450714,450767,53,1750
448964,450717,450769,52,1753
448964,450767,450770,3,1803
448964,450713,450770,57,1749
448964,450766,450770,4,1802
448964,450767,450770,3,1803
448964,450769,450771,2,1805
448964,450703,450770,67,1739
448964,450770,450772,2,1806
448964,450770,450771,1,1806
448964,450770,450773,3,1806
448964,450770,450773,3,1806
448964,450771,450772,1,1807
448964,450771,450774,3,1807
448964,450772,450774,2,1808
448964,450766,450774,8,1802
448964,450710,450774,64,1746
448964,450715,450775,60,1751
448964,450773,450776,3,1809
448964,450774,450776,2,1810
448964,450772,450775,3,1808
448964,450774,450776,2,1810
448964,450764,450777,13,1800
448964,450773,450776,3,1809
448964,450774,450777,3,1810
448964,450775,450778,3,1811
448964,450719,450778,59,1755
448964,450775,450777,2,1811
448964,450710,450779,69,1746
448964,450775,450778,3,1811
448964,450776,450779,3,1812
448964,450776,450779,3,1812
448964,450714,450778,64,1750
448964,450776,450779,3,1812
448964,450777,450780,3,1813
448964,450776,450780,4,1812
448964,450715,450781,66,1751
448964,450714,450781,67,1750
448964,450777,450780,3,1813
448964,450778,450781,3,1814
448964,450777,450781,4,1813
448964,450778,450782,4,1814
448964,450778,450781,3,1814
448964,450779,450783,4,1815
448964,450715,450784,69,1751
448964,450779,450785,6,1815
448964,450779,450785,6,1815
448964,450719,450784,65,1755
448964,450719,450784,65,1755
448964,450756,450787,31,1792
448964,450720,450787,67,1756
448964,450721,450787,66,1757
448964,450725,450790,65,1761
448964,450725,450791,66,1761
448964,450734,450793,59,1770
449421,450779,450793,14,1358
448964,450738,450793,55,1774
449421,450779,450795,16,1358
448964,450724,450797,73,1760
448964,450737,450797,60,1773
448964,450763,450797,34,1799
449421,450779,450798,19,1358
449421,450797,450799,2,1376
448964,450763,450799,36,1799
449421,450797,450800,3,1376
449421,450798,450800,2,1377
448964,450739,450801,62,1775
449421,450799,450800,1,1378
448964,450752,450801,49,1788
449421,450800,450802,2,1379
449421,450793,450802,9,1372
449421,450799,450801,2,1378
449421,450801,450803,2,1380
449421,450785,450803,18,1364
449421,450800,450803,3,1379
448964,450745,450803,58,1781
448964,450747,450804,57,1783
449421,450783,450804,21,1362
449421,450794,450803,9,1373
449421,450801,450803,2,1380
449421,450802,450803,1,1381
449421,450802,450803,1,1381
449421,450802,450803,1,1381
449421,450802,450804,2,1381
449421,450803,450805,2,1382
449421,450780,450804,24,1359
449421,450803,450805,2,1382
449421,450781,450805,24,1360
449421,450780,450806,26,1359
449421,450804,450805,1,1383
449421,450803,450805,2,1382
449421,450803,450805,2,1382
449421,450782,450807,25,1361
449421,450781,450807,26,1360
449421,450804,450807,3,1383
449421,450805,450806,1,1384
449421,450805,450806,1,1384
449421,450805,450806,1,1384
449421,450805,450806,1,1384
449421,450805,450806,1,1384
449421,450805,450806,1,1384
449421,450805,450806,1,1384
449421,450805,450806,1,1384
449421,450805,450806,1,1384
449421,450805,450808,3,1384
449421,450806,450809,3,1385
448964,450753,450809,56,1789
449421,450807,450809,2,1386
449421,450806,450808,2,1385
449421,450807,450809,2,1386
449421,450806,450808,2,1385
449421,450807,450809,2,1386
449421,450807,450809,2,1386
449421,450784,450810,26,1363
449421,450806,450809,3,1385
449421,450807,450811,4,1386
449421,450781,450810,29,1360
449421,450797,450810,13,1376
449421,450807,450810,3,1386
448964,450762,450812,50,1798
449421,450791,450813,22,1370
449421,450782,450814,32,1361
448964,450754,450814,60,1790
449421,450787,450818,31,1366
449421,450787,450819,32,1366
449421,450807,450821,14,1386
448964,450761,450822,61,1797
449421,450781,450822,41,1360
449421,450795,450823,28,1374
449421,450782,450823,41,1361
448964,450757,450823,66,1793
449421,450785,450824,39,1364
449421,450793,450826,33,1372
449421,450785,450827,42,1364
448964,450763,450828,65,1799
449421,450788,450831,43,1367
449421,450786,450836,50,1365
449421,450790,450846,56,1369
449421,450807,450847,40,1386
449421,450807,450849,42,1386
449421,450809,450853,44,1388
449421,450815,450857,42,1394
449421,450807,450859,52,1386
449421,450811,450861,50,1390
449421,450808,450862,54,1387
449421,450808,450863,55,1387
449421,450809,450863,54,1388
449421,450809,450865,56,1388
449421,450811,450866,55,1390
449421,450809,450866,57,1388
449421,450809,450866,57,1388
449421,450812,450868,56,1391
449421,450811,450869,58,1390
449421,450809,450870,61,1388
449421,450811,450870,59,1390
449421,450810,450871,61,1389
449421,450818,450874,56,1397
449421,450809,450874,65,1388
449421,450810,450875,65,1389
449421,450822,450876,54,1401
449421,450809,450878,69,1388
449421,450827,450878,51,1406
449421,450821,450879,58,1400
449421,450808,450879,71,1387
449421,450814,450879,65,1393
449421,450823,450880,57,1402
449421,450813,450883,70,1392
449421,450823,450883,60,1402
449421,450826,450885,59,1405
449421,450836,450887,51,1415
449421,450822,450891,69,1401
449421,450820,450891,71,1399
449421,450828,450892,64,1407
449421,450823,450893,70,1402
449421,450824,450895,71,1403
449421,450831,450895,64,1410
449421,450847,450896,49,1426
449421,450846,450900,54,1425
449421,450849,450904,55,1428
449421,450874,450905,31,1453
449421,450871,450908,37,1450
449421,450870,450909,39,1449
449421,450869,450908,39,1448
449421,450860,450915,55,1439
449421,450857,450916,59,1436
449421,450861,450916,55,1440
449421,450866,450918,52,1445
449421,450864,450919,55,1443
449421,450869,450919,50,1448
449421,450866,450921,55,1445
449421,450862,450920,58,1441
447879,449756,450921,1165,1877
449421,450892,450922,30,1471
449421,450887,450923,36,1466
449421,450874,450923,49,1453
449421,450864,450926,62,1443
449421,450853,450928,75,1432
449421,450876,450929,53,1455
449421,450885,450929,44,1464
449421,450879,450931,52,1458
449421,450895,450931,36,1474
449421,450905,450932,27,1484
449421,450891,450933,42,1470
449421,450866,450932,66,1445
449421,450880,450937,57,1459
449421,450870,450937,67,1449
449421,450865,450939,74,1444
449421,450878,450938,60,1457
449421,450916,450939,23,1495
449443,450923,450944,21,1480
449421,450875,450946,71,1454
449421,450878,450948,70,1457
449421,450879,450947,68,1458
449421,450880,450951,71,1459
449421,450891,450951,60,1470
449421,450893,450952,59,1472
449421,450896,450954,58,1475
449421,450909,450955,46,1488
449421,450908,450955,47,1487
449443,450922,450955,33,1479
449421,450917,450956,39,1496
449421,450904,450957,53,1483
449443,450956,450958,2,1513
449443,450928,450959,31,1485
449443,450956,450959,3,1513
449421,450883,450959,76,1462
449421,450915,450959,44,1494
449443,450957,450958,1,1514
449421,450883,450959,76,1462
449443,450958,450959,1,1515
449443,450921,450959,38,1478
449443,450959,450961,2,1516
449443,450929,450961,32,1486
449443,450923,450961,38,1480
449443,450959,450960,1,1516
449443,450959,450961,2,1516
449443,450929,450961,32,1486
449443,450959,450961,2,1516
449443,450959,450961,2,1516
449443,450955,450961,6,1512
449443,450959,450961,2,1516
449443,450961,450963,2,1518
449443,450961,450963,2,1518
449443,450961,450963,2,1518
449443,450939,450962,23,1496
449443,450961,450962,1,1518
449443,450961,450963,2,1518
449443,450960,450962,2,1517
449443,450961,450962,1,1518
449443,450961,450964,3,1518
449443,450961,450964,3,1518
449443,450962,450963,1,1519
449443,450963,450965,2,1520
449443,450962,450965,3,1519
449443,450963,450965,2,1520
449421,450921,450964,43,1500
449443,450964,450965,1,1521
449443,450964,450965,1,1521
449443,450963,450964,1,1520
449443,450962,450965,3,1519
449443,450963,450966,3,1520
449443,450963,450966,3,1520
449443,450964,450966,2,1521
449421,450900,450965,65,1479
449443,450963,450965,2,1520
449443,450964,450966,2,1521
449443,450964,450966,2,1521
449443,450965,450967,2,1522
449443,450926,450967,41,1483
449443,450965,450966,1,1522
449443,450965,450967,2,1522
449421,450895,450966,71,1474
449443,450965,450968,3,1522
449443,450932,450967,35,1489
449443,450965,450968,3,1522
449443,450955,450970,15,1512
449443,450965,450969,4,1522
449421,450921,450971,50,1500
449421,450919,450971,52,1498
449421,450909,450972,63,1488
449443,450931,450973,42,1488
449443,450937,450976,39,1494
449443,450966,450977,11,1523
449421,450918,450979,61,1497
449443,450931,450980,49,1488
449443,450939,450980,41,1496
449443,450939,450981,42,1496
449443,450933,450983,50,1490
449421,450919,450985,66,1498
449443,450944,450985,41,1501
449443,450948,450985,37,1505
449443,450954,450987,33,1511
449443,450937,450990,53,1494
449443,450946,450993,47,1503
449443,450933,450995,62,1490
449443,450966,450999,33,1523
449443,450966,451004,38,1523
449443,450951,451005,54,1508
449443,450952,451005,53,1509
449443,450948,451008,60,1505
449443,450951,451009,58,1508
449443,450966,451012,46,1523
449443,450967,451017,50,1524
449443,450967,451019,52,1524
449443,450966,451020,54,1523
449443,450967,451022,55,1524
449443,450971,451022,51,1528
449443,450967,451023,56,1524
449443,450968,451026,58,1525
449443,450968,451026,58,1525
449443,450973,451027,54,1530
449443,450969,451029,60,1526
449443,450976,451030,54,1533
449443,450977,451031,54,1534
449443,450971,451033,62,1528
449443,450968,451033,65,1525
449443,450966,451033,67,1523
449443,450966,451034,68,1523
449443,450972,451035,63,1529
449443,450981,451034,53,1538
449443,450966,451036,70,1523
449443,450970,451037,67,1527
449443,450987,451039,52,1544
449443,450972,451039,67,1529
449443,450968,451040,72,1525
449443,450980,451040,60,1537
449443,450979,451041,62,1536
449443,450983,451044,61,1540
449443,450990,451045,55,1547
449443,450980,451048,68,1537
449443,450985,451051,66,1542
449443,450985,451052,67,1542
449443,451012,451060,48,1569
449443,450986,451060,74,1543
449443,451041,451062,21,1598
449443,450993,451063,70,1550
449443,450995,451065,70,1552
449443,451017,451067,50,1574
449443,451060,451068,8,1617
449443,451004,451068,64,1561
449443,451062,451069,7,1619
449443,451005,451070,65,1562
449443,451008,451071,63,1565
449443,451069,451071,2,1626
449443,450999,451072,73,1556
449443,451052,451073,21,1609
449443,451005,451072,67,1562
449443,451068,451073,5,1625
449443,451022,451074,52,1579
449443,451071,451074,3,1628
449443,451070,451074,4,1627
449443,451073,451075,2,1630
449443,451072,451075,3,1629
449443,451074,451076,2,1631
449443,451071,451076,5,1628
449443,451019,451075,56,1576
449443,451068,451076,8,1625
449443,451074,451076,2,1631
449443,451067,451077,10,1624
449443,451074,451076,2,1631
449443,451073,451076,3,1630
449443,451073,451076,3,1630
449443,451063,451077,14,1620
449443,451048,451077,29,1605
449443,451065,451078,13,1622
449443,451027,451080,53,1584
449443,451009,451082,73,1566
449443,451040,451082,42,1597
449443,451022,451082,60,1579
449443,451020,451083,63,1577
449443,451030,451083,53,1587
449443,451060,451085,25,1617
449443,451051,451086,35,1608
449443,451026,451087,61,1583
449443,451045,451087,42,1602
449443,451024,451089,65,1581
449443,451029,451088,59,1586
449443,451031,451091,60,1588
449443,451033,451091,58,1590
449443,451035,451096,61,1592
449443,451033,451096,63,1590
449443,451035,451097,62,1592
449443,451039,451097,58,1596
449443,451026,451098,72,1583
449454,451096,451099,3,1642
449454,451096,451099,3,1642
449454,451097,451098,1,1643
449454,451097,451098,1,1643
449454,451091,451099,8,1637
449443,451036,451101,65,1593
449454,451099,451101,2,1645
449454,451098,451101,3,1644
449454,451099,451101,2,1645
449454,451099,451101,2,1645
449454,451099,451100,1,1645
449454,451100,451102,2,1646
449443,451034,451103,69,1591
449454,451101,451103,2,1647
449454,451101,451103,2,1647
449454,451101,451103,2,1647
449454,451101,451102,1,1647
449454,451101,451104,3,1647
449443,451037,451104,67,1594
449454,451101,451103,2,1647
449454,451102,451103,1,1648
449454,451103,451105,2,1649
449454,451103,451105,2,1649
449454,451103,451104,1,1649
449454,451103,451106,3,1649
449454,451103,451106,3,1649
449454,451105,451106,1,1651
449454,451104,451106,2,1650
449454,451104,451107,3,1650
449454,451105,451107,2,1651
449454,451091,451107,16,1637
449454,451104,451106,2,1650
449454,451105,451108,3,1651
449454,451106,451108,2,1652
449443,451044,451107,63,1601
449443,451034,451108,74,1591
449454,451106,451108,2,1652
449454,451106,451108,2,1652
449454,451105,451107,2,1651
449454,451107,451109,2,1653
449454,451107,451109,2,1653
449454,451106,451109,3,1652
449454,451108,451109,1,1654
449454,451108,451110,2,1654
449454,451107,451109,2,1653
449454,451108,451110,2,1654
449454,451108,451111,3,1654
449454,451108,451113,5,1654
449443,451040,451113,73,1597
449443,451039,451114,75,1596
449454,451090,451114,24,1636
449454,451082,451116,34,1628
449454,451075,451116,41,1621
449454,451076,451116,40,1622
449454,451108,451117,9,1654
449454,451083,451118,35,1629
449454,451076,451118,42,1622
449454,451077,451120,43,1623
449454,451077,451121,44,1623
449454,451087,451121,34,1633
449454,451080,451125,45,1626
449454,451076,451126,50,1622
449454,451085,451126,41,1631
449454,451076,451127,51,1622
449454,451075,451128,53,1621
449454,451082,451128,46,1628
449454,451076,451128,52,1622
449454,451082,451129,47,1628
449454,451088,451129,41,1634
449454,451077,451129,52,1623
449454,451084,451129,45,1630
449454,451109,451128,19,1655
449454,451077,451130,53,1623
449454,451077,451130,53,1623
449454,451077,451130,53,1623
449454,451110,451134,24,1656
449454,451108,451135,27,1654
449454,451087,451135,48,1633
449454,451089,451136,47,1635
449454,451078,451138,60,1624
449454,451117,451143,26,1663
449454,451108,451143,35,1654
449454,451120,451144,24,1666
449454,451116,451147,31,1662
449454,451111,451151,40,1657
449454,451114,451152,38,1660
449454,451109,451153,44,1655
449454,451110,451153,43,1656
449454,451129,451152,23,1675
449454,451131,451154,23,1677
449454,451113,451154,41,1659
449454,451110,451156,46,1656
449454,451117,451158,41,1663
449454,451135,451158,23,1681
449454,451116,451159,43,1662
449454,451158,451160,2,1704
449454,451158,451161,3,1704
449454,451159,451161,2,1705
449454,451156,451161,5,1702
449454,451160,451162,2,1706
449454,451161,451163,2,1707
449454,451161,451163,2,1707
449454,451161,451163,2,1707
449454,451114,451164,50,1660
449454,451162,451164,2,1708
449454,451154,451164,10,1700
449454,451154,451164,10,1700
449454,451163,451164,1,1709
449454,451118,451165,47,1664
449454,451163,451165,2,1709
449454,451164,451166,2,1710
449454,451164,451166,2,1710
449454,451163,451166,3,1709
449454,451165,451167,2,1711
449454,451165,451167,2,1711
449454,451166,451168,2,1712
449454,451166,451168,2,1712
449454,451118,451168,50,1664
449454,451166,451167,1,1712
449454,451166,451168,2,1712
449454,451113,451169,56,1659
449454,451166,451168,2,1712
449454,451166,451169,3,1712
449454,451167,451170,3,1713
449454,451167,451170,3,1713
449454,451168,451170,2,1714
449454,451153,451171,18,1699
449454,451168,451170,2,1714
449454,451168,451171,3,1714
449454,451168,451172,4,1714
449454,451121,451171,50,1667
449454,451168,451173,5,1714
449454,451169,451173,4,1715
449454,451169,451173,4,1715
449454,451127,451174,47,1673
449454,451169,451174,5,1715
449454,451121,451175,54,1667
449454,451109,451175,66,1655
449454,451110,451175,65,1656
449454,451153,451176,23,1699
449454,451170,451175,5,1716
449454,451170,451176,6,1716
449454,451170,451177,7,1716
449454,451125,451178,53,1671
449454,451129,451177,48,1675
449454,451171,451178,7,1717
449454,451126,451182,56,1672
449454,451128,451184,56,1674
449454,451144,451186,42,1690
449454,451126,451186,60,1672
449454,451153,451187,34,1699
449454,451129,451189,60,1675
449454,451135,451189,54,1681
449454,451136,451191,55,1682
449454,451131,451190,59,1677
449454,451134,451192,58,1680
449454,451143,451193,50,1689
449454,451129,451194,65,1675
449454,451128,451194,66,1674
449594,451193,451195,2,1599
449594,451192,451195,3,1598
449454,451129,451196,67,1675
449594,451194,451196,2,1600
449454,451130,451196,66,1676
449594,451195,451197,2,1601
449594,451195,451196,1,1601
449454,451128,451198,70,1674
449594,451195,451198,3,1601
449594,451196,451199,3,1602
449594,451197,451199,2,1603
449594,451196,451198,2,1602
449594,451197,451199,2,1603
449594,451197,451199,2,1603
449594,451192,451200,8,1598
449594,451198,451200,2,1604
449594,451199,451201,2,1605
449594,451199,451201,2,1605
449594,451198,451200,2,1604
449594,451199,451202,3,1605
449594,451200,451202,2,1606
449594,451200,451203,3,1606
449594,451200,451203,3,1606
449594,451172,451203,31,1578
449594,451200,451202,2,1606
449594,451201,451202,1,1607
449594,451201,451204,3,1607
449594,451201,451204,3,1607
449594,451175,451203,28,1581
449594,451203,451205,2,1609
449594,451203,451205,2,1609
449454,451143,451204,61,1689
449594,451203,451205,2,1609
449594,451204,451205,1,1610
449594,451202,451204,2,1608
449594,451202,451204,2,1608
449594,451186,451205,19,1592
449594,451172,451206,34,1578
449594,451204,451206,2,1610
449594,451203,451206,3,1609
449594,451204,451207,3,1610
449454,451147,451207,60,1693
449594,451205,451206,1,1611
449594,451205,451207,2,1611
449594,451173,451208,35,1579
449594,451204,451207,3,1610
449594,451205,451208,3,1611
449594,451191,451208,17,1597
449454,451151,451209,58,1697
449594,451205,451208,3,1611
449454,451138,451209,71,1684
449594,451205,451210,5,1611
449594,451176,451211,35,1582
449454,451152,451213,61,1698
449594,451171,451213,42,1577
449594,451206,451217,11,1612
449594,451176,451217,41,1582
449594,451205,451218,13,1611
449594,451179,451219,40,1585
449594,451175,451220,45,1581
449594,451177,451219,42,1583
449594,451173,451221,48,1579
449594,451178,451221,43,1584
449594,451178,451222,44,1584
449594,451174,451222,48,1580
449594,451174,451222,48,1580
449594,451173,451223,50,1579
449594,451172,451223,51,1578
449594,451176,451224,48,1582
449594,451182,451226,44,1588
449594,451189,451227,38,1595
449594,451187,451230,43,1593
449594,451206,451231,25,1612
449594,451186,451232,46,1592
449594,451175,451231,56,1581
449594,451206,451234,28,1612
449594,451189,451233,44,1595
449594,451184,451240,56,1590
449594,451206,451241,35,1612
449594,451207,451249,42,1613
449594,451208,451256,48,1614
449594,451208,451257,49,1614
449594,451211,451258,47,1617
449594,451207,451260,53,1613
449594,451207,451260,53,1613
449594,451208,451261,53,1614
449594,451207,451262,55,1613
449594,451208,451263,55,1614
449594,451213,451263,50,1619
449594,451217,451263,46,1623
449594,451209,451265,56,1615
449594,451210,451265,55,1616
449594,451264,451265,1,1670
449594,451263,451265,2,1669
449594,451209,451266,57,1615
449594,451265,451267,2,1671
449594,451265,451267,2,1671
449594,451265,451267,2,1671
449594,451265,451267,2,1671
449594,451266,451268,2,1672
449594,451218,451268,50,1624
449594,451267,451269,2,1673
449594,451267,451269,2,1673
449594,451267,451269,2,1673
449594,451267,451270,3,1673
449594,451269,451271,2,1675
449594,451268,451271,3,1674
449594,451268,451271,3,1674
449594,451269,451271,2,1675
449594,451269,451271,2,1675
449594,451208,451271,63,1614
449594,451219,451272,53,1625
449594,451217,451272,55,1623
449594,451271,451273,2,1677
449594,451271,451273,2,1677
449594,451210,451273,63,1616
449594,451213,451273,60,1619
449594,451222,451273,51,1628
449594,451271,451274,3,1677
449594,451234,451274,40,1640
449594,451271,451273,2,1677
449594,451272,451274,2,1678
449594,451270,451273,3,1676
449594,451271,451273,2,1677
449594,451222,451274,52,1628
449594,451224,451275,51,1630
449594,451271,451274,3,1677
449594,451224,451274,50,1630
449594,451273,451275,2,1679
449594,451273,451276,3,1679
449594,451240,451276,36,1646
449594,451263,451276,13,1669
449594,451273,451276,3,1679
449594,451272,451275,3,1678
449594,451273,451277,4,1679
449594,451273,451277,4,1679
449594,451221,451276,55,1627
449594,451274,451277,3,1680
449594,451274,451278,4,1680
449594,451221,451277,56,1627
449594,451274,451278,4,1680
449594,451224,451278,54,1630
449594,451230,451279,49,1636
449594,451274,451278,4,1680
449594,451274,451280,6,1680
449594,451221,451280,59,1627
449594,451220,451280,60,1626
449594,451275,451281,6,1681
449594,451275,451282,7,1681
449594,451275,451281,6,1681
449594,451275,451282,7,1681
449594,451227,451282,55,1633
449594,451226,451283,57,1632
449594,451260,451283,23,1666
449594,451275,451283,8,1681
449594,451234,451287,53,1640
449594,451222,451288,66,1628
449594,451241,451290,49,1647
449654,451288,451290,2,1634
449594,451231,451291,60,1637
449594,451232,451292,60,1638
449654,451290,451292,2,1636
449654,451287,451292,5,1633
449594,451262,451293,31,1668
449654,451291,451293,2,1637
449654,451292,451294,2,1638
449654,451292,451294,2,1638
449654,451290,451293,3,1636
449594,451232,451295,63,1638
449654,451292,451294,2,1638
449654,451293,451295,2,1639
449654,451294,451295,1,1640
449594,451261,451295,34,1667
449654,451294,451295,1,1640
449654,451293,451296,3,1639
449654,451294,451296,2,1640
449654,451285,451297,12,1631
449654,451295,451298,3,1641
449654,451295,451298,3,1641
449654,451296,451298,2,1642
449654,451296,451298,2,1642
449654,451295,451297,2,1641
449654,451296,451298,2,1642
449654,451297,451299,2,1643
449654,451297,451299,2,1643
449654,451298,451300,2,1644
449654,451298,451300,2,1644
449654,451297,451300,3,1643
449654,451298,451300,2,1644
449594,451256,451301,45,1662
449654,451298,451301,3,1644
449654,451299,451301,2,1645
449654,451298,451300,2,1644
449654,451300,451302,2,1646
449654,451300,451302,2,1646
449654,451299,451302,3,1645
449594,451260,451302,42,1666
449654,451299,451301,2,1645
449654,451300,451303,3,1646
449654,451283,451302,19,1629
449654,451301,451302,1,1647
449654,451300,451302,2,1646
449654,451301,451302,1,1647
449654,451301,451304,3,1647
449654,451301,451303,2,1647
449654,451302,451304,2,1648
449654,451302,451305,3,1648
449654,451276,451309,33,1622
449594,451258,451309,51,1664
449654,451302,451311,9,1648
449594,451249,451311,62,1655
449654,451302,451314,12,1648
449654,451276,451314,38,1622
449594,451257,451317,60,1663
449654,451277,451317,40,1623
449654,451283,451318,35,1629
449654,451282,451319,37,1628
449654,451275,451319,44,1621
449654,451276,451324,48,1622
449654,451303,451324,21,1649
449654,451280,451325,45,1626
449654,451279,451326,47,1625
449654,451279,451326,47,1625
449654,451278,451328,50,1624
449654,451278,451328,50,1624
449654,451302,451327,25,1648
449654,451278,451329,51,1624
449654,451282,451330,48,1628
449654,451281,451330,49,1627
449654,451282,451330,48,1628
449654,451277,451331,54,1623
449654,451280,451332,52,1626
449654,451277,451332,55,1623
449654,451282,451331,49,1628
449654,451304,451333,29,1650
449654,451276,451335,59,1622
449654,451303,451335,32,1649
449654,451280,451336,56,1626
449654,451280,451336,56,1626
449654,451303,451338,35,1649
449654,451277,451338,61,1623
449654,451277,451340,63,1623
449654,451309,451345,36,1655
449654,451318,451346,28,1664
449654,451304,451349,45,1650
449654,451305,451352,47,1651
449654,451319,451352,33,1665
449654,451303,451355,52,1649
449654,451317,451357,40,1663
449654,451305,451357,52,1651
449654,451309,451359,50,1655
449654,451311,451365,54,1657
449654,451317,451366,49,1663
449654,451304,451367,63,1650
449654,451319,451369,50,1665
449654,451311,451368,57,1657
449654,451324,451370,46,1670
449654,451315,451374,59,1661
449654,451326,451377,51,1672
449654,451314,451382,68,1660
449654,451329,451383,54,1675
449654,451330,451384,54,1676
449654,451330,451385,55,1676
449654,451330,451385,55,1676
449654,451326,451386,60,1672
449654,451328,451387,59,1674
449654,451331,451388,57,1677
449654,451329,451390,61,1675
449654,451332,451390,58,1678
449654,451387,451391,4,1733
449654,451388,451391,3,1734
449654,451338,451392,54,1684
449654,451390,451392,2,1736
449654,451387,451393,6,1733
449654,451332,451393,61,1678
449654,451391,451393,2,1737
449654,451390,451392,2,1736
449654,451392,451394,2,1738
449654,451392,451394,2,1738
449654,451391,451394,3,1737
449654,451393,451395,2,1739
449654,451324,451395,71,1670
449654,451393,451396,3,1739
449654,451336,451396,60,1682
449654,451393,451395,2,1739
449654,451394,451396,2,1740
449654,451394,451397,3,1740
449654,451395,451397,2,1741
449654,451393,451396,3,1739
449654,451394,451396,2,1740
449654,451335,451397,62,1681
449654,451328,451397,69,1674
449654,451336,451398,62,1682
449654,451395,451398,3,1741
449654,451396,451398,2,1742
449654,451396,451398,2,1742
449654,451340,451399,59,1686
449654,451396,451399,3,1742
449654,451334,451398,64,1680
449654,451396,451398,2,1742
449654,451397,451400,3,1743
449654,451397,451400,3,1743
449654,451332,451401,69,1678
449654,451345,451404,59,1691
449654,451336,451404,68,1682
449654,451349,451406,57,1695
449654,451338,451407,69,1684
449654,451325,451407,82,1671
449654,451355,451409,54,1701
449654,451352,451408,56,1698
449654,451385,451411,26,1731
449654,451347,451418,71,1693
449654,451359,451419,60,1705
449654,451357,451422,65,1703
449654,451352,451422,70,1698
449741,451397,451428,31,1656
449654,451367,451428,61,1713
449654,451385,451429,44,1731
449654,451357,451430,73,1703
449741,451428,451431,3,1687
449741,451429,451431,2,1688
449654,451370,451432,62,1716
449741,451430,451432,2,1689
449741,451428,451432,4,1687
449654,451366,451432,66,1712
449741,451431,451434,3,1690
449741,451397,451434,37,1656
449741,451432,451434,2,1691
449741,451431,451434,3,1690
449741,451432,451434,2,1691
449741,451432,451435,3,1691
449741,451422,451435,13,1681
449741,451433,451434,1,1692
449741,451434,451436,2,1693
449741,451434,451436,2,1693
449741,451398,451435,37,1657
449654,451365,451436,71,1711
449741,451434,451435,1,1693
449741,451434,451436,2,1693
449741,451435,451437,2,1694
449741,451435,451437,2,1694
449741,451435,451437,2,1694
449741,451434,451436,2,1693
449654,451369,451437,68,1715
449741,451436,451438,2,1695
449741,451436,451439,3,1695
449741,451399,451437,38,1658
449741,451436,451437,1,1695
449741,451436,451439,3,1695
449741,451436,451439,3,1695
449741,451436,451439,3,1695
449741,451437,451439,2,1696
449741,451398,451438,40,1657
449741,451437,451438,1,1696
449741,451437,451440,3,1696
449741,451437,451440,3,1696
449741,451400,451440,40,1659
449741,451437,451440,3,1696
449741,451438,451440,2,1697
449741,451439,451441,2,1698
449741,451407,451440,33,1666
449741,451439,451441,2,1698
449654,451384,451440,56,1730
449741,451439,451440,1,1698
449741,451439,451440,1,1698
449741,451439,451442,3,1698
449741,451440,451441,1,1699
449741,451440,451442,2,1699
449741,451439,451441,2,1698
449741,451439,451441,2,1698
449654,451369,451441,72,1715
449741,451440,451443,3,1699
449741,451404,451443,39,1663
449741,451398,451443,45,1657
449741,451440,451445,5,1699
449654,451383,451445,62,1729
449741,451422,451446,24,1681
449741,451440,451448,8,1699
449741,451406,451448,42,1665
449741,451398,451449,51,1657
449654,451374,451450,76,1720
449741,451397,451451,54,1656
449741,451411,451451,40,1670
449741,451409,451453,44,1668
449654,451382,451454,72,1728
449654,451377,451460,83,1723
449741,451397,451460,63,1656
449741,451401,451462,61,1660
449741,451418,451462,44,1677
449741,451440,451462,22,1699
449741,451400,451462,62,1659
449741,451404,451462,58,1663
449741,451410,451463,53,1669
449741,451399,451464,65,1658
449741,451399,451463,64,1658
449741,451419,451464,45,1678
449741,451399,451467,68,1658
449741,451440,451467,27,1699
449741,451441,451468,27,1700
449741,451407,451470,63,1666
449741,451442,451471,29,1701
449741,451441,451485,44,1700
449741,451442,451488,46,1701
449741,451442,451488,46,1701
449741,451441,451491,50,1700
449741,451442,451492,50,1701
449741,451442,451493,51,1701
449741,451448,451496,48,1707
449741,451444,451496,52,1703
449741,451444,451496,52,1703
449741,451442,451496,54,1701
449741,451442,451497,55,1701
449741,451470,451498,28,1729
449741,451462,451499,37,1721
449741,451448,451500,52,1707
449741,451442,451499,57,1701
449741,451447,451501,54,1706
449741,451445,451500,55,1704
449741,451453,451500,47,1712
449741,451442,451502,60,1701
449741,451452,451509,57,1711
449741,451443,451510,67,1702
449741,451445,451511,66,1704
449741,451449,451511,62,1708
449741,451463,451512,49,1722
449741,451460,451512,52,1719
449741,451512,451514,2,1771
449741,451511,451514,3,1770
449741,451512,451515,3,1771
449741,451514,451515,1,1773
449741,451467,451515,48,1726
449741,451511,451517,6,1770
449741,451514,451517,3,1773
449741,451515,451518,3,1774
449741,451496,451518,22,1755
449741,451516,451517,1,1775
449741,451450,451519,69,1709
449741,451462,451519,57,1721
449741,451517,451520,3,1776
449741,451517,451519,2,1776
449741,451501,451520,19,1760
449741,451518,451521,3,1777
449741,451519,451521,2,1778
449741,451518,451521,3,1777
449741,451518,451521,3,1777
449741,451519,451522,3,1778
449741,451519,451522,3,1778
449741,451520,451522,2,1779
449741,451521,451523,2,1780
449741,451520,451523,3,1779
449741,451465,451522,57,1724
449741,451521,451523,2,1780
449741,451520,451523,3,1779
449741,451521,451524,3,1780
449741,451462,451524,62,1721
449741,451471,451523,52,1730
449741,451522,451525,3,1781
449741,451521,451524,3,1780
449741,451462,451525,63,1721
449741,451522,451526,4,1781
449741,451523,451526,3,1782
449741,451467,451526,59,1726
449741,451455,451526,71,1714
449741,451492,451527,35,1751
449741,451464,451527,63,1723
449741,451462,451529,67,1721
449741,451451,451529,78,1710
449741,451509,451531,22,1768
449741,451460,451532,72,1719
449741,451469,451533,64,1728
449741,451510,451534,24,1769
449741,451501,451537,36,1760
449741,451464,451541,77,1723
449897,451524,451546,22,1627
449741,451489,451546,57,1748
449741,451488,451547,59,1747
449741,451502,451549,47,1761
449741,451496,451549,53,1755
449741,451486,451549,63,1745
449897,451524,451551,27,1627
449897,451547,451551,4,1650
449897,451549,451550,1,1652
449897,451549,451552,3,1652
449897,451549,451552,3,1652
449741,451497,451552,55,1756
449741,451500,451552,52,1759
449741,451496,451553,57,1755
449897,451551,451553,2,1654
449897,451551,451553,2,1654
449897,451551,451554,3,1654
449897,451552,451554,2,1655
449897,451552,451554,2,1655
449897,451552,451554,2,1655
449897,451552,451554,2,1655
449741,451497,451554,57,1756
449897,451553,451555,2,1656
449897,451553,451555,2,1656
449897,451553,451555,2,1656
449897,451554,451556,2,1657
449897,451554,451555,1,1657
449897,451546,451556,10,1649
449897,451555,451557,2,1658
449897,451554,451557,3,1657
449897,451555,451557,2,1658
449897,451554,451557,3,1657
449897,451554,451556,2,1657
449897,451555,451557,2,1658
449897,451555,451556,1,1658
449897,451557,451558,1,1660
449897,451557,451558,1,1660
449897,451557,451558,1,1660
449897,451557,451558,1,1660
449897,451556,451559,3,1659
449897,451557,451559,2,1660
449897,451557,451558,1,1660
449897,451557,451558,1,1660
449897,451557,451558,1,1660
449897,451557,451559,2,1660
449741,451493,451560,67,1752
449897,451558,451560,2,1661
449897,451559,451561,2,1662
449897,451559,451560,1,1662
449897,451559,451560,1,1662
449897,451559,451560,1,1662
449897,451559,451561,2,1662
449897,451526,451562,36,1629
449897,451559,451562,3,1662
449897,451559,451562,3,1662
449897,451523,451562,39,1626
449897,451525,451563,38,1628
449897,451559,451564,5,1662
449897,451524,451564,40,1627
449741,451500,451564,64,1759
449741,451501,451564,63,1760
449741,451491,451565,74,1750
449741,451499,451568,69,1758
449897,451523,451569,46,1626
449897,451525,451570,45,1628
449897,451523,451573,50,1626
449897,451534,451573,39,1637
449897,451537,451573,36,1640
449897,451559,451575,16,1662
449741,451498,451576,78,1757
449897,451523,451576,53,1626
449897,451527,451579,52,1630
449897,451546,451579,33,1649
449897,451526,451581,55,1629
449897,451526,451583,57,1629
449897,451560,451583,23,1663
449897,451525,451584,59,1628
449897,451560,451584,24,1663
449897,451533,451585,52,1636
449897,451531,451587,56,1634
449897,451529,451587,58,1632
449897,451533,451586,53,1636
449897,451541,451588,47,1644
449897,451526,451589,63,1629
449897,451562,451590,28,1665
449897,451525,451592,67,1628
449897,451529,451593,64,1632
449897,451564,451594,30,1667
449897,451561,451595,34,1664
449897,451528,451596,68,1631
449897,451561,451601,40,1664
449897,451570,451604,34,1673
449897,451561,451607,46,1664
449897,451561,451608,47,1664
449897,451562,451609,47,1665
449897,451565,451611,46,1668
449897,451573,451615,42,1676
449897,451561,451616,55,1664
449897,451562,451619,57,1665
449897,451562,451621,59,1665
449897,451569,451623,54,1672
449897,451564,451625,61,1667
449897,451573,451626,53,1676
449897,451583,451626,43,1686
449897,451576,451627,51,1679
449897,451568,451627,59,1671
449897,451573,451629,56,1676
449897,451579,451630,51,1682
449897,451579,451633,54,1682
449897,451563,451633,70,1666
449897,451581,451634,53,1684
449897,451630,451634,4,1733
449897,451633,451635,2,1736
449897,451633,451636,3,1736
449897,451634,451635,1,1737
449897,451584,451636,52,1687
449897,451634,451637,3,1737
449897,451567,451637,70,1670
449897,451635,451637,2,1738
449897,451575,451639,64,1678
449897,451636,451639,3,1739
449897,451629,451639,10,1732
449897,451636,451639,3,1739
449897,451636,451639,3,1739
449897,451637,451640,3,1740
449897,451637,451639,2,1740
449897,451638,451641,3,1741
449897,451639,451641,2,1742
449897,451576,451641,65,1679
449897,451590,451641,51,1693
449897,451639,451641,2,1742
449897,451639,451642,3,1742
449897,451639,451642,3,1742
449897,451639,451641,2,1742
449897,451564,451642,78,1667
449897,451583,451642,59,1686
449897,451640,451643,3,1743
449897,451641,451643,2,1744
449897,451608,451643,35,1711
449897,451641,451644,3,1744
449897,451641,451643,2,1744
449897,451641,451644,3,1744
449897,451610,451643,33,1713
449897,451641,451643,2,1744
449897,451642,451645,3,1745
449897,451642,451645,3,1745
449897,451642,451645,3,1745
449897,451642,451646,4,1745
449897,451587,451647,60,1690
449897,451619,451647,28,1722
449897,451642,451647,5,1745
449897,451588,451648,60,1691
449897,451595,451649,54,1698
449897,451594,451650,56,1697
449897,451587,451651,64,1690
449897,451592,451652,60,1695
449897,451585,451653,68,1688
449897,451584,451654,70,1687
449897,451627,451654,27,1730
449897,451589,451655,66,1692
449897,451616,451656,40,1719
449897,451593,451659,66,1696
449897,451601,451659,58,1704
449897,451587,451660,73,1690
449897,451604,451662,58,1707
450097,451660,451663,3,1563
450097,451662,451664,2,1565
450097,451642,451664,22,1545
450097,451659,451665,6,1562
450097,451663,451666,3,1566
450097,451664,451666,2,1567
450097,451664,451665,1,1567
450097,451666,451667,1,1569
449897,451596,451668,72,1699
450097,451666,451668,2,1569
450097,451667,451669,2,1570
450097,451666,451669,3,1569
450097,451666,451668,2,1569
450097,451668,451670,2,1571
449897,451607,451671,64,1710
450097,451644,451671,27,1547
450097,451669,451671,2,1572
450097,451668,451670,2,1571
450097,451669,451670,1,1572
450097,451670,451672,2,1573
450097,451669,451672,3,1572
450097,451671,451673,2,1574
450097,451672,451673,1,1575
450097,451671,451673,2,1574
450097,451671,451674,3,1574
450097,451671,451674,3,1574
450097,451672,451673,1,1575
449897,451611,451675,64,1714
450097,451673,451675,2,1576
450097,451673,451675,2,1576
450097,451672,451674,2,1575
450097,451674,451676,2,1577
450097,451674,451676,2,1577
450097,451674,451676,2,1577
450097,451674,451676,2,1577
450097,451675,451677,2,1578
450097,451675,451676,1,1578
450097,451675,451676,1,1578
449897,451628,451678,50,1731
450097,451676,451678,2,1579
450097,451675,451678,3,1578
450097,451676,451678,2,1579
450097,451677,451679,2,1580
450097,451655,451678,23,1558
450097,451676,451679,3,1579
450097,451644,451678,34,1547
450097,451676,451679,3,1579
450097,451677,451679,2,1580
450097,451677,451679,2,1580
450097,451659,451680,21,1562
450097,451656,451682,26,1559
450097,451650,451682,32,1553
450097,451678,451682,4,1581
450097,451644,451683,39,1547
449897,451616,451683,67,1719
450097,451643,451683,40,1546
450097,451643,451685,42,1546
449897,451626,451686,60,1729
450097,451678,451687,9,1581
450097,451644,451687,43,1547
450097,451643,451689,46,1546
450097,451649,451689,40,1552
450097,451649,451690,41,1552
450097,451647,451691,44,1550
449897,451623,451691,68,1726
450097,451653,451693,40,1556
450097,451645,451695,50,1548
450097,451678,451695,17,1581
450097,451652,451696,44,1555
450097,451645,451696,51,1548
450097,451679,451696,17,1582
450097,451646,451696,50,1549
450097,451654,451696,42,1557
450097,451647,451699,52,1550
449897,451621,451699,78,1724
450097,451654,451702,48,1557
449897,451626,451703,77,1729
449897,451625,451704,79,1728
450097,451645,451705,60,1548
450097,451647,451705,58,1550
450097,451644,451708,64,1547
450097,451683,451713,30,1586
450097,451686,451716,30,1589
450097,451651,451717,66,1554
450097,451689,451718,29,1592
450097,451678,451720,42,1581
450097,451679,451721,42,1582
450097,451679,451720,41,1582
450097,451679,451729,50,1582
450097,451682,451730,48,1585
450097,451687,451731,44,1590
450097,451681,451731,50,1584
450097,451680,451733,53,1583
450097,451696,451735,39,1599
450097,451679,451736,57,1582
450097,451679,451737,58,1582
450097,451683,451736,53,1586
450097,451682,451738,56,1585
450097,451687,451739,52,1590
450097,451683,451743,60,1586
450097,451690,451744,54,1593
450097,451689,451746,57,1592
450097,451691,451746,55,1594
450097,451744,451747,3,1647
450097,451746,451748,2,1649
450097,451746,451748,2,1649
450097,451747,451749,2,1650
450097,451696,451749,53,1599
450097,451682,451749,67,1585
450097,451748,451750,2,1651
450097,451748,451750,2,1651
450097,451743,451750,7,1646
450097,451749,451751,2,1652
450097,451749,451751,2,1652
450097,451749,451752,3,1652
450097,451750,451752,2,1653
450097,451750,451752,2,1653
450097,451751,451753,2,1654
450097,451750,451753,3,1653
450097,451691,451752,61,1594
450097,451751,451753,2,1654
450097,451752,451754,2,1655
450097,451752,451754,2,1655
450097,451685,451753,68,1588
450097,451753,451755,2,1656
450097,451752,451755,3,1655
450097,451753,451756,3,1656
450097,451754,451756,2,1657
450097,451754,451757,3,1657
450097,451753,451757,4,1656
450097,451754,451757,3,1657
450097,451699,451757,58,1602
450097,451739,451756,17,1642
450097,451702,451757,55,1605
450097,451696,451758,62,1599
450097,451756,451759,3,1659
450097,451754,451758,4,1657
450097,451755,451759,4,1658
450097,451697,451758,61,1600
450097,451755,451758,3,1658
450097,451695,451760,65,1598
450097,451705,451759,54,1608
450097,451696,451761,65,1599
450097,451757,451761,4,1660
450097,451756,451760,4,1659
450097,451693,451761,68,1596
450097,451700,451762,62,1603
450097,451757,451764,7,1660
450097,451721,451765,44,1624
450097,451697,451766,69,1600
450097,451703,451768,65,1606
450097,451704,451768,64,1607
450097,451705,451771,66,1608
450097,451721,451771,50,1624
450097,451713,451772,59,1616
450097,451716,451772,56,1619
450097,451736,451772,36,1639
450097,451709,451776,67,1612
450097,451720,451780,60,1623
450097,451738,451782,44,1641
450347,451780,451784,4,1433
450097,451735,451784,49,1638
450347,451783,451785,2,1436
450347,451784,451786,2,1437
450097,451733,451786,53,1636
450347,451776,451786,10,1429
450097,451731,451785,54,1634
450347,451784,451787,3,1437
450097,451730,451787,57,1633
450347,451785,451786,1,1438
450347,451786,451788,2,1439
450347,451786,451788,2,1439
450347,451786,451788,2,1439
450097,451717,451788,71,1620
450347,451787,451789,2,1440
450347,451786,451789,3,1439
450347,451787,451789,2,1440
450347,451787,451789,2,1440
450347,451788,451790,2,1441
450347,451788,451789,1,1441
450347,451788,451789,1,1441
450347,451789,451790,1,1442
450097,451718,451790,72,1621
450347,451788,451791,3,1441
450347,451789,451791,2,1442
450347,451789,451791,2,1442
450347,451789,451792,3,1442
450347,451790,451792,2,1443
450347,451790,451792,2,1443
450347,451790,451791,1,1443
450347,451772,451793,21,1425
450347,451757,451793,36,1410
450347,451790,451792,2,1443
450347,451791,451793,2,1444
450347,451791,451793,2,1444
450347,451791,451792,1,1444
450347,451791,451793,2,1444
450347,451792,451794,2,1445
450347,451792,451794,2,1445
450097,451729,451794,65,1632
450347,451792,451794,2,1445
450347,451792,451794,2,1445
450097,451731,451793,62,1634
450347,451793,451795,2,1446
450347,451793,451795,2,1446
450347,451793,451795,2,1446
450347,451793,451795,2,1446
450347,451794,451796,2,1447
450347,451793,451796,3,1446
450347,451793,451795,2,1446
450347,451794,451796,2,1447
450347,451794,451796,2,1447
450347,451772,451797,25,1425
450097,451737,451797,60,1640
450347,451759,451799,40,1412
450347,451794,451799,5,1447
450347,451773,451799,26,1426
450097,451737,451803,66,1640
450347,451759,451803,44,1412
450347,451794,451805,11,1447
450347,451757,451804,47,1410
450347,451771,451806,35,1424
450347,451757,451806,49,1410
450347,451758,451808,50,1411
450347,451761,451808,47,1414
450347,451794,451811,17,1447
450347,451760,451811,51,1413
450347,451758,451811,53,1411
450347,451759,451812,53,1412
450347,451759,451813,54,1412
450347,451765,451813,48,1418
450347,451767,451814,47,1420
450347,451761,451814,53,1414
450347,451759,451815,56,1412
450347,451761,451815,54,1414
450347,451771,451816,45,1424
450347,451760,451817,57,1413
450347,451794,451817,23,1447
450347,451768,451820,52,1421
450347,451762,451821,59,1415
450347,451763,451822,59,1416
450347,451768,451823,55,1421
450347,451764,451823,59,1417
450347,451808,451828,20,1461
450347,451795,451832,37,1448
450347,451795,451835,40,1448
450347,451797,451836,39,1450
450347,451796,451839,43,1449
450347,451796,451842,46,1449
450347,451796,451843,47,1449
450347,451795,451843,48,1448
450347,451799,451845,46,1452
450347,451815,451845,30,1468
450347,451797,451847,50,1450
450347,451804,451848,44,1457
450347,451805,451852,47,1458
450347,451796,451852,56,1449
450347,451798,451853,55,1451
450347,451805,451856,51,1458
450347,451853,451857,4,1506
450347,451796,451857,61,1449
450347,451852,451857,5,1505
450347,451854,451856,2,1507
450347,451799,451858,59,1452
450347,451848,451858,10,1501
450347,451856,451857,1,1509
450347,451799,451859,60,1452
450347,451813,451859,46,1466
450347,451857,451859,2,1510
450347,451857,451860,3,1510
450347,451857,451860,3,1510
450347,451806,451859,53,1459
450347,451808,451859,51,1461
450347,451858,451860,2,1511
450347,451847,451859,12,1500
450347,451820,451860,40,1473
450347,451857,451859,2,1510
450347,451858,451860,2,1511
450347,451859,451861,2,1512
450347,451859,451860,1,1512
450347,451859,451860,1,1512
450347,451860,451862,2,1513
450347,451859,451862,3,1512
450347,451860,451862,2,1513
450347,451847,451862,15,1500
450347,451860,451863,3,1513
450347,451803,451863,60,1456
450347,451860,451862,2,1513
450347,451860,451863,3,1513
450347,451860,451864,4,1513
450347,451860,451864,4,1513
450347,451861,451864,3,1514
450347,451860,451863,3,1513
450347,451811,451865,54,1464
450347,451862,451865,3,1515
450347,451861,451865,4,1514
450347,451806,451866,60,1459
450347,451861,451866,5,1514
450347,451861,451865,4,1514
450347,451862,451867,5,1515
450347,451862,451866,4,1515
450347,451863,451868,5,1516
450347,451863,451868,5,1516
450347,451863,451868,5,1516
450347,451839,451869,30,1492
450347,451863,451870,7,1516
450347,451862,451870,8,1515
450347,451864,451870,6,1517
450347,451813,451871,58,1466
450347,451811,451873,62,1464
450347,451812,451874,62,1465
450347,451811,451874,63,1464
450399,451864,451875,11,1465
450399,451870,451877,7,1471
450347,451814,451878,64,1467
450347,451824,451877,53,1477
450399,451870,451879,9,1471
450347,451817,451881,64,1470
450347,451823,451881,58,1476
450399,451877,451881,4,1478
450347,451814,451882,68,1467
450399,451881,451883,2,1482
450399,451882,451884,2,1483
450347,451816,451884,68,1469
450399,451881,451884,3,1482
450347,451842,451883,41,1495
450399,451883,451885,2,1484
450347,451828,451885,57,1481
450399,451884,451886,2,1485
450347,451818,451885,67,1471
450399,451878,451885,7,1479
450399,451884,451886,2,1485
450399,451884,451887,3,1485
450399,451878,451887,9,1479
450399,451885,451886,1,1486
450399,451884,451886,2,1485
450399,451885,451886,1,1486
450347,451845,451888,43,1498
450399,451881,451888,7,1482
450399,451864,451888,24,1465
450399,451887,451889,2,1488
450399,451886,451889,3,1487
450399,451887,451889,2,1488
450399,451887,451889,2,1488
450399,451888,451889,1,1489
450399,451888,451890,2,1489
450399,451887,451889,2,1488
450347,451815,451890,75,1468
450399,451887,451889,2,1488
450399,451888,451889,1,1489
450347,451837,451890,53,1490
450347,451832,451891,59,1485
450347,451822,451891,69,1475
450399,451886,451890,4,1487
450399,451888,451890,2,1489
450399,451889,451892,3,1490
450399,451889,451892,3,1490
450399,451889,451892,3,1490
450399,451889,451891,2,1490
450399,451889,451891,2,1490
450399,451890,451891,1,1491
450399,451890,451891,1,1491
450399,451890,451893,3,1491
450399,451891,451893,2,1492
450399,451891,451893,2,1492
450399,451891,451892,1,1492
450399,451891,451892,1,1492
450347,451821,451892,71,1474
450399,451890,451892,2,1491
450347,451843,451894,51,1496
450399,451892,451894,2,1493
450399,451891,451894,3,1492
450399,451891,451893,2,1492
450399,451892,451895,3,1493
450347,451835,451894,59,1488
450399,451879,451895,16,1480
450399,451892,451894,2,1493
450399,451892,451894,2,1493
450347,451843,451896,53,1496
450399,451892,451896,4,1493
450399,451864,451899,35,1465
450399,451865,451901,36,1466
450399,451868,451901,33,1469
450399,451892,451902,10,1493
450399,451866,451904,38,1467
450399,451867,451907,40,1468
450399,451892,451907,15,1493
450399,451865,451908,43,1466
450399,451873,451908,35,1474
450399,451874,451911,37,1475
450399,451870,451912,42,1471
450399,451871,451912,41,1472
450399,451866,451914,48,1467
450399,451893,451914,21,1494
450399,451866,451915,49,1467
450399,451876,451916,40,1477
450399,451867,451917,50,1468
450399,451868,451918,50,1469
450399,451869,451920,51,1470
450399,451892,451919,27,1493
450399,451874,451921,47,1475
450399,451869,451925,56,1470
450399,451865,451928,63,1466
450399,451893,451928,35,1494
450399,451893,451935,42,1494
450399,451895,451936,41,1496
450399,451893,451936,43,1494
450399,451893,451937,44,1494
450399,451895,451940,45,1496
450399,451894,451942,48,1495
450399,451896,451944,48,1497
450399,451895,451944,49,1496
450399,451899,451949,50,1500
450399,451896,451949,53,1497
450399,451894,451950,56,1495
450399,451914,451951,37,1515
450399,451908,451952,44,1509
450399,451896,451952,56,1497
450399,451893,451954,61,1494
450399,451901,451954,53,1502
450399,451894,451954,60,1495
450399,451895,451955,60,1496
450399,451954,451956,2,1555
450399,451954,451957,3,1555
450399,451954,451957,3,1555
450399,451955,451958,3,1556
450399,451956,451958,2,1557
450399,451901,451959,58,1502
450399,451957,451960,3,1558
450399,451953,451960,7,1554
450399,451907,451960,53,1508
450399,451958,451959,1,1559
450399,451957,451960,3,1558
450399,451902,451961,59,1503
450399,451904,451961,57,1505
450399,451958,451960,2,1559
450399,451960,451962,2,1561
450399,451960,451962,2,1561
450399,451960,451963,3,1561
450399,451908,451963,55,1509
450399,451960,451963,3,1561
450399,451960,451963,3,1561
450399,451952,451963,11,1553
450399,451961,451963,2,1562
450399,451960,451962,2,1561
450399,451894,451964,70,1495
450399,451907,451963,56,1508
450399,451894,451963,69,1495
450399,451961,451964,3,1562
450399,451962,451965,3,1563
450399,451961,451964,3,1562
450399,451962,451966,4,1563
450399,451963,451966,3,1564
450399,451963,451967,4,1564
450399,451963,451967,4,1564
450399,451963,451967,4,1564
450399,451963,451967,4,1564
450399,451963,451966,3,1564
450399,451963,451968,5,1564
450399,451920,451968,48,1521
450399,451964,451968,4,1565
450399,451964,451969,5,1565
450399,451964,451969,5,1565
450399,451965,451970,5,1566
450399,451965,451973,8,1566
450399,451919,451974,55,1520
450399,451929,451974,45,1530
450399,451949,451975,26,1550
450399,451920,451977,57,1521
450399,451951,451979,28,1552
450399,451917,451979,62,1518
450399,451935,451982,47,1536
450399,451911,451982,71,1512
450399,451942,451983,41,1543
450399,451914,451983,69,1515
450399,451916,451983,67,1517
450399,451916,451984,68,1517
450399,451912,451985,73,1513
450399,451912,451985,73,1513
450399,451921,451987,66,1522
450399,451925,451988,63,1526
450738,451985,451989,4,1247
450738,451987,451990,3,1249
450738,451988,451991,3,1250
450738,451989,451992,3,1251
450738,451990,451992,2,1252
450738,451991,451993,2,1253
450738,451992,451994,2,1254
450738,451992,451995,3,1254
450399,451928,451994,66,1529
450738,451993,451996,3,1255
450399,451944,451996,52,1545
450399,451937,451996,59,1538
450738,451994,451997,3,1256
450738,451995,451997,2,1257
450738,451995,451998,3,1257
450738,451996,451998,2,1258
450738,451985,451998,13,1247
450399,451936,451998,62,1537
450738,451997,451999,2,1259
450738,451997,451999,2,1259
450738,451996,451998,2,1258
450738,451997,452000,3,1259
450738,451998,452000,2,1260
450738,451999,452000,1,1261
450738,451998,452000,2,1260
450738,451998,452000,2,1260
450738,451999,452001,2,1261
450738,451999,452002,3,1261
450738,451999,452002,3,1261
450738,452000,452002,2,1262
450738,452000,452001,1,1262
450738,452001,452003,2,1263
450738,452001,452004,3,1263
450399,451949,452003,54,1550
450738,452002,452004,2,1264
450738,452002,452004,2,1264
450738,452002,452004,2,1264
450738,452002,452004,2,1264
450738,452002,452004,2,1264
450738,452002,452004,2,1264
450738,451984,452005,21,1246
450738,452003,452004,1,1265
450738,452004,452006,2,1266
450738,452004,452005,1,1266
450399,451936,452007,71,1537
450738,452004,452007,3,1266
450738,452004,452006,2,1266
450738,452004,452006,2,1266
450738,452004,452008,4,1266
450738,451968,452007,39,1230
450738,452005,452010,5,1267
450738,451969,452011,42,1231
450738,451967,452011,44,1229
450738,451968,452011,43,1230
450399,451940,452012,72,1541
450738,451967,452011,44,1229
450738,451966,452013,47,1228
450399,451950,452014,64,1551
450738,451977,452014,37,1239
450738,451965,452014,49,1227
450738,451983,452015,32,1245
450738,451967,452016,49,1229
450738,451983,452017,34,1245
450738,451975,452017,42,1237
450738,451983,452018,35,1245
450738,451974,452020,46,1236
450738,452005,452022,17,1267
450399,451944,452023,79,1545
450738,451966,452025,59,1228
450738,451973,452025,52,1235
450738,451974,452026,52,1236
450738,452012,452026,14,1274
450738,451979,452027,48,1241
450738,451982,452027,45,1244
450738,451967,452028,61,1229
450738,451969,452028,59,1231
450738,451979,452029,50,1241
450738,451967,452031,64,1229
450738,452008,452031,23,1270
450738,452014,452031,17,1276
450738,452011,452032,21,1273
450738,451970,452032,62,1232
450738,451982,452033,51,1244
450738,451968,452036,68,1230
450738,452010,452037,27,1272
450738,452017,452038,21,1279
450738,452007,452040,33,1269
450738,452005,452041,36,1267
450738,452006,452041,35,1268
450738,452016,452046,30,1278
450738,452018,452048,30,1280
450738,452005,452049,44,1267
450738,452048,452051,3,1310
450738,452041,452051,10,1303
450738,452049,452051,2,1311
450738,452051,452053,2,1313
450738,452051,452053,2,1313
450738,452051,452053,2,1313
450738,452053,452055,2,1315
450738,452053,452055,2,1315
450738,452053,452055,2,1315
450738,452046,452056,10,1308
450738,452055,452057,2,1317
450738,452055,452056,1,1317
450738,452055,452056,1,1317
450738,452013,452058,45,1275
450738,452017,452058,41,1279
450738,452007,452058,51,1269
450738,452015,452057,42,1277
450738,452057,452059,2,1319
450738,452011,452058,47,1273
450738,452057,452059,2,1319
450738,452056,452058,2,1318
450738,452057,452059,2,1319
450738,452058,452060,2,1320
450738,452041,452060,19,1303
450738,452058,452060,2,1320
450738,452058,452061,3,1320
450738,452059,452061,2,1321
450738,452058,452061,3,1320
450738,452059,452062,3,1321
450738,452007,452062,55,1269
450738,452059,452061,2,1321
450738,452011,452062,51,1273
450738,452060,452062,2,1322
450738,452060,452063,3,1322
450738,452060,452063,3,1322
450738,452007,452063,56,1269
450738,452061,452064,3,1323
450738,452060,452064,4,1322
450738,452059,452063,4,1321
450738,452008,452065,57,1270
450738,452061,452064,3,1323
450738,452063,452066,3,1325
450738,452062,452066,4,1324
450738,452062,452066,4,1324
450738,452062,452067,5,1324
450738,452062,452067,5,1324
450738,452061,452068,7,1323
450738,452063,452068,5,1325
450738,452064,452071,7,1326
450738,452007,452071,64,1269
450738,452064,452071,7,1326
450738,452064,452072,8,1326
450738,452020,452072,52,1282
450738,452031,452074,43,1293
450738,452022,452074,52,1284
450738,452014,452074,60,1276
450738,452025,452075,50,1287
450738,452014,452075,61,1276
450738,452033,452077,44,1295
450738,452023,452078,55,1285
450738,452028,452077,49,1290
450738,452026,452079,53,1288
450738,452027,452080,53,1289
450738,452012,452080,68,1274
450738,452031,452081,50,1293
450738,452040,452081,41,1302
450738,452033,452082,49,1295
450738,452028,452082,54,1290
450738,452029,452083,54,1291
450738,452026,452083,57,1288
450757,452082,452084,2,1325
450757,452082,452084,2,1325
450757,452082,452085,3,1325
450757,452083,452085,2,1326
450757,452083,452085,2,1326
450757,452085,452086,1,1328
450738,452032,452087,55,1294
450757,452085,452087,2,1328
450757,452085,452087,2,1328
450757,452085,452086,1,1328
450757,452085,452088,3,1328
450757,452086,452088,2,1329
450757,452081,452088,7,1324
450738,452028,452088,60,1290
450757,452087,452089,2,1330
450757,452087,452088,1,1330
450757,452087,452090,3,1330
450757,452088,452090,2,1331
450757,452087,452089,2,1330
450757,452088,452089,1,1331
450757,452089,452091,2,1332
450738,452038,452091,53,1300
450757,452089,452091,2,1332
450738,452025,452090,65,1287
450757,452089,452092,3,1332
450757,452069,452092,23,1312
450757,452090,452091,1,1333
450757,452090,452092,2,1333
450757,452091,452093,2,1334
450757,452090,452093,3,1333
450757,452091,452092,1,1334
450757,452091,452092,1,1334
450757,452092,452094,2,1335
450738,452036,452094,58,1298
450757,452090,452093,3,1333
450757,452091,452093,2,1334
450757,452091,452094,3,1334
450738,452031,452094,63,1293
450757,452092,452095,3,1335
450757,452092,452095,3,1335
450757,452093,452095,2,1336
450757,452092,452094,2,1335
450757,452067,452095,28,1310
450757,452093,452094,1,1336
450757,452094,452096,2,1337
450757,452080,452096,16,1323
450757,452093,452095,2,1336
450757,452093,452095,2,1336
450757,452094,452097,3,1337
450757,452094,452096,2,1337
450757,452074,452097,23,1317
450757,452094,452097,3,1337
450757,452078,452100,22,1321
450757,452094,452101,7,1337
450738,452038,452102,64,1300
450757,452066,452102,36,1309
450757,452094,452107,13,1337
450757,452080,452108,28,1323
450757,452065,452110,45,1308
450757,452067,452109,42,1310
450757,452064,452111,47,1307
450757,452079,452111,32,1322
450757,452065,452114,49,1308
450757,452066,452114,48,1309
450757,452069,452115,46,1312
450757,452064,452116,52,1307
450757,452075,452116,41,1318
450757,452077,452119,42,1320
450757,452073,452120,47,1316
450757,452095,452121,26,1338
450757,452073,452122,49,1316
450757,452071,452124,53,1314
450757,452074,452125,51,1317
450757,452095,452128,33,1338
450757,452075,452129,54,1318
450757,452075,452129,54,1318
450757,452078,452130,52,1321
450757,452095,452131,36,1338
450757,452071,452131,60,1314
450757,452067,452133,66,1310
450757,452071,452134,63,1314
450757,452095,452141,46,1338
450757,452096,452142,46,1339
450757,452096,452142,46,1339
450757,452096,452147,51,1339
450757,452095,452147,52,1338
450757,452098,452148,50,1341
450757,452102,452148,46,1345
450757,452095,452147,52,1338
450757,452141,452153,12,1384
450757,452148,452154,6,1391
450757,452111,452155,44,1354
450757,452148,452155,7,1391
450757,452096,452155,59,1339
450757,452148,452156,8,1391
450757,452155,452157,2,1398
450757,452155,452157,2,1398
450757,452154,452157,3,1397
450757,452155,452157,2,1398
450757,452108,452158,50,1351
450757,452156,452158,2,1399
450757,452155,452158,3,1398
450757,452100,452157,57,1343
450757,452157,452159,2,1400
450757,452157,452159,2,1400
450757,452157,452159,2,1400
450757,452157,452158,1,1400
450757,452158,452160,2,1401
450757,452099,452160,61,1342
450757,452114,452160,46,1357
450757,452158,452160,2,1401
450757,452158,452161,3,1401
450757,452159,452161,2,1402
450757,452158,452160,2,1401
450757,452159,452161,2,1402
450757,452159,452160,1,1402
450757,452160,452162,2,1403
450757,452107,452162,55,1350
450757,452101,452162,61,1344
450757,452110,452162,52,1353
450757,452160,452163,3,1403
450757,452160,452162,2,1403
450757,452160,452162,2,1403
450757,452098,452164,66,1341
450757,452161,452163,2,1404
450757,452161,452164,3,1404
450757,452161,452163,2,1404
450757,452097,452164,67,1340
450757,452161,452165,4,1404
450757,452161,452164,3,1404
450757,452162,452164,2,1405
450757,452161,452166,5,1404
450757,452115,452166,51,1358
450757,452116,452167,51,1359
450757,452162,452167,5,1405
450757,452162,452167,5,1405
450757,452163,452167,4,1406
450757,452163,452168,5,1406
450757,452110,452168,58,1353
450757,452163,452168,5,1406
450757,452120,452169,49,1363
450757,452102,452169,67,1345
450757,452129,452169,40,1372
450757,452164,452170,6,1407
450757,452163,452170,7,1406
450757,452164,452169,5,1407
450757,452164,452170,6,1407
450757,452164,452171,7,1407
450757,452111,452172,61,1354
450757,452123,452174,51,1366
450757,452114,452175,61,1357
450757,452116,452176,60,1359
450757,452147,452176,29,1390
450757,452128,452180,52,1371
450757,452121,452181,60,1364
450757,452124,452183,59,1367
450757,452125,452184,59,1368
450757,452131,452186,55,1374
450757,452119,452186,67,1362
450922,452184,452187,3,1262
450922,452183,452188,5,1261
450922,452186,452189,3,1264
450757,452133,452189,56,1376
450922,452187,452189,2,1265
450922,452186,452188,2,1264
450757,452129,452190,61,1372
450757,452131,452190,59,1374
450922,452167,452190,23,1245
450757,452130,452191,61,1373
450922,452189,452191,2,1267
450922,452190,452192,2,1268
450922,452188,452191,3,1266
450757,452142,452192,50,1385
450922,452189,452191,2,1267
450922,452181,452193,12,1259
450922,452190,452192,2,1268
450922,452189,452192,3,1267
450922,452190,452192,2,1268
450922,452191,452193,2,1269
450922,452190,452192,2,1268
450922,452180,452194,14,1258
450922,452191,452194,3,1269
450757,452142,452193,51,1385
450922,452192,452193,1,1270
450922,452192,452195,3,1270
450922,452192,452194,2,1270
450922,452192,452194,2,1270
450922,452193,452195,2,1271
450922,452193,452196,3,1271
450922,452194,452196,2,1272
450922,452193,452195,2,1271
450922,452193,452195,2,1271
450922,452194,452195,1,1272
450922,452193,452196,3,1271
450922,452193,452196,3,1271
450922,452195,452197,2,1273
450922,452194,452196,2,1272
450922,452194,452196,2,1272
450922,452196,452198,2,1274
450922,452195,452198,3,1273
450922,452195,452197,2,1273
450757,452134,452199,65,1377
450922,452196,452199,3,1274
450922,452197,452198,1,1275
450922,452197,452199,2,1275
450922,452196,452198,2,1274
450922,452196,452198,2,1274
450922,452168,452200,32,1246
450922,452196,452199,3,1274
450922,452197,452199,2,1275
450922,452197,452199,2,1275
450922,452197,452201,4,1275
450922,452169,452201,32,1247
450757,452147,452207,60,1390
450922,452166,452208,42,1244
450922,452165,452209,44,1243
450922,452197,452209,12,1275
450922,452167,452210,43,1245
450922,452175,452211,36,1253
450922,452165,452211,46,1243
450922,452170,452212,42,1248
450922,452166,452214,48,1244
450922,452169,452215,46,1247
450922,452170,452215,45,1248
450922,452175,452215,40,1253
450922,452168,452216,48,1246
450922,452165,452217,52,1243
450922,452167,452216,49,1245
450922,452176,452218,42,1254
450922,452198,452219,21,1276
450922,452170,452220,50,1248
450922,452168,452221,53,1246
450922,452176,452223,47,1254
450922,452172,452223,51,1250
450922,452170,452225,55,1248
450922,452169,452226,57,1247
450922,452215,452226,11,1293
450922,452167,452227,60,1245
450922,452165,452227,62,1243
450922,452173,452227,54,1251
450922,452215,452229,14,1293
450922,452211,452241,30,1289
450922,452198,452243,45,1276
450922,452200,452243,43,1278
450922,452199,452245,46,1277
450922,452199,452245,46,1277
450922,452201,452246,45,1279
450922,452219,452247,28,1297
450922,452200,452247,47,1278
450922,452201,452248,47,1279
450922,452199,452250,51,1277
450922,452199,452250,51,1277
450922,452217,452251,34,1295
450922,452223,452251,28,1301
450922,452199,452252,53,1277
450922,452226,452252,26,1304
450922,452200,452253,53,1278
450922,452251,452253,2,1329
450922,452252,452254,2,1330
450922,452199,452254,55,1277
450922,452252,452254,2,1330
450922,452225,452255,30,1303
450922,452253,452255,2,1331
450922,452253,452255,2,1331
450922,452254,452256,2,1332
450922,452221,452256,35,1299
450922,452254,452256,2,1332
450922,452254,452257,3,1332
450922,452255,452257,2,1333
450922,452199,452256,57,1277
450922,452251,452258,7,1329
450922,452255,452258,3,1333
450922,452256,452258,2,1334
450922,452255,452257,2,1333
450922,452256,452257,1,1334
450922,452257,452259,2,1335
450922,452257,452259,2,1335
450922,452250,452258,8,1328
450922,452256,452258,2,1334
450922,452209,452260,51,1287
450922,452257,452260,3,1335
450922,452258,452260,2,1336
450922,452258,452260,2,1336
450922,452213,452260,47,1291
450922,452208,452261,53,1286
450922,452216,452261,45,1294
450922,452258,452261,3,1336
450922,452259,452261,2,1337
450922,452258,452260,2,1336
450922,452258,452262,4,1336
450922,452210,452262,52,1288
450922,452209,452262,53,1287
450922,452215,452263,48,1293
450922,452259,452263,4,1337
450922,452207,452263,56,1285
450922,452259,452262,3,1337
450922,452260,452263,3,1338
450922,452259,452264,5,1337
450922,452214,452264,50,1292
450922,452260,452264,4,1338
450922,452260,452265,5,1338
450922,452211,452265,54,1289
450922,452260,452265,5,1338
450922,452250,452265,15,1328
450922,452261,452266,5,1339
450922,452260,452266,6,1338
450922,452229,452266,37,1307
450922,452223,452266,43,1301
450922,452261,452267,6,1339
450922,452261,452268,7,1339
450922,452247,452270,23,1325
450922,452228,452270,42,1306
450922,452217,452271,54,1295
450922,452248,452271,23,1326
450922,452218,452271,53,1296
450922,452227,452272,45,1305
450922,452246,452275,29,1324
450922,452243,452278,35,1321
450922,452220,452278,58,1298
450922,452226,452279,53,1304
450922,452200,452280,80,1278
450922,452247,452282,35,1325
450922,452227,452286,59,1305
450922,452243,452285,42,1321
450922,452245,452296,51,1323
450922,452245,452307,62,1323
450922,452241,452309,68,1319
