submit_time,start_time,end_time,run_time,wait_time
19519,19519,19534,15,0
19841,19841,19843,2,0
31775,31775,31779,4,0
41204,41204,42181,977,0
42188,42188,43152,964,0
43159,43159,44123,964,0
44130,44130,44271,141,0
128409,128410,128414,4,1
134467,134467,134491,24,0
134596,134596,137131,2535,0
136296,136296,137268,972,0
137277,137277,137596,319,0
144991,144992,145956,964,1
145965,145965,146930,965,0
146936,146936,147901,965,0
147907,147908,148481,573,1
148546,148546,148548,2,0
148548,148548,148550,2,0
148551,148551,148552,1,0
148553,148553,148554,1,0
148555,148555,148557,2,0
148558,148558,148559,1,0
148560,148560,148562,2,0
148562,148562,148564,2,0
148565,148565,148567,2,0
148567,148567,148569,2,0
148569,148569,148571,2,0
148572,148572,148574,2,0
148574,148574,148575,1,0
148576,148576,148578,2,0
148579,148579,148580,1,0
148581,148581,148582,1,0
148583,148583,148585,2,0
148585,148586,148588,2,1
148588,148588,148590,2,0
148590,148590,148592,2,0
148592,148592,148595,3,0
148595,148595,148596,1,0
148597,148597,148598,1,0
148599,148599,148601,2,0
148602,148602,148604,2,0
148604,148604,148606,2,0
148606,148606,148608,2,0
148609,148609,148610,1,0
148611,148611,148612,1,0
148613,148613,148615,2,0
148616,148616,148618,2,0
148618,148618,148620,2,0
148620,148620,148622,2,0
148623,148623,148624,1,0
148625,148625,148626,1,0
148627,148627,148629,2,0
148630,148630,148631,1,0
148632,148632,148634,2,0
148634,148634,148635,1,0
148636,148637,148638,1,1
148639,148639,148641,2,0
148641,148641,148643,2,0
148643,148643,148646,3,0
148646,148646,148647,1,0
148648,148648,148649,1,0
148651,148651,148653,2,0
148653,148653,148655,2,0
148655,148655,148656,1,0
148657,148658,148659,1,1
148660,148660,148662,2,0
148662,148662,148664,2,0
148665,148665,148666,1,0
148667,148667,148668,1,0
148669,148669,148670,1,0
147969,147969,148940,971,0
148950,148950,149558,608,0
163167,163167,163169,2,0
163169,163169,163170,1,0
163171,163171,163172,1,0
163173,163173,163175,2,0
163175,163175,163177,2,0
163177,163177,163179,2,0
163179,163180,163181,1,1
163182,163182,163183,1,0
163184,163184,163186,2,0
163186,163186,163188,2,0
163188,163188,163190,2,0
163190,163190,163191,1,0
163192,163192,163194,2,0
163194,163194,163196,2,0
163197,163197,163199,2,0
163199,163199,163200,1,0
163201,163201,163202,1,0
163203,163203,163205,2,0
163205,163205,163207,2,0
163207,163207,163209,2,0
163209,163209,163211,2,0
163212,163212,163213,1,0
163214,163214,163216,2,0
163216,163216,163217,1,0
163218,163218,163220,2,0
163220,163220,163222,2,0
163222,163222,163225,3,0
163224,163224,163226,2,0
163227,163227,163229,2,0
163229,163229,163230,1,0
163231,163231,163233,2,0
163233,163233,163235,2,0
163235,163235,163236,1,0
163237,163237,163239,2,0
163239,163239,163241,2,0
163242,163242,163244,2,0
163244,163244,163245,1,0
163246,163246,163248,2,0
163248,163248,163250,2,0
163250,163250,163252,2,0
163252,163252,163254,2,0
163254,163255,163256,1,1
163257,163257,163258,1,0
163259,163259,163261,2,0
163261,163261,163262,1,0
163263,163263,163264,1,0
163265,163265,163266,1,0
163267,163267,163269,2,0
163269,163270,163271,1,1
163272,163272,163273,1,0
163274,163274,163275,1,0
163276,163276,163277,1,0
163278,163278,163279,1,0
163280,163280,163281,1,0
163282,163282,163283,1,0
163284,163284,163286,2,0
163286,163287,163288,1,1
163289,163289,163290,1,0
163291,163291,163292,1,0
163293,163293,163294,1,0
163295,163295,163296,1,0
163337,163337,163339,2,0
163339,163339,163341,2,0
163341,163341,163342,1,0
163343,163343,163345,2,0
163345,163345,163347,2,0
163347,163347,163349,2,0
163349,163349,163351,2,0
163352,163352,163353,1,0
163354,163354,163355,1,0
163356,163356,163357,1,0
163358,163358,163359,1,0
163360,163360,163361,1,0
163362,163362,163363,1,0
163364,163364,163366,2,0
163366,163367,163368,1,1
163369,163369,163371,2,0
163371,163371,163372,1,0
163373,163373,163374,1,0
163375,163375,163377,2,0
163377,163377,163378,1,0
163379,163379,163381,2,0
163381,163381,163383,2,0
163384,163384,163386,2,0
163386,163386,163387,1,0
163388,163388,163389,1,0
163390,163390,163392,2,0
163392,163392,163393,1,0
163394,163394,163397,3,0
163397,163397,163399,2,0
163399,163399,163400,1,0
163401,163401,163402,1,0
163403,163403,163405,2,0
163405,163405,163406,1,0
163407,163407,163409,2,0
163409,163409,163412,3,0
163412,163412,163413,1,0
163414,163414,163415,1,0
163416,163416,163417,1,0
163418,163418,163419,1,0
163420,163420,163421,1,0
163422,163422,163424,2,0
163424,163424,163426,2,0
163427,163427,163428,1,0
163429,163429,163430,1,0
163431,163431,163432,1,0
163433,163433,163434,1,0
163435,163435,163436,1,0
163437,163437,163438,1,0
163439,163439,163441,2,0
163442,163442,163443,1,0
163444,163444,163445,1,0
163446,163446,163447,1,0
163448,163448,163449,1,0
163450,163450,163451,1,0
163452,163452,163454,2,0
163454,163454,163456,2,0
163457,163457,163459,2,0
163459,163459,163461,2,0
163461,163461,163463,2,0
163463,163463,163465,2,0
163465,163465,163467,2,0
202477,202477,202920,443,0
202509,202509,203027,518,0
202496,202496,203335,839,0
202570,202570,203479,909,0
202485,202485,203660,1175,0
202562,202562,203661,1099,0
202525,202526,203816,1290,1
202535,202535,203821,1286,0
202472,202472,203830,1358,0
202463,202463,203830,1367,0
202510,202510,203842,1332,0
202530,202530,203851,1321,0
202555,202555,203865,1310,0
202516,202516,203887,1371,0
202461,202461,203963,1502,0
202497,202497,204003,1506,0
202500,202500,204012,1512,0
202498,202498,204031,1533,0
202502,202502,204050,1548,0
202527,202527,204052,1525,0
202481,202481,204086,1605,0
202486,202486,204087,1601,0
202564,202564,204119,1555,0
202540,202540,204136,1596,0
202465,202465,204140,1675,0
202524,202525,204219,1694,1
202504,202504,204244,1740,0
202547,202547,204256,1709,0
202457,202457,204287,1830,0
202539,202539,204324,1785,0
202545,202545,204327,1782,0
202515,202515,204337,1822,0
202543,202543,204368,1825,0
202508,202508,204385,1877,0
202467,202467,204397,1930,0
202476,202476,204406,1930,0
202499,202499,204417,1918,0
202506,202506,204418,1912,0
202561,202561,204422,1861,0
202505,202505,204465,1960,0
202491,202491,204482,1991,0
202480,202480,204495,2015,0
202542,202542,204500,1958,0
202554,202554,204503,1949,0
202538,202538,204505,1967,0
202457,202458,204508,2050,1
202492,202492,204533,2041,0
202460,202460,204549,2089,0
202483,202483,204561,2078,0
202478,202478,204572,2094,0
202454,202454,204603,2149,0
202575,202575,204651,2076,0
202572,202572,204661,2089,0
202485,202486,204663,2177,1
202471,202471,204672,2201,0
202488,202488,204707,2219,0
202490,202490,204732,2242,0
202474,202475,204735,2260,1
202517,202517,204786,2269,0
202551,202551,204786,2235,0
202464,202464,204798,2334,0
202532,202532,204806,2274,0
202475,202475,204811,2336,0
202529,202529,204811,2282,0
202455,202455,204836,2381,0
202469,202469,204838,2369,0
202528,202528,204863,2335,0
202534,202534,204888,2354,0
202466,202466,204890,2424,0
202456,202456,204894,2438,0
202473,202473,204895,2422,0
202560,202560,204902,2342,0
202533,202533,204955,2422,0
202537,202537,204960,2423,0
202470,202470,204961,2491,0
202503,202503,204998,2495,0
202523,202524,205009,2485,1
202468,202468,205010,2542,0
202459,202459,205016,2557,0
202579,202579,205022,2443,0
202576,202577,205070,2493,1
202512,202512,205076,2564,0
202522,202523,205088,2565,1
202531,202531,205097,2566,0
202550,202550,205099,2549,0
202465,202465,205112,2647,0
202559,202559,205113,2554,0
202487,202487,205116,2629,0
202513,202513,205128,2615,0
202508,202509,205152,2643,1
202495,202495,205169,2674,0
202521,202521,205182,2661,0
202482,202482,205185,2703,0
202520,202520,205205,2685,0
202565,202565,205208,2643,0
202511,202511,205265,2754,0
202514,202514,205266,2752,0
202484,202484,205269,2785,0
202557,202557,205277,2720,0
202462,202462,205310,2848,0
202493,202493,205317,2824,0
202507,202507,205330,2823,0
202549,202549,205339,2790,0
202573,202573,205341,2768,0
202479,202479,205345,2866,0
202494,202494,205348,2854,0
202541,202541,205353,2812,0
202473,202473,205397,2924,0
202453,202453,205410,2957,0
202489,202489,205448,2959,0
202566,202566,205456,2890,0
202458,202458,205467,3009,0
202548,202548,205527,2979,0
202546,202546,205583,3037,0
202574,202574,205584,3010,0
202578,202578,205595,3017,0
202556,202556,205608,3052,0
202501,202501,205618,3117,0
202518,202518,205759,3241,0
202536,202536,205763,3227,0
202569,202569,205833,3264,0
202581,202581,206040,3459,0
202452,202452,206055,3603,0
202571,202571,206323,3752,0
202567,202567,206428,3861,0
202589,205415,206474,1059,2826
202921,202921,206495,3574,0
202582,204682,206913,2231,2100
202585,204697,207099,2402,2112
202580,202580,207291,4711,0
202583,204687,207488,2801,2104
202588,205407,207553,2146,2819
202587,205402,207610,2208,2815
202600,206475,207954,1479,3875
202602,207481,207962,481,4879
202596,206448,208139,1691,3852
202593,205728,208210,2482,3135
202584,204692,208430,3738,2108
202591,205420,209356,3936,2829
202592,205723,209356,3633,3131
202594,205733,209356,3623,3139
202595,206443,209356,2913,3848
202597,206453,209356,2903,3856
202603,207486,209356,1870,4883
202604,207493,209356,1863,4889
202605,207498,209356,1858,4893
202608,208007,209356,1349,5399
202612,208605,209356,751,5993
202552,202553,209356,6803,1
202519,202519,209356,6837,0
202599,206458,209356,2898,3859
202607,208002,209356,1354,5395
202609,208012,209356,1344,5403
202611,208017,209356,1339,5406
202614,208610,209356,746,5996
202615,208615,209356,741,6000
209441,209442,209557,115,1
209442,209442,209557,115,0
209443,209443,209557,114,0
209444,209444,209557,113,0
209445,209445,209557,112,0
209446,209446,209557,111,0
209447,209447,209557,110,0
209448,209448,209557,109,0
209485,209485,209557,72,0
209486,209486,209557,71,0
209487,209487,209557,70,0
209488,209488,209557,69,0
209489,209489,209557,68,0
209490,209490,209557,67,0
209470,209470,209557,87,0
209471,209471,209557,86,0
209472,209472,209557,85,0
209473,209473,209557,84,0
209474,209474,209557,83,0
209475,209475,209557,82,0
209476,209476,209557,81,0
209476,209477,209557,80,1
209456,209456,209557,101,0
209456,209457,209557,100,1
209457,209457,209557,100,0
209458,209458,209557,99,0
209459,209459,209557,98,0
209460,209460,209557,97,0
209461,209461,209557,96,0
209462,209462,209557,95,0
209463,209463,209557,94,0
209464,209464,209557,93,0
209465,209465,209557,92,0
209466,209466,209557,91,0
209466,209466,209557,91,0
209467,209467,209557,90,0
209468,209468,209557,89,0
209469,209469,209557,88,0
209477,209477,209557,80,0
209478,209478,209557,79,0
209479,209479,209557,78,0
209480,209480,209557,77,0
209481,209481,209557,76,0
209482,209482,209557,75,0
209483,209483,209557,74,0
209484,209484,209557,73,0
209449,209449,209557,108,0
209449,209450,209557,107,1
209450,209450,209557,107,0
209451,209451,209557,106,0
209452,209452,209557,105,0
209453,209453,209557,104,0
209454,209454,209557,103,0
209455,209455,209557,102,0
209785,209785,210001,216,0
209786,209786,210001,215,0
209787,209787,210001,214,0
209788,209788,210001,213,0
209788,209788,210001,213,0
209789,209789,210001,212,0
209790,209790,210001,211,0
209791,209791,210001,210,0
209792,209792,210001,209,0
209793,209793,210001,208,0
209793,209793,210001,208,0
209794,209794,210001,207,0
209795,209795,210001,206,0
209796,209796,210001,205,0
209797,209797,210001,204,0
209798,209798,210001,203,0
210341,210341,211025,684,0
210341,210342,211025,683,1
210342,210342,211025,683,0
210343,210343,211025,682,0
210344,210344,211025,681,0
210345,210345,211025,680,0
210346,210346,211025,679,0
210346,210346,211025,679,0
210347,210347,211025,678,0
210348,210348,211025,677,0
210349,210349,211025,676,0
210350,210350,211025,675,0
210351,210351,211025,674,0
210352,210352,211025,673,0
210352,210352,211025,673,0
210353,210353,211025,672,0
211214,211214,211662,448,0
211249,211249,211757,508,0
211234,211234,212068,834,0
211316,211316,212194,878,0
211222,211222,212373,1151,0
211309,211309,212427,1118,0
211197,211197,212513,1316,0
211268,211268,212528,1260,0
211278,211278,212547,1269,0
211208,211208,212555,1347,0
211272,211272,212592,1320,0
211250,211250,212596,1346,0
211301,211301,212612,1311,0
211257,211257,212630,1373,0
211194,211195,212719,1524,1
211236,211237,212784,1547,1
211269,211269,212786,1517,0
211235,211236,212814,1578,1
211239,211239,212825,1586,0
211241,211241,212830,1589,0
211224,211224,212844,1620,0
211218,211218,212855,1637,0
211310,211310,212882,1572,0
211286,211286,212881,1595,0
211200,211200,212925,1725,0
211338,211759,212929,1170,421
211290,211290,213019,1729,0
211293,211293,213028,1735,0
211267,211267,213041,1774,0
211284,211284,213054,1770,0
211289,211289,213070,1781,0
211202,211202,213108,1906,0
211256,211256,213140,1884,0
211213,211213,213144,1931,0
211243,211243,213178,1935,0
211307,211307,213184,1877,0
211188,211188,213194,2006,0
211217,211217,213213,1996,0
211230,211230,213252,2022,0
211229,211229,213282,2053,0
211215,211215,213315,2100,0
211189,211189,213327,2138,0
211283,211283,213345,2062,0
211353,212858,213348,490,1505
211300,211300,213353,2053,0
211220,211220,213366,2146,0
211288,211288,213366,2078,0
211223,211223,213371,2148,0
211184,211184,213380,2196,0
211238,211238,213405,2167,0
211247,211247,213419,2172,0
211323,211324,213422,2098,1
211319,211319,213429,2110,0
211206,211207,213454,2247,1
211226,211226,213464,2238,0
211245,211245,213483,2238,0
211193,211193,213498,2305,0
211211,211211,213537,2326,0
211244,211244,213558,2314,0
211370,212926,213586,660,1556
211228,211228,213603,2375,0
211204,211205,213624,2419,1
211212,211212,213660,2448,0
211297,211297,213671,2374,0
211327,211327,213683,2356,0
211258,211258,213697,2439,0
211185,211185,213758,2573,0
211201,211201,213775,2574,0
211210,211210,213782,2572,0
211324,211324,213797,2473,0
211274,211274,213813,2539,0
211311,211311,213820,2509,0
211198,211198,213832,2634,0
211270,211270,213861,2591,0
211271,211271,213898,2627,0
211277,211277,213928,2651,0
211306,211306,213930,2624,0
211205,211206,213945,2739,1
211203,211203,213962,2759,0
211265,211265,213965,2700,0
211186,211187,213987,2800,1
211281,211281,214025,2744,0
211275,211276,214033,2757,1
211252,211252,214046,2794,0
211321,211321,214056,2735,0
211264,211264,214123,2859,0
211305,211305,214207,2902,0
211254,211254,214232,2978,0
211312,211312,214233,2921,0
211192,211192,214262,3070,0
211296,211296,214276,2980,0
211263,211263,214289,3026,0
211199,211199,214322,3123,0
211225,211225,214352,3127,0
211262,211262,214372,3110,0
211322,211322,214376,3054,0
211219,211219,214405,3186,0
211251,211251,214413,3162,0
211326,211326,214421,3095,0
211255,211255,214425,3170,0
213452,213454,214427,973,2
211273,211273,214438,3165,0
211233,211233,214445,3212,0
211304,211304,214492,3188,0
211221,211221,214503,3282,0
211315,211315,214506,3191,0
211242,211242,214526,3284,0
211386,213435,214598,1163,2049
211393,213315,214610,1295,1922
211295,211295,214618,3323,0
211329,211329,214638,3309,0
211351,213293,214667,1374,1942
211232,211232,214678,3446,0
211231,211231,214756,3525,0
211209,211209,214801,3592,0
211216,211216,214802,3586,0
211336,212514,214821,2307,1178
211365,213304,214837,1533,1939
211498,213584,214852,1268,2086
211337,212720,214889,2169,1383
214431,214432,214942,510,1
211196,211196,214944,3748,0
211227,211227,214945,3718,0
211350,211662,214973,3311,312
211248,211248,214974,3726,0
211372,213159,214985,1826,1787
211294,211294,215010,3716,0
211369,213090,215011,1921,1721
211287,211287,215018,3731,0
211280,211280,215020,3740,0
211182,211182,215020,3838,0
211421,213765,215069,1304,2344
211440,213759,215093,1334,2319
211427,213595,215100,1505,2168
211318,211318,215104,3786,0
211291,211291,215154,3863,0
211191,211191,215158,3967,0
211314,211314,215208,3894,0
211411,213765,215210,1445,2354
211302,211302,215304,4002,0
211396,213115,215328,2213,1719
211354,213034,215332,2298,1680
211430,214062,215390,1328,2632
211403,214365,215398,1033,2962
211335,213090,215402,2312,1755
211457,213519,215431,1912,2062
211484,213558,215432,1874,2074
211460,214562,215433,871,3102
211502,214823,215444,621,3321
211331,213149,215445,2296,1818
211347,213727,215448,1721,2380
211413,213519,215460,1941,2106
211246,211246,215500,4254,0
211439,214465,215530,1065,3026
211414,213518,215593,2075,2104
211499,213594,215617,2023,2095
211391,213975,215636,1661,2584
211390,213970,215641,1671,2580
211382,213462,215652,2190,2080
211360,213743,215664,1921,2383
211259,211259,215673,4414,0
211462,213815,215698,1883,2353
211407,213757,215713,1956,2350
211503,214896,215775,879,3393
211332,212964,215785,2821,1632
211361,213757,215807,2050,2396
211373,213430,215834,2404,2057
211450,214410,215860,1450,2960
211504,214563,215904,1341,3059
211495,215386,215932,546,3891
211434,213771,215951,2180,2337
211381,212913,215988,3075,1532
211377,213965,216012,2047,2588
211240,211240,216032,4792,0
211463,214670,216039,1369,3207
211342,213518,216046,2528,2176
211437,214409,216066,1657,2972
211456,212930,216067,3137,1474
211328,211328,216069,4741,0
211400,213442,216196,2754,2042
211424,213770,216210,2440,2346
211181,211181,216212,5031,0
211374,214322,216235,1913,2948
211398,213381,216238,2857,1983
211429,214547,216252,1705,3118
211395,212924,216301,3377,1529
211453,214484,216300,1816,3031
211602,215777,216337,560,4175
211408,212924,216361,3437,1516
211422,212929,216414,3485,1507
211517,215042,216419,1377,3525
211447,214557,216482,1925,3110
211466,215062,216516,1454,3596
211436,214386,216542,2156,2950
211378,213308,216589,3281,1930
211473,214083,216592,2509,2610
211546,215047,216595,1548,3501
211425,214460,216610,2150,3035
211363,213113,216616,3503,1750
211406,213743,216626,2883,2337
211530,215093,216672,1579,3563
211346,212974,216693,3719,1628
211333,212969,216734,3765,1636
211383,213475,216799,3324,2092
211401,213448,216815,3367,2047
211564,216367,216843,476,4803
211432,214552,216870,2318,3120
211344,213154,216878,3724,1810
211519,214567,216917,2350,3048
211341,213025,216926,3901,1684
211662,216474,216935,461,4812
211416,213518,216948,3430,2102
211574,215057,216962,1905,3483
211445,214072,217000,2928,2627
211454,213832,217001,3169,2378
211464,214426,217014,2588,2962
211357,213540,217028,3488,2183
211477,214558,217039,2481,3081
211459,214077,217098,3021,2618
211537,215758,217127,1369,4221
211512,213600,217131,3531,2088
211523,215652,217131,1479,4129
211566,215047,217132,2085,3481
211444,214067,217140,3073,2623
211388,214342,217204,2862,2954
211385,213328,217250,3922,1943
211545,215101,217274,2173,3556
211614,216212,217324,1112,4598
211556,215538,217331,1793,3982
211575,215952,217364,1412,4377
211536,215681,217369,1688,4145
211364,213298,217386,4088,1934
211376,213570,217393,3823,2194
211410,213756,217420,3664,2346
211524,214688,217428,2740,3164
211513,215214,217489,2275,3701
211349,213105,217489,4384,1756
211417,214057,217494,3437,2640
211554,215706,217514,1808,4152
211356,213523,217516,3993,2167
211559,215214,217521,2307,3655
211557,215543,217536,1993,3986
211506,215823,217537,1714,4317
211469,214263,217551,3288,2794
211587,215533,217564,2031,3946
211384,213195,217580,4385,1811
211510,214683,217597,2914,3173
211467,215067,217624,2557,3600
211704,217262,217641,379,5558
211533,215042,217655,2613,3509
211496,214677,217657,2980,3181
211571,216557,217660,1103,4986
211480,215075,217687,2612,3595
211603,216297,217706,1409,4694
211569,215758,217766,2008,4189
211468,213988,217788,3800,2520
211567,215052,217800,2748,3485
211509,215404,217812,2408,3895
211622,215995,217840,1845,4373
211367,212899,217853,4954,1532
211617,216329,217864,1535,4712
211448,213798,217865,4067,2350
211616,216324,217877,1553,4708
211572,215533,217899,2366,3961
211520,215832,217921,2089,4312
211487,215192,217977,2785,3705
211562,215782,217982,2200,4220
211637,216410,218032,1622,4773
211442,214552,218134,3582,3110
211549,216766,218148,1382,5217
211588,215957,218171,2214,4369
211475,214670,218183,3513,3195
211649,216238,218223,1985,4589
211579,216372,218226,1854,4793
211581,215070,218253,3183,3489
211585,216585,218290,1705,5000
211560,215052,218291,3239,3492
211489,215641,218296,2655,4152
211596,216776,218366,1590,5180
211642,216189,218369,2180,4547
211629,216184,218373,2189,4555
211677,216935,218400,1465,5258
211552,215042,218425,3383,3490
211543,215533,218435,2902,3990
211690,217030,218448,1418,5340
211526,215219,218451,3232,3693
211676,216736,218511,1775,5060
211539,215017,218519,3502,3478
211692,216914,218523,1609,5222
211548,216761,218555,1794,5213
211605,217161,218567,1406,5556
211610,217715,218611,896,6105
211471,213524,218621,5097,2053
211706,216926,218632,1706,5220
211721,217007,218678,1671,5286
211613,216610,218704,2094,4997
211482,214323,218759,4436,2841
211419,214548,218779,4231,3129
211516,214944,218790,3846,3428
211671,217239,218829,1590,5568
211652,218528,218854,326,6876
211492,215812,218866,3054,4320
211702,217745,218866,1121,6043
211590,215795,218894,3099,4205
211541,215652,218899,3247,4111
211657,217219,218918,1699,5562
211714,217973,218933,960,6259
211647,217176,218982,1806,5529
211405,214516,218991,4475,3111
211698,217751,219015,1264,6053
211635,217140,219120,1980,5505
211500,215213,219123,3910,3713
211650,216443,219131,2688,4793
211707,216931,219145,2214,5224
211621,217115,219156,2041,5494
211696,217745,219158,1413,6049
211599,216609,219197,2588,5010
211754,217793,219212,1419,6039
211522,215648,219213,3565,4126
211451,214414,219221,4807,2963
211594,216120,219232,3112,4526
211734,217788,219235,1447,6054
211609,216163,219248,3085,4554
211669,217166,219279,2113,5497
211668,217161,219289,2128,5493
211746,217522,219293,1771,5776
211659,216362,219309,2947,4703
211760,217573,219335,1762,5813
211700,217609,219395,1786,5909
211718,217286,219396,2110,5568
211624,217750,219410,1660,6126
211644,216343,219410,3067,4699
211727,217760,219416,1656,6033
211712,217755,219423,1668,6043
211493,215818,219475,3657,4325
211682,217715,219481,1766,6033
211631,216334,219486,3152,4703
211535,215861,219497,3636,4326
211592,217084,219544,2460,5492
211748,217995,219551,1556,6247
211717,217750,219569,1819,6033
211733,217324,219580,2256,5591
211693,216922,219582,2660,5229
211701,217614,219592,1978,5913
211551,216362,219614,3252,4811
211715,217995,219616,1621,6280
211486,215172,219685,4513,3686
211656,217215,219686,2471,5559
211672,217573,219786,2213,5901
211632,217166,219834,2668,5534
211697,217750,219836,2086,6053
211626,216615,219849,3234,4989
211741,218494,219855,1361,6753
211639,218523,219871,1348,6884
211607,217089,219871,2782,5482
211664,216909,219885,2976,5245
211687,217604,219912,2308,5917
211507,215827,219930,4103,4320
211646,217172,219954,2782,5526
211666,218533,220083,1550,6867
211654,217685,220091,2406,6031
211740,217800,220101,2301,6060
211685,217745,220105,2360,6060
211711,218696,220109,1413,6985
211481,215381,220115,4734,3900
211641,217661,220127,2466,6020
211688,217714,220167,2453,6026
211577,215790,220233,4443,4213
211744,217818,220289,2471,6074
211738,218704,220341,1637,6966
211633,217171,220363,3192,5538
211582,216771,220450,3679,5189
211736,219183,220527,1344,7447
211619,217166,220533,3367,5547
211527,215224,220576,5352,3697
211597,216782,220639,3857,5185
211709,218269,220669,2400,6560
211478,215805,220678,4873,4327
211694,219089,220692,1603,7395
211600,215777,220719,4942,4177
211689,217745,220815,3070,6056
211731,217750,220821,3071,6019
211674,218264,220958,2694,6590
211750,219188,220963,1775,7438
211756,219642,221026,1384,7886
211661,218233,221036,2803,6572
211752,219203,221045,1842,7451
211728,219124,221173,2049,7396
211680,218671,221256,2585,6991
211723,219178,221278,2100,7455
211627,216617,221507,4890,4990
211260,211260,221519,10259,0
211611,217745,221648,3903,6134
211729,219610,221786,2176,7881
211299,211299,222613,11314,0
211743,219637,222770,3133,7894
211681,219084,222856,3772,7403
211532,214598,222862,8264,3066
211340,213019,223303,10284,1679
211529,215219,223585,8366,3690
225099,225100,225101,1,1
225102,225102,225103,1,0
225104,225104,225106,2,0
225106,225106,225108,2,0
225108,225108,225110,2,0
225110,225110,225112,2,0
225112,225112,225114,2,0
225114,225114,225116,2,0
225116,225116,225118,2,0
225119,225119,225120,1,0
225121,225121,225123,2,0
225123,225123,225125,2,0
225125,225125,225127,2,0
225127,225127,225129,2,0
225129,225129,225131,2,0
225131,225131,225133,2,0
225133,225133,225135,2,0
225135,225135,225137,2,0
225137,225137,225139,2,0
225140,225140,225142,2,0
225142,225142,225144,2,0
225144,225144,225146,2,0
225146,225146,225147,1,0
225148,225148,225149,1,0
225150,225150,225151,1,0
225152,225152,225154,2,0
225154,225154,225157,3,0
225156,225156,225158,2,0
225158,225158,225160,2,0
225161,225161,225163,2,0
225163,225163,225165,2,0
225165,225165,225166,1,0
225167,225167,225168,1,0
225169,225169,225171,2,0
225171,225171,225172,1,0
225173,225173,225175,2,0
225175,225175,225178,3,0
225177,225177,225179,2,0
225179,225179,225181,2,0
225182,225182,225184,2,0
225184,225184,225185,1,0
225186,225186,225187,1,0
225188,225188,225189,1,0
225190,225190,225191,1,0
225192,225192,225193,1,0
225194,225194,225196,2,0
225196,225196,225198,2,0
225198,225199,225200,1,1
225201,225201,225202,1,0
225203,225203,225204,1,0
225205,225205,225206,1,0
225207,225207,225208,1,0
225209,225209,225211,2,0
225211,225211,225213,2,0
225214,225214,225215,1,0
225216,225216,225217,1,0
225218,225218,225219,1,0
225220,225220,225221,1,0
225222,225222,225224,2,0
225224,225225,225227,2,1
225227,225227,225228,1,0
225227,225227,225228,1,0
224976,224976,225407,431,0
211591,217161,225448,8287,5570
226086,226086,226088,2,0
226088,226088,226090,2,0
226090,226090,226092,2,0
226092,226092,226095,3,0
226095,226095,226096,1,0
226097,226097,226098,1,0
226099,226099,226100,1,0
226101,226101,226103,2,0
226103,226103,226105,2,0
226105,226105,226107,2,0
226107,226108,226109,1,1
226110,226110,226111,1,0
226112,226112,226114,2,0
226114,226114,226115,1,0
226116,226116,226117,1,0
226118,226118,226120,2,0
226120,226120,226123,3,0
226122,226123,226124,1,1
226125,226125,226126,1,0
226127,226127,226128,1,0
226129,226129,226131,2,0
226131,226131,226132,1,0
226133,226133,226135,2,0
226135,226136,226138,2,1
226138,226138,226139,1,0
226140,226140,226141,1,0
226142,226142,226144,2,0
226144,226144,226145,1,0
226146,226146,226148,2,0
226148,226148,226150,2,0
226150,226151,226152,1,1
226153,226153,226154,1,0
226155,226155,226156,1,0
226157,226157,226158,1,0
226159,226159,226160,1,0
226161,226161,226163,2,0
226163,226163,226165,2,0
226166,226166,226167,1,0
226168,226168,226169,1,0
226170,226170,226171,1,0
226172,226172,226174,2,0
226174,226174,226176,2,0
226176,226177,226178,1,1
226179,226179,226180,1,0
226181,226181,226182,1,0
226183,226183,226185,2,0
226185,226185,226187,2,0
226187,226187,226189,2,0
226189,226189,226191,2,0
226192,226192,226193,1,0
226194,226194,226195,1,0
226196,226196,226197,1,0
226198,226198,226200,2,0
226200,226200,226202,2,0
226202,226202,226204,2,0
226205,226205,226206,1,0
226207,226207,226208,1,0
226209,226209,226210,1,0
226211,226211,226212,1,0
226213,226213,226216,3,0
226215,226215,226217,2,0
211725,218701,226218,7517,6976
226658,226658,226660,2,0
226660,226660,226662,2,0
226662,226662,226664,2,0
226664,226664,226666,2,0
226666,226666,226669,3,0
226669,226669,226670,1,0
226671,226671,226672,1,0
226673,226673,226675,2,0
226675,226675,226676,1,0
226677,226677,226679,2,0
226679,226679,226681,2,0
226681,226681,226683,2,0
226684,226684,226686,2,0
226686,226686,226687,1,0
226688,226688,226689,1,0
226690,226690,226692,2,0
226692,226692,226694,2,0
226694,226695,226696,1,1
226697,226697,226699,2,0
226699,226699,226700,1,0
226701,226701,226702,1,0
226703,226703,226705,2,0
226705,226705,226708,3,0
226707,226707,226709,2,0
226710,226710,226711,1,0
226712,226712,226713,1,0
226714,226714,226716,2,0
226716,226716,226717,1,0
226718,226718,226721,3,0
226720,226720,226722,2,0
226722,226723,226725,2,1
226725,226725,226726,1,0
226727,226727,226729,2,0
226729,226729,226730,1,0
226731,226731,226733,2,0
226733,226733,226735,2,0
226736,226736,226738,2,0
226738,226738,226739,1,0
226740,226740,226742,2,0
226742,226742,226743,1,0
226744,226744,226746,2,0
226746,226746,226748,2,0
226749,226749,226750,1,0
226751,226751,226752,1,0
226753,226753,226754,1,0
226755,226755,226757,2,0
226757,226757,226759,2,0
226759,226759,226761,2,0
226762,226762,226763,1,0
226764,226764,226765,1,0
226766,226766,226767,1,0
226768,226768,226769,1,0
226770,226770,226772,2,0
226772,226773,226774,1,1
226775,226775,226776,1,0
226777,226777,226778,1,0
226779,226779,226780,1,0
226781,226781,226783,2,0
226783,226783,226785,2,0
226786,226786,226788,2,0
226788,226788,226789,1,0
226991,226991,226993,2,0
226993,226993,226995,2,0
226995,226995,226997,2,0
226997,226997,226999,2,0
227000,227000,227002,2,0
227002,227002,227004,2,0
227004,227004,227006,2,0
227006,227006,227007,1,0
227008,227008,227010,2,0
227010,227010,227012,2,0
227012,227012,227014,2,0
227014,227014,227017,3,0
227017,227017,227018,1,0
227019,227019,227020,1,0
227021,227021,227023,2,0
227023,227023,227025,2,0
227025,227025,227026,1,0
227027,227027,227029,2,0
227029,227029,227031,2,0
227031,227031,227033,2,0
227033,227034,227036,2,1
227036,227036,227037,1,0
227038,227038,227039,1,0
227040,227040,227042,2,0
227042,227042,227043,1,0
227044,227044,227046,2,0
227046,227046,227048,2,0
227048,227048,227051,3,0
227051,227051,227052,1,0
227053,227053,227054,1,0
227055,227055,227057,2,0
227057,227057,227058,1,0
227059,227059,227061,2,0
227061,227061,227063,2,0
227063,227063,227065,2,0
227066,227066,227068,2,0
227068,227068,227069,1,0
227070,227070,227072,2,0
227072,227072,227074,2,0
227074,227074,227076,2,0
227076,227076,227078,2,0
227078,227078,227080,2,0
227080,227080,227083,3,0
227082,227082,227085,3,0
227085,227085,227087,2,0
227087,227087,227089,2,0
227089,227089,227090,1,0
227091,227091,227093,2,0
227093,227093,227094,1,0
227095,227095,227097,2,0
227097,227097,227099,2,0
227100,227100,227101,1,0
227102,227102,227103,1,0
227104,227104,227106,2,0
227106,227106,227107,1,0
227108,227108,227109,1,0
227110,227110,227112,2,0
227112,227112,227114,2,0
227114,227114,227116,2,0
227117,227117,227118,1,0
227119,227119,227120,1,0
227611,227611,227613,2,0
227613,227613,227614,1,0
227615,227615,227617,2,0
227617,227617,227619,2,0
227619,227619,227621,2,0
227621,227621,227623,2,0
227623,227623,227625,2,0
227626,227626,227628,2,0
227628,227628,227630,2,0
227630,227630,227631,1,0
227632,227632,227634,2,0
227634,227634,227635,1,0
227636,227636,227638,2,0
227638,227638,227640,2,0
227640,227640,227641,1,0
227642,227642,227645,3,0
227644,227644,227647,3,0
227646,227647,227648,1,1
227649,227649,227651,2,0
227651,227651,227652,1,0
227653,227653,227655,2,0
227655,227655,227657,2,0
227657,227657,227658,1,0
227659,227659,227661,2,0
227661,227661,227663,2,0
227663,227663,227666,3,0
227665,227665,227667,2,0
227667,227668,227669,1,1
227670,227670,227672,2,0
227672,227672,227673,1,0
227674,227674,227675,1,0
227676,227676,227678,2,0
227678,227678,227680,2,0
227680,227680,227681,1,0
227682,227682,227683,1,0
227684,227684,227686,2,0
227686,227686,227689,3,0
227688,227688,227690,2,0
227690,227690,227692,2,0
227692,227693,227694,1,1
227695,227695,227696,1,0
227697,227697,227698,1,0
227699,227699,227700,1,0
227701,227701,227702,1,0
227703,227703,227704,1,0
227705,227705,227706,1,0
227707,227707,227708,1,0
227709,227709,227711,2,0
227711,227711,227713,2,0
227714,227714,227715,1,0
227716,227716,227717,1,0
227718,227718,227719,1,0
227720,227720,227721,1,0
227722,227722,227723,1,0
227724,227724,227726,2,0
227726,227726,227728,2,0
227728,227728,227730,2,0
227731,227731,227732,1,0
227733,227733,227734,1,0
227735,227735,227736,1,0
227737,227737,227738,1,0
227872,227872,227875,3,0
227874,227874,227876,2,0
227876,227877,227878,1,1
227879,227879,227880,1,0
227881,227881,227883,2,0
227883,227883,227884,1,0
227885,227885,227886,1,0
227887,227887,227889,2,0
227889,227889,227891,2,0
227891,227891,227893,2,0
227893,227893,227895,2,0
227895,227896,227898,2,1
227898,227898,227899,1,0
227900,227900,227901,1,0
227902,227902,227904,2,0
227904,227904,227906,2,0
227906,227906,227908,2,0
227908,227908,227910,2,0
227910,227910,227912,2,0
227912,227912,227915,3,0
227914,227915,227916,1,1
227917,227917,227919,2,0
227919,227919,227920,1,0
227921,227921,227922,1,0
227923,227923,227925,2,0
227925,227925,227926,1,0
227927,227927,227930,3,0
227929,227929,227932,3,0
227932,227932,227933,1,0
227934,227934,227936,2,0
227936,227936,227938,2,0
227938,227938,227940,2,0
227940,227940,227942,2,0
227942,227942,227944,2,0
227944,227944,227947,3,0
227946,227946,227948,2,0
227949,227949,227951,2,0
227951,227951,227952,1,0
227953,227953,227955,2,0
227955,227955,227956,1,0
227957,227957,227960,3,0
227959,227959,227961,2,0
227961,227961,227963,2,0
227964,227964,227965,1,0
227966,227966,227968,2,0
227968,227968,227969,1,0
227970,227970,227972,2,0
227972,227972,227974,2,0
227974,227974,227976,2,0
227976,227976,227978,2,0
227979,227979,227981,2,0
227981,227981,227982,1,0
227983,227983,227985,2,0
227985,227985,227986,1,0
227987,227987,227989,2,0
227989,227989,227991,2,0
227991,227991,227993,2,0
227993,227993,227995,2,0
227996,227996,227998,2,0
227998,227998,227999,1,0
228000,228000,228001,1,0
233904,233904,234874,970,0
235249,235250,235253,3,1
235250,235250,235253,3,0
235250,235250,235253,3,0
235249,235250,235253,3,1
235250,235250,235253,3,0
235250,235250,235253,3,0
235250,235250,235253,3,0
235250,235250,235254,4,0
235250,235250,235254,4,0
235258,235258,235260,2,0
235258,235258,235260,2,0
235258,235258,235260,2,0
235258,235258,235260,2,0
235258,235258,235260,2,0
235258,235258,235261,3,0
235263,235263,235265,2,0
235263,235263,235266,3,0
235263,235263,235267,4,0
235263,235263,235267,4,0
235263,235263,235267,4,0
235263,235263,235268,5,0
235263,235263,235268,5,0
235263,235263,235269,6,0
235263,235263,235269,6,0
235273,235273,235275,2,0
235273,235273,235275,2,0
235273,235273,235275,2,0
235273,235273,235275,2,0
235273,235273,235275,2,0
235273,235273,235275,2,0
235278,235278,235280,2,0
235278,235278,235281,3,0
235278,235278,235281,3,0
235278,235278,235281,3,0
235278,235278,235282,4,0
235278,235278,235283,5,0
235278,235278,235284,6,0
235278,235278,235284,6,0
235278,235278,235284,6,0
235287,235287,235289,2,0
235287,235287,235289,2,0
235287,235287,235289,2,0
235287,235287,235289,2,0
235287,235287,235290,3,0
235287,235287,235290,3,0
235292,235292,235294,2,0
235292,235292,235296,4,0
235292,235292,235296,4,0
235292,235292,235297,5,0
235292,235292,235297,5,0
235292,235292,235297,5,0
235292,235292,235298,6,0
235292,235292,235298,6,0
235292,235292,235298,6,0
235302,235302,235304,2,0
235302,235302,235304,2,0
235302,235302,235304,2,0
235302,235302,235304,2,0
235302,235302,235304,2,0
235302,235302,235305,3,0
235307,235307,235309,2,0
235307,235307,235310,3,0
235307,235307,235311,4,0
235307,235307,235311,4,0
235307,235307,235311,4,0
235307,235307,235311,4,0
235307,235307,235311,4,0
235307,235307,235312,5,0
235307,235307,235312,5,0
235315,235316,235317,1,1
235315,235315,235317,2,0
235315,235316,235318,2,1
235315,235315,235318,3,0
235315,235315,235318,3,0
235315,235315,235318,3,0
235320,235320,235323,3,0
235320,235320,235324,4,0
235320,235320,235324,4,0
235320,235321,235324,3,1
235320,235321,235324,3,1
235320,235320,235324,4,0
235320,235320,235325,5,0
235320,235321,235325,4,1
235320,235320,235326,6,0
235331,235331,235333,2,0
235331,235331,235333,2,0
235331,235331,235333,2,0
235331,235331,235333,2,0
235331,235331,235333,2,0
235331,235331,235334,3,0
235336,235336,235339,3,0
235336,235336,235339,3,0
235336,235336,235340,4,0
235336,235336,235340,4,0
235336,235336,235340,4,0
235336,235336,235341,5,0
235336,235336,235341,5,0
235336,235336,235341,5,0
235336,235336,235342,6,0
235347,235347,235348,1,0
235347,235347,235348,1,0
235347,235347,235349,2,0
235347,235347,235349,2,0
235347,235347,235349,2,0
235347,235347,235349,2,0
235352,235352,235354,2,0
235352,235352,235355,3,0
235352,235352,235355,3,0
235352,235352,235355,3,0
235352,235352,235356,4,0
235352,235352,235356,4,0
235352,235352,235357,5,0
235352,235352,235358,6,0
235352,235352,235358,6,0
235363,235363,235364,1,0
235363,235363,235364,1,0
235363,235363,235365,2,0
235363,235363,235365,2,0
235363,235363,235365,2,0
235363,235363,235365,2,0
235368,235368,235370,2,0
235368,235368,235371,3,0
235368,235368,235371,3,0
235368,235368,235371,3,0
235368,235368,235371,3,0
235368,235368,235371,3,0
235368,235368,235373,5,0
235368,235368,235373,5,0
235368,235368,235374,6,0
235382,235383,235385,2,1
235382,235383,235385,2,1
235383,235383,235386,3,0
235383,235383,235386,3,0
235383,235383,235388,5,0
235382,235383,235388,5,1
235383,235383,235388,5,0
235383,235383,235388,5,0
235383,235383,235388,5,0
235394,235394,235395,1,0
235393,235393,235396,3,0
235393,235394,235396,2,1
235393,235394,235396,2,1
235393,235394,235396,2,1
235393,235394,235396,2,1
235398,235398,235400,2,0
235398,235398,235402,4,0
235398,235399,235402,3,1
235399,235399,235402,3,0
235399,235399,235402,3,0
235398,235399,235404,5,1
235399,235399,235404,5,0
235398,235399,235404,5,1
235398,235399,235404,5,1
235409,235409,235411,2,0
235409,235409,235411,2,0
235409,235409,235411,2,0
235409,235409,235411,2,0
235409,235409,235412,3,0
235409,235409,235411,2,0
235415,235415,235417,2,0
235415,235415,235418,3,0
235415,235415,235419,4,0
235415,235415,235419,4,0
235415,235415,235419,4,0
235415,235415,235419,4,0
235415,235415,235420,5,0
235415,235415,235421,6,0
235415,235415,235421,6,0
235426,235426,235428,2,0
235426,235426,235428,2,0
235426,235426,235428,2,0
235426,235426,235428,2,0
235426,235426,235428,2,0
235426,235426,235428,2,0
235431,235431,235434,3,0
235431,235431,235434,3,0
235431,235431,235435,4,0
235431,235431,235435,4,0
235431,235431,235435,4,0
235431,235431,235435,4,0
235431,235431,235435,4,0
235431,235431,235437,6,0
235431,235431,235437,6,0
235442,235442,235443,1,0
235442,235442,235443,1,0
235442,235442,235444,2,0
235442,235442,235444,2,0
235442,235442,235444,2,0
235442,235442,235444,2,0
235447,235447,235449,2,0
235447,235447,235450,3,0
235447,235447,235450,3,0
235447,235447,235451,4,0
235447,235447,235450,3,0
235447,235447,235452,5,0
235447,235447,235452,5,0
235447,235447,235453,6,0
235447,235447,235453,6,0
235458,235458,235459,1,0
235458,235458,235460,2,0
235458,235458,235460,2,0
235458,235458,235460,2,0
235458,235458,235460,2,0
235458,235458,235459,1,0
235463,235463,235465,2,0
235463,235463,235466,3,0
235463,235463,235466,3,0
235463,235463,235467,4,0
235463,235463,235466,3,0
235463,235463,235468,5,0
235463,235463,235468,5,0
235463,235463,235468,5,0
235463,235463,235468,5,0
235474,235474,235475,1,0
235474,235474,235475,1,0
235474,235474,235476,2,0
235474,235474,235476,2,0
235474,235474,235476,2,0
235474,235474,235476,2,0
235479,235479,235481,2,0
235479,235479,235481,2,0
235479,235479,235482,3,0
235479,235479,235483,4,0
235479,235479,235483,4,0
235479,235479,235483,4,0
235479,235479,235484,5,0
235479,235479,235484,5,0
235479,235479,235485,6,0
235490,235490,235491,1,0
235490,235490,235491,1,0
235490,235490,235491,1,0
235490,235490,235492,2,0
235490,235490,235492,2,0
235490,235490,235492,2,0
235496,235496,235497,1,0
235496,235496,235498,2,0
235496,235496,235499,3,0
235496,235496,235499,3,0
235496,235496,235499,3,0
235496,235496,235500,4,0
235496,235496,235501,5,0
235496,235496,235501,5,0
235496,235496,235502,6,0
235507,235507,235508,1,0
235507,235507,235508,1,0
235507,235507,235508,1,0
235507,235507,235509,2,0
235507,235507,235509,2,0
235507,235507,235509,2,0
235512,235512,235514,2,0
235512,235512,235514,2,0
235512,235512,235515,3,0
235512,235512,235515,3,0
235512,235512,235515,3,0
235512,235512,235515,3,0
235512,235512,235517,5,0
235512,235512,235517,5,0
235512,235512,235518,6,0
235524,235524,235525,1,0
235524,235524,235526,2,0
235524,235524,235526,2,0
235524,235524,235526,2,0
235524,235524,235526,2,0
235524,235524,235526,2,0
235529,235529,235530,1,0
235529,235529,235531,2,0
235529,235529,235532,3,0
235529,235529,235532,3,0
235529,235529,235532,3,0
235529,235529,235533,4,0
235529,235529,235534,5,0
235529,235529,235534,5,0
235529,235529,235535,6,0
235539,235540,235541,1,1
235540,235540,235541,1,0
235540,235540,235541,1,0
235540,235540,235542,2,0
235540,235540,235542,2,0
235540,235540,235542,2,0
235544,235545,235546,1,1
235544,235545,235548,3,1
235545,235545,235548,3,0
235545,235545,235549,4,0
235544,235545,235550,5,1
235544,235545,235550,5,1
235545,235545,235550,5,0
235545,235545,235550,5,0
235545,235545,235551,6,0
235555,235555,235557,2,0
235555,235555,235557,2,0
235555,235555,235557,2,0
235555,235555,235557,2,0
235555,235555,235558,3,0
235555,235556,235558,2,1
234885,234887,235561,674,2
235560,235560,235562,2,0
235560,235560,235563,3,0
235560,235560,235564,4,0
235560,235560,235564,4,0
235560,235560,235564,4,0
235560,235560,235564,4,0
235560,235561,235564,3,1
235560,235561,235564,3,1
235560,235561,235564,3,1
235569,235569,235571,2,0
235569,235570,235571,1,1
235570,235570,235571,1,0
235569,235570,235572,2,1
235570,235570,235572,2,0
235569,235570,235572,2,1
235575,235575,235577,2,0
235575,235575,235578,3,0
235575,235575,235578,3,0
235575,235575,235579,4,0
235575,235575,235580,5,0
235575,235575,235580,5,0
235575,235575,235580,5,0
235575,235575,235581,6,0
235575,235575,235581,6,0
235587,235587,235588,1,0
235587,235587,235588,1,0
235587,235587,235589,2,0
235587,235587,235589,2,0
235587,235587,235589,2,0
235587,235587,235589,2,0
235592,235592,235595,3,0
235592,235592,235595,3,0
235592,235592,235595,3,0
235592,235592,235595,3,0
235592,235592,235596,4,0
235592,235592,235597,5,0
235592,235592,235597,5,0
235592,235592,235597,5,0
235592,235592,235597,5,0
235603,235603,235605,2,0
235603,235603,235605,2,0
235603,235603,235605,2,0
235603,235603,235605,2,0
235603,235603,235605,2,0
235603,235603,235606,3,0
235608,235608,235610,2,0
235608,235608,235611,3,0
235608,235608,235611,3,0
235608,235608,235611,3,0
235608,235608,235612,4,0
235608,235608,235613,5,0
235608,235608,235613,5,0
235608,235608,235614,6,0
235608,235608,235614,6,0
238573,238573,239139,566,0
296340,296340,296890,550,0
301308,301308,301746,438,0
301807,301807,302096,289,0
301829,301829,302131,302,0
302517,302518,302708,190,1
305497,305497,305921,424,0
305529,305530,306013,483,1
305516,305516,306329,813,0
305575,305575,307004,1429,0
305505,305505,307127,1622,0
305581,305581,307316,1735,0
305530,305531,307428,1897,1
305496,305496,307439,1943,0
305559,305559,307577,2018,0
305492,305492,307757,2265,0
305560,305560,307862,2302,0
305522,305522,307881,2359,0
305524,305524,307925,2401,0
305501,305501,307926,2425,0
305564,305564,307992,2428,0
305558,305558,307992,2434,0
305582,305583,308003,2420,1
305544,305544,308030,2486,0
305487,305488,308034,2546,1
305477,305477,308068,2591,0
305485,305485,308126,2641,0
305536,305536,308213,2677,0
305503,305503,308218,2715,0
305483,305483,308253,2770,0
305525,305525,308262,2737,0
305475,305475,308287,2812,0
305520,305520,308314,2794,0
305498,305498,308372,2874,0
305500,305500,308374,2874,0
305518,305518,308378,2860,0
305509,305509,308387,2878,0
305523,305523,308399,2876,0
305554,305555,308425,2870,1
305588,305588,308439,2851,0
305486,305486,308451,2965,0
305567,305567,308453,2886,0
305545,305545,308460,2915,0
305488,305488,308471,2983,0
305584,305584,308480,2896,0
305621,308029,308481,452,2408
305531,305532,308483,2951,1
305478,305478,308487,3009,0
305481,305481,308503,3022,0
305481,305481,308525,3044,0
305549,305549,308538,2989,0
305569,305569,308561,2992,0
305512,305512,308579,3067,0
305517,305517,308584,3067,0
305535,305535,308588,3053,0
305507,305507,308590,3083,0
305594,305594,308611,3017,0
305493,305493,308612,3119,0
305514,305514,308631,3117,0
305563,305563,308638,3075,0
305573,305574,308646,3072,1
305542,305542,308647,3105,0
305511,305511,308653,3142,0
305534,305534,308663,3129,0
305519,305519,308664,3145,0
305484,305484,308707,3223,0
305600,305600,308709,3109,0
305547,305547,308728,3181,0
305546,305546,308747,3201,0
305551,305551,308751,3200,0
305475,305475,308756,3281,0
305510,305510,308766,3256,0
305508,305508,308768,3260,0
305482,305482,308783,3301,0
305513,305513,308855,3342,0
305561,305561,308864,3303,0
305487,305487,308889,3402,0
305579,305579,308898,3319,0
305515,305515,308907,3392,0
305550,305550,308908,3358,0
305593,305593,308917,3324,0
305504,305504,308933,3429,0
305580,305580,308935,3355,0
305526,305526,308937,3411,0
305568,305568,308984,3416,0
305596,305596,308987,3391,0
305491,305491,308989,3498,0
305570,305570,308998,3428,0
305474,305474,309004,3530,0
305571,305571,309013,3442,0
305494,305495,309025,3530,1
305502,305502,309055,3553,0
305595,305595,309118,3523,0
305576,305576,309130,3554,0
305506,305506,309134,3628,0
305555,305556,309173,3617,1
305528,305528,309193,3665,0
305586,305586,309206,3620,0
305527,305527,309273,3746,0
305480,305480,309290,3810,0
305533,305533,309306,3773,0
305552,305552,309345,3793,0
305548,305548,309379,3831,0
305658,308734,309380,646,3076
305494,305494,309382,3888,0
305532,305532,309391,3859,0
305489,305489,309393,3904,0
305562,305562,309401,3839,0
305589,305589,309406,3817,0
305557,305557,309430,3873,0
305543,305543,309451,3908,0
305590,305590,309513,3923,0
305587,305587,309534,3947,0
305476,305476,309557,4081,0
305490,305490,309605,4115,0
305541,305541,309629,4088,0
305538,305539,309631,4092,1
305848,309075,309657,582,3227
305499,305499,309672,4173,0
305577,305577,309708,4131,0
305496,305496,309719,4223,0
305598,305598,309755,4157,0
305592,305592,309761,4169,0
305606,306013,309761,3748,407
305565,305566,309787,4221,1
305553,305553,309803,4250,0
305578,305578,309891,4313,0
305537,305537,309929,4392,0
305849,309086,309955,869,3237
305540,305540,309958,4418,0
305529,305529,309964,4435,0
305510,305510,310034,4524,0
305473,305473,310050,4577,0
305604,305922,310108,4186,318
305599,305599,310158,4559,0
305585,305585,310221,4636,0
305730,308387,310259,1872,2657
305841,309741,310297,556,3900
305793,309178,310303,1125,3385
305479,305479,310392,4913,0
305699,308864,310538,1674,3165
305918,310142,310631,489,4224
305794,308887,310727,1840,3093
305620,308011,310846,2835,2391
305521,305521,310868,5347,0
305609,308060,310871,2811,2451
305613,308351,310898,2547,2738
305679,309019,310986,1967,3340
305674,308356,311182,2826,2682
305657,308783,311200,2417,3126
305676,308571,311317,2746,2895
305616,308722,311348,2626,3106
305625,308318,311351,3033,2693
305655,308045,311389,3344,2390
305607,307981,311407,3426,2374
305611,308126,311437,3311,2515
305664,308073,311477,3404,2409
305662,308566,311512,2946,2904
305743,309563,311512,1949,3820
305605,308213,311537,3324,2608
305614,308263,311565,3302,2649
305821,308773,311585,2812,2952
305667,308525,311621,3096,2858
305677,308576,311653,3077,2899
305733,308589,311653,3064,2856
305622,308065,311669,3604,2443
305681,308758,311688,2930,3077
305851,309731,311713,1982,3880
305633,308702,311730,3028,3069
305685,308813,311730,2917,3128
305745,308766,311740,2974,3021
305738,308509,311752,3243,2771
305744,308757,311760,3003,3013
305682,308504,311772,3268,2822
305728,309020,311778,2758,3292
305619,308223,311796,3573,2604
305670,308788,311796,3008,3118
305731,308752,311802,3050,3021
305801,309020,311839,2819,3219
305669,308496,311846,3350,2827
305808,308894,311846,2952,3086
305653,308496,311904,3408,2843
305603,308702,311938,3236,3099
305601,308561,311954,3393,2960
305783,309025,311976,2951,3242
305638,308451,311996,3545,2813
305739,308514,312008,3494,2775
305675,308361,312025,3664,2686
305817,309463,312033,2570,3646
305665,308982,312045,3063,3317
305644,308729,312047,3318,3085
305812,311351,312072,721,5539
305806,309183,312087,2904,3377
305660,308729,312115,3386,3069
305804,309262,312115,2853,3458
305815,309025,312123,3098,3210
305618,308218,312147,3929,2600
305895,310222,312154,1932,4327
305672,308739,312233,3494,3067
305894,309620,312256,2636,3726
305768,309025,312279,3254,3257
305862,309131,312292,3161,3269
305680,308729,312309,3580,3049
306045,311882,312311,429,5837
305829,309032,312339,3307,3203
305666,308504,312356,3852,2838
305809,309720,312380,2660,3911
305791,309256,312397,3141,3465
305754,309025,312406,3381,3271
305684,308805,312420,3615,3121
305661,308734,312503,3769,3073
305843,309866,312505,2639,4023
305624,308253,312592,4339,2629
305816,309463,312660,3197,3647
305800,308519,312661,4142,2719
305835,309070,312744,3674,3235
305811,309153,312756,3603,3342
305904,310137,312794,2657,4233
305850,309731,312800,3069,3881
305727,309443,312841,3398,3716
305978,312267,312876,609,6289
305741,309020,312877,3857,3279
305832,309610,312877,3267,3778
305834,308778,312892,4114,2944
305863,310078,312899,2821,4215
305735,309251,312910,3659,3516
305715,308783,312962,4179,3068
305708,308734,312969,4235,3026
305656,308273,312976,4703,2617
305911,310543,313000,2457,4632
305856,309871,313001,3130,4015
305740,309020,313020,4000,3280
305923,310264,313045,2781,4341
305854,309746,313060,3314,3892
305795,308889,313067,4178,3094
305865,310772,313080,2308,4907
306001,312062,313108,1046,6061
305736,309173,313124,3951,3437
305908,310244,313145,2901,4336
306037,312865,313186,321,6828
305799,310392,313189,2797,4593
305825,310147,313201,3054,4322
305840,309736,313262,3526,3896
305615,308268,313289,5021,2653
305818,309605,313455,3850,3787
305847,309615,313592,3977,3768
305909,310258,313627,3369,4349
305861,311765,313633,1868,5904
305897,310537,313678,3141,4640
305855,309752,313679,3927,3897
305796,309027,313699,4672,3231
305820,308768,313757,4989,2948
305912,311110,313799,2689,5198
305878,310777,313799,3022,4899
305966,311036,313831,2795,5070
305986,312057,313843,1786,6071
305729,309329,313861,4532,3600
305803,309454,313865,4411,3651
305798,310050,313865,3815,4252
305980,311837,313957,2120,5857
305826,311512,314003,2491,5686
305734,309246,314006,4760,3512
305813,311437,314055,2618,5624
305889,312014,314062,2048,6125
305824,310142,314063,3921,4318
305899,311096,314073,2977,5197
305836,309726,314120,4394,3890
305842,309837,314171,4334,3995
305926,311839,314230,2391,5913
305671,308797,314260,5463,3126
305845,311301,314264,2963,5456
306017,311866,314286,2420,5849
305831,309468,314299,4831,3637
305981,311844,314423,2579,5863
305924,310548,314458,3910,4624
306013,312289,314472,2183,6276
305858,311306,314479,3173,5448
306008,311851,314618,2767,5843
305838,310152,314670,4518,4314
305961,311117,314709,3592,5156
305902,312073,314778,2705,6171
305983,311846,314857,3011,5863
305973,312962,314867,1905,6989
305914,311626,314870,3244,5712
306044,311877,314878,3001,5833
305920,312072,314923,2851,6152
305906,312062,314960,2898,6156
306012,312268,314961,2693,6256
306162,312454,314962,2508,6292
305900,311620,314963,3343,5720
305864,310767,314997,4230,4903
305875,311801,315020,3219,5926
305967,311046,315044,3998,5079
305997,311986,315054,3068,5989
306065,312870,315118,2248,6805
306040,312297,315121,2824,6257
306009,311856,315134,3278,5847
305965,312232,315137,2905,6267
306028,312267,315170,2903,6239
306026,312289,315211,2922,6263
305974,311856,315259,3403,5882
306153,314914,315273,359,8761
306099,313165,315275,2110,7066
306093,312449,315277,2828,6356
305921,312122,315285,3163,6201
305907,312067,315319,3252,6160
305903,312310,315335,3025,6407
305916,312444,315366,2922,6528
305892,311801,315371,3570,5909
305943,312289,315383,3094,6346
306088,313155,315386,2231,7067
306163,312459,315417,2958,6296
305859,311311,315429,4118,5452
306043,312289,315446,3157,6246
306071,312297,315473,3176,6226
305919,311031,315488,4457,5112
306083,313160,315532,2372,7077
306041,312444,315559,3115,6403
306140,312892,315623,2731,6752
306036,312861,315653,2792,6825
306027,312292,315659,3367,6265
305958,312616,315682,3066,6658
306177,312551,315692,3141,6374
306030,311871,315692,3821,5841
306092,312444,315746,3302,6352
306154,312899,315754,2855,6745
306015,312067,315777,3710,6052
306033,313150,315778,2628,7117
306205,313922,315800,1878,7717
306158,313170,315816,2646,7012
306161,313170,315822,2652,7009
306151,314314,315844,1530,8163
306023,312843,315853,3010,6820
305976,313030,315862,2832,7054
305830,309468,315895,6427,3638
305963,313025,315903,2878,7062
305915,312267,315906,3639,6352
306011,313165,315953,2788,7154
305882,309755,315959,6204,3873
305970,312297,315961,3664,6327
305827,311621,315983,4362,5794
305984,313112,316029,2917,7128
306025,313170,316037,2867,7145
306096,313165,316041,2876,7069
306201,313922,316044,2122,7721
305539,305539,316056,10517,0
305954,311844,316124,4280,5890
305893,311837,316144,4307,5944
305962,313020,316178,3158,7058
306084,313150,316183,3033,7066
306007,313636,316232,2596,7629
306202,313922,316294,2372,7720
305853,311615,316303,4688,5762
305971,312302,316318,4016,6331
306038,313175,316321,3146,7137
306197,314062,316327,2265,7865
306104,314062,316339,2277,7958
306189,313895,316348,2453,7706
306098,313160,316388,3228,7062
306087,313180,316398,3218,7093
306188,313175,316421,3246,6987
306190,313895,316426,2531,7705
306032,313150,316431,3281,7118
306055,313150,316451,3301,7095
306203,313954,316455,2501,7751
306095,314304,316488,2184,8209
306129,314458,316496,2038,8329
306102,313202,316537,3335,7100
306085,313155,316552,3397,7070
306210,314069,316578,2509,7859
306022,311861,316615,4754,5839
306090,314003,316653,2650,7913
306159,313895,316661,2766,7736
306082,313155,316718,3563,7073
306016,311861,316723,4862,5845
306150,314309,316724,2415,8159
306021,313895,316735,2840,7874
305822,309726,316768,7042,3904
306114,314453,316807,2354,8339
306101,314448,316819,2371,8347
306193,314796,316868,2072,8603
306155,314032,316869,2837,7877
306198,315180,316969,1789,8982
306192,314783,317013,2230,8591
306105,314779,317039,2260,8674
306164,314319,317127,2808,8155
306034,313895,317194,3299,7861
306207,315466,317247,1781,9259
306019,314299,317252,2953,8280
305992,313189,317380,4191,7197
306194,315274,317443,2169,9080
306195,315359,317509,2150,9164
306156,315326,317520,2194,9170
306166,315021,317541,2520,8855
306208,315387,317599,2212,9179
306206,314801,317635,2834,8595
305572,305572,317638,12066,0
306185,315359,317874,2515,9174
306199,315185,317978,2793,8986
305977,313035,318106,5071,7058
306091,314058,318320,4262,7967
305890,310103,318902,8799,4213
305610,308068,319256,11188,2458
305888,311957,320532,8575,6069
305969,311844,320558,8714,5875
306182,314058,321939,7881,7876
325897,325897,326293,396,0
325928,325928,326415,487,0
325915,325915,326726,811,0
325896,325896,327812,1916,0
325873,325873,328303,2430,0
325884,325884,328375,2491,0
325919,325919,328424,2505,0
325885,325885,328495,2610,0
325900,325900,328529,2629,0
325880,325880,328529,2649,0
325922,325922,328562,2640,0
325944,325944,328579,2635,0
325888,325888,328600,2712,0
325965,325965,328618,2653,0
325883,325884,328626,2742,1
325881,325881,328650,2769,0
325985,325985,328652,2667,0
325906,325906,328652,2746,0
325908,325908,328653,2745,0
325981,325981,328652,2671,0
325930,325930,328655,2725,0
325991,325992,328676,2684,1
325918,325918,328677,2759,0
325917,325917,328717,2800,0
325972,325972,328741,2769,0
325874,325874,328753,2879,0
325887,325887,328778,2891,0
325892,325892,328780,2888,0
325953,325953,328799,2846,0
325957,325957,328799,2842,0
325961,325962,328804,2842,1
325945,325945,328819,2874,0
325948,325948,328837,2889,0
325913,325913,328840,2927,0
325891,325892,328840,2948,1
325998,325998,328841,2843,0
325883,325883,328841,2958,0
325967,325967,328841,2874,0
325900,325900,328841,2941,0
325904,325904,328842,2938,0
325934,325934,328846,2912,0
325933,325933,328859,2926,0
325929,325929,328875,2946,0
325979,325979,328887,2908,0
325910,325910,328915,3005,0
325971,325971,328925,2954,0
325882,325882,328938,3056,0
325907,325907,328992,3085,0
325914,325914,329022,3108,0
325898,325898,329028,3130,0
325924,325924,329031,3107,0
325909,325909,329033,3124,0
325876,325876,329035,3159,0
325990,325990,329062,3072,0
325946,325946,329067,3121,0
325977,325977,329089,3112,0
325886,325886,329092,3206,0
325925,325925,329101,3176,0
325963,325963,329138,3175,0
325872,325872,329155,3283,0
325959,325959,329202,3243,0
325916,325916,329206,3290,0
325956,325956,329212,3256,0
325980,325980,329236,3256,0
325958,325958,329247,3289,0
325994,325994,329249,3255,0
325943,325943,329292,3349,0
325903,325903,329295,3392,0
325968,325968,329322,3354,0
325877,325877,329333,3456,0
325983,325983,329361,3378,0
325949,325949,329376,3427,0
325966,325966,329386,3420,0
325993,325993,329398,3405,0
325905,325905,329415,3510,0
325941,325941,329422,3481,0
326020,328988,329426,438,2968
325923,325923,329455,3532,0
325973,325973,329487,3514,0
325902,325902,329494,3592,0
325950,325950,329506,3556,0
325925,325926,329508,3582,1
325899,325899,329546,3647,0
325955,325955,329566,3611,0
325940,325940,329579,3639,0
325891,325891,329581,3690,0
326030,326419,329602,3183,389
325893,325893,329603,3710,0
325960,325961,329604,3643,1
325935,325935,329605,3670,0
326034,328998,329605,607,2964
325901,325901,329614,3713,0
325889,325889,329647,3758,0
325947,325947,329658,3711,0
325921,325921,329668,3747,0
325951,325951,329671,3720,0
325875,325875,329681,3806,0
325987,325987,329713,3726,0
325978,325978,329728,3750,0
325926,325926,329756,3830,0
325932,325932,329757,3825,0
325954,325954,329763,3809,0
325879,325879,329791,3912,0
325969,325969,329848,3879,0
325890,325890,329901,4011,0
325931,325931,329912,3981,0
325984,325984,329927,3943,0
325911,325911,329954,4043,0
326142,329232,329967,735,3090
325942,325942,329974,4032,0
325937,325937,330066,4129,0
325952,325952,330067,4115,0
325964,325964,330089,4125,0
326122,329022,330171,1149,2900
325989,325989,330197,4208,0
325988,325988,330212,4224,0
325871,325871,330213,4342,0
325974,325975,330263,4288,1
326190,329745,330321,576,3555
325909,325909,330327,4418,0
325939,325939,330327,4388,0
325894,325894,330391,4497,0
325927,325927,330391,4464,0
325895,325895,330410,4515,0
325936,325936,330423,4487,0
325995,325995,330429,4434,0
325982,325982,330590,4608,0
325996,325997,330593,4596,1
326192,329750,330594,844,3558
325976,325976,330702,4726,0
326014,328376,330882,2506,2362
325878,325878,330938,5060,0
326000,328313,330986,2673,2313
325912,325912,331073,5161,0
326183,330545,331119,574,4362
326010,328971,331327,2356,2961
326044,328741,331358,2617,2697
326043,328650,331425,2775,2607
326007,328971,331472,2501,2964
326051,328998,331482,2484,2947
325920,325920,331518,5598,0
326019,329031,331603,2572,3012
326134,329033,331618,2585,2899
326076,328753,331642,2889,2677
326025,328988,331732,2744,2963
326029,328529,331736,3207,2500
326015,328495,331798,3303,2480
326056,328840,331856,3016,2784
326037,328814,331868,3054,2777
326052,328994,331890,2896,2942
326058,328746,331906,3160,2688
326133,329156,331908,2752,3023
326120,329003,331911,2908,2883
326023,328805,331945,3140,2782
326114,329217,331980,2763,3103
326038,328988,331987,2999,2950
326061,329315,332003,2688,3254
326027,329003,332015,3012,2976
326128,329222,332015,2793,3094
326161,329333,332029,2696,3172
326009,328778,332030,3252,2769
326003,328988,332083,3095,2985
326033,329035,332136,3101,3002
326054,329392,332150,2758,3338
326012,328971,332152,3181,2959
326042,328626,332196,3570,2584
326064,328998,332225,3227,2934
326005,329027,332240,3213,3022
326040,329008,332333,3325,2968
326073,328777,332402,3625,2704
326068,329403,332405,3002,3335
325999,328988,332406,3418,2989
326148,329681,332429,2748,3533
326021,328993,332435,3442,2972
326112,329625,332450,2825,3513
326066,329691,332460,2769,3625
326060,329310,332483,3173,3250
326135,329676,332485,2809,3541
326050,328993,332518,3525,2943
326071,329619,332533,2914,3548
326118,328971,332559,3588,2853
326047,329305,332565,3260,3258
326123,329706,332568,2862,3583
326036,328809,332580,3771,2773
326168,329647,332605,2958,3479
326105,328841,332642,3801,2736
326175,329791,332642,2851,3616
326017,328993,332659,3666,2976
326057,329614,332684,3070,3557
326026,328998,332684,3686,2972
326049,329376,332691,3315,3327
326316,332134,332694,560,5818
326004,329022,332707,3685,3018
326113,329629,332716,3087,3516
326193,329691,332733,3042,3498
326002,328971,332818,3847,2969
326069,330024,332960,2936,3955
326219,329762,333034,3272,3543
326165,329676,333075,3399,3511
326035,329371,333086,3715,3336
326116,330035,333094,3059,3919
326218,329755,333099,3344,3537
326129,329227,333127,3900,3098
326055,329397,333146,3749,3342
326132,329035,333224,4189,2903
326267,332737,333232,495,6470
326139,329816,333276,3460,3677
326178,329681,333309,3628,3503
326062,329381,333316,3935,3319
326075,329663,333425,3762,3588
326434,333189,333471,282,6755
326124,329398,333471,4073,3274
326195,330420,333481,3061,4225
326072,328751,333481,4730,2679
326169,330697,333579,2882,4528
326031,328737,333584,4847,2706
326217,330702,333643,2941,4485
326213,330272,333661,3389,4059
326247,330697,333692,2995,4450
326177,329741,333693,3952,3564
326222,330882,333721,2839,4660
326022,328798,333728,4930,2776
326246,330653,333730,3077,4407
326126,329634,333737,4103,3508
326162,329686,333746,4060,3524
326284,331057,333756,2699,4773
326237,330986,333783,2797,4749
326013,328993,333836,4843,2980
326188,330230,333854,3624,4042
326240,330932,333865,2933,4692
326242,330446,333908,3462,4204
326063,329386,334002,4616,3323
326095,329701,334018,4317,3606
326083,330029,334035,4006,3946
326158,330757,334096,3339,4599
326525,333746,334122,376,7221
326067,329696,334132,4436,3629
326041,329386,334181,4795,3345
326167,330410,334187,3777,4243
326182,330525,334189,3664,4343
326256,331053,334232,3179,4797
326223,330938,334260,3322,4715
326179,329686,334308,4622,3507
326225,331558,334356,2798,5333
326251,331642,334461,2819,5391
326238,331563,334499,2936,5325
326137,329668,334537,4869,3531
326250,331425,334543,3118,5175
326211,331553,334547,2994,5342
326355,333546,334569,1023,7191
326174,329681,334578,4897,3507
326480,332233,334578,2345,5753
326185,330259,334653,4394,4074
326046,329300,334705,5405,3254
326473,334300,334721,421,7827
326130,330752,334747,3995,4622
326293,331798,334749,2951,5505
326125,329811,334759,4948,3686
326163,329691,334803,5112,3528
326288,331977,334827,2850,5689
326117,330747,334831,4084,4630
326233,330617,334895,4278,4384
326181,330415,334922,4507,4234
326350,331992,334935,2943,5642
326221,330525,335033,4508,4304
326170,329757,335099,5342,3587
326234,332301,335114,2813,6067
326368,331909,335127,3218,5541
326206,330503,335134,4631,4297
326283,332317,335176,2859,6034
326292,331737,335245,3508,5445
326186,332737,335266,2529,6551
326235,332306,335266,2960,6071
326351,331997,335312,3315,5646
326275,330702,335336,4634,4427
326281,332737,335416,2679,6456
326252,332157,335418,3261,5905
326248,332311,335426,3115,6063
326515,332737,335449,2712,6222
326514,332737,335450,2713,6223
326196,330576,335479,4903,4380
326358,332152,335483,3331,5794
326363,332747,335532,2785,6384
326294,332742,335574,2832,6448
326159,332492,335590,3098,6333
326357,332747,335604,2857,6390
326244,332182,335618,3436,5938
326356,332742,335652,2910,6386
326289,331986,335716,3730,5697
326253,332162,335728,3566,5909
326297,332889,335731,2842,6592
326239,332152,335736,3584,5913
326348,332742,335821,3079,6394
326296,332884,335826,2942,6588
326469,333194,335851,2657,6725
326172,332534,335871,3337,6362
326187,332742,335917,3175,6555
326287,332188,335929,3741,5901
326201,332742,335936,3194,6541
326255,332113,335971,3858,5858
326481,332737,335993,3256,6256
326369,332113,335997,3884,5744
326370,332885,336002,3117,6515
326231,332177,336049,3872,5946
326552,333756,336137,2381,7204
326390,332757,336297,3540,6367
326301,332233,336299,4066,5932
326364,333103,336338,3235,6739
326313,333511,336346,2835,7198
326302,332118,336353,4235,5816
326229,333373,336353,2980,7144
326376,332752,336363,3611,6376
326571,334461,336402,1941,7890
326405,332762,336410,3648,6357
326513,333598,336423,2825,7085
326303,332130,336457,4327,5827
326483,333199,336466,3267,6716
326226,330277,336496,6219,4051
326528,333224,336497,3273,6696
326496,333737,336501,2764,7241
326556,334300,336503,2203,7744
326448,332899,336505,3606,6451
326420,333184,336511,3327,6764
326510,333742,336525,2783,7232
326517,334313,336555,2242,7796
326585,334676,336566,1890,8091
326354,333521,336574,3053,7167
326484,333593,336578,2985,7109
326373,332894,336579,3685,6521
326428,333588,336624,3036,7160
326327,333516,336724,3208,7189
326298,332884,336746,3862,6586
326542,333783,336747,2964,7241
326285,332829,336770,3941,6544
326529,333734,336785,3051,7205
326476,334232,336836,2604,7756
326588,334989,336862,1873,8401
326538,333751,336916,3165,7213
326433,333938,336938,3000,7505
326361,334318,336950,2632,7957
326527,334955,336968,2013,8428
326477,334237,337001,2764,7760
326522,333952,337027,3075,7430
326508,333947,337032,3085,7439
326352,332894,337050,4156,6542
326531,334676,337088,2412,8145
326347,334305,337143,2838,7958
326375,334338,337150,2812,7963
326491,334300,337161,2861,7809
326589,335221,337162,1941,8632
325938,325938,337171,11233,0
326540,334962,337197,2235,8422
326545,334686,337244,2558,8141
326430,334232,337262,3030,7802
326459,334242,337272,3030,7783
326215,333332,337287,3955,7117
326474,334300,337291,2991,7826
326291,333421,337296,3875,7130
326166,329821,337306,7485,3655
326584,334543,337376,2833,7959
326312,333491,337383,3892,7179
326544,334681,337383,2702,8137
326495,333942,337415,3473,7447
326490,334242,337483,3241,7752
326486,334305,337507,3202,7819
326487,334989,337524,2535,8502
326360,334313,337545,3232,7953
326547,335537,337622,2085,8990
326587,335572,337778,2206,8985
326523,336017,337800,1783,9494
326534,334993,337875,2882,8459
326536,336060,337883,1823,9524
326431,334237,337892,3655,7806
326590,335003,337903,2900,8413
326372,332889,337917,5028,6517
326367,332899,337968,5069,6532
326437,335387,338068,2681,8950
326548,334998,338139,3141,8450
326436,335366,338182,2816,8930
326488,334305,338223,3918,7817
326537,336217,338230,2013,9680
326532,335530,338275,2745,8998
326008,326293,338279,11986,285
326493,336217,338453,2236,9724
326551,336222,338518,2296,9671
326315,332737,338556,5819,6422
326554,336222,338583,2361,9668
326173,332737,338680,5943,6564
326507,336217,338820,2603,9710
326520,336222,338963,2741,9702
325970,325970,339044,13074,0
326582,337348,339114,1766,10766
326579,336227,339133,2906,9648
326583,337353,339166,1813,10770
326478,335392,339225,3833,8914
326555,336353,339259,2906,9798
339389,339389,339784,395,0
339422,339422,339887,465,0
326227,330927,340111,9184,4700
339408,339408,340178,770,0
326230,330707,340466,9759,4477
339388,339388,341164,1776,0
339365,339366,341431,2065,1
339376,339376,341467,2091,0
339391,339392,341551,2159,1
339372,339372,341610,2238,0
339412,339412,341647,2235,0
339424,339424,341647,2223,0
339439,339439,341735,2296,0
339477,339477,341768,2291,0
339384,339384,341779,2395,0
339392,339392,341808,2416,0
339398,339398,341810,2412,0
339383,339383,341811,2428,0
339415,339415,341821,2406,0
339406,339406,341835,2429,0
339498,339498,341836,2338,0
339380,339380,341842,2462,0
339375,339375,341845,2470,0
339458,339458,341892,2434,0
339411,339411,341895,2484,0
339400,339400,341904,2504,0
339396,339396,341916,2520,0
339379,339379,341921,2542,0
339454,339454,341925,2471,0
339427,339427,341960,2533,0
339440,339441,341982,2541,1
339486,339487,341985,2498,1
339423,339423,341987,2564,0
339399,339399,341990,2591,0
339377,339377,342018,2641,0
339368,339368,342071,2703,0
339404,339404,342091,2687,0
339441,339442,342095,2653,1
339428,339428,342140,2712,0
339484,339484,342182,2698,0
339418,339418,342193,2775,0
339373,339373,342200,2827,0
339407,339407,342201,2794,0
339450,339450,342202,2752,0
339476,339476,342215,2739,0
339374,339374,342239,2865,0
339491,339492,342256,2764,1
339417,339417,342277,2860,0
339485,339485,342290,2805,0
339471,339472,342319,2847,1
339460,339460,342329,2869,0
339410,339410,342342,2932,0
339444,339444,342347,2903,0
339469,339469,342349,2880,0
339366,339366,342356,2990,0
339641,341850,342407,557,2209
339365,339365,342435,3070,0
339390,339390,342468,3078,0
339453,339453,342516,3063,0
339473,339473,342523,3050,0
339627,342192,342560,368,2565
339496,339497,342565,3068,1
339409,339409,342584,3175,0
339369,339369,342607,3238,0
339397,339397,342623,3226,0
339455,339455,342668,3213,0
339452,339452,342728,3276,0
339419,339419,342735,3316,0
339382,339382,342736,3354,0
339395,339395,342743,3348,0
339374,339374,342749,3375,0
339437,339437,342752,3315,0
339499,339499,342753,3254,0
339447,339447,342753,3306,0
339403,339403,342756,3353,0
339378,339378,342778,3400,0
339481,339482,342795,3313,1
339394,339394,342805,3411,0
339416,339416,342835,3419,0
339508,339794,342841,3047,286
339431,339431,342854,3423,0
339456,339456,342871,3415,0
339478,339478,342874,3396,0
339438,339438,342884,3446,0
339404,339405,342907,3502,1
339489,339489,342939,3450,0
339436,339437,342970,3533,1
339426,339426,342995,3569,0
339381,339381,343016,3635,0
339371,339371,343026,3655,0
339443,339443,343026,3583,0
339381,339381,343033,3652,0
339420,339420,343063,3643,0
339457,339457,343067,3610,0
326299,332889,343084,10195,6590
339451,339451,343098,3647,0
339393,339393,343103,3710,0
339470,339470,343113,3643,0
339435,339435,343135,3700,0
339391,339391,343146,3755,0
339445,339445,343164,3719,0
339385,339385,343176,3791,0
339364,339364,343269,3905,0
339425,339425,343269,3844,0
339479,339479,343278,3799,0
339493,339493,343290,3797,0
339429,339429,343302,3873,0
339446,339446,343304,3858,0
339490,339490,343343,3853,0
339515,341467,343363,1896,1952
339483,339483,343391,3908,0
339461,339466,343418,3952,5
339414,339414,343461,4047,0
339367,339367,343473,4106,0
339495,339495,343666,4171,0
339514,341431,343710,2279,1917
339542,341610,343712,2102,2068
339474,339474,343745,4271,0
339504,339903,343789,3886,399
339405,339405,343806,4401,0
339401,339402,343906,4504,1
339448,339449,343910,4461,1
339488,339488,343920,4432,0
339434,339434,343968,4534,0
339430,339430,344004,4574,0
326543,333885,344018,10133,7342
339844,343258,344041,783,3414
339494,339494,344060,4566,0
339386,339386,344087,4701,0
339995,343710,344137,427,3715
339519,342192,344273,2081,2673
339626,341845,344281,2436,2219
339387,339387,344295,4908,0
339480,339480,344318,4838,0
339660,342200,344322,2122,2540
339743,343259,344401,1142,3516
339370,339370,344470,5100,0
339509,341840,344508,2668,2331
339661,342325,344584,2259,2664
339668,341917,344623,2706,2249
339662,342192,344630,2438,2530
339421,339421,344715,5294,0
339655,341875,344732,2857,2220
339671,342397,344775,2378,2726
339682,342422,344783,2361,2740
339507,342388,344834,2446,2881
339745,342560,344849,2289,2815
339413,339413,344858,5445,0
339632,342387,344897,2510,2755
339652,342397,344926,2529,2745
339628,341965,344979,3014,2337
339676,342192,345006,2814,2516
339503,342011,345106,3095,2508
339863,342750,345108,2358,2887
339680,342397,345108,2711,2717
340002,344655,345148,493,4653
339675,342387,345173,2786,2712
339922,342975,345183,2208,3053
339512,342325,345207,2882,2813
339645,342387,345215,2828,2742
339733,342968,345215,2247,3235
339646,342392,345275,2883,2746
339905,343269,345294,2025,3364
339642,341977,345294,3317,2335
339567,341960,345311,3351,2393
339647,342392,345321,2929,2745
339736,342980,345329,2349,3244
339518,342192,345378,3186,2674
339862,342633,345410,2777,2771
339998,343268,345416,2148,3270
339630,342387,345419,3032,2757
339804,342968,345426,2458,3164
339633,342387,345471,3084,2754
339658,342392,345511,3119,2734
339510,341956,345518,3562,2446
339864,342975,345524,2549,3111
339520,342392,345531,3139,2872
339924,342990,345552,2562,3066
339731,342435,345559,3124,2704
339639,342397,345561,3164,2758
339669,342417,345566,3149,2748
339650,342198,345573,3375,2548
339636,342193,345578,3385,2557
339803,343044,345596,2552,3241
339634,342154,345633,3479,2520
339677,342193,345653,3460,2516
339637,342198,345657,3459,2561
339513,342325,345666,3341,2812
339602,342387,345695,3308,2785
339735,342963,345705,2742,3228
339861,343278,345728,2450,3417
340110,345436,345755,319,5326
339738,342921,345760,2839,3183
339695,342975,345782,2807,3280
340004,344900,345787,887,4896
339801,342968,345795,2827,3167
339643,342387,345812,3425,2744
340009,343712,345815,2103,3703
340015,343492,345822,2330,3477
339994,343487,345854,2367,3493
339684,342402,345855,3453,2718
340042,343502,345861,2359,3460
339522,341845,345883,4038,2323
339656,342392,345912,3520,2736
339651,343259,345962,2703,3608
340023,344228,345971,1743,4205
339920,343263,346011,2748,3343
339649,342192,346068,3876,2543
339999,343274,346090,2816,3275
339679,343263,346121,2858,3584
339742,343258,346124,2866,3516
339672,342528,346163,3635,2856
339919,343399,346184,2785,3480
340036,344281,346184,1903,4245
339975,343263,346187,2924,3288
339831,343202,346189,2987,3371
339667,343258,346242,2984,3591
340022,344018,346310,2292,3996
340001,343487,346362,2875,3486
340011,343965,346366,2401,3954
340218,346115,346385,270,5897
339989,343268,346400,3132,3279
339673,342959,346462,3503,3286
339753,342958,346510,3552,3205
339665,343259,346563,3304,3594
339781,342970,346569,3599,3189
339718,342959,346624,3665,3241
339683,342427,346666,4239,2744
340037,344457,346710,2253,4420
339765,342985,346719,3734,3220
339800,342963,346735,3772,3163
339664,343258,346756,3498,3594
339732,342963,346784,3821,3231
340012,344985,346816,1831,4973
339904,343203,346820,3617,3299
340016,344660,346958,2298,4644
339707,343263,346972,3709,3556
339629,341970,347018,5048,2341
339796,344256,347022,2766,4460
339923,343263,347042,3779,3340
340045,345331,347052,1721,5286
340010,343960,347078,3118,3950
339798,343263,347088,3825,3465
340006,344594,347203,2609,4588
340041,345431,347353,1922,5390
339815,343258,347362,4104,3443
340013,344990,347364,2374,4977
340044,345284,347379,2095,5240
340027,345425,347396,1971,5398
340059,345341,347400,2059,5282
339506,342387,347419,5032,2881
340039,344979,347482,2503,4940
339638,342392,347641,5249,2754
339879,343889,347642,3753,4010
340030,344665,347648,2983,4635
339740,343269,347661,4392,3529
339997,343960,347664,3704,3963
339741,343302,348001,4699,3561
340225,347592,348028,436,7367
339990,344823,348044,3221,4833
340031,344670,348088,3418,4639
340005,344974,348117,3143,4969
340032,345854,348144,2290,5822
339993,344590,348152,3562,4597
339653,343202,348156,4954,3549
340049,345634,348217,2583,5585
340035,345634,348255,2621,5599
340214,345644,348312,2668,5430
340020,345629,348367,2738,5609
340108,344980,348375,3395,4872
340034,345629,348384,2755,5595
340007,344599,348446,3847,4592
340077,345791,348458,2667,5714
340047,345855,348465,2610,5808
340109,345629,348504,2875,5520
340112,346714,348727,2013,6602
340024,345332,348728,3396,5308
340018,345792,348751,2959,5774
339797,344261,348789,4528,4464
340220,346120,348815,2695,5900
340216,346115,348880,2765,5899
340221,346233,348913,2680,6012
340213,345639,349030,3391,5426
339991,344854,349158,4304,4863
339917,343442,349261,5819,3525
340219,346120,349402,3282,5901
339956,344274,349442,5168,4318
340208,345634,349444,3810,5426
340115,347179,349577,2398,7064
340114,347174,349608,2434,7060
339432,339432,349946,10514,0
340019,345850,350112,4262,5831
340089,346654,350241,3587,6565
340215,346070,350450,4380,5855
340253,348399,350451,2052,8146
340224,347587,350776,3189,7363
340223,347582,350844,3262,7359
339942,344266,350876,6610,4324
340029,343497,350954,7457,3468
339475,339475,350962,11487,0
340116,347184,350995,3811,7068
340229,348390,350995,2605,8161
340111,346683,351063,4380,6572
340118,348342,351122,2780,8224
340125,348910,351149,2239,8785
340227,348384,351246,2862,8157
339516,342038,351293,9255,2522
340117,348337,351486,3149,8220
340124,348905,351534,2629,8781
340277,349045,351610,2565,8768
340138,351234,351769,535,11096
340274,349035,351873,2838,8761
340120,348347,352028,3681,8227
340276,349040,352055,3015,8764
340126,349858,352186,2328,9732
340025,345336,352291,6955,5311
340127,349863,352411,2548,9736
340226,348380,352440,4060,8154
340123,348900,352453,3553,8777
340238,348394,352530,4136,8156
340280,349673,352693,3020,9393
340265,349023,352776,3753,8758
340122,348895,353086,4191,8773
340281,350901,353096,2195,10620
340128,349868,353241,3373,9740
340279,349668,353445,3777,9389
340272,349028,353458,4430,8756
340136,351224,353479,2255,11088
340357,353231,353575,344,12874
340283,350911,353781,2870,10628
340284,350916,353796,2880,10632
340130,350422,353898,3476,10292
340282,350906,353972,3066,10624
340288,351755,354020,2265,11467
340132,350427,354037,3610,10295
340133,351214,354377,3163,11081
340278,349663,354386,4723,9385
340148,353655,354576,921,13507
340140,351938,354603,2665,11798
340142,351943,354849,2906,11801
340285,351745,354875,3130,11460
340146,352550,354970,2420,12404
340297,352585,355017,2432,12288
340134,351219,355066,3847,11085
340143,352535,355093,2558,12392
340329,352595,355188,2593,12266
340139,351933,355312,3379,11794
340287,351750,355329,3579,11463
340311,352590,355403,2813,12279
340356,353226,355434,2208,12870
340354,353221,355870,2649,12867
340353,352600,355942,3342,12247
340149,353660,356061,2401,13511
340144,352540,356067,3527,12396
340358,353781,356203,2422,13423
340361,353796,356458,2662,13435
340151,353665,356505,2840,13514
340155,354546,356646,2100,14391
340156,354935,357120,2185,14779
340152,354536,357346,2810,14384
340359,353786,357351,3565,13427
340365,354506,357414,2908,14141
340145,352545,357427,4882,12400
340366,354511,357671,3160,14145
340154,354541,357677,3136,14387
340137,351229,357817,6588,11092
340159,354970,358085,3115,14811
340364,354501,358236,3735,14137
340162,355459,358237,2778,15297
340157,354940,358298,3358,14783
340363,353802,358389,4587,13439
340166,356701,358782,2081,16535
340360,353791,358833,5042,13431
340374,356147,358849,2702,15773
340161,355454,358998,3544,15293
340168,356711,359096,2385,16543
340369,355394,359143,3749,15025
340167,356706,359187,2481,16539
340368,355389,359264,3875,15021
340372,355403,359312,3909,15031
340373,356142,359442,3300,15769
340165,356696,359459,2763,16531
340178,357697,359503,1806,17519
340158,354945,359819,4874,14787
340379,357433,359864,2431,17054
340367,355384,359897,4513,15017
340376,356152,360037,3885,15776
340163,355464,360109,4645,15301
340129,350417,360195,9778,10288
340377,357424,360664,3240,17047
340378,357428,360707,3279,17050
340383,358589,360716,2127,18206
340381,357438,360798,3360,17057
340382,358584,361320,2736,18202
340388,359279,361548,2269,18891
340386,359269,361549,2280,18883
340385,359264,361651,2387,18879
340391,359952,361866,1914,19561
340392,359957,362165,2208,19565
340384,358594,362214,3620,18210
340387,359274,362295,3021,18887
340394,359962,362310,2348,19568
340390,359947,362438,2491,19557
340370,355399,364728,9329,15029
385134,385134,385136,2,0
385136,385137,385138,1,1
385139,385139,385141,2,0
385141,385141,385143,2,0
385143,385143,385145,2,0
385145,385145,385147,2,0
385147,385147,385148,1,0
385149,385149,385151,2,0
385151,385151,385153,2,0
385153,385153,385155,2,0
385155,385156,385157,1,1
385158,385158,385159,1,0
385160,385160,385162,2,0
385162,385162,385163,1,0
385164,385164,385165,1,0
385166,385166,385167,1,0
385168,385168,385170,2,0
385170,385170,385172,2,0
385173,385173,385175,2,0
385175,385175,385176,1,0
385177,385177,385178,1,0
385179,385179,385180,1,0
385181,385181,385183,2,0
385183,385183,385185,2,0
385185,385185,385187,2,0
385187,385187,385189,2,0
385190,385190,385192,2,0
385192,385192,385193,1,0
385194,385194,385196,2,0
385196,385196,385197,1,0
385198,385198,385200,2,0
385200,385200,385202,2,0
385202,385202,385205,3,0
385204,385204,385206,2,0
385207,385207,385208,1,0
385209,385209,385210,1,0
385211,385211,385212,1,0
385213,385213,385214,1,0
385215,385215,385216,1,0
385217,385217,385219,2,0
385219,385219,385221,2,0
385221,385222,385223,1,1
385224,385224,385225,1,0
385226,385226,385227,1,0
385228,385228,385229,1,0
385230,385230,385233,3,0
385232,385232,385234,2,0
385234,385234,385236,2,0
385236,385237,385238,1,1
385239,385239,385241,2,0
385241,385241,385242,1,0
385243,385243,385245,2,0
385245,385245,385246,1,0
385247,385247,385249,2,0
385249,385249,385251,2,0
385251,385251,385254,3,0
385254,385254,385255,1,0
385256,385256,385258,2,0
385258,385258,385259,1,0
385260,385260,385261,1,0
385262,385262,385264,2,0
385264,385264,385266,2,0
385266,385266,385268,2,0
385268,385268,385270,2,0
385270,385270,385272,2,0
385273,385273,385274,1,0
385275,385275,385276,1,0
385277,385277,385278,1,0
385279,385279,385280,1,0
385281,385281,385282,1,0
385283,385283,385285,2,0
385285,385285,385287,2,0
385287,385287,385289,2,0
385290,385290,385291,1,0
385292,385292,385293,1,0
385294,385294,385296,2,0
385296,385296,385297,1,0
385298,385298,385299,1,0
385300,385300,385302,2,0
385302,385302,385304,2,0
385304,385304,385306,2,0
385306,385306,385308,2,0
385309,385309,385311,2,0
385311,385311,385312,1,0
385313,385313,385315,2,0
385315,385315,385316,1,0
385317,385317,385319,2,0
385319,385319,385321,2,0
385321,385321,385324,3,0
385323,385323,385325,2,0
385326,385326,385328,2,0
385328,385328,385329,1,0
385330,385330,385332,2,0
385332,385332,385333,1,0
385334,385334,385335,1,0
385336,385336,385338,2,0
385338,385338,385340,2,0
385340,385340,385342,2,0
385343,385343,385344,1,0
385345,385345,385346,1,0
385347,385347,385348,1,0
385349,385349,385350,1,0
385351,385351,385352,1,0
385353,385353,385355,2,0
385355,385355,385357,2,0
385357,385357,385359,2,0
385360,385360,385361,1,0
385362,385362,385363,1,0
385364,385364,385365,1,0
385366,385366,385367,1,0
385368,385368,385370,2,0
385370,385370,385372,2,0
385373,385373,385374,1,0
385375,385375,385376,1,0
385377,385377,385378,1,0
385379,385379,385380,1,0
385381,385381,385382,1,0
385383,385383,385385,2,0
385385,385385,385387,2,0
385388,385388,385389,1,0
385390,385390,385392,2,0
385392,385392,385394,2,0
385394,385394,385396,2,0
385396,385396,385398,2,0
385398,385398,385399,1,0
385400,385400,385403,3,0
385402,385402,385405,3,0
385404,385405,385406,1,1
385407,385407,385409,2,0
385409,385409,385410,1,0
385411,385411,385413,2,0
385413,385413,385414,1,0
385415,385415,385418,3,0
385417,385417,385419,2,0
385419,385419,385422,3,0
385421,385422,385423,1,1
385424,385424,385426,2,0
385426,385426,385427,1,0
385428,385428,385429,1,0
385430,385430,385432,2,0
385432,385433,385434,1,1
385435,385435,385436,1,0
385437,385437,385438,1,0
385439,385439,385440,1,0
385441,385441,385443,2,0
385444,385444,385445,1,0
385446,385446,385447,1,0
385448,385448,385449,1,0
385450,385450,385451,1,0
385452,385452,385453,1,0
385454,385454,385456,2,0
385456,385456,385458,2,0
385458,385458,385460,2,0
385460,385460,385462,2,0
385463,385463,385464,1,0
385465,385465,385466,1,0
385467,385467,385468,1,0
385469,385469,385470,1,0
385471,385471,385472,1,0
385473,385473,385475,2,0
385475,385475,385477,2,0
385477,385477,385479,2,0
385479,385479,385481,2,0
385482,385482,385483,1,0
385484,385484,385485,1,0
385486,385486,385487,1,0
385488,385488,385489,1,0
385490,385490,385492,2,0
385492,385492,385494,2,0
385495,385495,385496,1,0
385497,385497,385498,1,0
385499,385499,385500,1,0
385501,385501,385502,1,0
385503,385503,385505,2,0
385505,385505,385507,2,0
385507,385508,385510,2,1
385510,385510,385511,1,0
385512,385512,385514,2,0
385514,385514,385515,1,0
385516,385516,385518,2,0
385518,385518,385520,2,0
385520,385520,385523,3,0
385522,385522,385524,2,0
385525,385525,385527,2,0
385527,385527,385528,1,0
385529,385529,385530,1,0
385531,385531,385533,2,0
385533,385533,385535,2,0
385535,385535,385538,3,0
385538,385538,385539,1,0
385540,385540,385542,2,0
385542,385542,385543,1,0
385544,385544,385545,1,0
385546,385546,385547,1,0
385548,385548,385550,2,0
385550,385550,385552,2,0
385553,385553,385554,1,0
385555,385555,385556,1,0
385557,385557,385558,1,0
385559,385559,385560,1,0
385561,385561,385562,1,0
385563,385563,385564,1,0
385565,385565,385567,2,0
385567,385567,385570,3,0
385570,385570,385571,1,0
385572,385572,385574,2,0
385574,385574,385575,1,0
385576,385576,385578,2,0
385578,385578,385580,2,0
385580,385580,385582,2,0
385582,385582,385584,2,0
385585,385585,385587,2,0
385587,385587,385588,1,0
385589,385589,385590,1,0
385591,385591,385593,2,0
385593,385593,385594,1,0
385595,385595,385596,1,0
385597,385597,385600,3,0
385600,385600,385601,1,0
385602,385602,385603,1,0
385604,385604,385606,2,0
385606,385606,385608,2,0
385608,385608,385610,2,0
385610,385610,385612,2,0
385613,385613,385615,2,0
385615,385615,385617,2,0
385617,385617,385619,2,0
385619,385619,385621,2,0
385621,385621,385623,2,0
385623,385623,385625,2,0
385625,385625,385627,2,0
385627,385627,385629,2,0
385629,385630,385631,1,1
385632,385632,385633,1,0
385634,385634,385636,2,0
385636,385636,385637,1,0
385638,385638,385640,2,0
385640,385640,385642,2,0
385642,385642,385644,2,0
385644,385644,385646,2,0
385647,385647,385649,2,0
385649,385649,385650,1,0
385651,385651,385653,2,0
385653,385653,385654,1,0
385655,385655,385657,2,0
385657,385657,385659,2,0
385660,385660,385661,1,0
385662,385662,385663,1,0
385664,385664,385666,2,0
385666,385666,385668,2,0
385668,385668,385670,2,0
385670,385670,385672,2,0
385672,385672,385674,2,0
385675,385675,385676,1,0
385677,385677,385679,2,0
385679,385679,385681,2,0
385681,385681,385683,2,0
385683,385683,385685,2,0
385685,385685,385688,3,0
385687,385688,385690,2,1
385690,385690,385692,2,0
385692,385692,385694,2,0
385694,385694,385695,1,0
385696,385696,385698,2,0
385698,385698,385700,2,0
385700,385700,385702,2,0
385703,385703,385704,1,0
385705,385705,385706,1,0
385707,385707,385709,2,0
385709,385709,385710,1,0
385711,385711,385713,2,0
385713,385713,385714,1,0
385715,385715,385717,2,0
385717,385718,385719,1,1
385720,385720,385721,1,0
385722,385722,385723,1,0
385724,385724,385725,1,0
385726,385726,385727,1,0
385728,385728,385729,1,0
385730,385730,385731,1,0
385732,385732,385733,1,0
385734,385734,385736,2,0
385736,385736,385737,1,0
385738,385738,385740,2,0
385741,385741,385742,1,0
385743,385743,385744,1,0
385745,385745,385746,1,0
385747,385747,385748,1,0
385749,385749,385750,1,0
385751,385751,385752,1,0
385753,385753,385754,1,0
385755,385755,385757,2,0
385757,385757,385759,2,0
385760,385760,385761,1,0
385762,385762,385763,1,0
385764,385764,385765,1,0
385766,385766,385767,1,0
385768,385768,385769,1,0
385770,385770,385771,1,0
385772,385772,385773,1,0
385774,385774,385776,2,0
385776,385776,385778,2,0
385778,385778,385780,2,0
385780,385781,385782,1,1
385783,385783,385784,1,0
385784,385784,385786,2,0
385787,385787,385788,1,0
385789,385789,385790,1,0
385791,385791,385792,1,0
385793,385793,385794,1,0
385795,385795,385796,1,0
385797,385797,385798,1,0
385799,385799,385800,1,0
385801,385801,385803,2,0
385803,385803,385805,2,0
385805,385805,385807,2,0
385807,385807,385809,2,0
385809,385810,385811,1,1
385812,385812,385813,1,0
385814,385814,385815,1,0
385816,385816,385817,1,0
385818,385818,385819,1,0
385820,385820,385821,1,0
385822,385822,385823,1,0
385824,385824,385825,1,0
385826,385826,385828,2,0
385828,385828,385830,2,0
385831,385831,385832,1,0
385833,385833,385834,1,0
385835,385835,385836,1,0
385837,385837,385838,1,0
385839,385839,385840,1,0
385841,385841,385842,1,0
385843,385843,385845,2,0
385846,385846,385847,1,0
385847,385847,385848,1,0
385849,385849,385850,1,0
385851,385851,385853,2,0
385854,385854,385855,1,0
385856,385856,385857,1,0
385858,385858,385859,1,0
385860,385860,385861,1,0
385862,385862,385864,2,0
385864,385864,385866,2,0
385867,385867,385868,1,0
385869,385869,385870,1,0
385871,385871,385872,1,0
385873,385873,385874,1,0
385875,385875,385876,1,0
385877,385877,385878,1,0
385879,385879,385880,1,0
385881,385881,385883,2,0
385883,385883,385884,1,0
385885,385885,385887,2,0
385888,385888,385889,1,0
385889,385889,385891,2,0
385892,385892,385893,1,0
385894,385894,385895,1,0
385896,385896,385897,1,0
385898,385898,385899,1,0
385900,385900,385901,1,0
385902,385902,385904,2,0
385904,385904,385907,3,0
385906,385907,385909,2,1
385909,385909,385911,2,0
385911,385911,385912,1,0
385913,385913,385915,2,0
385915,385915,385917,2,0
385917,385917,385919,2,0
385920,385920,385922,2,0
385922,385922,385923,1,0
385924,385924,385925,1,0
385926,385926,385928,2,0
385928,385928,385929,1,0
385930,385930,385931,1,0
385931,385931,385934,3,0
385933,385933,385935,2,0
385935,385935,385938,3,0
385937,385937,385939,2,0
385940,385940,385942,2,0
385942,385942,385943,1,0
385944,385944,385945,1,0
385946,385946,385948,2,0
385948,385948,385950,2,0
385950,385950,385952,2,0
385953,385953,385954,1,0
385955,385955,385956,1,0
385957,385957,385958,1,0
385959,385959,385961,2,0
385961,385961,385964,3,0
385963,385964,385966,2,1
385966,385966,385967,1,0
385967,385967,385969,2,0
385970,385970,385972,2,0
385972,385972,385973,1,0
385973,385974,385976,2,1
385975,385975,385977,2,0
385978,385978,385979,1,0
385980,385980,385981,1,0
385982,385982,385983,1,0
385984,385984,385985,1,0
385986,385986,385988,2,0
385988,385988,385990,2,0
385991,385991,385992,1,0
385993,385993,385994,1,0
385995,385995,385996,1,0
385997,385997,385998,1,0
385999,385999,386001,2,0
386002,386002,386003,1,0
386004,386004,386005,1,0
386006,386006,386008,2,0
386008,386008,386010,2,0
386011,386011,386012,1,0
386013,386013,386014,1,0
386015,386015,386016,1,0
386017,386017,386018,1,0
386019,386019,386021,2,0
386022,386022,386023,1,0
386023,386023,386025,2,0
386025,386025,386027,2,0
386027,386027,386028,1,0
386029,386029,386031,2,0
386031,386032,386033,1,1
386034,386034,386035,1,0
386036,386036,386037,1,0
386038,386038,386040,2,0
386040,386040,386041,1,0
386042,386042,386044,2,0
386044,386044,386045,1,0
386046,386046,386048,2,0
386048,386048,386050,2,0
386050,386051,386052,1,1
386053,386053,386054,1,0
386055,386055,386056,1,0
386057,386057,386058,1,0
386059,386059,386060,1,0
386061,386061,386063,2,0
386063,386063,386065,2,0
386066,386066,386067,1,0
386068,386068,386069,1,0
386069,386070,386071,1,1
386071,386071,386073,2,0
386073,386073,386076,3,0
386076,386076,386077,1,0
386078,386078,386079,1,0
386079,386079,386082,3,0
386081,386081,386083,2,0
386083,386083,386085,2,0
386085,386086,386087,1,1
386088,386088,386090,2,0
386089,386089,386091,2,0
386091,386091,386093,2,0
386093,386093,386095,2,0
386095,386096,386098,2,1
386097,386097,386099,2,0
386099,386099,386101,2,0
386101,386101,386103,2,0
386103,386103,386105,2,0
386105,386105,386107,2,0
386107,386107,386109,2,0
386109,386109,386111,2,0
386111,386111,386113,2,0
386113,386113,386115,2,0
386115,386115,386116,1,0
386117,386117,386119,2,0
386119,386119,386121,2,0
386121,386121,386123,2,0
386124,386124,386125,1,0
386126,386126,386128,2,0
386127,386127,386129,2,0
386130,386130,386132,2,0
386132,386132,386134,2,0
386133,386133,386136,3,0
386135,386135,386137,2,0
386138,386138,386140,2,0
386140,386140,386142,2,0
386142,386142,386144,2,0
386144,386144,386145,1,0
386146,386146,386148,2,0
386148,386148,386150,2,0
386150,386150,386152,2,0
386152,386152,386154,2,0
386154,386154,386156,2,0
386156,386156,386158,2,0
386158,386158,386159,1,0
386159,386160,386162,2,1
386162,386162,386164,2,0
386164,386164,386166,2,0
386166,386166,386168,2,0
386167,386167,386169,2,0
386169,386169,386171,2,0
386171,386171,386173,2,0
386173,386173,386175,2,0
386175,386175,386177,2,0
386177,386177,386179,2,0
386179,386179,386180,1,0
386181,386181,386182,1,0
386183,386183,386185,2,0
386185,386185,386186,1,0
386186,386186,386188,2,0
386188,386189,386190,1,1
386191,386191,386192,1,0
386192,386192,386194,2,0
386194,386194,386196,2,0
386196,386196,386198,2,0
386198,386198,386200,2,0
386200,386200,386201,1,0
386202,386202,386204,2,0
386204,386204,386206,2,0
386206,386206,386207,1,0
386208,386208,386209,1,0
386210,386210,386211,1,0
386212,386212,386213,1,0
386214,386214,386215,1,0
386216,386216,386218,2,0
386218,386218,386219,1,0
386220,386220,386222,2,0
386222,386222,386224,2,0
386224,386224,386226,2,0
386226,386226,386228,2,0
386228,386228,386230,2,0
386230,386230,386232,2,0
386232,386232,386234,2,0
386234,386234,386236,2,0
386236,386236,386238,2,0
386238,386238,386239,1,0
386240,386240,386242,2,0
386242,386242,386243,1,0
386244,386244,386246,2,0
386246,386246,386247,1,0
386248,386248,386250,2,0
386250,386250,386251,1,0
386252,386252,386253,1,0
386254,386254,386256,2,0
386256,386256,386257,1,0
386258,386258,386260,2,0
386260,386260,386261,1,0
386262,386262,386263,1,0
386264,386264,386265,1,0
386266,386266,386267,1,0
386268,386268,386269,1,0
386270,386270,386271,1,0
386272,386272,386273,1,0
386274,386274,386275,1,0
386276,386276,386277,1,0
386278,386278,386279,1,0
386280,386280,386281,1,0
386282,386282,386283,1,0
386284,386284,386285,1,0
386286,386286,386287,1,0
386288,386288,386289,1,0
386290,386290,386291,1,0
386292,386292,386293,1,0
386294,386294,386295,1,0
386296,386296,386297,1,0
386298,386298,386299,1,0
386300,386300,386301,1,0
386302,386302,386303,1,0
386304,386304,386305,1,0
386306,386306,386307,1,0
386308,386308,386309,1,0
386310,386310,386311,1,0
386311,386312,386313,1,1
386314,386314,386315,1,0
386316,386316,386317,1,0
386318,386318,386319,1,0
386320,386320,386321,1,0
386322,386322,386323,1,0
386324,386324,386325,1,0
386326,386326,386327,1,0
386328,386328,386329,1,0
386330,386330,386331,1,0
386332,386332,386333,1,0
386334,386334,386336,2,0
386336,386336,386338,2,0
386338,386338,386340,2,0
386340,386341,386342,1,1
386342,386342,386344,2,0
386345,386345,386346,1,0
386347,386347,386348,1,0
386349,386349,386350,1,0
386351,386351,386352,1,0
386353,386353,386354,1,0
386355,386355,386356,1,0
386357,386357,386358,1,0
386359,386359,386360,1,0
386361,386361,386362,1,0
386363,386363,386364,1,0
386365,386365,386366,1,0
386367,386367,386368,1,0
386369,386369,386370,1,0
386371,386371,386372,1,0
386373,386373,386374,1,0
386375,386375,386376,1,0
386377,386377,386379,2,0
386379,386379,386381,2,0
386381,386381,386382,1,0
386383,386383,386385,2,0
386385,386385,386387,2,0
386387,386387,386389,2,0
386390,386390,386391,1,0
386392,386392,386393,1,0
386394,386394,386395,1,0
386396,386396,386397,1,0
386398,386398,386399,1,0
386400,386400,386401,1,0
386402,386402,386403,1,0
386404,386404,386405,1,0
386406,386406,386407,1,0
386408,386408,386409,1,0
386410,386410,386411,1,0
386412,386412,386414,2,0
386414,386414,386415,1,0
386416,386416,386417,1,0
386418,386418,386419,1,0
386420,386420,386421,1,0
386422,386422,386423,1,0
386424,386424,386425,1,0
386426,386426,386427,1,0
386428,386428,386429,1,0
386430,386430,386431,1,0
386432,386432,386433,1,0
386434,386434,386435,1,0
386436,386436,386437,1,0
386438,386438,386439,1,0
386440,386440,386441,1,0
386442,386442,386443,1,0
386444,386444,386445,1,0
386446,386446,386447,1,0
386448,386448,386449,1,0
386450,386450,386451,1,0
386452,386452,386453,1,0
386453,386453,386455,2,0
386455,386456,386457,1,1
386457,386457,386459,2,0
386459,386459,386461,2,0
386461,386461,386463,2,0
386463,386463,386465,2,0
386466,386466,386467,1,0
386467,386468,386470,2,1
386470,386470,386471,1,0
386471,386471,386473,2,0
386474,386474,386475,1,0
386475,386476,386478,2,1
386478,386478,386479,1,0
386480,386480,386481,1,0
386482,386482,386483,1,0
386484,386484,386486,2,0
386486,386486,386487,1,0
386488,386488,386490,2,0
386490,386490,386491,1,0
386492,386492,386494,2,0
386494,386494,386496,2,0
386496,386496,386497,1,0
386498,386498,386500,2,0
386500,386500,386502,2,0
386502,386502,386503,1,0
386504,386504,386506,2,0
386506,386506,386508,2,0
386508,386508,386509,1,0
386510,386510,386511,1,0
386512,386512,386514,2,0
386514,386514,386517,3,0
386516,386516,386518,2,0
386518,386518,386520,2,0
386520,386520,386523,3,0
386523,386523,386525,2,0
386525,386525,386526,1,0
386527,386527,386528,1,0
386529,386529,386531,2,0
386531,386531,386533,2,0
386533,386533,386534,1,0
386535,386535,386537,2,0
386537,386537,386539,2,0
386539,386539,386541,2,0
386541,386541,386544,3,0
386543,386543,386545,2,0
386545,386545,386547,2,0
386547,386547,386549,2,0
386549,386550,386551,1,1
386551,386551,386553,2,0
386553,386554,386556,2,1
386555,386555,386557,2,0
386558,386558,386559,1,0
386559,386559,386561,2,0
386561,386561,386563,2,0
386563,386563,386565,2,0
386565,386565,386568,3,0
386567,386567,386569,2,0
386569,386570,386571,1,1
386571,386571,386573,2,0
386574,386574,386575,1,0
386575,386576,386577,1,1
386578,386578,386579,1,0
386580,386580,386581,1,0
386582,386582,386583,1,0
386584,386584,386585,1,0
386586,386586,386587,1,0
386588,386588,386589,1,0
386590,386590,386591,1,0
386592,386592,386593,1,0
386594,386594,386595,1,0
386596,386596,386597,1,0
386598,386598,386599,1,0
386600,386600,386601,1,0
386602,386602,386604,2,0
386604,386604,386605,1,0
386606,386606,386607,1,0
386608,386608,386609,1,0
386610,386610,386611,1,0
386612,386612,386613,1,0
386614,386614,386615,1,0
386616,386616,386617,1,0
386618,386618,386619,1,0
386620,386620,386621,1,0
386622,386622,386623,1,0
386624,386624,386625,1,0
386626,386626,386628,2,0
386628,386628,386630,2,0
386630,386630,386632,2,0
386632,386632,386634,2,0
386634,386635,386636,1,1
386637,386637,386638,1,0
386639,386639,386640,1,0
386641,386641,386642,1,0
386643,386643,386644,1,0
386645,386645,386646,1,0
386647,386647,386648,1,0
386649,386649,386650,1,0
386651,386651,386652,1,0
386653,386653,386654,1,0
386655,386655,386656,1,0
386657,386657,386659,2,0
386659,386659,386660,1,0
386661,386661,386663,2,0
386663,386663,386664,1,0
386665,386665,386667,2,0
386667,386667,386668,1,0
386669,386669,386671,2,0
386671,386671,386673,2,0
386673,386673,386675,2,0
386675,386675,386677,2,0
386677,386677,386679,2,0
386679,386679,386680,1,0
386681,386681,386684,3,0
386683,386683,386684,1,0
386685,386685,386687,2,0
386687,386687,386689,2,0
386689,386689,386691,2,0
386691,386691,386693,2,0
386693,386693,386695,2,0
386695,386695,386697,2,0
386697,386697,386699,2,0
386699,386700,386701,1,1
386701,386701,386703,2,0
386704,386704,386705,1,0
386706,386706,386707,1,0
386707,386708,386709,1,1
386710,386710,386711,1,0
386711,386711,386713,2,0
386714,386714,386715,1,0
386715,386715,386717,2,0
386718,386718,386719,1,0
386720,386720,386721,1,0
386721,386721,386723,2,0
386724,386724,386725,1,0
386725,386725,386727,2,0
386728,386728,386729,1,0
386729,386730,386731,1,1
386732,386732,386733,1,0
386734,386734,386735,1,0
386735,386735,386737,2,0
386738,386738,386739,1,0
386739,386740,386741,1,1
386742,386742,386743,1,0
386744,386744,386746,2,0
386745,386746,386748,2,1
386748,386748,386750,2,0
386749,386749,386751,2,0
386752,386752,386754,2,0
386754,386754,386756,2,0
386756,386756,386757,1,0
386758,386758,386760,2,0
386760,386760,386761,1,0
386762,386762,386764,2,0
386764,386764,386766,2,0
386766,386766,386768,2,0
386768,386768,386770,2,0
386770,386770,386772,2,0
386772,386772,386774,2,0
386774,386774,386776,2,0
386776,386776,386778,2,0
406732,406732,406734,2,0
406734,406734,406735,1,0
406736,406736,406737,1,0
406738,406738,406740,2,0
406740,406740,406741,1,0
406741,406741,406744,3,0
406743,406743,406745,2,0
406745,406745,406747,2,0
406747,406747,406749,2,0
406749,406749,406751,2,0
406751,406751,406752,1,0
406753,406753,406754,1,0
406755,406755,406757,2,0
406757,406757,406758,1,0
406759,406759,406761,2,0
406761,406761,406762,1,0
406763,406763,406765,2,0
406765,406765,406767,2,0
406767,406767,406769,2,0
406769,406769,406770,1,0
406771,406771,406772,1,0
406773,406773,406774,1,0
406775,406775,406776,1,0
406776,406777,406779,2,1
406778,406778,406780,2,0
406780,406781,406782,1,1
406782,406782,406785,3,0
406784,406785,406786,1,1
406786,406787,406788,1,1
406788,406788,406790,2,0
406790,406790,406792,2,0
406792,406792,406794,2,0
406794,406794,406796,2,0
406796,406796,406798,2,0
406798,406798,406799,1,0
406800,406800,406801,1,0
406802,406802,406804,2,0
406804,406804,406805,1,0
406806,406806,406807,1,0
406808,406808,406809,1,0
406810,406810,406811,1,0
406812,406812,406813,1,0
406814,406814,406815,1,0
406816,406816,406817,1,0
406818,406818,406819,1,0
406820,406820,406821,1,0
406822,406822,406823,1,0
406824,406824,406825,1,0
406825,406826,406827,1,1
406827,406827,406829,2,0
406829,406829,406831,2,0
406831,406831,406832,1,0
406833,406833,406834,1,0
406835,406835,406836,1,0
406837,406837,406838,1,0
406839,406839,406840,1,0
406841,406841,406842,1,0
406843,406843,406844,1,0
406845,406845,406846,1,0
406847,406847,406848,1,0
406849,406849,406850,1,0
406850,406850,406852,2,0
406852,406852,406854,2,0
406854,406854,406856,2,0
406856,406856,406857,1,0
406858,406858,406859,1,0
406860,406860,406861,1,0
406862,406862,406863,1,0
406864,406864,406865,1,0
406866,406866,406867,1,0
406868,406868,406869,1,0
406870,406870,406872,2,0
406872,406872,406873,1,0
406874,406874,406876,2,0
406876,406876,406877,1,0
406878,406878,406880,2,0
406880,406880,406881,1,0
406882,406882,406884,2,0
406884,406884,406885,1,0
406886,406886,406888,2,0
406888,406888,406890,2,0
406890,406890,406892,2,0
406892,406892,406894,2,0
406894,406894,406896,2,0
406896,406896,406898,2,0
406898,406898,406900,2,0
406900,406900,406902,2,0
406902,406902,406904,2,0
406904,406904,406906,2,0
406906,406906,406908,2,0
406908,406908,406910,2,0
406910,406910,406912,2,0
406911,406912,406914,2,1
406914,406914,406916,2,0
406915,406916,406918,2,1
406917,406917,406919,2,0
406919,406919,406921,2,0
406921,406921,406924,3,0
406923,406923,406926,3,0
406925,406925,406927,2,0
406927,406927,406929,2,0
406929,406929,406930,1,0
406931,406931,406933,2,0
406933,406933,406934,1,0
406935,406935,406936,1,0
406937,406937,406938,1,0
406939,406939,406940,1,0
406941,406941,406942,1,0
406943,406943,406944,1,0
406945,406945,406946,1,0
406947,406947,406948,1,0
406949,406949,406950,1,0
406951,406951,406952,1,0
406952,406952,406954,2,0
406954,406954,406956,2,0
406956,406956,406958,2,0
406958,406958,406960,2,0
406960,406960,406961,1,0
406962,406962,406963,1,0
406964,406964,406965,1,0
406966,406966,406967,1,0
406968,406968,406969,1,0
406970,406970,406971,1,0
406972,406972,406973,1,0
406974,406974,406975,1,0
406976,406976,406977,1,0
406978,406978,406979,1,0
406980,406980,406981,1,0
406982,406982,406983,1,0
406984,406984,406985,1,0
406985,406985,406987,2,0
406987,406987,406989,2,0
406989,406989,406991,2,0
406991,406991,406993,2,0
406993,406993,406994,1,0
406995,406995,406997,2,0
406997,406997,406998,1,0
406999,406999,407000,1,0
407001,407001,407002,1,0
407003,407003,407004,1,0
407005,407005,407006,1,0
407007,407007,407008,1,0
407009,407009,407010,1,0
407011,407011,407012,1,0
407013,407013,407014,1,0
407015,407015,407017,2,0
407016,407016,407019,3,0
407018,407018,407021,3,0
407020,407020,407022,2,0
407022,407022,407024,2,0
407024,407024,407026,2,0
407026,407026,407028,2,0
407028,407028,407030,2,0
407030,407030,407032,2,0
407032,407032,407035,3,0
407034,407034,407035,1,0
407036,407036,407038,2,0
407038,407038,407040,2,0
407040,407040,407041,1,0
407042,407042,407044,2,0
407044,407044,407046,2,0
407046,407046,407047,1,0
407048,407048,407050,2,0
407050,407050,407051,1,0
407052,407052,407054,2,0
407054,407054,407055,1,0
407056,407056,407058,2,0
407058,407058,407059,1,0
407059,407060,407062,2,1
407061,407061,407063,2,0
407063,407063,407065,2,0
407065,407065,407067,2,0
407067,407067,407069,2,0
407069,407069,407071,2,0
407071,407071,407073,2,0
407073,407073,407075,2,0
407075,407075,407077,2,0
407077,407077,407079,2,0
407079,407079,407081,2,0
407081,407081,407083,2,0
407083,407083,407085,2,0
407085,407085,407087,2,0
407087,407087,407089,2,0
407089,407089,407091,2,0
407091,407091,407093,2,0
407093,407093,407095,2,0
407095,407095,407097,2,0
407097,407097,407099,2,0
407099,407099,407101,2,0
407101,407101,407102,1,0
407103,407103,407104,1,0
407105,407105,407106,1,0
407107,407107,407108,1,0
407109,407109,407110,1,0
407111,407111,407112,1,0
407113,407113,407115,2,0
407115,407115,407116,1,0
407117,407117,407118,1,0
410873,410873,414271,3398,0
459404,459404,459966,562,0
459372,459372,459985,613,0
459391,459391,460356,965,0
459372,459372,461182,1810,0
459360,459360,461652,2292,0
459395,459395,461884,2489,0
459349,459349,461903,2554,0
459393,459393,461922,2529,0
459450,459450,461931,2481,0
459406,459406,461946,2540,0
459363,459363,461956,2593,0
459375,459375,461979,2604,0
459361,459361,461986,2625,0
459383,459383,461990,2607,0
459420,459420,462024,2604,0
459368,459368,462031,2663,0
459400,459400,462051,2651,0
459355,459355,462072,2717,0
459470,459470,462095,2625,0
459464,459465,462107,2642,1
459389,459389,462108,2719,0
459476,459476,462118,2642,0
459376,459376,462119,2743,0
459424,459424,462127,2703,0
459359,459359,462133,2774,0
459362,459363,462142,2779,1
459459,459459,462142,2683,0
459421,459421,462142,2721,0
459350,459350,462157,2807,0
459434,459434,462176,2742,0
459409,459409,462189,2780,0
459455,459455,462196,2741,0
459457,459457,462224,2767,0
459449,459449,462224,2775,0
459386,459386,462230,2844,0
459397,459398,462236,2838,1
459367,459367,462236,2869,0
459393,459394,462240,2846,1
459410,459410,462245,2835,0
459442,459442,462252,2810,0
459458,459458,462253,2795,0
459473,459473,462283,2810,0
459399,459399,462290,2891,0
459352,459352,462320,2968,0
459348,459348,462330,2982,0
459405,459405,462337,2932,0
459380,459380,462350,2970,0
459430,459430,462359,2929,0
459357,459357,462362,3005,0
459385,459385,462371,2986,0
459469,459469,462376,2907,0
459382,459382,462378,2996,0
459356,459356,462381,3025,0
459425,459425,462387,2962,0
459358,459358,462400,3042,0
459373,459373,462431,3058,0
459422,459422,462432,3010,0
459390,459390,462450,3060,0
459381,459381,462484,3103,0
459462,459462,462501,3039,0
459436,459436,462519,3083,0
459439,459439,462523,3084,0
459382,459382,462528,3146,0
459379,459379,462535,3156,0
459446,459446,462548,3102,0
459392,459392,462553,3161,0
459366,459366,462567,3201,0
459461,459461,462619,3158,0
459362,459362,462628,3266,0
459369,459369,462640,3271,0
459451,459451,462654,3203,0
459498,462138,462659,521,2640
459440,459440,462675,3235,0
459521,462132,462678,546,2611
459443,459444,462700,3256,1
459426,459426,462725,3299,0
459353,459353,462750,3397,0
459433,459434,462752,3318,1
459445,459445,462789,3344,0
459351,459351,462802,3451,0
459437,459437,462839,3402,0
459456,459456,462847,3391,0
459423,459423,462852,3429,0
459388,459388,462859,3471,0
459432,459432,462881,3449,0
459419,459419,462910,3491,0
459484,459985,462933,2948,501
459431,459431,462946,3515,0
459397,459397,462953,3556,0
459427,459427,462979,3552,0
459398,459398,462982,3584,0
459407,459407,462986,3579,0
459364,459364,462995,3631,0
459378,459378,463012,3634,0
459416,459416,463025,3609,0
459417,459417,463039,3622,0
459387,459387,463048,3661,0
459365,459365,463077,3712,0
459471,459472,463082,3610,1
459411,459411,463137,3726,0
459377,459377,463155,3778,0
459466,459466,463161,3695,0
459355,459355,463167,3812,0
459452,459452,463169,3717,0
459413,459413,463202,3789,0
459474,459474,463243,3769,0
459402,459402,463269,3867,0
459418,459418,463271,3853,0
459475,459475,463303,3828,0
459401,459401,463307,3906,0
459408,459408,463311,3903,0
459581,462364,463327,963,2783
459429,459429,463415,3986,0
459415,459415,463417,4002,0
459374,459374,463460,4086,0
459441,459441,463497,4056,0
459556,463222,463560,338,3666
459370,459370,463573,4203,0
459463,459463,463580,4117,0
459468,459468,463612,4144,0
459403,459403,463769,4366,0
459412,459412,463804,4392,0
459371,459371,463840,4469,0
459598,463347,463909,562,3749
459514,462364,463917,1553,2850
459636,463167,463940,773,3531
459347,459348,463965,4617,1
459453,459454,464034,4580,1
459467,459467,464054,4587,0
459354,459354,464126,4772,0
459532,462102,464355,2253,2570
459490,461652,464407,2755,2162
459447,459447,464518,5071,0
459485,462133,464564,2431,2648
459435,459435,464566,5131,0
459627,464029,464596,567,4402
459488,462364,464600,2236,2876
459538,462376,464689,2313,2838
459547,462342,464696,2354,2795
459496,462364,464746,2382,2868
459546,462157,464775,2618,2611
459594,462381,464837,2456,2787
459503,462376,464844,2468,2873
459526,462152,464945,2793,2626
459396,459396,464976,5580,0
459525,462371,464988,2617,2846
459492,462405,465013,2608,2913
459535,462138,465060,2922,2603
459580,462341,465068,2727,2761
459548,462392,465211,2819,2844
459479,462400,465229,2829,2921
459541,462501,465254,2753,2960
459540,462448,465292,2844,2908
459505,461987,465298,3311,2482
459506,462415,465305,2890,2909
459481,462341,465343,3002,2860
459448,459448,465363,5915,0
459602,462762,465422,2660,3160
459558,462799,465434,2635,3241
459603,462788,465476,2688,3185
459607,462995,465498,2503,3388
459563,462410,465510,3100,2847
459631,463222,465557,2335,3591
459536,462540,465580,3040,3004
459537,462545,465581,3036,3008
459527,462157,465641,3484,2630
459545,462794,465666,2872,3249
459478,462397,465667,3270,2919
459524,462369,465682,3313,2845
459592,462986,465709,2723,3394
459571,463294,465709,2415,3723
459573,462812,465735,2923,3239
459499,462147,465744,3597,2648
459508,462528,465785,3257,3020
459507,462420,465828,3408,2913
459574,462731,465829,3098,3157
459495,462526,465827,3301,3031
459593,462991,465828,2837,3398
459599,463347,465855,2508,3748
459552,462376,465861,3485,2824
459637,463347,465910,2563,3710
459482,462341,465918,3577,2859
459644,463267,466020,2753,3623
459557,463241,466027,2786,3684
459531,462788,466054,3266,3257
459543,463217,466077,2860,3674
459502,462369,466083,3714,2867
459549,462397,466103,3706,2848
459564,462549,466114,3565,2985
459542,462371,466155,3784,2829
459597,463352,466164,2812,3755
459615,463180,466170,2990,3565
459528,462370,466315,3945,2842
459582,463318,466321,3003,3736
459578,462982,466327,3345,3404
459487,462120,466369,4249,2633
459670,463708,466371,2663,4038
459688,465834,466381,547,6146
459555,462533,466416,3883,2978
459566,462379,466429,4050,2813
459533,462133,466436,4303,2600
459741,464845,466463,1618,5104
459587,463637,466471,2834,4050
459656,463667,466546,2879,4011
459692,464355,466547,2192,4663
459601,463174,466551,3377,3573
459522,462533,466587,4054,3011
459568,462540,466596,4056,2972
459561,462702,466605,3903,3141
459590,463036,466696,3660,3446
459480,462311,466717,4406,2831
459618,463870,466729,2859,4252
459623,462802,466737,3935,3179
459679,464126,466745,2619,4447
459605,463140,466760,3620,3535
459612,463986,466767,2781,4374
459622,462762,466856,4094,3140
459709,466558,466897,339,6849
459486,459966,466913,6947,480
459550,462545,466927,4382,2995
459693,464439,466938,2499,4746
459672,464034,466939,2905,4362
459559,462807,466977,4170,3248
459577,463031,467004,3973,3454
459579,462986,467026,4040,3407
459588,462762,467058,4296,3174
459501,462125,467074,4949,2624
459758,466906,467109,203,7148
459606,462991,467138,4147,3385
459645,464006,467184,3178,4361
459650,463986,467216,3230,4336
459671,463713,467229,3516,4042
459643,463189,467240,4051,3546
459620,463642,467250,3608,4022
459632,463875,467263,3388,4243
459727,464814,467269,2455,5087
459584,463318,467270,3952,3734
459610,463357,467363,4006,3747
459648,464855,467405,2550,5207
459728,466716,467429,713,6988
459586,463632,467433,3801,4046
459384,459384,467449,8065,0
459626,464008,467450,3442,4382
459617,463217,467538,4321,3600
459629,463184,467717,4533,3555
459665,463986,467798,3812,4321
459698,464986,467841,2855,5288
459647,464029,467879,3850,4382
459649,464860,467899,3039,5211
459666,465476,467931,2455,5810
459554,462525,468000,5475,2971
459754,465068,468026,2958,5314
459719,467629,468061,432,7910
459635,464850,468119,3269,5215
459766,467675,468127,452,7909
459641,465305,468197,2892,5664
459734,465660,468207,2547,5926
459621,464845,468211,3366,5224
459638,465471,468244,2773,5833
459677,465834,468266,2432,6157
459633,463880,468279,4399,4247
459673,465552,468285,2733,5879
459769,465910,468298,2388,6141
459596,463348,468311,4963,3752
459562,462405,468314,5909,2843
459684,464975,468384,3409,5291
459787,467471,468393,922,7684
459680,465486,468464,2978,5806
459721,465655,468474,2819,5934
459706,465650,468525,2875,5944
459653,465476,468552,3076,5823
459414,459414,468554,9140,0
459686,465481,468554,3073,5795
459613,464006,468556,4550,4393
459654,465310,468558,3248,5656
459668,465823,468585,2762,6155
459667,465481,468599,3118,5814
459493,462410,468614,6204,2917
459611,465442,468616,3174,5831
459591,463061,468632,5571,3470
459491,461903,468651,6748,2412
459707,465650,468658,3008,5943
459661,465822,468680,2858,6161
459676,465829,468684,2855,6153
459796,466603,468731,2128,6807
459695,466527,468782,2255,6832
459530,462386,468835,6449,2856
459746,466220,468873,2653,6474
459697,465834,468874,3040,6137
459517,462381,468898,6517,2864
459720,465655,468937,3282,5935
459797,466860,468947,2087,7063
459608,462400,468963,6563,2792
459683,465827,468973,3146,6144
459640,462995,469005,6010,3355
459783,466463,469015,2552,6680
459705,466663,469028,2365,6958
459700,464993,469054,4061,5293
459685,464981,469055,4074,5296
459839,466973,469079,2106,7134
459616,462788,469084,6296,3172
459735,466123,469088,2965,6388
459805,468614,469091,477,8809
459585,463318,469115,5797,3733
459725,465839,469122,3283,6114
459663,465828,469125,3297,6165
459730,466230,469142,2912,6500
459755,465298,469151,3853,5543
459716,466220,469203,2983,6504
459811,466860,469274,2414,7049
459748,466128,469282,3154,6380
459789,466668,469319,2651,6879
459714,466285,469343,3058,6571
459711,465839,469346,3507,6128
459749,466133,469351,3218,6384
459761,466230,469357,3127,6469
459747,466225,469366,3141,6478
459802,466673,469368,2695,6871
459723,466977,469370,2393,7254
459825,466906,469400,2494,7081
459704,466658,469408,2750,6954
459681,466522,469414,2892,6841
459722,466973,469430,2457,7251
459782,466437,469432,2995,6655
459847,468596,469442,846,8749
459799,468580,469443,863,8781
459841,468591,469465,874,8750
459701,466280,469470,3190,6579
459657,463685,469542,5857,4028
459779,467005,469546,2541,7226
459652,465476,469557,4081,5824
459731,466860,469557,2697,7129
459742,466755,469699,2944,7013
459762,467428,469712,2284,7666
459738,466706,469737,3031,6968
459696,465827,469744,3917,6131
459774,466658,469750,3092,6884
459759,466973,469771,2798,7214
459773,467428,469786,2358,7655
459737,466982,469833,2851,7245
459715,466290,469835,3545,6575
459763,467428,469841,2413,7665
459776,467467,469880,2413,7691
459803,467866,469926,2060,8063
459739,466711,469949,3238,6972
459791,467629,469995,2366,7838
459830,467871,470000,2129,8041
459702,466215,470072,3857,6513
459756,467670,470079,2409,7914
459770,467675,470083,2408,7905
459752,466716,470083,3367,6964
459765,466992,470162,3170,7227
459777,467467,470178,2711,7690
459751,466987,470221,3234,7236
459785,468526,470260,1734,8741
459806,467670,470278,2608,7864
459726,464696,470337,5641,4970
459775,466663,470349,3686,6888
459786,467466,470363,2897,7680
459819,468626,470383,1757,8807
459846,468591,470398,1807,8745
459733,467670,470453,2783,7937
459827,468000,470525,2525,8173
459744,466906,470549,3643,7162
459842,468736,470603,1867,8894
459712,466215,470630,4415,6503
459818,468621,470632,2011,8803
459848,468751,470656,1905,8903
459732,467670,470682,3012,7938
459691,466603,470722,4119,6912
459794,468294,470729,2435,8500
459834,468741,470749,2008,8907
459792,467630,470780,3150,7838
459675,465827,470798,4971,6152
459780,468289,470818,2529,8509
459807,467675,470829,3154,7868
459831,467876,470877,3001,8045
459844,467884,470924,3040,8040
459835,468746,470959,2213,8911
459821,468736,470988,2252,8915
459771,467680,471094,3414,7909
459828,468731,471129,2398,8903
459814,468727,471171,2444,8913
459800,468722,471287,2565,8922
459823,468308,471512,3204,8485
459832,468585,471520,2935,8753
459837,469164,471530,2366,9327
459767,468259,471567,3308,8492
459809,468298,471575,3277,8489
459836,469164,471582,2418,9328
459851,469246,471661,2415,9395
459822,468303,471665,3362,8481
459717,466225,471679,5454,6508
459850,469246,471774,2528,9396
459840,468006,471973,3967,8166
459659,464029,472809,8780,4370
459743,467629,473204,5575,7886
459710,465834,474243,8409,6124
459826,467995,474965,6970,8169
459662,465822,475295,9473,6160
481668,481669,481670,1,1
481670,481670,481672,2,0
481672,481672,481674,2,0
481674,481674,481675,1,0
481676,481676,481677,1,0
481678,481678,481679,1,0
481680,481680,481681,1,0
481682,481682,481683,1,0
481684,481684,481685,1,0
481686,481686,481687,1,0
481687,481687,481689,2,0
481689,481689,481690,1,0
481885,481885,481887,2,0
481887,481887,481889,2,0
481889,481889,481890,1,0
481891,481891,481892,1,0
481893,481893,481894,1,0
481895,481895,481897,2,0
481897,481897,481899,2,0
481899,481899,481901,2,0
481902,481902,481904,2,0
481904,481904,481905,1,0
481906,481906,481907,1,0
481908,481908,481909,1,0
481910,481910,481911,1,0
481912,481912,481913,1,0
481914,481914,481915,1,0
481916,481916,481918,2,0
481918,481918,481919,1,0
481920,481920,481921,1,0
481922,481922,481923,1,0
481924,481924,481926,2,0
481926,481926,481927,1,0
481928,481928,481929,1,0
481930,481930,481931,1,0
481932,481932,481934,2,0
481934,481934,481935,1,0
481935,481935,481937,2,0
481938,481938,481939,1,0
481940,481940,481941,1,0
481942,481942,481943,1,0
481944,481944,481945,1,0
481946,481946,481947,1,0
481948,481948,481950,2,0
481950,481950,481951,1,0
481951,481952,481953,1,1
481953,481953,481954,1,0
481955,481955,481956,1,0
481957,481957,481958,1,0
481959,481959,481960,1,0
481961,481961,481962,1,0
481963,481963,481964,1,0
481965,481965,481966,1,0
481967,481967,481968,1,0
481969,481969,481970,1,0
481971,481971,481972,1,0
481973,481973,481975,2,0
481975,481975,481977,2,0
481977,481977,481978,1,0
481979,481979,481981,2,0
481981,481981,481982,1,0
481983,481983,481984,1,0
481985,481985,481987,2,0
481987,481987,481989,2,0
481989,481989,481991,2,0
481992,481992,481994,2,0
481994,481994,481995,1,0
481996,481996,481998,2,0
481998,481998,482000,2,0
482000,482000,482002,2,0
482002,482002,482004,2,0
482004,482004,482006,2,0
482007,482007,482009,2,0
482009,482009,482010,1,0
482011,482011,482012,1,0
482013,482013,482014,1,0
482015,482015,482016,1,0
482017,482017,482018,1,0
482019,482019,482020,1,0
482021,482021,482022,1,0
482023,482023,482024,1,0
482025,482025,482026,1,0
482027,482027,482028,1,0
482029,482029,482030,1,0
482031,482031,482032,1,0
482033,482033,482034,1,0
482035,482035,482037,2,0
482037,482037,482039,2,0
482039,482039,482041,2,0
482041,482042,482043,1,1
482044,482044,482045,1,0
482046,482046,482047,1,0
482048,482048,482049,1,0
482050,482050,482051,1,0
482052,482052,482053,1,0
482054,482054,482055,1,0
482056,482056,482057,1,0
482058,482058,482059,1,0
482060,482060,482061,1,0
482062,482062,482063,1,0
482064,482064,482066,2,0
482066,482066,482067,1,0
482068,482068,482070,2,0
482070,482070,482072,2,0
482072,482072,482074,2,0
482074,482074,482076,2,0
482077,482077,482078,1,0
482079,482079,482080,1,0
482081,482081,482082,1,0
482083,482083,482084,1,0
482085,482085,482086,1,0
482087,482087,482088,1,0
482089,482089,482090,1,0
482091,482091,482092,1,0
482093,482093,482094,1,0
482095,482095,482097,2,0
482097,482097,482099,2,0
482099,482099,482101,2,0
482102,482102,482103,1,0
482104,482104,482106,2,0
482106,482106,482107,1,0
482108,482108,482110,2,0
482110,482110,482111,1,0
482112,482112,482113,1,0
482114,482114,482116,2,0
482116,482116,482118,2,0
482118,482118,482120,2,0
482120,482120,482122,2,0
482122,482122,482124,2,0
482124,482124,482126,2,0
482126,482126,482128,2,0
482132,482132,482133,1,0
482134,482134,482135,1,0
482136,482136,482137,1,0
482138,482138,482139,1,0
482140,482140,482141,1,0
482142,482142,482143,1,0
482144,482144,482146,2,0
482146,482146,482148,2,0
482148,482148,482150,2,0
482150,482151,482153,2,1
482153,482153,482154,1,0
482155,482155,482157,2,0
482157,482157,482159,2,0
482159,482159,482160,1,0
482161,482161,482163,2,0
482163,482163,482165,2,0
482165,482165,482167,2,0
482167,482167,482169,2,0
482170,482170,482172,2,0
482172,482172,482173,1,0
482174,482174,482176,2,0
482176,482176,482177,1,0
482178,482178,482179,1,0
482180,482180,482183,3,0
482182,482182,482184,2,0
482184,482184,482186,2,0
482186,482186,482188,2,0
482188,482189,482190,1,1
482191,482191,482192,1,0
482193,482193,482195,2,0
482195,482195,482196,1,0
482197,482197,482199,2,0
482199,482199,482200,1,0
482201,482201,482202,1,0
482203,482203,482205,2,0
482205,482205,482207,2,0
482207,482207,482208,1,0
482209,482209,482211,2,0
482211,482211,482213,2,0
482216,482216,482218,2,0
482218,482218,482220,2,0
482220,482220,482223,3,0
482222,482222,482224,2,0
482224,482224,482226,2,0
482226,482226,482228,2,0
482229,482229,482230,1,0
482231,482231,482233,2,0
482233,482233,482235,2,0
482235,482235,482237,2,0
482237,482237,482238,1,0
482239,482239,482240,1,0
482241,482241,482243,2,0
482243,482243,482244,1,0
482245,482245,482246,1,0
482247,482247,482249,2,0
482249,482249,482251,2,0
482251,482251,482253,2,0
482253,482253,482254,1,0
482255,482255,482256,1,0
482257,482257,482259,2,0
482258,482258,482259,1,0
482260,482260,482262,2,0
482262,482262,482263,1,0
482264,482264,482266,2,0
482266,482266,482268,2,0
482268,482268,482270,2,0
482270,482270,482272,2,0
482272,482272,482274,2,0
482274,482274,482276,2,0
482276,482277,482278,1,1
482279,482279,482281,2,0
482281,482281,482283,2,0
482283,482283,482285,2,0
482285,482285,482287,2,0
482287,482287,482289,2,0
482289,482289,482291,2,0
482291,482291,482293,2,0
482293,482293,482295,2,0
482295,482295,482297,2,0
482297,482297,482298,1,0
482299,482299,482301,2,0
482301,482301,482302,1,0
482303,482303,482304,1,0
482304,482304,482306,2,0
482306,482306,482308,2,0
482308,482309,482310,1,1
482311,482311,482312,1,0
482313,482313,482314,1,0
482315,482316,482317,1,1
482318,482318,482319,1,0
482320,482320,482321,1,0
482322,482322,482323,1,0
482324,482324,482325,1,0
482326,482326,482328,2,0
482328,482328,482330,2,0
482330,482330,482332,2,0
482332,482332,482333,1,0
482334,482334,482335,1,0
482336,482336,482337,1,0
482339,482339,482340,1,0
482341,482341,482342,1,0
482343,482343,482344,1,0
482345,482345,482346,1,0
482347,482347,482348,1,0
482349,482349,482350,1,0
482351,482351,482352,1,0
482353,482353,482354,1,0
482355,482355,482356,1,0
482357,482357,482358,1,0
482359,482359,482360,1,0
482361,482361,482362,1,0
482363,482363,482364,1,0
482365,482365,482367,2,0
482367,482367,482369,2,0
482369,482369,482371,2,0
482371,482372,482373,1,1
482374,482374,482375,1,0
482376,482376,482377,1,0
482378,482378,482379,1,0
482380,482380,482381,1,0
482382,482382,482383,1,0
482384,482384,482386,2,0
482386,482386,482388,2,0
482387,482387,482389,2,0
482389,482390,482391,1,1
482392,482392,482394,2,0
482394,482394,482396,2,0
482396,482396,482398,2,0
482398,482398,482399,1,0
482400,482400,482402,2,0
482402,482402,482404,2,0
482404,482404,482406,2,0
482406,482406,482408,2,0
482409,482409,482410,1,0
482411,482411,482413,2,0
482413,482413,482414,1,0
482415,482415,482416,1,0
482416,482416,482418,2,0
482418,482418,482419,1,0
482420,482420,482421,1,0
482420,482420,482422,2,0
482423,482423,482424,1,0
482425,482425,482426,1,0
482427,482427,482428,1,0
482429,482429,482430,1,0
482430,482430,482432,2,0
482432,482433,482434,1,1
482435,482435,482436,1,0
482437,482437,482438,1,0
482439,482439,482440,1,0
482441,482441,482443,2,0
482443,482443,482444,1,0
482445,482445,482446,1,0
482447,482447,482448,1,0
482449,482449,482450,1,0
482451,482451,482453,2,0
482453,482453,482455,2,0
482455,482455,482457,2,0
482457,482457,482459,2,0
482460,482460,482461,1,0
482462,482462,482463,1,0
482464,482464,482465,1,0
482466,482466,482468,2,0
482468,482468,482469,1,0
482470,482470,482472,2,0
482472,482472,482474,2,0
482474,482474,482476,2,0
482476,482476,482478,2,0
482478,482478,482480,2,0
482480,482480,482483,3,0
482483,482483,482484,1,0
482485,482485,482487,2,0
482487,482487,482489,2,0
482489,482489,482491,2,0
482491,482491,482493,2,0
482493,482493,482495,2,0
482495,482495,482497,2,0
482497,482497,482499,2,0
482499,482499,482501,2,0
482501,482501,482503,2,0
482504,482504,482505,1,0
482506,482506,482508,2,0
482508,482508,482509,1,0
482510,482510,482512,2,0
482512,482512,482513,1,0
482514,482514,482515,1,0
482516,482516,482517,1,0
482518,482518,482519,1,0
482520,482520,482521,1,0
482522,482522,482523,1,0
482524,482524,482525,1,0
482526,482526,482528,2,0
482528,482528,482530,2,0
482531,482531,482532,1,0
482533,482533,482534,1,0
482535,482535,482536,1,0
482537,482537,482538,1,0
482539,482539,482540,1,0
482541,482541,482543,2,0
482543,482543,482544,1,0
482545,482545,482546,1,0
482547,482547,482548,1,0
482549,482549,482550,1,0
482551,482551,482553,2,0
482553,482553,482555,2,0
482555,482555,482557,2,0
482557,482558,482559,1,1
482560,482560,482561,1,0
482562,482562,482563,1,0
482564,482564,482565,1,0
482566,482566,482567,1,0
482568,482568,482569,1,0
482570,482570,482571,1,0
482572,482572,482573,1,0
482574,482574,482576,2,0
482576,482576,482578,2,0
482578,482578,482580,2,0
482580,482580,482581,1,0
482582,482582,482584,2,0
482584,482584,482586,2,0
482586,482586,482588,2,0
482589,482589,482590,1,0
482591,482591,482592,1,0
482593,482593,482595,2,0
482594,482595,482596,1,1
482597,482597,482599,2,0
482599,482599,482600,1,0
482601,482601,482603,2,0
482603,482603,482604,1,0
482605,482605,482607,2,0
482607,482607,482609,2,0
482609,482609,482611,2,0
482612,482612,482613,1,0
482614,482614,482615,1,0
482616,482616,482617,1,0
482618,482618,482619,1,0
482620,482620,482621,1,0
482622,482622,482623,1,0
482624,482624,482625,1,0
482626,482626,482627,1,0
482628,482628,482629,1,0
482630,482630,482631,1,0
482632,482632,482633,1,0
482634,482634,482635,1,0
482636,482636,482638,2,0
482638,482638,482639,1,0
482640,482640,482642,2,0
482642,482642,482644,2,0
482644,482644,482646,2,0
482646,482646,482648,2,0
482649,482649,482650,1,0
482651,482651,482652,1,0
482653,482653,482654,1,0
482655,482655,482656,1,0
482657,482657,482658,1,0
482659,482659,482660,1,0
482661,482661,482662,1,0
482663,482663,482664,1,0
482665,482665,482667,2,0
482667,482667,482668,1,0
482669,482669,482671,2,0
482671,482671,482673,2,0
482673,482673,482674,1,0
482675,482675,482677,2,0
482677,482678,482679,1,1
482680,482680,482682,2,0
482682,482682,482683,1,0
482684,482684,482685,1,0
482686,482686,482688,2,0
482688,482688,482689,1,0
482690,482690,482692,2,0
482692,482692,482694,2,0
482694,482694,482696,2,0
482696,482696,482698,2,0
482698,482698,482700,2,0
482700,482701,482702,1,1
482703,482703,482704,1,0
482705,482705,482707,2,0
482707,482707,482708,1,0
482709,482709,482711,2,0
482711,482711,482713,2,0
482713,482713,482715,2,0
482715,482715,482716,1,0
482717,482717,482719,2,0
482719,482719,482721,2,0
482722,482722,482724,2,0
482724,482724,482725,1,0
482726,482726,482728,2,0
482728,482728,482729,1,0
482730,482730,482732,2,0
482732,482732,482734,2,0
482734,482734,482735,1,0
482736,482736,482738,2,0
482738,482738,482740,2,0
482741,482741,482742,1,0
482743,482743,482744,1,0
482745,482745,482746,1,0
482747,482747,482748,1,0
482749,482749,482750,1,0
482751,482751,482753,2,0
482753,482753,482755,2,0
482756,482756,482757,1,0
482758,482758,482759,1,0
482760,482760,482761,1,0
482762,482762,482763,1,0
482764,482764,482765,1,0
486632,486632,486634,2,0
486634,486634,486636,2,0
486636,486636,486637,1,0
486638,486638,486640,2,0
486640,486640,486642,2,0
486642,486642,486643,1,0
486644,486644,486645,1,0
486646,486646,486647,1,0
486648,486648,486650,2,0
486650,486650,486651,1,0
486652,486652,486654,2,0
486653,486653,486655,2,0
486655,486655,486656,1,0
486657,486657,486658,1,0
486659,486659,486661,2,0
486661,486661,486663,2,0
486663,486664,486665,1,1
486666,486666,486668,2,0
486668,486668,486669,1,0
486669,486669,486671,2,0
486671,486671,486672,1,0
486673,486673,486674,1,0
486675,486675,486677,2,0
486677,486677,486678,1,0
486679,486679,486680,1,0
486681,486681,486683,2,0
486683,486683,486684,1,0
486685,486685,486686,1,0
486687,486687,486689,2,0
486689,486689,486692,3,0
486692,486692,486693,1,0
486694,486694,486695,1,0
486696,486696,486698,2,0
486698,486698,486700,2,0
486700,486700,486701,1,0
486702,486702,486704,2,0
486704,486704,486705,1,0
486706,486706,486708,2,0
486708,486708,486709,1,0
486710,486710,486712,2,0
486712,486712,486713,1,0
486714,486714,486716,2,0
486716,486716,486717,1,0
486718,486718,486720,2,0
486720,486720,486721,1,0
486722,486722,486724,2,0
486724,486724,486725,1,0
486726,486726,486727,1,0
486728,486728,486729,1,0
486730,486730,486731,1,0
486732,486732,486733,1,0
486734,486734,486735,1,0
486735,486735,486737,2,0
486737,486737,486738,1,0
486739,486739,486740,1,0
486741,486741,486743,2,0
486743,486743,486744,1,0
486745,486745,486747,2,0
486747,486747,486749,2,0
486749,486749,486751,2,0
486751,486751,486753,2,0
486753,486754,486755,1,1
486758,486758,486759,1,0
486760,486760,486761,1,0
486762,486762,486763,1,0
486764,486764,486765,1,0
486766,486766,486767,1,0
486768,486768,486769,1,0
486770,486770,486772,2,0
486772,486772,486773,1,0
486774,486774,486776,2,0
486776,486776,486778,2,0
486778,486778,486780,2,0
486780,486780,486782,2,0
486782,486782,486784,2,0
486784,486784,486786,2,0
486786,486787,486789,2,1
486789,486789,486791,2,0
486791,486791,486793,2,0
486794,486794,486796,2,0
486796,486796,486798,2,0
486798,486798,486800,2,0
486800,486800,486803,3,0
486803,486803,486805,2,0
486805,486805,486807,2,0
486807,486807,486810,3,0
486810,486810,486812,2,0
486812,486812,486814,2,0
486814,486814,486816,2,0
486817,486817,486819,2,0
486819,486819,486820,1,0
486821,486821,486823,2,0
486824,486824,486826,2,0
486826,486826,486827,1,0
486828,486828,486829,1,0
486830,486831,486833,2,1
486833,486833,486834,1,0
486835,486835,486836,1,0
486838,486838,486839,1,0
486840,486840,486841,1,0
486843,486843,486844,1,0
486845,486845,486846,1,0
486847,486847,486848,1,0
486850,486850,486851,1,0
486852,486852,486853,1,0
486854,486855,486856,1,1
486857,486857,486858,1,0
486859,486859,486860,1,0
486861,486862,486863,1,1
486864,486864,486865,1,0
486866,486866,486867,1,0
486869,486869,486870,1,0
486871,486871,486872,1,0
486873,486873,486874,1,0
486876,486876,486877,1,0
486878,486878,486879,1,0
486880,486880,486881,1,0
486882,486883,486884,1,1
486885,486885,486886,1,0
486887,486887,486888,1,0
486890,486890,486891,1,0
486892,486892,486893,1,0
486894,486894,486895,1,0
486897,486897,486898,1,0
486899,486899,486900,1,0
486901,486901,486903,2,0
486904,486904,486905,1,0
486906,486906,486907,1,0
486908,486908,486909,1,0
486910,486910,486913,3,0
486913,486913,486914,1,0
486915,486915,486917,2,0
486917,486917,486919,2,0
486920,486920,486922,2,0
486922,486922,486923,1,0
486924,486924,486926,2,0
486926,486927,486928,1,1
486929,486929,486931,2,0
486931,486931,486933,2,0
486933,486933,486936,3,0
486936,486936,486938,2,0
486938,486938,486940,2,0
486940,486940,486942,2,0
486943,486943,486945,2,0
486945,486945,486946,1,0
486947,486947,486948,1,0
486950,486950,486951,1,0
486952,486952,486953,1,0
486954,486954,486955,1,0
486956,486956,486958,2,0
486959,486959,486960,1,0
486961,486961,486962,1,0
486963,486963,486965,2,0
486966,486966,486967,1,0
486968,486968,486969,1,0
486970,486970,486972,2,0
486972,486973,486974,1,1
486975,486975,486976,1,0
486977,486977,486978,1,0
486979,486980,486981,1,1
486982,486982,486983,1,0
486984,486984,486985,1,0
486986,486986,486988,2,0
486989,486989,486990,1,0
486991,486991,486993,2,0
486994,486994,486995,1,0
486996,486996,486997,1,0
486998,486998,486999,1,0
487001,487001,487002,1,0
487003,487003,487004,1,0
487005,487005,487006,1,0
487007,487008,487009,1,1
487010,487010,487011,1,0
487012,487012,487013,1,0
487014,487014,487016,2,0
487017,487017,487018,1,0
487019,487019,487020,1,0
487022,487022,487023,1,0
487025,487025,487027,2,0
487030,487030,487032,2,0
487032,487032,487033,1,0
487034,487034,487035,1,0
487036,487036,487039,3,0
487039,487039,487040,1,0
487041,487041,487042,1,0
487043,487043,487046,3,0
487046,487046,487047,1,0
487048,487048,487050,2,0
487050,487050,487053,3,0
487053,487053,487055,2,0
487055,487055,487057,2,0
487057,487057,487059,2,0
487060,487060,487062,2,0
487062,487062,487064,2,0
487064,487064,487066,2,0
487067,487067,487069,2,0
487069,487069,487070,1,0
487071,487071,487074,3,0
487074,487074,487075,1,0
487076,487076,487078,2,0
487078,487078,487080,2,0
487081,487081,487082,1,0
487083,487083,487085,2,0
487085,487085,487087,2,0
487087,487087,487089,2,0
487090,487090,487092,2,0
487092,487092,487093,1,0
487094,487094,487096,2,0
487097,487097,487099,2,0
487099,487099,487100,1,0
487101,487101,487102,1,0
487104,487104,487106,2,0
487106,487106,487107,1,0
487108,487108,487110,2,0
487110,487110,487111,1,0
487113,487113,487115,2,0
487115,487115,487116,1,0
487117,487117,487119,2,0
487120,487120,487121,1,0
487122,487122,487124,2,0
487124,487124,487125,1,0
487126,487126,487129,3,0
487129,487129,487130,1,0
487131,487131,487132,1,0
487133,487133,487135,2,0
487136,487136,487137,1,0
487138,487138,487139,1,0
487140,487140,487141,1,0
487142,487143,487144,1,1
487145,487145,487147,2,0
487147,487147,487148,1,0
487149,487149,487151,2,0
487152,487152,487154,2,0
487154,487154,487156,2,0
487156,487156,487159,3,0
487159,487159,487161,2,0
487161,487161,487163,2,0
487163,487163,487165,2,0
487166,487166,487168,2,0
487168,487168,487170,2,0
487170,487170,487172,2,0
487173,487173,487175,2,0
487175,487175,487177,2,0
487177,487177,487179,2,0
487179,487180,487182,2,1
487182,487182,487184,2,0
487184,487184,487186,2,0
487186,487186,487189,3,0
487189,487189,487191,2,0
487191,487191,487193,2,0
487193,487194,487195,1,1
487196,487196,487198,2,0
487198,487198,487200,2,0
487200,487200,487203,3,0
487203,487203,487205,2,0
487205,487205,487207,2,0
487207,487207,487210,3,0
487210,487210,487211,1,0
487210,487210,487212,2,0
487213,487213,487214,1,0
487215,487215,487216,1,0
487217,487217,487219,2,0
487220,487220,487221,1,0
487222,487222,487223,1,0
487224,487224,487226,2,0
487227,487227,487228,1,0
487229,487229,487230,1,0
487231,487231,487233,2,0
487234,487234,487235,1,0
487236,487236,487237,1,0
487238,487238,487240,2,0
487241,487241,487242,1,0
487243,487243,487244,1,0
487245,487245,487246,1,0
487247,487248,487249,1,1
487250,487250,487251,1,0
487252,487252,487253,1,0
487254,487254,487256,2,0
487257,487257,487258,1,0
487259,487259,487260,1,0
487261,487261,487263,2,0
487264,487264,487265,1,0
487266,487266,487267,1,0
487268,487268,487270,2,0
487271,487271,487272,1,0
487273,487273,487274,1,0
487275,487275,487277,2,0
487278,487278,487279,1,0
487280,487280,487281,1,0
487282,487282,487284,2,0
487285,487285,487286,1,0
487287,487287,487288,1,0
487289,487289,487291,2,0
487292,487292,487293,1,0
487294,487294,487295,1,0
487296,487296,487297,1,0
487298,487299,487300,1,1
487301,487301,487302,1,0
487303,487303,487304,1,0
487305,487305,487307,2,0
487308,487308,487309,1,0
487310,487310,487311,1,0
487312,487312,487314,2,0
487315,487315,487316,1,0
487317,487317,487318,1,0
487319,487319,487320,1,0
487321,487321,487323,2,0
487324,487324,487325,1,0
487326,487326,487327,1,0
487328,487328,487330,2,0
487331,487331,487332,1,0
487333,487333,487334,1,0
487335,487335,487336,1,0
487337,487337,487339,2,0
487340,487340,487341,1,0
487342,487342,487344,2,0
487344,487344,487346,2,0
487347,487347,487349,2,0
487349,487349,487350,1,0
487351,487351,487353,2,0
487354,487354,487355,1,0
487356,487356,487357,1,0
487358,487358,487360,2,0
487361,487361,487362,1,0
487363,487363,487364,1,0
487365,487365,487366,1,0
487367,487367,487369,2,0
487370,487370,487371,1,0
487372,487372,487373,1,0
487374,487374,487376,2,0
487377,487377,487378,1,0
487379,487379,487380,1,0
487381,487381,487383,2,0
487384,487384,487386,2,0
487386,487386,487387,1,0
487388,487388,487391,3,0
487391,487391,487392,1,0
487393,487393,487394,1,0
487395,487395,487398,3,0
487398,487398,487399,1,0
487400,487400,487401,1,0
487402,487402,487405,3,0
487405,487405,487406,1,0
487407,487407,487409,2,0
487409,487409,487411,2,0
487412,487412,487414,2,0
487414,487414,487416,2,0
487416,487417,487418,1,1
487419,487419,487420,1,0
487421,487421,487423,2,0
487424,487424,487425,1,0
487426,487426,487427,1,0
487428,487428,487430,2,0
487431,487431,487432,1,0
487433,487433,487435,2,0
487435,487435,487437,2,0
487438,487438,487439,1,0
487440,487440,487442,2,0
487442,487442,487444,2,0
487445,487445,487446,1,0
487447,487447,487449,2,0
487449,487449,487452,3,0
487452,487452,487453,1,0
487454,487454,487456,2,0
487457,487457,487458,1,0
487459,487459,487460,1,0
487461,487461,487462,1,0
487464,487464,487465,1,0
487466,487466,487467,1,0
487468,487468,487469,1,0
487471,487471,487472,1,0
487473,487473,487474,1,0
487475,487475,487476,1,0
487477,487478,487479,1,1
487480,487480,487481,1,0
487482,487482,487484,2,0
487484,487484,487486,2,0
487487,487487,487488,1,0
487489,487489,487490,1,0
487491,487491,487493,2,0
487494,487494,487496,2,0
487496,487496,487498,2,0
487498,487498,487500,2,0
487501,487501,487503,2,0
487503,487503,487505,2,0
487505,487505,487506,1,0
487508,487508,487509,1,0
487510,487510,487511,1,0
487512,487512,487514,2,0
487515,487515,487516,1,0
487517,487517,487518,1,0
487519,487519,487521,2,0
487521,487521,487523,2,0
487524,487524,487525,1,0
487526,487526,487527,1,0
487528,487528,487530,2,0
487531,487531,487532,1,0
487533,487533,487534,1,0
487535,487535,487537,2,0
487538,487538,487539,1,0
487540,487540,487541,1,0
487542,487542,487544,2,0
487545,487545,487546,1,0
487547,487547,487548,1,0
487549,487549,487550,1,0
487552,487552,487553,1,0
487554,487554,487555,1,0
487556,487556,487558,2,0
487559,487559,487560,1,0
487561,487561,487562,1,0
487563,487563,487564,1,0
487566,487566,487567,1,0
487568,487568,487570,2,0
487570,487570,487572,2,0
487573,487573,487574,1,0
487575,487575,487576,1,0
487577,487577,487579,2,0
487580,487580,487582,2,0
487582,487582,487584,2,0
487584,487584,487586,2,0
487587,487587,487589,2,0
487589,487589,487591,2,0
487591,487591,487593,2,0
487594,487594,487596,2,0
